151
0 0 0 0 0 0 0 384 104 22 44 65 127 2 9 3 16 10 36 5 0 11 0 0 0 0 0 49 841 441 116 67 643 136 126 455 1600 514 30 24 0 0 0 0 7 0 1229 8 3 0 0 0 8 12 0 8 0 11 0 0 1351 25 1 0 0 0 0 0 0 0 0 0 0 6 10 0 5 4 1 5 0 0 0 0 0 0 0 0 0 0 0 7 2 63 0 39 0 0 0 3 0 0 0 0 0 0 0 0 0 0 0 56 0 0 18 0 5 0 0 0 0 0 0 0 0 57 0 0 6 0 323 277 145 0 279 288 312 0 0 8 4 0 6 13 0 13 12 12 0 11 0
0 0 0 0 0 0 3 350 737 2079 54 2146 981 579 8 6 12 8 28 4 0 8 0 0 0 0 0 39 778 407 106 63 595 121 118 420 1502 485 27 23 9 5 4 0 6 0 968 0 3 0 0 0 8 10 0 7 9 10 9 0 1017 23 1 0 0 0 0 0 0 0 0 0 0 5 7 0 0 1 0 3 0 0 0 0 1 0 0 0 0 0 0 6 2 53 0 35 0 0 0 2 0 0 0 0 0 0 0 0 0 0 0 72 0 0 21 23 22 12 0 0 0 0 0 0 0 43 0 0 8 0 248 212 111 0 216 222 239 0 0 4 0 0 1 10 0 9 9 10 0 14 0
0 0 0 0 0 0 0 8 13 20 15 35 9 0 477 1 2 1 4 1 0 2 0 0 0 0 0 7 345 180 47 29 261 48 53 186 874 978 4 5 0 0 0 0 2 0 133 2 2 0 0 0 4 5 2 4 0 5 0 0 170 13 0 0 0 0 0 0 0 0 0 0 0 2 2 1 2 1 801 2 0 0 0 0 0 0 0 0 0 0 0 2 1 9 0 5 0 0 0 0 0 0 0 0 0 0 0 0 0 0 0 26 0 0 3 7 6 1 0 0 0 0 0 0 0 6 0 0 5 0 33 28 15 0 32 31 31 0 0 0 0 0 0 1 0 0 0 7 1 0 0
0 0 0 0 0 0 2 0 0 0 30 24 0 0 7 4 10 6 21 3 0 6 0 0 0 0 0 32 438 230 64 34 2593 74 66 237 845 277 21 20 9 5 3 0 5 0 752 6 4 0 0 0 10 11 0 8 11 11 10 0 785 15 0 0 0 0 0 0 0 1 1 0 0 4 6 2 4 3 1 4 0 0 0 0 0 0 0 0 762 0 0 5 4 35 0 12 0 0 0 2 0 0 0 0 0 0 0 0 0 0 0 55 0 0 16 22 17 0 0 0 0 0 0 0 0 33 0 0 10 2 189 162 85 0 163 169 183 0 0 5 2 0 3 8 0 8 8 7 1 14 0
0 0 0 0 0 1250 854 0 0 0 3 3 0 0 0 0 0 0 0 0 0 0 0 0 0 0 0 0 0 0 0 0 0 0 0 11704 76 0 0 0 0 0 0 0 0 717 0 0 0 0 0 0 0 0 0 0 0 0 0 0 0 4 0 0 0 0 0 0 656 0 0 0 880 0 0 0 0 0 0 0 0 0 0 0 746 0 0 0 0 0 0 0 0 133 0 2 0 0 0 0 0 0 0 0 0 0 0 0 0 0 0 0 0 0 0 0 0 0 0 0 0 0 0 0 0 0 0 0 0 0 0 0 0 0 0 0 0 0 0 0 0 0 0 0 0 0 0 0 0 0 0
7 0 5 0 0 0 0 0 0 0 0 0 0 0 0 0 0 0 1 0 0 0 0 0 0 0 0 0 6 3 1 1 0 1 1 3 0 0 0 0 0 16 2 0 0 0 0 0 0 0 0 0 0 0 0 0 0 0 0 0 0 0 0 0 0 0 0 0 0 0 0 0 0 0 0 0 0 0 0 0 0 0 0 0 0 0 0 0 0 0 0 0 0 2 0 0 0 0 0 0 0 0 0 0 0 0 0 0 0 0 0 0 0 0 0 0 0 0 0 0 0 0 0 0 0 0 0 0 0 0 0 0 0 0 2 0 0 0 0 0 0 0 0 0 0 0 0 0 9 0 0
14 0 13 0 0 4 0 6325 1393 6377 100 6522 2433 2185 0 4 2 7 10 7 0 2 0 3 0 2 3 6 90 48 15 10 65 13 16 48 172 118 2 681 0 42 5 0 0 0 0 2 5 7 2 0 0 8 4 6 46 8 40 0 39 5 0 0 0 0 0 0 0 0 0 0 0 0 0 0 1 0 89 1 0 0 0 0 0 0 0 0 0 0 0 2 0 4945 0 9 0 0 0 0 0 0 0 0 7 0 0 0 0 0 0 0 0 0 3 0 6 1 0 0 0 0 0 0 0 2 0 0 0 0 13 11 6 0 13 13 12 0 0 0 0 0 0 0 0 0 0 4 6 0 0
0 0 0 0 0 0 0 0 0 0 2 2 0 15 0 1 0 0 0 0 0 0 0 0 0 0 0 0 14319 0 0 0 0 0 0 0 0 0 0 0 0 0 143 0 0 0 0 0 0 0 0 0 0 0 0 0 0 0 0 0 0 12 13160 0 0 0 0 0 0 0 0 0 0 0 0 0 0 0 0 0 0 0 0 0 0 0 0 0 0 0 0 0 0 20 0 2 0 0 0 0 0 0 0 0 0 0 0 0 0 0 0 0 0 0 0 0 0 0 0 0 0 0 0 0 0 0 0 0 0 0 0 0 0 0 0 0 0 0 0 0 0 0 0 0 0 0 0 0 0 0 0
0 0 0 0 0 16 0 0 0 0 2 0 0 0 0 0 0 1 0 0 0 0 0 2 1 0 0 0 0 308 0 0 0 0 0 0 0 0 0 0 0 0 0 0 0 0 0 0 0 0 0 0 0 0 0 0 0 0 0 0 1 64 0 0 0 0 0 0 0 0 0 0 0 0 0 0 0 0 0 0 0 0 0 0 0 0 0 0 0 0 0 0 0 93 0 1 0 0 0 0 0 0 0 0 2 0 0 0 0 0 0 0 0 0 75 0 0 0 0 0 0 0 0 0 0 0 0 0 0 0 0 0 0 0 0 0 0 0 0 0 0 0 0 0 0 0 0 0 0 0 0
0 0 0 0 0 0 0 0 0 0 43 39 0 0 0 7 17 0 0 0 0 11 0 0 0 0 0 11 33 19 1488 0 0 0 12 0 0 0 0 47 13 12 1 0 2 0 0 11 3 0 0 0 8 15 0 10 13 14 13 0 4 21 1 0 0 0 0 0 0 1 1 0 0 0 11 0 8 5 2 9 0 0 0 0 0 0 0 0 0 0 0 12 0 135 0 5 0 0 0 4 0 0 0 0 0 0 0 0 0 0 0 79 0 0 23 3 27 0 0 0 0 0 0 0 0 15 0 0 12 0 338 290 152 0 291 302 328 3 4 10 7 5 9 14 0 14 14 10 0 22 0
0 0 0 0 0 0 0 0 0 0 0 2 0 0 0 0 1 5 8 0 0 0 1 0 0 0 0 4 2 0 0 379 0 0 0 0 0 0 0 0 5 0 0 0 21 116 42 0 0 0 0 0 0 1 0 0 1 1 1 0 65 1 0 0 0 0 0 404 0 0 0 0 0 0 1 0 1 0 0 1 0 0 0 0 0 0 0 0 0 0 0 0 0 99 0 1 0 0 0 0 0 0 0 0 0 0 0 0 0 0 0 0 0 0 0 0 1 0 0 0 0 0 0 0 0 0 0 0 0 0 11 8 4 0 12 11 8 0 0 0 0 0 0 0 0 0 0 0 131 0 0
0 0 0 0 0 0 0 0 48 0 0 0 0 1145 0 0 1 2 4 0 0 0 0 0 0 0 0 2 6 0 1 0 0 0 1 0 0 0 0 3 0 0 0 0 3 0 76 0 0 0 0 0 0 1 0 1 1 1 1 0 116 1 0 0 0 0 0 0 0 0 0 0 0 0 0 0 0 0 0 0 0 0 0 0 0 0 0 0 0 0 0 0 0 0 0 3 0 0 0 0 0 0 0 0 0 0 0 0 0 0 0 0 0 0 0 0 1 0 0 0 0 0 0 0 0 1 0 0 0 0 20 16 8 0 22 20 17 0 0 0 0 0 0 0 0 0 0 0 2 0 0
0 0 0 0 0 1 0 90 71 0 157 154 0 0 0 18 0 0 0 0 0 0 0 0 0 0 0 0 672 349 82 58 462 23869 102 312 1537 335 0 0 0 0 0 0 1 5843 0 0 0 0 0 0 0 0 0 0 0 0 0 0 121 267 5 0 13 0 12 0 0 0 0 0 0 5276 0 0 0 0 0 0 0 0 0 0 0 0 0 0 27 0 0 0 14 16 0 44 0 0 0 0 0 0 0 0 1 0 0 0 0 0 0 45 0 0 9 6 6 0 0 0 0 0 0 14 0 0 0 0 4 0 0 0 0 0 0 0 0 0 0 0 0 0 0 0 0 0 0 0 2 12 0
0 0 0 0 0 0 0 0 0 1 0 0 0 0 0 1 0 0 0 0 0 6 0 0 0 0 0 1 0 0 0 0 0 0 0 1 0 0 0 0 0 0 0 0 0 0 0 0 0 0 0 0 0 0 0 0 0 0 0 0 0 6 6 0 0 2 1 0 0 0 0 0 0 0 0 0 0 0 0 0 0 0 0 0 0 0 0 0 0 0 0 0 0 20 0 0 0 0 0 0 0 0 0 0 0 0 0 0 0 0 0 0 0 0 0 0 0 0 0 0 0 0 0 0 0 0 0 0 0 0 0 0 0 0 3 1 0 0 0 0 0 0 0 0 0 0 0 1 0 0 0
0 0 0 0 0 2268 1338 72 11072 494 34 545 26 91 0 188 259 17 25 2 0 31 28 0 6 20 348 403 63 303 48 9727 50 31 42 0 0 0 8304 75 23 16 104 7845 9282 1457 27 21 16 53 19 0 752 59 52 22 2412 34 39 0 0 36 27 0 110 101 116 1012 831 103 31 0 1583 16 159 0 17 14 89 21 0 0 0 0 0 191 0 0 0 0 0 18 9 15406 0 31 0 0 0 0 0 0 0 0 6 38 0 0 114 0 0 0 0 0 53 0 3 1 0 0 0 0 0 0 0 329 0 0 0 30 263 220 118 0 243 242 243 0 0 173 137 0 0 21 0 18 15 0 420 8 0
0 0 0 0 0 0 0 0 0 0 3 2 0 0 0 0 0 0 0 0 0 151 0 0 0 0 0 0 0 0 0 0 0 0 0 0 0 0 153 0 1 0 0 0 1 293 0 0 0 0 0 0 0 0 0 0 0 0 1 0 5 13 0 0 0 0 0 0 0 0 0 0 0 0 0 0 0 0 0 0 0 0 0 0 0 0 0 0 0 0 0 0 0 0 0 2 0 0 0 0 0 0 0 0 0 0 0 0 0 0 0 0 0 0 0 0 0 0 0 0 0 0 0 0 0 0 0 0 0 0 0 0 0 0 0 0 0 0 0 0 0 0 0 0 0 0 0 0 0 0 0
0 0 0 0 0 0 0 0 0 0 0 0 0 0 0 0 0 0 0 0 0 0 0 0 0 0 0 3 3 2 2 0 0 1 3 2 0 0 0 0 0 0 0 0 0 0 0 0 0 0 0 0 0 0 0 0 0 0 0 0 0 0 2 0 0 0 0 0 0 0 0 0 0 0 0 0 0 0 0 0 0 0 0 0 0 0 0 10821 0 0 0 0 0 0 0 0 0 0 0 0 0 0 0 0 32 0 0 0 0 0 0 0 0 0 0 0 0 0 0 0 0 0 0 0 0 0 0 0 0 0 0 0 0 0 0 0 0 0 0 0 0 0 0 0 0 0 0 0 0 0 0
0 0 0 0 0 0 0 0 0 0 0 0 0 0 0 0 0 0 0 0 0 0 0 0 0 0 0 0 0 0 0 0 0 0 0 0 0 0 0 0 0 0 0 0 0 0 0 0 60 116 32 0 120 117 124 91 88 116 118 0 0 21 0 0 0 0 0 0 0 0 0 0 0 0 0 0 0 0 0 0 0 0 0 0 0 0 0 0 0 0 0 0 0 0 0 0 0 0 0 0 0 0 0 0 0 0 0 0 2 0 0 0 0 0 0 0 0 0 0 0 0 0 0 0 0 0 0 0 0 0 0 0 0 0 0 0 0 0 0 0 0 0 0 0 0 0 0 0 0 0 0
0 0 0 0 0 0 0 0 0 0 0 0 0 0 0 0 0 0 0 0 0 0 0 0 0 0 0 0 0 0 0 0 0 0 0 0 0 0 0 0 0 0 0 0 0 0 0 0 0 0 0 0 0 0 0 0 0 0 0 0 0 0 0 0 0 0 0 0 0 0 0 0 0 0 0 0 0 0 0 0 0 0 0 0 0 0 0 0 0 0 0 0 0 0 0 0 0 0 0 0 0 0 0 0 0 0 0 0 0 0 0 0 0 0 0 0 0 0 0 0 0 0 0 0 0 0 0 0 0 0 0 0 0 0 0 0 0 0 0 0 0 0 0 0 0 0 0 0 0 0 0
0 0 0 0 0 0 0 0 0 0 0 0 0 0 0 0 0 0 0 0 0 0 0 0 0 0 0 0 0 0 0 0 0 0 0 0 0 0 0 0 0 0 0 0 0 0 0 0 56 68 19 0 76 73 75 56 62 71 73 0 0 13 0 0 0 0 0 0 0 0 0 0 0 0 0 0 0 0 0 0 0 0 0 0 0 0 0 0 0 0 0 0 0 0 0 0 0 0 0 0 0 0 0 0 0 0 0 0 1 0 0 0 0 0 0 0 0 0 0 0 0 0 0 0 0 0 0 0 0 0 0 0 0 0 0 0 0 0 0 0 0 0 0 0 0 0 0 0 0 0 0
0 0 0 0 0 0 0 0 0 0 0 0 0 0 0 0 0 0 0 0 0 0 0 0 0 0 0 1 0 0 0 0 0 0 0 0 0 0 0 0 0 0 0 0 0 0 0 0 1359 1890 575 1937 1883 1802 1916 1351 1790 1710 1774 0 140 308 6 0 0 7 16 0 0 1 1 0 0 0 0 0 0 0 0 0 0 0 0 0 0 0 0 0 0 0 0 0 1 0 0 4 0 0 0 0 0 0 0 0 0 0 0 57 70 0 0 0 0 0 0 0 0 0 44 0 0 0 0 0 0 0 0 0 0 0 0 0 0 0 0 0 0 0 0 0 0 0 0 0 0 0 0 0 0 0 0
0 0 0 0 0 0 0 3476 0 0 0 0 1826 0 0 0 29 0 0 0 0 0 0 0 0 0 0 3 0 0 22 0 2 0 24 0 0 0 0 0 8 0 4 0 0 0 0 54 14 48 31 0 39 49 34 46 45 51 43 0 0 15 4 0 0 1 1 0 10 37 38 50 18 5351 0 0 0 0 0 78 0 0 0 0 0 0 0 0 14 0 0 0 0 5 0 42 0 0 0 0 0 0 0 0 0 27 0 0 0 0 0 0 0 0 0 0 0 0 0 0 0 0 0 0 0 0 0 0 0 0 0 0 0 0 22 5 0 0 0 7 0 0 0 45 0 39 36 0 0 0 0
0 0 0 0 0 0 0 0 0 0 0 0 0 0 0 0 3 0 0 0 0 0 0 0 0 0 0 1 0 0 20 0 0 0 3 0 0 0 0 0 0 0 0 0 0 0 0 5 0 0 0 0 0 0 0 4 0 4 2 0 0 1 0 0 0 0 0 0 0 4 161 0 0 0 0 0 0 304 0 0 0 0 0 0 0 0 0 0 0 0 0 0 0 0 0 3 0 0 0 0 0 0 0 0 0 0 0 0 0 0 0 0 0 0 0 0 0 0 0 0 0 0 0 0 0 0 0 0 0 0 1 1 1 0 3 1 0 0 0 2 1 0 1 4 0 4 4 0 0 0 0
0 0 0 0 0 0 0 0 0 0 0 0 0 0 0 0 1 0 0 0 0 0 0 0 0 0 0 0 0 0 1 0 2 0 4 0 0 0 0 0 0 0 0 0 0 0 0 6 1 0 0 0 2 2 0 3 2 3 32 0 0 0 0 0 0 0 0 0 0 5 0 0 6 0 864 0 0 0 0 0 0 0 0 0 0 0 0 0 0 0 0 0 0 0 0 1 0 0 0 0 0 0 0 0 0 0 0 0 0 0 0 0 0 0 0 0 0 0 0 0 0 0 0 0 0 0 0 0 0 0 0 0 0 0 0 0 0 0 0 0 0 0 0 0 0 0 0 0 0 0 0
0 77 0 0 0 0 0 0 0 0 0 0 0 0 0 0 1 0 0 0 0 0 0 0 0 0 0 0 0 0 2 0 0 0 2 0 0 0 0 0 0 0 0 0 0 0 0 4 0 1 0 0 0 0 0 3 0 3 2 0 0 0 0 0 0 0 0 0 0 2 2 0 0 0 0 0 528 0 0 2 0 0 0 0 0 0 0 0 0 0 0 0 0 0 0 2 0 0 0 0 0 0 0 0 0 0 0 0 0 0 0 0 0 0 0 0 0 0 0 0 0 0 0 0 0 0 0 0 0 0 0 0 0 0 2 0 0 0 0 0 0 0 0 2 0 1 1 0 0 0 0
263 161 21 54 75 0 0 25 85 169 5 183 16 108 0 80 29 37 10 3 2 170 33 0 8 0 0 3997 21 3643 1200 1 64 11 95 10 12 0 9 15 362 12 143 0 4 0 191 757 120 22 71 0 42 24 62 53 24 56 18 0 268 2431 2346 0 258 0 694 0 0 1151 0 1350 830 0 11 9 11 9 26 162 2704 0 0 0 0 0 8 37 69 33 39 54 70 18 54 95 0 0 25 29 25 25 25 0 4 460 0 0 0 0 0 0 0 0 78 0 152 93 0 0 0 0 0 0 0 41 0 0 0 0 17 13 7 5 16 14 11 11 13 22 19 15 20 27 0 26 26 14 4 2 0
71 43 4 11 23 0 0 11 30 39 7 55 7 87 0 29 9 23 4 2 1 131 26 0 7 9723 0 10531 10 5476 353 1 151 0 192 2 0 0 2 2 93 0 29 0 2 0 42 12 9 0 120 0 11 11 0 92 9 44 4 0 99 1994 1922 0 199 658 568 0 0 2994 693 0 0 0 5 4 4 6 8 20 2256 0 0 0 0 0 6 17 73 0 0 8 28 5 32 64 0 0 4 9 4 4 4 0 0 6482 0 0 0 0 0 0 0 0 0 9 43 44 0 0 0 0 0 0 0 13 0 0 0 0 5 3 2 0 7 5 1 0 0 4 0 0 2 10 0 9 9 1 4 0 0
0 0 0 0 1 0 0 0 1 0 0 0 0 0 0 0 0 0 0 0 0 0 0 0 0 0 0 0 0 0 0 0 0 0 0 0 0 0 0 0 0 0 0 0 0 0 0 0 0 0 0 0 0 0 0 0 0 0 0 0 0 0 0 0 0 0 0 0 0 0 0 0 0 0 0 0 0 0 0 0 0 0 0 0 0 0 0 0 0 0 0 0 0 0 1 0 0 0 0 0 0 0 0 0 0 0 0 0 0 0 0 0 0 0 0 0 0 0 0 0 0 0 0 0 0 0 0 0 0 0 0 0 0 0 0 0 0 0 0 0 0 0 0 0 0 0 0 0 0 0 0
0 0 0 0 0 0 0 0 0 0 0 0 0 0 0 58 0 0 0 0 0 13 0 0 0 0 0 1 0 0 0 0 0 0 5 0 0 0 0 0 0 0 0 0 0 0 0 0 0 0 0 0 0 0 0 0 0 0 0 0 0 1 14 0 0 0 0 0 0 0 0 0 0 0 0 0 0 0 0 0 0 0 0 0 0 0 0 0 0 0 0 0 0 0 0 0 0 0 0 0 0 0 0 0 0 0 0 0 0 0 0 0 0 0 0 0 0 0 0 0 0 0 0 0 0 0 0 0 0 0 0 0 0 0 0 0 0 0 0 0 0 0 0 0 0 0 0 0 0 0 0
0 0 0 0 0 0 0 0 0 0 2 0 0 0 0 249 0 0 0 0 0 49 0 0 0 0 0 3 15 0 0 0 0 0 12 0 0 0 0 1 0 0 0 0 0 0 0 0 0 0 0 0 0 0 0 1 0 1 0 0 0 9 0 0 0 0 0 0 0 0 0 0 0 0 0 0 0 0 0 0 0 0 0 0 0 0 0 0 0 0 0 1 0 0 0 1 0 0 0 0 0 0 0 0 0 0 0 0 0 0 0 89 0 0 0 0 0 0 0 0 0 0 5 0 0 0 0 0 29 20 0 0 0 0 0 0 0 0 0 0 0 0 0 0 0 0 0 35 0 0 0
0 0 0 0 0 0 0 0 0 0 0 0 0 0 0 72 0 0 0 0 0 0 0 0 0 0 0 1 37 17 0 0 9 0 31 6 0 0 0 1 0 0 0 0 0 0 0 0 0 0 0 0 0 0 0 0 0 0 0 0 0 1 0 0 0 0 0 0 0 0 0 0 0 0 0 0 0 0 0 0 0 0 0 0 0 0 0 0 0 0 0 0 0 0 0 0 0 0 0 0 0 0 0 0 0 0 0 0 0 0 0 642 0 0 0 0 0 0 0 0 0 0 18 0 0 0 0 0 85 5 0 0 0 0 0 0 0 0 0 0 0 0 0 0 0 0 0 0 0 0 0
0 0 0 0 0 0 0 0 0 0 0 1 0 0 0 17 0 0 0 0 0 4 0 0 0 0 0 0 12 6 0 0 0 0 2 0 0 0 0 0 0 0 0 0 0 0 0 0 0 0 0 0 0 0 0 0 0 0 0 0 0 1 0 0 0 0 0 0 0 0 0 0 0 0 0 0 0 0 0 0 0 0 0 0 0 0 0 0 0 0 0 0 0 0 0 0 0 0 0 0 0 0 0 0 0 0 0 0 0 0 0 0 0 0 0 0 0 0 0 0 0 0 0 0 0 0 0 0 0 0 0 0 0 0 0 0 0 0 0 0 0 0 0 0 0 0 0 0 0 0 0
0 0 0 0 0 2 0 70 120 462 4 494 0 21 0 91 0 0 1 0 0 0 3 0 0 0 0 2 193 88 0 9 0 0 34 9 276 0 0 0 0 0 1 0 0 0 0 0 38 48 14 0 12 41 0 37 0 14 47 0 0 13 0 0 0 27 25 0 0 0 0 0 0 0 0 0 0 0 0 0 0 0 0 0 0 0 0 0 0 0 0 0 0 0 0 2 0 0 0 0 0 0 0 0 0 0 0 0 0 0 0 0 0 0 0 0 0 0 0 0 0 0 0 0 0 0 0 0 0 0 0 0 0 0 0 0 0 0 0 0 0 0 0 0 0 0 0 0 0 0 0
0 0 0 0 0 0 0 42 452 3995 41 4083 0 1 0 913 0 0 0 0 0 211 0 0 0 0 1 6 277 142 32 21 188 0 65 0 424 0 0 8 0 0 0 0 0 209 0 0 1 0 0 0 0 0 0 2 0 3 2 0 0 39 1 0 0 0 1 0 0 0 0 0 0 595 3 0 1 0 0 1 0 0 0 0 0 0 0 0 0 0 0 2 0 0 0 9 0 0 0 1 0 0 0 0 0 0 0 0 0 0 0 436 0 0 1 0 0 0 0 0 0 0 13 0 0 7 0 0 88 67 0 0 0 0 1 0 0 0 0 0 0 0 0 3 0 1 0 190 10 11 0
0 0 0 0 0 0 0 0 0 0 0 0 0 0 0 9 0 0 0 0 0 0 0 0 0 0 0 0 0 0 0 0 0 0 0 0 0 0 0 0 0 0 0 0 0 0 0 0 0 0 0 0 0 0 0 0 0 0 0 0 0 0 0 0 0 0 0 0 0 0 0 0 0 0 0 0 0 0 0 0 0 0 0 0 0 0 0 0 0 0 0 0 0 0 0 0 0 0 0 0 0 0 0 0 0 0 0 0 0 0 0 0 0 0 0 0 0 0 0 0 0 0 0 0 0 0 0 0 0 0 0 0 0 0 0 0 0 0 0 0 0 0 0 0 0 0 0 0 0 0 0
0 0 0 0 0 0 0 73 125 496 6 522 0 0 10 146 0 0 0 0 0 32 0 0 0 0 0 1 124 57 0 4 0 37 25 0 209 0 0 0 0 0 0 0 0 0 0 0 0 0 0 0 0 0 0 0 0 1 0 0 0 6 0 0 0 0 0 0 0 0 0 0 0 0 0 0 0 0 74 0 0 0 0 0 0 0 0 0 0 0 0 0 0 0 0 2 0 0 0 0 0 0 0 0 0 0 0 0 0 0 0 19 0 0 0 0 0 0 0 0 0 0 1 0 0 0 0 0 11 1 0 0 0 0 0 0 0 0 0 0 0 0 0 0 0 0 0 19 0 0 0
0 0 0 0 0 13 0 2644 1859 9052 75 9232 0 517 132 587 49 1 5 1 0 87 41 0 9 0 1 11 374 95 35 754 0 0 45 0 0 0 0 6 0 10 9 0 0 48 146 0 193 249 76 207 210 254 243 181 234 229 237 43 0 56 205 0 213 189 191 0 0 0 0 0 0 31 2 0 2 0 106 2 0 0 0 0 0 0 0 0 0 0 0 2 1 0 0 8 0 0 1 1 1 1 0 0 0 0 0 0 0 0 0 332 0 0 9 0 0 0 0 0 0 0 5 0 0 6 0 0 58 43 0 0 0 0 0 0 0 0 0 1708 0 0 0 0 0 0 0 0 0 1 0
0 0 0 0 1 35 0 276 158 1892 41 1976 0 425 148 1267 40 5 13 2 0 292 118 0 25 132 254 276 1592 813 3183 13867 1104 18 278 629 3053 0 11655 4 853 27 24 737 12628 0 418 55 659 918 439 819 842 867 988 636 712 861 835 34 0 181 4 0 585 549 564 0 0 0 0 5226 0 1 15 0 19 14 377 22 0 0 0 0 0 0 0 0 0 0 0 3 13 0 0 41 0 0 1 2 1 1 0 0 0 0 0 598 14 0 0 611 0 0 14 0 1 0 0 0 0 0 15 0 0 62 0 0 123 80 0 0 0 0 4 0 0 0 0 0 0 0 0 7 0 4 2 0 0 6 0
0 0 0 0 0 5 0 46 26 308 22 346 10 113 0 0 4 1 3 0 0 109 31 0 7 0 0 6 474 119 58 982 144 147 38 82 408 0 0 0 0 7 6 0 0 322 77 1 40 42 12 20 0 46 37 31 0 39 40 0 99 23 262 0 154 145 146 0 0 0 0 0 0 33 1 0 0 0 134 0 0 0 0 0 0 0 0 0 0 0 0 1 0 0 0 4 0 0 0 1 0 0 0 0 0 0 0 0 0 0 0 72 0 0 0 0 0 0 0 0 0 0 3 0 0 6 0 0 12 8 0 0 0 0 0 0 0 0 0 0 0 0 0 0 0 0 0 87 3 0 0
0 0 0 0 0 0 0 0 0 0 18 0 0 0 0 1 0 0 0 0 0 1 0 0 0 0 0 0 4 0 0 0 4 0 6 1 0 0 2 0 0 0 1 0 0 0 0 0 0 0 0 0 0 0 0 0 0 0 0 0 0 0 0 0 0 0 0 0 0 0 0 0 0 0 0 0 0 0 0 0 0 0 0 0 0 0 0 0 0 0 0 0 0 0 0 0 0 0 0 0 0 0 0 0 0 0 0 0 0 0 0 100 0 0 0 9 15 0 0 0 0 0 4 0 0 0 0 0 10 0 0 0 0 0 0 0 0 0 0 0 0 0 0 0 0 0 0 0 0 0 0
626 0 472 0 2 229 153 1 1 0 0 2 0 2 0 0 0 0 0 0 0 0 5 33 26 0 0 10 8 8 6 17 31 2 6 7 13 0 17 1 0 1409 197 0 0 0 0 3 2 0 63 0 0 0 0 2 0 0 0 0 0 1 2 0 0 3 3 0 145 3 0 0 0 0 0 0 0 0 18 0 0 0 0 0 0 0 0 0 0 0 0 0 0 0 0 2 0 0 0 1412 0 0 0 0 0 0 0 0 0 0 0 0 0 0 0 0 0 0 0 0 0 0 0 0 0 0 0 0 0 0 0 0 0 0 0 0 0 0 0 0 0 0 0 0 0 0 0 0 5 0 0
75 0 58 0 1 0 0 2 1 0 0 2 1 2 0 12 23 4 4 4 0 0 1 3 1 0 2 5 4 3 6 0 3 1 8 2 0 0 0 10 0 0 39 0 0 0 0 3 1 0 0 0 0 1 0 4 0 2 0 0 0 3 3 0 0 2 2 0 0 11 0 0 0 0 2 0 0 0 8 4 0 0 0 0 0 0 0 0 0 0 0 3 1 6 0 4 0 0 1 3 1 1 1 0 0 0 0 0 0 0 0 0 0 0 0 0 7 0 0 0 0 0 1 0 0 7 0 0 0 0 27 30 42 13 36 32 26 30 29 30 27 24 30 37 0 38 37 0 3 0 0
1 0 4 0 0 0 0 0 0 0 0 0 0 2 0 0 0 0 0 0 0 0 1 1 0 0 0 0 1 0 0 0 0 0 1 8 0 0 0 0 0 0 0 0 0 0 0 0 0 0 0 0 0 0 0 0 0 0 0 0 0 5 0 0 0 0 0 0 0 2 0 0 0 0 0 0 0 0 0 0 0 0 0 0 0 1749 0 0 0 0 0 0 0 0 0 2 0 0 1 1 1 1 0 0 0 0 0 0 7 0 0 0 0 0 0 0 0 0 0 0 0 0 0 0 0 6 0 0 0 2 0 0 0 0 0 0 0 0 0 0 0 0 0 0 0 0 0 0 0 0 0
278 177 27 56 58 2327 1638 86 11853 199 114 292 47 116 0 1450 324 10 15 4 0 37 34 65 10 156 312 492 184 259 307 9285 799 86 1077 793 115 0 8042 131 152 54 153 0 8777 1569 427 140 32 0 428 0 351 61 73 502 0 232 0 0 441 129 122 0 135 166 168 6 1534 1643 663 432 1819 115 0 0 102 149 248 89 0 0 0 0 0 234 0 67 28 0 39 11 18 17465 0 54 0 0 0 181 0 0 0 0 1847 134 0 0 2353 0 0 82 0 0 133 6 52 9 0 0 0 0 0 0 0 34 0 13 9 0 562 457 234 522 453 448 471 418 443 747 752 564 567 388 593 554 557 84 62 1014 0
0 0 0 0 0 6093 4177 3 1 0 0 0 0 9 0 0 2 4 10 2 1 0 2 0 0 0 0 13 25 13 3 2 42 23 4 19 2 0 21 17 10 4 3 0 0 3760 189 14 39 42 12 0 0 47 47 44 19 44 36 0 107 20 14 0 11 11 12 0 3440 0 0 0 4352 0 2 0 0 0 5 0 0 0 5246 0 0 0 0 0 0 0 0 0 0 0 0 9 0 0 0 30 0 0 0 0 0 0 268 0 0 0 0 0 0 0 23 1 3 0 0 0 0 0 52 0 0 12 0 0 0 0 0 0 0 0 0 0 0 0 0 24 5 0 0 0 0 0 0 0 36 0 0
228 130 28 52 0 1024 771 28 52 175 0 153 0 215 0 0 53 15 11 2 1 3 58 0 12 7 29 216 224 98 156 14 536 0 690 108 0 171 0 121 114 52 527 0 0 0 275 52 40 19 224 0 2 40 20 335 9 151 17 0 218 90 153 0 305 286 287 0 468 1014 599 101 750 111 10 0 6 64 158 9 0 29 0 0 7 339 0 44 15 0 30 2 9 11 0 28 0 0 1 264 1 1 0 0 0 0 0 0 44 0 0 28 0 0 21 0 2 19 0 0 0 0 14 0 0 30 0 0 1 0 51 46 46 24 56 49 40 46 48 65 60 52 62 0 0 77 76 4 33 18 0
0 0 0 0 8 69 2069 35 10 675 0 0 19 25 0 69 20 28 19 18 20 481 7 0 2 0 0 33 24 29 24 35 3 11 31 13 0 0 0 265 13 65 8 0 0 0 0 13 5 11 8 0 0 0 0 16 0 15 0 154 0 22 8 0 27 36 32 0 0 20 10 0 21 0 98 12 47 95 75 73 0 148 0 0 0 0 8 11 0 0 63 37 59 12 21 63 0 0 3 1 3 3 2 0 0 0 0 0 0 0 0 6 0 0 5 0 17 0 0 0 0 171 298 0 89 149 0 349 990 0 0 0 1 0 6 0 0 0 0 0 0 0 0 3 0 3 2 454 227 32 0
0 674 0 0 0 0 0 2005 0 0 0 0 1054 0 0 0 4 0 0 0 0 0 0 0 0 0 0 4 4 0 42 0 58 1 79 0 0 0 0 0 0 0 0 0 0 0 0 0 7 49 59 1 34 52 36 73 43 54 46 0 0 11 0 0 0 0 0 0 0 108 68 0 0 3054 0 0 4645 0 0 16 0 0 0 0 0 0 0 0 0 0 0 0 2 0 0 44 0 0 0 0 0 0 0 0 0 0 0 0 0 0 0 0 0 0 0 0 4 0 0 0 0 0 1 0 0 0 0 0 0 0 4 4 2 0 7 4 2 0 2 7 4 0 2 8 0 7 6 0 0 0 0
0 0 0 0 4 0 0 2 0 0 0 0 0 103 0 2 72 0 0 0 0 0 20 0 4 0 0 0 0 0 0 0 0 0 1 0 0 0 0 0 0 0 0 0 0 0 0 0 0 0 0 0 0 0 0 0 0 0 0 0 0 0 2 0 109 0 99 0 0 1 0 0 0 0 0 0 0 0 0 0 0 0 0 0 0 0 72 0 0 0 0 0 0 0 0 0 0 0 0 0 0 0 0 0 0 0 0 0 0 0 0 0 0 0 0 0 0 0 0 0 0 0 0 0 0 0 0 0 0 0 0 0 0 0 0 0 0 0 0 0 0 0 0 0 0 0 0 0 0 0 0
84 127 0 48 36 0 0 6 10 24 5 42 2 3 0 7 65 0 4 0 0 0 2 5 0 0 33 15 4 23 3 0 0 1 2 2 0 0 0 5 3 10 8 230 0 0 0 0 556 0 234 601 648 713 702 0 724 695 676 102 58 130 6 0 7 0 8 0 0 4 0 0 0 0 0 0 0 0 0 0 0 0 0 0 786 0 0 0 0 0 0 1 0 2 0 3 0 0 0 2 0 0 0 0 0 0 0 0 0 0 0 0 0 0 0 4 7 0 0 0 0 0 27 0 0 0 0 0 0 0 46 42 22 0 43 37 32 0 140 201 154 124 77 76 19 50 54 0 5 0 0
59 88 1 73 24 0 0 4 6 26 1 27 1 1 0 17 29 0 4 0 0 0 15 76 24 0 0 4 2 12 2 0 0 1 1 1 0 0 0 5 0 0 4 0 0 0 0 0 1 0 0 0 0 0 0 0 0 0 0 0 0 2 5 0 0 0 0 0 0 0 0 0 0 0 0 0 0 0 0 0 0 0 0 0 0 0 0 0 0 0 0 1 0 0 0 1 0 0 0 0 0 0 0 0 0 0 0 0 0 0 0 0 0 0 0 89 79 142 0 0 0 0 1 0 0 0 0 0 0 0 12 8 5 0 12 10 7 7 9 21 18 87 54 54 24 37 40 0 0 0 0
3357 4868 136 2104 1299 2 6 200 320 1358 558 1419 42 72 107 77 474 9 39 15 0 15 191 330 91 372 1564 330 54 1144 103 5 54 67 127 30 0 0 0 59 48 318 59 92 0 17 6 0 138 0 88 0 71 157 110 0 180 191 177 528 28 71 40 0 4 0 9 0 27 273 121 104 0 8 0 0 0 0 0 10 0 0 0 31 49 7 0 0 0 0 0 8 53 43 10 14 0 0 0 17 0 0 0 0 0 162 0 0 0 0 0 78 21 0 961 496 847 0 0 0 0 12 295 0 0 16 0 0 27 66 301 272 168 227 253 239 242 118 1117 1012 895 852 671 499 643 382 391 35 31 53 0
0 0 0 0 0 9 3 0 2 0 0 0 0 71 0 0 3 0 16 0 0 0 17 0 2 0 0 21 43 23 19 66 0 70 16 26 0 0 28 1 4 1 4 0 12 0 565 0 95 0 47 0 0 99 42 0 82 108 62 0 635 23 11 0 101 56 94 0 0 19 39 0 0 0 0 0 0 0 5 0 0 0 0 0 0 0 0 0 0 0 0 0 1611 0 0 6 0 0 0 0 0 0 0 0 0 0 0 0 0 0 0 0 0 0 0 0 0 0 0 0 0 0 0 0 0 10 0 0 0 0 0 0 0 0 0 0 0 0 0 0 0 0 0 0 0 0 0 0 0 0 0
0 0 0 0 0 0 0 0 0 0 0 0 0 41 0 0 2 0 9 0 0 0 8 0 0 0 0 12 12 6 0 0 0 5 0 7 0 0 0 0 0 0 1 0 0 0 310 0 14 0 5 0 0 0 0 0 0 17 0 0 309 4 0 0 57 18 53 0 0 0 0 0 0 0 0 0 0 0 0 0 0 0 0 0 0 0 0 0 0 0 0 0 0 0 0 3 0 0 0 0 0 0 0 0 0 0 0 0 0 0 0 0 0 0 0 0 0 0 0 0 0 0 0 0 0 0 0 0 0 0 0 0 0 0 0 0 0 0 0 0 0 0 0 0 0 0 0 0 0 0 0
19 30 0 6 10 1 0 2 4 0 0 10 1 1 0 0 3 0 10 0 0 0 3 181 8 0 12 18 205 27 9 1 113 20 239 9 0 0 0 3 16 5 7 0 0 0 253 0 60 0 87 0 0 54 0 0 71 115 26 643 292 21 176 0 0 0 2 0 17 346 13 0 0 0 0 0 0 0 0 2 0 0 0 0 0 0 0 0 0 0 0 1 62 50 0 4 0 0 29 16 29 29 29 0 24 0 0 0 0 0 0 0 0 0 0 0 1 0 0 0 0 0 0 0 0 0 0 0 0 0 0 0 0 0 0 0 0 0 0 0 0 0 0 0 0 0 0 0 0 0 0
0 0 0 0 0 0 0 0 0 0 0 0 0 0 0 0 0 0 0 0 0 0 0 0 0 0 0 0 0 0 0 0 0 0 0 0 0 0 0 0 0 0 0 0 0 0 0 0 805 568 340 961 1022 1051 966 0 1059 989 1016 0 80 183 4 0 0 0 8 0 0 0 0 0 0 0 0 0 0 0 0 0 0 0 0 0 0 0 0 0 0 0 0 0 0 0 0 2 0 0 0 0 0 0 0 0 0 0 0 0 0 0 0 0 0 0 0 0 0 0 0 0 0 0 0 0 0 0 0 0 0 0 0 0 0 0 0 0 0 0 0 0 0 0 0 0 0 0 0 0 0 0 0
177 0 136 0 0 0 0 0 1137 0 0 0 0 201 0 0 8 0 88 0 0 0 52 0 9 0 0 112 118 68 5 0 52 73 0 69 0 0 14 0 168 405 381 754 0 0 3100 0 18 0 1 0 0 2 0 0 0 0 0 0 3428 1 1 0 286 223 262 0 0 1 0 0 0 0 0 0 0 0 0 0 0 0 0 0 17 307 0 0 0 0 0 0 7 0 0 33 0 0 0 168 0 0 0 0 0 0 0 0 0 0 0 0 0 0 0 0 0 0 0 0 0 0 0 0 0 90 0 0 0 0 0 0 0 0 2 0 0 0 0 14 6 0 0 3 0 2 1 0 0 0 0
0 0 0 0 0 0 0 0 0 0 0 0 0 0 0 0 0 0 0 0 0 0 0 0 0 0 0 2 1 0 24 0 0 0 45 0 0 0 0 0 4 0 0 0 0 0 0 0 5 0 22 0 0 0 0 0 1 0 0 0 0 1 0 0 0 0 0 0 0 0 0 0 0 0 0 0 0 0 0 0 0 0 0 0 0 0 0 0 0 0 0 0 0 0 0 0 0 0 0 0 0 0 0 0 0 0 0 0 0 0 0 0 0 0 0 0 0 0 0 0 0 0 0 0 0 0 0 0 0 0 0 0 0 0 0 0 0 0 0 0 0 0 0 0 0 0 0 0 0 0 0
9 0 10 0 0 0 0 0 95 0 0 0 0 4 0 0 0 0 3 0 0 0 0 0 0 0 0 2 1 0 0 0 0 0 0 4 0 0 0 0 19 42 39 20 0 0 20 0 28 0 13 0 0 26 0 0 43 41 0 0 36 9 0 0 0 0 5 123 0 0 0 0 0 0 0 0 0 0 0 0 0 0 0 0 0 12 0 0 0 0 0 0 0 0 0 0 0 0 0 17 0 0 0 0 0 0 0 0 0 0 0 0 0 0 0 0 0 0 0 0 0 0 0 0 0 0 0 0 0 0 0 0 0 0 0 0 0 0 0 0 0 0 0 0 0 0 0 0 38 0 0
0 0 0 0 0 0 0 0 0 0 0 0 0 0 0 0 0 0 0 0 0 0 0 0 0 0 0 0 0 0 0 0 0 0 0 0 0 0 0 0 0 0 0 0 0 0 0 0 0 0 0 0 0 0 0 0 0 0 0 0 0 0 0 0 0 0 0 0 0 0 0 0 0 0 0 0 0 0 0 0 0 0 0 0 0 0 0 0 0 0 0 0 0 0 0 0 0 0 0 0 0 0 0 0 0 0 0 0 0 0 0 0 0 0 0 0 0 0 0 0 0 0 0 0 0 0 0 0 0 0 0 0 0 0 0 0 0 0 0 0 0 0 0 0 0 0 0 0 0 0 0
0 0 0 0 83 29 0 13 0 0 0 0 0 511 1156 0 22 59 126 3 0 3 152 12 33 0 0 65 124 67 15 19 79 28 14 67 331 1097 0 6445 91 14 273 0 0 0 1457 66 66 0 7 0 0 0 0 0 0 3 0 140 0 30 7 0 729 652 663 4264 0 62 89 0 3 0 0 0 3 0 1616 15 0 8798 0 38 0 290 0 0 8 0 0 0 15 0 0 51 0 0 0 0 0 0 0 0 0 0 0 0 0 0 0 0 0 0 0 0 0 0 0 0 0 0 0 0 0 329 0 0 0 0 0 0 0 0 0 0 0 0 0 0 0 0 0 2 0 0 0 0 1689 0 0
0 0 0 0 0 0 0 0 0 0 0 0 0 0 0 0 0 0 0 0 0 0 0 1 0 0 0 0 0 0 0 0 0 0 0 0 0 0 0 0 0 0 0 0 0 0 0 0 0 0 0 0 0 0 0 0 0 0 0 0 0 0 0 0 0 0 0 0 0 0 0 0 0 0 0 0 0 0 0 0 0 0 0 0 0 0 0 0 0 0 0 0 0 0 0 0 0 0 0 0 0 0 0 0 0 0 0 0 0 0 0 0 0 0 0 0 0 0 0 0 0 0 0 0 0 0 0 0 0 0 0 0 0 0 0 0 0 0 0 0 0 0 0 0 0 0 0 0 0 0 0
0 0 0 0 0 0 0 0 0 0 0 0 0 0 0 0 0 0 0 0 0 0 1 8 1 0 0 0 0 0 0 0 0 0 0 0 0 0 0 0 0 0 0 0 0 0 0 8 0 0 0 0 0 0 0 0 0 0 0 0 0 0 0 0 0 0 0 0 0 0 0 0 0 0 0 0 0 0 0 0 0 0 0 0 0 0 0 0 0 0 0 0 0 0 0 0 0 0 0 0 0 0 0 0 0 0 0 0 0 0 0 0 0 0 0 0 0 0 0 0 0 0 0 0 0 0 0 0 0 0 0 0 0 0 0 0 0 0 0 0 0 0 0 0 0 0 0 0 0 0 0
790 6559 913 704 6726 283 476 3764 1220 547 16 476 49 6902 311 417 676 151 3 2 9 356 1893 0 401 101 196 166 70 127 420 1952 555 296 522 61 173 335 1707 32 1026 1737 2288 1057 1875 285 124 17135 6504 166 723 98 192 797 175 355 152 259 282 1987 63 120 78 0 9853 8779 8939 33 0 686 630 128 970 148 425 2134 334 256 442 154 0 0 0 0 197 882 84 101 44 27 80 49 363 376 1 123 13 0 0 990 0 0 0 67 3 157 0 0 94 0 0 0 0 0 36 6 71 0 0 0 0 0 2 0 0 520 0 66 0 13 1978 1955 1403 1220 1762 1672 1696 842 1244 2463 3024 0 230 1621 0 1509 1544 362 0 8 0
152 252 57 287 645 0 12 19 41 14 4 14 0 0 0 61 378 399 186 186 216 595 1 27 0 0 0 25 7 5 34 1 2 2 51 34 0 0 0 13 7 8 2 0 0 0 0 12 0 0 16 0 0 0 2 34 0 11 1876 0 0 4 3 0 0 0 1 0 0 70 37 0 0 0 0 0 0 0 0 0 0 0 0 0 0 0 0 3 0 0 0 1 3 28 0 89 0 0 0 6 0 0 0 0 0 0 0 0 84 0 0 0 0 0 35 3 11 0 0 0 0 0 0 0 0 0 0 0 0 0 0 0 0 0 0 0 0 0 0 0 0 0 0 0 0 0 0 109 19 0 0
0 0 0 0 0 0 1 73 0 0 13 3 0 0 0 0 54 0 0 0 0 0 63131 0 55082 712 0 3 0 3 0 0 0 0 0 0 0 0 0 0 0 0 2 0 0 0 0 341 45 31 11 27 0 0 34 20 0 32 28 70 0 8 0 0 0 0 0 0 0 16 22 0 0 0 0 0 0 0 0 0 0 0 0 0 0 0 70 0 0 0 0 0 0 0 16389 1 0 0 1 0 1 1 0 0 0 625 0 0 0 0 0 0 0 0 2 0 7 0 0 0 0 0 0 0 0 0 0 0 0 0 0 0 0 12 0 0 40 0 158 218 172 143 89 0 39 0 0 0 0 0 0
11 14 2 9 34 3 2 13 5 18 2 20 0 0 0 0 26 0 0 0 0 0 18 13 13 0 0 4 8 2 2 1 0 0 3 1 0 0 0 0 0 0 0 0 0 0 0 6 0 0 3 0 0 0 0 0 0 1 0 0 0 0 7 0 0 0 0 0 0 5 2 0 0 0 0 0 0 0 0 0 0 0 0 0 0 0 0 0 0 0 0 0 3 12 0 7 0 0 1 0 1 1 0 0 0 0 0 0 0 0 0 0 0 0 4 0 0 0 0 0 0 0 0 0 0 0 0 0 0 0 0 146 0 19 0 0 85 46 55 87 52 22 50 531 0 264 213 0 0 0 0
456 278 36 94 124 1099 815 73 70 335 0 263 32 2728 0 8 516 117 110 23 0 27 774 283 185 96 122 226 938 480 702 694 928 1029 453 3058 1100 1037 700 298 1002 212 1874 0 467 963 1350 244 267 23 832 1 27 273 32 179 19 96 0 3463 0 390 708 0 3930 3573 3624 0 1169 665 648 759 981 272 47 0 0 0 776 96 0 142 0 923 258 1470 0 22 39 0 3 15 22 116 0 55 0 0 4 919 5 5 5 0 1 175 0 32 650 0 0 205 0 0 814 24 108 0 0 0 0 0 0 0 0 246 0 0 29 104 439 615 721 0 619 536 291 183 123 307 122 717 169 704 774 595 570 31 1354 14 0
185 114 14 39 0 0 45 31 19 135 16 138 16 172 0 31 32 3 3 2 0 0 80 0 83 267 19 282 318 301 124 22 2600 727 79 288 560 791 109 34 0 10 4 0 0 0 54 174 30 8 6344 0 5 22 0 20 4 8 7 0 44 34 156 118 232 206 215 0 0 108 74 2 0 168 13 0 0 21 715 14 0 0 0 0 0 0 0 1 9 0 4 1 4 5 0 11 0 0 1 0 1 1 1 0 0 124 0 0 301 0 0 143 0 0 58 0 2 12 0 0 0 0 5 396 0 9 0 0 15 4 24 20 16 20 23 21 19 24 25 31 30 29 31 0 16 34 34 0 12 26 0
0 0 0 0 0 0 1 0 0 0 2 3 0 0 0 5 9 0 0 0 0 0 0 0 0 0 0 18 30 12 32 0 435 2 792 12 1 6 4 5 0 0 0 0 1 0 0 0 0 0 12 0 0 1 0 368 0 89 0 0 0 1 8 0 0 0 0 0 0 0 0 0 0 0 0 0 0 0 0 0 0 0 0 0 0 0 0 53 0 0 0 0 0 1 0 1 0 0 0 0 0 0 0 0 0 0 0 0 0 0 0 55 0 0 0 0 0 0 0 0 0 0 0 0 0 0 0 0 0 0 8 8 13 0 13 10 6 6 6 10 7 4 8 15 0 15 14 0 3 0 0
1 0 0 0 1 0 0 2 1 0 2 4 1 0 0 3 9 1 1 0 0 0 0 8 0 572 0 115 11 74 528 0 165 2 292 2 1 0 0 70 176 4 9 0 3 0 0 0 7 4 27 0 0 4 0 139 2 1 3 0 0 7 11 0 0 0 0 0 0 440 0 0 0 0 19 0 0 2 0 1 0 0 0 0 0 0 0 16 0 0 0 0 0 0 0 3 0 0 0 153 0 0 0 0 0 418 0 0 0 0 0 0 0 0 3 0 2 0 0 0 0 0 0 0 0 64 0 0 0 2 3 2 2 0 6 4 0 0 0 6 2 0 3 11 0 10 10 0 18 0 0
27 16 2 5 8 0 7 5 6 18 12 30 3 63 19 21 128 20 12 13 9 0 20 83 16 0 2172 2819 26 1912 9046 1 138 22 152 27 15 0 9 89 3571 126 97 0 12 0 116 200 40 183 644 0 232 74 428 128 46 239 92 0 39 51 80 0 41 66 90 0 0 766 295 0 0 0 42 30 39 53 30 71 0 0 0 0 0 0 0 0 0 0 0 6 5 8 0 19 0 0 2 1095 2 2 2 0 0 376 0 0 43 0 0 0 0 0 406 0 23 2 0 0 0 0 0 0 0 156 0 0 0 6 76 64 44 76 68 63 61 76 79 97 96 95 101 104 74 104 104 0 41 28 0
87 53 6 18 0 20 13 79 2 57 4 61 41 21 0 2 85 6 6 3 5 0 8 0 3 0 399 309 78 297 1876 45 949 85 1307 33 53 66 46 29 172 0 21 0 0 0 0 786 123 81 694 17 72 65 107 655 54 330 60 0 0 49 48 0 15 28 29 0 197 1926 5987 1990 0 105 19 4539 0 17 80 89 0 0 0 0 0 0 1 91 35 0 0 1 17 22 0 49 0 0 1 0 1 1 1 0 0 43 0 0 0 0 0 0 0 0 21 0 5 0 0 0 0 0 0 0 0 29 0 0 0 0 103 112 143 109 121 113 107 134 127 116 119 126 130 0 125 129 130 0 56 5 0
0 0 0 0 0 0 53 0 0 8 18 18 0 51 0 0 22 3 2 1 0 0 17 93 8 15 35 43 24 20 187 0 39 0 42 34 0 0 0 35 57 10 6 0 6 0 15 0 9 15 25 0 3 19 15 27 13 23 13 839 38 10 1 0 71 61 63 0 0 65 42 231 0 0 4 0 0 0 0 0 0 0 0 0 0 29 0 202 0 145 188 7 360 100 13 356 0 0 250 0 317 334 334 0 124 43 0 0 190 0 0 0 0 0 31 3 22 0 0 0 0 0 1 0 0 0 0 0 0 0 0 0 0 0 17 2 0 0 0 6 0 0 0 28 0 27 25 3 1 0 0
0 0 0 0 0 0 0 0 0 0 0 0 0 31 0 0 2 1 1 0 0 4 9 0 2 0 0 1 9 0 2 1 5 0 11 132 0 0 0 19 18 0 8 595 0 0 0 55 20 67 26 38 54 73 55 52 64 67 726 175 12 62 54 0 43 56 46 0 0 13 0 0 0 0 0 0 2 0 0 4700 0 0 0 0 0 68 0 0 18 0 0 0 24 440 0 68 0 0 3 17 3 3 2 0 0 0 0 0 352 0 0 0 0 0 0 0 0 0 0 0 0 0 0 0 0 0 0 0 0 0 0 0 0 0 0 0 0 0 0 0 0 0 0 0 0 0 0 2 0 0 0
2 14 0 0 2 28 66 182 2 12 2 7 97 108 68 0 10 38 10 6 0 202 35 18 10 0 0 6 66 26 22 6 47 88 35 393 83 109 22 603 67 5 24 412 9 47 0 117 44 139 80 101 111 153 112 108 131 138 129 0 104 3164 3028 0 314 1001 854 64 17 46 89 0 0 295 84 0 95 0 0 2440 4667 314 0 42 344 214 0 0 0 0 0 1 34 0 0 198 9 0 20 62 21 20 20 0 2 31 0 7 1159 0 39 0 0 0 16 1 1 0 0 0 0 0 0 0 0 47 0 0 0 0 0 0 0 0 4 0 0 0 0 0 0 0 0 8 0 7 5 0 26 0 0
0 1965 0 0 0 0 0 11 0 0 0 0 6 6 0 0 1 1 0 0 0 5 2 0 0 0 0 1 1 0 2 0 2 0 2 1 0 0 0 15 0 0 0 0 0 0 0 0 17 67 27 43 53 69 50 49 63 65 60 0 0 102 80 0 11 30 24 18 75 89 43 0 28 10 0 0 0 0 0 12 0 0 0 1403 0 0 0 0 9 0 0 0 25 0 0 73 0 0 4 15 4 4 4 0 1 0 0 0 0 0 0 0 0 0 0 4 4 0 0 0 0 0 0 0 0 112 0 0 0 0 0 0 0 0 4 0 0 0 0 0 0 0 0 6 0 6 4 0 2 0 0
0 0 0 0 1 1 2 48 1 0 0 1 26 15 0 0 3 40 4 0 0 297 0 5 5 0 0 3 3 1 5 1 3 1 2 4 0 0 1 106 10 1 0 0 3 0 0 203 63 257 103 197 203 263 201 184 240 246 231 0 79 4664 4443 0 259 1291 1072 18 0 8 0 0 0 67 15 0 16 0 0 71 7140 0 0 0 36 0 0 0 235 0 0 1 118 10 0 301 0 0 13 10 13 13 13 0 3 85 0 12 0 0 60 0 0 0 16 0 0 0 0 0 0 0 0 0 0 16 0 0 0 0 0 0 0 0 4 0 0 0 0 0 0 0 0 8 0 7 4 0 8 0 0
0 607 0 0 0 0 0 37 0 0 1 1 19 4 0 0 0 2 1 1 1 8 1 3 1 0 0 2 7 1 6 1 8 1 14 0 0 0 0 44 0 0 5 0 0 0 0 63 20 76 32 1 0 80 46 61 73 77 72 293 0 136 115 0 8 38 8 0 0 17 19 0 0 55 26 2178 4198 2190 0 352 0 0 0 0 0 0 0 23 0 149 0 151 120 18 0 196 0 0 7 9 7 7 7 0 0 0 0 0 225 0 0 0 0 0 0 0 0 0 0 0 0 0 0 0 0 0 0 0 0 0 0 0 0 0 0 0 0 0 0 0 0 0 0 0 0 0 0 0 0 0 0
0 0 0 0 1 1 0 41 1 0 0 1 21 0 0 0 2 61 21 21 2 0 0 1 0 0 0 2 2 1 6 1 2 0 3 3 0 0 1 92 8 0 0 0 0 0 0 0 0 1 1 0 2 2 0 2 2 2 2 97 0 40 38 0 0 11 7 0 0 5 0 0 0 54 0 0 0 0 0 0 0 0 0 19 174 0 0 1 0 0 0 0 7 1 12 11 0 0 0 0 6 9 9 0 2 0 0 0 0 0 0 15 0 0 0 1 2 0 0 0 0 0 1 0 0 9 0 0 0 0 0 0 0 0 0 0 0 0 0 0 0 0 0 0 0 0 0 0 3 0 0
815 277 314 66 103 438 540 695 491 309 95 320 253 491 448 37 436 316 146 141 3 403 159 77 48 0 0 1473 354 1022 621 888 586 661 623 877 412 536 850 3745 225 1329 198 2092 920 400 379 1192 1416 1472 735 1430 1465 1443 1481 1313 1374 1449 1389 5139 448 6645 6261 744 1049 2390 2108 965 517 1310 532 941 558 860 523 0 316 0 698 1044 0 4395 0 1208 4428 480 80 190 227 177 216 285 324 168 122 417 0 0 95 26 95 95 95 0 47 828 0 111 2378 0 0 0 0 0 2266 49 114 0 0 0 0 0 0 0 0 636 0 0 14 36 0 430 258 657 427 412 426 541 563 683 709 702 701 674 766 679 683 26 426 0 0
1496 1108 234 367 530 102 102 182 70 298 109 359 78 170 200 23 416 1211 643 644 39 115 47 766 27 1000 538 764 102 445 116 232 124 108 96 194 122 285 263 1252 64 365 80 11 241 0 0 150 120 120 100 61 116 131 115 120 116 128 130 2283 0 389 354 86 216 278 267 0 105 303 60 103 95 213 384 0 246 423 510 305 0 0 0 0 34 0 8 124 43 103 88 99 250 106 1 127 0 0 3 13 3 3 2 0 1 597 0 0 411 0 0 150 0 0 500 45 156 0 0 0 0 0 31 0 0 298 0 0 22 207 115 117 130 66 129 121 116 100 96 96 94 92 100 106 61 107 107 45 80 23 0
413 255 17 254 124 41 96 597 269 323 331 615 30 1056 492 72 186 248 279 279 142 33 143 1 30 325 494 773 263 502 86 103 296 279 113 165 282 557 249 4493 139 139 34 172 0 115 279 2663 2954 2837 921 2851 2816 2747 2856 2053 2700 2579 2658 0 554 827 357 448 747 716 726 220 90 302 158 185 78 60 333 4941 24 24 394 30 240 5638 0 269 163 34 4 31 215 13 413 41 156 69 1 284 0 0 268 159 269 268 268 396 3 444 2680 241 103 251 2390 183 0 0 436 110 324 437 89 0 0 23 108 258 61 919 679 10 114 538 0 224 0 0 0 0 0 0 0 0 0 266 0 264 278 0 0 153 271 104 0
1020 578 97 603 259 10 11 89 201 900 38 945 46 63 227 17 520 65 30 56 2 26 36 26 68 195 288 433 61 185 173 45 110 37 87 148 81 125 71 510 65 85 4 103 103 80 10 58 19 29 94 0 24 22 20 103 36 56 24 167 0 114 71 226 35 36 37 0 1242 1304 713 578 556 14 8 0 0 6 76 0 0 654 0 0 2672 62 0 8 11 0 14 5 16 133 0 67 0 0 7 248 7 7 8 0 0 135 0 9022 372 0 0 27 0 1430 88 79 91 12 0 0 0 0 27 0 0 1471 0 20 8 0 700 753 923 796 796 751 727 1098 861 776 802 995 876 845 956 850 854 60 101 490 0
0 0 0 21 0 0 12 4 11 5 6 5 2 100 687 18 39 4 3 2 0 1 29 0 6 48 58 62 24 44 54 2 50 8 42 179 272 505 9 50 29 4 38 1468 8 0 61 19 12 0 48 0 4 14 4 20 0 12 1 0 94 10 32 0 133 117 130 0 14 69 52 70 15 7 0 0 3 0 1061 0 0 0 0 0 0 0 0 188 22 226 202 283 60 207 0 128 0 0 67 16 67 67 66 0 66 56 0 0 451 0 0 0 0 0 12 10 11 52 0 0 0 0 0 28 0 28 0 0 0 6 36 27 13 33 31 28 24 31 34 54 52 47 54 61 9 60 60 3 8 0 0
1074 672 81 222 317 3 248 9 848 839 7 781 69 196 0 446 300 8 7 3 9 24 55 0 12 167 234 369 102 267 155 8 587 74 924 79 70 78 39 191 563 19 0 0 44 0 245 160 42 20 163 0 16 24 8 443 0 189 0 76 0 38 62 0 261 255 261 0 19 1365 141 36 165 0 0 0 8 5 33 9 0 128 0 0 52 0 0 66 6 0 34 21 20 92 0 33 0 0 1 640 1 1 1 0 0 167 0 554 118 0 0 548 0 0 53 45 49 20 92 0 0 0 72 354 489 37 0 227 230 669 441 480 600 472 511 482 464 553 525 482 497 518 526 478 551 517 519 63 266 366 0
1 17 0 0 0 0 7 76 14 3 4 3 40 0 14 0 96 0 0 0 0 2 0 0 0 0 0 1 1 0 6 0 43 0 5 1 5 0 1 7 2 0 13 11 8 3 0 10 0 9 107 7 7 8 6 8 8 9 12 305 3 4 2 0 0 0 0 4 52 6 7 10 0 117 136 170 111 253 103 38 0 0 0 2 8 0 0 140 18 124 113 189 238 95 254 214 20 18 57 0 63 65 65 0 132 39 0 0 0 0 4 0 0 0 6 1 1 0 0 0 0 0 0 0 0 0 0 8 1 0 124 100 50 160 100 95 98 130 138 173 179 178 177 173 192 174 175 9 3 0 0
18 13 3 3 1 2 4 17 10 88 4 91 5 21 9 20 0 1 1 0 0 6 13 53 22 0 0 3 8 5 11 17 7 15 6 5 8 11 16 6 7 2 7 0 17 0 0 22 9 29 12 21 28 30 11 23 28 24 29 0 20 10 6 0 0 25 26 0 0 0 0 3 0 0 11 174 12 15 0 0 0 0 0 0 0 0 0 0 3 0 0 0 1 5 0 3 1179 1179 0 5 0 0 0 0 2 0 0 0 0 0 0 30 0 0 3 0 5 0 0 0 0 3 0 0 0 0 0 5 13 10 16 18 26 2 23 20 16 3 42 23 19 0 0 5 0 4 4 0 6 3 0
25 19 4 0 2 6 10 40 16 215 13 227 0 45 14 91 24 3 2 1 0 0 42 193 87 0 0 8 21 13 28 50 19 33 15 13 19 21 46 17 19 8 18 0 46 0 1 10 53 54 25 40 47 53 51 43 19 52 54 0 0 23 17 0 56 53 55 0 0 13 11 22 0 10 0 399 0 0 24 8 0 0 0 0 0 0 0 0 0 0 0 1 2 11 0 9 1715 1705 0 14 0 0 0 0 2 6 0 0 1 0 0 79 0 0 8 0 25 0 0 0 0 32 0 0 0 0 0 0 39 5 33 54 73 33 63 57 51 22 124 67 62 1 6 14 0 13 13 13 9 0 0
178 141 32 33 11 25 46 170 63 888 61 918 64 170 99 391 96 11 9 5 0 117 186 808 374 0 22 32 87 56 113 204 79 159 61 55 92 136 200 67 82 37 78 64 205 63 113 213 202 213 99 210 205 217 209 169 202 202 212 29 164 92 70 0 218 207 212 96 28 55 54 155 58 0 182 2415 197 375 0 38 0 0 0 15 0 61 0 3 38 0 17 3 14 51 1 37 6170 6171 0 58 0 0 0 0 10 0 0 0 15 0 0 389 15 0 40 39 110 6 0 0 0 161 53 0 0 0 0 127 197 107 217 238 304 223 238 242 230 128 536 291 284 52 54 56 22 56 56 79 80 69 0
45 36 8 4 3 8 13 52 17 259 19 281 20 48 14 127 29 3 3 2 0 37 59 259 123 0 2 10 27 16 35 64 24 46 19 16 26 36 62 21 25 7 24 0 64 0 0 62 58 58 27 28 59 63 60 49 59 59 62 0 45 28 22 0 43 55 59 0 0 16 14 31 15 0 54 741 63 107 36 4 0 0 0 0 0 0 0 0 8 0 0 1 4 15 0 12 1474 1407 0 18 0 0 0 0 0 0 0 0 0 0 0 84 0 0 8 0 35 0 0 0 0 0 8 0 0 0 0 0 34 0 62 68 92 46 79 72 64 27 154 83 77 0 6 17 0 17 16 4 3 17 0
0 0 0 0 0 0 0 0 0 0 0 0 0 0 0 0 0 0 0 0 0 0 0 0 0 0 0 0 0 0 0 0 0 0 0 0 0 0 0 0 0 0 0 0 0 0 0 0 0 0 0 0 0 0 0 0 0 0 0 0 0 0 0 0 0 0 0 0 0 0 0 0 0 0 0 0 0 0 0 0 0 0 0 0 0 0 0 0 0 0 0 0 0 0 0 0 0 0 0 0 0 0 0 0 0 0 0 0 0 0 0 0 0 0 0 0 0 0 0 0 0 0 0 0 0 0 0 0 0 0 0 0 0 0 0 0 0 0 0 0 0 0 0 0 0 0 0 0 0 0 0
0 0 0 0 0 1 1 4 1 22 1 24 0 4 0 10 3 0 0 0 0 3 4 22 10 0 0 1 2 1 3 6 1 2 2 1 0 0 4 1 2 0 1 0 2 0 0 0 5 4 2 0 0 4 0 4 0 5 5 0 0 2 2 0 0 5 0 0 0 1 0 0 0 0 0 0 0 0 0 0 0 0 0 0 0 0 0 0 0 0 0 0 0 1 0 1 133 123 0 2 0 0 0 0 0 0 0 0 0 0 0 0 0 0 0 0 3 0 0 0 0 0 0 0 0 0 0 0 0 0 0 0 5 0 6 3 0 0 3 1 0 0 0 0 0 0 0 0 0 0 0
0 0 0 0 0 0 0 0 0 0 0 23 0 0 0 11 1 0 0 0 0 0 5 3 10 0 0 1 3 2 4 6 2 4 2 2 2 1 6 2 2 0 2 0 6 0 0 4 3 0 1 0 7 7 0 6 5 7 7 0 2 3 2 0 0 1 0 0 0 0 0 0 0 0 0 53 1 0 0 0 0 0 0 0 0 0 0 0 0 0 0 0 0 0 0 1 174 0 0 2 0 0 0 0 0 0 0 0 0 0 0 0 0 0 0 0 3 0 0 0 0 0 0 0 0 0 0 0 1 0 0 0 0 0 0 0 0 0 0 0 0 0 0 0 0 0 0 0 0 0 0
7 6 1 1 0 1 2 7 2 36 2 37 2 6 4 11 4 0 0 0 0 4 7 29 13 0 0 0 4 2 5 8 3 6 2 2 4 6 8 2 3 1 3 2 8 2 0 11 10 9 4 0 9 10 9 8 9 9 10 0 6 4 3 0 8 0 1 3 0 2 2 3 1 0 6 92 8 10 9 0 0 0 0 0 2 3 0 0 1 0 0 0 1 2 0 1 234 235 0 2 0 0 0 0 0 0 0 0 0 0 0 14 0 0 1 0 4 0 0 0 0 2 0 0 0 3 0 0 4 4 4 4 10 0 9 7 3 0 13 7 3 0 0 1 0 1 0 0 2 0 0
0 0 0 0 0 0 0 0 0 0 0 0 0 0 0 0 0 0 0 0 0 0 0 0 0 0 0 0 0 0 0 0 0 0 0 0 0 0 0 0 0 0 0 0 0 0 0 0 0 0 0 0 0 0 0 0 0 0 0 0 0 0 0 0 0 0 0 0 0 0 0 0 0 0 0 0 0 0 0 0 0 0 0 0 0 0 0 0 0 0 0 0 0 0 0 0 0 0 0 0 0 0 0 0 0 0 0 0 0 0 0 0 0 0 0 0 0 0 0 0 0 0 0 0 0 0 0 0 0 0 0 0 0 0 0 0 0 0 0 0 0 0 0 0 0 0 0 0 0 0 0
302 242 55 56 19 43 80 363 87 1509 58 1518 151 257 162 626 144 18 15 9 0 187 316 0 696 22 50 55 131 86 189 358 119 262 95 83 157 215 341 113 130 62 132 95 353 107 206 301 299 287 142 288 283 292 289 233 272 272 292 0 237 142 122 0 332 311 315 178 50 93 90 266 100 364 321 0 377 698 688 75 69 82 27 30 4 108 0 0 0 0 0 3 0 0 0 3 0 0 0 97 0 0 0 0 0 56 0 58 27 0 0 573 21 0 60 52 162 9 0 30 0 251 87 0 0 27 0 193 301 156 322 354 450 349 380 358 344 198 797 432 426 88 87 89 71 89 89 138 126 111 0
321 257 59 60 20 46 88 386 92 1607 209 1632 161 274 276 2440 333 24 15 13 0 604 353 585 740 36 74 76 157 98 240 381 133 291 90 94 214 218 356 126 149 101 158 103 390 120 233 336 324 328 159 325 315 330 323 274 309 311 329 0 264 168 133 44 354 331 336 18 54 100 99 287 107 402 465 0 409 751 737 90 102 27 47 31 77 129 0 0 0 0 0 18 0 27 0 14 19343 0 0 142 0 0 1 0 0 429 0 297 35 150 0 15 80 35 219 210 651 37 0 159 0 1017 275 58 0 278 0 61 4 15 1306 1440 1820 1466 1535 1448 1402 821 10 1752 1736 384 364 354 0 357 358 546 215 423 0
0 0 0 0 0 0 0 141 0 0 0 0 29 0 0 0 0 0 0 0 0 0 0 0 0 0 0 0 0 0 0 0 0 0 0 0 0 0 0 0 0 0 0 2 0 0 0 403 140 1 0 1 1 1 0 1 1 1 1 0 1 2 0 0 0 0 0 0 0 0 0 0 0 0 0 0 0 0 0 6 0 0 0 0 0 0 0 0 1 0 0 0 0 0 0 1 0 0 0 0 3321 3321 3320 0 156 0 0 0 0 0 0 0 0 0 0 0 0 0 0 0 0 0 0 0 0 0 0 0 0 0 0 0 0 0 0 0 0 0 0 0 0 0 0 0 0 0 0 0 0 0 0
0 0 0 0 0 0 0 285 0 0 0 0 28 0 0 0 0 0 0 0 0 0 0 0 0 0 0 0 0 0 0 0 0 0 0 0 0 0 0 0 0 0 0 0 0 0 0 1079 376 0 0 0 0 1 0 1 0 1 0 0 0 5 0 0 0 0 0 0 0 0 0 0 0 73 0 0 0 0 0 7 0 0 0 0 0 0 5 0 0 0 0 0 0 0 0 1 0 0 15044 0 15142 15147 15135 12490 274 0 0 0 0 0 0 0 0 0 0 0 0 0 0 0 0 0 0 0 0 0 0 0 0 0 0 0 0 0 0 0 0 0 0 0 0 0 0 0 0 0 0 0 0 0 0
0 0 0 0 0 0 0 11 0 0 0 0 6 0 0 0 0 0 0 0 0 0 0 0 0 0 0 0 0 0 0 0 0 0 0 0 0 0 0 0 0 0 0 0 0 0 0 0 0 0 0 0 0 0 0 0 0 0 0 0 0 0 0 0 0 0 0 0 0 0 0 0 0 0 0 0 0 0 0 0 0 0 0 0 0 0 0 0 0 0 0 0 0 0 0 0 0 0 0 0 0 0 0 0 29 0 0 0 0 0 0 0 0 0 0 0 0 0 0 0 0 0 0 0 0 0 0 0 0 0 0 0 0 0 0 0 0 0 0 0 0 0 0 0 0 0 0 0 0 0 0
0 0 0 0 0 0 0 0 0 0 0 0 0 0 0 0 0 0 0 0 0 0 0 0 0 0 0 0 0 0 0 0 0 0 0 0 0 0 0 0 0 0 0 0 0 0 0 0 0 0 0 0 0 0 0 0 0 0 0 0 0 0 0 0 0 0 0 0 0 0 0 0 0 0 0 0 0 0 0 0 0 0 0 0 0 0 0 0 0 0 0 0 0 0 0 0 0 0 0 0 1 0 1 0 0 0 0 0 0 0 0 0 0 0 0 0 0 0 0 0 0 0 0 0 0 0 0 0 0 0 0 0 0 0 0 0 0 0 0 0 0 0 0 0 0 0 0 0 0 0 0
98 66 14 20 7 0 0 19 16 524 3 531 5 12 11 15 2 0 0 0 0 3 0 0 0 0 0 0 1 0 0 0 1 0 1 0 0 0 1 0 0 0 0 0 1 0 0 0 0 0 0 0 0 0 0 0 2 0 6 0 1 0 0 0 1 0 1 0 0 0 0 0 0 0 0 0 0 0 0 0 0 0 0 0 0 0 0 31 6 0 0 0 0 17 0 0 0 0 0 0 0 0 0 0 448 0 0 0 0 0 0 9 0 0 0 1 3 0 0 0 0 4 0 0 0 0 0 0 1 2 0 0 5 0 6 2 0 0 1 1 0 0 0 0 0 0 0 0 1 0 0
1208 733 254 212 72 105 201 783 204 5715 268 5868 358 3854 716 4570 478 152 106 26 0 453 1441 2227 1257 85 157 262 756 399 1131 892 715 1465 492 460 808 1160 939 325 828 365 848 259 872 466 3156 408 1484 1609 822 1631 1598 1870 1616 1314 1522 1533 1562 0 3658 492 415 0 5397 4836 4924 374 209 532 541 1640 271 884 227 1092 162 278 867 176 200 215 0 59 160 772 4 25689 5184 34707 20065 27829 42195 13576 27267 30533 17425 17425 30735 0 33824 33833 33809 0 30282 5949 0 284 100 0 0 1598 40 0 163 169 465 15 0 0 0 689 242 17 0 359 0 497 825 432 890 978 1236 983 1046 986 952 555 2197 1191 1177 259 249 248 240 249 250 386 107 308 0
9 6 2 2 1 1 0 51 0 47 8 51 0 23 0 148 0 1 1 0 0 12 42 0 46 0 1 2 5 3 3 9 5 4 4 3 2 7 10 3 4 3 5 0 10 2 19 281 104 21 7 21 1 22 0 15 20 19 20 0 23 5 1 0 32 29 28 0 1 1 1 3 62 0 3 0 0 0 0 0 0 0 0 0 0 4 0 0 0 0 0 0 0 6 34 1 571 570 0 0 0 0 0 0 0 0 0 0 1 0 0 53 0 0 5 0 14 1 0 2 0 23 8 1 0 7 0 16 28 14 26 29 40 18 34 31 27 11 67 36 33 0 3 7 0 7 7 12 7 10 0
58 40 7 10 16 9 7 51 9 40 7 44 21 48 0 37 70 3 2 1 0 0 11 17 3 0 0 14 46 28 17 35 33 73 18 27 85 116 48 6 24 2 10 0 36 29 24 23 66 58 11 0 61 64 60 50 48 61 63 534 42 23 19 0 49 0 60 0 0 11 0 0 0 0 93 0 2 0 159 95 0 0 0 0 0 0 0 154 0 128 366 344 298 93 131 346 0 0 142 33 143 143 140 0 0 0 0 0 0 0 0 11 0 0 6 0 1371 0 0 0 0 0 1 0 0 21 0 234 197 0 109 114 146 57 138 124 100 102 95 103 87 70 107 141 0 142 140 0 16 22 0
1977 1450 365 466 698 435 345 124 635 325 683 764 59 299 896 585 1781 1076 392 657 7 3813 182 609 154 5765 9115 9037 358 6344 1934 954 503 361 470 206 408 728 987 339 783 5448 1039 320 0 466 238 567 372 611 525 383 566 566 576 563 590 632 540 7851 268 921 824 1317 325 449 451 482 945 3634 3007 3546 1026 233 1314 4920 323 332 597 393 1191 93 0 271 310 1945 9 785 344 1352 1983 2034 1532 955 1174 2203 550 541 98 246 99 98 100 274 38 6572 0 1063 182 660 2951 872 807 1223 24588 1082 1655 496 2696 219 5 0 118 1800 653 2447 0 1798 1102 667 2773 3165 2888 0 3121 2876 2072 579 628 1150 461 2759 630 2649 3118 2224 2131 3779 612 677 0
376 236 33 101 99 10 196 94 327 297 703 291 18 240 1045 1503 704 107 62 89 0 369 107 13 29 233 1597 1330 149 1251 238 34 206 162 170 85 473 0 90 260 3839 245 93 488 105 63 521 361 431 388 245 195 439 442 444 445 430 443 419 152 520 166 173 1016 336 320 330 0 43 538 281 313 88 29 193 0 204 0 1594 200 0 45 0 0 2600 0 0 96 26 89 157 171 207 170 276 197 0 0 74 4182 75 75 74 0 0 304 0 0 6 0 0 79 0 1712 91 679 762 152 0 0 0 0 399 692 0 90 0 0 83 197 792 660 405 1034 656 629 646 853 887 1070 1110 1114 1103 1070 1226 1073 1079 390 95 326 0
181 107 13 41 47 69 71 22 44 119 38 119 10 14 0 242 56 0 2 0 0 12 6 0 1 74 91 53 12 97 13 77 16 12 19 11 4 0 68 47 14 8 0 0 63 0 33 7 40 23 22 17 52 53 52 8 62 55 38 176 21 14 6 0 0 21 24 0 0 15 14 0 20 0 0 0 24 24 0 5 0 0 0 0 0 0 0 5 0 0 8 11 12 13 2 12 0 0 2 26 2 2 2 0 0 50 0 0 0 0 0 0 0 0 0 34 63 14 0 0 0 0 2 0 0 144 0 0 0 0 45 42 25 21 40 36 35 11 160 167 141 130 93 76 81 55 57 13 44 38 0
9552 4178 2610 1266 1870 1401 1790 7741 1762 4458 1299 5470 3002 13025 4045 5292 3029 2357 7192 6994 25 1125 3982 4555 2241 1755 2344 3882 9242 5688 5907 4594 8712 5037 4812 15758 15417 10819 5117 4778 7312 6894 1878 2273 4276 2473 7171 10941 12816 12186 6204 12084 12026 12809 12293 10138 11462 11706 11509 4588 8382 5390 3180 837 18818 17279 17537 4993 2321 5775 5939 6305 2649 8978 4633 4028 1467 3028 16837 3096 4138 4080 0 2612 2173 7170 683 3240 1358 2331 1574 851 1069 564 222 1780 200 0 3614 6177 3614 3614 3609 3063 163 1425 0 2052 36915 0 3632 2288 0 0 530 606 880 144 481 0 0 0 30 1746 0 3219 0 95 1006 2263 1430 1274 1001 4622 1348 2313 1770 530 789 400 362 3956 3070 3686 3078 3592 3393 1240 1983 540 0
5215 3965 2217 1423 1799 808 1621 600 858 2327 2739 2310 595 0 2563 9145 2139 3351 5526 5463 1964 1782 740 5121 1723 558 1037 6715 877 1071 2266 2729 529 742 226 494 1896 3580 3040 1970 2559 4750 1028 309 2963 1105 472 4139 2160 2261 735 1998 2254 2151 2284 1696 2197 2091 2464 2564 191 20751 1552 1623 84 360 318 7182 557 1672 19832 48 5498 93 10171 0 12755 0 3354 62 1791 2012 0 1265 2761 484 0 718 247 958 1128 1343 1851 1064 90 1646 306 251 1699 2743 1699 1699 1695 784 71 1279 0 910 150 0 0 1426 64 0 1411 2452 689 546 85 0 0 312 1202 260 0 2243 0 0 727 1271 2123 2164 6 2563 26 2103 2016 2658 2529 2704 2748 3154 2980 2974 3478 2947 2957 1577 2971 1024 0
0 0 0 0 12 8 11 12 7 0 42 40 0 114 48 182 101 67 52 66 9 1510 45 60 26 45 105 126 56 0 0 12 38 0 143 0 0 0 0 0 14 160 24 0 46 0 0 57 52 44 35 0 45 55 46 49 45 52 47 685 74 75 59 49 142 145 148 0 0 0 43 35 20 14 193 19 16 25 108 0 10 0 0 0 34 0 0 0 0 0 0 7 1 9 0 19 0 0 2 19 2 2 0 0 0 0 0 0 39 0 0 0 17 112 649 146 125 94 227 0 0 0 253 0 0 237 0 401 913 244 91 97 121 77 108 100 92 104 99 94 93 94 102 108 63 109 109 1396 43 0 0
94 60 34 7 14 37 53 2348 94 35 141 97 1030 945 180 590 1306 821 280 386 7 57 443 272 144 1993 1239 1630 237 861 284 100 230 386 163 141 211 236 152 289 246 195 105 62 173 155 1333 1990 1538 1158 337 0 1177 1227 1198 917 1129 1110 1124 301 1552 454 299 486 1373 1272 1291 201 76 608 666 283 252 3109 363 518 284 579 459 81 962 174 78 523 97 106 259 62 89 0 82 25 26 209 2 91 0 0 0 170 0 0 1 0 19 1044 0 536 132 378 0 0 0 540 1172 2667 2117 1715 693 324 0 83 128 554 0 201 0 0 71 108 963 1053 1320 1143 1112 1047 1011 1292 1232 1115 1159 1243 1244 1198 1401 1207 1213 92 98 128 0
2272 1884 301 342 450 334 607 1479 1401 1200 637 1475 535 476 1553 2688 1127 239 189 148 186 111 167 41 55 18175 7159 2147 2173 6244 3379 2808 1679 5007 1009 1354 2501 2401 2712 2075 2714 1096 765 1374 2775 1647 2273 2468 2374 2192 1401 527 2508 2413 2519 2145 2368 2454 2357 703 2554 1405 1641 1313 597 728 739 1804 597 1879 2085 5061 855 2550 1014 3155 6098 4589 1980 1172 1543 1378 1263 0 776 660 126 461 341 222 449 462 873 551 418 639 70 0 859 1997 860 859 860 848 10 8498 0 0 181 436 573 0 0 0 2393 1448 1546 780 0 262 0 22 65 124 0 400 0 277 120 378 1723 1809 2078 1759 1893 1806 1777 1980 1875 1741 1807 1909 1910 1837 2151 1850 1859 174 669 108 0
0 0 0 0 0 0 0 12 0 0 3 1 0 0 0 16 137 1482 472 609 403 0 42 16 15 0 48 35 2 1 3 0 2 0 2 1 0 0 5 6 3 2835 1 0 0 0 0 57 309 362 95 0 399 384 407 382 374 365 378 0 22 69 8 0 0 0 0 0 0 2 0 0 0 0 2 0 2 0 0 2 0 0 0 0 0 0 0 0 0 0 0 1 2 1 0 4 0 0 26 2 26 26 25 0 0 0 0 0 30 0 0 0 0 0 0 72 63 16 0 0 0 0 0 0 0 0 0 0 0 0 0 0 0 0 0 0 0 34 0 71 24 0 0 0 0 0 0 0 0 0 0
0 0 0 0 11 3795 2585 1 1 0 1747 5 0 4 13 6 8 138 52 52 11 4 17 22 52 800 0 40 9 50 8 4 7 6 2 5 19 25 9 0 2 4 5 0 0 2358 7 1 1 0 0 0 0 1 0 1 0 1 0 48 12 9 10 0 0 6 4 0 2149 21 18 21 2748 0 0 0 0 0 35 0 0 0 0 0 0 0 0 15 9 0 1 0 35 0 66 5 0 0 0 0 0 0 0 0 3 408 0 0 0 0 0 0 0 0 0 0 10 0 0 0 0 0 0 0 0 1 0 0 0 0 0 0 0 0 0 0 0 0 0 0 0 0 0 0 0 1 1 0 0 0 0
0 0 0 0 0 0 0 0 0 0 0 0 0 0 0 2 2 35 11 11 4 1 6 6 16 0 0 4 2 18 3 0 2 0 1 1 4 0 1 0 0 0 0 0 0 0 0 0 0 0 0 0 0 0 0 0 0 0 0 0 0 1 1 0 0 0 0 0 0 1 0 0 0 0 0 0 0 0 10 0 0 0 0 0 0 0 0 0 0 0 0 0 0 0 0 0 0 0 0 0 0 0 0 0 0 0 0 0 0 0 0 0 0 0 0 0 0 0 0 0 0 0 0 0 0 0 0 0 0 0 0 0 0 0 0 0 0 0 0 0 0 0 0 0 0 0 0 0 0 0 0
9 0 0 151 2 2 0 3 1 14 0 3 2 9 0 17 2 39 23 21 1 175 6 0 3 0 0 4 2 2 8 6 7 0 6 1 0 2 6 11 45 14 50 0 7 0 8 5 19 24 0 6 25 25 26 21 24 25 24 191 46 2709 2607 4 147 758 629 40 0 7 19 0 5 3 42 4 3 5 9 6 4673 11 0 0 0 0 10 0 60 0 1 0 11 2 0 29 0 0 11 48 11 11 11 0 0 7 0 0 0 0 0 0 0 0 0 47 35 0 0 0 0 0 7 0 0 87 0 99 15 1 0 0 0 0 0 0 0 0 0 0 0 0 0 1 0 1 1 0 0 0 0
459 246 42 232 132 66 104 1314 175 342 4554 401 274 1133 508 1453 1258 633 161 387 0 71 529 3 104 127 902 1408 303 665 219 251 243 406 128 175 440 691 335 273 107 510 144 130 324 213 457 3867 3937 3511 813 3228 3531 3499 3591 2619 3373 3239 3361 4164 776 689 260 2055 1613 1447 1490 234 68 433 176 203 96 795 729 522 352 645 1322 787 974 62 0 37 181 0 59 1869 231 578 1025 1285 3744 1036 803 1321 303 153 1631 57 1630 1631 1629 1351 46 560 0 694 285 0 0 0 0 5790 2852 8290 7949 3189 0 10 0 0 70 1720 0 84 0 453 607 69 1065 886 509 1052 879 864 908 868 896 1073 1116 1119 1117 1077 1225 1080 1086 128 155 229 0
236 107 53 36 48 39 248 46 157 181 124 224 16 196 131 129 118 33 24 29 4 4 62 64 31 80 109 176 147 140 96 60 138 178 71 86 131 277 121 131 151 288 104 99 94 85 202 100 97 91 44 71 91 107 90 106 89 95 89 465 128 75 60 115 284 259 264 39 47 86 60 63 47 67 208 61 45 72 234 76 61 135 5 6 96 763 3 46 25 27 100 62 95 52 32 71 0 0 208 753 208 208 207 84 0 274 0 222 19 358 407 518 0 0 715 65 255 29 0 0 867 2531 901 0 0 323 0 1301 263 200 159 162 174 160 169 161 157 177 167 163 167 181 177 176 196 176 177 18 685 4792 0
1543 796 129 271 339 42 84 345 150 845 146 900 78 238 345 394 442 170 114 122 185 2381 105 368 149 230 151 104 250 179 310 301 275 501 288 462 316 395 328 3261 185 327 595 149 337 363 324 842 818 780 357 778 770 745 786 678 748 744 738 1167 537 349 255 135 139 169 167 395 120 335 257 446 114 215 292 735 184 682 325 62 350 446 21 487 402 599 9 1450 166 1554 1653 2267 2714 825 791 2252 526 645 575 121 575 575 573 239 55 660 0 744 1076 425 50 2340 1066 147 1093 172 255 83 417 0 0 2403 6063 0 0 0 0 538 206 366 889 833 699 602 848 835 859 616 600 605 627 661 655 638 734 640 643 2230 546 111 0
415 253 36 89 115 7 32 39 71 280 33 303 24 4 148 160 121 208 201 206 411 43 4 0 1 53 105 52 52 87 83 58 113 50 133 49 63 115 81 30 106 69 26 17 70 27 0 52 9 7 51 0 11 8 9 99 20 32 9 135 34 53 50 22 5 17 16 23 33 188 80 125 65 16 22 12 11 14 81 9 91 22 0 19 40 40 0 0 0 0 53 5 0 25 0 9 0 0 1 100 1 1 0 0 0 895 126 128 20 639 0 184 0 0 237 52 853 22 117 0 0 0 0 17 0 0 0 22 0 55 180 171 164 205 177 169 167 205 202 208 215 225 227 221 238 222 223 0 0 122 0
56 36 3 11 19 2 0 6 24 38 1 44 5 0 8 3 0 13 1 0 0 130 2 0 1 0 1 1 2 0 0 1 2 0 3 0 0 0 0 0 0 0 10 20 0 0 0 0 0 0 0 0 1 0 0 2 0 1 1 260 18 1470 1416 0 70 405 335 3 0 0 5 4 2 0 1 0 1 1 15 0 2539 0 0 0 63 0 5 0 21 0 0 0 11 1 0 23 0 0 4 0 4 4 2 0 0 0 0 0 0 0 0 0 0 0 3 1 1 0 0 0 0 7754 0 0 0 0 0 0 0 0 0 0 0 0 16 0 0 0 0 0 0 0 0 0 0 0 0 0 0 0 0
437 200 64 164 94 112 275 127 183 268 188 418 0 440 214 261 234 71 30 36 0 227 145 15 34 596 768 1517 311 759 304 155 286 507 204 195 414 646 244 570 261 171 53 42 203 232 311 347 325 275 102 165 286 312 291 275 270 290 276 1113 307 2602 2845 4466 756 1251 1153 500 0 535 176 15 161 159 292 172 133 222 814 164 3637 384 0 187 0 0 13 144 94 187 181 222 274 126 171 262 27 0 107 182 107 107 107 0 0 389 0 0 89 0 0 228 0 0 63 80 95 422 0 240 35 0 866 0 0 111 0 42 100 179 291 292 300 250 307 294 291 284 274 271 277 285 291 287 286 290 291 71 574 326 0
165 129 12 43 50 302 1731 272 31 594 162 253 77 354 347 101 88 39 16 22 0 277 107 4 26 153 248 347 257 273 225 450 276 255 208 146 293 589 502 413 196 169 11 74 526 305 0 703 637 583 248 508 572 595 583 502 562 563 563 2614 234 276 157 321 518 480 491 60 211 284 162 149 282 260 551 321 222 394 902 404 95 2173 0 191 213 0 18 473 185 606 816 676 925 245 235 764 156 90 370 130 370 370 369 305 5 456 0 337 42 404 370 890 74 79 571 94 314 75 234 656 1319 2955 4076 113 0 376 0 0 152 349 91 101 113 23 111 99 78 66 60 73 56 95 71 114 53 106 104 200 1815 230 0
0 0 0 0 0 0 0 6 5 0 0 0 1 48 0 20 4 3 1 1 0 226 13 0 3 0 0 1 3 0 5 0 6 0 16 1 0 0 0 0 0 0 0 0 0 0 0 9 13 11 1 0 0 4 1 19 0 23 11 322 0 7 1 0 58 62 63 0 0 10 0 0 0 4 451 0 0 0 4 0 0 0 0 0 0 0 0 123 2 150 162 237 41 139 0 99 0 0 11 1 11 11 9 0 0 0 0 0 0 0 0 0 0 0 7 0 0 0 0 0 296 969 59 0 0 0 0 0 0 0 0 0 0 0 0 0 0 0 0 0 0 0 0 0 0 0 0 202 4 0 0
6944 3769 1058 1240 1609 716 2364 1560 1338 4384 2520 5498 549 1627 2813 3114 3224 922 719 723 1226 5036 901 2383 805 2965 2637 2583 4159 3525 2798 1780 2909 8225 1416 2636 4112 4567 2388 2777 2617 3959 2122 1074 2483 2762 3961 2990 2683 2845 1740 2666 2684 2788 2741 4948 2698 2733 2662 1162 694 2336 2643 4439 2238 2181 2223 1997 981 1535 1444 2473 1032 2710 4432 3212 1796 1591 3033 1335 360 1615 0 1658 3560 1624 78 2096 1696 3151 5597 3091 4392 1995 3189 4158 721 620 2424 2127 2426 2424 2426 2305 120 3736 342 7718 1439 4151 8099 4687 740 542 8165 1597 3164 524 2052 1285 3359 7050 6132 4851 2644 6609 0 1115 2159 3274 4910 5233 6180 5150 5481 5213 5091 5817 5517 5000 5186 5633 5580 5401 6409 5427 5452 6053 3640 3279 0
495 597 260 34 50 17 38 24 32 109 250 314 11 263 647 37 314 97 108 110 6 70 116 277 164 36 66 83 318 179 191 55 310 6018 130 302 665 969 200 126 160 692 215 0 99 1541 0 106 76 89 145 50 80 112 82 114 94 103 83 222 205 204 113 0 388 354 362 24 104 100 104 138 41 1339 146 17 3423 13 822 34 96 76 0 0 619 0 0 0 55 0 103 33 33 60 10 86 0 0 36 101 36 36 32 0 0 0 0 1938 438 0 388 0 82 0 197 91 80 0 0 0 0 0 517 0 151 363 0 0 0 272 339 258 130 260 297 263 239 352 321 471 452 407 458 519 147 514 512 96 0 42 0
0 0 0 0 4 5 2 11 18 0 12 12 0 36 14 229 19 73 91 92 16 1938 14 35 14 1 5 7 4 0 0 10 9 0 64 0 0 0 0 0 5 5 13 0 42 0 0 23 24 17 15 0 20 23 21 41 21 23 22 531 23 18 12 2 21 49 49 0 0 9 13 0 5 8 54 14 10 17 43 7 0 0 0 0 15 0 0 0 0 0 0 6 3 0 0 15 0 0 5 4 5 5 0 0 0 0 0 0 0 0 0 0 0 0 47 10 17 0 0 0 0 58 153 0 0 50 0 125 0 0 12 11 8 0 15 12 6 0 0 6 0 0 1 15 0 13 13 1775 0 0 0
19 1116 1 0 9 1 286 291 5 98 9 31 153 2 0 531 13 0 0 0 0 5972 6 27 9 0 1 4 5 0 0 0 3 0 322 0 0 0 0 34 577 18 0 60 48 1 23 10 5 9 5 0 13 8 13 6 8 7 15 65 62 199 5 0 0 2 12 0 0 2 0 0 1 437 10 0 2 2 2 575 0 0 0 64 0 0 1 0 0 0 5 0 4 40 0 21 0 0 1 642 1 1 0 0 0 25 0 0 13 0 0 0 0 0 21 1 2 0 0 0 0 0 6 0 0 2 0 0 24 0 548 501 0 0 5 2 0 0 0 0 0 0 0 8 0 7 6 5444 21 6 0
0 0 0 0 4 2 0 22 5 0 0 0 13 0 0 14 185 20 7 6 7 45 0 6 2 0 0 5 10 7 7 5 15 4 9 7 25 5 10 10 5 0 29 0 19 0 5 0 5 0 0 0 7 7 6 6 4 7 8 0 31 722 696 0 40 145 22 0 0 0 0 0 0 4 23 10 10 23 21 20 723 0 1419 0 0 0 0 0 0 0 0 5 3 68 0 14 0 0 7 5 7 7 1 0 0 0 0 0 0 0 0 0 0 0 24 1 17 0 0 0 0 0 3 0 0 7 0 0 0 0 0 0 205 0 299 134 0 0 0 0 0 0 0 234 0 191 162 42 0 0 2
0 0 0 0 5 2 0 23 6 0 0 0 14 1 0 15 193 14 7 7 8 9 0 6 2 0 0 6 9 7 7 5 7 6 9 6 26 7 6 7 6 0 30 0 19 0 6 0 5 0 0 0 7 7 6 7 5 7 8 0 16 6 6 0 4 4 0 0 0 0 0 0 0 9 25 13 13 28 23 22 0 0 0 0 0 0 0 0 0 0 0 6 0 70 0 7 0 0 7 6 7 7 1 0 0 0 0 0 0 0 0 0 0 0 23 2 18 0 0 0 0 0 4 0 0 6 0 0 0 0 7 0 218 0 314 144 0 0 0 0 0 0 0 246 0 202 172 46 0 0 2
0 0 0 0 2 0 0 15 3 0 0 0 9 0 0 7 98 7 4 4 4 5 0 4 0 0 0 3 5 4 4 3 8 3 5 4 13 2 5 5 3 0 15 0 11 0 0 0 2 0 0 0 4 4 3 3 2 4 4 0 11 3 3 0 2 2 2 0 0 0 0 0 0 4 15 10 9 19 14 13 0 0 587 0 0 0 0 0 0 0 0 3 0 30 0 3 0 0 4 3 4 4 0 0 0 0 0 0 0 0 0 0 0 0 12 1 8 0 0 0 0 0 1 0 0 3 0 0 0 0 0 0 0 0 110 0 0 0 0 0 0 0 0 78 0 30 0 21 0 0 1
12 23 20 8 21 12 14 99 23 5 23 34 61 20 113 60 890 65 30 28 37 133 5 30 12 0 13 26 46 39 31 25 82 32 44 34 127 52 57 51 26 0 139 0 97 0 56 15 26 9 0 0 34 33 34 31 32 33 36 0 139 26 27 0 19 0 0 33 0 7 15 0 0 110 124 83 82 167 112 99 0 0 9572 0 0 0 0 0 0 0 0 25 21 349 11 31 0 0 31 25 31 31 25 0 0 0 38 0 0 0 0 0 0 0 104 11 73 6 0 0 0 0 19 0 0 26 0 0 17 24 1429 1459 1746 0 1774 1584 1380 987 955 1169 1002 786 1068 1449 0 1421 1403 231 75 0 9
0 0 0 0 1 0 0 5 1 0 0 0 3 0 0 2 43 3 2 1 1 0 0 2 0 0 0 1 2 1 1 1 4 0 2 1 5 0 2 2 1 0 6 0 4 0 0 0 0 0 0 0 1 1 0 1 0 2 2 0 3 1 1 0 0 1 1 0 0 0 0 0 0 0 5 0 0 0 1 4 0 0 300 0 0 0 0 0 0 0 0 1 0 9 0 1 0 0 2 1 2 2 0 0 0 0 0 0 0 0 0 0 0 0 4 0 4 0 0 0 0 0 0 0 0 1 0 0 0 0 0 0 0 0 0 0 0 0 0 0 0 0 0 0 0 0 0 5 0 0 0
0 0 0 0 3 1 0 15 3 0 0 0 9 0 0 8 122 8 4 4 4 0 0 3 1 0 0 3 6 4 4 3 10 2 6 4 16 1 7 6 3 0 18 0 12 0 0 0 3 0 0 0 4 4 3 4 2 5 5 0 13 4 4 0 2 2 3 0 0 0 0 0 0 0 15 5 5 14 12 14 0 0 912 0 0 0 0 0 0 0 0 3 0 41 0 4 0 0 4 3 4 4 0 0 0 0 0 0 0 0 0 0 0 0 14 1 9 0 0 0 0 0 2 0 0 3 0 0 0 0 0 0 64 0 166 0 0 0 0 0 0 0 0 124 0 79 48 25 0 0 1
0 0 0 0 6 3 0 26 7 0 0 0 16 1 0 21 247 18 9 8 10 22 0 9 3 0 0 8 16 12 9 8 32 9 14 12 38 14 21 19 8 0 39 0 27 0 13 0 7 0 0 0 9 9 9 9 7 9 10 0 48 7 8 0 5 0 0 0 0 0 0 0 0 15 30 16 16 34 30 25 0 0 4106 0 0 0 0 0 0 0 0 7 2 91 0 8 0 0 9 8 9 9 3 0 0 0 0 0 0 0 0 0 0 0 21 3 27 1 0 0 0 0 5 0 0 7 0 0 0 3 109 105 331 0 424 250 0 0 0 21 0 0 0 336 0 293 263 61 12 0 2
1 6 9 1 10 6 6 42 12 0 11 15 26 10 46 37 405 31 15 14 17 49 1 15 6 0 3 13 28 22 16 13 59 18 24 21 65 30 38 34 13 0 66 0 45 0 29 6 13 1 0 0 16 16 15 15 14 16 17 0 90 13 14 0 9 10 0 0 0 0 3 0 0 32 49 31 30 61 54 41 0 0 7950 0 0 0 0 0 0 0 0 12 10 158 5 14 0 0 15 13 15 15 12 0 0 0 0 0 0 0 0 0 0 0 0 5 51 2 0 0 0 0 8 0 0 12 0 0 4 10 444 448 684 0 757 584 353 0 17 337 109 0 138 611 0 573 547 107 47 0 4
0 5 8 0 9 5 5 37 12 0 10 14 23 9 41 36 376 28 14 13 16 41 1 14 5 0 2 12 27 21 15 13 60 17 23 21 62 29 38 35 12 0 62 0 42 0 28 0 12 0 0 0 15 15 14 14 12 15 16 0 90 12 13 0 8 0 0 0 0 0 1 0 0 23 43 25 25 51 49 35 0 0 8340 0 0 0 0 0 0 0 0 11 0 134 0 13 0 0 14 12 14 14 0 0 0 0 0 0 0 0 0 0 0 0 42 2 49 2 0 0 0 0 8 0 0 12 0 0 4 9 405 409 632 0 703 538 319 0 0 313 95 0 116 567 0 531 506 100 50 0 4
0 0 4 0 5 3 2 20 6 0 5 7 12 5 0 21 204 15 8 7 8 0 0 7 1 0 0 7 15 11 8 7 35 7 13 11 0 11 22 20 6 0 34 0 0 0 12 0 6 0 0 0 8 8 7 7 0 8 7 0 45 6 7 0 3 0 0 0 0 0 0 0 0 0 21 8 9 20 24 17 0 0 4749 0 0 0 0 0 0 0 0 6 0 72 0 7 0 0 8 7 8 8 0 0 0 0 0 0 0 0 0 0 0 0 0 1 29 1 0 0 0 0 3 0 0 6 0 0 0 1 88 98 273 0 349 204 0 0 0 0 0 0 0 281 0 232 205 52 11 0 2
0 1 7 0 8 5 5 33 11 0 9 13 21 8 0 33 339 26 12 12 14 21 0 12 4 0 0 11 25 19 13 12 57 14 21 19 56 24 35 32 10 0 56 0 0 0 25 0 11 0 0 0 13 13 13 12 0 13 13 0 79 11 12 0 7 0 0 0 0 0 0 0 0 12 38 21 21 44 44 31 0 0 7739 0 0 0 0 0 0 0 0 10 3 126 0 12 0 0 13 11 13 13 5 0 0 0 0 0 0 0 0 0 0 0 0 2 46 2 0 0 0 0 6 0 0 10 0 0 1 7 338 353 555 0 625 466 235 0 0 230 0 0 18 507 0 460 433 90 41 0 3
0 5 11 0 12 7 7 44 16 0 13 19 27 12 58 53 485 38 18 17 21 58 1 19 7 0 3 17 28 23 19 13 20 24 25 19 77 41 18 26 17 0 82 0 50 0 44 1 16 0 0 0 20 19 19 18 17 19 21 0 63 16 18 4 11 0 0 0 0 0 3 0 0 27 50 29 29 59 65 41 0 0 0 0 0 0 0 6 0 0 1 16 14 192 10 17 0 0 18 17 18 18 17 0 0 0 0 0 0 0 0 0 0 0 50 5 77 3 0 0 0 0 10 0 0 16 0 0 0 14 614 622 862 0 926 753 532 179 187 411 205 0 304 751 0 716 691 134 0 0 5
0 0 6 0 8 5 4 30 10 0 8 11 19 8 25 32 313 24 12 11 13 16 0 12 3 0 0 11 24 18 12 11 56 13 20 18 53 23 34 31 11 0 52 0 34 0 23 0 10 0 0 0 12 12 12 11 9 12 13 0 80 10 11 0 7 0 0 0 0 0 0 0 0 7 33 15 16 34 39 28 0 0 7784 0 0 0 0 2 0 0 0 10 9 123 5 11 0 0 12 11 12 12 10 0 0 0 0 0 0 0 0 0 0 0 32 3 46 1 0 0 0 0 6 0 0 10 0 0 0 5 280 281 496 0 571 411 189 0 0 205 0 0 0 459 0 422 396 82 38 0 3
0 0 0 0 1 11830 8079 5 1 0 1 1 4 1 0 4 42 3 2 2 1 0 0 0 0 0 0 1 2 1 1 1 2 0 2 1 4 0 1 2 1 0 6 0 2 7269 0 0 1 0 0 0 1 1 0 1 0 2 2 0 0 1 2 0 0 1 0 0 6656 0 0 0 8422 0 1 0 0 0 1 4 0 0 0 0 0 0 0 0 0 0 0 1 3 15 0 11 0 0 2 1 2 2 0 0 0 0 0 0 0 0 0 0 0 0 4 7 12 0 0 0 0 0 1 0 0 1 0 0 0 0 0 0 0 0 13 0 0 0 0 0 0 0 0 0 0 0 0 4 0 0 0
32 40 40 20 36 22 24 124 50 17 42 61 79 53 252 176 1505 118 56 52 68 299 19 63 28 13 35 53 93 78 62 41 67 89 79 64 252 162 60 85 54 8 262 0 162 9 170 28 50 0 0 0 63 62 63 57 62 60 64 0 223 49 56 23 59 0 48 0 0 21 33 0 0 142 154 105 104 198 215 121 0 0 0 0 0 0 0 31 32 0 50 51 49 600 36 54 0 10 56 54 56 56 56 0 18 124 0 0 0 0 0 0 0 0 183 22 260 13 0 0 0 0 34 0 0 50 0 0 37 67 2554 2609 3021 670 3029 2766 2516 1972 1896 1989 1819 1693 2040 2479 0 2449 2431 440 2 0 15
0 0 0 0 2 1 0 6 2 0 1 1 4 2 0 7 65 5 2 2 2 0 0 1 0 0 0 2 5 3 2 2 11 0 4 3 9 0 6 6 2 0 10 0 5 0 0 0 2 0 0 0 2 2 1 2 0 3 3 0 11 2 2 0 0 1 0 0 0 0 0 0 0 0 3 0 0 0 3 5 0 0 1409 0 0 0 0 0 0 0 0 2 0 24 0 2 0 0 2 2 2 2 1 0 0 0 0 0 0 0 0 0 0 0 7 0 9 0 0 0 0 0 1 0 0 2 0 0 0 0 0 0 0 0 60 0 0 0 0 0 0 0 0 38 0 0 0 10 0 0 1
0 0 0 0 2 1 0 8 3 0 1 2 5 2 0 8 81 6 3 3 3 0 0 2 0 0 0 3 6 4 3 3 14 0 5 4 12 0 8 8 3 0 13 0 7 0 0 0 3 0 0 0 3 3 2 3 0 3 3 0 15 3 3 0 1 2 0 0 0 0 0 0 0 0 5 0 0 0 5 7 0 0 1811 0 0 0 0 0 0 0 0 2 1 30 0 3 0 0 3 3 3 3 1 0 0 0 0 0 0 0 0 0 0 0 9 0 11 0 0 0 0 0 1 0 0 2 0 0 0 0 0 0 4 0 93 0 0 0 0 0 0 0 0 66 0 27 0 15 0 0 1
0 0 0 0 2 7 0 1 1 0 23 29 1 0 2499 404 3 2 1 1 0 6198 2 0 0 0 0 5 7 0 7 0 7 0 141 0 860 3561 0 14 11 6 2 0 26 0 0 7 5 2 8 0 3 4 6 7 6 5 11 179 14 32 11 0 0 4 7 0 2 13 14 12 3 0 0 1 2 1 3920 3 0 0 0 0 0 0 0 15 0 0 0 27 14 3 3 82 0 0 5 0 5 5 2 0 0 24 0 0 0 0 0 0 0 0 23 5 8 1 0 0 0 45 73 0 0 0 0 0 0 0 0 0 0 0 0 0 0 0 0 0 0 0 0 0 0 0 0 0 0 0 0
16 8 0 0 8 0 0 2 5 14 0 0 0 0 0 197 24 1 0 1 0 2159 0 17 0 0 0 1 99 34 1 23 54 0 58 50 120 71 0 5 0 0 9 0 0 0 0 2 2 0 1 0 1 1 0 3 1 1 0 67 0 7 49 153 0 0 1 0 0 0 0 0 0 0 4 0 0 0 74 0 0 0 0 0 0 0 0 0 0 0 0 1 2 5 0 9 0 0 1 3 1 1 0 0 0 0 0 0 0 0 0 0 0 0 24 1 2 1 0 0 0 89 35 0 0 0 0 59 79 0 18 30 20 0 30 21 0 0 0 0 0 29 0 42 0 27 23 1989 0 0 0
0 0 3 0 4 1 0 9 5 0 30 11 0 22 0 11 71 10 2 2 0 210 8 0 2 0 30 36 14 28 0 2 14 0 9 7 0 0 13 2 43 14 11 0 8 0 0 23 56 50 16 0 64 63 65 47 58 59 61 70 22 887 847 0 28 265 226 0 0 7 0 0 0 2 7 3 3 5 14 4 1385 0 0 0 9 0 0 0 4 0 0 0 7 21 0 14 0 0 6 670 6 6 4 0 0 0 0 0 0 0 0 32 0 0 0 26 29 0 0 0 0 0 3 0 0 3 0 0 0 0 93 101 135 59 117 106 95 106 100 98 93 92 104 115 39 116 116 156 28 0 0
0 0 0 0 0 0 0 0 0 0 0 0 0 0 0 0 0 0 0 0 0 0 0 0 0 0 0 0 0 0 0 0 0 0 0 0 0 0 0 0 0 0 0 0 0 0 0 0 0 0 0 0 0 0 0 0 0 0 0 0 0 0 0 0 0 0 0 0 0 0 0 0 0 0 0 0 0 0 0 0 0 0 0 0 0 0 0 0 0 0 0 0 0 0 0 0 0 0 0 0 0 0 0 0 0 0 0 0 0 0 0 0 0 0 0 0 0 0 0 0 0 0 0 0 0 0 0 0 0 0 0 0 0 0 0 0 0 0 0 0 0 0 0 0 0 0 0 0 0 0 0
