158
0 0 0 0 0 1 0 501 113 17 49 0 0 1 0 1 4 0 0 1 0 0 1 0 0 92 39 0 18 124 0 53 89 76 62 0 0 0 0 0 16 1 0 0 4 1 0 4 2 1 0 2 2 2 3 2 0 2 3 1 0 2 0 0 0 2 1160 576 1222 0 572 0 3 4 6 0 2 0 2 3 3 6 5 2 0 0 0 0 2688 0 1 0 0 0 0 0 20 0 0 3 0 0 0 0 0 0 0 0 0 0 0 0 0 0 0 0 0 0 0 0 0 3 0 0 0 0 0 0 0 0 0 0 0 0 0 9 0 4 0 36 39 12 0 0 0 0 0 0 0 0 0 0 0 0 0 0 0 0
0 0 0 0 0 0 0 380 0 1643 0 100 160 1 0 0 3 0 0 0 0 0 0 0 0 44 0 0 0 60 0 25 42 0 28 0 0 0 0 0 2 0 0 0 0 0 0 0 0 0 0 0 0 0 0 0 0 0 0 0 0 0 0 0 0 1 0 1 0 0 0 0 0 0 0 0 0 1 2 2 2 4 3 1 0 0 0 0 0 0 0 0 0 0 0 0 63 0 0 2 0 0 0 0 0 0 0 0 0 0 0 0 0 0 0 0 0 0 0 0 0 2 0 0 0 0 0 0 0 0 0 0 0 0 0 13 0 6 0 25 28 12 0 0 0 0 0 0 0 0 0 0 0 0 0 0 0 0
10 8 0 6 4 11 25 19 23 26 146 0 2 13 0 2 7 0 0 5 0 0 1 0 0 1062 443 0 215 1399 292 588 1032 1457 1521 51 0 0 0 1 0 1 0 0 14 4 0 15 7 9 0 8 9 7 11 7 1 8 12 3 0 9 0 291 0 5 4 3 1 0 27 0 0 0 0 0 0 8 5 6 6 13 9 4 0 0 0 0 0 0 7 0 2322 0 0 0 342 0 0 6 0 2 0 0 0 0 0 0 0 0 0 0 0 0 0 20 0 0 0 0 0 0 0 0 0 0 0 0 0 0 0 0 0 0 0 14 0 8 0 73 79 22 0 0 0 0 0 0 0 0 0 0 2 0 0 4 0 0
0 0 0 0 0 0 0 0 0 0 0 0 0 0 0 0 2 0 0 0 0 0 0 0 0 0 0 0 0 0 0 0 0 0 0 0 0 0 0 0 0 0 0 0 0 0 0 0 0 0 0 0 0 0 0 0 0 0 0 0 0 0 0 1 0 0 0 0 0 0 2 0 0 0 0 0 0 1 1 1 1 2 1 1 0 0 0 0 0 0 0 0 0 0 0 0 0 0 0 1 0 0 0 0 0 0 0 0 0 0 0 0 0 0 0 0 0 0 1 0 0 0 0 0 0 0 1 0 0 0 0 0 0 0 0 0 0 0 0 9 9 0 0 0 0 0 0 0 0 0 0 0 0 0 0 0 0 0
1 1 0 1 0 14330 7 0 30 0 43 0 1 0 0 0 0 0 0 0 0 0 0 0 0 81 34 0 14 107 19 45 2410 426 51 0 0 0 0 0 0 0 0 0 0 0 0 0 0 0 0 0 0 0 0 0 0 0 0 0 0 0 0 0 0 1 1 0 0 0 0 0 0 0 0 0 0 0 0 0 0 0 0 0 0 0 0 0 0 0 0 0 0 0 0 0 0 0 0 0 0 0 0 0 0 0 0 0 0 0 0 0 0 0 0 0 0 0 0 0 0 0 0 0 0 0 0 0 0 0 0 0 0 0 0 0 0 0 0 0 0 0 0 0 0 0 0 0 0 0 0 0 0 0 0 0 0 0
0 0 0 0 0 0 0 0 0 0 0 0 0 0 0 0 0 0 0 0 0 0 0 0 0 0 0 0 0 3 0 1 0 0 1 0 0 0 0 0 0 0 0 0 0 0 0 0 0 0 0 0 0 0 0 0 0 0 0 0 0 0 0 0 0 0 0 0 0 0 0 0 0 0 0 0 0 0 0 0 0 0 0 0 0 0 0 0 0 0 0 0 0 0 0 0 0 0 0 0 0 0 0 0 0 0 0 0 0 0 0 0 0 0 0 0 0 0 0 0 0 0 0 0 0 0 0 0 0 0 0 0 0 0 0 0 0 0 0 0 0 0 0 0 0 0 0 0 0 0 0 0 0 0 0 0 0 0
0 1 0 1 0 3 0 18427 1814 1006 700 0 985 510 0 5 25 12 0 24 2 119 5 37 11 273 113 0 67 363 0 153 205 0 367 0 435 16 145 3 194 100 0 0 1 2 0 4 3 3 0 3 4 3 3 3 2 2 3 2 2 2 1 14 0 12 0 2821 1 0 7 0 0 14 19 16 59 19 47 41 47 59 65 32 0 0 0 0 0 34 0 0 439 0 0 0 468 0 0 6699 0 2 0 0 0 0 0 0 1 253 0 0 18 0 0 0 11 0 1 0 0 0 0 0 0 0 7 0 0 0 0 0 0 0 0 487 360 193 0 337 408 350 2 5 0 0 14 0 16 27 9 0 20 12 76 0 0 0
0 0 0 1 1 2 0 0 0 0 166 0 25 0 0 0 0 0 0 0 0 0 0 0 0 7530 0 0 0 0 0 2 3131 0 0 0 0 1 0 11671 0 0 0 0 0 0 0 0 0 0 0 0 0 0 0 0 0 0 0 0 0 0 0 0 0 1 1 0 0 0 0 0 2 442 0 0 0 0 0 0 0 0 0 0 0 0 0 0 0 0 15 0 0 0 0 0 0 0 0 0 0 0 0 0 0 0 0 0 0 0 0 0 0 0 0 0 0 0 0 0 0 0 0 0 0 0 0 0 0 0 0 0 0 0 0 0 0 0 0 0 0 0 0 0 0 0 0 0 0 0 0 0 0 0 0 0 0 0
0 4716 0 36 0 74 0 7 0 4 1146 0 13 0 0 0 0 0 0 0 0 0 0 0 0 6597 21168 0 1132 7915 0 3622 6160 179 3247 10008 0 0 0 0 0 0 0 0 0 0 0 0 0 0 0 0 0 0 0 0 0 0 0 0 0 0 0 45 0 35 31 21 18 0 217 0 0 0 0 0 0 0 3173 317 0 0 0 0 0 0 0 0 0 0 16 0 0 0 0 0 0 0 0 0 0 0 0 0 0 0 0 0 0 0 0 0 0 0 0 0 0 0 0 0 0 0 0 0 0 0 0 0 0 0 0 0 0 0 0 0 0 0 0 0 0 0 0 0 0 0 0 0 0 0 0 0 0 0 0 0 502 0
0 0 0 2 0 7 0 2 0 0 60 0 5 0 0 4 9 0 0 0 0 0 2 0 0 0 0 7495 0 0 0 2 0 0 0 0 0 0 2 1 0 1 0 0 0 0 0 0 0 0 0 0 0 0 0 0 0 0 0 0 0 0 1 8 0 6 6 3 0 0 29 0 0 0 0 0 0 4 8 9 10 21 15 7 0 0 0 0 0 0 1 0 0 0 0 0 0 0 0 9 0 0 0 0 0 0 0 0 0 0 0 0 0 0 0 293 5 0 6 3 4 14 0 0 0 0 0 0 0 0 0 0 0 5 17 164 99 66 0 152 179 125 0 2 0 0 0 0 1 1 1 0 6 3 0 70 33 0
0 2321 0 5100 0 0 0 0 0 0 0 0 5219 0 0 0 1 0 0 0 0 0 0 0 0 0 0 0 1937 0 0 0 0 0 0 0 0 0 0 0 0 0 0 0 0 0 0 0 0 0 0 0 0 0 0 0 0 0 0 0 0 0 0 0 0 0 0 0 0 0 0 0 0 0 0 0 0 0 0 0 0 0 0 0 0 0 0 0 0 0 0 0 0 0 0 0 0 0 0 0 0 0 0 0 0 0 0 0 0 0 0 0 0 0 0 0 0 0 0 0 0 0 0 0 0 0 0 0 0 0 0 0 0 0 0 0 0 0 0 0 0 0 0 0 0 0 0 0 0 0 0 0 0 0 0 0 0 0
546 0 9 128 20 386 45912 415 177 23 2581 0 57 0 0 0 0 0 0 0 0 0 0 0 0 1644 686 0 282 1419 41847 903 1345 0 602 0 0 0 0 0 0 0 0 0 0 0 0 0 0 0 0 0 0 0 0 0 0 0 0 0 0 0 0 109 9 86 77 51 1 0 526 0 0 0 0 0 0 49 0 0 0 0 0 0 0 0 0 0 0 0 30 0 0 0 0 0 45 0 0 0 0 0 0 0 0 0 0 0 0 0 0 0 0 0 0 0 0 0 0 0 0 0 0 0 0 0 0 0 0 0 0 0 0 0 0 0 0 0 0 0 0 0 0 0 0 0 0 0 0 0 0 0 0 0 0 0 95 0
0 0 0 0 0 0 0 0 0 0 0 0 0 0 0 1022 0 0 0 0 216 0 0 41 6 0 0 0 0 0 0 0 0 0 0 0 0 0 0 0 0 0 0 0 0 0 0 0 0 0 0 0 0 0 0 0 0 0 0 0 0 0 0 3 0 2 1 1 0 1 13 0 1 604 5 4 2 1 2 1 2 3 3 1 0 0 0 0 0 0 0 0 0 0 0 0 0 0 0 16 0 0 0 0 0 0 0 0 0 0 0 0 0 0 0 0 0 0 0 0 0 0 0 0 0 0 0 0 0 0 0 0 0 0 0 8 1 4 0 16 18 8 0 0 0 0 0 0 0 0 0 0 0 0 202 0 0 0
0 0 0 0 0 0 0 0 0 0 13 0 0 0 0 0 0 0 0 0 1 0 0 0 0 0 0 0 10 0 0 0 41 0 0 0 0 0 0 135 0 516 0 0 0 0 0 0 0 0 0 0 0 0 0 0 0 0 0 0 0 0 0 0 0 0 0 7 15 0 8 0 1 6 0 0 0 0 0 0 0 0 0 0 0 0 0 0 0 0 0 0 0 0 0 0 0 0 0 0 0 0 0 0 0 0 0 0 0 0 0 0 0 0 0 0 0 0 0 0 0 0 0 0 0 0 0 0 0 0 0 0 0 0 0 0 0 0 0 0 0 0 0 0 0 0 0 0 1 1 1 0 2 1 0 18 0 0
0 0 0 0 0 0 0 0 0 0 0 0 0 0 0 0 0 0 0 0 0 0 0 0 0 0 0 0 0 0 0 0 0 0 0 0 0 0 0 0 0 0 0 0 0 0 0 0 0 0 0 0 0 0 0 0 0 0 0 0 0 0 0 0 0 0 0 0 0 0 0 0 0 0 0 0 0 0 0 0 0 0 0 0 0 0 0 0 0 0 0 0 0 0 0 0 0 0 0 0 0 0 0 0 0 0 0 0 0 0 0 0 0 0 0 0 0 0 0 0 0 0 0 0 0 0 0 0 0 0 0 0 0 0 0 0 0 0 0 0 0 0 0 0 0 0 0 0 0 0 0 0 0 0 0 0 0 0
0 0 0 0 0 0 0 0 0 0 0 0 0 0 0 0 0 0 0 0 0 0 0 0 0 0 0 0 0 0 0 0 0 0 0 0 0 0 0 0 0 0 0 0 0 0 0 0 0 0 0 0 0 0 0 0 0 0 0 0 0 0 0 0 0 0 0 0 0 0 0 0 0 0 0 0 0 0 0 0 0 0 0 0 0 0 0 0 0 0 0 0 0 0 0 0 0 0 0 0 0 0 0 0 0 0 0 0 0 0 0 0 0 0 0 0 0 0 0 0 0 0 0 0 0 0 0 0 0 0 0 0 0 0 0 0 0 0 0 0 0 0 0 0 0 0 0 0 0 0 0 0 0 0 0 0 0 0
0 0 0 0 0 0 0 0 0 0 0 0 0 0 0 0 0 0 0 0 0 0 0 0 0 0 0 0 0 0 0 0 0 0 0 0 0 0 0 0 0 0 0 0 0 0 0 0 0 0 0 0 0 0 0 0 0 0 0 0 0 0 0 0 0 0 0 0 0 0 0 0 0 0 0 0 0 0 0 0 0 0 0 0 0 0 0 0 0 0 0 0 0 0 0 0 0 0 0 0 0 0 0 0 0 0 0 0 0 0 0 0 0 0 0 0 0 0 0 0 0 0 0 0 0 0 0 0 0 0 0 0 0 0 0 0 0 0 0 0 0 0 0 0 0 0 0 0 0 0 0 0 0 0 0 0 0 0
2 19 21 593 169 19 0 3 0 0 164 1 295 119 14 50 0 0 0 1434 11408 156 1 216 19361 179 2 4 149 1 3 14 5 2 22 48 0 6 3 3 15 20 3 0 3361 780 0 21 10 13 0 11 12 9 16 11 2 11 16 4 0 5495 0 55 412 23929 3999 2396 4216 4306 1948 869 255 1791 34 120 169 140 30 13 4 3 4 5 10 0 2 0 2 3 0 51 5 0 0 0 22 0 0 0 0 0 0 0 0 0 0 0 0 0 0 0 228 0 0 0 0 0 0 0 49 4 0 1 0 0 0 0 0 0 0 0 0 0 0 0 0 0 0 0 0 0 0 1 0 0 14 5 23 440 341 0 819 12 0 0 7 1033
1973 1039 2580 459 2028 1052 580 3051 3689 4703 588 2762 485 135 0 34 208 40 0 2170 173 2718 38 9638 699 648 727 61 105 795 636 378 601 874 1244 1148 0 216 254 140 1038 2275 174 0 33774 8009 222 311 262 274 236 267 275 261 288 252 229 266 290 238 222 404 2 1496 671 1219 775 4873 805 799 512 513 9082 8518 1360 1703 2660 2352 347 293 245 149 303 2675 470 9 14 0 2001 3 627 0 2127 0 62104 0 448 0 0 10 0 7 0 0 0 0 0 218 0 604 0 0 0 0 0 629 0 0 0 0 0 0 0 0 0 14 3 0 0 0 299 180 6 32 44 209 200 250 172 197 220 171 198 185 179 146 218 200 206 2375 1742 163 4327 195 871 310 239 1
0 0 0 0 0 0 0 0 0 0 0 0 0 0 0 0 0 0 0 0 0 0 0 0 0 0 0 0 0 0 0 0 0 0 0 0 0 0 0 0 0 0 0 0 0 0 0 0 0 0 0 0 0 0 0 0 0 0 0 0 0 0 0 0 0 0 0 0 0 0 0 0 0 0 0 0 0 0 0 0 0 0 0 0 0 0 0 0 0 0 0 0 0 0 0 0 0 0 0 0 0 0 0 0 0 0 0 0 0 0 0 0 0 0 0 0 0 0 0 0 0 0 0 0 0 0 0 0 0 0 0 0 0 0 0 0 0 0 0 0 0 0 0 0 0 0 0 0 0 0 0 0 0 0 0 0 0 0
0 0 0 0 0 0 0 0 0 0 0 0 0 0 0 1 0 0 0 0 0 3 0 0 0 0 0 0 0 0 0 0 0 0 0 0 0 0 0 0 0 1 0 0 1 0 0 6 0 0 0 0 6 0 1 0 0 0 1 0 0 0 0 0 0 0 0 0 0 0 0 0 0 0 0 0 0 0 0 0 0 0 128 0 0 0 0 0 0 1 0 0 0 0 0 0 0 0 0 0 0 0 0 0 0 0 0 0 0 0 0 0 0 0 0 0 0 0 0 0 0 0 0 0 0 0 0 0 0 0 0 0 0 0 0 0 0 0 0 0 0 0 0 0 0 0 2 0 0 0 0 0 0 0 0 0 0 0
0 0 0 0 0 0 0 0 0 0 0 0 0 0 0 10 0 0 0 0 0 0 0 0 0 0 0 0 0 0 0 0 0 0 0 1 0 0 2 1 0 14 0 0 17 5 0 135 7 9 0 8 129 6 11 8 2 8 12 3 1 9 11 0 0 2 0 7 11 0 14 0 10 18 8 0 0 0 0 0 0 0 2640 54 0 0 0 0 0 0 0 0 0 0 0 0 0 0 0 0 0 0 0 0 0 0 0 0 0 0 0 0 0 0 0 0 0 0 0 0 0 0 0 0 0 0 0 0 0 0 0 0 0 0 0 0 0 0 0 0 0 0 0 0 0 0 79 36 0 0 0 0 1 0 0 0 0 0
0 0 0 0 0 0 0 0 0 0 0 0 0 0 0 0 0 0 0 0 17 0 0 0 0 0 0 0 0 0 0 0 0 0 0 0 0 0 0 0 0 0 0 0 0 0 0 0 0 0 0 0 0 0 0 0 0 0 0 0 0 0 0 0 0 0 0 0 0 0 0 0 0 0 0 0 0 0 0 0 0 0 0 0 0 0 0 0 0 0 0 0 0 0 0 0 0 0 0 0 0 0 0 0 0 0 0 0 0 0 0 0 0 0 0 0 0 0 0 0 0 0 0 0 0 0 0 0 0 0 0 0 0 0 0 0 0 0 0 0 0 0 0 0 0 0 0 0 0 0 0 0 0 0 0 0 0 0
2 0 8 0 5 0 0 5 7 3 2 5 0 0 0 346 0 0 0 1 204 19 346 0 0 0 0 0 1 0 0 1 0 0 0 2 0 0 12 0 0 24 0 0 2 1 0 4 2 2 0 2 3 2 3 0 0 1 3 1 1 4 1 0 5 8 0 56 112 0 56 0 92 344 695 0 0 6 0 3 2 0 10 0 0 0 0 0 1 0 0 0 0 0 0 0 1 0 0 0 0 0 0 0 0 0 0 0 0 0 0 0 0 0 0 0 7 0 0 0 0 0 0 0 0 0 0 0 0 0 0 0 0 0 0 0 0 0 0 0 0 0 0 3 0 0 0 0 0 41 29 0 82 0 0 0 0 0
48 10 117 3 69 6 0 66 104 53 27 76 0 10 3 14 0 0 0 3 6 111 21 0 0 10 5 1 13 2 4 5 5 0 4 14 0 0 1 1 0 0 0 0 9 4 0 10 6 7 0 6 0 6 8 0 0 5 9 3 2 137 2 0 447 571 534 314 595 296 275 0 11 5 42 0 30 4 0 0 0 0 0 0 0 0 0 0 49 0 0 0 13 0 0 0 12 0 0 0 0 0 0 0 0 0 0 0 0 0 0 0 0 0 0 0 0 0 0 0 0 0 0 0 0 0 0 0 0 0 0 0 0 0 0 0 0 0 0 0 0 0 0 0 0 0 0 0 0 0 43 0 8 0 0 0 0 0
0 0 0 1 0 0 0 0 0 0 28 0 0 2 7 3 1 0 0 0 0 0 0 0 0 0 16 0 0 283 0 97 88 0 78 46 0 0 3 2 0 0 0 0 0 0 0 0 0 0 0 0 0 0 0 0 0 0 0 0 0 0 0 0 2 10 0 5 3 0 12 0 0 0 0 0 0 22 99 26 17 21 27 12 0 0 0 0 0 0 0 0 0 0 0 0 1 0 0 4 0 0 0 0 0 0 0 0 0 0 0 0 0 0 0 242 0 0 1 0 0 2 0 0 0 0 0 0 0 0 0 0 0 0 15 96 57 33 97 70 76 54 89 1 75 0 75 105 71 71 89 96 4 95 0 82 2 0
0 25 0 0 0 0 0 0 0 0 13 0 0 1 11 2 1 0 0 0 0 0 0 0 0 0 0 0 0 97 0 32 21 0 23 0 0 0 1 1 0 0 0 0 0 0 0 0 0 0 0 0 0 0 0 0 0 0 0 0 0 0 0 0 1 3 0 2 1 0 0 0 0 0 0 0 0 6 31 7 5 5 7 3 0 0 0 0 0 0 0 0 0 0 0 0 1 0 0 0 0 0 0 0 0 0 0 0 0 0 0 0 0 0 0 70 0 0 0 0 0 0 0 0 0 0 0 0 0 0 0 0 0 0 13 0 0 0 7 12 10 0 20 0 2 0 18 17 20 20 24 4 3 27 0 41 0 0
3 2 0 2 1 3 7 0 0 0 37 0 1 3 5 1 1 0 0 0 0 0 0 0 0 305 127 0 59 401 84 168 296 0 190 380 0 1 4 3 0 0 0 0 0 0 0 0 0 0 0 0 0 0 0 0 0 0 0 0 0 0 0 0 5 12 5 6 3 4 51 0 0 0 0 0 0 22 147 34 21 25 32 15 0 0 0 0 0 0 0 5 0 0 0 0 1 0 0 6 0 0 0 0 0 0 0 0 0 63 0 0 10 0 0 356 0 0 0 0 0 5 0 0 0 0 1 0 0 0 0 0 0 3 23 122 75 42 121 87 94 69 109 0 94 18 88 130 81 82 0 120 1 0 1 108 11 0
0 33 0 88 0 1 0 0 0 0 0 0 91 0 61 1 0 0 0 0 0 0 0 0 0 68 32 0 0 141 0 57 83 0 54 0 0 0 0 0 0 0 0 0 0 2 0 2 2 2 0 2 2 2 2 1 2 2 2 2 2 2 0 0 0 0 0 1 1 0 8 0 0 0 0 0 0 3 0 3 3 2 0 0 0 0 0 0 0 0 0 0 0 0 0 0 0 0 0 1 0 0 0 0 0 0 0 0 0 0 0 0 0 0 0 56 0 0 1 0 0 0 0 0 0 0 0 0 0 0 0 0 0 0 0 7 0 0 14 0 13 3 0 0 9 0 0 20 0 1 0 12 1 1 0 20 0 0
0 0 0 0 0 0 0 482 0 393 109 0 0 2 90 3 1 0 0 2 0 1 0 1 0 0 0 0 0 0 0 0 0 0 0 0 0 0 1 88 0 25 0 0 5 50 49 62 63 64 30 64 60 63 64 53 63 63 64 63 63 52 0 0 14 6 34 42 87 63 19 0 0 4 2 1 0 8 32 7 5 5 20 3 0 0 0 0 0 0 0 0 0 0 0 42 50 38 15 43 0 59 7 0 35 35 33 42 5 0 0 0 0 0 0 43 0 0 0 0 0 0 0 0 0 0 0 0 0 0 0 0 0 0 11 0 0 0 6 10 9 0 17 1 1 0 18 16 20 19 23 3 5 25 0 33 0 0
46 42 0 14 0 39 4301 304 2038 6401 795 0 9 33 222 10 5 0 0 0 0 0 1 0 0 421 180 0 134 633 0 262 375 0 291 346 0 5 14 9 0 3 0 0 0 48 50 57 61 60 34 61 57 61 60 52 62 61 60 62 63 48 1 0 20 50 0 26 11 0 175 0 0 1 1 0 0 103 182 86 72 86 112 52 0 0 0 0 0 1 0 69 0 0 0 0 220 0 0 20 0 1 0 0 0 0 0 0 0 185 0 0 123 0 0 1636 0 0 1 0 1 25 0 0 0 0 1 0 0 0 0 0 0 12 129 514 354 181 473 319 355 298 383 406 378 412 321 479 300 296 372 478 271 395 0 514 59 0
0 0 0 0 0 0 0 0 0 0 3 0 0 0 26 0 0 0 0 0 0 0 0 0 0 0 0 0 0 27 0 0 0 0 0 0 0 0 0 0 0 0 0 0 0 14 0 17 18 18 0 18 13 18 18 0 17 17 18 18 18 14 0 0 0 0 0 0 0 0 0 0 0 0 0 0 0 0 6 0 0 0 1 0 0 0 0 0 0 0 0 0 0 0 0 0 0 0 0 0 0 0 0 0 0 0 0 7 0 0 0 0 0 0 0 0 0 0 0 0 0 0 0 0 0 0 0 0 0 0 0 0 0 0 0 0 0 0 0 0 0 0 0 0 0 0 0 0 0 0 0 0 0 0 0 0 0 0
0 0 0 1 0 5 0 0 0 124 53 0 0 0 4 1 0 0 0 0 0 0 0 0 0 0 0 0 0 135 0 45 0 0 101 0 0 0 1 0 0 0 0 0 0 0 0 0 0 0 0 0 0 0 0 0 0 0 0 0 0 0 0 0 0 2 0 1 1 0 0 0 0 0 0 0 0 11 32 6 3 4 6 2 0 0 0 0 0 0 0 0 322 0 0 0 16 0 0 0 0 0 0 0 0 0 0 0 0 0 0 0 0 0 0 0 0 0 0 0 0 0 0 0 0 0 0 0 0 0 0 0 0 0 0 0 0 0 0 5 2 0 11 0 0 0 10 7 12 0 0 0 2 1 0 0 0 0
0 4374 0 8040 0 43 23 11537 0 9669 1843 1426 8886 59 632 16 7 0 0 12 1 38 1 7 25 4646 3299 605 3738 5159 576 2140 3919 0 2878 226 0 15 27 1033 12 193 0 0 34 49 49 82 67 71 32 69 69 66 76 66 55 68 77 58 52 64 1 719 121 98 583 321 618 630 590 0 0 59 73 10 49 294 215 147 133 157 209 98 0 0 0 0 0 1 0 118 1304 0 61 171 736 173 60 197 170 224 135 131 131 131 130 0 21 328 0 0 222 0 0 1863 0 0 2 4 4 38 0 0 0 0 0 0 0 0 0 0 0 6 169 961 672 340 878 587 657 560 694 736 705 850 590 884 546 541 680 888 496 718 0 616 153 0
0 0 0 0 0 0 0 1328 0 997 127 0 0 3 195 17 2 0 0 5 0 0 0 0 0 0 0 0 0 70 0 29 0 0 0 0 0 0 4 128 0 65 0 0 13 79 49 102 102 103 11 102 89 102 104 29 95 101 104 100 99 84 0 0 36 13 142 111 233 165 81 0 0 7 3 1 0 14 19 6 7 5 12 4 0 0 0 0 0 0 0 0 182 0 20 133 112 129 46 126 0 174 85 72 103 103 101 0 16 0 0 0 0 0 0 0 0 0 2 0 0 0 0 0 0 0 0 0 0 0 0 0 0 0 26 0 0 0 12 8 7 0 22 30 2 0 41 16 57 48 41 7 44 50 0 56 20 0
1 214 0 388 1 2 18 1469 0 800 101 181 396 0 422 13 3 0 0 5 0 0 0 0 0 0 71 0 7 136 0 92 134 0 61 0 0 0 3 182 0 54 0 0 15 196 190 241 251 250 179 251 199 251 250 0 244 250 250 251 251 202 0 0 41 14 190 129 272 145 123 0 0 8 2 0 0 9 1 0 2 0 4 0 0 0 0 0 0 2 0 0 60 0 59 171 108 170 59 159 169 221 134 129 131 131 129 0 20 0 0 0 0 0 0 25 0 0 1 0 0 0 0 0 0 0 0 0 0 0 0 0 0 0 48 0 0 0 0 0 0 0 0 4 0 0 17 0 30 23 14 0 22 20 0 83 77 0
0 0 0 0 0 0 0 0 0 0 0 0 0 0 141 5 0 0 0 0 0 0 0 0 0 0 0 0 0 0 0 2 0 0 5 2 0 0 1 0 0 0 0 0 9 12 3 14 13 13 1 13 14 13 13 13 14 13 13 13 14 11 0 1 0 1 0 1 0 0 0 0 4 0 1 1 3 7 32 8 11 5 27 5 0 0 0 0 0 0 0 0 0 0 0 0 0 0 0 0 0 0 0 0 0 0 0 0 0 0 0 0 0 0 0 0 1 0 0 0 0 0 0 0 0 0 0 0 0 0 0 0 0 0 0 0 0 0 0 0 0 0 0 1 0 0 5 0 8 6 4 0 8 6 0 0 0 0
5 1 10 0 7 1 0 0 11 5 122 11 0 39 70 3 16 0 0 3 2 202 3 189 1 0 1 0 102 0 0 2 6 0 2 1 41 0 4177 23 0 144 30 0 1 0 0 1 0 0 0 0 0 0 1 0 0 0 1 0 0 3 0 0 21 12 32 27 49 41 27 18 282 94 27 29 202 0 0 0 0 0 0 0 0 0 0 0 5 210 0 74 0 0 0 0 4 0 0 0 0 1 0 0 0 0 0 0 1 0 0 0 0 0 0 0 0 0 3 6 13 0 0 0 0 0 0 0 0 0 0 0 0 0 0 0 0 0 0 0 0 0 0 3 0 0 49 10 0 4 5 0 10 4 0 0 36 0
2 0 5 0 5 0 0 5 8 0 4 8 1 1 9 0 60 0 0 1 0 0 11 0 0 0 0 0 2 0 0 0 0 0 0 0 0 0 0 2 327 870 0 0 8 2 0 9 4 5 0 4 6 4 6 4 1 4 6 1 0 5 0 0 0 2 0 3 2 0 1 0 44 6 0 4 0 71 13 0 2839 0 35 102 0 0 0 0 3 1 0 0 0 0 0 6 23 8 1 2 6 71 0 0 5 5 5 0 1 0 0 0 0 0 0 0 0 0 1 0 0 27 0 0 0 0 0 0 0 0 0 0 0 0 0 0 0 0 0 0 0 0 0 0 0 0 35 0 0 1 1 0 6 3 0 0 0 0
0 0 0 0 0 0 0 0 0 0 43 0 0 0 0 0 2 0 0 0 0 0 0 1 0 0 0 0 36 0 0 0 306 0 0 0 0 0 0 0 0 0 0 0 0 0 0 0 0 0 0 0 0 0 0 0 0 0 0 0 0 0 0 0 0 0 0 0 0 0 0 0 0 41 0 0 0 0 0 0 0 0 0 0 0 0 0 0 0 0 0 21 0 2 0 0 3 0 0 1 0 4 0 0 8 8 8 0 1 0 0 0 49 0 0 0 0 0 0 0 0 0 0 0 0 0 0 0 0 0 0 0 0 0 0 0 0 0 0 0 0 0 0 0 0 0 0 0 0 0 0 0 0 0 0 0 0 0
0 0 27 3 16 6 0 14 25 12 81 20 2 3099 0 105 81 0 0 3 64 407 336 544 173 90 85 6 70 85 63 48 125 0 123 105 19 271 0 176 0 73 382 0 14 11 0 28 14 15 0 15 25 14 17 10 11 14 17 12 10 14 12 72 164 19 0 33 43 14 81 0 295 860 967 70 269 62 109 97 59 70 245 59 0 0 0 0 12 31 0 44 288 0 0 0 72 0 0 355 0 0 0 0 0 0 0 0 12 0 0 0 0 0 0 0 5 0 12 4 6 0 31 0 0 0 0 0 0 0 11 0 0 0 0 0 0 0 0 65 57 0 55 87 0 0 83 33 34 244 208 0 438 73 0 11 0 0
0 0 0 0 0 0 0 0 0 0 4 0 0 0 0 11 0 0 0 37 0 0 0 0 2 2 2 0 4 0 0 8 2 0 0 0 262 0 0 1 0 0 10 0 7 2 0 8 4 5 0 4 5 4 6 4 1 4 6 2 0 5 0 0 0 4 0 4 5 0 22 0 0 1 0 0 0 0 0 0 0 0 16 0 0 0 0 0 0 0 0 0 0 0 0 0 0 0 0 1 0 0 0 0 0 0 0 0 0 0 0 0 0 0 0 0 0 0 546 0 0 0 0 0 0 0 0 0 0 0 0 0 0 0 0 0 0 0 0 0 0 0 0 0 0 0 0 0 0 0 0 0 8 0 0 0 0 0
17 275 20 18 14 42 276 12 19 9 98 18 18 180 0 0 86 0 0 17 15 244 17 231 70 456 978 76 83 769 363 219 368 402 479 233 1511 0 71 31 0 0 0 0 10 4 0 19 6 7 1 7 15 6 9 6 2 6 9 3 1 24 2 7 58 76 56 53 99 90 62 192 164 476 1242 137 153 64 132 0 77 125 180 29 0 115 64 0 9 0 0 8 854 0 0 2 24 0 1 2 1 5 0 0 2 1 2 0 0 18 0 0 0 0 0 41 0 0 3 3 9 0 0 0 0 0 0 0 0 0 1 0 0 12 17 0 0 0 0 0 0 0 0 2 0 0 8 0 0 115 87 0 232 0 7 58 40 0
6 42 126 11 6 138 149 1 3 6 27 6 3 7 102 154 0 31 6 61 107 185 576 89 215 130 163 13 21 145 157 64 154 162 218 185 141 335 48 181 281 897 296 0 20 9 0 46 14 15 0 15 39 13 19 14 7 14 19 9 6 63 50 190 303 225 250 188 312 303 208 0 138 195 255 158 198 200 204 345 188 221 551 74 0 0 294 6 3 156 0 58 397 0 281 337 274 360 164 459 347 421 330 348 93 93 93 0 14 242 85 146 0 0 0 391 40 0 60 124 396 301 236 269 19 92 518 0 0 0 0 0 315 607 272 164 154 194 129 162 175 126 182 171 156 70 151 156 80 106 134 126 118 108 285 524 240 0
0 0 0 0 0 0 0 0 0 0 0 0 0 0 0 0 0 0 0 0 0 0 0 0 0 0 0 0 0 0 0 0 0 0 0 0 0 0 0 0 0 0 0 0 0 0 0 0 0 0 0 0 0 0 0 0 0 0 0 0 0 0 0 0 0 0 0 0 0 0 0 0 0 0 0 0 0 0 0 0 0 0 0 0 0 0 0 0 0 0 0 0 0 0 0 0 0 0 0 0 0 0 0 0 0 0 0 0 0 0 0 0 0 0 0 0 0 0 0 0 0 0 0 0 0 0 0 0 0 0 0 0 0 0 0 0 0 0 0 0 0 0 0 0 0 0 0 0 0 0 0 0 0 0 0 0 0 0
0 0 0 0 0 0 0 0 0 0 0 0 0 0 0 0 0 0 0 0 0 0 0 0 0 0 0 0 0 0 0 0 0 0 0 0 0 0 0 0 0 0 0 0 0 0 0 0 0 0 0 0 0 0 0 0 0 0 0 0 0 0 0 0 0 0 0 0 0 0 0 0 0 0 0 0 0 0 0 0 0 0 0 0 0 0 0 0 0 0 0 0 0 0 0 0 0 0 0 0 0 0 0 0 0 0 0 0 0 0 0 0 0 0 0 0 0 0 0 0 0 0 0 0 0 0 0 0 0 0 0 0 0 0 0 0 0 0 0 0 0 0 0 0 0 0 0 0 0 0 0 0 0 0 0 0 0 0
325 93 79 25 241 60 18 58 60 49 29 37 3 52 201 55 44 10 0 28 25 35 191 33 72 18 12 1 16 0 0 4 12 0 0 0 0 12 11 9 45 135 10 28 14 1639 0 1934 2073 2055 1770 2067 1982 2076 2035 0 1825 1941 2032 2109 2133 1627 322 14 117 123 0 140 157 120 383 22 17 23 13 13 32 45 89 474 96 106 163 31 37 0 234 0 333 9 4 72 24 0 0 47 243 44 26 53 0 74 51 51 49 50 50 1852 5 108 2 65 23 0 0 4 161 0 0 267 380 448 0 111 0 63 124 0 2833 28 0 0 71 68 0 100 88 45 22 73 80 63 15 20 0 276 277 271 193 123 118 105 79 97 287 101 210 0
0 0 0 0 0 0 0 0 0 0 0 0 0 0 0 0 0 0 0 0 0 0 0 0 0 0 0 0 0 0 0 0 0 0 0 0 0 0 0 0 0 0 0 0 0 0 0 0 0 0 0 0 0 0 0 0 0 0 0 0 0 0 0 0 0 0 0 0 0 0 0 0 0 0 0 0 0 0 0 0 0 0 0 0 0 0 0 0 0 0 0 0 0 0 0 0 0 0 0 0 0 0 0 0 0 0 0 0 0 0 0 0 0 0 0 0 0 0 0 0 0 35 0 0 0 0 0 0 0 0 0 0 0 0 0 0 0 0 0 0 0 0 0 0 0 0 0 0 0 0 0 0 0 0 0 0 0 0
0 0 0 0 0 0 0 0 0 0 0 0 0 0 0 0 0 0 0 0 0 0 0 0 0 0 0 0 0 0 0 0 0 0 0 0 0 0 0 0 0 0 0 0 0 0 0 0 0 0 0 0 0 0 0 0 0 0 0 0 0 0 0 0 0 0 0 0 0 0 0 0 0 0 0 0 0 0 0 0 0 0 0 0 0 0 0 0 0 0 0 0 0 0 0 0 0 0 0 0 0 0 0 0 0 0 0 0 0 0 0 0 0 0 0 0 0 0 0 0 0 0 0 0 0 0 0 0 0 0 0 0 0 0 0 0 0 0 0 0 0 0 0 0 0 0 0 0 0 0 0 0 0 0 0 0 0 0
0 0 0 0 1 0 0 0 0 0 0 0 0 0 0 0 1 0 0 0 0 0 0 0 0 0 0 0 0 0 0 0 0 0 0 0 0 0 0 0 0 0 0 0 0 0 0 0 0 0 0 0 0 0 0 0 0 0 0 0 0 0 0 0 0 0 0 0 0 0 2 0 0 0 0 0 0 1 0 0 0 0 1 0 0 0 2 0 1 0 0 0 0 0 0 0 0 0 0 0 0 0 0 0 0 0 0 0 0 0 0 0 0 0 0 0 0 0 0 1 1 0 0 0 0 0 0 0 0 0 0 0 0 0 0 0 0 0 2 0 0 0 0 1 0 0 0 0 0 0 0 0 1 0 0 0 0 0
7651 2135 1950 577 5644 1402 176 1366 1413 1158 186 860 60 456 24821 1102 77 19 0 28 389 723 934 362 201 38 29 3 10 0 0 11 26 0 0 0 0 7 29 20 33 89 0 24 21 237 0 296 303 303 0 303 290 303 303 0 9 178 303 303 303 225 481 0 29 37 0 1237 55 31 134 17 109 1320 339 1002 466 39 44 3303 60 65 113 32 59 0 393 6576 7813 24 62 77 76 0 0 0 330 0 13438 1 0 4 0 0 0 0 0 52 1280 93 724 96 6 0 0 54 1277 611 0 6195 9259 178 49 15 0 26 109 62 1286 74 0 0 35 67 0 37 33 24 25 31 35 27 35 41 0 194 206 180 151 288 207 90 404 85 53 41 150 0
0 0 0 0 0 0 0 0 0 0 0 0 0 0 0 0 0 0 0 0 0 0 0 0 0 0 0 0 0 0 0 0 0 0 0 0 0 0 0 0 0 0 0 0 0 0 0 0 0 0 0 0 0 0 0 0 0 0 0 0 0 0 0 0 0 0 0 0 0 0 0 0 0 0 0 0 0 0 0 0 0 0 0 0 0 0 0 0 0 0 0 0 0 0 0 0 0 0 0 0 0 0 0 0 0 0 0 0 0 0 0 0 0 0 0 0 0 0 0 0 0 0 0 0 0 0 0 0 0 0 0 0 0 0 0 0 0 0 0 0 0 0 0 0 0 0 0 0 0 0 0 0 0 0 0 0 0 0
0 0 0 0 0 0 0 0 0 0 0 0 0 0 0 0 0 0 0 4 0 0 0 0 14 1 1 0 0 0 0 0 1 0 0 0 0 1 0 0 0 0 0 0 12 3 0 12 6 8 0 7 0 6 10 0 0 0 10 3 0 0 0 0 14 20 0 14 28 5 13 0 0 0 0 0 0 7 0 0 0 0 0 0 0 0 0 0 0 0 0 0 0 0 0 0 0 0 0 0 0 0 0 0 555 555 555 0 76 0 0 0 0 0 0 0 0 0 0 0 0 0 0 0 0 0 0 0 0 0 0 0 0 0 0 0 0 0 0 0 0 0 0 0 0 0 0 0 0 0 0 0 0 0 0 0 0 0
0 0 0 0 0 0 0 0 0 0 0 0 0 0 0 0 0 0 0 0 0 0 0 0 0 0 0 0 0 0 0 0 0 0 0 0 0 0 0 0 0 0 0 0 0 0 0 0 0 0 0 0 0 0 0 0 0 0 0 0 0 0 0 0 0 0 0 0 0 0 0 0 0 0 0 0 0 0 0 0 0 0 0 0 0 0 0 0 0 0 0 0 0 0 0 0 0 0 0 0 0 0 0 0 0 0 0 0 0 0 0 0 0 0 0 0 0 0 0 0 0 0 0 0 0 0 0 0 0 0 0 0 0 0 0 0 0 0 0 0 0 0 0 0 0 0 0 0 0 0 0 0 0 0 0 0 0 0
0 0 0 0 0 0 0 0 0 0 0 0 0 0 0 0 0 0 0 0 0 0 0 0 0 0 0 0 0 0 0 0 0 0 0 0 0 0 0 0 0 0 0 0 0 0 0 0 0 0 0 0 0 0 0 0 0 0 0 0 0 0 0 0 0 0 0 0 0 0 0 0 0 0 0 0 0 0 0 0 0 0 0 0 0 0 0 0 0 0 0 0 0 0 0 0 0 0 0 0 0 0 0 0 0 0 0 0 0 0 0 0 0 0 0 0 0 0 0 0 0 0 0 0 0 0 0 0 0 0 0 0 0 0 0 0 0 0 0 0 0 0 0 0 0 0 0 0 0 0 0 0 0 0 0 0 0 0
0 0 0 0 0 0 0 0 0 0 0 0 0 0 0 0 0 0 0 30 0 0 0 17 89 9 7 2 0 0 0 12 9 0 0 41 0 16 0 0 0 0 0 0 83 2065 571 2478 2624 2610 2320 2619 2509 2625 2596 0 2365 2494 2594 2649 2667 2072 0 1275 61 104 0 66 116 67 352 0 0 0 0 0 0 50 0 4 0 0 1 0 0 0 0 0 0 0 0 0 0 0 0 0 0 0 14 0 0 20 0 0 0 0 0 2376 0 0 0 0 0 0 0 0 0 0 0 0 0 0 0 0 0 0 0 0 0 0 0 0 0 0 0 0 0 0 0 0 0 0 0 1 0 0 6 0 0 0 6 0 1 0 0 0 71 1
0 0 0 0 0 0 0 0 0 0 0 0 0 0 0 0 0 0 0 2 0 0 0 2 4 0 0 0 0 0 0 0 0 0 0 0 0 1 0 0 0 0 0 0 4 232 0 275 294 292 0 293 280 294 289 0 0 165 289 298 301 211 0 0 4 8 688 434 919 929 458 4 3 3 5 4 3 1 0 0 0 0 0 0 0 0 0 0 0 0 0 0 0 0 0 0 0 0 1 0 0 2 0 0 0 0 0 50 0 0 0 0 0 0 0 0 0 0 0 0 0 0 0 0 0 0 0 0 0 0 0 0 0 0 0 0 0 0 0 0 0 0 0 0 0 0 0 0 0 0 0 0 0 0 0 0 6 0
0 0 0 0 0 0 0 0 0 0 0 0 0 0 0 1 2 0 0 0 1 0 0 0 0 0 0 0 0 0 0 0 0 0 0 0 0 0 0 0 0 0 0 0 1 99 0 116 126 124 0 125 113 126 123 0 0 0 123 128 129 78 0 0 2 3 0 83 175 158 97 0 1 1 0 0 0 1 0 0 0 0 1 0 0 0 0 8 0 0 0 0 0 0 0 0 0 0 16 0 0 1 0 0 0 0 0 0 0 0 0 0 0 0 0 0 0 0 0 23 24 0 0 0 0 0 0 0 0 0 0 0 0 0 0 0 0 0 0 0 0 0 0 1 0 0 0 0 1 1 1 0 2 2 0 0 3 0
0 0 0 0 0 0 0 0 0 0 0 0 0 0 0 0 0 0 0 0 0 0 0 0 0 0 0 0 0 0 0 0 0 0 0 0 0 0 0 0 0 0 0 0 0 0 0 0 0 0 0 0 0 0 0 0 0 0 0 0 0 0 0 0 0 0 0 0 0 0 0 0 0 0 0 0 0 0 0 0 0 0 0 0 0 0 0 0 0 0 0 0 0 0 0 0 0 0 0 0 0 0 0 0 0 0 0 0 0 0 0 0 0 0 0 0 0 0 0 0 0 0 0 0 0 0 0 0 0 0 0 0 0 0 0 0 0 0 0 0 0 0 0 0 0 0 0 0 0 0 0 0 0 0 0 0 0 0
0 0 0 0 0 0 0 0 0 0 0 0 0 0 0 0 0 0 0 0 0 0 0 0 0 0 0 0 0 0 0 0 0 0 0 0 0 0 0 0 0 0 0 0 0 0 0 0 0 0 0 0 0 0 0 0 0 0 0 0 0 0 0 0 0 0 0 0 0 0 0 0 0 0 0 0 0 0 0 0 0 0 0 0 0 0 0 0 0 0 0 0 0 0 0 0 0 0 0 0 0 0 0 0 0 0 0 0 0 0 0 0 0 0 0 0 0 0 0 0 0 0 0 0 0 0 0 0 0 0 0 0 0 0 0 0 0 0 0 0 0 0 0 0 0 0 0 0 0 0 0 0 0 0 0 0 0 0
0 0 0 0 0 0 0 0 0 0 0 0 0 0 0 0 0 0 0 0 0 0 0 0 0 0 0 0 0 0 0 0 0 0 0 0 0 0 0 0 0 0 0 0 0 0 0 0 0 0 0 0 0 0 0 0 0 0 0 0 0 0 0 0 0 0 0 0 0 0 0 0 0 0 0 0 0 0 0 0 0 0 0 0 0 0 0 0 0 0 0 0 0 0 0 0 0 0 0 0 0 0 0 0 0 0 0 0 0 0 0 0 0 0 0 0 0 0 0 0 0 0 0 0 0 0 0 0 0 0 0 0 0 0 0 0 0 0 0 0 0 0 0 0 0 0 0 0 0 0 0 0 0 0 0 0 0 0
0 0 0 0 0 0 0 0 0 0 0 0 0 0 0 0 0 0 0 0 0 0 0 0 0 0 0 0 0 0 0 0 0 0 0 0 0 0 0 0 0 0 0 0 0 17 0 19 21 21 0 21 8 21 20 0 0 0 20 21 21 0 0 0 0 0 0 0 0 0 3 0 0 0 0 0 0 0 0 0 0 0 0 0 0 0 0 0 0 0 0 0 0 0 0 0 0 0 5 0 0 0 0 0 0 0 0 0 0 0 0 0 0 0 0 0 0 0 0 0 0 0 0 0 0 0 0 0 0 0 0 0 0 0 0 0 0 0 0 0 0 0 0 0 0 0 0 0 0 0 0 0 0 0 0 0 0 0
0 0 0 0 0 0 0 0 0 0 0 0 0 0 0 0 0 0 0 0 0 0 0 0 0 0 0 0 0 0 0 0 0 0 0 0 0 0 0 0 0 0 0 0 0 0 0 0 0 0 0 0 0 0 0 0 0 0 0 0 0 0 0 0 0 0 0 0 0 0 0 0 0 0 0 0 0 0 0 0 0 0 0 0 0 0 0 0 0 0 0 0 0 0 0 0 0 0 0 0 0 0 0 0 0 0 0 0 0 0 0 0 0 0 0 0 0 0 0 0 0 0 0 0 0 0 0 0 0 0 0 0 0 0 0 0 0 0 0 0 0 0 0 0 0 0 0 0 0 0 0 0 0 0 0 0 0 0
12 1 0 0 10 0 0 0 0 0 50 0 0 12 0 3 0 0 0 316 4 10 24 31 483 91 68 4 50 18 29 317 1301 0 508 2718 0 663 12 4281 0 374 0 0 903 226 0 879 416 538 262 463 287 398 682 0 39 448 704 163 1 577 108 0 207 249 3667 1882 3989 3490 1842 9928 28 186 24 12 17 565 13 42 13 20 20 17 0 29 186 0 14 129 0 88 0 0 0 0 0 0 2 0 0 5 0 0 0 0 0 0 0 0 0 0 0 0 0 0 0 0 0 0 0 0 0 0 0 0 0 0 0 0 0 0 0 0 133 0 0 0 0 0 0 0 0 12 0 0 83 0 4 10 45 0 23 8 0 0 301 9
1341 212 258 29 1016 53 6 36 39 31 8 0 7 5 0 2 0 0 0 4 0 3 0 0 0 0 0 0 1 0 0 0 0 0 0 0 0 0 2 3 0 1 0 0 28 7 0 2 1 1 0 1 0 1 2 0 0 0 2 1 0 1 78 0 0 0 463 353 514 234 238 0 0 3 3 0 0 0 0 0 0 1 0 0 0 0 14 0 1369 0 0 0 0 0 0 0 17 0 0 0 0 0 0 0 0 0 0 0 0 0 0 0 0 0 0 0 0 0 0 0 0 0 0 0 0 0 0 0 0 0 0 0 0 0 0 0 0 0 0 0 0 0 0 0 0 0 0 0 0 0 0 0 0 0 0 0 0 0
0 0 0 0 0 0 0 0 0 0 4 0 0 0 0 0 0 0 0 0 0 0 0 0 0 0 0 0 1 0 0 0 0 0 0 0 0 0 0 1 0 0 0 0 25 6 0 0 0 0 0 0 0 0 0 0 0 0 0 0 0 0 19 0 0 0 0 3 0 0 0 0 0 0 0 0 0 0 0 0 0 0 0 0 0 0 0 0 0 0 0 0 0 0 0 0 0 0 0 1 0 1 0 0 0 0 0 0 0 0 0 0 0 0 0 0 0 0 0 0 0 0 0 0 0 0 0 0 0 0 0 0 0 0 0 0 0 0 0 0 0 0 0 0 0 0 0 0 0 0 0 0 0 0 0 0 0 0
0 20 0 1 0 4 80 0 0 0 689 0 0 216 0 10 156 0 0 5 340 1716 3041 249 0 33 75 0 581 0 28 27 540 0 0 0 210 0 734 1827 274 782 0 0 10592 2600 20 180 185 184 123 184 153 185 184 66 0 17 184 185 186 149 22888 0 0 154 0 1372 35 0 66 0 300 250 603 313 1074 55 7 782 93 38 83 29 0 7 0 0 0 229 0 521 100 0 90 48 39 54 130 133 72 142 63 4 137 137 136 0 5 321 0 0 878 0 0 0 0 0 0 0 0 0 0 0 0 0 0 0 0 0 0 0 0 0 0 0 0 0 0 0 0 0 0 41 0 0 70 0 56 93 80 0 135 55 0 3 27 0
0 0 0 0 0 0 0 0 0 0 0 0 0 0 0 0 0 0 0 572 0 0 0 0 0 0 0 0 0 0 0 0 0 0 0 0 0 0 0 0 0 0 0 0 0 0 0 0 0 0 0 0 0 0 0 0 0 0 0 0 0 0 0 0 0 0 0 0 0 0 0 0 0 0 0 0 0 0 0 0 0 0 0 0 0 0 0 0 0 0 0 0 0 0 0 0 0 0 0 0 0 0 0 0 0 0 0 0 0 0 0 0 0 0 0 0 0 0 0 0 0 0 0 0 0 0 0 0 0 0 0 0 0 0 0 0 0 0 0 0 0 0 0 0 0 0 0 0 0 0 0 0 0 0 0 0 0 0
0 0 0 0 0 0 0 0 0 0 0 0 0 0 0 0 0 0 0 0 0 0 1 0 0 0 0 0 0 0 0 0 0 0 0 0 0 0 0 0 0 0 0 0 1 1 0 1 1 1 0 1 0 1 1 0 0 0 1 1 1 0 1 0 0 0 0 0 0 0 0 0 0 0 0 0 0 0 0 0 13 0 0 0 0 0 0 0 0 0 0 0 0 0 0 0 0 0 0 0 0 0 0 0 0 0 0 0 0 0 0 0 0 0 0 0 0 0 0 0 0 0 0 0 0 0 0 0 0 0 0 0 0 0 0 0 0 0 0 0 0 0 0 0 0 0 0 0 0 0 0 0 0 0 0 0 0 0
298 253 295 0 1173 0 34 42 57 30 353 16 0 123 0 17 40 0 0 24 327 53 3023 50 0 17 33 0 293 0 9 27 308 0 0 0 8 0 8 1038 0 47 0 0 231 57 0 37 19 23 0 20 0 18 28 0 0 0 29 9 4 70 0 0 0 218 561 444 624 0 300 0 29 183 70 196 43 26 0 29 21 10 47 7 0 9 0 85 1581 63 0 206 26 0 0 0 19 6 5 40 0 22 0 0 5 5 5 0 0 74 52 0 408 0 0 0 159 0 2 113 147 0 0 0 0 0 0 0 0 0 0 0 0 0 0 0 0 0 0 0 0 0 0 15 0 0 21 0 34 63 68 0 97 25 0 0 57 0
0 11 0 0 0 1 0 0 0 0 6 0 0 0 0 0 0 0 0 0 0 0 0 0 0 0 49 0 0 0 0 13 17 0 0 0 4 0 0 0 0 0 0 0 0 0 0 0 0 0 0 0 0 0 0 0 0 0 0 0 0 0 0 0 0 0 0 0 0 0 0 0 0 0 0 0 0 0 0 0 0 0 0 0 0 0 0 0 0 0 0 0 90 0 0 0 0 0 0 0 0 0 0 0 0 0 0 0 0 0 0 0 0 0 0 0 0 0 0 0 0 0 0 0 0 0 0 0 0 0 0 0 0 0 0 0 0 0 0 0 0 0 0 0 0 0 0 0 0 0 0 0 0 0 0 0 0 0
44 183 134 12 75 27 201 71 110 57 87 77 11 14 0 92 44 0 0 38 673 3100 4730 2827 327 231 599 37 80 253 390 114 195 202 337 249 105 0 205 101 1003 523 0 20 26 11 0 43 16 18 0 17 35 15 21 15 0 14 22 10 6 44 141 0 179 134 483 285 518 478 298 0 2222 566 2324 1646 1984 194 179 257 141 0 409 287 0 189 51 48 53 1768 40 64 543 0 0 38 79 18 13 42 25 53 10 0 38 38 38 0 7 0 730 0 0 0 0 0 0 0 89 55 163 0 0 0 0 0 0 0 0 0 0 0 0 0 0 0 0 78 0 27 17 0 88 100 4 0 142 57 41 173 155 0 295 68 0 28 90 0
0 27 0 2 0 5 71 0 0 0 13 0 0 0 0 0 3 0 0 0 486 0 4793 0 0 67 102 8 11 81 100 34 53 38 116 83 0 0 0 0 0 103 0 0 0 0 0 0 0 0 0 0 0 0 0 0 0 0 0 0 0 0 0 0 21 1 0 0 0 0 4 0 0 12 0 0 0 0 14 0 0 0 0 0 0 0 0 0 0 0 0 0 0 0 0 0 0 0 0 0 0 0 0 0 0 0 0 0 0 0 0 0 0 0 0 0 0 0 0 0 0 0 0 0 0 0 0 0 0 0 0 0 0 0 0 0 0 0 0 0 0 0 0 1 0 0 0 0 0 0 0 0 0 0 0 0 0 0
0 0 0 0 0 0 0 0 0 0 0 0 0 0 0 0 0 0 0 0 2 0 32 0 0 0 0 0 0 0 0 0 0 0 0 0 0 0 0 0 0 0 0 0 0 0 0 0 0 0 0 0 0 0 0 0 0 0 0 0 0 0 0 0 0 0 0 0 0 0 0 0 0 0 0 0 0 0 0 0 0 0 0 0 0 0 0 0 0 0 0 0 0 0 0 0 0 0 0 0 0 0 0 0 0 0 0 0 0 0 0 0 0 0 0 0 0 0 0 0 0 0 0 0 0 0 0 0 0 0 0 0 0 0 0 0 0 0 0 0 0 0 0 2 0 0 0 0 0 0 0 0 0 0 0 0 0 0
0 0 3 0 2 0 0 1 3 1 23 2 0 7 0 10 3 0 0 0 16 0 42 0 0 2 0 0 19 0 0 0 0 0 0 0 0 0 46 1 0 4 0 0 2 1 0 3 1 1 0 1 2 1 2 1 0 0 2 0 0 1 0 0 0 0 0 1 1 0 1 0 3 71 0 0 0 4 0 0 0 0 0 664 0 0 0 0 1 0 0 0 0 0 0 6 0 0 2 7 0 10 0 0 55 54 55 0 1 0 0 0 0 0 0 0 0 0 0 0 0 0 0 0 0 0 0 0 0 0 0 0 0 0 0 0 0 0 0 0 0 0 0 5 0 0 0 0 0 8 8 0 31 0 0 0 0 0
3 2 22 0 13 0 0 11 19 9 161 15 0 54 0 236 22 0 0 0 857 50 1132 230 1034 1 0 0 134 0 0 0 0 0 0 0 0 0 0 2 0 21 0 0 2 0 0 6 1 1 0 1 5 1 1 1 0 0 1 0 0 2 0 0 3 4 0 10 6 0 8 0 25 150 15 0 0 33 21 92 45 34 96 0 0 0 0 0 10 2 0 0 0 0 0 10 2 0 3 11 0 16 0 0 19 18 19 0 1 0 3838 0 0 0 0 0 0 0 7 0 0 0 0 0 0 0 0 0 0 0 0 0 0 0 0 0 0 0 0 0 0 0 105 92 0 0 6 0 10 22 16 0 22 7 0 0 13 0
0 5 7 0 4 1 0 3 6 3 4 5 0 0 0 1 1 0 0 0 94 907 332 158 0 12 19 2 2 14 18 7 7 0 21 16 0 0 45 12 0 22 0 0 1 0 0 1 0 0 0 0 0 0 0 0 0 0 0 0 0 1 0 0 14 6 0 7 8 0 16 0 101 206 2833 589 0 6 0 1 0 0 0 0 0 0 0 0 3 0 0 0 0 0 0 0 2 0 0 4 0 4 0 0 0 0 2 0 0 0 0 0 0 0 0 0 0 0 0 0 0 0 0 0 0 0 0 0 0 0 0 0 0 0 0 0 0 0 0 0 0 0 6 31 0 0 0 0 0 34 41 0 110 0 0 0 0 0
0 0 0 0 3 0 0 4 551 0 28 0 0 0 0 0 4 0 0 0 2 0 1 0 0 0 0 0 0 0 0 0 0 0 0 0 0 92 0 0 0 11 0 0 0 0 0 0 0 0 0 0 0 0 0 0 0 0 0 0 0 0 0 0 4 0 0 2 0 0 0 0 1 1 0 0 0 0 0 0 0 0 0 0 0 0 0 0 3 0 0 0 0 0 0 56 39 42 22 63 51 65 0 0 145 125 195 0 14 0 0 0 0 0 0 0 0 0 0 0 0 0 0 0 0 0 0 0 0 0 0 0 0 0 0 0 0 0 0 0 0 0 0 0 0 0 0 0 0 0 0 0 0 0 0 0 0 0
0 0 0 0 0 0 0 0 0 0 296 0 0 100 0 45 0 0 0 1 13 14 0 1 2 0 0 0 196 0 0 0 0 0 0 0 0 6 0 0 0 21 0 0 16 4 0 17 8 10 0 9 10 7 13 5 1 8 13 3 0 10 0 0 1 2 0 26 54 37 17 0 0 49 53 0 12 2 0 1 3 0 5 0 0 0 0 0 0 0 0 158 0 0 0 0 2 0 1 5 0 6 0 0 7 7 7 0 0 0 0 0 89 0 0 0 0 0 0 0 0 0 0 0 0 0 0 0 0 0 0 0 0 0 0 0 0 0 0 0 0 0 0 0 0 0 1316 764 0 0 0 0 5 0 0 0 0 0
0 0 0 0 1 0 0 1 0 0 7 0 0 2 0 0 0 0 0 0 1 8 0 0 0 0 0 0 0 0 0 0 0 0 0 0 0 26 1 0 0 1 2 0 1 0 0 1 0 0 0 0 0 0 0 0 0 0 0 0 0 0 0 0 5 1 0 9 19 0 10 0 1 3 28 0 0 0 0 0 0 0 0 0 12 0 0 0 0 46 31 0 1 0 0 0 5 0 0 0 0 7 0 0 18 18 18 0 1 0 0 0 0 0 0 0 0 0 0 0 0 0 0 0 0 0 0 0 0 0 0 0 0 0 0 0 0 0 0 0 0 0 0 0 0 0 0 0 0 0 0 0 0 0 0 0 0 0
0 0 0 0 0 0 0 0 0 0 0 0 0 0 0 10 0 0 0 0 4 1 0 0 1 0 0 0 0 0 0 0 0 0 0 0 0 0 0 0 0 0 0 0 7 2 0 7 3 4 0 4 4 3 5 3 1 3 6 1 0 4 0 0 0 1 0 1 0 0 1 0 7 11 4 0 3 5 0 0 0 0 0 0 0 0 0 0 0 1 0 0 0 0 0 0 0 0 0 0 0 41 0 0 0 0 0 0 0 0 0 0 0 0 0 0 0 0 0 0 0 0 0 0 0 0 0 0 0 0 0 0 0 0 0 0 0 0 0 0 0 0 0 0 0 0 0 0 0 0 0 0 0 0 0 0 0 0
0 0 0 0 0 0 0 0 0 0 2 0 0 1 0 19 0 0 0 0 6 1 0 5 9 0 0 0 0 0 0 0 0 0 0 1 0 9 0 0 0 15 0 0 16 4 0 16 7 9 0 8 9 7 12 5 1 8 13 3 0 9 0 0 0 2 0 7 13 0 19 114 19 21 9 0 12 14 2 0 4 0 7 0 88 0 0 0 0 5 6 0 0 0 0 0 3 0 0 7 0 8 0 0 10 10 10 0 1 0 0 0 0 0 0 0 0 0 0 0 0 0 0 0 0 0 0 0 0 0 0 0 0 0 0 0 0 0 0 0 0 0 0 0 0 0 0 0 0 0 0 0 0 0 0 0 0 0
0 0 0 0 0 0 0 0 0 0 28 0 0 10 0 0 0 0 0 0 0 0 0 0 1 0 0 0 19 0 0 0 0 0 0 0 0 8 0 0 0 0 0 0 0 0 0 0 0 0 0 0 0 0 0 0 0 0 0 0 0 0 0 0 0 0 0 0 0 0 1 0 0 5 15 0 1 0 0 0 0 0 0 0 0 0 0 0 0 943 0 0 1 0 0 363 32 0 12 57 6 85 34 0 4 4 4 0 0 0 0 0 0 0 0 0 0 0 0 0 0 0 0 0 0 0 0 0 0 0 0 0 0 0 0 0 0 0 0 0 0 0 0 0 0 0 0 0 0 0 0 0 0 0 0 0 0 0
0 0 0 0 1 0 0 1 1 0 41 0 0 14 0 76 0 0 0 0 34 0 0 111 18 0 0 0 33 0 0 1 0 0 0 0 0 43 0 1 0 93 0 0 15 4 0 31 7 9 0 8 25 7 12 5 1 8 12 3 0 9 0 0 7 11 0 8 4 0 52 0 1042 65 0 75 870 1905 169 240 208 138 354 0 6889 0 0 0 1 22 0 0 0 0 0 0 54 0 12 54 193 73 0 0 289 118 304 0 14 0 427 0 0 0 0 0 0 0 0 0 0 0 0 0 0 0 0 0 0 0 0 0 0 0 0 0 0 0 0 0 0 0 0 3 0 0 0 0 0 0 0 0 4 0 0 0 408 0
41 229 70 14 42 36 545 40 62 32 288 48 14 316 0 634 145 0 0 7 386 219 2334 773 664 327 783 54 223 377 585 191 266 425 549 383 82 52 212 16 1936 826 37 755 32 16 0 37 19 21 0 20 30 19 25 20 13 20 25 14 11 24 303 250 72 59 437 263 481 438 418 217 116 443 52 81 193 165 56 0 94 0 113 0 0 607 8 0 0 2481 4776 202 887 0 103 214 86 241 80 223 235 295 180 175 95 95 95 0 33 130 2043 0 257 0 0 0 0 0 243 0 0 0 0 0 0 0 0 0 0 0 122 0 161 10 0 312 256 213 276 239 270 218 341 324 246 215 480 390 302 294 282 276 287 304 0 5 733 0
61 45 164 9 108 19 98 65 29 26 641 15 8 5585 23 51 82 33 0 44 121 453 641 272 79 114 117 10 542 117 104 56 106 124 165 120 29 166 10 88 886 356 0 2245 143 82 6 149 70 71 28 71 143 70 75 68 65 71 75 66 63 59 1703 0 18 19 0 127 5 0 97 0 238 174 428 386 353 132 514 692 539 490 1609 776 0 0 608 0 60 1148 747 609 275 0 144 206 45 111 93 255 107 138 82 80 3 3 3 0 1 147 214 877 853 0 0 0 15 0 128 18 23 176 0 0 0 0 90 0 0 0 0 0 0 0 0 0 0 7 2 9 10 0 22 22 0 0 244 145 47 77 49 0 99 35 0 0 255 0
95 65 206 5 123 10 114 118 194 95 55 182 393 1479 0 41 25 0 0 2 206 715 1412 379 16 191 193 15 27 177 184 77 127 195 262 212 38 32 21 10 84 579 0 0 17 4 0 65 8 0 0 9 57 8 13 1 1 8 13 3 0 12 0 0 0 15 192 159 206 198 111 0 399 208 340 506 513 161 360 384 213 253 1062 323 0 0 0 0 0 213 0 18 489 0 0 0 241 0 0 0 0 4 0 0 2 2 2 0 0 0 0 0 0 0 0 0 0 0 43 5 17 0 138 0 0 0 37 0 0 0 0 0 0 0 0 0 0 0 0 0 0 0 0 0 0 0 70 31 0 46 33 0 88 2 0 0 0 0
236 92 0 5 312 10 153 299 491 239 99 507 5 599 0 6 21 773 1 2 138 955 705 908 52 38 154 18 19 35 126 20 34 75 340 374 50 180 51 66 215 259 49 0 30 8 10 147 15 19 0 16 135 14 24 16 3 0 24 6 1 31 7 179 75 110 49 177 1 0 203 0 1467 333 524 643 1174 1461 1522 1762 1020 126 2705 67 83 76 2 0 239 1 0 35 875 0 252 349 213 364 141 393 351 463 360 379 1770 1769 1769 0 100 297 0 0 24 0 0 0 63 0 42 0 1205 8 0 0 0 0 19 0 0 0 0 0 0 0 0 943 749 627 825 671 741 612 771 774 767 0 748 961 496 576 691 844 606 668 0 23 41 0
0 7 84 0 51 0 4 49 80 39 12 82 0 966 0 4 14 0 0 0 0 0 3 0 0 4 0 0 1 0 0 2 0 0 4 2 0 0 0 1 0 2 0 0 0 0 0 0 0 0 0 0 0 0 0 0 0 0 0 0 0 0 0 0 0 0 0 25 1 0 2 0 0 6 0 0 0 0 0 0 0 0 0 0 57 0 29 0 0 150 149 0 0 1 65 99 38 103 33 92 100 125 102 109 71 71 71 0 10 0 0 0 0 0 0 0 18 0 13 0 0 0 0 0 0 0 0 0 0 0 0 0 0 0 0 0 0 0 0 0 0 0 0 0 0 0 5 0 4 3 2 0 6 4 0 0 12 0
1 1 9 1 1 0 0 0 1 1 1 2 0 0 0 1 2 0 0 0 0 0 0 1 0 0 1 1 1 0 0 1 0 0 0 0 0 0 0 0 0 1 0 0 0 0 0 0 0 0 0 0 0 0 0 0 0 0 0 0 0 0 0 0 0 0 0 2 0 0 2 0 0 0 0 0 0 1 0 0 0 0 0 0 0 0 0 0 0 0 0 0 0 0 0 0 5 0 0 0 0 0 0 0 0 0 0 0 0 0 0 0 0 0 0 0 0 0 0 0 0 0 0 0 0 0 2 0 0 0 0 0 0 0 0 0 0 0 0 0 0 0 0 2 0 0 116 68 0 0 1 0 2 2 0 0 0 0
0 9 0 1 0 3 15 0 0 0 15 0 1 2 1056 0 0 1 0 31 1 0 0 3 211 58 49 5 16 64 34 47 208 45 126 256 197 3428 3497 558 103 420 33 212 87 22 0 235 42 54 0 47 194 40 69 2 6 45 71 16 0 106 0 759 216 237 647 355 750 696 372 0 358 92 42 36 287 428 1506 0 2128 0 3225 1350 0 0 49 1209 0 89 0 0 141 0 0 0 9 0 0 0 0 33 0 0 0 0 0 0 0 0 0 0 0 0 0 0 595 0 17 1117 3915 2064 0 0 0 0 0 0 0 0 0 0 0 0 0 0 0 0 0 0 0 0 0 2 0 0 347 209 6 6 24 0 6 5 0 0 129 1
38 2 1243 0 57 1321 27 8 15 16 167 19 1 717 0 53 80 0 1 88 20 723 15 157 27 39 40 0 132 52 0 50 39 0 126 90 90 0 41 0 0 59 0 0 93 117 0 132 125 124 0 125 131 125 125 123 125 124 125 125 125 104 1365 0 20 37 0 343 129 0 165 0 222 565 156 26 531 236 0 189 115 138 257 508 0 0 0 0 39 84 277 0 178 0 31 49 83 79 32 98 78 99 57 34 16 16 16 6 3 107 0 0 184 0 0 0 18 0 0 0 0 0 0 0 0 0 0 0 0 0 0 0 106 0 0 195 194 256 167 198 219 266 219 205 184 114 202 178 221 332 280 169 445 212 0 0 159 0
0 0 0 0 0 0 0 0 0 0 0 0 0 0 0 0 0 0 0 0 2 31 0 1009 0 0 0 0 0 0 0 0 0 0 0 0 0 37 1 0 0 22 0 0 17 4 0 17 8 11 0 9 10 8 14 9 2 9 14 3 0 11 0 16 2 5 0 12 24 0 0 0 2149 22 40 39 1230 2845 2252 0 2092 105 0 1222 0 0 0 0 0 6 0 0 0 0 0 0 0 0 0 0 0 31 0 0 0 0 0 0 0 0 0 0 0 0 0 0 0 0 0 0 0 0 0 0 0 0 0 0 0 0 0 0 0 0 0 0 0 0 0 0 0 0 0 0 0 0 191 119 1 4 2 0 8 1 0 0 0 0
0 3 4 0 0 0 8 2 2 22 2 1 0 2 1 3 0 13 17 18 13 3 3 1 4 5 10 1 1 5 9 3 4 6 7 7 2 3 1 0 15 6 1 1 31 12 6 10 7 7 6 7 9 7 7 7 6 7 7 6 6 7 0 9 3 6 8 10 11 11 8 7 7 3 3 6 8 2 9 166 13 16 58 38 3 1 1 0 0 1 2 2 13 0 0 0 1 0 0 0 0 0 61 66 0 0 0 6 0 5 1 3 0 1 3 6 1 2 1 0 0 59 4 1 0 0 2 6 3 1 7 0 1 3 1 3 3 2 3 2 2 3 1 1 1 7 8 5 1 1 1 1 2 1 5 5 5 0
3 25 51 2 1 4 69 22 28 303 25 10 4 38 21 34 6 202 0 275 20 45 53 10 64 42 85 6 16 16 72 1596 35 0 0 0 15 28 13 6 130 78 8 0 189 72 10 80 43 45 43 44 74 43 47 43 38 43 48 39 36 54 0 75 29 82 0 75 88 77 76 82 84 32 35 62 92 118 131 1977 155 198 676 23 0 0 26 0 0 14 25 0 113 0 0 0 20 0 0 2 0 3 991 1084 0 0 0 0 0 75 0 0 0 0 0 14 13 0 8 4 5 339 0 0 0 0 0 0 0 0 53 0 0 0 0 12 12 43 15 33 34 15 18 15 0 0 96 72 18 17 15 0 19 16 39 36 47 0
0 2 2 0 0 0 6 1 1 10 1 0 0 0 0 1 0 4 6 6 1 2 1 0 3 3 7 1 1 0 6 2 3 0 0 0 1 1 0 0 10 3 0 0 25 10 0 7 5 6 5 5 7 5 6 5 5 5 6 5 5 5 0 6 2 4 0 7 8 0 5 0 4 1 0 0 3 0 0 73 1 1 0 15 0 0 0 0 0 0 0 0 10 0 0 0 1 0 0 0 0 0 3 3 0 0 0 0 0 0 0 0 0 0 0 0 1 0 0 0 0 5 0 0 0 0 0 0 0 0 0 0 0 0 0 0 0 0 0 0 0 0 0 0 0 0 0 0 0 0 0 0 0 0 0 0 0 0
0 0 0 0 0 0 0 0 0 0 0 0 0 0 0 0 0 0 0 0 5 0 0 0 0 0 0 0 0 0 0 7 0 0 0 0 0 0 0 0 0 0 0 0 0 0 0 0 0 0 0 0 0 0 0 0 0 0 0 0 0 0 0 0 0 0 0 0 0 0 0 0 0 0 0 0 0 0 0 0 0 0 0 0 0 0 0 0 0 0 0 0 0 0 0 0 0 0 0 0 0 0 0 0 0 0 0 0 0 0 0 0 0 0 0 0 0 0 0 0 0 0 0 0 0 0 0 0 0 0 0 0 0 0 0 0 0 0 0 0 0 0 0 0 0 0 0 0 0 0 0 0 0 0 0 0 0 0
0 5 10 0 0 1 13 5 6 66 5 2 1 8 5 8 1 44 59 60 4 10 11 2 8 9 18 1 4 0 15 5 7 0 0 0 3 5 0 0 28 17 0 0 39 15 0 17 9 9 8 9 16 9 10 9 8 9 10 8 7 10 0 16 6 9 0 16 19 0 16 0 18 7 1 1 16 0 18 411 33 34 46 27 0 0 5 0 0 3 4 0 24 0 0 0 4 0 0 0 0 1 229 250 0 0 0 0 0 0 0 0 0 0 0 0 3 0 2 1 1 17 0 0 0 0 0 0 0 0 0 0 0 0 0 0 0 0 0 0 0 0 0 3 0 0 12 0 0 0 1 0 3 1 0 0 0 0
0 0 0 0 0 0 0 0 0 5 0 0 0 1 0 1 0 3 1 4 1 0 1 0 1 1 2 0 0 0 0 0 1 0 0 0 0 0 0 0 2 1 0 0 4 1 0 1 1 1 0 1 1 1 1 0 0 0 1 1 1 0 0 0 0 0 0 1 2 0 1 0 2 1 0 0 1 0 0 27 2 0 0 0 0 0 0 0 0 0 0 0 2 0 0 0 0 0 0 0 0 0 16 17 0 0 0 0 0 0 0 0 0 0 0 0 0 0 0 0 0 10 0 0 0 0 0 0 0 0 0 0 0 0 0 0 0 0 0 0 0 0 0 0 0 0 0 0 0 0 0 0 0 0 0 0 0 0
0 0 0 0 0 0 0 0 0 0 0 0 0 0 0 0 0 1 0 1 0 0 0 0 1 0 0 0 0 0 0 95 0 0 0 0 0 0 0 0 0 0 0 0 5 2 0 1 1 1 0 1 1 1 1 1 1 0 1 1 1 1 0 1 0 0 0 1 1 0 1 0 1 0 0 0 0 0 0 3 1 0 0 0 0 0 0 0 0 0 0 0 2 0 0 0 0 0 0 0 0 0 1 0 0 0 0 0 0 0 0 0 0 0 0 0 0 0 0 0 0 3 0 0 0 0 0 0 0 0 0 0 0 0 0 0 0 0 0 0 0 0 0 0 0 0 0 0 0 0 0 0 0 0 0 0 0 0
0 3 7 0 0 0 8 3 4 43 3 1 1 6 4 4 1 30 41 40 2 6 9 1 4 5 9 1 2 5 8 3 4 0 8 0 2 2 0 0 15 11 0 0 3 3 3 9 4 4 4 4 8 4 4 3 3 3 5 3 3 4 0 8 2 5 0 6 10 10 9 0 11 4 5 9 9 0 15 249 21 17 0 0 0 0 3 0 0 2 2 0 13 0 0 0 3 0 0 0 0 0 129 141 0 0 0 0 0 0 1 0 0 0 3 0 2 0 1 1 1 1 0 0 0 0 2 0 0 0 0 0 3 0 0 0 0 0 0 0 0 0 0 1 0 0 6 0 0 0 0 0 2 0 0 0 0 0
0 0 0 0 0 0 0 0 0 1 0 0 0 0 0 0 0 1 0 1 0 0 0 0 0 0 0 0 0 0 0 0 0 0 0 0 0 0 0 0 0 0 0 0 1 0 0 0 0 0 0 0 0 0 0 0 0 0 0 0 0 0 0 0 0 0 0 0 0 0 0 0 0 0 0 0 0 0 0 0 0 0 0 0 0 0 0 0 0 0 0 0 0 0 0 0 0 0 0 0 0 0 1 0 0 0 0 0 0 0 0 0 0 0 0 0 0 0 0 0 0 12 0 0 0 0 0 0 0 0 0 0 0 0 0 0 0 0 0 0 0 0 0 0 0 0 0 0 0 0 0 0 0 0 0 0 0 0
3 22 88 2 1 4 63 37 47 514 38 16 6 77 27 47 6 375 1 1 30 67 104 14 32 37 76 6 25 0 65 18 31 0 0 0 13 34 12 9 127 103 6 0 19 7 0 8 6 6 6 6 6 5 7 6 3 6 7 4 3 13 0 66 25 38 0 55 77 59 58 0 115 39 33 67 124 168 163 1 231 294 0 40 0 0 46 0 0 29 32 0 101 0 0 0 24 0 0 0 0 0 0 0 0 0 0 0 0 63 0 0 0 0 0 0 11 0 7 3 4 17 0 0 0 0 0 0 0 0 15 0 0 0 0 0 0 32 0 25 22 0 12 13 0 0 38 28 0 3 7 0 9 5 26 15 22 0
4 30 121 2 1 5 94 50 65 708 53 22 9 106 128 67 33 517 1 2 41 93 148 22 46 51 104 8 34 6 89 27 44 0 0 0 18 52 29 15 175 160 17 0 33 11 0 83 11 13 11 12 77 11 15 11 5 12 16 7 4 23 2 112 42 70 0 84 113 94 159 218 163 59 55 103 177 263 248 31 346 440 1426 87 0 0 66 0 0 42 47 0 139 0 0 0 89 0 0 8 0 0 4877 0 0 0 0 4 0 531 0 0 0 0 0 85 57 0 38 18 19 95 0 0 0 0 35 0 0 0 146 0 0 0 9 158 156 264 132 192 203 135 99 74 58 257 203 220 30 34 36 0 38 36 287 196 139 0
0 0 0 0 0 0 0 0 0 0 0 0 0 0 0 0 0 0 0 0 0 0 0 0 0 0 0 0 0 0 0 0 0 0 0 0 0 0 0 0 0 0 0 0 348 81 0 0 0 0 0 0 0 0 0 0 0 0 0 0 0 0 0 0 0 4 0 45 0 0 0 0 27 0 0 0 20 0 0 0 0 0 0 0 0 0 0 0 0 0 0 0 0 0 1 0 0 0 0 0 0 0 0 0 0 0 0 0 0 0 0 0 0 0 0 0 0 0 0 0 0 0 0 0 0 0 0 0 0 0 0 0 0 0 0 0 0 0 0 0 0 0 0 0 0 0 0 0 0 0 0 0 0 0 0 0 0 0
0 0 0 0 0 0 0 0 0 0 0 0 0 0 0 0 0 0 0 0 0 0 0 0 0 0 0 0 0 0 0 0 0 0 0 0 0 0 0 0 0 1 0 0 45 11 0 1 0 0 0 0 0 0 1 0 0 0 1 0 0 0 0 0 0 1 0 6 0 0 0 0 38 0 0 0 29 0 0 0 0 0 0 0 0 0 0 0 0 0 0 0 0 0 18 0 0 0 0 0 0 0 0 0 0 0 0 0 0 0 0 0 0 0 0 0 0 0 0 0 0 0 0 0 0 0 0 0 0 0 0 0 0 0 0 0 0 0 0 0 0 0 0 0 0 0 0 0 0 0 0 0 0 0 0 0 0 0
0 1 6 0 0 0 3 2 3 34 1 1 0 4 0 0 0 0 0 0 0 0 0 0 0 1 3 0 0 0 2 1 1 0 0 0 1 0 0 0 0 1 0 0 0 0 0 0 0 0 0 0 0 0 0 0 0 0 0 0 0 0 0 0 0 0 0 1 0 0 1 0 0 0 0 0 0 0 0 0 0 0 0 0 0 0 0 0 0 0 0 0 4 0 2 0 1 0 0 4 0 0 0 0 162 162 0 2 0 0 0 0 0 0 0 0 0 0 0 0 0 0 0 0 0 0 0 0 0 0 0 0 0 0 0 0 0 0 0 0 0 0 0 0 0 0 0 0 0 0 0 0 0 0 0 0 0 0
27 177 0 11 9 26 498 419 542 0 161 186 67 814 480 505 74 4038 0 1 336 1013 1125 188 813 60 514 45 59 0 396 0 22 28 206 50 92 273 165 84 570 587 35 109 15 192 0 261 246 245 0 246 252 246 245 0 0 119 245 246 246 397 0 55 651 1008 780 654 989 1017 638 501 587 446 578 1168 1001 881 217 1658 177 234 638 291 245 54 178 1 19 93 101 0 823 0 3127 4282 1287 3798 1981 4868 3670 4517 13863 0 0 0 0 0 1092 1130 51 281 99 0 0 7 91 0 0 39 42 18 0 173 0 50 166 54 101 73 58 0 0 262 109 470 470 639 375 447 486 380 221 149 204 345 359 467 75 106 147 71 128 75 731 370 326 0
0 0 0 0 0 0 0 0 0 1 0 0 1 1 0 1 0 4 4 6 2 0 11 0 0 0 0 0 0 0 0 0 0 0 0 0 0 0 0 0 0 0 0 0 0 0 0 0 0 0 0 0 0 0 0 0 0 0 0 0 0 0 0 0 0 0 0 0 0 0 0 0 0 0 0 0 0 0 0 0 0 0 0 0 0 0 0 0 0 0 0 0 0 0 3 4 1 0 2 5 4 5 1 1 391 390 375 0 0 0 0 0 0 0 0 0 0 0 0 0 0 0 0 0 0 0 0 0 0 0 0 0 0 0 0 0 0 0 0 0 0 0 0 2 0 0 0 0 0 0 1 0 2 1 0 0 0 0
71 27 176 6 100 14 0 98 146 60 29 98 10 10 0 5 13 67 0 107 9 58 2 22 58 28 64 0 3 90 0 48 67 0 145 137 26 26 7 2 74 42 0 0 24 14 0 81 19 18 0 20 74 18 24 19 12 18 25 13 10 33 70 161 52 67 0 96 93 0 62 25 139 29 101 90 102 227 346 323 167 223 1174 239 0 0 36 0 78 13 7 0 322 0 0 28 35 28 11 35 32 58 0 0 30 30 27 0 1 0 0 0 0 0 0 21 0 0 0 5 17 0 0 0 0 0 0 0 0 0 0 0 0 0 0 0 0 0 0 0 0 0 0 6 0 0 0 0 0 0 0 0 20 0 0 24 22 0
479 119 1656 35 756 58 179 801 899 572 174 638 65 1722 416 4601 644 983 662 756 1886 295 8191 6058 5632 57 50 5 42 64 40 54 63 57 146 130 17 160 47 82 51 164 12 0 33 20 0 31 22 25 0 23 25 22 27 23 17 23 27 19 16 72 492 280 195 257 393 453 463 0 358 0 0 2663 228 0 85 80 58 144 52 39 104 0 0 0 115 11 487 91 123 69 169 0 3133 5292 3837 8874 1796 4929 0 9963 8655 10142 130 130 130 0 46 2328 0 0 14 0 114 620 116 0 1155 22 43 285 1612 1493 0 0 216 8152 0 0 781 0 2818 1250 530 575 515 427 443 473 532 407 1140 978 481 340 266 264 395 424 397 418 371 399 438 514 491 0
76 25 176 1 102 3 19 98 160 77 39 133 1 2177 1166 3006 268 277 249 342 894 466 449 264 141 62 56 5 12 70 42 65 51 59 169 130 421 921 251 28 308 829 110 0 16 19 0 81 27 29 0 28 74 27 32 28 21 27 32 23 20 34 4 236 91 99 112 117 99 98 315 122 113 1895 271 437 310 116 494 93 630 116 1153 457 213 0 583 370 76 200 355 482 182 0 234 411 469 421 134 403 409 523 401 315 305 305 305 0 41 684 72 0 0 0 0 0 0 229 89 1097 966 1031 88 108 0 0 574 0 5777 0 194 0 6 133 71 604 607 803 500 574 631 495 625 575 577 591 562 567 472 490 482 519 467 512 514 118 398 0
91 17 169 4 130 11 0 124 203 101 28 170 3 37 249 3697 89 0 1 4 804 454 684 253 42 14 15 0 1 14 0 14 11 0 34 48 157 421 77 0 18 267 47 48 21 5 0 70 10 13 0 11 61 10 16 11 2 11 17 4 0 21 0 76 78 56 0 114 84 0 155 120 197 2540 176 306 388 228 0 1113 552 539 1082 300 0 0 190 0 97 217 113 0 62 0 28 31 61 85 23 146 85 88 39 34 23 23 23 0 3 245 0 10 0 0 0 98 0 0 7 5 7 8 0 70 0 57 0 0 0 0 0 0 0 8 0 68 58 43 21 55 58 41 11 23 0 340 311 314 152 193 159 127 218 73 0 446 46 0
422 1051 1257 826 127 10237 3993 1748 549 409 2286 6280 936 816 1185 6322 629 198 711 1008 1920 3611 5586 2506 4808 4725 2635 1013 1657 3885 4289 3148 7312 3380 6314 3764 38771 3646 5322 12925 2749 7067 3891 5582 814 522 440 925 667 738 500 695 712 656 824 650 466 686 837 517 421 1637 8 8432 8269 4694 6450 3508 6713 6630 5057 1123 8055 4468 9285 6590 7952 13221 3964 5710 1905 3135 319 4510 4250 6348 8811 277 331 6113 17848 3603 5276 0 4434 441 1426 1977 345 1589 2175 2805 4299 4801 4257 4257 4252 450 177 816 3808 6709 1760 0 3269 2813 302 153 206 151 493 118 0 1208 0 0 131 0 0 0 2605 719 234 489 2190 2119 2036 1079 5099 1644 3196 2449 1359 1304 648 1011 5917 2166 9370 7552 6463 3336 7513 7058 170 1286 7253 5
536 1702 274 3238 273 39 440 1437 411 793 2646 260 3432 5276 4918 17077 447 456 1293 1419 3874 1635 80 1226 441 162 84 56 3400 293 97 108 561 153 196 195 59 3746 1842 1668 960 1108 1664 574 10021 3318 1132 1542 1302 1302 1193 1303 1532 1301 1308 1303 1294 1299 1309 1295 1292 1069 7562 918 781 340 417 3821 446 439 799 1548 1663 11077 2352 2294 1904 1887 1509 2455 2780 1943 6221 2166 502 333 32 1170 543 1790 1466 2608 156 0 613 1525 1898 250 1195 13349 0 7051 968 709 4285 4285 4279 1329 3 1766 0 240 3640 0 0 201 203 24 372 1212 1461 217 668 1021 0 0 914 0 0 87 2313 0 73 100 96 828 702 679 534 643 722 591 568 542 530 598 937 908 409 653 571 547 695 475 589 1494 931 0
3 18 0 2 13 4 10 12 21 0 16 19 10 157 0 123 275 38 0 65 37 134 134 67 40 0 0 0 0 0 0 60 11 0 28 0 68 113 99 72 167 134 0 0 15 9 0 51 12 14 0 13 46 12 16 13 8 12 16 9 7 17 53 100 24 30 220 118 237 231 156 66 69 77 97 116 107 75 231 213 114 150 738 135 47 68 190 149 9 94 171 73 255 0 0 66 704 40 80 225 201 250 113 0 176 176 174 0 3 0 0 56 0 0 0 0 2 0 108 176 207 2075 709 0 0 0 410 0 0 0 64 0 0 0 248 33 32 49 49 55 64 39 71 71 146 0 163 82 171 142 102 40 136 128 120 24 0 0
0 0 2 0 4 0 0 4 6 0 6 4 0 135 4 5 17 24 43 52 4 79 2 0 9 10 8 1 5 9 2 9 8 7 16 31 0 15 28 11 0 22 12 0 76 45 0 49 41 42 0 41 44 40 45 41 36 39 45 37 35 37 189 192 20 45 127 76 110 0 220 125 122 13 104 20 147 302 73 107 84 1401 164 52 4 0 9 0 0 277 0 0 31 0 0 0 140 0 0 25 0 1 0 0 0 0 0 0 2 227 0 67 5 0 0 0 0 0 175 0 49 0 0 0 0 0 129 0 0 0 145 0 0 0 0 438 438 612 353 425 461 354 455 419 429 419 262 364 228 230 292 371 214 308 0 4 65 0
507 240 1186 44 677 93 412 644 1037 506 361 807 72 113 289 163 219 91 115 149 288 942 40 629 689 838 757 59 242 1023 553 525 820 1124 1814 1491 1254 761 503 351 1004 1812 116 558 628 1046 379 1167 1177 1179 0 1178 1163 1177 1181 1178 1173 1173 1181 1174 1172 1022 1760 1635 414 655 505 673 336 399 1546 643 582 260 1285 2827 924 1377 1119 2099 2788 1906 1333 1011 796 949 750 271 486 2138 828 339 3155 0 238 158 1433 248 158 596 241 335 225 139 846 846 849 1133 7 1715 1066 0 181 0 0 383 3621 0 6039 0 553 22 1927 0 0 0 94 0 0 0 646 0 228 143 274 3553 3502 4457 2712 3208 3526 2822 3343 3061 3191 3748 2065 2705 1964 1943 2282 2849 1826 2413 375 351 740 1
0 0 0 0 0 0 0 0 0 0 0 0 0 0 0 0 0 112 67 110 1 0 0 1 1 0 0 0 0 0 0 0 0 0 0 0 0 0 0 0 0 0 0 0 0 85 74 99 107 106 22 107 102 107 105 107 110 107 105 109 111 84 0 4 1 2 0 2 2 0 13 0 0 0 0 0 0 2 0 1 1 0 1 0 0 0 0 0 0 0 0 88 0 0 0 0 8 0 0 0 0 1 0 0 5 5 5 24 0 0 0 0 0 0 0 0 0 0 0 0 0 0 0 0 0 0 0 0 0 0 0 0 0 0 0 0 0 0 0 0 0 0 84 140 0 0 6 0 0 2 0 0 0 0 0 0 0 0
0 0 0 0 0 0 2 0 0 0 0 0 0 4 0 54 0 23 72 78 1 0 0 0 1 4 2 1 0 4 0 27 4 0 48 22 0 0 12 3 0 10 0 0 1 0 0 1 0 0 0 0 0 0 1 0 0 0 1 0 0 1 0 10 3 5 4 2 3 0 21 0 2 2 3 3 2 0 0 0 0 1 0 0 1 0 0 14565 0 0 0 52 0 0 0 0 124 0 0 0 0 0 0 0 0 0 0 0 0 0 0 0 0 0 0 0 118 186 247 0 0 0 0 0 0 0 0 0 0 0 0 0 0 0 0 0 0 0 1 3 6 0 9 13 0 0 74 9 128 95 55 0 86 83 0 0 1 0
0 0 0 0 0 0 0 0 0 0 0 0 0 2 0 34 0 0 105 115 0 0 0 0 0 2 1 0 0 2 0 17 3 0 29 12 0 0 7 2 0 5 0 0 0 0 0 0 0 0 0 0 0 0 0 0 0 0 0 0 0 0 0 5 1 2 2 1 2 0 13 0 1 1 2 2 1 0 0 0 0 1 0 0 0 0 0 0 0 0 0 28 0 0 0 0 106 0 0 0 0 0 0 0 0 0 0 0 0 0 0 0 0 0 0 0 0 0 35 13 0 0 0 0 0 0 0 0 0 0 0 0 0 0 0 0 0 0 0 0 0 0 3 8 0 0 44 0 79 58 34 0 54 52 0 0 0 0
0 0 92 9 11 9 5 2 6 0 3 10 0 205 0 3 62 0 7 17 1 8 11 7 2 0 0 0 0 1 0 3 2 0 6 2 3 5 0 1 44 126 3 0 2 2 0 0 2 0 0 2 3 2 2 2 1 0 2 1 1 1 13 5 4 1 4 30 5 4 3 29 5 2 16 5 7 4 14 10 9 7 39 24 1 0 6 0 2 16 0 45 12 0 0 0 418 0 0 0 0 0 0 0 22 22 22 0 0 13 0 0 0 0 0 0 3 0 41 23 40 0 0 0 0 0 0 0 0 0 0 0 0 0 0 0 0 0 0 0 0 0 0 2 0 0 4 0 3 4 3 0 6 4 24 0 0 0
564 207 350 115 103 65 119 277 124 458 179 210 173 115 828 671 96 508 710 819 18 133 17 50 307 168 154 20 133 204 126 403 158 141 862 576 0 30 552 49 0 271 48 0 434 518 144 538 548 549 0 548 536 548 551 548 544 547 551 545 543 518 6200 762 299 402 1555 973 1632 1626 1091 23 78 77 172 175 137 82 81 54 31 56 161 81 18 18 0 5974 570 27 437 890 394 0 611 172 6069 470 60 683 404 203 581 545 493 493 492 316 24 45 0 0 180 2304 0 0 538 0 620 5233 9266 19739 0 0 0 0 150 0 0 0 68 0 362 0 0 257 266 64 346 207 308 298 241 239 87 19 1035 329 1679 1284 790 301 1144 1106 0 84 1103 0
143 37 381 8 204 19 98 196 295 147 105 177 1 44 501 154 1406 0 11 68 27 223 284 268 100 79 72 8 54 89 60 108 104 80 262 234 49 139 264 194 115 123 49 0 34 14 0 49 21 26 0 23 38 21 30 23 10 22 31 13 8 28 69 538 49 58 440 330 492 482 378 150 137 101 247 204 166 101 139 136 92 114 349 141 135 108 276 69 146 107 154 237 207 0 148 202 291 182 90 271 176 218 171 112 919 919 917 0 12 479 0 0 0 0 0 190 197 60 660 166 278 638 242 0 49 171 669 0 0 0 650 0 456 356 439 689 839 258 237 247 283 221 291 276 226 129 335 222 443 381 299 337 358 361 1104 641 587 0
290 137 735 25 400 53 332 382 575 297 239 362 99 80 326 254 678 831 991 1032 178 495 825 376 395 498 438 35 164 575 331 331 478 619 1055 898 375 695 713 259 816 1037 71 0 424 592 600 655 651 653 612 652 647 651 657 652 643 651 657 646 642 589 1339 1041 268 371 299 399 290 288 544 645 302 320 649 845 433 395 585 1532 450 901 536 241 505 433 1380 431 286 795 540 347 1663 0 690 767 792 1110 392 1106 1065 1276 1085 1165 458 458 458 585 30 689 425 399 129 771 261 1363 1788 358 462 525 1016 759 688 0 0 16228 0 24324 994 0 979 0 1081 0 553 1033 941 934 693 857 971 789 823 772 733 716 715 680 752 715 696 695 703 739 2821 506 723 1
271 54 674 15 376 31 39 360 563 281 81 395 45 41 320 709 142 3 0 5 183 206 581 103 79 46 41 3 14 54 27 61 52 44 149 104 36 66 114 57 119 83 8 0 8 13 0 19 17 16 0 17 17 17 18 17 15 15 18 15 14 25 10 127 51 81 40 208 24 26 162 65 44 447 72 90 141 82 62 135 111 133 87 55 113 92 148 191 278 43 89 138 140 0 43 181 163 152 26 87 146 176 144 134 93 93 94 0 5 207 71 56 0 244 77 38 15 341 111 355 711 940 91 0 0 0 0 0 1591 0 110 0 0 0 0 333 326 408 282 313 348 274 342 320 301 274 284 280 348 327 303 291 306 340 0 46 221 0
15 6 34 0 27 1 0 26 42 4 162 41 3 55 0 13 64 11 0 17 4 22 12 18 26 25 24 0 134 33 0 23 26 11 61 51 56 43 10 5 10 95 10 0 7 3 0 11 4 4 0 4 8 4 6 4 2 2 6 3 2 9 5 95 28 33 135 81 136 140 111 36 20 11 36 31 25 47 59 63 61 65 106 49 28 0 0 0 20 0 32 120 109 0 5 35 37 33 12 41 0 43 22 0 38 38 37 0 1 131 0 0 216 0 0 0 0 0 16 63 79 8 0 0 1591 23915 0 0 0 0 105 0 0 0 29 90 84 139 85 114 122 77 127 124 97 0 84 89 93 89 101 83 86 108 79 0 102 0
792 228 1732 52 1051 107 497 1007 1657 814 652 1698 8 2797 294 394 2009 213 204 340 136 938 450 713 255 354 384 35 353 405 348 341 591 340 927 682 131 1378 1098 1186 1596 1406 286 657 61 51 9 137 62 67 0 64 123 62 72 62 49 63 73 53 46 74 324 556 195 200 755 893 772 684 850 659 431 472 905 958 650 287 585 538 345 446 1514 343 778 544 1118 276 803 440 753 1248 1001 0 332 498 2034 653 206 622 631 762 640 655 701 701 701 0 20 567 0 3246 508 1111 12287 4459 429 813 1178 468 228 888 2255 717 0 164 2479 0 1747 2348 2401 576 672 1115 1244 1319 1190 1136 981 1065 1221 1016 1055 1004 937 1003 1169 1017 1330 1340 1071 991 1183 1212 2365 1589 2116 0
334 117 778 24 450 50 333 429 696 341 3248 530 4 1276 209 1138 2525 522 763 864 292 825 1541 396 279 373 302 31 2682 361 254 487 290 304 1121 730 218 383 403 225 1002 952 173 342 47 23 0 102 32 27 0 34 84 32 44 23 17 23 45 21 14 53 45 509 174 234 894 691 944 882 1079 69 169 475 511 898 604 320 519 478 319 433 1337 371 368 450 3169 1569 336 161 230 5087 817 0 418 665 812 695 250 746 669 797 674 683 533 532 533 0 12 894 436 0 4383 1732 148 69 186 1638 250 4146 4886 4141 984 723 0 0 113 0 0 356 1224 2264 187 0 72 1324 1315 1401 1111 1174 1367 1147 1234 1147 1024 1092 1660 1131 2266 1866 1448 1133 1720 1820 459 14587 1161 0
108 47 240 2 145 18 185 138 227 104 130 182 2 193 186 912 1482 58 26 112 281 392 1480 285 503 138 137 13 75 144 119 221 123 98 494 397 138 117 201 126 273 565 103 1292 73 38 0 133 52 59 0 55 110 51 69 52 30 53 70 36 25 158 263 799 398 495 1148 795 1541 1459 879 260 219 521 404 259 362 259 366 407 230 285 1186 446 145 86 803 1248 108 67 366 1068 302 0 348 461 441 506 205 568 487 580 488 490 439 438 438 0 7 626 55 165 28 16 0 257 120 6 178 1292 821 1456 184 1530 163 469 1223 0 0 0 2067 0 779 835 127 282 278 195 292 255 315 257 327 312 213 80 642 293 879 715 513 266 675 625 554 818 940 0
145 99 324 15 171 36 253 226 142 131 181 256 151 16 100 88 36 17 0 83 37 352 6 32 1537 305 291 24 126 279 253 155 230 245 420 369 289 455 3 106 0 362 0 137 95 62 13 100 67 71 15 69 83 66 77 37 53 68 78 58 52 488 82 157 1694 1887 1644 1094 2043 354 1046 279 102 182 394 210 298 189 250 183 181 146 421 60 0 905 2048 215 137 523 709 137 638 0 0 46 56 49 16 62 53 56 0 0 13 12 11 0 0 543 0 0 106 0 0 0 0 0 16 237 265 211 0 0 0 0 0 0 0 0 0 0 115 92 0 424 303 158 35 323 387 306 87 100 18 0 184 80 173 175 286 16 199 137 0 0 179 0
2648 1871 4543 236 4276 537 1769 2844 2007 2146 1806 978 337 999 1499 1615 6559 2487 0 49 1958 3964 11319 2643 2609 1591 4785 598 1195 3133 1233 638 1499 1719 2152 1510 6039 158 4039 2423 4868 3595 1008 1720 409 410 364 713 477 498 374 485 652 474 522 482 420 482 526 436 407 958 446 1949 2295 2623 3749 4513 4018 3907 2680 3643 2508 1967 4245 5697 3399 2523 3106 7275 3400 2758 4300 3008 3084 1092 16 2331 2665 681 4405 1539 4074 1 3282 4814 2570 4571 1844 5200 4388 5277 4478 4850 5758 5757 5755 417 154 5881 1331 3285 1656 0 3361 2076 2261 707 4831 2169 4533 724 1333 1424 2657 2075 1813 0 0 698 4819 0 4344 2352 405 3613 3506 4277 2780 3239 3543 2778 3530 3246 3326 621 2302 2846 1658 2061 2386 2848 1928 2180 8131 4499 2411 1
103 35 223 5 140 4 73 155 219 88 43 206 5 27 467 23 193 38 0 89 9 138 35 256 39 86 75 3 14 103 40 58 132 85 182 146 48 132 341 211 55 210 9 0 20 12 0 40 15 16 0 16 35 15 19 16 11 15 19 12 10 16 81 168 20 21 185 323 317 257 209 147 238 91 76 77 128 122 154 140 83 105 437 193 0 68 184 211 107 96 142 0 310 0 180 273 201 277 109 293 0 369 264 215 5469 5468 5462 80 77 280 0 0 0 0 0 130 178 0 43 248 243 20 0 0 0 199 270 0 0 0 0 0 0 0 0 96 38 28 126 116 121 55 182 202 116 0 157 145 146 156 158 106 148 165 202 112 142 0
7 6 14 0 12 1 68 12 20 0 16 19 1 4 0 72 227 54 0 88 27 55 122 77 23 27 23 0 8 32 0 27 95 0 64 37 50 154 173 253 105 71 0 0 8 5 0 17 7 8 0 7 15 7 9 7 5 7 9 6 4 8 61 61 9 13 57 55 101 59 83 40 41 103 119 75 41 47 67 60 36 47 187 325 0 117 116 82 8 35 78 26 108 0 51 162 105 143 44 126 140 172 124 39 204 204 203 0 6 174 0 0 0 0 0 63 34 0 41 135 113 247 102 0 13 284 306 0 89 0 0 0 71 0 344 163 132 93 126 142 157 109 174 172 134 0 98 84 106 111 112 110 114 111 141 49 0 0
14 3 38 1 25 2 52 24 30 0 19 16 1 115 133 14 47 59 0 95 10 151 8 141 10 0 0 0 7 0 0 12 2 0 0 0 9 129 1 3 121 126 0 0 28 38 30 46 41 41 30 41 46 41 41 41 41 41 41 41 40 33 76 0 9 8 41 36 43 42 30 53 131 53 71 99 111 47 402 84 88 78 148 62 25 29 89 5 10 69 45 17 35 0 22 52 62 52 17 49 51 67 41 0 112 112 111 0 6 27 0 0 15 0 0 0 82 0 16 20 89 34 37 0 0 14 0 0 0 0 168 0 904 0 0 126 93 39 111 106 116 75 149 151 113 0 99 83 76 80 90 94 86 86 0 62 0 0
0 0 0 2 89 52 0 105 121 0 27 87 0 32 44 32 40 22 0 30 15 62 37 38 28 0 6 0 0 6 0 57 16 0 5 31 44 77 122 86 58 456 76 0 33 22 0 43 22 21 0 23 39 22 25 22 19 19 25 20 18 24 44 341 131 229 122 156 80 147 936 26 211 37 82 62 158 815 466 631 589 709 949 477 0 12 62 0 71 37 32 0 42 0 0 74 59 56 24 200 47 62 20 0 46 46 48 0 3 1268 0 0 0 0 0 0 0 0 26 20 37 51 0 0 0 0 0 0 0 0 0 0 0 0 0 0 0 2374 259 1890 1816 404 2080 2216 781 0 912 935 965 1055 1484 115 1093 1557 0 0 28 17
11 0 27 8 90 53 0 106 122 0 30 88 0 32 45 33 40 22 0 31 15 63 37 39 28 0 16 0 2 15 0 58 23 0 15 31 45 78 123 87 111 472 77 0 33 22 0 43 22 21 0 23 40 22 25 22 19 20 25 20 18 25 44 345 132 231 137 157 80 148 944 26 212 37 83 62 160 820 471 636 593 714 955 480 0 12 63 0 71 37 32 0 42 0 0 75 59 56 24 201 48 62 21 0 46 46 48 0 3 1280 0 0 0 0 0 0 0 0 27 17 36 51 0 0 0 0 0 0 0 0 0 0 0 0 0 120 0 2439 334 1933 1872 485 2113 2237 856 0 934 984 983 1071 1500 201 1103 1574 0 0 30 17
0 0 0 1 34 19 0 40 46 0 10 33 0 12 17 12 15 8 0 11 5 24 14 14 10 0 3 0 9 3 0 22 7 0 4 13 17 33 46 37 20 171 29 0 12 8 0 16 8 7 0 9 15 8 9 8 7 7 9 7 7 9 16 146 57 104 34 64 33 48 459 0 81 13 30 15 33 333 202 272 256 297 411 204 0 0 23 0 27 12 11 0 16 0 0 27 21 13 8 74 12 23 0 0 17 17 17 0 1 666 0 0 0 0 0 0 0 0 10 12 17 19 0 0 0 0 0 0 0 0 0 0 0 0 0 0 0 0 0 170 0 0 454 787 0 1972 43 0 160 257 484 0 381 503 0 0 0 6
40 23 81 15 51 30 19 60 69 56 23 50 13 18 26 20 24 8 0 19 10 43 23 25 17 0 0 0 0 0 0 35 3 0 0 14 26 48 71 54 84 332 54 0 22 14 0 32 14 0 0 15 28 14 16 11 12 13 17 13 11 16 27 170 84 140 76 94 49 83 573 11 178 25 58 39 132 586 319 444 406 479 667 336 0 0 34 0 40 22 12 0 22 0 0 51 34 36 16 126 30 43 9 0 31 31 32 0 2 767 0 0 0 0 0 0 0 0 16 0 14 28 0 0 0 0 0 0 0 0 0 0 0 0 0 0 0 1355 0 1096 1022 82 1235 1349 331 0 533 487 568 631 899 0 666 943 0 0 10 11
0 0 0 0 20 11 0 24 27 0 1 20 0 7 10 7 9 5 0 9 3 14 8 11 9 0 0 0 5 0 0 16 0 0 0 7 9 16 26 19 0 82 16 0 15 7 0 17 9 8 0 9 13 8 11 8 5 7 12 6 4 10 10 72 29 51 2277 1171 2433 2497 1325 0 55 16 32 21 21 184 103 142 132 158 213 105 0 0 14 0 15 7 10 0 9 0 0 16 12 6 5 45 6 14 0 0 10 10 10 0 0 266 0 0 0 0 0 0 0 0 6 0 4 10 0 0 0 0 0 0 0 0 0 0 0 0 0 0 0 0 0 0 0 0 212 467 0 0 0 0 59 129 279 0 225 288 0 0 0 4
0 0 0 0 30 16 0 35 40 0 3 29 0 10 15 11 13 7 0 13 5 21 12 16 13 0 0 0 0 0 0 22 0 0 0 9 14 20 37 24 0 139 25 0 20 10 0 23 12 11 0 12 19 11 15 11 7 9 15 8 6 13 15 82 36 57 2599 1337 2768 2857 1462 0 83 21 43 29 44 256 127 180 163 207 267 134 0 0 21 0 23 11 14 0 14 0 0 24 19 13 8 68 12 21 0 0 16 16 16 0 1 170 0 0 0 0 0 0 0 0 9 0 4 15 0 0 0 0 0 0 0 0 0 0 0 0 0 0 0 127 0 231 0 0 458 720 0 0 82 0 174 254 450 0 350 468 0 0 0 6
0 0 0 0 56 31 0 66 76 0 16 55 0 20 28 21 25 14 0 20 9 41 23 25 18 0 5 0 0 5 0 37 11 0 2 17 27 49 77 56 44 312 51 0 22 14 0 29 14 14 0 15 26 14 16 13 12 12 16 13 12 16 28 210 85 147 78 99 51 90 599 5 148 24 55 39 108 545 308 410 389 466 630 317 0 3 39 0 44 23 19 0 26 0 0 49 38 35 16 129 30 41 7 0 30 30 31 0 2 807 0 0 0 0 0 0 0 0 17 2 17 32 0 0 0 0 0 0 0 0 0 0 0 0 0 0 0 1369 0 1119 1026 0 1276 1412 271 0 535 459 584 652 938 0 695 983 0 0 13 11
9 3114 17 6486 12 7 0 14 16 10 11 11 6635 4 6 4 5 2 0 5 2 8 5 2 4 0 0 0 2479 0 0 8 0 0 0 0 5 7 14 12 0 35 8 0 7 4 0 8 4 3 0 4 7 4 5 3 3 3 5 3 2 5 6 30 18 31 686 368 748 753 467 0 29 4 8 0 0 115 61 88 81 96 132 52 0 0 8 0 8 3 3 0 5 0 0 10 7 4 3 27 4 9 0 0 6 6 6 0 0 146 0 0 0 0 0 0 0 0 0 0 0 4 0 0 0 0 0 0 0 0 0 0 0 0 0 0 0 0 0 0 0 0 0 266 0 330 0 0 0 24 140 0 125 143 0 0 0 2
0 1865 0 3889 1 1 0 2 2 0 4 1 3978 0 1 1 1 0 0 0 0 1 1 0 0 0 0 0 1485 0 0 1 0 0 0 0 0 0 0 1 0 6 0 0 1 0 0 1 0 0 0 0 0 0 0 0 0 0 0 0 0 0 1 0 2 4 0 2 1 0 15 0 0 0 0 0 0 13 3 10 9 9 15 0 0 0 1 0 0 0 0 0 1 0 0 1 1 0 0 3 0 1 0 0 1 1 0 0 0 0 0 0 0 0 0 0 0 0 0 0 0 0 0 0 0 0 0 0 0 0 0 0 0 0 0 0 0 0 0 0 0 0 0 0 0 0 0 0 0 0 0 0 0 0 0 0 0 0
39 22 78 14 49 29 20 58 66 56 22 48 13 16 25 19 23 10 0 18 9 41 21 24 16 0 0 0 0 0 0 33 6 0 0 18 26 45 66 50 90 305 51 0 20 13 3 30 13 14 5 14 27 13 15 12 11 13 15 12 11 15 25 184 78 130 79 88 46 84 531 0 169 23 55 40 120 550 296 414 379 446 623 313 0 2 34 0 39 21 15 0 22 0 1 48 32 37 15 117 30 40 21 0 28 28 30 0 2 708 0 0 9 0 0 0 0 0 1 17 25 28 0 0 0 0 0 0 0 0 0 0 0 0 0 0 0 1054 0 894 764 0 1072 1242 0 0 427 264 482 554 818 0 612 856 0 0 4 10
249 139 519 92 312 187 154 368 423 366 137 308 81 115 157 116 141 80 0 110 53 233 131 145 100 1 112 0 55 104 0 205 120 0 122 123 163 288 434 310 863 1896 296 0 121 79 0 162 81 82 0 83 149 80 91 82 69 79 92 72 66 89 159 1179 452 764 664 557 286 513 3363 346 832 139 309 255 715 2976 1661 2245 2078 1964 3369 1709 0 97 224 103 251 139 121 0 149 0 25 278 212 221 90 611 227 230 136 0 169 169 176 0 10 4404 0 0 0 0 0 92 0 0 95 113 160 191 0 0 0 0 55 0 0 0 274 0 274 7 31 7436 7067 0 5471 8456 53 6211 0 8076 7014 0 4216 5946 4090 4216 5543 2644 4007 5831 0 120 207 62
7 4 13 3 11 6 0 8 14 6 4 10 2 0 5 4 5 0 0 4 0 0 5 3 2 0 0 0 1 0 0 7 0 0 0 0 0 0 0 11 0 27 0 0 5 3 0 7 3 1 0 3 5 3 3 0 2 0 3 3 2 3 6 0 17 29 0 16 6 0 116 0 38 5 10 0 16 122 0 91 41 45 116 18 0 0 0 0 0 0 0 0 0 0 0 7 7 0 2 25 0 9 0 0 6 6 6 0 0 67 0 0 0 0 0 0 0 0 0 0 0 0 0 0 0 0 0 0 0 0 0 0 0 0 0 0 0 0 0 31 0 0 137 263 0 0 0 0 38 75 157 0 126 164 0 0 0 2
23 13 47 8 30 17 4 32 40 33 13 29 7 8 15 11 14 0 0 14 3 0 13 17 12 0 0 0 0 0 0 23 0 0 0 8 12 0 9 30 0 148 17 0 20 10 0 25 12 11 0 13 20 12 16 7 7 9 16 9 6 14 15 35 47 80 2515 1314 2709 2778 1563 0 102 23 46 28 66 317 0 240 192 227 347 145 0 0 0 0 18 0 0 0 0 0 0 25 19 6 8 70 8 23 0 0 17 17 17 0 1 378 0 0 0 0 0 0 0 0 0 0 3 14 0 0 0 0 0 0 0 0 0 0 0 0 0 0 0 476 0 446 314 0 596 754 0 0 202 0 253 311 487 0 369 509 0 0 0 6
4 3 6 2 7 5 0 8 9 0 3 5 2 0 4 3 4 0 0 3 2 8 4 3 2 0 0 0 0 0 0 4 0 0 0 0 0 0 1 8 0 22 10 0 4 2 0 8 3 1 0 3 7 3 3 0 2 0 3 2 2 3 4 0 13 20 0 13 7 0 79 0 56 4 11 0 30 141 56 98 82 88 147 57 0 0 0 0 0 0 0 0 0 0 0 9 5 4 3 19 4 9 1 0 6 5 5 0 0 80 0 0 0 0 0 0 0 0 2 0 0 0 0 0 0 0 0 0 0 0 0 0 0 0 0 0 0 0 0 0 0 0 44 170 0 0 0 0 0 34 97 0 82 100 0 0 0 2
2 2 3 2 4 3 0 6 6 0 2 3 1 0 2 363 3 0 0 2 94 5 2 0 10 0 0 0 0 0 0 3 0 0 0 0 0 0 0 6 0 32 0 0 3 2 0 6 2 1 0 2 5 2 2 0 1 0 2 1 1 2 3 0 9 14 0 9 5 0 58 0 43 212 0 0 0 103 36 71 59 61 105 75 0 0 0 0 0 0 0 0 0 0 0 6 4 2 2 13 2 6 0 0 4 4 4 0 0 43 0 0 0 0 0 0 0 0 0 0 0 0 0 0 0 0 0 0 0 0 0 0 0 0 0 0 0 0 0 0 0 0 0 110 0 0 0 0 0 0 54 0 52 55 0 0 0 1
1 1 1 1 2 2 0 3 3 0 1 2 1 0 1 1 1 0 0 1 1 2 1 0 0 0 0 0 0 0 0 2 0 0 0 0 0 0 0 3 0 13 0 0 1 1 0 3 1 0 0 1 1 1 1 0 0 0 1 1 1 1 1 0 4 7 0 5 2 0 27 0 21 1 0 0 0 53 15 36 30 30 53 17 0 0 0 0 0 0 0 0 0 0 0 3 2 0 1 6 0 3 0 0 2 2 2 0 0 6 0 0 0 0 0 0 0 0 1 0 0 0 0 0 0 0 0 0 0 0 0 0 0 0 0 0 0 0 0 0 0 0 0 40 0 0 0 0 0 0 0 0 16 0 0 0 0 1
48 27 98 17 61 35 24 72 82 69 27 59 15 21 31 23 28 11 0 22 11 48 26 28 20 0 0 0 0 0 0 40 6 0 0 19 30 70 88 77 94 348 59 0 24 16 0 34 16 15 0 17 31 16 18 16 13 14 18 14 13 18 31 310 120 223 144 145 105 109 1038 14 182 28 63 43 135 707 439 591 556 628 897 443 0 3 42 0 48 26 19 0 27 0 14 56 42 46 18 143 38 47 39 8 34 34 36 0 2 1604 0 0 0 0 0 0 0 0 19 3 19 35 0 0 0 0 0 0 0 0 0 0 0 0 0 0 0 1619 110 1296 1232 209 1440 1549 481 0 629 618 666 733 1035 0 764 1086 0 0 22 12
0 0 0 0 1 1 0 1 1 0 0 0 0 0 0 0 1 0 0 0 0 0 0 0 0 0 0 0 0 0 0 0 0 0 0 0 0 0 0 1 0 0 0 0 1 0 0 1 0 0 0 0 1 0 0 0 0 0 0 0 0 0 1 0 2 2 0 2 1 0 10 0 9 0 0 0 0 23 0 14 9 8 20 0 0 0 0 0 0 0 0 0 0 0 0 0 1 0 0 2 0 1 0 0 1 1 0 0 0 0 0 0 0 0 0 0 0 0 0 0 0 0 0 0 0 0 0 0 0 0 0 0 0 0 0 0 0 0 0 0 0 0 0 7 0 0 0 0 0 0 0 0 0 0 0 0 0 0
1 1 1 1 3 2 0 3 4 0 1 2 1 0 1 763 2 0 0 1 1176 2 10252 37 1 0 0 0 0 0 0 1 0 0 0 0 0 0 0 3 0 7 2 0 1 1 0 2 1 0 0 1 2 1 1 0 1 0 1 1 1 1 2 0 5 9 0 6 3 0 38 0 28 477 8 0 6 42 13 30 24 25 45 44 0 0 0 0 0 0 0 0 0 0 0 3 2 0 1 7 0 3 0 0 2 2 2 0 0 15 0 0 0 0 0 0 0 0 1 0 0 0 0 0 0 0 0 0 0 0 0 0 0 0 0 0 0 0 0 0 0 0 0 47 0 0 0 0 0 0 3 0 19 0 0 0 0 1
60 9 144 0 104 10 0 100 163 23 206 137 0 72 98 72 90 15 0 21 42 60 239 42 36 30 30 0 160 40 12 26 29 21 80 72 43 50 180 8 58 30 0 0 8 5 0 16 7 6 0 7 14 7 9 7 4 4 9 5 4 12 6 119 30 41 48 81 49 53 101 60 40 57 85 76 56 76 92 103 103 110 178 75 42 21 7 88 78 51 117 126 114 0 0 34 62 24 12 46 27 44 0 0 40 40 39 0 1 84 0 0 252 0 0 0 15 0 28 92 40 0 4 0 0 86 0 0 0 0 152 0 0 0 137 191 184 258 151 196 212 156 208 195 180 93 136 159 133 131 149 155 126 158 0 0 29 0
1 4 0 0 4 1 20 4 10 0 7 7 0 0 0 9 693 12 0 30 4 48 125 72 21 0 0 0 0 0 0 13 16 0 0 0 18 52 23 108 0 48 0 0 5 3 0 12 4 4 0 4 11 4 5 4 3 3 5 3 3 6 8 26 9 13 0 17 43 7 28 0 31 43 51 41 39 45 369 89 86 78 147 60 0 17 83 0 2 23 72 30 78 0 0 52 68 19 10 32 22 37 0 0 46 46 44 0 2 0 0 0 0 0 0 0 0 0 21 151 292 171 0 0 0 0 45 0 0 0 135 0 0 0 0 5 1 24 13 31 31 8 42 45 17 0 60 37 37 42 39 7 49 37 179 0 0 0
5 7 8 0 7 2 0 2 0 0 10 0 7 8541 114 9 51 0 0 20 6 8 11 3 5 0 8 0 4 1 0 9 11 0 0 0 0 0 19 7 1982 24 0 0 2 2 0 7 2 1 0 2 2 2 3 0 0 0 3 2 1 3 5 0 4 10 0 19 26 0 29 0 3 12 40 0 3 31 5 32 21 0 84 0 0 0 0 0 0 1 0 0 20 0 0 17 21 2 5 17 7 17 0 0 40 39 39 0 1 0 0 0 0 0 0 311 0 0 1 0 55 1407 0 0 0 0 0 0 0 0 0 0 0 154 133 0 0 17 0 18 15 0 30 36 0 0 42 16 27 27 29 0 31 31 0 146 0 0
0 0 0 0 0 0 0 0 0 0 0 0 0 0 0 0 0 0 0 0 0 0 0 0 0 0 0 0 0 0 0 0 0 0 0 0 0 0 0 0 0 0 0 0 0 0 0 0 0 0 0 0 0 0 0 0 0 0 0 0 0 0 0 0 0 0 0 0 0 0 0 0 0 0 0 0 0 0 0 0 0 0 0 0 0 0 0 0 0 0 0 0 0 0 0 0 0 0 0 0 0 0 0 0 0 0 0 0 0 0 0 0 0 0 0 0 0 0 0 0 0 0 0 0 0 0 0 0 0 0 0 0 0 0 0 0 0 0 0 0 0 0 0 0 0 0 0 0 0 0 0 0 0 0 0 0 0 0
