145
0 0 0 0 0 0 4 408 0 11 0 354 16 0 0 0 0 0 0 0 0 0 0 0 0 0 0 0 0 0 0 0 0 0 0 0 0 0 0 0 326 0 0 0 0 97 0 0 0 0 7 0 0 0 0 0 0 0 0 0 0 0 0 0 0 0 0 0 0 0 0 57 0 10 0 4 30 4 0 0 0 0 0 0 0 0 0 53 0 0 0 0 568 0 573 492 0 0 0 58 0 0 0 0 0 3 0 0 0 0 0 0 0 0 0 0 0 0 0 0 0 0 0 0 0 0 0 0 0 0 0 0 0 0 0 0 0 0 0 0 0 0 0 0 0
34 0 74 0 51 63 65 4017 22 16 0 3303 99 0 111 13 0 0 0 0 0 0 0 0 0 0 1 0 1 0 0 0 0 0 0 0 0 0 0 0 0 0 5482 0 0 0 0 6 0 0 3 0 0 0 36 17 35 0 31 0 34 35 28 35 33 35 34 35 36 34 0 35 0 0 0 1 259 1 0 0 0 0 0 0 0 0 0 3 0 0 0 0 6589 0 5549 4710 0 0 0 4 0 0 0 0 3 15 0 0 0 0 0 0 0 0 20 0 0 0 0 0 0 0 0 0 0 0 0 0 0 0 0 0 0 0 0 0 28 0 0 0 0 0 0 0 0
17 0 0 0 23 32 34 2253 166 34 0 1854 68 4 124 7 0 0 0 0 0 0 0 0 0 0 0 0 1 0 0 0 0 0 0 0 0 0 0 0 0 0 2998 0 0 0 0 3 0 0 1 0 0 0 19 8 19 0 16 0 18 19 14 19 18 18 18 19 19 18 0 20 0 0 0 0 144 0 0 0 0 0 0 0 0 0 0 2 0 0 0 0 3696 0 3115 2644 0 0 0 2 0 0 0 0 2 7 0 0 0 0 0 0 0 0 11 0 0 0 0 0 0 0 0 0 0 0 0 0 0 0 0 0 0 0 0 0 14 0 0 0 0 0 0 0 0
5371 25 41 0 70 52 82 3333 35 1 0 4046 104 18 134 99 56 0 0 0 0 4 2 0 0 0 9 0 1 1 0 0 0 0 17 0 0 0 0 75 4 0 4630 14103 0 66 0 12 40 0 28 0 0 2 79 0 79 0 79 0 82 80 19 79 85 79 80 80 79 84 0 1519 0 0 0 14 338 14 0 0 1 2 2 0 0 0 0 54 1 2 2 0 5397 8 4557 3848 8 0 0 0 0 0 0 0 5 13 0 0 0 0 0 0 0 0 65 0 0 0 10 0 0 207 0 0 1 0 0 0 0 0 0 0 3 0 0 3 42 0 0 5 11 0 0 2 0
4 0 0 0 0 0 13 16 27 0 0 918 32 362 36 5 6 0 0 0 0 0 0 0 0 0 1 0 1 0 0 0 0 0 1 0 0 0 22556 0 0 0 0 0 0 6 0 0 3 0 1 0 0 0 33 24 33 0 29 0 31 33 27 33 31 32 32 33 33 32 0 23 0 0 0 10 73 10 0 0 0 0 0 0 0 0 0 8 0 0 0 79 0 1 0 0 26691 0 0 0 0 0 0 0 1 11 0 0 0 0 0 0 0 0 19 0 0 0 0 0 0 6 0 0 0 1 2 0 0 0 0 0 0 0 0 0 4 0 0 0 0 0 0 0 0
41 0 0 0 86 0 6 48 9 0 0 586 19 0 18 166 107 0 0 1 0 0 3 0 0 1 14 0 2 0 0 0 0 0 8 0 0 0 0 0 5 86364 0 128 0 89 0 4 53 0 28 0 0 0 33 25 33 0 40 0 31 33 27 33 32 34 34 33 33 32 0 79 1 92 0 17 53 17 0 0 0 2 2 0 0 0 0 67 1 3 1 0 64 11 56 43 2 0 0 5 0 0 0 0 2 308 0 0 0 0 0 0 0 0 23 0 3 0 0 0 0 297 3 0 1 0 0 0 0 0 0 0 5 0 0 0 6 0 0 7 12 0 3 3 0
0 0 0 0 0 0 0 34 0 0 0 302 7 0 9 0 40 0 0 0 0 7 1 0 0 0 25 0 0 0 0 0 0 0 4 0 0 0 0 0 1 0 0 0 0 0 2775 157 13 0 32 14 0 0 3 0 3 0 3 0 4 4 0 3 6 3 4 4 3 5 0 272 0 0 0 61 106 61 0 0 2 1 1 0 0 0 0 247 0 0 0 0 16 0 46 34 2 0 2 0 0 0 0 0 3 140 0 0 0 0 0 0 0 0 0 0 0 0 0 0 0 0 0 0 0 0 0 0 0 0 0 0 1 0 0 0 0 0 0 0 0 0 0 0 0
0 0 0 0 0 0 0 0 690 35 293 300 339 473 822 0 31 0 0 0 0 0 1 0 0 0 2 0 0 0 0 0 0 0 2 0 0 0 0 0 1 0 0 51 0 0 0 0 1 0 3 0 0 0 2 0 2 0 3 0 0 2 0 2 2 3 2 2 2 2 0 13 0 46 0 2 29 2 0 0 0 0 0 0 0 0 0 31 0 0 0 0 517 0 486 405 0 0 0 0 0 0 0 0 0 4 0 0 0 0 0 0 0 0 0 0 0 0 0 0 0 81 0 0 0 0 0 0 0 0 0 0 1 0 0 0 0 0 0 0 1 0 0 1 0
2 0 0 0 0 0 5 0 0 1 0 534 3452 1394 20 75 0 0 0 0 0 0 0 0 0 1 3 0 2 0 0 0 0 0 40181 0 33 0 0 0 10 19 0 17 0 0 519 5 645 0 4 0 0 0 0 0 0 0 1 0 0 0 0 0 0 0 0 0 0 0 0 28 2 48 0 2 103 2 0 0 0 0 0 0 0 0 0 10 0 0 0 0 0 0 0 0 1 0 0 0 0 0 0 0 0 203 0 0 0 0 0 0 0 0 0 0 874 0 0 0 0 0 0 0 0 0 0 0 0 0 0 0 0 0 0 5 52 0 0 0 0 0 0 0 0
0 0 0 0 0 0 0 0 0 0 0 0 0 0 0 0 0 0 0 0 0 0 0 0 0 0 0 0 0 1 0 0 0 0 0 0 0 0 0 0 0 0 0 0 0 0 0 0 0 0 0 0 0 0 0 0 0 0 0 0 0 0 0 0 0 0 0 0 0 0 0 0 0 0 0 0 0 0 0 0 0 0 0 0 0 0 0 0 0 0 0 0 0 0 0 0 0 0 0 0 0 0 0 0 0 2 0 0 0 0 0 0 0 0 0 0 0 0 0 0 0 0 0 0 0 0 0 0 0 0 0 0 0 0 0 0 0 0 0 0 0 0 0 0 0
9 66 55 16 534 66 70 0 107 1 0 3621 698 0 114 69 0 0 0 0 0 0 0 0 0 0 6 0 0 0 0 0 0 0 9 0 88705 0 0 0 4 7 0 5 0 0 38 8 0 0 12 0 0 0 0 0 0 0 3 0 0 0 0 0 0 1 1 0 0 0 0 47 5 85 0 2 327 2 0 0 0 0 1 0 0 0 0 7 0 1 0 0 0 2 2 0 1 3 0 0 0 0 0 0 4 548 0 0 0 0 0 0 0 0 0 0 0 0 1 0 0 0 0 0 1 0 0 0 0 0 0 0 0 0 0 0 32 0 0 0 0 0 0 0 0
0 0 0 0 0 0 0 0 0 1 0 0 0 0 0 0 0 0 0 0 0 0 0 0 0 0 0 0 0 0 0 0 0 0 0 0 0 0 0 0 0 0 0 0 0 0 0 0 0 0 0 0 0 0 0 0 0 0 0 0 0 0 0 0 0 0 0 0 0 0 0 0 0 0 0 0 0 0 0 0 0 0 0 0 0 0 0 0 0 0 0 0 0 0 0 0 0 0 0 0 0 0 0 0 0 121 0 0 0 0 0 0 0 0 0 0 0 0 0 0 0 0 0 0 0 0 0 0 0 0 0 0 0 0 0 0 0 0 0 0 0 0 0 0 0
0 0 0 0 0 0 0 0 0 0 0 0 0 0 146 0 0 0 0 0 0 0 0 0 0 0 0 0 0 0 0 0 0 0 0 0 0 0 0 0 0 0 0 5 0 0 0 0 0 0 0 0 0 0 0 0 0 0 0 0 0 0 0 0 0 0 0 0 0 0 0 1 4 85 0 0 0 0 0 0 0 0 0 0 0 0 0 62 0 0 0 0 0 0 0 0 0 0 0 0 0 0 0 0 0 4 0 0 0 0 0 0 0 0 0 0 0 0 0 0 0 118 0 0 0 0 0 0 0 0 0 0 0 0 0 0 0 0 0 0 0 0 0 0 0
40 8 0 0 0 76 79 0 0 46 39 3970 338 0 125 1136 1000 3 4 4 2 165 24 0 2 5 122 0 21 5 2 3 3 0 51 1 18 2 0 87863 35 0 0 118 0 585 362 52 351 36 217 286 7 2 2 1 7 0 79 0 3 4 0 3 12 18 16 2 2 6 0 562 41 727 0 5 336 5 0 0 5 13 12 0 0 4 4 475 6 20 11 0 104 83 97 84 12 8 2 5 0 0 0 0 19 375 0 0 0 0 0 0 1 0 0 0 70 4 15 290 0 2044 32 0 9 134 75 9 0 0 0 0 47 0 0 23 66 0 0 49 0 20 42 19 0
3 0 0 0 0 0 0 0 0 0 0 0 0 0 0 0 0 0 0 0 0 0 0 0 0 0 0 0 0 0 0 0 0 0 0 0 0 0 0 0 0 0 0 0 0 0 0 0 0 0 0 0 0 0 0 0 0 0 0 0 0 0 0 0 0 0 0 0 0 0 0 0 0 0 0 0 0 0 0 0 0 0 0 0 0 0 0 0 0 0 0 0 0 0 0 0 0 0 0 0 0 0 0 0 0 110 0 0 0 0 0 0 0 0 0 0 0 0 158 0 0 0 0 0 0 0 0 0 0 0 0 0 0 0 0 0 0 0 0 0 0 48 0 0 0
17 0 0 0 0 0 10 27 0 1 0 81 3 0 4 0 44 313 313 313 313 0 2 0 20 17 1927 12 22 5 13 3 16 0 6 7 2 30 14 2 10 1 0 46 57 0 0 0 0 238 2026 1998 0 0 0 0 0 0 2 0 1 0 0 0 1 0 0 0 0 1 0 51 0 63 0 13 140 13 0 1 1 10 0 0 0 115 21 29 19 22 22 0 86 2 79 46 16 0 14 27 0 0 0 0 97 4388 0 0 0 0 0 0 4 0 0 0 0 0 0 0 0 0 0 0 0 0 0 0 0 0 0 0 0 0 0 19 59 0 0 4 0 6 0 52 0
1 2 2 0 0 0 0 0 3 0 4 122 3 0 4 0 0 0 0 0 0 0 0 0 0 0 0 0 0 0 0 0 0 0 0 0 0 0 0 0 0 0 0 0 5695 0 0 0 0 0 0 0 0 0 0 0 0 0 0 0 0 0 0 0 0 0 0 0 0 0 0 10 2 52 0 6 0 6 0 0 0 0 0 0 0 0 0 36 0 0 0 0 0 0 0 0 0 0 0 0 0 0 0 0 0 0 0 0 0 0 0 0 0 0 0 0 0 0 0 0 0 0 0 0 0 0 0 0 0 0 0 0 0 0 0 0 1 0 0 4 0 1 0 0 0
4 0 0 0 0 0 1 4 0 0 1 23 1 0 0 0 0 0 0 1 0 0 3 0 0 0 0 0 0 0 0 0 0 0 3 0 1 776 2 0 33 1 5 9 13 0 0 0 0 0 0 0 0 46845 0 0 0 0 0 0 0 0 0 0 0 0 0 0 0 0 0 0 0 0 0 0 27 0 0 0 0 0 0 0 0 0 0 0 0 0 0 0 0 0 0 0 0 0 0 0 0 0 0 0 0 0 0 0 0 0 0 0 0 0 0 0 0 0 18 0 0 0 0 0 0 5 3 0 0 0 0 0 0 0 0 0 0 0 0 0 0 0 0 0 0
0 0 0 0 0 0 0 0 0 0 0 1 0 0 0 0 0 0 0 0 0 0 0 0 0 0 0 1 1 0 1 0 0 0 0 0 0 0 0 0 0 0 0 0 0 0 0 0 0 0 0 0 0 0 0 0 0 0 0 0 0 0 0 0 1 0 0 0 0 0 0 0 0 27 0 2 0 2 0 0 0 0 0 0 0 0 0 61 0 0 0 0 0 0 0 0 0 220 0 0 2501 0 0 0 0 0 0 0 0 0 0 0 0 0 0 0 0 0 1 0 0 0 0 0 0 0 0 0 0 0 0 0 0 0 0 0 0 0 0 0 0 0 0 0 0
0 0 0 0 0 0 0 0 0 0 0 0 0 0 0 0 0 0 0 0 0 0 0 0 0 0 0 0 0 0 0 0 0 0 1 0 0 0 0 0 0 0 0 0 1 0 0 0 0 1 0 0 0 0 0 0 0 0 0 0 1 0 0 0 2 0 0 0 0 0 0 0 0 0 0 0 0 0 0 0 0 0 0 0 0 0 0 0 0 0 0 0 0 0 0 0 0 0 0 0 981 0 0 0 0 0 0 0 0 0 0 0 0 0 0 0 0 0 0 0 0 0 0 0 0 0 0 0 0 0 0 0 0 0 0 0 0 0 0 0 0 0 0 0 0
34 1 1 1 1 1 1 28 1 0 1 61 2 0 2 0 0 0 0 0 0 0 0 0 4 2 18 3 5 1 3 0 0 0 29 53 8 313 15 8 335 7 45 77 108 0 0 0 252 146 0 985 0 0 0 0 0 0 3 0 1 0 0 0 2 0 0 0 0 0 0 0 0 177 0 5 78 5 0 0 3 177 484 152 0 147 0 163 0 77 0 0 0 0 0 5 0 1 0 0 19078 0 0 0 59 0 0 0 0 0 0 0 27 0 0 0 0 0 8 0 0 0 0 0 0 0 0 0 0 0 0 0 0 11 0 0 0 0 0 0 0 0 0 0 0
2 0 1 0 9 172 0 86 1 25243 0 2 0 0 163 15 3 834 836 836 836 0 40562 2768 51 2 46 4 32 1 99 0 0 64 14 16 8 3 6 13 39 64 1 7 30 0 2 0 4 0 186 28 0 506 10935 10725 10847 10653 9421 10614 10611 10836 10776 10913 10319 10644 10604 10857 10934 10540 0 514 694 3239 1258 1343 1618 1342 0 8 55 6 131 0 0 4 0 2266 2 11 0 0 0 73 0 21 831 0 0 3672 0 0 0 0 11 0 0 0 0 0 0 0 17 0 10981 0 0 192 1920 0 0 0 0 0 0 77 627 0 0 21 0 0 0 0 0 0 0 0 258 0 8 0 15 0 7676
2 0 0 0 0 0 0 0 0 71512 0 1 0 0 0 0 14 0 0 0 0 0 0 0 2 9 5 283 30 7 315 0 0 0 0 0 0 3 1 0 0 0 0 4 3 0 0 0 0 0 8 0 0 10 1 0 1 0 1 0 0 1 0 0 2 1 1 0 1 0 0 9 4 20 0 1 1 1 0 0 3 1 0 0 0 0 0 15 0 0 552 0 0 0 0 0 0 0 0 40 0 0 0 0 0 0 0 0 0 0 0 0 0 0 0 0 0 0 0 0 0 0 0 0 0 0 0 0 0 0 0 0 0 0 0 0 0 0 0 0 0 0 0 0 0
0 0 0 0 0 6 0 1 0 738 0 0 0 0 5 1 0 158 158 158 158 0 7 0 13 49 78 12 37 99 12 4 0 44 0 0 0 0 0 0 0 2 0 0 0 0 0 0 0 0 3 0 0 0 1260 1195 1249 1227 1085 942 1222 1248 1216 1257 1187 1222 1220 1195 1259 1161 0 12 4 19 0 0 71 2 0 2 2 4 0 0 0 0 0 2 0 4 0 0 0 1 0 0 0 0 0 352 0 0 0 0 818 0 0 0 0 0 0 57 26 57 0 0 82 0 38 1 2 0 0 0 0 0 0 0 0 0 0 0 0 0 0 0 0 0 7 0 0 0 0 0 245
0 0 0 0 0 0 0 0 0 0 0 0 1 0 0 0 0 0 0 0 0 0 0 0 0 67 3 72 466 107 19 0 0 0 0 0 0 0 0 1 0 0 0 0 0 0 0 0 0 0 7 0 0 0 0 0 0 0 0 0 1 0 0 0 0 0 0 0 0 1 0 0 0 0 0 1 0 1 0 0 19 26 19 0 0 0 0 0 0 1 0 0 0 0 0 0 0 0 0 0 0 0 0 0 0 0 0 0 0 0 0 0 0 0 0 0 0 0 0 0 0 0 0 0 0 0 0 0 0 0 0 0 0 0 0 0 0 0 0 0 0 0 0 0 0
0 0 0 0 0 0 0 0 0 0 0 0 0 0 0 0 0 0 0 0 0 0 0 0 0 0 120 99 949 238 0 0 0 0 0 0 0 0 0 0 0 0 0 0 0 0 0 0 0 0 178 0 0 5 0 2 0 0 4 0 14 4 0 0 9 0 4 4 0 16 0 0 0 0 0 2 0 2 0 0 0 1199 13 0 0 0 0 28 13316 0 0 0 0 0 0 0 0 0 0 0 0 0 0 0 0 0 0 0 0 0 0 0 13 0 0 0 0 0 0 0 0 0 0 0 0 0 0 0 0 0 0 0 0 0 0 0 0 0 0 0 0 0 0 0 0
0 0 0 0 0 0 0 0 0 0 0 0 0 0 0 0 0 0 0 0 0 0 0 0 0 0 0 0 0 0 0 0 0 0 0 84 0 0 0 0 150 0 0 0 0 0 0 0 0 0 0 0 0 0 0 0 0 0 0 0 0 0 0 0 0 0 0 0 0 1 0 0 0 0 0 0 0 0 0 0 0 1 0 0 44 0 0 0 0 205 0 0 0 0 0 0 0 0 0 0 0 0 0 0 0 0 0 0 0 0 0 0 66 0 0 0 0 0 0 0 0 0 0 0 0 0 0 0 0 0 0 0 0 0 0 0 0 0 0 0 0 0 0 0 0
0 0 0 0 0 0 0 0 0 0 0 0 0 0 0 0 0 0 0 0 0 0 0 0 0 0 2 0 3 0 0 0 0 0 0 0 0 0 0 0 0 0 0 0 0 0 0 0 0 0 0 0 0 0 0 0 0 0 0 0 0 0 0 0 0 0 0 0 0 0 0 0 0 0 0 3 0 3 0 0 0 0 0 0 0 0 0 0 0 0 0 0 0 0 0 0 0 0 0 0 0 0 0 0 0 0 0 0 0 0 0 0 0 0 0 0 0 0 0 0 0 0 0 0 0 0 0 0 0 0 0 0 0 0 0 0 0 0 0 0 0 0 0 0 0
0 0 0 0 0 0 0 0 0 0 0 0 0 0 0 0 0 0 0 0 0 0 0 0 0 0 36 0 0 0 0 0 0 0 0 0 0 0 0 0 0 1 0 0 0 1 0 0 0 0 0 0 0 24 0 21 0 18 18 0 61 15 0 1 68 1 18 17 0 70 0 0 0 0 0 0 0 0 0 19 0 1 0 0 0 60576 0 1 0 0 0 0 0 0 0 0 0 0 0 0 0 0 0 0 0 0 0 0 0 0 0 0 5 0 0 0 1 0 0 0 0 0 0 0 0 0 0 0 6 0 0 0 0 0 0 0 0 0 0 0 0 0 0 0 0
0 0 0 0 0 0 0 0 0 0 0 0 0 0 0 0 0 0 0 0 0 0 0 0 0 0 30 35 36 0 0 0 0 0 0 931 0 0 0 0 0 0 0 0 0 0 0 0 0 0 0 0 0 0 0 0 0 0 0 0 0 0 0 0 0 0 0 0 0 0 0 0 737 0 0 0 0 0 0 0 0 0 0 0 0 0 0 368 0 0 69 0 0 0 0 0 0 0 0 0 0 0 0 0 0 0 0 0 0 0 0 0 1 0 0 0 0 0 0 0 0 0 0 0 0 0 0 0 0 0 0 0 0 0 0 0 0 0 0 0 0 0 0 0 0
0 0 0 0 0 0 0 0 0 0 0 0 0 0 0 0 0 0 0 0 0 0 0 0 0 180 130 878 1296 273 0 0 0 0 0 5404 0 0 0 0 9664 0 0 0 0 0 0 0 0 0 7 0 0 0 0 0 0 0 1 0 5 1 0 0 6 0 1 1 0 6 0 0 0 0 0 5 0 5 0 0 8 35 0 0 0 0 0 0 0 13188 1501 0 0 0 0 0 0 0 0 0 0 0 0 0 0 0 0 0 0 0 0 0 3998 0 0 0 0 0 0 0 0 0 0 0 0 0 0 0 0 0 0 0 0 0 0 0 0 0 0 0 0 0 0 0 0
1 0 0 14 1 1 13 5 2 0 0 3 0 0 0 0 0 164 164 164 163 165 23 0 64 356 193 152 1147 433 147 0 0 0 1 16 1 5 0 98 17 2 0 1 1 0 3 0 0 22 34 22 0 51 31 0 31 51 28 0 30 31 28 30 0 30 31 31 28 31 0 27 51 815 0 6 4 6 0 0 62 99 1716 3106 1 34 2 598 2 24 2 107 0 2 0 11 2 2 10 0 0 0 0 0 1 0 0 0 0 0 0 0 38 0 0 0 0 0 0 0 0 0 0 0 0 0 0 0 0 0 0 0 0 0 0 0 0 0 0 0 0 0 0 0 0
10 1 1 0 1 0 1 1 1 0 1 6 36 0 1 0 0 1 1 1 0 197 28 23 1450 433 307 1080 1815 527 1186 1983 0 2750 2 82 1 6 0 0 111 2 0 25 2 0 2 0 0 40 464 120 0 34 64 21 63 84 59 0 66 65 5 63 0 62 65 66 59 73 0 83 26 94 0 153 122 153 0 1405 1807 2445 2857 0 545 140 378 74 206 1180 1868 96 0 2 0 12 13 6 19 6 0 0 0 0 6 0 0 0 0 0 0 0 156 0 0 0 0 0 0 0 0 0 0 0 0 0 0 0 0 0 0 0 0 0 0 0 0 0 0 0 0 0 0 0 0
4 8 5 87 54 39 3 160 11 1 5 57 15 0 10 54 580 65 65 66 64 0 8 0 25 142 69 3503 703 176 3926 61 0 0 4 27 5 99 0 14 29 2 24 2 670 0 0 0 0 40 49 0 0 42 82 70 81 74 74 0 86 84 81 81 33 80 82 84 73 90 0 244 325 3696 0 525 401 525 0 204 162 293 18 326 0 51 0 2705 0 74 7152 0 67 0 0 51 0 8 3 0 0 0 0 0 1 0 0 0 0 0 0 0 23 0 0 0 0 0 0 0 0 0 0 0 0 0 0 0 0 0 0 0 0 0 0 0 0 0 0 0 0 0 0 0 0
0 0 0 0 0 0 0 0 0 0 0 0 0 0 0 0 0 0 0 0 0 0 0 0 0 0 0 0 0 0 0 0 0 0 0 0 0 0 0 0 0 0 0 0 0 0 0 0 0 0 0 0 0 0 0 0 0 0 0 0 0 0 0 0 0 0 0 0 0 0 0 0 0 0 0 0 0 0 0 0 0 0 0 0 0 0 0 0 0 0 0 0 0 0 0 0 0 0 0 0 0 0 0 0 0 0 0 0 0 0 0 0 0 0 0 0 0 0 0 0 0 0 0 0 0 0 0 0 0 0 0 0 0 0 0 0 0 0 0 0 0 0 0 1 0
0 1 0 0 0 0 1 11 1 0 0 9 1 0 1 0 0 0 0 0 0 0 0 0 0 0 0 0 0 0 0 0 0 0 0 0 0 0 0 0 0 0 14 3 1 0 0 0 1 0 0 0 0 0 0 0 0 0 0 0 0 0 0 0 0 0 0 0 0 0 0 0 0 1 0 0 0 0 0 0 0 0 0 0 0 0 0 0 0 0 0 0 11 0 0 0 0 0 0 0 0 0 0 0 0 0 0 0 0 0 0 0 0 0 0 0 0 0 0 0 0 0 0 0 0 0 0 0 0 0 0 0 0 0 0 0 0 0 0 0 0 0 0 3 0
3 7 4 0 13 1 4 49 0 0 0 101 6 0 7 0 0 0 0 0 0 0 0 0 0 0 0 0 0 0 0 0 0 0 1 0 0 0 0 0 0 0 0 20 0 0 0 0 6 0 0 0 0 0 1 0 1 0 1 0 0 1 0 1 0 1 1 1 1 1 0 2 0 2 0 0 8 0 0 0 0 0 0 0 0 0 0 1 0 0 0 0 67 0 62 55 0 0 0 0 0 0 0 0 0 0 1 0 0 0 0 0 0 0 0 0 0 0 1 0 0 405 0 0 0 0 0 0 0 0 0 0 0 0 0 0 0 0 0 0 0 4 0 18 0
5 8 7 5 8 7 8 15 3 0 9 391 10 0 1 0 0 0 0 0 0 0 0 0 0 0 0 0 0 0 0 0 0 0 0 0 0 0 0 0 0 0 2 0 0 0 0 0 3 0 0 0 0 0 2 0 2 0 1 0 0 2 0 2 1 2 2 2 2 2 0 0 0 8 0 0 5 0 0 0 0 0 0 0 0 0 0 0 0 0 0 0 0 0 0 0 0 0 0 0 0 0 0 0 0 0 1 0 0 0 0 0 0 0 0 0 0 0 0 0 0 0 0 0 1 0 0 0 0 0 0 0 0 0 0 0 0 0 0 0 0 0 0 2 0
52 97 55 62 0 51 96 29 1722 23 55 301 69 820 73 0 1653 0 0 0 0 0 0 0 0 2 30 19 10 3 21 4 2 61 39 14 19 2919 0 0 296 18 0 19 8168 1 0 50 1773 0 75 0 0 3 199 158 199 183 212 0 191 200 101 199 140 201 202 199 199 202 0 1287 6 28 0 686 517 685 0 0 69 14 13 0 0 0 0 16 0 34 40 0 0 62 7 2 638 9 14 14 0 0 113 0 18 0 1 0 225 0 0 90 50 90 141 0 0 0 0 0 0 0 14 0 5 0 8 8 0 0 0 0 15 0 0 0 33 0 0 67 302 0 7 3 0
54 67 154 0 22 18 32 348 45 12 12 491 27 0 35 0 846 0 0 0 0 0 0 0 0 0 1 1 5 1 1 0 3 0 400 1 142 4251 12 0 77 3 456 32 3304 0 0 4 215 0 20 0 0 0 11 0 12 0 27 0 6 11 6 11 9 14 13 10 11 11 0 28 0 16 0 9 38 9 0 0 0 1 1 0 0 0 0 6 0 8 2 0 563 33 474 406 164 3 11 0 3 0 58 69 7 65 0 70 101 6 9 40 20 40 7 0 0 0 0 0 0 605 0 0 3 0 0 39 0 0 0 0 8 0 0 0 31 0 0 100 78 25 186 865 0
0 0 0 0 0 0 0 0 0 1 0 0 0 0 0 0 0 0 0 0 0 0 0 0 0 0 0 0 0 0 0 0 0 0 0 0 0 0 0 0 0 0 0 0 0 3 0 0 0 0 0 0 0 0 0 0 0 0 0 0 0 0 0 0 0 0 0 0 0 0 0 0 0 0 0 0 0 0 0 0 0 0 0 0 0 0 0 0 0 0 0 0 0 0 0 0 0 0 0 0 0 0 0 0 0 0 0 0 0 0 0 0 0 0 0 0 0 0 0 0 0 0 0 0 0 0 0 0 0 0 0 0 0 0 0 0 0 0 0 0 0 0 0 0 0
96 12 8 2 8 0 10 151 0 2 0 150 10 81 12 0 0 0 0 0 0 0 0 0 0 0 0 0 0 0 0 0 0 0 0 0 0 32 0 0 1 0 0 236 80 1 0 0 0 0 0 0 0 0 1 0 1 0 1 0 0 1 0 1 0 1 1 1 1 1 0 1 0 1 0 0 11 0 0 0 0 0 0 0 0 0 0 0 0 0 0 0 227 0 203 174 0 0 0 0 0 0 0 0 0 0 0 0 0 0 0 0 0 0 0 0 0 0 0 0 0 0 0 0 0 0 0 0 0 0 0 0 0 0 0 0 0 0 0 0 0 0 0 2 0
2147 0 0 0 608 535 819 16504 4221 404 39890 14704 17287 5619 7963 10 3974 0 0 0 0 0 3 0 14 14 8 11 35 6 7 0 0 0 1239 0 385 0 2334 0 55 2166 0 6641 3486 1 193 14 521 41 58 0 0 0 119 89 118 82 106 0 79 118 0 118 106 116 116 118 119 116 0 205 25 477 0 50 1345 50 0 0 11 245 6 0 1 6 0 126 0 7 12 0 27634 22 23323 19811 2725 0 8 0 0 0 0 0 30 0 4 0 0 0 0 0 12 0 117 0 9 9 32 0 188 7039 2 0 5 4 7 23 0 0 0 0 15 0 39 39 320 0 0 25 770 693 500 612 0
138 2 1 0 0 0 1 0 0 15 0 42 0 0 2 0 138 0 0 0 0 0 0 0 0 0 0 0 1 0 0 0 0 0 3 0 0 3 0 0 3 0 0 0 0 0 0 0 81 0 2 0 0 0 0 0 0 0 1 0 0 0 0 0 0 1 1 0 0 0 0 0 0 0 0 1 1 1 0 0 0 3 1 0 0 0 0 0 0 1 0 0 0 0 0 1 0 0 0 0 0 0 0 0 0 2 2 0 0 0 0 1 1 1 0 0 0 0 0 0 0 932 0 0 1 0 0 0 0 0 0 0 0 0 0 0 0 0 0 0 0 0 0 0 0
4 9 6 0 6 4 4 131 64 10 5 123 7 8 8 0 0 0 0 0 0 0 0 0 0 0 0 0 0 0 0 0 0 0 15 0 5 250 0 0 8 0 0 19 0 0 0 0 36 0 3 0 0 0 3 0 3 0 7 0 0 3 0 2 0 3 3 2 3 2 0 0 0 4 0 1 9 1 0 0 0 0 0 0 0 0 0 1 0 1 0 0 211 0 156 144 9 0 0 0 0 0 0 0 0 0 7 0 22 0 0 10 5 10 0 0 0 0 0 0 0 404 0 0 0 0 0 0 0 0 0 0 0 0 0 0 0 0 0 1 15 0 0 1 0
0 0 0 0 0 0 0 0 0 0 0 0 0 0 0 0 0 0 0 0 0 0 0 0 0 0 0 0 0 0 0 0 0 0 0 0 0 0 0 0 0 0 0 0 0 0 0 0 0 0 0 0 0 0 0 0 0 0 0 0 0 0 0 0 0 0 0 0 0 0 0 0 0 0 0 0 0 0 0 0 0 0 0 0 0 0 0 0 0 0 0 0 0 0 0 0 0 0 0 0 0 0 0 0 0 0 0 0 0 0 0 0 0 0 0 0 8 0 0 0 0 0 0 0 0 77 49 0 0 0 0 0 0 0 0 0 0 0 0 0 0 0 0 0 0
198 184 38 159 85 54 0 111 0 0 0 2666 60 0 86 7 1124 104 96 103 64 0 1 0 1 4 33 2 2 1 2 0 0 46 84 1 47 704 372 19 24 38 0 380 280 60 0 18845 542 1234 295 443 36 19 19 4 21 21 56 0 26 22 0 19 3 26 28 21 19 32 0 481 80 1517 0 493 952 492 280 0 0 14 13 0 5 9 8 1014 6 13 17 153 98 527 91 95 57 1803 732 1150 0 0 0 0 40 8 0 0 16 0 0 6 4 6 0 131 0 0 259 0 0 0 0 0 986 0 221 0 0 0 0 0 231 0 724 0 0 0 0 0 246 15 19 905 0
15 0 0 0 0 0 0 32 0 0 0 98 2 0 3 26 38 181 175 181 121 0 1 0 157 623 304 286 2825 760 283 12 21 46 43 1 14 276 0 0 23 21 0 36 8 28 0 0 0 0 53 0 0 90 142 136 143 138 154 65 138 142 129 143 130 145 144 142 143 140 0 2 3 48 0 3 31 3 0 1 163 90 75 154 44 3 4 31 3 20 53 0 47 40 51 196 5 18 5 0 0 0 74 103 4 33 0 103 150 0 0 45 64 45 11 0 58 248 82 0 0 0 0 0 4 0 32 73 0 0 0 0 14 0 186 0 0 0 0 21 382 0 82 1104 0
5 0 0 0 0 0 0 0 0 0 0 13 0 0 0 1 144 27 20 27 0 0 0 0 0 0 0 1 0 0 1 0 0 1 5 0 0 0 0 0 2 1 0 0 0 2 0 1402 0 0 39 0 0 0 0 0 0 0 3 0 0 0 0 0 0 1 1 0 0 1 0 0 2 34 0 9 20 9 0 24 335 166 88 95 0 0 0 21 0 0 3 0 0 4 3 38 7 9 36 9 0 0 0 0 1 6 0 1 5 0 0 7 4 7 0 0 0 0 0 0 0 0 0 0 0 0 0 0 0 0 0 0 0 0 121 0 0 0 0 0 0 0 13 0 0
122 3 2 60 16 4 1 25 4 1 2 134 8 0 16 0 39 0 0 0 0 518 201 69 12 25 2681 11 37 9 11 0 0 0 31 5 9 120 121 10 13 12 0 316 117 6 0 1 134 0 2823 3751 0 47 55 0 55 52 57 0 53 55 0 55 0 55 55 55 54 55 0 0 19 281 0 35 452 35 0 0 378 214 90 0 0 0 0 116 0 13 11 109 0 15 284 3102 18 249 300 0 0 0 0 0 372 69 0 0 1 0 0 0 1289 2 0 0 1532 11 0 0 0 0 26 0 28 0 0 0 0 0 0 0 47 0 0 0 0 0 0 0 0 0 6 9 0
0 0 0 0 0 0 0 0 0 0 0 4 0 0 0 0 0 74 74 70 27 0 0 0 0 0 1 0 0 1 0 0 0 0 2 0 0 4 0 0 33 0 0 0 0 260 0 0 0 0 0 0 0 5 11 0 11 9 9 0 0 11 0 11 0 10 11 11 10 11 0 150 5 118 0 22 15 22 0 0 0 0 0 0 0 0 0 85 0 0 0 0 0 0 0 0 0 0 0 0 0 0 0 0 0 0 0 0 0 0 0 0 1 0 0 0 0 0 191 0 0 0 0 0 25 0 0 0 0 0 0 0 0 0 0 0 0 0 0 0 0 28 0 0 0
1633 57 39 127 45 89 0 1238 30 0 25 1794 136 0 82 0 262 299 299 297 0 0 6 0 113 558 326 256 1437 238 82 0 0 1509 211 13 95 3149 1391 112 116 123 1517 4109 3126 13494 0 320 1027 0 645 0 13013 99 199 0 202 197 246 0 203 201 0 199 170 208 208 200 197 206 0 971 172 2458 0 291 1186 291 0 510 1626 1246 157 105 32 34 0 1636 104 46 70 0 1952 182 925 1575 786 469 60 412 0 0 0 122 638 175 96 167 279 29 0 90 332 92 188 1308 0 261 561 234 0 141 0 0 102 0 157 14 0 0 0 0 390 0 625 0 441 0 0 89 0 209 75 448 0
30 5 3 12 7 3 25 35 7 0 4 105 6 0 6 51 15 602 599 601 570 12 4 0 28 91 25 45 453 109 44 4 4 17 60 3 28 375 11 14 33 27 33 52 41 19 0 80 150 5 161 0 0 167 253 236 254 248 273 39 246 251 210 253 245 257 255 251 252 246 0 78 42 741 0 95 103 95 0 32 111 116 63 66 0 2 0 532 0 19 23 0 41 431 0 45 41 131 33 0 19 0 166 212 52 335 121 208 300 0 0 8 10 8 51 0 0 278 181 0 0 0 0 0 18 0 73 0 0 0 0 519 412 0 0 0 1202 0 0 121 0 804 0 234 0
4 1 1 0 1 0 0 5 1 0 1 39 1 0 0 0 0 0 0 0 0 0 0 0 4347 0 0 81 0 0 89 0 0 0 1 14 0 1344 0 0 1 2 6 9 13 5 0 0 1 0 0 0 0 0 0 0 0 5 6 0 18 5 0 0 24 0 0 0 0 0 0 0 12 7 0 0 16 0 0 0 2 1 1 0 1565 0 0 4 0 0 142 0 0 0 0 0 1 0 0 0 0 0 0 0 0 0 0 0 0 0 0 0 0 0 0 0 0 0 0 0 0 0 0 0 0 0 0 0 0 0 0 0 0 0 0 0 0 0 0 0 0 0 0 0 0
0 0 0 0 0 0 0 0 0 0 0 0 0 0 0 0 0 0 0 0 0 0 0 0 0 0 0 244 0 1 274 0 0 0 0 0 0 0 0 0 0 0 0 0 0 0 0 0 0 0 0 0 0 0 0 0 0 0 0 0 0 0 0 0 1 0 0 0 0 0 0 0 0 0 0 0 0 0 0 0 0 0 0 0 0 0 0 0 0 0 502 0 0 0 0 0 0 0 0 0 0 0 0 0 0 0 0 0 0 0 0 0 0 0 0 0 0 0 0 0 0 0 0 0 0 0 0 0 0 0 0 0 0 0 0 0 0 0 0 0 0 0 0 0 0
63 0 0 9 0 0 5 103 14 3 29 51 82 0 8 63 69 66 66 66 66 0 23 0 2 0 19 6 0 1 0 19 0 0 35 1 7 152 0 3 79 8 0 144 82 54 0 0 31 88 37 12 0 19 5048 0 5008 4916 4362 69 1429 4890 4440 3749 4752 4915 4869 4411 5047 4321 0 26 4 76 0 1 277 1 0 0 12 21 20 68 0 0 0 2 0 27 0 0 0 45 0 18 9 1187 4 1309 0 0 327 38 17 84 756 0 18 339 0 87 34 87 5065 0 0 232 180 0 37 0 0 0 0 0 0 5 0 299 0 0 27 0 0 0 200 0 0 0 0 144 159 183 0
0 0 0 0 0 0 0 0 0 0 0 0 0 0 0 0 0 1 1 1 0 0 0 0 1 0 1 0 0 0 1 0 0 0 0 0 0 0 0 0 0 0 0 0 0 0 0 0 0 0 0 0 0 0 0 0 0 0 0 0 0 0 0 0 0 0 0 0 0 0 0 0 0 0 0 0 0 0 0 0 0 0 0 0 0 0 0 0 0 0 0 0 0 0 0 0 0 0 0 0 0 0 0 0 0 0 0 0 0 0 0 0 0 0 0 0 0 0 0 0 0 0 0 0 0 0 0 0 0 0 0 0 0 0 0 0 0 0 0 0 0 0 0 0 0
50 301 107 2450 40 49 8 5579 16 0 570 5 1 57 212 640 14 1467 1467 1467 1459 0 18 0 59 12 2 18 0 8 18 0 0 0 7 19 10 0 0 433 16 11 0 9 1 2 0 0 3 0 0 0 0 0 2 0 2 0 2 0 0 0 0 0 0 1 0 0 0 0 1467 0 0 7 0 1 3 1 0 0 2 9 0 0 0 0 0 0 0 15 0 0 0 0 0 3 5 0 251 0 0 0 0 0 0 0 0 0 0 0 0 10 38 10 0 0 0 72 149 0 0 0 925 0 1754 0 100 29941 496 3 0 0 0 0 0 0 0 0 99571 0 0 11695 5 5 0
0 0 0 0 0 0 0 0 0 0 0 0 0 0 0 0 0 0 0 0 0 0 0 0 0 0 0 0 0 0 0 0 0 0 0 0 0 0 0 0 0 0 0 0 0 0 0 0 0 0 0 0 0 0 0 0 0 0 0 0 0 0 0 0 0 0 0 0 0 0 0 0 0 0 0 0 0 0 0 0 0 0 0 0 0 0 0 0 0 0 0 0 0 0 0 0 0 0 0 0 0 0 0 0 0 0 0 0 0 0 0 0 0 0 0 0 0 0 0 0 0 0 0 0 0 0 0 0 0 0 0 0 0 0 0 0 0 0 0 0 0 0 0 0 0
1169 4556 2545 17818 2675 3729 1022 3016 2578 109 1251 332 6247 2875 2098 9807 3166 1265 1264 1264 1264 0 49 0 78 397 321 247 196 51 161 12642 9139 1917 184 45 129 1087 1201 358 177 150 111 920 603 259 430 0 596 4051 502 327 0 312 5001 0 4971 4892 4471 0 1365 4846 4394 3696 4725 4899 4849 4360 5001 4279 2699 178 37 276 84 42 526 43 0 285 3082 518 1368 980 68 40 503 125 116 4970 321 0 0 3645 0 123 162 933 102 1533 0 0 0 0 806 0 0 0 0 0 0 0 52 0 5014 0 1517 1522 369 0 1087 219 0 0 3645 17921 19751 4 0 436 0 15 494 0 70 0 1378 0 0 0 0 506 251 1261 0
19 0 0 0 0 0 0 21 0 0 0 39 2 0 1 0 0 0 0 0 0 0 13 0 0 0 0 0 0 0 0 0 0 0 10 0 3 185 0 0 4 12 0 52 72 28 0 0 6 0 5 0 0 0 3530 0 3502 3437 3048 0 0 3388 2947 2251 3312 3436 3397 2911 3529 2866 0 23 1 61 0 2 174 2 0 0 748 54 13 0 0 0 0 8 0 3 0 0 9 8 0 22 13 0 0 846 0 0 0 0 11058 0 0 0 0 0 0 0 0 0 3538 572 0 125 101 0 0 0 0 0 0 0 91 0 0 54 0 0 0 0 0 0 40 0 0 0 0 24 23 48 0
0 0 0 0 0 0 0 0 0 0 0 0 0 0 0 0 0 0 0 0 0 0 0 0 0 0 0 0 0 0 0 0 0 0 0 0 0 0 0 0 0 0 0 0 0 0 0 0 0 0 0 0 0 0 113 0 112 108 98 0 0 0 0 0 103 109 82 0 113 0 0 0 0 1 0 0 0 0 0 0 0 0 0 0 0 0 0 0 0 0 0 0 0 0 0 0 0 0 0 0 0 0 0 0 0 0 0 0 0 0 0 0 0 0 112 0 0 0 2 0 0 0 0 0 0 0 0 0 0 0 0 0 0 0 0 0 0 0 0 0 0 0 0 0 0
62 0 0 0 0 0 45 185 5 0 13 207 16 9 37 2 6 784 784 784 784 0 8 0 5 27 34 20 59 13 9 0 0 0 15 1 4 306 0 0 1 10 168 159 481 0 116 0 101 307 25 588 0 2 553 0 549 538 477 0 0 437 0 0 519 538 510 0 553 0 1877 5 16 323 0 0 73 0 0 186 834 74 16 22 0 0 0 218 0 32 12 0 266 14 112 206 16 41 5 82 208 98 1056 1118 4791 893 1690 1049 1467 4511 1099 22924 8694 22919 553 0 0 170 18 0 0 0 0 0 0 0 0 0 0 81 0 64 0 0 160 0 100 0 0 0 0 0 87 469 0
0 0 0 0 0 0 0 0 0 0 0 0 0 0 0 0 0 0 0 0 0 0 4 0 0 0 0 0 0 0 0 0 0 0 0 0 0 0 0 0 0 0 0 0 0 0 0 0 0 0 0 0 0 0 1313 0 1302 1277 1131 0 0 1187 744 0 1237 1277 1245 691 1313 714 0 4 0 17 0 0 47 0 0 0 0 0 0 0 0 0 0 0 0 0 0 0 0 0 0 0 0 0 0 257 0 0 0 0 1 0 0 0 0 0 0 0 0 0 1318 0 0 33 35 0 0 0 0 0 0 0 0 0 0 0 0 0 0 0 0 0 0 0 0 0 0 0 0 0 0
0 0 0 0 0 0 0 0 0 0 0 3 0 0 0 0 0 0 0 0 0 0 0 0 1 0 5 6 0 4 0 21 410 0 25 0 4 0 0 0 0 4 0 2 11 0 0 0 46 143 3 0 0 0 0 0 0 3 4 0 0 0 0 0 0 0 0 0 0 0 0 3286 1 86 0 10 0 10 0 0 0 2 1 0 0 0 0 59 0 257 0 0 0 0 0 0 12 5 43 0 0 0 0 0 117 0 0 0 0 0 0 0 1 0 0 0 0 0 0 0 0 0 0 0 0 0 0 0 0 0 0 0 0 0 0 0 0 0 0 0 0 0 0 0 0
0 0 0 0 0 0 0 0 0 0 0 0 0 0 0 0 0 2 2 1 1 0 0 0 0 0 0 0 0 0 0 0 0 0 0 0 0 0 0 0 0 0 0 0 0 0 0 0 0 0 0 0 0 27 1 0 1 0 1 0 0 0 0 0 1 0 0 0 1 0 0 0 0 0 0 0 0 0 0 0 0 0 0 0 0 0 0 0 0 0 0 0 0 0 0 0 0 0 0 0 0 0 0 0 0 0 3 0 0 0 0 0 0 0 0 0 0 0 0 0 0 0 0 0 0 0 0 0 0 0 0 0 0 0 0 0 0 0 0 0 0 0 0 0 0
0 0 0 0 0 0 0 0 0 0 0 0 0 0 0 0 0 20 20 19 19 0 0 0 0 0 0 0 0 0 0 0 0 0 0 0 0 0 0 0 0 0 0 0 0 0 0 0 0 0 0 0 0 1 28 0 28 25 24 0 0 0 0 0 22 26 0 0 28 0 0 0 0 0 0 0 0 0 0 0 0 0 0 0 0 0 0 0 0 0 0 0 0 0 0 0 0 0 0 0 0 0 0 0 18 0 0 0 1 0 0 0 0 0 25 0 0 0 0 0 0 0 0 0 0 0 0 0 0 0 0 0 0 0 0 0 0 0 0 0 0 0 0 0 0
0 0 0 0 0 0 0 0 0 0 0 0 0 0 0 0 0 870 869 869 869 0 3 0 0 0 0 0 0 0 0 0 0 0 0 0 0 0 0 0 0 0 0 0 0 0 0 0 0 0 0 0 0 294 614 0 609 596 529 0 0 496 56 0 574 596 567 0 614 44 0 0 0 8 0 0 9 0 0 0 0 0 0 0 0 0 0 0 0 0 0 0 0 0 0 0 0 0 0 71 179 0 23 52 796 107 59 27 73 0 0 7 3 7 615 0 0 15 16 0 0 0 0 0 0 0 0 0 0 0 0 0 0 0 0 0 0 0 0 0 0 0 0 0 0
0 0 0 0 0 0 0 0 0 0 0 0 0 0 0 0 0 0 0 0 0 0 0 0 2 1 0 557 1 1 626 0 0 0 0 0 0 0 0 0 0 0 0 0 0 0 0 0 0 0 0 0 0 0 0 0 0 37 0 0 0 0 0 0 1 0 0 0 0 0 0 0 0 0 0 0 0 0 0 0 0 0 2445 0 0 0 0 0 0 2 1155 0 0 0 0 0 3 0 0 0 0 0 0 0 0 0 0 0 0 0 0 0 0 0 0 0 0 0 0 0 0 0 0 0 0 0 0 0 0 0 0 0 0 0 0 0 0 0 0 0 0 0 0 1 0
0 0 0 0 0 0 0 0 0 0 0 0 0 0 0 0 0 821 821 820 820 0 2 0 0 0 0 0 0 0 0 0 0 0 0 0 0 0 0 0 0 0 0 0 0 0 0 0 0 0 0 0 0 265 551 0 547 535 475 0 0 437 9 0 502 536 508 0 550 0 0 0 0 7 0 0 5 0 0 0 0 0 0 0 0 0 0 0 0 0 0 0 0 0 0 0 0 0 0 48 159 0 16 45 742 99 55 24 68 0 0 6 2 7 546 0 0 10 13 0 0 0 0 0 0 0 0 0 0 0 0 0 0 0 0 0 0 0 0 0 0 0 0 0 0
0 0 0 0 0 0 0 0 0 0 0 0 0 0 0 0 0 0 0 0 0 0 0 0 0 0 0 0 0 0 0 0 0 0 0 0 0 0 0 0 0 0 0 0 0 0 0 0 0 0 0 0 0 0 0 0 0 0 0 0 0 0 0 0 0 0 0 0 0 0 0 0 0 0 0 0 0 0 0 0 0 0 0 0 0 0 0 0 0 0 0 0 0 0 0 0 0 0 0 0 0 0 0 0 0 0 0 0 0 0 0 0 0 0 0 0 0 0 0 0 0 0 0 0 0 0 0 0 0 0 0 0 0 0 0 0 0 0 0 0 0 0 0 0 0
0 0 0 0 0 0 0 0 0 0 0 6 0 0 1 0 0 185 157 13 109 0 0 0 130 1147 576 455 2813 471 114 0 0 0 19 7 0 2 0 0 8 0 0 0 0 2 0 0 925 148 0 0 0 10 5 0 5 10 12 0 0 11 0 0 0 5 13 8 5 33 0 0 0 78 0 35 44 35 4108 0 0 12 9 0 0 0 0 54 0 12 31 0 0 23 0 0 71 483 51 0 0 0 0 0 19 6 0 0 14 0 0 5 370 5 1 0 0 0 0 0 0 0 0 0 0 0 0 0 0 0 0 0 0 0 5519 0 0 0 0 0 0 0 0 1 0
344 2079 486 61 920 0 1459 1 0 0 0 3 0 0 0 37 0 51 45 51 19 0 0 0 29 306 152 640 755 0 613 0 0 0 2 0 2 24 0 0 1 3 0 7 10 0 0 0 0 0 0 0 0 0 2 0 2 0 2 0 0 2 0 1 0 2 3 2 2 3 0 44 0 2 0 3 8 3 0 0 0 0 0 0 0 0 0 0 0 0 1076 0 0 0 0 0 0 0 0 0 0 0 0 0 0 0 0 0 0 0 0 0 10 0 0 0 0 0 0 0 0 0 0 0 0 0 0 0 0 0 0 0 0 0 0 0 0 0 0 0 0 4 0 3 0
0 1260 408 14 358 0 595 0 0 0 0 0 0 0 10 0 0 78 0 87 0 0 0 0 69 726 378 299 1866 300 59 0 0 0 1 0 0 0 0 0 0 0 0 0 0 0 0 0 0 0 0 0 0 0 0 0 0 0 0 0 0 0 0 0 0 0 0 0 0 0 0 0 0 0 0 0 0 0 0 0 0 0 0 0 0 0 0 0 0 0 0 0 0 0 0 0 0 0 0 0 0 0 0 0 0 0 0 0 0 0 0 0 20 0 0 0 0 0 0 0 0 0 0 0 0 0 0 0 0 0 0 0 0 0 0 0 0 0 0 0 0 0 0 0 0
885 176 237 80 334 44 772 570 699 18 286 959 500 279 454 192 295 326 332 335 311 0 3 4 195 1692 2705 2411 3550 612 746 331 607 231 174 183 67 3493 2297 85 150 100 546 1824 1040 2830 1205 362 855 8067 2353 1558 887 1608 0 13 2 16 34 0 45 13 2 1 66 6 18 14 0 56 1586 4 700 2772 0 2887 2434 2886 1307 1116 706 784 425 2301 854 341 6477 2024 383 591 495 499 874 203 543 742 636 983 791 73 0 40 155 56 172 221 0 1554 235 0 0 150 713 151 0 0 44 486 2 0 0 0 0 0 11 0 75 56 0 0 0 0 0 0 2164 0 784 0 0 0 0 133 0 2343 0
0 0 0 0 0 0 0 0 0 0 0 0 0 0 0 0 0 0 0 0 0 0 0 17313 0 0 0 0 0 0 0 0 0 0 0 0 0 0 0 0 0 0 0 0 0 0 0 0 0 0 0 0 0 0 0 0 0 0 0 0 0 0 0 0 0 0 0 0 0 0 0 0 0 0 0 0 0 0 0 0 0 0 0 0 0 0 0 0 0 0 0 0 0 0 0 0 0 0 0 0 0 0 0 0 0 0 1362 0 0 0 0 0 0 0 0 0 0 0 0 0 0 0 0 0 0 0 0 0 0 0 0 0 0 0 0 0 0 0 0 0 0 0 0 0 0
0 0 0 0 0 0 0 0 0 0 0 3 25 0 1 0 1 0 7 10 0 0 0 0 50 237 78 68 49 33 0 0 0 0 1 0 0 0 0 0 2 0 0 0 0 0 0 0 0 0 0 0 0 0 25 0 26 0 25 0 0 19 0 0 10 25 24 0 25 0 0 0 0 0 0 1 0 1 0 0 7 3 6 0 0 0 0 0 1001 8 0 0 0 3 0 0 0 0 4 0 0 0 0 0 0 0 0 0 0 0 0 0 12 0 7 0 0 0 0 0 0 0 0 0 0 0 21 0 0 0 0 0 0 0 0 0 0 0 0 0 0 0 0 1 0
0 0 0 0 0 0 0 0 0 0 0 0 0 0 0 0 0 0 0 0 0 0 0 0 0 0 0 0 0 0 0 0 0 0 0 0 0 0 0 0 0 0 0 0 0 0 0 0 0 0 0 0 0 0 0 0 0 0 0 0 0 0 0 0 0 0 0 0 0 0 0 0 0 0 0 0 0 0 0 0 0 0 0 0 0 0 0 0 0 0 0 0 0 0 0 0 0 0 0 0 0 0 0 0 0 0 19155 0 0 0 0 0 0 0 0 0 0 0 0 0 0 0 0 0 0 0 0 0 0 0 0 0 0 0 0 0 0 0 0 0 0 0 0 0 0
1597 65 47 205 66 43 364 1206 47 1 47 1678 113 37 91 167 345 1892 1892 1811 1890 1630 309 201 343 363 280 351 1483 442 371 291 278 482 386 49 139 12 1303 79 129 43 1703 4152 8264 6000 0 73 1705 2960 480 258 381 316 577 566 576 583 581 308 604 585 266 575 624 576 586 585 577 614 2764 0 211 2827 0 977 1010 977 0 1008 255 470 350 474 0 94 106 2029 0 258 449 461 1817 123 1843 1585 597 4594 926 1514 0 0 174 228 83 224 277 232 348 0 0 129 1462 129 573 1244 725 1241 70 0 0 8 0 0 1572 0 157 0 0 19 0 0 46 0 7089 0 0 0 0 0 0 57 0 749 0
2610 21 17 116 34 10 213 265 23 1 22 876 263 24 30 0 0 348 349 349 346 0 0 0 331 1864 1065 778 0 2289 775 109 0 0 30 2 11 371 743 32 6 13 319 6875 31 9 73 0 0 574 186 0 0 58 124 54 124 121 114 0 95 125 0 123 126 122 123 125 124 127 0 254 7 99 0 243 279 243 0 0 20 66 55 0 0 0 0 56 0 59 9 102 322 440 205 229 633 642 306 97 0 0 0 42 20 69 31 62 111 0 0 36 180 36 0 865 346 190 0 0 0 0 0 0 1 0 0 0 0 0 0 0 25 0 233 0 1 0 0 0 0 0 0 2 0
8 0 0 0 0 0 0 2 0 0 0 19 0 0 1 0 0 1 1 1 0 0 0 0 0 22 0 17 88 17 0 0 0 0 12 0 5 16 0 4 7 6 0 31 6 1 4 0 0 0 16 0 0 0 1 0 2 0 17 0 0 2 0 0 1 4 4 1 1 2 0 2 1 13 0 4 0 4 0 0 0 0 32 0 0 0 0 0 0 0 0 0 0 831 0 0 2 38 5 0 0 0 0 3 4 31 14 23 52 0 0 17 42 17 0 0 0 0 0 0 0 0 0 0 0 0 0 0 0 0 0 0 0 0 0 0 0 0 0 0 0 0 0 11 0
0 0 0 0 0 0 0 0 0 0 0 0 0 0 0 0 0 0 0 0 0 0 0 0 0 0 0 0 0 2 0 0 0 0 0 0 0 1 0 0 0 1 0 0 0 0 0 0 0 0 148 0 0 0 0 0 0 0 0 0 0 0 0 0 0 0 0 0 0 0 0 0 0 0 0 0 0 0 0 0 93 0 0 0 0 0 0 0 0 0 0 0 0 0 0 0 0 0 0 0 0 0 0 0 0 0 15 0 0 0 0 5 2 5 0 0 0 0 0 0 0 0 0 0 0 0 0 0 0 0 0 0 0 0 0 0 0 0 0 0 0 0 0 1 0
0 0 0 0 0 0 0 0 0 0 0 2 0 0 0 1 0 2 2 2 0 0 1 0 0 0 37 31 185 33 0 0 0 0 4 0 0 3 0 0 0 3 0 0 1 0 0 0 0 0 6 0 0 0 1 0 1 54 1 0 0 1 0 0 0 1 1 1 0 1 0 0 0 2 0 0 0 1 0 0 0 49 0 0 0 0 0 0 0 0 0 0 0 2 0 0 5 0 2 3 0 0 0 0 0 0 218 0 0 0 0 1 2 1 0 0 0 0 0 0 0 0 0 0 106 0 0 0 0 0 0 0 1 0 0 0 0 0 0 0 0 57 0 3 0
43 42 84 16 11 8 8 137 41 1 28 142 75 3 81 18 0 20 20 20 0 35 14 4 331 61 112 105 242 42 59 0 349 0 13 1 2 769 134 171 3 122 107 11 9 2 22 0 0 61 2108 0 0 18 14 0 14 62 21 0 2 17 0 13 33 15 18 17 14 28 0 153 19 349 0 46 70 46 0 1924 3474 13794 3002 0 0 0 3888 240 0 193 106 0 190 264 186 144 207 315 94 0 0 0 0 89 22 127 30 134 237 35 40 59 113 59 11 848 0 0 0 0 0 0 0 0 0 0 0 0 0 0 0 0 1 0 0 0 0 0 0 0 0 0 0 19 0
40 3 2 17 5 2 33 15 4 0 3 72 5 0 3 30 29 1595 1585 1606 1600 2123 320 108 1021 8 0 2375 27 10 2668 0 0 2 19 29 3 77 213 18 34 4 0 75 1567 20 0 0 32 641 182 0 50 0 56 104 73 119 93 0 164 96 93 74 212 74 99 99 70 179 0 27 31 89 0 19 260 19 101 120 323 254 1318 327 0 64 0 5 0 43 4603 6496 0 2214 0 235 20 7411 3894 748 0 0 187 335 45 373 683 372 587 82 94 258 361 289 0 2779 680 646 122 0 0 0 0 0 10 0 0 0 0 0 0 0 0 0 333 0 11 0 0 0 0 0 3 22 0
1 1 1 0 0 0 1 1 1 0 0 2 1 0 1 0 2 13 13 13 0 0 1 0 2 25 4 5456 0 12 6129 0 0 0 5 5 0 8 32 1 5 1 0 2 3 0 0 0 2 178 134 0 0 25 35 41 34 36 37 0 56 40 39 35 68 34 40 41 32 61 0 24 11 13 0 36 72 36 0 14 176 169 35 64 0 0 0 2 0 7 11320 149 0 34 0 0 14 22 44 0 0 0 28 36 5 36 21 37 56 0 0 18 27 18 0 263 89 0 0 0 0 0 0 0 0 0 0 0 0 0 0 0 0 0 0 0 0 0 0 0 0 0 0 0 0
13 2 2 1 2 1 3 75 2 0 1 82 8 0 3 0 6 220 220 220 31 62 9 1 129 1 4 6 5 1 11 0 0 1 13 8 5 187 53 4 9 1 117 21 68 1617 0 0 9 222 114 633 158 646 37 37 37 39 37 0 51 41 37 38 59 37 41 42 35 56 0 41 21 29 0 34 124 34 0 236 136 418 32 0 134 15 0 6 0 11 0 2027 92 547 30 144 42 1350 573 0 0 0 0 27 41 86 37 71 144 0 0 47 84 48 0 695 9 162 0 0 0 0 0 0 0 0 0 0 0 0 0 0 55 0 12 0 2 0 0 0 0 511 0 545 0
0 0 0 0 0 0 0 0 0 0 0 0 0 0 0 0 0 23 0 23 0 0 0 0 19 0 0 9 0 0 1 0 0 0 0 953 0 1 0 0 0 0 0 0 0 0 0 0 0 0 0 0 0 0 2 0 2 2 2 0 0 2 0 2 0 2 2 2 2 3 0 0 884 0 0 3 0 3 0 0 10 6 4 0 0 0 0 0 0 0 19 0 0 2 0 0 0 2 2 0 0 0 0 0 0 0 20 0 0 0 0 1 1 1 0 0 0 0 0 0 0 0 0 0 0 0 0 0 0 0 0 0 0 0 0 0 0 0 0 0 0 0 0 0 0
2 0 0 0 0 0 0 1 0 0 0 8 1 0 0 0 5 73 73 73 72 0 0 1 474 0 2 48 4 1 54 0 0 0 2 2 0 10 3 0 2 1 0 3 3 2 0 0 8 13 9 0 9 16 22 26 22 25 24 0 39 26 18 22 48 22 27 27 20 42 0 13 11 10 0 13 0 13 624 7 19 42 41 14 110 4 0 2 0 3 96 779 0 165 0 46 29 101 113 0 20 9 138 156 17 146 184 153 226 0 0 73 118 72 0 1062 452 188 0 0 0 0 0 0 1 0 0 0 0 0 0 0 0 0 739 0 0 0 0 0 0 0 0 0 0
0 0 0 0 0 0 0 0 0 0 0 0 0 0 0 0 0 6 6 6 0 0 0 0 0 0 0 0 0 0 0 0 0 0 0 0 0 1 0 0 0 0 0 0 0 0 0 0 0 0 3 0 0 0 0 0 0 0 0 0 0 0 0 0 0 0 0 0 0 0 0 0 1 1 0 0 0 0 0 0 10 19 0 0 0 0 0 0 0 0 0 0 0 0 0 0 0 79 51 0 0 0 0 0 1 10 259 9 21 0 0 2 6 2 0 27 0 0 0 0 0 0 0 0 0 0 0 0 0 0 0 0 0 0 0 0 0 0 0 0 0 0 0 0 0
1 0 0 0 0 0 0 0 0 0 0 2 1 0 0 0 2 52 50 51 47 261 0 3 267 0 0 82 0 0 0 0 0 0 2 4 0 2 0 0 3 2 0 1 24 36 0 0 0 0 4 0 0 0 0 1 4 3 5 0 6 5 0 4 8 4 5 5 0 9 0 0 0 3 0 0 9 0 0 0 13 47 72 0 0 0 7 0 0 4 0 0 0 63 0 0 0 538 99 27 0 0 43 0 4 44 474 0 72 0 0 33 0 35 0 291 807 0 0 0 0 0 47 0 0 0 0 0 0 0 0 0 0 0 0 0 0 0 0 0 0 0 0 0 0
563 25 14 130 0 15 254 223 18 4 34 557 37 2 39 155 661 317 317 316 314 482 77 6 1142 1630 939 1247 4377 1982 1300 0 0 102 165 107 59 4265 60 20 169 38 214 1426 6567 811 0 6 1649 0 261 53 1 690 588 545 585 564 535 194 594 589 515 587 39 577 581 591 586 596 4101 261 39 187 0 308 414 308 0 0 464 192 376 167 0 0 0 91 0 71 863 0 235 3084 354 130 87 3494 1435 381 0 0 481 581 76 527 433 575 843 120 0 195 689 195 454 2743 1221 352 158 0 0 0 0 0 1255 0 324 0 0 0 0 0 18 0 275 0 0 0 0 0 0 0 0 224 0
0 0 0 0 5 0 0 0 2 1 3 106 5 0 7 0 12 82 87 87 42 3 0 0 44 129 69 74 650 157 76 8 8 0 37 0 0 733 57 0 22 0 0 344 0 0 0 0 146 63 10 0 0 27 29 2 28 27 26 29 0 29 0 29 28 28 28 29 29 28 1822 12 2 28 0 8 17 8 0 0 12 16 15 0 11 11 0 19 17 18 41 0 0 85 77 70 48 77 91 0 0 0 0 15 2 35 39 14 19 0 0 0 11 0 28 3 25 0 0 0 7 0 12 0 77 4 2 0 0 0 0 0 4 2 0 0 0 0 0 1 3 0 2 14 0
12 0 0 0 0 0 0 2 0 0 0 14 0 0 17 0 0 11 11 11 8 0 8 0 51 9 5 46 42 10 51 0 0 0 7 29 2 225 0 0 47 1 0 27 59 34 0 0 0 0 8 0 0 12 17 0 17 9 16 0 0 17 0 16 2 17 15 16 17 17 0 0 4 1 0 1 0 1 0 0 0 0 0 0 0 0 0 0 0 61 0 0 0 0 0 0 0 0 0 0 0 0 0 0 1 0 0 0 0 0 0 1 20 1 0 0 0 0 0 0 0 0 0 0 0 0 0 0 0 0 0 0 3 0 0 0 85 0 0 0 0 0 0 0 0
0 0 0 0 1 0 0 0 0 1 0 27 6 0 3 0 50 458 463 462 422 34 18 3 477 1721 1194 805 0 2090 796 278 412 877 11 30 0 40 0 0 66 0 0 53 0 20 0 0 0 0 397 0 177 73 143 118 143 135 133 104 110 144 0 143 134 141 142 144 133 147 0 562 26 392 0 411 376 411 0 0 29 65 46 0 75 72 0 276 26 331 148 0 0 1741 0 145 3 273 2118 0 288 98 1112 1170 144 1053 578 1121 1620 168 197 743 1376 743 134 7613 0 0 0 0 0 0 270 0 115 0 2 114 0 0 0 0 0 0 89 0 0 0 0 81 0 0 0 1 0
0 0 0 0 11 0 0 0 13 0 2 13 3 0 2 0 0 25 29 29 0 0 0 0 51 8 17 30 38 9 33 0 0 0 7 6 0 4 0 0 23 0 0 0 0 0 0 0 0 0 26 0 0 1 6 0 6 0 9 0 0 7 0 6 9 7 7 7 6 9 0 182 33 161 0 78 64 78 0 0 2 7 6 0 0 250 0 118 0 22 40 0 0 7 0 0 31 37 7 0 0 0 0 1 1 2 0 2 3 0 0 1 243 1 4 12 0 100 89 0 0 0 0 0 0 0 0 0 0 73 0 0 0 0 0 0 0 0 0 0 0 0 273 9 0
9 0 0 0 0 0 0 1 0 0 0 6 0 0 0 0 2 16 18 17 2 0 138 2 45 5 1 34 27 6 38 0 0 10 1 7 1 16 0 0 11 0 0 18 0 0 0 0 0 0 2 0 0 0 1 0 1 0 3 0 0 1 0 1 0 1 2 1 0 2 0 0 4 10 0 45 29 45 0 0 0 3 0 0 0 0 0 7 0 15 61 0 0 204 0 0 0 0 0 0 0 0 0 0 0 2 0 2 3 0 0 131 93 131 0 14 0 0 0 0 0 0 0 0 0 0 0 0 0 0 0 0 0 0 0 0 0 0 0 0 125 0 0 25 0
19 3 2 5 1 0 2 22 0 1 0 48 11 0 4 11 0 0 0 0 0 94 33 34 3 1 8 1 7 2 1 0 0 0 12 1 14 120 0 0 2 1 18 42 6 6 0 0 0 0 13 0 0 6 12 0 12 6 13 0 12 12 0 12 0 12 12 12 10 13 0 0 2 17 0 5 11 5 0 0 0 10 27 0 0 0 0 0 0 0 0 0 0 86 0 0 4 0 3 0 1 0 6 6 3 23 14 21 29 0 0 24 10 0 10 24 0 0 27 0 0 0 0 0 0 0 1 0 0 0 0 0 2 0 0 0 0 0 0 0 0 0 0 11 0
17 2 1 2 1 0 0 5 1 0 0 13 0 0 0 0 101 135 135 135 134 33 5 0 3 6 1 3 29 7 3 0 0 0 3 2 0 32 0 0 1 1 0 23 48 0 0 0 0 0 1 0 0 27 4 0 4 0 4 0 3 4 0 4 0 4 4 4 4 4 0 0 0 1 0 1 0 1 0 0 0 0 0 0 0 0 0 0 0 0 0 0 0 128 0 0 6 0 0 0 0 0 0 1 0 1 0 1 2 0 0 1 48 1 0 8 0 87 59 0 0 0 73 0 1 38 923 605 0 0 0 0 0 0 0 0 8 0 0 0 0 0 0 0 0
0 0 0 17 0 0 69 79 4 0 3 133 5 0 5 0 29 96 96 76 78 0 0 0 310 11 90 9 94 24 3 7 0 47 44 419 16 475 0 1 512 24 53 355 23 4 0 279 0 25 108 0 87 59 89 0 90 76 99 0 0 61 0 0 98 90 85 0 86 0 0 287 167 740 0 418 345 418 0 0 112 10 0 18 0 72 1416 584 1033 703 0 0 95 23 39 110 11 71 35 0 0 0 0 0 4 0 0 0 0 132 0 0 220 0 32 0 0 0 0 0 0 0 0 0 0 0 29 0 0 0 0 43 151 0 0 0 93 0 0 0 422 283 74 482 0
128 46 25 42 35 27 131 62 120 2 74 92 76 176 80 52 31 357 0 0 0 725 221 8 181 534 682 251 2182 599 151 47 66 63 22 15 9 425 16 0 50 15 58 187 140 62 135 42 29 186 498 698 0 1 68 58 68 74 67 68 72 69 0 68 41 68 63 0 68 0 0 131 21 382 10 69 119 69 24 131 131 181 352 316 230 3 282 269 0 62 12 1 46 157 0 45 45 0 1 34 0 0 0 0 36 0 0 0 0 2800 3288 0 36 0 0 0 0 70 0 0 0 0 0 0 6 0 5 20 0 0 0 0 24 0 0 58 232 0 0 0 0 0 0 184 0
164 28 16 25 23 18 85 82 77 1 46 131 50 111 53 33 20 232 232 232 232 463 71 0 115 342 436 161 1396 384 97 30 42 40 31 10 12 772 51 1 60 22 91 333 258 113 84 28 18 127 318 478 1 1 45 41 45 48 44 45 48 46 0 45 47 45 45 36 45 39 0 78 13 249 0 45 83 45 10 85 85 116 225 207 159 3 183 174 0 40 8 16 99 101 0 77 71 0 0 22 0 0 0 0 24 0 0 0 0 1801 2115 0 23 0 0 0 0 45 0 0 0 0 3 0 3 0 4 13 0 0 0 0 15 0 0 37 157 0 0 0 11 0 21 118 0
91 34 19 31 27 20 98 44 90 1 56 61 57 132 60 39 23 272 272 272 272 546 166 0 136 402 513 189 1229 451 114 35 50 48 15 11 6 287 0 0 36 11 39 125 80 42 92 0 19 108 375 41 0 2 52 0 52 56 51 53 55 53 0 52 53 52 51 0 52 0 0 89 15 284 0 53 68 53 0 37 68 136 264 95 0 0 132 203 0 33 0 0 24 125 0 32 32 0 0 20 1 0 0 0 12 0 0 0 0 2152 2816 0 27 0 52 0 0 34 0 0 0 0 4 0 5 757 12 15 0 0 0 0 19 0 0 44 111 0 0 0 0 0 0 138 0
15 11 6 10 9 7 33 7 30 0 19 7 19 44 20 13 8 91 91 91 91 183 56 0 46 136 173 890 550 153 967 12 17 16 2 4 1 4 8 0 7 1 1 1 2 1 22 0 3 33 125 0 0 1 17 0 16 17 17 17 19 17 0 17 20 16 15 0 17 0 0 22 5 94 0 17 23 17 0 0 0 46 89 0 0 0 0 66 0 0 1674 0 0 39 0 0 0 0 0 4 0 0 0 0 4 0 0 0 0 688 808 0 9 0 0 0 0 19 0 0 7 0 1 0 2 7 4 5 0 0 0 0 6 0 0 13 0 0 0 0 0 0 0 46 0
3 0 0 0 0 0 0 1 0 0 0 3 0 0 0 0 0 0 0 0 0 0 0 0 0 0 1 0 0 1 0 0 0 0 0 0 0 18 0 0 1 0 0 7 4 3 0 0 0 0 1 0 0 0 0 0 0 0 0 0 0 0 0 0 0 0 0 0 0 0 0 0 0 0 0 0 0 0 0 0 0 0 0 0 0 0 0 0 0 0 0 0 0 0 0 0 1 0 0 0 0 0 0 0 0 0 0 0 0 2 0 0 0 0 0 0 0 0 0 0 0 0 0 0 0 0 0 0 0 0 0 0 0 0 0 0 0 0 0 0 0 0 0 0 0
0 0 0 0 0 0 0 0 0 0 0 0 0 0 0 0 1 11 11 11 11 22 7 0 6 17 21 8 68 19 5 1 2 2 0 0 0 2 1 0 1 0 0 0 1 0 0 0 0 0 32 0 0 0 2 0 2 2 2 2 2 2 0 2 2 2 0 0 2 0 0 0 1 12 0 2 4 2 0 0 0 6 11 0 0 0 0 7 0 0 0 0 0 5 0 0 0 0 0 104 0 0 0 0 0 0 0 0 0 87 102 0 1 0 0 0 0 2 0 0 0 0 0 0 0 1 1 1 0 0 0 0 1 0 0 0 0 0 0 0 0 0 0 6 0
1 0 0 1 1 0 1 2 0 0 1 6 1 1 1 0 46 9 9 9 9 0 2 0 13 4 2 4 1 4 9 0 0 2 0 5 0 0 0 0 6 0 0 0 0 0 56 6 32 2 160 0 0 0 2 0 2 3 2 2 3 2 0 2 3 0 1 0 2 0 0 3 5 9 22 0 27 0 0 0 0 0 0 0 0 0 0 0 0 0 0 0 0 0 0 17 3 0 0 1000 0 0 0 0 0 0 0 0 0 116 136 0 81 0 0 0 0 0 0 0 11 0 41 0 15 23 0 0 0 0 0 0 2 0 0 2 0 0 0 0 0 0 0 3 0
6 5 2 4 3 3 13 3 12 0 7 3 8 18 8 4 3 37 37 37 36 74 22 0 19 55 70 361 223 62 392 5 7 6 1 2 0 2 3 0 3 1 0 2 1 0 1 0 0 9 51 0 0 0 7 7 7 7 7 7 7 7 0 7 8 7 6 0 7 0 0 2 2 38 0 7 9 7 0 0 0 18 36 0 0 0 0 27 0 0 655 0 0 16 0 0 0 0 0 0 0 0 0 0 2 0 0 0 0 278 326 0 4 0 0 0 0 8 0 0 0 0 0 0 1 3 2 2 0 0 0 0 3 0 0 3 0 0 0 0 0 0 0 19 0
2 1 0 0 0 0 2 1 1 0 1 2 1 2 1 0 0 4 4 4 4 8 3 0 2 6 8 3 26 7 2 1 0 1 0 0 0 9 0 0 1 0 1 1 0 1 0 0 0 0 13 0 0 0 1 0 1 1 1 0 1 1 0 1 1 1 0 0 1 0 0 0 0 5 0 1 1 1 0 0 0 2 4 0 0 0 0 1 0 0 0 0 0 2 0 0 0 0 0 41 0 0 0 0 0 0 0 0 0 32 38 0 0 0 0 0 0 1 0 0 0 0 0 0 0 0 0 0 0 0 0 0 0 0 0 0 0 0 0 0 0 0 0 2 0
178 69 37 63 53 40 199 85 182 2 113 89 115 268 121 79 48 552 552 552 552 0 336 12 124 815 1039 383 0 0 231 71 101 95 24 23 11 536 52 0 66 18 73 237 178 79 10 46 43 144 756 0 74 2 0 0 1 9 11 2 3 1 0 0 6 2 3 1 0 4 0 189 30 553 46 92 79 92 92 221 207 275 536 0 0 16 460 405 11 96 28 0 70 238 0 53 50 1 1 0 0 0 0 0 0 0 0 0 0 0 0 0 54 0 0 0 0 113 15 0 0 0 8 0 9 47 26 33 0 11 0 0 41 0 3 18 0 0 0 17 0 0 19 296 0
239 100 54 92 79 59 289 104 266 3 164 128 167 389 176 115 70 803 803 803 803 0 490 4 181 1186 1511 557 0 1329 336 103 147 139 21 34 10 543 67 0 78 15 76 232 181 79 263 85 61 253 1086 355 126 2 143 57 142 154 125 144 144 143 0 143 143 140 141 144 143 144 0 278 44 812 115 151 165 151 153 327 304 399 780 0 0 25 676 588 26 138 45 93 70 353 0 57 53 3 2 58 0 0 0 0 16 0 0 0 0 34672 0 0 79 0 144 0 0 646 222 0 0 0 39 0 41 234 125 178 0 278 0 295 228 0 45 86 0 0 0 0 0 37 252 1631 0
0 0 0 0 0 0 0 0 0 0 0 0 0 0 0 0 0 0 0 0 0 0 0 0 30 0 0 1 0 0 1 0 0 0 0 0 0 0 0 0 0 0 0 0 0 0 0 0 0 0 0 0 0 2357 0 0 0 0 0 0 0 0 0 0 1 0 0 0 0 0 0 0 0 1 0 0 2 0 0 0 0 0 0 0 0 0 0 0 0 0 0 0 0 0 0 0 0 0 0 0 0 0 0 0 0 0 0 0 0 0 0 0 0 0 0 24 0 0 0 0 0 0 0 0 0 0 0 0 0 0 0 0 0 0 0 0 0 0 0 0 0 0 0 0 0
0 0 0 0 0 0 0 0 0 0 0 0 0 0 0 0 0 0 0 0 0 0 0 0 3 0 0 200 0 0 0 0 0 0 0 0 0 0 0 0 0 0 0 0 0 0 0 0 0 0 0 0 0 7712 0 0 0 0 0 0 0 0 0 0 0 0 0 0 0 0 0 0 0 0 0 0 0 0 0 0 0 0 0 0 0 0 0 0 0 0 379 0 0 0 0 0 0 0 0 0 0 0 0 0 0 0 0 0 0 0 0 0 0 0 0 100 0 0 0 0 0 0 0 0 0 0 0 0 0 0 0 0 0 0 0 0 0 0 0 0 0 0 0 0 0
0 0 0 0 0 0 0 0 0 0 0 0 0 0 0 0 0 0 0 0 0 0 0 0 0 0 0 0 0 0 0 0 0 0 0 0 0 0 0 0 0 0 0 0 0 0 0 0 0 0 0 0 0 0 0 0 0 0 0 0 0 0 0 0 0 0 0 0 0 0 0 0 0 0 0 0 0 0 0 0 0 0 0 0 0 0 0 0 0 0 0 0 0 0 0 0 0 95 0 0 14 7 0 0 0 46 0 0 0 0 0 0 0 0 0 7 0 0 0 0 0 0 0 0 0 0 0 0 0 0 0 0 0 0 0 0 0 0 0 0 0 0 0 0 0
37 0 0 0 0 0 42 8 41 1 26 31 30 60 28 18 451 0 0 0 0 0 1934 9739 1203 2286 3893 2142 1 5260 1256 374 512 409 4 230 2 7 0 0 329 3 0 10 2 1 91 0 77 132 2037 0 0 3 0 0 1 0 10 0 0 0 0 0 11 1 0 0 0 0 0 0 476 5 5 1 0 1 0 105 656 1328 6 0 124 397 1571 18 404 750 69 0 0 120 0 0 18 0 510 0 2190 2407 0 19048 3168 30972 11143 24528 34095 0 0 0 355 0 0 26371 0 404 161 0 6 0 0 0 0 0 77 111 0 59 0 0 142 0 0 0 169 0 0 0 0 54 125 1015 0
0 0 0 0 0 0 0 0 0 0 0 0 0 0 0 0 0 0 0 0 0 0 0 15 0 0 0 0 0 0 0 0 0 0 0 0 0 0 0 0 0 0 0 0 0 0 0 0 2 0 2 0 2 1 0 1 0 1 1 1 0 0 1 0 3 0 1 0 0 2 0 0 0 0 0 0 0 0 0 0 0 0 0 0 0 0 0 0 0 0 0 0 0 0 0 0 0 0 0 4 0 1 0 0 1 0 14 0 0 0 0 0 0 0 0 0 0 0 0 0 0 0 0 0 0 0 0 0 0 0 0 0 0 0 419 0 0 0 0 0 0 0 0 0 0
107 31 11 359 56 0 704 154 0 2 58 227 81 0 166 853 1401 4168 4168 4168 4166 359 53 0 772 2844 1630 1255 0 3407 1212 19 187 749 152 30 66 130 37 90 123 98 0 79 77 0 144 0 212 0 754 545 2497 494 442 402 450 428 576 0 438 443 441 443 415 467 464 439 440 441 6266 646 183 2633 0 456 402 459 0 0 215 1393 50 371 0 0 0 1804 0 369 0 0 0 435 149 160 185 407 569 431 661 323 3715 3816 289 2169 1402 3549 4929 707 816 17 570 17 316 0 0 366 232 0 0 0 106 0 3423 57 301 136 543 714 0 556 535 4610 367 62 1884 0 0 266 259 970 607 826 0
1019 438 140 56 109 60 22 39 121 2 505 278 128 0 14 134 53 413 430 431 429 0 30 190 127 1168 570 620 2952 476 261 80 101 84 62 93 22 328 5 17 48722 32 0 95 111 7 39 0 105 0 84 0 0 148 2 0 6 0 61 0 0 0 0 0 10 14 12 0 2 0 0 89 38 113 0 22 27 22 0 0 56 102 540 55 0 184 0 96 0 202 250 0 20 73 6 0 5 2546 0 11 0 0 0 0 4 0 152 0 0 0 0 10 101 11 0 0 0 0 325 0 131 0 0 1889 0 96 242 303 0 0 0 0 140 0 0 0 13 0 0 0 0 83 54 499 0
8 14 11 0 16 14 1 11 11 1 0 9 52 0 0 199 154 0 0 0 0 0 0 0 19 1 35 14 0 0 15 240 586 127 0 11 0 12 78 0 16 1 0 6 6 26 0 0 43 247 0 0 0 0 1 0 1 0 3 0 0 0 0 0 2 1 1 0 1 0 0 26 17 78 0 14 18 14 0 18 139 21 58 55 0 14 30 57 18 329 22 0 0 189 8 0 0 0 0 16 19 4 306 213 20 430 4 70 196 0 0 11 40 11 0 0 0 0 0 0 0 0 0 0 0 0 2 0 0 0 0 0 0 0 0 0 41 0 0 0 0 0 0 1 0
448 826 564 2681 709 289 597 1124 396 49 592 1179 659 0 685 549 1632 5486 5486 5485 5464 1 43 0 10188 1558 2750 1698 4021 1876 1811 699 1229 3723 398 1288 185 3996 396 135 2097 168 122 347 442 3979 6647 3317 6407 1570 3262 0 1480 3852 9415 9243 9356 9289 8449 8191 9308 9389 9369 9403 9237 9223 9241 9413 9413 9342 3662 6807 884 5050 9288 9910 8320 9905 5657 2637 7049 3768 2588 2478 10305 38 2611 3601 1734 3395 2229 6213 250 8103 505 779 1173 6278 3334 3654 1149 597 2316 2397 429 3853 1061 2241 3128 402 548 3316 2874 3315 9384 1391 1390 1161 380 0 514 556 0 0 22 84 758 817 0 0 0 48 193 0 6245 0 1930 0 0 0 0 292 225 1688 0
557 1856 796 1138 1557 1367 2149 3076 1749 34 7690 872 4288 799 1642 461 2267 9461 9461 9461 9414 163 260 0 3415 3287 457 2279 736 2511 6676 294 1014 2110 104 270 71 18 776 301 266 93 0 86 87 3 7845 3821 6179 2716 961 1913 702 485 3 0 8 53 116 0 13 28 23 3 156 22 46 28 2 117 2046 1771 345 1885 13784 14614 11196 14606 2235 1229 1072 1742 1165 1080 501 765 1358 1373 1078 847 1377 693 0 304 411 1055 499 1400 715 687 1091 2722 674 0 15143 253 0 13 2485 451 444 3169 3374 3168 0 3 158 0 2996 0 0 2740 663 0 6076 766 342 1070 0 0 0 0 174 0 2758 0 1851 100 0 0 3357 341 226 1798 0
86 90 70 0 0 0 23 0 15 3 22 233 0 0 237 609 71 967 967 967 958 1592 3408 6 463 202 112 221 296 307 955 185 366 1372 57 39 0 87 60 0 244 4 0 0 0 58 100 56 458 121 354 0 334 110 163 166 174 162 335 0 149 166 63 165 179 197 192 161 163 168 0 291 68 310 402 514 419 514 0 172 91 223 274 304 130 218 237 230 154 467 225 237 23 511 92 76 193 288 333 179 251 77 379 293 1468 2266 559 1955 2794 215 378 1449 930 1449 53 579 70 937 244 0 0 0 213 152 369 959 572 4886 3742 293 1927 562 857 0 13 452 2303 0 0 506 1582 3034 261 843 0
4 5 3 17 4 0 40 6 4 2 3 29 3 0 3 48 46 65 65 65 65 172 31 5 1142 2289 1165 978 3377 2796 959 104 102 171 24 148 9 41 0 11 31 12 0 14 5 1 60 99 18 0 140 90 16 630 206 164 206 0 205 184 213 208 207 206 217 206 186 208 206 215 0 843 14 185 241 277 235 277 0 16 94 419 94 369 684 27 70 131 40 88 0 192 0 304 0 5 12 517 0 25 34 0 0 0 6 0 0 0 0 0 0 0 141 0 180 0 0 47 15 102 0 0 0 0 93 82 185 22 0 172 0 37 243 0 61 0 82 0 0 0 0 102 112 102 0
592 831 608 457 516 772 647 357 2098 14 1622 978 1432 583 876 1059 1104 14 14 14 14 169 72 129 1749 2170 5279 1356 3354 898 735 11452 2889 351 363 423 176 1878 102 234 315 215 266 412 402 85 3526 2823 2794 428 5475 3007 1089 2922 5967 5432 5946 5746 5599 2451 5848 5933 5908 5962 5751 5898 5822 5938 5967 5824 0 2597 759 4629 559 543 944 543 1396 1564 1739 3414 7276 2682 2755 361 1908 3413 1313 1762 998 16 236 6374 294 256 197 2397 825 1683 1329 686 2291 2349 598 4325 4267 2189 3046 448 450 5664 2535 5663 5916 1165 1231 0 505 2012 1367 0 388 0 1586 329 1880 835 0 516 58 0 47 0 2342 0 449 0 0 119 778 684 599 1576 0
100 0 0 0 10 0 0 0 0 0 0 2 0 0 0 0 0 37 37 37 37 2248 131 13 110 895 437 381 2263 365 94 0 0 1 0 0 0 0 0 0 0 0 0 0 0 0 0 0 0 0 0 0 0 146 1749 666 1735 0 1507 0 1696 1733 1725 1746 1648 1703 1696 1738 1749 1685 0 7 1 18 0 0 72 0 0 0 0 2 0 0 0 0 1 1 0 0 0 0 0 1 0 0 0 5 0 390 0 0 0 0 2 0 0 0 0 0 0 74 61 74 1728 0 0 12 1060 0 0 0 0 0 0 0 0 0 0 0 0 0 0 0 0 0 1 0 0 0 0 0 0 0 0
5 3 1 2 0 3 3 100 3 2 4 146 9 0 4 12 31 0 0 0 0 0 1 0 615 11 979 32 2 0 36 81 761 567 73 106 37 59 5 61 158 46 0 45 24 0 186 168 331 78 1269 402 51 618 197 202 203 46 292 0 42 203 204 198 233 216 196 201 197 220 0 1793 220 3130 44 156 175 157 346 300 317 674 1640 912 627 1146 471 2297 2967 552 81 297 0 711 53 113 118 683 0 136 54 46 0 0 25 0 0 0 0 0 0 0 152 0 41 85 0 0 16 0 0 0 0 0 687 0 76 0 0 0 0 0 42 0 0 44 36 0 0 15 0 1 31 19 0
0 1 0 0 0 0 0 1 1 0 1 26 0 0 1 0 2 0 0 0 0 0 0 0 7 0 9 1 0 0 1 6 33 7 14 1 9 3 0 4 13 11 0 9 1 0 0 0 13 2 45 0 0 3 7 5 9 0 38 0 0 8 7 8 10 13 1 7 7 8 0 70 5 79 0 6 0 6 0 11 10 21 53 39 0 1 5 58 4 24 3 0 0 39 0 3 4 0 0 0 0 0 0 0 0 0 0 0 0 0 0 0 2 0 0 23 0 0 0 0 0 0 0 0 28 0 0 0 0 0 0 0 3 0 0 0 6 0 0 0 0 0 0 0 0
26 4 2 30 9 5 7 16 6 2 3 56 6 0 4 35 61 9 9 9 9 44 23 0 76 94 86 80 468 113 84 29 50 120 26 15 11 135 0 0 36 15 0 56 186 51 90 0 212 288 123 0 10 18 1 0 2 0 33 0 3 2 1 1 8 7 7 1 1 5 0 220 11 116 0 82 64 82 115 136 66 236 62 113 68 30 35 84 24 63 90 99 7 162 0 36 19 161 0 67 0 0 0 0 5 0 0 0 1 0 0 42 91 42 0 0 0 0 43 0 0 0 0 0 43 183 178 0 0 0 0 0 145 0 0 59 6 0 0 0 0 241 153 6 0
293 157 90 174 78 38 66 195 55 9 269 492 245 9 199 202 804 369 369 369 367 22 33 33 1109 2678 1786 1402 0 3261 1411 187 327 820 179 154 90 919 436 92 281 115 193 270 807 287 999 768 787 1291 961 671 219 2158 2043 1925 2042 0 2011 584 1973 2033 2016 2043 1972 2039 2026 2032 2042 1995 3323 985 150 2223 777 841 839 841 510 315 699 700 699 687 617 230 272 1598 182 462 588 62 203 1643 222 226 195 889 410 1029 452 228 465 517 206 1622 167 489 688 23 112 846 749 846 1896 658 0 446 1875 1383 598 0 1802 576 293 8590 9791 7664 0 94 0 0 97 0 411 166 939 0 0 0 0 163 158 123 0
265 18 11 144 45 20 32 106 18 2 17 297 24 11 15 114 250 42 42 42 23 0 5 1 185 550 321 317 2751 664 320 64 110 265 110 47 46 510 178 43 141 64 92 591 1043 71 235 48 167 330 249 37 389 298 4 0 11 0 126 0 0 7 0 5 21 28 25 4 4 11 0 321 75 275 212 236 219 237 0 290 152 223 167 162 78 90 106 200 71 178 195 251 81 521 289 0 353 306 153 1 243 116 469 518 117 1018 902 493 698 0 0 3251 1923 3250 0 844 0 341 576 377 769 0 0 0 1248 140 355 66 0 0 1203 1832 1726 0 93 0 2506 0 0 0 0 1040 4431 780 0
474 197 313 181 230 375 1921 355 1436 9 211 629 450 511 1511 45 81 461 461 461 459 99 40 29 958 523 1418 390 1339 225 256 2091 1092 240 291 189 109 2480 241 86 235 157 357 675 580 1372 947 368 3729 539 1638 581 163 1783 3218 3150 3203 3007 2964 2793 3147 3199 3121 3215 3100 3170 3160 3204 3218 3142 0 1911 375 2997 234 234 523 235 780 694 905 903 1117 618 945 572 3194 2174 1585 772 398 1015 334 426 585 893 614 2166 593 924 1114 552 3498 3600 466 3641 745 3350 4657 641 840 751 1225 751 2971 240 1589 1660 742 1210 2258 0 2109 0 748 773 948 850 510 0 0 3119 0 5299 837 0 2164 0 0 0 0 954 246 2234 0
255 522 157 51 219 188 14 49 570 5 9 136 19 282 241 1 372 332 332 332 324 203 58 216 204 1251 963 554 3179 518 160 19 84 23 50 19 21 317 31 7 26 25 48 81 82 42 318 88 160 306 437 1290 0 86 387 337 386 380 377 0 365 385 0 387 374 385 383 385 387 378 0 323 108 949 7 17 158 17 170 84 235 84 97 237 74 14 161 676 124 61 59 174 40 196 190 42 162 260 144 0 31 9 707 750 111 260 1333 706 988 66 0 276 641 277 93 275 0 239 1516 0 148 0 0 556 274 613 1183 284 136 0 0 0 0 0 136 0 180 0 0 0 0 0 0 348 0
0 0 0 0 0 0 0 0 0 3 0 0 0 0 0 0 0 19 19 19 19 26 16 329 268 32 14 444 272 73 500 5 5 33 15 158 3 0 0 0 141 3 0 5 6 0 0 0 0 0 10 0 0 6 0 0 0 4 4 0 6 4 5 0 22 0 4 4 0 16 0 1979 99 172 126 148 114 148 0 0 0 0 0 0 264 365 0 155 405 195 904 0 0 0 9 0 10 0 378 0 0 0 0 0 2 0 0 0 0 0 0 0 67 0 0 0 0 0 0 0 0 0 0 0 1 0 0 0 0 0 3816 15654 0 0 0 0 8 0 0 0 0 0 0 1 0
775 17 8 155 101 25 38 65 25 9 20 595 26 1 23 114 245 38 33 38 0 275 104 9 139 347 242 221 3762 403 219 46 81 198 739 82 173 479 158 133 362 210 5 859 247 80 312 628 164 125 629 285 685 320 454 457 474 435 764 206 445 458 445 458 475 516 506 449 454 456 0 822 56 310 111 205 223 207 281 133 247 321 332 208 493 164 194 235 134 293 239 489 0 916 75 192 242 707 235 421 189 88 838 889 104 791 1130 836 1170 178 210 665 456 665 299 631 0 2112 5565 2625 5776 1636 258 463 1082 990 53 558 872 1414 0 1063 1266 0 316 630 2191 0 0 461 1106 1169 1057 3850 1
132 119 39 245 84 37 57 149 20 11 12 77 11 24 9 13 9 390 390 304 390 398 1044 7 133 374 248 216 1277 455 219 130 219 556 10 48 2 196 44 21 81 3 0 233 90 126 0 0 0 9 82 0 72 342 175 162 174 178 152 0 173 174 0 175 171 170 171 175 175 173 0 0 53 782 0 123 122 123 0 0 286 238 433 209 0 81 0 567 0 224 117 0 29 1146 0 49 43 229 239 35 133 56 632 697 84 738 443 661 930 0 0 345 211 344 176 0 0 137 113 0 0 0 0 0 15 382 500 451 0 0 0 0 1 0 0 0 0 0 0 0 0 189 0 0 0
125 3 1 0 11 1 4 25 0 0 4 221 10 0 7 0 1 153 152 153 152 2189 761 129 238 144 177 223 712 172 241 51 84 217 101 91 47 232 31 43 197 65 0 188 68 184 269 386 215 178 367 182 887 858 957 900 958 930 966 529 921 953 920 957 926 960 954 952 957 937 2086 608 144 1823 249 519 461 519 304 240 402 361 238 367 216 171 192 1325 131 254 361 421 34 1544 140 31 169 857 153 353 0 0 0 0 34 5 0 0 3 0 0 5 405 5 871 0 0 915 797 472 654 0 230 485 296 0 1 0 0 1268 2972 2696 2461 0 175 0 0 0 0 113 339 886 1099 82 0
197 0 0 0 0 0 1 157 0 1 0 269 2 0 7 0 0 10 5 10 8 1040 64 3 45 5 227 5 21 6 5 14 19 96 128 3 46 2338 0 0 5 15 0 521 36 21 188 252 137 210 312 0 0 54 27 0 26 24 26 0 0 29 0 26 34 26 29 29 26 38 0 332 321 5931 0 626 353 626 410 0 549 443 288 466 0 5 0 4331 1 19 6 96 257 0 271 144 1149 341 0 0 0 0 0 25 209 136 0 66 119 26 25 26 12 26 0 61 0 0 0 0 0 0 0 0 0 0 0 0 0 0 0 0 0 0 470 6547 0 572 0 302 103 0 0 0 0
1771 464 242 270 327 204 876 721 629 21 415 1156 571 204 630 582 719 445 444 445 444 9176 2513 3658 828 520 903 606 1305 213 490 575 410 518 457 178 218 4614 484 163 489 175 871 1514 794 2103 295 1614 5120 1137 1539 1530 1515 1996 2815 2784 2818 2780 2846 2520 2762 2805 2769 2815 2746 2823 2809 2802 2814 2765 0 3408 740 4469 810 911 1095 912 1306 1909 831 1636 2107 1480 831 514 1571 3239 444 499 865 1813 876 2819 1824 551 1265 1429 1644 1385 1694 869 4495 4609 661 5526 4429 4291 5966 884 914 4046 5039 4046 2709 1241 1356 3061 11050 2534 0 833 771 1517 2594 2087 3718 1712 1825 2261 2701 3915 2907 611 1284 425 0 0 0 500 1538 3328 1591 4188 1
12 1 1 42 11 5 7 14 3 1 1 4 2 3 1 100 205 122 122 122 122 0 48 0 41 90 118 77 451 138 67 10 23 53 3 6 1 0 1 2 8 1 1 3 2 0 18 15 16 11 103 86 123 13 94 93 94 0 82 94 93 94 94 94 92 92 92 94 94 93 0 250 6 16 34 34 38 34 37 60 8 28 26 14 18 13 25 11 15 22 76 31 0 23 12 19 9 30 124 51 4 3 8 19 7 36 34 4 13 13 14 23 51 23 95 30 7 35 122 9 10 44 16 3 1 50 22 43 21 112 11 20 39 67 38 15 4 86 0 49 118 181 95 170 0
105 1 0 0 9 0 1 0 1 1 1 46 3 0 1 0 0 407 407 407 402 1333 563 28 50 80 61 46 376 98 68 2 5 21 39 12 9 55 0 0 30 13 0 50 0 154 78 0 36 7 78 0 0 164 190 170 190 180 191 45 180 189 168 190 184 190 189 189 190 186 0 115 18 46 49 119 105 119 47 78 125 89 53 10 27 21 23 32 16 31 30 81 0 85 0 21 41 159 22 89 26 8 243 273 33 231 223 260 369 0 66 295 265 295 27 0 0 110 868 57 19 0 38 0 86 0 1 306 78 133 344 641 318 0 18 0 0 0 0 0 458 849 55 260 0
187 6 2 0 22 0 6 0 951 9 430 206 145 554 141 513 1209 146 132 146 138 0 3 0 316 322 334 207 1216 423 613 20 37 198 122 67 34 28 0 0 124 78 0 79 0 96 0 0 219 109 476 219 579 562 610 586 615 600 700 324 593 610 364 611 613 628 624 608 610 608 0 1420 35 319 1123 1160 954 1160 265 1007 77 217 201 155 94 617 110 227 104 112 140 583 0 432 100 1056 0 788 142 0 1061 0 902 385 121 364 140 1 665 331 706 205 2056 205 389 427 0 816 1918 1265 0 0 1984 0 150 844 1725 4306 750 848 1104 10105 784 0 292 0 0 0 0 0 0 5454 1211 4807 1
45 33 26 31 22 20 44 34 84 1 41 55 44 0 0 0 0 64 64 64 47 76 22 80 94 443 245 206 1386 270 105 137 171 142 21 12 0 202 39 0 24 11 0 57 73 134 0 35 93 64 0 0 0 1 1 0 1 0 14 0 0 1 1 1 4 3 3 1 1 2 0 75 0 129 0 23 4 23 0 66 37 77 0 66 40 29 0 95 38 113 43 6 29 73 40 44 21 70 56 0 55 30 200 209 26 204 130 197 275 26 0 147 123 147 0 0 0 0 60 0 0 0 0 0 33 0 44 0 0 0 0 10 176 0 0 0 5 0 0 0 0 0 0 0 0
18 3 1 5 6 0 4 4 7 0 2 30 3 0 1 34 50 14 8 14 4 0 8 9 7 34 49 14 138 84 23 2 13 21 17 2 8 4 0 0 14 12 0 6 2 1 0 0 0 0 88 0 230 3 3 0 4 0 28 0 0 4 0 3 11 8 8 4 3 8 0 69 12 133 3 53 44 53 630 17 90 48 31 16 0 24 9 97 7 15 13 48 0 145 18 0 35 86 36 0 51 0 59 44 18 58 60 9 52 0 0 22 59 22 0 45 0 0 169 0 0 0 0 0 14 0 404 0 0 0 0 30 6 0 588 0 636 0 0 0 0 2404 0 434 0
0 0 0 0 0 0 0 0 0 0 0 0 0 0 0 0 64 600 600 600 552 74 59 11 13 99 107 73 460 217 136 33 83 155 0 0 0 0 0 0 2 0 0 12 0 0 0 0 0 0 5 0 0 0 0 0 0 0 0 0 0 0 0 0 1 0 0 0 0 1 0 0 0 97 0 37 0 37 0 0 0 0 0 0 0 3 0 71 1 47 5 0 0 24 0 0 0 0 3 0 0 0 0 0 0 0 0 0 0 0 0 0 6 0 0 0 0 0 0 0 0 0 0 0 4 0 6 0 0 0 0 0 0 0 25 0 7 0 0 0 0 485 0 0 1
0 0 0 0 0 0 0 0 0 0 0 0 0 0 0 0 0 0 0 0 0 0 0 0 0 0 0 0 0 0 0 0 0 0 0 0 0 0 0 0 0 0 0 0 0 0 0 0 0 0 0 0 0 0 0 0 0 0 0 0 0 0 0 0 0 0 0 0 0 0 0 0 0 0 0 0 0 0 0 0 0 0 0 0 0 0 0 0 0 0 0 0 0 0 0 0 0 0 0 0 0 0 0 0 0 0 0 0 0 0 0 0 0 0 0 0 0 0 0 0 0 0 0 0 0 0 0 0 0 0 0 0 0 0 0 0 0 0 0 0 0 0 0 0 0
