141
0 0 0 0 0 0 13450 266 31 18522 15879 468 0 3 26 0 0 0 0 0 0 0 0 0 197 51 171 388 144 48 0 246 754 139 0 0 4 5 0 0 0 0 0 0 0 0 0 0 0 0 0 0 0 0 0 0 0 0 18 20 0 0 0 0 0 0 0 0 0 0 0 0 0 0 0 0 0 0 0 0 0 0 0 0 0 0 0 0 0 0 0 0 0 0 0 0 0 0 31 0 0 0 0 0 0 0 0 0 0 0 0 0 0 3 0 0 0 12 0 0 0 0 0 0 0 0 0 0 0 0 0 0 0 0 0 0 0 0 0 0 0
0 0 0 0 0 0 6582 1894 2044 8273 7116 1892 1546 3 33 0 0 0 0 0 0 0 0 0 252 65 219 496 184 61 0 314 967 178 0 0 0 7 1 0 0 0 0 0 0 0 0 0 0 0 0 0 0 0 0 0 0 0 26 30 9 0 0 0 0 0 0 0 0 0 0 0 0 0 0 0 0 0 0 0 0 0 0 0 0 0 0 0 0 0 0 0 0 0 0 0 0 0 393 0 0 0 0 0 0 0 0 0 0 0 0 0 0 9 0 0 0 25 0 0 0 0 0 0 0 0 0 0 0 0 0 0 0 0 0 0 0 0 3 0 0
0 0 0 0 0 1290 7 11 7 19 38 2 0 0 22 0 0 0 0 0 0 1273 0 0 133 34 116 262 97 32 0 166 511 892 0 0 4 4 1 0 0 0 0 0 0 0 0 0 0 0 0 0 0 0 1159 0 0 0 6 10 0 0 0 0 0 0 0 0 0 0 0 0 0 0 0 0 0 0 0 0 0 0 0 0 0 0 0 0 0 0 0 0 0 0 0 0 0 0 0 0 0 0 0 0 0 0 0 0 0 0 0 0 0 1 0 0 0 2 0 0 0 0 0 0 0 0 0 0 0 0 0 0 0 0 0 0 0 0 0 0 0
0 0 0 0 0 0 0 0 0 9 25 0 0 2 16 0 0 0 0 0 0 0 0 0 118 30 103 232 309 29 0 147 461 82 0 0 0 2 21 0 0 0 0 0 0 0 0 0 0 0 0 0 0 0 0 0 0 0 10 10 0 0 0 0 0 0 0 0 0 0 0 0 0 0 0 0 0 0 0 0 0 0 0 0 0 0 0 0 0 0 0 0 0 0 0 0 0 0 0 0 0 0 0 0 0 0 0 0 0 0 0 0 0 0 0 0 0 3 0 0 0 0 0 0 0 0 0 0 0 0 0 0 0 0 0 0 0 0 0 0 0
0 0 0 0 0 1 0 0 0 17 47 0 0 1 7 0 0 0 0 0 0 0 0 0 0 0 0 0 0 0 0 8298 263 1 0 0 31 28 535 0 3 0 0 0 0 0 0 0 0 0 0 0 0 0 1 20143 0 0 1 2 0 0 0 1 1 1 0 0 1 0 1 0 0 0 0 0 0 0 0 0 0 0 0 0 0 11 0 0 0 0 0 0 0 0 0 0 0 0 0 0 0 0 0 0 0 0 0 0 0 0 0 0 0 1 0 0 0 0 0 0 0 0 0 0 0 0 0 0 0 0 0 0 0 0 0 0 0 0 0 0 0
0 0 0 0 0 0 801 1314 986 2 6 2318 3802 239 5 0 0 0 1 0 1 783 0 0 10 3 8 19 11 3 0 0 0 0 0 1956 7 169 4 0 0 0 0 1 0 0 0 0 0 0 0 0 0 0 694 0 0 0 13 14 12 0 0 87 1 4 0 0 1 0 1 1 0 0 0 1 2 0 0 0 0 0 0 0 0 22473 0 0 0 0 0 0 0 0 0 180 0 0 103 0 0 0 0 0 0 0 0 0 0 0 0 0 0 5 0 0 0 9 0 0 0 0 0 0 0 0 0 0 0 0 0 0 0 0 0 0 0 0 0 0 0
0 0 0 0 0 0 0 0 0 0 0 0 0 0 0 0 0 0 0 0 0 0 0 0 0 0 0 0 0 0 0 0 0 0 0 0 0 34 726 0 0 0 0 0 0 0 0 0 0 0 0 0 0 0 0 0 0 0 0 0 0 0 0 0 0 0 0 0 0 0 0 0 0 0 0 0 0 0 0 0 0 0 0 0 0 0 0 0 0 0 0 0 0 0 0 0 0 0 0 0 0 0 0 0 0 0 0 0 0 0 0 0 0 0 0 0 0 0 0 0 0 0 0 0 0 0 0 0 0 0 0 0 0 0 0 0 0 0 0 0 0
0 0 0 0 0 0 0 0 0 387 1076 0 0 0 2181 0 0 0 0 0 0 0 0 0 0 26587 0 0 0 0 0 0 0 0 0 0 71 239 898 0 2 0 0 0 0 0 0 0 0 0 0 0 0 0 5 0 0 221 0 75 0 0 0 0 0 0 0 0 0 0 0 0 0 0 0 0 0 0 0 0 0 0 0 0 0 0 0 0 0 0 0 0 0 0 0 0 0 0 0 0 0 0 0 0 0 0 0 0 0 0 0 0 0 63 0 0 0 0 0 0 0 0 0 0 0 0 0 0 0 0 0 0 0 0 0 0 0 0 0 0 0
0 0 0 0 0 0 0 0 0 34 94 0 0 0 0 0 0 0 0 0 0 0 0 0 0 0 2014 0 0 0 0 0 0 0 0 0 1 3 62 0 0 0 0 0 0 0 0 0 0 0 0 0 0 0 0 0 0 0 0 2 0 0 0 0 0 0 0 0 0 0 0 0 0 0 0 0 0 0 0 0 0 0 0 0 0 0 0 0 0 0 0 0 0 0 0 0 0 0 10 0 0 0 0 0 0 0 0 0 0 0 0 0 0 1 0 0 0 4 0 0 0 0 0 0 0 0 0 0 0 0 0 0 0 0 0 0 0 0 0 0 0
0 0 0 0 0 0 0 0 0 0 0 0 0 0 0 0 0 0 0 0 0 0 0 0 0 0 0 0 0 0 0 0 0 0 0 0 0 0 2 0 0 0 0 0 0 0 0 0 0 0 0 0 0 0 0 0 0 0 3 2 0 0 0 0 0 0 0 0 0 0 0 0 0 0 0 0 0 0 0 0 0 0 0 0 0 0 0 0 0 0 0 0 0 0 0 0 0 0 0 0 0 0 0 0 0 0 0 0 0 0 0 0 0 0 0 0 0 2 0 0 0 0 0 0 0 0 0 0 0 0 0 0 0 0 0 0 0 0 0 0 0
0 0 0 0 0 0 0 0 0 0 0 0 103 0 0 0 0 0 0 0 0 0 0 0 0 0 0 0 0 0 0 0 0 0 0 0 0 0 0 0 0 0 0 0 0 0 0 0 0 0 0 0 0 0 0 0 0 0 2 1 0 0 0 0 0 0 0 0 0 0 0 0 0 0 0 0 0 0 0 0 0 0 0 0 0 0 0 0 0 0 0 0 0 0 0 0 0 0 0 0 0 0 0 0 0 0 0 0 0 0 0 0 0 0 0 0 0 0 0 0 0 0 0 0 0 0 0 0 0 0 0 0 0 0 0 0 0 0 0 0 0
0 0 0 0 0 0 1739 190 7 1496 3377 0 0 0 1564 0 0 0 0 0 0 0 0 0 0 0 0 0 0 61183 0 0 0 0 0 0 130 389 54 3 5 1 0 0 0 0 0 0 0 0 0 0 0 0 17 0 0 836 0 274 0 0 0 0 0 1 0 0 0 0 0 0 0 0 0 0 0 0 0 0 0 0 0 0 0 0 0 0 0 0 0 0 0 0 0 0 0 0 0 0 0 0 0 0 0 0 0 0 0 0 0 0 0 0 0 0 0 0 0 0 0 0 0 0 0 0 0 0 0 0 0 0 0 0 0 0 0 0 0 0 0
0 0 0 0 0 0 0 0 0 0 0 0 0 0 0 0 0 0 0 0 0 0 0 0 0 0 0 0 0 0 0 0 0 0 0 0 0 0 0 0 0 0 0 0 0 0 0 0 0 0 0 0 0 0 0 0 0 0 0 0 0 0 0 0 0 0 0 0 0 0 0 0 0 0 0 0 0 0 0 0 0 0 0 0 0 124 0 0 0 0 0 0 0 0 0 1 0 0 0 0 0 0 0 0 0 0 0 0 0 0 0 0 0 0 0 0 0 0 0 0 0 0 0 0 0 0 0 0 0 0 0 0 0 0 0 0 0 30 0 0 0
0 0 214 0 0 0 619 789 370 721 618 68 0 0 1 0 0 0 0 16 0 8 0 0 0 0 0 1 7 0 0 0 0 4 0 0 0 1 1 2227 1613 0 0 3 0 1 1 1 0 0 1 0 1 0 0 0 0 0 5 5 3 0 0 13 18 561 0 0 21 0 5 139 0 0 0 0 4 0 2 0 0 0 0 0 0 13 0 0 0 0 0 0 0 26 0 0 0 0 0 0 0 0 0 0 0 0 0 0 0 0 0 0 0 3 0 0 0 0 0 0 0 0 0 0 0 0 2 0 0 0 0 5 5 0 0 5 6 0 0 0 0
0 0 0 0 0 0 43 0 22 50 43 0 0 0 0 0 0 0 0 0 0 0 0 0 0 0 0 0 0 0 0 0 0 0 0 0 0 0 0 0 0 0 0 0 0 0 0 0 0 0 0 0 0 0 0 0 0 0 15 14 14 0 0 0 0 0 0 0 0 0 0 0 0 0 0 0 0 0 0 0 0 0 0 0 0 0 0 0 0 0 0 0 0 0 0 0 0 0 0 0 0 0 0 0 0 0 0 0 0 0 0 0 0 1 0 0 0 3 0 0 0 0 0 0 0 0 0 0 0 0 0 0 0 0 0 0 0 0 0 0 0
0 0 0 0 0 0 0 0 0 0 0 0 0 0 0 0 0 0 0 0 0 0 0 0 0 0 0 0 0 0 0 0 0 0 0 0 0 0 0 0 0 0 0 0 0 0 0 0 0 0 0 0 0 0 0 0 0 0 0 0 0 0 0 0 0 0 0 0 0 0 0 0 0 0 0 0 0 0 0 0 0 0 0 0 0 0 0 0 0 0 0 0 0 0 0 0 0 0 0 0 0 0 0 0 0 0 0 0 0 0 0 0 0 0 0 0 0 0 0 0 0 0 0 0 0 0 0 0 0 0 0 0 0 0 0 0 0 0 0 0 0
5 12 902 2173 4342 32 38 1 17 52 54 11 15987 194 19 96446 0 26964 159 3616 159 34 53 89562 173 37 58 34 1591 157 55 843 17 318 36 0 189 5 38 419 299 112 90 0 53582 53628 53530 53411 53423 53565 53469 53544 53628 0 0 123 48 8442 9100 8916 9112 5114 329 2590 52 1032 138 251 655 114 237 118 42277 0 40 0 48 0 1631 28341 0 1 0 0 845 0 0 0 0 0 0 77521 0 34 0 1 3 0 0 422 0 0 0 0 43 0 842 0 0 0 0 0 0 684 0 0 1 37 0 0 0 25 0 0 0 7 10 0 52 17 7 672 431 228 0 504 547 0 24 17 479
0 0 0 1 0 357 0 0 0 26 72 0 0 356 77 0 0 0 0 1235 0 355 327 0 307 0 190 216 1159 377 301 616 440 325 350 272 99 18 107 82 852 19 7 0 1 0 2 5 0 0 3 0 0 0 222 229 0 0 0 8 0 3157 1350 948 1247 1058 1100 881 12 5 9 63 7 0 0 0 56 11 120 1756 0 74533 0 0 0 1 0 0 0 137 139 10355 0 14 8 29 20 0 0 0 0 0 0 0 0 0 0 0 0 0 0 0 0 14 0 0 1 5 131 132 106 131 90 102 116 101 99 89 90 111 109 106 102 9 125 79 67 0 88 12 0
0 0 0 0 0 0 0 0 0 0 0 0 0 0 0 0 0 0 0 0 0 0 0 0 0 0 0 0 0 0 0 0 0 0 0 0 0 0 0 0 0 0 0 0 0 0 0 0 0 0 0 0 0 0 0 0 0 0 0 0 0 0 0 0 0 0 0 0 0 0 0 0 0 0 0 0 0 0 0 0 0 0 0 0 0 0 0 0 0 0 0 0 0 0 0 0 0 0 0 0 0 0 0 0 0 0 0 0 0 0 0 0 0 0 0 0 0 0 0 0 0 0 0 0 0 0 0 0 0 0 0 0 0 0 0 0 0 0 0 0 0
0 0 0 0 0 0 0 0 0 0 0 0 0 0 0 0 0 0 1 0 0 0 0 0 0 0 0 0 0 0 0 0 0 0 0 0 0 0 0 0 0 0 0 0 0 0 0 0 0 0 0 0 0 0 0 0 0 0 0 0 0 0 0 0 0 0 0 0 0 0 0 0 0 0 0 0 0 0 0 0 0 0 0 0 0 0 0 0 0 0 0 0 0 0 0 0 0 0 0 0 0 0 0 0 0 0 0 0 0 0 0 0 0 0 0 0 0 0 0 0 0 0 0 0 0 0 0 0 0 0 0 0 0 0 0 0 0 0 0 0 0
0 0 0 0 0 0 0 0 0 0 0 0 0 4 0 0 0 0 1 0 0 0 0 0 0 0 0 0 0 0 0 0 0 0 0 0 0 0 0 0 0 0 0 0 0 0 0 0 0 0 0 0 0 0 0 0 0 0 2 2 1 0 0 0 0 0 0 0 0 0 0 0 0 0 0 0 0 0 0 0 0 0 0 0 0 0 0 0 0 0 0 0 0 0 0 0 0 0 0 0 0 0 0 0 0 0 0 0 0 0 0 0 0 0 0 0 0 0 0 0 0 0 0 0 0 0 0 0 0 0 0 0 0 0 0 0 0 0 0 0 0
13 11 0 16 17 0 7 9 4 9 8 3 0 0 0 0 0 0 1 17 1 0 0 0 2 1 0 0 196 1 0 0 0 0 0 0 0 0 0 0 0 0 0 43 0 1 2 3 0 0 2 0 1 0 0 0 0 0 0 0 0 0 0 12 16 274 878 0 37 0 37 0 18 0 0 0 16 0 0 0 0 0 0 0 3 3 0 288 0 3 0 0 0 143 0 1 0 0 0 0 0 0 0 0 0 0 0 0 0 0 0 0 0 1 0 0 0 0 0 0 0 0 0 0 0 0 0 0 0 0 0 0 0 0 0 12 13 0 0 0 0
0 0 0 1 0 17 0 0 0 1 4 0 0 512 1 0 0 0 8 2567 8 18 0 0 0 7 2 9 1638 6 0 816 0 35 0 0 8 3 1 89 199 0 0 33 3 3 5 9 1 0 7 3 3 0 54 2 209 8 32 31 32 0 2013 1810 2687 2315 86 700 477 647 412 162 308 51 0 0 39 76 90 0 118 20 0 4 21 34 0 4 4 24 0 0 0 0 0 1 0 0 0 0 0 0 0 0 0 0 0 0 0 0 0 0 0 4 0 6 11 3 0 0 0 0 0 0 0 0 0 0 0 0 0 1 1 185 0 152 167 0 0 0 0
385 314 156 474 451 282 217 272 130 260 235 100 0 71 22 0 0 0 9 122 9 279 11 0 41 79 31 62 33 48 0 105 125 201 434 0 8 5 4 28 2 0 5 1 0 0 1 1 0 0 0 0 0 0 257 31 0 24 56 0 48 8 273 89 173 8 268 0 31 1 32 0 15 3 9 0 103 15 23 0 23 4 0 0 0 7 0 0 0 0 7 0 0 1 1 168 0 0 14 0 0 0 0 0 0 0 0 0 0 0 0 0 0 4 0 0 8 11 0 0 0 0 0 0 0 0 0 0 0 0 0 0 0 0 0 10 11 0 0 0 0
0 0 0 0 0 0 0 0 0 22 61 0 0 8 424 0 0 0 0 0 0 0 153 0 0 0 32 336 0 0 47 8 0 0 0 0 0 6 14 0 0 0 0 0 0 0 0 0 0 0 0 0 0 0 0 0 0 0 0 10 0 0 0 32 0 0 0 0 0 0 0 0 0 0 0 0 0 0 0 0 0 0 0 0 0 0 0 0 0 0 0 0 0 0 0 0 0 0 192 0 0 1 0 0 0 0 0 0 0 0 0 0 0 0 0 0 0 3 0 0 0 5 0 0 0 5 8 0 5 6 0 10 10 0 0 0 0 31 0 6 0
0 0 0 0 0 0 0 0 0 59 166 0 0 16 1246 0 0 2859 0 0 0 0 0 0 384 0 201 508 145 34 3 278 0 150 495 0 10 28 79 0 0 0 0 0 0 0 0 0 0 0 0 0 0 0 0 0 0 0 0 17 0 0 0 0 0 0 0 0 0 0 0 0 0 0 0 0 0 0 12 3281 0 0 0 0 0 0 0 0 0 1 0 0 0 0 0 0 0 0 860 3805 0 3 0 0 0 0 0 0 0 0 0 0 0 5 0 0 9 31 0 0 0 4364 0 0 0 14 20 0 13 19 7 26 25 0 6022 20 17 88 0 17 0
0 0 0 0 0 0 0 0 0 13 37 0 0 5 180 0 0 0 0 0 0 0 0 0 0 0 0 184 0 0 0 0 0 0 0 0 3 4 5 0 0 0 0 0 0 0 0 0 0 0 0 0 0 0 0 0 0 0 0 6 0 0 0 0 0 0 0 0 0 0 0 0 0 0 0 0 0 0 0 0 0 0 0 0 0 0 0 0 0 1 0 0 0 0 0 0 0 0 133 0 0 0 0 0 0 0 0 0 0 0 0 0 0 7 0 0 0 5 0 0 0 0 0 65 0 1 0 0 0 0 0 3 0 0 0 0 0 6 0 1 0
0 0 0 0 0 0 0 0 0 1 5 0 0 0 18 0 0 0 0 0 0 0 0 0 0 0 0 0 0 0 2 0 0 0 0 0 0 0 3 0 0 0 0 0 0 0 0 0 0 0 0 0 0 0 0 0 0 0 0 1 0 0 0 0 0 0 0 0 0 0 0 0 0 0 0 0 0 0 0 0 0 0 0 0 0 0 0 0 0 0 0 0 0 0 0 0 0 0 0 0 0 0 0 0 0 0 0 0 0 0 0 0 0 0 0 0 0 0 0 0 0 0 0 0 0 0 0 0 0 0 0 0 0 0 0 0 0 0 0 0 0
0 0 0 0 0 0 508 555 305 616 560 219 0 0 176 0 0 0 4 1 4 0 0 0 67 0 78 334 0 0 1023 85 48 26 0 0 77 19 148 0 0 0 0 0 0 0 0 0 0 0 0 0 0 0 0 0 0 0 47 52 46 0 0 0 0 0 0 0 1 0 0 0 0 0 0 9 0 0 0 0 0 0 0 0 0 0 0 0 0 0 0 0 0 0 0 357 0 0 0 0 0 1 0 0 0 0 0 0 0 0 0 0 0 0 0 0 0 0 0 0 0 0 0 0 0 0 3 0 0 0 0 3 3 0 0 0 0 0 0 0 0
0 0 0 0 0 0 1048 3504 9220 962 1090 0 0 35 1250 0 0 0 0 0 0 0 0 0 244 0 72 214 38 0 1684 0 37 44 1030 0 14 48 199 0 0 0 0 0 0 0 0 0 0 0 0 0 0 0 0 0 0 45 0 38 0 0 0 0 0 0 0 0 0 0 0 0 0 0 0 0 0 0 8 0 0 0 0 0 0 0 0 0 0 3 0 0 0 0 0 0 0 5 311 0 0 4 0 0 0 0 0 0 0 0 0 0 0 20 0 0 13 37 0 0 0 37 3 3 0 20 25 0 20 32 26 34 33 3 23 26 22 147 9 27 0
0 0 0 0 0 0 0 0 0 1 3 0 0 0 11 0 0 0 0 0 0 0 0 0 0 0 8 0 0 0 0 0 0 7 0 0 0 0 161 0 0 0 0 0 0 0 0 0 0 0 0 0 0 0 0 0 0 0 0 1 0 0 0 0 0 0 0 0 0 0 0 0 0 0 0 0 0 0 0 0 0 0 0 0 0 0 0 0 0 0 0 0 0 0 0 0 0 0 0 0 0 0 0 0 0 0 0 0 0 0 0 0 0 0 0 0 0 0 0 0 0 0 0 0 0 0 0 0 0 0 0 0 0 0 0 0 0 0 0 0 0
0 0 0 0 0 1312 575 629 345 706 651 248 0 0 257 0 0 0 0 0 0 1305 0 0 0 0 33 338 0 136 72 0 0 785 0 0 0 7 15 0 0 0 0 0 0 0 0 0 0 0 0 0 0 0 1151 217 0 0 0 9 0 0 0 0 0 0 0 0 0 0 0 0 0 0 0 0 0 0 0 0 0 0 0 0 0 0 0 0 0 0 0 0 0 0 0 0 0 0 94 0 0 1 0 0 0 0 0 0 0 0 0 0 0 0 0 0 0 0 0 0 0 0 0 0 0 0 4 0 0 0 0 4 4 0 0 0 0 0 0 0 0
0 0 0 0 0 1918 1430 19732 8117 105 299 3110 3975 23 2035 0 0 0 44 9 44 1938 12730 0 7824 237 570 1581 0 0 141 328 0 1330 0 287 1112 186 442 0 0 0 0 1 0 4 4 4 0 0 4 0 4 0 1727 0 0 307 513 561 514 0 0 2597 29 28 0 0 21 0 30 28 0 0 0 216 70 0 0 0 105 9 59 37 12 13 0 41 38 127 0 0 0 6 0 3948 0 0 1837 0 0 6 0 0 0 0 0 0 0 0 0 0 0 131 0 0 17 69 0 0 0 59 8 10 7 31 38 0 31 50 43 51 49 5 41 40 34 199 0 38 0
0 0 0 0 0 882 634 671 446 774 692 258 0 0 402 0 0 0 13 3 13 1382 0 0 65 0 39 248 0 0 0 0 0 0 0 48 0 0 105 0 0 0 0 1 0 1 2 2 0 0 2 0 1 0 1226 0 0 0 160 164 160 0 0 5 0 3 0 0 6 0 7 2 0 0 0 48 10 0 0 0 0 0 19 0 3 2 0 0 0 29 0 0 0 0 0 1071 0 0 551 0 0 2 0 0 0 0 0 0 0 0 0 0 0 0 0 0 0 0 0 0 0 2 0 0 0 5 10 0 5 5 0 13 13 0 0 11 9 0 0 0 0
0 0 0 4 0 2424 1108 1156 843 1475 1543 442 0 22 2308 0 0 0 54 11 54 2400 17182 0 9514 0 93 2239 62 0 67 309 3773 1413 0 321 1373 234 540 0 117 41 0 0 0 5 5 5 0 0 5 0 5 0 2169 0 0 696 621 688 622 0 0 3508 36 35 0 0 26 0 36 37 5 0 0 266 96 0 0 0 122 9 71 26 15 14 0 26 18 164 0 0 0 6 0 4866 0 0 2276 0 0 7 0 0 0 0 0 0 0 0 0 0 0 137 0 0 9 79 0 0 0 72 8 9 3 37 47 0 38 61 51 64 61 6 47 49 42 0 0 18 0
0 0 0 7 0 0 0 0 0 1 3 3 0 54 5 0 3 0 91 51 91 33 2 1 9 10 4 8 33 8 20 26 0 0 0 0 6 10 7 0 0 0 0 0 3 3 3 4 1 0 3 3 3 0 30 3 0 37 41 41 41 0 191 338 59 38 59 1 4 1 2 1 1 0 21 28 98 5 103 0 92 6 0 0 9 7 0 69 70 131 71 0 0 0 7 4 11 0 0 309 0 2 0 0 0 0 0 0 0 0 0 86 0 69 0 0 0 0 305 199 46 290 111 130 168 134 151 143 136 235 246 207 197 0 274 156 132 292 0 58 0
0 17129 0 0 0 0 0 0 0 1 3 0 0 127 23 0 0 0 32 30 32 5 0 0 12 0 0 46 0 0 0 18 0 488 0 0 0 6526 116 5817 513 238 0 3 0 0 0 1 0 0 1 0 0 386 0 0 30 0 7 14 6 0 253 37 35 107 0 20 168 84 173 89 34 0 0 16 536 612 0 0 7 0 5 0 1 1 0 0 0 0 0 0 0 66 0 162 0 0 0 4939 0 55 0 0 0 0 0 0 0 0 0 0 0 0 0 4 0 35 0 0 0 0 0 0 0 3 13 0 0 0 0 0 1 13 0 38 39 0 37 217 0
0 0 0 0 0 0 0 0 0 1 1 0 0 0 0 0 0 0 3 5 3 2 0 0 0 0 0 0 0 0 0 0 0 46 0 0 0 0 9 0 0 0 0 12 0 0 0 0 0 0 0 0 0 0 0 0 0 0 2 2 2 0 0 0 3 2 0 0 1 0 3 0 0 0 0 0 0 0 0 0 0 0 1 0 0 0 0 0 0 0 0 0 0 0 0 0 0 0 0 0 0 0 0 0 0 0 0 0 0 0 0 0 0 6 0 0 0 0 0 0 24 31 19 20 17 32 34 2 26 29 22 32 32 2 24 26 21 0 0 78 0
0 0 0 0 0 0 0 0 0 0 1 0 0 0 0 0 0 0 2 2 2 0 0 0 0 0 0 0 0 0 0 0 0 0 0 0 0 0 0 0 0 0 0 2 0 0 0 0 0 0 0 0 0 0 0 0 0 0 0 0 0 0 0 1 0 1 0 0 0 0 0 0 0 0 0 0 2 0 0 0 0 0 0 0 0 0 0 0 0 0 0 0 0 1 0 0 0 0 0 0 0 0 0 0 0 0 0 0 0 0 0 0 0 1 0 0 0 0 0 0 0 0 0 0 0 0 0 0 0 0 0 0 0 0 0 0 0 0 0 0 0
3 1 2 13 6 72 3 3 2 7 12 0 0 0 6 0 0 0 77 709 77 60 0 0 23 25 8 20 91 18 28 92 83 89 113 35 0 137 12 0 4223 4 19 4 0 0 1 1 0 0 1 0 0 0 43 7 100 0 23 24 21 0 0 487 203 1703 0 0 340 96 244 461 44 0 0 3 960 751 654 0 0 0 0 0 0 20802 0 0 0 0 0 263 0 3326 0 11 0 0 0 135 0 0 0 0 0 0 0 0 0 0 0 0 0 1 0 0 0 4 255 235 151 234 143 164 194 164 166 160 144 184 189 188 180 109 225 238 227 0 62 26 0
0 0 0 1 0 61 0 0 0 3 12 0 0 0 10 0 0 0 14 4 14 65 0 0 55 47 40 51745 61 24 60 72 25 54 0 1014 0 5 9 0 0 81876 0 0 0 0 0 0 0 0 0 0 0 0 68 27 0 0 178 69 61 0 0 50 0 0 0 0 606 0 520 22817 163 0 0 0 0 0 7 0 0 0 0 0 0 0 0 0 0 0 0 0 0 0 0 21210 0 0 0 0 0 368 0 0 0 0 0 0 0 0 0 34 0 0 0 0 0 0 0 0 0 0 0 0 0 0 0 0 0 0 0 0 0 0 0 172 188 0 0 0 0
4 3 2 6 4 105 2 2 1 9 19 0 0 16 15 0 0 0 11 211 11 104 0 0 71 66 56 1302 61 33 85 129 137 87 0 239 0 31 15 0 0 0 0 3 0 0 0 0 0 0 0 0 0 0 92 38 83 0 44 43 41 0 70 163 122 31 16 58 130 0 124 579 19 0 0 117 66 9 1 0 0 0 2 0 0 0 0 0 0 0 0 0 0 0 11 576 0 0 0 0 0 5 0 0 0 0 0 0 0 0 0 0 0 0 0 9 16 11 27 27 31 38 25 28 31 32 32 21 27 31 30 31 31 75 35 66 66 0 0 18 0
12 10 5 19 18 206 8 9 5 14 22 5 0 25 31 0 0 0 41 85 41 205 6 0 31 66 19 157 46 38 11 58 48 150 216 343 1 67 6 0 470 632 0 51 0 0 0 0 0 0 0 0 0 1554 195 27 1 153 204 222 204 0 0 82 42 150 0 0 4 0 0 62 0 0 0 565 111 98 0 0 275 18 122 113 28 22 0 125 107 40 0 0 17 0 61 54 0 0 38 0 0 8 0 0 0 0 0 75 24 0 0 0 0 0 0 50 231 0 299 302 216 261 184 208 243 195 191 196 168 201 206 195 188 21 253 149 126 280 77 129 0
0 0 0 0 0 0 0 0 0 0 0 0 0 0 0 0 0 0 0 0 0 0 0 0 0 0 0 0 0 0 0 0 0 0 0 0 0 0 0 0 0 0 0 0 0 0 0 0 0 0 0 0 0 0 0 0 0 0 0 0 0 0 0 0 0 0 0 0 0 0 0 0 0 0 0 0 0 0 0 0 0 0 0 0 0 0 0 0 0 0 0 0 0 0 0 0 0 0 0 0 0 0 0 0 0 0 0 0 0 0 0 0 0 0 0 0 0 0 0 0 0 0 0 0 0 0 0 0 0 0 0 0 0 0 0 0 0 0 0 0 0
311 324 40 597 302 1945 2220 72 22 40 41 6353 27 102 640 0 0 0 6 2 6 1926 0 298 111 9 1 4 5 2 1 3 5 1204 5 0 9 7 44 10 8 4 4 8 0 1999 1995 1991 0 359 1950 1992 1229 0 1749 2 0 0 0 3 0 11 23 2 4 5 25 3 2 3 1 2 1 23 5 18 117 3 13 0 61 2 51 30 37 4 48 32 29 65 151 0 5 40 114 48 0 0 0 89 825 0 0 0 0 64 113 0 0 0 0 22 0 5 0 81 11 3 308 271 66 42 118 132 165 3 9 0 413 785 625 428 228 22 278 85 81 18 35 62 0
0 0 0 0 0 0 0 0 0 0 0 0 0 0 0 0 0 0 0 0 0 0 0 0 0 0 0 0 0 0 0 0 0 0 0 0 0 0 0 0 0 0 0 0 0 0 0 0 0 0 0 0 0 0 0 0 0 0 0 0 0 0 0 0 0 0 0 0 0 0 0 0 0 0 0 0 0 0 0 0 0 0 0 0 0 0 0 0 0 0 0 0 0 0 0 0 0 0 0 0 0 0 0 0 0 0 0 0 0 0 0 0 0 0 0 0 0 0 0 0 0 0 0 0 0 0 0 0 0 0 0 0 0 0 0 0 0 0 0 0 0
0 0 0 0 0 0 0 0 0 0 0 0 0 0 0 0 0 0 0 0 0 0 0 0 0 0 0 0 0 0 0 0 0 0 0 0 0 0 0 0 0 0 0 0 0 0 0 0 0 0 0 0 0 0 0 0 0 0 0 0 0 0 0 0 0 0 0 0 0 0 0 0 0 0 0 0 0 0 0 0 0 0 0 0 0 0 0 0 0 0 0 0 0 0 0 0 0 0 0 0 0 0 0 0 0 0 0 0 0 0 0 0 0 0 0 0 0 0 0 0 0 0 0 0 0 0 0 0 0 0 0 0 0 0 0 0 0 0 0 0 0
0 0 0 0 0 0 0 0 0 0 0 0 0 0 0 0 0 0 0 0 0 0 0 0 0 0 0 0 0 0 0 0 0 0 0 0 0 0 0 0 0 0 0 0 0 0 0 0 0 0 0 0 0 0 0 0 0 0 0 0 0 0 0 0 0 0 0 0 0 0 0 0 0 0 0 0 0 0 0 0 0 0 0 0 0 0 0 0 0 0 0 0 0 0 0 0 0 0 0 0 0 0 0 0 0 0 0 0 0 0 0 0 0 0 0 0 0 0 0 0 0 0 0 0 0 0 0 0 0 0 0 0 0 0 0 0 0 0 0 0 0
3999 4162 515 7664 3875 26 412 920 278 468 405 224 345 1121 2901 0 0 49 9 499 9 24 0 398 556 50 4 6 145 71 3 77 28 121 47 0 5 5 34 44 25 12 7 2 669 2667 2664 2657 0 1026 2619 2661 1898 0 25 7 0 3282 3786 3703 3791 18 61 356 59 125 155 53 34 29 51 18 12 25 12 57 29 5 23 48 0 0 0 0 2393 0 0 0 0 0 0 208 14 266 80 11 0 0 0 3290 234 0 1213 2761 0 30 0 0 0 0 0 7 0 117 0 11 5 1 54 48 18 28 23 26 31 6 14 0 178 214 187 147 103 8 129 36 32 0 1 22 0
35 36 4 66 34 188 4 8 2 11 22 2 3 29 28 0 0 6 1 105 1 184 15 244 29 246 19 35 31 58 18 79 68 130 152 7 7 5 15 63 2 3 0 0 0 1639 1638 1642 0 0 1598 1637 870 0 169 48 0 0 49 50 49 5 68 78 126 22 63 13 1 1 1 1 0 5 1 2 4 1 3 6 0 0 0 0 37198 0 0 0 0 0 0 447 0 0 0 0 0 0 941 0 0 0 0 0 0 0 0 0 0 0 0 0 0 3 0 0 0 0 0 0 0 0 0 0 0 0 0 0 0 0 0 1 1 0 0 0 0 0 0 0 0
0 0 0 0 0 0 0 0 0 0 0 0 0 0 0 0 0 0 0 0 0 0 0 5 0 0 0 0 0 0 0 0 0 0 0 0 0 0 0 0 0 0 0 0 0 42 42 42 0 0 0 39 0 0 0 0 0 0 0 0 0 0 0 0 0 0 0 0 0 0 0 0 0 0 0 0 0 0 0 0 0 0 0 0 0 0 0 0 0 0 0 0 0 0 0 0 0 0 0 0 0 0 0 0 0 0 0 0 0 0 0 0 0 0 0 0 0 0 0 0 0 0 0 0 0 0 0 0 0 0 0 0 0 0 0 0 0 0 0 0 0
75 78 10 144 72 22 8 17 5 10 10 4 0 22 7 0 0 1 3 193 3 20 0 1470 4 29 2 4 4 7 2 9 4 15 13 0 0 1 2 2 49 1 2 0 0 4 4 4 0 0 0 0 0 0 20 6 0 0 1 1 0 5 64 136 12 18 0 14 1 0 0 4 0 20 1 7 2 0 1 2 0 0 0 0 0 0 0 0 0 0 0 0 0 4 2 0 0 0 0 0 0 0 0 0 0 0 0 0 0 0 0 0 0 1 0 0 0 0 0 0 0 0 0 0 0 2 3 0 2 1 0 3 3 0 0 0 2 0 0 3 0
0 0 0 0 0 0 0 0 0 0 0 0 0 0 0 0 0 0 0 0 0 0 0 115 0 0 0 0 0 0 0 0 0 0 0 0 0 0 0 0 0 0 0 0 0 770 769 767 0 0 725 765 0 0 0 0 0 0 0 0 0 0 0 0 0 0 0 0 0 0 0 0 0 0 0 0 0 0 0 0 0 0 0 0 12 0 0 0 0 0 0 0 0 0 0 0 0 0 0 0 0 0 0 0 0 0 0 0 0 0 0 0 0 0 0 0 0 0 0 0 0 0 0 0 0 0 0 0 0 0 0 0 0 0 0 0 0 0 0 0 0
0 0 0 0 0 0 0 0 0 0 0 0 0 0 0 0 0 0 0 0 0 0 0 0 0 0 0 0 0 0 0 0 0 0 0 0 0 0 0 0 0 0 0 0 0 0 0 0 0 0 0 0 0 0 0 0 0 0 0 0 0 0 0 0 0 0 0 0 0 0 0 0 0 0 0 0 0 0 0 0 0 0 0 0 0 0 0 0 0 0 0 0 0 0 0 0 0 0 0 0 0 0 0 0 0 0 0 0 0 0 0 0 0 0 0 0 0 0 0 0 0 0 0 0 0 0 0 0 0 0 0 0 0 0 0 0 0 0 0 0 0
0 0 0 3 0 0 0 0 0 2 7 0 0 16 2 0 83 0 36 65 36 12 0 0 16 11 8 19 54 7 0 0 0 0 0 0 345 53 392 0 0 0 0 7 0 0 0 0 0 0 0 0 0 0 0 3 0 0 145 142 144 0 0 49 71 55 86 157 347 0 0 0 0 0 0 508 798 0 0 0 0 0 0 0 0 0 0 0 0 0 0 0 0 0 0 1 0 0 0 0 0 15 0 0 0 0 0 0 0 0 0 0 0 12 0 0 0 1 0 0 0 0 0 0 0 0 0 0 0 0 0 0 0 0 0 110 121 0 0 61 0
573 332 45 999 0 3 17 11 8 20 17 5 9 0 0 0 0 0 0 0 0 3 0 0 2 2 1 3 1 1 0 0 5 3 2 0 0 0 0 0 0 0 0 0 0 0 0 0 0 0 0 0 0 0 0 0 0 0 4 4 3 0 0 0 0 0 0 0 0 0 0 0 0 0 0 0 0 0 0 14 0 0 0 0 0 0 0 0 0 0 0 0 0 0 0 0 0 0 0 0 0 3 0 0 0 0 0 0 0 0 0 0 0 0 0 0 0 0 0 0 0 0 0 0 0 0 0 0 0 0 0 0 0 0 0 0 0 0 0 2 0
3370 1953 264 5879 7670 6 98 65 44 118 101 38 53 0 2 0 0 30 0 0 0 6 0 0 4 4 3 6 3 2 0 5 12 6 4 0 0 0 0 0 0 0 0 1 0 0 0 0 0 0 0 0 0 0 5 1 0 0 6 5 5 0 0 0 0 0 2 0 0 0 0 0 0 0 0 0 0 0 0 0 0 0 0 0 0 0 0 0 0 0 0 0 0 0 0 0 0 0 0 0 0 3 0 0 0 0 0 0 0 0 0 0 0 0 0 0 0 0 0 0 0 0 0 0 0 0 0 0 0 0 0 0 0 0 0 0 0 0 1 7 0
571 308 29 1037 1352 154 17 0 1 28 44 0 9 60 10 0 0 10 78 137 76 168 0 0 92 57 63 170 214 0 0 161 0 52 0 0 2110 159 29 279 487 34 0 424 233 240 240 240 0 189 240 239 240 3188 28 53 22 0 1049 1031 1050 573 176 111 139 175 461 87 117 0 180 63 39 0 0 878 344 214 29 0 0 0 2 0 4 0 0 0 0 0 0 0 0 41 18 0 0 0 0 0 0 1 0 0 0 0 0 0 0 0 0 0 0 352 0 0 0 0 0 0 4 9 8 9 7 5 8 0 10 30 32 25 20 26 8 40 40 0 0 250 0
0 0 0 0 0 0 0 0 0 0 0 0 0 0 0 0 0 0 0 0 0 0 0 0 0 0 0 0 0 0 0 0 0 0 0 0 0 0 0 0 0 0 0 0 0 0 0 0 0 0 0 0 0 0 0 0 0 0 0 0 0 0 0 0 0 0 0 0 0 0 0 0 0 0 0 0 0 0 0 0 0 0 0 0 0 0 0 0 0 0 0 0 0 0 0 0 0 0 0 0 0 0 0 0 0 0 0 0 0 0 0 0 0 0 0 0 0 0 0 0 0 0 0 0 0 0 0 0 0 0 0 0 0 0 0 0 0 0 0 0 0
0 0 0 0 0 0 0 0 0 0 0 0 0 0 0 0 0 0 0 1 0 0 0 501 0 0 0 0 0 0 0 0 0 0 0 0 0 0 0 0 0 0 0 0 0 0 0 0 0 0 0 0 0 0 0 0 0 0 0 0 0 0 0 0 0 0 0 0 0 0 0 0 0 0 0 0 0 0 0 0 0 0 0 0 0 0 0 0 0 0 0 0 0 0 0 1 0 0 0 0 0 6 0 0 0 0 0 0 0 0 0 0 0 0 0 0 0 0 0 0 0 0 0 0 0 0 0 0 0 0 0 1 0 0 0 0 0 0 0 0 0
3 0 0 99 237 0 10 1 3 11 10 1 133 0 0 8 0 0 0 3 0 12 0 0 0 0 0 0 0 0 1 0 0 0 0 0 0 0 3 0 0 0 0 40936 0 0 0 0 0 0 0 0 0 0 0 0 0 0 0 0 0 0 0 3 0 1 0 0 0 0 0 0 0 0 0 0 1 0 0 0 7 6 363 0 3 82 0 0 0 0 0 247 0 0 0 1 0 0 0 0 0 29 0 0 0 0 0 0 0 0 0 0 0 0 0 0 0 0 0 0 0 0 0 0 0 0 0 0 0 0 0 43 17 14 0 10 9 0 0 0 0
210 170 80 284 273 932 102 157 62 149 233 63 56 215 271 0 0 0 412 150 412 950 22 0 236 1847 130 355 625 305 84 365 530 831 674 85 148 966 114 358 711 138 182 27 0 0 1 2 0 0 2 0 0 4170 924 330 301 0 484 486 484 0 238 147 0 367 243 499 727 775 674 312 338 0 0 2164 2448 1495 137 0 94 9 24 0 16 24 0 17 0 0 1 0 0 1058 1950 50 0 0 0 0 0 191 0 8 0 0 0 0 0 0 0 0 28 100 0 110 61 101 116 118 114 143 95 107 119 115 114 85 98 124 119 118 116 281 131 322 331 106 128 35 0
32 26 13 57 43 181 19 22 12 29 37 15 0 1709 40 0 0 0 209 9 193 182 0 0 47 92 17 33 134 62 0 59 190 190 186 0 0 408 10 2507 953 0 84 1 0 1 2 7 0 0 6 0 1 0 68 27 8 0 86 86 85 0 0 20 37 327 0 0 38 0 35 83 0 0 0 351 1350 1903 140 0 0 0 0 0 0 0 0 0 0 0 0 0 0 33 0 0 0 0 0 0 0 0 0 0 0 0 0 0 0 0 0 0 0 0 0 0 0 0 0 0 0 0 0 0 0 5 1 0 2 5 0 1 1 5 0 8 9 0 0 0 0
0 0 0 1 0 0 0 0 0 0 0 0 0 0 0 0 0 0 7 590 6 0 0 0 0 0 0 0 5 0 0 1 0 0 0 0 0 0 0 0 0 0 0 6 0 0 0 0 0 0 0 0 0 0 0 0 0 0 0 0 0 0 0 0 0 5 0 0 0 0 0 0 0 0 0 294 36 6 0 0 0 0 0 0 0 0 0 0 0 0 0 0 0 280 0 0 0 0 0 0 0 0 0 0 0 0 0 0 0 0 0 0 0 0 0 0 0 4 0 0 0 0 0 0 0 6 8 0 4 3 0 6 0 0 0 0 0 0 0 0 0
0 0 0 4 0 0 0 0 0 0 0 1 0 0 0 0 0 0 45 420 44 0 0 0 8 2 0 0 336 3 0 1064 0 9 0 0 0 0 3 0 87 0 0 0 0 0 2 4 0 0 2 0 0 0 0 0 1 0 0 0 0 1593 0 297 0 70 0 0 0 0 4 0 0 0 0 4 9 3 62 0 0 0 0 0 0 0 0 0 0 0 0 0 0 1591 0 0 0 0 0 0 0 0 0 0 0 0 0 0 0 0 0 0 0 0 0 0 0 0 0 0 0 0 0 0 0 0 0 0 0 0 0 0 0 0 0 0 0 0 0 0 0
0 0 0 0 0 0 0 0 0 0 0 0 0 0 0 0 0 0 2 0 2 0 0 0 2 0 0 0 1264 1 0 14 0 0 0 0 0 0 0 0 6 0 0 0 0 0 1 2 0 0 1 0 0 0 0 0 0 0 0 0 0 0 0 0 0 0 0 0 0 0 0 0 0 0 0 0 0 0 1 0 0 0 0 0 0 0 0 0 0 0 0 0 0 1690 0 0 0 0 0 0 0 123 0 0 0 0 0 0 0 0 0 0 0 0 0 0 0 0 0 0 0 0 0 0 0 0 0 0 0 0 0 0 0 0 0 0 0 0 0 0 0
38 31 16 76 52 34 23 26 14 30 30 20 0 149 8 0 0 0 336 1095 332 0 0 0 23 24 4 7 420 21 0 1049 10 60 20 0 199 40 9 71 211 0 120 210 0 9 12 16 0 0 13 2 9 0 0 2 0 0 6 7 6 0 484 794 3317 582 0 0 6 1567 8 16 0 0 0 84 300 207 0 46 0 0 8 0 0 0 0 0 0 16 0 0 0 449 0 0 0 0 0 0 0 0 0 0 0 0 0 0 0 0 0 0 0 0 0 0 0 0 0 116 101 112 86 95 107 99 98 82 82 102 100 99 96 0 117 79 67 0 0 0 0
4 4 2 37 6 18 3 3 2 19 47 13 0 6 2 0 0 0 381 52 381 18 0 0 35 18 2 18 411 22 0 42 95 88 25 0 0 207 1 518 191 0 201 51 0 0 0 1 0 0 0 0 0 1265 0 2 413 0 4 4 3 0 15 57 50 228 56 0 1021 587 975 132 0 0 0 648 4548 1244 0 0 0 0 0 0 0 0 0 0 0 0 0 0 0 0 16 0 0 0 0 0 0 0 0 0 0 0 0 0 0 0 0 0 0 26 0 0 0 0 0 0 0 0 0 0 0 0 1 0 0 9 0 7 7 364 0 333 365 0 0 0 0
0 0 0 0 0 0 0 0 0 0 0 0 0 0 0 0 0 0 5 30 5 0 0 0 0 0 0 0 0 0 0 6 0 0 0 0 0 0 0 0 0 0 0 3 0 0 0 0 0 0 0 0 0 0 0 0 0 0 3 2 2 0 0 21 16 1 0 0 0 0 2 0 0 0 0 0 5 0 0 0 0 0 0 0 0 0 0 0 0 0 0 0 0 0 0 0 0 0 0 0 0 0 0 0 0 0 0 0 0 0 0 0 0 0 0 0 0 0 0 0 0 0 0 0 0 0 0 0 0 0 0 0 0 0 0 1952 2140 0 0 0 0
1 1 0 26 1 25 1 1 0 8 21 10 0 36 3 0 0 0 304 76 304 25 0 0 41 22 3 43 86 41 1 104 42 96 25 0 0 95 1 0 135 98 159 3 0 0 1 0 0 0 1 0 0 0 55 3 0 487 1476 1444 1477 0 136 69 222 47 0 0 380 0 387 30 184 0 0 470 1884 580 0 0 0 0 0 0 0 0 0 0 0 0 0 0 0 0 4 0 0 0 0 0 0 0 0 0 0 0 0 0 0 0 0 0 0 60 0 0 0 0 0 0 0 0 0 0 0 2 1 0 0 8 0 7 8 0 0 123 134 0 0 0 0
0 0 0 2 0 0 0 0 0 0 1 1 0 0 0 0 0 0 20 12 20 0 0 0 1 1 0 0 1 1 0 2 0 0 0 0 0 0 0 0 0 0 6 0 0 0 0 0 0 0 0 0 0 0 1441 0 0 0 1 1 1 0 0 9 0 3 0 0 0 0 0 0 0 0 0 0 57 0 0 0 0 0 0 0 0 0 0 0 0 0 0 0 0 0 0 0 0 0 0 0 0 0 0 0 0 0 0 0 0 0 0 0 0 1 0 0 0 0 0 0 0 0 0 0 0 0 0 0 0 0 0 1 2 0 0 2 2 0 0 0 0
0 0 0 3 0 0 0 0 0 1 4 1 0 0 0 0 0 0 42 1 42 0 0 0 3 1 0 1 7 2 0 3 0 0 0 0 0 3 0 0 0 0 0 3 0 0 0 0 0 0 0 0 0 0 2 0 8264 0 4 4 3 0 0 3 1 14 0 0 78 0 77 0 0 0 0 70 39 27 0 0 0 0 0 0 0 0 0 0 0 0 0 0 0 0 0 0 0 0 0 0 0 0 0 0 0 0 0 0 0 0 0 0 0 2 0 0 0 0 0 0 0 0 0 0 0 0 0 0 0 0 0 0 1 7269 0 26 28 0 0 0 0
0 0 0 11 0 0 0 0 0 5 15 4 0 4 0 0 0 0 134 124 134 0 0 0 10 4 0 1 55 6 0 49 8 23 0 0 0 29 0 0 0 0 70 0 0 0 0 0 0 0 0 0 0 0 1806 0 3135 0 2 2 2 0 15 95 140 31 122 704 340 0 19807 2058 0 0 0 117 424 175 6 0 0 0 0 0 0 0 0 0 0 0 0 0 0 0 0 0 0 0 0 0 0 0 0 0 0 0 0 0 0 0 0 0 0 6 0 0 0 0 0 0 0 0 0 0 0 0 1 0 0 6 0 6 6 2758 0 113 124 0 0 0 0
812 602 159 742 872 479 122 552 79 244 424 73 166 485 250 0 457 144 0 3125 0 447 0 0 434 330 238 512 1474 192 88 627 1304 872 390 335 118 1458 137 2421 2377 42 45 341 0 1 4 8 0 0 5 0 1 5943 475 165 1132 176 292 294 292 1285 1365 2256 429 1894 2371 1560 2631 2653 2350 796 888 0 0 6320 2961 4496 114 210 136 11 78 41 16 18 77 47 39 52 76 0 338 0 220 149 0 0 0 0 0 1188 0 70 0 0 0 0 0 28 0 0 122 165 0 266 58 39 263 265 200 246 171 193 224 195 191 184 166 264 261 215 210 1018 240 1005 1064 101 81 61 0
855 765 389 1835 1403 237 40 45 29 74 116 231 102 78 181 0 0 43 7235 218 7234 236 14 0 279 377 28 74 441 270 38 334 275 647 204 0 107 513 19 171 620 90 3880 1100 0 1 2 2 0 0 2 0 1 0 254 54 393 60 140 146 139 34 588 460 669 644 175 348 874 923 718 282 458 2428 0 3935 7957 2815 116 39 859 53 267 261 84 58 263 294 300 146 80 0 85 3602 338 43 0 0 0 99 0 1108 0 20 0 0 167 0 0 0 0 1 0 0 0 0 0 8 812 820 524 621 450 511 610 463 449 519 393 534 558 458 442 394 622 627 601 68 10 48 0
12 10 5 21 17 0 7 8 4 9 8 2 501 4 5 0 3 7 67 4 67 4 0 0 5 2 0 2 0 1 2 6 0 0 0 0 0 11 0 0 14 0 0 4 0 0 0 0 0 0 0 0 0 144 0 1 10 0 10 10 10 0 0 0 0 6 0 0 28 0 18 0 0 0 0 0 0 0 10 0 0 0 0 0 0 0 0 0 0 0 0 0 0 22 13 7 0 0 0 0 0 4 0 0 0 0 0 0 0 0 0 0 0 54 0 0 0 0 0 0 0 0 0 0 0 7 13 0 1 0 0 7 8 6 0 22 21 0 0 0 0
1 1 0 3 0 0 0 0 0 0 0 1 0 0 0 0 0 0 21 0 21 0 0 0 5 1 0 0 3 2 0 5 0 0 0 0 0 44 0 0 0 0 0 29 0 0 0 0 0 0 0 0 0 7 0 0 2 0 0 0 0 0 0 0 0 1 0 0 0 0 0 0 0 0 0 49 0 117 0 0 0 0 0 0 0 0 0 0 0 0 0 0 0 0 0 0 0 0 0 0 0 0 0 0 0 0 0 0 0 0 0 0 0 5 0 0 0 0 0 0 0 0 0 0 0 0 0 0 0 0 0 0 0 0 0 2 2 0 0 0 0
7 6 4 7 7 54 7 5 3 10 11 3 0 17 291 0 6 0 0 28 0 49 0 0 61 14 8 15 24 9 19 22 116 39 44 0 0 136 9 0 30 0 0 43 0 7 7 7 0 0 7 6 7 589 12 8 0 0 61 59 61 0 0 0 0 15 0 0 11 0 28 0 0 0 0 318 0 0 0 0 30 32 24 0 5 43 0 0 0 0 0 0 0 35 0 0 0 0 0 0 0 0 0 735 0 14 0 0 0 0 0 0 0 85 0 0 0 2 0 0 0 0 0 0 0 0 0 0 0 0 0 0 0 0 0 6 6 0 0 6 0
140 113 56 186 148 36 89 99 53 107 98 38 0 0 629 0 0 0 53 186 53 38 0 0 110 0 1 10 19 0 0 15 105 97 12 0 132 854 1130 0 0 0 18 63 0 1 1 1 0 0 1 0 1 5898 25 4 14 0 93 92 93 0 0 135 0 0 11 36 1 7 39 13 0 0 0 0 125 1867 0 0 139 0 70 53 16 18 0 63 27 70 0 0 236 815 0 3 0 0 0 175 0 672 0 0 0 0 0 0 0 0 0 0 0 74 0 292 24 0 464 469 323 388 276 313 368 290 283 301 249 300 310 287 277 42 380 229 196 6 105 147 0
2 2 1 4 3 18 1 1 1 2 2 1 0 376 2 0 0 0 14 26 14 19 1 0 7 0 2 38 222 0 7 16 4 25 25 33 12 4 4 61 2212 65 12 35 0 0 0 1 0 0 1 0 0 0 23 0 699 0 37 36 35 1081 1410 21 28 732 0 1756 1505 2249 1036 676 1227 0 0 8 36 14 47 0 17 3 0 0 3 6 0 0 0 0 0 0 4 0 0 2 0 0 0 0 0 0 0 0 0 0 0 0 0 0 0 0 0 43 0 0 0 1 39 40 50 66 41 46 50 55 54 34 47 55 51 63 61 640 59 526 566 0 2 43 0
6 6 26 7 2 194 10 45 12 14 13 3 4 4 9 0 1 1 2 14 2 43 0 0 3 16 1 3 2 4 24 7 0 86 0 0 0 0 3 14 14 0 0 9 0 4 5 5 5 5 5 5 5 480 176 3 7 2 4 4 0 0 9 10 13 17 14 10 11 62 14 6 7 0 0 4 12 0 0 0 0 0 0 0 0 0 0 119 254 0 0 0 0 0 0 6 2 0 0 0 0 11 0 0 0 0 0 0 0 0 0 0 0 1 0 0 0 2 0 0 0 0 0 0 0 0 0 0 0 0 0 0 0 0 0 0 0 0 0 0 0
2 2 9 2 1 4 4 16 4 5 4 1 2 1 3 0 0 0 1 5 1 1 0 0 1 5 0 1 3 1 8 2 0 0 0 0 1 0 1 5 6 0 0 10 0 1 2 2 2 2 2 2 2 149 4 1 2 2 1 1 0 0 4 4 5 6 7 4 4 22 5 2 3 0 0 2 4 0 15 0 0 0 0 0 0 0 0 32 70 22 0 0 0 0 0 3 0 0 0 3 0 2 0 0 0 1 0 0 0 0 0 0 0 1 0 0 1 1 0 0 0 0 0 0 0 0 2 0 0 0 0 0 0 0 0 0 0 0 2 0 0
0 0 0 0 0 0 4 0 0 6 5 0 0 0 0 0 0 0 0 0 0 0 0 0 0 0 0 0 0 0 0 0 0 0 0 0 0 0 0 0 0 0 0 1 0 0 0 0 0 0 0 0 0 0 0 0 0 0 0 0 0 0 0 0 0 0 0 0 0 0 0 0 0 0 0 0 0 0 0 0 0 0 0 0 0 0 0 1 2 0 0 0 0 0 0 0 0 0 0 0 0 0 0 0 0 0 0 0 0 0 0 0 0 0 0 0 0 0 0 0 0 0 0 0 0 0 0 0 0 0 0 0 0 0 0 1 0 0 0 0 0
31 29 128 33 9 53 51 225 60 66 61 15 22 18 43 0 4 3 9 57 9 51 0 1 15 65 5 10 266 17 98 28 0 21 0 1069 5 5 14 49 84 2 0 0 0 20 20 20 20 20 20 20 20 2038 55 13 32 15 16 16 15 33 50 91 52 389 82 60 54 305 69 29 39 0 0 30 60 5 0 1 0 0 0 0 0 1 0 188 430 12 0 0 0 0 14 45 10 0 11 45 0 64 1 2 0 20 0 0 0 0 0 0 0 8 0 3 21 16 0 0 0 0 0 0 0 18 33 0 2 38 0 0 0 0 0 13 6 0 31 5 0
0 0 2 1 0 1 1 3 1 1 1 0 0 0 1 0 0 0 0 1 0 0 0 177 0 1 0 0 0 0 2 0 0 0 0 0 0 0 0 1 1 0 0 8 0 0 0 0 0 0 0 0 0 0 1 0 0 0 0 0 0 0 0 1 1 1 1 1 1 5 1 0 1 0 0 0 1 0 0 0 0 0 0 0 0 0 0 3 6 7 0 0 0 0 0 1 0 0 0 1 0 0 0 0 0 0 0 0 0 0 0 0 0 0 0 0 0 0 0 0 0 0 0 0 0 0 0 0 0 0 0 0 0 0 0 0 0 0 0 0 0
1 1 6 1 0 0 2 10 3 3 3 1 0 0 1 0 0 0 0 181 0 0 0 0 1 3 0 1 1 0 5 1 0 0 0 0 0 0 1 0 2 0 0 1 0 1 1 1 1 1 1 1 1 0 3 1 1 0 1 1 0 0 2 128 2 4 3 2 2 14 3 1 2 0 0 1 3 0 0 0 0 0 0 0 0 0 0 14 23 5 0 0 0 0 0 2 0 0 0 0 0 1 0 0 0 0 0 0 0 0 0 0 0 0 0 0 0 0 0 0 0 0 0 0 0 0 1 0 0 0 0 0 0 0 0 0 0 0 0 0 0
0 0 2 0 0 1 1 3 4 1 1 0 196 0 1 0 33 23 0 1 0 1 0 0 0 1 0 0 1 0 1 0 1 1 1 0 1 0 0 2 2 0 0 0 0 0 0 0 0 0 0 0 0 0 1 0 0 1 0 0 0 2 1 1 1 1 1 1 1 4 1 0 1 0 0 0 1 0 18 22 0 0 0 0 0 0 0 47 5 5 7 0 0 0 1 1 0 1 1 1 0 1 0 0 0 0 0 0 0 0 0 1 0 0 0 0 0 0 0 0 0 0 0 0 0 0 360 0 0 0 0 310 294 32 421 231 194 0 1 0 0
41 39 172 45 12 65 68 302 81 88 81 20 30 24 61 0 5 3 11 68 11 0 0 2 20 79 7 12 50 21 119 33 0 26 0 0 10 7 16 53 117 3 0 11 0 25 25 25 25 25 25 25 25 0 67 16 43 18 19 19 14 0 61 50 62 104 100 79 71 406 91 39 52 0 0 37 80 8 0 1 0 0 0 0 0 0 0 0 0 31 4 0 0 0 33 73 16 0 0 68 0 97 1 2 0 0 0 0 0 0 0 0 0 10 0 5 32 23 0 0 7 0 31 0 0 42 55 0 47 86 41 0 0 0 0 32 23 0 50 9 0
48 45 201 52 14 76 80 352 94 103 94 23 35 28 229 0 6 4 13 80 13 73 0 2 51 92 8 16 69 24 139 39 0 35 0 0 14 19 19 62 140 7 0 15 0 29 29 29 29 29 29 29 29 0 78 18 50 21 22 22 21 55 71 59 73 121 118 93 83 474 107 46 60 0 0 46 93 12 0 2 0 0 0 0 0 0 0 16 0 145 54 0 139 0 230 322 71 117 203 300 6 431 4 9 1 149 4 0 0 0 0 0 0 39 0 50 166 102 487 496 382 130 358 366 407 267 254 241 487 544 496 157 157 0 184 162 133 102 244 47 0
2 2 8 8 1 1 3 15 4 5 7 3 1 6 1 0 6 0 72 60 72 0 0 2 4 0 0 2 158 0 3 8 0 0 0 0 935 48 15 50 83 23 0 0 0 45 45 45 42 44 45 44 44 0 14 0 42 44 50 50 50 7 24 46 8 201 0 397 230 209 143 36 75 0 0 82 179 113 0 0 10 0 0 0 0 0 0 0 0 0 0 0 0 0 0 1 0 0 0 0 0 0 0 0 0 0 0 0 0 0 0 0 0 5 0 0 0 0 0 0 0 0 0 0 0 0 0 0 0 0 0 0 0 0 0 0 0 0 0 0 0
42 39 175 48 12 497 70 308 82 106 126 21 30 123 227 0 44 0 36 479 36 487 14 0 105 602 50 87 384 157 914 236 13 296 206 0 44 22 124 65 409 8 3 3 0 0 1 3 0 1 2 1 0 0 463 121 76 60 54 58 54 0 433 352 416 595 744 629 128 717 163 85 93 0 0 54 271 71 18 32 495 46 54 73 72 124 0 0 0 375 0 0 0 0 0 118 26 0 0 110 0 94 1 3 0 0 0 0 0 0 0 0 0 21 0 0 26 30 0 0 0 0 0 0 0 22 86 0 0 52 0 0 0 0 0 0 0 0 43 0 0
154 144 639 165 44 113 398 1123 300 327 295 491 177 81 29 0 0 0 22 26 22 202 19 13 33 247 21 37 72 66 374 53 91 148 172 28 35 42 52 0 161 10 58 6 85 85 85 85 0 0 85 85 85 0 190 49 4354 110 110 110 0 288 96 25 27 62 24 174 87 191 71 2918 39 93 25 65 220 213 111 3 8 0 0 0 2 0 0 7 7 3938 5515 0 1155 29 2 2 12 215 306 0 7 0 0 1 0 76 111 55 45 74 43 93 102 26 61 89 249 139 0 0 0 0 0 0 0 2 0 0 1 2 2 1 1 3830 1 28 30 106 227 121 0
489 396 192 590 655 181 252 358 151 296 263 123 334 50 48 0 1 0 6 43 6 179 8 0 54 61 20 40 61 61 28 69 70 176 250 7 105 56 12 9 75 11 0 64 0 1 2 1 0 1 2 1 1 637 164 20 7 1617 1733 1697 1735 8 34 34 43 49 29 27 43 32 37 19 24 0 0 29 62 40 0 0 49 1 52 12 6 4 2 11 0 96 50 0 0 0 0 0 0 0 0 0 0 0 0 0 0 0 0 0 0 0 0 0 0 59 0 0 0 21 0 0 16 29 11 11 5 29 31 0 24 23 15 31 30 9 14 32 29 0 19 172 0
10 8 3 19 14 3 0 1 0 3 7 2 3 0 11 0 0 0 74 62 74 0 0 0 6 3 0 10 15 4 1 6 0 9 0 0 0 3 0 0 7 16 51 97 0 0 0 0 0 0 0 0 0 793 22 2 95 0 10 9 7 0 0 0 0 0 0 129 154 229 171 13 161 268 0 0 9 0 0 1 685 47 719 721 70 51 707 811 838 141 184 0 18 0 0 0 0 28 0 0 0 281 0 0 0 0 0 0 0 0 0 0 0 694 131 0 1 0 0 0 10 15 7 8 5 16 17 0 13 15 11 17 17 85 10 64 67 13 9 50 0
203 148 84 155 280 48 126 252 69 150 132 62 0 153 32 0 22 0 57 140 57 47 2 0 17 14 5 11 106 9 2281 54 28 47 64 0 144 50 424 33 106 0 0 9 0 0 0 1 0 0 1 0 0 0 94 4 0 0 6 6 6 0 55 103 138 158 143 0 487 0 503 0 300 0 0 0 1418 123 24 8 38 1 22 0 2 3 0 0 0 135 3 0 11 411 0 468 0 0 0 0 697 46 0 0 0 0 0 0 0 0 0 1178 0 22 0 74 25 30 367 369 250 304 214 242 286 224 219 243 191 246 251 222 215 23 299 325 315 0 0 111 0
42 31 18 31 58 0 26 52 14 31 26 13 0 97 6 0 0 0 1 39 1 0 0 0 4 0 0 0 0 0 22 2 0 0 0 0 0 1 3 0 0 0 0 12 0 1 1 1 0 1 1 1 1 0 0 0 5 0 0 0 0 0 7 27 4 8 14 4 9 27 13 4 9 0 0 0 19 6 0 0 0 0 2 0 0 0 0 0 0 0 0 0 4 13 0 0 0 0 0 0 0 0 1 2 0 0 0 0 0 0 0 0 0 1 0 0 0 0 0 0 0 0 0 0 0 0 1 0 10 13 3 10 6 4 0 6 5 0 0 1 0
5378 5871 1782 8789 9752 9906 3874 5241 2322 4892 4936 1844 1918 2223 3166 0 0 0 0 7733 0 9824 867 120 2438 9672 1487 2899 4940 3352 1456 5378 6243 8531 5052 0 6329 8890 1718 1594 15042 226 407 2176 302 344 357 374 325 351 364 354 344 0 9393 2162 2429 3492 3297 3330 3299 3820 7583 5694 8666 8919 7611 7640 9758 7079 4929 2891 6661 6298 29 8963 19 5937 4112 61 0 0 0 0 5 4 0 0 0 426 0 0 266 16503 7067 1031 0 1610 2523 241 0 3 0 1272 365 0 821 0 0 0 0 0 0 615 411 532 231 990 0 0 0 3 13141 0 0 32 35 13469 8397 42 25 7921 68 3037 0 3112 3410 663 639 3045 0
436 326 225 371 653 273 452 460 237 558 497 174 0 1257 2349 0 930 757 135 836 135 271 10 54 460 28 27 67 307 0 161 154 267 267 365 26 4815 811 1953 149 2150 136 0 1414 360 382 382 382 361 382 382 382 382 0 411 21 770 223 217 222 217 409 1622 611 302 713 465 2293 3228 2576 1720 694 2763 424 115 2193 7579 2728 342 743 422 32 171 126 39 41 0 192 0 1216 1381 0 877 0 359 122 0 0 1850 0 0 383 0 283 169 0 1360 0 88 177 0 0 0 1037 0 211 194 566 573 464 576 638 487 553 407 505 488 564 428 558 573 498 482 678 674 1393 1434 893 326 1045 0
0 0 14 127 210 0 91 108 0 80 94 43 426 461 772 0 347 308 81 259 81 120 7 0 0 0 0 14 48 0 5 0 0 0 0 359 412 856 69 165 731 29 0 34 138 141 141 141 129 0 141 139 141 0 190 18 430 244 268 264 268 268 265 192 206 414 432 639 1797 1233 819 349 1275 167 48 748 3705 2025 101 303 131 3 53 0 27 15 0 159 0 508 472 0 357 35 150 40 0 0 0 16 0 238 0 70 744 0 0 0 32 45 0 0 0 328 0 0 74 113 402 407 289 351 246 279 326 262 256 264 225 282 288 264 254 406 339 775 800 727 290 252 0
0 0 0 3 0 72 0 0 0 4 10 1 0 18 27 0 0 216 30 132 30 72 6 0 19 0 8 14 79 22 35 163 27 66 52 0 0 44 7 0 34 3 23 171 0 0 1 2 0 1 1 1 0 432 68 22 17 134 143 140 140 65 14 96 474 72 561 488 37 53 29 14 28 67 0 99 574 12 0 206 21 0 0 0 0 3 0 0 0 133 0 0 0 0 26 1 0 4 0 0 0 130 0 0 0 0 139 0 0 0 0 3 0 17 0 0 0 0 812 819 525 622 450 511 0 454 439 517 391 477 503 450 433 62 622 353 300 21 0 46 0
171 139 67 241 230 3633 89 125 53 258 523 56 40 1163 1041 0 302 227 417 2339 417 3605 433 4 710 6075 414 725 4192 1079 1748 1915 1554 2709 2887 226 207 1008 506 1188 2539 71 349 472 0 16 23 32 0 20 26 21 16 1250 3516 1083 592 357 241 257 239 1059 1951 1754 3404 6055 3570 1066 637 1474 2487 617 214 640 402 1565 2460 616 287 239 119 8 46 38 12 43 0 39 0 1199 635 0 128 8562 0 164 11626 1434 1602 1214 0 5503 0 0 0 0 580 0 0 0 0 0 166 159 0 356 663 789 5075 5117 2923 3443 2519 2864 3448 2487 2396 2970 2146 2632 2811 2464 2371 785 3483 2061 1788 645 397 747 0
0 0 0 0 0 0 0 0 0 0 0 0 0 0 0 0 7268 324 0 0 0 0 0 0 0 0 0 0 0 0 0 0 0 0 0 0 0 0 0 46 0 0 0 7 1 1 1 1 0 1 1 1 1 0 0 0 0 0 0 0 0 0 0 0 0 0 0 0 0 0 0 0 0 0 0 0 0 0 0 310 0 0 0 0 1 0 0 0 0 84 0 0 0 0 0 207 0 0 0 0 0 0 0 0 0 0 0 0 0 0 0 0 0 0 0 0 0 0 0 0 0 0 0 0 0 151 258 5 0 30 14 0 0 0 0 0 0 0 0 0 0
8 7 4 629 12 1288 5 6 2 71 188 233 0 191 261 0 1403 910 7562 458 7562 1278 86 62 388 818 123 221 1351 602 11122 689 1088 1376 8068 84 3420 1599 6493 135 451 146 4102 171 412 411 413 414 0 364 413 412 411 0 1180 212 641 1818 1844 1845 1846 277 950 665 1316 1767 1591 234 850 252 277 468 83 164 7030 342 2225 8286 219 880 2231 130 0 0 6 6 0 0 0 48 0 0 79 36 183 0 818 76 661 179 7873 7921 0 2217 0 0 3787 0 0 0 0 835 0 278 0 53 161 105 264 266 182 219 155 3692 207 170 167 171 141 200 204 164 158 564 213 257 282 209 935 97 0
2 2 1 8 3 209 1 1 0 22 60 3 0 70 93 0 61 398 81 117 81 207 14 8 30 111 19 35 244 62 1800 87 75 155 3577 5 449 130 1758 20 47 14 100 9 53 53 53 54 0 25 54 53 53 0 189 34 5 91 60 71 59 0 133 82 164 321 451 26 13 22 19 8 1 0 0 80 201 0 27 384 462 29 0 0 1 1 0 0 0 26 0 0 41 3 27 0 0 0 0 65 4241 2361 0 0 0 0 289 0 0 0 6 588 0 42 0 34 140 34 127 128 96 116 81 92 106 88 86 84 75 91 92 88 85 4 112 2 2 72 0 56 0
7 6 3 393 10 65 5 5 3 7 9 145 0 10 9 0 0 56 4685 16 4685 64 3 3 132 97 10 16 169 131 7 154 56 314 129 10 110 80 18 67 93 27 2544 133 11 20 20 20 20 20 20 20 20 0 61 7 13 99 104 108 104 118 350 205 383 243 155 45 49 39 30 13 32 10 4373 416 202 8 16 59 2 0 0 1 1 1 0 1 0 102 104 0 24 29 141 35 0 0 0 11 12 15 132 155 0 0 157 0 0 5 0 106 18 180 0 276 36 17 174 175 109 130 94 107 128 99 96 110 82 115 120 94 91 21 130 86 77 209 48 61 0
8 6 3 15 11 678 5 5 3 26 61 4 0 66 2052 0 450 433 63 201 63 672 48 1 437 507 59 123 160 186 138 180 192 533 559 130 436 378 61 96 167 39 18 521 0 15 15 15 0 15 15 15 15 0 611 136 2 253 257 258 257 5 91 161 148 150 198 11 15 11 15 20 7 60 4 6301 251 0 29 432 43 0 0 0 2 4 0 7 0 149 34 0 50 419 944 4441 12368 678 26 3153 350 258 51854 60170 2950 0 523 0 0 0 0 364 0 111 61 0 32 66 463 461 311 388 270 306 362 283 277 297 245 300 311 286 275 32 379 219 185 0 167 0 0
64 52 25 87 86 319 31 48 19 45 55 19 0 70 293 0 0 97 119 99 119 316 19 2 92 141 29 77 85 85 103 94 114 251 332 43 107 146 51 299 313 137 68 23 0 17 18 18 9 17 18 17 18 6764 301 48 30 250 258 261 258 20 211 82 116 150 112 61 124 90 66 54 83 24 0 685 625 168 169 102 118 7 49 38 12 23 0 42 0 1284 1332 0 1473 35 391 377 0 0 107 0 0 1760 0 0 0 0 0 393 0 11 0 1430 0 932 931 391 426 449 1958 1973 1246 1481 1072 1218 1458 1075 1039 1240 927 1131 1198 1065 1026 140 1483 846 723 577 0 1119 0
15718 10659 1934 10988 13207 472 1328 6334 880 1478 1295 812 6617 1529 1587 0 356 228 179 332 179 468 34 1 340 302 43 85 237 155 81 165 241 354 460 98 1859 292 1545 698 578 77 0 114 0 7 7 8 3 7 7 7 7 1025 446 86 215 145 134 138 133 253 256 259 248 365 230 201 277 824 245 195 58 286 198 731 676 1023 219 226 2684 191 1659 1675 276 211 1630 1886 1935 2008 2730 0 429 327 640 205 603 594 147 1690 54 774 910 2210 47 286 0 0 7982 8494 20261 879 0 122 0 532 0 28 291 293 203 246 174 197 232 184 179 189 158 194 200 185 178 209 241 220 206 780 0 310 1
457 368 171 543 602 200 209 348 127 245 221 109 137 73 165 0 95 56 57 287 57 198 9 2 56 64 20 41 82 40 8 60 181 183 270 49 90 601 3045 101 226 11 0 29 13 15 15 16 14 15 15 15 15 0 211 24 146 27 22 24 22 99 126 210 75 134 298 126 50 353 315 116 19 121 47 242 341 1449 30 61 82 5 75 70 8 6 0 77 50 181 199 0 27 172 234 1158 130 0 0 2 668 335 75 359 32 285 8 0 0 0 0 115 0 0 0 17 0 37 161 162 110 133 94 107 126 99 96 105 85 105 108 99 96 139 131 90 80 156 0 83 0
24 20 10 33 34 33 15 17 9 32 55 7 0 185 101 0 9 4 23 32 23 37 12 2 25 5 3 8 51 3 5 32 15 68 2902 25 16 43 11 27 51 6 45 26 7 7 14 24 9 10 16 12 7 0 31 3 1 96 74 81 74 0 647 26 35 39 9595 2 4 3 4 6 1 0 2 108 184 107 233 7 165 11 111 112 16 12 0 127 130 399 496 0 69 28 80 30 78 0 0 11 84 59 80 38 0 166 0 0 6999 0 0 435 0 174 0 87 53 103 240 242 166 199 142 161 189 148 145 156 127 154 160 148 142 16 196 113 95 247 80 181 0
136 110 50 217 171 830 84 89 46 131 176 58 0 394 418 0 223 230 697 461 697 823 105 15 236 442 79 178 484 269 445 307 358 774 801 291 857 974 605 663 1718 179 1320 22 11 17 18 19 11 18 18 18 17 2082 807 164 288 267 249 256 249 1020 693 399 427 875 389 385 1200 809 275 349 837 1586 769 3496 1025 869 1534 808 172 34 65 43 35 27 0 73 68 304 195 0 216 279 3020 10560 1223 261 5368 378 636 2589 54 0 378 885 1225 0 1329 3610 0 1474 1630 1815 0 3020 1046 637 1006 1011 635 0 548 623 747 0 318 639 0 0 628 554 534 313 763 798 769 4652 1402 2111 0
886 716 340 1076 1181 188 436 654 263 508 446 190 0 2910 132 0 419 385 220 396 220 189 10 0 46 34 14 37 333 5 57 116 4 200 131 0 124 507 23 49 0 26 915 59 0 8 9 10 0 8 10 9 8 5728 176 23 25 267 260 257 259 133 157 309 281 462 681 38 108 71 51 26 74 66 0 1647 464 336 2394 342 212 13 144 139 20 42 0 157 138 977 448 0 1241 2072 0 254 770 875 561 0 146 4689 0 0 0 0 0 0 0 0 0 0 772 204 0 0 0 235 4131 4154 2571 3055 2222 2525 3034 2207 2133 2601 1903 2327 2648 2187 2105 256 3081 1692 1434 555 595 1375 0
250 200 95 314 334 335 120 183 72 147 143 33 0 185 221 0 324 293 193 137 193 334 20 4 82 148 27 68 75 79 21 95 98 267 301 135 73 165 30 113 164 186 6388 78 26 30 31 31 19 29 31 30 30 0 314 53 9 491 531 530 532 0 63 125 102 88 129 21 43 27 26 23 26 0 287 2281 562 285 10045 266 632 37 382 375 60 59 375 420 383 1568 1369 0 1007 130 391 445 958 983 600 67 0 157 244 75 0 1217 4958 2289 157 1353 0 0 0 958 1180 2477 2164 113 3628 3658 2278 2690 1962 2229 2676 1948 1881 2290 1680 2048 2185 1928 1856 214 2712 1474 1245 3467 1606 1784 0
0 0 0 249 0 0 0 0 0 0 0 17 0 0 0 0 0 0 3063 0 3063 0 0 0 55 0 0 0 84 0 0 69 0 128 0 0 5 0 0 0 42 2 1181 61 0 0 0 0 0 0 0 0 0 0 0 0 0 0 1 2 1 0 181 123 217 150 72 0 0 0 0 0 0 0 2714 0 0 0 0 0 0 0 0 0 0 0 0 0 0 0 0 0 0 0 0 0 0 0 0 0 0 0 0 0 0 0 0 0 566 0 0 0 0 0 0 610 192 174 0 0 0 0 0 0 0 1 4 0 0 3 0 0 1 0 0 1 1 217 0 0 0
9432 6890 1675 8299 9711 1230 1241 5879 807 1462 1442 778 6023 2727 535 0 1972 1251 1070 452 1070 1228 246 74 1273 864 955 2064 1363 459 5438 1802 4065 1773 796 3898 902 1628 751 1060 1315 330 216 233 515 523 523 524 506 521 524 523 523 6300 1148 702 45 660 634 659 634 618 1106 592 758 1076 873 130 186 293 173 159 52 743 1143 3043 3594 2159 283 1258 4591 341 2472 2495 487 412 2431 2821 2891 8513 6456 0 6639 0 2130 8855 0 340 1484 818 646 4777 592 2251 92 0 0 2592 172 1172 113 2483 0 4463 0 3123 2564 1923 0 0 10613 3292 8471 11450 4499 14612 14073 5109 12609 15445 10055 14436 13894 1587 125 10993 9280 7156 5921 5638 0
56 39 23 78 86 75 32 48 17 70 127 17 0 283 163 0 5 22 44 10 44 84 0 1 481 118 405 925 351 90 26 590 1749 377 54 357 0 70 12 19 73 0 0 3 0 5 5 5 0 5 5 1 5 3711 83 10 26 85 139 147 139 0 127 22 15 32 11 82 104 74 52 23 71 0 26 163 182 173 0 33 35 5 7 0 6 15 0 0 0 416 407 0 440 8 0 1927 0 0 13 7189 0 94 0 0 0 237 0 0 0 0 0 1747 0 0 0 0 0 580 903 613 141 810 320 374 489 371 415 428 377 651 689 570 543 82 773 458 395 315 0 467 0
10 6 6 21 23 9 10 11 4 11 11 5 0 175 6 0 0 0 22 33 22 14 0 0 1 0 0 4 9 0 0 9 0 11 0 70 8 19 1 2 16 0 0 5 0 1 1 1 0 1 1 0 1 965 13 1 0 152 201 197 201 0 21 27 18 12 5 1 3 2 3 2 1 0 16 127 81 47 0 4 3 0 0 0 0 0 0 0 0 39 0 0 0 0 0 460 0 0 0 53 0 168 0 0 0 0 0 228 53 0 0 152 0 0 0 42 0 0 0 0 18 36 12 12 2 37 40 0 31 31 18 40 39 4 15 32 27 437 0 64 0
0 0 0 0 1 0 0 1 0 0 1 0 0 3 0 0 0 0 2 1 2 4 0 0 0 0 0 1 5 0 0 5 0 0 0 13 0 0 3 0 4 0 273 8 0 0 1 0 0 1 1 0 0 0 0 0 0 426 764 747 765 0 0 0 1 2 1 1 9 5 11 3 2 0 0 37 10 0 171 0 0 0 0 0 0 0 0 0 0 7 0 0 0 0 0 5 0 0 0 13 0 0 0 0 0 0 0 0 0 0 0 0 0 0 0 0 369 0 0 0 0 0 0 0 0 2 0 0 2 0 0 0 0 0 0 1 1 9 0 0 0
82 64 40 88 111 135 80 90 61 100 99 39 43 63 55 0 51 0 58 53 58 135 53 3 44 75 45 59 69 20 50 69 10 88 25 0 251 8 195 0 114 0 0 2 0 19 19 19 0 17 19 13 19 840 136 62 83 3 52 53 52 0 53 38 79 70 27 188 207 105 141 71 54 0 0 150 146 133 0 0 722 71 275 163 54 117 47 287 0 1467 679 2 36 12 0 48 106 0 0 0 0 46 0 0 0 0 0 0 0 0 0 0 0 71 51 0 58 139 0 51 2033 2944 1565 1737 1629 2462 2535 585 2108 2274 1895 2606 2509 353 2139 2051 1744 0 0 0 21
82 64 40 88 111 135 80 90 61 100 99 39 43 63 55 0 51 0 58 53 58 135 53 3 50 89 47 59 72 38 50 72 37 96 58 0 251 8 195 0 114 0 0 2 0 19 19 19 0 17 19 13 19 842 136 62 83 8 52 53 52 0 53 38 79 70 0 187 207 105 141 71 54 0 0 150 146 133 0 0 728 72 277 163 54 118 47 289 0 1472 683 2 35 12 0 48 106 0 0 0 0 46 0 0 0 0 0 0 0 0 0 0 0 71 51 0 58 145 0 0 2019 2932 1551 1721 1606 2456 2531 558 2102 2265 1881 2601 2504 352 2119 2048 1741 0 0 0 21
18 14 9 20 25 29 18 20 14 23 22 9 10 14 12 0 11 0 13 13 13 30 12 1 11 20 11 13 17 8 12 17 8 21 12 0 52 0 48 0 27 0 0 1 0 4 4 4 0 4 4 1 4 198 30 14 18 0 12 12 12 0 8 3 18 15 0 40 46 22 31 16 12 0 0 26 33 30 0 0 261 21 98 29 19 32 10 0 0 423 179 0 0 0 0 11 19 0 0 0 0 11 0 0 0 0 0 0 0 0 0 0 0 16 0 0 0 32 0 0 0 341 0 0 0 456 540 0 381 278 0 555 537 76 0 443 376 0 0 0 5
13 10 7 15 18 20 14 15 11 18 18 7 8 9 10 0 0 0 13 18 13 21 9 1 0 0 4 10 13 0 9 10 0 0 0 0 55 0 52 0 37 0 0 2 0 4 4 4 0 3 4 0 4 144 21 11 14 0 10 10 10 0 12 4 28 23 0 28 35 15 25 14 7 0 0 33 29 26 0 0 1131 78 10 323 80 92 8 298 0 1203 1318 1 0 0 0 8 0 0 0 0 0 9 0 0 0 0 0 0 0 0 2457 0 0 12 0 0 0 8 0 0 0 0 0 0 0 247 357 0 198 22 0 367 356 52 0 299 254 0 0 0 5
18 14 9 20 25 30 18 20 14 22 22 9 10 14 12 0 11 0 13 12 13 30 12 1 8 11 9 13 15 0 11 14 0 17 0 0 49 0 44 0 26 0 0 0 0 4 4 4 0 3 4 1 4 190 31 14 19 0 12 12 12 0 8 4 17 14 0 42 47 23 32 16 12 0 0 25 33 30 0 0 159 14 62 2 12 25 10 0 0 330 62 0 0 0 0 10 0 0 0 0 0 10 0 0 0 0 0 0 0 0 0 0 0 16 0 0 0 29 0 0 118 433 0 0 0 494 563 0 415 346 84 579 559 79 0 460 391 0 0 0 5
21 16 11 23 29 35 21 24 16 27 26 10 12 14 15 0 12 0 16 15 16 36 14 1 9 13 0 16 18 0 13 18 0 20 0 0 61 0 53 0 32 0 0 1 0 5 5 5 0 4 5 2 5 225 36 17 22 0 14 14 14 0 11 5 22 18 0 49 55 27 37 19 14 0 0 33 39 36 0 0 282 23 107 38 20 37 12 3 0 477 207 0 0 0 0 12 23 0 0 0 0 12 0 0 0 0 0 0 0 0 0 0 0 19 0 0 0 34 0 0 158 520 21 0 0 580 658 0 489 414 118 677 653 92 17 538 457 0 0 0 6
33 26 16 36 46 55 33 37 25 41 41 16 18 21 23 0 20 0 24 23 24 55 21 1 16 25 18 24 28 1 21 28 0 33 0 0 98 0 82 0 49 0 0 1 0 8 8 8 0 7 8 4 8 344 56 26 34 0 22 22 22 0 19 11 34 29 0 76 85 42 58 29 22 0 0 56 60 55 0 0 424 36 160 78 31 57 19 37 0 726 361 0 0 0 0 19 36 0 0 6 0 19 0 0 0 0 0 0 0 0 0 0 0 29 0 0 0 54 0 0 476 962 272 280 0 941 1026 0 799 755 416 1055 1017 143 361 835 710 0 0 0 9
3 2 1 3 4 5 3 4 2 4 4 2 2 1 2 0 0 0 2 2 2 5 1 0 0 0 0 2 0 0 2 0 0 0 0 0 0 0 8 0 4 0 0 0 0 1 1 1 0 0 1 0 1 34 5 2 3 0 2 2 2 0 0 0 4 0 0 4 8 0 6 2 0 0 0 0 6 5 0 0 59 3 2 0 4 6 1 0 0 89 0 0 0 0 0 2 0 0 0 0 0 0 0 0 0 0 0 0 0 0 1250 0 0 0 0 0 0 0 0 0 0 0 0 0 0 0 86 0 0 0 0 89 88 12 0 77 65 0 0 0 1
0 0 0 0 0 0 0 0 0 0 0 0 0 0 0 0 0 0 0 0 0 1 0 0 0 0 0 0 0 0 0 0 0 0 0 0 0 0 0 0 0 0 0 0 0 0 0 0 0 0 0 0 0 3 0 0 0 0 0 0 0 0 0 0 0 0 0 0 0 0 1 0 0 0 0 0 0 0 0 0 2 0 0 0 0 0 0 0 0 8 0 0 0 0 0 0 0 0 0 0 0 0 0 0 0 0 0 0 0 0 0 0 0 0 0 0 0 1 0 0 0 0 0 0 0 0 0 0 0 0 0 0 3 0 0 0 0 0 0 0 0
43 33 21 46 59 70 42 48 33 53 52 21 23 32 29 0 23 0 30 27 30 70 28 1 25 42 24 31 36 13 27 37 10 47 18 0 134 0 106 0 58 0 0 1 9 10 10 10 8 10 10 6 10 459 71 33 43 20 28 28 28 0 25 18 39 35 0 95 107 53 73 36 27 0 0 75 77 70 0 0 295 32 113 62 22 55 25 36 0 681 261 0 12 2 0 29 0 0 0 0 0 0 0 0 0 0 0 0 0 0 0 0 0 37 0 0 22 73 0 0 918 1428 673 739 599 1243 1301 0 1062 1107 846 1337 1287 181 916 1054 896 0 0 0 11
3 2 2 4 5 5 4 4 3 4 4 2 2 0 2 0 0 0 3 4 3 5 2 0 0 0 0 3 1 0 2 1 0 0 0 0 5 0 12 0 8 0 0 1 0 1 1 1 0 0 1 0 1 39 5 3 4 0 2 2 1 0 0 0 6 3 0 5 9 1 5 3 0 0 0 0 7 6 0 0 210 12 2 0 14 16 1 0 0 238 85 0 0 0 0 0 0 0 0 0 0 2 0 0 0 0 0 0 0 0 1093 0 0 2 0 0 0 0 0 0 0 0 0 0 0 11 85 0 0 0 0 88 86 13 0 76 64 0 0 0 1
8 6 4 9 12 14 9 10 7 11 11 4 5 6 6 0 0 0 7 6 7 14 4 0 0 0 1 6 3 0 6 2 0 0 0 0 16 0 23 0 12 0 0 4 0 2 2 2 0 0 2 0 2 97 11 7 9 0 6 5 5 0 0 0 8 6 0 0 19 0 12 6 0 0 0 5 4 14 0 0 116 7 6 0 8 13 4 0 0 198 0 0 0 0 0 0 0 0 0 0 0 0 0 0 0 0 0 0 0 0 4347 0 0 0 0 0 0 3 0 0 0 0 0 0 0 173 257 0 137 0 0 264 257 36 0 215 182 0 0 0 3
18 14 9 20 25 29 18 20 14 22 22 9 10 14 12 0 0 0 13 13 13 30 10 0 1 0 7 13 12 0 11 11 0 7 0 0 48 0 46 0 26 0 0 6 0 4 4 4 0 2 4 1 4 194 27 14 18 0 12 12 11 0 3 3 18 15 0 14 43 5 28 14 1 0 0 25 22 30 0 0 231 18 89 5 16 29 10 0 0 395 101 0 0 0 0 0 0 0 0 0 0 0 0 0 0 0 0 0 0 0 0 0 0 6 0 0 0 20 0 0 34 367 0 0 0 466 546 0 390 297 0 561 542 76 0 447 380 0 0 0 5
1 0 1 1 2 1 2 2 1 2 2 1 1 0 1 0 0 0 2 3 2 1 0 0 0 0 0 1 0 0 1 0 0 0 0 0 2 0 12 0 4 0 0 9 0 0 0 0 0 0 0 0 0 28 1 1 3546 0 1 0 0 0 0 0 2 3 0 0 1 0 0 2364 0 0 0 0 3 3 0 0 190 11 1 31 8 11 0 12 0 195 187 0 0 0 0 0 0 0 0 0 0 1 0 0 0 0 0 0 0 0 0 0 0 0 0 0 0 2 0 0 0 0 0 0 0 0 0 0 0 0 0 0 3 3117 0 2 1 0 0 0 0
0 0 0 1 1 0 1 1 1 1 1 1 1 0 1 0 0 0 1 2 1 1 0 0 0 0 1 1 0 0 1 0 0 0 0 0 0 0 5 0 1 0 0 4 0 0 0 0 0 0 0 0 0 21 0 1 1 0 1 1 0 0 0 2 1 2 0 0 1 0 0 0 0 0 0 0 2 2 0 0 1141 9 0 20 7 9 0 4 0 160 143 0 0 0 0 0 0 0 0 0 0 1 0 0 0 0 0 0 0 0 0 0 0 0 0 0 0 1 0 0 0 0 0 0 0 0 0 0 0 0 0 0 0 0 0 1 1 0 0 0 0
0 0 1 2 2 0 1 1 2 1 1 0 1 0 1 0 0 0 1 1 1 0 0 0 1 1 1 1 2 0 1 2 0 1 0 1 0 0 4 0 3 0 0 3 0 0 0 0 0 0 0 0 0 22 1 1 0 0 1 1 0 0 0 1 2 3 1 0 2 1 2 0 0 0 0 0 0 2 0 0 250 14 1 48 0 14 0 37 15 219 283 0 0 0 0 0 0 0 0 0 0 1 0 0 0 0 0 0 0 0 0 0 0 0 0 0 0 0 0 0 0 0 0 0 0 0 1 0 0 0 0 0 1 0 0 2 1 0 0 0 1
26 20 13 28 36 42 26 29 20 32 32 13 14 18 18 0 1 0 19 18 19 43 17 1 5 0 11 19 19 0 17 18 0 16 0 0 76 0 67 0 38 0 0 4 0 6 6 6 0 5 6 2 6 282 43 20 26 0 17 17 17 0 12 6 25 21 0 57 66 31 44 22 15 0 0 39 47 43 0 0 313 28 117 72 23 43 0 52 0 544 307 0 0 0 0 8 18 0 0 0 0 15 0 0 0 0 0 0 0 0 0 0 0 23 0 0 0 34 0 0 175 612 10 0 0 691 786 0 582 488 127 808 780 110 0 643 546 0 0 0 7
0 0 0 0 0 0 0 0 0 0 0 0 0 0 0 0 0 0 0 0 0 0 0 0 0 0 0 0 1 0 0 1 0 0 0 0 0 0 1 0 0 0 0 1 0 0 0 0 0 0 0 0 0 7 0 0 0 0 0 0 0 0 0 0 0 1 0 0 0 0 0 0 0 0 0 0 0 0 0 0 82 3 0 0 0 4 0 0 0 16 20 0 0 0 0 0 0 0 0 0 0 0 0 0 0 0 0 0 0 0 0 0 0 0 0 0 0 0 0 0 0 0 0 0 0 0 0 0 0 0 0 0 0 0 0 0 0 0 0 0 0
0 0 0 0 1 0 0 0 0 1 1 0 0 0 0 0 0 0 1 0 1 0 0 0 0 0 0 0 1 0 0 1 0 0 0 0 0 0 2 0 0 0 0 2 0 0 0 0 0 0 0 0 0 8 0 0 0 0 0 0 0 0 0 0 0 1 0 0 0 0 0 0 0 0 0 0 0 0 0 0 98 4 0 0 0 5 0 0 0 26 49 0 0 0 0 0 0 0 0 0 0 0 0 0 0 0 0 0 0 0 0 0 0 0 0 0 0 0 0 0 0 0 0 0 0 0 0 0 0 0 0 0 0 0 0 0 0 0 0 0 0
9 3 7 26 29 127 13 15 4 39 86 7 0 117 126 0 54 23 36 83 36 138 5 2 0 0 0 28 36 0 22 25 0 34 4715 0 8 94 363 17 58 5 0 16 0 13 13 13 8 13 13 13 13 0 124 16 32 115 82 96 82 0 86 62 80 68 88 57 91 76 92 32 43 0 0 260 190 168 0 19 52 3 34 13 6 9 0 7 0 198 83 0 134 0 22 35 0 0 0 0 0 35 0 0 0 182 0 0 0 0 0 0 0 0 0 0 0 0 510 516 375 457 318 361 421 342 334 336 294 351 359 341 329 68 438 288 250 0 0 190 0
0 0 1 7 8 120 4 4 1 6 12 2 0 15 57 0 0 0 12 41 12 127 6 0 16 15 10 27 12 0 0 23 7 83 126 90 0 53 3 0 24 25 0 7 0 2 2 2 0 2 2 1 2 0 117 14 0 7 27 29 27 0 24 35 16 13 10 0 3 1 1 2 0 0 0 20 62 14 0 0 4 0 6 0 0 0 0 0 0 53 0 0 0 0 114 98 0 0 0 6 0 12 0 54 0 0 2065 344 100 0 0 0 0 88 0 54 402 247 32 33 55 74 44 50 52 60 61 30 51 58 52 62 60 6 61 48 41 764 0 44 0
3 2 2 6 6 35 3 3 1 4 5 1 6 15 4 0 0 0 3 8 3 35 1 0 0 0 0 8 2 0 2 3 0 12 0 0 0 0 0 0 5 0 0 39 0 0 0 0 0 0 0 0 0 256 0 0 0 0 3 2 3 0 0 4 6 5 0 1 1 1 1 1 1 0 0 11 23 0 0 0 3 0 2 0 0 1 0 0 0 55 17 0 0 0 0 0 0 0 0 0 0 0 0 0 0 204 0 0 0 0 0 0 0 52 0 0 0 125 41 42 87 119 70 78 80 98 99 42 83 92 82 100 97 11 95 78 65 0 0 0 0
0 0 0 0 0 0 0 0 0 0 0 0 0 1049 0 0 0 0 0 0 0 0 0 0 0 0 0 0 0 0 0 0 0 0 0 0 0 0 0 5 0 0 0 13 0 0 0 0 0 0 0 0 0 0 0 0 0 0 0 0 0 0 0 0 0 0 0 0 0 0 0 0 0 0 1 0 0 0 0 0 0 0 0 0 0 0 0 0 0 0 0 0 0 67 0 0 0 0 19 0 0 0 3 1 0 232 0 0 0 0 50 1 14 63 45 1972 1426 566 0 0 0 0 0 0 0 0 0 0 0 0 0 0 0 0 0 0 0 189 147 0 0
