140
0 0 0 0 0 0 0 0 0 0 0 0 0 0 0 0 0 0 0 0 0 0 0 0 0 0 0 0 0 0 0 0 0 753 0 0 0 0 0 0 0 0 0 0 0 0 0 0 0 0 0 0 0 0 0 0 0 0 0 0 0 0 0 0 0 0 0 0 0 0 0 0 0 0 0 0 0 0 0 0 0 0 0 0 0 0 0 0 0 0 0 0 0 0 0 0 0 0 0 0 0 0 0 0 0 0 0 0 0 0 0 0 0 0 0 0 0 0 0 0 0 0 0 0 0 0 0 0 0 0 0 0 0 0 0 0 0 0 0 0
51 0 0 0 6 1 11 0 54 60 0 38 0 366 2 0 1070 0 0 2 0 0 0 0 0 0 0 11 58 116 2 53 24 28 97 115 35 0 0 55 0 7 0 0 0 0 50 34 87 29 134 26 10 16 20 21 33 11 25 37 0 0 0 25 9 23 0 0 0 24 0 0 4 0 7 11 5 24 0 0 0 44 13 0 0 0 0 0 0 0 0 0 0 0 0 0 0 0 0 0 0 0 0 0 0 0 0 7 0 0 0 0 0 0 0 0 0 9 0 0 0 0 0 7 0 0 1 0 0 0 0 0 0 0 0 0 0 0 0 0
93 0 0 0 11 2 20 2 408 420 66 137 2 889 6 0 102 0 0 0 0 0 0 0 0 0 0 39 178 383 79 147 7 0 285 770 0 0 0 31 0 0 0 0 0 0 91 62 158 52 244 47 18 31 36 38 61 20 45 104 0 0 0 78 25 65 0 0 14 50 43 0 12 1 20 22 10 75 0 0 55 66 41 0 0 0 0 0 1 0 0 0 0 0 0 0 0 0 17 0 0 0 0 0 0 0 0 15 0 0 0 0 0 0 0 0 0 0 0 21 0 0 0 22 0 0 2 0 1 1 0 0 0 0 0 0 2 616 17 0
84 5 4 0 10 2 19 2681 14 2 0 141 10 598 3 0 68 0 0 1 0 0 1 0 0 0 0 102 256 776 162 264 247 131 538 2239 1742 19 74 93 0 6 0 0 0 0 83 57 144 48 222 43 16 28 33 34 55 18 41 54 446 0 0 28 9 27 0 0 14 43 36 0 6 1 13 17 9 27 0 0 26 73 37 0 0 0 0 0 0 0 0 0 0 0 0 0 0 0 13 0 0 0 0 0 0 16 0 0 0 0 0 0 0 0 0 0 0 143 0 17 0 0 0 6 0 0 1 0 1 1 0 0 0 0 0 0 0 955 13 0
8 0 0 0 0 0 1 0 3 0 0 0 0 59 0 0 6 0 0 0 0 0 0 0 0 0 0 0 3 1 0 3 0 2 4 0 0 0 0 6 0 0 0 0 0 0 8 6 14 5 22 4 2 3 3 3 5 2 4 4 0 0 0 3 1 3 0 0 1 4 4 0 0 0 0 2 1 2 0 0 0 7 3 0 0 0 0 0 0 0 0 0 0 0 0 0 0 0 0 0 0 0 0 0 0 0 0 0 0 0 0 0 0 0 0 0 0 2 0 0 0 0 0 0 0 0 0 0 0 0 0 0 0 0 0 0 0 0 0 0
0 0 0 0 0 0 0 8 0 0 0 26 2 0 0 0 0 0 0 0 0 0 0 0 0 0 0 2 6 25 5 7 3 4 9859 358 9 133 0 0 0 0 0 0 0 0 0 0 0 0 0 0 0 0 0 0 0 0 0 2 0 0 0 0 0 0 0 0 0 0 0 0 0 0 0 0 0 0 0 0 0 0 0 0 0 0 0 0 0 0 18 0 0 0 0 0 0 0 0 0 14 3 9 0 34 0 0 5 0 0 0 0 0 0 0 0 0 2 1 0 0 0 0 0 0 0 0 0 0 0 0 0 0 0 0 0 0 31 3 0
4 0 0 0 0 0 0 0 0 0 0 0 0 26 0 0 10 0 0 0 0 0 0 0 0 0 0 0 7 19 0 0 0 0 10 0 0 0 0 0 0 0 0 0 0 0 4 2 6 2 10 0 1 1 1 1 2 1 2 4 0 0 0 3 1 3 0 0 0 2 0 0 0 0 0 1 0 0 0 0 0 3 1 0 0 0 0 0 0 0 0 0 0 0 0 0 0 0 0 0 0 0 0 0 0 0 0 1 0 0 0 0 0 0 0 0 0 0 0 0 0 0 0 0 2 1 1 0 2 2 0 2 2 2 2 2 0 5 0 0
115 3 0 0 15 0 25 0 937 1143 328 333 286 1109 6 2800 277 0 0 0 0 0 1 0 0 0 0 154 409 1150 170 382 343 192 750 2937 1669 0 0 148 18 190 109 49 74 0 113 77 196 65 302 58 22 37 45 43 75 24 56 119 401 17 0 78 26 69 0 11 21 63 74 0 16 1 24 26 16 75 0 0 86 103 51 0 0 0 0 0 1 0 248 0 0 0 0 0 0 0 8 0 0 730 0 0 0 11 0 0 0 0 0 0 0 0 0 0 0 230 34 86 0 0 0 0 14 13 11 7 15 15 0 14 13 14 14 14 0 1310 59 0
0 0 0 0 0 0 0 0 0 0 0 1 3857 0 0 0 0 0 0 0 0 0 0 0 0 0 0 189 1 0 0 0 0 1 0 0 0 0 0 0 0 827 0 0 0 0 0 0 0 0 0 0 0 0 0 0 0 0 0 3 3 0 0 0 0 0 0 0 0 0 0 0 0 0 0 0 0 0 0 0 0 0 0 0 0 0 0 0 0 0 3 0 0 0 0 0 0 0 0 0 0 0 0 0 0 0 0 0 0 0 0 0 0 0 0 0 0 0 0 0 0 0 0 0 0 0 0 0 0 0 0 0 0 0 0 0 0 0 0 0
0 0 0 0 0 0 0 0 0 0 0 7 340 0 0 0 0 0 2 0 0 0 0 0 0 0 0 1 987 1 0 0 0 20 0 0 0 0 0 0 0 233 0 0 188 0 0 0 0 0 0 0 0 0 0 0 0 0 0 1 1 0 0 0 0 0 0 9015 0 141 0 0 0 5 0 6 0 0 0 0 0 0 0 0 0 0 0 0 0 0 11 0 0 0 0 0 0 0 0 0 0 0 0 0 0 0 0 2 0 0 0 0 0 0 0 0 0 0 0 0 0 0 0 0 0 0 0 0 0 0 0 0 0 0 0 0 0 0 0 0
216 20 0 16 27 5 49 0 4 2 0 109 81 1530 5 0 135 0 0 8 0 0 0 0 3 0 0 19 45 6043 10 70 0 54 96 0 0 0 23 0 0 0 0 194 0 0 212 145 369 122 569 109 41 72 84 59 142 46 105 34 5 12 0 0 3 14 0 17 39 101 94 0 27 0 41 35 21 0 0 39 181 196 97 0 0 0 0 0 1 0 11 0 0 0 0 0 0 0 34 0 0 29 0 14 0 11 0 37 0 0 0 0 0 0 0 0 0 380 55 23 0 0 6 20 0 1 5 5 2 2 0 1 1 1 0 0 0 0 0 0
14 0 0 0 1 0 1 0 0 0 0 0 9 0 0 0 7 0 0 0 0 0 0 0 0 0 0 0 10 2 896 1 0 5 2 0 0 0 0 0 0 0 0 0 1 0 20 14 35 12 54 10 4 7 8 7 13 4 10 17 0 2 0 11 3 9 0 1 0 10 0 0 0 0 0 4 1 0 0 0 1 18 8 0 0 0 0 0 0 0 11 0 0 0 0 0 0 0 17 0 0 0 0 0 0 0 0 0 0 0 0 0 0 0 0 0 0 24 0 0 0 0 0 0 0 0 0 0 0 0 0 0 0 0 0 0 0 0 0 0
24 0 0 0 3 0 5 0 0 0 0 0 0 110 1 13 17 0 10 0 0 0 0 0 0 0 0 5 28 8 0 62 24 67 52 0 0 0 0 0 0 0 277 25 642 0 24 16 42 14 64 12 5 8 9 0 16 5 12 0 1 2 0 13 4 12 0 5 6 449 0 0 3 0 2 5 2 8 0 5 20 22 11 0 0 0 0 0 0 0 0 0 0 0 0 0 0 0 0 0 0 0 0 0 0 0 0 0 0 0 0 0 0 0 0 0 0 44 0 0 0 0 0 1 0 0 0 0 0 0 0 0 0 0 0 0 0 0 0 0
0 0 0 0 0 0 0 0 12 11 0 616 0 0 0 0 2 0 0 0 0 0 1 0 0 0 0 277 821 3059 631 877 7574 440 1936 5953 1107 0 0 0 0 0 0 0 0 0 0 0 0 0 0 0 0 0 0 0 0 0 0 39 50 15 0 0 0 3 0 0 0 0 3408 0 0 0 0 0 0 0 0 0 0 0 0 0 0 0 0 0 0 0 0 0 0 0 0 0 0 0 9 0 0 0 0 0 0 31 0 70 0 0 0 0 0 0 0 0 0 100 0 213 0 0 0 0 0 0 0 0 0 0 0 0 0 0 0 0 0 3793 178 0
3 0 0 0 0 0 1 0 0 0 0 0 0 23 0 0 2 0 0 0 0 0 0 0 0 0 0 0 1 0 0 1 1 1 2 0 0 0 1 3 0 0 0 0 1 0 3 2 6 2 9 0 1 1 1 0 2 1 2 0 0 0 0 0 0 0 0 0 1 1 0 0 0 0 0 0 0 0 0 0 1 3 1 0 0 0 0 0 0 0 3 0 0 0 0 0 0 0 0 0 0 0 0 0 0 0 0 1 0 0 0 0 0 0 0 0 0 0 0 0 0 0 0 0 0 0 0 1 0 0 0 0 0 0 0 0 10 0 0 0
128 54 22 71 34 0 2094 0 17 2647 29 2755 0 15 13 0 0 0 127 1 0 21 20 21 0 0 0 41 223 63 13 625 0 730 474 38 682 0 0 353 0 0 5317 1527 7867 0 18 1 16 6 8 1 0 4 0 16 12 19 12 16 1 1874 0 103 31 79 178 4570 2191 5269 23 1526 3 5 6 12 6 97 0 0 0 0 0 0 0 0 0 0 0 0 10493 0 0 0 0 0 0 0 0 0 0 0 0 0 0 27 0 0 0 0 0 0 0 0 0 0 0 15 0 0 0 0 0 0 15 12 9 4 16 16 0 17 14 16 17 17 0 0 0 0
0 0 0 0 0 0 0 0 0 0 0 0 0 0 0 13 0 0 2 0 0 0 0 0 0 0 0 0 12 58 0 32 0 26 45 0 0 0 0 0 0 0 0 0 65 0 2 1 3 1 4 0 0 0 1 0 1 0 1 2 1 0 0 0 0 0 0 0 0 127 0 0 0 0 0 0 0 0 0 0 0 1 0 0 0 0 0 0 0 0 0 0 0 0 0 0 0 0 0 0 0 0 0 0 0 0 0 2 0 0 0 0 0 0 0 0 0 0 0 0 0 0 0 0 0 0 0 0 0 0 0 0 0 0 0 0 0 0 7 0
2 12 1111 240 129 48 22 32 60795 542 25 68 229 9 11171 21 64 0 16590 19513 21607 0 45 0 66 1164 0 11 12869 49 8 0 115 76 4406 14 115 4608 45 16 134 1821 606 477 71 0 1 3 1 2 2 519 723 1873 8400 8 9 3 11 5155 7395 22523 2912 15547 4637 11755 2682 21538 1998 26 224 173 349 5154 473 5044 165 15537 0 218 238 54 10 0 8 0 0 0 0 0 0 0 0 0 0 0 0 0 251 0 0 97 0 254 0 0 0 0 235 3969 48 0 218 0 0 150 0 189 78 2385 0 22 0 43 14 12 24 45 15 15 280 14 16 14 14 14 0 2 40 13860
0 7 21 11 2 0 0 18 18 0 3 1 0 0 45 0 0 0 0 10342 0 1 1 1 0 0 0 10 11 2 1 77 0 26 3 6 0 2 1 1 0 14 0 10 1 0 1 0 1 0 0 701 748 982 4435 1 0 1 0 38 61 0 0 13 5 12 0 0 20 0 6 0 0 82 12 81 3 10 0 0 64 0 4 0 0 0 2691 0 0 0 0 0 0 0 0 0 0 241 0 0 0 3 0 100 0 0 0 0 0 0 0 0 0 0 0 0 0 0 0 0 0 0 0 0 1 1 1 1 1 1 0 0 1 0 0 0 0 0 0 2
0 0 424 0 0 0 0 0 274 6 0 0 1 0 912 0 0 0 0 0 0 0 0 0 0 0 0 0 144 0 0 0 0 0 0 0 0 0 0 0 0 621 0 25 0 0 0 636 12 449 187 468 664 459 505 132 238 66 264 1990 579 73 0 178 54 135 0 0 4 0 0 0 5 10 25 81 7 171 0 0 0 0 0 0 0 0 0 0 0 0 0 0 0 0 0 470 416 564 0 0 0 0 0 0 0 0 0 0 0 0 0 0 0 0 0 0 0 0 0 0 0 0 0 0 0 0 0 0 0 0 0 0 0 0 0 0 0 0 0 28
0 0 3 2 19 0 0 0 12 0 0 0 1 0 32 0 1 0 62 108 0 0 0 0 0 0 0 0 4 0 0 0 0 0 1812 0 0 1 0 0 0 5 0 1 0 0 0 717 14 506 210 0 816 514 555 152 268 75 297 0 16 0 0 5 3 4 2 40 19 2 2 0 9 44 16 37 20 5 18 10 0 0 0 0 0 0 0 0 0 358 0 0 0 0 0 0 0 631 0 0 0 0 0 0 0 0 0 0 0 0 0 0 0 0 0 0 0 0 0 0 0 0 0 0 58 46 27 0 60 60 0 64 54 62 64 63 0 0 0 0
0 0 1 0 0 0 0 0 1 0 0 0 0 0 3 0 0 0 0 0 0 0 0 0 0 0 0 0 0 0 0 0 0 0 0 0 0 0 0 0 0 0 0 0 0 0 0 0 0 0 0 0 0 0 0 0 0 0 0 3 2 0 0 5 1 4 0 2 3 0 0 0 0 13 0 13 0 0 0 0 0 0 0 0 0 0 0 0 0 0 0 0 0 0 0 0 0 0 0 0 0 0 0 0 0 0 0 0 0 0 0 0 0 0 0 0 0 0 0 0 0 0 0 0 0 0 0 0 0 0 0 0 0 0 0 0 0 0 0 0
0 0 0 0 0 0 0 0 0 0 0 0 0 0 0 0 0 0 0 0 0 0 0 0 0 0 0 0 0 0 0 0 0 0 0 0 0 0 0 0 0 0 0 0 0 0 0 0 0 0 0 0 0 0 0 0 0 0 0 0 0 0 0 0 0 0 0 0 0 0 0 0 0 0 0 0 0 0 0 0 0 0 0 0 0 0 0 0 0 0 0 0 0 0 0 0 0 0 0 0 0 0 0 0 0 0 0 0 0 0 0 0 0 0 0 0 0 0 0 0 0 0 0 0 0 0 0 0 0 0 0 0 0 0 0 0 0 0 0 0
0 0 0 0 0 0 0 0 0 0 0 0 0 0 1 0 0 0 0 0 0 0 0 0 0 0 0 0 0 0 0 0 0 0 0 0 0 0 0 0 0 0 0 0 0 0 0 0 0 0 0 0 0 0 0 0 0 0 0 0 1 0 0 1 0 1 0 1 0 0 0 0 0 3 0 49 0 0 0 0 0 0 0 0 0 0 0 0 0 0 0 0 0 0 0 0 0 0 0 0 0 0 0 0 0 0 0 0 0 0 0 0 0 0 0 0 0 0 0 0 0 0 0 0 0 0 0 0 0 0 0 0 0 0 0 0 0 0 0 0
0 36 21 58 5 0 2 14 9 8 0 6 0 2 0 28 13 0 86 120 216 53 0 53 0 1 158 1 2 77 104 5 8 4 49 30 14 0 0 0 5 0 3 0 0 0 46 1 40 16 21 11 8 0 24 41 31 47 30 4 10 0 127 0 40 12 0 3 6 6 0 77 38 9 59 26 74 0 0 0 0 6 2 0 0 5 9 0 14 0 9 0 0 0 0 71 0 0 55 0 0 35 0 0 0 0 0 0 0 35 20 0 0 0 0 0 0 0 0 0 0 0 0 0 216 180 113 7 225 225 120 241 205 235 240 238 0 6 25 0
0 3 2 4 24 0 2 80 1 3 0 6 0 0 0 6 6 0 86 109 274 36 6 34 0 0 14 2 4 56 66 7 21 4 67 16 42 1 0 0 0 0 0 0 0 0 33 1 29 11 15 13 10 15 32 0 22 33 21 2 16 4 0 0 15 5 0 3 7 0 10 0 64 0 0 15 39 0 0 0 0 5 0 0 0 0 0 0 5 0 0 0 0 0 0 4 0 0 25 0 0 7 0 0 0 79 0 4 42 63 0 4 8 0 0 2 0 0 0 0 0 0 0 0 84 71 47 11 86 87 12 91 79 89 91 90 0 0 12 0
1 143 55 148 21 0 0 777 28 12 5 26 4 5 15 2 114 328 674 508 1281 65 0 65 0 0 0 14 42 181 124 42 0 24 328 357 428 12 0 0 0 0 0 0 0 0 56 1 49 19 25 46 36 57 191 0 38 57 37 5 140 4 0 14 11 13 0 13 6 0 0 0 0 14 0 35 0 0 0 0 0 6 0 0 0 0 0 0 2 0 0 0 0 0 0 2 0 0 0 0 0 0 0 0 0 0 0 3 0 12 0 0 0 0 0 0 0 0 0 0 0 0 0 0 3 4 4 1 3 3 0 4 4 4 4 4 0 90 23 0
29 0 0 0 2 0 13 0 0 0 0 5 0 0 0 0 6 0 0 6 0 18 0 18 0 0 0 0 11 33 19 177 0 8 58 0 9 0 0 15 0 0 0 12 0 0 31 11 40 14 48 8 3 8 6 20 21 19 18 4 3 1 0 0 15 5 0 0 3 19 8 0 1 2 3 5 0 0 0 0 4 0 0 0 0 0 0 0 5 0 0 0 0 0 0 0 0 0 0 0 0 0 0 0 0 0 0 0 26 30 0 0 0 0 0 0 0 0 0 0 0 0 0 0 0 2 4 0 1 1 0 1 1 2 2 2 0 70 0 0
6 0 0 0 0 0 0 0 0 0 0 0 0 0 0 0 0 0 0 0 0 5 0 8 0 0 0 0 0 14 7 98 0 3 28 0 0 0 0 0 0 0 0 0 0 0 14 4 18 6 19 3 1 4 3 0 9 9 8 1 2 0 0 0 11 3 0 6 1 0 0 0 0 0 0 2 0 0 0 0 0 6 2 0 0 0 0 0 4 3 0 0 0 0 0 0 0 0 0 0 0 0 0 0 0 0 0 0 9 29 0 0 0 0 0 0 0 0 0 0 0 3 0 0 0 2 3 0 0 1 0 1 1 1 1 1 0 0 0 0
0 0 0 0 0 0 0 0 0 0 0 0 0 0 0 0 0 0 0 0 0 1 0 1 0 0 0 0 0 0 0 11 0 0 1 0 0 0 0 0 0 0 0 0 0 0 1 0 2 1 2 0 0 0 0 0 1 1 1 0 0 0 0 0 2 0 0 0 0 0 0 0 0 0 0 0 0 0 0 0 0 0 0 0 0 1 0 0 1 6 0 0 0 0 0 0 0 0 0 0 0 0 0 0 0 0 0 0 0 8 0 0 0 0 0 0 0 0 0 0 0 0 0 0 0 0 0 0 0 0 0 0 0 0 0 0 0 0 0 0
3 0 0 0 0 0 3 0 0 0 0 0 14 0 0 0 30 0 0 1 0 2 0 2 0 0 0 0 0 5 0 20 0 1 7 0 0 0 0 0 0 0 0 0 0 0 4 1 5 2 6 1 0 1 1 0 2 2 2 1 0 1 0 0 2 1 0 0 1 0 0 0 0 0 0 1 0 0 0 0 0 0 0 0 0 0 0 0 1 4 0 0 0 0 0 0 0 0 0 0 0 0 0 0 0 0 0 0 0 0 0 0 0 0 0 0 0 0 0 0 0 0 0 0 0 0 1 0 0 0 0 0 0 0 0 0 0 0 0 0
54 0 0 0 0 0 220 0 24 78 0 0 0 0 0 0 0 4797 0 0 0 0 0 0 0 0 0 0 0 0 0 0 0 6 0 0 0 0 0 0 0 0 0 0 0 0 0 0 0 0 0 315 257 0 0 0 0 0 0 0 0 0 0 0 0 0 0 0 0 0 0 0 0 0 0 0 0 0 0 0 0 0 0 0 0 0 0 0 0 0 0 0 0 0 0 0 0 0 0 0 0 0 0 0 0 0 0 0 0 13 0 0 0 0 0 0 0 0 0 0 0 0 0 0 0 0 0 0 0 0 0 0 0 0 0 0 0 0 0 0
471 0 0 0 2 0 12 0 41 1452 594 162 0 0 0 273 110 0 218 11 1 42 1 42 0 0 4601 75 262 162 46 1546 0 1257 928 0 1463 0 0 1168 0 0 6326 154 12724 0 76 28 100 35 123 22 8 24 16 42 51 45 43 11 11 4 0 0 34 12 0 70 43 9075 3405 0 112 112 48 79 72 0 0 24 0 43 28 0 0 0 0 0 12 2 0 0 0 0 0 0 0 1503 0 0 0 394 0 0 1232 0 0 0 73 198 36 0 0 0 0 18 0 474 0 30 0 64 0 0 1 5 9 0 5 5 4723 4 3 6 4 4 24 190 46 0
0 0 35 0 0 0 0 0 0 0 0 0 0 0 0 0 0 0 0 0 0 0 0 0 0 0 0 0 0 0 0 0 0 0 0 0 0 0 0 0 0 0 0 0 0 0 0 0 0 0 0 0 0 0 0 0 0 0 0 0 0 0 0 0 0 0 0 0 0 0 0 0 0 0 0 0 0 0 0 0 0 0 0 0 0 0 0 0 0 2 0 0 0 0 0 1 0 0 0 0 0 0 0 0 0 0 0 0 0 0 0 0 0 0 0 0 0 166 0 0 0 0 0 0 0 0 0 0 0 0 0 0 0 0 0 0 0 0 0 0
2 0 0 0 0 0 0 0 25 88 0 0 0 0 0 0 0 0 0 0 0 1 0 1 0 0 0 0 0 0 0 16 0 0 0 0 0 0 0 0 0 0 0 0 0 0 3 1 3 1 4 0 0 0 1 0 2 2 1 0 7 0 0 0 3 1 0 0 0 0 0 0 4 0 0 0 0 0 0 0 0 0 0 0 0 0 0 0 0 0 0 0 0 0 0 0 0 0 0 0 0 0 0 0 0 0 0 0 0 11 0 0 0 0 0 0 0 0 0 0 0 0 0 0 0 0 1 0 0 0 0 0 0 0 0 0 0 0 0 0
239 0 0 0 12 0 340 0 1379 3214 1316 348 4771 0 114 0 290 0 0 24 1 70 1 70 0 0 0 24 832 549 104 790 97 86 441 0 259 0 0 0 28 3168 0 69 35 0 127 47 168 59 204 36 14 41 27 76 85 76 73 377 89 49 0 842 316 658 0 73 58 115 123 0 57 12 35 83 16 836 0 0 40 69 25 0 559 3 0 0 18 20 2 1 0 0 0 6 0 0 0 0 0 1640 0 0 1623 0 0 0 136 203 15 0 0 0 0 35 0 220 0 84 0 17 124 128 9 14 18 1 11 11 0 13 12 15 14 14 59 247 36 0
81 0 78 0 8 0 52 0 256 660 92 127 5874 0 150 0 104 0 48 28 1 82 2 82 0 0 0 0 1033 165 83 1009 0 421 461 0 0 0 0 443 22 3981 1167 135 3913 0 147 54 194 68 236 41 16 48 31 90 99 89 85 498 136 36 0 1136 414 883 0 38 75 2883 69 0 27 12 42 105 19 1112 0 0 0 81 42 0 698 0 0 0 20 17 0 1 1 0 0 0 0 0 0 0 0 452 0 0 1604 0 0 0 178 108 13 0 0 0 0 33 0 580 0 110 0 108 0 0 9 15 20 1 11 11 0 14 13 16 14 15 54 173 14 0
158 222 192 0 26 0 92 22 92 340 102 150 7960 1027 33 50 432 0 0 1 0 3 0 3 0 0 0 60 297 265 30 1284 320 68 452 467 639 0 7 184 49 5070 0 0 111 0 146 99 252 84 388 74 28 50 57 59 98 33 73 75 41 67 0 216 130 190 0 32 86 172 26 0 0 0 0 39 7 0 0 21 116 121 68 1 26 34 26 0 24 4 6 1 0 0 0 2 0 0 36 0 0 195 0 0 3355 3 0 0 0 170 0 0 0 0 0 0 0 551 62 15 0 392 337 490 13 18 23 0 15 15 0 18 17 21 19 19 39 495 59 0
16 90 375 0 14 1 3 376 2 1 0 23 6 99 0 22 244 0 0 8 1 2 0 2 11 15 5 54 28 109 26 61 342 11 83 179 483 0 0 19 0 0 0 0 0 0 16 10 26 9 38 0 3 0 6 7 4 5 8 10 140 0 0 10 10 10 0 30 5 102 175 5 3 19 0 16 4 0 0 0 0 0 7 0 0 5 0 0 0 12 0 1 1 0 0 61 0 0 0 0 0 0 0 0 0 23 0 0 0 0 0 0 0 0 0 0 0 0 0 0 0 42 347 360 2 2 8 13 2 2 0 2 3 2 2 2 40 198 24 0
21 0 0 0 0 1 34 0 0 26 6188 30 808 130 0 0 4 0 0 101 5 92 1295 92 99 1077 317 0 2 119 161 68 0 12 32 44 0 0 0 0 987 0 0 0 0 479 97 20 100 42 85 18 11 34 13 63 67 85 63 53 221 46 0 0 3 266 0 142 51 513 157 399 15 732 9 706 15 0 0 0 0 85 23 0 0 0 0 0 1 0 0 0 0 0 0 2 0 0 0 0 0 0 0 0 0 0 0 102 145 221 0 0 0 0 0 33 0 287 0 0 0 1015 723 571 14 11 9 4 15 15 269 16 13 15 15 15 240 812 1398 0
41 11 169 13 32 1 40 0 5 42 243 53 1 274 8 879 68 0 0 119 6 345 4581 345 0 414 474 31 19 148 302 72 54 27 60 0 0 0 183 0 0 0 0 0 0 3078 337 37 325 126 235 33 14 106 22 276 226 311 215 30 48 61 0 2 224 80 0 49 336 80 271 391 43 176 0 191 6 0 0 0 8 95 136 0 0 0 0 0 77 0 0 0 0 0 0 1 0 0 11 0 0 21 0 0 0 71 0 16 255 761 53 0 13 0 0 113 0 659 31 0 0 3515 0 0 13 39 122 157 16 16 418 25 41 34 28 29 145 0 0 0
2 0 102 0 57 0 12 0 0 0 2350 5 506 8 0 2 2 0 0 0 0 11 10 12 11 411 385 16 1 7 8 6 5 2 4 0 0 0 16 593 236 0 0 0 5 0 12 3 11 5 8 3 2 4 2 9 8 11 8 0 12 19 0 0 25 105 0 13 208 110 167 0 14 28 0 29 4 0 0 0 2 0 6 171 0 0 0 0 8 1 0 0 0 0 0 3 0 0 8 0 0 0 0 0 0 181 0 12 0 99 0 0 0 0 0 13 0 217 14 0 0 0 7 64 3 6 19 30 3 3 349 3 5 4 3 3 0 0 0 0
317 358 102 250 76 1 5127 0 43 6381 105 6739 0 49 34 0 205 0 449 223 41 134 6 134 0 619 239 57 197 74 72 542 0 639 438 143 0 221 0 629 40 65 0 2991 7625 0 118 5 104 41 56 16 11 57 97 100 79 118 77 116 69 4540 0 77 187 109 99 689 5663 4706 165 3334 519 798 432 533 353 0 362 293 0 43 196 0 0 0 0 0 57 0 18318 0 0 0 0 2 0 40 79 370 0 113 0 0 0 5 0 15 9 27 25 368 344 0 0 6 0 69 13 0 0 0 0 0 515 432 281 2 539 540 208 586 495 573 585 580 52 233 733 0
263 35 734 27 30 0 4286 0 15 5038 0 5626 0 23 33 0 18 0 0 0 0 1 5 1 1220 11 15 0 132 20 2 7 0 5 27 0 0 78 989 69 0 728 0 0 779 0 2 1 3 1 4 1 1 1 1 0 1 1 1 2391 25 3866 0 162 79 136 0 56 4461 7 0 0 10 14 5 103 7 42 0 63 0 7 12 0 1317 0 0 0 1 0 0 0 0 0 0 0 0 0 0 0 0 506 0 0 0 0 0 1173 0 0 0 0 0 0 0 137 0 482 0 97 0 0 0 0 0 1 8 17 2 2 0 1 1 1 1 1 172 0 0 0
30 123 68 161 31 1 5 0 25 0 151 0 0 207 0 0 0 0 0 70 3 368 511 368 193 628 85 86 15 87 252 105 0 23 62 0 0 0 2278 145 27 0 0 0 0 0 347 31 326 128 218 29 13 109 19 292 233 330 224 11 3 0 0 0 12 17 0 94 252 211 50 0 139 338 0 347 143 0 0 0 0 63 151 0 341 0 0 0 4 23 1 7 13 0 0 45 0 0 16 0 0 430 0 0 0 13 0 195 72 161 0 0 0 0 415 62 0 117 15 48 0 295 83 0 16 16 22 36 16 16 39 14 16 14 14 14 100 125 33 0
160 161 189 195 49 0 1488 2442 515 1893 525 2075 327 476 1225 144 118 208 192 215 10 60 249 60 23 625 654 27 1340 538 198 161 1839 113 313 1070 1270 251 51 0 0 315 230 5154 2615 0 121 119 166 107 228 120 100 101 133 89 107 75 98 318 1156 1466 0 1503 483 1176 39 130 1707 253 1154 207 205 225 193 331 113 1349 0 393 97 191 221 0 0 584 4707 36 238 5205 445 547 374 279 0 972 328 0 156 0 0 7801 0 0 0 0 0 40 41 384 55 0 0 0 0 29 0 355 1366 710 0 0 0 0 113 145 115 159 98 98 595 64 95 65 62 64 2524 316 0 0
0 0 0 0 0 0 0 0 0 0 0 0 0 0 0 0 0 0 0 0 0 0 0 0 0 0 0 0 0 0 0 0 0 0 0 0 0 0 0 0 0 0 0 0 0 0 0 0 0 0 0 0 0 0 0 0 0 0 0 0 0 0 0 0 0 0 0 0 0 0 0 0 0 0 0 0 0 0 0 0 0 0 0 0 0 0 0 0 0 0 0 0 0 0 0 0 0 0 0 0 0 0 0 0 0 0 0 0 0 0 0 0 0 0 0 0 0 0 0 0 0 0 0 0 0 0 0 0 0 0 0 0 0 0 0 0 0 0 0 0
0 0 0 0 0 0 0 0 0 0 0 0 0 0 0 0 0 0 0 0 0 0 0 0 0 0 0 0 0 0 0 0 0 0 0 0 0 0 0 0 0 0 0 0 0 0 0 0 0 0 0 0 0 0 0 0 0 0 0 0 0 0 0 0 0 0 0 0 0 0 0 0 0 0 0 0 0 0 0 0 0 0 0 0 0 0 0 0 0 0 0 0 0 0 0 0 0 0 0 0 0 0 0 0 0 0 0 0 0 0 0 0 0 0 0 0 0 0 0 0 0 0 0 0 0 0 0 0 0 0 0 0 0 0 0 0 0 0 0 0
0 0 0 0 0 0 0 0 0 0 0 0 0 0 0 0 0 0 0 0 0 0 0 0 0 0 0 0 0 0 0 0 0 0 0 0 0 0 0 0 0 0 0 0 0 0 0 0 0 0 0 0 0 0 0 0 0 0 0 0 0 0 0 0 0 0 0 0 0 0 0 0 0 0 0 0 0 0 0 0 0 0 0 0 0 0 0 0 0 0 0 0 0 0 0 0 0 0 0 0 0 0 0 0 0 0 0 0 0 0 0 0 0 0 0 0 0 0 0 0 0 0 0 0 0 0 0 0 0 0 0 0 0 0 0 0 0 0 0 0
0 0 0 0 0 0 0 0 0 0 0 0 0 0 0 0 0 0 0 0 0 0 0 0 0 0 0 0 0 0 0 0 0 0 0 0 0 0 0 0 0 0 0 0 0 0 0 0 0 0 0 0 0 0 0 0 0 0 0 0 0 0 0 0 0 0 0 0 0 0 0 0 0 0 0 0 0 0 0 0 0 0 0 0 0 0 0 0 0 0 0 0 0 0 0 0 0 0 0 0 0 0 0 0 0 0 0 0 0 0 0 0 0 0 0 0 0 0 0 0 0 0 0 0 0 0 0 0 0 0 0 0 0 0 0 0 0 0 0 0
0 0 0 0 0 0 0 0 0 0 0 0 0 0 0 0 0 0 0 0 0 0 0 0 0 0 0 0 0 0 0 0 0 0 0 0 0 0 0 0 0 0 0 0 0 0 0 0 0 0 0 0 0 0 0 0 0 0 0 0 0 0 0 2 0 1 0 0 0 0 0 0 0 0 0 0 0 0 0 0 0 0 0 0 0 0 0 0 0 0 0 0 0 0 0 0 0 0 0 0 0 0 0 0 0 0 0 0 0 0 0 0 0 0 0 0 0 0 0 0 0 0 0 0 0 0 0 0 0 0 0 0 0 0 0 0 0 0 0 0
592 0 0 0 0 6054 536 0 0 0 0 0 0 0 358 0 58 0 0 0 128 0 0 0 0 0 0 0 0 0 0 0 0 1 175 0 0 0 2 0 0 0 0 0 0 0 0 24 0 17 7 0 44 31 80 5 9 3 10 0 231 0 0 0 0 0 0 0 0 0 0 0 0 0 0 0 0 0 0 0 0 0 0 0 0 0 0 0 0 0 0 0 0 0 0 0 0 0 0 0 0 0 0 0 0 0 0 0 0 0 0 0 0 0 0 0 0 0 0 0 0 0 0 0 0 0 0 0 0 0 0 0 0 0 0 0 0 0 0 0
0 0 0 0 0 0 0 0 0 0 0 0 0 0 0 0 0 0 0 0 0 0 0 0 0 0 0 0 0 0 0 0 0 0 0 0 0 0 0 0 0 0 0 0 0 0 0 0 0 0 0 0 0 0 1 0 0 0 0 0 0 0 0 0 0 0 0 0 0 0 0 0 0 0 0 0 0 0 0 0 0 0 0 0 0 0 0 0 0 0 0 0 0 0 0 0 0 0 0 0 0 0 0 0 0 0 0 0 0 0 0 0 0 0 0 0 0 0 0 0 0 0 0 0 0 0 0 0 0 0 0 0 0 0 0 0 0 0 0 0
0 0 0 0 0 0 0 0 0 0 0 0 0 2 0 0 1 0 0 0 0 1 1 1 15 0 0 0 0 0 0 0 0 0 27 0 0 0 0 0 0 0 0 0 0 0 1 0 1 0 1 0 0 0 0 0 1 1 1 0 0 0 0 0 0 0 0 0 0 0 0 0 1 1 9 3 4 0 0 0 0 0 0 0 0 0 0 0 0 0 0 0 0 0 0 11 0 0 0 0 0 0 0 0 0 0 0 0 0 0 0 0 0 0 0 0 0 0 0 0 0 0 0 0 5 4 4 5 5 5 0 5 5 5 5 5 0 0 0 0
0 0 0 0 0 0 0 0 0 0 0 0 0 0 0 0 0 0 0 0 0 0 0 0 0 0 0 0 0 0 0 0 0 0 0 0 0 0 0 0 0 0 0 0 0 0 0 0 0 0 0 0 0 0 0 0 0 0 0 0 0 0 0 0 0 0 0 0 0 0 0 0 0 0 0 0 0 0 0 0 0 0 0 0 0 0 0 0 0 0 0 0 0 0 0 0 0 0 0 0 0 0 0 0 0 0 0 0 0 0 0 0 0 0 0 0 0 0 0 0 0 0 0 0 0 0 0 0 0 0 0 0 0 0 0 0 0 0 0 0
0 0 0 0 0 0 0 0 125 21 0 0 1 1 69 0 0 0 0 0 0 4 0 4 0 101 50 0 578 1 0 1 0 1 119 0 0 0 0 0 0 0 0 17 0 0 4 0 4 1 2 0 1 1 0 0 3 4 3 0 24 27 0 708 211 537 0 31 38 25 20 0 8 145 11 174 5 692 0 0 0 6 0 0 0 9 0 0 0 336 0 0 0 0 0 166 0 0 0 0 0 0 0 0 0 0 0 0 0 0 0 0 0 0 0 0 0 0 0 52 0 0 0 0 1 1 1 1 1 1 0 0 1 0 0 0 0 0 0 0
0 0 0 0 0 0 0 0 0 0 0 0 0 0 0 0 0 0 0 0 0 0 1 0 0 0 0 0 0 0 0 0 0 0 0 0 0 0 0 0 0 0 0 0 0 0 0 0 0 0 0 0 0 0 0 0 0 0 0 0 0 0 0 0 0 0 0 0 0 0 0 0 0 0 1 0 1 0 0 0 0 0 0 0 0 0 0 0 0 0 0 0 0 0 0 46 0 0 0 0 0 0 0 0 0 0 0 0 14 14 0 0 0 0 0 0 0 0 0 0 0 0 0 0 0 0 2 5 0 0 0 0 1 0 0 0 0 0 0 0
0 0 0 0 0 0 0 0 0 0 0 0 0 0 0 0 0 0 0 0 0 0 0 0 0 0 0 0 0 0 0 0 0 0 0 0 0 0 0 0 0 0 0 0 0 0 0 0 0 0 0 0 0 0 0 0 0 0 0 0 0 0 0 0 0 0 0 0 0 0 0 0 0 0 0 0 0 0 0 0 0 0 0 0 0 0 0 0 0 0 0 0 0 0 0 0 0 0 0 0 0 0 0 0 0 0 0 0 0 0 0 0 0 0 0 0 0 0 0 0 0 0 0 0 0 0 0 0 0 0 0 0 0 0 0 0 0 0 0 0
0 0 0 0 0 0 0 0 0 0 0 0 0 0 0 0 0 0 0 0 0 0 0 0 0 0 0 0 0 0 0 0 0 0 0 0 0 0 0 0 0 0 0 0 0 0 0 0 0 0 0 0 0 0 0 0 0 0 0 0 0 0 0 0 0 0 0 0 0 0 0 0 0 0 0 0 0 0 0 0 0 0 0 0 0 4004 0 0 0 1037 0 0 0 0 0 4 0 0 0 0 0 0 0 0 0 0 0 0 0 0 0 0 0 0 0 0 0 0 0 0 0 0 0 0 1 1 0 0 1 1 0 1 1 1 1 1 0 0 0 0
1 0 0 0 0 0 0 0 0 0 0 0 48 0 0 0 0 0 0 0 0 0 0 0 0 0 0 0 0 0 0 1 0 1 3 0 0 0 0 0 0 24 0 0 0 0 2 3 3 2 4 3 2 1 4 1 2 1 2 0 0 0 0 1 0 1 0 0 0 0 0 0 0 0 0 1 0 0 0 0 0 2 0 0 0 0 0 0 0 0 0 0 0 0 0 1 0 0 0 0 0 0 0 0 0 0 0 0 0 0 0 0 0 0 0 0 0 0 0 0 0 0 0 0 0 0 0 0 0 0 0 0 0 0 0 0 0 0 0 0
99 3 2 0 1 72 172 0 0 0 0 0 0 0 0 0 0 0 0 0 0 0 0 0 0 0 0 0 0 0 0 0 0 0 0 0 0 0 0 0 0 0 0 0 0 0 0 0 0 0 0 0 0 0 1 0 0 0 0 0 0 0 0 0 0 0 0 0 0 0 0 0 0 0 0 0 0 0 0 0 0 0 0 0 0 0 0 0 0 0 0 0 0 0 0 0 0 0 0 0 0 0 0 0 0 0 0 0 0 0 0 0 0 0 0 0 0 0 0 0 0 0 0 0 0 0 0 0 0 0 0 0 0 0 0 0 0 0 0 0
363 548 784 322 139 1280 1626 0 0 1 0 0 0 0 0 0 120 0 11 0 18 0 0 0 3 0 0 0 5 1 0 16 0 19 16 0 0 0 4 0 0 0 0 0 187 0 0 1 0 1 0 2 2 2 5 0 1 0 1 21 0 0 0 3 1 3 0 1 0 135 0 0 0 0 0 1 0 0 0 0 0 0 0 0 0 0 0 0 0 1 0 0 0 0 0 0 0 0 0 0 0 0 0 0 0 0 0 4 0 0 0 0 0 0 0 0 0 0 0 0 0 0 0 0 0 0 0 0 0 0 0 0 0 0 0 0 0 30 0 0
802 5349 11964 3206 1455 4246 1399 3826 2348 844 7837 722 6846 4156 4790 510 1464 0 259 316 764 339 383 340 0 2215 2280 432 10671 700 391 699 2783 537 995 1240 2624 3851 236 4787 616 10637 2176 2091 3342 139 871 915 1267 794 1825 814 668 672 676 455 780 479 698 20402 3471 951 0 12550 4231 9982 1969 1608 829 5628 0 4574 748 2967 5954 4147 367 12213 0 543 539 832 402 226 16 1 655 0 167 602 7 1 85 0 0 50 0 146 631 0 771 469 0 0 289 203 0 159 638 306 91 202 258 0 0 46 0 1529 419 3009 0 0 386 12583 601 595 461 167 624 624 2270 636 584 635 634 633 612 1000 2318 0
0 0 0 0 0 0 0 0 0 0 0 0 0 0 0 0 0 0 0 0 0 0 0 0 0 0 0 0 0 0 0 0 0 0 0 0 0 0 0 0 0 0 0 0 0 0 0 0 0 0 0 0 0 0 0 0 0 0 0 0 0 0 0 0 0 0 0 0 0 0 0 0 0 0 0 0 0 0 0 0 0 0 0 0 0 0 0 0 0 0 0 0 0 0 0 0 0 0 0 0 0 0 0 0 0 0 0 0 0 0 0 0 0 0 0 0 0 0 0 0 0 0 0 0 0 0 0 0 0 0 0 0 0 0 0 0 0 0 0 0
0 0 0 0 0 0 0 0 0 0 0 0 0 0 0 0 0 0 0 0 0 0 0 0 0 0 0 0 0 0 0 0 0 0 0 0 0 0 0 0 0 0 0 0 0 0 0 0 0 0 0 0 0 0 0 0 0 0 0 0 0 0 0 0 0 0 0 0 0 0 0 0 0 0 0 0 0 0 0 0 0 0 0 0 0 0 0 0 0 0 0 0 0 0 0 0 0 0 0 0 0 0 0 0 0 0 0 0 0 0 0 0 0 0 0 0 0 0 0 0 0 0 0 0 0 0 0 0 0 0 0 0 0 0 0 0 0 0 0 0
0 0 0 0 0 0 0 0 0 0 0 0 0 0 0 0 0 0 0 0 0 0 0 0 0 0 0 0 0 0 0 0 0 0 0 0 0 0 0 0 0 0 0 0 0 0 0 0 0 0 0 0 0 0 0 0 0 0 0 0 0 0 0 0 0 0 0 0 0 0 0 0 0 0 0 0 0 0 0 0 0 0 0 0 0 0 0 0 0 0 0 0 0 0 0 0 0 0 0 0 0 0 0 0 0 0 0 0 0 0 0 0 0 0 0 0 0 0 0 0 0 0 0 0 0 0 0 0 0 0 0 0 0 0 0 0 0 0 0 0
53 902 134 175 39 0 258 1138 105 337 633 444 540 133 183 0 1549 0 9 17 0 436 320 436 2653 323 421 156 592 384 272 173 1779 147 319 672 622 4783 366 469 614 434 0 57 621 0 400 46 366 157 232 45 31 137 31 338 275 390 267 109 330 256 0 600 254 508 0 1007 330 453 1055 191 234 781 145 871 266 0 0 600 63 708 1284 22 140 0 43 0 28 39 5 11 6 0 0 104 0 0 666 7 0 95 0 0 0 62 0 2549 0 29 164 0 377 0 2377 348 0 355 63 591 0 47 0 0 628 597 501 527 621 621 385 594 589 581 590 588 103 287 225 0
29 1714 37 161 14 1 3 0 14 0 0 0 0 3 0 0 2954 0 41 6 0 0 0 0 0 0 0 23 0 0 0 8 0 0 22 0 0 0 0 0 0 0 0 0 0 0 0 0 0 0 0 4 3 3 15 0 0 0 0 0 11 0 0 0 2 0 0 0 0 0 0 0 0 0 0 2 10 0 0 0 0 0 0 0 0 0 0 0 1 2 0 3 1 0 0 4 0 0 2 0 0 0 0 0 0 0 0 0 0 0 0 0 0 0 0 0 0 0 0 0 0 0 0 0 71 57 33 0 74 74 0 79 66 76 79 78 145 0 14 0
1 14 0 0 0 0 4 0 0 5 0 2 0 0 0 0 39 0 0 0 0 0 0 0 0 0 0 0 0 0 0 14 0 1 3 0 0 0 0 0 0 0 0 0 0 0 0 0 0 0 1 0 0 0 0 0 0 0 0 0 0 3 0 0 0 0 0 0 0 0 0 0 9 0 0 6 42 0 0 2 0 0 0 0 0 0 0 0 1 1 0 2 0 0 0 7 0 0 15 0 0 0 0 0 0 0 0 0 0 0 0 0 0 0 0 0 0 0 0 0 0 0 0 0 139 111 65 0 144 144 0 155 130 150 154 153 0 0 343 0
0 0 0 0 0 0 0 0 3 0 0 0 0 1 0 0 0 0 37 28 0 18 14 16 0 745 70 0 2 1 7 2 0 2 0 0 0 0 0 0 0 0 0 0 0 0 16 0 14 5 7 3 2 7 12 0 10 16 10 4 0 0 0 13 5 11 0 26 16 0 0 0 97 0 0 25 188 0 0 99 0 1 8 0 0 0 0 0 1 1 0 2 0 0 0 17 0 0 61 70 0 0 0 0 0 0 0 1 0 1 0 17 244 0 0 0 0 0 0 0 0 0 0 0 561 452 265 8 583 583 42 622 524 601 619 613 0 0 469 0
9 74 0 0 0 0 101 0 42 133 0 125 9 0 97 0 186 0 0 7 0 45 102 45 558 0 3326 0 143 1 20 5 0 6 2 0 0 0 0 0 0 0 0 3 0 0 40 2 36 14 20 2 1 11 4 0 27 40 26 64 60 103 49 176 59 137 0 66 124 7 0 0 340 79 738 167 1026 0 383 1011 0 5 0 0 18 0 0 0 2 13 0 19 4 0 0 79 0 0 715 2198 0 0 0 0 0 0 0 626 0 3 0 548 1851 0 0 0 0 20 0 17 0 0 0 0 2926 2373 1394 80 3036 3040 3346 3229 2728 3121 3213 3181 13 0 526 0
20 541 14 77 11 0 160 245 54 208 5 226 200 8 101 0 936 0 40 53 97 273 205 273 0 691 350 11 136 95 156 43 177 32 89 141 147 6 0 0 0 88 0 42 22 0 238 7 207 82 107 12 6 74 20 68 159 240 155 91 124 153 0 137 42 110 0 289 220 260 297 0 67 108 783 149 99 0 0 136 0 157 265 0 0 0 0 0 2 13 0 4 3 0 0 13 0 0 632 0 0 0 0 0 0 0 0 4 0 0 0 0 167 0 0 0 0 29 0 3 0 19 0 0 409 414 252 195 391 391 327 347 355 339 343 344 43 97 1389 0
1 0 0 0 3 0 1 0 1 1 0 1 0 7 3 0 1 0 12 0 0 3 0 3 0 0 562 0 0 2 3 1 0 1 0 0 0 64 0 0 0 0 0 0 0 0 4 1 4 2 4 2 2 0 5 0 1 3 2 3 38 5 0 0 30 9 0 135 0 0 0 0 0 26 0 19 63 0 0 37 0 79 44 0 0 0 0 0 11 19 0 5 0 0 0 78 0 0 249 0 0 0 0 0 0 0 0 10 9 26 0 0 35 0 0 0 0 0 67 185 0 0 0 0 290 268 168 80 289 289 435 284 263 277 282 280 0 0 9 0
0 0 0 0 0 0 2 0 0 0 16 2 7 0 13 0 0 0 0 0 0 0 0 0 0 39 0 0 1 0 0 2 0 0 0 0 0 0 0 0 0 0 0 0 0 0 0 0 0 0 0 0 0 0 0 0 0 0 0 1 12 2 0 2 4 4 0 94 17 15 0 0 0 0 0 2 0 0 0 0 0 0 0 0 0 0 0 0 1 0 0 0 0 0 0 9 0 0 0 0 0 0 0 0 0 0 0 0 0 0 0 0 0 0 0 0 0 0 0 11 0 0 0 0 4 4 3 1 4 4 0 4 4 4 4 4 0 0 0 0
2 0 0 0 4 0 25 0 3 33 0 31 0 2 27 0 1 0 0 0 0 5 0 5 0 1650 140 0 16 3 4 2 0 2 2 0 0 429 12 0 106 19 0 0 14 0 5 0 5 2 3 0 0 0 0 0 0 5 2 5 87 24 0 20 9 17 0 835 134 444 0 0 235 818 0 752 0 0 0 163 0 114 127 0 0 0 0 0 1 6 0 1 0 0 0 15 0 0 34 0 0 0 0 0 0 0 0 2 0 0 0 0 0 0 0 0 0 0 2 138 0 0 0 0 91 77 52 25 93 93 15 97 85 94 96 95 0 0 0 0
0 0 0 0 0 0 0 0 0 0 0 0 0 0 0 0 0 0 0 0 0 0 0 0 0 0 0 0 0 0 0 0 0 0 0 0 0 0 0 0 0 0 0 0 0 0 0 0 0 0 0 0 0 0 0 0 0 0 0 0 1 0 0 0 4 1 0 0 0 0 0 0 0 0 0 0 0 0 0 0 0 0 0 0 0 0 0 0 1 0 0 0 0 0 0 1 0 0 0 0 0 0 0 0 0 0 0 0 0 0 0 0 0 0 0 0 0 0 0 0 0 0 0 0 10 9 6 0 11 11 0 12 10 11 12 12 0 0 0 0
0 0 0 0 0 0 0 0 2 0 0 0 0 0 6 0 0 0 0 0 0 0 0 0 0 0 8 0 2 0 0 0 0 0 0 0 0 0 0 0 0 0 0 0 0 0 0 0 0 0 0 0 0 0 0 0 0 0 0 3 35 4 0 3 32 11 0 0 0 0 0 0 0 6 15 7 0 0 0 3 0 24 11 0 0 0 0 0 11 10 0 1 0 0 0 23 0 0 35 0 0 0 0 0 0 0 0 2 0 0 0 0 7 0 0 0 0 0 0 54 0 0 0 0 187 155 97 6 194 194 0 208 177 202 208 206 0 0 0 0
3 0 0 0 0 0 21 0 4 33 12 24 0 10 11 0 3 0 0 0 0 15 0 19 0 10149 795 2 36 10 18 15 8 17 13 0 0 561 111 29 297 49 19 0 197 0 19 1 18 7 10 1 0 6 1 0 13 18 12 12 190 20 0 38 22 36 29 1159 1757 3347 280 3907 2734 987 104 6584 8834 0 1105 685 137 295 497 0 0 0 16 0 4 23 0 2 1 0 0 1 0 0 184 0 0 19 0 0 0 0 0 3 14 50 0 0 174 0 0 0 0 0 4 0 0 0 0 0 358 289 208 100 372 373 775 398 343 385 396 392 0 0 14 0
190 1000 258 547 132 557 413 1159 30 360 173 457 682 1042 26 252 1427 17 117 179 0 553 1084 553 2797 266 466 3446 407 386 446 235 1252 151 354 656 839 13 67 420 1174 591 0 453 841 960 624 134 667 264 605 124 67 216 112 482 426 520 394 129 246 264 25 363 247 327 242 2323 685 226 0 83 5734 1647 2978 565 1835 0 0 2275 115 1182 4606 55 1551 41 346 26 32 222 43 42 27 30 0 338 168 0 321 0 2053 776 0 0 0 35 0 2792 10 35 51 0 653 0 3041 752 0 561 1455 508 0 0 97 14 944 786 503 123 970 971 439 1025 874 993 1019 1010 423 508 398 0
14 1016 538 2012 955 0 17 55 16 38 0 23 0 93 12 2 224 0 41 57 0 60 28 60 153 4 58 405 26 39 54 56 0 44 58 25 51 0 32 25 464 105 0 0 190 0 64 13 67 27 57 17 12 24 25 51 44 56 41 24 26 17 0 20 16 21 0 149 0 0 0 0 0 43 0 47 0 0 0 0 0 819 620 0 34 14 168 0 9 88 13 26 31 0 0 30 0 0 27 0 4 0 0 0 0 1 0 232 443 849 1292 0 0 0 275 66 0 0 42 0 0 0 0 0 151 123 75 9 156 156 27 166 140 161 165 164 27 0 15 0
102 60 0 0 162 1314 71 0 2 1 0 0 0 549 0 82 209 0 0 64 1 99 181 99 302 23 46 0 15 17 51 34 40 60 55 0 10 0 192 71 0 0 11 72 28 0 162 94 208 101 254 82 61 85 84 115 123 108 110 11 5 6 0 0 10 8 0 12 16 89 74 32 4 29 10 46 12 0 0 4 0 75 0 53 4 0 0 0 0 4 0 54 45 0 0 1 0 0 168 0 0 0 0 0 0 213 0 297 19 50 0 0 0 0 0 7 0 148 0 0 0 121 0 180 43 61 106 224 35 35 26 15 45 16 14 16 10 14 105 0
1 0 0 0 0 0 0 0 1 0 0 0 0 3 0 43 0 0 0 1 0 2 7 2 0 0 0 200 0 1 2 0 0 0 0 0 0 0 99 0 0 27 0 0 0 0 2 0 2 1 2 0 0 0 0 0 1 2 1 0 10 1 0 1 6 3 0 18 9 0 0 0 0 0 0 1 0 0 0 0 0 0 55 0 0 0 0 0 0 23 299 0 0 0 0 143 0 0 0 0 0 0 0 0 0 0 0 0 0 1 0 0 0 0 0 0 0 0 0 0 0 0 0 0 6 7 40 95 4 4 0 3 12 3 3 3 0 0 0 0
2 0 0 0 0 0 0 0 0 0 0 0 0 16 0 34 18 0 0 0 0 1 1410 1 0 2 2 81 0 0 0 0 0 1 1 0 0 0 0 0 0 0 0 0 0 0 3 2 5 2 6 1 0 1 1 1 2 1 2 0 0 0 0 1 3 1 0 11 5 0 0 0 0 5 0 5 0 0 0 0 154 0 0 0 0 0 0 0 0 0 0 0 0 0 0 0 0 0 0 0 0 0 0 0 0 0 0 0 0 10 0 0 0 0 0 0 0 79 0 0 0 835 0 0 4 3 2 0 4 4 0 4 3 4 4 4 35 86 0 0
25 79 37 48 29 387 251 62 41 69 115 69 25 118 88 237 129 106 134 97 5 153 158 153 251 47 67 63 330 26 80 69 51 50 72 46 90 0 25 157 134 0 169 45 327 103 149 86 145 105 124 95 90 105 98 137 126 145 124 88 60 52 0 376 116 293 0 27 221 265 43 130 27 110 13 136 11 371 0 1 0 139 66 0 0 152 1007 77 102 569 36 42 188 44 0 89 0 0 218 0 50 21 0 0 2 0 0 166 0 1 5 0 0 0 9 0 0 29 0 0 0 0 0 0 51 77 71 137 39 38 6 11 40 12 10 11 5 98 36 0
7 4 8 6 52 0 100 145 18 131 49 136 24 4 45 3 1 0 9 10 0 2 0 2 232 21 59 2 48 13 11 35 22 85 17 0 0 0 161 12 29 13 212 0 0 12 2 9 3 7 4 9 10 4 10 4 5 3 5 30 305 94 0 52 17 44 0 174 105 55 0 176 217 1057 474 1015 142 50 0 0 0 10 17 158 0 88 2390 2 3 3837 187 89 137 45 0 416 357 0 20 0 0 0 0 0 0 190 0 0 0 0 0 0 0 0 0 0 0 0 0 0 0 0 0 0 14 18 71 169 11 11 42 5 22 6 5 6 0 0 0 0
7 20 19 38 2 3 11 8 1 6 13 8 4 13 2 9 50 4 6 8 11 147 123 147 0 8 27 17 4 0 64 17 18 4 13 0 22 0 0 13 34 3 12 24 11 0 130 5 114 45 62 6 2 40 4 0 26 130 0 4 4 6 0 4 7 6 5 5 10 10 15 157 51 25 59 31 17 1 0 0 1 3 11 0 0 0 0 0 2 0 0 0 0 81 83 0 0 0 16 0 0 2 0 0 0 0 0 9 0 14 5 0 0 0 0 0 0 34 0 0 0 99 17 26 10 11 9 9 10 10 0 8 9 8 8 8 0 2 24 0
32 10 48 95 8 15 46 28 2 19 37 23 8 50 4 24 56 23 0 12 11 378 300 378 0 20 67 47 21 20 185 45 53 19 41 0 44 0 26 35 90 8 35 116 13 0 335 14 297 117 165 17 8 104 17 288 224 334 211 10 10 14 0 9 21 16 0 8 28 27 22 43 139 15 177 82 22 0 0 0 11 48 32 0 0 0 0 1 6 0 0 0 0 215 220 0 0 0 61 0 0 0 0 0 0 13 0 27 0 81 7 0 38 0 0 0 0 100 0 0 0 228 0 83 36 42 33 35 34 34 0 28 32 28 27 28 53 0 72 0
22 17 63 112 9 7 37 44 5 29 46 34 15 69 9 40 87 26 34 36 17 525 405 525 32 57 179 71 34 26 255 70 82 35 64 30 110 17 22 57 123 16 106 100 157 0 465 19 412 162 228 23 9 144 20 387 311 464 301 17 20 27 2 19 34 27 34 23 49 125 104 103 287 118 319 134 90 13 0 23 18 71 54 0 0 0 0 0 9 0 0 0 0 295 298 0 0 0 74 0 0 0 0 0 28 22 0 49 83 42 13 0 119 0 0 12 0 139 14 0 0 307 98 115 43 49 42 43 41 41 102 36 40 36 36 36 80 96 105 0
1420 0 0 0 263 926 1829 0 0 0 0 1 0 0 0 0 12 1485 1857 1197 608 0 0 0 0 0 0 0 0 0 0 8 0 90 119 0 0 0 1378 0 0 0 0 0 0 0 0 66 1 47 19 158 146 159 554 14 25 7 28 0 0 0 0 0 0 0 0 0 0 0 0 0 0 0 0 0 0 0 0 0 6 0 0 0 0 0 0 0 0 0 0 0 0 0 0 0 0 6 0 0 0 0 0 0 12 4 0 2 0 4664 0 0 0 0 0 0 0 0 0 0 0 0 0 0 0 0 0 0 0 0 0 0 0 0 0 0 0 0 0 0
0 0 1 1 0 0 0 0 0 0 0 0 0 0 0 0 1 0 0 0 0 5 4 5 0 0 1 0 0 0 0 1 0 0 2 0 0 0 0 0 0 0 0 1 0 0 4 0 4 1 2 0 0 1 0 0 1 4 0 0 0 0 0 0 0 0 0 0 0 0 0 0 0 0 0 1 0 0 0 0 0 0 0 0 0 0 0 0 0 0 0 0 0 3 2 0 0 0 0 0 0 0 0 0 0 0 0 0 1 0 0 0 0 0 0 0 0 0 0 0 0 0 0 0 0 0 0 0 0 0 0 0 0 0 0 0 0 0 0 0
3 1 3 9 18 0 4 0 0 0 0 0 1 4 0 0 9 2 3 3 6 40 30 40 0 3 12 5 2 2 20 5 6 2 50 0 3 0 3 4 10 1 0 8 0 0 36 2 32 13 18 2 1 11 2 22 24 36 21 1 2 2 0 1 3 2 0 1 3 3 3 7 20 8 30 10 6 0 0 0 1 0 4 0 0 0 0 0 1 0 0 0 0 23 24 0 0 0 8 0 0 0 0 0 0 2 0 4 6 7 0 0 0 0 0 0 0 3 0 0 0 19 0 10 4 5 4 4 4 4 0 3 4 3 3 3 1 1 8 0
0 0 0 0 0 0 0 0 0 0 0 0 0 0 65 0 0 0 0 0 0 0 0 0 0 0 0 0 0 0 0 0 0 0 0 0 0 0 0 0 0 0 0 0 0 0 0 0 0 0 0 0 0 0 0 0 0 0 0 0 0 0 0 0 0 0 0 0 0 0 0 0 0 0 0 0 0 0 0 0 0 0 0 0 0 0 0 0 0 0 0 0 0 0 0 0 0 0 0 0 0 0 0 0 0 0 0 0 0 0 0 0 0 0 0 0 0 0 0 0 0 0 0 0 0 0 0 0 0 0 0 0 0 0 0 0 0 0 0 0
0 0 0 0 0 0 0 0 0 0 0 0 0 0 64 0 0 0 0 0 0 0 0 0 0 0 0 0 0 0 0 0 0 0 0 0 0 0 0 0 0 0 0 0 0 0 0 0 0 0 0 0 0 0 0 0 0 0 0 0 0 0 0 0 0 0 0 0 0 0 0 0 0 0 0 0 0 0 0 0 0 0 0 0 0 0 0 0 0 0 0 0 0 0 0 0 0 0 0 0 0 0 0 0 0 0 0 0 0 0 0 0 0 0 0 0 0 0 0 0 0 0 0 0 0 0 0 0 0 0 0 0 0 0 0 0 0 0 0 0
19 20 50 77 8 5 29 38 4 24 35 28 11 68 7 31 83 7 9 17 3 425 312 425 37 51 157 60 28 25 210 50 70 21 47 27 82 18 28 41 103 12 44 82 38 0 378 16 336 132 189 18 7 116 12 304 253 376 245 14 17 23 18 15 32 23 25 18 40 44 93 94 252 98 283 111 77 11 0 18 18 60 46 0 0 0 0 0 9 0 0 0 0 0 0 0 0 0 75 0 0 11 0 0 0 21 0 46 60 30 15 0 82 0 0 0 0 109 0 0 0 258 68 106 38 44 39 42 36 36 112 31 35 31 30 31 65 83 94 0
69 131 248 118 35 8 51 56 6 34 48 55 16 363 11 121 513 10 13 68 5 2257 1658 2257 227 70 216 316 100 115 1112 261 299 110 242 116 373 33 122 109 455 17 71 284 198 852 2009 85 1788 701 1005 94 34 612 52 1687 1342 1995 1303 57 47 55 64 20 154 73 87 74 107 166 172 158 388 305 441 423 143 18 21 64 65 299 145 94 83 0 0 0 48 0 0 0 0 1051 0 0 0 0 394 0 409 149 34 712 113 111 0 246 319 162 92 56 583 0 90 124 87 625 284 89 0 1388 494 563 115 165 165 222 98 98 183 64 106 70 63 66 388 485 495 0
0 1 1 1 0 0 0 0 0 0 0 0 0 0 0 4 0 0 0 0 0 0 0 0 0 0 0 1 2 1 0 75 4 0 16 0 16 0 0 0 0 0 0 0 0 0 0 0 0 0 0 0 0 0 0 0 0 0 0 0 0 0 0 0 0 0 0 0 0 0 0 0 0 0 0 0 0 0 0 0 0 0 0 0 0 6 8 0 0 0 7 0 0 0 0 0 0 18 0 0 0 0 0 0 0 0 0 0 0 0 0 0 0 0 0 0 0 0 0 0 0 0 0 1 0 0 0 0 0 0 0 0 0 0 0 0 0 0 0 0
121 60 197 881 32 54 228 318 201 176 132 187 52 154 404 170 798 37 43 0 31 6372 693 6372 28 407 1260 206 926 162 2962 445 800 280 572 186 936 53 46 132 1242 107 273 796 445 0 5552 168 4838 1916 2517 214 83 1683 109 4693 3666 5608 3620 336 312 191 223 867 320 718 87 175 326 187 696 696 1088 941 311 1340 147 867 0 74 67 575 271 206 0 2419 3205 2314 594 2990 2844 1256 925 544 557 30796 0 2696 212 21 527 72 0 0 0 54 0 102 133 68 0 0 1203 0 52 57 47 287 137 167 0 469 0 233 35 59 63 93 29 28 1138 13 32 16 12 14 156 176 212 0
70 47 394 56 42 3 66 817 349 107 303 118 118 453 703 160 438 0 0 0 0 2820 2072 2820 290 3 9 403 1372 231 1405 397 0 159 375 417 882 290 292 328 744 207 0 102 304 1517 2511 106 2234 875 1256 92 42 765 61 2168 1678 2493 1627 483 603 165 0 1509 635 1223 225 109 143 212 264 143 1452 284 161 554 66 1508 135 201 114 358 144 141 154 0 0 6 0 0 0 2 0 1910 1665 0 0 0 489 0 602 243 0 1224 0 91 27 238 388 220 67 570 756 0 336 191 306 819 488 419 12 1728 637 704 108 179 190 277 86 85 0 41 99 50 40 44 483 660 631 0
7 168 0 0 8 0 1 0 7 2 0 0 1 0 16 404 331 0 37 38 14 130 280 130 0 0 2 105 22 21 23 65 16 9 32 4 34 0 26 9 0 0 0 17 0 0 117 7 104 42 60 9 5 37 15 93 78 115 76 28 50 21 0 20 157 58 0 0 0 0 0 0 0 18 0 24 0 0 0 0 0 10 18 0 0 0 0 0 52 11 0 2 1 0 0 5 0 0 0 0 0 0 0 0 0 21 0 0 42 107 0 1 0 0 0 0 0 7 1 22 0 0 0 228 98 154 133 157 81 80 0 45 86 52 45 49 178 43 195 0
67 116 64 127 49 4 247 1420 166 324 335 381 207 349 398 301 191 746 438 1384 65 239 1117 239 4564 758 1177 236 577 1260 1362 115 186 62 189 789 749 164 158 322 299 215 0 311 144 888 257 526 274 443 366 542 553 448 506 303 353 272 361 187 708 351 4890 654 971 729 0 19 196 0 0 295 2132 372 2033 444 2113 239 1999 2493 309 422 279 130 443 498 648 1031 728 626 592 1053 933 1521 1513 4 0 442 3565 0 484 715 0 0 0 44 0 4591 241 356 268 3523 4111 0 17 382 691 175 420 360 2905 0 285 392 6517 5667 3551 980 6654 6657 1176 6869 6047 6683 6837 6788 704 494 929 0
63 79 1218 55 27 0 320 449 79 392 176 897 151 202 145 251 99 308 447 356 1502 281 859 281 23 93 268 3314 1034 3193 895 1052 925 1480 2401 7127 1868 92 1708 310 142 192 36 218 196 496 285 183 286 212 262 191 184 220 257 260 246 272 241 259 207 328 0 219 177 208 159 255 464 159 222 88 38 183 51 370 59 114 0 0 63 426 330 0 379 639 924 36 122 376 112 236 5 112 0 503 0 0 79 0 0 255 0 0 0 4 578 34 0 14 0 0 0 0 0 353 0 2097 0 195 0 0 0 0 212 209 671 1454 194 194 154 185 299 182 184 185 0 3986 379 0
47 455 32 479 93 0 40 0 17 47 0 44 87 142 94 92 287 0 0 50 0 49 27 49 0 0 102 32 23 59 72 7 0 26 8 0 0 0 30 132 0 111 0 0 0 0 85 58 111 59 141 49 38 47 41 60 67 55 60 136 124 33 0 20 22 27 0 6 56 20 4 14 135 38 1081 118 331 0 0 41 49 90 88 0 1 0 307 24 23 249 69 9 42 0 0 94 0 0 98 0 0 0 0 0 0 0 0 0 172 333 0 0 0 0 600 7 0 115 177 100 0 0 0 0 115 109 79 60 114 114 111 111 106 108 110 109 0 7 0 0
467 5891 4127 6178 1228 0 3343 2515 1417 4354 3680 4612 2434 1631 6055 2343 3154 1327 4706 3567 57 801 2051 801 34 1921 2777 2269 2592 1329 1124 4256 2206 502 5121 2504 2046 2088 1495 3817 3457 2597 1273 2004 2019 1912 932 1291 1036 1159 1268 1297 1282 1373 2247 933 1039 871 1033 1957 4404 3371 2009 2779 1070 2400 3325 977 4435 1873 2767 1390 5852 1240 5288 1368 3032 2621 16829 3355 1661 3555 3973 187 144 352 12927 481 69 1934 276 163 289 611 0 7661 6641 543 2249 4191 1857 1365 0 146 1687 153 245 85 0 24743 156 703 2610 0 1652 776 0 1702 1452 2056 0 1741 215 2062 4533 3872 2688 1441 4626 4629 2748 4784 4256 4639 4758 4720 796 1931 1994 0
241 4574 3240 5094 986 1 548 8573 417 881 0 871 1473 1258 488 1225 2102 0 0 196 3 594 1607 594 1539 1610 1588 1306 2478 969 631 827 1143 254 780 2534 4696 1791 871 2105 3539 1616 1097 1650 312 1149 707 237 782 352 770 202 141 289 155 544 508 573 471 647 1813 521 12630 2734 989 2132 2064 989 1289 1281 1618 2134 5466 4573 5709 4576 5453 2578 6716 6448 1190 1980 2790 138 812 718 1834 496 34 10909 744 0 0 185 0 6322 2806 0 3193 14897 1156 1476 0 0 1306 131 19 1564 1329 2300 0 4074 9249 0 855 398 0 1214 636 1205 3281 1325 0 37 14146 11431 6979 908 14690 14706 1539 15682 13270 15159 15610 15453 283 1249 1267 0
118 372 244 2446 62 0 363 180 23 424 177 477 163 112 81 765 583 3033 800 2014 232 431 2795 431 220 143 385 1040 45 273 279 186 0 112 136 0 0 0 12454 190 297 263 124 230 11 2236 449 8066 610 5826 2717 7806 8396 5884 6267 2019 3290 1228 3600 277 145 339 0 328 187 286 384 153 454 141 364 195 744 415 2390 472 1841 319 10 330 347 954 2591 0 405 158 964 0 0 1204 220 88 242 238 0 413 433 7560 400 260 893 1000 0 0 0 1 13757 120 303 491 1219 3918 241 0 269 213 0 693 920 495 0 2148 205 91 468 535 4237 10422 373 374 374 251 1227 254 249 262 3856 180 944 0
40 6 273 0 869 9 12 0 16 11 0 6 1 0 22 0 20 89 115 91 5 23 179 23 28 0 4 44 189 18 14 21 17 5 14 2 16 0 0 30 0 0 0 16 0 113 28 51 33 43 45 60 58 48 69 30 35 26 36 131 13 7 0 225 72 173 0 6 11 19 19 12 339 14 14 24 14 223 0 0 0 63 24 3246 0 12 0 0 0 0 0 0 0 0 0 0 0 0 0 0 0 29 0 0 0 0 0 0 54 43 8 0 0 0 27 44 0 432 0 0 0 0 0 0 31 36 124 282 27 27 0 8 26 10 8 9 64 62 18 0
415 462 471 482 178 1253 296 1301 183 185 848 291 879 939 478 302 495 164 201 210 313 752 1146 752 979 168 624 1633 370 397 469 324 1773 173 442 717 1014 507 493 939 571 800 656 732 575 919 794 264 815 411 713 250 201 359 231 662 580 707 558 643 589 189 9092 298 163 291 496 255 348 662 1400 697 2593 269 3346 765 3855 161 5018 4218 182 409 867 250 169 463 613 299 142 579 549 619 133 403 299 1073 1004 0 1965 11048 0 762 0 0 0 206 0 826 39 318 84 0 6994 0 0 18 0 0 215 130 3592 965 135 523 10160 8154 4914 413 10567 10579 593 11321 9529 10939 11269 11154 360 481 337 0
1 0 0 6 26 0 0 69 0 0 0 226 16 0 0 3 0 175 150 108 104 0 0 0 1937 0 0 184 414 1469 302 431 335 212 987 3515 844 13 110 0 0 0 0 0 0 0 0 72 1 51 21 92 94 28 95 15 27 8 30 18 19 0 0 0 10 2 0 7 5 0 0 0 0 1 0 2 0 0 0 0 0 0 2 0 462 0 0 0 0 0 0 1 0 0 0 15 0 0 1 0 0 316 0 0 0 83 0 0 0 38 75 0 0 0 0 0 0 7 0 1 0 0 0 0 3 3 56 139 4 4 0 1 11 1 1 1 0 1887 38 0
8 313 1454 22 97 0 4 51 7 4 12 6 813 18 20 8 558 0 27 20 43 16 11 16 445 0 19 0 0 7 6 9 0 3 20 0 0 10 171 0 0 396 0 21 0 0 17 11 17 12 15 12 11 11 15 15 0 16 14 22 23 5 0 9 3 9 0 3 5 6 22 18 0 67 25 10 122 0 0 0 0 15 14 17 61 286 352 0 0 0 0 0 0 0 0 0 0 0 0 0 54 0 29 0 0 0 0 436 0 35 8 0 0 0 0 0 0 1941 13 8 0 0 0 10 10 9 61 145 10 10 25 8 20 8 8 8 31 235 1349 0
0 0 0 0 0 0 0 0 0 0 0 0 0 0 0 0 0 0 4 3 7 0 0 0 0 0 0 0 0 0 0 0 0 0 0 0 0 0 0 0 0 0 0 0 0 0 0 1 0 1 0 1 1 1 2 0 0 0 0 0 0 0 0 0 0 0 0 0 0 0 0 0 0 0 0 0 0 0 0 0 0 0 0 0 0 0 0 0 0 0 0 0 0 0 0 0 0 0 0 0 0 0 0 0 0 0 0 0 0 0 0 0 0 0 0 0 0 0 0 0 0 0 0 0 0 0 0 0 0 0 0 0 0 0 0 0 0 0 0 0
10 7 19 7 2 0 17 295 9 22 64 30 64 65 15 10 10 0 50 54 15 16 92 16 0 226 121 118 66 62 35 20 0 13 29 0 0 32 25 53 0 59 0 34 35 0 23 22 27 21 35 22 20 21 29 19 21 18 20 51 57 16 0 101 35 81 0 36 44 109 97 93 108 163 55 121 33 99 0 0 36 25 36 0 39 0 0 0 4 18 0 9 24 0 0 327 300 0 71 0 76 59 0 9 0 0 0 0 0 13 0 0 0 0 0 80 0 0 235 61 0 63 0 0 24 32 21 30 20 19 127 11 18 11 10 11 2 42 12 0
137 107 22 89 3628 184 92 158 28 79 18499 101 70 727 48 161 183 45 241 173 254 89 43 89 1383 0 291 218 167 74 63 73 232 53 184 54 128 34779 7869 11380 3181 439 0 418 250 29 186 122 257 121 339 115 80 104 143 122 141 106 123 186 112 143 0 164 67 892 19304 37 94 0 0 134 295 191 214 379 62 31 14 113 530 549 223 13953 813 795 1012 162 135 1025 967 254 150 338 0 746 533 0 0 0 222 939 0 0 0 14216 5238 956 280 433 2049 0 0 0 0 0 0 163 207 3048 0 0 0 0 302 331 3001 7410 247 248 374 127 766 134 125 134 40 18 97 0
110 68 261 81 46 102 54 163 9 36 62 68 109 708 12 170 226 0 88 217 19 871 1620 871 1992 0 72 662 119 232 602 132 241 72 189 184 259 23 277 129 0 38 0 223 111 1270 854 98 827 323 602 91 43 273 82 705 575 788 546 48 63 38 0 81 75 85 0 45 11 0 0 0 0 239 99 238 0 0 0 82 108 201 182 91 681 14 0 0 33 70 55 38 18 0 0 334 0 0 88 0 488 365 0 0 0 84 0 2050 46 67 1582 391 0 0 3624 1763 0 757 1266 239 0 0 60 0 180 162 185 242 183 183 51 184 179 179 182 181 848 475 381 0
116 771 2053 358 396 529 627 7525 1283 1290 2780 759 659 580 3318 3675 789 2581 2354 1983 3700 2509 13694 2509 562 1654 8348 3882 2014 1376 1595 654 3246 368 1729 3412 4455 1162 626 2195 5126 2151 34014 29965 1197 11714 2239 1877 2030 2038 1652 1952 2000 2090 2031 2305 2161 2405 2190 5089 3420 740 10662 1987 992 1736 1030 689 1108 987 6170 30012 5247 2754 10882 2317 7094 1990 5968 11318 1052 1243 4987 1238 113 5764 7845 6500 2446 7131 6783 4584 4480 9924 10054 704 630 1790 6333 12480 3210 2279 1730 3166 653 1014 80 628 351 1435 1321 4263 6895 0 0 0 678 2388 3316 1389 1434 10740 431 878 12067 10306 6189 1491 12315 12320 8343 12712 11109 12318 12640 12538 2028 2090 1233 0
86 217 298 205 49 498 24 101 72 20 50 28 33 348 195 227 246 92 96 120 158 284 484 284 282 85 134 362 46 86 201 71 100 35 104 98 147 37 484 865 1211 197 100 116 0 395 295 66 298 131 246 64 45 115 69 242 207 263 196 141 165 40 20 26 83 39 0 65 94 123 126 155 85 96 165 136 115 25 0 0 63 88 163 0 1791 24 10 74 106 43 37 304 97 143 0 70 0 0 120 0 322 0 0 0 0 0 10 287 68 124 12289 224 0 208 0 0 0 0 0 67 0 393 12 0 87 90 136 227 84 83 125 77 94 77 77 77 192 252 107 0
31 1555 7 82 10 1 8 39 4 7 11 8 11 8 4 6 2758 0 9 13 100 71 40 71 44 0 5 32 11 12 38 11 0 5 30 0 0 7 58 0 0 0 0 0 0 0 64 8 58 26 36 8 6 23 8 56 44 63 43 6 11 5 0 21 8 17 0 6 11 13 20 5 23 28 25 23 23 18 0 0 0 10 36 27 18 10 4 0 6 21 18 11 23 2 0 21 0 0 24 0 0 0 0 0 0 0 0 48 1646 980 0 263 0 966 2962 0 0 19 0 404 0 0 0 0 33 31 37 56 33 32 14 31 33 30 30 30 1 0 0 0
1039 123 216 12281 232 54 319 6362 384 285 148 903 282 7201 357 7 1513 141 223 449 178 6910 1910 6910 3286 124 340 1121 5944 630 3536 896 17738 588 1270 1446 4479 136 595 1506 1525 703 122 1708 1402 1592 6998 888 6946 2665 5362 776 327 2214 583 5682 4695 6295 4432 362 1210 227 1204 6663 2541 5302 2674 376 513 765 8372 588 520 1173 891 1792 486 6632 534 714 992 6956 969 662 3532 83 90 82 241 118 108 250 120 136 0 141 0 0 250 0 2583 2021 4048 4065 379 565 601 3362 7 12 288 447 1915 0 275 318 0 2602 916 1389 597 1335 21 80 356 363 452 411 377 378 311 401 386 410 402 402 428 502 873 0
13 0 240 0 0 0 2 0 12 11 0 0 0 0 5 0 118 0 8 25 4 120 57 120 18 3 20 76 40 27 73 20 0 0 15 0 0 0 234 0 0 0 0 0 0 0 114 15 107 45 74 14 9 39 15 89 78 108 75 15 11 5 0 73 32 59 0 3 11 41 0 0 32 21 44 34 57 35 0 3 0 3 0 0 32 0 0 0 8 8 0 22 10 0 0 5 0 0 0 0 0 0 0 0 0 0 315 0 0 186 1358 0 0 0 204 0 0 0 0 4 0 0 0 0 176 148 372 747 177 177 0 183 224 178 183 182 5 0 0 0
33 44 48 60 34 0 13 0 16 16 0 13 3 160 5 104 60 0 14 94 11 307 334 307 141 12 19 296 22 106 245 37 19 23 48 1 19 0 84 18 0 0 0 82 0 0 298 31 286 111 203 29 13 94 23 246 200 277 191 15 15 13 0 14 40 23 0 59 41 26 33 30 0 50 0 69 0 0 0 0 191 63 73 35 317 50 42 0 28 84 75 45 60 28 0 55 0 0 0 0 231 0 0 0 0 31 0 99 0 7 0 0 0 0 3482 866 0 65 0 0 0 156 0 0 18 22 49 90 17 17 14 15 23 16 15 16 448 42 0 0
12 262 0 0 190 38 10 0 205 23 0 13 123 0 529 374 474 0 100 18 93 7 38 7 53 39 40 45 457 52 47 5 0 4 27 0 0 0 148 8 12 59 7 0 0 0 12 6 16 6 19 10 7 11 32 0 9 8 8 43 331 62 0 552 166 419 0 23 23 5 0 0 0 0 0 37 0 391 0 8 75 179 195 532 4 33 27 20 34 53 48 129 249 61 0 8 0 0 0 0 0 0 0 0 0 698 0 0 0 0 0 0 0 0 0 0 0 0 304 0 0 0 0 0 13 17 81 195 10 10 28 2 20 3 2 3 134 0 0 0
960 2438 976 1052 405 2752 739 1248 296 300 395 619 505 6228 693 4880 4229 1034 1168 2432 1952 2949 2050 2949 2539 278 1011 3275 1094 2523 3468 1009 3674 501 1502 1879 1860 304 1021 1431 1498 551 723 1735 1426 1962 3426 847 3731 1508 3516 771 448 1275 835 2642 2359 2798 2178 845 952 355 485 878 832 859 390 815 676 737 1349 683 1157 1265 2172 1217 727 710 470 1936 1077 1465 1687 571 12460 659 857 655 596 831 787 1207 681 924 793 855 679 0 1453 0 3184 5987 1786 0 941 475 0 2754 150 311 9473 1020 984 0 6696 3155 0 2619 3066 1218 0 415 1952 449 1210 1171 899 724 1197 1196 1099 1153 1115 1134 1143 1141 10961 3701 709 0
24 7 8 2 39 1 22 89 2 22 28 37 18 156 2 168 31 0 28 90 5 87 455 87 16 25 70 1101 0 109 134 47 0 38 45 0 0 0 0 0 0 23 23 86 0 175 97 24 103 43 93 22 13 36 23 76 67 81 63 97 95 50 1602 17 410 73 0 279 215 125 128 0 738 101 1006 239 1210 17 787 1354 0 47 0 27 14390 0 0 0 41 6 0 9 1 0 0 90 0 0 413 2853 2 5472 0 0 0 0 0 32 6 13 0 1176 1206 0 0 69 0 127 0 243 0 0 0 0 3461 2790 1658 34 3600 3604 17 3864 3244 3739 3848 3809 81 538 0 0
110 216 178 342 107 972 164 34 7 31 0 47 5 637 6 215 253 47 118 163 7 1284 3501 1284 122 28 33 63 59 134 693 181 78 84 173 0 41 0 0 0 115 0 4 204 0 2724 1202 98 1120 439 733 97 44 381 90 1015 807 1149 774 89 26 28 0 30 65 43 49 74 88 96 92 60 54 146 101 241 57 23 0 87 110 227 136 73 2586 0 57 0 16 123 4 27 12 0 0 286 68 0 90 0 266 1034 0 312 0 57 0 143 22 2 272 51 0 0 0 92 0 438 722 111 0 2854 0 115 50 62 53 78 44 44 14 28 42 29 28 28 121 75 32 0
13 0 0 0 25 1 9 18 1 5 0 18 0 41 0 121 460 0 11 18 0 3749 280 3749 6 1 3 145 89 70 1729 269 242 161 317 0 206 0 0 0 400 0 5 305 106 364 3260 88 2835 1119 1461 116 41 989 53 2855 2177 3297 2126 56 18 24 0 3 10 27 41 63 73 223 13 14 63 394 87 611 65 2 0 31 0 407 67 141 33 0 0 0 2 1 0 0 0 0 0 0 0 0 0 0 294 36 0 0 0 59 0 16 0 1 15 3 612 0 9321 77 0 50 82 25 0 201 0 0 5 7 9 15 4 4 0 3 4 3 2 2 5440 422 0 0
0 0 0 0 0 0 0 0 0 0 0 0 0 0 0 0 0 0 0 0 0 0 0 0 0 0 0 0 0 0 0 0 0 0 0 0 0 0 0 0 0 0 0 0 0 0 0 0 0 0 0 0 0 0 0 0 0 0 0 0 0 0 0 0 0 0 0 0 0 0 0 0 0 0 0 0 0 0 0 0 0 0 0 0 0 0 0 0 0 0 0 0 0 0 0 0 0 0 0 0 0 0 0 0 0 0 0 0 0 0 0 0 0 0 0 0 0 0 0 0 0 0 0 0 0 0 0 0 0 0 0 0 0 0 0 0 0 0 0 0
0 0 0 0 0 0 0 0 0 0 0 0 0 0 0 0 0 0 0 0 0 0 0 0 0 0 0 0 0 0 0 0 0 0 0 0 0 0 0 0 0 0 0 0 0 0 0 0 0 0 0 0 0 0 0 0 0 0 0 0 0 0 0 0 0 0 0 0 0 0 0 0 0 0 0 0 0 0 0 0 0 0 0 0 0 0 0 0 0 0 0 0 0 0 0 0 0 0 0 0 0 0 0 0 0 0 0 0 0 0 0 0 0 0 0 0 0 0 0 0 0 0 0 0 0 0 0 0 0 0 0 0 0 0 0 0 0 0 0 0
0 0 0 0 0 0 0 0 0 0 0 0 0 0 0 0 0 0 0 0 0 0 0 0 0 0 0 0 0 0 0 0 0 0 0 0 0 0 0 0 0 0 0 0 0 0 0 0 0 0 0 0 0 0 0 0 0 0 0 0 0 0 0 0 0 0 0 0 0 0 0 0 0 0 0 0 0 0 0 0 0 0 0 0 0 0 0 0 0 0 0 0 0 0 0 0 0 0 0 0 0 0 0 0 0 0 0 0 0 0 0 0 0 0 0 0 0 0 0 0 0 0 0 0 0 0 0 0 0 0 0 0 0 0 0 0 0 0 0 0
0 0 0 0 0 0 0 0 0 0 0 0 0 0 0 0 0 0 0 0 0 0 0 0 0 0 0 0 0 0 0 0 0 0 0 0 0 0 0 0 0 0 0 0 0 0 0 0 0 0 0 0 0 0 0 0 0 0 0 0 0 0 0 0 0 0 0 0 0 0 0 0 0 0 0 0 0 0 0 0 0 0 0 0 0 0 0 0 0 0 0 0 0 0 0 0 0 0 0 0 0 0 0 0 0 0 0 0 0 0 0 0 0 0 0 0 0 0 0 0 0 0 0 0 0 0 0 0 0 0 0 0 0 0 0 0 0 0 0 0
0 0 0 0 0 0 0 0 0 0 0 0 0 0 0 0 0 0 0 0 0 0 0 0 0 0 0 0 0 0 0 0 0 0 0 0 0 0 0 0 0 0 0 0 0 0 0 0 0 0 0 0 0 0 0 0 0 0 0 0 0 0 0 0 0 0 0 0 0 0 0 0 0 0 0 0 0 0 0 0 0 0 0 0 0 0 0 0 0 0 0 0 0 0 0 0 0 0 0 0 0 0 0 0 0 0 0 0 0 0 0 0 0 0 0 0 0 0 0 0 0 0 0 0 0 0 0 0 0 0 0 0 0 0 0 0 0 0 0 0
0 0 0 0 0 0 0 0 0 0 0 0 0 0 0 0 0 0 0 0 0 0 0 0 0 0 0 0 0 0 0 0 0 0 0 0 0 0 0 0 0 0 0 0 0 0 0 0 0 0 0 0 0 0 0 0 0 0 0 0 0 0 0 0 0 0 0 0 0 0 0 0 0 0 0 0 0 0 0 0 0 0 0 0 0 0 0 0 0 0 0 0 0 0 0 0 0 0 0 0 0 0 0 0 0 0 0 0 0 0 0 0 0 0 0 0 0 0 0 0 0 0 0 0 0 0 0 0 0 0 0 0 0 0 0 0 0 0 0 0
26 79 39 44 63 99 36 55 24 11 41 14 32 45 43 120 120 0 32 51 85 155 61 155 0 0 52 213 37 40 93 78 0 32 60 35 60 36 32 0 0 0 0 13 0 0 141 42 128 74 87 45 42 69 47 28 107 141 105 43 54 18 0 33 47 38 0 27 25 0 0 0 0 46 0 60 71 0 0 0 0 53 54 0 0 11 599 0 22 236 83 17 33 0 0 124 0 112 16 0 0 0 0 0 0 55 0 39 0 6 0 0 0 0 0 0 0 0 0 0 0 0 0 33 11 16 27 36 10 10 0 10 13 11 10 11 52 18 87 7
0 0 0 0 0 0 0 0 0 0 0 0 0 0 0 0 0 0 0 0 0 0 0 0 0 0 0 0 0 0 0 0 0 0 0 0 0 0 0 0 0 0 0 0 0 0 0 0 0 0 0 0 0 0 0 0 0 0 0 0 0 0 0 0 0 0 0 0 0 0 0 0 0 0 0 0 0 0 0 0 0 0 0 0 0 0 0 0 0 0 0 0 0 0 0 0 0 0 0 0 0 0 0 0 0 0 0 0 0 0 0 0 0 0 0 0 0 0 0 0 0 0 0 0 0 0 0 0 0 0 0 0 0 0 0 0 0 0 0 0
0 0 0 0 0 0 0 0 0 0 0 0 0 0 0 0 0 0 0 0 0 0 0 0 0 0 0 0 0 0 0 0 0 0 0 0 0 0 0 0 0 0 0 0 0 0 0 0 0 0 0 0 0 0 0 0 0 0 0 0 0 0 0 0 0 0 0 0 0 0 0 0 0 0 0 0 0 0 0 0 0 0 0 0 0 0 0 0 0 0 0 0 0 0 0 0 0 0 0 0 0 0 0 0 0 0 0 0 0 0 0 0 0 0 0 0 0 0 0 0 0 0 0 0 0 0 0 0 0 0 0 0 0 0 0 0 0 0 0 0
0 0 0 0 0 0 0 0 0 0 0 0 0 0 0 0 0 0 0 0 0 0 0 0 0 0 0 0 0 0 0 0 0 0 0 0 0 0 0 0 0 0 0 0 0 0 0 0 0 0 0 0 0 0 0 0 0 0 0 0 0 0 0 0 0 0 0 0 0 0 0 0 0 0 0 0 0 0 0 0 0 0 0 0 0 0 0 0 0 0 0 0 0 0 0 0 0 0 0 0 0 0 0 0 0 0 0 0 0 0 0 0 0 0 0 0 0 0 0 0 0 0 0 0 0 0 0 0 0 0 0 0 0 0 0 0 0 0 0 0
0 0 0 0 0 0 0 0 0 0 0 0 0 0 0 0 0 0 0 0 0 0 0 0 0 0 0 0 0 0 0 0 0 0 0 0 0 0 0 0 0 0 0 0 0 0 0 0 0 0 0 0 0 0 0 0 0 0 0 0 0 0 0 0 0 0 0 0 0 0 0 0 0 0 0 0 0 0 0 0 0 0 0 0 0 0 0 0 0 0 0 0 0 0 0 0 0 0 0 0 0 0 0 0 0 0 0 0 0 0 0 0 0 0 0 0 0 0 0 0 0 0 0 0 0 0 0 0 0 0 0 0 0 0 0 0 0 0 0 0
0 0 0 0 0 0 0 0 0 0 0 0 0 0 0 0 0 0 0 0 0 0 0 0 0 0 0 0 0 0 0 0 0 0 0 0 0 0 0 0 0 0 0 0 0 0 0 0 0 0 0 0 0 0 0 0 0 0 0 0 0 0 0 0 0 0 0 0 0 0 0 0 0 0 0 0 0 0 0 0 0 0 0 0 0 0 0 0 0 0 0 0 0 0 0 0 0 0 0 0 0 0 0 0 0 0 0 0 0 0 0 0 0 0 0 0 0 0 0 0 0 0 0 0 0 0 0 0 0 0 0 0 0 0 0 0 0 0 0 0
17 2 0 5 9 22 8 36 4 5 0 8 11 104 0 25 7 0 9 20 21 103 390 103 29 13 16 232 4 21 60 20 0 9 23 0 0 0 0 0 0 7 0 0 0 0 103 14 102 40 79 13 6 34 11 84 70 93 66 15 14 1 0 13 13 13 0 0 16 10 0 0 15 33 21 42 13 13 0 0 0 26 0 0 88 7 0 0 3 10 0 10 6 0 0 5 0 0 0 0 92 16 0 0 0 0 0 28 0 2 0 0 0 0 0 0 0 0 0 0 0 0 0 0 9 10 16 29 8 8 0 6 9 6 6 6 0 0 0 0
33 480 0 0 3 0 0 0 9 22 52 33 28 0 15 730 1066 0 19 27 18 29 209 29 0 15 0 0 23 50 24 191 0 3 73 0 0 0 0 0 610 12 0 43 0 0 46 44 59 41 76 40 35 36 36 36 41 33 39 59 45 0 0 54 67 62 0 37 29 51 50 0 19 42 3566 35 23 50 0 1687 0 21 0 0 7 0 5183 0 20 37 0 14 0 0 0 65 0 0 0 0 0 0 0 0 0 0 0 0 0 112 0 0 0 0 0 234 0 46 0 86 0 0 0 0 16 21 22 6 16 16 0 19 18 21 18 18 2601 0 975 0
2 10 0 0 6 0 1 0 5 5 131 3 78 0 1 32 0 0 13 64 5 37 686 37 0 0 0 33 1 67 83 126 0 7 33 0 0 0 0 0 18 34 0 54 0 243 34 5 32 14 21 5 4 12 7 29 24 33 23 4 3 1 0 2 7 11 0 0 0 0 0 0 0 5 0 9 4 0 0 0 0 5 11 0 24 0 0 0 2 2 0 0 0 0 0 4 0 0 0 0 0 13 0 0 0 0 0 0 0 0 0 0 0 0 0 43 0 76 220 124 0 380 0 102 20 19 20 27 19 19 0 18 19 18 18 18 72 0 0 0
23426 18 31 6 12 3 396 1 24 8 0 9 182 0 25 52 12 0 0 0 708 0 0 0 7 2 0 0 20 1 0 7 1 53 334 8 5 6 7 2 8 116 6 2 4 1 0 1 0 1 0 1 1 1 1 0 0 0 0 0 15 12 5 24 7 18 3 6 8 1 0 2 0 183 1 39 0 24 1 6 0 1 6 1 1 1 1 0 0 5 0 0 0 0 0 0 0 1 7 0 2 1 1 2 1 1 2 6 0 1 0 0 0 0 1 0 1 1 1 5 0 0 1 1 2 2 2 4 1 1 0 0 1 0 0 0 0 3 0 0
