161
0 0 2 0 0 31 2 15 100 69 1642 192 142 108 183 60 16 49 5 1 0 2 2 0 0 0 97 334 41 136 1251 0 734 84 709 123 1 100 0 2 49 168 0 133 49 944 226 14 157 127 0 326 115 518 276 160 383 0 402 510 488 297 282 303 45 0 0 0 1542 6236 5363 0 124 110 191 131 168 0 20 67 45 0 276 131 9 0 37 0 2 241 0 0 84 118 0 0 0 0 0 0 6 0 0 0 0 0 20 142 67 187 19 392 0 45 258 0 0 20 0 0 5 0 0 0 0 0 0 0 0 0 127 14 130 0 3 14 6 0 97 0 16 41 116 0 0 0 16 15 0 115 114 110 16 13 0 45 19 31 15 31 0
8 0 469 1 1 13 17 36 806 48 32 618 396 205 35 163 48 48 3 4 0 6 1 0 0 0 294 1055 306 1017 609 246 103 621 5951 919 34 209 0 26 43 17 38 0 20 542 127 29 73 77 0 112 63 157 161 82 181 37 136 183 226 170 164 174 82 49 569 0 336 1471 1504 0 74 124 37 94 138 0 66 18 148 2 190 152 0 22 48 0 7 71 0 0 36 832 0 0 0 0 0 0 28 1 0 0 0 0 26 384 31 38 40 1135 0 0 626 0 0 75 69 0 12 0 0 0 0 0 0 0 0 0 209 25 216 0 5 55 26 0 204 0 63 120 831 0 0 0 63 62 0 829 829 826 63 47 467 149 65 105 59 133 106
0 0 0 6 1 78 97 51 5478 283 2314 2553 1177 5153 1508 177 101 74 6 4 0 6 11 0 0 14 215 942 216 722 472 109 94 440 4183 648 21 219 0 29 41 69 60 37 32 515 125 31 75 77 0 112 65 156 160 84 177 40 136 179 220 169 163 173 86 0 832 0 266 1423 1399 0 107 124 418 95 136 0 52 17 135 2 181 147 0 23 48 0 6 69 0 0 45 5700 0 0 0 0 0 0 27 0 0 0 0 0 22 1157 228 1535 18 1198 0 0 663 0 0 73 60 0 10 0 1 0 0 0 0 0 0 0 292 2 243 0 16 53 25 0 216 0 50 110 5699 0 0 0 50 50 0 5698 5698 5696 50 38 6940 138 52 107 79 41 102
0 0 0 0 0 2 7 24 1 5 24 74 108 13 43 197 93 119 15 5 0 7 0 0 25 46 165 1052 162 540 460 433 95 304 3264 3136 8 279 185 120 470 0 79 0 25 641 220 48 94 129 28 132 84 181 277 106 213 56 161 213 265 228 282 299 126 0 1178 0 520 1530 1460 4 13 146 504 116 165 0 22 121 195 2089 182 2780 0 42 52 0 0 74 0 0 53 0 0 0 0 0 0 0 23 0 0 0 0 0 27 80 4 41 19 1483 0 36 849 0 0 406 103 0 15 0 4 0 30 0 0 0 0 0 566 0 202 0 19 81 102 0 269 2118 17 100 0 2118 0 0 17 16 0 0 0 0 17 18 0 198 19 78 90 291 166
0 0 0 1 0 0 0 0 6 2 15 60 237 31 12 268 103 105 3 6 0 8 0 0 14 58 18 1008 0 16 12393 0 103 0 9 2 0 345 52 53 56 124 30 68 55 647 174 54 120 104 0 166 107 223 227 132 247 76 199 250 301 237 231 241 156 0 1441 315 717 1788 1587 0 189 188 660 148 232 0 21 148 104 39 195 194 0 0 70 0 6 91 0 0 84 21 0 0 0 0 0 0 3 0 0 0 0 0 6 255 1 15 59 1888 0 18 1051 0 0 97 103 0 621 0 999 0 0 3 0 0 0 0 749 41 328 0 15 93 49 15832 349 39 18 65 21 39 0 1039 18 17 0 20 20 19 18 19 0 105 18 127 89 256 118
0 0 0 0 0 0 5 0 0 1 0 35 28 19 2 45 8 23 2 1 0 1 0 0 0 0 15 170 0 7 128 0 61 47373 0 26 0 56 0 25 109 29 0 0 12 208 54 11 40 30 0 69 33 101 68 41 85 13 82 103 105 72 69 73 22 0 226 0 68 1091 928 0 82 39 1373 36 50 0 0 31 22 10 64 45 0 0 14 0 1 45 0 0 25 14 0 0 0 0 0 0 5 0 0 0 0 0 17 23 1 6 10 221 0 13 182 0 0 35 20 0 7 0 1 0 0 3 0 0 0 0 0 8 63 0 2 15 7 0 51 7 0 18 13 7 19955 0 0 0 19956 10 9 5 0 0 0 24 0 26 14 36 7
0 0 0 0 0 0 0 6 0 0 0 0 1 0 0 10 0 28 4 0 0 0 0 0 0 0 0 32 0 0 0 0 0 0 0 0 0 0 2739 58 0 5 0 0 0 29 33 6 7 18 0 6 7 7 40 8 11 7 5 9 13 26 41 43 60 0 0 0 0 9 54 0 0 2 14 3 7 0 0 2 0 0 0 1 0 0 0 0 0 1 0 0 0 0 0 0 0 0 0 0 0 0 0 0 0 0 3 1 0 2 0 0 0 1 37 0 0 0 0 0 10 0 0 0 0 0 0 3 0 0 518 1 10 0 0 7 2 0 9 0 0 0 0 0 0 0 0 0 0 0 0 0 0 0 0 0 0 3 5 13 0
0 0 0 0 15 0 0 0 0 235 1520 30 5314 0 1587 1323 27 58 1 16 0 20 6 57 16 38 2 681 0 0 11 0 15 0 0 501 0 6520 116 59 129 29 0 0 5 217 70 32 56 45 0 62 54 73 99 62 94 49 71 85 106 104 100 103 98 0 522 304 172 307 293 0 53 70 272 57 109 0 0 54 0 0 14 45 0 0 19 0 0 19 0 0 42 0 0 0 0 0 0 0 3 0 0 0 0 0 3 5877 243 1630 12 628 0 0 716 0 0 136 37 0 5 0 1 0 0 0 0 3 0 0 457 0 226 0 25 76 44 0 6629 0 0 9 0 0 0 0 0 0 0 0 0 0 0 2 0 0 0 61 84 288 52
0 0 0 0 0 3 100 24 0 0 20 1754 1729 2972 276 143 19 35 4 3 0 2 6 0 0 0 41202 275 66 0 0 0 49 0 0 0 0 118 0 17 226 2 336 0 15 385 43 4 21 32 0 58 16 64 67 30 66 0 53 72 85 70 69 75 80 0 731 727 315 847 553 0 30 46 15 39 49 0 68 8 58 16 73 72 0 0 20 0 5 36 0 2 38 18645 0 0 0 0 0 0 322 0 0 0 0 0 32 1902 10 191 12 398 0 1 476 16 0 8 31 0 198 0 377 0 0 0 0 7 0 0 739 15 154 0 2 68 16 0 78 0 68 388 18644 0 0 392 68 67 0 18642 18641 18637 68 47 0 58 71 36 48 153 81
0 0 0 0 0 0 1 0 91 0 44 20 582 141 1 91 276 32 2 2 0 3 48 0 7 0 0 2860 1 0 0 0 0 0 0 0 0 104 0 81 0 36 68 74 30 131 26 7 1 14456 0 1 0 3 39 5 27 0 5 14 37 36 40 44 4 0 505 0 4 11 34 0 58 50 365 34 52 10 57 39 89 39 79 67 0 0 23 2 5 9 0 10 2 137 0 0 0 0 0 0 3 0 0 0 0 0 5 647 1897 2 20 605 0 11 709 8 6 0 47 5 182 0 555 0 81 1 0 15 110 2 0 10 88 0 5 24 10 0 105 38 59 77 137 38 0 576 59 59 0 137 137 136 59 42 0 91 59 48 27 52 55
0 0 0 0 0 23 217 0 0 0 0 534 1143 35 1318 167 0 41 4 2 0 2 9 0 18 0 183 528 36848 226 0 0 75 6 0 0 0 155 0 24 90 38 9 0 23 989 73 7 29 45 0 93 22 81 81 59 97 60 80 117 125 84 83 93 40 19 521 351 256 1269 651 0 7 54 19 51 52 0 31 13 1 34 72 52 0 0 29 0 11 48 0 3 28 57 0 0 0 0 0 0 749 0 0 0 0 0 100 647 6 6 2 379 0 0 609 78 0 152 39 0 256 0 369 0 2 0 0 3 14 0 323 8 81 0 14 22 15 0 67 0 23 45 55 0 0 383 22 21 0 53 51 47 23 17 0 0 26 47 31 60 57
0 0 0 0 0 0 0 0 0 0 0 0 0 0 0 91 0 19 1 2 0 2 0 0 0 0 44 48 0 1628 0 0 22 0 0 0 0 123 0 6 21 24 0 0 0 146 26 3 14 20 0 30 10 46 41 16 40 0 37 49 49 41 42 46 31 0 5 268 168 549 470 0 54 2 6 40 71 0 29 4 59 0 74 8 0 0 20 0 0 25 0 0 9 0 0 0 0 0 0 0 9 0 0 0 0 0 2 0 0 0 17 0 0 15 11 0 0 21 30 0 216 0 387 0 0 0 0 0 25 0 272 13 82 0 2 31 11 0 120 0 27 0 0 0 0 403 26 26 0 0 0 0 27 20 0 59 29 46 29 13 364
0 0 0 0 0 0 0 0 0 0 0 173 0 0 775 12 0 5 0 0 0 0 0 0 0 0 0 48 0 251 0 0 0 0 0 0 0 15 23 32 1 0 0 0 0 28 4 1 0 6 0 0 0 0 12 1 4 0 0 2 5 12 12 14 24 0 24 228 32 0 8 0 0 0 22 0 6 0 0 0 0 0 0 0 0 0 0 0 0 0 0 0 0 290 0 0 0 0 0 0 2 0 0 0 0 0 1 150 2 796 0 0 0 0 0 0 0 0 0 0 20 0 0 0 0 0 0 0 0 0 238 0 69 0 0 15 7 0 13 0 0 0 291 0 0 0 0 0 0 289 288 284 0 0 0 0 0 0 0 0 0
0 0 0 0 0 0 68 43 0 0 0 61 231 0 6 89 79 42 4 2 0 2 1 0 0 0 74 318 36 136 0 37006 171 0 0 0 0 136 89 74 400 38 10 48 20 1069 149 14 72 87 56 160 53 235 176 86 224 0 190 288 288 184 181 197 33 0 650 136 775 3007 2608 0 50 84 210 79 104 0 37 68 66 41 168 125 0 0 31 0 7 118 0 15 89 168 0 0 0 0 0 0 205 2 0 0 0 0 134 197 15 20 20 412 0 13 399 0 0 177 44 0 193 0 426 0 31 0 0 0 0 0 50 13 90 0 0 27 0 0 108 25 31 54 167 24 0 439 31 30 0 158 161 141 31 23 0 65 34 61 31 65 42
0 0 0 0 0 0 0 0 0 0 0 0 0 0 0 22 0 18 5 1 0 0 0 0 0 0 0 189 0 0 5 0 3 0 0 0 0 28 0 0 0 7 0 0 2 45 9 1 1 6 0 3 1 5 13 3 10 0 0 8 14 14 14 15 12 0 105 103 32 57 50 0 13 12 51 10 17 0 0 1 0 0 498 7 0 0 0 0 0 3 0 0 5 0 0 0 0 0 0 0 2 0 0 0 0 0 2 0 0 0 3 124 0 3 196 0 0 0 6 0 47 0 0 0 0 0 0 7 6 0 107 2 24 0 0 9 3 0 26 0 0 0 0 0 0 0 0 0 0 0 0 0 0 0 0 0 0 29 8 22 3
0 0 0 0 0 0 0 0 0 0 0 0 0 0 0 0 0 126 0 0 0 1 0 0 0 0 0 3 0 0 0 0 50 0 0 0 0 54 0 0 0 3002 1213 647 0 14 15 7 10 8 0 10 10 10 15 12 21 10 8 15 23 18 15 15 22 0 25 123 0 0 23 0 0 0 4 0 0 0 0 0 0 0 0 0 0 0 0 0 0 0 0 0 97 2 0 0 0 0 0 0 10 0 0 0 0 0 6 3 1 4 0 0 0 0 7 0 0 0 0 0 2 0 0 0 0 0 0 0 0 0 22 0 0 0 0 14 2 10 78 0 0 1426 1 0 0 0 0 0 0 0 0 0 0 0 0 0 0 0 0 8 0
0 0 0 0 0 0 51 0 0 0 47 174 163 0 0 41 0 9 0 0 0 1 1 0 0 0 4 99 0 0 0 0 6 0 0 0 31361 33 0 0 0 0 0 0 4 151 22 12 22 11 0 26 22 27 26 28 31 20 30 33 34 28 26 26 67 0 224 509 159 158 87 0 14 15 69 13 18 0 0 13 0 0 6 18 0 0 2 0 0 0 0 0 0 17 0 0 0 0 0 0 18 3 0 0 0 0 47 156 0 10 4 94 0 0 172 0 0 297 6 0 64 0 0 0 0 0 0 0 9 3 522 0 30 0 0 11 25 0 27 0 0 0 16 0 10 0 0 0 10 15 14 12 0 0 0 0 0 19 21 7 24
0 0 0 0 0 0 0 0 0 0 0 0 0 0 0 0 0 0 0 1 0 0 0 0 0 0 0 0 0 0 0 0 0 0 0 0 0 0 0 0 0 0 0 0 0 1266 196 12 0 0 0 0 0 0 0 0 0 0 0 0 0 1 0 0 0 0 37 1 0 0 2 0 0 0 0 0 0 0 0 0 0 0 0 0 0 0 0 0 0 0 0 0 12 0 0 0 0 0 0 0 0 0 0 0 0 1 1 0 0 0 0 0 0 0 5 0 0 0 0 0 0 0 0 0 0 0 0 0 0 0 0 0 0 0 0 0 0 0 0 0 0 0 0 0 0 0 0 0 0 0 0 0 0 5 0 0 0 0 0 0 0
0 0 0 0 0 0 0 0 0 0 0 0 0 0 0 0 0 0 0 0 0 0 0 0 0 0 0 0 0 0 0 0 0 0 0 0 0 0 0 0 0 0 0 0 0 0 0 0 0 0 0 0 0 0 0 0 0 0 0 0 0 0 0 0 0 0 0 0 0 0 0 0 0 0 0 0 0 0 0 0 0 0 0 0 0 0 0 0 0 0 0 0 0 0 0 0 0 0 0 0 0 0 0 0 0 0 0 0 0 0 0 0 0 0 0 0 0 0 0 0 0 0 0 0 0 0 0 0 0 0 0 0 0 0 0 0 0 0 0 0 0 0 0 0 0 0 0 0 0 0 0 0 0 0 0 0 0 0 0 0 0
0 0 0 0 0 0 0 0 0 0 0 0 0 0 0 0 0 0 0 0 0 0 0 0 0 0 0 0 0 0 0 0 0 0 0 0 0 0 0 0 0 0 0 0 0 0 0 0 0 0 0 0 0 0 0 0 0 0 0 0 0 0 0 0 0 0 0 0 0 0 0 0 0 0 0 0 0 0 0 0 0 0 0 0 0 0 0 0 0 0 0 0 0 0 0 0 0 0 0 0 0 0 0 0 0 0 0 0 0 0 0 0 0 0 0 0 0 0 0 0 0 0 0 0 0 0 0 0 0 0 0 0 0 0 0 0 0 0 0 0 0 0 0 0 0 0 0 0 0 0 0 0 0 0 0 0 0 0 0 0 0
63 145 95 69 62 349 320 89 149 10 47 293 250 189 221 226 1 628 3 535 0 3540 74674 2 165 442 14 233 6 9 115 22 62 5 4 15 14 11 53 25 38 251 106 9 29 589 359 691 465 175 416 463 465 472 475 493 535 465 423 473 480 586 365 346 1044 392 1174 5116 2194 634 727 0 1198 884 214 274 103 586 17 54 34 19 48 383 0 0 0 0 0 18827 0 0 24566 146 0 66446 0 0 0 0 3 0 0 0 0 60073 993 420 21 355 474 804 0 0 273 0 0 0 0 0 1352 0 22 0 37 0 0 0 0 0 5263 0 36 0 6 76 35 11 8 19 6 118 146 18 353 28 5 5 354 144 143 137 4 6827 95 32 7 81 5 51 151
0 0 0 0 0 0 0 0 0 0 0 0 0 0 0 0 0 0 0 0 0 0 0 0 0 0 0 0 0 0 0 0 0 0 0 0 0 0 0 0 0 0 0 0 0 0 0 0 0 0 0 0 0 0 0 0 0 0 0 0 0 0 0 0 0 0 0 0 0 0 0 0 0 0 0 0 0 0 0 0 0 0 0 0 0 0 0 0 0 0 0 0 0 0 0 0 0 0 0 0 0 0 0 0 0 0 0 0 0 0 0 0 0 0 0 0 0 0 0 0 0 0 0 0 0 0 0 0 0 0 0 0 0 0 0 0 0 0 0 0 0 0 0 0 0 0 0 0 0 0 0 0 0 0 0 0 0 0 0 0 0
0 0 0 0 0 1 0 0 0 0 0 0 0 0 1 1 0 457 2452 0 0 0 0 0 0 471 0 0 0 0 0 0 0 0 0 0 0 0 0 0 0 0 0 1 0 1 241 246 461 67 322 448 458 427 235 449 388 472 434 407 216 312 230 186 395 0 0 0 109 0 2 0 30 2 3 0 0 0 13 0 0 0 0 0 0 0 0 0 0 0 0 0 2 0 0 0 0 0 0 0 4 0 0 0 0 6 1955 0 0 2 0 0 21 0 2 0 0 0 0 0 3 0 20 0 0 0 0 0 0 0 0 0 1 0 0 0 0 0 0 0 0 0 0 0 2 22 0 0 3 0 0 0 0 0 0 0 0 0 0 0 0
0 66 37 14 4 199 147 0 35 1 43 164 139 35 681 99 54 98 0 2 0 4 6 0 0 14 124 383 128 62 43 46 10 36 5 19 48 128 0 0 49 6 104 0 0 200 47 16 25 85 28 24 25 26 53 31 57 25 30 43 70 53 53 55 25 0 710 1 15 6 21 1 44 121 1650 61 206 0 0 1 0 0 0 94 0 3 0 0 0 6 6 0 0 36 16 0 0 125 405 0 7 0 0 48 0 30 27 147 5 699 23 889 0 0 380 0 0 0 0 0 253 0 833 0 0 0 0 0 0 0 0 0 0 6 0 16 13 51 125 0 0 125 35 0 199 897 0 0 200 0 6 18 0 0 25 0 0 0 0 0 69
71 39 15 0 0 187 143 0 47 0 0 159 129 2 603 89 42 33 2 12 0 9 6 2 0 0 100 364 108 49 22 0 504 24 0 0 0 120 0 0 0 0 116 0 0 148 26 2 1 71 0 0 1 3 29 5 29 0 5 16 40 30 29 32 3 12 652 1 0 6 20 1 0 84 259 0 0 0 71 0 125 0 101 0 0 14 0 0 0 0 0 0 0 39 17 0 1 121 353 0 7 5 0 69 0 31 28 138 6 619 21 779 0 0 348 0 0 0 0 0 233 0 755 0 0 0 0 0 0 0 0 0 0 6 0 6 0 50 120 0 84 143 54 0 192 809 85 84 192 47 47 37 82 60 60 133 90 0 0 0 87
46 7 0 0 0 120 101 0 24 6 28 119 99 28 413 62 18 60 2 1 0 21 0 0 16 0 66 276 81 25 0 4 407 11 0 0 0 80 0 0 13 0 214 0 15 133 31 3 1 61 1 0 0 3 32 5 0 0 0 15 0 27 33 37 4 18 507 0 0 0 18 18 0 0 1009 0 0 0 39 19 82 29 94 183 0 0 0 0 0 0 0 40 0 0 0 0 0 57 217 0 7 0 0 0 0 16 9 98 0 420 32 635 0 0 0 0 0 0 0 0 0 0 551 0 0 0 0 0 25 0 0 0 0 0 0 0 0 36 82 38 54 268 14 38 130 594 52 52 131 1 0 0 49 39 1 93 59 0 0 3 53
0 0 0 0 0 0 13 0 0 0 0 0 5 0 2 12 0 50 0 1 0 0 0 0 0 0 0 121 0 0 0 0 222 0 0 41 0 16 0 0 46 0 0 0 0 20 11 8 14 6 12 14 14 13 12 14 14 14 0 14 13 14 12 12 31 0 17 199 34 14 13 0 0 2 18 4 3 0 0 0 0 0 0 1 0 0 0 0 0 0 0 0 0 1 0 0 0 0 0 0 13 0 0 0 0 1 4 2 0 2 0 0 0 19 133 0 0 411 0 0 2652 0 0 0 0 0 0 2 1 0 158 0 18 0 35 36 99 21 11 0 0 0 0 0 0 0 0 0 0 0 0 0 0 0 0 0 0 57 21 43 0
0 0 0 0 0 0 0 0 0 0 0 0 0 0 0 0 0 1 0 0 0 0 0 0 0 0 0 0 0 0 0 0 1786 0 0 0 0 0 0 0 0 0 0 0 0 8 5 3 6 1244 0 5 5 5 4 6 6 6 0 5 5 5 5 5 13 0 2 83 26 0 9 0 0 0 0 0 0 0 0 0 0 0 0 0 0 0 0 0 0 0 0 0 0 0 0 0 0 0 0 0 1 0 0 0 0 0 0 2 0 0 0 0 0 0 15 0 0 0 0 0 0 0 0 0 0 0 0 0 0 0 0 0 0 0 0 0 63 13 0 0 0 0 0 0 0 0 0 0 0 0 0 0 0 0 0 0 0 0 0 23 0
0 0 0 0 0 3 68 9 0 0 0 3 74 0 132 49 11 12 0 1 0 1 0 0 0 0 15 186 0 20 53 0 293 25 0 41 0 59 0 0 1 9 0 0 0 139 13 1 4 10 10 11 3 12 20 8 19 6 0 18 23 20 20 22 20 0 151 184 83 167 111 0 10 18 85 17 27 0 0 0 0 1 3 14 0 0 1 0 0 5 0 0 6 0 5 0 0 24 0 0 73 0 0 8 0 6 19 23 0 0 2 157 0 6 197 0 0 252 7 0 90 0 24 0 0 0 0 11 0 0 128 0 45 0 6 25 61 30 49 0 0 0 0 0 3 24 0 0 4 0 0 0 0 0 0 0 0 31 18 55 12
0 0 0 0 0 0 30 8 1 0 0 0 0 0 10 23 35 12 0 1 0 1 0 0 0 0 109 308 0 0 0 0 255 0 0 6 0 35 0 759 535 0 0 0 0 171 22 11 20 11 21 22 19 22 26 23 31 18 0 33 33 29 26 26 37 0 99 211 65 67 58 0 0 9 47 8 11 0 0 0 0 0 0 6 0 0 0 0 0 0 0 0 5 0 1 0 0 14 0 0 26 0 0 0 0 3 11 36 0 0 0 82 0 5 203 0 0 276 0 0 58 0 0 0 0 0 0 6 0 0 172 0 8 0 11 104 37 49 31 0 0 0 2 0 0 0 0 0 0 0 0 0 0 0 0 0 0 43 15 44 8
0 0 0 0 0 0 49 0 1405 110 716 239 323 399 0 22 49 9 1 2 0 0 3 0 0 6 106 93 0 347 0 391 210 15 0 294 0 27 0 0 4 0 0 0 0 45 27 23 40 103 28 39 40 38 27 40 38 41 0 39 36 34 27 25 54 0 17 198 42 0 11 0 0 43 4 2 23 0 0 0 0 0 0 0 0 0 0 0 0 0 0 0 13 1614 0 0 0 0 0 0 9 0 0 0 0 1 3 329 107 1 0 0 0 0 102 0 0 209 0 0 3 0 0 0 0 0 0 0 24 0 179 0 9 0 2 42 56 2956 37 0 0 0 1615 0 79 0 0 0 80 1613 1613 1592 0 0 17 0 0 1 18 38 0
75 0 0 0 1 3 38 20 77 71 600 233 100 0 4 36 183 16 0 2 0 1 2 0 10 0 155 157 63 332 0 0 243 0 0 244 1178 47 0 4 87 0 0 0 0 171 36 19 31 50 31 33 30 31 39 34 41 30 0 43 41 42 39 41 44 0 116 171 7 84 90 0 0 10 43 9 10 0 3 0 0 3 2 8 0 0 2 0 0 2 0 0 7 66 0 0 0 1 0 0 48 0 0 0 0 3 34 42 66 5 0 0 0 0 160 0 0 733 0 0 44 0 2 0 0 0 0 0 8 0 16 0 39 0 65 192 220 310 38 0 0 0 65 0 2 0 0 0 3 63 62 57 0 0 58 0 0 67 94 369 10
0 0 0 0 0 0 0 0 0 0 0 0 4 0 0 0 0 1 0 1 0 0 0 0 0 0 0 0 0 0 0 0 0 0 0 0 405 0 0 0 0 0 0 0 0 10 12 11 21 7 0 0 21 19 11 21 19 21 1 19 13 15 11 9 37 0 0 192 69 0 12 0 0 0 0 0 0 0 0 0 0 0 0 0 0 0 0 0 0 0 0 0 0 0 0 0 0 0 0 0 1 0 0 0 0 0 0 0 0 0 0 0 0 0 0 0 0 9 0 0 0 0 0 0 0 0 0 0 0 0 202 0 0 0 0 8 35 52 0 0 0 0 0 0 0 0 0 0 0 0 0 0 0 0 0 0 0 0 0 21 0
0 0 0 0 0 0 48 8 62 10 0 47 28 191 1 37 8 12 0 1 0 1 0 0 0 0 16 131 0 64 0 226 259 0 0 571 49 57 0 0 0 4 0 0 0 59 16 9 15 41 8 15 15 15 21 16 22 15 0 19 24 23 21 21 31 0 150 180 58 17 19 0 1 18 95 15 24 0 0 0 0 0 0 4 0 0 3 0 0 1 0 0 4 81 4 0 0 26 0 0 3 0 0 9 0 5 11 21 9 1 2 164 0 5 152 0 0 0 3 0 74 0 0 0 0 0 0 9 10 0 182 0 37 0 2 25 17 56 55 0 0 0 81 0 1 0 0 0 1 80 80 79 0 0 0 0 0 16 15 45 0
0 0 0 0 0 187 196 116 3333 2150 62 7975 5560 6964 3738 221 670 60 4 14 0 12 56 0 95 24 1812 1105 2714 6195 1458 786 156 1168 0 4038 0 120 87 9 470 0 12 0 0 611 93 42 49 845 64 66 47 69 131 62 114 44 0 107 132 135 134 145 73 0 461 297 228 441 558 0 0 55 212 50 114 14 5 0 0 6 23 49 0 157 11 0 0 24 0 0 11 3523 7 0 0 52 0 0 136 0 0 2 0 16 60 5871 1985 3731 0 328 0 29 645 0 0 0 15 0 173 92 180 0 0 0 0 0 5 0 270 0 350 0 146 261 391 1491 89 0 0 32 3523 0 273 183 0 0 274 3518 3518 3511 0 0 71 0 0 307 289 483 84
0 0 0 0 0 0 38 0 624 68 601 338 51 361 7 29 162 24 1 3 0 3 2 0 58 23 0 299 0 0 0 0 112 0 0 0 0 55 0 0 281 0 0 0 0 78 51 31 48 40 37 47 48 45 51 49 52 49 3 49 51 55 52 54 62 0 116 170 0 11 27 0 0 14 74 15 14 0 0 0 0 0 0 2 0 38 2 0 0 0 0 0 0 642 0 0 0 4 0 0 6 0 0 0 0 8 13 36 62 1 0 18 0 0 355 0 0 651 8 0 70 0 2 0 0 0 0 0 0 0 43 0 2 0 2 139 164 54 49 0 0 1 644 0 0 0 0 0 0 642 642 633 0 0 0 0 0 48 160 137 48
0 0 0 0 2 8 33 19 287 50 335 126 60 358 39 28 0 14 0 4 0 2 2 0 2 53 533 295 998 2029 167 0 0 0 166 356 0 35 0 21 155 0 0 0 0 133 63 50 88 190 86 89 87 84 63 89 86 90 21 88 84 76 63 59 94 0 54 178 62 51 60 0 0 6 33 8 13 0 0 0 0 1 0 5 0 37 0 0 1 4 0 0 27 295 0 0 2 4 0 0 40 1 0 0 0 4 15 19 49 2 17 0 0 12 229 0 0 756 0 0 35 0 10 0 0 0 0 0 4 0 136 0 50 0 18 131 158 137 26 0 0 4 314 0 7 7 0 0 7 312 311 308 0 0 0 0 0 13 51 68 1
0 0 0 0 0 0 13 0 0 0 0 0 0 0 0 0 0 7 0 1 0 0 1 0 0 0 0 88 0 0 0 0 251 0 0 0 0 0 0 0 0 0 0 0 0 19 11 16 13 6 5 11 13 12 14 14 14 13 11 13 14 15 14 14 28 0 40 165 0 0 3 0 7 7 46 9 16 0 0 0 0 0 0 7 0 0 0 0 0 0 0 0 0 0 0 0 0 0 0 0 0 0 0 0 0 4 3 0 0 1 3 8 0 0 96 0 0 0 0 0 41 0 0 0 0 0 0 10 0 0 136 0 0 0 0 15 5 16 1839 0 39 0 0 0 0 0 39 38 0 0 0 0 39 26 0 0 41 0 0 40 0
248 153 32 0 0 43 0 0 31 1 8 87 0 0 81 102 501 241 25 11 0 13 5 57 171 41 65 584 33 8 180 43 467 30 0 74 44 297 0 11545 2208 185 77 476 35 448 284 66 76 207 96 93 71 112 336 83 149 59 0 135 186 254 340 367 113 74 650 275 0 730 883 0 187 68 292 78 183 0 22 61 56 33 106 109 0 87 35 0 0 113 197 48 1053 15 8 0 0 80 0 0 27 1 0 0 0 22 80 122 1 55 13 605 74 34 673 0 24 41 26 0 719 214 784 0 0 0 0 0 26 0 194 0 276 0 79 63 196 55 293 30 13 103 39 30 112 815 12 12 112 24 29 23 13 40 52 54 15 381 108 733 170
0 0 0 0 0 0 0 0 0 0 0 0 0 0 3 14 14 20 1 24 0 26 0 54 49 8 5 50 2 0 7 0 152 4 0 4 0 10 0 0 0 0 0 0 0 24 35 30 25 21 24 24 25 24 31 25 25 25 0 24 25 29 31 34 43 0 18 195 0 11 14 0 0 69 7 10 37 19 3 0 0 0 1 25 0 112 14 0 2 0 0 0 0 2 1 0 5 37 0 0 5 4 0 0 0 3 11 1 0 1 5 0 0 66 62 0 0 0 22 0 6 40 195 44 0 0 0 0 14 0 138 0 14 0 104 58 87 5 7 0 0 2 2 0 1 201 0 0 2 1 0 0 0 0 0 0 0 82 141 355 10
0 0 0 0 0 0 11 0 0 0 0 0 0 0 175 36 7 23 1 7 0 7 1 0 41 0 0 173 0 0 0 0 281 8 0 0 0 57 0 248 0 18 0 0 0 51 39 24 24 25 22 24 24 24 36 25 29 24 0 26 30 35 36 40 42 0 115 181 41 44 40 0 17 50 83 21 30 0 8 0 3 5 5 107 0 0 0 0 0 15 74 15 217 2 8 0 0 23 0 0 55 1 0 0 0 9 25 11 1 2 30 96 0 38 214 0 0 0 37 0 73 0 0 0 0 0 0 15 27 0 145 0 10 0 31 28 19 23 48 0 0 1 2 0 0 0 0 0 0 0 0 0 0 4 0 0 0 40 33 157 19
0 0 0 27 0 0 0 0 0 0 0 0 14 0 0 0 47 332 8 7 0 13 0 0 80 16 6 56 0 4 16 62 133 0 5 94 30 56 0 2 0 0 2045 276 17 137 77 46 46 44 40 44 45 45 80 52 86 46 0 61 90 89 74 80 75 0 94 190 0 13 42 0 0 173 131 31 36 0 0 0 0 0 14 82 0 67 6 0 0 12 0 45 2031 34 0 0 0 0 0 0 16 0 0 0 0 0 9 10 2 10 0 0 1946 0 91 0 0 0 288 0 36 0 0 0 0 0 0 0 0 0 36 0 36 0 43 60 28 16 56 3 11 2250 38 3 9 0 10 10 10 36 36 33 11 14 18 1 13 37 64 293 8
42 0 0 0 0 230 3 9 0 0 0 204 188 0 6 0 74 76 4 7 0 10 9 0 0 0 162 1147 143 78 355 62 701 48 0 43 62 247 0 31 55 0 0 5602 0 484 123 35 85 157 61 125 74 173 158 93 180 47 0 189 222 167 160 168 81 0 1060 299 190 1536 1405 0 108 123 402 95 143 0 95 15 176 1 213 167 0 0 40 0 0 75 0 0 46 0 0 0 0 0 0 0 31 2 0 0 0 0 20 208 2 8 0 1176 0 0 1192 0 0 0 60 0 689 0 1092 0 0 0 0 0 64 0 226 0 164 0 0 35 13 78 242 0 99 183 25 0 251 1137 98 98 252 24 23 21 99 71 43 179 100 119 33 110 105
0 18 0 222 0 6 21 20 2 0 32 3 62 0 47 0 26 144 3 27 0 52 0 81 399 27 549 320 1097 562 351 1083 185 247 738 1067 578 1290 0 129 352 0 0 0 4057 284 201 121 158 492 152 157 157 153 197 163 171 160 0 163 168 196 200 216 189 196 155 388 20 99 219 0 586 1411 332 281 267 0 24 0 4 40 7 85 0 356 120 0 0 138 0 0 320 32 0 0 10 0 0 0 72 13 231 0 0 16 39 19 1 18 22 0 36 0 271 0 0 127 16 0 308 0 18 0 263 37 0 132 40 0 287 51 454 0 335 289 281 389 1291 33 1 165 31 32 37 8 1 0 37 27 27 15 1 48 13 1 3 196 220 712 3
0 0 0 0 0 0 0 0 0 0 0 6 34 0 0 23 0 109 3 16 0 15 0 182 548 0 60 575 11 114 33 98 159 16 126 139 94 133 0 51 11 0 36 0 0 429 128 49 2 211 7 2 2 6 295 15 74 0 0 31 76 290 303 354 72 159 164 364 56 8 153 0 39 131 33 50 70 0 23 0 0 0 4 48 0 623 0 0 0 0 0 0 116 0 5 0 29 10 0 0 13 36 66 26 10 46 10 3 0 3 97 0 0 269 633 0 288 0 39 0 69 0 23 0 0 0 214 890 109 0 358 0 2265 0 579 1133 304 29 133 0 0 124 6 0 1 15 0 0 2 4 3 0 0 16 0 0 0 1008 572 897 8
0 0 0 0 0 0 0 0 0 0 0 0 0 0 0 0 0 0 0 0 0 0 0 0 0 0 0 0 0 0 0 0 0 0 0 0 0 0 0 0 0 0 0 0 0 0 8 1 0 4 0 0 0 0 0 0 0 0 0 0 0 1 3 6 1 0 0 0 0 0 0 0 0 0 0 0 0 0 0 0 0 0 0 0 0 0 0 0 0 0 0 0 0 0 0 0 0 0 0 0 0 0 0 0 0 0 0 0 0 0 0 0 0 0 0 0 0 0 0 0 0 0 0 0 0 0 0 0 0 0 0 0 0 0 0 0 0 0 0 0 0 0 0 0 0 0 0 0 0 0 0 0 0 0 0 68 0 0 0 0 0
0 0 0 0 0 0 0 0 0 0 0 0 0 0 0 0 0 0 0 0 0 0 0 0 0 0 0 0 0 0 0 0 0 0 0 0 0 0 0 0 0 0 0 0 0 0 0 0 0 0 0 0 0 0 0 0 0 0 0 0 0 0 0 0 0 0 0 0 0 0 0 0 0 0 0 0 0 0 0 0 0 0 0 0 0 0 0 0 0 0 0 0 0 0 0 0 0 0 0 0 0 0 0 0 0 0 0 0 0 0 0 0 0 0 0 0 0 0 0 0 0 0 0 0 0 0 0 0 0 0 0 0 0 0 0 0 0 0 0 0 0 0 0 0 0 0 0 0 0 0 0 0 0 0 0 0 0 0 0 0 0
0 0 0 0 0 0 0 0 0 0 0 0 0 0 0 0 0 0 0 0 0 0 0 0 0 0 0 0 0 0 0 0 0 0 0 0 0 0 0 0 0 0 0 0 0 0 0 0 0 0 0 0 0 0 0 0 0 0 0 0 0 0 0 0 0 0 0 0 0 0 0 0 0 0 0 0 0 0 0 0 0 0 0 0 0 0 0 0 0 0 0 0 0 0 0 0 0 0 0 0 0 0 0 0 0 0 0 0 0 0 0 0 0 0 0 0 0 0 0 0 0 0 0 0 0 0 0 0 0 0 0 0 0 0 0 0 0 0 0 0 0 0 0 0 0 0 0 0 0 0 0 0 0 0 0 0 0 0 0 0 0
0 0 0 0 0 0 0 0 0 0 0 0 0 0 0 0 0 0 0 0 0 0 0 0 0 0 0 0 0 0 0 0 0 0 0 0 0 0 0 0 0 0 0 0 0 0 0 0 0 0 0 0 0 0 0 0 0 0 0 0 0 0 0 0 0 0 0 0 0 0 0 0 0 0 0 0 0 0 0 0 0 0 0 0 0 0 0 0 0 0 0 0 0 0 0 0 0 0 0 0 0 0 0 0 0 0 0 0 0 0 0 0 0 0 0 0 0 0 0 0 0 0 0 0 0 0 0 0 0 0 0 0 0 0 0 0 0 0 0 0 0 0 0 0 0 0 0 0 0 0 0 0 0 0 0 0 0 0 0 0 0
0 0 0 0 0 0 0 0 0 0 0 0 0 0 0 0 0 13 28 0 0 0 0 0 0 0 0 0 0 0 0 0 0 0 0 0 0 0 0 0 0 0 0 0 0 0 0 0 0 0 0 0 0 0 0 0 0 0 0 0 0 0 0 0 0 0 0 0 0 0 0 0 0 0 0 0 0 0 0 0 0 0 0 0 0 0 0 0 0 0 0 0 0 0 0 0 0 0 0 0 3 0 0 0 0 0 20 0 0 0 0 0 0 0 0 0 0 0 0 0 0 0 0 0 0 0 0 0 0 0 0 0 0 0 0 0 0 0 0 0 0 0 0 0 0 0 0 0 0 0 0 0 0 0 0 0 0 0 0 0 0
434 244 340 0 589 2144 231 3706 84 1656 156 82 301 0 3184 1177 0 21165 44588 47 0 51 0 0 123 0 0 103 0 0 0 0 1094 0 0 0 0 0 0 0 0 0 0 0 0 39 33 8 3 55 0 0 4 4 28 4 0 4 0 6 0 24 30 39 6 12 11 0 0 0 19 0 0 0 2481 0 0 0 470 0 0 0 0 0 0 1007 0 0 0 0 0 792 0 98 15 0 459 15 973 0 54703 0 0 0 0 27 35403 307 1698 3279 35 0 0 0 0 0 0 0 34 0 0 0 0 0 0 0 0 0 0 0 0 0 0 0 961 0 0 2 0 7 20 0 111 7 2233 0 19 19 2235 99 96 86 15 17 407 3 26 3642 0 0 88
0 0 0 0 0 0 0 0 0 0 0 0 0 0 0 0 0 3 0 2 0 1 0 0 0 66 0 0 0 0 0 0 7 0 0 0 0 0 0 0 0 0 0 0 0 1 42 35 64 14 58 0 64 60 36 63 15 66 0 57 0 44 35 33 58 0 0 21 0 0 0 0 0 0 0 0 0 0 6 0 0 0 0 0 0 0 0 0 0 0 0 0 0 0 0 0 0 0 0 0 0 0 0 0 0 0 0 0 0 0 0 0 0 0 0 0 0 0 0 0 0 0 0 0 0 0 0 0 0 0 25 0 0 0 0 0 0 0 0 0 26 0 0 0 0 0 24 24 0 0 0 0 21 17 0 0 31 0 0 0 0
0 0 0 0 0 0 0 0 0 0 0 0 0 0 0 0 0 0 0 0 0 0 0 0 0 0 0 0 0 0 0 0 0 0 0 0 0 0 0 0 0 0 0 0 0 0 0 0 0 0 0 0 0 0 0 0 0 0 0 0 0 0 0 0 0 0 0 0 0 0 0 0 0 0 0 0 0 0 0 0 0 0 0 0 0 0 0 0 0 0 0 0 0 0 0 0 0 0 0 0 0 0 0 0 0 0 0 0 0 0 0 0 0 0 0 0 0 0 0 0 0 0 0 0 0 0 0 0 0 0 0 0 0 0 0 0 0 0 0 0 0 0 0 0 0 0 0 0 0 0 0 0 0 0 0 0 0 0 0 0 0
0 0 0 0 0 0 0 0 0 0 0 0 0 0 0 0 0 0 0 0 0 0 0 0 0 0 0 0 0 0 0 0 0 0 0 0 0 0 0 0 0 0 0 0 0 0 0 0 0 0 0 0 0 0 0 0 0 0 0 0 0 0 0 0 0 0 0 0 0 0 0 0 0 0 0 0 0 0 0 0 0 0 0 0 0 0 0 0 0 0 0 0 0 0 0 0 0 0 0 0 0 0 0 0 0 0 0 0 0 0 0 0 0 0 0 0 0 0 0 0 0 0 0 0 0 0 0 0 0 0 0 0 0 0 0 0 0 0 0 0 0 0 0 0 0 0 0 0 0 0 0 0 0 0 0 0 0 0 0 0 0
0 0 0 0 0 0 0 0 0 0 0 0 0 0 0 0 0 1 0 0 0 0 0 0 0 0 0 0 0 0 0 0 0 0 0 0 0 0 0 0 0 0 0 0 0 23 4 0 0 2 0 0 0 0 0 1 0 0 0 3 0 5 5 6 9 0 149 83 0 0 4 0 0 0 0 0 0 0 0 0 0 0 0 0 0 0 0 0 0 0 0 0 0 0 0 0 0 0 0 0 0 0 0 0 0 0 0 0 0 0 0 170 0 0 0 0 0 0 0 0 0 0 0 0 0 0 0 0 0 0 57 0 0 0 0 0 0 0 0 0 0 0 0 0 0 0 0 0 0 0 0 0 0 0 0 0 0 0 0 0 0
0 0 0 0 0 0 0 0 0 0 0 0 0 0 0 0 0 0 0 0 0 0 0 0 0 0 0 0 0 0 0 0 0 0 0 0 0 0 0 0 0 0 0 0 0 0 0 0 0 0 0 0 0 0 0 0 0 0 0 0 0 0 0 0 0 0 0 0 0 0 0 0 0 0 0 0 0 0 0 0 0 0 0 0 0 0 0 0 0 0 0 0 0 0 0 0 0 0 0 0 0 0 0 0 0 0 0 0 0 0 0 0 0 0 0 0 0 0 0 0 0 0 0 0 0 0 0 0 0 0 0 0 0 0 0 0 0 0 0 0 0 0 0 0 0 0 0 0 0 0 0 0 0 0 0 0 0 0 0 0 0
0 0 0 0 0 0 0 0 0 0 0 0 0 0 0 0 0 0 0 0 0 0 0 0 0 17 0 0 0 0 0 0 0 0 0 0 0 0 0 0 0 0 0 0 0 0 21 22 40 6 30 0 40 37 15 39 0 41 0 36 0 27 20 16 35 0 0 0 0 0 0 0 0 0 0 0 0 0 0 0 0 0 0 0 0 0 0 0 0 0 0 0 0 0 0 0 0 0 0 0 0 0 0 0 0 0 0 0 0 0 0 0 0 0 0 0 0 0 0 0 0 0 0 0 0 0 0 0 0 0 0 0 0 0 0 0 0 0 0 0 0 0 0 0 0 0 0 0 0 0 0 0 0 0 0 0 0 0 0 0 0
0 0 0 0 0 0 0 0 0 0 0 0 0 0 0 0 0 0 0 0 0 0 0 0 0 0 0 0 0 0 0 0 0 0 0 0 0 0 0 0 0 0 0 0 0 0 0 0 0 0 0 0 0 0 0 0 0 0 0 0 0 0 0 0 0 0 0 0 0 0 0 0 0 0 0 0 0 0 0 0 0 0 0 0 0 0 0 0 0 0 0 0 0 0 0 0 0 0 0 0 0 0 0 0 0 0 0 0 0 0 0 0 0 0 0 0 0 0 0 0 0 0 0 0 0 0 0 0 0 0 0 0 0 0 0 0 0 0 0 0 0 0 0 0 0 0 0 0 0 0 0 0 0 0 0 0 0 0 0 0 0
0 0 0 0 0 0 0 0 0 0 0 0 4 0 3 0 0 25 1 1 0 58 0 0 0 381 74 24 138 146 148 98 0 7 11 0 0 0 350 48 113 98 627 36 6 52 211 212 379 188 363 312 375 361 219 371 291 383 0 346 213 271 216 184 427 374 10 1033 102 111 151 0 0 21 5 20 0 0 0 0 0 0 0 49 0 0 0 0 0 0 0 0 34 0 9 0 0 24 0 0 11 0 0 0 0 75 0 0 0 0 29 0 0 0 0 0 0 0 0 0 0 0 0 0 0 0 0 0 0 0 1073 0 0 0 0 0 0 190 0 0 0 813 0 0 0 0 0 0 0 0 0 0 0 2 0 0 0 0 0 0 0
0 0 0 0 0 0 0 0 0 0 0 0 0 0 0 0 0 0 0 0 0 0 0 0 0 0 0 0 0 0 0 0 0 0 0 0 0 0 0 0 0 0 0 0 0 0 0 0 0 0 0 0 0 0 0 0 0 0 0 0 0 0 0 0 0 0 0 0 0 0 0 0 0 0 0 0 0 0 0 0 0 0 0 0 0 0 0 0 0 0 0 0 0 0 0 0 0 0 0 0 0 0 0 0 0 0 0 0 0 0 0 0 0 0 0 0 0 0 0 0 0 0 0 0 0 0 0 0 0 0 0 0 0 0 0 0 0 0 0 0 0 0 0 0 0 0 0 0 0 0 0 0 0 0 0 0 0 0 0 0 0
0 0 0 0 0 0 0 0 0 0 0 0 0 0 0 0 0 2 0 1 0 0 0 0 0 73 0 0 0 0 0 0 0 0 0 0 0 0 0 0 0 0 0 0 0 0 58 56 105 18 91 51 104 97 48 102 57 107 0 93 0 73 56 47 95 0 0 38 0 0 0 0 0 0 0 0 0 0 0 0 0 0 0 0 0 0 0 0 0 0 0 0 0 0 0 0 0 0 0 0 0 0 0 0 0 6 0 0 0 0 0 0 0 0 0 0 0 0 0 0 0 0 0 0 0 0 0 0 0 0 36 0 0 0 0 0 0 0 0 0 0 0 0 0 0 0 0 0 0 0 0 0 0 0 0 0 0 0 0 0 0
0 0 0 0 0 0 0 0 0 0 0 0 0 0 0 0 0 0 0 0 0 0 0 0 0 0 0 0 0 0 0 0 0 0 0 0 0 0 0 0 0 0 0 0 0 0 0 0 0 0 0 0 0 0 0 0 0 0 0 0 0 0 0 0 0 0 0 0 0 0 0 0 0 0 0 0 0 0 0 0 0 0 0 0 0 0 0 0 0 0 0 0 0 0 0 0 0 0 0 0 0 0 0 0 0 0 0 0 0 0 0 0 0 0 0 0 0 0 0 0 0 0 0 0 0 0 0 0 0 0 0 0 0 0 0 0 0 0 0 0 0 0 0 0 0 0 0 0 0 0 0 0 0 0 0 0 0 0 0 0 0
0 0 0 0 0 0 0 0 0 0 0 0 0 0 0 0 0 0 0 0 0 0 0 0 0 0 0 0 0 0 0 0 0 0 0 0 0 0 0 0 0 0 0 0 0 0 0 0 0 0 0 0 0 0 0 0 0 0 0 0 0 0 0 0 0 0 0 0 0 0 0 0 0 0 0 0 0 0 0 0 0 0 0 0 0 0 0 0 0 0 0 0 0 0 0 0 0 0 0 0 0 0 0 0 0 0 0 0 0 0 0 0 0 0 0 0 0 0 0 0 0 0 0 0 0 0 0 0 0 0 0 0 0 0 0 0 0 0 0 0 0 0 0 0 0 0 0 0 0 0 0 0 0 0 0 0 0 0 0 0 0
0 0 0 0 0 0 0 0 0 0 0 0 0 0 0 0 0 0 0 0 0 0 0 0 0 0 0 0 0 0 0 0 0 0 0 0 0 0 0 0 0 0 0 0 0 0 0 0 0 0 0 0 0 0 0 0 0 0 0 0 0 0 0 0 0 0 0 0 0 0 0 0 0 0 0 0 0 0 0 0 0 0 0 0 0 0 0 0 0 0 0 0 0 0 0 0 0 0 0 0 0 0 0 0 0 0 0 0 0 0 0 0 0 0 0 0 0 0 0 0 0 0 0 0 0 0 0 0 0 0 0 0 0 0 0 0 0 0 0 0 0 0 0 0 0 0 0 0 0 0 0 0 0 0 0 0 0 0 0 0 0
0 0 0 0 0 0 0 0 0 0 0 0 0 0 0 0 0 0 0 0 0 0 0 0 0 0 0 0 0 0 0 0 0 0 0 0 0 0 0 0 0 0 0 0 0 0 0 0 0 0 0 0 0 0 0 0 0 0 0 0 0 0 0 0 0 0 0 0 0 0 0 0 0 0 0 0 0 0 0 0 0 0 0 0 0 0 0 0 0 0 0 0 0 0 0 0 0 0 0 0 0 0 0 0 0 0 0 0 0 0 0 0 0 0 0 0 0 0 0 0 0 0 0 0 0 0 0 0 0 0 0 0 0 0 0 0 0 0 0 0 0 0 0 0 0 0 0 0 0 0 0 0 0 0 0 0 0 0 0 0 0
3728 0 1594 559 1227 21 5454 580 2234 318 0 136 5562 1685 6 3237 2274 19064 37730 2 0 244 225 469 0 0 96 543 24 2790 1367 2455 10507 1622 691 1362 2279 4426 0 1109 4 1592 5644 0 0 1441 426 306 13 3215 0 19 13 24 545 41 147 3 0 101 200 281 570 633 111 0 246 21 0 141 167 0 2578 2777 9196 2409 2904 46 0 0 6853 0 5762 4242 0 0 1242 6588 5581 5536 0 645 0 2343 778 472 2 5327 3556 1168 21563 4 0 3702 721 1166 30806 6133 343 93 1658 0 0 0 171 0 78 42 1822 0 61 0 12 1527 0 0 162 623 810 0 0 239 0 0 88 567 0 1764 4479 0 0 6063 2351 0 0 0 0 0 0 2346 2345 2344 0 2019 1635 6996 0 2079 724 0 3290
70 0 0 0 0 0 246 0 0 0 0 0 0 0 0 0 0 0 0 9 0 4 0 0 0 0 0 0 0 0 0 0 11 0 0 0 0 0 0 0 0 0 0 0 0 1 2 2 4 1 0 3 4 4 0 4 4 4 0 4 3 3 3 2 29 0 0 242 12 0 1 0 0 0 0 0 0 0 0 0 0 0 0 0 0 0 0 0 0 0 0 0 0 0 0 0 0 0 0 0 0 0 0 0 0 1 0 0 0 0 0 0 0 0 0 0 0 0 0 0 0 0 0 0 0 0 0 0 0 0 270 0 0 0 0 0 0 0 0 0 0 0 10 0 46 0 0 0 47 7 4 0 0 0 230 0 0 0 0 0 0
676 1774 862 209 0 434 513 0 0 1 0 0 0 0 0 0 0 0 0 17 0 11 1 0 0 4 0 0 0 0 0 0 0 0 0 0 0 0 0 0 0 0 0 0 0 5 3 3 5 2 2 0 5 5 0 6 6 5 0 5 0 4 4 3 74 0 0 0 0 0 2 0 0 0 0 0 0 0 0 0 0 0 0 0 0 3 0 0 0 0 0 0 0 55 0 0 0 0 0 0 0 0 0 0 0 0 0 0 0 0 0 32 0 0 0 0 0 0 0 0 0 0 0 0 0 0 0 0 0 0 754 0 0 0 0 0 0 0 0 0 0 0 0 0 416 0 0 0 431 0 0 0 0 0 1295 0 0 0 0 0 0
0 0 0 0 0 0 110 0 0 0 0 0 0 0 0 22 0 59 2 58 0 53 0 0 21 419 0 0 0 0 0 0 0 0 0 10 0 33 167 1 0 35 0 0 0 130 254 291 423 144 392 384 421 394 274 416 366 431 0 383 313 353 302 273 447 224 0 496 0 0 56 0 151 66 4 29 216 0 0 114 0 0 0 11 0 143 0 0 0 0 0 0 48 127 0 0 0 0 0 0 8 0 0 0 0 94 0 5 7 0 50 21 0 0 0 0 0 0 0 0 0 0 0 0 0 0 0 0 0 0 745 0 0 0 0 19 708 43 73 10 0 379 113 5 235 0 0 0 240 103 106 79 0 0 329 0 0 0 0 309 0
0 0 0 0 0 0 0 0 0 0 0 0 2 0 0 52 0 9 0 1 0 0 4 0 0 52 0 205 0 0 23 0 1053 0 0 0 0 59 0 0 0 0 0 0 0 19 30 31 56 13 45 54 56 52 38 56 51 58 0 51 47 48 37 33 136 0 5 906 290 0 4 0 0 0 22 4 26 0 0 0 0 0 0 0 0 0 0 0 0 0 0 0 25 0 0 0 0 0 0 0 0 0 0 0 0 5 8 0 0 1 3 0 0 5 217 0 0 0 0 0 0 0 0 0 0 0 0 50 52 11 934 6 68 0 0 93 32 43 56 0 0 0 0 0 0 0 0 0 0 0 0 0 0 0 0 0 0 0 53 171 0
0 0 0 0 0 0 0 0 0 0 0 0 0 0 0 0 0 0 0 0 0 0 0 0 0 0 0 0 0 0 0 0 0 0 0 0 0 0 0 0 0 0 0 0 0 0 0 0 0 0 0 0 0 0 0 0 0 0 0 0 0 0 0 0 0 0 0 0 0 0 0 0 0 0 0 0 0 0 0 0 0 0 0 0 0 0 0 0 0 0 0 0 0 0 0 0 0 0 0 0 0 0 0 0 0 0 0 0 0 0 0 0 0 0 0 0 0 0 0 0 0 0 0 0 0 0 0 0 0 0 0 0 0 0 0 0 0 0 0 0 0 0 0 0 0 0 0 0 0 0 0 0 0 0 0 0 0 0 0 0 0
144 397 259 0 127 238 661 354 192 14 196 268 231 231 426 187 408 275 15 1 201 233 6 0 0 0 564 589 3 680 674 1 596 114 66 8 2 394 657 466 2514 643 524 1611 870 372 119 113 20 571 40 40 15 64 154 29 92 2 52 85 123 105 158 172 19 327 565 13 199 739 680 0 1263 321 366 478 650 215 112 195 129 115 215 651 606 0 0 1184 1124 1041 0 848 12 187 18 92 13 103 187 78 44 32 0 136 145 130 86 229 16 405 42 636 0 5 564 0 5 289 230 0 4418 227 894 558 649 0 81 138 115 164 0 235 13 264 1 161 0 696 393 116 117 537 188 116 238 904 116 116 238 187 186 184 117 444 256 130 118 282 320 7 171
0 0 0 0 0 0 5 0 0 0 0 0 0 0 0 11 0 276 3 42 0 14 0 0 26 87 41 16 0 35 70 176 118 0 164 627 18 0 0 4 0 95 0 0 0 330 86 56 87 62 75 84 87 84 127 93 126 88 69 100 129 144 128 128 98 0 33 143 0 9 35 0 0 1 0 22 0 0 0 0 0 0 0 0 0 33 100 0 30 123 0 0 174 17 0 0 2 0 0 0 4 7 0 0 0 2 4 2 2 4 0 0 357 164 41 0 0 0 0 0 11 0 0 0 0 0 0 0 0 0 90 0 252 0 0 106 61 78 0 0 0 14 16 0 8 1 0 0 8 15 14 12 0 44 13 0 1 0 45 37 0
0 0 0 0 0 0 0 0 0 0 0 0 0 0 0 6 0 90 4 2 0 1 0 0 0 19 0 3 0 0 0 0 278 0 0 0 0 0 0 0 0 0 0 0 0 83 28 23 19 14 7 18 19 18 25 21 28 19 0 24 29 24 26 27 40 0 7 229 0 3 2 0 0 0 0 40 0 0 0 0 0 0 0 0 0 25 5 0 128 0 0 0 0 0 0 0 1 0 0 0 1 5 0 0 0 3 3 2 0 1 0 0 1241 1 0 0 0 0 0 0 6 0 17 0 0 0 0 0 0 0 150 0 0 0 13 28 66 4 0 0 0 0 0 0 0 22 0 0 0 0 0 0 0 0 0 0 0 5 0 27 0
0 0 0 0 0 0 0 0 0 0 0 0 0 0 0 0 0 44 3 0 0 0 0 0 0 0 0 172 0 0 0 0 56 0 0 0 0 0 0 0 0 0 0 0 0 35 12 9 6 6 0 3 6 6 13 7 10 6 0 8 10 10 15 16 16 0 3 105 0 0 1 0 51 82 0 35 0 0 0 0 0 247 0 0 0 0 0 0 0 0 0 0 0 0 0 0 1 0 0 0 1 0 0 0 0 1 1 1 0 0 0 0 263 0 200 0 0 0 0 0 0 0 0 0 0 0 0 0 0 0 99 0 0 0 0 3 4 0 0 310 0 0 0 310 0 0 0 0 0 0 0 0 0 0 0 0 0 0 1 4 0
0 0 0 0 0 0 0 0 0 0 0 0 2 0 0 8 0 257 8 35 0 42 2 0 24 15 0 523 0 0 0 0 63 0 0 0 0 0 0 0 0 0 0 0 0 256 297 32 17 169 13 15 17 18 346 23 55 16 0 33 59 121 372 399 61 0 14 116 0 0 4 0 0 0 0 0 417 0 0 0 0 0 0 0 0 35 0 0 0 0 0 0 0 0 0 0 11 0 0 0 1 50 0 0 0 22 15 5 0 6 0 0 2165 0 552 0 0 0 0 0 355 0 0 0 0 0 0 0 0 0 0 0 0 0 12 7 10 0 0 0 0 2 0 0 0 0 0 0 0 0 0 0 0 1 0 0 0 21 2 39 0
0 0 0 0 0 0 0 0 0 0 0 0 0 0 0 9 0 288 4 70 0 56 2 0 15 148 0 3 0 0 0 0 86 0 0 0 0 0 0 0 0 0 0 0 0 266 203 131 146 100 127 138 145 138 235 149 160 148 97 147 158 166 241 241 163 0 17 227 0 0 15 0 365 1498 1181 0 0 0 0 1472 0 0 0 82 0 16 0 0 0 0 0 0 0 0 0 0 1 0 0 0 1 9 0 0 0 2 0 2 1 5 0 0 758 0 26 0 0 0 0 0 9 0 0 0 0 0 0 0 0 0 16 0 0 0 0 56 3 5 0 0 0 2 5 0 2 0 0 0 2 0 2 0 0 11 5 0 0 0 20 11 17
0 18 22 16 0 24 80 15 3 0 2 49 63 4 1 77 25 247 45 1 0 291 6 40 130 83 5 289 1 18 91 14 357 11 0 23 159 70 20 0 26 187 56 58 4 294 332 5797 115 214 93 49 111 124 402 118 157 106 123 140 160 239 409 444 154 0 374 256 119 304 300 0 79 275 173 975 477 0 461 123 164 333 0 6413 1151 0 374 962 191 159 1457 1415 600 0 4 0 0 49 0 0 22 30 0 13 0 40 15 52 1 11 323 331 0 64 345 0 0 0 0 0 170 0 165 33 0 1 0 0 0 0 202 0 214 0 6 32 13 2 40 332 427 40 0 330 10 161 416 409 14 0 0 0 422 359 0 231 464 41 26 82 64
0 0 0 0 0 0 62 1 0 0 0 0 37 0 4 50 7 62 29 1 0 2 0 2 0 0 1 193 1 2 46 0 361 3 0 1 0 31 0 0 0 8 0 0 0 123 69 18 28 41 0 0 27 34 86 30 46 29 34 42 58 70 87 91 29 28 248 3 28 131 108 0 31 144 138 27 63 0 0 0 1 0 3 0 0 0 7 0 0 70 0 0 0 0 7 0 1 44 0 0 21 1 0 28 0 10 23 27 0 4 20 277 3 0 204 0 0 0 0 0 108 0 0 0 0 0 0 4 10 0 0 0 69 0 0 20 7 31 66 0 8517 0 0 0 0 0 8517 8516 0 0 0 0 8517 5620 0 0 8520 22 12 46 7
0 0 0 0 0 0 0 0 0 0 0 0 2 0 0 1 0 280 15 18 0 16 0 0 34 0 4 7 4 13 8 4 197 5 80 405 2 3 0 1 0 11 0 111 119 277 493 170 37 272 20 32 37 37 587 42 75 36 39 54 88 204 598 641 111 54 93 213 0 17 96 0 239 191 50 8 0 0 11 0 6 0 0 5515 509 3 124 166 0 160 148 261 560 0 0 0 0 0 0 0 3 5 0 0 0 2 8 6 1 11 62 0 21 9 34 0 0 0 0 0 11 0 0 0 0 0 0 0 0 0 164 0 37 0 0 15 6 3 24 0 9 1 0 0 0 0 8 8 0 0 0 0 8 68 0 7 10 1 9 21 0
0 0 0 0 0 0 58 3 0 0 0 0 29 0 0 47 7 59 13 1 0 1 2 2 0 0 2 178 2 3 45 0 320 2 0 3 2 61 0 0 0 12 0 0 0 50 49 44 20 31 11 24 19 27 60 22 39 17 26 34 51 63 61 64 38 0 227 188 90 121 108 0 30 56 111 22 44 0 0 0 0 0 0 135 0 0 6 0 0 3 0 0 0 0 7 0 2 40 0 0 10 1 0 25 0 7 19 27 0 3 15 267 0 5 186 0 0 0 9 0 102 0 27 0 0 0 0 11 15 0 193 0 53 0 1 19 7 27 59 0 0 0 0 0 2 28 0 0 3 0 0 0 0 0 0 9062 0 22 14 45 7
0 0 0 0 0 0 24 1 0 0 0 1 17 0 0 27 0 107 49 2 0 3 1 2 27 0 1 102 0 2 17 0 252 0 0 0 0 43 0 0 0 8 0 0 4 118 170 22 22 96 4 23 22 22 200 24 37 21 22 31 52 94 204 220 54 46 83 172 38 47 24 0 18 16 0 19 30 0 29 0 1 0 0 422 0 0 18 498 73 111 0 46 6 0 0 0 2 6 0 4 27 9 0 0 0 10 26 8 0 7 24 29 0 20 122 0 0 0 0 0 50 0 0 0 0 0 0 0 6 0 143 0 73 0 4 17 6 16 38 13798 25 0 0 13798 0 0 25 24 0 0 0 0 25 59 0 0 27 14 11 37 0
0 0 0 0 0 0 0 0 0 0 0 0 12 0 0 7 0 312 100 3 0 2 0 0 0 0 3 28 0 1 10 0 188 0 0 0 0 8 0 0 0 0 0 0 0 304 226 228 16 124 9 19 16 19 269 22 61 14 15 42 97 152 274 294 54 0 112 157 55 59 43 0 20 154 58 11 104 154 0 2975 2726 1316 0 1181 0 1 23 0 102 35 0 0 184 0 0 0 57 0 0 0 36 12 0 0 0 11 39 6 0 10 31 0 0 2 38 0 0 0 0 0 15 0 0 0 0 0 0 5 6 0 80 0 0 0 0 12 12 3 4 1379 0 0 0 1379 0 0 0 0 0 0 0 0 0 14 0 2824 0 15 7 3 0
0 0 0 0 0 0 0 0 0 0 0 0 0 0 0 8 0 46 7 76 0 29 0 0 9 0 0 28 0 0 3 0 122 0 0 0 0 0 0 0 0 0 0 0 0 40 35 182 14 19 8 14 15 15 39 15 18 14 0 16 19 24 40 43 28 0 11 127 0 5 7 0 6 18 6 45 0 0 0 0 0 0 0 0 0 2 26 0 0 0 291 32 0 0 0 0 3 0 0 0 2 18 0 0 0 10 0 1 0 1 0 0 613 0 40 0 0 0 258 0 9 0 1 0 0 0 0 2 0 0 0 0 0 0 0 8 4 2 5 12 0 0 0 12 0 0 0 0 0 0 0 0 0 24 0 0 0 2 4 0 0
0 297 173 461 82 49 113 159 152 6 122 108 122 198 14 133 104 394 31 299 406 420 2 336 306 423 194 522 172 209 228 547 191 55 408 1020 681 281 116 111 318 707 173 290 159 469 455 609 435 308 409 423 435 411 555 438 445 444 389 422 440 525 554 558 446 202 146 326 235 47 150 0 406 1258 268 565 780 0 244 0 103 14 192 2183 0 281 690 457 350 677 1299 1046 1226 106 21 0 88 122 3 57 39 137 0 252 306 189 98 106 12 21 659 0 0 413 596 0 120 81 165 189 4754 655 3229 307 349 304 0 49 152 35 219 16 1022 0 267 159 98 267 277 406 321 187 161 405 55 3344 321 320 56 159 159 154 320 471 186 124 322 235 161 465 163
183 0 0 0 219 365 345 317 69 2 47 89 95 141 20 500 112 23 3 0 0 0 12 0 0 0 4 216 22 51 51 128 195 26 0 0 0 153 0 0 171 0 645 0 0 31 11 4 0 35 0 0 0 1 15 1 4 0 1 3 4 9 15 18 3 11 10 0 0 8 8 13 0 0 234 0 0 4 187 0 170 395 0 0 0 0 0 0 232 289 0 0 0 58 85 0 212 233 3 236 9 153 0 363 0 29 52 101 5 20 30 3 0 0 250 0 0 0 0 0 1 0 24 0 0 0 0 44 0 0 0 0 0 0 0 0 0 63 158 406 203 680 57 391 369 30 203 203 360 68 43 68 203 237 0 164 188 78 0 0 14
0 0 0 0 0 0 0 0 0 0 0 0 8 0 7 13 0 89 1 39 36 42 0 70 82 38 3 28 0 3 3 0 101 0 0 0 16 3 0 0 22 0 0 0 1 86 56 41 59 48 56 57 59 56 87 60 63 60 28 58 61 96 88 92 69 0 98 133 25 2 73 2 0 0 14 10 1 0 0 0 0 0 0 0 0 207 0 0 176 0 0 0 0 0 70 0 10 39 0 53 4 26 0 0 0 7 9 1 0 11 6230 0 0 26 64 0 0 0 0 0 31 0 2 0 0 87 0 23 32 0 51 0 83 0 197 283 60 1 0 0 0 8 0 0 0 0 0 0 0 0 0 0 0 46 0 1 0 36 86 233 0
198 71 49 126 28 86 96 64 41 0 31 105 255 101 4 121 95 173 25 164 225 228 5 253 212 213 41 297 56 49 113 106 373 30 74 163 44 179 58 40 97 126 100 47 92 431 232 252 227 195 216 230 225 236 354 233 270 223 151 250 278 369 356 366 235 0 444 235 248 361 402 0 381 60 190 122 155 0 20 0 62 0 145 143 0 240 1128 0 377 502 1130 634 155 10 334 500 326 1057 4 1256 24 423 0 759 687 716 298 285 2 26 1251 410 0 499 353 51 121 81 928 173 652 80 394 317 222 0 11 45 59 42 188 447 1224 0 230 191 85 53 177 153 139 103 38 153 86 398 139 138 86 35 37 36 139 320 51 75 140 109 237 0 170
0 0 0 6 0 0 39 11 0 0 0 2 24 0 2 63 10 121 15 12 19 21 1 47 300 125 5 227 7 9 27 11 270 6 26 142 0 64 40 0 75 80 5 82 120 283 160 115 128 144 123 125 128 122 261 133 158 130 123 134 156 266 265 284 156 0 204 237 99 23 114 0 0 0 137 123 54 0 18 76 2 0 0 233 0 0 0 0 0 1381 481 357 246 0 4 0 12 25 0 0 12 5 0 33 10 26 22 7 0 3 2 111 200 162 276 0 28 0 53 0 241 0 4 1 0 0 0 26 62 0 152 352 768 0 0 128 84 30 60 54 49 2 0 54 0 0 49 49 0 0 0 0 49 655 0 2 50 66 339 497 58
0 0 0 0 0 0 0 0 0 0 0 0 9 0 0 5 9 25 4 48 0 51 0 0 73 112 1 29 0 0 3 0 147 0 0 0 0 27 0 2 0 0 0 0 1 73 85 88 120 52 104 114 119 112 113 119 115 122 75 112 110 130 113 110 123 0 35 145 67 3 43 0 0 91 7 2 15 0 0 0 0 0 0 25 0 0 281 0 0 0 82 502 3 0 0 0 7 0 0 0 3 5 0 0 0 33 50 3 0 4 396 0 36 39 44 0 0 0 0 0 85 0 3 0 0 0 0 0 0 0 30 0 108 0 0 153 0 3 25 3 1 2 0 3 0 0 0 0 0 0 0 0 1 576 0 3 2 25 187 294 0
42 171 110 278 55 151 118 120 68 7 42 245 189 118 4 187 46 138 49 82 190 193 7 0 252 151 46 643 96 61 130 85 395 32 76 111 46 145 0 19 0 52 48 10 24 314 209 158 163 152 169 173 160 181 228 167 196 162 151 192 210 219 230 241 169 76 441 228 228 450 414 32 87 61 198 241 108 0 91 0 99 70 155 0 0 275 23 0 0 0 0 498 84 60 63 0 9 145 0 74 54 23 0 58 0 52 60 184 4 6 60 464 0 42 810 140 173 11 90 0 237 1457 1688 57 278 209 0 52 27 0 186 0 180 0 257 97 65 49 140 100 86 49 62 100 152 1742 85 85 152 55 58 54 85 73 109 98 87 86 149 606 837
13 6 7 13 5 45 94 18 0 0 0 31 88 0 1 114 1302 139 30 109 98 103 4 70 29 0 12 429 1 17 116 12 393 14 5 21 44 124 0 19 0 0 24 18 5 308 89 65 40 106 0 52 39 66 181 48 100 34 6 84 123 174 184 196 62 0 429 215 195 418 407 0 14 51 175 42 70 0 0 0 52 0 33 0 0 312 111 0 0 0 0 0 24 0 12 0 2 72 0 0 42 0 0 37 0 22 33 74 0 4 150 464 0 66 490 0 0 0 4165 30 230 2095 4976 0 206 0 0 10 24 0 135 0 695 0 298 56 21 44 122 0 0 36 0 0 47 5161 0 0 47 0 0 0 0 11 11 54 0 41 55 316 1609
0 0 0 0 0 0 3 0 0 0 0 0 12 0 0 0 15 0 4 17 0 15 0 74 84 9 0 40 0 0 0 0 6 0 0 7 0 4 0 84 0 0 0 0 0 100 49 42 27 46 22 12 27 26 75 29 40 28 0 31 35 75 73 80 44 3 35 76 0 0 26 0 0 149 7 1 1 0 22 0 8 0 0 321 0 94 13 0 0 0 0 0 0 0 7 0 12 39 2 0 4 0 0 4 12 52 0 4 0 0 31 0 463 12 50 0 0 0 194 0 111 0 46 60 0 0 0 0 0 0 76 0 242 0 74 231 88 0 10 18 15 10 22 17 4 48 15 15 5 18 18 13 13 29 0 16 16 106 141 476 0
0 0 0 0 0 0 0 1 0 0 0 0 0 0 0 0 0 41 14 1 0 0 0 0 0 0 0 0 0 0 0 0 105 0 0 0 0 1 0 0 0 0 234 0 7 40 56 14 20 29 0 20 20 19 55 20 23 20 20 22 27 35 56 62 22 0 5 0 0 11 5 0 0 6 3 9 22 67 313 0 176 533 936 1080 0 0 6 0 1 1 0 3 5 0 0 0 3 0 0 0 7 8 0 0 0 15 7 2 0 2 1 0 0 0 6 17 0 0 2 0 3 0 0 0 0 0 0 0 0 0 0 0 0 0 9 12 0 0 0 538 331 274 0 538 0 0 330 329 0 0 0 0 330 218 0 178 333 0 0 7 0
12 6 3 5 1 0 9 3 1 0 4 1 3 10 0 9 1 6 0 8 10 10 0 0 0 7 1 23 0 0 5 3 36 0 0 2 1 7 0 0 0 7 2389 8 0 12 15 16 21 7 0 21 21 20 17 21 20 22 0 20 19 19 17 16 39 0 25 208 74 4 3 0 10 12 16 15 20 0 0 39 0 0 12 8 0 0 0 0 0 2 0 0 0 0 0 0 0 0 0 0 14 0 0 189 139 0 5 3 0 0 0 2 0 3 29 0 0 0 3 0 17 0 0 0 0 0 0 3 0 0 206 0 7 0 0 9 4 4 7 2 0 2535 0 2 0 0 0 0 0 0 0 0 0 0 2 0 0 5 4 0 0
976 567 236 398 145 222 323 191 247 37 471 214 152 759 19 136 89 376 19 619 0 696 3 290 180 1243 146 411 245 246 159 422 362 72 322 487 405 176 589 138 203 460 1745 727 210 552 917 1003 1223 486 1177 1187 1223 1145 1064 1209 1117 1249 1077 1119 1055 1093 1062 990 1197 0 266 1066 617 39 148 0 708 856 300 1189 1634 729 192 2844 227 282 1115 380 202 0 198 0 133 106 125 105 190 222 0 0 0 0 0 0 32 1 0 13594 10099 421 290 141 34 0 364 75 0 271 459 0 145 249 924 154 464 43 22 160 296 168 0 137 30 201 1029 26 1175 0 0 566 291 178 169 286 193 1822 237 285 219 9 192 192 219 228 230 211 186 163 224 227 195 286 346 396 135
0 0 0 1 0 0 0 1 0 0 0 0 0 1 0 0 0 1 0 4 2 2 0 0 0 8 0 1 3 5 0 0 18 0 0 0 0 0 0 0 0 0 0 0 0 1 12 5 9 6 0 8 9 8 7 8 7 9 8 8 6 6 7 10 11 0 0 36 3 0 0 0 0 0 0 0 0 55 0 3 0 0 0 0 0 0 0 0 0 0 0 0 0 0 0 0 0 0 0 0 0 0 0 40 33 0 0 0 0 0 0 0 0 0 0 0 0 0 1 0 0 0 0 0 0 0 0 0 0 0 0 0 0 0 0 0 0 0 0 0 0 0 0 0 0 0 0 0 0 0 0 0 0 0 0 0 0 0 0 0 0
22 12 5 13 2 0 25 6 1 0 0 1 5 20 0 19 2 14 0 21 25 25 1 0 0 0 1 62 0 0 11 0 126 0 0 0 0 18 0 0 0 16 47 21 0 27 32 33 42 14 0 41 42 39 37 42 40 43 0 39 37 39 37 34 60 0 53 237 81 1 6 0 26 30 39 36 51 0 0 88 0 0 9 12 0 0 0 0 0 3 0 0 0 0 0 0 0 0 0 0 1 0 0 469 331 0 1 4 0 0 0 0 0 9 66 0 0 0 30 0 42 0 0 0 0 0 0 0 0 0 224 0 17 0 0 20 9 12 22 1 0 49 0 1 0 0 0 0 0 0 0 0 0 0 2 0 0 13 13 4 0
0 0 0 1 0 0 13 1 0 0 0 1 1 1 0 16 0 4 0 1 1 1 0 0 0 0 1 50 7 11 8 1 152 0 2 2 0 18 0 0 0 3 778 0 1 10 6 5 9 3 0 9 9 9 8 9 9 9 6 9 9 9 8 8 19 0 18 119 42 2 2 0 6 5 26 5 11 0 0 7 0 0 0 2 0 0 0 0 0 0 0 0 0 0 0 0 0 0 0 0 5 0 0 17 13 0 2 0 0 0 0 18 0 2 54 1 0 1 1 0 22 0 0 0 0 0 3 6 7 2 123 2 16 1 0 10 3 9 16 0 0 825 0 0 0 0 0 0 0 0 0 0 0 0 0 0 0 5 7 20 0
247 137 60 107 36 39 88 51 58 9 106 40 35 195 3 44 21 258 5 160 185 185 0 51 23 313 24 117 44 63 39 102 99 12 72 126 96 50 138 35 45 125 460 194 5 167 248 269 329 129 316 311 329 308 290 326 304 336 41 302 1 298 289 270 319 0 47 246 6 9 39 0 920 231 87 324 443 173 34 759 42 0 262 104 0 0 0 0 21 29 0 10 39 14 0 0 0 0 0 0 9 0 0 3642 2694 48 86 32 9 15 94 0 68 74 150 0 0 0 250 0 8059 41 4 4 64 0 0 29 0 70 142 0 134 0 52 158 83 39 44 0 41 481 61 0 38 0 40 40 38 59 59 52 40 37 56 50 42 52 102 93 21
0 0 0 0 0 0 0 0 0 0 0 0 0 0 0 0 0 0 0 0 0 0 0 0 0 0 0 0 0 0 0 0 0 0 0 0 0 0 0 0 0 0 0 0 0 0 0 0 0 0 0 0 0 0 0 0 0 0 0 0 0 0 0 0 0 0 0 0 0 0 0 0 0 0 0 0 0 0 0 0 0 0 0 0 0 0 0 0 0 0 0 0 0 0 0 0 0 0 0 0 0 0 0 0 0 0 0 0 0 0 0 0 0 0 0 0 0 0 0 0 0 0 0 0 0 0 0 0 0 0 0 0 0 0 0 0 0 0 0 0 0 0 0 0 0 0 0 0 0 0 0 0 0 0 0 0 0 0 0 0 0
0 0 0 0 0 0 0 1 0 0 0 0 1 0 0 0 0 16 0 2 0 0 0 0 0 31 0 6 5 9 0 0 569 0 1 1 0 0 0 0 0 0 0 0 0 293 65 20 34 32 37 32 33 36 74 43 94 33 42 63 121 85 75 77 93 0 1726 620 220 0 43 0 0 0 13 0 0 0 0 0 0 0 0 0 0 0 0 0 0 0 0 0 8 0 0 0 0 0 0 0 0 0 0 0 0 0 0 0 0 0 0 2136 0 0 5 0 0 0 1 0 2 0 0 0 0 0 0 0 0 0 443 0 0 0 0 19 9 0 0 0 0 0 0 0 0 0 0 0 0 0 0 0 0 0 0 0 0 0 0 26 0
0 0 0 0 0 0 0 0 0 0 0 0 0 0 0 0 0 0 0 0 0 0 0 0 0 0 0 0 0 0 0 0 0 0 0 0 0 0 0 0 0 0 0 0 0 0 0 0 0 0 0 0 0 0 0 0 0 0 0 0 0 0 0 0 0 0 0 4 0 0 0 0 0 0 0 0 0 0 0 0 0 0 0 0 0 0 0 0 0 0 0 0 0 0 0 0 0 0 0 0 0 0 0 0 0 0 0 0 0 0 0 0 0 0 0 0 0 0 0 0 0 0 0 0 0 0 0 0 0 0 0 0 0 0 0 0 0 0 0 0 0 0 0 0 0 0 0 0 0 0 0 0 0 0 0 0 0 0 0 0 0
137 88 33 51 13 1 51 24 30 4 63 6 10 88 1 25 7 50 2 82 102 102 1 0 0 93 3 72 0 13 20 49 124 0 0 45 44 33 19 14 5 57 240 66 0 59 122 123 163 54 140 126 162 152 133 160 146 166 129 148 139 136 133 123 160 0 26 162 79 4 15 0 85 106 50 120 224 0 0 392 0 17 111 32 0 0 21 0 0 10 0 0 0 29 0 0 0 0 0 0 4 0 0 0 0 45 56 9 5 5 0 0 0 8 79 0 0 0 90 0 81 11 2 0 0 0 0 0 0 0 8 0 0 0 0 80 41 20 29 29 0 250 28 29 0 0 0 0 0 26 25 21 0 1 25 0 0 32 42 47 0
231 154 72 151 55 76 108 73 103 13 174 74 66 202 3 47 44 123 5 110 155 155 2 259 131 249 38 329 52 63 53 95 170 20 78 128 72 60 143 32 55 115 498 113 0 212 239 212 267 154 260 254 266 255 285 266 261 270 246 255 254 284 287 282 262 0 175 193 164 96 128 0 140 188 121 266 366 75 37 612 39 57 173 76 0 273 32 0 0 17 4 17 0 96 0 0 0 0 0 0 12 1 0 11327 0 104 139 60 12 13 0 0 0 178 355 0 327 0 559 80 400 138 135 118 166 85 0 53 0 24 40 0 364 0 176 438 240 36 56 67 33 517 101 67 74 130 32 32 75 99 98 84 32 29 64 40 35 209 240 302 92
0 0 0 0 0 0 0 0 0 0 0 0 0 0 0 0 0 0 0 1 0 0 0 0 0 0 0 0 0 0 0 0 80 0 0 0 0 0 0 0 0 0 0 0 0 0 5 11 9 1 0 9 9 8 5 9 8 9 0 8 0 6 5 4 16 0 0 85 0 0 0 0 0 0 0 0 0 0 0 0 0 0 0 0 0 0 0 0 0 0 0 0 0 0 0 0 0 0 0 0 0 0 0 0 0 0 0 0 0 0 0 0 0 0 0 0 0 0 0 0 0 0 0 0 0 0 0 0 0 0 15 0 0 0 0 5 2 0 0 0 0 0 0 0 0 0 0 0 0 0 0 0 0 0 0 0 0 0 0 0 0
0 0 0 0 0 0 0 0 0 0 0 0 0 0 0 0 0 0 0 0 0 0 0 0 0 0 0 7 0 0 0 0 98 0 0 0 0 0 0 0 0 0 0 0 0 1 8 23 13 0 0 12 13 12 8 13 11 14 0 12 5 10 8 7 20 0 0 91 25 0 0 0 0 0 0 0 1 0 0 0 0 0 0 16 0 0 0 0 0 0 0 0 2 0 0 0 0 0 0 0 0 0 0 0 0 36 0 1 0 2 0 0 0 0 8 0 0 0 0 0 0 0 0 0 0 0 0 0 0 0 54 0 0 0 0 6 0 2 2 0 0 0 0 0 0 0 0 0 0 0 0 0 0 0 0 0 0 0 0 0 0
0 0 0 0 0 0 0 0 0 0 0 0 0 0 0 0 0 0 0 0 0 0 0 0 0 0 0 0 0 0 0 0 81 0 0 0 0 0 0 0 0 0 0 0 0 0 4 10 7 1 0 7 7 6 4 7 6 7 5 6 5 5 3 3 14 0 0 80 0 0 0 0 0 0 0 0 0 0 0 0 0 0 0 0 0 0 0 0 0 0 0 0 0 0 0 0 0 0 0 0 0 0 0 0 0 0 0 0 0 0 0 0 0 0 0 0 0 0 0 0 0 0 0 0 0 0 0 0 0 0 84 0 0 0 0 5 0 0 0 0 0 0 0 0 0 0 0 0 0 0 0 0 0 0 0 0 0 0 0 0 0
0 0 0 0 0 0 0 0 0 0 0 0 0 0 0 0 0 0 0 0 0 0 0 0 0 2 0 0 0 0 0 0 69 0 0 0 0 0 0 0 0 0 0 0 0 0 2 2 4 0 0 4 4 4 2 4 3 4 4 4 3 3 2 2 5 0 0 8 0 0 0 0 0 0 0 0 0 0 0 0 0 0 0 0 0 0 0 0 0 0 0 0 1 0 0 0 0 0 0 0 0 0 0 0 0 0 0 0 0 0 0 0 0 0 0 0 0 0 0 0 0 0 0 0 0 0 0 1 0 0 10 0 0 0 0 4 1 0 0 0 0 0 0 0 0 0 0 0 0 0 0 0 0 0 0 0 0 0 1 5 0
0 0 0 0 0 0 0 0 0 0 0 0 0 0 0 0 0 0 0 6 0 8 0 0 0 0 0 0 0 2 0 0 32 0 0 0 0 0 0 0 0 0 0 0 0 0 2 2 3 0 0 3 3 3 2 3 3 4 1 3 2 2 2 1 10 0 0 65 2 0 0 0 0 0 0 0 0 0 0 0 0 0 0 0 0 0 0 0 0 0 0 0 5 0 1 0 0 0 0 0 0 0 0 0 0 35 0 0 0 0 0 0 0 0 0 0 0 0 0 0 0 0 0 0 0 0 0 0 0 0 67 0 0 0 0 3 1 0 0 0 0 0 0 0 0 0 0 0 0 0 0 0 0 0 0 0 0 0 0 0 0
0 0 0 0 0 0 0 0 0 0 0 0 3 0 0 1 0 28 0 11 0 7 290 0 0 0 1 4 0 28 25 20 10 0 27 44 0 0 0 0 0 11 15 0 0 49 27 16 0 20 0 0 0 1 37 1 7 0 0 3 4 21 39 43 4 0 9 1 0 0 11 0 11 59 77 229 114 0 0 0 0 0 0 8 0 0 0 0 0 0 0 0 0 0 66 0 1305 716 0 0 1 869 0 268 187 83 139 6 0 12 0 0 0 15 6 0 0 0 0 0 137 0 0 0 0 0 0 0 0 0 0 0 0 0 0 0 40 29 0 0 0 56 5 0 0 0 0 0 0 4 3 0 0 0 18 0 0 22 27 74 0
0 0 0 0 0 0 73 0 0 0 0 54 3 0 0 30 0 21 1 5 0 7 1 0 0 0 9 108 0 0 32 9 163 0 0 0 49 0 0 16 0 21 0 47 20 53 23 22 2 27 5 4 2 6 0 3 11 0 6 10 16 14 22 26 3 38 108 0 0 69 65 0 44 59 71 40 52 0 0 34 0 0 70 112 14 0 15 0 0 12 0 0 14 65 0 0 102 146 0 60 3 0 0 193 50 88 21 28 7 2 25 0 0 42 110 0 0 1 0 0 66 0 62 0 26 30 19 20 22 0 0 12 1 17 0 0 0 18 34 17 2 86 63 17 71 90 1 1 72 61 60 57 2 5 72 4 5 94 88 1 0
447 458 194 238 115 218 218 77 84 12 126 243 143 108 3 155 69 366 22 387 642 643 0 263 324 388 39 405 43 64 60 95 227 31 85 164 743 82 0 32 25 0 134 0 83 246 316 281 378 168 337 366 380 357 282 377 354 385 356 354 328 305 278 265 368 13 68 341 144 22 27 2 0 0 0 0 0 159 0 0 11 68 98 0 116 758 7 40 0 0 94 6 0 70 64 248 632 746 0 0 18 433 0 1475 1459 494 87 136 6 13 61 19 0 272 449 0 0 33 1754 0 4758 119 406 44 330 0 0 475 305 1051 343 0 17 0 696 829 471 62 74 60 7 132 77 60 220 389 6 6 230 71 70 64 4 19 187 4 12 498 464 460 130
0 108 23 0 0 0 0 16 0 0 3 0 5 0 0 413 10 85 6 193 191 218 85 2375 134 104 0 228 0 0 9 8 132 0 0 14 0 12 0 0 0 45 16 5 0 54 105 67 112 51 54 108 114 106 101 111 103 114 104 102 95 107 100 100 117 33 14 158 42 0 14 0 0 0 4 55 37 0 0 0 0 0 0 25 0 125 0 0 0 0 0 0 0 35 0 0 10 0 0 0 2 21 0 0 0 5 1 1 1 2 0 0 0 0 252 0 0 0 27 1600 157 0 10 0 0 0 0 0 0 0 161 0 73 112 97 114 115 10 7 0 0 44 35 0 0 0 0 0 0 23 25 13 0 0 45 0 0 44 62 0 0
0 0 0 0 0 0 0 0 0 0 0 0 11 0 0 0 0 0 0 8 0 1 0 0 0 293 0 0 0 0 0 0 70 0 0 0 0 0 0 0 0 0 0 0 0 7 305 304 567 88 427 549 563 525 295 553 478 580 521 501 447 387 290 237 500 0 0 131 186 0 2 0 0 5 0 0 0 0 0 0 0 0 0 0 0 0 0 0 0 0 0 0 0 0 0 0 0 0 0 0 0 0 0 0 0 0 0 65 0 0 0 0 0 0 0 0 0 0 0 0 0 0 0 0 0 0 0 0 0 0 0 0 0 0 0 0 3 0 0 0 0 0 0 0 0 0 0 0 0 0 0 0 0 0 0 0 0 0 0 0 0
456 414 356 339 99 420 348 234 0 0 0 450 1704 671 162 426 241 661 43 760 66 288 1 650 1971 7942 996 989 493 965 841 831 333 375 764 900 944 611 572 519 355 951 616 462 413 848 4615 4455 7727 1953 7292 7498 7682 7173 4415 7544 6635 7894 7292 6887 6241 5542 4355 3752 6830 806 582 1490 2818 128 272 1 753 666 609 982 978 454 333 641 200 353 1033 989 104 269 1077 0 57 310 0 72 831 0 54 489 3 140 0 838 51 16 0 379 81 732 210 1818 1 168 1152 414 7017 850 1025 0 396 292 91 0 1080 78 805 106 0 0 0 0 46 0 1488 0 1276 285 229 386 2987 1041 606 357 237 623 0 357 434 846 237 236 434 0 0 0 234 292 406 177 242 246 393 849 101
298 339 225 130 63 277 190 103 223 0 337 302 889 462 211 259 94 396 30 168 90 189 7 314 223 5608 359 502 462 652 476 531 219 106 329 321 603 269 0 201 184 452 343 379 0 510 3005 3089 5462 1141 5145 5306 5424 5078 2987 5330 4679 5579 5161 4873 4401 3844 2937 2441 4753 0 375 594 1857 289 308 0 396 289 273 456 444 334 160 331 146 210 382 557 0 214 348 0 0 96 0 61 294 263 22 0 3 69 0 303 33 2 0 144 0 429 92 947 8 206 400 277 6027 62 525 0 0 22 140 0 786 0 370 28 0 0 73 0 0 47 581 100 612 108 165 272 495 535 263 205 155 374 261 205 282 382 157 157 282 251 253 236 153 171 276 143 162 196 235 401 64
0 0 0 0 0 0 1 0 0 0 0 0 6 0 1 12 0 95 5 85 98 133 0 414 403 195 0 190 0 0 0 0 0 11 74 0 0 26 0 40 53 33 14 0 126 215 204 143 195 164 186 189 194 183 250 196 199 198 189 187 191 264 252 266 202 0 89 170 138 6 69 0 41 43 11 77 128 37 24 49 4 27 144 92 0 488 38 0 2 32 0 41 55 0 13 0 34 2 0 18 15 57 0 174 33 64 27 2 0 4 3 0 0 228 214 0 0 0 63 235 226 74 36 1508 753 0 185 314 873 0 163 342 980 610 462 552 487 61 29 18 0 10 0 19 0 0 0 0 0 0 0 0 0 16 30 0 0 643 708 3049 9
24 0 0 0 0 0 41 0 0 0 0 0 30 0 0 53 0 118 1 103 30 38 0 229 174 1 1 135 0 5 27 2 251 0 0 0 33 48 0 0 0 0 0 0 0 94 135 179 148 82 0 143 148 139 134 147 140 151 141 137 133 147 135 137 157 0 81 223 117 1 25 0 31 38 118 67 123 20 16 39 0 27 14 0 0 80 2 0 0 10 0 0 0 0 0 0 0 0 0 0 2 0 0 0 0 0 3 30 0 2 27 9 0 0 166 0 0 0 0 0 171 0 35 0 0 0 39 120 0 0 228 0 262 0 0 186 20 16 34 25 11 2 0 25 0 0 10 9 0 0 0 0 0 11 0 0 14 0 10 55 0
629 336 270 278 77 507 232 81 56 0 55 160 582 256 16 395 126 416 23 103 85 96 6 2192 1827 758 515 770 411 296 299 527 282 109 368 553 504 315 269 139 165 567 1165 225 170 526 905 594 753 815 732 732 749 703 747 746 715 764 722 705 692 721 759 809 770 123 317 707 504 42 133 0 322 342 410 1318 737 230 145 290 253 230 78 364 0 448 151 0 57 131 113 0 301 56 27 0 50 63 0 194 34 113 121 213 0 201 128 599 1 17 261 248 3378 0 803 1091 695 0 428 0 1396 0 364 0 379 0 0 0 0 0 716 0 811 210 321 550 344 352 305 209 32 1211 55 209 509 283 31 30 510 19 26 38 29 66 261 229 35 307 382 428 78
0 0 0 0 0 0 0 0 0 0 0 0 0 0 0 0 0 82 0 932 0 50 0 0 0 147 0 2645 0 0 0 0 85 0 0 0 0 0 0 0 0 0 0 0 0 51 170 174 325 51 309 259 336 313 174 319 283 333 305 291 265 229 171 140 293 0 3 145 137 0 0 0 0 0 1 0 0 0 0 0 0 0 0 0 0 0 0 0 0 0 0 0 0 0 0 0 0 0 0 0 0 0 0 0 0 0 0 0 0 3 0 0 0 0 2752 0 0 0 0 0 0 0 0 0 0 0 0 0 0 0 49 0 0 0 0 7 3 0 0 0 0 0 0 0 0 0 0 0 0 0 0 0 0 0 0 0 0 0 0 0 0
181 166 102 58 49 535 261 47 97 1 154 288 243 89 927 185 84 122 10 553 114 128 11 254 129 293 230 655 221 138 489 46 735 75 0 1 136 251 0 0 121 182 292 99 19 811 579 329 351 419 392 397 345 440 696 358 458 352 414 465 530 563 705 726 350 72 1159 353 676 1704 1521 0 170 136 444 174 207 292 334 184 264 681 345 210 0 0 85 0 41 93 0 0 23 98 39 0 0 0 0 0 163 0 0 0 0 112 24 252 15 946 74 1335 0 229 720 0 22 0 81 106 657 0 1343 0 0 0 0 0 33 0 191 0 692 0 0 52 30 201 248 685 342 332 96 685 539 1377 341 340 540 94 92 80 342 235 94 264 345 71 56 119 150
0 0 0 0 0 0 12 0 0 0 0 0 1 0 0 15 3 6 0 22 0 8 0 0 0 0 0 46 0 0 7 0 129 0 0 0 0 17 0 0 0 1 0 0 0 21 18 15 23 11 20 22 23 22 24 23 23 24 22 22 19 27 24 24 30 0 25 89 20 0 5 0 7 0 25 10 13 0 1 5 0 0 0 0 0 0 0 0 0 0 0 0 0 0 1 0 0 0 0 0 0 0 0 0 0 0 0 0 0 0 0 0 0 0 49 0 0 0 0 0 38 0 0 0 0 0 0 0 3 0 91 0 83 0 2 9 3 4 11 0 0 0 0 0 0 0 0 0 0 0 0 0 0 0 0 0 0 1 4 12 0
55 38 12 28 5 160 152 29 34 8 35 128 170 27 191 124 57 89 5 105 97 105 5 144 338 103 112 467 119 84 203 66 489 40 19 42 125 172 16 0 109 98 110 27 127 392 203 114 144 205 162 161 139 182 233 149 200 127 174 195 220 239 237 256 153 0 625 268 344 755 705 0 84 111 293 107 142 0 76 84 91 61 182 185 0 318 142 0 0 29 0 54 0 44 20 0 5 118 0 0 24 3 374 94 0 67 52 174 5 196 151 703 0 126 500 0 0 0 125 8 364 69 723 0 0 0 0 0 213 0 265 0 692 0 184 126 90 67 168 53 52 149 43 53 161 699 51 50 161 40 39 35 51 59 37 85 55 271 641 19 77
11 172 76 0 0 2 44 27 5 0 0 76 141 0 3 83 177 332 15 67 0 63 5 2923 2360 652 197 3330 87 114 126 271 280 63 68 274 90 148 81 74 97 263 512 0 7 459 1014 571 676 838 653 661 672 630 760 666 637 704 644 632 635 674 774 862 683 207 90 408 342 16 97 0 562 220 184 394 274 123 188 111 41 89 190 354 0 239 85 0 0 15 0 0 102 12 4 0 9 21 0 0 126 17 375 65 0 80 71 133 0 11 141 0 0 82 3539 1861 684 0 4242 0 1124 10491 236 8250 0 0 0 149 65 0 411 0 495 261 161 191 105 169 136 60 44 528 11 61 27 0 40 44 27 0 1 0 37 51 83 5 46 135 533 137 75
19 70 22 73 0 0 36 58 47 0 42 53 75 72 1 121 48 290 13 84 63 108 2 1773 1423 247 55 2064 42 59 51 141 229 30 66 161 116 95 71 69 64 80 123 0 269 893 465 238 255 508 169 248 254 244 743 274 365 258 266 288 360 754 760 855 317 65 287 247 249 12 282 3 81 70 127 106 110 0 114 58 19 52 93 159 0 2106 0 70 131 11 0 21 96 52 17 0 49 40 0 40 39 52 606 77 0 152 117 33 5 14 88 0 1308 768 2250 770 808 114 169 1372 2613 620 1041 245 718 0 1037 1238 1383 0 219 1202 4417 3266 2012 501 656 50 86 34 28 109 50 37 0 1040 23 28 0 24 31 27 21 42 21 0 30 923 326 950 243
124 376 244 219 67 211 631 108 250 13 67 588 169 1640 60 187 163 275 9 443 316 350 52 360 413 597 1537 1088 1594 130 205 1274 100 54 210 334 237 264 359 228 148 271 339 34 0 529 486 455 593 348 556 579 595 560 593 595 578 607 575 560 554 630 593 580 600 0 152 605 423 50 133 0 345 658 87 364 1395 260 98 708 34 284 92 196 114 529 158 0 72 172 82 111 342 227 157 210 232 668 0 545 72 222 1176 510 391 346 73 83 12 13 272 0 646 459 1167 226 0 0 0 156 1313 599 1122 394 490 0 0 1787 2382 1979 605 0 1234 0 386 371 493 254 260 282 81 367 225 282 214 1146 80 80 215 220 220 185 68 108 247 30 79 5266 448 928 187
72 231 65 36 6 182 0 0 0 0 0 67 5 88 0 40 52 77 3 52 5 38 8 1008 184 199 0 2197 0 0 2 14 5 0 6 30 22 0 11 0 0 29 6 0 0 117 165 135 214 83 204 208 214 200 173 212 201 219 205 198 191 199 173 168 218 0 27 268 158 0 24 0 10 51 4 28 56 6 0 40 0 11 0 0 0 0 0 0 0 2 0 0 1 35 0 0 49 4 0 0 4 95 116 42 0 13 10 1 0 2 13 0 0 156 2268 2 14 0 0 703 814 51 627 92 0 0 0 0 0 0 273 0 225 0 31 92 332 14 0 16 0 39 33 16 193 649 0 0 193 27 27 0 0 0 75 0 0 89 117 150 0
33 72 242 80 17 98 123 86 80 0 0 0 43 31 0 62 0 48 2 98 83 132 324 118 127 0 0 96 38 23 0 0 7 0 0 12 0 5 0 0 0 34 0 0 0 116 43 20 1 66 1 1 2 3 81 5 20 0 4 8 20 73 82 96 24 0 39 140 55 0 37 0 28 5 4 47 51 1 0 25 0 0 0 56 0 198 0 0 0 11 0 0 24 140 6 0 75 15 0 11 5 29 5308 77 45 77 64 47 0 7 72 0 0 47 113 0 76 0 12 24 466 0 0 0 0 0 0 4605 0 0 141 0 202 0 125 66 135 18 12 1 0 6 139 1 111 0 0 0 111 136 135 127 0 6 291 0 0 537 19 117 161
105 384 602 140 218 166 361 139 85 0 5 75 60 109 0 58 0 173 4 132 18 97 1 359 1080 229 52 37 7 53 56 115 9 16 78 171 46 66 75 119 85 19 81 58 314 343 360 193 234 434 223 227 234 220 376 237 253 236 230 229 242 378 383 435 253 226 124 142 168 0 119 0 42 73 14 109 84 22 62 39 12 25 53 105 0 0 58 0 32 66 32 32 319 100 2 0 92 29 0 0 6 172 2120 123 0 76 52 11 0 7 71 0 0 552 52 857 0 544 304 298 1458 153 21 342 581 550 0 795 168 0 130 677 1683 44 0 1284 1631 58 53 7 0 75 93 16 163 0 0 0 155 90 86 74 0 14 599 0 0 1248 912 1758 63
0 0 0 0 0 12 0 0 0 1 0 0 0 0 0 0 0 39 2 0 0 0 1 0 0 0 0 235 0 0 0 0 0 0 0 0 0 0 0 0 0 0 0 0 0 45 25 24 0 48 1 0 0 1 0 1 7 0 0 4 0 15 35 38 4 52 0 0 0 0 9 2 0 0 0 95 0 0 19 0 0 0 0 9 0 0 0 0 0 0 0 0 0 44 0 0 126 0 0 0 5 0 566 0 0 0 0 0 0 0 93 0 0 0 198 0 0 0 0 0 0 0 0 0 0 0 0 0 0 0 0 0 0 0 0 0 0 0 0 0 0 0 0 0 0 0 0 0 3 0 0 0 0 0 118 0 0 38 0 0 0
0 0 0 109 0 0 0 26 0 0 0 0 21 0 0 57 15 108 6 146 178 194 2 410 566 335 6 726 9 37 21 99 117 5 65 133 35 43 51 56 40 71 21 0 81 465 313 281 337 269 322 327 336 317 493 342 362 343 329 329 347 536 498 520 348 0 159 231 212 0 159 0 48 80 17 73 105 138 42 89 2 37 214 270 0 454 244 0 0 179 7 106 100 0 26 0 129 87 0 176 13 67 1774 139 95 147 64 4 0 7 655 0 122 187 794 150 0 0 360 184 593 176 21 548 444 0 1413 1056 895 0 220 0 2313 0 423 0 370 23 43 35 12 32 0 34 0 0 12 11 0 0 0 0 10 109 16 0 14 413 545 534 28
0 0 0 0 0 0 0 0 0 0 0 0 0 0 0 58 0 61 4 174 0 108 0 23 166 307 0 19 0 0 0 0 114 0 0 0 0 25 0 0 0 0 0 0 0 1661 202 272 299 582 144 290 300 292 1272 340 537 305 326 374 521 1400 1294 1361 420 183 527 542 14 0 558 0 0 107 45 46 194 0 0 0 0 0 74 71 0 1244 0 0 0 0 0 0 0 18 0 0 174 0 0 0 19 67 2014 34 0 102 12 1 0 2 251 0 0 0 128 0 0 0 0 0 26 0 0 0 0 0 0 0 0 0 505 0 0 0 1068 0 82 16 46 0 0 13 16 0 0 0 0 0 0 2 0 0 0 89 0 0 0 0 0 0 0
32 526 223 214 51 201 197 209 213 23 137 470 273 252 64 378 356 547 20 588 1344 1370 113 0 0 1257 1159 256 1640 1407 562 928 302 300 1276 1221 378 1213 465 611 392 809 729 540 1678 1212 818 865 1229 1385 1182 1196 1227 1156 1409 1240 1232 1256 1193 1175 1180 1526 1407 1353 1281 670 407 1511 975 87 400 0 757 361 584 1229 804 345 163 582 116 227 138 1339 355 1490 767 11 452 637 445 579 824 214 98 368 639 387 0 491 100 707 14749 971 896 597 305 243 16 38 970 0 2068 0 199 0 0 0 1293 0 7060 477 2935 1261 0 0 1336 2660 3421 0 1515 3127 5249 0 1348 706 1771 644 1219 227 173 735 213 227 205 3053 172 173 205 207 203 202 172 393 226 120 177 2517 3664 0 345
0 0 0 0 0 0 17 0 0 0 0 0 9 7 0 34 14 37 1 28 0 51 1 130 30 43 0 202 0 0 0 0 135 0 0 0 0 31 0 0 0 0 30 0 0 52 38 33 42 28 0 40 42 40 50 44 45 43 42 41 42 54 50 51 129 0 57 933 163 1 13 0 13 0 38 0 6 0 1 10 0 0 5 43 0 296 0 0 10 10 0 0 0 0 4 39 22 41 0 0 5 119 3 60 0 125 152 11 1 12 99 57 0 0 243 0 0 0 743 0 71 41 0 0 0 0 0 0 0 161 971 0 0 0 0 75 0 0 35 0 0 26 0 0 0 0 0 0 0 0 0 0 0 3 11 0 0 1029 0 0 1
0 0 0 0 0 0 0 0 0 0 0 0 0 0 0 0 0 35 0 5 0 5 0 0 0 1 0 168 0 0 0 0 0 0 0 0 0 0 0 0 0 0 0 0 0 78 18 17 25 30 15 24 25 24 64 27 35 26 26 27 32 72 65 68 31 0 23 38 0 0 25 0 0 0 0 0 0 0 0 0 0 0 0 0 0 121 0 0 0 0 0 0 0 0 0 0 22 0 0 0 2 0 76 0 0 0 0 0 0 0 0 0 0 0 187 0 0 0 0 0 0 0 0 0 0 0 0 0 0 0 38 47 238 0 0 0 16 0 0 0 0 0 0 0 0 0 0 0 0 0 0 0 0 0 0 0 0 5 0 0 0
0 0 0 0 0 0 0 0 0 0 0 0 0 8 0 0 0 7 0 3 0 2 0 0 0 8 0 0 0 0 0 0 0 0 0 0 0 0 0 0 0 0 0 0 0 6 11 10 17 5 11 16 17 16 13 17 16 18 17 16 14 15 12 12 19 3 1 39 0 0 2 0 0 0 0 0 0 0 0 0 0 0 0 0 0 160 0 0 0 1 0 0 0 6 0 0 2 0 0 0 2 0 0 0 0 0 0 0 0 0 0 0 0 0 0 0 0 0 0 0 0 0 0 0 0 0 0 0 0 0 40 0 0 0 41 0 0 0 0 0 0 0 1 0 0 0 0 0 0 0 0 0 0 0 0 0 0 0 0 0 0
3 3 2 2 0 4 2 1 3 1 4 3 3 3 3 0 2 3 1 2 0 2 0 0 0 0 0 0 0 0 0 0 0 0 0 0 0 0 0 0 0 0 0 0 0 4 7 22 9 5 0 8 9 9 7 9 8 9 0 9 8 8 7 6 13 0 3 50 0 0 4 0 0 0 2 2 0 0 0 0 0 0 0 0 0 0 0 0 0 0 0 0 0 1 0 0 15 0 0 0 1 4 22 0 0 2 0 2 0 3 0 0 0 0 7 0 0 0 0 0 6 0 0 0 0 0 0 0 0 0 20 0 0 0 5 18 17 0 0 1 0 1 2 1 3 5 0 0 3 0 0 0 0 1 0 1 1 0 7 22 0
0 0 0 0 0 0 0 0 0 0 0 0 0 0 0 0 0 3 1 2 0 2 1 0 0 0 0 5 0 0 0 0 12 0 0 0 0 0 0 0 0 0 0 0 0 4 8 26 11 5 4 9 11 11 8 11 10 11 11 10 9 9 8 8 14 0 4 50 0 0 4 0 0 1 0 2 1 0 0 0 0 0 0 0 0 0 0 0 0 0 0 0 0 3 0 0 16 0 0 0 1 6 26 0 0 3 0 3 1 3 3 0 0 0 8 0 0 0 0 0 7 0 0 0 0 0 0 4 0 0 17 0 0 0 0 19 19 0 0 1 0 1 3 1 3 6 0 0 4 1 1 0 0 1 0 1 2 0 0 25 0
3 3 2 0 0 0 2 1 3 0 4 3 2 0 3 2 2 3 1 2 0 2 0 4 6 0 4 7 4 2 2 4 12 1 3 2 3 2 0 2 3 0 2 0 0 4 8 23 12 5 0 11 12 11 8 12 11 12 11 11 10 9 8 8 16 6 3 57 0 4 4 0 0 2 0 2 1 0 3 2 2 0 0 0 0 0 0 0 0 0 0 1 0 0 0 0 5 0 2 2 1 4 22 0 0 3 2 2 0 3 2 0 0 5 7 0 0 0 0 0 6 0 6 0 0 0 0 0 0 0 27 0 6 0 0 9 13 0 0 0 0 1 2 0 3 5 0 0 3 0 0 0 0 0 0 1 1 3 4 4 2
0 0 0 0 0 5 3 1 0 0 0 0 3 0 4 1 3 4 2 3 0 3 1 6 0 0 5 9 5 3 3 5 29 1 4 3 4 0 0 2 4 0 0 0 1 5 11 32 15 7 0 0 14 14 10 14 13 15 14 13 13 12 10 10 20 9 5 72 10 5 5 0 1 2 3 3 1 0 0 0 3 0 2 4 0 0 2 0 0 0 0 2 0 0 1 0 7 2 2 0 1 5 31 5 0 4 2 3 1 4 3 0 0 6 10 0 0 5 0 0 8 0 8 0 0 0 0 6 5 0 54 0 9 0 0 12 13 0 0 1 0 2 3 1 4 8 0 0 4 2 1 0 0 1 0 2 2 4 6 10 3
0 0 0 0 0 0 0 0 0 0 0 1 1 0 1 0 1 1 0 1 0 1 0 0 0 0 1 2 1 1 0 1 31 0 0 0 0 1 0 0 0 0 0 0 0 1 3 8 5 2 2 5 5 5 3 5 5 5 0 5 4 4 3 3 11 0 1 66 0 1 1 0 0 1 1 0 0 0 1 0 1 0 1 1 0 0 0 0 0 0 0 0 0 0 0 0 3 0 0 0 0 1 7 0 0 1 1 1 0 1 0 0 0 0 2 0 0 0 0 0 2 0 2 0 0 0 0 0 0 0 2 0 0 0 0 7 6 0 0 0 0 0 0 0 0 2 0 0 1 0 0 0 0 0 0 0 0 1 1 6 1
0 0 0 1 0 0 1 1 0 0 0 1 0 0 1 0 0 1 1 1 0 1 0 0 0 0 0 0 0 0 0 0 21 0 0 0 0 1 0 0 0 0 0 0 0 2 4 11 7 3 0 6 7 6 4 7 6 7 6 6 5 5 4 4 12 0 0 11 0 2 2 0 0 0 1 0 0 18 1 1 1 1 1 1 0 0 0 0 0 0 0 0 0 1 0 0 5 1 0 0 1 2 11 0 0 1 1 1 0 1 0 0 0 0 3 2 0 4 2 0 3 0 3 0 0 0 0 0 0 0 25 0 0 0 11 8 0 0 0 0 0 0 0 0 0 2 0 0 1 0 0 0 0 0 0 0 0 0 0 7 1
3 3 2 0 0 0 2 1 3 0 4 3 3 0 3 2 2 3 1 2 0 2 0 4 6 0 4 7 4 3 2 4 39 1 3 2 3 2 0 2 3 0 2 0 0 4 8 24 12 5 0 12 12 11 8 12 11 12 11 11 10 10 8 8 17 6 3 73 0 4 4 0 0 2 0 2 1 0 3 2 2 0 0 0 0 0 0 0 0 0 0 1 0 0 0 0 7 0 2 2 1 4 24 0 0 3 2 2 0 3 2 0 0 4 7 0 0 0 0 0 6 0 6 0 0 0 0 0 0 0 44 0 6 0 15 11 11 0 0 0 0 1 2 0 3 6 0 0 3 1 0 0 0 0 0 1 1 3 5 9 2
1 1 1 1 0 0 1 0 1 0 2 1 1 1 1 1 0 1 1 1 0 1 0 0 0 0 1 3 0 1 0 0 41 0 0 0 0 1 0 0 1 0 0 0 0 2 4 10 6 1 0 6 6 5 4 6 5 6 6 5 5 4 4 3 12 1 0 0 0 2 2 0 0 1 1 0 0 0 1 1 0 1 1 2 0 0 1 0 0 1 0 0 0 1 0 0 1 1 1 0 0 1 10 1 0 1 1 1 0 1 1 0 0 1 3 0 0 1 2 0 2 0 2 0 0 1 0 0 0 0 12 1 3 0 3 5 3 0 0 0 0 0 0 0 0 2 0 0 1 0 0 0 0 0 0 0 0 1 1 2 0
0 0 0 0 0 0 0 0 0 0 0 0 0 0 0 0 0 0 0 0 0 0 0 0 0 0 0 1 0 0 0 0 48 0 0 0 0 0 0 0 0 0 0 0 0 1 2 4 4 1 4 4 4 4 2 4 3 4 4 3 0 3 2 2 10 0 0 72 7 1 1 0 0 0 0 0 0 0 0 0 0 0 0 0 0 0 0 0 0 0 0 0 0 0 0 0 0 0 0 0 0 0 4 0 0 0 0 0 0 0 0 0 0 0 1 0 0 0 1 0 1 0 1 0 0 0 0 0 0 1 74 0 1 0 0 4 1 0 0 0 0 0 0 0 0 0 0 0 0 0 0 0 0 0 0 0 0 0 0 1 0
0 0 0 0 0 6 3 1 0 0 0 0 4 0 4 2 3 4 2 3 0 3 1 7 0 0 6 11 6 4 4 6 13 1 4 4 4 0 0 3 4 0 0 0 2 6 12 37 16 8 0 0 16 15 11 16 15 16 16 15 14 13 11 11 20 7 5 57 6 6 6 0 2 3 3 4 2 0 0 0 3 0 3 5 0 0 2 0 0 0 0 2 0 0 1 0 5 3 3 0 2 5 72 6 0 5 3 4 1 4 4 0 0 9 11 0 0 7 0 0 9 0 9 0 0 0 0 6 5 0 39 0 11 0 0 13 16 0 0 1 1 2 4 1 5 9 0 0 5 2 1 0 0 1 0 2 3 4 7 10 3
0 0 0 0 0 7 3 2 0 0 0 0 5 0 5 2 4 4 2 4 0 3 1 7 0 0 7 12 6 4 4 6 20 1 5 4 5 0 0 3 5 0 0 0 2 6 12 40 16 8 0 0 16 16 12 16 15 16 16 15 14 14 12 11 21 7 6 69 10 7 7 0 2 3 3 4 2 0 0 0 4 0 4 5 0 0 2 0 0 0 0 3 0 0 1 0 4 3 3 0 2 4 40 6 0 5 3 4 1 5 4 0 0 7 12 0 0 4 0 0 10 0 10 0 0 0 0 6 6 13 51 0 12 0 0 14 14 1 1 2 1 2 4 2 6 10 1 0 6 3 2 0 1 2 0 3 3 5 8 13 4
1 1 1 1 0 0 1 0 1 0 1 1 1 1 1 0 0 1 0 1 0 1 0 0 0 0 1 2 0 0 0 0 8 0 0 0 0 1 0 0 0 0 0 0 0 1 3 7 4 1 0 4 4 4 3 4 4 4 4 4 3 3 3 2 9 1 0 0 0 1 1 0 0 1 1 0 0 0 1 1 0 1 1 1 0 0 1 0 0 0 0 0 0 1 0 0 1 1 0 0 0 0 7 1 0 1 1 1 0 1 1 0 0 1 2 0 0 2 1 0 2 0 2 0 0 1 0 0 0 0 0 1 2 0 12 3 3 0 0 0 0 0 0 0 0 1 0 0 0 0 0 0 0 0 0 0 0 1 1 1 0
0 0 0 2 0 0 2 1 0 0 0 4 0 0 3 0 0 7 2 5 0 3 3 1 0 0 3 5 2 0 0 0 30 0 0 0 0 2 0 0 0 0 0 0 0 6 13 30 19 8 0 19 19 18 14 19 17 20 18 18 16 16 14 13 25 0 0 25 0 4 5 0 0 2 2 1 2 48 3 2 2 3 3 4 0 0 1 0 1 1 0 1 0 3 0 0 6 2 1 0 1 3 139 0 0 9 2 3 0 3 0 0 0 0 8 9 0 13 68 0 6 0 6 0 0 0 0 0 0 0 39 5 0 0 0 60 10 0 0 0 0 1 2 0 3 6 0 0 3 0 0 0 0 0 0 1 1 0 12 33 48
0 0 0 3 0 0 3 2 0 0 0 5 0 0 4 1 0 6 2 5 0 3 4 0 0 3 4 7 3 1 0 0 7 0 0 0 0 2 0 0 1 0 0 0 0 14 15 38 23 11 0 22 23 22 20 23 22 23 22 21 20 24 20 20 27 0 0 10 0 5 9 0 0 2 3 2 0 63 4 3 3 3 5 5 0 0 2 0 1 1 0 2 0 4 0 0 7 2 2 0 2 4 33 0 0 7 3 3 1 4 0 0 0 0 11 10 0 10 67 0 8 0 8 0 0 0 0 0 0 0 24 6 45 0 24 34 9 0 0 0 0 2 3 0 4 8 0 0 4 1 0 0 0 0 0 2 2 1 11 30 28
0 0 0 5 0 0 5 3 0 0 0 9 0 0 7 3 0 11 4 21 0 9 2 0 0 12 8 15 8 4 0 0 55 0 0 0 0 5 0 2 4 0 0 0 2 23 24 66 32 18 0 31 32 31 30 32 31 33 31 30 29 34 30 30 42 0 2 80 0 10 14 0 0 5 5 12 27 118 7 5 5 6 8 9 0 0 5 0 3 3 0 3 0 8 1 0 16 4 4 0 3 3 61 0 0 25 5 6 1 7 0 0 0 0 19 19 0 18 56 0 15 0 15 0 15 0 0 59 0 0 96 13 69 0 0 46 21 25 2 3 2 4 6 3 8 14 1 1 8 5 3 0 2 3 0 4 5 5 34 68 5
0 0 0 0 0 5 3 1 0 0 0 0 4 0 4 2 3 5 2 9 0 5 1 8 0 0 5 10 5 4 6 5 33 1 4 4 4 0 0 3 4 0 0 0 2 8 14 36 20 9 0 0 20 19 15 19 18 20 19 18 17 17 15 14 26 5 6 86 17 6 7 0 1 3 3 3 3 0 0 0 3 0 2 4 0 0 2 0 0 0 0 2 0 0 1 0 8 3 2 0 2 2 34 5 0 10 3 3 1 4 3 0 0 13 11 0 0 8 3 0 9 0 9 0 0 0 0 37 5 21 68 0 27 0 0 23 17 4 0 1 0 2 3 1 4 8 0 0 5 2 1 0 0 1 0 2 2 4 16 31 3
0 0 0 0 0 2 2 0 0 0 0 0 2 0 2 1 1 0 1 6 0 2 0 0 0 0 3 6 2 2 2 2 19 0 0 1 1 0 0 0 0 0 0 0 0 3 7 17 10 4 0 0 10 10 7 10 9 10 0 9 9 8 7 6 16 0 3 75 5 3 3 0 0 0 1 0 0 0 0 0 1 0 0 0 0 0 0 0 0 0 0 0 0 0 0 0 5 0 1 0 1 1 17 0 0 3 1 2 0 2 2 0 0 3 6 0 0 0 0 0 5 0 5 0 0 0 0 22 0 0 22 0 0 0 0 14 10 0 0 0 0 1 2 0 2 5 0 0 2 0 0 0 0 0 0 1 1 0 6 12 0
6 0 0 4 2 8 4 2 7 1 9 7 6 7 6 4 0 6 3 10 0 6 1 0 0 0 7 14 5 4 0 0 54 0 0 5 3 4 0 1 3 0 0 0 0 11 18 50 24 12 0 23 24 23 19 24 22 25 23 23 21 22 19 18 22 0 0 0 0 8 9 0 0 4 4 3 0 70 5 4 3 5 7 8 0 0 4 0 2 2 0 0 3 6 0 0 10 0 3 0 2 3 49 0 0 10 4 5 1 6 0 0 0 0 15 0 0 0 13 0 12 0 12 0 0 0 0 0 0 0 0 0 35 0 0 23 13 7 2 3 3 3 6 3 7 12 3 2 7 5 4 2 3 3 0 4 4 5 18 0 0
0 0 0 0 0 0 1 0 0 0 2 0 1 0 1 1 1 1 1 3 0 1 0 2 0 0 2 3 2 1 1 2 60 0 1 1 1 1 0 1 1 0 0 0 0 0 5 10 8 2 0 8 8 7 5 8 7 8 8 7 6 6 5 4 15 0 2 81 13 2 2 0 0 0 1 0 0 0 0 0 0 0 0 1 0 0 0 0 0 0 0 0 0 0 0 0 2 1 1 0 1 1 10 1 0 1 1 1 0 1 1 0 0 2 3 0 0 3 2 0 2 0 3 0 0 3 0 12 2 5 84 1 3 0 11 10 5 0 0 0 0 0 0 0 1 2 0 0 1 0 0 0 0 0 0 0 0 1 6 12 1
0 0 0 0 0 2 1 0 0 0 0 0 2 0 2 0 1 2 1 4 0 1 0 3 0 0 2 4 2 2 2 2 57 1 2 1 2 0 0 1 2 0 0 0 0 3 6 14 9 3 0 0 9 9 6 9 8 9 9 9 8 7 6 6 16 2 2 82 11 2 3 0 0 1 1 1 0 0 0 0 1 0 0 1 0 0 0 0 0 0 0 1 0 0 0 0 3 1 1 0 1 1 13 2 0 2 1 1 0 2 1 0 0 3 4 0 0 2 0 0 4 0 4 0 0 0 0 15 2 7 64 0 6 0 14 11 7 0 0 0 0 0 1 0 1 3 0 0 2 0 0 0 0 0 0 0 0 2 7 14 1
0 0 0 0 0 0 0 0 0 0 0 0 0 0 0 34 0 20 1 10 0 17 2 15 52 19 0 13 0 0 0 0 126 0 0 0 0 35 0 0 0 0 0 0 0 146 60 55 69 66 0 67 68 65 133 71 83 70 68 70 79 147 135 142 83 0 46 135 38 1 48 0 4 0 2 0 42 0 0 0 0 0 0 0 0 0 0 0 0 0 0 0 0 1 0 0 31 0 0 0 1 23 230 0 0 18 8 0 0 1 0 0 0 0 44 0 0 0 14 0 76 0 0 0 0 0 0 0 0 0 0 0 504 0 0 0 84 2 44 0 0 0 1 0 0 0 0 0 0 0 0 0 0 1 0 0 0 0 0 0 0
0 0 0 0 0 0 0 0 0 0 0 0 11 0 0 19 0 28 1 28 0 31 5 14 77 32 0 102 0 0 0 0 0 0 0 0 0 47 0 0 0 0 0 0 0 43 53 38 56 55 33 54 56 52 58 56 54 57 54 53 51 64 58 60 61 0 22 94 3 0 15 0 0 26 0 0 0 0 0 0 0 0 0 0 0 177 0 0 0 0 0 0 0 1 0 0 27 0 0 0 3 11 115 0 0 6 2 1 0 1 0 0 0 0 93 0 0 0 0 0 1 0 0 0 0 0 0 0 0 0 96 0 128 0 98 192 62 0 52 0 0 0 0 0 0 0 0 0 0 0 0 0 0 0 0 0 0 230 0 400 0
0 0 0 0 0 0 0 0 0 0 0 0 60 0 0 0 0 30 1 16 0 23 0 158 45 0 0 0 0 0 0 0 0 0 0 0 0 0 0 0 0 0 0 0 0 111 66 56 62 59 56 57 62 59 111 64 71 63 60 62 67 118 112 119 72 31 44 102 0 0 36 0 0 0 0 0 0 0 0 0 0 0 0 14 0 112 0 0 0 0 0 0 0 0 8 0 34 0 0 0 3 0 174 0 0 28 19 48 0 2 0 0 0 49 3 0 0 0 0 0 10 0 0 0 0 0 0 0 0 0 102 0 588 110 7 153 181 0 0 0 0 0 0 0 0 0 0 0 0 0 0 0 0 0 64 0 0 236 0 0 0
53 0 0 0 0 0 82 0 0 0 0 0 0 0 0 82 0 21 0 28 0 14 13 0 0 0 1 225 0 0 77 0 386 11 0 0 0 87 0 0 0 0 0 0 0 117 32 12 26 28 0 32 25 41 42 28 47 20 38 46 56 46 43 44 41 0 310 220 144 261 234 0 32 36 142 5 0 0 0 3 0 0 18 32 0 0 13 0 0 17 0 0 3 0 8 0 0 55 0 0 0 0 0 24 0 9 15 1 0 1 20 378 0 10 233 0 0 0 12 0 133 0 81 0 0 0 0 19 0 0 181 0 70 0 0 22 8 37 86 0 0 0 0 0 11 84 0 0 12 0 0 0 0 1 15 0 0 9 19 56 0
