162
0 0 0 0 0 0 14 1783 263 47 1205 314 258 4 20 111 11 6 0 4 32 4 0 201 32 32 32 32 0 0 3175 2583 1490 89 3300 2516 429 3 316 2143 582 60 4 0 0 3 0 30 0 0 165 124 158 5 165 495 75 157 150 162 152 137 166 140 154 6 154 0 216 0 0 0 47 167 0 0 0 12 36 20 0 0 2 0 3 1 1 0 0 0 3 0 53 0 17 0 328 0 0 0 44 0 0 1 0 3 0 0 0 0 0 0 0 0 3 0 0 0 0 0 0 1434 4 0 5 2 2 1 0 0 0 0 0 0 0 0 87 0 0 0 26 341 243 113 34 238 258 267 0 26 30 8 0 25 43 19 40 38 27 130 51 0
0 0 0 0 0 0 11 8947 1745 2843 6269 1078 8512 1036 16 178 54 0 10 0 197 0 0 158 26 25 26 25 0 0 5198 4220 2402 134 5399 4074 696 4 515 3509 845 48 6 0 0 4 0 27 0 0 135 102 130 7 136 810 91 130 123 133 125 112 136 115 126 9 126 0 179 0 0 0 50 186 0 0 0 1 167 0 0 0 1 0 2 0 1 0 0 0 0 0 42 0 112 0 269 0 0 0 348 0 0 0 0 3 0 0 0 0 0 0 0 0 0 0 0 0 0 0 0 1174 0 0 4 0 2 1 0 0 0 0 0 0 0 0 70 0 0 0 18 270 191 89 22 190 206 208 0 15 17 0 0 7 33 5 30 27 34 103 36 0
0 0 0 0 0 0 1 9 11 11 431 130 4 0 0 74 3 2 0 1 0 0 0 17 3 0 3 3 0 0 1869 1518 856 47 1945 1456 249 1 185 1514 991 5 807 0 0 0 0 4 0 0 15 11 14 4 15 362 0 14 13 14 14 12 15 12 14 6 14 0 20 0 0 0 1 13 0 0 0 0 1 0 0 0 0 0 0 0 0 0 0 0 0 0 4 0 25 0 0 0 0 0 0 0 0 0 0 0 0 0 0 0 0 0 0 0 0 0 0 0 0 0 0 11 0 0 0 0 0 0 0 0 0 0 0 0 0 0 5 0 0 0 0 11 2 1 0 15 15 0 0 0 0 0 0 0 0 0 0 0 10 1 0 0
0 0 0 0 0 0 7 0 0 0 697 213 0 0 12 113 2 1 0 1 1 0 0 130 21 21 21 21 0 0 3042 2472 1413 81 3161 3340 408 3 302 2150 510 35 4 0 0 1 0 18 0 0 106 81 102 6 106 482 0 101 96 104 98 88 107 90 99 8 99 0 145 0 0 0 63 129 0 0 0 6 6 3 0 0 0 0 1 0 1 0 0 0 0 0 33 0 0 0 212 0 0 0 0 0 0 427 0 465 0 0 0 0 0 0 0 0 0 0 0 0 0 0 0 809 0 0 6 1 1 0 0 0 0 0 0 0 0 0 55 0 0 0 11 211 148 69 13 150 162 160 0 8 7 0 0 0 25 0 21 19 21 79 30 0
0 0 0 0 0 0 0 0 0 0 3 1 0 0 0 8 0 0 0 0 0 0 0 0 0 0 0 0 0 0 0 0 0 0 0 0 0 0 301 159 0 0 0 0 0 0 0 1 0 0 0 0 0 0 0 0 0 0 0 0 0 0 0 0 0 0 0 0 1 0 0 0 0 0 0 0 0 0 1593 0 0 0 0 0 0 0 0 0 0 0 0 0 0 0 0 0 0 0 0 0 0 0 0 0 0 0 0 0 0 0 0 0 0 0 0 0 0 0 0 0 0 0 0 0 0 0 0 0 0 0 0 0 0 0 0 0 0 0 0 0 0 0 0 0 0 0 0 0 0 0 0 0 0 0 0 0 0 0 0 0 0 0
0 0 0 0 0 0 611 0 0 0 47 14 0 0 0 7 0 0 0 0 0 0 0 0 0 0 0 0 0 0 124 168 95 5 215 161 28 0 20 135 26 1 0 570 0 6 0 2 0 0 4 3 4 0 4 32 2 4 4 4 4 3 4 3 4 0 4 0 6 1 5 0 7 18 0 0 0 0 0 0 0 0 0 0 0 0 0 0 0 0 0 0 0 0 0 0 8 0 0 0 0 0 0 0 0 0 0 0 0 0 0 0 0 0 0 0 0 0 0 0 4 28 0 0 0 0 0 0 0 0 0 0 0 0 0 0 0 0 0 0 0 0 0 0 0 3 3 0 0 0 0 0 0 0 0 0 0 0 1 0 0 0
0 0 0 0 0 0 0 14084 2817 4884 5148 889 7880 3155 787 497 137 114 94 101 620 8 0 52 8 8 8 8 21 2 1997 1635 928 51 2093 1578 253 2 856 1612 1049 18 5742 0 0 3 0 36 0 0 44 35 43 7 44 414 36 44 41 43 41 37 46 38 42 11 42 0 62 72 101 0 61 159 91 0 0 0 117 7 0 0 1 0 2 5 1 0 0 0 0 0 16 0 191 0 84 0 0 0 208 0 4 24042 0 2 0 0 0 3 0 0 0 0 0 0 0 0 0 0 0 424 0 0 3 0 1 0 0 0 0 0 0 0 0 0 0 0 0 0 5 94 63 29 0 66 76 65 0 0 0 0 0 0 10 0 6 3 0 45 0 0
0 0 0 0 0 0 0 0 0 0 5 6928 0 27 0 20 0 0 0 0 0 0 0 0 0 0 0 0 0 0 0 3622 0 0 0 0 0 0 0 0 0 0 0 0 0 196 0 0 0 0 0 0 0 0 0 103 0 1 0 0 0 0 1 0 0 1 1 0 3 0 0 0 21 43 8 0 0 0 0 0 0 0 0 0 0 0 0 0 0 0 0 0 0 0 0 0 0 0 0 0 0 0 0 0 0 0 0 0 0 0 0 0 0 0 0 0 0 0 0 0 0 0 0 0 0 0 0 0 0 0 0 0 0 0 0 0 0 0 0 0 0 0 0 0 0 0 0 0 0 0 0 0 0 0 0 0 0 0 0 0 0 0
0 0 0 0 0 0 0 0 0 0 30 0 0 0 0 162 0 0 0 0 0 0 0 0 0 0 0 0 0 0 0 0 19893 0 0 0 0 0 0 0 0 0 3 0 0 28 0 9 138 0 2 4 4 0 2 430 0 7 3 2 3 3 7 3 4 0 6 0 115 173 305 0 931 1849 1598 0 0 0 0 0 0 0 0 0 0 0 0 0 0 0 0 0 0 0 0 0 0 0 0 0 4 0 0 0 0 3 0 0 0 0 0 0 0 0 0 0 0 0 1890 0 0 0 0 0 1 0 0 0 0 0 0 0 0 0 0 0 4 0 0 0 0 0 0 0 0 0 0 0 0 0 0 0 0 0 0 0 0 0 0 0 0 0
0 0 0 0 0 0 0 0 0 0 29 9 0 0 0 14 1 0 0 1 1 0 0 0 0 0 0 0 0 0 0 4 3 4432 0 0 0 0 0 0 0 0 1 0 0 14 0 12 0 0 3 3 4 0 3 515 0 5 3 3 3 3 4 3 3 4 4 0 4 0 0 0 31 61 21 0 0 5 5 2 0 0 0 0 0 0 0 0 0 0 3 0 38 0 1 0 1 0 0 0 0 0 0 0 0 0 0 0 0 0 0 0 0 0 0 0 0 0 0 0 0 720 0 0 5 0 1 0 0 0 0 0 0 0 0 0 59 0 0 0 10 239 168 78 15 170 184 182 0 10 9 0 0 0 28 0 24 21 7 87 32 0
0 0 0 0 0 0 0 0 0 0 0 162 0 0 0 0 0 0 0 0 8 14 0 3 2692 2705 2707 2652 0 0 0 0 0 0 330 0 0 0 0 0 0 0 0 0 0 3 0 21 0 0 1105 828 1060 0 1108 69 1031 1040 1001 1089 1019 915 832 939 1032 1 1026 0 1 0 0 0 486 918 991 0 0 2 3 1 0 2 8 0 8 4 3 0 0 0 0 0 0 0 0 0 0 0 24 0 0 0 3 0 0 19 0 0 0 0 0 0 0 0 0 836 0 0 0 0 0 0 0 0 6 0 27 1 0 0 0 0 0 0 0 0 11 0 0 0 0 0 0 0 0 0 0 0 0 0 0 0 0 0 0 0 0 0 0 0 0 0
0 0 0 0 0 0 0 0 35 0 0 0 0 2135 0 0 0 0 0 0 30 0 0 0 0 0 0 0 0 0 0 0 0 0 0 0 0 0 0 0 0 0 0 0 0 0 0 0 0 0 1 0 1 0 1 0 0 1 1 1 1 0 1 0 1 0 1 0 1 0 0 0 0 0 0 0 0 0 0 0 0 0 0 0 0 0 0 0 0 0 0 0 0 0 0 0 0 0 0 0 0 0 0 0 0 0 0 0 0 0 0 0 0 0 0 0 0 0 0 0 0 0 0 0 0 0 0 0 0 0 0 0 0 0 0 0 0 0 0 0 0 0 0 0 0 0 0 0 0 0 0 0 0 0 0 0 0 0 0 0 0 0
0 0 0 0 0 0 0 526 170 4 1974 490 0 0 0 1262 6 0 0 0 18 0 0 0 0 0 0 0 8 0 3615 2944 1653 86 3772 2783 28611 3 0 429 0 0 60 0 0 33 0 30 0 0 14 1 10 5 22 10065 0 41 9 9 6 1 3 2 1 122 2 0 52 79 139 0 420 903 712 0 0 0 1 0 0 0 0 0 0 0 0 0 0 0 0 0 0 0 20 0 0 0 13 0 0 0 3 0 0 17 0 0 0 0 0 0 0 0 0 0 392 0 0 0 0 0 1 0 11 0 0 0 0 0 0 0 0 0 0 0 27 0 0 0 0 0 0 0 0 2 0 0 0 0 0 0 0 0 1 0 0 0 35 0 0 0
0 0 0 0 0 0 0 0 0 0 0 0 0 0 0 0 0 0 0 0 0 0 0 0 0 0 0 0 0 0 0 0 0 0 0 0 0 0 0 0 0 0 0 0 0 0 0 0 0 0 0 1 1 0 0 0 0 2 1 1 1 1 2 1 1 0 2 0 0 0 0 0 0 0 0 0 0 0 0 0 0 0 0 0 0 0 0 0 0 0 0 0 0 0 0 0 0 0 0 0 0 0 0 0 0 0 0 0 0 0 0 0 0 0 0 0 0 0 0 0 0 0 0 0 0 0 0 0 0 0 0 0 0 0 0 0 0 0 0 0 0 0 0 0 0 0 0 0 0 0 0 0 0 0 0 0 0 0 0 0 0 0
0 0 14 0 0 0 0 8 15 9 47 15 13 2 0 1583 101 84 92 139 4 0 851 0 3 3 3 3 333 413 0 11 5 5 14 19 0 40 4187 7 7 8 34 30 1591 45 9977 786 5210 0 2 1 2 34 2 36 0 2 2 2 2 2 2 44 4 288 3 0 1 0 0 0 11 11 4 0 0 35 41 1 0 0 1 0 1 3 1 0 0 0 0 0 0 0 0 0 0 0 51 0 0 0 18 700 0 91 0 0 0 3 0 0 0 0 0 0 0 0 0 0 0 0 0 0 51 0 0 0 0 0 0 0 0 0 0 0 0 0 0 0 0 315 207 126 256 220 222 193 286 210 259 212 187 348 278 233 274 265 0 0 0 0
0 0 0 0 0 0 0 0 0 0 3 2 0 0 0 0 0 0 0 0 0 0 0 0 0 0 0 0 0 0 0 0 0 0 0 0 0 0 0 0 0 604 0 0 0 1 0 1 0 0 0 0 0 0 0 2 0 0 0 0 0 0 0 0 0 0 0 0 1 0 0 0 1173 4 48 0 0 0 0 0 0 0 0 0 0 0 0 0 0 0 0 0 0 0 0 0 0 0 0 0 0 0 0 0 0 0 0 0 0 0 0 0 0 0 0 0 0 0 0 0 0 0 0 0 0 0 0 0 0 0 0 0 0 0 0 0 0 0 0 0 0 0 0 0 0 0 0 0 0 0 0 0 0 0 0 0 0 0 0 0 0 0
0 0 0 0 0 0 0 0 0 0 0 0 0 0 0 0 0 0 0 0 0 0 0 0 0 0 0 0 0 0 0 0 0 0 0 0 0 0 0 0 0 0 0 0 0 0 0 0 0 0 953 831 0 0 0 0 0 0 0 0 0 0 0 0 0 0 0 0 3 0 0 0 8196 36 0 0 0 0 0 0 0 0 0 0 0 0 0 0 0 0 0 0 0 0 0 0 0 0 0 0 0 0 0 0 0 29 0 0 0 0 0 0 0 0 0 0 0 0 0 0 0 0 0 0 0 0 0 0 0 0 0 0 0 0 0 0 0 0 0 0 0 0 0 0 0 0 0 0 0 0 0 0 0 0 0 0 0 0 0 0 0 0
0 215 0 0 1 390 0 62 0 0 190 97 1138 0 0 1 2 0 0 1 0 1 11 8 3 0 1 1 7 0 26 12 9 1 15 11 0 659 0 0 0 3 18 10 0 0 0 12 5 0 171 383 10 1 10 7 0 9 9 10 9 8 8 9 10 37 9 0 2 0 0 0 0 0 0 0 0 17 262 818 341 155 0 0 6939 0 0 0 0 0 0 0 0 0 0 0 13 12217 0 0 0 0 0 0 0 0 0 0 0 0 0 0 0 0 0 0 0 0 0 0 0 0 0 0 0 1 0 0 0 0 0 0 0 0 0 0 0 0 0 0 0 0 0 0 0 0 0 0 0 0 0 0 0 0 0 0 0 0 0 0 0 0
0 0 4 3 4 3 0 1 3 3 6 4 3 11 0 57 1275 1289 0 1264 0 2 0 218 28 25 28 27 0 1316 10 9 15 2 11 32 0 478 3 0 12 10 265 1 0 0 82 152 11 0 472 793 161 106 170 518 145 164 153 165 155 139 166 234 157 62 155 0 51 233 306 0 166 10 0 0 0 20 22 19 8 26 67 50 36 76 17 0 0 0 0 0 0 0 0 0 354 21255 0 0 0 0 66 0 0 7 0 0 7974 7722 1965 5681 7967 533 36 0 0 0 0 0 0 0 0 0 0 0 0 0 0 0 0 0 0 0 0 0 0 0 0 0 0 0 0 0 0 0 0 0 0 0 0 0 0 0 0 0 0 0 0 0 0 0
0 91 0 0 0 67 0 0 0 0 0 36 0 0 0 1 0 0 0 0 0 0 0 0 0 0 0 0 0 0 0 0 0 0 0 0 0 0 0 0 0 0 0 0 0 0 0 1 0 0 0 0 0 0 0 0 0 0 0 0 0 0 0 0 0 0 0 0 0 0 0 0 0 0 0 0 0 7 120 351 55 0 0 0 0 0 0 0 0 0 0 0 0 0 0 0 0 0 0 0 0 0 0 0 0 0 0 0 0 0 0 0 0 0 0 0 0 0 0 0 0 0 0 0 0 0 1 0 0 0 0 0 0 0 0 0 0 0 0 0 0 0 0 0 0 0 0 0 0 0 0 0 0 0 0 0 0 0 0 0 0 0
0 0 28 0 52 7 0 0 0 0 0 0 0 62 0 5 96 95 94 97 0 13678 1 51 1441 1446 1446 1459 0 0 0 4 217 78 1 36 0 4 6126 0 0 10389 19 7 0 7 0 18 0 0 757 773 704 1585 736 138 695 673 791 749 734 620 591 628 698 772 677 0 1218 0 1 0 905 545 528 18 0 35 3 16 0 9 8 2 6 10 10 0 0 0 0 0 0 0 0 0 223 0 15 0 0 0 13 0 0 55 0 0 0 4 11615 0 0 0 1260 472 0 0 0 0 0 0 5 0 17 99 2572 6 0 0 0 0 0 0 0 0 3 0 0 0 0 0 0 0 0 0 0 0 0 0 0 0 0 0 0 0 0 0 0 0 0 304
0 2 2 0 4 51 0 5 4 2 0 16 15 1 2 0 0 0 0 0 0 0 0 0 1 0 0 0 0 0 0 0 0 0 0 0 0 0 3 0 0 128 0 4 2 5 0 14 0 0 0 0 0 0 0 0 1 0 0 1 0 0 0 0 0 0 0 0 0 0 0 0 0 0 0 0 47 63 49 29 35 23 0 0 0 1 0 13 0 0 0 0 0 0 1 0 1 0 6 0 0 0 0 0 0 0 0 0 0 0 144 0 0 0 0 0 0 0 0 0 0 0 0 0 28 0 0 0 0 0 0 0 0 0 0 0 0 0 0 0 0 0 0 0 0 0 0 0 0 0 0 0 0 0 0 0 0 0 2 0 0 0
0 0 0 0 0 0 0 0 0 0 0 0 0 0 0 0 0 0 0 0 0 0 0 0 0 0 0 0 0 0 0 0 0 0 0 0 0 0 0 0 0 0 0 0 0 0 0 0 0 0 0 0 0 0 0 0 0 0 0 0 0 0 0 0 0 0 0 0 0 0 0 0 0 0 0 0 0 0 0 0 0 0 0 0 0 0 0 0 0 0 0 0 0 0 0 0 0 0 0 0 0 0 0 0 0 0 0 0 0 0 0 0 0 0 0 0 0 0 0 0 0 0 0 0 0 0 0 0 0 0 0 0 0 0 0 0 0 0 0 0 0 0 0 0 0 0 0 0 0 0 0 0 0 0 0 0 0 0 0 0 0 0
0 0 0 0 0 32 0 0 0 0 0 12 5 0 0 0 0 0 0 0 0 0 0 0 0 0 0 0 0 0 0 0 0 0 0 5 0 0 0 0 0 2 0 0 0 2 0 0 0 0 3 3 4 1681 8 22 3 4 159 3 3 0 4 5 3 79 3 0 0 4 5 0 0 0 0 0 0 36 42 9 0 0 0 0 0 0 37 123 0 0 0 0 0 0 0 0 19 0 0 0 0 0 0 0 0 0 0 0 0 0 0 0 0 0 0 0 0 0 0 0 0 0 0 0 0 0 0 0 0 0 0 0 0 0 0 0 0 0 0 0 0 0 0 0 0 0 0 0 0 0 0 0 0 0 0 0 0 0 0 0 0 0
0 0 0 0 0 12 0 0 0 0 0 0 0 462 0 0 0 0 0 0 0 0 0 130 0 0 0 0 2 0 0 0 0 0 0 0 0 0 0 0 0 0 0 0 0 0 0 0 0 0 0 0 0 95 1 2 0 0 9 0 0 0 0 1 0 8 0 0 0 0 0 0 0 0 0 0 0 3 1 0 0 90 0 0 0 0 674 0 0 0 0 0 0 0 0 0 0 0 0 0 0 0 0 0 0 0 0 0 0 0 0 0 0 0 0 0 0 0 0 0 0 0 0 0 0 0 1 0 0 0 0 0 0 0 0 0 0 0 0 0 0 0 0 0 0 0 0 0 0 0 0 0 0 0 0 0 0 0 0 0 0 0
0 0 28 0 0 19 0 0 0 0 0 67 17 0 0 0 3 0 0 5 0 0 1 136 4 0 4 6 207 37 0 0 0 0 0 3 0 0 0 0 0 0 0 0 0 0 0 9 0 0 10 7 9 115 10 5 29 9 18 10 9 0 9 38 10 82 9 0 2 0 0 0 0 4 18 0 0 16 13 5 0 0 0 2812 0 0 2 46 0 0 0 0 0 0 0 0 1 0 0 0 0 0 0 0 0 0 0 0 0 0 0 0 0 0 0 0 0 0 0 0 0 0 0 0 0 0 0 0 0 0 0 0 0 0 0 0 0 0 0 0 0 0 0 0 0 0 0 0 0 0 0 0 0 0 0 0 0 0 0 0 0 0
0 0 0 0 0 8 0 0 0 0 0 0 96 0 0 0 0 0 0 0 0 0 2 122 32 0 0 0 0 0 0 0 0 0 0 0 0 0 0 0 0 0 0 0 0 0 0 0 0 0 2 1 2 98 2 3 2 2 10 2 2 0 2 2 2 12 2 0 0 0 0 0 0 0 0 0 0 2 1 0 0 0 0 0 1348 0 2 10 0 0 0 0 0 0 0 0 1 0 0 0 0 0 0 0 0 0 0 0 0 0 0 0 0 0 0 0 0 0 0 0 0 0 0 0 0 0 0 0 0 0 0 0 0 0 0 0 0 0 0 0 0 0 0 0 0 0 0 0 0 0 0 0 0 0 0 0 0 0 0 0 0 0
0 0 0 0 0 38 0 0 0 0 0 10 1 6173 0 0 0 0 0 1 0 0 0 1458 3 0 0 0 24 0 0 0 0 0 0 3 0 0 0 0 0 0 0 0 0 0 0 0 0 0 5 4 5 1072 8 14 5 5 104 5 5 0 5 8 5 58 5 0 0 0 0 0 0 0 0 0 0 18 35 1 0 0 0 0 0 0 9011 678 0 0 0 0 0 0 0 0 0 0 0 0 0 0 0 0 0 0 0 0 0 0 0 0 0 0 0 0 0 0 0 0 0 0 0 0 0 0 0 0 0 0 0 0 0 0 0 0 0 0 0 0 0 0 0 0 0 0 0 0 0 0 0 0 0 0 0 0 0 0 0 0 0 0
1 88 3 1 4 202 0 1 1 3 25 12 0 1 0 2915 6 0 5 3 4 5 100 215 0 0 0 0 0 0 0 1 1 0 0 15 0 5 8 11 14 19 1 0 0 2 0 9 0 0 166 124 159 6 166 3 151 156 150 163 153 138 169 150 155 23 154 0 5 277 351 0 0 0 0 0 0 0 4 56 0 0 7 0 0 0 2 844 0 0 0 95 135 0 0 0 366 0 53 0 0 0 5 0 0 8 0 0 0 1 0 0 0 0 0 18 0 0 0 0 0 0 0 0 4 0 1 0 0 0 0 0 0 0 0 0 3 0 0 0 0 109 62 28 100 72 78 50 35 78 94 42 18 87 121 65 114 109 0 0 0 0
4 388 6 5 6 44 0 2 4 6 33 294 163 10 0 3669 87 44 0 160 10 11 244 29 186 0 188 158 7047 0 1115 2 4 3 0 147 0 12 31 19 21 41 3 0 0 0 805 24 139 0 120 85 108 662 124 132 99 109 106 111 105 98 94 1085 132 3422 112 0 17 55 72 0 39 64 0 0 718 1673 1069 1234 0 38 32 18 0 11 26 68 0 0 0 34 198 0 0 0 79 0 53 0 0 0 14 0 0 15 0 0 1 1 0 1 1 0 0 94 0 0 0 0 0 32 0 0 48 0 7 0 0 0 0 0 0 0 0 0 12 0 0 0 0 188 119 54 179 123 127 108 184 144 181 134 120 199 191 148 187 183 1 0 0 0
0 0 0 0 5 0 0 2 3 5 100 45 0 2 11 10377 4 0 0 4 23 29 32 6720 1717 1699 1726 1689 82 0 0 0 0 0 0 0 0 0 0 0 0 0 1 0 0 12 0 51 0 0 1931 1447 1851 8 1936 2 1814 1816 1747 1902 1780 1600 1781 1652 1802 41 1791 0 207 8215 1 0 314 593 626 0 0 56 51 0 29 9 29 0 21 9 9 3112 0 0 0 0 33 0 0 0 0 0 671 0 0 3 13 0 0 43 0 0 1 1 0 1 0 0 0 514 0 0 0 0 0 0 0 0 12 0 18 1 0 0 0 0 0 0 0 0 36 0 0 0 0 17 4 1 11 17 16 0 0 5 4 0 0 0 27 0 23 19 0 0 0 0
0 0 0 0 0 0 0 0 0 0 28 28 0 0 0 25 0 0 0 0 0 0 0 0 0 0 0 0 0 0 128 0 0 0 114 21 0 0 0 0 0 0 0 0 0 0 0 0 0 0 0 0 0 0 0 22 0 0 0 0 0 0 0 0 0 0 0 0 0 0 0 0 57 3 0 0 0 0 0 1 0 0 0 0 0 0 0 0 0 0 0 0 0 0 0 0 0 0 0 0 0 0 0 0 0 0 0 0 0 0 0 0 0 0 0 0 0 0 0 0 0 109 0 0 0 0 0 0 0 0 0 0 0 0 0 0 0 0 0 0 0 168 0 0 0 0 0 0 0 0 0 0 0 0 0 0 0 0 0 0 0 0
0 0 0 0 0 0 0 0 0 0 59 19 0 0 0 75 0 0 0 0 0 0 0 0 0 0 0 0 0 0 225 153 0 0 260 159 0 0 0 0 0 0 0 0 0 0 0 0 0 0 0 0 0 0 0 44 0 0 0 0 0 0 0 0 0 0 0 0 1 0 0 0 126 15 14 0 0 0 0 3 0 0 0 0 0 0 0 0 0 0 0 0 0 0 0 0 0 0 0 0 0 0 0 0 0 0 0 0 0 0 0 0 0 0 0 0 0 0 0 0 0 417 0 0 0 0 1 0 0 0 0 0 0 0 0 0 4 0 0 2 0 0 0 0 0 0 0 0 0 0 0 0 0 0 0 0 0 0 0 0 0 0
0 0 0 0 0 0 0 0 0 0 23 7 0 0 0 19 0 0 0 0 0 0 0 0 0 0 0 0 0 0 75 81 41 0 107 78 0 0 5 0 0 0 0 0 0 0 0 0 0 0 0 0 0 0 0 17 0 0 0 0 0 0 0 0 0 0 0 0 0 0 0 0 33 0 0 0 0 0 0 0 0 0 0 0 0 0 0 0 0 0 0 0 0 0 0 0 0 0 0 0 0 0 0 0 0 0 0 0 0 0 0 0 0 0 0 0 0 0 0 0 0 67 0 0 0 0 0 0 0 0 0 0 0 0 0 0 1 0 0 0 0 0 0 0 0 0 0 0 0 0 0 0 0 0 0 0 0 0 0 0 0 0
0 0 0 0 0 0 0 0 0 0 0 20 0 0 0 4 0 0 0 0 0 0 0 0 0 0 0 0 0 0 36 0 0 0 0 0 0 0 0 0 0 0 0 0 0 0 0 0 0 0 0 0 0 0 0 13 0 0 0 0 0 0 0 0 0 0 0 0 0 0 0 0 16 0 0 0 0 0 0 0 0 0 0 0 0 0 0 0 0 0 0 0 0 0 0 0 0 0 0 0 0 0 0 0 0 0 0 0 0 0 0 0 0 0 0 0 0 0 0 0 0 0 0 0 0 0 0 0 0 0 0 0 0 0 0 0 0 0 0 0 0 0 0 0 0 0 0 0 0 0 0 0 0 0 0 0 0 0 0 0 0 0
0 0 0 0 0 0 0 23 44 30 44 12 0 0 0 4 0 0 0 0 0 0 0 0 1 0 1 0 0 0 91 0 0 0 82 0 0 0 0 0 0 0 0 0 0 0 0 0 0 0 1 1 1 0 1 17 0 1 1 1 1 0 1 1 1 0 1 0 1 0 0 0 4 1 0 0 0 0 0 0 0 0 0 0 0 0 0 0 0 0 0 0 0 0 0 0 0 0 0 0 0 0 0 0 0 0 0 0 0 0 0 0 0 0 0 0 0 0 0 0 0 0 0 0 0 0 0 0 0 0 0 0 0 0 0 0 0 0 0 0 0 0 0 0 0 0 0 0 0 0 0 0 0 0 0 0 0 0 0 0 0 0
0 0 0 0 0 0 0 2822 5384 6923 3189 581 0 12 1 426 32 7 0 9 605 7 1 0 0 0 0 0 1 0 612 484 249 2 636 470 0 1499 0 0 17 89 9 0 0 6 0 7 0 0 3 1 2 1 4 1348 0 7 2 2 2 1 2 1 1 16 1 0 8 14 26 0 236 162 98 0 0 0 84 55 0 0 0 0 0 0 0 0 0 0 0 0 19 0 355 0 0 0 0 0 144 0 0 0 0 2 0 0 0 0 0 0 0 0 0 0 0 0 0 0 0 1647 0 0 3 0 3 0 0 0 0 0 0 0 0 0 27 0 115 58 107 5 0 0 0 1 8 0 0 0 0 0 0 0 14 0 10 7 89 17 0 0
0 0 0 0 0 0 0 0 0 0 22 7 0 0 0 7 0 0 0 0 0 0 0 0 0 0 0 0 0 0 99 62 41 2 50 34 0 0 0 0 16 5 0 0 0 0 0 0 0 0 0 0 0 0 0 16 0 0 0 0 0 0 0 0 0 0 0 0 0 0 0 0 0 1 0 0 0 0 0 0 0 0 0 0 0 0 0 0 0 0 0 0 0 0 0 0 0 0 0 0 0 0 0 0 0 0 0 0 0 0 0 0 0 0 0 0 0 0 0 0 0 0 0 0 0 0 0 0 0 0 0 0 0 0 0 0 0 0 0 0 0 0 0 0 0 0 0 0 0 0 0 0 0 0 0 0 0 0 0 0 0 0
0 0 0 0 0 0 0 555 1075 1538 692 127 496 2 0 62 7 2 0 2 0 0 0 0 0 0 0 0 0 0 171 171 77 0 232 166 203 34 0 0 164 35 249 0 0 1 0 1 0 0 0 0 0 0 0 127 0 1 0 0 0 0 0 0 0 1 0 0 1 0 0 0 93 22 10 0 0 0 22 9 0 0 0 0 0 0 0 0 0 0 0 0 4 0 73 0 0 0 0 0 35 0 0 0 0 0 0 0 0 0 0 0 0 0 0 0 0 0 0 0 0 243 0 0 0 0 1 0 0 0 0 0 0 0 0 0 0 0 0 0 9 0 0 0 0 0 0 0 0 0 0 0 0 0 0 0 0 0 16 0 0 0
0 0 0 0 0 0 0 17610 21171 13031 6124 1878 0 2756 0 512 78 32 10 22 2501 18 1 27 155 155 155 152 0 0 6449 5286 3172 2002 6671 4940 592 93 395 0 355 0 283 1 0 27 0 11 0 0 87 65 83 9 88 1377 77 84 78 85 79 72 71 73 80 13 80 0 102 50 74 0 210 215 184 0 0 2 74 46 0 0 3 0 2 0 2 0 0 0 0 0 20 0 1500 0 25 0 0 0 136 22 11 0 0 24 0 0 3 3 1 3 2 0 0 0 0 0 0 0 0 1563 0 0 3 0 4 0 0 0 0 0 0 0 0 0 27 0 130 53 66 0 0 0 0 0 0 0 0 0 0 0 0 0 0 0 0 0 103 0 0 0
0 0 0 0 0 0 0 6762 5760 5436 2471 536 2288 2 0 473 33 3 0 10 615 10 2 43 242 243 243 238 0 0 903 794 435 6 1042 774 0 0 0 0 0 84 613 0 0 35 0 13 0 0 134 101 129 1 134 211 119 127 121 132 123 107 111 114 125 2 125 0 148 39 59 0 299 138 106 0 0 15 63 50 0 0 8 0 6 0 3 0 0 0 0 0 27 617 393 0 67 0 0 0 86 33 16 0 0 34 0 0 5 5 1 5 2 0 0 0 0 0 0 0 0 0 0 0 0 0 5 0 0 0 0 0 0 0 0 0 163 0 0 85 100 0 0 0 0 0 6 0 0 0 0 0 0 0 13 0 0 0 155 0 0 0
0 0 0 0 0 0 0 237 71 40 52 28 36 0 0 0 1 0 0 1 0 0 0 0 3 3 3 2 0 0 83 111 19 31 169 132 0 0 0 30 0 0 8 0 0 8 0 2 0 0 2 2 2 0 2 37 0 2 2 2 2 0 2 2 2 0 2 0 3 0 2 0 8 10 0 0 0 0 1 6 0 0 0 0 0 0 0 0 0 0 0 0 0 0 0 0 0 0 0 0 2 6 4 0 0 8 0 0 1 1 0 0 1 0 0 0 0 0 0 0 0 486 0 0 0 0 1 0 0 0 0 0 0 0 0 0 0 0 0 22 20 0 0 0 0 0 0 0 0 0 0 0 0 0 0 0 0 0 31 0 0 0
0 0 0 0 0 0 0 0 0 0 0 0 0 0 0 0 0 0 0 0 0 0 0 0 0 0 0 0 0 0 0 0 0 0 0 0 0 0 0 0 0 0 0 0 0 0 0 0 0 0 0 0 0 0 0 0 0 0 0 0 0 0 0 0 0 0 0 0 0 0 0 0 0 0 0 0 0 0 0 0 0 0 0 0 0 0 0 0 0 0 0 0 0 0 0 0 0 0 0 0 0 0 0 0 0 0 0 0 0 0 0 0 0 0 0 0 0 0 0 0 0 0 0 0 0 0 0 0 0 0 0 0 0 0 0 0 0 0 0 0 0 0 0 0 0 0 0 0 0 0 0 0 0 0 0 0 0 0 0 0 0 0
6 7 11 8 13 0 2624 3 9 10 1 5 1 1 0 1 4 0 0 2 0 0 0 218 266 265 267 261 156 193 19 5 5 97 3 10 2 0 1 0 30 20 5 0 138 213 0 17 0 0 266 199 255 20 266 5 245 250 240 261 245 218 242 253 249 126 247 47 18 264 329 0 124 259 230 164 0 0 5 0 0 0 2 0 0 14 2 0 0 0 0 0 0 158 115 337 342 0 0 0 0 0 0 0 0 5 0 0 0 0 0 0 0 0 0 34 0 0 0 0 0 38 0 0 187 43 12 0 0 0 0 0 0 0 0 0 51 0 0 0 16 0 0 0 0 0 0 0 0 0 0 0 0 0 0 0 0 0 0 112 0 0
135 136 164 140 169 54 456 58 46 158 79 26 87 62 0 123 183 183 178 181 38 0 145 187 15 14 14 14 43 43 43 31 32 6 37 57 19 18 330 58 95 43 96 0 0 118 0 0 0 0 142 113 139 6 140 86 135 140 131 140 132 126 150 126 136 19 138 159 10 236 303 0 58 85 74 0 0 120 34 33 41 53 9 0 10 12 3 50 0 29 0 0 173 93 31 0 308 0 0 53 267 524 60 70 0 336 225 329 62 67 15 62 62 0 20 135 0 0 47 0 0 122 0 0 3 44 12 5 0 0 0 0 0 0 667 0 134 0 18 19 509 168 155 189 0 168 165 143 272 156 137 104 109 167 154 125 153 150 0 522 360 0
0 0 3 0 5 0 0 0 0 0 0 1 0 0 0 0 3 3 2 3 0 0 114 0 0 0 0 0 0 1 0 0 0 45 0 0 0 5 0 0 0 0 1 0 0 0 0 28 0 0 0 0 0 1 0 1 0 0 0 0 0 0 0 1 0 5 0 250 1 0 0 0 6 11 0 0 0 0 0 0 0 0 0 0 0 0 0 0 0 0 0 0 0 0 0 0 0 0 0 0 0 0 0 0 0 1 0 0 0 0 0 0 0 0 0 0 0 0 0 0 0 0 0 0 0 0 0 0 0 0 0 0 0 0 0 0 0 0 0 0 0 0 0 0 0 0 3 0 0 0 0 0 0 0 0 0 0 0 0 0 0 0
92 100 130 92 113 216 32 38 59 96 88 160 215 1344 0 146 154 150 0 161 30 11 1252 87 131 96 132 127 314 0 124 35 72 882 41 56 26 101 781 57 115 46 81 25 2248 129 0 12081 4261 27 149 113 144 34 149 80 148 144 136 147 138 125 141 170 143 255 141 203 276 111 159 0 88 142 0 140 132 1793 409 0 156 1512 2891 1648 878 588 1944 5949 0 0 0 170 142 671 176 0 142 0 0 0 33 13 44 4276 0 237 0 0 0 7 0 1 0 0 1257 0 0 300 0 0 0 337 0 0 0 0 51 51 0 0 0 0 78 556 0 0 222 0 0 64 23 495 323 183 426 336 338 303 494 347 435 357 325 556 454 383 447 436 25 103 514 0
0 0 0 0 0 0 0 0 0 0 0 0 0 13 0 0 0 0 0 0 0 0 0 2 3 0 2 0 0 0 0 0 10 9 1 0 0 1 0 0 0 0 35 0 972 0 0 0 1988 0 5 4 6 0 5 1 0 6 5 5 5 2 6 5 5 0 6 0 56 0 0 0 0 0 0 0 0 0 0 0 0 0 35 0 16 0 16 0 0 0 0 0 0 0 0 0 0 0 0 0 0 0 5 0 0 40 0 0 0 0 0 0 0 0 0 0 0 0 8 0 0 0 0 0 5 0 0 0 0 0 0 0 63 0 0 0 0 0 0 0 0 0 0 0 0 0 0 0 0 0 0 0 0 0 0 0 0 0 71 0 0 0
3 10 15 8 10 57 185 7 0 13 66 117 23 43 0 65 2 0 0 1 9 0 2 463 140 134 140 135 19 0 196 177 191 187 198 163 566 298 41 213 242 71 747 186 1727 142 0 0 0 125 394 300 381 2 394 210 370 378 360 389 365 328 394 339 373 86 372 0 130 573 746 0 178 218 177 0 0 232 158 34 0 104 169 0 99 126 58 17 0 0 45 0 55 0 3 0 706 0 0 0 19 42 16 0 0 112 0 0 6 6 2 6 6 0 42 27 0 0 24 0 0 411 0 0 13 0 28 7 0 0 0 57 150 0 0 0 266 0 0 97 86 82 56 55 64 42 70 50 65 59 66 39 29 74 80 43 79 75 130 128 37 0
226 249 280 237 290 176 158 98 190 273 166 97 176 30 304 29 22 21 20 22 112 82 5 290 101 99 101 98 87 74 122 104 78 274 124 110 69 24 45 142 336 130 559 125 319 59 0 711 0 0 278 234 284 6 270 58 278 299 268 276 264 249 318 260 285 27 296 0 85 462 644 0 533 955 840 0 0 388 189 264 128 0 45 0 22 0 35 0 0 0 61 0 0 0 4 119 485 0 9 0 106 128 35 56 0 109 0 19 0 4 1 4 4 0 0 70 0 0 0 0 0 121 0 0 13 121 142 72 0 0 0 1317 168 0 72 0 1776 0 75 1142 221 56 48 63 40 62 61 38 26 45 34 2 0 31 57 22 53 50 1567 846 8 0
0 0 0 0 0 0 0 0 0 0 0 0 0 0 0 0 0 0 0 0 0 0 0 0 0 0 0 0 0 0 0 0 0 0 0 0 0 0 0 0 0 0 0 0 0 0 0 0 0 0 0 0 0 0 0 0 0 0 0 0 0 0 0 0 0 0 0 0 0 0 0 0 0 0 0 0 0 0 0 0 0 0 0 0 0 0 0 0 0 0 0 0 0 0 0 0 0 0 0 0 0 0 0 0 0 0 0 0 0 0 0 0 0 0 0 0 0 0 0 0 0 0 0 0 0 0 0 0 0 0 0 0 0 0 0 0 0 0 0 0 0 0 0 0 0 0 0 0 0 0 0 0 0 0 0 0 0 0 0 0 0 0
0 0 0 0 0 0 0 0 0 0 0 0 0 0 0 0 0 0 0 0 0 0 0 0 0 0 0 0 0 0 0 0 0 0 0 0 0 0 0 0 0 0 0 0 0 0 0 0 0 0 0 0 0 0 0 0 0 0 0 0 0 0 0 0 0 0 0 0 0 0 0 0 0 0 0 0 0 0 0 0 0 0 0 0 0 0 0 0 0 0 0 0 0 0 0 0 0 0 0 0 0 0 0 0 0 0 0 0 0 0 0 0 0 0 0 0 0 0 0 0 0 0 0 0 0 0 0 0 0 0 0 0 0 0 0 0 0 0 0 0 0 0 0 0 0 0 0 0 0 0 0 0 0 0 0 0 0 0 0 0 0 0
0 0 0 0 0 0 0 0 0 0 0 0 0 0 0 0 0 0 0 0 0 0 0 0 0 0 0 0 0 0 0 0 0 0 0 0 0 0 0 0 0 0 0 0 0 0 0 0 0 0 0 0 0 0 0 0 0 0 0 0 0 0 0 0 0 0 0 0 0 0 0 0 0 0 0 0 0 0 0 0 0 0 0 0 0 0 0 0 0 0 0 0 0 0 0 0 0 0 0 0 0 0 0 0 0 0 0 0 0 0 0 0 0 0 0 0 0 0 0 0 0 0 0 0 0 0 0 0 0 0 0 0 0 0 0 0 0 0 0 0 0 0 0 0 0 0 0 0 0 0 0 0 0 0 0 0 0 0 0 0 0 0
0 0 0 0 0 0 0 0 0 0 0 0 0 0 0 0 0 0 0 0 0 0 0 0 0 0 0 0 0 0 0 0 0 0 0 0 0 0 0 0 0 0 0 0 0 0 0 0 0 0 0 0 0 0 0 0 0 0 0 0 0 0 0 0 0 0 0 0 0 0 0 0 0 0 0 0 0 0 0 0 0 0 0 0 0 0 0 0 0 0 0 0 0 0 0 0 0 0 0 0 0 0 0 0 0 0 0 0 0 0 0 0 0 0 0 0 0 0 0 0 0 0 0 0 0 0 0 0 0 0 0 0 0 0 0 0 0 0 0 0 0 0 0 0 0 0 0 0 0 0 0 0 0 0 0 0 0 0 0 0 0 0
0 0 0 0 0 0 0 0 0 0 0 0 0 0 0 0 0 0 0 0 0 0 0 0 0 0 0 0 0 0 0 0 0 0 0 0 0 0 0 0 0 0 0 0 0 0 0 0 0 0 0 0 0 0 0 0 0 0 0 0 0 0 0 0 0 0 0 0 0 0 0 0 0 0 0 0 0 0 0 0 0 0 0 0 0 0 0 0 0 0 0 0 0 0 0 0 0 0 0 0 0 0 0 0 0 0 0 0 0 0 0 0 0 0 0 0 0 0 0 0 0 0 0 0 0 0 0 0 0 0 0 0 0 0 0 0 0 0 0 0 0 0 0 0 0 0 0 0 0 0 0 0 0 0 0 0 0 0 0 0 0 0
0 0 0 0 0 0 0 0 0 0 0 0 0 0 0 0 0 0 0 0 0 0 0 0 0 0 0 0 0 0 0 0 0 0 0 0 0 0 0 0 0 0 0 0 0 0 0 0 0 0 0 0 0 0 0 0 0 0 0 0 0 0 0 0 0 0 0 0 0 0 0 0 0 0 0 0 0 0 0 0 0 0 0 0 0 0 0 0 0 0 0 0 0 0 0 0 0 0 0 0 0 0 0 0 0 0 0 0 0 0 0 0 0 0 0 0 0 0 0 0 0 0 0 0 0 0 0 0 0 0 0 0 0 0 0 0 0 0 0 0 0 0 0 0 0 0 0 0 0 0 0 0 0 0 0 0 0 0 0 0 0 0
0 0 31 24 62 0 0 10 9 17 0 3 2 10 22 4 13 3 0 13 0 0 1 0 0 0 0 0 0 0 0 2 2 1 2 2 3 2 14 0 0 0 7 0 0 1 0 0 0 0 1 1 1 1 1 7 0 2 1 1 0 0 2 2 1 1 2 97 0 0 0 0 0 0 0 0 0 3 2 0 0 0 0 0 1 0 9 0 0 0 0 0 20 0 4 0 0 0 0 0 0 0 0 0 0 0 0 0 0 0 0 0 0 0 0 0 0 0 0 0 0 0 0 0 0 0 13 0 0 0 0 0 0 0 0 0 0 0 0 0 0 0 0 0 0 0 0 0 0 3 0 0 0 0 3 0 0 0 0 0 0 0
0 0 0 0 0 0 0 0 0 0 0 0 0 0 0 0 0 0 0 0 0 0 0 0 0 0 0 0 0 0 0 0 0 0 0 0 0 0 0 0 0 0 0 0 0 0 0 0 0 0 0 0 0 0 0 0 0 0 0 0 0 0 0 0 0 0 0 0 0 0 0 0 0 0 0 0 0 0 0 0 0 0 0 0 0 0 0 0 0 0 0 0 0 0 0 0 0 0 0 0 0 0 0 0 0 0 0 0 0 0 0 0 0 0 0 0 0 0 0 0 0 0 0 0 0 0 0 0 0 0 0 0 0 0 0 0 0 0 0 0 0 0 0 0 0 0 0 0 0 0 0 0 0 0 0 0 0 0 0 0 0 0
0 0 0 0 0 0 0 0 0 0 0 0 0 0 0 0 0 0 0 0 0 0 0 0 0 0 0 0 0 0 0 0 0 0 0 0 0 0 0 0 0 0 0 0 0 0 0 0 0 0 0 0 0 0 0 0 0 0 0 0 0 0 0 0 0 0 0 0 0 0 0 0 0 0 0 0 0 0 0 0 0 0 0 0 0 0 0 0 0 0 0 0 0 0 0 0 0 0 0 0 0 0 0 0 0 0 0 0 0 0 0 0 0 0 0 0 0 0 0 0 0 0 0 0 0 0 0 0 0 0 0 0 0 0 0 0 0 0 0 0 0 0 0 0 0 0 0 0 0 0 0 0 0 0 0 0 0 0 0 0 0 0
0 0 0 0 0 0 0 0 0 0 0 0 0 0 0 0 0 0 0 0 0 0 0 0 0 0 0 0 0 0 0 0 0 0 0 0 0 0 0 0 0 0 0 0 0 0 0 0 0 0 0 0 0 0 0 0 0 0 0 0 0 0 0 0 0 0 0 0 0 0 0 0 0 0 0 0 0 0 0 0 0 0 0 0 0 0 0 0 0 0 0 0 0 0 0 0 0 0 0 0 0 0 0 0 0 0 0 0 0 0 0 0 0 0 0 0 0 0 0 0 0 0 0 0 0 0 0 0 0 0 0 0 0 0 0 0 0 0 0 0 0 0 0 0 0 0 0 0 0 0 0 0 0 0 0 0 0 0 0 0 0 0
0 0 0 0 0 0 0 0 0 0 0 0 0 0 0 0 0 0 0 0 0 0 0 0 0 0 0 0 0 0 0 0 0 0 0 0 0 0 0 0 0 0 0 0 0 0 0 0 0 0 0 27 7 50 7 12 7 3 7 7 0 0 7 7 8 97 6 0 0 0 0 0 1 0 0 0 0 0 0 0 0 0 0 0 0 0 0 0 0 0 0 0 0 0 0 0 0 0 0 0 0 0 0 0 0 3 0 0 0 0 0 0 0 0 0 0 0 0 0 0 0 0 0 0 0 0 0 0 0 0 0 0 0 0 0 0 0 0 0 0 0 0 0 0 0 0 0 0 0 0 0 0 0 0 0 0 0 0 0 0 0 0
0 0 0 0 0 0 0 0 0 0 0 0 0 0 0 0 0 0 0 0 0 1 0 133 46 38 45 41 0 0 0 0 39 0 0 0 0 0 0 0 0 0 0 0 0 0 0 0 0 0 117 88 113 0 118 0 109 110 106 116 101 0 114 100 109 0 109 0 222 156 198 0 6 0 0 0 0 0 0 0 0 0 0 0 0 0 0 0 0 0 0 0 0 0 0 0 165 0 0 0 0 0 0 0 0 1 0 0 0 0 0 0 0 0 0 0 0 0 0 0 0 0 0 0 0 0 0 0 0 0 0 0 0 0 0 0 0 0 0 0 0 0 0 0 0 0 0 0 0 0 0 0 0 0 0 0 0 0 0 0 0 0
0 0 0 0 0 0 0 0 0 0 0 0 0 0 0 0 2 0 0 2 0 0 0 0 0 0 0 0 0 0 0 0 0 0 0 0 0 0 0 0 0 0 0 0 0 0 0 0 0 0 0 0 0 0 0 1 0 0 0 0 0 0 0 0 0 0 0 0 0 0 0 0 0 0 0 0 0 0 0 0 0 0 0 0 0 0 0 0 0 0 0 0 0 0 0 0 0 0 0 0 0 0 7 0 0 1 0 0 0 0 0 0 0 0 0 0 0 0 0 0 0 0 0 0 0 0 0 0 0 0 0 0 0 0 0 0 0 0 0 0 0 0 0 0 0 0 0 0 0 0 0 0 0 0 0 0 0 0 0 0 0 0
0 0 0 0 0 0 0 0 0 0 0 0 0 0 0 0 0 0 0 0 0 0 0 0 0 0 0 0 0 0 0 0 0 0 0 0 0 0 0 0 0 0 0 0 0 0 0 0 0 0 0 0 0 0 0 0 0 0 0 0 0 0 0 0 0 0 0 0 0 0 0 0 0 0 0 0 0 0 0 0 0 0 0 0 0 0 0 0 0 0 0 0 0 0 0 0 0 0 0 0 0 0 0 0 0 0 0 0 0 0 0 0 0 0 0 0 0 0 0 0 0 0 0 0 0 0 0 0 0 0 0 0 0 0 0 0 0 0 0 0 0 0 0 0 0 0 0 0 0 0 0 0 0 0 0 0 0 0 0 0 0 0
0 0 0 0 0 0 0 0 0 0 0 0 0 0 0 0 0 0 0 0 0 0 0 0 0 0 0 0 0 0 0 0 0 0 0 0 0 0 0 0 0 0 0 0 0 0 0 0 0 0 0 0 0 0 0 0 0 0 0 0 0 0 0 0 0 0 0 0 0 0 0 0 0 0 0 0 0 0 0 0 0 0 0 0 0 0 0 0 0 0 0 0 0 0 0 0 0 0 0 0 0 0 0 0 0 0 0 0 0 0 0 0 0 0 0 0 0 0 0 0 0 0 0 0 0 0 0 0 0 0 0 0 0 0 0 0 0 0 0 0 0 0 0 0 0 0 0 0 0 0 0 0 0 0 0 0 0 0 0 0 0 0
0 0 0 0 0 0 0 0 0 0 0 0 0 0 0 0 0 0 0 0 0 0 0 0 0 0 0 0 0 0 0 0 0 0 0 0 0 0 0 0 0 0 0 0 0 0 0 0 0 0 0 0 0 0 0 0 0 0 0 0 0 0 0 0 0 0 0 0 0 0 0 0 0 0 0 0 0 0 0 0 0 0 0 0 0 0 0 0 0 0 0 0 0 0 0 0 0 0 0 0 0 0 0 0 0 0 0 0 0 0 0 0 0 0 0 0 0 0 0 0 0 0 0 0 0 0 0 0 0 0 0 0 0 0 0 0 0 0 0 0 0 0 0 0 0 0 0 0 0 0 0 0 0 0 0 0 0 0 0 0 0 0
0 0 0 0 0 0 0 0 0 0 0 0 0 0 0 0 0 0 0 0 0 0 0 0 0 0 0 0 0 0 0 0 0 0 0 0 0 0 0 0 0 0 0 0 0 0 0 0 0 0 0 0 0 0 0 0 0 0 0 0 0 0 0 0 0 0 0 0 0 0 0 0 0 0 0 0 0 0 0 0 0 0 0 0 0 0 0 0 0 0 0 0 0 0 0 0 0 0 0 0 0 0 0 0 0 0 0 0 0 0 0 0 0 0 0 0 0 0 0 0 0 0 0 0 0 0 0 0 0 0 0 0 0 0 0 0 0 0 0 0 0 0 0 0 0 0 0 0 0 0 0 0 0 0 0 0 0 0 0 0 0 0
0 0 0 0 0 0 0 0 0 0 0 0 0 0 0 0 0 0 0 0 0 0 0 0 0 0 0 0 0 0 0 0 0 0 0 0 0 0 0 0 0 0 0 0 0 0 0 0 0 0 0 0 0 0 0 0 0 0 0 0 0 0 0 0 0 0 0 0 0 0 0 0 0 0 0 0 0 0 0 0 0 0 0 0 0 0 0 0 0 0 0 0 0 0 0 0 0 0 0 1 0 0 0 0 0 0 0 0 0 0 0 0 0 0 0 0 0 0 0 0 0 0 0 0 0 0 0 0 0 0 0 0 0 0 0 0 1 0 0 0 0 0 0 0 0 0 0 0 0 0 0 0 0 0 0 0 0 0 0 0 0 0
0 0 0 0 0 0 0 0 0 0 0 0 0 0 0 0 0 0 0 0 0 0 0 0 2 0 0 0 0 0 0 0 0 0 0 0 0 0 0 0 0 0 0 0 0 0 0 0 0 0 0 0 0 1 0 0 0 0 0 0 0 0 0 0 0 0 0 0 0 0 0 0 0 0 0 0 0 0 0 0 0 0 0 0 0 0 0 0 0 0 0 0 0 0 0 0 0 0 0 0 0 0 0 0 0 0 0 0 0 0 0 0 0 0 0 0 0 0 0 0 0 0 0 0 0 0 0 0 0 0 0 0 0 0 0 0 0 0 0 0 0 0 0 0 0 0 0 0 0 0 0 0 0 0 0 0 0 0 0 0 0 0
205 139 440 695 745 0 0 37 0 39 17 3 0 7 35 45 32 25 0 34 82 0 113 0 19 16 17 15 0 0 0 0 28 0 0 0 0 5 20 0 0 2 7 0 0 4125 0 35 0 0 12 11 13 1 11 13 12 14 12 12 11 0 13 11 13 0 14 0 165 0 3 0 11 0 0 0 0 56 57 26 0 0 0 0 0 2 0 0 0 9696 0 0 0 0 5 0 10 0 0 0 0 0 1 0 0 3 0 0 0 0 0 0 0 0 0 0 0 0 0 0 0 0 0 0 0 0 0 1 0 0 0 0 0 0 0 0 277 0 9 0 0 0 0 0 0 3 3 0 0 0 0 0 0 0 5 0 0 0 8 0 0 0
795 583 1101 1892 1821 0 0 93 0 99 40 7 0 18 5 41 29 21 0 32 0 1 103 0 19 14 15 13 0 0 0 0 25 0 0 0 0 5 1 0 0 0 7 0 0 7 0 10 0 0 10 8 10 1 10 12 8 10 9 10 8 0 8 9 9 0 9 0 156 0 0 0 4 0 0 0 0 98 99 51 0 0 0 0 0 1 0 0 0 0 0 0 0 6638 12 0 0 0 0 0 0 0 0 0 0 2 0 0 0 0 0 0 0 0 0 0 0 0 57 0 0 0 0 0 0 0 0 0 0 0 0 0 0 0 0 0 1090 0 34 0 0 0 0 0 0 0 0 0 0 0 0 0 0 0 0 0 0 0 5 0 0 0
4010 3258 4101 7572 6508 4101 6486 362 176 396 102 667 639 168 574 552 336 320 317 343 760 170 726 16 20018 20115 20124 19721 1491 3132 553 501 8534 1493 539 536 1268 63 155 671 1380 347 864 6222 773 820 7177 5353 1702 743 8938 6731 8573 232 8948 668 8448 8428 8093 8795 8237 7486 6943 7890 8352 683 8312 0 45612 110 210 0 4321 7871 8596 0 2626 2327 1321 883 3692 384 619 5305 592 196 176 19 13 201 0 50 0 957 618 466 9 721 1116 357 841 689 708 640 0 1190 1106 1106 284 286 70 286 285 447 362 7777 0 338 0 0 0 3 0 0 104 0 217 11 0 0 0 0 4 0 97 0 1609 64 229 94 0 434 329 209 273 0 308 289 323 247 404 395 309 416 322 286 309 306 1507 132 701 0
0 0 0 0 12 0 0 0 0 0 0 1 0 0 0 0 0 98 0 104 0 0 8408 0 6 2 6 5 6 0 0 0 0 0 0 0 0 382 0 0 0 0 22 0 0 0 0 0 0 0 3 2 3 2 3 50 35 3 3 3 0 0 2 3 3 1 3 0 0 0 0 0 0 0 0 0 0 8 4 10 0 0 0 0 0 1 0 0 0 0 0 0 0 0 0 0 0 0 0 0 0 0 5 0 0 38 0 0 0 0 0 0 0 0 0 0 0 0 0 0 0 0 0 0 11 0 0 0 0 0 0 0 0 0 0 0 0 0 0 0 0 0 0 0 0 0 0 0 0 0 0 0 0 0 0 0 0 0 111 0 0 0
0 0 0 0 13 0 0 0 0 0 0 2 0 0 0 0 0 0 0 5 0 0 9 39 5 0 4 2 10 0 0 0 0 19 0 0 0 0 0 0 0 0 2 0 0 0 0 0 0 0 20 16 19 1 20 3 16 19 18 20 12 1 20 19 19 5 19 123 6 26 23 0 2 0 0 0 0 0 6 0 0 0 0 0 0 0 0 0 0 0 0 0 0 0 0 0 0 0 0 0 0 0 0 0 0 12 0 0 0 0 0 0 0 0 0 0 0 0 0 0 0 0 0 0 0 0 1 8 0 0 0 0 0 0 0 0 0 0 0 0 0 0 0 0 0 0 0 0 0 0 0 0 0 0 0 0 0 0 22 0 0 0
239 170 318 503 541 59 0 0 0 0 0 30 0 6 0 0 26 49 43 66 0 4 135 55 16 0 15 12 299 182 0 5 0 40 12 23 0 3 0 0 0 5 32 0 0 13 122 40 0 0 41 35 39 50 40 44 36 41 37 39 31 17 42 99 39 91 40 954 5 57 63 0 48 83 0 0 0 272 80 89 13 0 0 0 1 0 8 0 0 0 0 0 0 0 26 0 0 0 0 0 141 484 2 82 0 141 3 0 13 12 5 19 18 0 0 0 0 0 0 0 0 0 0 0 16 0 11 3 0 0 0 0 0 0 0 0 0 0 0 0 0 7 0 2 0 0 10 0 0 35 29 0 0 2 20 0 12 10 124 0 33 0
257 247 240 209 256 442 227 73 127 161 186 3062 281 76 383 336 1898 1922 1914 1867 0 19 1750 293 305 298 302 295 146 93 426 1878 454 1428 455 410 512 266 271 584 538 154 729 0 48 418 0 362 283 1173 340 263 333 36 340 1034 323 343 316 337 318 293 330 302 327 40 328 238 88 300 459 561 294 314 270 0 1029 529 531 348 467 171 197 53 140 191 103 0 795 642 895 276 270 6495 3528 6466 417 0 42 0 97 53 155 45 0 90 0 0 8 82 2 9 9 1523 82 219 425 0 115 0 0 1448 0 0 158 1 22 53 0 331 0 0 0 249 92 0 1654 0 0 13 0 241 194 295 165 252 274 158 118 188 156 11 0 124 250 53 240 219 52 3 20 0
23 36 40 29 42 455 524 14 26 31 78 74 3172 9 142 234 126 118 108 120 15 0 368 32 610 526 611 596 294 0 174 204 185 594 242 189 396 18 108 257 260 59 279 774 58 67 0 476 57 18 294 222 283 6 295 220 276 280 268 290 272 245 236 254 276 16 275 1493 157 26 17 0 254 307 275 0 0 47 89 0 0 9 0 0 0 14 9 0 0 0 0 5 19 0 109 138 0 0 0 0 10 19 11 0 0 30 0 0 2 8 1 3 3 0 0 221 0 0 0 0 0 55 0 0 12 0 10 0 0 0 0 0 0 0 21 0 127 0 0 0 0 18 5 7 15 23 31 0 0 6 24 0 0 0 35 0 37 18 24 0 0 0
0 0 0 0 1 4 13 0 1 0 0 3 1 0 0 10 1 0 0 0 0 0 55 0 0 0 0 0 46 0 0 1 0 54 1 5 0 3 1 0 0 1 2 39 0 3 0 18 0 0 4 3 4 0 4 1 0 4 4 4 4 3 4 4 4 0 4 11 0 0 0 0 0 0 0 0 0 0 0 0 0 0 0 0 0 0 0 0 0 0 0 299 17 0 0 0 0 0 0 0 0 0 0 0 0 2 0 0 0 0 0 0 0 0 0 0 0 0 0 0 0 96 0 0 0 0 1 0 0 0 0 0 0 0 0 0 0 0 0 0 0 0 0 8 0 14 24 0 0 0 6 0 0 0 18 0 21 0 7 0 0 0
0 0 0 0 0 80 0 0 0 0 0 520 0 0 0 3 0 0 0 0 0 0 17 0 0 0 0 0 0 0 0 0 0 0 0 0 0 1 0 0 0 0 0 0 0 4 0 3 0 0 1 1 1 0 1 0 0 1 1 1 1 1 1 1 1 0 1 12 0 0 0 0 0 0 0 0 0 345 0 0 0 0 0 0 0 0 0 0 0 0 0 0 0 0 0 0 0 0 0 0 0 0 0 0 0 0 0 0 0 1 0 1 1 0 0 0 0 0 0 0 0 3 0 0 0 0 0 0 0 0 0 0 0 0 0 0 0 0 0 0 0 0 0 0 0 0 0 0 0 0 0 0 0 0 0 0 0 0 0 0 0 0
0 1612 2 0 3 77 0 1 2 0 0 29 2 1 0 30 2 0 0 0 0 0 150 0 3 0 3 0 0 0 11 0 0 4 0 2 0 7 0 0 0 0 2 97 0 8 1 20 0 0 12 9 12 1 12 1 9 12 11 12 11 10 12 11 12 1 11 43 5 0 0 0 0 4 0 0 2 62 92 0 0 0 0 0 1 0 1 0 0 0 0 1539 14 0 0 0 0 0 0 0 39 0 0 0 0 4 0 0 0 1 0 1 1 0 0 0 0 0 0 0 0 95 0 0 14 0 0 0 0 0 0 0 0 0 0 0 0 0 0 0 0 19 6 5 17 21 28 0 0 8 23 2 0 0 32 0 34 19 0 0 0 0
27 633 61 30 40 4590 118 13 25 32 30 2413 363 7 9 59 5 0 0 0 7 0 53 105 41 30 44 16 1 37 0 29 31 62 34 54 56 3 15 642 1701 12 1917 273 0 37 0 152 514 0 135 103 130 5 136 190 140 128 123 133 125 112 132 118 126 9 126 445 52 155 188 0 39 48 0 0 1263 5180 7744 1922 0 44 0 1836 0 0 0 0 0 0 0 298 169 0 18 0 0 0 0 0 0 13 1 0 0 20 0 0 1 2 0 2 3 0 0 92 0 0 0 0 0 51 0 0 9 0 2 0 0 0 0 0 0 0 0 0 0 0 0 0 0 167 155 188 144 168 170 131 278 156 147 119 128 161 157 122 158 148 18 5 0 0
1 6 4 2 4 10 0 1 2 2 0 4 4 12 6 128 3 0 0 2 0 0 5 2 0 3 3 3 5 0 0 1 1 60 0 20 0 0 3 13 13 7 2 2 0 80 0 7 0 79 5 4 5 1 5 1 4 5 5 5 5 5 5 5 5 1 5 21 2 4 6 0 6 11 6 0 0 17 13 23 0 0 72 0 0 0 1 0 0 133 24 0 173 0 102 0 0 0 0 48 0 0 11 0 0 12 0 0 0 0 0 2 2 0 0 57 0 199 0 0 0 0 0 0 0 0 4 0 0 0 0 0 0 0 0 0 0 0 0 0 0 586 0 3 0 68 62 0 0 1778 0 0 0 0 92 0 68 2266 7 3 0 0
0 0 2 0 2 10 0 1 1 0 0 6 0 1 0 17 0 0 0 0 0 0 4 2 45 45 45 45 0 0 0 0 3 527 0 5 0 0 0 0 0 1 1 0 0 34 0 0 0 0 36 27 34 0 36 0 19 34 32 35 33 29 32 30 33 0 33 1 16 6 10 0 26 47 34 0 134 37 21 5 25 0 0 0 0 0 0 3653 0 0 0 0 55 0 5 24 0 0 0 1278 0 0 1 0 0 5 0 0 1 1 0 1 1 0 0 0 0 0 0 0 0 0 0 0 0 0 1 0 0 0 0 0 0 0 0 0 0 0 0 0 0 0 0 0 0 0 0 0 0 0 0 0 0 0 0 0 0 0 1 0 0 0
13 15 96 14 20 59 2 6 11 14 8 204 37 43 6 310 7 6 0 7 0 2 16 10 125 0 125 126 11 0 4 18 19 1214 21 57 13 4 4 61 53 18 81 39 12 1221 0 89 65 515 85 66 83 1 85 11 106 82 78 84 79 71 76 74 81 2 81 1 44 25 39 0 85 146 162 0 134 165 199 67 0 326 259 0 141 1 0 2523 0 2943 121 1 438 584 323 261 0 0 0 0 0 9 0 0 0 25 0 0 5 5 2 5 5 0 0 163 0 117 0 0 0 0 0 0 6 0 8 1 0 0 0 0 0 0 0 0 498 0 0 0 0 320 177 69 227 207 229 134 44 183 277 101 69 275 363 125 352 334 10 5 1 0
0 0 1 0 1 4 0 0 0 0 0 1 1084 0 0 15 0 0 0 0 0 1 19 1 10 10 0 10 24 0 0 0 1 1 0 0 0 0 0 0 0 1 1 27 0 10 0 0 0 0 11 8 11 0 11 0 0 10 10 11 10 8 10 9 10 0 10 0 4 2 3 0 5 9 0 0 1684 11 3 0 7 652 0 0 0 0 0 0 0 0 0 0 36 0 3 0 0 0 0 0 0 0 1 0 0 2 0 0 0 0 0 0 0 0 0 3 0 0 0 0 0 0 0 0 0 0 1 0 0 0 0 0 0 0 0 0 0 0 0 0 0 0 0 0 0 0 0 0 0 0 0 0 0 0 4 0 0 0 0 0 0 0
0 0 2 0 2 2 0 1 1 0 0 1 1 5 0 44 1 0 0 0 0 0 9 1 17 17 17 17 2 0 0 0 1 8 0 11 0 0 0 10 4 2 0 0 0 39 0 3 0 28 10 8 9 0 10 0 2 9 9 10 9 8 8 8 9 0 9 0 6 0 0 0 0 12 2 0 0 6 7 3 31 44 27 0 14 0 0 0 0 0 0 0 114 0 16 0 0 0 0 0 0 4 3 0 0 6 0 0 1 1 0 0 1 0 2092 29 0 0 0 0 0 0 0 0 0 0 1 0 0 0 0 0 0 0 0 0 9 0 0 0 0 39 0 0 0 35 43 0 0 0 0 0 0 0 76 0 67 55 1 0 0 0
0 0 1 0 0 2 0 0 0 0 0 3 15 190 0 10 0 0 0 0 0 0 1 0 0 0 0 0 0 0 0 0 0 25 0 1 0 0 0 0 0 0 0 0 0 4 0 0 0 0 1 1 1 0 1 0 0 1 1 1 1 1 1 1 1 0 1 0 0 0 1 0 1 2 0 0 0 3 3 0 1 0 5 58 227 61 0 0 0 0 0 0 5 0 3 0 0 0 0 0 0 0 0 0 0 1 0 0 0 0 0 0 0 0 15 0 0 0 0 0 0 0 0 0 0 0 0 0 0 0 0 0 0 0 0 0 0 0 0 0 0 0 0 0 0 0 1 0 0 0 0 0 0 0 0 0 0 0 0 0 0 0
28 62 36 27 34 102 7 11 20 25 25 29 41 110 55 997 38 36 36 37 38 0 39 0 8 0 0 0 0 0 0 6 6 233 3 134 3 1 47 154 97 57 25 57 0 4020 0 68 0 1075 36 31 36 2 35 16 31 38 34 35 34 44 40 34 36 16 37 130 14 42 46 0 53 102 89 263 123 211 161 216 166 3437 0 0 278 48 110 0 0 10270 323 283 2681 657 942 0 0 0 172 0 59 49 107 108 0 103 0 7 11 8 15 17 18 1480 158 535 178 0 0 0 0 70 16 0 19 15 41 4 0 68 0 0 0 0 0 0 645 0 0 48 0 1021 719 357 714 775 773 664 615 2353 4275 3265 2115 1877 1540 1197 1190 1229 34 33 12 0
45 229 124 45 58 980 539 19 35 42 107 323 369 2188 439 99 2216 2240 2234 2189 39 41 58 402 2813 2821 2823 2770 1352 1384 373 158 275 2355 175 195 372 172 255 199 312 101 634 803 494 1403 940 1481 1229 9962 1538 1179 1496 147 1537 1027 1511 1502 1414 1519 1430 1297 1313 1492 1469 581 1471 1534 865 598 826 0 1013 1833 1926 0 836 2115 794 908 1005 6899 6345 5764 3119 2009 3173 8088 0 2760 416 583 198 3210 1369 1211 708 0 129 0 117 39 169 29 40 121 0 0 0 89 1 4 4 13946 1092 1145 458 0 377 0 0 142 13 0 1055 123 186 15 0 36 0 0 0 135 359 0 1987 0 137 133 53 259 170 100 232 179 180 153 231 193 235 166 140 267 254 193 247 243 154 49 70 0
768 1048 2621 2043 1340 1763 68 35 67 112 83 361 360 140 537 1153 1767 1781 1778 1752 411 25 568 746 645 635 636 623 1869 1941 325 33 62 80 34 111 44 62 336 64 197 73 415 39 0 353 389 205 289 0 814 640 779 192 804 737 762 784 738 792 745 706 774 931 769 840 766 6547 215 0 1178 0 188 335 385 0 1503 2090 1195 1078 1516 0 67 0 52 51 73 0 0 0 888 716 176 112 1316 134 1199 728 343 1330 490 802 339 597 812 556 480 556 8 75 2 8 9 0 49 517 0 0 47 0 0 0 0 0 0 0 16 4 0 34 0 0 0 0 798 0 292 0 43 5 60 236 0 276 0 263 260 161 85 0 129 0 0 112 0 0 217 202 5 168 273 0
0 3 74 16 10 8 6 3 4 0 49 22 8 195 108 11 50 51 51 51 33 4 596 5 40 40 40 39 39 57 36 26 36 19 25 24 20 73 59 20 51 33 23 3 3 4 31 55 0 0 28 27 32 5 26 32 31 37 30 28 28 27 37 34 33 36 37 0 31 41 75 8682 193 343 278 0 15 12 14 14 9 0 2 0 4 3 0 0 0 0 0 10 0 0 4885 9 7 0 0 0 35 0 3 0 0 3 0 0 1 3 0 1 1 0 0 0 0 48 0 0 107 246 0 0 11 1090 94 2745 0 1217 0 0 41 0 130 0 392 0 185 478 40 0 0 0 0 0 0 0 0 0 0 0 0 0 0 0 0 0 82 128 8 0
314 335 392 334 406 109 503 139 269 397 196 93 268 28 38 8 1244 1259 1255 1224 90 24 3392 220 1126 1129 1130 1107 0 0 147 77 116 8 90 84 48 161 9 113 210 47 404 495 17 210 0 161 98 229 667 561 610 42 633 529 589 609 577 623 585 1076 532 570 597 179 595 241 363 280 367 0 292 501 497 0 0 0 13 0 0 2 26 0 8 70 16 0 0 0 0 0 0 0 862 297 362 2751 5044 2634 1192 2463 4182 2993 2547 3971 1962 3483 1106 1112 273 1106 1105 282 2429 479 0 0 0 0 0 0 387 0 200 1155 149 1867 0 95 0 0 3 0 0 0 62 161 0 0 93 13 3 2 6 15 14 0 0 3 1 0 0 0 20 0 17 14 17 0 9 0
0 0 0 0 0 0 0 0 0 0 1 1 1 0 1 1 0 0 0 0 1 1 78 1 0 0 0 0 0 0 0 0 6 5 2 2 0 5 0 0 0 4 4 2 0 33 0 7 0 10 3 4 4 0 2 1 0 5 4 3 3 4 5 3 4 0 5 0 4 7 13 609 31 56 15 0 0 0 7 0 0 0 0 0 0 0 0 0 0 0 924 39 0 0 32 0 0 0 0 0 34 6 2 1 0 5 0 0 1 1 0 1 0 0 0 0 0 0 0 0 0 0 0 0 10 1217 66 3105 0 809 0 0 20 0 0 0 134 0 0 0 352 0 0 0 0 0 0 0 0 0 0 0 0 0 0 0 0 0 9 0 0 0
297 272 244 212 253 152 21 68 112 145 75 82 168 676 360 406 28 21 23 38 42 3 58 41 26 25 25 40 50 28 27 20 13 1416 22 125 12 3 221 89 0 27 69 0 0 214 0 124 39 3 378 823 805 1 224 14 806 1251 747 451 567 686 1450 712 959 5 1250 1452 83 43 0 0 55 85 60 0 427 435 476 525 273 925 1747 0 1512 361 965 0 0 0 7 218 440 0 612 922 65 0 39 10 1163 69 13 61 0 73 12 43 27 26 7 27 28 0 255 226 166 13293 1255 0 0 0 0 0 78 358 32 1 0 20 0 0 44 0 1077 0 3416 47 27 40 1 0 654 0 598 673 664 0 0 661 612 534 580 0 618 578 618 0 0 47 57 0
0 0 0 0 0 1 0 0 0 0 5 1 0 1 1 97 11 11 11 11 0 0 2 0 4 3 3 3 19 16 10 8 9 106 9 6 0 10 0 0 0 4 5 0 0 135 0 16 0 0 2 1 2 2 2 11 0 2 2 2 2 2 2 4 2 9 2 0 1 0 0 0 17 7 0 0 0 4 6 1 0 0 0 0 0 0 0 0 0 0 0 0 0 0 0 0 2 0 0 0 0 3 1 0 0 4 0 0 1 1 0 1 0 0 0 0 0 0 0 0 0 0 0 0 0 142 8 540 0 225 0 0 0 0 0 0 0 0 0 0 0 0 0 0 0 1 0 0 0 0 0 0 0 0 1 0 0 0 0 0 11 0
393 395 532 432 555 115 216 187 365 509 292 86 267 37 514 571 34 30 29 35 31 16 386 238 376 377 377 370 130 113 197 172 140 100 203 198 111 18 318 236 446 136 290 0 657 172 101 361 232 0 341 263 333 11 340 95 324 334 314 337 317 288 322 309 327 47 329 0 119 295 380 0 190 202 163 0 0 405 53 68 86 190 0 0 70 39 50 317 0 0 0 0 179 0 34 0 385 0 0 0 75 31 9 0 0 27 0 0 0 1 0 0 1 0 29 241 0 0 109 0 0 2108 0 0 69 633 140 1492 0 0 0 738 0 0 0 0 100 0 142 218 301 221 202 233 184 198 209 189 379 204 186 156 168 235 199 177 198 195 365 414 413 0
0 0 80 0 0 0 0 1 0 0 0 225 245 6086 0 9 1 0 0 1 0 0 65 0 2 0 0 1 0 0 0 0 0 0 0 25 0 0 0 0 0 2 0 0 0 5 0 104 0 0 62 47 60 1 62 0 127 58 56 61 57 0 63 54 58 3 58 0 5 0 15 0 32 33 57 0 63 55 57 11 736 10736 9078 10007 3431 4606 8856 3320 0 0 0 0 268 0 0 0 0 0 0 0 0 0 0 0 0 5 0 0 0 0 0 0 0 0 1929 0 0 0 0 0 0 0 0 0 0 0 90 0 0 0 0 0 0 0 0 0 0 0 0 164 0 215 122 58 194 150 149 106 94 151 189 94 54 184 227 127 217 213 0 0 0 0
144 283 754 118 32 819 353 51 104 204 92 158 109 182 52 43 559 0 0 568 90 22 1034 623 416 391 391 385 470 655 181 113 135 170 127 131 303 1226 32 146 225 57 319 372 150 94 596 859 233 48 677 521 654 91 682 360 652 646 616 670 631 566 652 653 640 239 636 0 178 761 1156 0 157 209 142 175 313 485 296 625 727 441 176 1387 112 131 234 24 133 0 108 0 22 25 105 208 1201 0 41 0 48 13 34 7 0 30 3336 3880 0 0 0 0 0 0 76 8 0 0 59 0 0 24 0 0 68 31 50 29 0 0 0 58 0 0 0 0 75 0 70 155 266 103 88 124 72 122 117 68 0 205 83 7 0 0 24 0 15 8 146 126 244 0
32 70 212 26 9 226 74 14 28 58 0 44 0 50 0 6 90 166 154 165 0 0 303 171 108 91 108 105 0 0 0 30 33 47 35 36 63 341 6 7 16 12 90 90 1 26 124 246 47 0 187 143 180 23 188 102 179 178 165 185 174 151 177 181 176 66 175 0 49 206 316 0 44 56 39 0 58 133 82 169 181 101 41 318 26 30 63 0 0 0 29 0 4 0 23 8 262 0 0 0 11 3 10 0 0 8 801 933 1146 877 378 1820 1517 0 1 0 0 0 12 0 0 0 0 0 10 0 15 7 0 0 0 0 0 0 0 0 0 0 0 25 30 0 0 9 0 0 17 0 0 0 0 0 0 0 0 0 0 0 40 29 66 0
144 277 752 117 32 793 344 51 103 204 90 153 107 176 48 41 586 591 590 582 90 22 1079 601 377 378 378 371 481 674 179 110 131 170 124 128 294 1196 33 131 201 51 315 363 0 93 518 867 205 14 653 502 631 80 658 360 629 624 593 646 608 545 632 634 617 233 613 0 172 740 1121 0 153 189 69 165 290 469 286 603 704 0 0 1317 104 126 214 30 134 0 106 0 17 0 101 211 1161 1 39 0 47 13 35 7 0 29 2873 3342 0 22 8 0 0 0 73 0 0 0 44 0 0 0 59 0 69 34 51 28 0 0 0 0 0 0 0 0 0 0 149 40 249 58 42 97 17 105 97 8 0 144 11 0 0 0 8 0 0 0 143 110 235 0
0 0 45 5 2 54 0 3 0 10 6 9 4 9 1 2 34 34 34 34 5 1 63 41 32 26 26 25 13 16 8 7 8 10 8 7 0 80 0 0 0 0 20 20 0 4 0 51 0 0 45 35 43 8 45 23 39 43 39 44 42 37 43 43 42 16 42 0 12 47 71 0 7 3 0 0 0 8 11 0 9 24 10 74 6 4 14 0 0 0 0 0 0 0 1 0 79 0 0 0 0 0 2 0 0 2 220 183 0 1 0 0 0 0 0 0 0 0 0 0 0 0 0 0 0 0 3 0 0 0 0 0 0 0 0 0 0 0 0 0 3 0 0 0 0 0 0 0 0 0 0 0 0 0 0 0 0 0 2 0 0 0
0 3 13 0 1 15 6 1 2 2 2 3 2 9 1 3 9 9 9 8 2 3 5 12 8 8 8 8 3 0 0 2 3 3 2 2 5 21 0 0 0 0 7 7 0 2 0 13 0 0 14 11 13 1 14 6 13 13 9 13 13 11 12 13 13 4 13 0 4 15 23 0 3 4 0 0 0 9 5 5 0 0 0 0 2 0 2 0 0 0 4 0 0 0 0 0 24 0 0 0 0 0 0 0 0 1 81 72 0 0 2 0 0 0 0 0 0 0 0 0 0 0 0 0 1 2 1 0 0 0 0 0 0 0 0 0 0 0 0 0 6 0 0 0 0 0 0 0 0 0 0 0 0 0 0 0 0 0 3 0 0 0
0 0 2 0 0 2 0 0 0 0 0 0 0 1 0 0 1 1 0 1 0 0 2 2 2 1 1 1 0 0 0 0 0 0 0 0 0 3 0 0 0 0 1 0 0 0 0 0 0 0 2 1 2 0 2 1 0 2 1 2 1 1 0 2 2 1 2 0 0 0 0 0 0 0 0 0 0 1 1 1 0 0 0 0 0 0 0 0 0 0 0 0 0 0 0 0 2 0 0 0 0 0 0 0 0 0 0 0 23 22 6 0 23 0 0 0 0 0 0 0 0 0 0 0 0 0 0 0 0 0 0 0 0 0 0 0 0 0 0 0 0 0 0 0 0 0 0 0 0 0 0 0 0 0 0 0 0 0 0 0 0 0
0 13 63 0 3 68 0 4 9 8 7 13 9 15 0 4 49 50 50 49 7 2 90 52 32 33 33 32 33 41 8 7 11 15 11 11 25 103 3 1 1 1 27 12 0 7 0 73 4 0 56 43 54 7 57 31 54 54 50 56 52 47 52 54 53 20 53 0 15 59 92 0 12 12 0 0 17 38 24 50 47 16 12 93 7 4 19 0 0 0 8 0 0 0 7 1 92 0 2 0 4 1 3 0 0 2 250 282 558 539 138 558 400 0 2 0 0 0 0 0 0 0 0 0 0 3 4 2 0 0 0 0 0 0 0 0 0 0 0 0 8 0 0 0 0 0 0 0 0 0 0 0 0 0 0 0 0 0 12 3 19 0
0 0 0 0 531 0 0 16 19 12 244 37 17 2887 0 90 0 0 0 0 151 168 0 0 0 0 0 0 0 0 0 0 485 0 0 303 0 0 110 37 5 130 74 22 732 107 6 2 0 0 41 31 39 0 41 0 38 38 34 40 38 34 42 35 38 0 38 0 2723 0 1 16 2 13 3 1 0 0 23 12 0 0 0 0 0 0 3646 0 0 0 19 0 0 0 0 2 1 0 7 0 45 0 0 28 0 15 0 0 0 0 143 0 0 0 134 0 0 56 38 0 3 0 1 0 1 269 8 0 0 0 0 0 33 0 0 0 0 0 3 0 0 0 0 2012 0 1744 1724 0 0 0 0 0 0 0 308 264 306 302 2 1 1 0
0 0 1 0 0 2 0 0 0 0 0 0 0 0 0 0 0 1 0 1 0 0 2 1 1 0 1 1 0 0 0 0 0 0 0 0 0 3 0 0 0 0 1 0 0 0 0 0 0 0 2 1 1 0 2 1 1 1 0 2 0 0 0 1 1 1 1 0 0 0 0 0 0 0 0 0 0 0 0 0 0 0 0 0 0 0 0 0 0 0 0 0 0 0 0 0 0 0 0 0 0 0 0 0 0 0 0 0 16 16 4 13 16 0 0 0 0 0 0 0 0 0 0 0 0 0 0 0 0 0 0 0 0 0 0 0 0 0 0 0 0 0 0 0 0 0 0 0 0 0 0 0 0 0 0 0 0 0 0 0 0 0
109 206 568 89 24 584 255 39 78 154 68 113 80 130 35 32 452 456 456 449 68 17 833 441 280 277 277 272 371 520 134 81 97 129 91 95 217 885 25 96 148 38 237 269 0 70 342 661 154 7 480 368 463 61 483 274 462 458 438 474 447 400 465 468 453 176 450 0 126 538 818 0 115 140 0 127 213 346 211 445 505 348 124 965 80 94 164 20 100 0 80 0 13 0 77 156 852 0 0 0 0 0 16 0 0 14 0 0 4116 3978 1021 4115 4112 0 0 0 0 0 0 0 0 0 47 0 55 29 42 22 0 0 0 0 0 0 0 0 43 0 120 54 191 58 48 80 33 82 78 29 0 127 35 0 0 0 10 0 1 0 112 88 184 0
98 3379 510 80 22 524 232 35 70 138 70 105 72 117 42 35 408 411 411 408 65 20 770 398 253 249 249 245 424 512 124 75 98 4723 83 121 197 795 23 74 151 55 214 373 0 160 328 720 162 0 446 347 435 55 447 246 433 435 411 442 417 376 444 437 427 159 428 0 127 506 777 0 209 322 55 183 202 337 216 11041 457 309 114 847 81 7503 149 0 75 0 76 0 52 0 75 1420 767 0 0 0 0 0 12 0 0 14 4429 0 3694 3571 916 3693 3692 0 2515 0 0 0 196 0 0 4 150 0 177 96 127 72 0 0 0 68 0 0 0 0 165 0 460 409 666 271 247 313 216 289 282 217 15 535 262 154 0 0 56 0 46 37 376 303 625 0
0 0 0 0 0 1 0 0 0 0 0 0 0 0 0 0 0 0 0 0 0 0 0 0 0 0 0 0 0 0 0 0 0 0 0 0 0 0 0 0 0 0 0 1 0 1 0 0 0 43 4 9 0 0 0 0 0 0 0 0 0 0 0 0 0 0 0 0 1 1 2 0 9 7 0 0 0 1 0 0 0 30 0 0 0 0 0 0 64 0 0 0 0 0 0 0 0 279 0 0 0 0 0 0 0 0 0 0 0 0 0 0 0 67 0 0 0 0 0 0 0 0 0 0 0 0 1 0 0 0 0 0 0 0 0 0 0 0 0 0 0 0 0 0 0 0 0 0 0 0 0 0 0 0 0 0 0 0 0 0 0 0
0 0 0 0 0 0 0 0 0 0 0 0 0 0 0 0 0 0 0 0 0 0 0 0 0 0 0 0 0 0 0 0 0 0 0 0 0 0 0 0 0 0 0 0 0 0 0 0 0 0 5 11 0 0 0 0 0 0 0 0 0 0 0 0 0 0 0 0 1 0 1 0 3 9 0 0 0 0 0 0 0 56 0 0 0 0 0 0 0 0 0 0 0 0 0 0 0 342 0 0 0 0 0 0 0 0 0 0 4054 0 999 3966 4051 284 0 0 0 0 0 0 0 0 0 0 0 0 0 0 0 0 0 0 0 0 0 0 0 0 0 0 0 0 0 0 0 0 0 0 0 0 0 0 0 0 0 0 0 0 0 0 0 0
0 0 0 0 0 1 0 0 0 0 0 0 0 0 0 0 0 0 0 0 0 0 0 0 0 0 0 0 0 0 0 0 0 0 0 0 0 0 0 0 0 0 0 0 0 0 0 0 0 0 0 1 0 0 0 0 0 0 0 0 0 0 0 0 0 0 0 0 0 0 0 0 0 0 0 0 0 0 0 0 0 7 0 0 0 0 0 0 0 0 0 0 0 0 0 0 0 22 0 0 0 0 0 0 0 0 0 0 0 0 0 0 0 0 0 0 0 0 0 0 0 0 0 0 0 0 0 0 0 0 0 0 0 0 0 0 0 0 0 0 0 0 0 0 0 0 0 0 0 0 0 0 0 0 0 0 0 0 0 0 0 0
0 0 0 0 0 0 0 0 0 0 0 0 0 0 0 0 2265 2300 0 2226 0 0 0 0 0 0 0 0 0 0 0 0 0 0 0 7 0 0 0 0 0 1 453 0 0 0 0 0 0 0 0 0 1 34 3 887 1 12 3 2 2 0 1 1 1 15 0 0 0 0 1 0 1 0 0 0 0 0 0 0 0 0 0 0 0 134 0 0 0 0 0 0 0 0 0 0 0 1 0 0 0 0 96 0 0 0 0 0 0 0 0 0 0 0 0 0 0 0 0 0 0 0 1 0 0 0 0 0 0 0 0 0 0 0 0 0 0 0 0 0 0 0 0 0 0 0 0 0 0 0 0 0 0 0 0 0 0 0 0 0 0 0
45 32 229 36 10 0 1 16 32 63 15 3 12 7 7 1 1 0 0 0 22 0 0 0 0 0 0 0 0 0 0 1 1 0 1 1 2 7 4 0 0 0 1 1 0 0 0 0 0 0 2 4 0 0 0 1 0 0 0 0 0 0 0 0 0 0 0 0 0 1 1 0 2 2 0 0 0 0 0 0 0 0 0 0 0 0 0 0 0 0 0 0 0 0 3 0 0 125 0 0 2 0 0 0 0 0 0 0 0 0 0 0 0 0 0 0 0 0 0 0 0 0 1 0 0 1 1 0 0 0 0 0 0 0 0 0 0 0 0 0 0 0 0 0 0 0 0 0 0 0 0 0 0 0 0 0 0 0 3 0 3 0
148 920 803 121 33 2421 436 53 106 209 186 556 321 609 66 73 30 19 0 52 122 59 3540 1140 719 720 722 709 1594 2240 625 376 421 134 426 427 1014 4119 78 534 756 182 704 483 325 137 730 1229 444 182 1332 1166 1230 268 1278 469 1238 1212 1163 1257 1193 3110 1241 1336 1208 821 1200 0 442 1453 2206 0 529 734 799 0 1106 1956 1170 2800 2121 636 524 3579 375 236 848 0 0 91 148 0 75 14 101 68 2211 5334 18528 3141 1256 2439 15314 9690 2464 10691 8545 8605 0 0 27 0 0 0 2421 621 141 0 183 0 0 479 119 0 234 124 177 97 0 0 0 270 11 327 23 0 323 0 649 707 896 403 374 439 344 394 389 351 276 766 421 340 22 74 91 51 87 83 506 406 828 0
0 22 87 1 4 119 38 6 12 10 40 46 15 18 7 18 385 247 0 375 0 0 82 387 242 209 243 239 35 32 107 100 109 16 113 99 268 1052 13 126 173 33 259 79 0 27 0 185 0 5 419 356 413 86 430 277 400 403 389 423 408 359 414 372 405 164 399 0 111 476 721 0 117 121 55 0 33 71 47 95 65 73 16 16 12 0 0 0 0 0 32 0 9 0 32 0 0 0 0 0 20 5 23 0 0 19 1332 0 45539 43837 11226 45245 45300 0 0 12 0 0 0 0 0 20 0 0 14 9 28 15 0 0 0 0 0 0 0 0 52 0 0 88 122 0 0 13 0 37 25 0 0 0 0 0 0 0 0 0 0 0 79 54 127 0
186 182 256 200 270 14 67 89 170 220 0 44 135 84 229 644 73 72 58 72 0 5 258 227 77 75 77 75 0 0 0 112 92 31 137 186 94 79 145 129 128 62 179 0 0 32 11 103 0 0 198 155 189 5 195 88 180 188 178 193 181 158 195 172 185 33 185 489 75 274 352 0 93 73 29 0 0 16 21 19 0 0 6 0 0 0 30 0 0 0 31 0 472 0 22 0 286 0 103 139 606 536 102 161 476 363 261 237 60 61 15 58 60 0 0 0 0 0 0 0 0 0 0 0 1 0 14 4 0 0 0 0 0 0 0 0 86 0 75 206 0 286 225 462 129 0 439 81 0 191 0 0 0 0 399 0 324 269 281 19 201 0
1273 1228 1967 1755 1480 198 392 42 81 158 290 152 0 248 3827 1057 1926 1948 1937 1912 976 612 3607 2455 688 686 688 674 3827 2085 484 160 192 1336 168 248 51 382 1814 325 1165 444 942 258 166 390 2286 730 471 56 1850 1446 1783 43 1830 839 1741 1785 1683 1810 1703 1610 1856 1598 1745 75 1752 3 250 2974 2584 182 415 704 629 0 957 1446 1788 50 672 137 75 54 80 398 38 0 0 151 399 30554 420 0 164 647 2863 1375 785 2750 4127 4367 645 970 4389 2781 3352 3670 18 91 117 18 18 0 154 1620 0 305 523 130 850 6266 557 0 4494 1311 2577 90 3620 257 0 2374 81 6160 143 228 593 1531 5902 932 2136 940 730 624 800 738 739 700 1361 747 819 739 759 1074 820 772 820 809 1309 1292 1702 0
507 513 546 458 584 432 299 172 323 386 278 268 395 374 1473 216 164 119 143 254 118 38 665 186 45 42 43 48 629 609 168 95 95 102 106 337 192 11044 813 307 313 120 118 253 12 89 0 598 932 358 309 454 468 51 244 108 453 643 437 331 368 407 730 488 526 198 640 2576 89 205 204 0 144 206 197 180 406 640 713 432 386 0 2252 0 1557 5 555 295 116 152 0 340 2165 0 550 252 341 282 67 784 1211 898 62 297 0 556 604 935 114 111 28 114 115 206 504 804 0 0 2124 0 0 87 0 5524 91 257 169 51 0 18 0 0 64 0 8307 0 275 0 0 33 314 1881 1325 877 1784 1403 1403 1177 2184 1548 1800 1367 1302 1964 1902 1517 1867 1812 327 95 938 0
163 138 171 148 187 27 9 54 0 124 67 29 90 10 828 89 10 6 7 15 36 20 17 45 8 7 8 8 588 99 15 11 1 64 11 43 18 1113 462 5 11 22 252 54 0 17 16 0 0 6 31 29 34 18 29 11 31 38 32 31 30 29 41 72 35 18 37 99 10 32 0 542 44 81 68 0 24 102 50 44 39 78 263 297 181 85 125 39 0 0 598 202 761 0 113 0 47 0 0 0 65 46 3 16 0 20 1348 0 3 3 1 3 2 0 42 164 0 0 0 0 0 84 0 0 0 142 17 21 0 0 0 0 0 0 0 0 206 0 0 0 15 240 195 101 106 171 183 105 0 912 949 658 606 498 362 345 242 229 13 123 275 0
3237 3940 4470 3601 4630 3160 7619 1572 2835 4320 4941 2807 3015 2613 2701 1868 3479 3486 3481 3460 918 209 30 4318 4076 4088 4091 4018 1139 1437 7939 6717 5068 3777 7958 6909 5203 4539 1910 9223 13201 3075 12844 7038 1581 2310 1523 5559 3780 3713 5152 4110 5085 161 5084 4677 4995 5190 4797 5078 4802 4464 5193 4631 5021 853 5101 12799 3040 5434 7100 899 5343 3908 4073 4750 3465 5414 3908 3013 3150 2998 4333 2211 1485 1160 3295 3284 2828 4339 747 1118 3265 3096 2813 5554 7023 2121 1045 672 2324 2728 812 1587 2757 1998 2105 2493 1025 1118 253 1025 1024 2738 1062 3218 0 5317 1500 0 5246 3611 199 0 276 1625 1125 2478 0 828 0 157 145 0 3059 135 2371 0 567 482 1874 3646 3264 3537 3127 3253 3270 3152 3 3299 3194 2939 3268 4069 3149 5632 3177 3170 2199 1097 950 0
2902 2337 10711 2841 1421 0 1212 185 414 3752 2406 1694 1763 2512 1727 6822 56 34 31 54 765 121 23 2034 6023 6104 6051 5932 307 161 2447 2168 1837 2726 2617 2504 5797 6220 1135 2268 1283 1729 430 1471 5224 12677 289 2729 2353 1480 4000 3043 3847 1339 4013 2328 3779 3805 3637 3931 3690 3384 3465 3409 3751 750 3749 1 1402 2587 3335 613 4362 3188 3521 2525 5467 203 2800 309 87 1849 2984 1470 754 628 3074 3581 2012 1895 0 1183 2368 2858 2698 2566 3308 747 1089 1088 1128 1358 454 872 0 1324 1051 1491 402 388 99 403 401 1792 1016 3228 0 788 608 0 0 2830 124 0 756 125 26304 5025 0 0 0 683 181 0 1464 44 1941 0 0 513 1741 2424 2126 2187 2176 2112 2105 2036 0 2233 2226 2047 2255 2807 2179 2143 2191 2186 1179 1121 1343 0
0 0 0 0 137 0 0 44 85 0 111 31 34 187 350 273 219 218 219 223 57 46 339 154 264 263 264 259 43 0 67 0 0 0 45 78 0 13 0 0 394 0 146 0 0 14 0 91 0 0 289 232 286 4 285 109 274 292 270 285 270 254 289 254 282 4 287 92 103 195 294 0 283 505 453 0 0 0 0 0 0 42 171 72 45 68 135 0 0 607 0 44 11 2 84 0 271 0 14 9 268 133 69 173 540 327 212 0 80 85 20 79 77 0 0 124 0 0 0 0 0 0 149 0 358 1227 878 1831 776 0 0 0 38 80 0 0 800 0 596 463 962 130 112 151 98 138 137 100 137 109 91 13428 26 17324 125 62 121 116 1416 0 31 0
0 14 9 0 9 341 59 2 4 0 19 91 0 65 2 23 374 363 368 402 0 8 373 160 611 611 614 601 496 71 89 31 111 7 42 66 77 85 31 49 88 32 100 61 28 2295 22 156 90 58 493 381 472 42 489 169 419 469 446 482 452 407 440 473 463 189 461 1885 478 156 211 68 153 275 107 58 46 176 301 94 315 1504 121 121 57 82 97 0 0 5901 107 0 176 282 99 16 215 307 10 0 349 3 19 4 0 11 0 0 0 13 0 0 0 0 230 276 0 134 84 0 0 0 0 0 140 1136 1501 48 0 164 0 14 0 0 21 0 359 0 34 29 0 189 173 211 158 167 184 162 314 174 156 123 130 193 172 141 171 168 276 21 127 0
1083 2427 1150 975 1185 2590 2894 366 677 868 1156 1403 1039 389 3634 618 349 263 321 528 827 818 1930 6587 929 927 931 919 15678 13112 2253 1907 2198 748 2175 2084 5236 4655 905 2408 3044 873 2198 2807 999 1119 4773 9113 2436 1328 5635 4435 5438 1158 5573 2266 5317 5446 5137 5505 5185 4902 5813 6692 5332 1066 5366 6657 3105 8000 10116 2451 1418 1315 1348 1682 1723 3012 2678 5523 2496 2693 1556 2987 4114 1885 431 1712 1158 2425 2733 1197 1020 761 936 1685 10507 4758 2121 3244 3945 5171 1577 3286 5248 3793 4001 4564 3436 3313 847 3435 3433 1018 1567 1055 543 0 1715 569 641 275 1430 0 3631 5117 5602 488 0 841 0 0 0 547 0 20 1369 6564 738 233 321 1197 1075 1169 1031 1066 1076 1028 2179 1087 1046 957 1054 1349 1043 1015 1049 1044 1843 641 1386 0
0 0 0 0 0 1 0 0 0 0 0 1 0 0 0 0 214 213 209 219 0 0 257 21 6 3 5 5 0 0 0 0 1 0 0 1 0 12 0 0 0 1 41 0 0 222 826 0 0 0 46 77 80 4 34 81 78 116 74 52 60 68 132 71 91 4 114 15 6 17 32 0 0 3 0 0 0 0 4 0 0 1 7 0 4 1615 3 0 0 520 0 0 0 0 42 0 29 0 0 0 209 0 14 6 0 28 0 0 56 62 14 56 56 0 0 0 0 0 4925 0 0 0 0 0 0 0 23 0 0 0 0 0 0 0 0 0 23 0 0 0 0 0 0 0 0 0 0 0 0 0 14 0 0 0 0 0 0 0 0 0 0 0
0 0 0 0 0 4 3 0 0 16 13 9 0 2 7 1 0 0 0 0 0 21 0 56 3432 3446 3449 3380 7 0 11 16 13 3 13 16 4 295 2 9 85 32 5 0 0 9 128 54 10 0 1451 1088 1392 2 1455 3 1300 1365 1313 1429 1338 1202 1099 1233 1354 1 1347 9 20 63 80 369 621 1173 1302 0 4 7 7 9 6 10 32 7 14 20 6 0 0 5 0 0 0 0 0 0 41 0 58 0 10 0 4 0 0 26 0 0 0 0 0 0 0 0 0 1226 0 0 0 0 0 0 0 0 2 0 101 0 0 0 0 0 0 0 0 0 26 0 0 0 0 0 0 0 0 1 0 0 0 0 0 0 0 0 0 0 0 0 5 0 0 0
0 0 0 0 0 0 0 0 0 0 0 0 0 0 0 0 0 0 0 0 0 0 0 0 0 0 0 0 0 0 0 0 0 0 0 0 0 0 0 0 0 0 0 0 0 0 0 0 0 0 0 0 0 0 0 0 0 0 0 0 0 0 0 0 0 0 0 0 0 0 0 0 0 0 0 0 0 0 0 0 0 0 0 0 0 0 0 0 0 0 0 0 0 0 0 0 0 0 0 0 0 0 0 0 0 0 0 0 0 0 0 0 0 0 0 0 0 0 0 0 0 0 0 0 0 0 0 0 0 0 0 0 0 0 0 0 0 0 0 0 0 0 0 0 0 0 0 0 0 0 0 0 0 0 0 0 0 0 0 0 0 0
0 0 0 0 0 0 3 1 1 0 0 1 1 1 1 0 0 0 0 0 0 0 0 5 2 1 1 1 15 1 0 1 1 0 2 1 0 1 0 1 2 1 2 0 0 1 0 3 0 0 19 14 18 0 19 0 18 18 17 19 18 16 20 16 18 0 18 0 1 0 1 0 1 0 0 0 0 1 1 1 0 2 1 0 0 0 2 0 0 0 0 0 0 0 0 0 1 0 0 0 43 0 0 0 0 0 0 0 2 2 0 2 1 0 0 0 0 0 0 0 0 0 0 0 3 56 200 0 0 0 0 0 22 0 0 0 1 0 0 0 2 0 0 0 0 0 0 0 0 0 0 0 0 0 0 0 0 0 20 2 2 0
768 1431 960 813 992 3074 373 337 654 954 1228 1139 851 566 2185 713 10273 10342 10362 10272 189 31 1362 1094 968 969 974 951 3555 4308 1331 446 370 78 449 647 701 397 1195 456 1589 571 2480 202 75 51 768 829 917 319 2103 1619 2029 489 2102 4263 1984 2066 1926 2068 1945 1775 2086 2246 2006 2605 1991 22448 242 1121 1468 335 713 1115 1365 262 1833 4885 2861 2600 2881 938 855 490 301 864 603 872 677 461 324 87 468 81 531 768 1403 795 331 551 2858 896 709 545 921 624 665 897 253 634 63 254 253 360 380 743 0 1098 2086 5759 252 0 7451 2270 1193 31716 12131 72 0 1130 0 37 56 0 2519 0 361 0 0 0 188 541 391 248 472 372 386 382 739 413 490 435 450 585 471 443 471 468 1918 293 232 0
114 117 123 106 130 98 159 40 75 95 107 64 91 46 476 172 80 82 79 84 29 45 325 60 152 152 152 149 117 122 93 68 64 83 70 96 82 88 201 90 327 202 97 124 82 113 14 189 161 589 160 154 155 10 144 67 151 167 146 148 143 177 167 149 157 70 165 41 58 93 138 154 197 335 311 0 175 159 125 158 96 23 93 0 39 62 69 0 0 0 0 0 0 0 0 244 91 866 400 1253 635 1042 331 622 1057 748 789 1028 1350 1302 333 1349 1348 140 274 247 0 0 396 0 93 432 0 0 591 483 468 513 0 0 1562 6171 1293 0 200 0 432 0 3467 339 439 185 159 168 158 164 164 150 297 163 158 134 142 199 166 149 165 163 742 2276 308 0
2088 1381 1489 1363 1620 470 877 410 646 853 636 358 534 630 1435 603 1279 1276 1280 1287 566 383 3422 585 59 53 53 56 874 485 300 288 288 359 291 527 674 375 713 460 832 502 525 794 266 410 55 1538 806 1012 408 372 410 122 383 744 411 444 393 393 379 423 476 431 412 63 432 1178 179 492 660 441 406 603 550 687 602 1180 602 1245 497 396 599 1394 325 745 111 158 1038 1178 344 965 1622 150 976 339 647 1264 689 1582 1811 2310 594 973 2328 1588 1792 2001 152 194 226 152 154 880 592 1128 751 1122 689 2153 414 1164 6760 613 2439 955 774 13977 1088 0 0 2268 12581 860 4612 0 808 0 905 444 1338 1855 1570 1481 1543 1547 1555 1526 3069 1546 1579 1454 1594 1979 1536 1512 1544 1541 5556 1438 831 0
576 579 716 607 739 181 310 251 487 709 355 105 423 110 591 501 321 318 312 319 242 143 148 327 15 13 13 14 114 208 100 83 76 18 93 131 53 24 84 146 289 87 243 288 59 80 45 458 0 0 268 227 276 17 261 161 270 294 261 267 257 241 320 259 277 25 289 1713 85 412 528 219 115 161 137 154 109 293 111 136 185 171 89 393 272 250 27 132 142 206 166 222 321 15 175 0 559 0 39 140 300 224 41 51 221 152 80 0 26 37 6 26 24 0 139 113 0 273 1170 0 0 212 0 230 219 550 158 1296 0 0 0 0 0 0 787 0 177 0 0 208 349 344 292 289 309 296 294 277 580 309 312 274 294 386 315 294 315 312 483 272 222 0
0 4 6 2 2 10 93 0 1 2 13 13 5 27 54 11 3 2 3 6 9 11 0 138 155 153 153 150 3 2 41 37 40 6 43 35 23 30 18 66 169 36 128 89 17 14 0 0 0 0 154 116 147 1 154 25 144 145 139 151 142 128 140 131 144 1 143 0 79 170 191 0 55 62 68 15 11 19 13 11 10 44 80 50 45 39 40 57 19 12 0 0 0 0 10 3 200 3 10 19 22 27 5 9 0 22 16 4 6 5 1 6 5 0 16 56 0 0 8 0 0 0 0 143 116 1 3 0 0 0 0 24266 0 0 0 0 93 0 0 0 0 0 0 0 0 0 0 0 0 0 0 0 0 0 0 0 0 0 1 1 1 0
589 372 407 365 451 186 1267 109 169 212 440 243 147 203 1412 1892 385 384 377 391 203 189 56 309 690 691 694 680 392 197 492 440 414 318 477 515 753 634 513 536 1394 644 1291 1110 272 662 0 614 581 570 726 631 740 17 696 465 725 787 697 713 685 671 787 670 743 98 776 893 225 385 524 1198 571 792 712 0 209 316 298 8 121 95 396 199 143 172 307 141 0 754 1567 752 635 152 159 323 471 747 390 1455 3057 2343 276 634 2145 1339 1498 1457 434 432 107 434 431 0 209 4130 0 573 5015 1053 3317 0 254 0 982 1831 1902 1740 2448 801 0 2862 2177 0 1173 2521 789 0 1686 1971 2559 793 602 461 703 589 601 579 1161 641 724 644 667 892 710 668 709 702 2022 4048 4849 0
8 28 37 17 40 92 130 13 23 20 144 87 16 94 92 70 270 267 268 277 22 29 317 216 436 436 437 430 210 244 401 317 246 230 375 325 329 396 46 401 594 201 489 102 0 142 39 205 239 0 375 312 383 22 367 284 362 404 362 373 357 331 393 362 384 145 397 850 129 252 350 0 287 253 265 0 0 139 97 90 100 46 176 62 85 53 141 3699 0 0 0 668 142 0 162 123 358 26 33 80 229 124 30 41 104 81 62 31 15 24 4 15 15 0 25 223 0 0 380 0 0 99 0 298 11 2122 240 6583 0 0 0 0 99 0 0 0 89 0 0 6 124 131 98 131 90 111 136 79 14 94 74 0 0 58 135 31 126 116 82 1237 367 0
155 170 190 160 198 186 230 66 126 174 250 121 110 28 598 478 96 94 95 99 101 86 21 214 160 159 160 156 110 72 295 258 187 23 296 281 179 55 205 838 725 242 1109 190 100 145 117 378 424 994 288 250 290 6 276 155 284 306 273 281 270 264 318 262 290 32 302 1080 75 304 429 1759 440 626 573 64 145 341 167 150 188 35 64 34 37 27 45 42 40 358 1806 92 152 224 101 121 355 468 156 790 577 818 108 318 0 510 637 702 132 131 33 132 132 16 52 303 0 131 289 0 0 288 78 0 107 207 534 51 594 381 6660 2266 388 0 1668 0 1207 0 411 411 387 858 170 201 155 180 178 160 315 169 154 127 137 194 166 5001 165 163 444 1049 163 0
0 0 0 0 1 24 9 0 0 0 0 9 0 8 15 2 5 3 1 4 0 11 2 43 15 10 12 12 0 0 0 1 0 0 3 4 0 0 13 0 0 0 5 0 0 11 0 12 0 0 44 45 50 1 40 3 47 59 47 44 44 48 65 45 53 1 59 0 26 0 0 0 199 383 204 0 0 50 26 15 0 23 10 0 6 0 10 0 0 0 0 0 0 0 610 0 46 0 21 52 16 49 50 29 85 64 0 0 28 27 14 28 27 0 0 0 0 0 0 0 0 0 0 0 0 0 5 0 0 0 0 0 0 0 0 0 0 0 0 0 0 0 0 0 0 0 5 0 0 0 0 0 0 0 0 0 0 0 0 0 0 0
3741 2800 2898 2621 3149 1537 2649 835 1367 1753 1664 13540 1277 517 5408 972 3683 3717 3701 3646 1380 1189 1065 3980 1345 1337 1338 1314 1800 1235 1852 8156 2083 1910 1789 2311 1957 10240 1193 2704 3416 1290 3763 2401 574 1319 939 1565 1034 851 1550 1282 1514 189 1508 2558 1492 1566 1433 1507 1431 1471 1543 1518 1499 455 1526 5724 1481 5021 482 0 1895 2751 2577 453 1883 1475 1411 2036 1453 575 916 1187 542 556 220 562 994 3359 106 0 4665 0 1176 949 194 2525 1618 4305 3199 3753 1440 2011 3775 2816 2923 3400 924 1030 263 924 923 1072 1004 3980 0 1981 225 3206 5679 4001 674 0 1965 2031 1769 1183 2127 955 4929 1173 2188 3019 1958 2493 3215 0 6333 1669 1951 5119 4766 5420 4428 4795 4758 71 41 4808 4469 3911 4458 5748 4460 4395 4491 4480 3447 3414 1484 0
282 218 398 331 416 19 5 136 261 356 162 41 231 35 141 224 37 35 25 35 95 33 1012 13 160 160 160 157 164 265 97 37 26 9 35 90 0 76 70 0 414 271 62 73 0 81 77 60 11 0 93 78 92 21 90 31 83 95 87 91 86 119 86 108 92 177 94 267 44 0 0 0 67 103 104 58 145 36 44 82 17 42 68 25 23 16 54 22 0 0 0 60 459 0 40 0 19 0 321 0 113 49 303 185 0 216 0 0 265 256 89 265 259 0 37 0 0 95 283 0 2793 0 0 0 24 60 166 3 43 0 0 1041 11 0 155 0 39 0 0 0 49 408 264 119 397 267 270 248 490 323 408 329 318 459 410 348 404 398 602 144 54 0
56 60 72 60 75 12 12 26 50 72 44 20 49 20 148 11 8 8 3 7 22 12 397 9 58 59 59 58 28 26 27 14 0 20 23 22 0 18 53 0 0 0 32 7 0 12 0 31 0 0 42 37 43 2 41 13 42 45 40 41 40 41 43 40 43 15 45 43 20 14 23 0 50 81 62 0 31 93 35 69 6 14 36 8 9 9 29 0 0 0 0 9 6 0 11 0 0 0 0 0 101 134 27 28 0 94 0 0 39 37 10 39 36 0 0 0 0 0 212 0 0 0 0 0 27 38 101 118 47 0 0 0 371 0 0 0 23 0 720 0 57 11 3 6 0 16 15 0 0 0 0 0 0 0 17 0 14 11 312 0 0 0
0 0 12 0 16 2 0 5 10 0 30 12 24 4 20 163 3 2 2 3 10 14 3 1 1079 1084 1085 1063 7 6 50 32 156 13 50 55 0 0 0 0 0 0 93 0 0 1 0 13 0 0 488 371 472 1 487 22 461 467 445 481 452 409 389 418 460 1 460 0 475 18 134 123 310 551 496 18 104 2 6 84 4 13 50 10 12 8 7 2 0 0 0 0 0 0 2 0 101 0 0 0 0 0 13 0 0 24 0 0 17 16 10 17 12 0 0 255 0 0 0 0 0 0 105 0 28 9 35 0 0 0 0 0 301 0 0 0 357 0 0 0 0 111 63 28 102 81 80 51 36 79 97 43 19 89 124 65 118 112 436 20 0 0
0 0 0 0 15 1 0 14 12 0 15 14 9 47 0 41 24 24 21 23 35 48 40 26 9 6 9 9 0 0 0 0 12 9 19 130 0 13 30 61 17 54 21 19 0 7 0 19 0 0 23 18 22 12 22 18 14 22 22 22 21 21 23 22 21 6 22 44 15 11 38 0 11 12 0 0 0 1 26 0 0 0 109 0 40 0 59 0 0 0 13 0 729 581 9 0 0 0 15 0 30 47 22 53 22 36 0 0 21 21 45 21 20 0 42 0 0 0 0 0 0 0 0 0 9 5 14 9 0 0 0 0 9 0 0 0 242 0 0 0 0 0 0 430 0 544 475 0 0 0 0 0 0 0 374 0 165 19 22 0 5 12
0 0 0 0 16 4 0 15 13 0 17 15 13 51 0 44 26 26 24 25 38 52 43 27 9 8 9 9 0 0 0 18 15 10 20 138 3 14 34 74 35 59 22 19 0 1257 0 30 0 0 25 20 24 13 24 20 18 25 24 24 23 24 26 24 24 7 24 48 17 19 41 0 15 18 3 0 0 5 27 0 0 50 139 0 57 1 66 0 0 3002 16 0 777 0 12 0 0 0 23 0 34 50 23 58 24 39 0 0 22 23 48 22 22 0 54 0 0 0 0 0 0 0 0 0 13 8 15 10 0 0 0 0 10 0 0 0 124 0 0 0 0 112 0 511 0 607 542 0 0 0 0 0 0 0 442 0 248 113 25 0 8 13
0 0 0 0 8 2 0 7 6 0 8 7 6 28 0 20 12 12 11 11 18 24 20 13 4 3 4 4 0 0 0 9 9 5 10 63 2 7 17 33 14 27 10 11 0 5 0 10 0 0 11 9 11 6 11 9 7 11 11 11 10 11 11 11 11 3 11 24 8 7 19 0 6 7 0 0 0 0 16 0 0 0 74 0 43 7 37 0 0 0 7 0 350 28 6 0 0 0 0 0 10 23 11 20 0 18 0 0 11 11 23 11 10 0 0 0 0 0 0 0 0 0 0 0 5 3 7 4 0 0 0 0 4 0 0 0 153 0 0 0 0 0 0 0 0 165 94 0 0 0 0 0 0 0 26 0 0 0 11 0 0 6
0 0 18 0 19 11 5 18 16 0 32 24 19 89 0 92 30 31 28 30 45 63 51 33 12 10 12 12 0 0 0 22 17 13 25 171 1 17 41 972 2500 72 2803 66 1452 890 0 34 0 0 31 25 30 16 30 266 25 31 29 30 28 29 31 30 29 11 30 55 22 25 55 0 29 46 28 0 0 2 24 0 0 164 263 0 108 23 119 0 0 2071 19 0 963 0 15 0 0 0 39 0 42 63 29 75 27 48 0 0 28 28 59 28 28 0 108 0 0 0 0 0 0 0 0 0 15 10 20 12 0 0 0 0 13 0 0 0 87 0 0 0 0 375 252 746 0 803 743 0 0 131 0 0 0 0 630 0 457 334 48 0 14 17
0 0 0 0 3 0 0 3 3 0 24 9 0 2 0 11 5 5 3 5 47 62 9 12 8402 8442 8448 8277 0 0 0 15 216 4 5 47 0 169 10 14 180 89 5 47 0 13 0 71 0 0 3453 2588 3311 3 3462 9 3243 3248 3125 3401 3184 2860 2601 2935 3222 1 3204 10 5 0 12 625 1532 2893 3211 0 0 0 9 0 0 0 34 0 45 0 8 0 0 0 1 0 162 0 0 0 0 0 131 0 0 8 15 5 0 69 0 0 7 8 11 8 6 0 0 2578 0 0 0 0 0 0 0 0 22 0 87 7 0 0 0 0 1 0 0 0 62 0 0 0 0 0 0 0 0 0 0 0 0 0 0 0 0 0 0 0 0 0 1 0 0 3
0 0 0 0 5 0 0 4 4 0 4 4 0 3 0 13 7 7 5 7 11 15 12 8 3 1 3 3 0 0 0 6 5 3 6 40 0 4 11 12 0 17 7 3 0 0 0 5 0 0 7 6 7 4 7 6 2 7 7 7 6 7 7 7 7 2 7 14 5 0 12 0 3 4 0 0 0 0 0 0 0 0 27 0 6 0 0 0 0 0 2 0 225 0 0 0 0 0 0 0 3 13 7 10 0 11 0 0 7 7 14 7 5 0 0 0 0 0 0 0 0 0 0 0 2 0 5 3 0 0 0 0 2 0 0 0 0 0 0 0 0 0 0 0 0 62 0 0 0 0 0 0 0 0 0 0 0 0 4 0 0 4
0 0 3 0 22 7 0 20 18 0 24 20 21 13 0 61 35 35 33 35 52 71 59 38 13 11 13 13 0 0 4 25 22 15 28 193 10 19 48 109 53 80 31 34 0 23 0 31 0 0 34 27 32 18 33 27 27 32 32 33 31 31 34 33 32 9 32 64 22 31 56 0 17 19 7 0 23 36 56 16 0 121 206 0 85 29 10 0 0 0 22 3 1087 2139 19 0 0 0 43 0 50 57 27 85 32 53 0 0 30 30 66 30 30 0 100 0 0 0 0 0 0 0 0 0 15 12 21 13 0 0 0 0 15 0 0 0 524 0 0 4 0 464 331 862 56 914 850 0 0 202 0 0 0 0 724 0 540 410 38 0 18 18
1 86 100 44 96 59 68 88 80 45 107 93 104 285 0 265 152 151 149 150 225 305 258 165 57 54 57 58 0 0 67 113 101 64 120 840 70 82 211 506 275 347 134 103 0 110 0 120 0 0 145 117 139 77 142 116 137 141 138 141 133 138 146 141 137 41 138 271 97 162 244 0 74 87 74 0 56 79 117 44 0 751 946 0 399 251 383 0 0 0 101 54 4717 1960 92 0 0 105 281 336 242 307 138 401 134 226 153 0 127 128 282 127 132 0 616 740 0 0 124 0 4 0 0 0 11 60 91 57 0 0 0 0 66 0 0 0 673 0 0 62 0 3568 3100 4499 2295 4331 4183 2306 0 2794 1634 0 0 1004 3709 729 3337 3060 174 0 110 79
0 0 18 0 19 11 5 17 16 0 21 19 18 76 0 51 30 30 27 29 44 60 49 32 11 9 11 11 0 0 0 21 17 12 24 160 3 16 40 85 38 69 26 21 0 1223 0 33 0 0 29 24 28 15 28 23 0 29 28 28 27 28 30 28 28 8 28 56 19 23 48 0 17 17 0 0 0 6 28 0 0 0 218 0 92 21 102 0 0 2926 19 0 899 0 15 0 0 0 2 0 32 58 27 60 28 46 0 0 27 27 56 27 25 0 26 0 0 0 0 0 0 0 0 0 15 10 18 12 0 0 0 0 12 0 0 0 107 0 0 0 0 251 130 649 0 729 664 0 0 0 0 0 0 0 554 0 364 230 31 0 12 15
0 0 26 0 27 16 9 24 22 0 30 26 24 78 0 74 43 42 40 42 63 86 73 46 16 14 16 16 0 0 0 31 25 17 34 236 7 24 57 128 56 97 38 22 0 22 0 31 0 0 41 33 39 22 40 33 11 39 39 40 37 39 41 40 38 11 39 76 27 36 63 0 20 17 0 0 0 0 16 0 0 118 225 0 87 2 102 0 0 0 26 0 1327 0 21 0 0 0 49 0 60 84 38 103 38 63 0 0 35 36 79 35 35 0 119 13 0 0 0 0 0 0 0 0 0 14 25 16 0 0 0 0 18 0 0 0 25 0 0 4 0 747 598 1140 309 1157 1095 270 0 470 0 0 0 0 949 0 776 650 47 0 25 22
0 8 52 18 51 31 34 46 42 18 57 49 53 149 0 141 81 80 78 80 119 161 137 87 31 28 30 30 0 0 29 59 52 34 63 444 34 45 111 264 140 183 71 44 0 53 0 59 0 0 77 62 74 41 75 61 52 74 73 75 70 73 77 75 72 22 73 143 51 82 125 0 38 41 4 0 1 18 35 0 0 384 482 0 201 111 198 0 0 12 52 24 2506 0 47 0 0 0 132 120 124 161 73 207 71 119 37 0 67 68 149 67 69 0 294 509 0 0 0 0 0 0 0 0 15 30 48 30 0 0 0 0 35 0 12 0 57 0 0 31 0 2044 1806 2454 1421 2325 2261 1453 1088 1671 1150 0 0 1016 2017 759 1865 1747 93 0 62 42
3 22 70 33 68 41 49 62 56 34 75 64 70 175 0 186 107 107 105 106 157 213 182 115 40 37 39 40 0 0 48 79 71 45 84 583 50 58 148 353 193 242 94 59 0 74 0 77 0 10 101 82 97 54 99 81 75 98 96 98 92 95 101 98 95 29 96 193 68 114 170 0 51 55 18 42 13 30 48 10 0 455 562 0 239 142 232 0 0 64 71 39 3288 0 64 0 0 127 211 284 174 215 96 283 96 157 145 118 89 89 197 88 93 0 433 762 0 0 0 0 0 0 0 0 45 41 62 40 0 0 0 0 46 0 48 0 76 0 0 46 0 2795 2491 3274 2015 3076 3001 2076 2147 2332 1714 388 0 1683 2687 1268 2519 2386 125 0 86 55
0 0 46 5 46 28 25 42 38 4 51 44 42 121 0 127 74 72 70 72 108 146 124 79 27 24 27 27 0 0 13 53 46 30 57 400 23 39 99 229 114 165 64 56 0 46 0 58 0 0 69 56 66 37 68 56 46 67 66 67 63 65 69 67 65 20 66 133 46 66 117 0 35 38 0 0 21 50 75 13 0 225 355 0 145 40 157 0 0 0 46 11 2250 2265 40 0 0 62 140 173 118 147 66 192 66 108 84 37 61 62 135 61 64 0 289 226 0 0 0 0 0 0 0 0 30 25 43 27 0 0 0 0 31 0 0 0 604 0 0 17 0 1540 1304 2062 883 2022 1939 865 0 1133 496 0 0 0 1705 0 1487 1326 83 0 50 37
0 0 2 0 6 2 0 5 4 0 6 6 0 18 0 15 9 9 6 8 13 18 15 9 3 1 3 3 0 0 0 7 1 4 7 47 0 5 9 9 0 20 8 5 0 414 0 9 0 0 8 7 8 5 8 7 0 8 8 8 8 8 9 8 8 2 8 18 6 0 14 0 5 4 0 0 0 0 6 0 0 0 8 0 0 0 20 0 0 843 3 0 259 0 0 0 0 0 11 0 12 18 8 20 0 14 0 0 8 8 17 8 8 0 25 0 0 0 0 0 0 0 0 0 4 0 5 3 0 0 0 0 3 0 0 0 37 0 0 0 0 0 0 0 0 111 54 0 0 0 0 0 0 0 0 0 0 0 8 0 0 4
0 0 36 4 36 22 20 33 30 3 40 37 38 131 0 98 57 56 54 56 85 115 95 61 21 19 21 21 0 0 12 42 36 24 45 310 19 31 79 178 95 132 50 43 0 2540 0 65 0 0 55 46 54 29 54 44 40 55 53 54 51 53 58 54 53 15 54 105 37 54 92 0 32 40 12 0 22 41 60 13 0 312 404 0 173 86 177 0 0 6369 38 11 1740 0 32 0 0 54 119 141 92 119 53 151 0 87 70 38 50 51 107 50 53 0 257 177 0 0 0 0 0 0 0 0 29 21 35 22 0 0 0 0 24 0 0 0 261 0 0 17 0 1207 1022 1601 700 1572 1508 684 0 891 402 0 0 30 1330 0 1162 1039 63 0 40 30
0 0 7 0 10 5 0 8 8 0 10 9 3 25 0 26 15 15 12 15 22 30 26 16 6 3 6 5 0 0 0 10 6 5 12 82 0 8 18 32 0 34 13 6 0 0 0 10 0 0 14 12 14 8 14 12 5 14 14 14 13 14 14 14 13 4 14 28 10 3 24 0 7 7 0 0 0 0 3 0 0 0 35 0 6 0 29 0 0 0 7 0 463 0 3 0 0 0 22 10 22 30 14 37 0 22 0 0 13 13 28 12 13 0 49 0 0 0 0 0 0 0 0 0 5 2 9 5 0 0 0 0 5 0 0 0 5 0 0 0 0 0 0 194 0 309 251 0 0 0 0 0 0 0 178 0 0 0 15 0 0 8
0 0 10 0 12 7 0 11 10 0 13 12 6 33 0 34 20 20 17 19 28 39 33 21 7 5 7 7 0 0 0 13 9 7 15 107 0 11 24 47 9 44 17 16 0 5 0 16 0 0 19 15 18 10 18 15 9 18 18 18 17 18 19 18 17 5 18 36 12 8 31 0 9 10 0 0 0 0 22 0 0 0 64 0 19 0 40 0 0 0 10 0 600 527 6 0 0 0 31 24 30 39 18 50 0 29 6 0 16 17 36 16 17 0 69 0 0 0 0 0 0 0 0 0 8 4 12 7 0 0 0 0 7 0 0 0 218 0 0 0 0 0 0 345 0 443 385 0 0 0 0 0 0 0 301 0 124 0 21 0 3 10
0 0 0 0 3 0 20 1 3 0 20 10 0 1 1 5 1 0 0 1 3 0 1 11 5 5 5 5 2 0 64 44 8 2 66 52 0 9 0 0 0 0 36 35 27 62 0 0 0 0 10 7 9 0 10 22 6 10 9 9 9 8 10 9 9 1 9 0 23 0 0 0 0 0 0 0 0 0 10 622 0 0 0 0 0 0 0 0 0 0 0 0 0 528 0 0 6 0 0 0 0 0 0 0 0 2 0 0 0 0 2 0 0 0 0 0 0 0 0 0 0 0 0 0 3 0 4 0 0 0 0 0 0 0 0 0 23 0 0 0 0 0 0 0 0 0 0 0 0 0 0 0 0 0 0 0 0 0 0 0 0 0
0 0 0 0 12 0 0 4 9 0 14 6 4 1 37 8 5 3 4 7 7 9 1 53 82 80 80 79 291 420 106 21 29 0 27 47 0 0 4 14 55 461 50 0 0 8 0 11 0 0 81 63 79 34 80 18 76 80 75 79 75 69 79 115 80 218 80 0 114 62 96 0 21 33 57 0 0 29 17 403 0 0 16 0 5 0 2 0 0 0 0 15 97 0 0 0 100 0 0 0 37 139 1 0 0 6 0 0 2 2 0 2 0 0 0 0 0 0 0 0 0 664 0 0 5 8 20 0 0 0 0 0 0 0 0 0 26 0 0 4 0 121 90 89 100 109 108 77 87 95 93 42 25 94 122 69 117 111 3676 0 2410 0
0 0 0 0 6 9 50 2 5 0 7 6 1 5 10 2 34 35 34 34 2 3 0 8 4 3 3 3 22 3 6 5 17 5 7 8 0 1 2 6 29 14 16 56 0 2 0 6 0 0 25 19 24 1 25 16 20 24 23 25 23 21 26 22 24 3 24 0 1 0 3 0 7 6 0 0 5 21 15 109 5 2 5 0 2 2 4 0 0 0 0 0 12 0 0 0 4 0 0 0 32 214 2 0 0 3 0 0 1 2 0 1 0 0 0 0 0 0 0 0 0 0 0 0 4 84 234 0 0 0 0 0 0 0 0 0 21 0 0 122 722 0 0 8 0 11 10 0 0 0 0 0 0 0 7 0 2 0 953 0 0 0
0 0 0 0 0 0 0 0 0 0 0 0 0 0 0 0 0 0 0 0 0 0 0 0 0 0 0 0 0 0 0 0 0 0 0 0 0 0 0 0 0 0 0 0 0 0 0 0 0 0 0 0 0 0 0 0 0 0 0 0 0 0 0 0 0 0 0 0 0 0 0 0 0 0 0 0 0 0 0 0 0 0 0 0 0 0 0 0 0 0 0 0 0 0 0 0 0 0 0 0 0 0 0 0 0 0 0 0 0 0 0 0 0 0 0 0 0 0 0 0 0 0 0 0 0 0 0 0 0 0 0 0 0 0 0 0 0 0 0 0 0 0 0 0 0 0 0 0 0 0 0 0 0 0 0 0 0 0 0 0 0 0
