149
0 0 0 0 0 376 0 142 260 202 168 47 207 215 0 0 0 0 0 0 0 0 0 0 0 63 23 73 13 19 9 2388 1 174 13 0 0 0 0 0 0 3 0 0 0 0 0 0 0 0 0 0 0 0 0 0 0 0 0 0 0 0 0 0 0 0 0 0 0 15 0 23 0 0 1 0 0 0 0 0 0 0 0 0 0 125 0 0 0 0 0 0 0 0 0 0 0 0 0 0 0 0 0 0 0 0 0 0 0 0 0 0 0 0 0 0 0 0 0 0 0 0 0 0 0 0 0 0 0 0 0 0 0 0 0 0 0 0 0 0 0 0 0 0 0 0 0 0 0
0 0 0 0 0 0 0 187 44 8 0 26 36 2 0 0 1 6 0 0 3 0 0 0 0 62 22 71 0 17 3 65 1 0 12 0 0 0 0 0 0 0 0 0 0 1 2 0 0 0 0 0 0 0 0 0 0 4 0 0 0 0 0 0 0 0 0 0 0 0 94 2 0 0 0 0 0 14 0 0 0 0 0 7 0 112 0 0 0 0 0 0 0 0 0 0 0 0 0 0 0 0 0 0 0 0 0 0 0 0 0 0 0 0 0 0 0 0 0 0 0 0 0 0 0 14 51 31 14 0 44 47 47 0 0 0 0 0 0 0 0 0 0 0 0 0 3 0 0
0 0 0 0 0 1 0 2033 674 1137 2126 299 2964 1118 10 0 1 10 0 0 5 0 0 0 0 285 106 329 60 84 45 299 6 541 59 3 0 0 0 0 0 0 1106 0 0 2 3 1 0 0 2 0 0 0 0 0 0 7 0 0 1 0 0 0 0 42 0 0 0 84 1 56 0 0 1201 0 1 23 0 0 0 0 0 6 0 558 3 0 0 0 0 11 43 0 3 0 0 0 0 0 0 0 0 0 0 0 16 0 0 0 0 0 0 0 0 0 0 0 0 0 0 0 0 0 0 38 90 60 26 0 73 79 80 0 0 0 0 0 0 0 0 0 0 0 0 0 9 34 0
0 1 0 0 0 4 1 1396 1336 30 28 30 12 7 0 0 2 14 13 2 136 1 8 9 42 1818 682 2099 591 728 310 1909 64 5500 10509 8 0 0 0 0 0 11 0 0 0 24 8 22 0 0 17 1 7 1 1 1 2 10 2 1 276 0 0 0 23 11 0 0 0 21 23 19 0 0 2 1 1 32 1 0 0 28 0 1 0 3427 0 0 0 0 0 0 56 0 0 0 0 0 0 0 0 0 0 0 0 0 213 0 0 0 0 0 0 0 0 0 0 0 0 0 0 0 0 0 0 49 135 94 40 0 103 112 117 0 1 0 0 0 0 0 0 0 0 0 0 0 17 337 0
0 0 0 0 0 1 0 0 0 0 0 1 0 1 0 0 1 7 0 0 3 0 0 0 0 193 72 223 0 2861 33 203 4 0 40 0 0 0 0 0 0 0 0 0 0 1 2 0 0 0 0 0 0 0 0 0 0 4 0 0 1 0 0 0 0 0 0 0 0 0 1 0 0 0 0 0 0 15 0 0 0 0 0 3 0 364 0 0 0 0 0 0 0 0 0 0 0 0 0 0 0 0 0 0 0 0 6 0 0 0 0 0 0 0 0 0 0 0 0 0 0 0 0 0 0 17 59 38 16 0 49 53 53 0 0 0 0 0 0 0 0 0 0 0 0 0 2 2 0
0 0 0 0 0 0 0 0 0 0 0 0 0 0 0 0 0 0 0 0 0 0 0 0 0 0 0 0 0 0 0 0 7 5 0 0 0 0 0 0 0 0 0 0 0 0 0 0 0 0 0 0 0 0 0 0 0 0 0 0 0 0 0 0 0 0 0 0 0 0 9 0 0 0 2 0 0 0 0 0 0 0 0 3 0 0 0 0 0 0 0 0 0 0 0 0 0 0 0 0 0 0 0 0 0 0 0 0 0 0 0 0 0 0 0 0 0 0 0 0 0 0 0 0 0 0 0 0 0 0 0 0 0 0 0 0 0 0 0 0 0 0 0 0 0 0 0 0 0
0 0 0 0 0 1 0 4507 1209 876 4131 463 3911 6711 240 0 1 7 0 0 4 0 0 0 0 388 0 0 0 0 0 0 0 0 0 0 1 0 0 0 0 7 0 0 0 2 3 1 0 0 2 0 0 0 0 0 0 5 0 0 0 0 0 0 0 0 0 0 0 63 2 90 0 0 8 0 0 16 0 0 0 0 0 15 0 766 0 0 0 0 0 0 28 0 0 0 0 0 0 0 0 0 0 0 0 0 0 0 0 0 0 0 0 0 0 0 0 0 0 0 0 0 0 0 0 0 54 32 14 0 50 53 50 0 0 0 0 0 0 0 0 0 0 0 0 0 8 70 0
0 0 0 0 0 2 0 0 0 0 16 22 3001 71 0 0 0 0 0 0 0 0 0 0 0 35566 0 0 0 0 0 0 0 0 0 0 0 0 0 0 0 0 0 0 0 0 0 0 0 0 0 0 0 0 0 0 0 0 0 0 0 0 0 0 0 0 0 0 0 0 0 0 0 0 0 0 0 0 0 0 0 0 0 0 0 0 0 0 0 0 0 0 0 0 0 0 0 0 0 0 0 0 0 0 0 663 0 0 0 0 0 0 0 0 0 0 0 0 0 0 0 0 0 0 0 0 0 0 0 0 0 0 0 0 0 0 0 0 0 0 0 0 0 0 0 0 0 0 0
0 0 0 0 0 1 0 0 0 0 32 0 0 0 0 0 0 0 0 0 0 0 0 0 0 0 45828 0 0 0 0 0 0 0 0 0 0 0 0 7 0 1 0 0 0 0 0 0 0 0 0 0 0 0 0 0 0 0 0 0 0 0 0 0 0 1 0 0 0 0 0 0 7732 0 32 0 0 0 0 0 0 0 0 16 0 0 0 0 0 0 0 0 0 0 0 0 0 0 0 0 0 0 0 0 0 0 0 0 0 0 0 0 0 0 0 0 0 0 0 0 0 20 0 0 0 0 0 0 0 0 0 0 0 0 0 0 0 0 0 0 0 0 0 0 0 0 0 0 0
0 0 0 0 0 0 0 0 0 0 3 6 0 0 0 0 2 15 0 1 8 1 0 0 0 2 1 3704 0 0 0 2 0 0 0 0 0 0 0 1 0 0 0 0 0 23 8 21 0 0 16 1 7 1 1 1 2 10 2 1 4 0 0 0 0 0 0 0 0 560 0 0 0 0 1 1 1 33 1 0 0 0 1 1633 1 0 0 0 0 0 0 0 56 0 0 0 0 0 0 0 0 0 0 0 0 0 90 0 0 0 4 0 0 0 0 0 0 0 0 0 0 0 0 0 0 41 135 93 40 0 106 114 118 0 0 0 0 0 0 0 0 0 0 0 0 0 20 371 0
0 2688 0 0 4685 0 0 0 0 0 0 2888 0 0 0 0 0 2 0 0 1 0 0 0 2 0 0 0 991 0 0 0 0 0 0 0 0 0 0 0 0 9 0 0 0 1 1 2 0 0 2 0 1 0 0 0 0 1 0 0 22 0 0 0 3 1 0 156 0 0 0 0 0 0 0 0 0 4 0 0 0 0 0 2 0 0 0 0 0 0 0 0 6 0 0 0 0 0 0 0 0 0 0 0 0 0 0 0 0 0 0 0 0 0 0 0 0 0 0 0 0 0 0 0 0 0 0 0 0 0 6 6 1 0 0 0 0 0 0 0 0 0 0 0 0 0 2 38 0
0 0 0 0 0 0 0 0 21 0 0 0 0 1768 0 0 0 1 0 0 0 0 0 0 0 0 0 0 0 0 0 0 0 0 0 0 0 0 0 0 0 0 0 0 0 0 0 0 0 0 0 0 0 0 0 0 0 1 0 0 0 0 0 0 0 0 0 0 0 0 0 3 0 0 0 0 0 2 0 0 0 0 0 0 0 0 0 0 0 0 0 0 0 0 0 0 0 0 0 0 0 0 0 0 0 0 0 0 0 0 0 0 0 0 0 0 0 0 0 0 0 0 0 0 0 0 0 0 0 0 0 0 0 0 0 0 0 0 0 0 0 0 0 0 0 0 0 3 0
0 0 0 0 1 5 0 0 138 3 444 100 0 1 0 0 0 0 0 0 0 0 0 0 0 629 236 727 132 0 21796 661 0 0 0 0 0 0 0 0 0 0 0 0 0 0 0 0 0 0 0 0 0 0 0 0 0 0 0 0 16 0 0 0 0 0 0 0 12280 0 1 11 0 0 2 0 0 0 0 0 0 0 0 49 0 1243 0 0 0 0 0 0 0 0 0 0 0 0 0 0 0 0 0 0 0 0 0 0 0 0 0 0 0 0 0 0 0 0 0 0 0 41 0 0 0 0 0 0 0 0 0 0 0 0 0 0 0 0 0 0 0 0 0 0 0 0 0 0 0
0 0 0 0 0 0 0 0 0 0 0 0 0 0 0 0 0 2 36 0 43 64 0 0 0 0 0 0 0 0 0 0 0 0 0 0 0 0 0 0 0 0 0 0 0 0 1 0 0 0 0 0 0 0 0 0 0 1 0 0 0 0 0 0 0 0 0 0 0 0 0 0 0 0 0 0 0 5 0 0 0 0 0 2 12 0 0 0 0 0 0 0 7 0 0 0 0 0 0 0 0 0 0 0 0 0 0 0 0 0 0 0 0 0 0 0 0 0 0 0 0 0 0 0 0 0 2 0 0 0 12 11 6 0 0 0 0 0 0 0 0 0 0 0 0 0 0 0 0
0 0 0 6 0 1 0 2 2 2 3 2 4 1 0 0 31 0 0 0 1 1 0 0 17 1 0 0 195 173 0 1 783 0 0 7 0 3 0 0 6545 10236 3554 0 7 20 30 22 0 22 23 33 25 33 26 29 33 31 30 0 238 90 84 0 784 500 725 174 3 7 8 7 211 918 3661 1 1 0 0 1 0 0 0 9 0 44 13 0 0 0 0 86 2 0 19 0 0 3 0 0 0 0 0 0 0 0 0 0 0 0 0 0 0 0 0 0 0 0 0 0 0 0 0 25 0 0 0 0 1 1 0 26 12 0 6 90 15 427 390 0 0 0 21 20 22 0 0 1 0
0 0 0 0 0 1 1814 0 0 0 15 42 0 0 0 0 0 0 3 7 4 9 1 2 6 12 0 0 0 0 0 0 0 0 0 1061 0 0 0 1 1 1 0 0 0 130 14 139 0 0 80 11 44 5 8 4 9 4 9 0 17 7 6 94 4 2 0 0 0 1 1 1 1 3 3 4 0 4 3 1 0 0 0 0 0 4 3 0 0 0 0 0 0 0 0 0 0 0 0 0 0 0 0 0 0 0 185 0 0 2 127 0 0 0 0 0 0 0 0 0 0 0 0 5 0 0 0 0 0 0 0 0 0 0 0 0 0 0 0 0 0 0 0 0 0 0 0 2 0
0 0 0 0 0 0 0 0 0 0 0 0 0 0 0 0 0 0 0 0 0 0 0 0 0 0 0 0 0 0 0 0 0 0 0 0 0 0 0 0 0 0 0 0 0 0 0 0 0 0 0 0 0 0 0 0 0 0 0 0 0 0 0 0 0 0 0 0 0 0 0 0 0 0 0 0 0 0 0 0 0 0 0 0 0 0 0 0 0 0 0 0 0 0 0 0 0 0 0 0 0 0 0 0 0 0 0 0 0 0 0 0 0 0 0 0 0 0 0 0 0 0 0 0 0 0 0 0 0 0 0 0 0 0 0 0 0 0 0 0 0 0 0 0 0 0 0 0 0
0 0 0 0 0 0 0 0 0 0 0 0 0 0 0 0 2029 0 0 0 0 0 0 0 0 0 0 0 0 0 0 0 0 0 0 0 0 0 0 0 0 0 0 0 2128 803 1977 1095 2122 2206 1079 2153 1551 2065 1041 1150 2094 2019 1861 0 31 10 1 0 0 0 7 0 0 0 0 0 0 0 0 0 0 0 0 0 0 0 0 0 0 0 0 0 0 0 0 42 1 0 9 0 0 0 0 0 0 0 0 0 0 0 0 0 0 0 0 0 0 0 0 0 0 0 0 0 0 0 0 0 0 0 0 0 0 0 0 0 0 0 0 0 0 0 0 0 0 0 0 0 0 0 0 0 0
0 0 0 0 0 0 0 0 0 0 0 0 0 0 0 0 0 0 0 0 0 0 0 0 2 0 0 0 0 0 0 0 0 0 0 0 0 0 0 1 0 0 0 0 0 0 0 0 0 0 0 0 0 0 0 0 0 0 0 0 0 1 2 0 0 0 0 0 0 0 125 0 0 0 0 0 0 0 0 0 0 0 0 0 0 0 0 0 0 0 0 0 0 0 0 0 0 0 0 0 0 0 0 0 0 0 0 0 0 0 0 0 0 0 0 0 0 0 0 0 0 0 0 0 0 0 0 0 0 0 0 0 0 0 0 0 0 0 0 0 0 0 0 0 0 0 0 0 0
0 0 0 0 0 0 0 0 0 0 0 0 0 0 0 0 0 0 0 0 0 0 0 0 0 0 0 0 0 0 0 0 0 0 0 0 0 0 0 0 0 0 0 0 0 0 0 0 0 0 0 0 0 0 0 0 0 0 0 0 0 0 0 0 0 0 0 0 0 0 0 0 0 0 0 0 0 0 0 0 0 0 0 0 0 0 0 0 0 0 0 0 0 0 0 0 0 0 0 0 0 0 0 0 0 0 0 0 0 0 0 0 0 0 0 0 0 0 0 0 0 0 0 0 0 0 0 0 0 0 0 0 0 0 0 0 0 0 0 0 0 0 0 0 0 0 0 0 0
0 0 0 0 0 0 0 0 0 0 0 0 0 0 0 0 0 0 0 0 0 0 0 0 88 0 0 0 0 0 0 0 0 0 0 0 0 0 0 1 0 0 0 0 0 0 0 0 0 0 0 0 0 0 0 0 0 0 0 0 0 85 129 0 0 0 0 0 0 0 0 0 0 0 0 0 23 0 0 0 0 0 0 0 0 0 0 0 0 0 0 0 0 0 0 0 0 0 0 0 0 0 0 0 0 0 0 0 0 0 0 0 0 0 0 0 0 0 0 0 0 0 0 0 0 0 0 0 0 0 0 0 0 0 0 0 0 0 0 0 0 0 0 0 0 0 0 0 0
0 0 0 0 0 0 0 0 0 0 0 0 0 0 0 0 0 0 0 0 0 0 0 0 47 0 0 0 79 37 0 0 214 0 0 0 0 0 0 4 0 0 0 0 0 0 0 0 0 0 0 0 0 0 0 0 0 0 0 0 68 45 69 0 214 100 209 0 0 26 115 0 120 0 0 0 0 0 138 0 0 0 0 0 0 0 5 0 0 0 0 0 0 0 0 0 0 0 0 0 0 0 0 0 0 0 0 0 0 0 0 0 0 0 0 0 0 0 0 0 0 0 0 0 0 0 0 0 0 0 0 0 0 0 0 0 0 0 0 0 0 0 0 0 0 0 0 0 0
0 1 1 0 0 0 7 2 2 1 1 1 1 0 0 0 2 1 20 0 82 20 0 0 0 14 5 1 11128 9872 0 0 7 1 0 0 30 0 0 236 0 497 15 0 0 3 0 2 0 0 2 0 4 1 0 3 0 1 2 13 14058 67 98 0 6 3 0 0 0 75 90 1724 2467 0 0 0 0 3 0 434 0 0 0 3718 0 83 443 0 0 0 0 0 7 0 4 0 0 0 0 0 61 0 0 0 0 0 0 0 0 0 0 0 0 0 0 0 0 0 0 0 0 121 0 0 0 0 0 0 0 0 9 6 0 19 36 15 0 5 0 0 0 17 0 5 1 0 0 0 0
0 0 0 0 0 0 11 1 1 0 0 1 0 0 0 0 1 3 20 0 57 26 23641 0 8550 0 1 1 13 5 0 0 147 2 0 2 42 0 0 322 0 0 0 0 0 4 0 4 0 0 3 0 3 0 0 2 0 1 1 7 1 9 8 0 148 69 0 0 1279 3125 3672 4160 0 0 4 8 3 6 14 38 0 115 0 0 0 0 42 0 0 0 0 4 4 0 4 0 0 0 0 0 49 0 0 0 0 0 0 0 0 0 0 0 0 0 0 0 0 0 0 0 0 0 0 0 0 0 0 0 0 0 1 0 0 2 10 0 0 0 0 0 0 6 0 4 2 0 0 0 0
1 1 1 0 0 1 0 1 2 1 0 0 1 0 0 0 1 2 0 0 0 0 114 0 0 0 0 0 0 0 0 0 0 0 0 0 4 0 0 7 0 0 0 0 0 1 1 1 0 0 1 0 1 0 0 1 1 1 1 1 0 0 0 0 0 0 0 0 25 83 142 0 53 0 0 0 0 0 0 48 0 0 0 0 0 0 48 0 0 0 0 0 0 0 0 0 0 0 0 0 0 0 0 0 0 0 0 0 0 0 0 0 0 0 0 0 0 0 0 0 0 0 0 0 0 0 0 0 0 0 0 0 0 0 0 0 0 0 0 0 0 0 0 0 0 0 0 0 0
0 0 0 0 0 0 0 0 0 0 0 0 0 0 0 0 0 0 0 0 0 0 0 0 0 0 0 0 0 0 0 0 0 0 0 0 0 0 0 0 0 0 0 0 0 3 0 2 0 0 3 0 1 0 0 0 0 0 1 1 0 0 0 0 0 0 0 0 0 0 0 0 0 0 0 0 0 0 0 0 0 0 0 0 0 0 0 0 0 0 0 0 0 0 0 0 0 0 0 0 0 0 0 0 0 0 133 0 0 0 0 0 0 0 0 0 0 0 0 0 0 0 0 0 0 0 0 0 0 0 0 0 0 0 3 0 0 0 0 0 0 0 0 0 0 0 0 2 0
0 0 0 0 0 3 827 0 0 0 5 9 0 0 0 54 0 0 0 0 0 0 0 0 0 1546 0 1763 312 0 196 1598 0 1865 21 110 0 0 0 0 0 0 0 0 0 10 1 7 0 0 8 0 2 1 0 1 1 0 1 1 0 5 5 0 0 0 0 0 0 0 0 0 7 0 0 0 0 1 0 0 0 0 0 0 0 3037 0 0 0 0 0 0 0 0 0 0 0 0 0 0 0 0 0 0 0 0 401 0 0 0 0 0 0 0 0 0 0 0 0 0 0 0 0 0 0 103 0 0 0 0 0 0 0 0 0 0 0 0 0 0 0 0 0 0 0 0 13 4 0
0 0 0 0 0 0 8 0 0 0 0 1 0 0 0 18 0 0 0 0 0 0 0 0 0 61 0 0 0 0 0 0 0 0 0 0 0 0 0 0 0 0 0 0 0 3 0 2 0 0 2 0 1 0 0 1 0 0 1 1 0 1 1 0 0 0 0 0 0 2 0 0 0 0 0 0 0 0 0 0 0 0 0 0 0 93 0 0 0 0 0 0 0 0 0 0 0 0 0 0 0 0 0 0 0 0 88 0 0 0 0 0 0 0 0 0 0 0 0 0 0 0 0 0 0 30 0 0 0 0 0 0 0 0 0 0 0 0 0 0 0 0 0 0 0 0 4 2 0
0 35 0 0 38 0 169 0 0 0 0 49 0 0 0 5 0 0 0 0 0 0 0 0 0 31 0 23 0 0 0 18 0 0 0 0 0 0 0 0 0 0 0 0 0 2 0 1 0 0 0 0 1 0 0 0 0 0 0 1 0 0 0 0 0 0 0 0 0 0 0 0 0 0 0 0 0 0 0 0 0 0 0 0 0 31 0 0 0 0 0 0 0 0 0 0 0 0 0 0 0 0 0 0 0 0 0 0 0 5 0 0 0 0 0 0 0 0 0 0 0 0 0 0 0 0 0 0 0 0 0 0 0 0 0 0 0 0 0 0 0 0 0 0 0 0 0 1 0
0 0 0 0 0 3 697 645 1170 901 739 203 743 0 0 34 2 0 19 0 21 0 0 0 10 1528 113 1748 401 0 207 1584 127 2188 0 190 1 0 6 62 0 0 0 0 2 6 2 5 0 0 6 0 3 0 0 1 2 2 2 1 0 0 0 0 125 59 78 0 0 110 3 75 0 0 0 0 0 0 4 0 0 0 0 1 2 2999 0 0 0 0 0 0 0 0 0 0 0 2 0 0 0 0 0 0 0 0 18 0 0 0 0 0 0 0 0 0 0 0 0 0 0 0 0 0 0 41 0 0 0 0 0 0 0 0 0 0 0 0 0 0 0 0 0 0 0 0 4 2 0
0 0 0 0 0 2 1341 318 5356 5193 1352 755 0 45 0 211 2 0 63 1 69 111 61 20 13 180 0 190 31 0 0 175 0 0 0 591 0 0 1 2 0 0 0 0 1 34 6 27 0 0 28 3 10 5 3 4 5 3 6 3 0 32 21 0 0 1 0 0 3534 386 9 460 0 0 1 1 1 1 2 0 0 6 0 1728 12 293 1 0 0 0 0 0 0 0 0 0 0 2 0 0 0 0 0 0 0 0 1875 0 0 0 0 6 0 0 0 0 0 0 0 0 0 18 0 0 0 394 0 0 0 0 0 0 0 0 16 0 0 0 0 0 0 0 0 0 0 16 61 29 0
0 0 0 0 0 2 155 0 0 0 0 1 0 1 0 5 1 0 17 0 19 31 8 5 4 69 0 16 0 0 0 0 0 0 0 14 0 0 0 0 0 0 0 0 0 2 1 2 0 0 2 1 1 0 0 1 1 1 1 0 0 2 1 0 0 0 0 0 0 0 1 0 0 0 0 0 0 0 1 0 0 1 0 2 3 94 0 0 0 0 0 0 0 0 0 0 0 0 0 0 0 0 0 0 0 0 21 0 0 0 0 0 0 0 0 0 0 0 0 0 0 0 0 0 0 0 0 0 0 0 0 0 0 0 0 0 0 0 0 0 0 0 0 0 0 0 0 1 0
0 0 0 0 0 0 552 507 853 596 499 134 610 7 0 16 1 0 0 0 0 0 0 0 0 112 7 127 23 0 294 116 0 0 0 0 0 0 0 0 0 0 0 0 0 3 0 2 0 0 3 0 4 0 0 3 0 0 3 3 0 0 0 0 0 0 0 0 0 40 0 44 0 0 0 0 0 0 0 0 0 0 0 0 0 153 0 0 0 0 0 0 0 0 0 0 0 0 0 0 0 0 0 0 0 0 0 0 0 0 0 0 0 0 0 0 0 0 0 0 0 0 0 1 0 0 0 0 0 0 0 0 0 0 0 0 3 0 0 0 0 14 0 12 8 0 0 2 0
0 6670 0 0 10621 0 623 23605 21666 17351 22378 10089 8516 9739 13 332 3 0 175 1 69 80 0 0 57 1224 0 3532 2960 0 137 641 476 0 2119 249 109 4 41 376 0 34 0 0 2 41 6 32 0 0 33 3 12 5 4 5 5 3 6 21 707 62 60 0 800 383 527 0 0 1728 212 1910 343 4024 189 1 4 3 5 0 0 0 0 1 2 1421 4 0 0 0 0 0 8 0 4 0 0 1 0 0 0 0 0 52 0 0 1787 0 0 0 0 0 0 0 0 0 0 0 0 0 0 15 0 0 0 471 0 0 0 0 0 0 0 0 0 0 1 14 0 0 0 2 0 3 1 8 74 31 0
0 0 0 0 0 2 884 5204 3039 3019 4529 627 2076 0 0 446 5 2 62 2 69 104 25 11 62 805 0 905 1005 673 89 828 569 0 0 683 162 4 59 530 0 51 0 0 1 64 11 51 0 0 52 5 18 7 5 9 9 4 10 19 1004 97 87 0 1171 551 353 0 0 226 8 239 208 2 90 1 5 3 4 0 0 0 0 1751 13 1553 3 0 0 0 0 0 6 0 6 0 0 11 0 0 0 0 0 87 0 0 2054 0 0 0 0 0 0 0 0 0 0 0 0 0 0 0 0 0 0 795 0 0 0 4 0 0 6 0 2 0 0 14 0 0 0 0 0 13 10 0 122 24 0
0 3311 0 0 5443 1 457 3067 1452 1590 2709 3700 1193 0 0 0 8 1 14 1 18 24 3 0 19 564 0 1452 1295 0 0 0 12 0 0 0 80 0 24 233 0 17 0 0 1 27 10 21 0 0 25 8 12 10 8 9 10 8 10 6 305 24 25 0 364 171 73 0 0 320 3 118 103 0 34 0 3 2 3 1 0 0 0 1 0 647 2 0 0 0 0 0 1 0 0 0 0 0 0 1 0 0 0 0 0 0 1131 0 0 0 0 0 0 0 0 0 0 0 0 0 0 0 0 0 0 125 0 0 0 0 0 0 0 0 1 0 1 2 0 0 0 2 0 2 0 0 16 12 0
0 0 0 0 0 0 0 0 0 0 0 0 0 0 1 0 2 1 0 0 0 0 0 0 0 0 0 0 0 0 0 0 0 0 0 0 0 0 0 0 0 0 0 0 0 1 1 1 0 0 1 1 1 1 1 2 1 1 1 2 0 0 0 0 0 0 0 0 0 0 0 0 0 0 0 0 4 0 0 0 0 0 0 0 0 0 5 0 0 0 0 0 0 0 0 0 0 0 0 0 0 0 0 0 0 0 0 0 0 0 0 0 0 0 0 0 0 0 0 0 0 0 0 0 0 0 0 0 0 0 0 0 0 0 0 0 0 0 0 0 0 0 0 0 0 0 0 5 0
44 71 119 297 6 102 4 73 117 90 88 35 88 2 0 379 0 1 1 1 8 1 232 136 214 32 4 1 71 63 7 3 366 0 0 8 8 0 11909 1111 60 24 0 0 0 26 3 23 0 0 18 1 8 0 34 0 2 1 3 2 0 426 299 2749 372 439 351 0 10 12 13 11 145 0 7 0 0 0 4 0 0 98 503 1540 112 0 0 0 0 0 0 0 0 0 0 0 0 7 0 0 0 0 0 19 0 0 0 0 0 0 0 0 0 0 0 0 0 0 0 0 0 0 0 0 0 0 0 0 0 0 0 0 0 0 1 0 0 0 0 0 0 0 0 0 0 0 13 12 0
9 5 8 19 0 2 2 2 3 8 8 6 6 4 0 37 2 2 0 0 1 1 14 8 11 1 0 0 1 0 0 1 1 0 0 0 19 0 0 0 0 25 0 0 0 4 1 3 0 0 3 1 3 1 1 3 1 2 2 9 0 18 14 4343 1 2 0 0 0 13 6 4 7 4 18 0 0 3 1 3 0 47 0 44 68 0 5 0 0 0 0 0 6 0 2 0 0 3 0 0 0 0 0 0 0 0 0 0 0 0 0 0 0 0 0 0 0 0 0 0 0 0 0 6 0 141 0 0 4 0 8 6 0 8 13 2 13 2 0 0 0 8 0 7 0 0 215 37 0
1 2 3 7 0 3 0 1874 0 0 1648 120 112 2 0 0 0 1 0 0 0 0 0 0 0 0 0 0 0 0 0 0 0 0 0 0 0 0 33 0 0 0 0 0 0 4 0 3 0 0 3 0 1 0 0 0 0 0 0 0 0 144 74 0 0 0 0 0 0 0 0 0 0 0 0 0 0 0 0 0 0 0 0 55 0 0 0 0 0 0 0 0 0 0 0 0 0 2 0 0 0 0 0 0 0 0 0 0 0 0 0 0 0 0 0 0 0 0 0 0 0 0 0 0 0 0 0 0 0 0 0 0 0 0 0 0 0 0 0 0 0 0 0 0 0 0 20 1 0
88 149 170 541 25 205 623 227 322 183 91 58 179 53 0 0 7 3 62 2 133 92 127 81 81 133 106 95 111 120 368 87 42 244 636 441 124 0 1 34 0 10246 6465 0 0 70 13 52 0 0 59 7 23 11 6 12 11 7 15 18 0 5578 2884 0 45 557 0 0 362 1936 633 75 200 909 8490 88 59 63 436 215 0 50 428 63 128 802 0 0 0 0 0 129 27 0 31 0 0 120 0 1 43 28 0 0 0 0 0 0 0 10 0 0 0 0 0 0 0 0 0 0 0 0 0 0 0 0 10 0 24 98 27 106 74 32 45 313 43 1296 1202 20 79 0 143 98 105 0 12 120 0
0 0 0 0 0 0 0 0 0 0 0 0 0 0 0 0 1 2 18 0 4 3 0 3 3 1 0 1 66 53 0 1 3 0 0 0 20 0 0 23 0 0 2246 0 0 1 1 1 0 0 1 0 1 0 0 0 1 1 1 6 0 0 0 0 3 95 0 0 0 0 0 397 0 0 2694 0 0 0 0 0 0 0 0 0 0 0 0 0 0 0 0 0 0 0 0 0 0 0 0 0 0 0 0 0 0 0 0 0 0 39 0 0 0 0 0 0 0 0 0 0 0 0 0 0 0 0 0 0 0 0 0 0 0 0 0 0 0 0 0 0 0 0 0 0 0 50 0 0 0
30 78 0 186 49 77 456 119 120 64 52 58 73 18 0 85 5 4 51 2 29 31 0 51 917 889 481 915 457 532 369 830 302 1355 567 294 606 107 12 401 0 0 0 1549 0 62 10 50 0 0 50 5 21 4 108 9 8 6 12 24 0 242 343 0 288 511 264 0 258 1048 691 81 172 155 6948 0 51 353 165 86 0 8 237 94 163 1339 0 0 0 0 0 74 30 0 38 0 0 21 0 2 0 0 0 0 0 0 0 0 0 67 0 81 0 0 0 0 0 0 0 0 0 0 0 26 61 32 0 0 10 0 18 21 5 20 30 31 30 121 97 0 0 0 0 24 22 81 0 0 0
24 49 60 144 21 57 433 99 124 49 58 61 56 1 114 210 35 12 10 18 21 20 592 250 544 144 128 85 222 227 505 90 618 202 463 413 845 146 109 122 65 841 0 0 21 227 53 177 0 0 192 37 85 48 30 49 47 38 58 112 0 413 627 0 618 368 468 0 180 381 313 174 332 0 223 21 14 26 46 24 0 0 153 0 112 0 32 77 786 243 248 35 470 258 303 0 0 30 0 43 232 0 0 81 0 0 0 0 0 0 88 509 242 282 0 0 0 138 0 0 0 0 0 84 94 175 84 77 92 47 96 93 83 100 106 84 104 86 77 41 83 95 73 97 95 912 0 462 0
35 81 125 48 41 40 2 26 700 30 65 37 23 7 0 167 739 0 4 1 7 7 105 31 3 2 1 0 0 0 0 1 0 0 0 0 12 28 8 52 0 1 8 0 0 312 717 415 751 721 406 775 0 108 600 525 758 711 147 219 0 0 0 0 0 8 0 7 17 5 17 67 29 8 8 53 5478 2474 12 6 0 9 0 22 17 0 6 0 0 0 0 23 23 0 5 0 0 1 0 0 0 0 20 0 0 0 0 0 0 0 0 0 0 0 0 0 0 7 0 0 0 32 0 0 6 49 9 0 1 0 28 24 9 0 3 123 27 193 128 32 22 56 0 24 25 48 72 17 0
0 0 0 0 0 0 0 2 0 0 0 0 0 0 0 0 0 0 0 0 0 0 0 0 0 0 0 0 0 0 0 0 0 0 0 0 0 0 0 0 0 0 0 0 0 0 0 0 0 0 0 0 0 0 0 0 0 0 0 0 0 0 0 0 0 0 0 0 0 0 0 0 0 0 0 0 0 0 0 0 0 0 0 0 0 0 0 0 0 0 0 0 0 0 0 0 0 0 0 0 0 0 0 0 0 0 0 0 0 0 0 0 0 0 0 0 0 0 0 0 0 0 0 0 0 0 0 0 0 0 0 0 0 0 0 0 0 0 0 0 0 0 0 0 0 0 0 0 0
0 0 0 0 0 1 0 0 0 0 0 0 0 0 0 0 0 0 1 0 0 0 1 2 0 0 0 0 0 0 0 0 0 0 0 0 0 0 0 0 0 0 0 0 0 0 0 0 0 0 0 0 0 0 0 0 0 0 0 1 0 0 0 0 0 0 0 0 0 0 0 0 0 0 0 0 0 0 0 0 0 0 0 0 22 0 0 0 0 0 0 0 0 0 0 0 0 0 0 0 0 0 0 0 0 0 0 0 0 0 0 0 13062 0 0 0 0 0 0 0 0 0 0 0 0 0 0 0 0 0 0 0 0 0 0 0 0 0 0 0 0 0 0 0 0 9 0 0 0
0 0 0 0 0 0 0 0 0 0 0 0 0 0 0 0 0 0 0 0 0 0 0 0 0 0 0 0 0 0 0 0 0 0 0 0 0 0 0 0 0 0 0 0 0 0 0 0 0 0 0 0 0 0 0 0 0 0 0 0 0 0 0 0 0 0 0 0 0 0 0 0 0 0 0 0 0 0 0 0 0 0 0 0 0 0 0 0 0 0 0 0 0 0 0 0 0 0 0 0 0 0 0 0 0 0 0 0 0 0 0 0 0 0 0 0 0 0 0 0 0 0 0 0 0 0 0 0 0 0 0 0 0 0 0 0 0 0 0 0 0 0 0 0 0 0 0 0 0
1566 3555 5536 2193 1789 1749 63 1142 1426 1395 1203 285 1019 322 1449 5378 57 0 141 6 108 40 3051 2509 272 25 15 9 22 23 45 17 60 30 122 87 46 2984 142 237 154 33 38 65 0 156 49 139 0 0 128 37 0 0 116 0 44 20 0 618 0 0 9 0 61 141 17 76 151 1966 709 832 398 68 40 256 35 61 80 68 0 119 220 35 101 0 65 0 0 0 0 2143 56 0 1 0 0 0 0 616 189 194 211 0 10 0 0 2096 2623 0 0 1189 0 0 0 0 0 63 0 0 0 126 0 0 44 305 105 81 51 3 92 87 74 29 67 602 139 563 472 386 361 248 292 162 164 88 83 67 0
6 22 20 8 21 11 434 119 114 5 13 29 9 2 0 55 76 0 12 7 25 6 94 209 17 1237 523 1376 266 384 540 1251 30 2421 1087 294 12 27 33 62 48 1121 484 508 0 85 77 87 43 0 81 74 0 0 64 0 78 53 0 59 0 0 0 0 3 20 0 11 178 45 45 14 29 97 480 5 3 18 6 2 0 14 7 0 4 2400 3 0 0 0 0 53681 28 0 2 0 0 0 0 81217 0 0 13 0 0 0 0 0 0 0 5957 8777 0 0 0 0 0 9 0 0 0 14 0 0 7 68 30 18 13 0 43 39 26 20 25 62 20 77 61 0 9 48 0 35 33 22 35 17 0
0 4 0 0 7 0 0 0 0 0 0 4 0 0 0 0 0 0 0 0 0 0 0 0 0 0 0 0 0 0 0 0 0 0 0 0 0 0 0 0 0 0 0 0 0 0 0 0 0 0 0 0 0 0 0 0 0 0 0 0 0 0 0 0 0 0 0 0 0 0 0 0 0 0 0 0 0 0 0 0 0 0 0 0 0 0 0 0 0 0 0 0 0 0 0 0 0 0 0 0 0 0 0 0 0 0 0 0 0 0 0 0 0 0 0 0 0 0 0 0 0 0 0 0 0 0 0 0 0 0 0 0 0 0 0 0 0 0 0 0 0 0 0 0 0 0 0 0 0
0 1 2 0 1 0 1 1 3 0 0 0 0 0 0 0 4 0 1 0 0 0 1 2 0 0 0 0 12 9 0 0 0 0 0 0 0 0 0 0 0 0 0 0 0 1 4 2 0 0 2 0 0 0 3 0 4 0 0 7 0 0 0 0 0 0 0 0 0 4 0 0 0 0 0 0 0 0 0 0 0 0 0 0 0 0 0 0 0 0 0 0 0 0 0 0 0 5 0 0 0 0 0 0 0 0 0 0 0 0 0 0 0 0 0 0 0 0 0 0 0 0 0 0 0 0 0 0 0 0 0 0 0 0 0 0 0 0 0 0 0 0 0 0 0 0 1 1 0
0 0 0 0 0 0 0 0 0 0 0 0 0 0 0 0 547 0 0 0 0 0 0 0 0 0 0 0 0 0 0 0 0 0 0 0 0 0 0 0 0 0 0 0 6 217 533 295 491 519 291 578 0 97 447 383 565 529 119 0 0 0 0 0 0 0 0 0 0 0 0 0 0 0 0 0 0 0 0 0 0 0 0 0 0 0 0 0 0 0 0 8 0 0 2 0 0 0 0 0 0 0 0 0 0 0 0 0 0 0 0 0 0 0 0 0 0 0 0 0 0 0 0 0 0 0 0 0 0 0 0 0 0 0 0 0 0 0 0 0 0 0 0 0 0 0 0 0 0
0 0 0 0 0 0 0 0 0 0 0 0 0 0 0 0 602 0 0 0 0 0 0 0 12 0 0 0 363 321 0 0 11 0 0 0 0 0 0 0 0 16 0 0 0 238 586 325 603 579 320 635 0 0 491 396 621 578 42 0 0 0 0 0 12 6 0 0 0 0 0 0 3 0 0 0 0 0 0 0 0 0 0 0 0 0 0 0 0 0 0 9 0 0 2 0 0 0 0 0 0 0 0 0 0 0 0 0 0 0 0 0 0 0 0 0 0 0 0 0 0 1 0 0 0 0 0 0 0 0 0 0 0 0 0 0 0 0 0 0 0 0 0 0 0 0 0 0 0
0 0 0 0 0 0 0 0 0 0 0 0 0 0 0 0 0 0 0 0 0 0 0 0 19 0 0 0 171 150 0 0 28 0 0 0 0 0 0 0 0 2 0 0 0 0 0 0 0 0 0 0 0 0 0 0 0 0 0 0 0 0 2 0 29 13 0 0 0 0 0 0 0 0 0 0 0 0 0 0 0 0 0 0 0 0 0 0 0 0 0 0 0 0 0 0 0 0 0 0 0 0 0 0 0 0 0 0 0 0 0 0 0 0 0 0 0 0 0 0 0 3 0 0 0 0 0 0 0 0 0 0 0 0 0 0 0 0 0 0 0 0 0 0 0 0 0 0 0
0 0 0 0 0 0 0 0 0 0 0 0 0 0 0 0 148 0 0 0 0 0 0 0 0 0 0 0 1 0 0 0 0 0 0 0 0 5 0 7 0 0 0 0 0 59 144 80 61 83 79 154 0 0 121 0 153 129 0 1 0 0 0 0 0 0 0 0 0 0 0 0 0 0 0 0 0 0 0 0 0 0 0 0 0 0 0 1390 0 0 0 0 0 0 0 0 0 34 0 0 0 0 0 0 0 0 0 0 0 0 0 0 0 0 0 0 0 0 0 0 0 0 0 0 0 0 0 0 0 0 0 0 0 0 0 0 0 0 0 0 0 0 0 0 0 0 0 0 0
0 0 0 0 0 0 0 0 0 0 0 0 0 0 0 0 0 0 0 0 0 0 0 0 0 0 0 0 0 0 0 0 0 0 0 0 0 0 0 0 0 0 0 0 0 0 0 0 0 0 0 0 0 0 0 0 0 0 0 0 0 0 0 0 0 0 0 0 0 0 0 0 0 0 0 0 0 0 0 0 0 0 0 0 0 0 0 0 0 0 0 0 0 0 0 0 0 0 0 0 0 0 0 0 0 0 0 0 0 0 0 0 0 0 0 0 0 0 0 0 0 0 0 0 0 0 0 0 0 0 0 0 0 0 0 0 0 0 0 0 0 0 0 0 0 0 0 0 0
0 0 0 0 0 0 0 0 0 0 0 0 0 0 0 0 21 0 0 0 0 0 0 0 0 0 0 0 0 0 0 0 0 0 0 0 0 0 0 0 0 0 0 0 0 8 20 11 0 0 11 18 0 0 17 0 21 0 0 0 0 0 0 0 0 0 0 0 0 0 0 0 0 0 0 0 0 0 0 0 0 0 0 0 0 0 0 0 0 0 0 0 0 0 0 0 0 3 0 0 0 0 0 0 0 0 0 0 0 0 0 0 0 0 0 0 0 0 0 0 0 0 0 0 0 0 0 0 0 0 0 0 0 0 0 0 0 0 0 0 0 0 0 0 0 0 0 0 0
0 0 0 0 0 0 0 0 0 0 0 0 0 0 0 0 501 0 0 0 0 0 0 0 0 0 0 0 0 0 0 0 0 0 0 0 0 0 0 0 0 0 0 0 0 198 488 270 474 471 266 528 0 0 409 319 517 480 0 0 0 0 0 0 0 0 0 0 0 0 0 0 0 0 0 0 0 0 0 0 0 0 0 0 0 0 0 0 0 0 0 7 0 0 2 0 0 0 0 0 0 0 0 0 0 0 0 0 0 0 0 0 0 0 0 0 0 0 0 0 0 0 0 0 0 0 0 0 0 0 0 0 0 0 0 0 0 0 0 0 0 0 0 0 0 0 0 0 0
0 0 0 0 0 0 0 0 0 0 0 0 0 0 0 0 0 0 0 0 0 0 0 0 0 0 0 0 0 0 0 0 0 0 0 0 0 0 0 0 0 0 0 0 0 0 0 0 0 0 0 0 0 0 0 0 0 0 0 0 0 0 0 0 0 0 0 0 0 0 0 0 0 0 0 0 0 0 0 0 0 0 0 0 0 0 0 0 0 0 0 0 0 0 0 0 0 0 0 0 0 0 0 0 0 0 0 0 0 0 0 0 0 0 0 0 0 0 0 0 0 0 0 0 0 0 0 0 0 0 0 0 0 0 0 0 0 0 0 0 0 0 0 0 0 0 0 0 0
0 0 0 0 0 1 25 6 3 0 0 31 0 1 0 0 1774 0 54 5 25 0 0 0 593 18 6 3 5927 5154 21 14 3024 0 0 0 208 467 21 1097 4018 952 1483 425 1873 798 1739 1054 1879 1905 1006 1874 1374 1336 1525 1608 1839 1768 1623 43 0 615 816 229 3036 1842 3003 12510 3 14 18 0 1293 28 1155 7 0 0 0 0 0 46 716 2731 141 188 0 0 0 0 0 38 0 0 9 0 0 8 0 0 0 0 0 112 0 0 0 0 0 0 0 0 0 0 0 0 0 0 0 0 0 0 0 0 0 2977 0 0 0 0 0 0 0 0 10 0 1 12 0 0 0 0 0 0 0 58 276 400 0
421 195 817 222 27 963 4 24 35 26 21 6 12 41 0 0 72 0 0 0 0 0 0 0 3 1 0 0 182 153 0 0 15 0 0 0 1 0 0 0 0 8 0 0 54 30 70 40 18 72 39 75 51 61 46 64 74 71 61 1 0 0 1 0 17 8 0 0 0 0 22 0 0 0 0 0 0 2 0 0 0 0 0 0 0 0 0 0 0 0 0 0 0 0 0 0 0 0 0 0 0 0 0 0 0 0 0 0 0 0 0 0 0 0 0 0 0 0 0 0 0 0 0 0 0 0 0 0 0 0 0 0 0 0 0 0 0 0 0 0 0 0 0 0 0 0 0 7 0
2077 960 4034 122 133 4752 10 116 174 134 117 25 81 201 0 0 26 0 0 0 0 0 0 0 2 0 0 0 88 68 0 0 7 0 0 0 1 0 0 0 0 3 0 0 8 11 25 15 0 19 14 26 13 8 0 21 27 25 17 4 0 0 0 0 8 4 0 0 0 0 109 2 0 0 0 0 0 0 0 0 0 0 0 0 0 0 0 0 0 0 0 0 0 0 0 0 0 0 0 0 0 0 0 0 0 0 0 0 0 0 0 0 0 0 0 0 0 0 0 0 0 0 0 0 0 0 0 0 0 0 0 0 0 0 0 0 0 0 0 0 0 0 0 0 0 0 0 5 0
1581 743 3071 930 120 3621 533 229 1 85 106 70 75 155 180 0 6678 333 19 8 145 6 2791 3457 4100 146 118 92 16 27 414 93 8357 212 863 339 1966 0 0 287 4346 2731 1262 476 7004 2779 6486 3701 7000 7142 3647 7014 5203 6746 5770 6145 6831 6640 6148 971 0 4455 5542 0 8377 4448 8340 4238 1934 1771 1811 911 6133 419 1149 2625 191 282 141 94 518 597 886 2869 1291 232 79 7 456 32 0 208 570 36 900 0 0 220 0 12 657 53 0 767 0 0 78 0 0 0 40 0 0 0 0 0 0 0 0 0 0 0 0 58 0 4677 1141 994 586 562 828 835 850 303 362 576 388 1357 1608 976 934 792 863 726 739 117 585 2355 0
0 0 0 0 0 0 0 0 0 0 0 0 0 0 0 0 0 0 0 0 0 0 0 0 0 0 0 0 0 0 0 0 0 0 0 0 0 0 0 0 0 0 0 0 0 0 0 0 0 0 0 0 0 0 0 0 0 0 0 0 0 0 0 0 0 0 0 0 0 0 0 0 0 0 0 0 0 0 0 0 0 0 0 0 0 0 0 0 0 0 0 0 0 0 0 0 0 0 0 0 0 0 0 0 0 0 0 0 0 0 0 0 0 0 0 0 0 0 0 0 0 0 0 0 0 0 0 0 0 0 0 0 0 0 0 0 0 0 0 0 0 0 0 0 0 0 0 0 0
0 0 0 0 0 0 0 0 0 0 0 0 0 0 0 0 0 0 0 0 0 0 0 0 0 0 0 0 0 0 0 0 0 0 0 0 0 0 0 0 0 0 0 0 0 0 0 0 0 0 0 0 0 0 0 0 0 0 0 0 0 0 0 0 0 0 0 0 0 0 0 0 0 0 0 0 0 0 0 0 0 0 0 0 0 0 0 0 0 0 0 0 0 0 0 0 0 0 0 0 0 0 0 0 0 0 0 0 0 0 0 0 0 0 0 0 0 0 0 0 0 0 0 0 0 0 0 0 0 0 0 0 0 0 0 0 0 0 0 0 0 0 0 0 0 0 0 0 0
144 75 279 62 23 329 414 118 115 9 9 18 8 0 0 472 59 0 19 2 73 0 1631 1203 156 108 96 74 29 0 336 57 46 0 0 0 199 0 0 172 78 23 0 0 41 57 44 51 0 40 59 45 38 30 63 91 46 42 39 352 0 55 31 0 46 32 0 0 0 1579 205 2112 267 182 0 58 0 7 60 345 0 5 4 21 136 53 208 0 0 0 0 0 271 0 0 0 0 3 0 0 49 0 0 0 0 0 0 0 0 64 178 814 0 0 0 0 0 0 0 0 0 0 0 21 0 750 0 0 0 16 0 0 0 0 0 505 0 470 395 337 307 0 252 0 0 9 196 108 0
46 143 119 279 116 120 1236 252 302 89 0 113 132 28 0 37 3 6 85 124 212 226 291 211 461 646 4077 451 635 737 971 380 1701 878 1378 884 627 225 189 1177 678 234 213 974 0 117 14 78 0 0 103 4 29 13 7 11 12 4 18 1093 0 937 864 0 1719 1900 1680 0 1649 386 591 404 1675 0 251 38 47 55 183 289 0 689 2082 1201 1332 657 290 0 0 0 0 0 37 24 27 0 0 43 0 17 115 828 2405 487 0 0 0 0 0 616 0 0 0 0 0 0 0 0 0 0 0 7 0 12 0 70 0 0 20 0 25 23 11 28 36 22 34 57 42 0 0 29 0 26 23 0 74 84 0
72 128 206 392 52 163 645 212 246 124 128 59 0 74 0 0 1 0 59 1 104 98 352 0 0 279 330 188 321 352 0 158 844 128 712 294 313 0 27 16 0 143 0 0 0 32 4 27 0 0 25 1 9 3 24 2 4 2 4 4 0 734 391 0 978 460 707 0 0 18 32 0 0 18 93 0 3 3 4 0 0 0 0 456 122 338 0 0 0 0 0 0 0 0 0 0 0 12 0 0 0 0 206 0 0 0 0 0 0 4 0 0 0 0 0 0 0 0 0 0 0 83 0 0 0 0 0 0 0 0 0 0 0 0 2 0 1 0 0 0 0 0 0 0 0 0 6 8 0
0 0 0 0 0 0 0 0 0 0 1 1 0 0 0 0 0 1 9 1 73 0 0 0 0 2 1 0 3 0 0 0 0 0 0 0 4 0 0 3 0 0 0 0 0 7 1 5 0 0 6 0 2 1 0 1 1 0 1 1 0 59 22 0 4 2 0 0 0 0 0 0 0 0 0 0 0 0 0 0 0 0 0 0 0 0 0 3940 0 0 0 0 0 0 0 0 0 0 0 0 0 0 0 0 0 0 0 0 0 0 0 0 0 0 0 0 0 0 0 0 0 0 0 0 0 0 0 0 0 0 0 0 0 0 0 0 0 0 0 0 0 0 0 0 0 0 0 5 0
0 0 0 0 0 0 0 0 0 0 0 0 0 0 0 0 0 0 0 0 67 0 0 0 0 0 0 0 2 0 0 0 0 0 0 0 2 0 0 30 0 0 0 0 0 0 0 0 0 0 0 0 0 0 0 0 0 0 0 0 0 0 0 0 2 1 0 0 0 213 0 0 0 0 0 0 0 0 0 0 0 0 0 0 0 0 0 0 0 0 0 0 0 0 0 0 0 0 0 0 0 0 0 0 0 0 0 0 0 0 0 0 0 0 0 0 0 0 0 0 0 0 0 0 0 0 0 0 0 0 0 0 0 0 0 0 0 0 0 0 0 0 0 0 0 0 0 1 0
0 0 0 0 0 2 0 2 2 1 1 0 0 1 0 0 1 7 83 4 738 10 0 0 122 2 2 1 31 0 0 0 0 0 0 0 3 0 0 464 0 0 0 0 0 2 0 2 0 0 2 0 1 0 0 1 0 0 1 2 15 16 0 0 23 11 0 0 43 85 143 0 0 0 0 0 0 0 0 0 0 107 0 0 0 0 0 0 0 0 0 1 0 0 1 0 0 0 0 0 111 3210 0 0 0 0 0 0 0 111 0 0 0 0 0 0 0 0 0 0 0 0 0 0 0 0 0 0 0 0 0 0 0 0 3 0 1 0 0 0 0 0 0 0 0 0 0 2 0
14 23 39 57 8 31 94 36 0 23 23 10 21 14 0 0 1 9 4 0 14 0 0 20 0 41 0 27 93 36 149 23 78 0 0 0 35 0 0 195 0 30 0 0 0 3 1 3 0 0 3 0 3 0 36 2 1 1 2 8 0 87 94 0 78 41 0 0 115 1450 5063 1009 0 83 0 3624 0 0 0 26 0 0 0 73 6 0 54 0 0 0 0 0 4 0 0 0 0 0 0 0 114 0 0 0 0 0 0 0 0 0 0 0 0 0 0 0 0 0 0 0 0 0 0 0 0 0 0 0 0 0 0 0 0 0 12 0 11 0 0 0 0 0 0 0 0 0 1 7 0
0 0 1 1 0 1 0 1 1 0 1 1 1 0 0 0 1 32 17 0 34 27 43 3 11 0 0 0 2 2 0 0 0 0 0 0 530 18 0 21 0 9 0 3 0 4 1 4 0 0 3 0 2 0 47 1 0 0 1 263 0 60 35 0 7 120 0 58 0 38 17 182 0 0 17 16 0 25 0 0 894 785 215 1845 248 0 0 0 0 0 0 0 0 0 0 0 0 11 0 2 0 0 65 49 0 0 0 0 0 0 0 0 0 0 0 0 0 0 0 0 0 0 0 0 0 0 0 0 0 0 0 0 0 0 0 0 0 0 0 0 0 0 0 0 0 0 0 4 0
0 0 0 0 0 0 0 0 0 0 0 0 0 0 0 0 2 0 6 0 9 10 1 0 1 0 0 0 40 24 0 0 107 0 0 0 12 0 0 2 0 0 0 0 0 1 2 1 0 0 1 2 2 2 129 2 2 2 2 55 0 1540 794 0 108 72 93 0 0 97 75 0 12 0 0 0 0 0 0 15723 0 0 0 6 0 217 15272 0 0 0 0 23 8 0 6 0 0 33 0 0 0 0 0 0 0 0 0 0 0 0 0 0 0 0 0 0 0 0 0 0 0 0 0 0 0 0 0 0 0 0 0 0 0 0 0 3 0 67 9 0 0 0 0 0 0 0 0 14 0
0 0 0 0 0 0 1 0 0 0 0 0 0 0 0 0 0 0 3 0 4 5 3 0 1 0 0 0 0 0 0 0 0 0 0 0 118 3 0 3 0 5 19 0 0 1 0 1 0 0 0 0 0 0 0 0 0 0 0 7 0 1 1 0 1 31 0 0 16 21 61 1 0 0 19 0 3 0 0 267 62 366 54 433 27 0 0 0 0 0 0 0 0 0 0 0 0 0 0 0 0 0 5 0 0 0 0 0 0 0 0 0 0 0 0 0 0 0 0 0 0 1 0 0 0 0 0 0 0 0 0 0 0 0 0 0 0 0 0 0 0 0 0 0 0 0 0 1 0
0 0 0 0 0 0 0 0 0 0 0 0 0 0 0 221 0 0 1 0 0 1 0 0 1 0 0 0 12 10 0 0 32 0 0 0 0 5 3 5 0 1 0 0 0 0 0 0 0 0 0 0 0 0 76 0 0 0 0 0 10 0 1 0 32 39 6 0 0 18 1 1 13 46 0 0 0 0 925 0 0 0 0 2 2464 0 0 0 0 0 0 33 10 0 8 0 0 0 0 0 0 0 0 1163 0 0 0 0 0 0 0 0 0 0 0 0 0 0 0 0 0 7 0 0 0 0 0 0 0 0 0 0 0 0 0 0 0 0 0 0 0 0 0 0 0 0 0 0 0
0 0 0 0 0 0 0 0 0 0 0 0 0 0 0 0 0 0 4 0 12 7 0 0 1 0 0 0 4 4 0 0 12 0 0 0 61 1 0 1 0 1 0 0 0 0 0 0 0 0 0 0 0 0 23 0 0 0 0 3 1 0 1 0 13 16 0 0 0 1 1 1 0 0 1 0 4 0 0 36 4 103 0 11 14 0 0 0 0 0 0 4 3 0 3 0 0 0 0 0 0 0 0 0 0 0 0 0 0 0 0 0 0 0 0 0 0 0 0 0 0 0 0 0 0 0 0 0 0 0 0 0 0 0 0 0 0 0 0 0 0 0 0 0 0 0 0 0 0
0 0 0 0 0 0 0 0 0 0 0 0 0 0 0 0 0 1 3 0 5 0 0 0 1 0 0 0 2 0 0 0 5 0 0 0 74 0 0 3 0 1 0 0 0 0 0 0 0 0 0 0 0 0 66 0 0 0 0 91 3 313 163 0 7 49 0 0 0 56 66 2 32 284 2 4022 0 1325 0 747 0 25 40 28 28 44 0 60271 0 0 0 12 9 0 10 0 0 2 0 0 0 0 0 0 0 0 0 0 0 0 0 0 0 0 0 0 0 0 0 0 0 0 0 0 0 0 0 0 0 0 0 0 0 0 0 0 0 0 0 0 0 0 0 0 0 0 0 3 0
2 4 6 14 0 7 1 4 7 5 6 4 6 0 0 0 1 1 19 0 73 27 0 0 0 525 197 607 130 174 89 551 28 995 106 0 316 6 0 21 0 4 0 0 0 1 1 1 0 0 1 0 1 1 89 1 1 1 1 32 27 196 107 0 22 290 0 0 11 60 31 167 0 1654 0 0 40 0 0 0 264 746 525 732 418 981 0 0 0 0 0 7 11 0 9 0 0 11 0 1 30 165 0 0 0 0 0 8 0 0 0 0 0 0 0 0 0 0 0 0 0 26 0 3 0 0 0 0 0 0 0 0 0 0 0 0 0 0 0 0 0 0 0 0 0 0 1 14 0
77 154 204 471 64 183 787 238 311 155 167 144 159 47 30 586 162 35 1433 2439 1911 2371 664 556 202 379 439 243 340 394 1401 222 857 494 880 636 7144 229 333 1019 1214 296 362 218 130 379 173 353 49 139 317 158 237 164 173 184 164 155 184 1753 61 128 143 0 878 1633 853 347 309 872 202 527 655 0 364 0 68 0 79 0 0 1820 2330 2469 5814 300 398 5 116 37 37 12 219 94 142 0 0 106 0 60 53 2363 258 3824 0 0 32 0 0 1963 465 1241 73 0 0 0 0 48 0 0 0 152 0 50 0 123 270 182 84 273 186 192 193 221 257 245 202 411 407 264 0 325 329 320 319 0 278 211 0
6 5 10 0 1 13 10 3 2 1 1 2 0 3 7 50 2 46 9 9 44 9 261 0 82 2 1 2 27 21 0 0 70 4 13 7 468 0 0 28 0 38 0 36 0 6 20 5 0 0 5 0 3 1 6 1 1 1 2 717 0 24 31 0 75 267 0 0 100 230 208 0 183 0 20 0 1 0 0 0 0 0 376 371 298 0 20 31 322 47 40 14 227 64 82 0 0 3 0 5 101 0 164 153 0 0 0 9 0 269 0 0 0 0 0 0 0 0 0 0 0 0 0 0 0 10 0 0 0 0 0 0 386 0 5 0 4 0 0 0 0 0 0 0 0 0 1 10 0
2 47 2 18 78 2 149 3 3 0 7 67 4 174 142 217 0 0 1 3 1 3 480 267 264 45 49 31 23 16 33 31 13 28 22 101 1 0 2 2 0 16 0 0 0 53 6 53 0 0 35 4 17 3 3 2 4 2 4 2 0 2 4 0 59 2319 0 0 19 11 7 7 16 0 24 0 2 2 0 0 0 0 0 5 1 0 1 0 0 0 0 0 0 0 0 0 0 0 0 0 0 0 0 0 0 0 0 0 0 0 46 0 0 0 0 0 0 0 0 0 0 65 0 0 0 0 0 0 0 0 0 0 0 0 0 0 0 43 25 0 0 0 0 0 0 4 3 51 0
0 0 0 0 0 0 0 0 0 0 0 1 0 0 0 4 1 180 297 1 539 484 0 479 500 0 0 0 2 0 0 0 5 0 0 0 13 0 0 0 0 1 0 574 0 2 0 2 0 0 2 0 1 0 0 1 0 0 1 53 0 25 14 0 5 2 0 0 0 34 46 41 0 0 0 0 0 0 0 0 0 0 0 0 270 0 0 0 0 0 0 0 13 0 6 0 0 13 0 0 0 1184 1441 0 0 0 0 0 0 3 0 12 0 0 0 0 0 0 0 0 0 0 0 7 0 0 0 0 0 0 0 0 0 0 2 0 2 0 0 0 0 0 0 0 0 0 0 0 0
1 0 0 0 0 0 0 0 0 0 0 1 0 0 0 43 0 0 0 0 1 0 18 3 6 0 0 0 2 0 0 0 2 0 0 1 6 0 0 11 0 0 0 0 0 6 0 4 0 0 5 0 1 1 0 0 1 0 1 1 0 652 335 0 2 2 0 0 0 0 0 0 0 0 0 0 0 0 0 0 0 0 0 0 0 151 0 0 0 0 0 0 0 0 0 0 0 14 0 0 0 0 0 2724 0 0 0 0 0 0 0 10 1122 0 0 0 0 0 0 0 0 0 0 0 0 0 0 0 0 0 0 0 0 0 0 0 0 0 0 0 0 0 0 0 0 0 0 5 0
0 0 0 0 0 4 0 7 8 2 1 15 0 2 0 0 72 19 1221 0 1371 2107 0 15 14 54 0 0 0 0 0 0 0 0 0 0 27 46 710 21 0 123 0 209 59 28 60 34 30 0 38 64 65 62 48 75 63 70 68 99 0 293 159 0 70 123 0 0 0 397 35 15 81 39 0 16 8 31 0 0 0 142 132 1134 0 0 103 0 0 0 0 0 56 0 0 0 0 6 0 0 65 0 0 0 0 0 294 0 0 48 0 0 699 0 0 0 0 10 0 0 0 21 0 81 53 473 97 0 0 68 0 0 99 0 124 0 123 143 0 62 106 117 0 116 114 567 395 181 0
0 0 0 0 0 0 0 0 0 0 0 0 0 0 0 0 0 0 0 0 0 0 0 0 0 0 0 0 59 52 0 0 145 0 0 0 0 26 0 38 47 877 570 0 0 0 0 0 0 0 0 0 0 0 323 0 0 0 0 94 71 16 29 0 145 150 0 0 1252 9 11 561 0 3519 0 13593 4433 5423 20507 633 0 0 0 0 0 0 0 0 0 0 0 91 30 0 28 0 0 0 0 0 0 0 0 0 0 0 0 0 0 0 0 0 0 0 0 0 0 0 0 0 0 36 0 0 0 0 0 0 0 0 0 0 0 0 0 0 0 0 0 0 0 0 0 0 0 0 0 0 0
1 9 8 26 3 1 23 13 15 45 13 5 29 17 5 29 10 8 10 11 13 7 34 15 41 8 7 5 31 29 24 5 72 15 44 23 15 31 13 18 40 86 30 0 8 12 10 10 8 9 13 9 9 9 12 0 9 11 9 62 39 39 56 0 73 43 46 31 19 0 17 34 191 105 31 147 8 17 0 4 0 0 16 7 11 10 1 0 0 0 0 2 20 0 0 919 913 0 0 0 14 0 0 0 0 0 14 0 0 6 0 3 1 0 0 0 0 0 0 0 0 0 0 11 0 18 11 9 30 0 33 30 19 13 14 64 42 32 18 0 0 2 0 0 0 32 14 22 0
7 66 61 189 19 6 168 96 107 327 94 39 196 121 35 212 69 35 73 81 90 49 231 92 296 54 48 33 227 209 168 33 522 109 308 166 105 218 90 86 319 622 414 0 60 87 74 70 57 61 92 62 64 66 85 72 65 80 66 391 283 279 405 0 523 320 262 202 135 130 124 232 309 757 445 1058 63 120 304 27 0 0 116 75 79 75 25 0 0 0 0 13 145 0 4 7468 7420 0 0 0 83 0 0 0 0 0 107 41 0 41 0 12 4 0 0 0 0 0 0 0 0 0 0 83 0 132 271 262 294 226 283 278 263 137 105 554 305 328 312 0 28 57 18 54 52 218 98 157 0
5 45 41 130 13 4 114 66 187 223 70 31 140 82 24 144 47 24 50 55 62 34 164 72 202 37 33 22 154 143 117 22 355 76 213 113 71 153 60 59 229 805 148 0 41 59 50 47 42 42 62 42 44 45 58 49 44 54 45 260 194 191 277 0 356 213 136 152 97 89 85 177 215 552 160 720 45 83 208 20 0 0 79 51 54 51 25 0 1 0 0 9 98 0 3 5184 5151 2 0 0 54 0 0 0 0 0 84 29 0 28 38 23 3 0 0 0 0 0 0 0 0 0 0 56 0 91 177 171 198 138 191 187 174 92 71 374 207 220 206 0 7 37 0 35 32 155 67 107 0
5 46 42 133 13 4 117 67 75 228 66 27 143 84 23 147 48 24 51 62 63 34 167 506 206 38 34 23 158 147 120 23 363 78 218 116 73 153 61 60 226 433 151 0 43 61 51 48 43 43 64 43 45 46 59 50 45 55 46 266 198 195 283 40 364 218 199 155 100 92 88 173 221 530 163 736 46 85 213 23 0 0 81 53 55 52 25 0 1 0 0 7 100 0 2 5286 5253 2 0 0 56 0 0 0 0 0 90 29 0 29 39 24 3 0 0 0 0 0 0 0 0 0 0 56 0 93 181 176 202 143 195 192 178 94 73 383 212 225 211 0 8 38 1 36 33 158 68 109 0
0 4 0 12 1 0 10 30 4 21 26 4 12 8 0 13 4 0 5 5 6 3 7 0 18 3 3 2 14 13 10 2 33 4 19 10 7 10 5 5 0 5 0 0 0 5 5 4 0 0 6 3 0 0 5 1 4 5 0 29 0 16 25 0 33 20 16 8 7 8 8 0 6 44 0 63 0 0 0 0 0 0 7 3 5 1 0 0 0 0 0 0 9 0 0 588 579 0 0 0 5 0 0 0 0 0 0 0 0 0 0 0 0 0 0 0 0 0 0 0 0 0 0 0 0 8 2 0 12 0 15 12 6 5 6 26 15 14 8 0 0 0 0 0 0 14 6 10 0
0 3 0 0 17 0 0 1 1 0 0 26 3 0 0 3 1 0 1 1 1 1 0 0 4 1 0 0 12 1 0 0 7 0 0 0 0 3 0 1 0 8 0 0 0 1 1 1 0 0 1 1 1 1 1 1 1 1 1 6 3 3 4 0 8 5 0 0 1 1 2 1 0 1 0 14 0 0 0 0 0 0 2 0 1 0 0 0 0 0 0 0 0 0 0 0 0 0 0 0 0 0 0 0 0 0 0 0 0 1 0 0 0 0 0 0 0 0 0 0 0 0 0 0 0 0 0 0 0 0 0 0 0 0 0 0 0 0 0 0 0 0 0 0 0 0 1 0 0
20 15 14 43 4 16 31 20 23 75 22 9 47 28 7 48 16 13 17 248 21 11 57 24 29 10 9 6 18 18 32 6 39 20 60 33 24 2 16 20 4 138 33 0 14 20 17 16 14 14 21 14 14 15 20 17 15 18 15 87 21 34 38 0 39 36 39 0 28 30 28 55 51 172 54 242 15 1061 66 2 0 0 27 10 18 14 8 0 0 0 0 4 33 0 1 0 0 1 0 0 0 0 0 0 0 35 0 10 0 10 12 8 1 0 0 0 0 0 0 0 0 0 0 14 6 30 39 35 58 3 60 57 45 26 320 115 942 62 48 0 0 7 0 5 3 57 23 36 0
0 27 0 2 43 0 2 1 1 4 1 27 3 2 0 3 1 0 1 1 1 1 0 0 4 1 1 0 12 3 2 0 7 0 0 2 1 2 0 1 0 0 0 0 0 1 1 1 0 0 1 1 0 0 1 0 1 1 0 5 0 3 4 0 7 4 4 0 0 1 1 0 0 1 0 13 0 0 0 0 0 0 1 0 1 0 0 0 0 0 0 0 2 0 0 81 79 0 0 0 0 0 0 0 0 0 0 0 0 0 0 0 0 0 0 0 0 0 0 0 0 0 0 0 0 1 0 0 0 0 0 0 0 0 0 0 2 0 0 0 0 0 0 0 0 0 1 2 0
8 79 74 230 23 7 203 116 131 395 114 48 249 146 40 256 84 61 89 98 110 60 298 131 358 66 59 40 274 257 210 41 630 135 393 206 127 271 111 104 330 752 292 26 75 110 91 87 75 74 115 75 79 80 103 89 79 98 81 489 344 339 492 119 631 378 627 308 171 158 150 298 382 926 285 1278 82 154 379 45 139 41 141 93 96 91 44 0 0 0 0 0 80 0 0 0 0 3 0 0 165 0 0 23 45 38 183 54 45 53 72 44 7 20 62 0 0 3 0 0 0 0 0 106 0 171 355 346 380 308 363 358 341 178 134 712 389 419 404 13 48 75 40 72 70 313 126 200 0
11 110 102 319 32 11 282 161 181 546 171 104 344 202 57 354 177 237 125 142 237 92 414 231 500 116 90 55 379 363 307 76 872 189 581 546 175 391 157 165 457 1041 434 164 114 447 219 306 110 106 436 115 212 148 153 227 143 253 179 2563 489 475 690 306 873 524 870 441 238 220 209 412 528 1347 408 1791 146 537 573 85 208 65 217 128 176 157 64 0 0 0 0 0 853 0 0 42727 0 7 0 0 901 0 222 162 352 757 0 282 500 280 379 229 35 272 374 0 133 85 72 53 0 219 0 0 199 897 1999 1958 2047 1890 1934 1914 1872 962 704 3772 2043 2166 2155 383 451 417 431 414 411 1644 661 1034 0
1 0 1 1 0 1 0 1 1 1 1 0 1 0 0 0 0 0 22 0 16 24 72 19 17 0 0 0 0 0 0 0 0 0 0 0 0 0 0 0 0 0 0 0 0 1 0 0 0 0 1 0 0 0 0 0 0 0 0 1 0 0 0 0 0 0 0 0 0 5 7 6 3 0 0 3 1 0 0 0 0 0 0 0 0 0 1 14 193 0 0 0 67 0 0 0 0 0 0 15 0 0 0 0 0 0 0 0 0 0 0 0 0 0 0 0 0 0 0 0 0 0 0 0 0 0 0 0 0 0 0 0 0 0 0 0 0 0 0 0 0 0 0 0 0 0 0 0 0
2 27 15 49 22 4 466 133 129 81 28 31 57 31 12 11 1286 43330 116 85 528 52 322 172 784 143 133 92 612 573 479 86 1407 312 887 377 181 1013 421 506 184 977 350 91 1352 589 1263 738 1371 1385 757 1345 999 1303 1053 1146 1321 1293 1184 510 829 587 1034 191 1408 739 1412 80 858 1095 1222 2416 2128 1142 371 2903 175 247 853 47 59 252 129 111 124 324 56 3498 36102 14610 14886 1461 16943 13547 14830 8728 9305 51567 0 12768 149 2546 0 16 0 0 128 57 0 50 75 46 0 0 0 0 0 0 0 0 0 69 0 103 37 165 375 365 399 329 381 376 360 188 141 748 407 442 427 19 54 78 47 76 74 309 131 209 0
0 0 0 0 0 0 1 0 0 0 0 0 0 1 0 0 0 65 0 0 0 0 1 0 1 0 0 0 1 1 0 0 3 0 1 0 0 1 0 0 0 2 0 0 0 0 0 0 0 0 0 0 0 0 0 0 0 0 0 0 1 1 1 0 3 1 2 0 0 0 0 0 1 0 1 0 0 0 0 0 0 0 0 0 0 0 0 0 0 0 0 0 0 0 0 0 0 0 0 0 0 0 0 0 0 0 0 0 0 0 0 0 0 0 0 0 0 0 0 0 0 0 0 0 0 0 0 0 0 0 0 0 0 0 0 0 0 0 0 0 0 0 0 0 0 0 0 0 0
20 35 52 103 4 47 161 54 68 44 40 16 37 30 7 71 211 188 3 1 91 5 0 0 52 30 20 22 42 42 46 22 34 61 160 134 18 31 2 11 0 22 5 0 32 71 121 54 0 0 98 69 285 105 74 311 75 184 218 1140 52 24 37 0 35 38 0 0 20 12 16 0 0 81 26 26 30 336 130 0 0 0 37 10 23 0 22 0 0 0 0 0 760 4 37 0 0 38 0 4 0 0 0 0 0 0 0 165 0 2 0 14 0 0 0 0 0 28 0 0 0 99 0 292 64 553 1040 968 1373 445 1396 1342 1106 1525 1653 1188 1589 1024 818 77 897 1446 723 1393 1342 653 387 183 0
519 352 847 1419 86 1038 409 147 188 86 92 131 83 398 742 1485 502 232 789 805 3814 824 1512 2323 1162 148 110 73 318 312 360 99 951 248 837 517 391 207 175 356 0 342 457 287 345 650 450 592 0 243 603 371 655 411 370 617 384 480 535 3569 423 1296 1141 0 949 462 490 0 356 92 1515 0 887 431 442 261 90 492 445 0 0 1361 36 0 355 159 195 259 2569 2173 2214 122 2172 2027 2228 491 461 156 0 72 1354 0 203 231 0 0 380 269 784 12507 2408 5400 2205 2141 517 0 0 251 1262 950 372 329 0 716 66 782 2027 1863 1745 1774 1805 1808 1799 1820 1845 1673 1783 1658 1732 1820 2166 1878 2090 1871 1867 2283 701 124 0
22 37 60 129 10 50 505 102 115 28 56 62 37 11 2 43 38 4376 142 131 94 74 767 343 206 100 65 68 228 220 154 75 160 196 492 417 117 75 268 85 44 122 120 420 0 217 41 185 0 0 169 17 112 27 13 68 24 36 59 265 174 78 121 94 159 81 8 0 0 56 63 116 78 0 147 0 25 55 49 2 0 0 17 0 504 115 17 32 364 170 172 15 337 175 207 4 0 204 149 9 414 0 0 382 0 0 0 0 0 29 6 28 914 0 0 0 0 178 0 0 0 0 0 148 0 529 293 311 339 235 325 319 303 351 356 308 351 289 292 283 368 345 348 342 339 174 194 229 0
58 86 160 347 8 130 53 102 147 95 104 27 92 20 450 202 248 9 5 1 15 3 1573 1266 178 22 11 7 31 21 1 15 115 0 0 219 88 0 19 34 64 55 16 0 225 241 244 190 164 249 279 250 218 262 197 257 259 239 252 285 0 289 133 0 118 241 12 0 48 824 117 314 234 0 156 1189 0 314 919 75 0 0 349 32 0 50 345 39 406 380 256 26 550 144 148 0 0 88 0 2 41 0 0 0 0 0 30 0 0 0 30 416 0 0 0 0 0 0 0 0 0 0 0 3 0 0 34 51 29 0 58 55 47 10 29 330 73 366 296 216 185 139 145 85 0 0 244 44 0
33 1332 1942 4475 226 1793 10737 2541 3381 1614 1719 1333 1747 514 487 700 338 244 87 146 488 199 3674 2149 3220 1869 1159 1367 2970 2962 2479 1454 9799 4092 10539 7634 950 2209 4202 7928 544 3427 3643 1052 305 3255 569 3102 0 92 2304 362 1374 357 287 578 397 387 602 2729 3407 1140 1640 5450 9824 6761 9738 1663 3396 4640 5728 3942 5377 2217 3790 1563 722 1181 5219 2459 1474 1327 3985 1245 2798 2358 2455 45 481 119 120 106 1267 139 191 0 0 521 408 21 1005 1056 663 1753 0 1741 4333 3238 0 0 3231 1302 269 0 3218 0 0 86 0 0 547 885 0 371 276 6178 2218 2041 1953 2038 1994 1987 1976 2096 2131 1932 2052 1981 2046 2097 2476 2172 2391 2163 2152 569 1767 2843 0
614 304 615 1896 69 215 6829 0 129 729 206 184 210 270 1120 2588 1044 15602 1439 2539 1137 909 722 1071 3126 361 72 100 953 1291 1815 325 3560 133 115 4381 259 572 1015 155 102 2119 600 593 974 619 926 688 824 937 732 996 768 960 772 862 986 939 872 795 1170 331 436 811 3590 2518 3484 337 2979 1920 679 324 1536 982 701 814 333 362 4727 1764 200 562 1521 393 1436 188 1753 59 874 234 243 68 380 0 372 0 0 877 680 0 818 12 159 559 0 0 881 91 1342 2476 650 1388 2346 0 0 0 155 271 0 0 0 805 0 206 82 1812 0 0 0 8299 0 0 0 0 8 0 6 20 0 0 0 0 0 0 0 1230 981 1294 0
16 30 0 0 0 41 146 60 80 0 13 37 26 205 265 0 124 48 424 706 462 673 50 67 91 0 0 0 106 0 0 0 369 0 0 0 99 41 135 133 51 129 111 200 105 165 120 163 7 98 149 111 149 114 97 137 112 121 128 384 239 61 91 0 522 419 480 32 75 65 134 167 292 72 127 123 57 114 439 97 0 43 321 101 168 0 103 0 0 0 0 2 199 28 68 0 548 79 0 2 43 0 147 0 0 0 0 20 203 164 319 271 1846 0 0 0 281 1639 0 0 257 584 0 667 442 1924 171 155 233 44 241 231 188 256 281 203 277 192 150 0 145 252 111 241 232 892 589 726 0
15 26 40 91 6 35 89 37 51 29 43 53 28 33 170 34 292 23 80 133 96 151 572 234 172 43 35 19 770 688 106 22 827 45 87 89 87 1009 73 49 43 116 106 21 173 271 293 303 0 295 259 303 286 292 1425 192 297 293 283 211 988 46 67 233 828 450 809 76 54 112 445 67 505 1621 111 162 60 106 250 0 154 0 123 392 54 14 10 0 0 0 0 6 91 0 4 0 0 1 0 53 0 0 74 53 0 0 0 0 0 260 147 14 0 0 59 0 50 483 0 0 0 112 0 0 0 0 152 148 181 112 172 169 153 185 191 162 191 154 145 100 164 180 150 176 173 529 33 25 0
446 771 1193 2734 182 1036 2653 1100 1521 888 938 641 838 980 1644 377 1237 114 67 65 129 111 7961 2863 900 1004 941 583 1809 1834 3645 609 3055 1419 3032 2366 1142 955 773 1120 2435 3657 1445 3739 85 2092 1359 2061 0 1312 1834 1366 1421 1335 6461 1014 1371 1265 1292 498 2318 1131 1321 1880 3057 2045 2720 1025 2165 1114 1747 3806 1894 1697 1459 1954 2658 1130 473 1000 986 472 1204 775 2639 955 993 79 814 194 198 111 650 215 275 0 0 1280 1179 60 73 0 5923 974 1823 0 0 314 0 2663 1171 71 164 0 1109 0 0 28 0 219 38 310 0 189 54 188 445 423 442 406 429 435 421 454 460 447 454 558 556 401 505 460 493 455 454 1355 331 178 0
0 1 0 1 0 4 12 1 0 0 84 233 1 1 0 0 109 8 20 39 22 52 5 1019 25 49 18 1 0 15 50 48 2 3 69 16 0 25 15 6 0 0 0 0 168 769 186 833 98 130 502 174 327 137 133 120 163 133 147 6 65 34 51 738 0 0 0 0 0 2 4 0 2 15 17 23 23 24 15 13 0 0 63 0 20 0 17 0 0 0 0 0 0 0 0 0 0 6 0 0 0 0 0 260 1517 0 0 0 0 0 686 2 0 0 0 0 0 0 0 0 0 8 0 0 0 0 0 0 0 0 0 0 0 31 63 0 0 0 0 0 0 0 0 0 0 0 0 0 0
7 14 17 20 6 16 501 74 79 0 12 11 16 16 3 0 1365 12 126 1 60 64 615 662 692 72 42 61 460 415 57 53 106 20 429 321 436 113 119 157 177 1094 232 0 1426 558 1328 747 895 0 740 1441 1054 1385 1125 1243 1403 1357 1255 65 516 690 582 0 107 64 0 147 74 115 206 521 234 401 363 305 207 1339 265 36 0 85 0 237 216 217 62 33 346 0 0 39 39 0 9 0 0 10 0 0 13 0 0 0 0 0 0 0 0 0 0 7 0 0 0 0 0 0 0 0 0 56 0 0 0 0 58 55 72 33 72 70 61 77 82 70 81 77 69 27 61 77 54 74 73 0 12 15 0
1 2 3 8 0 3 38 7 8 3 3 2 2 3 0 1 158 7 33 0 15 17 121 111 60 6 4 5 88 76 0 1 15 15 26 25 16 29 17 22 13 54 0 0 166 66 153 87 0 0 87 166 124 160 128 144 161 157 146 19 114 67 64 4 15 8 0 23 11 12 24 65 40 24 15 13 5 10 3 4 0 3 0 0 0 18 4 0 0 0 0 2 12 0 0 0 0 1 0 1 0 0 0 0 0 0 0 0 0 0 0 0 0 0 0 0 0 2 0 0 0 0 0 0 0 0 5 4 19 0 21 19 11 22 27 15 27 13 4 0 0 22 0 20 19 0 0 0 0
5 9 14 33 1 13 59 16 23 12 12 8 13 0 20 23 21 3 4 1 14 6 90 114 59 9 5 7 60 54 8 8 75 11 44 43 45 28 30 36 85 32 12 0 16 27 0 28 21 21 28 21 23 21 19 20 22 21 22 73 77 24 20 32 76 77 75 43 38 33 100 26 55 24 26 13 6 11 45 36 0 19 79 22 0 0 36 0 0 0 0 1 11 0 0 0 0 28 22 0 211 0 0 41 0 0 0 55 0 61 0 10 0 0 0 0 0 247 0 0 0 96 0 0 1 81 0 0 8 0 14 12 0 15 22 6 22 9 0 0 0 15 0 12 9 143 123 41 0
30 56 77 181 14 73 703 139 171 65 123 209 71 78 128 1130 127 81 66 32 94 136 714 1466 817 185 104 93 466 450 247 139 2002 274 769 875 429 649 752 809 287 478 402 0 151 902 204 778 74 118 715 169 327 180 198 158 193 143 201 1364 627 412 612 1107 2010 1405 1984 741 238 570 460 461 874 600 404 276 134 165 869 597 365 239 925 233 692 169 594 89 894 128 130 52 520 137 166 0 0 558 499 19 4213 0 305 877 732 784 85 734 564 68 7295 13182 22024 0 401 0 0 847 0 0 0 539 0 621 0 59 151 109 70 121 118 130 120 109 125 112 101 144 139 89 134 140 126 136 134 278 377 194 0
124 206 321 731 23 289 385 249 399 240 272 192 267 5 588 298 251 94 16 23 93 35 1247 993 733 128 71 54 222 223 212 92 683 133 416 567 295 246 310 265 275 255 239 936 197 704 277 613 73 146 596 231 405 252 220 306 249 251 304 575 203 134 135 484 688 592 662 210 416 321 373 293 382 151 232 172 92 233 563 296 85 170 487 170 350 225 286 9 113 7 9 13 408 36 49 0 0 576 505 4 1033 0 526 739 0 610 482 0 0 728 470 143 463 0 0 0 1628 642 0 0 720 758 0 685 295 1657 706 661 656 644 655 650 637 701 713 634 686 635 656 658 802 709 770 706 704 6104 548 1142 0
498 662 1418 2011 107 1069 863 806 944 706 779 376 566 2598 753 929 563 351 1027 914 991 491 2541 805 596 416 399 221 1017 1004 1414 255 287 501 1065 1091 880 997 537 592 2215 1146 520 1047 515 1172 596 1044 491 487 1027 519 778 553 485 647 544 568 633 1153 1332 608 787 941 288 510 297 731 1151 1258 1021 1282 649 485 506 1632 308 872 280 166 752 554 702 336 704 259 155 532 5225 2572 2621 243 3249 2390 2622 598 513 1261 1254 405 2780 3011 1127 910 1517 1324 974 2306 285 886 1291 1536 888 2382 217 0 1853 10272 986 1459 0 743 0 918 0 1619 1556 1412 1281 1248 1365 1382 1386 1289 1307 1202 1257 1288 1329 1270 1518 1317 1471 1312 1310 2903 1566 518 0
29 52 76 178 10 69 272 84 119 64 62 38 68 119 225 579 174 93 56 31 284 19 663 927 368 61 45 41 278 259 152 43 36 117 289 215 109 234 192 168 254 483 119 3 166 153 170 162 145 163 154 172 169 171 144 174 171 172 170 144 355 280 374 155 37 115 32 164 190 446 151 176 296 125 179 246 161 164 28 70 142 185 181 85 137 92 68 6 72 112 114 12 123 113 132 0 0 109 77 8 109 611 106 332 117 0 0 0 327 177 186 470 162 109 0 0 0 0 0 310 175 0 0 0 0 152 140 130 149 103 150 147 135 161 168 142 164 148 142 99 153 162 141 159 157 54 170 145 0
5 10 13 30 3 12 142 27 32 11 12 11 12 7 52 81 2 1372 6 11 11 12 167 97 196 32 22 20 2087 1842 41 22 543 46 142 133 30 252 136 91 159 133 1926 0 0 56 7 35 0 0 51 2 13 7 4 5 6 2 9 88 2641 113 136 137 545 399 529 52 63 93 106 93 192 49 1992 58 53 40 96 65 0 66 140 54 74 0 69 11 130 57 58 30 70 59 74 0 0 105 86 1 0 0 0 60 0 0 0 0 0 8 2 0 0 0 0 0 18165 0 0 0 0 0 0 0 0 0 0 0 1 0 7 5 0 8 16 3 12 3 0 0 0 8 0 4 2 0 42 10 0
20 51 51 113 29 54 996 169 186 44 134 293 56 3 148 42 275 72 25 46 122 61 419 392 373 383 242 160 512 539 784 268 1520 451 1260 2246 161 487 538 871 520 468 731 1285 300 1949 438 1360 263 252 1749 305 635 428 262 380 415 289 494 600 706 169 231 1211 1526 1351 1503 416 795 671 605 669 759 306 711 703 327 453 2326 641 164 173 1311 258 769 340 624 18 190 102 104 29 348 101 119 8 0 182 138 10 723 0 1112 2989 1645 3890 1017 196 176 445 1025 14 163 1078 1527 0 3077 1638 0 528 1796 906 0 961 512 1600 613 498 365 565 478 484 492 502 538 492 471 599 616 566 685 604 659 599 598 1388 1820 1464 0
49 147 139 253 128 136 224 147 166 79 473 1178 58 11 14 13 320 31 434 601 324 319 723 394 540 606 318 253 864 856 787 464 1086 330 914 930 434 374 272 318 400 512 446 1021 520 3999 725 3943 163 332 2766 593 1444 505 451 427 608 427 600 461 1323 401 663 3629 1087 940 1114 410 343 236 311 453 590 275 418 381 247 327 438 481 51 192 1133 619 573 474 480 45 452 214 217 33 319 207 235 29 0 253 212 6 205 0 274 625 5362 1355 863 38 0 54 3775 347 1928 134 4467 0 0 304 0 0 2641 377 0 147 35 806 172 148 162 122 173 172 162 180 192 162 184 189 172 117 178 188 155 186 180 1459 1643 823 0
20 42 50 107 8 45 494 92 112 38 66 76 43 1 406 67 494 50 37 10 76 66 762 477 746 99 55 61 350 329 11034 78 1253 431 486 516 266 158 210 140 170 299 377 581 513 491 503 484 452 505 502 516 465 513 403 477 517 494 490 950 395 372 552 280 1258 846 1093 226 5509 453 325 212 591 108 379 12949 48 93 314 168 49 94 118 269 319 82 164 165 1622 682 695 114 916 641 716 140 24 879 866 23 683 0 241 351 0 1043 0 80 0 127 395 123 541 191 0 2068 0 1591 0 0 0 1249 0 278 157 954 204 195 223 157 215 213 199 229 234 213 229 231 222 149 218 221 208 219 216 1289 1284 392 0
15 9 13 23 0 24 83 35 0 18 29 5 0 74 91 8 3 5 14 1 22 30 0 25 2929 20 3 12 341 295 0 12 3182 0 72 116 35 18 15 31 3 160 0 163 0 48 6 17 0 0 52 0 8 0 0 6 6 4 10 110 226 1825 4127 127 3188 1488 2934 0 0 154 105 65 907 37 44 0 0 7 23 0 0 46 0 48 610 0 0 180 92 188 193 37 313 218 232 11 0 30 0 0 0 0 2541 30 0 0 0 0 0 0 0 23 0 0 0 0 88 6 0 0 0 0 0 19 0 0 18 0 0 0 32 28 28 3 16 0 11 5 0 0 0 12 0 10 0 0 0 83 0
618 1188 1846 3102 684 1405 3385 1491 1642 938 1129 898 880 1038 4013 2625 2030 2170 102 91 726 102 5494 4585 3151 2623 2565 11732 3634 4152 2164 1751 2772 2997 4311 4702 6376 2175 1125 1737 1454 2335 2545 5715 1767 3299 2027 2495 1688 1677 3323 1777 2392 2014 1580 2312 1930 1976 2266 3234 4312 1844 2733 1733 2820 5193 2742 2814 3280 3603 3257 4309 3238 1421 2102 3110 1119 1500 1225 1445 1378 865 7446 2610 3247 2553 1417 675 6675 2776 2828 363 5447 2584 2854 651 552 4379 4400 213 4252 2664 4907 15891 2285 6693 2616 2580 3800 9167 3044 7540 3639 5329 6016 4300 2807 4061 910 10010 9278 6969 0 3223 1811 10519 4740 4588 4682 4467 4446 4419 4354 4708 4695 4277 4647 4160 4356 4607 5416 4631 5243 4621 4615 18419 7705 3957 0
10 53 89 107 10 33 21 33 80 10 38 14 93 5 0 0 234 34 26 1 287 0 16 15 29 13 11 15 2 2 27 16 0 11 22 11 20 9 0 0 1 0 0 0 200 88 210 118 157 207 121 231 176 224 190 215 226 240 206 174 3 2 3 0 0 0 0 0 24 37 50 24 25 4 1 2 3 55 8 0 0 112 0 0 0 0 0 0 0 0 0 0 114 0 0 0 0 8 0 1 0 0 0 0 0 0 0 155 0 5 973 1118 58 0 0 0 239 475 0 0 0 0 0 0 0 0 161 100 67 240 132 255 232 214 281 106 122 16 11 0 0 35 0 27 22 0 0 0 0
2 11 5 11 10 40 94 25 27 4 13 26 7 0 17 118 3 3 82 4 4122 696 91 200 494 20 15 15 104 101 31 18 176 43 142 81 294 111 97 64 23 54 0 0 0 79 10 72 0 0 57 5 27 6 413 8 7 4 10 180 130 102 61 76 177 100 34 96 94 251 137 78 76 41 56 75 32 42 452 82 83 109 35 152 170 0 84 133 65 108 27 159 932 0 160 2 0 14 0 0 0 0 28 326 0 0 0 28 0 111 108 18 0 64 0 95 82 63 0 0 0 33 0 400 0 0 8 0 7 0 19 18 10 19 27 12 22 17 7 0 0 25 0 22 20 13 0 14 0
5 0 0 0 0 12 2 13 17 0 5 13 9 6 109 70 4 1 2 3 14 3 103 63 57 11 0 0 3 0 0 8 29 0 0 0 199 3 0 17 2 35 0 0 0 66 9 57 0 0 50 2 21 7 6 7 7 4 9 49 0 7 7 0 60 76 0 0 78 7 15 12 25 17 26 14 18 14 15 11 0 0 46 16 46 0 12 0 0 0 0 0 7 0 0 0 0 16 0 0 0 0 0 26 0 0 0 72 0 6 72 168 0 0 0 0 0 157 0 0 0 143 0 154 149 0 0 0 0 0 0 0 0 3 23 7 0 0 0 0 0 2 0 0 0 0 1253 208 0
55 0 0 0 0 29 0 22 26 0 4 13 28 0 18 26 232 274 32 33 142 27 24 15 34 36 29 21 42 43 28 34 30 20 28 21 31 30 11 36 0 36 11 0 0 53 132 38 0 0 83 46 333 90 124 362 52 205 240 1257 40 26 36 0 31 36 30 17 56 68 94 79 56 875 99 946 680 1061 1063 715 0 35 32 4233 27 0 697 0 0 0 0 0 1035 0 29 0 0 39 0 12 0 0 0 0 0 66 0 0 0 22 0 0 11 0 0 0 0 15 0 0 0 0 0 0 0 50 0 0 1210 0 1528 1396 620 1504 1968 838 1986 600 0 0 0 1487 0 1270 1099 49 47 25 26
58 0 0 0 0 37 0 23 27 0 16 28 30 6 20 27 243 286 33 34 148 28 37 20 36 2653 1013 3047 593 825 476 2783 92 5001 571 25 34 29 11 35 4 38 16 0 0 56 138 40 0 0 87 48 349 95 130 379 55 214 251 1314 53 30 42 0 33 38 33 1 61 72 100 85 60 974 110 1058 758 1154 1182 799 0 38 33 37 29 5099 781 0 0 0 0 0 1082 0 31 0 0 42 0 13 0 0 0 0 0 85 0 0 0 23 0 0 14 0 0 0 0 18 0 0 0 3 0 0 1 62 181 0 1338 0 1638 1510 763 1617 2062 961 2078 717 0 0 0 1596 0 1388 1223 52 50 28 27
22 0 0 0 0 14 0 9 11 0 6 11 12 2 0 11 95 111 13 13 58 11 9 8 14 1058 404 1215 236 329 190 1109 36 1993 227 11 14 11 0 14 0 15 0 0 0 22 54 16 0 0 34 19 136 37 50 147 22 84 98 511 18 12 17 0 13 15 13 0 24 29 40 34 16 420 17 467 331 482 513 346 0 12 13 12 12 1957 325 0 0 0 0 0 418 0 10 0 0 16 0 4 0 0 0 0 0 31 0 0 0 9 0 0 0 0 0 0 0 0 0 0 0 0 0 0 0 27 0 0 0 0 348 222 0 310 763 0 783 0 0 0 0 317 0 110 0 21 19 4 11
113 39 51 46 38 60 54 45 54 57 46 45 58 46 0 53 461 537 66 67 279 55 79 43 70 73 57 44 87 88 53 71 61 32 0 48 50 62 36 72 0 75 45 0 81 106 261 77 0 53 165 93 653 179 244 725 105 402 470 2453 88 53 75 0 64 79 0 66 116 139 189 163 126 2741 271 3049 2159 2855 3314 2309 0 75 63 6492 58 0 2269 24 0 0 0 24 2030 0 69 0 0 82 0 25 0 0 0 64 0 0 0 0 0 45 0 19 48 0 0 0 0 47 0 0 0 73 0 0 23 129 2303 2053 3293 0 3497 3372 2665 3503 3903 2715 3911 2400 1672 0 1411 3444 932 3247 3094 98 96 63 54
12 0 0 0 0 8 0 5 6 0 0 2 6 0 0 6 52 61 7 7 32 6 0 0 7 644 245 740 142 198 114 676 21 1212 136 0 5 5 0 7 0 8 0 0 0 12 29 8 0 0 18 10 75 20 28 81 11 46 54 283 6 6 9 0 7 8 6 0 11 14 21 15 3 187 8 204 147 233 35 153 0 4 7 5 6 1153 144 0 0 0 0 0 230 0 3 0 0 9 0 1 0 0 0 0 0 12 0 0 0 5 0 0 0 0 0 0 0 0 0 0 0 0 0 0 0 1 0 0 0 0 0 0 0 0 398 0 419 0 0 0 0 0 0 0 0 11 10 0 6
16 0 0 0 0 10 0 6 8 0 0 2 8 0 0 8 66 78 9 10 41 8 0 1 10 467 180 533 107 148 85 489 19 871 101 4 9 7 0 10 0 11 0 0 0 15 38 11 0 0 24 13 95 26 35 103 15 59 69 358 8 8 12 0 9 13 8 0 14 19 28 22 8 2278 10 466 328 428 502 348 0 6 8 8 8 795 330 0 0 0 0 0 295 0 9 0 0 11 0 3 0 0 0 0 0 15 0 0 0 7 0 0 0 0 0 0 0 0 0 0 0 0 0 0 0 10 0 0 0 0 120 0 0 81 517 0 538 0 0 0 0 92 0 0 0 14 13 0 8
35 0 0 0 0 19 0 14 17 0 0 7 18 0 0 17 148 173 21 21 90 17 3 10 22 23 18 14 27 27 15 22 19 5 0 11 15 17 2 22 0 24 0 0 0 34 84 25 0 0 53 29 211 57 79 229 34 130 152 795 19 17 23 0 20 24 19 0 36 46 63 52 33 634 65 704 500 736 776 523 0 0 20 22 18 0 504 0 0 0 0 0 653 0 18 0 0 25 0 7 0 0 0 0 0 35 0 0 0 14 0 0 1 0 0 0 0 4 0 0 0 0 0 0 0 30 0 0 513 0 826 705 0 797 1225 241 1243 49 0 0 0 793 0 595 439 33 31 13 17
13 5 6 4 4 9 6 5 6 5 7 8 7 6 0 6 57 68 8 8 35 6 0 0 8 694 265 803 151 216 108 733 23 1311 148 6 8 5 0 8 0 9 0 0 9 13 32 9 0 0 20 11 82 22 30 89 13 51 59 311 3 7 10 0 8 9 7 0 11 15 23 15 3 214 9 233 168 262 262 176 0 4 7 6 6 1252 165 0 0 0 0 0 256 0 6 0 0 9 0 2 0 0 0 0 0 9 0 0 0 0 0 0 0 0 0 0 0 0 0 0 0 0 0 0 0 0 0 0 0 0 40 0 0 0 444 0 465 0 0 0 0 12 0 0 0 12 11 0 6
2 3941 1 0 6478 1 0 1 1 0 1 3996 1 1 0 1 7 8 1 1 4 1 0 0 1 0 0 0 1335 1 0 0 1 12 0 0 1 0 0 1 0 1 0 0 0 1 4 1 0 0 2 1 10 2 3 10 1 6 7 37 0 1 2 0 1 1 0 0 0 0 2 0 0 21 0 2 2 13 5 20 0 0 1 0 0 0 19 0 0 0 0 0 29 0 0 0 0 1 0 0 0 0 0 0 0 0 0 0 0 0 0 0 0 0 0 0 0 0 0 0 0 0 0 0 0 0 0 0 0 0 0 0 0 0 0 0 23 0 0 0 0 0 0 0 0 1 1 0 1
27 10 12 10 9 17 13 11 13 12 14 16 14 11 0 13 110 128 16 16 67 13 0 4 17 1149 439 1320 258 358 203 1206 37 2148 235 6 14 11 0 16 0 18 0 0 0 26 63 19 0 0 40 22 157 43 58 169 25 97 113 588 7 14 20 0 16 19 0 0 22 35 48 39 18 614 0 708 488 660 751 510 0 6 12 16 12 2138 449 0 0 0 0 0 478 0 10 0 0 19 0 5 0 0 0 0 0 25 0 0 0 11 0 0 0 0 0 0 0 0 0 0 0 7 0 0 0 0 0 0 224 0 525 408 0 494 894 0 909 0 0 0 0 496 0 313 168 24 22 8 13
1 0 0 0 0 1 0 0 0 0 0 0 1 0 0 1 4 5 1 1 3 0 0 0 1 1 0 0 1 1 0 1 0 0 0 0 0 0 0 1 0 1 0 0 0 1 3 1 0 0 2 1 6 2 2 6 1 4 5 23 0 1 1 0 1 4 0 0 0 2 3 0 0 41 1 1 2 2261 3 35 0 0 0 0 1 0 34 0 0 0 0 0 15 0 0 0 0 1 0 0 0 0 0 0 0 0 0 0 0 0 0 0 0 0 0 0 0 0 0 0 0 0 0 0 0 0 0 0 0 0 0 0 0 0 0 0 0 0 0 0 0 0 0 0 0 1 0 0 0
27 9 12 10 9 15 13 11 13 10 11 11 14 11 0 13 122 142 16 16 74 13 0 2 17 17 12 7 18 19 8 16 2 0 0 0 7 1 0 16 0 18 0 0 0 27 69 19 0 0 43 23 175 46 65 189 27 107 125 665 0 13 18 0 16 17 0 0 9 34 48 38 12 292 0 320 179 437 313 222 0 6 0 1 14 0 32 0 0 0 0 0 543 0 12 0 0 20 0 6 0 0 0 0 0 0 0 0 0 4 0 0 0 0 0 0 0 0 0 0 0 0 0 0 0 14 0 0 398 0 675 560 0 648 1022 162 1034 0 0 0 0 646 0 475 339 25 23 10 13
52 20 24 22 18 34 26 21 25 23 28 33 27 22 0 24 230 271 30 31 140 25 20 13 32 2827 1075 3249 623 872 497 2966 83 5317 580 11 23 15 8 31 0 33 0 0 0 51 130 36 0 0 81 44 330 88 122 359 50 202 237 1254 21 28 39 0 30 33 0 0 37 65 91 76 44 516 0 541 347 790 588 393 0 26 0 18 26 5414 211 0 0 0 0 0 1028 0 26 0 0 38 0 12 0 0 0 0 0 39 0 0 0 16 0 0 6 0 0 0 0 10 0 0 0 23 0 0 0 45 326 166 1340 0 1598 1477 826 1581 1971 985 1981 764 0 0 0 1560 0 1379 1235 48 45 26 25
127 45 58 53 44 68 63 51 61 65 53 52 66 53 26 60 581 687 75 76 354 63 111 51 81 85 69 52 100 103 69 81 51 54 48 60 70 65 39 78 0 80 57 0 0 127 324 89 0 21 202 108 837 221 306 911 123 511 600 3181 114 61 85 0 73 77 0 35 137 161 223 192 152 765 151 681 532 1574 939 524 0 94 72 85 65 0 477 62 5 23 21 24 2621 56 73 0 0 95 0 29 0 0 0 0 0 165 3 0 0 51 0 24 57 0 0 0 0 58 0 0 0 57 0 199 32 154 3508 3206 4488 634 4661 4529 3786 4680 5089 3750 5093 3331 2629 0 2672 4595 2134 4391 4230 118 116 79 60
83 29 37 33 29 44 40 33 39 41 34 34 43 34 0 39 375 444 48 49 228 41 59 26 52 54 43 32 64 66 41 52 27 26 11 33 4683 48 18 51 0 52 17 0 0 82 210 58 0 0 131 70 541 143 198 588 80 330 387 2053 156 69 104 0 48 50 0 57 86 104 145 122 91 544 99 502 385 1055 669 384 9800 58 47 54 42 0 356 36 0 0 0 14 1692 29 47 0 0 61 0 19 0 0 0 0 0 102 0 0 0 33 0 1 25 0 0 0 0 30 0 0 0 43 0 57 4 85 1209 967 2468 0 2771 2623 1777 2759 3253 1928 3268 1594 647 0 0 2716 0 2481 2295 77 74 45 39
13 4 5 3 4 7 5 5 6 4 5 5 6 5 11 6 55 65 7 7 33 6 0 0 8 8 6 3 8 9 5 7 0 0 0 0 5 4 0 8 97 8 3923 0 0 12 30 9 0 0 20 10 79 21 29 85 12 48 57 298 4 6 10 0 7 147 6 0 10 15 22 15 3 161 4005 177 126 219 202 130 0 5 6 6 6 0 131 0 0 0 0 49 246 0 18 0 0 8 0 3 0 0 0 0 0 8 0 0 0 5 0 0 0 0 0 0 0 0 0 0 0 0 0 0 0 0 0 0 0 0 27 0 0 0 422 0 443 0 0 0 0 0 0 0 0 12 10 0 6
94 35 43 39 33 59 47 37 45 47 49 56 48 39 0 44 417 492 55 55 254 46 70 32 59 4170 1593 4789 935 1300 748 4375 132 7855 884 42 52 47 23 58 0 60 21 0 2 93 234 66 0 9 146 79 600 160 221 652 90 367 430 2272 92 49 69 0 54 58 0 12 99 120 166 142 106 821 120 817 601 1334 1004 617 0 68 52 61 48 8058 571 42 0 0 0 19 1873 35 54 0 0 69 0 21 0 0 0 0 0 147 0 0 0 38 0 7 32 0 0 0 0 36 0 0 0 54 0 28 11 100 1660 1407 2861 0 3137 2992 2169 3132 3608 2285 3619 1937 1041 0 530 3081 0 2852 2672 87 84 53 44
17 6 7 5 5 9 8 7 8 7 7 7 9 7 0 8 77 91 10 10 47 8 0 0 11 10 7 5 12 12 6 10 0 0 0 0 3 7 0 10 0 11 0 0 0 17 43 12 0 0 27 14 111 29 41 120 16 68 79 421 12 8 11 0 10 11 9 0 14 20 29 21 8 142 12 143 105 241 178 107 0 7 9 9 9 0 95 1 0 0 0 0 346 0 9 0 0 12 0 4 0 0 0 0 0 14 0 0 0 7 0 0 0 0 0 0 0 0 0 0 0 0 0 0 0 4 0 0 0 0 226 106 0 189 622 0 642 0 0 0 0 197 0 0 0 16 14 0 8
21 7 9 7 7 11 10 8 10 9 9 9 11 9 0 10 95 112 12 13 58 10 0 0 13 13 10 7 15 16 8 13 0 0 0 1 6 44 14 40 0 14 0 0 0 21 53 15 0 0 33 17 137 36 50 148 20 84 98 518 15 10 14 0 12 13 11 0 19 26 37 28 14 178 16 179 131 299 221 134 0 11 11 12 12984 0 119 3 0 0 0 1 427 0 12 0 0 15 0 5 0 0 0 8235 0 20 0 0 0 9 0 0 0 0 0 0 0 0 0 0 0 0 0 0 0 8 0 0 53 0 383 263 0 348 780 0 799 0 0 0 0 353 0 156 0 20 18 3 10
49 81 124 287 7 114 78 87 151 106 94 36 115 101 277 59 10 5 1 2 7 3 86 43 41 8 1 7 72 67 0 11 45 0 44 46 1973 16 21 26 10 0 0 0 0 49 0 46 0 0 37 13 20 13 524 10 14 11 13 56 0 98 85 0 47 31 0 36 33 58 68 55 46 23 32 14 13 12 5 21 4267 13 0 9 32 0 23 0 0 0 0 0 10 0 11 0 0 18 0 3 0 0 0 26 0 0 0 0 0 33 43 16 0 0 0 0 0 0 0 0 0 39 0 7 0 2541 0 0 0 0 0 0 0 0 0 0 0 0 0 0 0 0 0 0 0 0 0 0 0
0 0 0 0 0 0 0 0 1 0 0 1 0 0 0 5 0 27 5 5 7 5 8 16 7 6 0 0 1 0 0 6 7 0 0 0 66 0 0 0 0 117 419 461 0 5 0 3 0 0 5 0 1 1 0 0 1 0 1 22 0 12 13 0 11 6 0 0 0 12 5 1 0 2 6 3 2 2 2 0 0 0 0 2 1 0 4 0 0 0 0 0 0 0 0 0 0 2 0 0 0 0 0 0 0 0 0 0 0 4 0 44 0 0 0 0 0 0 0 0 0 95 0 279 126 0 0 0 0 0 0 0 0 0 0 0 1 0 0 0 0 0 0 0 0 7379 0 0 0
0 0 0 0 0 0 0 0 0 0 0 0 0 0 0 0 1 1 0 0 1 0 0 0 0 0 0 0 0 0 0 0 0 0 0 0 0 0 0 0 0 0 15 0 0 0 0 0 0 0 0 0 2 0 0 2 0 1 1 28 0 0 0 0 0 0 0 0 0 0 0 0 0 0 0 0 0 2 0 0 0 0 0 0 0 0 0 0 0 0 0 0 3 0 0 0 0 0 0 0 0 0 0 0 0 0 0 0 0 0 0 0 0 0 0 0 0 0 0 0 0 0 0 29 0 0 0 0 0 0 4 0 0 4 12 0 12 0 0 0 0 3 0 0 0 833 716 0 0
0 0 0 0 0 0 0 0 0 0 0 0 0 0 0 0 0 0 0 0 0 0 0 0 0 0 0 0 0 0 0 0 0 0 0 0 0 0 0 0 0 0 0 0 0 0 0 0 0 0 0 0 0 0 0 0 0 0 0 0 0 0 0 0 0 0 0 0 0 0 0 0 0 0 0 0 0 0 0 0 0 0 0 0 0 0 0 0 0 0 0 0 0 0 0 0 0 0 0 0 0 0 0 0 0 0 0 0 0 0 0 0 0 0 0 0 0 0 0 0 0 0 0 0 0 0 0 0 0 0 0 0 0 0 0 0 0 0 0 0 0 0 0 0 0 0 0 0 0
