169
0 0 0 0 0 0 0 0 1641 358 179 29 616 42 42 9 5 0 0 0 0 0 0 0 0 0 0 0 0 0 0 0 0 0 0 0 0 0 0 0 0 83705 0 0 0 0 1263 32 0 114 0 1958 85 0 0 0 0 0 0 0 0 0 0 0 0 0 0 0 0 0 0 0 0 0 248 2109 0 1 1 0 1 1 1 5 16 1 5 2 1 2 3 1 0 0 0 0 0 2 0 0 0 0 0 0 0 0 0 1 153 0 0 0 1 0 0 0 0 0 0 0 0 0 0 0 0 0 0 0 0 0 0 0 0 0 0 0 0 0 0 0 0 1 0 0 0 6 0 0 1342 1320 1211 33 1446 1391 1188 523 49 727 697 178 300 342 338 541 486 0 8 4 0
0 0 1359 0 0 0 0 0 2100 24 10 66 213 74 66 0 0 25 0 25 0 0 0 75 0 0 0 0 0 0 0 0 0 0 0 0 0 0 0 0 0 0 0 939 0 0 2 110 0 0 0 0 0 0 0 0 0 0 0 0 0 0 0 0 0 0 0 0 0 0 0 0 0 30 0 0 0 45 45 0 0 0 0 0 0 0 2 1 1 1 1 0 0 0 0 0 0 1 0 0 0 0 0 0 0 0 0 0 55 0 0 0 0 0 0 0 0 0 0 0 0 0 0 0 0 0 0 775 0 0 0 0 0 0 0 0 0 0 0 0 0 0 0 0 0 122 0 0 0 0 0 3 0 0 0 0 0 0 0 0 0 0 0 0 0 0 0 0 0
0 0 0 0 0 0 0 0 5867 8 2459 174 173 56 155 0 173 24 0 24 0 0 0 82 0 0 0 0 0 0 0 0 0 0 0 0 0 0 0 0 0 0 0 4328 0 0 573 0 0 0 0 0 0 0 0 0 0 0 0 0 0 0 0 0 0 0 0 0 0 0 0 0 0 0 0 0 0 0 0 0 0 0 0 0 0 0 0 0 0 0 0 0 0 0 0 0 0 0 0 0 0 0 0 0 0 0 0 0 48 0 0 0 0 0 0 0 0 0 0 0 0 0 0 0 0 0 0 0 0 0 0 0 0 0 0 0 0 0 0 0 0 0 0 0 0 153 0 0 0 0 0 4 0 0 0 0 0 0 0 0 0 0 0 0 0 0 13 0 0
0 0 0 0 0 0 0 0 34 31 29 79 112 11 37 183 0 829 605 829 0 0 0 2821 0 0 0 0 0 0 0 0 0 0 0 0 0 0 0 0 2160 0 0 10974 5945 0 102 578 216 1069 21 13 0 0 0 63 0 63 55 54 0 60 63 57 63 63 63 63 63 63 63 63 0 1150 0 0 0 0 1 327 0 0 1 1 0 0 14 6 11 9 4 2 0 39 0 0 2 57 0 0 0 11 0 0 0 0 0 4 661 0 0 0 0 0 0 0 0 0 0 0 0 0 0 0 0 0 0 0 2391 12 0 0 0 0 0 0 0 0 0 0 0 24 0 23 53 225 174 348 0 0 0 3 0 0 0 0 0 2 16 0 0 0 0 0 0 0 289 322 16
0 0 0 0 0 0 0 0 34 11 4 42 64 185 12 0 3 152 64 152 0 0 0 445 0 0 0 0 0 0 0 0 0 0 0 1 0 0 0 84420 3 0 1 0 2 0 20 157 49 216 0 3 1 0 0 15 0 15 12 8 0 12 15 14 15 15 15 15 15 15 15 15 0 9649 0 0 0 0 0 89 0 0 0 0 0 22 3 47 27 2 1 1 0 146 3 11 0 460 0 0 0 0 0 26 0 0 0 20 1155 0 0 0 0 0 0 0 0 0 0 0 1 0 0 0 0 0 0 0 356 0 0 0 1 0 8 32 0 0 0 0 0 4 0 0 0 67 60 18 0 0 0 1 0 0 0 0 0 0 3 0 0 0 0 0 0 0 67 0 0
0 0 0 0 0 0 0 0 36 16 0 64 28 3 0 26 9 82 0 82 0 0 0 293 0 0 0 0 0 0 0 0 0 0 0 0 0 0 0 0 0 0 82578 0 43 0 27 155 77 310 0 6 0 0 0 27 0 27 11 14 0 22 27 27 27 27 27 27 27 27 27 27 0 0 0 0 0 0 0 195 0 0 0 0 0 0 4 2 2 2 1 1 0 0 0 0 1 1 0 0 0 0 0 0 0 0 0 0 1056 0 0 0 0 0 0 0 0 0 0 0 0 0 0 1 0 0 25 0 31 0 0 0 0 0 0 20 0 0 0 0 0 2 0 290 0 8 104 34 0 0 0 1 0 0 0 0 0 0 2 0 0 0 0 0 0 0 129 0 0
0 0 0 0 0 0 0 0 0 0 0 0 0 0 0 0 0 0 0 0 0 0 0 0 0 0 0 0 0 0 0 0 0 0 0 0 0 0 0 0 0 0 0 0 0 0 0 0 0 0 10226 0 290 2 0 1 0 1 1 0 0 1 1 0 1 1 1 1 1 1 1 1 0 50 0 0 0 24 24 0 0 0 0 0 1 0 0 0 0 0 0 0 0 0 0 0 0 3 0 0 0 78 0 0 0 0 0 0 2584 0 0 0 0 0 0 0 0 0 0 0 0 0 0 3 0 0 0 0 0 0 0 0 2 2 0 0 0 0 0 0 0 0 0 0 0 6 0 0 0 0 0 0 0 0 0 0 0 0 3 0 0 0 0 0 0 0 0 0 0
0 0 0 0 0 0 0 0 0 139 232 287 510 191 376 2629 0 0 0 0 0 0 0 1268 0 0 0 0 0 0 0 0 0 0 0 0 0 0 0 0 0 0 0 0 0 0 57822 30 0 0 0 10589 0 0 0 0 0 0 0 0 0 0 0 0 0 0 0 0 0 0 0 0 0 182 53 0 0 0 0 0 0 16 531 0 0 0 8 0 9 5 5 6 0 0 0 0 0 7 0 0 0 7 0 0 0 0 0 0 565 0 0 0 0 0 0 0 0 0 0 0 0 0 0 0 0 0 0 0 0 0 0 0 0 0 0 42 0 0 0 0 0 9 0 0 0 0 9 7 0 0 0 4 0 0 0 0 14 0 7 0 0 0 0 0 0 0 229 0 5
0 0 0 0 0 0 0 0 0 0 0 1 54 0 319 36 0 0 0 0 0 0 0 49 0 0 0 0 0 0 0 0 0 0 0 84692 0 0 0 0 0 0 0 0 0 0 0 0 0 0 0 0 0 0 0 0 0 0 0 0 0 0 0 0 0 0 0 0 0 0 0 0 0 0 0 0 0 0 0 0 0 0 0 0 0 0 0 0 0 0 0 0 0 0 0 0 0 0 0 0 0 0 0 0 0 0 0 0 234 0 0 0 0 0 0 0 0 0 0 0 0 0 0 0 0 0 0 0 0 0 0 0 0 1 0 0 0 0 0 0 0 0 0 0 0 0 0 0 0 0 0 1 0 0 0 0 0 0 0 0 0 0 0 0 0 0 0 0 0
0 0 0 0 0 0 0 0 347 0 63 12 326 3 0 141 560 0 0 0 0 0 0 18 0 0 0 0 0 0 0 0 0 0 0 0 93951 0 0 0 0 0 0 0 0 0 75 0 0 175 532 316 0 8 0 0 0 0 0 0 0 0 0 0 0 0 0 0 0 0 0 0 0 0 0 0 0 0 0 0 135 0 0 0 0 0 7 2 2 2 2 3 0 24 0 0 0 0 0 1 0 23 0 0 0 0 0 0 2378 0 0 0 0 0 0 0 0 0 0 0 0 0 0 0 0 791 0 0 0 5 0 18 148 0 0 0 0 0 0 14 0 66 0 0 0 0 0 0 0 0 0 1 0 0 0 0 0 0 0 0 0 0 0 0 0 0 3 8 0
0 0 0 0 0 0 0 0 65 0 0 0 212 0 0 65 17 2 0 2 0 0 0 7 0 0 0 0 0 0 0 0 0 0 0 0 0 84619 0 0 0 0 0 0 0 0 0 0 0 0 0 0 0 0 0 0 0 0 0 0 0 0 0 0 0 0 0 0 0 0 0 0 0 13 0 0 0 6 6 0 0 0 0 0 0 0 0 0 0 0 0 0 0 0 0 0 0 0 0 0 0 5 0 0 0 0 0 0 1506 0 0 0 0 0 0 0 0 0 0 0 0 0 0 0 0 0 0 0 1685 0 0 0 22 0 0 0 0 0 0 0 0 0 0 0 0 101 0 0 0 0 0 4 0 0 0 0 0 0 0 0 0 0 0 0 0 0 0 0 0
0 0 0 0 0 0 0 0 0 0 0 0 0 6 0 0 0 24 0 24 0 0 0 57 0 0 0 0 0 0 0 0 0 0 0 0 0 0 16079 0 0 0 0 0 0 0 0 0 0 0 0 0 0 0 0 0 0 0 0 0 0 0 0 0 0 0 0 0 0 0 0 0 0 0 0 0 0 0 0 0 0 0 0 0 0 0 0 0 0 0 0 0 0 0 0 0 0 0 0 0 0 0 0 0 0 0 0 0 9960 0 0 0 0 0 0 0 0 0 0 0 0 0 0 0 0 0 0 0 0 0 60 13 108 73 0 0 0 0 0 0 0 0 0 0 0 9 0 0 0 0 0 0 0 0 0 0 0 0 0 0 0 0 0 0 0 0 0 0 2808
0 0 0 0 0 0 0 0 0 0 0 1 0 0 2 0 0 1 0 1 0 0 0 2 0 0 0 0 0 0 0 0 0 0 0 0 0 0 5850 0 0 0 0 0 0 0 0 7 0 0 0 0 0 0 0 0 0 0 0 0 0 0 0 0 0 0 0 0 0 0 0 0 0 0 76 206 0 2 3 28 0 0 0 0 0 0 1 0 0 0 0 0 0 0 0 0 0 0 0 0 1 0 0 0 0 0 0 0 14 0 0 0 0 0 0 0 0 0 0 0 0 0 0 0 0 0 0 0 3 0 0 0 0 0 0 0 0 0 0 0 0 0 0 0 0 18 1 0 0 0 0 0 0 0 0 0 0 0 0 0 0 0 0 0 0 0 0 0 1
0 0 0 0 0 0 0 0 359 0 6 0 35 0 0 111 69 0 0 0 0 0 0 1928 0 0 0 0 0 0 0 0 0 0 0 0 0 0 0 0 84998 0 0 0 0 0 61 0 65 202 26 17 7 0 0 0 0 0 0 0 0 0 0 0 0 0 0 0 0 0 0 0 0 0 0 0 0 0 0 0 5 0 0 0 0 0 1 0 1 1 0 1 1 0 0 0 0 0 0 0 27 2 0 0 0 0 0 0 90 0 0 0 0 0 0 0 0 0 0 0 0 0 0 11 0 0 0 0 141 4 4 1 9 6 43 5 0 0 0 3 21 23 0 0 0 136 230 0 0 0 0 2 0 0 0 0 0 0 0 0 0 0 0 0 0 124 4 9 0
0 0 0 0 0 0 0 0 0 0 0 0 0 1 0 0 0 28 0 28 0 0 0 37 0 0 0 0 0 0 0 0 0 0 0 0 0 0 0 0 0 0 0 0 0 0 0 79 380 0 0 0 0 0 0 0 0 0 0 0 0 0 0 0 0 0 0 0 0 0 0 0 0 0 0 0 0 0 0 0 0 0 0 0 0 1 7 1 2 4 1 2 0 0 0 0 0 0 0 0 0 0 0 0 0 0 0 0 5224 0 0 0 0 0 0 0 0 0 0 0 0 0 0 0 0 1064 0 0 0 0 0 0 0 0 0 0 0 0 0 0 0 0 0 0 0 2 0 0 0 0 0 0 0 0 0 0 0 0 0 0 0 0 0 0 0 23 0 0 0
0 0 0 0 14 0 7 0 0 0 0 0 0 0 0 0 30 0 0 0 0 0 0 0 0 0 0 0 0 0 0 0 0 0 0 0 0 0 0 0 3 1 0 0 14 9 1 24 0 0 0 9644 0 0 4 15 0 15 0 11 0 14 15 14 15 15 15 15 15 15 15 15 0 119 0 0 0 0 0 0 1 1 3 0 0 0 1065 114 132 131 213 181 0 0 0 0 0 2 0 35 0 12 0 0 0 0 0 1 17340 0 0 0 1 0 0 0 0 0 0 0 0 0 0 0 0 0 0 0 0 0 0 0 0 0 0 0 0 0 0 0 0 12 0 0 0 0 0 0 0 0 0 4 0 0 0 0 0 0 0 0 0 0 0 0 0 34 14 0 0
0 0 0 54 0 0 1 49 11 0 0 0 0 0 0 0 0 29 29 29 0 0 0 0 0 0 0 0 0 0 0 0 0 0 0 0 0 0 0 0 0 0 0 0 0 19591 0 0 0 0 0 1 0 0 0 0 0 0 0 0 0 0 0 0 0 0 0 0 0 0 0 0 0 279 122 280 0 280 281 0 0 0 1 1 0 0 3 0 3 0 2 0 0 0 0 0 0 0 0 0 0 9 0 4 0 0 0 1 8 0 0 0 0 0 0 0 0 0 0 0 0 15 0 0 0 124 0 0 934 0 0 0 360 102 0 0 0 0 0 0 0 4 0 67 0 0 100 0 0 0 0 0 0 0 0 0 0 0 0 0 0 0 0 0 0 149 635 0 0
0 0 0 0 0 0 0 0 0 0 0 0 0 0 0 0 0 0 0 0 0 0 0 0 0 0 0 0 0 0 0 0 0 0 0 0 0 0 0 0 0 0 0 0 0 0 0 0 0 0 0 0 0 0 62354 129 0 0 0 0 0 0 0 0 0 0 0 0 0 0 0 0 0 0 0 0 0 0 0 0 0 0 0 0 0 0 0 0 0 0 0 0 0 0 0 0 0 0 0 0 0 0 0 0 0 0 0 0 0 0 0 0 0 0 0 0 0 0 0 0 0 0 0 0 0 0 0 0 0 0 0 0 0 0 0 0 0 0 0 0 0 0 0 0 0 0 0 0 0 0 0 0 0 0 0 0 0 0 0 0 0 0 0 0 0 0 0 0 0
94 67 60 0 0 113 50 137 264 160 123 150 39 85 90 0 0 2284 0 2280 418 377 377 79793 4 0 1 0 0 2 0 0 0 0 1 1 0 0 0 0 0 6649 0 0 0 0 1023 47 0 0 0 913 259 0 12152 24 0 0 0 0 0 0 0 0 0 0 0 0 0 0 0 0 0 1528 1044 2840 0 155 174 0 0 57 4836 24397 10222 1613 381 0 34 10879 253 0 0 107 0 0 0 267 0 0 3321 543 81802 34 0 0 0 42 246 0 0 2 38 0 0 31083 31338 31342 31342 31341 31327 798 0 0 0 491 1 1 0 0 1 0 0 0 0 54 0 0 0 0 0 0 0 0 0 0 0 0 2 2 1 2 2 2 1 1 3 1 1 0 0 0 0 1 1 43 33 0 356
0 0 0 0 0 0 0 0 0 0 0 0 0 0 0 0 0 4 0 0 5 4 4 0 0 0 0 0 0 0 0 0 0 0 0 1 1 1 0 0 0 0 0 0 0 0 0 0 0 0 0 154 0 0 0 0 0 0 0 0 0 0 0 0 0 0 0 0 0 0 0 0 0 0 0 0 0 2 3 0 0 3 4 5 0 0 0 0 0 0 0 0 0 1 0 0 0 0 0 0 0 0 0 0 0 0 0 0 1 0 0 0 0 0 0 0 0 0 0 0 0 0 0 0 0 0 0 0 0 0 0 0 0 0 0 0 0 0 0 0 0 0 0 0 0 0 0 0 0 0 0 0 0 0 0 0 0 0 0 0 0 0 0 0 0 0 0 0 0
0 0 0 0 0 0 0 0 0 0 0 0 0 0 0 0 0 0 0 0 0 0 680 0 0 0 0 0 0 0 0 0 0 0 0 0 0 0 0 0 0 0 0 0 0 0 0 0 0 0 0 0 0 0 0 27287 23983 27320 26576 27343 23873 27324 27344 27285 27344 27344 27344 27344 27344 27344 27344 27325 0 0 0 0 0 0 0 0 0 0 0 0 0 0 0 0 0 0 0 0 0 2 0 0 0 0 0 0 0 0 0 0 0 0 0 0 0 0 0 0 0 0 0 0 0 0 0 0 0 0 0 0 0 0 0 0 0 0 0 0 0 0 0 0 0 0 0 0 0 0 0 0 0 0 0 0 0 0 0 0 0 0 0 0 0 0 0 0 0 0 0 0 0 0 0 0 0
0 0 0 2 1 0 0 2 0 0 0 0 0 0 0 64 46 0 0 0 954 0 3799 0 0 0 0 0 0 1 0 0 1 0 0 0 0 0 0 51 102 241 0 0 289 140 58 53 0 0 0 152 0 0 0 1 0 0 0 0 0 0 1 0 1 1 1 1 1 1 1 0 0 242 213 288 0 44 76 0 494 929 6 0 0 0 120 370 242 122 180 0 0 0 0 0 0 158 0 0 0 1 0 49000 0 0 0 0 42 0 0 0 2 0 0 0 0 0 0 0 0 524 2 0 0 0 0 0 0 0 0 0 0 0 0 0 0 1 0 1 0 59 0 0 0 0 0 0 20 19 17 4 21 20 17 8 7 11 10 2 4 5 5 7 7 0 99 178 15448
0 0 0 0 0 0 0 0 0 0 0 0 0 0 0 0 0 0 0 0 0 0 0 0 1724 235 49 70 108 143 203 48 1 4 1 0 0 0 0 0 0 0 0 0 0 0 0 0 0 0 0 0 0 0 0 11 0 0 0 10 0 0 11 0 11 11 11 11 11 11 11 0 0 0 0 0 0 0 0 0 0 0 0 0 0 0 0 0 0 0 0 0 0 0 0 0 0 0 0 0 0 0 0 0 0 0 0 0 0 0 0 0 0 0 0 0 21 21 16 21 0 0 0 0 0 0 0 0 0 0 0 0 0 0 0 0 0 0 0 0 0 0 0 0 0 0 0 0 0 0 0 0 0 0 0 0 0 0 0 0 0 0 0 0 0 0 0 0 0
0 0 0 0 0 0 0 0 0 0 0 0 0 0 0 1 0 3 0 3 0 0 0 0 507 103 666 566 288 2872 3514 83 10815 8619 71495 0 0 0 0 0 0 0 1 0 0 0 0 0 0 0 0 0 0 0 0 447 448 448 448 448 448 448 448 448 448 448 448 448 448 448 448 448 0 1 3 0 0 0 0 0 0 0 0 0 0 0 0 0 0 0 0 0 0 0 0 0 0 0 0 0 1 0 0 0 0 0 0 72 0 0 0 0 0 0 0 1 1 1 1 1 1 1 0 11 0 0 0 0 0 0 0 2 0 0 0 0 0 0 0 0 0 0 0 0 0 0 0 0 0 0 5 272 0 9 12 36 0 20 14 0 2 0 6 2 3 0 0 0 6
0 0 0 0 0 0 0 0 0 0 0 0 0 0 0 0 0 0 0 0 0 0 0 0 0 0 0 0 0 0 0 0 0 0 0 0 0 0 0 0 0 0 0 0 0 0 0 0 0 0 0 0 0 0 0 0 0 0 0 0 0 0 0 0 0 0 0 0 0 0 0 0 47 0 0 0 0 0 0 0 0 0 0 0 0 0 0 0 0 0 0 0 0 0 0 0 0 0 0 0 0 0 0 0 0 0 0 0 0 0 0 0 0 0 0 0 0 0 0 0 0 0 0 0 0 0 0 0 0 0 0 0 0 0 0 0 0 0 0 0 0 0 0 0 0 0 0 0 0 0 0 1 0 0 0 0 1 0 0 0 0 0 0 0 0 0 0 0 0
0 0 0 0 0 0 0 0 0 0 0 0 0 0 0 0 0 0 0 0 0 0 0 0 0 0 14 2 0 94 11 0 0 0 0 0 0 0 0 0 0 0 0 0 0 0 0 0 0 0 0 0 0 0 0 0 0 0 0 0 0 0 0 0 0 0 0 0 0 0 0 0 0 0 0 0 0 0 0 0 0 0 0 0 3 0 0 0 0 0 0 164 0 0 0 0 0 0 1 1 2 2 0 1 0 0 0 0 1 1 0 0 0 0 0 0 0 0 0 0 0 0 0 0 0 0 0 0 0 0 0 0 0 0 0 0 0 0 0 0 0 0 0 1 0 0 0 0 0 0 0 0 0 0 0 0 0 0 0 0 0 0 0 0 0 0 0 0 0
0 0 0 0 0 0 0 0 0 0 0 0 0 0 0 0 0 0 0 0 0 0 0 0 0 0 0 3 0 217 20 0 0 0 0 0 0 0 0 0 2 0 0 0 0 0 0 0 0 0 0 0 0 0 0 0 0 0 0 0 0 0 0 0 0 0 0 0 0 0 0 0 0 0 498 0 0 0 0 0 0 39 0 5 0 0 0 0 0 0 0 0 0 0 0 0 0 0 2 1 4 6 0 0 0 0 0 0 0 0 0 0 0 0 0 0 0 0 0 0 0 0 0 0 0 0 0 0 0 0 0 0 0 0 0 0 0 0 0 0 0 0 1 19 0 0 0 0 0 0 0 3 0 0 0 0 3 0 0 0 0 0 0 0 0 0 0 0 0
0 0 0 0 0 0 0 0 0 0 0 0 0 0 0 0 0 0 0 0 0 0 0 0 0 0 0 0 0 19 1 0 0 0 0 0 0 0 0 0 0 0 0 0 0 0 0 0 0 0 0 0 0 0 0 0 0 0 0 0 0 0 0 0 0 0 0 0 0 0 0 0 0 0 0 0 0 0 0 0 0 9 0 0 0 0 0 0 0 0 0 0 0 0 0 0 0 0 0 0 1 1 0 0 0 0 0 0 0 0 0 0 0 0 0 0 0 0 0 0 0 0 0 0 0 0 0 0 0 0 0 0 0 0 0 0 0 0 0 0 0 0 0 1 0 0 0 0 0 0 0 0 0 0 0 0 0 0 0 0 0 0 0 0 0 0 0 0 0
0 0 0 0 0 0 0 0 0 0 0 0 0 0 0 0 0 0 0 0 0 0 0 0 0 0 0 0 0 2 0 0 0 0 0 0 0 0 0 0 0 0 0 0 0 0 0 0 0 0 0 0 0 0 0 0 0 0 0 0 0 0 0 0 0 0 0 0 0 0 0 0 0 0 3 1 0 0 0 0 0 1 0 0 2 0 0 0 0 0 0 0 0 0 0 1 0 0 0 0 0 0 0 0 0 0 0 0 0 0 0 0 0 0 0 0 0 0 0 0 0 0 0 0 0 0 0 0 0 0 0 0 0 0 0 0 0 0 0 0 0 0 0 0 0 0 0 0 0 0 0 0 0 0 0 0 0 0 0 0 0 0 0 0 0 0 0 0 0
0 0 0 0 0 0 0 0 0 0 0 0 0 0 0 0 0 0 0 0 0 0 0 0 0 0 0 0 0 0 0 0 0 0 0 0 0 0 0 0 0 0 0 0 0 0 0 0 0 0 0 0 0 0 0 0 0 0 0 0 0 0 0 0 0 0 0 0 0 0 0 0 0 0 0 0 0 0 0 0 0 19 0 0 0 0 0 0 0 0 0 0 0 0 0 0 0 0 0 0 0 4 0 0 0 0 0 0 0 0 0 1 0 0 0 0 0 0 0 0 0 0 0 0 0 0 0 0 0 0 0 0 0 0 0 0 0 0 0 0 0 0 0 4 0 0 0 0 0 0 0 0 0 0 0 0 0 0 0 0 0 0 0 0 0 0 0 0 0
0 0 0 0 0 0 0 0 0 0 0 0 0 0 0 0 0 0 0 0 0 0 0 0 0 0 0 0 0 37 0 0 0 0 0 0 0 0 0 0 1 0 0 0 0 0 0 0 0 0 0 0 0 0 0 0 0 0 0 0 0 0 0 0 0 0 0 0 0 0 0 0 0 0 300 0 0 0 0 0 0 0 0 0 0 0 0 0 0 0 0 0 0 0 0 0 0 0 0 0 0 1 0 0 0 0 0 0 0 0 0 0 0 0 0 0 0 0 0 0 0 0 0 0 0 0 0 0 0 0 0 0 0 0 0 0 0 0 0 0 0 0 0 1 0 0 0 0 0 0 0 0 0 0 0 0 0 0 0 0 0 0 0 0 0 0 0 0 0
0 0 0 0 0 0 0 0 0 0 0 0 0 0 0 0 0 0 0 0 0 0 0 0 0 1 31 5 0 197 23 0 0 0 0 0 0 0 0 0 0 0 0 0 0 0 0 0 0 0 0 0 0 0 0 0 0 0 0 0 0 0 0 0 0 0 0 0 0 0 0 0 0 0 107 0 0 0 0 0 0 1 38 0 43 0 0 0 0 0 0 0 0 0 0 0 0 0 2 1 4 5 0 0 0 0 0 0 0 0 0 1 0 0 0 0 0 0 0 0 0 0 0 0 0 0 0 0 0 0 0 0 0 0 0 0 0 0 0 0 0 0 0 5 1 0 0 0 0 0 0 0 0 0 0 0 0 0 0 0 0 0 0 0 0 0 0 0 0
0 0 0 0 0 0 0 1 0 0 0 0 0 0 0 0 0 0 0 0 0 0 0 0 10 0 0 0 0 2 0 0 0 0 0 0 0 0 0 0 0 0 0 0 0 0 0 0 0 0 0 0 0 0 0 0 0 0 0 0 0 0 0 0 0 0 0 0 0 0 0 0 0 0 0 0 0 0 0 0 0 0 0 0 0 0 0 0 0 0 0 0 0 0 0 0 0 0 0 0 0 2 0 0 6 0 4 0 0 0 0 20 0 0 0 0 0 0 0 0 0 0 0 0 0 0 0 0 0 0 0 0 0 0 0 0 0 0 0 0 0 0 0 0 0 0 0 0 0 0 0 43 1 1 0 0 1 0 0 0 0 0 0 0 0 0 0 0 0
0 0 0 0 0 0 0 0 0 0 0 0 0 0 0 0 0 0 0 0 0 0 0 0 28 0 1 0 0 6 1 0 849 0 36 0 0 0 0 0 0 0 0 0 4 0 0 0 0 0 0 0 0 0 0 0 0 0 0 0 0 0 0 0 0 0 0 0 0 0 0 0 0 0 0 0 0 0 0 0 0 0 0 0 0 0 2 0 1 3 0 0 0 0 0 0 0 5 0 0 0 7 2 5 11 0 10 0 0 0 0 8 0 0 0 0 0 0 0 0 0 2 0 0 0 0 0 0 0 0 0 0 0 0 0 0 0 0 0 0 0 0 0 0 0 0 0 0 1 1 1 46 1 1 1 0 1 0 0 0 0 0 0 0 0 0 0 0 0
0 0 0 0 0 1 0 2 0 0 0 0 0 0 0 0 0 0 0 0 0 2 0 0 0 0 0 0 0 0 0 0 1 0 0 0 0 0 0 0 0 0 0 0 0 0 0 0 0 0 0 0 0 0 0 0 0 0 0 0 0 0 0 0 0 0 0 0 0 0 0 0 0 0 0 0 0 0 0 0 0 0 0 0 0 0 0 0 0 0 0 0 0 0 0 0 0 0 0 0 0 0 0 0 0 0 0 0 0 0 0 3 0 0 0 0 0 0 0 0 0 0 0 0 0 0 0 1 0 0 0 0 0 0 0 0 0 0 0 0 0 0 0 0 0 0 0 0 0 0 0 11 0 0 0 0 0 0 0 0 0 0 0 0 0 0 0 0 0
0 0 0 0 0 0 0 0 0 0 0 0 0 0 0 0 0 0 0 0 0 0 0 0 0 0 0 0 0 0 0 0 0 0 0 0 0 0 0 0 0 1 0 0 0 0 0 0 0 0 0 0 0 0 0 0 0 0 0 0 0 0 0 0 0 0 0 0 0 0 0 0 0 0 0 0 0 0 0 0 0 0 0 0 0 0 0 0 0 0 0 0 0 0 0 0 0 0 0 0 0 0 0 2 4 3 4 0 0 13 0 0 11 0 0 0 0 0 0 0 0 0 0 0 0 2228 0 0 1115 0 0 25 15 6 0 0 0 0 0 0 0 0 0 0 0 1 0 13 1 1 1 2 1 1 1 0 0 1 1 0 0 0 0 0 0 75 0 33 0
0 0 0 0 0 0 0 0 0 0 0 0 0 0 0 0 0 0 0 0 0 0 0 0 0 0 0 0 0 0 0 0 0 0 0 0 0 0 0 0 0 1 0 1449 0 1 0 0 0 0 0 0 0 0 0 0 0 0 0 0 0 0 0 0 0 0 0 0 0 0 0 0 0 0 0 0 0 0 0 14 0 0 0 0 0 0 0 0 0 0 0 0 0 0 0 0 0 0 0 0 0 0 2 8 18 15 18 0 0 16 0 0 16 0 0 0 0 0 0 0 0 0 0 0 0 1801 0 0 4512 0 0 19 0 6 0 8 0 0 0 0 0 0 0 0 0 49 0 48 5 5 5 2 6 5 5 2 0 3 3 1 1 1 1 2 2 46 0 73 0
0 0 0 0 0 0 0 0 0 0 0 0 0 0 0 0 0 0 0 0 0 0 0 0 0 0 0 0 0 0 0 0 0 0 0 0 0 0 0 0 0 0 0 0 0 0 0 0 0 0 0 0 0 0 0 0 0 0 0 0 0 0 0 0 0 0 0 0 0 0 0 0 0 0 0 0 0 0 0 0 0 0 0 0 0 0 0 0 0 0 0 0 0 0 0 0 0 0 0 0 0 0 0 12 29 19 28 0 0 26 0 0 27 0 0 0 0 0 0 0 0 0 0 0 0 5 0 0 3291 0 0 0 4 3 0 0 0 0 0 0 0 0 0 0 0 28 0 59 10 10 9 4 11 10 9 4 1 6 6 1 2 2 2 4 3 47 0 85 0
0 0 0 0 0 0 0 0 0 0 0 0 0 0 0 0 0 0 0 0 0 0 0 0 0 0 0 0 0 0 0 0 0 0 0 0 0 0 0 0 0 4 0 0 0 0 0 0 3175 0 0 0 0 0 0 0 0 0 0 0 0 0 0 0 0 0 0 0 0 0 0 0 0 0 11 31 0 142 141 0 0 0 0 0 0 3 36 0 10 18 6 9 0 0 0 0 0 2 0 0 0 0 0 0 320 0 418 0 1 403 0 0 29 0 0 0 0 0 0 0 0 0 0 0 0 11623 0 0 696 0 0 122 2 104 0 0 0 0 0 0 0 0 0 0 0 7 3 37 11 11 10 3 12 11 10 5 1 6 6 1 2 3 2 4 4 191 0 43 0
0 0 0 0 0 0 0 0 0 0 0 0 0 580 0 0 238 5 4 5 1 0 0 0 0 0 0 0 0 0 0 0 0 0 0 0 0 1 223 0 272 168 0 0 0 0 0 0 25 0 4 0 0 9 0 8 7 8 0 8 8 8 8 8 8 8 8 8 8 8 8 8 0 0 0 0 0 0 0 0 0 104 0 0 63 0 0 0 0 0 0 0 0 0 3 3 3 5 2 5 10 30 0 3 8 5 7 0 0 7 0 25 7 0 0 2 2 2 1 2 0 1 0 0 0 110 0 0 0 42 0 0 17 9 0 7 0 0 23 3 0 8 12 0 0 0 0 0 4 4 4 3 5 5 4 2 0 2 1 0 1 1 1 2 1 0 0 0 0
149 92 387 0 0 0 0 0 83 68 0 25 0 0 17 0 213 4 0 4 1 0 0 0 0 0 0 0 0 0 0 0 0 0 0 11 3 110 661 0 0 0 0 0 0 375 0 0 23 0 0 0 0 2 0 0 0 0 0 0 0 0 0 0 0 0 0 0 0 0 0 0 0 44 0 0 0 40 40 0 0 0 0 0 0 0 0 0 0 0 0 0 0 0 0 0 0 6 0 0 0 23 0 0 0 0 0 0 1 0 0 0 0 0 0 0 0 0 0 0 0 0 0 0 0 0 0 0 173 33 0 0 0 26 0 0 0 0 15 0 0 0 0 43 0 0 117 0 1 1 1 16 1 1 1 0 0 1 0 0 0 0 0 0 0 17 339 524 0
0 0 0 0 0 0 0 0 198 162 0 0 0 36 0 0 125 2 0 2 1 0 0 0 0 0 0 0 0 0 0 0 0 0 0 0 0 0 0 0 97 0 0 341 162 1002 42 6 5 0 0 0 0 2 0 9 0 8 0 9 0 5 9 9 9 8 9 9 9 9 9 8 0 0 0 0 1302 1349 1340 0 0 0 1 2 1 0 1 2 1 1 9 1 0 0 3 5 3 22 3 6 8 17 0 0 0 0 2 0 3 0 0 0 8 0 0 1 1 1 0 1 0 0 0 0 0 5 0 0 75 0 0 0 7 0 0 10 0 0 13 0 0 13 16 23 0 6 12 4 3 3 3 0 3 3 3 1 0 2 2 0 0 1 1 1 1 0 0 0 0
0 0 0 0 0 0 0 0 41 5 0 5 0 511 4 0 0 0 0 0 0 0 0 0 0 0 0 0 0 0 0 0 0 0 0 0 0 2 11 0 87 6 0 0 385 77 3 0 0 0 0 0 0 0 0 0 0 0 0 0 0 0 0 0 0 0 0 0 0 0 0 0 0 0 0 0 0 5 5 2 0 0 0 0 0 0 0 0 0 0 0 0 0 0 0 0 0 0 0 0 0 0 0 3 8 6 7 0 0 7 0 0 7 0 0 0 0 0 0 0 0 0 0 0 0 2 0 0 67 0 0 0 9 5 0 1 0 0 0 0 0 0 0 0 0 0 0 6 2 2 3 3 3 3 3 1 7 0 0 0 0 0 0 1 1 0 0 0 10
85 0 0 0 8 44 0 3 38192 50275 53057 19160 15112 12002 19178 5 2816 36 36 36 39 35 36 0 1 0 0 0 0 0 0 0 0 0 0 24 0 78 7426 359 193 0 595 0 6557 0 0 342 0 0 30 0 0 0 0 0 0 0 0 0 0 0 0 0 0 0 0 0 0 0 0 0 2 15 254 401 225 775 770 0 0 44 978 2 476 15 7 0 3 4 7 2 0 0 0 1 1 14 0 0 0 0 0 13 41 0 35 2 5 38 0 214 49 0 0 0 0 0 0 0 0 0 0 0 0 374 0 0 9258 0 0 0 132 34 0 124 0 0 0 0 0 0 0 0 0 272 164 1024 19 18 16 35 20 19 16 8 2 11 10 2 4 4 4 7 6 1452 2166 0 0
0 0 0 0 0 0 1 2 0 0 0 0 0 0 0 0 282 5 5 5 1 0 1 0 0 0 0 0 0 0 0 0 0 0 0 0 0 0 0 2 0 0 0 0 0 0 0 0 0 0 0 0 0 0 0 15 0 15 14 15 0 7 15 5 15 13 15 15 15 15 15 15 1 130 0 0 0 132 131 0 0 0 0 0 0 0 0 0 0 0 1 0 0 0 0 0 4 10 0 6 0 34 0 0 0 0 0 0 3 0 0 305 9 0 0 3 3 3 2 3 0 0 0 93 0 10 0 0 1290 52 0 0 86 25 0 0 0 0 0 0 0 20 0 46 0 0 135 0 2 2 2 153 2 2 2 1 0 1 1 0 0 0 0 1 1 0 287 0 0
0 0 0 0 0 0 0 0 1960 1606 0 0 0 354 0 0 0 32 31 31 7 0 3 0 2 0 0 0 0 0 0 0 1 0 0 10 0 97 599 21 0 0 0 1148 0 0 0 0 118 0 0 0 0 33 0 140 51 140 140 140 77 135 140 121 140 140 140 140 140 140 140 140 0 0 0 0 0 0 0 0 0 0 1 1 0 0 1 0 0 1 0 0 0 0 38 61 55 40 46 102 83 243 0 34 103 34 94 1 1 94 0 330 107 0 1 21 21 21 21 21 0 14 0 0 0 8 0 0 5116 346 0 0 88 34 0 170 0 0 166 6 0 227 273 310 0 818 0 670 41 40 35 3 43 42 36 17 3 23 22 5 8 9 9 15 13 0 0 0 0
0 0 0 0 0 0 0 0 1 0 0 0 0 0 0 0 0 0 0 0 0 0 0 0 0 0 0 0 0 0 0 0 0 0 0 0 0 0 0 0 0 0 0 0 0 0 0 0 0 0 0 0 0 0 0 0 0 0 0 0 0 0 0 0 0 0 0 0 0 0 0 0 0 2 0 0 0 2 0 0 0 0 0 0 0 13 98 0 12 12 20 15 0 0 0 0 0 0 0 0 0 0 0 0 0 0 0 0 1 0 0 0 3 0 0 12 12 12 11 12 0 0 0 0 0 0 0 0 0 0 0 0 3 3 982 0 0 0 0 0 0 3 0 0 0 0 0 0 2 2 2 2 2 2 2 1 0 1 1 0 0 0 0 1 1 0 1 41 0
0 0 0 0 0 0 0 0 0 0 0 0 0 0 0 0 176 11 0 9 19 0 23 0 5 0 0 0 0 1 0 0 1 0 0 1 0 0 0 0 5 0 0 0 67 0 199 0 47530 9110 0 0 1096 146 8 26 0 29 29 29 1 25 29 9 29 0 28 29 29 29 28 19 0 0 449 1166 628 11 67 1859 36 0 41 36 0 95 1091 364 466 604 240 201 0 101 15 310 41 97 319 81 5245 167 0 168 0 0 0 94 152 0 0 0 36 0 0 0 2 1 1 1 0 0 0 0 0 34 0 0 466 0 0 126 115 161 90 0 0 0 0 0 0 1162 0 0 584 209 103 623 187 183 166 70 200 192 164 75 156 103 99 24 40 46 45 72 65 156 4 176 0
125 156 104 0 0 0 3 53 1 2 138 235 12 0 0 380 637 981 927 980 0 595 659 0 19 0 1 0 0 8 1 0 4 0 1 3 1 28 0 0 0 0 2 177 9 0 14 0 0 0 0 53 0 8 36 104 0 105 104 105 0 94 105 94 105 102 105 105 105 105 104 101 0 93 1154 2594 0 2 5 0 1 1193 314 309 0 107 126 0 44 65 22 136 0 175 449 37 193 122 462 1007 31 498 0 92 277 497 599 11 23 544 0 2 538 0 5 121 123 123 123 123 14 0 3 621 936 101 0 0 0 223 669 0 0 1063 304 0 0 0 0 0 0 237 114 19 0 938 448 2268 911 892 806 80 973 935 800 364 13 500 480 118 196 223 221 352 316 513 1331 0 0
0 3 3 0 0 0 4 66 1 0 0 0 0 0 0 85 45 591 509 590 138 81 170 0 0 0 0 0 0 1 0 0 3 0 0 1 0 1 4 1 4 1 0 5 18 13 0 0 212 0 0 19 0 21 8 24 0 25 24 25 0 4 25 0 25 18 25 25 25 25 24 20 0 0 33 88 0 138 140 0 0 182 50 29 15 0 47 26 50 29 31 265 0 0 0 0 59 317 1307 676 1481 59 0 61 0 0 41 13 20 51 0 0 75 0 0 72 73 74 74 74 0 0 0 406 0 0 0 0 0 130 0 0 0 1 130 0 0 0 0 0 0 151 0 0 0 231 151 231 53 52 47 13 57 55 47 21 1 29 28 7 11 13 13 21 18 0 297 955 0
0 0 0 0 8 1 0 47 1 0 0 11 0 0 8 210 98 935 907 935 123 113 151 0 11 0 0 0 0 1 0 0 1 0 0 1 0 4 22 0 2 2 0 0 277 34 66 53 39 183 0 4849 11063 50 12 34 28 34 34 33 0 30 34 29 34 33 34 34 34 34 34 33 0 574 24 23 0 141 144 78 0 900 190 23 93 8 14 14 6 9 34 37 77 0 79 0 51 119 280 339 5948 47 0 7 0 0 0 19 66 0 0 0 22 0 0 0 0 0 0 0 0 1962 0 3486 67 50 90 97 34 138 0 59 14 0 8 68 12 0 0 0 118 69 55 283 65 52 116 6 0 0 0 115 0 0 0 0 14 0 0 0 0 0 0 0 0 58 113 473 0
0 0 0 0 0 0 0 0 0 0 0 0 0 0 0 0 0 3 0 0 22 0 20 0 0 0 0 0 0 0 0 0 0 0 0 0 0 0 0 0 0 45 0 0 0 0 4 13 0 0 0 0 1664 0 0 2 0 2 2 2 0 0 2 1 2 2 2 2 2 2 2 0 1 119 0 0 0 3 3 0 0 0 0 0 0 0 0 1 0 0 0 0 0 0 0 0 0 5 0 0 0 0 0 0 0 0 0 0 2 0 0 0 0 0 0 0 0 0 0 0 0 0 0 0 0 155 0 0 0 0 0 0 0 0 0 0 0 0 0 0 0 0 0 0 0 0 0 0 0 0 0 1 0 0 0 0 0 0 0 0 0 0 0 0 0 0 0 0 0
0 10 3 169 0 133 0 36 2 1 11 18 15 0 13 56 175 41 0 39 381 211 344 0 1 0 0 0 0 1 0 0 0 0 1 4 1 37 311 38 371 87 9 776 1882 1308 373 0 105 1110 0 0 0 17525 0 17 0 17 16 17 0 0 17 0 17 17 17 17 17 17 17 17 1 0 1116 3145 0 2084 2072 0 523 4324 1327 167 174 0 25 0 16 259 66 40 0 370 946 380 2511 1365 377 132 158 813 0 0 0 0 0 7 35 0 55238 13648 35 29 46 7 7 7 6 7 0 0 1 292 0 2462 0 0 16 35 178 372 0 194 3 0 0 0 85 175 0 415 1123 800 0 590 857 228 271 266 240 168 290 279 238 108 290 149 143 35 58 66 66 105 94 297 425 438 0
0 1 0 51 5 2 0 17 0 0 1 0 0 0 0 78 37 253 253 250 161 59 80 0 0 0 0 0 0 2 0 0 0 0 0 4 1 36 217 0 0 0 1 170 61 0 56 0 0 0 0 23 0 0 423 97 0 96 96 96 0 79 96 65 96 96 96 96 96 96 96 96 7 99 398 1121 0 429 426 0 63 335 178 109 179 45 8 0 0 0 33 49 0 0 247 0 111 169 98 94 0 208 0 136 203 105 203 5 12 195 3 14 210 0 0 60 60 60 60 60 50 0 1 135 599 142 0 0 0 0 0 30 0 177 27 441 0 0 780 411 0 592 1786 1319 0 832 1754 0 175 171 155 440 186 179 153 70 141 96 92 23 38 43 42 67 61 1760 1459 558 0
0 1 1 2 2 3 0 3 0 0 0 1 1 1 0 0 0 0 0 2 128 91 91 0 2 0 1 0 0 1 0 0 1 0 0 0 0 0 1 0 1 1 0 2 2 1 1 0 0 0 0 1 1 0 0 2 0 2 2 2 1 2 2 0 2 2 2 2 2 0 0 2 0 628 245 420 0 78 96 0 129 510 122 88 1 6136 11 96 2042 40 28 199 0 0 52 0 31 35 0 0 0 9 56 67 0 0 0 4 189 3 0 0 25 0 0 0 64 63 63 64 64 1 0 0 0 0 0 0 0 0 0 0 0 0 0 0 0 0 0 0 0 0 0 0 0 0 0 0 0 0 0 0 0 0 0 0 0 0 0 0 0 0 0 0 0 0 0 0 6
0 0 0 0 0 0 0 0 0 0 0 0 0 0 0 0 0 0 0 1 0 0 0 0 0 0 0 0 0 0 0 0 0 0 0 0 0 0 0 0 1 0 0 0 0 0 0 0 0 0 0 0 0 0 0 0 0 279 279 279 268 277 202 270 89 279 279 279 279 0 142 275 0 571 157 375 67 0 70 0 5 20 5 4 0 86 1 3 3 2 2 810 0 0 0 0 0 26 0 0 0 1 0 0 0 0 0 1 21 0 0 0 1 0 0 0 0 0 0 0 0 0 0 0 0 0 0 0 0 0 0 0 0 0 0 0 0 0 0 0 0 0 0 0 0 0 0 0 0 0 0 0 0 0 0 0 0 0 0 0 0 0 0 0 0 0 0 0 0
330 629 535 424 669 961 34 4004 671 221 492 246 1811 143 66 680 3725 390 390 390 0 2038 2028 0 14 0 2 0 0 2 1 0 7 0 0 2 0 8 47 0 17 502 4 55 295 0 113 43 304 472 0 39 1786 18 6 10255 0 10556 10556 10556 10545 10554 10479 10547 10366 10556 10556 10556 10556 10266 10419 10551 19 5 2549 1632 991 924 1011 0 464 12 51 52 678 0 214 680 121 5 262 489 64 50 14 0 210 15 411 219 848 11 0 0 463 2543 304 8 21 0 21 40 5 5 5 38 38 38 38 38 0 0 2 505 652 117 75 253 0 2737 0 19 0 0 0 1045 331 0 145 110 0 1252 0 443 0 848 484 21 100 86 31 44 75 72 64 113 72 242 173 33 30 30 29 26 26 386 448 1005 31
0 0 0 0 0 0 0 0 0 0 0 0 0 0 0 0 0 15 15 15 0 12 2 0 1 0 0 0 0 0 0 0 0 0 0 0 0 0 0 0 0 0 0 0 0 0 0 0 0 0 0 0 0 0 0 0 0 0 0 0 0 0 0 0 0 0 0 0 0 0 0 0 0 0 0 0 0 0 0 0 0 0 0 0 0 0 0 0 0 0 0 0 0 0 0 0 0 0 0 2 0 0 0 0 0 0 0 0 0 0 0 2 0 0 0 0 0 0 0 0 0 0 0 0 0 0 0 0 0 0 0 0 0 0 14 0 0 0 0 0 0 0 0 0 0 0 0 0 0 0 0 0 0 0 0 0 0 0 0 0 0 0 0 0 0 0 0 0 1
4 20 9 0 0 0 0 127 1 2 1 4 0 6 1 280 27 319 319 319 0 982 972 0 0 90706 88334 61415 88538 45349 59732 93842 13792 83267 3870 0 0 0 0 3 0 63 0 0 0 0 1 0 0 0 0 0 0 0 0 0 0 0 0 0 0 0 0 0 0 0 0 0 0 0 0 0 0 0 0 0 4 0 3 0 1 4 5 0 0 0 54 14 8 23 11 0 0 0 0 0 1 0 0 617 0 0 0 0 0 0 0 0 1 0 0 0 0 0 0 0 0 0 0 0 0 19 99450 0 3 2 0 0 0 1 0 0 0 0 33047 5611 0 0 0 0 0 11911 0 0 0 606 0 0 5031 5503 0 0 0 0 0 0 0 22193 20310 86276 76512 77181 71584 62628 65660 3573 0 0 255
2 5 4 0 0 0 0 11 370 1 1 2 5 3 1 0 0 1 1 1 0 0 0 0 0 0 0 0 0 0 0 0 0 0 0 0 0 0 0 0 0 0 0 0 0 0 0 0 0 0 0 0 0 0 0 0 0 0 0 0 0 0 0 0 0 0 0 0 0 0 0 0 0 0 0 0 0 0 0 0 0 1 0 0 0 0 0 1 0 0 0 0 0 0 0 0 0 0 0 0 0 0 0 0 0 0 0 0 0 0 0 0 0 0 0 0 0 0 0 0 0 0 0 0 39 4 0 21 0 0 0 0 0 0 0 0 0 0 0 0 0 60 0 0 0 0 0 0 6 5 2 23 4 4 4 5 4 9 7 1 2 1 2 2 2 0 0 0 15
865 2562 2048 885 3911 4853 69 2030 1975 345 315 1264 2134 1425 300 1577 325 1614 1614 1614 0 1676 1666 0 16 1 21 2 0 14 2 0 41 0 1 0 0 2 34 0 26 11 0 154 152 0 50 0 54 246 32 25 76 41 0 0 0 11 11 11 0 8 0 2 0 11 11 11 11 0 0 6 19 7 127 81 127 38 129 0 150 2673 138 592 483 0 71 5 144 177 320 510 0 0 213 0 52 172 31 232 46 1078 0 0 0 0 0 36155 12 0 0 0 1 0 0 0 0 0 0 0 0 852 3 1557 621 40 0 316 109 4203 3022 26 13718 24081 0 778 0 0 1 69 24 817 510 184 0 151 274 0 30 27 13 121 23 22 19 66 147 89 71 15 19 15 18 15 14 12 27 448 18
1 2 1 0 0 0 0 4 1 0 1 1 2 1 0 0 0 3 3 3 0 13 3 0 0 0 0 0 0 0 0 0 0 0 0 0 0 0 3 0 1 0 0 8 0 0 2 0 0 0 0 12 26 0 0 0 0 3 3 3 0 0 0 0 0 3 3 3 3 0 0 0 0 118 32 77 14 0 14 0 161 621 144 87 91 0 1 2 1 1 0 0 0 44 4 0 3 10 0 3 0 17 0 0 0 0 0 53732 4 0 0 0 0 0 0 0 0 0 0 0 0 0 1 49 97 9 0 71 0 0 0 0 0 0 0 0 0 0 0 0 0 0 0 0 0 35 32 0 14 12 5 461 11 10 9 13 91 22 18 4 4 4 4 4 4 0 12 56 0
0 0 0 0 0 0 0 0 0 0 0 0 0 0 0 0 0 0 0 0 0 0 0 0 0 0 0 0 0 0 0 0 0 0 0 0 0 0 0 0 0 0 0 0 0 0 0 0 0 0 0 0 0 0 0 0 0 78 78 78 67 75 0 69 0 78 78 78 78 0 0 73 0 59 16 39 7 0 7 0 0 0 0 0 0 0 0 0 0 0 0 0 0 0 0 0 0 2 0 0 0 5 0 0 0 0 0 0 1 0 0 0 0 0 0 0 0 0 0 0 0 420 0 0 0 0 0 0 0 0 0 0 0 0 0 0 0 0 0 0 0 0 0 0 0 0 0 0 0 0 0 0 0 0 0 0 0 0 0 0 0 0 0 0 0 0 0 0 0
0 1 0 0 0 0 5 6 0 0 4 11 2 8 7 0 0 342 342 342 0 52 42 0 2 0 0 0 0 1 0 0 0 0 0 0 0 1 4 0 9 0 0 27 0 0 0 0 0 16 0 0 0 0 163 0 0 9 9 9 0 6 0 0 0 9 9 9 9 0 0 4 16 179 1910 3846 1 0 0 0 179 726 37 15 0 0 7 15 53 61 6 163 0 0 3 0 12 15 0 5 0 0 0 6 0 0 42 41 14 56 22 6 82 1 1 114 115 115 115 115 72 0 0 0 20 0 0 0 0 0 0 0 0 0 0 0 0 0 0 0 0 1 0 0 0 0 0 0 2 2 2 16 2 2 2 1 19 1 1 0 0 0 0 1 1 0 0 7 0
0 0 0 0 0 0 0 0 0 0 0 0 0 0 0 0 0 0 0 0 0 0 0 0 0 0 0 0 0 0 0 0 0 0 0 0 0 0 0 0 0 0 0 0 0 0 0 0 0 0 0 0 0 0 0 0 0 190 190 190 179 188 113 181 0 190 190 190 190 0 53 185 0 0 0 0 0 0 0 0 0 0 0 0 0 0 0 0 0 0 0 0 0 0 0 0 0 0 0 0 0 0 0 0 0 0 0 0 0 0 0 0 0 0 0 0 0 0 0 0 0 0 0 0 0 0 0 0 0 0 0 0 0 0 0 0 0 0 0 0 0 0 0 0 0 0 0 0 0 0 0 0 0 0 0 0 0 0 0 0 0 0 0 0 0 0 0 0 0
0 0 0 0 0 0 0 0 0 0 0 0 0 0 0 0 0 0 0 0 0 0 0 0 0 0 0 0 0 0 0 0 0 0 0 1 0 0 0 0 11 0 1 0 0 0 0 17 0 0 0 0 0 0 0 0 0 0 0 0 0 0 0 0 0 0 0 0 0 0 0 0 0 8090 2143 4561 1621 1581 1660 0 3 2 3 9 0 0 7 45 23 4 16 0 0 74 5 0 0 409 0 0 0 0 0 4 0 0 0 19 186 0 0 0 1 0 0 5742 5741 5742 5742 5742 5698 0 0 0 0 0 0 0 0 0 0 0 0 0 0 0 0 0 0 0 0 0 0 0 0 0 0 0 0 0 0 0 0 0 0 0 0 0 0 0 0 0 0 0 0 0 0 0 0
0 0 0 0 0 0 0 0 0 0 0 0 0 0 0 0 0 0 0 0 0 0 0 0 0 0 0 0 0 0 0 0 0 0 0 0 0 0 0 0 0 0 0 0 0 0 0 0 0 0 0 0 0 0 0 0 0 0 0 0 0 0 0 0 0 0 0 0 0 0 0 0 0 112 31 73 13 0 13 0 0 0 0 0 0 0 0 1 0 0 0 0 0 0 0 0 0 3 0 0 0 0 0 0 0 0 0 0 3 0 0 0 0 0 0 0 0 0 0 0 0 0 0 0 0 0 0 0 0 0 0 0 0 0 0 0 0 0 0 0 0 0 0 0 0 0 0 0 0 0 0 0 0 0 0 0 0 0 0 0 0 0 0 0 0 0 0 0 0
0 0 0 0 0 0 0 0 0 0 0 0 0 0 0 0 0 0 0 0 0 0 0 0 0 0 0 0 98 0 0 0 0 0 0 0 0 0 0 0 0 0 0 0 0 0 0 0 0 0 0 0 0 0 0 0 0 0 0 0 0 0 0 0 0 0 0 0 0 0 0 0 8961 0 0 0 0 0 0 0 0 0 0 0 0 0 0 0 0 0 0 0 0 0 0 0 0 0 0 0 0 0 0 0 0 0 0 0 0 0 0 0 0 0 0 0 0 0 0 0 0 0 0 0 0 0 0 0 0 126 47 0 0 0 0 0 0 0 0 0 0 0 0 0 0 0 0 0 0 0 0 0 0 0 0 0 0 0 0 0 0 0 0 0 0 0 0 0 0
0 0 0 0 0 0 0 0 0 0 0 0 0 0 0 0 0 0 0 0 0 0 0 0 0 0 0 0 0 0 0 0 0 0 0 0 0 0 0 0 0 0 0 0 0 0 0 0 0 0 0 0 0 0 0 0 0 0 0 0 0 0 0 0 0 0 0 0 0 0 0 0 0 0 0 0 0 0 0 0 0 0 0 0 0 0 0 0 0 0 0 0 0 0 0 0 0 0 0 0 0 0 0 0 0 0 0 0 0 0 0 0 0 0 0 0 0 0 0 0 0 0 0 0 191 18 0 152 0 0 0 0 0 0 0 0 0 0 0 0 0 288 192 74 0 141 96 0 27 24 10 13 21 20 18 25 85 43 35 7 8 7 8 8 7 0 39 169 0
0 0 0 0 0 0 0 0 0 0 0 0 0 0 0 0 0 9 9 9 0 0 0 0 0 0 0 0 0 0 0 0 0 0 0 0 0 0 0 0 0 0 0 0 0 0 0 0 0 0 0 0 0 0 4 11 0 291 291 291 280 288 213 282 100 291 291 291 291 0 153 286 0 0 0 0 0 0 0 0 0 0 0 0 0 0 0 0 0 0 0 0 0 0 0 0 0 0 0 0 0 0 0 0 0 21 78 28 0 31 5 175 46 0 0 0 0 0 0 0 0 0 0 0 0 0 0 0 0 0 0 0 0 0 0 0 0 0 0 0 0 0 0 0 0 0 0 0 0 0 0 0 0 0 0 0 0 0 0 0 0 0 0 0 0 0 0 0 0
0 0 0 0 0 0 0 0 0 0 0 0 0 0 0 0 0 5 5 5 0 0 0 0 0 0 0 0 0 0 0 0 0 0 0 0 0 0 0 0 0 0 0 0 0 0 0 0 0 0 0 0 0 0 2 0 0 138 137 138 127 135 60 129 0 138 138 138 138 0 0 133 0 0 0 0 1 0 0 0 0 0 0 0 0 0 0 0 0 0 0 0 0 0 0 0 0 112 0 0 9 25 0 0 0 0 0 10 0 0 2 67 18 0 0 0 0 0 0 0 0 0 0 0 0 0 0 0 0 0 0 0 0 0 0 0 0 0 0 0 0 0 0 0 0 0 0 0 0 0 0 0 0 0 0 0 0 0 0 0 0 0 0 0 0 0 0 0 0
0 0 0 0 0 0 0 0 0 0 0 0 0 0 0 0 0 1 1 1 0 14 5 0 0 0 0 0 0 0 0 0 0 0 0 0 0 0 0 0 2 0 0 0 0 0 0 0 0 0 0 159 0 0 0 0 0 5 5 5 0 2 0 0 0 5 5 5 5 0 0 0 0 816 276 752 217 131 221 659 6 4 5 7 0 0 2 6 3 2 3 6 0 0 1 0 3 359 0 0 440 1105 0 0 0 0 0 4 22 0 0 4 3 0 0 0 0 0 0 0 0 0 0 0 0 0 0 0 0 0 0 0 0 0 0 0 0 0 0 0 0 0 0 0 0 0 0 0 0 0 0 0 0 0 0 0 0 0 0 0 0 0 0 0 0 0 0 0 0
0 0 0 0 0 0 0 0 0 0 0 0 0 0 0 0 0 0 0 0 0 0 0 0 0 0 0 0 0 0 0 0 0 0 0 0 0 0 0 0 0 0 0 0 0 0 0 0 0 0 0 0 0 0 0 0 0 0 0 0 0 0 0 0 0 0 0 0 0 0 0 0 0 0 0 0 0 0 0 0 0 0 0 0 0 0 0 0 0 0 0 0 0 0 0 0 0 0 0 0 0 0 0 0 0 0 0 0 0 0 0 0 0 0 0 0 0 0 0 0 0 0 0 0 0 0 0 0 0 0 0 0 0 0 0 0 0 0 0 0 0 0 0 0 0 0 0 0 0 0 0 0 0 0 0 0 0 0 0 0 0 0 0 0 0 0 0 0 0
0 0 0 0 0 0 0 0 0 0 0 0 0 0 0 0 0 117 0 91 2198 0 800 0 13 0 2 0 0 6 0 0 0 0 0 0 0 0 0 0 0 0 1 0 0 0 0 117 0 2394 0 0 1362 0 0 0 0 0 0 0 0 0 0 0 0 0 0 0 0 0 0 0 6 0 0 0 671 718 712 31999 0 0 21 7 0 0 0 0 0 0 0 0 0 561 853 1583 1952 737 1328 0 164 0 0 0 0 0 0 18 109 0 0 0 1 0 0 0 0 0 0 0 0 0 0 0 0 0 0 0 0 0 0 14 0 0 0 0 0 0 0 0 0 0 0 0 0 0 0 0 0 0 0 5 0 0 0 0 0 0 0 0 0 0 0 0 0 0 0 74 0
0 228 310 32 291 5 339 0 0 0 0 1 0 0 0 43 0 24 0 1 62 0 160 0 3 0 0 0 0 1 0 0 0 0 0 0 0 0 0 0 0 0 0 0 0 0 0 0 0 0 0 0 0 0 0 0 0 0 0 0 0 0 0 0 0 0 0 0 0 0 0 0 0 98 0 0 0 3 5 0 0 0 0 0 0 0 0 0 0 0 0 0 0 0 0 0 0 4 0 0 0 0 0 0 0 0 0 0 2 0 0 0 0 0 0 0 0 0 0 0 0 0 0 0 0 0 0 0 0 0 0 0 0 0 0 0 0 0 0 0 0 0 0 0 0 0 0 0 0 0 0 0 0 0 0 0 0 0 0 0 0 0 0 0 0 0 0 0 0
0 13469 11590 6921 11104 183 14028 66 11 1 19 57 0 4 62 26 0 111 0 48 2194 0 768 0 13 0 2 0 0 6 0 0 0 0 0 0 0 0 0 0 0 0 0 0 1 1 0 0 0 0 0 1 0 0 0 0 0 0 0 0 0 0 0 0 0 0 0 0 0 0 0 0 1 1169 0 0 15 26 28 0 0 0 0 0 0 0 0 0 0 0 0 0 0 20 0 0 0 55 0 0 0 0 0 0 0 0 0 0 26 0 0 0 0 0 0 0 0 0 0 0 0 0 0 0 0 0 0 0 0 0 0 11 0 0 0 0 0 0 0 0 0 0 0 0 0 0 0 0 0 0 0 3 0 0 0 0 0 0 0 0 0 0 0 0 0 0 0 0 0
343 120 306 234 572 15 379 5 835 1231 394 780 164 321 465 474 107 251 69 248 2833 3005 3103 0 16 0 4 1 0 16 1 0 107 1 4 8 2 45 266 33 65 0 9 0 867 313 1521 0 1313 379 282 4516 1887 1344 582 0 0 0 0 0 0 0 0 0 0 0 0 0 0 0 0 0 84 0 9997 0 0 22849 22697 0 810 2139 2193 1191 6207 475 471 10889 1094 288 620 651 0 1020 0 655 1802 724 634 1273 0 690 0 232 0 0 0 36 176 15 0 12 1620 0 0 3348 3349 3350 3350 3350 3088 0 10 0 525 0 0 0 0 0 96 12 215 192 369 0 0 0 50 0 0 364 0 0 0 95 0 0 60 52 26 304 48 46 41 11 227 38 43 7 9 10 9 14 13 310 534 2616 228
0 0 0 0 1 1 0 4 0 0 0 0 0 0 0 1 0 1 0 0 44 0 37 0 0 0 0 0 0 0 0 0 0 0 0 0 0 0 0 0 0 0 0 0 0 0 0 0 0 0 0 0 0 0 0 22 0 92 88 92 0 77 84 92 92 0 78 92 92 92 92 0 0 0 0 0 0 0 0 0 0 0 0 0 0 0 0 0 0 0 0 0 0 0 0 0 0 0 0 0 0 0 0 0 0 0 0 0 0 0 0 0 0 0 0 0 1 1 0 1 0 0 0 5 0 0 0 0 0 0 251 8 0 0 2 0 0 0 0 0 0 8 0 0 0 0 0 0 0 0 0 0 0 0 0 0 0 0 0 0 0 0 0 0 0 0 0 0 1
0 0 0 0 1 2 0 1 1 0 0 0 0 0 0 0 0 1 0 0 25 0 12 0 0 0 0 0 0 0 0 0 0 0 0 0 0 0 0 0 0 0 0 0 0 0 91 0 0 0 0 0 0 0 0 0 0 0 0 0 0 0 0 0 0 0 0 0 0 0 0 0 0 0 0 0 0 0 0 0 0 0 0 1 0 0 0 0 0 0 0 0 0 0 0 0 0 0 0 0 0 0 0 0 0 0 0 0 0 0 0 0 0 0 0 0 0 0 0 0 0 0 0 8 0 0 0 0 0 0 73 16 0 5 0 0 0 0 0 0 0 3 0 0 0 0 0 0 0 0 0 1 0 0 0 0 0 0 0 0 0 0 0 0 0 0 0 0 0
10 15 9 0 0 0 159 230 2 2 24 42 0 3 29 247 415 2881 2482 2880 1237 515 697 0 11 0 5 1 0 34 4 0 26 0 1 5 0 75 897 24 164 37 0 1074 1835 2514 240 0 709 4707 0 120 1069 1244 1016 233 129 233 233 233 51 218 229 202 233 227 233 233 233 233 160 0 147 0 1310 2710 6222 6457 6420 0 3565 803 953 702 1801 0 194 159 139 242 587 1283 857 3718 2736 3583 5797 4479 6140 2453 5482 595 0 53 0 0 0 45 196 0 35 9986 29 0 0 733 468 736 736 736 695 931 4 0 2557 12 0 0 62 0 161 5611 0 333 318 147 43 0 0 11 0 1007 153 0 0 197 171 237 37 36 33 525 40 38 33 15 295 20 20 5 8 9 9 14 13 150 284 879 0
0 0 0 219 18 8 84 100 1 0 0 0 0 0 0 0 41 1221 1207 1215 443 0 205 0 8 0 1 0 0 7 1 0 32 0 1 1 0 7 39 47 122 0 2 242 4230 0 6 0 0 10 23 341 0 0 0 0 0 0 0 0 0 0 0 0 0 0 0 0 0 0 0 0 0 622 4 6 0 2158 2144 0 0 3 84 68 0 0 28 0 11 9 0 22 389 465 537 1047 276 1118 631 541 401 208 0 0 0 0 0 6 63 0 0 3 4 0 0 0 0 0 0 0 0 0 0 3632 333 0 0 0 0 0 77 0 0 0 50 0 0 0 0 0 0 170 3 277 0 0 183 0 2 2 2 19 2 2 2 1 2 1 1 0 0 0 0 1 1 0 59 0 1
0 0 0 0 0 0 0 0 0 0 0 0 0 0 0 0 0 2 0 0 0 0 0 0 0 0 0 0 0 0 0 0 0 0 0 0 0 0 0 0 0 0 0 0 6 0 0 96 0 0 0 0 0 0 0 0 0 0 0 0 0 0 0 0 0 0 0 0 0 0 0 0 0 0 0 0 0 4 1 0 0 0 0 71 0 0 0 0 0 0 0 0 0 15 0 302 1449 59 29 3 0 3 0 0 0 0 0 0 10 0 0 0 1 0 0 0 0 0 0 0 0 0 0 8245 0 0 0 0 0 0 141 0 0 49 0 240 0 0 0 0 0 0 0 0 0 74 0 80 5 5 4 15 5 5 4 2 2 3 3 1 1 1 1 2 2 0 0 92 0
0 0 0 0 0 0 0 0 0 0 0 0 0 0 0 0 0 0 0 0 0 0 0 0 0 0 0 0 0 0 0 0 0 0 0 0 0 0 0 0 0 0 0 0 0 0 0 0 0 0 0 0 0 0 0 0 0 0 0 0 0 0 0 0 0 0 0 0 0 0 0 0 0 0 0 0 0 0 0 0 0 121 0 0 0 0 0 0 0 0 0 0 0 0 0 0 0 0 0 0 0 0 0 0 0 0 0 0 0 0 0 0 0 0 0 8 8 9 9 9 0 0 0 0 0 0 0 0 0 0 0 0 0 0 0 0 0 0 0 0 0 0 0 0 0 0 0 0 0 0 0 7 0 0 0 0 0 0 0 0 0 0 0 0 0 0 0 0 0
0 0 0 0 0 0 0 0 0 0 0 0 0 0 0 8 0 1 0 0 19 11 17 0 0 0 0 0 0 0 0 0 0 0 0 0 0 0 0 0 0 0 0 0 0 0 0 0 0 0 0 0 0 0 0 0 0 1 0 0 0 0 1 0 1 0 0 1 1 1 0 0 0 0 0 0 0 0 0 0 0 0 3 0 0 0 0 0 0 0 0 0 0 0 0 0 0 0 0 0 0 0 0 0 0 0 0 0 2 0 16 0 0 0 0 6 8 9 8 9 0 0 0 4033 0 0 0 0 0 0 0 103 0 0 0 0 0 0 0 0 0 0 0 0 0 0 0 0 0 0 0 109 0 0 0 0 130 28 27 6 11 12 12 0 0 0 0 0 0
0 16 37 12 5 5 0 3 17 14 11 43 3 1 30 43 9 22 0 16 446 402 403 0 0 0 0 0 0 0 0 0 0 0 0 0 0 0 33 0 0 0 6 0 1 0 1 22 1 0 0 50 0 0 0 63 0 68 65 68 0 0 68 40 68 67 68 68 68 68 68 64 0 97 73 186 0 80 85 0 1562 6627 23282 3753 0 187 0 4537 0 0 0 79 0 30 89 446 89 313 0 35 0 0 0 0 0 0 252 7 66 338 0 4 508 4 4 51 51 51 51 51 31 0 3 3660 0 0 0 0 0 0 0 0 0 0 0 4 0 0 0 0 0 0 0 0 0 18 80 0 24 24 21 120 26 25 21 10 38 13 13 3 5 6 6 9 8 0 39 132 0
0 0 0 56 0 2 23 31 0 0 0 0 0 0 0 69 27 1202 0 1188 1306 393 794 0 1 0 0 0 0 1 0 0 2 0 0 0 0 0 0 1 0 0 0 0 17 292 0 0 0 48 0 0 95 0 0 0 48 77 61 77 33 75 77 30 77 53 76 77 77 77 77 74 36 240 234 64 0 187 279 52 132 169 528 3887 0 0 32 0 0 0 0 21725 23491 12433 2180 16918 2670 528 8136 8628 0 675 0 343 0 0 0 75 861 84 0 69 98 0 0 2345 2055 2286 2417 2417 2288 0 2 8658 1305 0 0 0 0 0 0 0 0 0 0 0 0 0 0 0 0 2 0 0 0 0 16 0 13 13 12 56 14 14 12 5 30 7 7 2 3 3 3 5 5 0 4 0 0
0 0 0 0 0 0 0 0 0 0 0 0 0 0 0 0 0 7 0 7 0 0 0 0 0 0 0 0 0 0 0 0 0 0 0 0 0 0 0 0 0 0 0 0 0 0 0 0 0 0 0 0 0 0 0 0 0 0 0 0 0 0 0 0 0 0 0 0 0 0 0 0 7 147 25 44 0 18 44 0 0 8 361 42 128 0 0 0 0 0 0 0 0 0 0 285 76 684 0 0 315 20 0 59 0 0 0 24 89 0 0 1 17 0 0 0 0 0 0 0 0 0 0 86 0 0 0 0 0 0 0 0 0 0 0 0 0 0 0 0 0 0 0 0 0 0 0 0 0 0 0 2 0 0 0 0 0 0 0 0 0 0 0 0 0 0 0 0 0
0 0 0 0 0 0 3 1 0 0 0 0 0 0 0 0 2 171 127 171 44 0 22 0 0 0 0 0 0 0 0 0 0 0 0 0 0 2 65 0 0 0 0 41 4 10 361 0 11 0 0 0 200 1183 0 0 0 0 0 0 0 0 0 0 0 0 0 0 0 0 0 0 1 190 28 13 0 386 411 0 707 525 1155 63 0 785 1 0 1 1 2 8848 3407 3703 498 3813 550 1474 1094 1161 801 93 0 0 0 0 0 28 228 0 0 0 23 0 0 0 0 0 0 0 0 0 0 439 188 0 0 0 0 0 0 0 0 0 0 0 0 0 0 0 0 0 0 0 0 0 0 0 0 0 0 13 0 0 0 0 21 0 0 0 0 0 0 0 0 0 0 8 0
0 0 0 0 0 0 0 0 0 0 0 0 0 0 0 0 0 18 0 18 0 0 0 0 0 0 0 0 0 0 0 0 0 0 0 0 0 0 0 0 0 0 0 0 0 0 0 0 0 0 0 0 0 24 0 0 0 0 0 0 0 0 0 0 0 0 0 0 0 0 0 0 0 65 10 10 0 63 74 0 0 126 29 14 43 183 0 0 0 0 0 155 0 0 0 46 16 0 2 0 0 0 0 14 65 0 0 29 224 0 0 9 12 0 0 0 0 0 0 0 0 0 0 596 0 0 0 0 0 0 0 0 0 0 0 0 0 0 0 0 0 0 0 0 0 0 0 0 0 0 0 0 0 0 0 0 0 0 0 0 0 0 0 0 0 0 0 0 0
0 0 0 0 0 0 0 0 0 0 0 0 0 0 0 0 1 53 0 53 0 0 0 0 0 0 0 0 0 0 0 0 0 0 0 0 0 0 0 0 0 0 0 0 0 0 0 0 0 0 0 1 0 61 0 0 0 0 0 0 0 0 0 0 0 0 0 0 0 0 0 0 0 49 22 17 0 145 169 0 0 7 86 47 12 331 0 0 0 0 0 296 953 0 0 4058 269 622 12 188 0 40 0 39 0 0 0 44 334 0 0 12 21 0 0 0 0 0 0 0 0 0 0 0 545 0 0 0 0 0 0 0 0 0 0 0 0 0 0 0 0 0 0 0 0 0 3 0 0 0 0 6 0 0 0 0 0 0 0 0 0 0 0 0 0 0 0 3 0
0 0 0 0 0 0 0 0 0 0 0 0 0 0 0 0 0 12 0 12 8 0 7 0 0 0 0 0 0 0 0 0 0 0 0 0 0 0 0 0 0 0 0 0 0 0 0 0 0 0 0 0 0 0 0 0 0 0 0 0 0 0 0 0 0 0 0 0 0 0 0 0 12 65 20 24 0 29 47 0 32 416 492 45 455 122 50 0 11956 4651 0 2402 0 0 0 0 143 263 44 356 5 0 0 117 2136 75 361 38 281 381 0 12 433 0 0 0 0 0 0 0 0 0 0 343 0 0 0 0 0 0 0 0 0 35 0 0 0 0 0 0 0 0 0 0 0 0 0 0 0 0 0 1 0 0 0 0 0 0 0 0 0 0 0 0 0 0 0 0 0
0 0 0 0 0 0 0 0 0 0 0 0 0 0 0 0 1 93 67 67 400 125 128 0 0 0 0 0 0 0 0 0 0 0 0 0 0 0 0 0 0 0 0 0 0 7 0 0 0 0 0 0 0 0 0 0 0 19 15 19 0 5 19 0 19 17 19 19 19 19 19 0 4 6 15 4 0 3 8 0 0 48 38 129 0 0 23 0 0 0 0 0 0 0 113 1905 131 215 595 360 0 0 0 35 14 59 11 6 57 120 0 51 5 0 0 458 421 419 471 471 445 0 0 806 46 0 0 0 0 261 0 0 0 0 0 0 0 0 0 0 0 0 0 0 0 0 0 0 0 0 0 4 0 0 0 1 5 3 2 0 0 0 0 0 0 0 0 0 0
8 15 5 294 24 11 112 147 2 2 28 33 5 0 23 175 216 2770 2675 2770 622 6 308 0 93 0 3 0 0 19 2 0 23 0 1 4 1 34 353 1 9 10 3 129 529 1789 65 59 16 538 0 273 727 95 857 217 0 218 213 217 87 206 218 170 218 215 218 218 218 218 218 213 218 547 52 20 726 2244 2250 0 0 1699 235 781 1000 0 323 0 284 0 1410 2669 0 6895 1533 3210 2600 2553 3803 2622 887 452 0 358 673 621 827 34 218 781 33 2085 791 0 4 182 181 182 182 182 124 565 3 6983 662 95 0 0 0 14 87 2852 0 584 0 60 0 0 0 0 0 497 153 0 0 262 209 0 61 60 54 1008 66 63 54 25 530 34 32 8 13 15 15 24 21 0 115 441 0
88 99 118 0 0 30 271 371 4 0 25 94 9 5 65 584 328 0 0 0 0 771 891 0 30 0 8 1 0 51 6 0 72 0 3 1 0 7 49 0 16 1 2 93 107 137 54 0 0 82 82 302 0 307 468 104 0 118 54 117 10 0 117 98 118 0 115 118 118 118 117 83 97 0 288 0 0 3 11 0 0 0 900 980 0 0 539 0 448 297 1847 915 0 0 0 0 274 1503 0 0 0 455 0 982 1775 728 896 32 61 825 136 180 812 0 0 66 63 67 67 67 0 174 9 0 0 0 0 0 0 218 0 3358 102 222 205 237 0 0 0 0 0 1303 0 0 0 0 0 0 350 343 310 617 373 359 307 140 1262 192 184 45 75 86 85 135 121 4 148 0 0
1 1 1 13 0 1 0 6 0 0 0 0 0 0 162 80 24 74 66 74 120 145 148 0 0 0 0 0 0 0 0 0 0 0 0 0 0 4 48 0 1 0 0 4 20 0 8 0 0 86 0 12 0 0 0 0 0 1 1 1 0 0 1 0 1 0 1 1 1 1 1 0 0 0 12 2 80 317 151 0 0 0 26 37 0 0 10 0 4 6 31 0 0 113 0 1252 0 769 27 249 0 123 0 164 282 96 127 18 27 1289 0 0 1275 9 9 7 8 8 8 8 0 0 2 9 17 0 0 104 0 0 587 151 0 0 84 0 285 62 0 0 0 57 1217 0 0 564 773 0 846 829 749 53 904 869 743 338 34 465 446 109 182 207 205 327 294 24 109 212 0
0 0 0 21 0 2 1 11 0 0 4 3 0 1 2 11 14 870 853 870 202 145 249 0 66 0 1 0 0 9 1 0 6 0 1 0 0 0 0 0 136 0 0 0 823 0 442 0 0 143 10 28 0 41 64 221 113 223 222 223 180 219 223 192 223 209 223 223 223 223 223 219 21 0 5 3 0 185 193 0 0 0 163 47 0 0 0 0 0 0 64 0 0 3526 0 0 0 158 3215 2450 0 275 596 2835 3266 4721 5394 89 183 4851 18 926 4708 0 45 11 11 12 12 12 0 46 1 5409 1365 2 182 349 260 809 0 254 0 112 285 299 0 0 370 189 0 1785 0 0 0 105 59 477 124 122 110 307 133 128 109 50 291 68 66 16 27 30 30 48 43 0 487 0 6
0 0 0 0 0 0 0 1 0 0 0 0 0 0 0 3 4 14 10 14 4 3 5 0 3 0 0 0 0 0 0 0 0 0 0 0 0 0 0 0 0 0 0 0 0 0 0 0 0 0 0 1 0 0 0 0 0 0 0 0 0 0 0 0 0 0 0 0 0 0 0 0 1 0 2 1 0 17 10 0 0 0 19 8 0 0 0 0 0 0 0 0 0 0 568 903 0 1261 0 152 0 22 0 0 0 0 0 4 28 0 2 673 0 0 0 0 0 0 0 0 0 0 0 0 16 0 0 109 0 0 0 44 0 0 0 0 0 0 0 0 0 70 0 0 0 0 12 0 27 26 24 25 28 27 23 11 103 15 14 3 6 7 6 10 9 0 101 211 0
0 0 0 0 0 0 0 0 0 0 0 0 0 0 0 0 0 92 0 91 30 0 44 0 2 0 0 0 0 0 0 0 0 0 0 0 0 0 0 0 0 0 0 0 0 0 1 0 0 0 0 0 0 0 0 0 0 3 1 3 0 0 0 0 3 0 0 3 3 3 0 0 5 0 0 0 0 60 62 0 0 0 3 1 0 0 0 0 0 0 0 0 0 0 0 0 0 0 0 321 0 22 0 0 0 0 0 0 6 0 2 1 0 0 0 21 0 22 22 22 0 0 1 0 0 0 0 0 0 0 0 71 0 0 0 0 0 0 0 0 0 34 50 0 0 0 70 0 65 64 58 62 70 67 57 26 495 36 34 8 14 16 16 25 23 0 16 0 0
12 12 11 102 15 10 3 44 1 1 6 115 26 1 24 154 41 480 472 480 115 58 132 0 0 0 0 0 0 0 0 0 11 0 1 0 0 14 12 0 1 0 0 21 16 0 2 0 0 0 0 80 0 0 20 49 0 49 48 48 0 44 49 34 49 49 49 49 49 49 49 48 7 0 45 123 0 156 158 0 0 0 118 549 47 0 24 0 0 0 0 0 0 773 0 0 121 446 0 765 8 338 0 35 61 0 13 10 14 344 1 2 359 1 1 44 44 44 43 44 44 0 1 324 9699 113 0 0 0 0 1845 3 0 63 107 0 0 0 0 0 0 1059 0 0 0 266 27 0 1380 1353 1222 375 1474 1418 1213 552 1167 758 728 178 297 338 335 534 480 22 58 51 1523
0 0 0 13 2 2 4 10 2 0 0 0 0 0 0 0 236 197 195 197 107 8 49 0 0 0 0 0 0 0 0 0 1 0 0 0 0 0 0 0 1 0 0 0 0 0 32 0 0 0 0 3 0 0 12 4 0 0 0 3 0 0 4 0 4 4 4 4 4 4 4 4 0 0 0 0 0 8 8 0 0 0 0 0 0 0 0 0 0 0 0 0 0 246 0 0 0 0 0 0 0 5 0 0 0 0 0 0 2 0 0 44 0 0 0 0 0 0 0 0 0 0 0 0 0 6815 0 0 0 568 0 0 1140 3950 0 0 23 0 0 0 0 572 0 50 0 0 0 0 0 0 0 14 0 0 0 0 7 0 0 0 0 0 0 0 0 0 0 0 6253
2 9 4 280 1 2 122 159 2 2 2 0 0 0 0 314 390 652 0 650 568 207 266 0 1 0 0 0 0 3 0 0 20 0 1 4 1 27 155 0 40 0 6 218 575 0 70 0 0 0 0 123 0 547 493 112 0 113 113 113 0 103 110 110 113 100 113 113 113 113 0 0 3 0 219 560 381 1331 1342 0 0 1566 166 179 809 326 0 0 116 220 0 3521 0 1412 674 1279 393 1384 0 306 0 270 0 136 38 22 92 52 120 114 0 3 161 0 0 0 0 0 0 1 0 0 0 606 12 1 0 8 0 249 139 460 615 1758 652 726 1567 0 204 205 0 167 234 615 0 649 0 2589 553 542 490 211 591 568 486 221 24 304 292 71 119 135 134 214 192 1100 703 0 6
0 0 0 0 0 0 0 0 0 0 0 1 0 0 0 0 0 5 0 4 2 0 1 0 0 0 0 0 0 0 0 0 0 0 0 0 0 0 1 0 0 0 0 1 0 0 0 0 0 0 0 43 0 0 0 0 0 1 1 1 0 0 0 1 1 1 1 1 1 1 0 0 13 8 2 5 0 13 12 0 0 0 1 0 0 0 0 0 7 0 37 9 0 0 0 0 0 0 0 0 0 0 0 0 0 0 0 0 1 0 0 0 0 0 0 0 0 0 0 0 0 0 0 0 0 0 0 0 0 0 0 0 0 0 0 0 0 0 0 0 0 0 0 0 0 0 0 0 0 0 0 1157 0 0 0 0 54 0 0 0 0 0 0 0 0 0 0 0 0
333 146 85 7 108 144 199 203 433 226 287 88 85 324 280 235 0 864 0 864 3938 4815 4816 0 176 0 28 5 0 89 18 0 62 0 3 2 0 21 251 6 46 120 2 189 533 234 243 561 127 334 220 1457 1288 317 0 518 476 520 519 520 519 520 520 505 520 520 520 520 520 453 494 518 1 657 564 1543 2327 2426 2419 615 897 1105 1054 2398 3864 1205 190 6364 235 360 3457 96 423 234 376 0 148 300 331 244 281 301 0 51 0 0 0 17 125 1 0 1 12 17882 18596 0 0 0 0 0 0 0 6 271 276 69 96 318 0 170 282 179 84 60 74 319 0 0 83 0 102 140 116 272 0 427 498 112 37 36 33 230 40 38 33 31 130 20 20 1 1 1 1 2 2 168 314 392 804
17 12 7 6 0 11 17 9 36 19 24 7 6 48 23 5 0 73 0 72 332 0 406 0 15 0 2 0 0 7 1 0 0 0 0 0 0 0 4 0 4 4 0 0 42 0 18 0 0 0 0 122 71 0 0 33 25 44 43 44 35 42 44 0 44 0 43 44 44 1 27 34 1 26 46 124 0 117 117 0 45 87 87 200 87 0 0 249 0 0 0 0 0 0 0 0 3 22 0 20 0 23 0 0 0 0 0 1 8 0 0 0 1 1514 1847 0 0 0 1 1 0 0 0 0 21 3 0 0 0 0 4 12 0 3 0 8 0 0 0 0 0 11 0 0 0 34 22 0 3 3 3 180 3 3 3 3 77 2 2 0 0 0 0 0 0 0 0 0 13
25 11 6 13 8 11 15 9 33 17 22 7 7 44 21 8 0 66 66 66 301 368 368 0 12 0 2 0 0 7 1 0 0 0 0 0 0 0 0 0 4 0 0 0 35 0 13 42 0 2 17 111 86 0 0 40 0 40 39 40 40 40 40 40 40 40 40 40 40 26 34 39 1 50 43 118 78 106 106 48 69 84 80 183 248 70 14 353 0 29 0 0 0 0 0 0 9 22 0 19 0 19 0 3 0 0 0 1 7 0 0 0 1 1368 1271 0 0 0 0 0 0 0 0 0 21 5 8 25 0 13 22 14 7 5 6 24 0 0 0 0 0 11 0 0 0 33 0 0 3 3 3 143 3 3 2 2 47 2 1 0 0 0 0 0 0 0 0 0 19
92 40 23 0 30 40 55 34 119 62 79 24 23 158 77 28 0 238 238 238 1086 1328 1328 0 49 0 8 1 0 25 5 0 17 0 1 0 0 0 42 0 13 26 0 7 142 0 63 152 0 31 61 402 342 0 0 143 0 144 141 144 144 144 144 62 144 144 144 144 144 0 81 121 0 181 154 423 182 383 382 172 248 304 287 660 413 252 52 1272 67 104 0 0 0 0 0 0 39 79 36 67 0 79 1 11 0 0 0 4 26 0 0 0 3 4941 4824 0 0 0 0 0 0 0 2 0 76 19 31 89 0 47 79 49 24 17 21 88 0 0 0 0 0 39 0 0 0 118 104 0 10 10 9 34 11 10 9 9 86 6 5 0 0 0 0 1 1 0 51 0 143
32 14 8 16 11 14 19 12 42 22 28 9 8 56 27 10 0 84 84 84 384 469 469 0 17 0 3 0 0 8 2 0 0 0 0 0 0 0 0 0 5 0 0 0 47 0 19 53 0 0 22 142 103 0 0 51 0 38 38 51 51 51 51 0 51 51 51 51 51 0 2 48 0 64 54 148 68 136 135 61 88 108 101 233 0 89 18 450 24 37 0 0 0 0 0 0 12 28 0 24 0 25 0 4 0 0 0 1 9 0 0 0 1 1742 1618 0 0 0 0 0 0 0 1 0 27 7 11 31 0 17 28 17 8 6 7 31 0 0 0 0 0 14 0 0 0 42 0 0 4 4 3 4 4 4 3 3 2 2 2 0 0 0 0 0 0 0 0 0 2
0 0 0 0 0 0 0 0 1 0 1 0 0 1 0 0 0 2 0 2 9 7 12 0 0 0 0 0 0 0 0 0 0 0 0 0 0 0 0 0 0 0 0 0 1 0 0 0 0 0 0 3 0 0 0 0 0 1 1 1 0 0 1 0 1 0 1 1 1 0 0 0 1 0 1 1 0 3 3 0 0 1 2 5 0 0 0 0 0 0 0 0 0 0 0 0 0 0 0 0 0 0 0 0 0 0 0 0 0 0 0 0 0 40 36 0 0 0 0 0 0 0 0 0 0 0 0 0 0 0 0 0 0 0 0 0 0 0 0 0 0 0 0 0 0 0 0 0 0 0 0 50 0 0 0 0 20 0 0 0 0 0 0 0 0 0 0 0 14
0 0 0 0 0 0 0 0 0 0 0 0 0 0 0 0 0 0 0 0 0 0 0 0 0 0 0 0 0 0 0 0 0 0 0 0 0 0 0 0 0 0 0 0 0 0 0 0 0 0 0 0 0 0 0 0 0 0 0 0 0 0 0 0 0 0 0 0 0 0 0 0 0 0 0 0 0 0 0 0 0 0 0 0 0 0 0 0 0 0 0 0 0 0 0 0 0 0 0 0 0 0 0 0 0 0 0 0 0 0 0 0 0 0 0 0 0 0 0 0 0 0 0 0 0 0 0 0 0 0 0 0 0 0 0 0 0 0 0 0 0 0 0 0 0 0 0 0 0 0 0 11 0 0 0 0 5 0 0 0 0 0 0 0 0 0 0 0 1
18 8 5 9 5 8 11 7 24 12 16 5 5 31 15 5 0 47 46 47 214 262 262 0 10 0 2 0 0 5 1 0 3 0 0 0 0 0 0 0 3 1 0 0 19 0 9 30 0 0 12 79 50 0 0 23 25 28 28 28 25 28 28 0 28 28 28 28 28 0 5 27 0 35 30 84 0 76 76 26 49 60 57 130 0 0 10 199 12 18 0 0 0 0 0 0 8 15 0 13 0 16 0 2 0 0 0 1 5 0 0 0 0 973 950 0 0 0 0 0 0 0 0 0 15 3 0 10 0 9 14 10 4 3 3 15 6 0 0 0 0 8 0 0 0 23 0 0 2 2 2 0 2 2 2 2 0 1 1 0 0 0 0 0 0 14 0 0 0
0 0 0 0 0 0 0 0 0 0 0 0 0 0 0 0 0 0 0 0 0 0 0 0 0 0 0 0 0 0 0 0 0 0 0 0 0 0 0 0 0 0 0 0 0 0 0 0 0 0 0 0 0 0 0 0 0 0 0 0 0 0 0 0 0 0 0 0 0 0 0 0 0 0 0 0 0 0 0 0 0 0 0 0 0 0 0 0 0 0 0 0 0 0 4 0 0 0 0 0 0 0 0 0 0 0 0 0 0 0 0 0 0 0 0 0 0 0 0 0 0 0 0 0 0 0 0 0 0 0 0 0 0 0 0 0 0 0 0 0 0 0 0 0 0 0 0 0 0 0 0 0 0 0 0 0 0 0 0 0 0 0 0 0 0 0 0 0 0
0 0 0 0 0 0 0 0 0 0 0 0 0 0 0 0 0 0 0 0 0 0 0 0 0 0 0 0 0 0 0 0 0 0 0 0 0 0 0 0 0 0 0 0 0 0 0 0 0 0 0 0 0 0 0 0 0 0 0 0 0 0 0 0 0 0 0 0 0 0 0 0 0 0 0 0 0 0 0 0 0 0 0 0 0 0 0 0 0 0 0 0 0 0 0 0 0 0 0 0 0 0 0 0 0 0 0 0 0 0 0 0 0 0 0 0 0 0 0 0 0 0 0 0 0 0 0 0 0 0 0 0 0 0 0 0 0 0 0 0 0 0 0 0 0 0 0 0 0 0 0 0 0 0 0 0 0 0 0 0 0 0 0 0 0 0 0 0 0
0 0 0 0 0 0 0 0 0 0 0 0 0 0 0 0 0 0 0 0 0 0 0 0 0 0 0 0 0 0 0 0 0 0 0 0 0 0 0 0 0 0 0 0 0 0 0 0 0 0 0 0 0 0 0 0 0 0 0 0 0 0 0 0 0 0 0 0 0 0 0 0 0 0 0 0 0 0 0 0 0 0 0 0 0 0 0 0 0 0 0 0 0 0 0 0 0 0 0 0 0 0 0 0 0 0 0 0 0 0 0 0 0 0 0 0 0 0 0 0 0 0 0 0 0 0 0 0 0 0 0 0 0 0 0 0 0 0 0 0 0 0 0 0 0 0 0 0 0 0 0 1 0 0 0 0 0 0 0 0 0 0 0 0 0 0 0 0 0
193 85 49 95 63 84 116 71 252 131 167 51 49 333 163 59 0 0 0 0 0 2800 2800 0 102 0 16 3 0 52 11 0 36 0 2 1 0 16 149 4 27 71 2 116 310 148 142 3 87 202 128 847 0 224 0 0 0 0 0 0 0 0 0 0 0 0 0 0 0 0 0 0 0 377 317 1 1 0 1 3 2 1 590 1384 0 25 102 4 139 214 732 56 320 170 0 53 87 150 0 142 173 176 0 0 0 0 0 0 18 0 0 0 1 0 0 4 4 4 4 4 2 0 1 0 170 43 68 198 96 106 176 110 53 37 46 197 85 0 73 7 190 86 144 200 87 0 0 174 23 22 20 123 24 23 20 19 53 13 12 0 1 1 1 1 1 161 200 271 221
286 126 73 0 93 124 171 105 373 194 247 75 73 493 241 88 0 0 0 0 0 4141 4141 0 152 0 24 4 0 77 16 0 53 0 3 2 0 23 221 6 39 0 2 0 459 0 210 11 0 0 0 1253 0 332 0 0 0 0 0 0 0 0 0 0 0 0 0 0 0 0 0 0 0 6 471 5 11 1 6 2 1 1 893 2048 0 35 150 5088 203 315 1085 42 0 243 0 0 128 196 0 0 0 260 0 0 0 0 0 0 40 0 0 0 3 49461 0 6 6 6 6 6 4 0 18 0 0 238 0 0 0 0 0 619 300 209 258 0 0 0 0 45 0 485 0 0 0 0 0 0 128 125 113 570 137 132 112 108 306 70 68 3 4 5 4 7 6 921 1124 0 987
0 0 0 0 0 0 0 0 0 0 0 0 0 0 0 0 4 260 0 260 34 32 11 0 2 0 0 0 0 3 0 0 3 0 0 0 0 0 0 0 0 0 0 0 0 0 0 2 0 0 0 0 0 0 1067 3 0 0 0 0 0 0 0 0 0 0 0 0 0 0 0 0 0 6 6 23 0 1 2 0 2 5 0 0 0 0 1 0 0 1 0 0 0 0 0 0 0 0 0 0 0 0 0 0 0 0 0 0 2 0 0 0 0 0 0 0 14 14 3 14 0 5 0 0 0 0 0 0 0 0 0 0 0 0 0 0 0 0 0 0 0 0 0 0 0 0 0 0 0 0 0 1 0 0 0 0 0 0 0 0 0 0 0 0 0 0 0 0 0
0 0 0 0 0 0 0 0 0 0 0 0 0 0 0 0 0 0 0 0 0 0 0 0 0 0 0 0 0 0 0 0 0 0 0 0 0 0 0 0 0 0 0 0 0 0 0 0 0 0 0 0 0 0 0 0 0 0 0 0 0 0 0 0 0 0 0 0 0 0 0 0 0 0 4 0 0 0 1 0 0 2 0 0 0 0 0 0 0 0 0 0 0 0 0 0 1 69 0 0 41 37 0 3 0 0 0 0 10 0 0 0 2 0 0 0 0 0 0 0 0 1 0 0 0 0 0 0 0 0 0 0 0 0 0 0 0 0 0 0 0 0 0 0 0 0 0 0 0 0 0 1 0 0 0 0 0 0 0 0 0 0 0 0 0 0 0 0 0
0 0 0 0 0 0 0 0 0 0 0 0 0 0 0 0 0 0 0 0 0 0 0 0 0 0 0 0 0 0 0 0 0 0 0 0 0 0 0 0 0 0 0 0 0 0 0 0 0 0 0 0 0 0 0 0 0 0 0 0 0 0 0 0 0 0 0 0 0 0 0 0 0 0 1 0 0 0 0 0 0 1 0 0 0 0 0 0 0 0 0 0 0 0 0 0 0 0 0 0 0 0 0 1 0 0 0 0 4 0 0 0 1 0 0 0 0 0 0 0 0 0 0 0 0 0 0 0 0 0 0 0 0 0 0 0 0 0 0 0 0 0 0 0 0 0 0 0 0 0 0 0 0 0 0 0 0 0 0 0 0 0 0 0 0 0 0 0 0
0 0 0 0 0 0 0 0 0 0 0 0 0 0 0 0 1 0 0 0 6 5 0 0 0 0 0 0 0 1 0 0 0 0 0 0 0 0 1 0 0 4 0 0 0 0 0 0 0 0 0 0 0 0 0 0 0 0 0 0 0 0 0 0 0 0 0 0 0 0 0 0 0 2 2 8 0 0 1 0 1 2 0 0 0 0 0 0 0 1 0 0 0 0 0 0 0 0 0 0 0 0 0 0 0 0 0 0 0 0 0 0 0 0 0 0 10 10 0 10 0 0 0 0 0 0 0 0 0 0 0 0 0 0 0 0 0 0 0 0 0 0 0 0 0 0 0 0 0 0 0 0 0 0 0 0 0 0 0 0 0 0 0 0 0 0 0 0 0
13 0 0 0 0 0 21 10 0 0 0 0 0 0 0 0 342 0 0 0 0 0 0 0 0 0 0 0 0 0 0 0 0 0 0 0 0 0 0 0 0 0 0 0 0 0 0 0 0 0 0 0 0 0 0 0 0 0 0 0 0 0 0 0 0 0 0 0 0 0 0 0 0 0 0 0 0 0 0 0 0 0 0 0 0 0 0 0 0 0 0 0 0 0 0 0 0 0 0 0 0 0 0 0 0 0 0 0 0 0 0 0 0 0 0 0 0 0 0 0 0 0 0 0 0 0 0 0 0 0 0 0 0 0 0 0 0 0 0 0 0 0 0 0 0 0 0 0 0 0 0 1 0 0 0 0 0 0 0 0 0 0 0 0 0 0 0 0 0
21 0 0 0 0 0 24 16 0 0 0 0 0 0 0 0 365 0 0 0 75 308 287 0 24 0 3 0 0 33 2 0 32 0 1 1 0 7 70 11 7 196 10 90 83 1 29 118 0 6 12 3 126 0 0 42 4 42 42 42 42 42 42 0 42 0 42 42 42 42 42 42 0 0 1235 0 0 266 265 0 124 253 49 154 0 0 17 15 8 20 12 0 0 30 20 38 62 23 0 101 17 17 8 21 4 294 334 1 6 300 1 2351 291 0 0 493 506 506 496 506 0 66 0 0 23 1 1 9 0 102 52 107 51 36 44 191 64 0 0 0 0 72 29 26 0 0 0 0 1 2 2 108 2 2 2 1 127 6 4 0 0 0 0 1 0 180 50 98 0
0 0 0 11 4 5 0 13 2 1 0 0 0 1 0 1 0 72 0 72 403 0 172 0 12 0 1 0 0 5 1 0 3 0 0 0 0 2 18 0 5 7 0 6 34 0 12 73 29 67 0 186 529 7 0 21 12 20 0 21 0 21 0 20 21 20 21 21 21 20 21 21 0 564 13 34 13 188 187 0 66 15 10 6 7 42 10 61 5 2 15 66 0 0 38 0 21 52 35 29 2 75 0 5 0 0 0 2 17 0 0 0 1 0 0 0 0 1 1 1 0 0 0 0 2 0 0 0 0 0 0 97 0 0 0 0 0 0 0 229 0 209 104 181 0 0 182 111 0 0 0 88 0 0 0 0 0 0 0 0 0 0 0 0 0 136 172 853 0
0 0 0 0 0 12 3 0 1 2 0 31 2 3 21 14 0 0 0 0 0 0 0 0 1 0 0 0 0 0 0 0 0 0 0 1 0 5 0 1 13 4 2 0 0 0 13 0 0 0 0 31 0 0 0 0 0 0 0 0 0 0 0 0 0 0 0 0 0 0 0 0 23 0 87 0 0 0 0 0 0 0 73 0 0 0 5 0 9 0 0 0 0 0 0 0 0 0 0 0 0 107 0 0 0 0 0 2 0 0 2 12 249 0 0 0 0 0 0 0 0 15 0 0 0 2 0 0 0 0 0 0 0 28 0 0 0 0 0 0 0 38 0 0 0 0 0 0 95 92 80 216 101 95 80 36 266 48 46 11 19 22 22 35 31 0 0 0 0
11 2 1 78 5 0 0 41 0 0 5 22 2 0 15 79 57 352 260 352 571 278 283 0 0 0 0 0 0 0 0 0 1 0 0 0 0 2 14 1 2 2 0 9 0 19 6 1 0 0 0 23 0 0 183 42 0 41 38 38 0 0 41 24 41 41 41 41 41 41 41 28 333 0 70 195 0 0 0 53 0 0 25 0 0 0 0 0 0 15 0 0 0 44 0 0 34 39 0 9 0 180 0 70 197 241 318 2 3 293 56 106 295 3 3 744 744 744 744 744 701 53 4 0 0 0 3 0 0 0 0 1282 0 68 0 0 0 36 0 0 0 190 0 0 265 67 134 0 981 961 869 1831 1048 1008 862 392 138 539 518 127 211 240 238 379 341 202 206 0 0
8 401 75 42 173 50 30 89 256 138 185 81 32 151 87 216 90 0 0 0 2105 1281 1281 0 1 0 0 0 0 0 0 0 0 0 0 55 212 118 108 7 99 280 67 85 109 53 23 58 0 4 0 258 72 0 0 0 0 0 0 0 0 0 0 0 0 0 0 0 0 0 0 0 6 133 40 137 0 59 60 0 0 49 205 263 271 0 2 0 1 0 1 0 0 5 0 0 0 1 0 0 0 0 0 0 0 0 0 0 4 0 2349 8819 0 0 0 0 0 0 0 0 0 0 0 182 0 80 0 0 0 0 5184 46 0 0 0 0 0 0 0 0 0 3278 0 0 0 379 181 0 6 6 0 685 0 0 0 0 621 3 3 1 1 1 1 2 2 0 0 225 0
1 149 19 66 45 28 0 29 105 0 65 61 167 113 0 2 0 0 0 0 29 16 16 0 0 0 0 0 0 0 0 0 0 0 0 0 0 0 0 0 2 0 0 0 0 0 10 0 0 12 0 0 0 0 0 0 0 0 0 0 0 0 0 0 0 0 0 0 0 0 0 0 7 82 27 5 5 5 6 0 32 201 44 113 73 12 31 93 59 71 132 63 0 92 126 0 100 73 0 0 0 403 0 0 0 0 0 1 6 0 0 1734 0 0 0 0 0 0 0 0 0 1269 0 195 0 0 0 0 0 4 75 0 283 574 527 0 0 0 0 0 0 111 259 0 0 0 0 0 4 4 0 87 0 3 3 7 12 12 9 2 2 2 2 2 2 0 164 31 0
1397 507 269 578 446 0 300 636 2634 856 671 3166 24339 10613 4564 889 1264 0 0 0 4051 3781 3797 0 35 0 2 0 0 12 1 0 0 0 0 8583 3230 1100 3161 1537 5442 364 14696 5191 7695 3496 5690 3300 2908 2503 0 7910 6643 4470 315 513 0 514 514 486 179 444 514 514 514 514 514 514 377 514 514 514 194 4602 7275 6987 4772 5056 5039 1829 2041 3054 4070 3246 2579 4487 9616 1747 746 1278 14539 6087 2652 3322 6634 0 3588 2110 2002 3916 50 1221 0 196 0 0 0 53 412 30 0 771 30 0 0 0 1 0 0 0 0 31607 7 0 4631 119 0 2679 1545 0 1477 0 1597 3377 3897 2067 1542 127 975 490 0 4317 6345 0 0 810 707 1169 5 5 4 1271 5 5 4 2 391 3 2 1 1 1 1 2 2 1145 2914 1012 0
2079 0 224 497 398 8 169 565 335 364 1877 3181 43312 9539 4629 457 967 0 0 0 2174 2482 2492 0 14 0 1 0 0 8 1 0 0 0 0 600 811 597 1363 1507 899 388 1267 1287 542 12698 1138 2985 2811 1441 0 9279 2883 2286 6 14 0 14 13 0 0 0 14 14 14 14 14 14 0 14 14 14 109 635 5115 6525 4133 4327 4306 378 1778 778 289 335 2150 1088 527 413 193 319 4263 1243 498 448 0 0 0 870 626 703 0 392 0 53 0 0 0 21 112 0 0 1795 9 0 0 0 0 0 0 0 0 18758 3 1481 1009 53 0 0 3066 69 1329 1831 690 1892 1974 161 0 0 29 26 0 660 515 863 0 794 712 952 1 1 1 744 1 1 1 0 357 1 0 0 0 0 0 0 0 427 1027 788 0
71 83 2 0 0 0 3 87 1 2 0 19 0 0 222 398 0 652 647 652 321 339 448 0 226 65 115 183 0 434 472 121 4211 2074 4080 0 0 0 0 220 0 0 0 0 0 0 81 0 206 441 0 100 0 437 49 89 64 89 89 77 0 58 89 57 89 89 89 89 28 89 89 89 29 381 104 285 1248 1510 1500 0 260 332 250 374 599 196 362 291 122 214 1097 311 362 251 388 0 177 317 271 525 211 376 111 407 651 445 345 48 43 2692 1131 52 2741 0 19 18 18 18 18 18 19 145 2 903 677 66 0 0 0 71 0 404 364 343 3874 3876 66 0 613 865 0 1215 2598 1801 2884 1463 1823 3094 16502 16241 14924 465 17806 17125 14624 6376 1583 8869 8517 2187 3687 4211 4166 6677 5998 2732 1200 877 0
0 0 0 0 376 462 0 179 0 0 0 0 0 0 0 666 28 0 0 0 177 83 87 0 11 0 4 1 0 24 3 0 3 0 0 0 0 0 0 0 0 2382 0 0 0 0 2056 5902 0 0 0 0 0 17 0 0 0 0 0 0 0 0 0 0 0 0 0 0 0 0 0 0 13 18 19 4 35 1 9 190 5 7 7 8 2 1074 110 112 65 90 110 0 0 0 266 0 125 133 821 0 0 0 0 20 0 0 0 10 51 0 0 0 7 0 0 0 0 0 0 0 0 7558 1 5 120 0 108 0 0 0 8 47 342 255 0 0 197 0 97 107 0 0 220 0 0 0 247 0 3 3 3 225 4 3 3 1 39 2 2 0 1 1 1 1 1 211 165 904 0
0 0 0 0 0 1844 0 1098 0 0 15100 0 0 0 1999 0 641 0 0 0 37 22 33 0 5 0 1 0 0 3 0 0 28 0 0 0 0 0 0 0 0 0 0 0 7970 13442 0 2 0 9 0 0 0 648 0 253 254 254 252 254 0 254 254 254 254 254 254 0 254 254 254 254 30 6 12 3 0 0 0 0 0 0 16 8 3 903 83 403 552 347 77 297 0 919 0 769 4654 2463 0 931 0 825 0 0 0 0 0 5 55 0 34 21 4 0 0 0 0 0 0 0 0 2650 2 3303 0 0 0 0 2929 0 0 264 528 843 634 1531 0 0 0 0 0 1117 393 550 0 774 611 1480 4 4 4 782 5 4 4 2 516 2 2 1 1 1 1 2 1 242 983 0 0
0 0 0 0 0 0 0 0 0 0 0 0 0 0 0 0 0 0 0 0 0 2048 2511 0 41 0 7 1 0 21 2 0 0 0 0 0 0 0 0 0 48 224 0 0 0 0 0 0 134 0 0 5178 0 0 0 0 0 0 0 0 0 0 0 0 0 0 0 0 0 0 0 0 1 0 12010 0 0 0 0 0 0 5073 0 0 0 3 8 5 2 6 1 6 0 0 0 0 0 0 0 0 0 0 0 0 0 0 0 0 5 0 0 0 0 0 0 0 0 0 0 0 0 0 0 0 0 6366 0 0 0 0 0 0 0 0 0 0 0 0 0 0 0 0 0 0 0 0 0 0 0 0 0 12 0 0 0 0 13 2 1 0 0 0 0 0 0 0 0 0 0
0 0 324 0 0 0 0 0 0 0 0 0 0 0 452 338 0 0 0 0 1906 1721 1723 0 66 0 9 2 0 29 2 0 1 0 0 0 1251 0 0 0 348 0 0 0 0 0 0 0 573 6 0 4728 517 138 336 196 195 195 195 195 0 195 195 195 195 195 195 132 195 195 195 195 2 3 11 2726 0 3 5 205 355 326 328 1219 910 648 947 326 217 3834 247 51 96 0 435 116 337 520 328 0 0 118 0 22 0 0 0 9 65 0 0 1 6 0 0 0 0 0 0 0 0 1198 0 252 543 0 0 0 0 0 0 1886 0 28 0 0 0 0 0 0 0 288 0 180 0 206 122 0 2 2 2 19 3 2 2 1 7 1 1 0 1 1 1 1 1 3 60 0 0
0 0 0 0 0 0 0 0 0 22 142 0 0 0 0 43 0 0 0 0 0 528 529 0 20 0 3 1 0 10 1 0 0 0 0 0 0 0 0 0 0 2 0 0 0 0 0 0 0 0 0 292 0 0 8 62 62 62 62 62 0 62 62 62 62 62 62 3 62 62 62 62 0 0 1 0 0 0 0 0 114 0 102 284 297 36 4 18 6 11 0 4 0 0 0 0 66 30 0 0 0 46 0 0 0 0 0 0 2 0 0 0 0 0 0 0 0 0 0 0 0 381 0 0 35 0 0 0 0 0 0 244 0 0 0 0 0 0 0 0 0 201 100 97 0 39 69 0 1 1 1 2 1 1 1 0 1 1 0 0 0 0 0 0 0 0 0 0 0
0 0 0 0 0 0 188 0 655 0 0 0 0 0 0 55 49 0 0 0 673 826 828 0 18 0 7 1 0 47 6 0 5 0 1 0 0 0 0 28 0 0 86 134 0 0 0 0 0 0 0 417 0 0 9 36 26 0 0 36 36 36 36 36 36 36 36 36 36 36 36 36 8 1315 4 1 0 0 2 0 0 2 778 3 1217 296 56 49 22 33 156 210 63 0 0 0 105 151 0 217 0 68 0 6 0 0 0 4 42 0 524 33 1 0 0 0 0 0 0 0 0 1386 0 223 313 0 0 0 0 182 0 139 25 203 0 4575 0 0 0 54 0 403 437 866 0 608 145 0 0 0 0 111 0 0 0 0 386 0 0 0 0 0 0 0 0 496 263 51 0
0 0 0 133 0 0 0 0 0 0 1439 0 0 0 0 132 321 0 0 0 1439 1596 1652 0 519 17 637 111 0 4091 481 3 164 1 21 0 0 2175 1776 0 5 0 0 0 1555 0 0 712 873 1091 0 1609 290 0 21 111 0 89 0 34 0 111 111 107 111 111 111 111 111 111 111 111 176 5 1316 2 1789 2098 2087 0 4 0 7 3485 0 210 127 101 48 80 320 329 0 0 591 0 391 399 129 100 0 163 0 0 0 0 0 4 28 0 139 555 3 0 0 0 0 0 0 0 0 2121 1 383 209 1088 0 0 0 294 0 139 1516 5821 0 0 0 62 0 0 0 670 95 0 0 0 11 0 0 0 0 354 0 0 0 0 566 0 0 0 0 0 0 0 0 0 298 0 0
3 3 2 197 29 20 5 91 2 3 3 1 1 4 1 119 185 370 317 370 389 478 478 0 2 0 0 0 0 1 0 0 9 0 1 1 0 6 41 2 21 15 1 46 259 284 113 59 207 367 0 52 185 183 89 199 0 198 192 184 168 162 199 195 199 199 199 199 126 199 199 199 20 368 62 168 1353 1437 1429 0 549 358 285 234 312 75 135 116 49 83 1317 304 333 281 0 337 168 216 181 0 0 296 139 645 927 570 679 19 34 0 144 104 2 0 6 36 36 36 36 36 0 390 4 482 929 223 0 641 0 0 567 2728 82 331 243 920 0 0 1225 1398 0 1102 3180 1425 0 1540 776 689 290 284 257 1030 310 298 255 116 1387 159 153 37 62 71 70 112 101 1325 1649 902 0
692 383 868 1070 747 519 2111 1017 3988 1402 481 3520 348 1115 1997 1084 971 9400 9400 9400 270 0 0 0 41 0 7 1 0 21 2 0 60 0 0 17 5 188 1021 27 151 69 25 1268 1067 820 559 1938 1114 508 259 2046 3440 1583 653 1439 1387 1441 1436 1438 1400 1433 1441 1438 1441 1441 1441 1441 1426 1441 1441 1441 49 5693 2092 5522 1572 1558 1580 2018 1606 4328 1654 2475 1704 3515 1335 10491 1107 8111 703 678 2837 2973 0 914 3742 2751 2423 2357 1145 1225 1133 2744 460 2236 2582 106 413 1174 82 158 5040 25 67 727 728 727 727 728 729 1819 16 0 3701 777 0 3106 489 9061 561 1715 1520 2422 2400 0 1119 0 6596 2194 6708 4855 4824 3229 0 3718 2298 2365 606 594 537 1048 648 623 533 242 356 333 320 78 130 149 147 234 211 3541 2575 4037 0
151 654 215 130 360 554 5 71 740 134 4 405 5 301 278 203 252 1833 1833 1832 17 14 16 0 3 0 1 0 0 2 0 0 2 0 0 1 0 11 72 0 0 0 1 58 30 0 8 191 13 65 59 339 0 0 10 140 0 141 140 126 0 104 141 114 141 141 141 141 69 141 141 141 6 351 262 737 0 24 27 65 107 452 66 99 374 96 16 184 117 157 13 65 187 122 239 0 155 239 151 182 0 219 0 102 1000 624 736 5 19 666 31 258 652 0 6 165 165 165 165 165 164 151 2 587 455 866 0 0 0 0 2080 555 602 1559 384 475 0 0 0 0 0 1239 0 373 0 195 77 0 42 41 37 686 45 43 37 17 1933 23 22 5 9 10 10 16 15 0 155 312 0
7 7 6 39 10 10 1 30 7 0 9 13 3 0 9 77 33 334 334 334 1 0 1 0 0 0 0 0 0 2 0 0 0 0 0 2 1 15 79 0 8 2 1 38 45 0 77 57 16 33 17 12 0 0 19 53 0 53 53 45 0 34 53 53 53 53 53 53 16 53 53 53 11 126 50 123 199 234 234 0 47 140 105 106 91 551 202 228 213 2 385 348 63 37 97 0 39 34 53 315 0 40 19 86 160 136 157 3 25 145 307 80 141 0 0 69 69 69 69 69 69 0 1 140 69 20 0 0 0 0 115 43 91 93 0 49 0 0 11943 0 0 262 0 133 0 61 0 0 4 4 4 196 4 4 4 2 684 2 2 1 1 1 1 2 1 0 70 120 14
0 0 0 142 21 15 4 68 1 2 0 0 0 0 0 59 121 1141 1062 1141 90 110 110 0 2 0 0 0 0 1 0 0 2 0 0 1 0 9 59 0 35 38 2 132 843 42 374 156 1317 1675 0 60 301 655 74 165 23 165 164 153 0 135 165 161 165 165 165 165 106 165 165 165 37 293 50 137 2148 2311 2295 852 285 435 259 365 265 8 194 159 64 106 16 190 1153 280 772 984 127 244 1201 320 1496 371 0 323 588 649 824 17 34 755 150 43 757 0 7 177 177 177 177 177 159 6 3 2886 4445 9523 3120 8162 2780 496 1365 2011 669 11 640 4414 2169 0 1305 717 0 1652 5242 3429 4495 2517 4019 3627 84 83 75 1217 90 87 74 34 983 46 45 11 18 21 20 33 29 1143 3482 6319 0
0 0 0 0 0 0 0 0 0 0 0 0 0 0 0 0 0 0 0 0 0 0 0 0 1 0 0 0 0 2 0 0 1 0 0 0 0 0 0 0 0 0 0 0 0 0 0 0 0 0 0 6 0 0 0 0 0 0 0 0 0 0 0 0 0 0 0 0 0 0 0 0 47 0 20 0 0 0 0 0 0 0 0 0 0 0 0 0 0 0 0 0 0 0 0 0 0 0 0 0 0 30 0 0 0 0 0 1 0 0 10 62 119 0 0 0 0 0 0 0 0 0 0 0 0 0 0 0 0 0 0 1 0 0 0 0 0 0 0 0 0 0 0 0 0 0 0 0 0 0 0 1752 2 0 0 0 1811 0 0 0 0 0 0 0 0 0 0 0 0
3 3 3 19 3 2 0 9 0 0 3 0 1 0 0 11 16 439 439 439 131 160 162 0 0 0 0 0 0 0 0 0 7 0 1 1 0 10 67 0 14 0 1 68 157 0 69 10 0 4 0 24 0 0 47 105 11 105 105 73 0 105 105 94 105 105 105 105 0 105 105 105 111 161 155 435 722 977 968 0 0 240 110 80 171 97 77 65 27 47 232 162 0 143 0 36 177 0 37 93 0 154 0 271 495 408 515 8 14 471 61 80 469 0 5 17 17 17 17 17 0 0 2 247 356 0 0 0 0 0 0 174 56 0 0 0 0 0 325 441 0 554 0 0 0 626 3 576 137 134 121 1093 147 141 121 55 956 75 72 18 30 34 33 53 48 0 470 0 0
0 0 0 0 2 0 1 23 5 3 0 67 1 2 46 21 0 2775 2775 2775 1498 607 615 0 0 0 0 0 0 0 0 0 0 0 0 0 0 1 8 0 0 0 1 6 0 0 1 471 0 262 0 67 0 0 38 107 0 106 102 70 0 15 107 79 107 107 107 107 0 107 107 107 14 116 583 3899 2465 2521 2507 817 0 1062 192 137 272 16 17 11 8 10 28 5 30 290 2502 1318 8574 895 1443 0 0 185 0 120 345 206 361 11 46 344 72 3 366 0 4 18 18 18 18 18 0 0 1 1618 51 2 47 0 0 98 0 9 0 0 0 123 0 0 0 0 0 258 891 0 0 1192 0 0 60 59 52 315 64 61 52 25 100 34 33 7 12 14 14 22 19 303 0 0 0
274 633 269 0 141 241 1212 1368 693 174 1047 2908 518 132 1999 450 441 3121 3069 3121 3317 2966 2998 0 137 0 20 3 0 68 5 0 44 0 1 19 6 180 1132 33 152 683 6 1726 1485 476 601 0 1306 1993 0 531 1492 1213 1202 859 576 858 858 828 392 784 858 834 858 858 858 858 713 858 858 858 49 4014 2001 4657 3015 3685 3665 888 2793 1577 1810 2803 2450 1595 660 2450 596 442 513 1185 1849 2623 2383 3092 2406 1825 1842 2367 245 1792 895 2529 5186 3931 4504 86 253 4059 1117 1231 3947 0 38 166 167 166 166 166 115 166 15 0 2503 5050 382 2426 0 1149 1549 6008 1523 4745 733 4214 337 1278 1709 507 0 4623 6817 5322 0 2865 1919 3146 1341 1314 1187 8056 1432 1377 1178 536 8744 737 707 173 289 328 325 518 466 3473 3950 1979 0
0 0 0 0 0 0 0 22 0 1 0 0 0 0 0 82 39 220 184 220 136 135 168 0 0 0 0 0 0 1 0 0 1 0 0 0 0 0 0 2 6 0 0 0 2 0 85 0 0 0 0 23 0 0 33 72 0 54 0 29 0 0 72 12 72 72 72 72 0 72 72 72 9 98 0 0 0 215 215 0 169 0 1 1 0 7 2 6 3 3 22 17 0 51 0 0 34 51 0 69 0 111 0 0 0 0 0 0 4 0 4 1031 0 0 0 453 453 453 453 453 416 1137 1 0 0 1183 0 0 0 489 0 0 0 0 0 291 0 0 0 0 0 276 0 0 0 0 0 138 23 19 9 352 16 29 26 6 99 4 6 1 2 1 3 2 2 255 0 0 0
0 0 0 0 0 0 1 0 0 1 0 0 0 0 0 20 0 880 757 880 83 108 108 0 343 9 16 26 0 62 67 17 1526 748 1473 0 0 2 0 0 0 0 3 0 0 0 104 0 0 0 0 13 0 0 16 33 0 33 27 7 0 0 33 17 33 33 33 33 0 33 33 33 23 67 0 5 149 146 149 0 0 87 37 21 0 0 13 12 0 0 40 15 0 44 0 0 0 0 0 9 17 34 0 0 86 0 39 1 6 60 5 56 115 1 1 18 18 18 18 18 18 0 1 0 0 686 0 0 0 0 0 71 0 0 0 0 0 0 0 96 0 98 0 547 0 488 0 68 5230 5147 4729 135 5643 5427 4635 2022 5 2812 2700 693 1168 1334 1320 2115 1900 151 0 0 0
0 0 0 0 0 0 0 0 1630 1129 562 250 91 1132 164 230 357 223 186 223 32 41 47 0 2555 49 86 137 0 323 354 91 2768 1430 2506 0 0 0 0 0 401 0 0 0 3811 0 1435 0 0 0 0 124 0 337 61 154 0 154 154 141 5 121 154 94 154 154 154 154 89 154 154 154 3 738 3 2 2417 2488 2472 0 924 0 17 10 3 134 997 101 117 116 213 151 231 227 168 0 198 302 207 262 0 572 0 325 738 603 685 21 47 630 0 33 767 0 7 321 321 321 321 321 207 0 5 212 503 916 0 0 0 1425 0 0 283 2162 1436 1004 0 0 1164 477 0 665 0 961 0 0 0 0 12491 12227 10985 69 13311 12802 10958 5084 4 6901 6644 1567 2611 2974 2942 4699 4223 3657 758 0 13
0 0 0 0 0 0 0 0 0 0 0 0 0 0 0 0 0 0 0 0 0 0 0 1 1 0 0 0 0 0 0 0 0 0 0 0 0 0 0 0 0 0 0 0 0 0 0 0 0 0 0 0 0 0 0 0 0 0 0 0 0 0 0 0 0 0 0 0 0 0 0 0 0 0 0 0 0 0 0 0 0 0 0 0 0 0 0 0 0 0 0 0 0 0 0 0 0 0 0 0 0 0 0 0 0 0 0 0 0 0 1 5 1 0 0 0 0 0 0 0 0 0 0 0 0 0 0 0 0 0 0 0 0 0 0 0 0 0 0 0 0 8 0 0 0 0 0 0 0 0 10 624 25 17 2 0 268 0 0 0 0 0 0 5 2 0 0 0 0
0 0 0 0 0 0 0 0 0 0 0 0 0 0 0 0 0 0 0 0 0 0 0 1 1 0 0 0 0 0 0 0 0 0 0 0 0 0 0 0 0 0 0 0 0 0 0 0 0 0 0 0 0 0 0 0 0 0 0 0 0 0 0 0 0 0 0 0 0 0 0 0 0 0 0 0 0 0 0 0 0 0 0 0 0 0 0 0 0 0 0 0 0 0 0 0 0 0 0 0 0 0 0 0 0 0 0 1 0 0 1 5 1 0 0 0 0 0 0 0 0 0 0 0 0 0 0 0 0 0 0 0 0 0 0 0 0 0 0 0 0 9 0 0 0 0 0 0 1 0 11 743 26 18 3 0 457 0 0 0 0 0 0 6 3 0 0 0 0
0 0 0 0 0 0 0 0 0 0 0 0 0 0 0 0 0 0 0 0 0 0 0 0 0 0 0 0 0 0 0 0 0 0 0 0 0 0 0 0 0 0 0 0 0 0 0 0 0 0 0 0 0 0 0 0 0 0 0 0 0 0 0 0 0 0 0 0 0 0 0 0 0 0 0 0 0 0 0 0 0 0 0 0 0 0 0 0 0 0 0 0 0 0 0 0 0 0 0 0 0 0 0 0 0 0 0 0 0 0 1 4 1 0 0 0 0 0 0 0 0 0 0 0 0 0 0 0 0 0 0 0 0 0 0 0 0 0 0 0 0 12 0 0 0 0 0 0 0 0 0 670 11 4 0 0 887 0 0 0 0 0 0 1 0 0 0 0 0
0 0 0 0 0 0 0 0 0 0 0 0 0 0 0 0 0 0 0 0 0 0 0 0 0 0 0 0 0 0 0 0 0 0 0 0 0 0 0 0 0 0 0 0 0 0 0 0 0 0 0 0 0 0 0 0 0 0 0 0 0 0 0 0 0 0 0 0 0 0 0 0 1 0 0 0 0 0 0 0 0 0 0 0 0 0 0 0 0 0 0 0 0 0 0 0 0 0 0 0 0 0 0 0 0 0 0 0 0 0 0 33 0 0 0 0 0 0 0 0 0 0 0 0 0 0 0 0 0 0 0 0 0 0 0 0 0 0 0 0 0 0 0 0 0 0 0 0 0 0 0 0 0 0 0 0 247 0 0 0 0 0 0 0 0 0 0 0 0
0 0 0 0 0 0 0 0 0 0 0 0 0 0 0 0 0 0 0 0 0 0 0 0 0 0 0 0 0 0 0 0 0 0 0 0 0 0 0 0 0 0 0 0 0 0 0 0 0 0 0 0 0 0 0 0 0 0 0 0 0 0 0 0 0 0 0 0 0 0 0 0 0 0 0 0 0 0 0 0 0 0 0 0 0 0 0 0 0 0 0 0 0 0 0 0 0 0 0 0 0 0 0 0 0 0 0 0 0 0 0 1 0 0 0 0 0 0 0 0 0 0 0 0 0 0 0 0 0 0 0 0 0 0 0 0 0 0 0 0 0 0 0 0 0 0 0 0 0 0 0 106 0 0 0 0 129 0 0 0 0 0 0 0 0 0 0 0 0
0 0 0 0 0 0 0 0 0 0 0 0 0 0 0 0 0 0 0 0 0 0 0 0 0 0 0 0 0 0 0 0 0 0 0 0 0 0 0 0 0 0 0 0 0 0 0 0 0 0 0 0 0 0 0 0 0 0 0 0 0 0 0 0 0 0 0 0 0 0 0 0 0 0 0 0 0 0 0 0 0 0 0 0 0 0 0 0 0 0 0 0 0 0 0 0 0 0 0 0 0 0 0 0 0 0 0 0 0 0 0 2 0 0 0 0 0 0 0 0 0 0 0 0 0 0 0 0 0 0 0 0 0 0 0 0 0 0 0 0 0 2 0 0 0 0 0 0 0 0 0 253 7 0 0 0 163 0 0 0 0 0 0 0 0 0 0 0 0
0 0 0 0 0 0 0 0 0 0 0 0 0 0 0 0 0 0 0 0 0 0 0 0 1 0 0 0 0 0 0 0 0 0 0 0 0 0 0 0 0 0 0 0 0 0 0 0 0 0 0 0 0 0 0 0 0 0 0 0 0 0 0 0 0 0 0 0 0 0 0 0 0 0 0 0 0 0 0 0 0 0 0 0 0 0 0 0 0 0 0 0 0 0 0 0 0 0 0 0 0 0 0 0 0 0 0 0 0 0 1 12 1 0 0 0 0 0 0 0 0 0 0 0 0 0 0 0 0 0 0 0 0 0 0 0 0 0 0 0 0 21 0 0 0 0 0 0 0 0 7 849 19 12 0 0 49 0 0 0 0 0 0 4 1 0 0 0 0
0 0 0 0 0 0 0 0 0 0 0 0 1 0 0 0 0 0 0 0 0 0 0 0 0 0 0 0 0 0 0 0 0 0 0 0 0 0 0 0 0 0 0 0 0 0 0 0 0 0 0 0 0 0 0 0 0 0 0 0 0 0 0 0 0 0 0 0 0 0 0 0 0 0 2 0 0 0 0 0 0 0 0 0 0 0 0 0 0 0 0 0 0 0 0 0 0 0 0 0 0 0 0 0 0 0 0 0 0 0 0 4 1 0 0 0 0 0 0 0 0 0 0 0 0 0 0 0 0 0 0 0 0 0 0 0 0 0 0 0 0 21 0 0 0 0 0 0 1 0 5 1301 11 7 1 0 82 0 0 0 0 0 0 2 1 0 0 0 0
0 0 0 0 0 0 0 0 0 0 0 0 0 0 0 0 0 0 0 0 0 0 0 0 0 0 0 0 0 0 0 0 0 0 0 0 0 0 0 0 0 0 0 0 0 0 0 0 0 0 0 0 0 0 0 0 0 0 0 0 0 0 0 0 0 0 0 0 0 0 0 0 0 0 0 0 0 0 0 0 0 0 0 0 0 0 0 0 0 0 0 0 0 0 0 0 0 0 0 0 0 0 0 0 0 0 0 0 0 0 0 0 0 0 0 0 0 0 0 0 0 0 0 0 0 0 0 0 0 0 0 0 0 0 0 0 0 0 0 0 0 0 0 0 0 0 0 0 0 0 0 0 0 0 0 0 0 0 0 0 0 0 0 0 0 0 0 0 0
0 0 0 0 0 0 0 0 0 0 0 0 3 0 6 3 0 0 0 0 0 0 0 0 2 0 0 0 0 0 0 0 0 0 0 0 0 0 0 0 0 0 1 0 0 0 0 0 0 0 0 0 0 0 0 0 0 0 0 0 0 0 0 0 0 0 0 0 0 0 0 0 0 0 9 0 0 0 0 0 0 0 0 0 0 0 0 0 0 0 0 0 0 0 0 0 0 0 0 0 0 0 0 0 0 0 0 1 1 0 4 3 11 0 0 1 1 1 1 1 0 0 0 0 0 0 0 0 0 0 0 0 0 0 0 0 0 0 0 0 0 8 0 0 0 0 0 0 32 30 34 409 48 42 29 13 223 0 0 0 0 3 0 15 12 0 0 0 1
0 0 0 0 0 0 0 0 0 0 0 0 5 0 11 4 0 0 0 0 0 0 0 0 3 0 0 0 0 0 0 0 0 0 1 0 0 0 0 0 0 0 2 0 0 0 0 0 0 0 0 0 0 0 0 0 0 0 0 0 0 0 0 0 0 0 0 0 0 0 0 0 1 0 25 0 0 0 0 0 0 0 0 0 0 0 0 0 0 0 0 0 0 0 0 0 0 0 0 0 0 18 0 0 0 0 0 2 1 0 3 5 19 0 0 1 1 1 1 1 0 0 0 0 0 0 0 0 0 0 0 0 0 0 0 0 0 0 0 0 0 17 0 0 0 0 0 0 64 62 62 701 81 75 57 26 210 19 0 0 6 11 5 27 23 0 0 0 1
0 0 0 0 2 2 0 1 0 0 0 0 2 0 5 2 0 0 0 0 0 0 0 0 1 0 0 0 0 0 0 0 0 0 0 0 0 0 0 0 4 2 2 0 0 0 3 0 0 0 0 0 0 0 0 0 0 0 0 0 0 0 0 0 0 0 0 0 0 0 0 0 0 0 12 0 0 0 0 0 0 0 0 0 0 0 0 0 0 0 0 0 0 0 0 0 0 0 0 0 0 39 0 1 0 0 0 1 1 10 2 3 10 0 0 1 1 1 1 1 0 0 0 0 0 0 0 0 0 0 0 4 0 11 0 0 0 0 0 0 0 11 0 0 0 0 0 0 37 36 34 750 43 40 33 15 1066 17 12 0 6 8 6 15 13 0 0 0 1
0 0 0 0 0 1 0 1 0 0 0 0 1 0 3 1 0 0 0 0 0 0 0 0 1 0 0 0 0 0 0 0 0 0 0 0 0 0 0 0 2 0 0 0 0 0 1 0 0 0 0 0 0 0 0 0 0 0 0 0 0 0 0 0 0 0 0 0 0 0 0 0 0 0 6 0 0 0 0 0 0 0 0 0 0 0 0 0 0 0 0 0 0 0 0 0 0 0 0 0 0 20 0 0 0 0 0 1 0 1 1 2 1 0 0 0 0 0 0 0 0 0 0 0 0 0 0 0 0 0 0 0 0 0 0 0 0 0 0 0 0 8 0 0 0 0 0 0 15 14 16 587 21 19 14 6 961 2 0 0 0 2 0 7 6 0 0 0 0
0 0 0 0 0 1 0 0 0 0 0 0 1 0 2 1 0 0 0 0 0 0 0 0 1 0 0 0 0 0 0 0 0 0 0 0 0 0 0 0 1 0 0 0 0 0 1 0 0 0 0 0 0 0 0 0 0 0 0 0 0 0 0 0 0 0 0 0 0 0 0 0 0 0 4 0 0 0 0 0 0 0 0 0 0 0 0 0 0 0 0 0 0 0 0 0 0 0 0 0 0 15 0 0 0 0 0 0 0 1 1 1 1 0 0 0 0 0 0 0 0 0 0 0 0 0 0 0 0 0 0 0 0 0 0 0 0 0 0 0 0 4 0 0 0 0 0 0 9 8 10 208 15 13 8 3 734 0 0 0 0 0 0 5 4 0 0 0 0
0 0 0 0 0 1 0 1 0 0 0 0 1 0 3 2 0 0 0 0 0 0 0 0 1 0 0 0 0 0 0 0 0 0 0 0 0 0 0 0 0 0 1 0 0 0 0 0 0 0 0 0 0 0 0 0 0 0 0 0 0 0 0 0 0 0 0 0 0 0 0 0 0 0 6 0 0 0 0 0 0 0 0 0 0 0 0 0 0 0 0 0 0 0 0 0 0 0 0 0 0 23 0 0 0 0 0 1 0 1 1 7 1 0 0 0 0 0 0 0 0 0 0 0 0 0 0 0 0 0 0 0 0 0 0 0 0 0 0 0 0 14 0 0 0 0 0 0 20 19 20 979 27 24 18 8 1165 3 0 0 1 3 0 9 7 0 0 0 0
0 0 0 0 0 0 0 0 0 0 0 0 0 0 1 0 0 0 0 0 0 0 0 0 0 0 0 0 0 0 0 0 0 0 0 0 0 0 0 0 0 0 0 0 0 0 0 0 0 0 0 0 0 0 0 0 0 0 0 0 0 0 0 0 0 0 0 0 0 0 0 0 0 0 2 0 0 0 0 0 0 0 0 0 0 0 0 0 0 0 0 0 0 0 0 0 0 0 0 0 0 6 0 0 0 0 0 0 0 0 0 0 0 0 0 0 0 0 0 0 0 0 0 0 0 0 0 0 0 0 0 0 0 0 0 0 0 0 0 0 0 0 0 0 0 0 0 0 0 0 0 96 4 1 0 0 269 0 0 0 0 0 0 0 0 0 0 0 0
0 0 0 0 0 0 0 0 0 0 0 0 0 0 1 0 0 0 0 0 0 0 0 0 0 0 0 0 0 0 0 0 0 0 0 0 0 0 0 0 0 0 0 0 0 0 0 0 0 0 0 0 0 0 0 0 0 0 0 0 0 0 0 0 0 0 0 0 0 0 0 0 0 0 2 0 0 0 0 0 0 0 0 0 0 0 0 0 0 0 0 0 0 0 0 0 0 0 0 0 0 5 0 0 0 0 0 0 0 0 0 1 0 0 0 0 0 0 0 0 0 0 0 0 0 0 0 0 0 0 0 0 0 0 0 0 0 0 0 0 0 1 0 0 0 0 0 0 0 0 1 182 6 3 0 0 341 0 0 0 0 0 0 1 0 0 0 0 0
45 14 9 24 34 89 24 41 125 42 43 84 21 0 0 0 0 75 0 75 0 1171 1182 0 14 0 1 1 0 3 2 0 73 17 17 0 0 0 0 18 0 5 3 0 57 51 47 0 0 61 0 16 0 0 17 92 0 86 0 75 0 49 93 93 93 93 93 93 7 93 93 93 8 210 478 163 0 93 111 0 154 134 148 11 184 91 70 78 72 83 127 95 1 0 0 8 67 112 0 102 0 137 0 173 388 296 363 10 17 0 18 7 1 0 0 0 1 1 0 1 0 0 1 0 107 33 0 0 0 0 0 69 0 59 0 26 0 0 12 102 0 194 274 0 0 0 0 0 5944 5848 5363 288 6413 6164 5255 2284 211 3178 3051 783 1321 1509 1493 2393 2149 0 0 0 1
0 0 0 0 0 0 0 0 1 0 0 0 0 0 0 0 0 13 0 13 4 0 4 0 0 0 0 0 0 0 0 0 0 0 0 0 0 2 14 0 0 0 0 0 0 0 0 0 0 0 0 10 0 0 6 16 0 16 14 5 0 0 16 0 16 16 16 16 0 16 16 16 3 34 18 48 0 72 80 0 0 58 12 9 0 0 21 1 3 2 5 3 0 0 0 0 0 0 0 25 0 34 0 0 140 0 13 0 2 22 2 9 39 0 0 2 2 2 2 2 0 0 0 0 85 0 0 0 0 0 0 9 0 190 0 0 0 0 0 0 0 273 0 205 0 105 343 0 40 39 36 115 43 41 35 16 228 22 21 5 9 10 10 16 14 683 0 0 1
0 14 50 0 1 0 0 10 0 0 13 78 9 0 46 1 70 2111 2076 2111 90 0 116 0 23 3 6 9 0 22 24 6 328 161 317 0 0 0 0 3 0 1 0 27 4 9 0 0 177 0 0 25 0 0 29 61 0 61 59 13 0 0 61 0 61 61 61 61 0 61 61 61 3 0 16 29 0 90 99 0 4 0 123 106 0 11 4 0 2 0 13 7 0 52 0 3 0 19 0 4 272 264 0 40 211 7 85 7 5 91 2 0 150 0 1 4 5 5 4 5 0 0 1 678 0 0 0 0 0 0 685 0 124 182 0 1515 0 0 0 0 0 441 425 561 0 74 533 2806 5865 5772 5304 471 6328 6086 5197 2267 107 3153 3028 777 1310 1496 1480 2372 2131 243 234 0 1
0 0 0 0 0 0 0 0 0 0 0 0 0 0 0 0 0 800 0 752 1793 0 2083 0 14725 588 1427 2285 0 2688 1965 378 0 0 0 0 0 0 0 0 0 0 0 0 0 0 0 0 0 0 0 0 0 0 0 0 0 0 0 0 0 0 0 0 0 0 0 0 0 0 0 0 0 0 0 0 0 0 0 0 0 0 0 0 0 0 0 0 0 0 0 0 0 0 0 0 0 0 0 0 0 0 0 0 0 0 0 0 0 0 0 0 0 0 0 0 0 0 0 0 0 0 0 0 0 0 0 0 0 0 0 0 0 0 0 0 0 0 0 0 0 0 0 0 0 0 0 0 0 0 0 0 0 0 0 0 0 0 0 0 0 0 0 0 0 0 0 0 0
