160
0 0 0 0 0 0 0 0 44 420 576 123 42 190 278 0 0 0 0 0 0 0 0 0 0 0 0 0 0 42 9 14 14 13 3 51 14 62 13 0 0 0 0 0 0 0 0 0 0 0 0 0 0 0 0 0 0 0 0 0 0 0 0 0 0 0 0 1 1 0 0 0 0 0 0 0 0 0 0 0 0 0 0 0 0 0 0 0 0 0 0 0 5 0 0 0 0 0 0 3 0 0 0 0 0 2 0 0 0 0 0 0 0 0 0 0 0 0 0 0 0 0 0 0 0 0 0 0 0 0 0 0 0 0 0 0 0 0 0 0 0 0 0 0 0 0 0 0 0 0 0 0 0 0 0 0 0 0 0 0
107 0 0 0 0 0 0 12 1136 333 82 500 155 417 0 3 4 2 0 1 0 0 0 0 20 28 5 0 20 628 147 203 202 205 106 446 218 860 244 82 0 0 0 0 0 22 0 1170 45 4 0 79 20 465 0 26 15 0 16 93 18 24 13 25 16 13 0 0 73 0 67 60 62 79 0 0 19 4 17 0 0 0 0 6 3 1 4 0 0 0 0 0 0 249 4 3 0 0 0 181 0 70 141 0 0 61 0 0 0 0 0 0 0 0 0 0 0 0 0 57 1021 0 4 19 0 0 0 0 0 0 0 0 0 0 23 0 0 0 16 259 217 109 8 226 329 249 7 20 24 9 0 0 47 27 42 38 0 0 16 0
2 0 0 0 0 0 0 97 9618 2221 2924 5031 1712 14899 5936 18 6 3 0 1 0 0 0 0 30 41 200 193 48 1999 542 641 351 666 933 1471 734 1508 980 200 0 64 82 0 55 355 80 2010 83 8 0 1607 67 9426 0 78 30 7 27 19 35 41 22 40 30 26 0 472 371 130 228 108 176 126 0 0 67 71 78 0 90 12 192 131 171 56 140 0 0 44 0 0 19 12 174 51 0 0 0 1214 0 242 250 0 0 207 0 0 0 0 0 0 0 0 0 73 46 2042 0 129 11 0 61 33 2 0 0 0 0 0 0 0 39 112 221 0 0 0 41 821 695 390 371 696 847 757 375 382 428 418 420 439 501 464 477 474 0 28 49 0
1 0 0 0 0 0 0 34 19 48 37 1031 365 25 0 0 16 1 0 0 0 0 0 0 7 0 19 13 2 2089 490 689 667 672 326 1501 725 3772 5260 36 0 0 2 0 0 34 2888 4150 17 2 0 208 11 1220 0 14 6 0 6 4 7 9 5 9 6 5 0 0 90 0 61 0 0 27 0 0 13 9 12 0 0 1 12 16 18 6 16 0 0 0 0 0 0 0 0 3 0 0 0 136 0 40 70 0 0 15 0 0 0 0 0 0 0 0 0 0 0 0 0 23 0 0 10 9 0 0 0 0 0 0 0 0 0 0 30 0 0 0 10 173 144 76 32 155 165 161 33 44 50 0 8 30 77 56 70 66 0 0 3 0
1 0 0 0 0 0 0 23 0 0 0 828 295 0 0 7 9 1 0 0 0 0 0 0 14 0 24 19 15 1294 309 425 398 7282 245 932 453 2002 513 66 0 3 5 0 0 51 0 2428 33 4 0 226 19 1318 0 24 13 0 13 9 15 19 11 19 14 12 0 0 64 9590 79 38 39 56 0 0 19 10 20 0 0 1 18 18 21 7 18 0 0 0 0 0 0 0 6 7 0 0 0 137 0 44 115 0 0 14 0 0 0 0 0 0 0 0 0 0 0 0 0 58 0 0 11 17 3 0 0 0 0 0 0 0 0 0 53 0 0 0 24 251 210 110 3470 220 225 237 39 51 58 44 15 38 86 64 79 75 0 0 15 0
0 0 0 0 0 0 0 2 0 0 0 10 3 0 0 0 1 0 5 4 0 0 0 0 0 2 0 0 0 0 0 0 0 0 0 0 4052 16 0 5 0 0 0 0 0 158 0 502 0 0 0 0 0 0 0 0 0 0 0 0 0 0 0 0 0 0 0 0 10378 0 43 0 0 7 0 0 0 0 0 0 0 0 0 0 0 0 0 0 0 0 0 0 0 0 0 0 0 0 0 0 0 0 4 0 0 0 0 0 0 0 0 0 0 531 0 0 0 0 0 0 0 0 0 0 0 0 0 0 0 0 18 0 0 0 0 0 0 0 0 0 0 0 0 0 0 0 0 0 0 0 0 0 0 0 0 0 0 0 0 0
0 0 0 0 0 0 0 0 0 0 0 0 0 0 0 0 0 0 0 0 0 0 0 0 0 0 0 0 0 0 0 0 0 0 0 0 0 0 0 0 0 0 0 0 0 0 0 0 0 0 0 0 0 0 0 0 0 0 0 0 0 0 0 0 0 0 0 0 0 0 0 0 0 0 0 0 0 0 0 0 0 0 0 0 0 0 0 0 0 0 0 0 0 0 0 0 0 0 0 0 0 0 0 0 0 0 0 0 0 0 0 0 0 0 0 0 0 0 0 0 0 0 0 0 0 0 0 0 0 0 0 0 0 0 0 0 0 0 0 0 0 0 0 0 0 0 0 0 0 0 0 0 0 0 0 0 0 0 0 0
0 0 0 0 0 0 0 0 17831 7772 10747 4438 1523 29921 7517 2340 5974 416 669 468 0 0 2 1 645 15 9 0 4 738 174 240 246 227 196 2094 277 1248 1404 0 671 0 0 0 70 165 807 1483 7 2 2 39 5 223 0 6 4 4 4 2 4 5 3 5 4 2 0 69 25 19 0 11 0 7 0 4 99 5 7 3 20 2 13 12 9 2 9 0 0 0 0 0 169 5 405 1 0 0 0 106 0 63 1621 0 0 64 0 0 0 0 0 0 0 25 37 0 0 0 0 31 0 0 3 13 1 0 0 89 0 0 0 0 0 0 25 0 0 0 0 164 138 70 266 144 187 158 7 14 17 8 93 3 32 19 29 26 0 0 7 0
0 0 0 0 0 0 0 0 0 0 0 27 10487 0 93 0 0 0 0 0 0 0 0 0 0 0 0 0 0 7206 0 0 0 0 0 0 0 0 0 0 0 0 0 105 45 0 0 0 0 0 0 0 0 0 0 0 0 0 0 0 0 0 0 0 0 0 0 0 0 9 10 0 0 0 0 0 0 0 0 0 0 0 0 0 0 0 0 0 0 0 0 0 0 0 0 0 0 0 0 0 0 0 0 0 0 0 0 0 0 0 0 0 0 0 0 0 0 0 0 0 0 0 0 0 0 0 0 0 0 0 0 0 0 0 0 0 0 0 0 0 0 0 0 0 0 0 0 0 0 0 0 0 0 0 0 0 0 0 0 0
0 0 0 0 0 0 0 0 0 0 0 1083 241 0 0 0 0 0 0 0 0 0 0 0 0 0 0 0 0 0 58363 0 0 0 0 0 0 0 0 0 0 0 0 0 0 6 0 0 0 0 0 0 0 0 0 0 0 0 0 0 0 0 0 0 0 0 0 322 334 206 160 0 0 0 0 0 0 0 0 0 0 0 0 0 0 0 0 0 0 0 0 0 0 0 0 71551 0 1390 0 0 0 28 1 0 0 0 0 0 0 0 0 0 0 0 0 0 0 0 0 0 0 0 11 0 0 0 0 0 0 0 0 0 0 0 0 0 0 0 0 14 8 5 0 20 18 8 0 4 4 0 0 0 24 8 19 16 0 0 17 0
0 0 0 0 0 0 0 0 0 0 0 1988 698 0 0 0 0 0 1 0 0 0 0 0 0 0 65 54 0 412 127 22781 35 0 0 310 0 0 0 0 0 7 14 0 0 137 0 0 7 1 0 619 16 3633 0 19 4 0 4 2 4 3 2 2 3 3 0 179 109 131 112 0 24 3 0 0 56 27 65 0 0 3 58 50 61 20 51 0 0 0 0 3223 0 0 1 20 0 0 0 378 0 82 335 0 0 21 0 0 0 0 0 0 0 0 0 0 7745 229 0 97 0 0 29 35 11 0 0 0 0 0 0 0 0 0 83 0 0 0 33 764 648 341 171 648 670 729 169 179 204 191 173 194 246 221 234 230 0 0 22 0
0 0 0 0 0 0 0 0 0 0 0 0 50 0 0 0 0 0 0 0 0 0 0 0 0 0 0 0 0 27 0 0 2096 0 0 29 0 0 0 0 0 0 0 0 0 0 0 0 6 1 0 60 4 349 0 4 2 0 2 1 2 3 2 3 2 2 0 0 10 3 0 6 0 10 0 0 0 0 0 0 0 0 0 5 5 2 0 0 0 0 0 0 0 0 0 0 0 0 0 35 0 9 16 0 0 2 0 0 0 0 0 0 0 0 0 0 0 0 0 0 0 0 0 2 0 0 0 0 0 0 0 0 0 0 0 0 0 0 0 28 21 9 21 35 33 24 0 0 0 0 0 0 11 0 9 5 0 0 0 0
0 0 0 0 0 0 0 0 0 0 0 0 0 0 10506 0 0 0 0 0 0 0 0 0 0 0 0 0 0 0 0 0 0 0 0 4 0 0 0 0 0 14 0 0 0 0 0 0 2 0 0 8 1 44 0 1 1 0 1 0 1 1 1 1 1 1 0 0 1 0 0 0 0 3 0 0 0 0 0 0 0 0 0 1 1 0 0 0 0 0 0 0 0 0 4 0 0 0 0 22 0 4 16 0 0 10 0 0 0 0 0 0 0 0 0 0 0 0 0 0 0 0 0 3 0 0 0 7 0 0 0 0 0 0 0 0 0 0 0 21 16 7 0 24 35 19 0 0 0 0 0 0 0 0 0 0 0 0 0 0
0 0 0 0 0 0 0 0 365 219 14 2599 911 0 0 58 39 0 0 0 0 0 0 0 0 0 0 0 0 729 167 242 246 0 17692 522 0 1234 0 0 0 0 0 6480 0 15 0 1548 0 0 0 0 0 0 0 0 0 0 0 0 0 0 0 0 0 0 0 325 289 189 140 0 3 0 844 0 0 0 0 0 0 0 0 0 0 0 0 49 0 0 0 0 0 0 0 0 0 0 0 144 0 63 8 0 0 23 0 0 0 0 0 0 0 0 0 0 0 0 0 0 0 0 15 0 0 0 0 0 0 0 0 0 0 0 33 0 0 0 0 47 37 22 29 49 186 38 23 33 36 24 0 20 59 42 53 50 0 0 8 0
0 0 0 0 0 0 0 0 0 0 0 0 0 0 0 0 0 0 1 0 0 0 0 0 0 0 10 2 0 0 0 0 1 0 0 0 0 0 0 0 0 61 0 0 0 0 0 0 0 0 0 0 0 0 0 0 0 0 0 0 0 0 0 0 0 0 0 0 0 0 0 0 0 0 0 0 6 0 2 0 0 0 0 0 0 0 0 0 0 0 0 0 0 1 0 0 0 0 0 0 0 0 13 0 0 0 0 0 0 0 0 0 0 0 0 0 1 0 1 0 0 0 228 0 0 0 0 0 0 0 0 0 0 0 0 0 0 0 0 7 3 0 0 13 12 5 0 0 0 0 0 0 0 0 0 0 0 0 0 0
3 0 0 843 0 0 0 0 10 88 119 99 36 0 0 0 145 3194 941 812 0 0 19 5 5228 1523 3 0 0 33 0 0 15 9 1366 12653 16 0 0 0 0 0 0 0 0 3128 406 0 1 0 0 37 1 215 0 1 0 0 0 0 0 0 0 0 0 0 0 5 0 8 728 0 0 0 0 0 32 41 2 13 435 0 0 4 5 4 0 0 0 0 0 2982 0 0 165 0 0 0 0 24 0 352 10419 0 0 120 0 0 0 0 0 0 73 0 0 0 0 0 0 0 0 0 2 4 26 0 0 0 0 0 0 0 0 0 5 0 0 0 0 62 52 28 0 61 64 60 0 1 33 18 0 0 15 3 10 8 0 3 0 0
0 0 0 0 0 0 0 0 3 10 27 55 21 0 0 0 0 0 0 0 0 0 0 0 0 0 0 0 0 0 0 0 0 0 0 7 0 0 0 0 0 0 0 0 0 4 0 0 0 0 0 16 0 94 0 0 0 0 0 0 0 0 0 0 0 0 0 0 6 789 0 0 0 0 0 0 0 0 0 0 0 0 0 1 1 0 0 0 0 0 0 0 0 0 0 1 0 0 0 9 0 2 0 0 0 0 0 0 0 0 0 0 0 0 0 0 0 0 0 0 0 0 1 16 0 0 0 0 0 0 0 0 0 0 0 0 0 0 0 0 0 0 385 2 0 0 0 0 0 0 0 0 1 0 0 0 0 0 0 0
0 0 0 0 0 0 0 0 0 0 0 0 0 0 0 0 0 0 0 0 0 0 0 0 0 0 0 0 0 0 0 0 0 0 0 0 0 0 0 0 0 0 0 0 0 0 0 0 0 0 0 0 0 0 0 0 0 0 0 0 0 0 0 0 0 0 0 0 0 0 0 0 0 0 0 0 0 0 0 0 0 0 0 0 0 0 0 0 0 0 0 0 0 0 0 0 0 0 0 0 0 0 0 0 0 0 0 0 0 0 0 0 0 0 0 0 0 0 0 0 0 0 0 0 0 0 0 0 0 0 0 0 0 0 0 0 0 0 0 0 0 0 0 0 0 0 0 0 0 0 0 0 0 0 0 0 0 0 0 0
0 440 0 0 0 0 0 0 0 0 0 0 0 0 0 0 0 0 0 0 0 0 0 0 0 0 0 0 0 0 0 0 0 1 0 0 0 0 0 0 0 0 0 0 0 0 0 0 0 0 0 0 0 0 0 0 0 0 0 0 0 0 0 0 0 0 0 0 0 0 0 0 0 0 0 0 0 0 0 0 0 0 0 0 0 0 0 0 0 0 0 0 0 0 0 0 22056 0 0 0 0 0 0 0 0 0 0 0 0 0 0 0 760 0 0 0 0 0 0 0 0 0 0 0 0 0 0 0 0 0 0 0 0 0 0 0 0 0 0 0 0 0 0 0 0 0 0 0 0 0 0 0 0 0 0 0 0 0 0 0
0 0 0 0 0 0 0 0 0 0 0 0 0 0 0 0 0 0 0 0 0 0 0 0 0 0 0 0 0 0 0 0 0 0 0 0 0 0 0 0 0 0 0 0 0 0 0 0 0 0 0 0 0 0 0 0 0 0 0 0 0 0 0 0 0 0 0 0 0 0 0 0 0 0 0 0 0 0 0 0 0 0 0 0 0 0 0 0 0 0 0 0 0 0 0 0 0 0 0 0 0 0 0 0 0 0 0 0 0 0 0 0 0 0 0 0 0 0 0 0 0 0 0 0 0 0 0 0 0 0 0 0 0 0 0 0 0 0 0 0 0 0 0 0 0 0 0 0 0 0 0 0 0 0 0 0 0 0 0 0
414 0 0 238 6 836 350 0 6 0 1 7 23 3 410 10 90 510 5881 3877 0 8638 9330 20080 47709 3856 981 92 68034 22 2 5 18 912 3 20 39 0 28 3414 0 79 0 12 0 28 0 0 3758 18021 21764 19730 21673 3157 19584 21267 22249 20615 21912 20799 21539 21653 22326 21277 22112 21935 0 894 4657 27248 1796 3473 2829 3471 359 31 409 22 77 41 0 356 0 83 196 342 0 0 390 0 0 0 0 0 196 0 0 0 0 1 9 2068 320 0 0 701 0 0 0 2 1 1319 7856 0 0 0 97 0 7 0 0 0 0 3470 573 13 0 437 0 0 0 0 0 0 91 0 0 0 0 0 0 0 0 0 0 0 0 0 0 0 0 0 0 0 0 0 0 24 0 0
84 409 340 389 470 286 434 128 88 237 219 266 351 284 295 64 43 143 1 81 0 0 511 0 39 67 35 391 32 408 671 661 416 578 502 224 147 432 448 48 209 137 98 215 99 356 687 483 17 1 0 0 7 0 0 9 2 0 5 0 7 9 0 9 6 3 0 146 326 290 0 36 0 34 90 325 483 109 73 75 123 623 149 115 234 144 124 29 0 0 0 135 61 68 154 749 0 4384 0 38 0 20 2 0 0 24 0 0 181 181 181 161 1214 0 0 0 186 0 0 0 0 0 0 17 10 0 0 62 0 0 0 0 0 0 13 0 0 0 0 0 0 0 0 0 6 0 0 0 0 0 0 0 0 0 0 0 0 198 0 0
0 0 0 0 0 0 0 0 0 0 0 0 0 0 0 0 0 5 0 2 0 0 0 21 180 252 0 0 257 7 1 1 0 2 0 6 2 0 4 44 0 0 0 0 0 2 0 0 128 1837 2204 2125 2381 340 52 2348 2429 2228 2397 2264 2365 2393 2426 2355 2423 2393 0 1100 448 105 0 28 0 25 0 0 0 0 0 0 0 0 0 0 0 0 0 0 0 0 0 0 0 0 23 0 0 0 0 0 0 271 41 0 0 91 0 0 0 0 0 0 0 0 0 0 0 0 0 0 0 0 0 0 0 0 0 0 0 0 0 0 0 0 38 0 0 0 0 0 0 0 0 0 0 0 0 0 0 0 0 0 0 0 0 0 0 0 0 0
1 0 0 0 0 6 0 0 0 0 0 0 0 0 3 0 1 20 253 166 0 12 0 0 12 43 17 6 10 0 0 0 0 5 0 0 0 0 0 1 0 0 0 0 0 0 0 0 0 279 230 325 356 24 0 349 365 328 360 341 354 356 0 349 364 360 0 4 14 7 0 0 0 0 0 1 12 1 1 1 0 2 0 2 1 2 0 0 0 0 0 0 0 0 2 0 0 0 0 1 0 162 5 0 0 11 0 0 1 1 1 0 0 0 0 0 0 0 0 0 0 0 0 0 0 0 0 0 0 0 0 0 0 0 0 0 0 0 0 0 0 0 0 0 0 0 0 0 0 0 0 0 0 0 0 0 0 0 0 20
0 0 0 0 0 0 0 0 0 0 0 2 1 0 0 0 0 125 0 171 0 0 0 0 0 32 0 0 0 0 0 0 19 0 0 0 1 0 0 21 0 0 0 0 0 0 0 0 2 0 0 1 1 0 0 1 1 0 1 0 0 1 1 0 1 0 0 0 0 0 0 0 0 0 0 0 2 0 0 0 0 0 449 0 0 0 2 0 0 0 0 0 0 0 0 0 0 0 0 0 0 2 16 0 0 0 0 0 0 0 0 0 0 0 0 0 1 0 0 0 0 0 0 0 0 0 0 0 0 0 0 0 0 0 0 0 0 0 0 21 12 3 2 24 21 12 3 15 20 6 0 0 39 23 36 32 0 0 0 0
0 0 0 0 0 0 0 0 0 0 0 1 0 0 0 0 0 15 0 0 0 0 0 0 0 0 0 0 1 1 0 0 7 0 0 0 2 0 0 27 0 0 0 0 0 0 0 0 2 0 0 0 1 0 0 1 0 0 1 0 0 1 0 0 1 0 0 0 0 0 0 0 31 27 0 0 0 0 0 0 0 0 0 0 0 408 329 0 0 0 0 0 0 0 0 0 0 0 0 0 0 1 3 0 0 0 0 0 0 0 0 0 0 0 0 0 0 0 0 0 0 0 0 0 0 0 0 0 0 0 0 0 0 0 0 0 0 0 0 0 0 0 0 0 0 0 0 0 0 0 0 0 1 0 0 0 0 0 0 0
4 0 0 0 0 5 0 0 1 12 0 2 2 5 0 0 25 27 317 209 0 0 2 0 4 5 0 0 5 6 0 0 75 0 0 5 18 0 0 0 0 0 0 0 0 0 0 0 0 0 0 1 0 8 0 1 0 0 0 0 0 0 0 0 0 0 0 0 10 3 0 0 0 1 0 0 0 0 0 0 0 4 0 26 0 0 4 0 0 0 0 18 0 5 0 0 0 0 0 26 0 6 55 0 0 0 0 0 2 2 3 0 0 0 0 0 32 0 0 0 0 0 0 6 0 0 0 0 0 0 0 0 0 0 0 0 0 0 0 108 79 34 89 97 92 79 61 96 118 98 47 81 157 128 150 143 0 0 0 0
8 2 0 0 0 8 0 3 2 19 0 17 8 8 0 0 33 25 226 130 0 0 5 0 1 9 913 0 5 16 8 3 125 4 26 12 34 19 8 108 46 0 0 0 0 35 0 0 3 0 0 6 2 33 0 3 1 0 2 0 2 1 1 2 1 0 0 0 6 5 0 104 0 115 0 0 1005 1092 0 0 0 841 0 45 321 167 8 0 0 0 0 85 0 41 0 0 0 0 0 57 0 15 104 0 0 8 0 0 3 3 3 0 0 415 144 0 77 0 0 0 0 0 2 38 54 0 0 0 0 0 0 0 0 0 11 0 0 0 0 208 161 76 195 167 161 163 179 196 242 233 216 228 270 251 266 262 0 247 75 0
0 0 0 0 0 5 0 0 1 12 12 4 1 5 0 0 1 2 28 18 0 0 0 0 1 0 0 0 0 1 1 1 2 2 1 1 1 0 0 0 0 0 0 1 0 0 0 0 0 0 0 0 0 0 0 0 0 0 0 0 0 0 0 0 0 0 0 0 3 1 0 4 3 4 0 0 1 0 0 0 0 1 0 0 0 0 0 0 0 0 0 0 0 0 0 0 0 0 0 0 0 1 0 0 0 0 0 0 0 0 0 0 0 0 0 0 0 0 0 0 0 0 0 0 0 0 0 0 0 0 0 0 0 0 0 0 0 8 10 0 0 0 0 0 0 0 0 0 0 0 0 0 0 0 0 0 0 0 1 0
0 0 0 0 0 0 0 0 0 0 0 0 4 0 0 0 15 1 0 0 0 0 0 0 0 0 0 0 0 0 0 0 0 0 0 24 0 0 0 0 0 0 0 0 0 0 0 0 0 0 0 2 0 11 0 0 0 0 0 0 0 0 0 0 0 0 0 0 1 23 0 0 0 0 0 0 0 0 0 0 0 0 0 0 0 0 0 0 0 0 0 0 0 0 0 0 0 0 0 2 0 1 1 0 0 0 0 0 0 0 0 0 0 0 0 0 0 0 0 74 0 0 0 23 0 0 0 0 0 0 0 0 0 0 0 0 0 0 0 0 0 0 0 0 0 0 0 0 0 0 0 0 0 0 0 0 0 0 0 0
0 0 0 0 0 0 0 0 0 0 0 43 18 0 0 25 310 6 0 0 0 0 0 0 10 0 1 0 0 71 0 9 17 0 0 86 14 0 0 0 0 1 0 0 0 2 0 37 0 0 0 13 0 78 0 1 0 0 1 0 0 0 0 0 0 0 0 0 6 71 0 0 0 0 0 0 0 0 0 0 0 0 0 1 0 0 0 0 0 0 0 0 0 0 0 293 0 0 0 14 0 6 10 0 0 1 0 0 0 0 0 0 0 0 0 0 5 0 0 841 0 0 0 166 12 18 0 0 0 0 0 0 0 0 0 0 0 0 99 7 1 0 4 15 12 0 0 0 3 0 0 0 23 4 18 14 0 0 0 0
0 0 0 0 0 0 0 0 0 0 0 24 11 0 0 0 147 3 0 0 0 0 0 0 5 0 0 0 0 58 0 0 4 0 0 62 0 0 0 0 0 0 0 0 0 0 0 43 0 0 0 6 0 33 0 0 0 0 0 0 0 0 0 0 0 0 0 0 3 45 0 0 0 0 0 0 0 0 0 0 0 0 0 1 1 0 0 0 0 0 0 8 0 0 0 0 0 0 0 2 0 2 0 0 0 0 0 0 0 0 0 0 0 0 0 0 39 0 9 346 0 0 0 69 4 6 0 0 0 0 0 0 0 0 0 0 0 0 33 0 0 0 0 0 6 0 0 0 0 0 0 0 7 0 4 1 0 0 0 0
0 0 0 0 0 0 0 0 0 0 0 0 13 0 0 0 47 1 0 0 0 0 0 0 0 0 0 0 0 55 0 0 0 0 0 51 0 0 0 0 0 0 0 0 0 1 0 86 0 0 0 2 0 14 0 0 0 0 0 0 0 0 0 0 0 0 0 0 2 61 0 0 0 0 0 0 0 0 0 0 0 0 0 0 0 0 0 0 0 0 0 0 0 0 0 0 0 0 0 2 0 1 0 0 0 0 0 0 0 0 0 0 0 0 0 0 0 0 0 131 0 0 0 30 2 0 0 0 0 0 0 0 0 0 0 0 0 0 0 0 0 0 0 0 0 0 0 0 0 0 0 0 0 0 0 0 0 0 0 0
0 0 0 0 0 0 0 0 71 687 782 322 115 69 0 0 100 2 0 0 0 0 0 0 4 0 0 0 0 484 82 140 148 0 13 365 145 0 28 0 0 5 0 0 0 0 0 962 4 1 0 5 2 30 0 3 2 0 2 0 1 2 2 2 2 0 0 0 12 43 0 42 0 55 0 0 0 0 0 0 0 0 0 1 1 0 0 0 0 0 0 0 8 0 0 0 12 0 0 17 0 9 7 0 0 55 14 12 17 17 17 0 0 0 0 0 0 0 0 228 0 0 0 64 3 0 0 0 0 0 0 0 0 0 0 0 0 0 0 3 0 0 0 1 3 0 0 0 0 0 0 0 12 1 9 7 0 0 0 0
0 0 0 0 0 0 0 0 111 4138 1295 935 330 0 14 0 654 13 1 1 0 0 0 0 22 0 7 0 0 111 12 26 43 0 0 149 0 0 0 0 0 7 1 933 0 9 0 0 1 0 0 29 1 170 0 2 0 0 1 0 1 1 0 1 0 0 0 0 46 114 17 0 0 0 0 0 2 0 0 0 0 0 0 3 4 1 0 0 0 0 18 0 43 0 0 0 0 0 0 57 0 23 24 0 0 22 0 0 0 0 0 0 0 0 0 0 15 0 0 1987 0 0 1 381 26 40 0 0 0 0 0 0 0 0 14 0 0 0 229 21 8 0 0 38 40 6 0 10 11 0 0 0 60 18 53 46 31 0 9 0
0 0 0 0 0 0 0 0 0 0 0 0 0 0 0 0 0 0 0 0 0 0 0 0 0 0 0 0 0 0 0 0 0 0 0 0 0 0 0 0 0 0 0 0 0 0 0 0 0 0 0 0 0 1 0 0 0 0 0 0 0 0 0 0 0 0 0 0 0 0 0 0 0 0 0 0 0 0 0 0 0 0 0 0 0 0 0 0 0 0 0 0 0 0 0 0 0 0 0 0 0 0 0 0 0 0 0 0 0 0 0 0 0 0 0 0 0 0 0 0 0 0 0 2 0 0 0 0 0 0 0 0 0 0 0 0 0 0 0 0 0 0 0 0 0 0 0 0 0 0 0 0 0 0 0 0 0 0 0 0
0 0 0 0 0 0 0 0 70 680 745 204 74 39 0 0 96 2 0 0 0 0 0 0 0 0 0 0 0 73 0 1 8 0 40 70 0 0 72 0 0 0 0 22 0 0 37 0 0 0 0 5 0 28 0 0 0 0 0 0 0 0 0 0 0 0 0 0 39 44 0 0 0 0 0 0 0 0 0 0 0 0 0 0 0 0 0 0 0 0 0 0 0 0 0 0 0 0 0 11 0 3 3 0 0 4 0 0 0 0 0 0 0 0 0 0 0 0 0 256 0 0 0 58 2 0 0 0 0 0 0 0 0 0 0 0 0 0 5 0 0 0 0 0 0 0 0 0 0 0 0 0 0 0 0 0 0 0 0 0
0 0 0 0 0 0 0 0 666 10748 8236 2864 1235 0 3368 110 943 24 1 2 1 0 3 0 36 9 6 0 6 3301 798 1703 1038 267 433 2376 956 0 724 0 0 125 14 102 0 93 0 6491 47 5 0 38 22 213 0 28 17 5 18 7 21 27 15 28 19 16 0 203 92 120 429 591 509 593 0 0 7 14 0 0 0 1 0 4 5 2 6 0 0 0 8 74 163 0 97 204 82 51 0 81 112 63 46 0 0 271 97 111 82 82 82 0 0 0 0 0 272 0 51 2241 0 0 6 455 37 39 0 0 0 0 0 0 0 0 34 0 0 0 290 65 49 24 90 60 61 50 44 55 67 54 27 46 89 72 84 80 7 0 2 0
0 0 0 0 0 0 0 0 39806 4079 3562 2983 1059 989 0 107 1411 27 2 3 0 0 0 0 50 11 12 0 8 423 70 114 147 0 57 427 0 0 0 0 0 129 0 19 0 120 368 456 66 7 0 49 30 277 0 38 23 0 25 0 28 37 20 39 26 20 0 8 39 215 468 833 583 841 0 0 12 22 0 0 0 2 0 5 7 2 12 0 0 0 0 0 54 2 72 0 50 0 0 94 103 66 56 0 0 265 58 69 80 80 79 0 0 0 0 0 32 0 51 1726 0 0 1 386 50 45 0 0 0 0 0 0 0 0 0 0 0 0 355 67 47 21 105 66 68 47 34 54 68 3 0 28 102 74 94 88 15 0 1 0
1 0 0 0 0 0 0 4 504 1685 1160 1058 532 200 0 81 692 12 0 1 0 0 0 0 0 0 7 0 0 2370 636 1279 805 652 441 1677 790 2845 266 0 0 25 0 71 0 30 0 4405 26 3 0 20 12 112 0 15 0 0 9 0 0 14 8 9 10 0 0 0 65 84 249 333 338 333 0 0 5 4 0 0 0 0 0 2 0 0 1 0 0 0 0 0 23 1 0 143 0 0 0 28 14 33 17 3 0 82 0 0 24 24 24 0 0 0 0 0 131 0 0 1008 0 0 4 257 23 21 0 0 0 0 0 0 0 0 0 0 0 0 0 37 27 13 53 37 36 28 22 30 37 27 5 21 54 40 51 48 0 0 7 0
29 0 0 74 8 397 6046 0 10 7 2 34 24 10 167 1 97 2379 642 806 22 0 11 59 17 1432 614 0 21 25 7 6 35 15 13 22 13 10 38 10 0 0 0 353 93 0 0 0 4 2 0 16 2 85 0 4 2 0 3 0 2 2 2 2 2 0 0 0 19 66 0 9 0 11 0 926 106 0 0 0 256 3312 131 5957 2874 8258 298 0 0 0 0 0 0 0 0 1 53 630 0 409 6 274 27 0 11 4537 0 0 43 43 43 0 238 246 0 0 0 0 0 91 0 0 1 2120 789 0 0 0 0 0 0 0 0 0 0 0 0 0 0 29 23 8 58 20 18 33 0 13 75 61 3 14 51 42 41 36 0 4 273 0
10 2 0 1 0 2 0 1929 1 14 0 9 0 4 0 19 4 22 7 14 0 0 7 8 8 10 18 93 0 10 0 0 120 0 0 22 31 0 0 0 1 0 1775 242 35 0 4 0 1 3 0 4 4 4 0 4 4 0 4 0 4 4 4 4 4 1 0 0 3 3 2 0 0 11 0 79 24 6 57 29 0 57 0 5 8 38 5 0 0 0 0 0 0 0 543 0 0 0 0 6 3 6 108 0 0 2 0 0 4 4 4 0 0 0 0 0 50 0 0 0 0 0 0 9 38 27 0 0 0 0 0 0 0 0 0 0 0 0 12 203 166 100 196 169 163 168 189 197 0 232 202 215 257 246 256 253 0 120 690 0
11 3 0 0 0 3 0 1631 1 14 0 12 2 5 14 39 5 34 7 3 9 0 28 25 46 86 106 11 40 10 4 4 21 2 0 45 7 0 8 23 37 0 0 0 0 0 14 0 2 6 1 8 8 9 0 8 8 6 8 6 7 8 8 8 8 6 0 0 70 24 0 35 0 35 0 29 64 10 0 10 59 5 0 11 6 1 38 0 926 0 2 0 0 50 0 3 0 0 0 19 16 8 29 0 0 6 10 5 10 10 10 0 0 19 0 0 0 0 0 0 0 0 0 2 47 0 0 0 0 0 0 0 0 0 67 0 0 0 63 34 36 49 14 47 43 35 29 31 29 21 5 18 47 34 45 42 0 83 343 0
5 12 4 13 9 0 0 321 0 16 24 13 4 0 0 6 2 12 17 10 0 0 10 0 4 15 27 4 0 12 7 6 6 35 0 16 0 0 0 0 0 0 161 0 794 0 0 0 0 1 0 3 2 7 0 2 2 0 2 0 0 2 2 1 2 0 0 0 3 11 0 0 0 1 0 0 18 7 1 0 0 0 0 4 2 0 6 0 0 0 0 0 0 3 0 4 27 0 0 21 50 9 9 0 0 38 24 25 97 97 97 0 0 0 0 0 0 0 0 0 0 0 0 15 0 0 0 0 0 0 0 0 0 0 8 0 0 0 0 0 0 0 0 6 4 0 0 0 0 0 0 0 5 0 3 0 0 0 100 0
23 155 0 129 73 79 0 0 0 169 133 127 49 53 29 1001 52 575 525 418 30 0 41 0 815 1245 117 506 6 57 31 33 51 902 1851 1865 42 45 121 125 0 0 8 0 0 5706 567 4 34 5 1 29 18 152 0 23 14 5 16 3 17 21 13 22 15 7 0 0 29 53 0 142 43 127 0 473 1323 835 208 478 0 1214 12 93 606 199 75 0 0 0 0 6981 0 81 0 0 0 0 0 118 0 117 2922 0 0 35 0 0 0 0 0 0 2601 356 881 0 0 0 0 0 0 0 31 41 61 0 0 0 0 0 0 0 0 0 191 0 0 0 0 81 61 31 49 74 74 63 54 68 151 125 32 55 107 90 102 97 0 159 212 0
2 0 0 0 0 0 0 0 0 0 0 5 3 0 0 0 0 4 12 8 0 0 0 0 0 0 90 0 1 5 0 4 0 23 0 5 152 0 0 0 26 128 10 95 0 0 3968 0 39 4 0 5 18 21 0 22 14 6 14 0 17 22 12 23 16 12 0 0 4 2 5 20 0 21 0 0 78 131 84 0 0 0 0 3 1 0 0 6355 0 0 0 0 0 0 8 0 0 0 0 0 0 34 2 0 0 9 0 0 0 0 0 0 0 0 0 0 37 0 0 0 0 0 258 0 0 0 0 0 0 0 0 0 0 0 68 0 0 0 0 0 0 0 0 0 0 0 0 0 0 0 0 0 0 0 0 0 0 5002 0 0
64 147 0 0 76 5 0 0 21 202 179 304 195 68 33 0 33 84 111 76 4 0 15 0 130 168 126 254 176 254 259 3121 97 305 381 169 0 18 0 310 5 0 0 260 0 0 0 0 62 14 0 27 36 106 0 45 30 1 33 18 35 43 28 45 33 28 0 0 521 305 409 579 553 582 0 197 734 675 0 133 41 694 0 23 375 93 35 0 0 0 83 1061 0 36 0 142 0 0 0 32 24 39 22 0 0 14 0 3 20 20 20 0 0 178 0 0 1073 0 45 0 0 0 0 55 142 125 0 0 0 0 0 0 0 0 46 0 0 17 0 6 0 7 0 29 19 0 0 0 0 0 0 0 35 0 30 23 0 0 25 0
319 0 0 0 0 0 0 0 5 38 48 310 116 0 0 37 86 38 19 4 12 0 7 0 84 105 46 40 99 116 0 0 0 0 52 158 8318 0 0 0 190 128 26 29 0 736 245 0 27 14 14 132 25 707 0 46 23 20 35 21 25 28 23 29 24 22 0 0 214 110 263 380 361 382 137 9 66 71 35 48 17 53 8 18 42 13 21 0 0 0 318 12 40 154 87 48 10 0 0 133 40 52 53 6 2 26 9 9 3 3 3 0 0 8 0 139 77 0 997 0 0 0 22 142 186 353 0 292 115 86 246 0 0 0 360 0 520 1904 103 90 87 89 66 100 96 87 77 0 78 65 43 62 104 87 99 95 934 231 193 0
0 0 0 0 0 0 0 0 0 0 0 0 0 0 0 0 0 0 0 0 0 0 0 0 0 0 0 0 0 0 0 0 0 0 0 0 0 0 0 0 0 0 0 0 0 0 0 0 0 0 0 0 0 0 0 0 0 0 0 0 0 0 0 0 0 0 0 0 0 0 0 0 0 0 0 0 0 0 0 0 0 0 0 0 0 0 0 0 0 0 0 0 0 0 0 0 0 0 0 0 0 0 0 0 0 0 0 0 0 0 0 0 0 0 0 0 0 0 0 0 0 0 0 0 0 0 0 0 0 0 0 0 0 0 0 0 0 0 0 0 0 0 0 0 0 0 0 0 0 0 0 0 0 0 0 0 0 0 0 0
0 0 0 0 0 0 0 0 0 0 0 0 0 0 0 0 0 0 0 0 0 0 0 0 0 0 0 0 0 0 0 0 0 0 0 0 0 0 0 0 0 0 0 0 0 0 0 0 0 0 0 0 0 0 0 0 0 0 0 0 0 0 0 0 0 0 0 0 0 0 0 0 0 0 0 0 0 0 0 0 0 0 0 0 0 0 0 0 0 0 0 0 0 0 0 0 0 0 0 0 0 0 0 0 0 0 0 0 0 0 0 0 0 0 0 0 0 0 0 0 0 0 0 0 0 0 0 0 0 0 0 0 0 0 0 0 0 0 0 0 0 0 0 0 0 0 0 0 0 0 0 0 0 0 0 0 0 0 0 0
64 165 54 53 3157 124 0 0 8 33 43 56 21 11 23 39 92 566 52 724 0 199 0 0 14 152 43 51 4 29 18 14 227 100 31 39 31 1 22 3 5 622 0 20 0 1 3 0 2 937 0 1112 1196 298 1097 1174 1141 1048 1210 563 1186 1193 983 1171 1220 1147 10 0 29 4 0 0 0 0 0 41 60 36 100 65 42 32 1904 81 187 26 55 268 0 0 0 0 0 72 0 6 35 0 0 47 0 139 229 8 0 42 68 15 5 5 5 0 0 59 0 0 83 0 74 0 0 0 1870 10 0 190 0 0 0 0 0 0 0 0 0 0 25 0 6 390 384 185 101 332 313 329 13 309 494 480 316 214 252 212 208 219 3 40 69 0
0 0 0 0 0 0 0 0 0 0 0 0 0 0 0 0 0 0 0 0 0 0 0 0 0 0 0 0 0 0 0 0 0 0 0 0 0 0 0 0 0 0 0 0 0 0 0 0 0 0 0 0 0 0 0 0 0 0 0 0 0 0 0 0 0 0 0 0 0 0 0 0 0 0 0 0 0 0 0 0 0 0 0 0 0 0 0 0 0 0 0 0 0 0 0 0 0 0 0 0 0 0 0 0 0 0 0 0 0 0 0 0 0 0 0 0 0 0 0 0 0 0 0 0 0 0 0 0 0 0 0 0 0 0 0 0 0 0 0 0 0 0 0 0 0 0 0 0 0 0 0 0 0 0 0 0 0 0 0 0
0 0 0 0 0 0 0 0 0 0 0 0 0 0 0 0 0 0 0 0 0 0 0 0 0 0 0 0 0 0 0 0 0 0 0 0 0 0 0 0 0 0 0 0 0 0 0 0 0 0 0 0 0 0 0 0 0 0 0 0 0 0 0 0 0 0 0 0 0 0 0 0 0 0 0 0 0 0 0 0 0 0 0 0 0 0 0 0 0 0 495 0 0 0 0 0 0 0 0 0 0 0 0 0 0 0 0 0 0 0 0 0 0 0 0 0 0 0 0 0 0 0 0 0 0 1099 0 0 0 0 0 0 0 0 0 0 0 0 0 0 0 0 0 0 0 0 0 0 0 0 0 0 0 0 0 0 0 0 0 0
0 0 0 0 0 0 0 0 0 0 0 0 0 0 0 0 0 0 0 0 0 0 0 0 53 320 0 0 82 0 0 0 0 0 0 0 0 0 0 0 0 0 0 0 0 0 0 0 0 1 0 1 1 0 0 1 0 0 1 0 1 1 0 1 1 0 0 0 550 30 0 0 0 0 0 0 0 0 0 0 0 0 0 0 0 0 0 0 0 0 0 0 0 0 0 0 0 0 0 0 0 0 0 0 0 0 0 0 0 0 0 0 0 0 0 0 0 0 0 0 0 0 0 0 0 0 0 0 0 0 0 0 0 0 0 0 0 0 0 0 0 0 0 0 0 0 0 0 0 0 0 0 0 0 0 0 0 0 0 0
97 7759 4090 2593 11716 5229 0 20 333 1371 2076 600 218 462 981 1712 3545 3582 242 4473 0 2459 0 66 476 947 540 679 23 139 94 91 466 171 287 1148 121 147 372 158 38 5280 26 67 343 264 231 66 36 92 0 185 129 499 0 134 38 38 129 0 126 131 0 130 128 64 37 87 123 61 0 0 0 0 6 219 1708 559 919 784 136 1172 11857 766 1694 245 328 526 88 0 0 445 79 526 123 51 365 0 0 236 0 933 422 0 0 53 0 0 0 0 0 0 0 533 973 288 303 0 305 36 951 0 19097 202 4694 0 0 20 0 5 107 0 289 0 53 0 73 29 116 800 763 459 637 640 615 689 147 912 964 1045 833 741 647 724 662 653 14 217 171 0
0 0 0 0 0 0 0 0 0 0 0 0 0 0 0 0 0 0 0 0 0 0 0 0 0 0 0 0 0 0 0 0 0 0 0 0 0 0 0 0 0 0 0 0 0 0 0 0 0 0 0 0 0 0 0 0 0 0 0 0 0 0 0 0 0 0 0 0 0 0 0 0 0 0 0 0 0 0 0 0 0 0 0 0 0 0 0 0 0 0 0 0 0 0 0 0 0 0 0 0 0 0 0 0 0 0 0 0 0 0 0 0 0 0 0 0 0 0 0 0 0 0 0 0 0 0 0 0 0 0 0 0 0 0 0 0 0 0 0 0 0 0 0 0 0 0 0 0 0 0 0 0 0 0 0 0 0 0 0 0
0 0 0 0 0 0 0 0 0 0 0 0 0 0 0 0 0 0 0 0 0 0 0 0 0 0 0 0 0 0 0 0 0 0 0 0 0 0 0 51 0 0 0 0 0 0 0 0 1 68 0 79 86 11 0 85 0 0 87 0 84 86 0 84 88 26 0 0 0 0 0 0 0 0 0 0 0 0 0 0 0 0 0 0 0 0 0 0 0 0 0 0 0 0 0 0 0 0 0 0 0 8 0 0 0 2 0 0 0 0 0 0 0 0 0 0 0 0 0 0 0 0 0 0 0 0 0 0 0 0 0 0 0 0 0 0 0 0 0 0 0 0 0 0 0 0 0 0 0 0 0 0 0 0 0 0 0 0 0 0
0 37 0 11 67 37 0 0 2 10 8 5 3 3 0 11 1 56 7 65 0 31 0 0 757 1063 5 62 1076 8 8 10 3 5 18 12 7 0 15 8 3 2 0 8 0 0 0 0 54 58 0 63 91 10 0 95 5 0 87 0 88 97 0 96 90 26 16 199 1787 416 0 0 0 0 0 37 223 25 0 11 0 192 143 76 174 24 41 0 0 0 0 0 0 3 0 7 0 0 0 0 0 39 7 1 1 10 25 0 66 66 66 0 0 2 0 0 0 0 0 0 0 0 0 1 0 0 0 0 0 0 0 0 0 0 0 0 0 0 0 0 0 3 0 8 6 0 0 0 0 0 0 0 1 0 0 0 0 0 0 0
0 0 0 0 0 0 0 0 0 0 0 0 0 0 0 0 0 0 0 0 0 0 0 0 0 0 0 0 0 0 0 0 0 0 0 0 0 0 0 0 0 0 0 0 0 0 0 0 0 0 0 0 0 0 0 0 0 0 0 0 0 0 0 0 0 0 0 0 0 0 0 0 0 0 0 0 0 0 0 0 0 0 0 0 0 0 0 0 0 0 0 0 0 0 0 0 0 0 0 0 0 0 0 0 0 0 0 0 0 0 0 0 0 0 0 0 0 0 0 0 0 0 0 0 0 0 0 0 0 0 0 0 0 0 0 0 0 0 0 0 0 0 0 0 0 0 0 0 0 0 0 0 0 0 0 0 0 0 0 0
0 0 0 0 0 0 0 0 0 0 0 0 0 0 0 0 0 49 11 19 0 10 0 0 187 270 71 75 265 71 25 10 0 29 25 58 29 0 50 1011 14 4 0 6 0 22 0 0 1294 143 0 44 577 6 222 702 375 424 469 0 557 723 171 765 516 368 0 10718 434 89 0 824 0 699 0 0 89 9 5 0 0 0 0 0 0 0 0 0 0 0 0 0 0 0 228 0 0 0 0 0 0 556 82 0 0 188 0 0 0 1 0 0 0 203 0 0 0 0 0 0 0 0 0 0 0 0 0 0 0 0 0 0 0 0 373 0 0 0 0 21 15 9 3 25 23 15 3 12 13 2 0 0 30 16 25 22 0 0 1 0
0 0 0 0 0 0 0 0 0 0 0 0 0 0 0 0 0 0 0 0 0 0 0 0 1 2 0 0 3 0 0 0 0 0 0 0 0 0 0 0 0 0 0 0 0 0 0 0 5 0 0 0 2 0 0 3 0 0 2 0 0 3 0 2 2 0 0 0 0 0 0 0 0 0 0 0 0 0 0 0 0 0 0 0 0 0 0 0 0 0 0 0 0 0 0 0 0 0 0 0 0 2 0 0 0 0 0 0 0 0 0 0 0 0 0 0 0 0 0 0 0 0 0 0 0 0 0 0 0 0 0 0 0 0 0 0 0 0 0 0 0 0 0 0 0 0 0 0 0 0 0 0 0 0 0 0 0 0 0 0
0 0 0 0 0 0 0 0 0 0 0 0 0 0 0 0 0 0 10 0 0 0 0 0 0 0 17 0 0 1 0 0 0 0 0 0 0 0 0 0 0 0 0 0 0 0 0 0 0 0 0 0 0 0 0 0 0 0 0 0 0 0 0 0 0 0 0 0 0 0 0 0 0 0 0 0 0 0 0 0 0 0 0 0 0 0 0 0 0 0 0 0 0 41 0 0 0 0 0 0 0 4 0 0 0 0 0 0 0 0 0 0 0 0 0 0 0 0 0 0 0 0 0 47 728 0 0 0 0 0 0 0 0 0 0 0 0 0 0 0 0 0 0 0 0 0 0 0 0 0 0 0 0 0 0 0 0 0 0 0
0 0 0 0 0 0 0 0 0 0 0 0 0 0 0 0 0 39 495 326 0 4 0 949 0 0 0 0 0 0 0 0 0 0 0 0 0 0 0 0 0 0 0 0 0 0 0 0 57 210 0 225 246 35 127 242 164 149 249 0 244 246 0 241 252 189 0 0 0 0 0 0 0 0 0 0 0 0 0 0 0 0 0 0 0 0 0 0 0 0 0 0 0 0 0 0 0 0 0 0 0 30 0 1 0 16 0 0 1 1 1 0 0 0 0 0 0 0 0 0 0 0 0 0 0 0 0 0 0 0 0 0 0 0 0 0 0 0 0 0 0 0 0 0 0 0 0 0 0 0 0 0 0 0 0 0 0 0 0 0
0 0 0 0 0 0 0 0 0 0 0 0 0 0 0 0 0 0 0 0 0 0 0 0 0 1 0 0 1 0 0 0 0 0 0 0 0 0 0 0 0 0 0 0 0 0 0 0 3 0 0 0 1 0 0 2 0 0 1 0 0 2 0 0 1 0 0 0 0 0 0 0 0 0 0 0 0 0 0 0 0 0 0 0 0 0 0 0 0 0 0 0 0 0 0 0 0 0 0 0 0 1 0 0 0 0 0 0 0 0 0 0 0 0 0 0 0 0 0 0 0 0 0 0 0 0 0 0 0 0 0 0 0 0 0 0 0 0 0 0 0 0 0 0 0 0 0 0 0 0 0 0 0 0 0 0 0 0 0 0
0 0 0 0 0 0 0 0 0 0 0 0 0 0 0 0 0 0 0 0 0 0 0 0 0 0 0 0 0 0 0 0 0 0 0 0 0 0 0 0 0 0 0 0 0 0 0 0 0 0 0 0 0 0 0 0 0 0 0 0 0 0 0 0 0 0 0 0 0 0 0 0 0 0 0 0 0 0 0 0 0 0 0 0 0 0 0 0 0 0 0 0 0 0 0 0 0 0 0 0 0 0 0 0 0 0 0 0 0 0 0 0 0 0 0 0 0 0 0 0 0 0 0 0 0 0 0 0 0 0 0 0 0 0 0 0 0 0 0 0 0 0 0 0 0 0 0 0 0 0 0 0 0 0 0 0 0 0 0 0
0 0 0 0 0 0 0 0 0 0 0 0 0 0 0 0 0 1 0 0 0 0 0 0 11 17 3 1 17 2 0 0 0 0 0 1 1 0 0 56 1 0 0 5 0 0 0 0 33 42 0 45 63 6 0 65 0 0 61 0 61 67 0 66 63 0 0 60 18 0 0 0 0 0 0 0 4 0 0 0 0 0 0 0 0 0 0 0 0 0 0 0 0 1 0 0 5 0 0 0 0 59 1 2 0 59 0 0 0 0 0 0 0 0 0 0 0 0 0 0 0 0 0 0 0 0 0 0 0 0 0 0 0 0 0 0 0 0 0 0 0 0 0 0 0 0 0 0 0 0 0 0 0 0 0 0 0 0 0 0
0 0 0 0 0 0 0 0 0 0 0 0 0 0 0 0 0 0 0 0 0 0 0 0 0 0 0 0 0 0 0 0 0 0 0 0 0 0 0 0 0 0 0 0 0 0 0 0 0 0 0 0 0 0 0 0 0 0 0 0 0 0 0 0 0 0 0 0 0 0 0 0 0 0 0 0 0 0 0 0 0 0 0 0 0 0 0 0 0 0 0 0 0 0 0 0 0 0 0 0 0 0 0 0 0 0 0 0 0 0 0 0 0 0 0 0 0 0 0 0 0 0 0 0 0 0 0 0 0 0 0 0 0 0 0 0 0 0 0 0 0 0 0 0 0 0 0 0 0 0 0 0 0 0 0 0 0 0 0 0
0 125 0 1520 385 840 0 0 0 0 0 55 1672 0 0 0 17 468 245 210 0 0 0 0 34 6 107 687 65 1255 106 199 33 179 170 96 83 0 0 3107 8 543 84 783 266 62 256 25 881 128 265 39 297 134 0 362 232 0 239 0 242 379 204 370 264 0 29 0 106 125 2262 3405 3194 3399 3671 1001 391 609 462 1460 1024 713 0 187 167 271 495 0 3677 0 0 59 191 33 551 84 0 0 0 25 0 317 46 0 1 107 0 0 2 2 4 0 0 248 15 0 19 0 0 0 0 0 0 5 0 0 0 2404 0 0 0 0 0 0 219 0 0 0 0 2 0 0 0 20 16 0 0 0 0 0 0 0 22 0 19 6 0 47 76 0
0 0 0 0 0 0 0 0 0 0 0 0 0 0 0 38 0 19 157 104 0 0 0 0 15 11 0 0 0 0 0 0 0 0 0 31 0 0 0 0 0 0 0 0 0 0 0 0 116 42 0 9 10 0 0 10 10 0 10 0 6 10 8 7 11 0 17 0 0 0 0 0 0 0 0 0 0 0 0 0 0 0 0 0 0 0 0 0 0 0 0 0 0 0 0 0 0 0 0 0 0 3 0 0 1 0 0 0 0 0 1 0 0 0 0 0 0 0 0 0 0 0 0 0 0 0 0 0 0 0 0 0 0 0 0 0 0 0 0 0 0 0 0 0 0 0 0 0 0 0 0 0 0 0 0 0 0 0 0 0
0 76 0 291 0 136 4 0 0 0 0 0 0 0 14 0 0 21 243 160 0 0 0 0 7 23 0 0 0 0 0 0 0 0 0 7 0 0 0 0 0 0 0 0 0 0 0 0 178 65 0 15 16 0 0 16 16 0 16 0 15 16 15 15 16 9 26 0 0 0 0 0 0 0 0 0 3 0 0 0 0 0 0 0 0 0 0 0 0 0 0 0 0 0 0 0 0 0 0 0 0 4 1 0 2 0 0 0 1 1 2 0 0 0 0 0 0 0 0 0 0 0 0 0 0 0 0 0 0 0 0 0 0 0 0 0 0 0 0 0 0 0 0 0 0 0 0 0 0 0 0 0 0 0 0 0 0 0 0 0
15 0 0 0 0 0 0 40 0 0 0 35 13 0 0 0 11 128 1263 751 0 602 666 782 52 127 2009 529 4 11 24 0 164 440 0 134 28 0 0 0 90 0 40 21 42 0 0 0 38260 14006 3614 3293 3605 539 3407 3536 3664 3412 3648 2786 3576 3599 3716 3532 3680 3608 5087 0 52 35 0 0 0 0 0 16 742 39 68 0 0 0 0 2 0 0 0 0 0 0 0 138 0 189 0 0 924 927 119 412 799 748 331 19 1422 979 1515 1331 1360 1360 1365 0 0 114 0 12 46 0 0 0 0 0 4 65 199 0 0 0 0 5 0 0 0 0 0 0 0 0 2659 234 226 162 2 238 217 191 34 105 246 269 96 101 209 150 184 175 0 0 2 0
5 0 0 73 0 71 0 0 1 1 2 0 13 1 0 6 32 7 82 50 0 0 0 2 27 102 7 0 0 11 2 2 4 0 2 4 6 0 0 0 0 2 0 1 0 0 0 0 0 163 197 191 208 33 51 204 153 180 211 0 196 208 215 198 212 146 0 0 15 7 2 0 0 0 0 0 27 0 0 0 0 0 0 1 0 0 0 0 0 0 0 0 0 10 0 0 0 0 0 0 0 20 0 0 0 3 0 0 0 0 0 0 0 0 0 0 0 0 0 0 0 0 45 12 2 0 0 0 0 0 0 0 0 0 0 0 0 0 0 0 0 0 0 0 0 0 0 0 0 0 0 0 0 0 0 0 0 0 7 0
6 0 0 1607 0 13 0 12 1 3 0 402 164 0 0 278 37 535 3559 2280 0 660 729 95 23 0 2573 347 0 44 25 4 807 2177 2662 174 60 0 0 0 160 74 30 959 0 14 0 0 1901 5209 5985 5416 5933 867 5915 5820 6036 5636 6003 4691 5887 5923 6118 5813 6057 5945 0 0 113 76 146 1 0 2 0 256 1111 44 238 0 468 0 0 7 0 0 7 0 0 0 0 0 2 158 0 0 0 0 242 139 0 673 376 611 0 198 0 1017 0 0 0 0 0 76 0 397 510 0 0 0 0 0 41 29 20 0 0 0 0 0 0 0 0 0 318 0 0 4 0 618 590 12 183 25 23 497 6 1731 2341 1773 1563 905 828 799 517 564 0 0 22 0
0 0 0 0 0 0 0 0 0 0 0 0 0 0 0 1210 58 609 5511 3640 0 0 0 6 277 0 0 0 0 1 61 0 1 0 33 788 1 0 0 0 0 0 0 0 0 0 0 0 3685 1342 329 309 339 48 184 332 287 304 343 0 326 338 349 326 346 278 0 0 4 3 1 0 0 0 0 0 0 0 0 0 0 0 0 0 0 0 0 0 0 0 0 0 0 0 0 0 0 0 0 64 0 51 0 68650 5446 13 0 0 0 0 0 0 0 314 0 0 0 0 0 0 0 0 0 0 39 0 0 0 0 73 0 0 0 0 0 0 0 0 0 14 9 5 0 20 18 9 0 6 6 0 0 0 23 9 19 16 0 0 0 0
31 673 447 386 334 296 0 351 55 465 515 435 80 0 84 89 203 193 475 334 0 0 177 188 113 212 515 559 141 323 365 3534 667 1295 557 195 665 507 722 1515 559 1088 607 1455 1077 774 1294 0 74 58 80 92 96 202 0 103 88 85 91 80 94 102 86 104 91 87 3 0 504 325 1118 1551 1343 1551 0 466 604 518 725 471 37 435 11 116 139 171 53 0 162 0 0 1320 1096 457 1153 276 210 85 116 347 334 135 848 22 4 424 291 370 253 253 255 0 0 933 1147 389 1632 0 102 0 0 0 529 93 49 5 0 1743 0 75 5 0 0 0 190 0 0 0 105 1218 1315 1584 1160 1377 1315 1296 1458 1335 1249 1238 1325 1325 1394 1369 1392 1387 0 171 35 0
15 99 41 56 47 45 0 0 8 72 70 33 14 22 25 34 24 37 281 145 0 0 54 0 33 335 1480 636 4 12 11 13 21 12 109 45 12 30 34 6 0 0 0 16 0 209 0 0 1 10 0 14 13 20 0 12 12 0 13 6 14 12 12 13 12 13 0 0 7 10 0 6 0 8 0 0 616 17 0 0 0 522 0 24 2 284 0 0 0 0 0 0 0 2 0 0 0 0 0 58 32 17 20 0 1 16 0 0 0 0 27 0 0 0 144 0 0 0 0 0 0 0 1 39 52 0 0 0 0 0 0 0 0 0 15 0 0 0 0 0 0 0 0 10 0 0 0 0 0 0 0 0 20 0 11 0 0 11 0 0
4 0 0 0 0 0 0 0 0 1 0 3 0 0 0 0 16 113 10 4 0 0 3 0 0 7 83 0 0 2 0 0 14 6 0 3 4 0 0 0 0 0 0 0 0 0 0 0 0 0 0 1 0 6 0 0 0 0 0 0 0 0 0 0 0 0 0 0 2 0 0 0 0 0 0 0 0 0 0 0 0 93 0 29 82 0 0 0 0 0 0 0 0 0 0 0 0 0 0 30 12 7 12 0 0 1 0 0 18 18 17 0 0 0 153 0 0 0 0 0 0 0 0 16 74 0 0 0 0 0 0 0 0 0 0 0 0 0 0 0 0 0 0 14 1 0 0 0 0 0 0 0 9 0 0 0 0 0 0 0
2 0 0 0 0 1 0 0 0 1 0 10 4 0 0 0 29 2 11 3 0 0 3 0 1 13 287 0 1 4 1 1 8 2 1 5 3 0 0 0 11 0 0 0 0 0 0 0 1 0 0 4 1 23 0 1 0 0 0 0 1 0 0 1 0 0 0 0 2 2 0 2 0 6 0 0 337 0 0 0 0 121 0 52 110 0 0 0 0 0 0 0 0 8 6 0 0 0 0 46 11 11 6 0 0 3 0 0 20 20 20 0 0 1055 280 0 0 0 0 0 0 0 0 9 18 0 0 0 0 0 0 0 0 0 0 0 0 0 0 4 0 0 0 14 10 0 0 0 0 0 0 0 21 0 16 12 0 6 0 0
14 0 0 0 0 4 0 0 1 6 0 92 32 2 0 0 192 9 113 22 0 0 21 0 5 80 2723 24762 22 21 5 5 63 19 2 31 22 351 1865 4 48 0 16 0 0 0 1204 0 3 0 0 22 3 126 0 3 1 1 1 0 3 1 1 3 1 2 0 0 23 14 0 11 0 16 0 19376 1003 184 0 0 0 17305 0 374 97 9362 0 0 0 0 0 0 0 50 285 0 0 0 0 324 124 79 71 0 4 32 29 45 97 97 97 0 0 417 4041 0 0 0 0 0 0 0 29 56 137 0 0 0 0 0 0 0 0 0 11 0 0 0 0 8 0 0 0 101 72 0 0 0 0 0 0 0 140 0 98 61 0 1195 0 0
2 46 13 25 21 21 0 0 4 34 31 33 13 10 12 0 26 734 80 923 0 0 8 0 15 203 319 1119 15 19 16 13 105 26 42 16 32 6 17 40 25 0 0 11 0 2 0 0 6 2 0 11 4 52 0 5 4 0 4 0 4 5 3 5 4 4 0 0 30 17 34 39 23 46 0 466 1708 5295 971 0 0 1185 2311 52 509 192 21 0 0 0 0 4 0 20 21 6 0 0 0 55 41 25 140 4 2 9 0 0 28 28 29 0 0 1925 303 0 74 0 0 0 0 0 0 16 38 0 0 0 0 0 0 0 0 0 0 0 0 0 0 211 223 267 166 236 223 220 234 227 207 196 189 206 241 232 249 245 0 233 16 0
1 67 0 38 23 37 0 0 8 76 33 47 18 24 0 0 11 1370 61 247 49 0 59 53 49 50 219 118 6 22 34 5 165 155 29 121 46 48 19 52 0 27 0 34 49 75 0 0 7 19 0 36 26 87 0 26 25 10 25 29 26 26 25 26 25 25 2 0 24 17 1702 53 0 54 0 922 8 225 364 148 0 206 69 72 200 46 900 0 0 263 0 423 209 1500 3 0 28 0 0 87 64 32 187 12 0 215 0 27 0 0 76 255 0 90 0 19 93 0 0 0 0 0 28 53 3 0 0 0 0 0 0 0 0 0 53 0 0 0 0 118 87 123 0 252 156 73 90 109 81 70 0 59 331 111 327 300 0 1090 0 0
0 1 0 0 0 1 0 0 0 1 0 5 2 0 0 1 1 1128 0 51 0 0 4 0 0 4 0 0 0 2 1 1 6 436 9 2 3 0 0 88 0 0 0 21 0 31 0 0 6 21 0 26 28 16 0 28 28 0 28 26 28 28 28 28 28 28 0 0 8 6 65 85 89 92 0 0 0 0 0 0 0 0 0 5 24 0 8998 0 0 0 0 215 14 4 0 0 0 265 0 3 0 17 5 0 0 6 0 0 2 2 2 2008 0 0 0 0 0 0 1 0 0 0 2 1 0 0 0 0 0 0 0 0 0 0 0 0 0 0 0 0 0 0 0 9 5 0 0 0 0 0 0 0 11 0 6 3 0 21 0 0
0 7 0 0 0 9 0 0 2 18 0 11 6 6 0 8 0 1656 11 1995 20 0 17 18 0 403 42 110 3 14 10 11 27 248 24 12 19 22 37 121 0 28 8 38 0 48 209 0 7 13 0 18 18 27 0 19 18 0 18 17 18 19 18 19 18 18 0 39 21 21 141 125 113 126 0 241 121 300 5 0 0 158 0 21 46 46 1469 0 1492 106 0 153 57 322 15 0 39 0 0 7 0 27 14 1 0 6 0 0 18 18 18 0 0 0 0 0 0 0 0 0 0 0 6 7 0 0 0 0 0 0 0 0 0 0 59 0 0 0 0 0 0 0 0 8 0 0 0 0 0 0 0 0 27 0 43 28 0 410 0 0
0 0 0 0 0 1 0 0 0 1 0 0 0 0 0 0 0 0 0 0 0 0 0 0 0 0 0 0 0 0 0 0 3 0 0 0 0 0 0 0 0 0 0 0 0 0 0 0 0 0 0 0 0 0 0 0 0 0 0 0 0 0 0 0 0 0 0 0 0 0 0 0 0 0 0 0 0 0 0 0 0 0 0 0 0 0 0 0 0 0 0 0 0 0 0 0 0 0 0 0 0 0 2 0 0 4 0 0 2 2 2 0 0 0 0 0 0 0 0 0 0 0 0 0 0 0 0 0 0 0 0 0 0 0 0 0 0 0 0 0 0 0 0 3 2 0 0 0 0 0 0 0 4 0 3 2 0 0 0 0
0 0 0 0 0 3 0 0 1 6 0 0 0 2 0 0 0 1 3 1 0 0 0 0 1 2 1 0 0 1 0 0 22 0 0 2 5 0 0 24 0 0 0 0 0 0 0 0 1 0 0 0 1 0 0 1 0 0 1 1 1 1 0 1 1 1 0 0 0 0 19 25 20 28 0 0 0 0 0 0 0 0 0 0 0 0 0 0 0 0 0 0 0 48 0 0 0 0 0 9 13 3 19 0 0 15 0 2 11 11 11 0 0 0 0 0 0 0 0 0 0 0 4 1 0 0 0 0 0 0 0 0 0 0 0 0 0 0 0 0 0 0 0 19 1 0 0 0 0 0 0 0 37 0 32 26 0 0 0 0
0 0 0 0 0 1 0 0 0 2 0 0 0 0 0 0 0 0 1 0 0 0 0 0 0 0 3 0 0 0 0 0 5 0 0 0 1 0 0 1 0 0 0 3 0 0 0 0 0 0 0 0 0 0 0 0 0 0 0 0 0 0 0 0 0 0 0 0 0 0 2 2 1 2 0 0 9 7 0 0 0 6 0 0 3 0 0 0 0 0 0 0 0 37 0 0 0 0 3 5 15 1 6 0 0 3 3 6 2 2 2 0 0 0 0 0 1 0 0 0 0 0 1 0 1 0 0 0 0 0 0 0 0 0 0 0 0 0 0 6 3 1 0 8 7 4 0 2 3 0 0 0 10 4 9 7 0 0 0 0
0 0 0 0 0 2 0 0 0 4 0 6 3 1 0 16 5 636 9 120 44 0 24 15 0 0 0 0 0 4 3 0 30 9 6 12 4 0 0 0 0 0 0 0 0 20 0 0 1 2 0 6 2 26 0 2 2 0 2 6 2 2 2 2 2 2 0 0 8 5 104 3 0 4 0 714 46 48 9 0 0 0 0 41 61 11 0 0 0 44 0 72 71 82 0 0 4 0 0 19 6 8 13 0 0 29 0 0 1 2 10 185 0 0 114 0 0 0 0 0 0 0 2 4 2 0 0 0 0 0 0 0 0 0 10 0 0 0 0 0 0 0 0 0 0 0 0 0 0 0 0 0 0 0 6 0 0 304 0 0
118 175 141 70 79 87 8 263 14 47 56 260 136 0 28 459 101 1122 1900 1600 376 0 240 159 146 556 367 266 18 189 225 397 318 391 885 374 183 282 528 439 1979 381 300 749 631 0 493 219 35 82 0 123 112 207 0 112 110 102 109 102 112 18 109 113 110 110 7 147 181 180 428 399 265 458 820 891 475 513 469 349 138 194 238 342 289 80 680 0 1729 813 0 1104 2323 1648 180 190 412 296 329 429 530 158 308 89 18 892 515 0 317 317 317 157 46 672 1299 0 349 0 0 0 0 0 454 33 38 0 0 355 0 0 0 0 0 0 458 0 0 118 35 547 452 268 549 439 429 459 0 519 643 635 626 624 648 641 654 651 0 3662 86 0
25 341 183 2263 2809 396 48 80 12 78 118 136 56 30 204 212 42 329 560 420 0 459 423 344 91 106 2958 619 69 99 105 84 238 1185 238 186 167 1662 407 495 664 353 0 261 88 385 252 57 45 129 126 154 170 93 0 171 168 153 169 101 169 164 161 171 171 166 14 0 175 99 276 490 306 479 0 493 1647 339 578 401 11 235 0 93 169 74 174 0 0 0 0 0 4595 588 157 52 686 313 744 421 508 209 449 18 10 264 489 490 47 47 48 0 0 524 0 545 356 0 0 0 0 0 0 1321 53 25 0 60 0 0 29 0 0 22 0 1631 0 0 0 567 594 672 446 621 598 596 601 546 528 516 0 0 570 555 570 566 0 380 0 0
143 13 0 20 3 10 0 20 141 23 9 157 55 10 218 2274 0 699 11 3 444 20 32 2 15 33 350 193 6 21 12 6 16 11 14 55 25 12 45 53 278 2558 476 155 19303 297 88 263 7 45 55 66 57 102 50 57 58 55 58 61 56 57 58 56 58 57 2 142 7 117 133 52 26 52 25712 104 201 357 261 100 0 0 0 53 72 26 0 0 143 0 0 35305 262 300 2441 2 0 0 0 206 22 148 43 0 2 70 6 4 200 201 200 0 0 39 0 87 48 529 0 954 76 0 206 68 501 0 6684 16154 0 2 0 0 615 11737 850 0 0 0 8297 69 62 54 53 70 73 64 58 65 434 368 40 53 84 79 78 76 20 10 67 0
21 92 63 83 60 52 0 8 12 120 147 66 25 44 12 37 49 301 187 175 176 115 123 97 19 53 164 77 15 38 41 8 152 12 0 40 51 0 2 284 418 51 0 14 33 32 0 0 64 498 421 566 0 121 640 617 640 600 632 642 623 627 642 618 637 632 22 171 40 43 266 340 331 340 80 156 110 106 160 64 248 45 156 66 54 19 117 285 844 1484 0 0 563 0 42 15 1812 1728 2157 649 2078 313 350 650 62 4188 2201 2662 2858 2857 2854 1652 506 473 0 209 126 80 77 0 456 0 219 105 1580 0 0 0 0 0 0 0 0 0 198 0 0 0 114 280 225 121 277 223 217 228 267 267 327 322 320 322 345 335 343 341 0 0 0 0
488 1 0 2 1 1 0 38 4 1 0 45 16 1 0 0 3 195 13 10 144 0 42 1 7 28 0 0 7 26 11 0 147 8 38 14 110 0 38 43 425 23 36 9 0 87 0 0 18 59 72 85 77 124 0 77 77 50 77 64 76 78 77 77 78 71 1 0 23 21 0 115 1 119 0 36 67 76 51 0 0 0 0 11 10 6 0 0 428 0 14 0 904 354 0 0 0 0 0 40 10 22 132 0 0 5 0 0 1 1 1 0 0 48 0 140 155 0 11 19 0 0 7 39 266 32 0 102 0 0 139 0 0 310 99 0 0 54 47 246 200 118 240 209 202 201 227 235 288 271 241 260 315 294 310 305 10 76 0 0
0 20 0 26 21 20 0 0 4 36 36 21 4 9 19 64 42 71 324 221 6 0 8 7 15 9 179 20 1 11 7 4 57 0 0 41 4 0 0 0 94 270 8 218 6 14 5 0 2 16 11 21 20 23 0 20 20 14 20 6 20 17 20 20 20 19 0 0 3 6 11 2 0 3 0 312 358 523 305 70 0 0 0 8 15 6 0 0 0 0 0 0 0 62 0 0 0 0 0 25 9 28 89 0 0 11 0 0 56 56 56 0 0 16 0 1699 90 0 0 0 0 0 9 291 1202 77 0 0 0 0 2 0 0 0 289 0 0 0 0 105 117 153 82 133 125 114 123 116 150 133 81 95 127 114 125 122 19 49 5 0
1 0 0 3 1 3 0 0 1 7 2 8 2 3 0 6 29 11 69 34 62 0 75 0 3 0 0 0 0 12 1 0 2 147 0 8 2 6 0 0 4342 21 0 0 0 3 0 0 1 1 0 2 0 6 0 2 2 0 2 80 1 0 2 1 2 0 0 0 1 1 0 0 0 1 0 0 3 0 0 0 0 0 0 2 0 0 0 0 0 0 664 0 0 0 0 0 0 0 0 18 0 45 5 0 0 2 0 0 1 1 1 0 0 0 0 0 0 0 0 0 0 0 3 9 6 866 0 0 0 0 0 0 4 0 0 0 0 0 0 0 0 0 0 1 0 0 0 0 0 0 0 0 5 0 3 0 0 3 7 0
52 0 0 5 0 13 0 0 5 41 0 33 0 12 0 0 251 27 14 11 0 0 0 0 16 18 26 319 13 31 35 21 28 48 31 37 59 0 0 205 795 0 47 833 368 0 4 0 15 19 3 21 29 7 0 30 27 15 28 0 28 28 27 30 28 18 1 0 31 33 108 249 7 252 0 267 72 0 0 0 0 251 0 202 43 130 16 0 0 0 0 197 3 734 0 5 8 0 0 93 46 36 36 0 4 51 6 13 7 7 7 0 0 95 0 0 0 0 0 0 73 0 238 43 954 0 0 15 0 115 157 0 0 0 86 0 0 215 90 41 43 54 30 55 51 42 38 39 37 28 8 23 54 41 52 49 93 215 83 0
0 0 0 0 0 0 0 0 0 0 0 12 5 0 0 14 0 1108 4 609 0 0 0 0 2 107 1 12 0 5 0 1 0 2 235 4 2 0 1 0 0 7 0 0 147 800 0 0 0 0 0 8 0 45 0 0 0 0 0 0 0 0 0 0 0 0 0 0 9 7 130 2 4 3 0 864 3 4 2 0 1878 65 1438 203 229 90 371 0 0 0 0 222 1 0 0 0 39 0 0 4 0 8 2 0 0 6 0 0 0 0 0 0 0 0 0 0 0 0 0 0 0 0 0 36 0 0 0 0 0 0 0 0 0 0 1 0 0 0 0 7 3 2 0 0 0 3 0 0 3 0 0 0 0 2 12 9 0 0 0 0
17 30 23 52 20 6 0 2 10 46 84 28 13 23 43 30 51 74 0 101 17 12 18 0 7 41 154 58 20 13 21 86 21 0 35 25 15 0 0 82 0 24 0 0 33 58 16 0 28 28 0 27 31 16 0 32 31 24 31 30 31 32 24 32 31 0 0 45 27 2 0 111 112 114 0 21 101 44 16 3 0 41 0 4 8 4 0 0 0 3 0 54 7 27 0 0 0 0 0 21 0 10 26 0 0 3 565 550 0 0 0 0 0 0 0 5 30 0 0 0 0 0 16 8 3 15 0 0 0 0 0 0 0 0 16 0 0 3 0 27 29 42 0 43 38 28 0 67 28 16 0 0 9 0 7 4 0 47 13 0
45 80 56 141 54 16 0 6 27 0 225 78 35 60 116 86 164 198 217 280 44 0 50 1 60 113 455 172 53 35 51 237 56 5 98 70 42 0 38 262 0 79 11 31 98 165 74 27 62 59 58 57 65 40 32 68 64 63 66 45 65 67 61 67 65 46 0 105 91 38 0 299 295 300 0 107 323 145 217 295 73 0 393 14 44 28 13 0 0 41 0 145 56 80 59 15 13 0 0 57 1 25 69 0 0 8 1288 1253 0 0 0 0 0 69 0 26 105 0 0 38 54 0 39 21 10 63 0 0 0 0 0 0 0 0 44 0 0 83 36 97 103 128 75 118 111 102 45 207 112 97 0 5 34 21 33 30 0 147 58 0
86 178 140 309 120 35 0 13 59 274 496 170 76 135 252 159 269 435 467 619 126 134 129 3 124 233 840 339 119 77 120 530 121 30 217 134 83 11 192 632 166 149 17 94 207 366 171 71 165 166 177 159 180 94 180 186 180 176 182 174 180 184 178 184 181 174 0 279 214 100 0 677 0 677 0 222 616 293 405 609 268 240 872 28 96 0 46 0 0 89 0 306 101 171 138 60 30 3 0 115 3 58 150 0 0 19 3855 3750 0 0 0 0 3 125 0 63 203 0 87 76 124 0 86 46 22 38 0 0 0 0 0 0 0 0 94 0 0 156 123 215 230 282 181 254 241 228 108 455 251 223 2 25 73 55 73 68 0 272 115 0
0 0 0 0 0 0 0 0 1 2 0 0 0 0 2 0 0 4 3 5 0 0 1 0 1 2 0 0 0 0 0 0 0 0 0 1 0 0 0 0 0 0 0 0 0 0 0 0 3 3 0 3 3 1 0 3 3 0 3 3 3 2 3 3 3 1 0 0 2 1 0 1 0 0 0 0 0 0 0 0 0 0 0 0 0 0 0 0 0 0 0 0 0 0 0 0 0 0 0 0 0 0 0 0 0 0 65 0 0 0 0 0 0 0 0 0 0 0 0 0 0 0 0 0 0 0 0 0 0 0 0 0 0 0 0 0 0 0 0 0 0 0 0 0 0 0 0 0 0 0 0 0 0 0 0 0 0 0 0 0
2 1 3 9 3 2 0 0 2 8 14 5 2 4 14 3 5 13 14 19 0 6 6 0 3 6 14 3 4 2 3 17 3 2 7 3 2 0 0 0 0 0 0 0 4 11 0 0 7 8 2 7 8 3 6 8 8 6 8 8 8 8 7 8 8 2 0 9 7 3 0 21 20 21 0 0 0 0 0 0 0 6 0 1 0 0 0 0 0 0 0 0 0 5 0 2 0 0 0 3 0 2 4 0 0 1 203 194 0 0 0 0 0 0 0 0 0 0 0 0 0 0 2 1 1 0 0 0 0 0 0 0 0 0 1 0 0 0 0 0 0 0 0 3 1 0 0 0 0 0 0 0 0 0 0 0 0 0 1 0
0 0 0 0 0 0 0 0 0 0 0 0 0 0 0 0 0 1 0 1 0 0 0 0 0 0 0 0 0 0 0 0 0 0 0 0 0 0 0 0 0 0 0 0 0 0 0 0 0 0 0 0 0 0 0 0 0 0 0 0 0 0 0 0 0 0 0 0 0 0 0 0 0 0 0 0 0 0 0 0 0 0 0 0 0 0 0 0 0 0 0 0 0 0 0 0 0 0 0 0 0 0 0 0 0 0 0 0 0 0 0 0 0 0 0 0 0 0 0 0 0 0 0 0 0 0 0 0 0 0 0 0 0 0 0 0 0 0 0 0 0 0 0 0 0 0 0 0 0 0 0 0 0 0 0 0 0 0 0 0
1 0 0 0 0 0 0 0 1 0 0 0 0 0 0 0 2 6 4 7 0 0 0 0 0 0 0 0 0 0 0 1 1 0 0 2 0 0 0 0 0 0 0 0 0 0 0 0 3 3 0 3 3 1 0 3 2 0 3 0 3 3 0 3 3 0 0 0 1 0 0 0 0 0 0 0 0 0 0 0 0 0 0 0 0 0 0 0 0 0 0 0 0 0 0 0 0 0 0 0 0 1 0 0 0 0 29 0 0 0 0 0 0 0 0 0 0 0 0 0 0 0 0 1 0 0 0 0 0 0 0 0 0 0 0 0 0 0 0 0 0 0 0 0 0 0 0 0 0 0 0 0 0 0 0 0 0 0 0 0
0 232 182 0 156 45 0 15 77 356 2 42 36 176 327 232 540 95 725 435 169 175 175 0 169 248 1401 494 139 17 64 0 124 22 6 150 16 0 0 0 5 27 14 145 102 1 34 0 0 0 0 0 0 0 0 0 0 0 0 0 0 0 0 0 0 0 0 5 246 115 0 0 0 0 0 164 919 16 7 0 0 342 0 29 141 85 48 0 0 40 0 0 3 0 4 79 0 3 0 7 0 9 163 0 0 4 2365 2300 0 0 0 0 2 0 0 78 20 0 0 0 2 0 93 1 18 0 0 0 0 0 50 0 0 0 5 0 0 0 0 221 247 313 229 265 253 245 123 509 271 254 37 39 52 46 51 50 78 0 1 0
0 0 0 0 0 0 0 0 0 0 0 0 0 0 0 0 0 0 0 0 0 0 0 0 0 0 0 0 0 0 0 0 0 0 1 0 0 0 0 0 0 0 0 0 1 4 4 0 0 0 0 0 0 0 0 0 0 0 0 0 0 0 0 0 0 0 0 0 0 0 0 0 0 0 0 0 0 0 0 0 0 0 0 0 0 0 0 0 0 0 0 0 0 0 0 0 0 0 0 0 0 0 0 0 0 0 0 0 0 0 0 0 0 0 0 0 0 0 0 0 0 0 0 0 0 0 0 0 0 0 0 0 0 0 0 0 0 0 0 0 0 0 0 0 0 0 0 0 0 0 0 0 0 0 0 0 0 0 0 0
0 0 0 0 0 0 0 0 0 2 0 0 0 0 1 0 1 3 3 4 0 0 0 0 0 1 1 0 0 0 0 3 0 0 0 1 0 0 0 0 0 0 0 0 0 0 0 0 1 1 0 1 1 1 0 1 0 0 1 0 0 1 0 1 1 0 0 0 1 0 0 0 0 0 0 0 0 0 0 0 0 0 0 0 0 0 0 0 0 0 0 0 0 0 0 0 0 0 0 1 0 0 1 0 0 0 19 15 0 0 0 0 0 0 0 0 0 0 0 0 0 0 0 0 0 0 0 0 0 0 0 0 0 0 0 0 0 0 0 0 0 0 0 0 0 0 0 0 0 0 0 0 0 0 0 0 0 0 0 0
16 35 28 61 24 7 0 3 12 54 98 38 17 27 50 40 2317 93 112 128 27 28 27 0 26 49 262 99 22 18 22 107 19 0 45 32 20 0 0 83 39 33 0 0 44 79 11 0 12 7 0 8 9 14 9 11 9 0 9 9 9 10 8 10 9 8 0 45 31 6 0 120 118 120 0 31 129 49 0 1322 18 50 131 4 7 0 1 0 0 0 0 58 13 39 0 12 0 0 0 0 0 1 0 0 0 0 0 0 0 0 0 0 0 0 0 0 34 0 0 0 20 0 14 7 3 9 0 0 0 0 0 0 0 0 16 0 0 0 0 20 22 34 100 36 32 21 0 53 20 5 0 0 7 0 5 1 0 57 17 0
118 25 19 43 17 5 0 5 9 38 69 67 26 19 35 30 69 66 89 90 19 20 19 0 18 35 177 65 15 40 88 81 118 0 48 44 31 0 0 41 29 52 0 0 35 66 0 0 12 6 0 20 9 94 8 17 7 8 14 17 11 9 8 11 8 9 0 37 23 3 0 84 0 84 0 10 112 40 0 42 0 34 81 3 0 0 0 207 0 0 0 40 17 60 0 9 0 0 0 61 0 16 111 0 0 0 2008 0 0 0 0 0 0 0 0 64 57 0 251 26 138 0 95 55 24 63 0 0 0 0 0 0 0 0 92 0 197 274 196 245 263 319 200 289 274 261 131 516 285 260 28 45 87 68 83 79 0 718 166 0
0 0 0 0 0 0 0 0 0 0 0 0 0 0 0 0 0 180 0 19 0 0 0 0 0 0 0 0 0 0 0 0 0 0 0 0 0 0 0 0 0 0 0 0 0 0 0 0 42 12 0 0 0 0 0 0 0 0 0 0 0 0 0 0 0 0 0 0 0 0 0 0 0 0 0 213 0 0 0 0 428 0 0 0 0 0 0 0 0 0 0 0 0 0 0 0 4 6 0 0 0 0 0 0 0 1 0 0 0 0 0 0 3 0 0 0 0 0 0 0 0 0 0 0 0 0 0 0 0 0 0 0 0 0 0 0 0 0 0 0 0 0 0 0 0 0 0 0 0 0 0 0 0 0 0 0 0 0 0 0
0 0 0 0 0 0 0 0 0 0 0 0 0 0 0 0 0 171 0 18 0 0 0 0 0 0 0 0 0 0 0 0 0 0 0 0 0 0 0 0 0 0 0 0 0 0 0 0 0 0 0 0 0 0 0 0 0 0 0 0 0 0 0 0 0 0 0 0 0 0 0 0 0 0 0 202 0 0 0 0 405 0 0 0 0 0 0 0 0 0 0 0 0 0 0 0 15 23 0 0 0 0 0 0 0 1 0 0 0 0 0 0 10 0 0 0 0 0 0 0 0 0 0 0 0 0 0 0 0 0 0 0 0 0 0 0 0 0 0 0 0 0 0 0 0 0 0 0 0 0 0 0 0 0 0 0 0 0 0 0
0 4 3 6 2 1 0 0 1 6 10 2 1 3 5 4 1 1 0 0 0 0 0 0 1 0 0 0 0 0 0 0 0 0 0 2 0 0 0 0 0 0 0 0 0 0 0 0 0 0 0 0 0 0 0 0 0 0 0 0 0 0 0 0 0 0 0 0 0 0 0 0 0 0 0 0 0 0 0 0 0 0 0 0 0 0 0 0 0 0 0 0 0 0 0 0 9 15 0 0 0 0 1 0 0 0 0 0 0 0 0 0 17 0 0 0 0 0 0 0 0 0 0 0 0 0 0 0 0 0 0 0 0 0 0 0 0 0 0 0 0 0 0 0 0 0 0 0 0 0 0 0 0 0 0 0 0 0 0 0
264 409 320 708 276 80 0 24 135 628 1139 421 189 311 577 458 212 816 48 795 0 0 72 8 322 338 582 543 301 201 322 1312 302 101 473 392 199 283 727 1704 28 235 21 155 301 653 444 237 120 365 461 446 499 275 19 517 499 436 507 482 499 511 497 510 502 494 0 585 551 257 380 1742 1637 1741 53 496 869 726 1278 1541 0 0 1616 81 271 165 0 0 54 41 0 528 112 198 288 42 4415 6723 1774 644 1294 448 906 920 183 22297 5159 5020 14310 14304 14295 0 1402 1217 28 72 480 0 278 243 72 0 23 123 53 0 0 0 0 0 35 0 0 0 234 0 0 685 339 0 0 0 384 429 603 0 298 1154 637 590 83 114 0 0 198 0 186 715 376 0
80 1 1 5 1 0 0 4 1 2 3 69 37 1 0 0 282 1332 0 1616 0 0 30 11 246 594 36 75 341 67 100 402 92 39 307 44 157 70 199 1953 0 103 18 74 0 773 182 94 124 525 698 609 707 159 246 711 713 667 708 666 703 721 710 713 714 700 0 803 524 185 1225 1995 1969 1994 156 236 93 121 208 242 386 110 4303 129 161 71 33 0 11 25 0 55 47 73 128 23 143 7 0 101 3 143 129 0 0 47 1571 1528 0 0 0 0 0 395 0 60 160 0 266 120 0 0 65 37 16 33 0 144 0 0 35 0 17 0 99 0 122 222 153 195 204 233 174 200 190 204 121 378 223 213 70 72 65 78 84 83 68 164 117 0
20 104 37 107 71 0 0 0 16 164 200 74 30 54 79 48 142 173 255 224 126 116 159 1 44 131 193 0 34 56 63 36 122 39 62 76 62 67 145 121 0 15 0 60 0 53 0 0 23 19 0 21 26 22 0 30 25 0 27 0 26 28 25 28 26 19 2 0 74 59 0 127 0 0 0 104 166 0 0 0 0 60 25 26 46 25 182 0 0 0 0 0 0 28 0 17 197 0 0 205 562 65 186 81 14 250 506 70 332 332 332 0 0 0 0 0 58 0 0 88 0 0 0 38 46 0 0 0 0 0 0 0 0 0 24 0 0 34 56 183 199 270 106 257 237 190 169 186 149 92 0 72 245 185 231 215 0 70 279 0
256 1165 381 310 61 59 0 0 4 8 19 464 167 3 54 108 1093 53 64 26 215 97 185 111 48 70 223 0 46 115 199 3458 465 55 73 111 198 471 328 193 774 215 66 15 0 55 106 118 32 192 205 252 264 248 0 249 246 328 251 394 277 243 248 263 246 273 16 0 112 71 195 181 163 192 0 0 0 0 0 0 311 33 21 619 45 16 0 0 3063 109 204 374 202 1162 506 19 1440 878 2348 2552 3630 842 963 625 193 1207 3759 3629 211 212 212 0 22 2249 0 993 1676 0 0 371 2244 0 210 431 189 779 457 0 0 222 61 936 2526 0 829 0 2850 731 735 1204 1168 1117 1012 1196 1161 1183 1172 1099 1097 1086 1156 1159 1226 1196 1221 1215 460 1583 126 0
557 31 0 25 13 24 0 412 6 55 36 1228 438 24 0 89 93 36 281 108 207 371 354 405 20 6 276 150 13 452 137 135 299 285 333 369 239 68 273 60 662 292 485 283 160 155 42 0 25 142 21 782 193 3681 0 203 185 176 190 167 181 181 183 178 184 182 1 169 125 83 0 20 0 33 0 51 130 105 226 61 0 54 78 134 97 41 219 1301 0 0 0 0 0 603 293 24 0 0 0 800 33 449 436 0 0 64 2 0 6 6 7 0 0 47 0 0 229 0 513 0 0 0 106 51 64 0 146 0 0 0 15 0 2917 0 123 0 0 0 351 695 612 458 652 616 597 617 690 672 748 738 757 764 818 794 812 808 782 0 109 0
111 24 0 25 11 23 0 11 6 53 0 36 12 23 0 15 20 34 14 31 0 0 5 0 0 31 0 0 11 16 0 0 199 73 0 23 19 0 0 0 61 0 46 223 41 0 0 0 7 69 0 90 90 73 0 91 91 82 92 83 89 90 91 89 92 90 0 0 57 7 0 60 0 69 0 0 14 2 12 0 0 4 45 14 1 0 4 0 0 0 0 0 0 52 15 0 0 0 0 34 9 28 81 0 0 6 0 0 2 2 2 0 0 0 0 0 0 0 0 0 0 0 0 15 7 0 0 0 0 0 0 0 0 0 16 0 0 0 0 0 0 0 0 82 49 0 0 318 285 43 0 0 173 37 60 27 0 0 28 0
815 4974 0 1485 5452 2514 0 3451 412 2302 0 4882 2108 613 1041 1171 2090 3550 49 1462 1604 1714 1687 11 532 520 1305 2236 301 2897 2251 2669 559 6492 6200 2829 2683 3478 7129 6997 1392 1774 3509 2384 735 4599 5136 2765 393 497 612 2410 764 11133 195 807 707 711 715 456 726 759 692 761 716 693 30 2061 1788 2060 5327 7151 7072 7154 3087 4077 2496 3902 2355 2921 6106 2924 3505 1042 1900 996 4056 1942 7859 0 0 138 1326 1147 2536 1892 1852 1082 396 1793 27 991 322 192 56 224 1851 1763 3322 3322 3319 2996 111 2443 4232 753 691 0 1703 1310 0 0 54 2644 484 0 0 1827 0 0 258 0 279 1855 1362 0 0 389 3414 688 580 358 754 554 550 598 547 566 634 623 577 623 689 682 704 699 179 2120 661 0
332 2171 1185 2230 1722 1585 0 553 322 1497 3187 766 257 1143 0 1254 3745 256 40 26 0 3569 3557 0 342 1148 213 12 15 73 17 0 275 5 72 865 401 0 0 371 458 2725 605 296 61 483 0 0 22 2 0 44 13 260 0 19 7 28 13 38 16 12 7 17 8 12 65867 149 61 5755 245 421 288 424 0 11 125 2214 175 5 63 0 13 114 13 27366 10 39 61 102 0 0 91 577 343 0 53 373 0 591 98 383 454 28 332 174 211 0 420 420 420 0 0 1211 1195 0 111 0 0 480 127 0 9068 432 5185 0 0 0 0 492 654 0 423 0 390 0 0 108 886 626 623 657 732 653 650 625 737 611 614 601 667 684 743 719 742 737 440 347 1977 0
68 0 0 0 0 11 0 0 8 19 0 107 29 2 45 82 123 219 1534 1055 471 378 480 479 159 1896 144 81 18 0 0 0 0 0 0 85 0 0 0 0 0 38 16 229 130 67 37 22 20 28 15 48 40 109 0 43 40 39 40 41 40 42 39 43 40 39 1 115 47 39 242 359 331 361 37 51 42 72 72 96 101 67 131 41 51 27 87 86 133 0 880 0 83 146 46 19 48 0 0 113 57 65 54 9 8 42 140 0 146 146 145 0 0 0 0 61 48 0 0 0 0 0 94 343 1334 943 255 0 0 37 90 0 0 229 577 0 91 320 614 56 58 66 51 64 61 57 57 56 52 46 37 46 65 57 64 62 1158 90 176 0
334 0 0 54 23 31 0 89 7 40 25 388 152 0 26 701 113 769 356 166 1955 1396 1398 815 458 4959 367 150 24 322 109 154 476 120 2190 563 205 140 283 5946 47 72 70 109 374 6491 142 80 262 561 592 776 742 1080 0 756 744 705 739 1707 737 606 739 757 748 730 15 832 120 90 4168 6026 5925 6043 105 822 396 806 476 766 1584 135 230 48 130 24 20 1823 107 0 0 9 685 2054 0 70 693 0 0 167 9 547 691 0 0 69 0 0 0 0 1 0 101 380 0 202 414 832 0 101 0 3356 132 83 320 99 0 152 0 45 134 0 25 0 239 0 0 556 0 990 1087 1344 907 1131 1081 1072 1234 1108 993 989 1098 1088 1114 1110 1123 1119 378 177 91 0
409 2297 4924 4891 1184 1025 111 573 192 1662 1954 2345 1019 491 867 5577 1200 1508 131 427 1669 1655 1687 1798 1715 1021 2470 1169 217 1300 1034 1731 1035 584 4460 4409 1007 2118 6436 400 373 457 518 1968 1070 4235 4168 1185 234 2718 2673 3824 3485 4658 2309 3486 3557 3332 3541 3341 3457 3272 3565 3432 3540 3503 17 1308 1107 898 517 223 24 361 1816 993 1887 2044 3996 1801 1137 1095 1010 653 697 266 492 899 813 585 10696 358 569 411 274 898 2788 1608 1565 1325 2544 1112 1548 1155 64 1494 2626 2497 7701 7698 7694 4297 121 1190 2051 899 1101 3736 3405 252 0 0 591 217 821 683 0 1081 0 0 42 0 0 0 432 0 0 632 1308 1906 1971 2173 1801 2028 1956 1966 2152 1954 1849 1849 2038 2010 2055 2035 2057 2052 629 1323 504 0
0 0 0 0 0 0 0 0 0 0 0 1 0 0 0 0 0 1 10 3 2291 616 828 407 18 76 2 0 0 2 0 2 11 0 0 7 1 0 0 0 0 593 0 0 0 0 1 0 19 338 0 388 424 68 0 416 436 404 429 405 421 423 437 416 433 429 3 0 6 5 0 0 0 0 0 0 4 6 0 16 0 0 0 0 0 0 0 0 2027 0 0 0 0 0 0 1 0 0 0 1 0 41 5 0 0 13 0 0 105 105 105 0 0 9 0 0 96 0 0 0 0 0 0 0 0 0 0 0 0 0 0 0 0 0 57 0 0 0 0 0 0 0 0 0 0 0 23 0 0 9 0 0 0 0 0 0 0 0 0 0
0 0 0 0 0 0 0 0 0 0 0 0 0 0 0 0 0 0 0 0 0 0 0 0 0 0 0 0 0 0 0 0 0 0 0 0 0 0 0 0 0 0 0 0 0 11 0 0 0 0 0 0 0 0 0 0 0 0 0 0 0 0 0 0 0 0 0 0 0 1 0 0 0 0 0 0 0 0 0 0 0 0 0 0 0 0 0 0 0 0 0 0 0 0 0 0 0 0 0 0 0 0 0 0 0 0 0 0 0 0 0 0 0 0 0 0 0 0 0 0 0 0 0 0 0 0 0 0 0 0 0 0 0 0 0 0 0 0 0 0 0 0 0 0 0 0 0 0 0 0 0 0 0 0 0 0 0 0 0 0
0 0 0 0 0 0 0 0 0 0 0 18 6 0 0 0 0 18 1 8 0 0 4 1 3 1 0 0 4 5 0 0 0 0 0 5 0 0 0 0 0 0 0 5 0 3 0 0 5 62 64 80 78 68 0 77 80 74 79 75 78 0 80 77 80 79 0 24 3 4 0 0 0 0 0 0 0 0 0 0 0 2 16 0 0 0 0 0 0 0 0 0 0 0 0 1 0 0 0 6 0 10 1 0 0 3 0 0 0 0 0 0 0 0 0 0 0 0 0 0 0 0 10 12 0 0 0 0 0 0 0 0 0 0 16 0 0 0 0 0 0 0 0 0 0 0 0 0 0 0 0 0 0 0 0 0 0 0 0 0
17 9 6 9 7 6 0 17 2 13 18 43 15 6 0 15 8 10 360 3 0 10 10 0 3 0 73 46 2 10 0 0 6 72 0 13 4 0 0 0 20 0 1 5 17 25 0 0 5 16 0 23 0 42 22 22 22 22 23 23 21 22 22 21 22 21 1 22 4 8 18 30 24 31 0 17 15 33 20 17 7 10 5 3 5 3 4 4487 0 7 685 0 0 0 27 3 0 0 0 65 0 18 12 0 0 2 0 0 76 76 76 40 0 10 0 61 22 40 34 0 0 0 16 15 24 0 0 0 0 0 0 0 0 0 172 0 0 0 0 17 17 20 5 23 21 16 12 15 13 6 0 4 24 16 22 20 0 0 0 0
452 381 161 331 234 222 25 474 50 487 539 892 364 161 219 1117 1711 763 451 338 1134 1015 1170 1233 387 800 1101 805 95 594 400 438 705 834 1021 1067 592 653 1298 1043 575 899 516 616 398 736 838 516 83 367 280 689 467 1706 13 486 477 455 483 973 468 465 477 468 476 470 24 321 353 368 859 1037 940 1047 584 792 1086 1045 1219 1106 1137 853 528 185 495 178 662 2224 12262 0 15914 186 330 2196 474 318 4618 2539 897 1235 2716 1135 1346 608 93 1146 2816 2796 5570 5568 5565 3294 239 741 0 0 672 1359 751 0 6294 4516 724 303 3611 16095 0 453 0 57 156 0 438 0 556 3442 562 78 134 1536 1322 866 1277 1300 1290 1378 1227 1179 1341 1356 1422 1398 1431 1416 1434 1430 1339 541 467 0
2064 145 88 146 108 100 0 0 30 206 218 258 0 65 0 398 500 148 126 96 0 0 85 86 116 124 409 274 16 137 161 88 280 100 226 338 807 267 363 378 148 239 38 363 185 221 161 0 27 61 39 124 85 352 0 95 82 87 90 84 86 84 82 87 83 83 2 0 69 74 298 383 373 387 0 177 356 221 272 259 64 202 77 49 88 73 106 0 0 0 1159 0 33 154 0 61 252 80 140 363 326 144 418 77 9 189 221 193 1720 1720 1719 744 0 758 82 43 649 0 480 76 0 0 901 186 118 1141 0 0 962 832 1255 0 0 0 592 0 102 777 722 603 622 687 546 648 622 620 679 617 585 580 623 626 663 646 660 657 2040 895 520 0
881 1105 767 965 707 615 0 487 143 1378 1658 969 368 483 1812 1285 982 541 580 548 495 468 466 795 639 1052 1882 431 239 408 292 266 306 1444 693 1081 533 650 780 454 311 437 540 404 411 555 393 0 174 337 451 575 503 1297 398 521 457 653 492 521 529 479 457 522 463 506 6 1081 528 275 363 434 445 439 396 274 958 859 566 391 316 320 606 148 241 71 106 461 349 545 1525 282 354 571 319 168 1336 848 1272 2144 1943 826 692 235 60 1163 1984 1839 608 609 608 292 69 848 1060 1745 765 972 2438 517 1325 11 384 640 7050 1574 676 0 0 1209 0 1399 2003 0 511 0 2836 84 688 779 746 680 616 757 745 767 688 641 644 638 680 679 710 698 710 707 3088 567 890 0
38 425 297 385 264 229 0 62 50 501 593 208 75 169 296 296 180 93 69 74 143 140 139 157 92 59 48 51 33 54 39 28 109 117 2404 195 82 86 129 20 43 139 55 26 487 8078 36 0 11 2 2 26 18 148 0 12 4 65 8 4 26 7 4 20 5 20 0 88 70 44 0 13 9 0 0 63 107 49 108 144 74 67 106 42 55 11 34 289 50 0 243 17 41 41 0 18 68 40 274 478 228 150 163 140 14 126 233 200 126 126 126 24 43757 116 0 322 277 40 0 0 0 344 210 42 137 234 0 0 0 0 0 3 213 0 57 0 0 0 154 209 208 218 195 220 216 208 231 221 214 206 206 215 246 239 243 241 67 8 155 0
103 22 4 21 16 0 0 4461 3 14 26 20 7 9 10 295 683 111 355 253 242 250 256 1 94 105 132 71 21 9 9 2 36 28 28 193 214 23 18 68 103 225 4014 332 62 42 17 0 17 59 56 66 72 17 0 71 74 69 73 69 72 72 74 71 73 73 2 5 10 30 53 62 63 55 0 62 100 45 56 35 58 81 49 15 36 24 37 6 0 4 418 0 0 88 0 2 55 20 65 57 97 37 78 0 6 35 90 37 91 91 91 0 0 18 0 0 47 0 0 0 0 0 9 97 952 419 0 0 117 31692 0 0 0 0 66 0 0 0 8 119 75 85 88 85 80 119 109 67 64 57 50 63 88 78 87 85 63 60 135 0
1384 297 200 255 183 164 0 232 55 349 404 865 328 111 0 915 1294 306 212 180 489 563 572 602 239 43 388 319 23 586 601 270 1068 298 769 959 989 859 1110 560 892 1078 353 545 521 876 724 489 76 123 156 359 177 1388 50 269 167 250 238 201 193 180 171 195 171 180 4 278 172 201 514 530 526 539 458 184 441 333 797 686 208 290 275 134 171 103 196 620 335 512 1434 463 464 891 677 158 862 469 1097 1649 1571 574 1478 393 82 452 1586 1468 1577 1577 1578 768 1 2829 0 1863 3246 921 5640 1709 673 683 1765 1075 996 1508 1071 874 0 0 3581 0 2508 1741 1524 0 2549 2123 1633 2427 2218 1810 2108 2224 2175 2265 2284 2152 2321 2320 2472 2432 2499 2463 2492 2486 6583 2481 6281 0
486 148 0 140 90 99 0 241 51 230 248 345 133 96 0 399 78 468 80 248 775 881 873 533 141 101 396 260 51 201 92 97 171 748 132 400 296 490 462 1519 57 551 315 196 22 272 383 219 81 119 52 199 171 442 0 181 166 166 170 102 170 176 165 179 169 163 4 391 153 172 892 1591 430 1592 721 395 519 517 674 832 568 424 627 181 315 120 558 919 13747 0 5981 77 434 0 399 70 262 132 336 519 400 350 310 36 10 149 391 330 270 270 270 303 0 402 0 0 82 0 0 171 0 1219 71 512 2416 5963 0 139 0 0 53 0 0 1232 764 0 258 252 402 352 348 351 290 356 344 350 359 334 328 324 335 342 364 358 369 367 1380 1768 359 0
2387 85 0 76 40 37 0 160 87 131 109 508 194 41 0 300 177 1283 8782 5902 164 144 144 3 108 97 3989 1098 76 319 216 157 564 109 303 396 1244 698 819 410 395 277 177 78 120 346 373 546 39 140 168 319 186 994 56 197 182 195 191 196 186 183 183 185 183 185 10 168 173 205 400 408 370 412 231 529 2298 405 581 409 820 327 666 166 310 108 715 255 0 0 4003 0 257 314 189 91 2641 1411 3399 1363 3674 611 1124 347 143 751 3731 3508 2882 2882 2882 1660 84 779 456 635 563 0 718 0 349 303 378 408 137 3962 338 358 3130 2455 2109 0 0 0 939 0 2024 625 631 1197 1295 1555 1035 1352 1295 1285 1411 1192 1141 1137 1254 1247 1288 1269 1296 1286 1418 637 197 0
1 0 0 0 0 7 0 0 4 1 0 189 63 0 44 0 223 14 1 4 0 0 0 0 147 211 7 0 210 24 1 1 8 4 0 23 65 0 586 648 34 12 0 0 0 0 0 0 23 24 19 32 36 46 0 37 34 15 34 0 33 38 34 37 35 23 0 0 367 96 33 681 0 685 0 0 24 22 0 4 0 4 0 7 9 0 0 0 2010 0 0 0 0 9 0 0 0 0 0 7 0 13 29 0 0 4 0 0 0 0 0 0 0 0 0 0 0 0 0 0 0 0 0 5 0 0 0 0 0 0 0 0 0 0 0 0 27 0 150 54 44 27 4 59 58 49 0 0 11 0 0 0 32 12 27 22 0 0 0 0
3899 1732 1693 892 879 780 79 4320 181 2826 4871 4049 1895 273 354 3443 5510 3081 258 1030 7761 9306 9264 8470 1302 831 2480 2067 651 2250 1886 2711 2667 1824 4891 4602 3373 3957 4188 2597 4827 11293 4704 4096 2104 2321 2637 2408 429 1011 1362 2144 1419 6251 1223 1476 1363 1524 1411 1345 1428 1403 1358 1438 1372 1396 9 1248 2508 1606 2293 2566 2528 2573 1403 3248 1604 1585 8043 26643 5076 1171 1457 727 813 434 952 1544 0 1806 4067 1328 2322 4117 13044 1276 3317 5091 15883 5790 9166 2677 4494 3403 496 7203 2929 9224 11085 11083 11079 7769 593 4494 1974 5871 14407 2221 4909 1733 1394 1213 1788 2394 8211 4462 0 2469 5500 2645 3300 2315 1777 4171 1682 0 160 2014 2836 5332 5638 6477 5109 5802 5568 5606 6190 5587 5182 5186 5104 5242 5745 5721 5783 5772 5824 6190 1680 0
868 78 50 64 45 43 0 197 13 92 103 191 73 31 0 781 798 202 201 145 757 817 813 745 223 322 248 193 3 164 109 63 788 73 145 593 310 156 181 146 1612 380 227 95 139 133 77 0 20 43 0 104 57 354 0 77 57 70 71 106 61 59 58 62 58 59 3 102 39 53 210 165 167 167 2778 149 210 87 493 90 142 108 92 36 51 52 115 22 144 32 7877 142 106 1527 375 43 119 3676 7 244 77 117 692 136 4 793 18 0 1238 1237 1238 270 0 481 0 374 693 38 1067 0 594 65 155 186 676 7790 0 0 0 208 1503 0 0 0 0 0 0 0 71 1339 1053 506 1404 1046 1022 1069 1340 1279 1587 1552 1531 1548 1689 1633 1676 1663 1407 323 639 0
88 16 9 16 11 11 0 40 5 25 30 96 33 10 0 70 356 42 42 24 25 27 28 28 23 25 1 10 0 28 16 11 36 49 24 71 39 41 42 108 120 14 22 40 20 56 0 0 10 40 27 61 52 108 0 53 52 50 53 54 51 52 52 51 52 51 3 38 11 15 61 110 0 116 86 49 66 57 53 144 49 69 34 11 35 16 27 0 24 82 362 0 13 92 0 8 0 0 0 60 53 30 50 13 2 32 14 0 82 82 82 0 0 0 0 112 694 0 0 0 0 0 46 36 9 372 0 0 0 159 175 0 0 0 95 0 166 0 0 62 52 43 44 71 68 53 28 42 45 23 0 11 76 50 70 65 648 6 45 0
62 0 0 0 0 1 0 12 1 2 0 59 19 0 0 70 293 145 562 402 346 364 361 0 27 27 53 46 0 27 0 0 35 27 0 91 0 0 0 242 67 0 0 126 50 88 58 0 25 16 0 29 27 83 0 33 25 23 28 44 27 30 25 30 26 25 0 121 13 28 0 465 26 468 0 105 69 68 71 65 106 131 97 37 47 39 72 0 5 0 0 0 25 118 0 17 9 0 0 47 35 37 51 0 0 89 7 0 225 225 224 0 0 0 0 0 51 0 0 0 37 0 31 41 89 46 0 0 0 0 0 0 0 0 0 0 0 64 0 74 52 22 66 71 67 52 41 61 78 52 0 35 112 84 106 99 431 110 357 0
11 0 0 0 0 11 17 0 8 0 0 0 0 0 0 0 6 259 30 70 41 41 45 60 0 27 0 0 13 19 0 3 225 0 0 13 54 0 0 0 0 0 0 3 0 75 0 0 10 11 0 13 12 22 0 12 12 2 12 0 12 12 12 12 12 11 8 0 19 17 0 10 0 0 0 67 45 0 0 0 0 6 48 0 7 0 3419 0 0 0 0 0 0 3 0 0 0 0 0 16 9 11 346 0 22 15 0 0 15 16 19 420 0 0 0 0 23 0 0 0 0 0 7 6 14 0 0 0 0 0 0 0 0 0 0 0 0 0 0 0 12 293 0 448 347 0 0 0 0 0 0 0 322 0 194 76 0 0 0 3
11 0 0 0 0 12 18 0 8 0 0 0 0 0 0 0 7 278 32 73 44 45 48 64 0 32 0 0 15 21 0 6 235 0 0 14 59 0 0 0 0 0 0 4 0 81 0 0 11 11 0 14 13 23 0 13 13 2 13 0 13 13 13 13 13 12 8 6 21 18 0 11 0 0 0 75 49 1 27 0 0 9 65 2 16 0 3808 0 0 0 0 0 0 4 0 0 0 0 0 16 9 12 361 0 23 15 0 0 17 17 20 491 0 0 0 0 39 0 0 0 0 0 8 6 15 0 0 0 0 0 0 0 0 0 0 0 0 0 0 0 0 298 0 465 357 0 0 0 0 0 0 0 331 0 195 69 0 0 0 3
7 0 0 0 0 8 11 0 5 0 0 0 0 0 0 0 5 182 21 48 28 30 32 42 0 23 0 0 10 15 2 4 149 5 0 9 41 0 0 0 0 0 0 0 0 53 0 0 7 7 0 9 8 15 0 8 8 0 8 0 8 8 8 8 8 8 5 5 13 12 0 7 0 0 0 44 21 2 23 0 0 7 48 2 16 0 2516 0 0 0 0 0 0 4 0 0 0 0 0 9 3 7 226 0 15 9 0 0 11 11 13 0 0 0 0 0 31 0 0 0 0 0 5 4 9 0 0 0 0 0 0 0 0 0 0 0 0 0 0 0 0 0 0 230 117 0 0 0 0 0 0 0 109 0 0 0 0 0 0 2
25 0 0 0 0 23 35 0 18 6 0 0 19 0 25 5 0 512 52 252 64 1 86 123 0 76 0 0 34 46 0 10 518 6 42 28 133 0 0 0 0 0 0 18 0 347 31 0 23 23 0 30 25 62 0 25 24 16 25 0 25 25 24 25 25 24 19 26 37 35 0 23 0 2 0 404 145 26 209 0 607 45 434 7 147 5 432 0 0 0 0 0 0 15 0 10 2 0 0 36 35 17 809 0 53 32 0 0 39 39 43 0 0 0 0 0 314 0 0 0 0 0 18 13 29 0 0 0 0 0 0 0 0 0 0 0 0 0 0 781 842 1197 0 1217 1105 814 493 643 431 91 0 0 1022 609 928 832 0 0 12 8
2 0 0 0 0 2 4 0 1 0 0 0 0 0 0 0 0 58 7 16 4 6 8 13 0 8 0 0 1 5 0 1 49 0 0 3 12 0 0 0 0 0 0 0 0 4 0 0 2 2 0 3 3 5 0 3 3 0 3 0 3 3 3 3 3 2 2 0 4 4 0 2 0 0 0 0 0 0 0 0 0 0 0 0 0 0 750 0 0 0 0 0 0 0 0 1 0 0 0 1 0 2 74 0 5 2 0 0 4 4 4 0 0 0 0 0 0 0 0 0 0 0 1 1 1 0 0 0 0 0 0 0 0 0 0 0 0 0 0 0 0 0 0 0 0 0 0 0 0 0 0 0 0 0 0 0 0 0 0 1
2 0 0 0 0 4 6 0 3 0 0 0 0 0 0 0 0 74 10 38 3 0 13 21 0 5 0 0 4 8 0 0 85 0 0 5 19 0 0 0 0 0 0 0 0 36 0 0 4 4 0 5 4 10 0 4 4 0 4 0 4 4 4 4 4 4 3 0 6 6 0 4 0 0 0 31 0 0 0 0 0 0 39 0 0 0 47 0 0 0 0 0 0 1 0 2 0 0 0 4 0 2 130 0 9 4 0 0 7 7 7 0 0 0 0 0 0 0 0 0 0 0 2 2 3 0 0 0 0 0 0 0 0 0 0 0 0 0 0 0 0 0 0 94 0 0 0 0 0 0 0 0 1 0 0 0 0 0 0 1
12 0 0 0 0 13 18 0 9 0 0 0 0 0 0 0 7 280 33 78 46 49 52 67 0 34 0 0 16 23 0 7 253 1 0 14 64 0 0 0 0 0 0 4 0 87 2 0 12 12 0 15 14 25 0 14 14 3 14 0 14 14 13 14 14 13 9 7 22 19 0 11 0 0 0 81 55 2 36 0 0 10 71 2 19 0 3666 0 0 0 0 0 0 5 0 0 0 0 0 18 14 12 388 0 25 16 0 0 18 18 21 453 0 0 0 0 71 0 0 0 0 0 8 6 16 0 0 0 0 0 0 0 0 0 0 0 0 0 0 26 41 346 0 508 399 0 0 0 0 0 0 0 370 0 233 106 0 0 0 4
21 0 0 0 0 23 33 0 16 6 0 20 17 0 23 4 17 163 61 106 90 94 97 120 0 61 0 0 30 42 13 17 442 8 8 25 117 0 0 0 2 0 0 32 0 133 23 0 21 22 0 27 25 40 0 25 25 19 25 0 25 25 25 25 25 24 15 37 34 31 0 24 0 3 0 114 127 37 170 0 0 3 90 34 25 2 113 729 0 0 0 0 0 12 0 9 1 0 0 35 32 15 686 0 42 28 9 0 33 33 37 0 0 0 0 0 295 0 0 0 0 0 0 11 32 0 0 0 0 0 0 0 0 0 16 0 0 0 0 446 488 872 0 987 860 448 0 276 46 0 0 0 794 223 658 519 0 882 7 0
14 0 0 0 0 15 21 0 10 0 0 7 9 0 16 0 9 133 39 81 47 57 60 78 0 37 0 0 18 26 0 8 287 1 0 16 7962 0 0 0 0 0 0 8 0 616 285 1649 13 14 0 17 16 27 0 16 16 11 16 0 16 16 16 16 16 15 10 13 23 20 0 9 0 0 0 76 65 3 46 0 0 9 64 2 13 0 62 0 0 0 0 0 0 6 0 0 0 0 0 18 11 8 436 0 28 15 0 0 21 21 24 0 0 0 0 0 0 0 0 0 0 0 9 7 19 0 0 0 0 0 0 0 0 0 2 0 0 0 0 150 172 472 0 604 499 135 0 0 0 0 0 0 462 0 338 222 0 0 0 4
16 0 0 0 0 16 24 0 12 0 0 9 10 0 16 0 11 169 60 97 52 59 64 87 0 39 0 0 21 30 0 8 335 0 0 19 85 0 0 0 0 1412 0 8 0 114 1 0 15 16 0 20 18 32 0 18 18 13 18 0 18 18 18 18 18 17 12 13 25 23 0 10 0 0 0 104 80 4 55 0 0 9 83 2 17 0 64 0 0 0 0 0 0 29 0 0 0 0 0 24 19 10 522 0 34 19 0 0 23 23 27 0 0 0 0 0 0 0 0 0 0 0 6103 8 23 0 0 0 0 0 0 0 0 0 0 0 0 0 0 320 352 654 0 748 647 320 0 181 0 0 0 0 599 143 488 383 0 0 1 0
25 0 0 9978 0 26 38 0 19 9 0 22 19 0 27 0 20 181 68 118 99 105 110 137 0 67 0 0 35 50 13 19 527 9 6 30 139 0 0 0 0 0 0 17 0 139 20 0 24 26 0 31 29 47 0 30 29 23 29 0 29 29 29 30 29 28 18 43 39 37 0 22 0 4 0 115 144 17 187 0 0 1 93 37 23 1 78 0 0 0 0 0 0 14 0 9 0 0 0 39 34 16 816 0 50 31 0 0 38 38 42 0 0 0 0 0 0 0 0 0 0 0 0 13 39 0 0 0 0 0 0 0 0 0 5 0 0 0 0 742 803 1180 0 1221 1104 772 421 599 376 0 0 0 1018 553 911 796 0 10 18 0
46 23 0 0 0 49 70 0 35 37 0 55 39 0 51 32 41 270 126 191 202 205 208 253 26 134 0 0 67 97 49 45 981 28 55 56 267 0 8 0 0 0 0 40 0 242 74 0 45 49 0 58 54 84 0 56 54 49 55 20 55 55 54 56 55 53 32 117 73 69 0 46 0 27 0 194 296 54 496 0 55 24 176 60 58 12 174 0 1015 0 0 0 0 33 0 36 41 9 0 78 72 30 1519 0 92 59 54 0 72 72 78 0 0 16 0 0 311 0 0 0 0 0 32 30 76 7 0 0 0 0 0 0 0 0 82 0 0 22 3 1708 1835 2406 600 2338 2172 1803 1430 1527 1192 772 0 657 2005 1477 1888 1758 0 55 55 0
31 0 0 0 0 33 48 0 24 16 0 32 25 0 34 15 26 198 86 136 134 137 141 173 4 87 0 0 45 65 24 27 667 15 19 38 179 0 0 0 0 0 0 24 0 167 38 0 31 33 0 39 37 58 0 38 37 31 37 3 37 38 37 38 37 36 22 66 50 47 0 31 0 10 0 131 190 29 280 0 0 8 108 42 30 5 124 0 477 0 0 0 0 20 0 18 24 0 0 53 49 20 1035 0 63 40 33 0 48 48 53 0 0 0 0 0 206 0 0 0 0 0 21 21 50 0 0 0 0 0 0 0 0 0 43 0 0 0 0 1012 1092 1540 57 1560 1424 1059 677 850 585 172 0 0 1314 800 1197 1069 0 24 27 0
4 0 0 0 0 4 6 0 2 0 0 0 1 0 5 0 0 108 12 20 4 12 15 22 0 0 0 0 2 8 0 0 79 0 0 5 11 0 0 0 0 0 0 0 0 4 0 0 4 4 0 5 4 7 0 5 4 0 4 0 4 4 4 5 4 4 3 0 8 6 0 0 0 0 0 0 0 0 0 0 0 0 0 0 0 0 1910 0 0 0 0 0 0 0 0 2 0 0 0 6 2 5 122 0 8 6 0 0 7 7 7 360 0 0 0 0 0 0 0 0 0 0 1 2 3 0 0 0 0 0 0 0 0 0 0 0 0 0 0 0 0 0 0 86 0 0 0 0 0 0 0 0 0 0 0 0 0 0 0 1
15 0 0 0 0 16 24 0 11 0 0 5 9 0 16 0 10 357 44 96 48 64 68 86 0 41 0 0 19 28 0 7 302 0 0 18 76 0 0 0 0 0 0 7 0 104 3 0 14 15 0 19 17 31 0 17 17 11 17 0 17 17 17 17 17 16 11 13 27 24 0 13 0 0 0 92 69 0 24 0 0 10 76 1 12 0 4951 0 0 0 0 0 0 6 0 0 6 0 0 24 24 16 473 0 30 22 10 0 24 24 28 1253 0 0 0 0 0 0 0 0 0 0 10 8 20 0 0 0 0 0 0 0 0 0 0 0 0 0 0 193 218 525 0 652 545 181 0 42 0 0 0 0 505 0 381 265 0 0 0 4
6 0 0 0 0 7 10 0 4 0 0 0 1 0 7 0 1 41 18 28 19 21 26 35 0 6 0 0 6 9 0 0 137 0 0 8 27 0 0 0 0 0 0 0 0 17 0 0 6 7 0 8 7 12 0 8 8 0 8 0 7 8 8 8 8 7 5 0 10 9 0 4 0 0 0 0 10 0 0 0 0 0 0 0 0 0 0 0 0 0 0 0 0 0 0 0 0 0 0 10 7 4 211 0 13 8 0 0 7 7 11 0 0 0 0 0 0 0 0 0 0 0 3 3 8 0 0 0 0 0 0 0 0 0 0 0 0 0 0 0 0 51 0 230 137 0 0 0 0 0 0 0 128 0 0 0 0 0 0 2
9 0 0 0 0 9 14 0 6 0 0 0 3 0 8 0 4 277 25 39 31 33 38 49 0 16 0 0 10 15 0 0 189 0 0 11 42 0 0 0 0 0 0 0 0 31 0 0 9 9 0 11 10 16 0 11 10 3 10 0 10 11 10 11 10 10 6 0 18 15 0 7 0 0 0 3 28 0 0 0 0 0 0 0 0 0 5443 0 0 0 0 0 0 0 0 0 0 0 0 14 10 12 292 0 18 13 0 0 11 12 15 1381 0 0 0 0 0 0 0 0 0 0 5 5 12 0 0 0 0 0 0 0 0 0 0 0 0 0 0 0 0 197 0 360 263 0 0 0 0 0 0 0 244 0 117 0 0 0 0 3
60 130 82 127 88 83 0 57 20 192 224 103 38 75 35 148 142 35 8 8 28 27 27 0 51 20 103 61 19 47 8 9 87 35 0 129 104 0 0 25 9 52 49 72 31 61 61 0 16 18 0 32 27 80 0 32 26 31 29 28 28 29 26 30 26 26 0 101 36 30 8 49 51 89 134 68 107 121 135 70 19 35 16 13 18 9 12 4092 0 0 77 0 0 40 0 18 69 24 36 116 116 51 135 0 6 116 105 3 114 114 114 0 0 169 0 0 21 0 0 0 0 0 43 62 67 46 0 0 0 0 0 0 0 0 108 0 0 0 0 185 190 215 149 212 202 189 188 181 168 151 131 155 211 188 206 201 0 2276 255 0
532 6 0 5 1 6 0 1 2 13 3 157 66 4 0 0 58 8 7 5 0 0 5 0 22 51 28 0 27 83 55 82 24 81 144 64 672 93 172 315 0 0 0 39 0 0 56 0 18 8 0 54 16 274 0 19 14 6 15 13 16 17 14 18 15 14 0 0 86 67 185 328 167 334 0 0 65 0 0 0 0 0 0 8 19 7 0 0 0 0 165 0 0 0 0 60 0 0 0 58 22 35 16 14 1 8 0 0 21 22 21 0 0 0 0 223 20 0 0 0 0 0 6 55 96 292 0 0 0 0 0 0 0 0 39 0 0 0 0 19 15 16 0 32 28 14 0 9 7 0 0 0 34 12 29 24 0 0 923 0
25 0 0 0 0 6 0 0 0 0 0 23 4 0 3 20 15 8 6 4 3 25 29 3 25 116 5 0 0 18 0 4 9 6 0 35 26 0 0 0 0 0 0 0 0 8 0 0 2 1 0 8 1 43 0 5 1 0 4 0 2 2 1 2 1 1 0 0 12 10 0 0 0 2 0 6 17 7 3 0 1 1 3 3 3 1 4 0 2333 0 373 3 0 0 0 1 0 0 0 13 0 25 17 0 0 4 0 0 8 8 8 0 0 0 0 0 0 0 0 0 0 0 1 45 3 418 0 0 0 0 0 0 0 0 55 0 0 0 0 11 10 16 0 26 23 9 0 1 0 0 0 0 25 4 20 15 0 0 0 0
0 0 0 0 0 0 0 0 0 0 0 0 0 0 0 0 0 0 0 0 0 0 0 0 0 0 0 0 0 0 0 0 0 0 0 0 0 0 0 0 0 0 0 0 0 0 0 0 0 0 0 0 0 0 0 0 0 0 0 0 0 0 0 0 0 0 0 0 0 0 0 0 0 0 0 0 0 0 0 0 0 0 0 0 0 0 0 0 0 0 0 0 0 0 0 0 0 0 0 0 0 0 0 0 0 0 0 0 0 0 0 0 0 0 0 0 0 0 0 0 0 0 0 0 0 0 0 0 0 0 0 0 0 0 0 0 0 0 0 0 0 0 0 0 0 0 0 0 0 0 0 0 0 0 0 0 0 0 0 0
