159
0 0 0 0 0 0 1 1335 387 33 1038 624 304 6 0 0 0 0 0 0 0 0 0 0 0 0 0 0 246 365 111 68 554 40 90 641 535 669 1 0 0 0 0 0 1 0 0 3 1 0 0 0 0 0 0 1 0 1 1 1 3 1 1 1 1 0 0 228 0 0 0 0 0 0 0 0 0 0 0 0 0 0 0 0 0 0 0 0 0 0 0 0 0 0 0 0 0 0 0 0 0 0 0 0 0 0 0 0 0 0 0 0 0 0 16 0 8 0 0 0 0 0 0 0 0 0 0 0 0 0 0 0 0 0 30 0 0 0 0 0 0 0 0 0 0 0 0 0 0 0 0 0 0 0 0 0 0 0 0
0 0 0 0 0 0 0 1438 2344 1514 1221 1773 1811 1081 0 0 0 0 0 0 0 0 0 0 0 0 0 0 161 239 73 44 363 26 59 420 350 437 3 0 0 0 0 0 1 0 0 2 0 0 0 0 0 0 0 0 0 0 1 0 2 1 1 0 0 0 0 78 0 0 0 0 0 0 0 0 0 0 0 0 0 0 0 0 0 0 0 0 0 0 0 0 0 0 0 0 0 0 0 0 0 0 0 0 0 0 0 0 0 0 0 0 0 0 5 0 3 0 0 0 0 0 0 0 0 0 0 0 0 0 0 0 0 0 5 0 0 0 0 0 0 0 0 0 0 0 0 0 0 0 0 0 0 0 0 0 0 0 0
0 0 0 0 0 0 0 19 41 15 21 27 9 2 0 0 1 0 1 0 0 0 0 0 0 0 0 0 479 713 217 133 1083 79 175 1252 1458 1408 0 0 0 0 0 0 1 0 0 8 2 0 0 0 0 0 0 1 0 0 2 1 7 2 2 1 1 1 0 72 0 0 0 0 0 0 0 0 0 0 0 0 0 0 0 0 0 0 0 0 0 0 0 0 0 0 0 0 0 0 0 0 0 0 0 0 0 0 0 0 0 0 0 0 0 0 0 0 3 0 0 1 0 0 0 0 0 0 0 0 0 0 0 0 0 0 0 0 0 0 0 0 0 0 0 0 0 0 0 0 0 0 0 0 0 0 0 0 0 0 0
0 0 0 0 0 0 0 0 0 0 0 0 0 0 0 0 0 148 0 0 0 57 0 0 0 0 0 0 211 314 96 58 590 35 77 551 463 576 47 0 0 0 0 0 1 0 0 3 1 0 0 0 0 0 0 1 0 1 1 1 2 1 12 1 1 0 0 42 0 3 0 349 394 0 0 2 4 0 0 0 0 0 0 0 0 0 0 0 0 0 0 0 0 0 0 0 0 0 0 0 0 0 0 0 0 0 0 0 0 0 0 0 0 0 3 0 0 0 0 0 10 7 0 0 0 0 0 0 0 0 0 0 0 0 1 0 0 0 0 0 0 0 0 0 0 0 0 0 0 0 0 0 0 351 0 0 0 0 0
0 0 0 0 0 0 0 0 0 0 0 0 0 0 0 0 0 0 0 0 0 0 0 0 0 0 0 0 0 0 0 0 0 0 0 5745 62 0 0 0 0 0 0 0 0 0 0 0 0 0 0 0 0 0 0 0 0 0 0 0 0 0 0 0 0 0 0 16 0 0 0 0 0 0 0 0 0 0 0 0 0 0 0 0 0 0 0 0 0 0 0 0 0 0 0 0 0 0 0 0 0 0 0 0 0 0 0 0 0 0 0 0 0 0 41 0 0 0 0 0 0 0 0 0 0 0 0 0 0 0 0 0 0 0 0 0 0 0 0 0 0 0 0 0 0 0 0 0 0 0 0 0 0 0 0 0 0 0 0
0 0 0 0 0 0 0 0 0 0 0 0 0 0 0 0 0 0 0 0 0 0 0 0 0 0 0 0 0 0 0 0 0 0 0 0 0 0 0 0 0 0 0 0 0 0 0 0 0 0 0 0 0 0 0 0 0 0 0 0 0 0 0 0 0 0 0 0 0 0 0 0 0 0 0 0 0 0 0 0 0 0 0 0 0 0 0 0 0 0 0 0 0 0 0 0 0 0 0 0 0 0 0 0 0 0 0 0 0 0 0 0 0 0 0 0 0 0 0 0 0 0 0 0 0 0 0 0 0 0 0 0 0 0 0 0 0 0 0 0 0 0 0 0 0 0 0 0 0 0 0 0 0 0 0 0 0 0 0
0 0 0 0 0 0 0 13328 1741 439 9525 5161 3348 7161 191 0 1 1 1 1 0 1 0 0 0 0 0 0 0 0 0 23 0 0 0 0 107 10 0 2936 170 3 10 0 19 0 0 5 1 0 0 0 0 0 0 1 0 0 1 1 5 2 2 0 1 0 0 35 0 1781 0 9 0 0 3 0 0 0 75 0 0 0 0 0 0 0 0 3 0 0 75 0 0 0 0 0 0 0 0 8 6841 0 0 0 0 0 0 0 0 8 0 0 0 89 0 0 0 0 0 0 0 0 0 0 0 0 0 0 0 0 0 0 0 0 0 0 0 0 0 0 0 0 0 0 0 0 0 0 0 0 0 0 0 0 0 0 0 0 0
0 0 0 0 0 0 0 0 0 0 0 0 0 83 0 0 0 0 0 0 0 0 0 0 0 0 0 0 27206 0 0 0 0 0 0 0 0 0 0 0 0 0 11 0 0 0 0 13 3 0 0 0 0 0 0 2 0 1 3 2 11 4 4 0 2 1 0 22 0 0 0 0 0 0 0 0 0 0 0 0 0 0 0 0 0 0 0 0 0 0 0 0 0 0 0 0 0 0 0 0 0 0 0 0 0 0 0 0 0 0 0 0 0 0 1 0 4 0 0 1 0 0 0 0 0 0 0 0 0 0 0 0 0 0 0 0 0 0 0 0 0 0 0 0 0 0 0 0 0 0 0 0 0 0 0 0 0 0 0
0 0 0 0 0 0 0 0 0 0 0 0 0 0 0 0 0 0 0 0 0 0 0 0 0 1 0 0 0 4090 0 0 0 0 0 0 0 0 0 0 0 0 0 0 0 0 0 1 0 0 0 0 0 0 0 0 0 0 0 0 1 0 0 0 0 0 0 1 0 0 0 0 0 0 0 0 0 0 0 0 0 0 0 0 0 0 0 0 0 0 0 0 0 0 0 0 0 0 0 0 0 0 0 0 0 0 0 0 0 0 0 0 0 0 0 0 0 0 0 0 0 0 0 0 0 0 0 0 0 0 0 0 0 0 0 0 0 0 0 0 0 0 0 0 0 0 0 0 0 0 0 0 0 0 0 0 0 0 0
0 0 0 0 0 0 0 0 0 0 0 0 0 0 0 0 0 0 0 0 0 0 0 0 0 0 0 0 0 0 3896 0 0 0 0 0 0 0 0 0 0 0 0 0 0 0 0 3 1 0 0 0 0 0 0 0 0 0 1 0 2 1 1 0 0 0 0 14 0 0 0 0 3 0 0 0 0 0 0 0 0 0 0 0 0 0 0 0 0 0 0 0 0 0 0 0 0 0 0 0 0 0 0 0 0 0 0 0 0 0 0 0 0 0 10 0 3 0 0 0 56 34 0 0 0 0 0 0 0 0 0 0 0 0 14 0 0 0 0 0 0 0 0 0 0 0 0 0 0 0 0 0 0 0 0 0 0 0 0
0 0 0 0 0 0 0 0 0 0 0 0 0 0 0 0 0 0 0 0 0 0 0 0 0 0 0 0 0 0 0 875 0 0 0 0 0 0 0 0 0 0 0 0 4 0 0 1 0 0 0 0 0 0 0 0 0 0 0 0 1 0 0 0 0 0 0 7 0 0 0 0 0 0 0 0 0 0 0 0 0 0 0 0 0 0 0 0 0 0 41 0 0 0 0 0 0 0 0 0 0 0 0 0 0 0 0 0 0 0 0 0 0 0 0 0 0 0 0 0 0 0 0 0 0 0 0 0 0 0 0 0 0 0 0 0 0 0 0 0 0 0 0 0 0 0 0 0 0 0 0 0 0 0 0 0 0 0 0
0 0 0 0 0 0 0 1 101 0 5 0 0 1210 0 0 0 0 0 0 0 0 0 0 0 0 0 0 0 0 0 0 0 0 0 0 0 0 0 0 0 0 0 0 1 0 0 0 0 0 0 0 0 0 0 0 0 0 0 0 0 0 0 0 0 0 0 3 0 0 0 0 0 0 0 0 0 0 0 0 0 0 0 0 0 0 0 0 0 0 0 0 0 0 0 0 0 0 0 0 0 0 0 0 0 0 0 0 0 0 0 0 0 0 0 0 0 0 0 0 0 0 0 0 0 0 0 0 0 0 0 0 0 0 0 0 0 0 0 0 0 0 0 0 0 0 0 0 0 0 0 0 0 0 0 0 0 0 0
0 0 0 0 0 0 0 626 251 5 505 474 0 0 0 0 0 0 0 0 0 0 0 0 0 0 0 32688 716 1065 325 198 1604 31022 261 1865 410 1722 0 0 0 0 0 0 0 0 0 41 10 0 0 1 0 0 0 7 0 2 10 8 35 11 11 209 6 3 0 201 0 49 0 26 117 0 0 0 0 0 0 0 0 0 0 0 0 0 0 18 0 0 0 0 0 0 0 0 0 0 0 0 0 0 0 0 0 0 0 0 0 0 0 0 0 0 1 0 1 0 0 6 0 0 0 0 0 0 0 0 0 0 0 0 0 0 0 0 0 0 0 0 0 0 0 0 0 0 0 0 0 0 0 0 0 0 0 0 0 0 0
0 0 0 0 0 0 0 0 0 0 0 0 1 0 0 0 0 0 0 0 0 0 0 0 0 0 0 0 0 0 0 0 0 0 0 0 0 0 0 0 0 0 0 0 0 0 0 0 0 0 0 0 0 0 0 0 0 0 0 0 0 0 0 0 0 0 0 0 0 0 0 0 0 0 0 0 0 0 0 0 0 0 0 0 0 0 0 0 0 0 0 0 0 0 0 0 0 0 0 0 17 0 0 0 0 0 0 0 0 0 0 0 0 0 0 0 0 0 0 0 0 0 0 0 0 0 0 0 0 0 0 0 0 0 0 0 0 0 0 0 0 0 0 0 0 0 0 0 0 0 0 0 0 0 0 0 0 0 0
20 22 499 108 67 48 0 277 482 165 232 346 329 80 0 0 3 2 3 0 0 0 0 0 0 0 0 0 9 9 0 0 10 0 0 7 0 128 37 42 7 0 38 1014 32 1641 0 0 0 0 0 0 0 0 0 0 0 0 0 0 0 0 0 0 0 0 0 0 0 0 0 6 7 0 158 5 6 6 2 1 0 1 1 0 6 1 0 0 0 0 0 0 0 0 0 0 0 0 0 383 16301 0 0 0 0 0 0 0 0 358 0 0 0 0 0 0 0 0 0 0 0 0 0 0 0 0 0 0 1 0 0 0 0 0 0 0 0 0 0 0 0 0 0 0 0 0 0 0 0 0 0 0 0 0 0 0 0 0 0
0 0 0 0 0 0 0 0 0 0 0 0 0 0 0 0 0 0 0 0 0 0 0 0 0 0 0 0 0 0 0 0 0 0 0 0 0 0 17078 0 0 0 0 0 0 0 0 5 1 0 0 0 0 0 0 1 1 0 1 1 4 1 1 0 1 0 0 112 1 48 44 20 68 0 0 0 0 0 0 0 0 0 0 0 0 0 0 0 0 0 0 0 0 0 0 0 0 0 0 0 0 0 0 0 0 0 0 0 0 0 0 0 0 0 0 0 0 0 0 4 0 0 0 0 0 0 0 0 2 0 0 2 0 0 0 0 0 0 0 0 0 0 0 0 0 0 0 0 0 0 0 0 0 0 0 0 0 0 0
0 0 0 0 0 0 0 0 0 0 0 0 0 0 0 0 0 0 0 0 0 0 0 0 0 0 0 0 0 0 0 0 0 0 0 0 0 0 0 0 0 0 0 0 0 0 0 15073 12439 0 0 0 0 0 0 0 0 0 0 0 1 0 0 0 0 0 0 0 0 0 3 0 0 0 0 0 0 0 0 86 0 0 1230 0 0 0 0 0 0 0 0 0 0 0 0 0 0 0 0 0 0 0 0 0 0 0 0 0 0 0 0 0 0 0 0 0 0 0 0 0 0 0 0 0 0 0 0 0 0 0 0 0 0 0 0 0 0 0 0 0 0 0 0 0 0 0 0 0 0 0 0 0 0 0 0 0 0 0 0
0 0 0 0 0 0 0 0 0 0 0 0 0 0 0 0 4 0 4 0 0 0 34 0 0 0 0 0 0 0 0 0 0 0 0 0 0 0 0 0 2 0 0 0 0 0 0 10183 8401 0 0 0 0 0 0 1 0 0 1 1 3 0 0 0 1 0 0 0 0 0 0 0 0 0 0 0 3 0 0 0 0 0 0 0 0 0 0 0 0 0 0 0 0 0 18028 0 0 0 0 0 0 0 0 0 0 0 0 0 0 34 0 0 0 0 0 0 0 0 0 0 0 0 0 0 0 0 0 0 0 0 0 0 0 0 0 0 0 0 0 0 0 0 0 0 0 0 0 0 0 0 0 0 0 0 0 0 0 0 0
0 0 0 0 0 0 0 0 0 0 0 0 0 0 0 0 0 0 0 0 0 0 0 0 0 0 0 0 0 0 0 0 0 0 0 0 0 0 0 0 0 0 0 0 0 0 0 0 0 0 0 0 0 0 0 0 0 0 0 0 0 0 0 0 0 0 0 0 0 0 0 0 0 0 0 0 0 0 0 0 0 0 0 0 0 0 0 0 0 0 0 0 0 0 0 0 0 0 0 0 0 0 0 0 0 0 0 0 0 0 0 0 0 0 0 0 0 0 0 0 0 0 0 0 0 0 0 0 0 0 0 0 0 0 0 0 0 0 0 0 0 0 0 0 0 0 0 0 0 0 0 0 0 0 0 0 0 0 0
0 0 0 0 0 0 0 0 0 0 0 0 0 0 0 0 0 0 0 0 0 0 0 0 0 4 20 19 0 0 0 0 0 0 0 0 0 0 0 0 43 0 0 0 18 3 0 0 10359 40933 24333 41763 41228 40467 40144 40968 41116 41579 40661 40908 37500 40432 39576 41293 41116 41473 0 121 0 124 47 1 10 22 0 0 0 0 0 0 0 0 0 0 0 0 0 0 438 0 0 0 0 0 0 0 0 0 0 2 0 0 9 0 0 0 0 0 0 3 0 0 0 0 12 0 0 0 0 0 0 0 0 0 0 0 0 0 0 0 0 0 0 0 0 0 0 0 0 0 0 0 0 0 0 0 0 0 0 0 0 0 0 0 0 0 0 0 0
10 9 10 7 9 7 235 16 18 7 16 25 10 9 10 0 345 201 349 1136 0 0 800 0 0 47 663 185 185 186 206 52 171 181 670 186 156 161 65 56 55 0 31 7 98 60 27 6161 5077 1 1 1 1 0 0 3 1 0 4 3 12 0 6 3 2 2 0 215 0 39 58 70 69 2 570 610 761 641 424 0 0 0 2 0 15 804 0 0 11 0 0 17 0 34 0 27065 0 0 0 0 0 0 0 0 0 449 449 437 0 2561 0 0 0 0 0 0 0 0 0 0 0 0 0 0 0 0 0 0 0 0 0 0 0 0 0 0 0 0 0 0 0 0 0 0 0 0 0 0 0 0 0 0 0 0 0 341 0 0 0
0 0 0 0 0 0 0 0 0 0 0 0 0 0 0 0 0 0 0 558 1142 0 0 0 0 0 0 0 0 0 0 0 0 0 0 0 0 0 0 0 0 0 0 0 0 0 0 0 0 0 0 0 0 0 0 0 0 0 0 0 0 0 0 0 0 0 0 0 0 0 0 0 0 0 0 0 0 0 0 0 0 0 0 0 0 0 0 0 0 0 0 0 0 0 0 0 0 0 0 0 0 0 0 0 0 0 0 0 0 0 0 0 0 0 0 0 0 0 0 0 0 0 0 0 0 0 0 0 0 0 0 0 0 0 0 0 0 0 0 0 0 0 0 0 0 0 0 0 0 0 0 0 0 0 0 0 0 0 0
0 0 0 0 0 0 0 0 0 0 0 0 0 0 0 0 0 0 0 0 0 0 0 0 0 0 0 0 0 0 0 0 0 0 0 0 0 0 0 0 0 0 0 0 0 0 0 0 0 0 0 0 0 0 0 0 0 0 0 0 0 0 0 0 0 0 0 0 0 0 0 0 0 0 0 0 0 0 0 0 60 0 0 0 0 0 0 0 0 0 0 0 0 0 0 0 0 0 0 0 0 0 0 0 0 0 0 0 0 0 0 0 0 0 0 0 0 0 0 0 0 0 0 0 0 0 0 0 0 0 0 0 0 0 0 0 0 0 0 0 0 0 0 0 0 0 0 0 0 0 0 0 0 0 0 0 0 0 0
0 0 0 0 0 0 0 0 0 0 0 0 0 0 0 0 0 0 0 0 0 0 0 0 0 0 0 0 0 0 0 0 0 0 0 0 0 0 0 0 0 0 1 0 3 0 0 4 1 0 0 0 0 0 0 1 0 0 1 1 3 1 1 0 1 0 0 5 0 0 0 0 0 0 0 1 0 0 0 0 0 0 4214 0 0 6 0 0 0 0 0 0 0 0 0 0 0 0 0 0 0 0 0 0 0 0 0 0 0 0 0 0 0 0 0 0 0 0 0 0 0 0 0 0 0 0 0 0 0 0 0 0 0 0 0 0 0 0 0 0 0 0 0 0 0 0 0 0 0 0 0 0 0 0 0 0 0 0 0
0 0 0 0 0 0 0 0 0 0 0 0 0 0 0 0 0 0 0 0 0 0 0 0 0 0 0 0 0 0 0 0 0 0 0 0 0 0 0 0 0 0 0 0 0 0 0 0 0 0 0 0 0 0 0 0 0 0 0 0 0 0 0 0 0 0 0 0 0 0 0 0 0 0 0 0 5 0 0 0 0 0 0 0 0 0 0 0 0 0 0 0 0 0 0 0 0 0 0 0 0 0 0 0 0 0 0 0 0 0 0 0 0 0 0 0 0 0 0 0 0 0 0 0 0 0 0 0 0 0 0 0 0 0 0 0 0 0 0 0 0 0 0 0 0 0 0 0 0 0 0 0 0 0 0 0 0 0 0
0 0 0 0 0 0 1 1 0 0 1 1 0 0 0 0 273 193 273 0 0 33 753 0 64 0 1 0 0 12 0 22 8 0 0 0 0 0 0 1 0 0 0 0 0 0 0 5 0 0 1 0 0 0 0 1 0 0 1 1 4 1 1 0 1 0 0 0 3 0 0 3 3 0 0 26 35 717 897 0 0 0 4 0 0 493 0 0 0 0 0 0 0 0 0 0 0 0 0 0 0 0 0 0 0 0 0 0 0 0 0 0 0 0 0 0 0 0 0 0 0 0 0 0 0 0 0 0 0 0 0 0 0 0 0 0 162 117 37 195 93 98 137 66 77 121 98 198 218 200 236 204 206 183 193 0 0 0 0
0 0 0 0 0 0 0 0 0 0 0 0 0 0 0 0 1 14 1 0 0 6 72 0 140 0 0 0 0 3 0 0 0 0 0 0 0 0 0 0 0 0 0 0 0 0 0 0 0 0 0 0 0 0 0 0 0 0 0 0 0 0 0 0 0 0 0 0 0 0 0 0 0 0 0 44 60 62 0 0 0 0 0 0 0 0 0 0 0 0 0 0 0 0 0 0 0 0 0 0 0 0 0 0 0 0 0 0 0 0 0 0 0 0 0 0 0 0 0 0 0 0 0 0 0 0 0 0 0 0 0 0 0 0 0 0 20 12 3 23 14 15 17 11 13 0 0 26 20 0 12 18 4 27 25 3 0 0 0
24 14 18 7 22 0 2 62 55 20 48 48 0 1 0 0 1437 839 1453 0 0 2 299 0 18 152 2481 0 0 9 0 18 1 0 0 0 0 1 0 0 8 0 1 14 6 0 0 16 4 0 8 0 0 0 0 3 0 1 4 3 14 4 5 1 3 1 0 57 21 6 0 0 0 0 1284 2186 4021 277 509 0 4 0 11 1 16 1 0 0 0 0 0 1 1 35 0 0 0 0 0 0 0 0 0 0 0 0 0 0 0 0 0 0 0 0 0 0 0 0 0 0 0 0 0 0 0 0 0 0 0 0 0 0 0 0 0 0 0 0 0 0 0 0 0 0 0 0 0 0 0 0 0 0 0 0 0 28 0 8 0
0 0 0 0 0 0 0 0 0 0 0 0 0 0 0 113 0 1 0 2 0 1 0 0 0 2 0 0 0 42 1 0 0 0 0 135 0 10 0 0 0 0 0 0 0 0 0 1 0 0 0 0 0 0 0 0 0 0 0 0 1 0 0 0 0 0 0 0 0 1 0 1 1 0 0 0 0 0 0 0 0 0 0 0 0 0 0 0 0 3 0 0 0 0 0 0 0 0 0 0 0 0 0 0 0 0 0 0 0 0 0 0 0 0 0 0 0 0 0 10 0 3 0 0 0 0 0 0 0 0 0 0 0 0 8 6 0 0 0 0 0 0 0 0 0 0 0 0 0 0 0 0 0 0 0 13 9 2 0
0 0 0 0 0 0 1 0 0 0 0 0 0 0 0 52 0 0 0 1 0 1 0 0 0 0 0 0 0 0 0 0 0 0 0 91 0 0 79 0 0 0 0 0 0 0 0 1 0 0 0 0 0 0 0 0 0 0 0 0 1 0 0 0 0 0 0 0 0 1 0 0 0 0 0 0 0 0 0 0 0 0 0 0 0 0 0 0 0 1 0 0 0 0 0 0 0 0 0 0 0 0 0 0 0 0 0 0 0 0 0 0 0 0 0 0 0 0 0 5 0 0 0 0 0 0 0 0 0 0 0 0 0 0 0 0 0 0 0 0 0 0 0 0 0 0 0 0 0 0 0 0 0 0 0 6 0 0 0
0 0 0 0 0 0 1 0 0 0 0 0 0 0 0 31 0 0 0 1 0 0 0 0 0 1 0 0 0 18 0 0 0 0 0 59 0 2 0 0 0 0 0 0 0 0 0 0 0 0 0 0 0 0 0 0 0 0 0 0 0 0 0 0 0 0 0 0 0 1 0 0 0 0 0 0 0 0 0 0 0 0 0 0 0 0 0 0 0 1 0 0 0 0 0 0 0 0 0 0 0 0 0 0 0 0 0 0 0 0 0 0 0 0 2 0 0 0 0 0 0 0 0 0 0 0 0 0 0 0 0 0 0 0 2 1 0 0 0 0 0 0 0 0 0 0 0 0 0 0 0 0 0 0 0 4 1 0 0
0 0 0 0 0 0 0 0 0 0 0 0 0 0 0 41 0 0 0 1 0 1 0 0 0 0 0 0 18 39 9 0 1 0 1 86 0 53 0 0 0 0 0 0 0 0 0 0 0 0 0 0 0 0 0 0 0 0 0 0 0 0 0 0 0 0 0 0 0 1 0 0 1 0 0 0 0 0 0 0 0 0 0 0 0 0 0 0 0 1 0 0 0 0 0 0 0 0 0 0 0 0 0 0 0 0 0 0 0 0 0 0 0 0 0 0 33 0 0 4 0 0 0 0 0 0 0 0 0 0 0 0 0 0 0 0 0 0 0 0 0 0 0 0 0 0 0 0 0 0 0 0 0 0 0 5 0 0 0
0 0 0 0 0 0 0 33 54 14 27 37 0 0 0 15 0 0 0 0 0 0 0 0 0 0 0 0 148 315 69 0 0 0 3 692 0 422 51 0 0 1 4 0 0 0 0 3 1 0 0 0 0 0 0 1 0 0 0 0 3 1 1 0 0 0 0 0 0 4 0 2 4 0 0 0 0 0 0 0 0 0 0 0 0 0 0 0 0 0 0 0 0 0 0 0 0 0 0 0 0 0 0 0 0 0 0 0 0 0 0 0 0 0 0 0 0 0 0 1 0 0 0 0 0 0 0 0 0 0 0 0 0 0 0 0 0 0 0 0 0 0 0 0 0 0 0 0 0 0 0 0 0 0 0 0 0 0 0
0 0 0 0 0 0 0 42 914 207 88 459 0 5 1 370 0 3 0 7 0 5 0 0 0 16 0 5670 93 146 42 23 187 0 30 254 0 255 47 0 0 0 0 0 0 0 0 8 2 0 0 0 0 0 0 1 0 0 2 1 7 2 2 36 1 1 0 0 0 15 0 6 13 0 0 0 0 0 0 0 0 0 0 0 0 0 0 0 0 10 0 0 0 0 0 0 0 0 0 0 0 0 0 0 0 0 0 0 0 0 0 0 0 0 22 0 352 0 0 36 14 12 4 0 0 0 0 0 0 0 0 0 0 0 37 31 0 0 0 0 0 0 0 0 2 0 0 0 0 0 0 0 0 0 0 44 46 8 0
0 0 0 0 0 0 0 0 0 0 0 0 0 0 0 8 0 0 0 0 0 0 0 0 0 0 0 0 22 49 10 0 0 0 0 108 0 64 46 0 0 0 0 0 0 0 0 1 0 0 0 0 0 0 0 0 0 0 0 0 0 0 0 0 0 0 0 0 0 1 0 0 1 0 0 0 0 0 0 0 0 0 0 0 0 0 0 0 0 0 0 0 0 0 0 0 0 0 0 0 0 0 0 0 0 0 0 0 0 0 0 0 0 0 0 0 0 0 0 0 0 0 0 0 0 0 0 0 0 0 0 0 0 0 0 0 0 0 0 0 0 0 0 0 0 0 0 0 0 0 0 0 0 0 0 0 0 0 0
0 0 0 0 0 0 131 14 22 6 12 21 0 0 0 4 0 0 0 0 0 0 1 0 0 0 0 12 0 0 0 0 0 0 0 0 0 0 20 0 0 0 0 0 0 0 0 0 0 0 0 0 0 0 0 0 0 0 0 0 0 0 0 0 0 0 0 0 0 0 0 0 0 0 0 0 0 0 0 0 0 0 0 0 0 0 0 0 0 0 0 0 0 0 0 0 0 0 0 0 0 0 0 0 0 0 0 0 0 0 0 0 0 0 0 0 0 0 0 0 0 0 0 0 0 0 0 0 0 0 0 0 0 0 0 0 0 0 0 0 0 0 0 0 0 0 0 0 0 0 0 0 0 0 0 0 0 0 0
0 0 0 0 0 0 0 2626 8001 1850 3105 5108 0 1018 8 1301 0 9 0 23 0 16 16 30 0 55 15 432 3652 5003 2028 1248 6995 697 1132 8742 0 8692 149 12 7 52 299 7 49 0 55 45 12 3 33 7 6 0 0 14 0 9 17 15 44 19 19 11 13 10 0 138 66 73 26 56 107 0 0 55 46 20 0 25 13 0 35 0 63 16 0 0 9 36 9 39 10 0 0 0 0 0 0 1 0 0 6 0 0 4 4 4 0 1 0 0 0 356 0 0 2838 61 0 125 54 43 16 31 0 0 0 0 18 0 0 0 0 0 133 118 0 0 0 0 4 3 0 6 9 0 0 1 0 0 0 0 0 7 0 148 165 31 0
0 0 0 0 0 0 0 1015 924 380 793 786 0 0 0 744 0 5 0 0 0 10 10 18 0 33 9 0 0 100 0 0 0 0 0 340 0 0 309 7 4 32 182 0 2 0 23 5 1 0 11 3 0 0 0 3 0 3 0 0 7 4 4 3 4 3 0 0 21 18 0 17 20 0 0 32 28 7 0 0 4 0 12 0 22 5 0 0 0 8 0 6 6 0 0 0 0 0 0 0 0 0 5 0 0 2 2 2 0 0 0 0 0 207 0 0 901 3 0 71 12 17 3 0 0 0 0 0 3 0 0 0 0 0 72 62 0 0 0 0 0 0 0 3 5 0 0 0 0 0 0 0 0 0 0 89 59 11 0
0 0 0 0 0 0 15 730 474 292 569 481 153 0 0 0 0 5 0 13 0 9 9 17 0 31 8 241 63 0 234 110 0 0 0 0 0 0 0 6 4 29 167 0 7 0 2 4 1 0 10 1 0 0 0 1 0 1 0 0 4 2 2 2 1 1 0 0 21 14 0 5 8 0 0 29 25 6 0 0 2 0 12 0 21 5 0 0 0 13 0 15 6 0 0 0 0 0 0 0 0 0 5 0 0 2 2 2 0 0 0 0 0 176 41 0 154 0 0 17 0 5 0 0 0 0 0 0 0 0 0 0 0 0 11 13 0 0 0 0 0 0 0 3 5 0 0 0 0 0 0 0 0 4 0 81 58 3 0
0 0 0 0 0 0 0 0 0 0 0 0 0 0 0 0 0 0 0 0 0 0 0 0 0 0 0 0 0 0 0 0 0 0 0 0 0 0 0 0 0 0 0 0 0 0 0 0 0 0 0 0 0 0 0 0 0 0 0 0 0 0 0 0 0 0 0 0 0 70 0 0 0 0 0 0 0 0 0 0 0 0 0 0 0 0 0 0 0 0 0 0 0 0 0 0 0 0 0 0 0 0 0 0 0 0 0 0 0 0 0 0 0 0 0 0 0 0 0 0 0 0 0 0 0 0 0 0 0 0 0 0 0 0 0 0 0 0 0 0 0 0 0 0 0 0 0 0 0 0 0 0 0 0 0 5 0 0 0
342 172 219 76 256 9 0 665 495 210 507 462 186 4 0 10 0 0 0 0 0 0 11 0 0 33 55 0 0 0 0 437 0 0 0 0 0 0 0 0 0 4613 66 0 0 0 0 59 14 5 3 1 3 0 4 10 0 3 13 8 50 16 16 3 9 5 0 0 0 13 0 4 11 0 39 23 15 0 1384 0 0 0 0 0 0 0 0 0 0 6 16 48 3 0 0 0 0 0 0 0 0 0 0 0 0 0 0 0 0 0 0 0 0 0 0 0 0 0 0 0 0 0 0 0 0 0 0 0 0 0 0 0 0 0 0 0 0 0 0 0 0 0 0 0 0 0 0 0 0 0 0 0 0 0 0 0 0 0 0
15 9 11 4 14 0 0 35 33 12 29 29 14 24 32 0 0 0 0 17 5 31 0 0 0 0 0 0 0 0 0 0 0 0 0 0 0 0 0 0 0 0 0 0 0 0 0 3 2 0 1 1 1 0 0 1 0 1 1 1 1 1 1 1 1 1 6 0 0 0 0 0 0 0 0 0 0 0 0 0 0 0 0 0 0 0 0 0 0 2 0 0 0 0 0 0 0 0 0 1 0 0 0 0 0 0 0 0 0 0 0 0 0 0 0 0 0 0 0 0 0 0 0 0 0 0 0 0 0 0 0 0 0 0 0 0 0 0 0 0 0 0 0 0 0 0 0 0 0 0 0 0 0 0 0 0 0 0 0
12 7 8 3 11 0 0 0 26 10 24 23 10 0 0 0 0 1 0 0 0 0 0 0 0 25 0 0 0 0 0 0 0 0 0 0 0 0 0 0 0 5 0 0 0 0 0 1 0 0 0 0 0 0 0 0 0 0 0 0 1 0 0 0 0 0 0 0 0 4 0 0 0 0 0 0 0 0 0 0 0 0 0 0 0 0 0 0 0 0 0 0 0 0 0 0 0 0 0 0 0 0 0 0 0 0 0 0 0 0 0 0 0 0 0 0 0 0 0 0 0 0 0 0 0 0 0 0 0 0 0 0 0 0 0 0 0 0 0 0 0 0 0 0 1 0 0 0 0 0 0 0 0 0 0 0 0 0 0
59 34 43 15 54 0 67 151 130 49 118 117 55 23 0 0 242 146 245 23 0 18 84 0 0 2220 283 0 116 111 3 21 728 18 1 87 0 1486 462 121 212 22 636 0 3156 1242 2 140 28 8 17 3 16 0 0 25 0 7 11 12 121 39 39 8 22 12 0 0 17 18 0 10 24 0 22 638 377 175 160 0 5 5 18 6 1205 16 0 0 0 0 0 52 130 1763 0 0 0 0 0 2 252 0 0 0 0 0 0 0 0 0 0 1830 0 11 0 0 0 4 0 28 10 2 0 0 0 0 0 5 0 0 0 0 0 0 0 0 1 0 0 0 0 0 0 4 6 0 0 0 0 0 0 0 0 7 2 7 0 74 0
0 0 0 0 0 0 0 0 0 0 0 0 0 0 0 0 665 383 674 0 0 0 33 0 0 34 28 0 5 4 34 24 4 5 1 6 0 0 0 891 43 33 386 0 0 24682 125 24 12 0 32 8 1 0 3 10 4 9 11 9 21 12 12 9 10 9 38 0 63 167 0 46 47 0 0 40 39 0 77 0 1 0 26 0 45 0 0 0 0 0 317 0 5 123 0 0 0 0 0 0 0 0 0 0 0 0 0 0 0 0 0 0 0 579 0 0 0 0 0 2116 0 0 0 0 0 0 0 159 0 0 0 0 0 0 0 0 0 0 0 0 0 0 0 0 0 0 0 0 0 0 0 0 0 0 0 180 0 0 0
156 77 68 35 92 2 46 171 221 70 134 167 47 32 0 32 125 166 124 0 0 49 18 14 0 68 77 569 384 277 4091 84 383 570 266 441 539 517 408 440 4 34 154 0 0 0 55 17 7 0 3 4 1 0 3 5 0 4 6 5 15 7 7 8 5 4 16 0 2 277 105 145 157 0 28 179 141 0 23 0 0 0 0 0 6 0 0 0 0 66 25 17 29 51 4 0 0 11 0 3 10 0 0 0 0 6 6 6 0 1 0 0 0 1 0 0 51 0 0 109 3 11 6 78 0 0 0 4 0 0 0 66 0 117 129 117 213 217 189 189 187 157 199 123 123 193 117 209 222 209 262 230 226 216 226 17 38 241 0
296 151 210 80 256 11 26 719 585 229 553 527 237 2 1637 40 49 90 48 4 0 36 263 109 0 32 249 43 7 13 3 9 17 38 4 15 0 0 0 346 36 389 952 0 0 0 0 26 20 10 78 11 7 0 5 12 10 11 12 12 16 13 12 12 12 12 300 0 117 210 62 194 206 0 267 598 497 265 246 131 51 186 100 76 146 124 0 293 913 253 0 168 163 0 211 0 406 549 467 80 3766 618 0 397 396 7 7 6 0 23 79 54 0 0 0 0 35 56 0 100 34 87 69 0 0 0 465 248 0 0 0 0 0 189 106 151 142 147 130 126 126 106 134 81 81 139 97 139 150 147 178 155 157 143 150 1363 0 462 0
0 0 0 0 0 0 0 0 0 0 0 0 0 0 0 0 0 0 0 0 0 0 0 0 0 0 0 0 0 0 0 0 0 0 0 0 0 0 0 0 0 0 0 0 0 0 0 0 0 0 0 0 0 0 0 0 0 0 0 0 1 0 0 0 0 0 0 0 0 0 0 0 0 0 0 0 0 0 0 272 0 0 0 0 0 0 0 0 0 0 0 0 0 0 0 0 0 0 0 0 0 0 0 0 0 0 0 0 0 0 0 0 0 0 0 0 0 0 0 0 0 0 0 0 0 0 0 0 0 0 0 0 0 0 0 0 0 0 0 0 0 0 0 0 0 0 0 0 0 0 0 0 0 0 0 0 0 0 0
0 0 0 0 0 0 0 0 0 0 0 0 0 0 0 0 0 0 0 0 0 0 0 0 0 1 0 0 0 0 0 0 0 0 0 0 0 0 0 0 0 0 0 0 0 0 0 0 0 0 0 0 0 0 0 0 0 0 0 0 0 0 0 0 0 0 0 0 0 0 0 0 0 0 0 0 0 0 0 0 0 0 0 0 0 0 0 0 0 0 1 0 0 0 0 0 0 0 0 0 0 0 0 0 0 0 0 0 0 0 0 0 0 0 0 0 0 0 0 0 0 0 0 0 0 0 0 0 0 0 0 0 0 0 0 0 0 0 0 0 0 0 0 0 0 0 0 0 0 0 0 0 0 0 0 0 0 0 0
54 54 18 39 64 2 6 64 113 36 54 77 15 19 17 66 5 8 4 0 0 4 9 4 1 17 17 14 3 3 1 1 5 14 1 5 0 4 5 1 0 7 2 0 1 8 0 2 15 0 34 57 55 0 0 49 54 0 55 0 52 55 54 56 56 56 1596 0 3 1 0 1 0 0 15 7 10 5 15 0 0 0 0 0 2 0 0 0 0 0 0 0 1 8 0 0 0 0 0 1 0 0 0 0 0 0 0 0 0 0 0 0 0 0 0 0 0 44 445 0 0 0 4671 22 39 0 0 0 0 15 0 4 0 41 0 0 11 9 3 0 9 7 13 0 0 0 0 0 52 25 10 10 0 8 7 40 0 15 0
0 0 0 0 0 0 0 0 0 0 0 0 0 0 0 0 2 1 2 0 0 0 0 0 0 0 0 0 0 0 0 0 0 0 0 0 0 0 0 0 0 0 0 0 0 0 0 0 0 0 0 0 0 0 0 0 0 0 0 0 0 0 0 0 0 0 0 0 0 0 0 0 0 0 0 0 0 0 0 0 0 0 0 0 0 0 0 0 0 0 0 0 0 0 0 0 0 0 0 0 0 0 0 0 0 0 0 0 0 0 0 0 0 0 0 0 0 0 0 0 0 0 0 0 0 0 0 0 0 0 0 0 0 0 0 0 0 0 0 0 0 0 0 0 0 0 0 0 0 0 0 0 0 0 0 0 0 0 0
0 0 0 0 0 0 0 0 0 0 0 0 0 0 0 0 0 0 0 0 0 0 0 0 0 0 0 0 0 0 0 0 0 0 0 0 0 0 0 0 0 0 0 0 0 0 0 0 0 0 0 0 0 0 0 0 0 0 0 0 0 0 0 0 0 0 0 0 0 0 0 0 0 0 0 0 0 0 0 0 0 0 0 0 0 0 0 0 0 0 0 0 0 0 0 0 0 0 0 0 0 0 0 0 0 0 0 0 0 0 0 0 0 0 0 0 0 0 0 0 0 0 0 0 0 0 0 0 0 0 0 0 0 0 0 0 0 0 0 0 0 0 0 0 0 0 0 0 0 0 0 0 0 0 0 0 0 0 0
247 268 107 195 315 11 5 389 768 229 325 499 117 123 67 3 0 15 0 0 0 7 0 11 0 128 0 2 4 4 5 1 3 3 2167 4 0 1 0 1 0 0 0 0 0 0 0 10 2 0 1 0 0 0 0 0 0 0 2 0 8 3 3 1 1 1 0 0 0 2 0 0 0 101 1 2 3 0 0 0 0 0 0 0 0 0 0 0 0 0 128 4 5 98 0 0 0 0 0 3 0 0 0 0 0 0 0 0 0 0 0 0 0 0 0 0 0 0 0 0 0 0 0 0 0 0 0 0 0 0 0 0 0 0 0 0 57 52 21 21 39 33 49 15 12 0 0 0 52 13 20 24 11 31 30 0 0 1 0
1267 1273 446 906 1485 48 101 1520 2634 841 1262 1781 462 449 373 1180 30 48 28 0 398 335 718 65 3 1463 287 98 19 31 8 17 37 96 9 31 45 57 50 5 36 160 18 158 114 50 39 103 262 901 568 958 955 0 316 950 954 620 955 457 947 954 935 951 957 958 2653 0 14 14 93 95 98 61 297 1493 375 710 394 0 0 11 0 8 33 2768 10 0 2 0 67 34 37 1163 0 0 0 0 0 3482 0 0 0 0 0 0 0 0 0 1187 51 512 47 6 0 0 44 2460 2227 0 891 1794 0 333 44 0 0 96 0 201 31 39 0 115 59 34 50 45 23 22 33 27 40 6 13 0 250 0 257 226 192 109 144 66 71 101 0 28 0
236 238 83 169 278 9 11 283 492 157 236 333 82 84 74 2 2 10 0 0 770 609 77 22 0 132 141 31 7 9 3 3 10 31 3 11 6 33 20 0 0 0 3 140 0 0 0 9 163 583 377 647 638 0 0 630 636 308 632 138 589 629 615 640 638 643 0 0 0 3 8 17 15 0 133 221 283 72 85 65 0 0 0 0 0 32 0 0 0 0 7 5 10 100 0 0 0 0 0 67453 0 0 0 0 0 0 0 0 0 5521 7 0 0 0 0 0 0 0 0 0 0 0 0 20 0 0 0 0 0 0 0 0 0 37 0 0 23 20 8 1185 16 13 22 6 5 0 0 0 36 9 10 11 1 15 13 18 0 0 0
0 0 0 0 0 0 0 0 0 0 0 0 0 0 0 0 0 0 0 0 0 0 0 0 0 0 0 0 0 0 0 0 0 0 0 0 0 0 0 0 0 0 0 0 0 0 0 0 2 0 4 6 5 0 0 0 4 0 6 0 6 6 6 6 6 6 0 0 0 0 0 0 0 0 0 0 0 0 0 0 0 0 0 0 0 0 0 0 0 0 0 0 0 0 0 0 0 0 0 0 0 0 0 0 0 0 0 0 0 0 0 0 0 0 0 0 0 0 0 0 0 0 0 0 0 0 0 0 0 0 0 0 0 0 0 0 0 0 0 0 0 0 0 0 0 0 0 0 0 0 0 0 0 0 0 0 0 0 0
19 20 6 14 23 0 0 22 41 13 20 28 1 7 2 0 13 7 13 0 0 1 5 1 0 43 85 38 7 8 3 3 11 38 3 13 10 22 16 0 3 2 3 44 0 0 0 4 1 0 1 2 1 0 0 0 0 0 3 0 5 3 3 2 2 2 565 0 0 1 0 0 0 12 78 234 22 1 11 0 0 0 0 0 0 0 0 0 0 0 34 0 1 29 0 0 0 0 0 0 0 0 0 0 0 1 1 1 0 0 0 0 0 0 0 0 0 0 0 0 0 0 0 0 0 0 0 0 0 0 0 0 0 0 0 0 0 0 0 0 0 0 0 0 0 0 0 0 0 0 0 0 0 0 0 0 0 0 0
0 0 0 0 0 0 0 0 0 0 0 0 0 0 0 0 0 0 0 0 61 50 0 0 0 0 0 0 0 0 0 0 0 0 0 0 0 0 0 0 0 0 0 0 0 0 0 0 85 280 199 341 336 0 0 328 334 0 332 0 306 330 323 337 336 339 0 0 0 1 0 0 0 0 0 0 0 0 0 0 0 0 0 0 0 0 0 0 0 0 0 0 0 0 0 0 0 0 0 0 0 0 0 0 0 0 0 0 0 0 0 0 0 0 0 0 0 0 0 0 0 0 0 0 0 0 0 0 0 0 0 0 0 0 0 0 0 0 0 0 0 0 0 0 0 0 0 0 0 0 0 0 0 0 0 0 0 0 0
0 0 0 0 0 0 0 0 0 0 0 0 0 0 0 0 0 0 0 0 0 0 0 0 0 0 0 0 0 0 0 0 0 0 0 0 0 0 2 0 0 0 0 0 0 0 0 0 0 0 0 0 0 0 0 0 0 0 0 0 0 0 0 0 0 0 0 0 0 0 8 19 16 0 0 0 0 0 0 0 0 0 0 0 0 0 0 0 0 0 0 0 0 0 0 0 0 0 0 0 0 0 0 0 0 0 0 0 0 0 0 0 0 0 0 0 0 0 0 0 0 0 0 0 0 0 0 0 0 0 0 0 0 0 0 0 0 0 0 0 0 0 0 0 0 0 0 0 0 0 0 0 0 0 0 0 0 0 0
0 0 0 0 0 0 0 0 0 0 0 0 0 0 0 0 0 0 0 0 0 0 0 0 1 0 0 0 0 0 0 0 0 0 0 1 0 0 46 0 0 0 0 0 0 0 0 0 125 442 294 504 496 0 0 488 494 168 491 0 453 488 478 499 496 501 0 0 0 2 432 458 437 0 1 4 5 0 0 0 0 0 0 0 0 0 0 0 0 0 0 0 0 0 0 0 0 0 0 0 0 0 0 0 0 0 0 0 0 0 0 0 0 0 0 0 0 0 0 0 0 0 0 0 0 0 0 0 0 0 0 0 0 0 0 0 0 0 0 0 0 0 0 0 0 0 0 0 0 0 0 0 0 0 0 0 0 0 0
0 0 0 0 0 0 0 0 0 0 0 0 0 0 0 0 0 0 0 0 0 0 0 0 0 0 0 0 0 0 0 0 0 0 0 0 0 0 0 0 0 0 0 0 0 0 0 0 0 0 0 0 0 0 0 0 0 0 0 0 0 0 0 0 0 0 0 0 0 0 0 0 0 0 0 0 0 0 0 0 0 0 0 0 0 0 0 0 0 0 0 0 0 0 0 0 0 0 0 0 0 0 0 0 0 0 0 0 0 0 0 0 0 0 0 0 0 0 0 0 0 0 0 0 0 0 0 0 0 0 0 0 0 0 0 0 0 0 0 0 0 0 0 0 0 0 0 0 0 0 0 0 0 0 0 0 0 0 0
0 0 0 0 0 0 0 0 0 0 0 0 0 0 0 0 813 472 822 0 4 7 0 0 0 0 0 0 0 0 0 0 0 0 0 0 0 0 0 0 0 0 0 0 0 0 0 0 0 0 0 0 0 0 0 0 0 0 0 0 0 0 0 0 0 0 0 0 0 0 0 0 0 0 0 0 0 0 0 0 0 0 0 0 0 0 0 0 0 0 0 0 0 0 0 0 0 0 0 1 0 0 0 0 0 0 0 0 0 0 0 0 0 0 0 0 0 17 0 0 0 0 0 0 0 0 0 0 0 0 0 0 0 0 0 0 0 0 0 0 0 0 1 0 0 0 0 0 0 0 0 0 0 0 0 0 0 0 0
0 0 0 0 0 0 0 0 0 0 0 0 0 0 0 0 98 56 99 0 0 1 0 0 0 0 0 0 0 0 0 0 0 0 0 0 0 0 0 0 0 0 0 0 0 0 0 0 0 0 0 0 0 0 0 0 0 0 0 0 0 0 0 0 0 0 0 0 0 0 0 0 0 0 0 0 0 0 0 0 0 0 0 0 0 0 0 0 0 0 0 0 0 0 0 0 0 0 0 0 0 0 0 0 0 0 0 0 0 0 0 0 0 0 0 0 0 0 0 0 0 0 0 0 0 0 0 0 0 0 0 0 0 0 0 0 0 0 0 0 0 0 0 0 0 0 0 0 0 0 0 0 0 0 0 0 0 0 0
0 0 0 0 0 0 0 0 0 0 0 0 0 0 0 0 33 19 33 0 0 0 0 0 0 0 0 0 0 0 0 0 0 0 0 0 0 0 0 0 0 0 0 0 0 0 0 0 0 0 0 0 0 0 0 0 0 0 0 0 0 0 0 0 0 0 0 0 0 0 0 0 0 0 0 0 0 0 0 0 0 0 0 0 0 0 0 0 0 0 0 0 0 0 0 0 0 0 0 0 0 0 0 0 0 0 0 0 0 0 0 0 0 0 0 0 0 0 0 0 0 0 0 0 0 0 0 0 0 0 0 0 0 0 0 0 0 0 0 0 0 0 0 0 0 0 0 0 0 0 0 0 0 0 0 0 0 0 0
0 0 0 0 0 0 0 0 0 0 0 0 0 0 0 0 0 0 0 0 0 0 0 0 0 0 0 0 0 0 0 0 0 0 0 0 0 0 0 0 0 0 0 0 0 0 0 0 0 0 0 0 0 0 0 0 0 0 0 0 0 0 0 0 0 0 0 0 0 0 0 0 0 0 0 0 0 0 0 0 0 0 0 0 0 0 0 0 0 0 0 0 0 0 0 0 0 0 0 0 0 0 0 0 0 0 0 0 0 0 0 0 0 0 0 0 0 0 0 0 0 0 0 0 0 0 0 0 0 0 0 0 0 0 0 0 0 0 0 0 0 0 0 0 0 0 0 0 0 0 0 0 0 0 0 0 0 0 0
0 0 0 0 0 0 0 0 0 0 0 0 0 0 0 0 0 0 0 0 0 0 0 0 0 0 0 0 0 0 0 0 0 0 0 0 0 0 0 0 0 0 0 0 0 0 0 0 0 0 0 0 0 0 0 0 0 0 0 0 0 0 0 0 0 0 0 0 0 0 0 0 0 0 0 0 0 0 0 0 0 0 0 0 0 0 0 0 0 0 0 0 0 0 0 0 0 0 0 0 0 0 0 0 0 0 0 0 0 0 0 0 0 0 0 0 0 0 0 0 0 0 0 0 0 0 0 0 0 0 0 0 0 0 0 0 0 0 0 0 0 0 0 0 0 0 0 0 0 0 0 0 0 0 0 0 0 0 0
0 0 0 0 0 0 0 0 0 0 0 0 0 0 0 0 0 0 0 0 0 0 0 0 0 0 0 0 0 0 0 0 0 0 0 0 0 0 0 0 0 0 0 0 0 0 0 0 0 0 0 0 0 0 0 0 0 0 0 0 0 0 0 0 0 0 0 0 0 0 0 0 0 0 0 0 0 0 0 0 0 0 0 0 0 0 0 0 0 0 0 0 0 0 0 0 0 0 0 0 0 0 0 0 0 0 0 0 0 0 0 0 0 0 0 0 0 0 0 0 0 0 0 0 0 0 0 0 0 0 0 0 0 0 0 0 0 0 0 0 0 0 0 0 0 0 0 0 0 0 0 0 0 0 0 0 0 0 0
0 0 0 0 0 0 0 0 0 0 0 0 0 0 0 0 114 65 115 0 0 110 983 0 0 176 934 0 17 32 1 222 90 13 10 32 0 90 512 65 1875 69 1178 379 1008 1805 132 376 211 229 162 208 231 117 148 167 137 218 152 214 390 267 259 223 235 219 1892 0 10 50 884 4770 4596 11731 873 908 1135 990 1331 0 18 11 106 4 220 54 344 386 886 0 13380 4041 244 256 0 0 0 0 0 0 0 0 0 0 0 0 0 0 0 0 0 0 0 2 0 0 0 0 0 260 0 0 0 0 0 0 0 0 0 0 0 0 0 0 0 183 0 0 0 0 0 0 0 0 0 0 0 0 0 0 0 0 0 0 0 162 0 183 0
0 2657 964 2068 5093 23 28 674 1171 291 549 781 209 363 2 0 2 1 2 1 1 2 0 0 0 0 0 0 0 0 0 0 0 0 0 0 0 0 0 0 1 0 0 0 0 0 0 0 0 0 1 1 1 0 0 1 0 1 0 0 0 1 0 1 0 0 4 0 0 0 2 7 6 0 0 0 0 0 0 0 0 0 0 0 1 0 0 0 0 0 0 0 0 0 0 0 0 0 0 0 0 0 0 0 0 0 0 0 0 0 0 0 0 0 0 0 0 0 0 4 0 0 0 0 0 0 0 0 0 0 0 0 0 0 0 0 0 0 0 0 0 0 0 0 0 0 0 0 0 0 0 0 0 0 0 0 0 0 0
401 466 161 0 625 4 0 103 206 45 96 138 0 64 0 0 0 0 0 0 0 0 0 0 0 0 0 0 0 0 0 0 0 0 0 0 0 0 0 0 0 0 0 0 0 0 0 0 0 0 0 0 0 0 0 0 0 0 0 0 0 0 0 0 0 0 0 0 0 0 0 0 0 0 0 0 0 0 0 0 0 0 0 0 0 0 0 0 0 0 0 0 0 0 0 0 0 0 0 0 0 0 0 0 0 0 0 0 0 0 0 0 0 0 0 0 0 0 0 1 0 0 0 0 0 0 0 0 0 0 0 0 0 0 0 0 0 0 0 0 0 0 0 0 0 0 0 0 0 0 0 0 0 0 0 0 0 0 0
959 1090 396 569 2129 0 101 282 490 84 229 331 9 152 0 0 0 55 6 0 0 33 81 419 0 33 222 177 34 32 10 91 61 163 15 49 0 152 266 5 600 12 96 623 260 0 0 30 12 4 4 4 7 0 0 7 6 8 0 0 19 11 9 11 6 5 47 0 0 9 0 1955 1875 0 62 141 168 87 504 0 0 0 0 0 50 1 0 0 0 0 142 50 75 0 81 0 0 152 0 106 164 0 0 97 13 102 102 102 0 1 250 0 0 0 0 0 0 0 0 0 2 3 29 0 0 0 0 0 0 0 0 0 0 0 0 35 186 171 0 73 0 0 137 24 30 4 0 222 273 149 143 123 108 120 117 18 12 42 0
105 99 41 0 236 0 0 31 54 13 23 35 0 0 0 0 0 5 0 0 0 2 0 1 48 0 0 0 0 0 0 0 0 0 0 0 0 0 0 0 0 0 0 0 0 0 0 0 0 0 0 0 0 0 0 0 0 0 0 0 0 0 0 0 0 0 0 0 0 0 0 0 0 0 0 0 0 0 0 0 0 0 0 0 0 0 0 0 0 0 0 0 0 0 0 0 0 0 0 0 0 0 0 0 0 9 9 9 0 0 0 0 0 0 0 0 0 0 0 0 0 0 0 0 0 0 0 0 0 0 0 0 0 0 0 0 4 2 0 0 0 0 0 0 0 0 0 78 36 0 0 0 0 12 0 0 0 0 0
43 30 7 0 96 0 2 1 23 0 9 16 0 0 0 0 1 2 1 0 0 2 2 0 0 0 1 8 0 0 0 0 0 0 0 1 0 0 0 0 0 0 0 0 0 0 0 2 2 1 2 2 1 0 0 2 1 2 0 0 2 2 2 2 2 2 18 0 0 0 0 3 0 0 0 2 0 0 0 137 0 0 0 0 0 0 0 0 0 0 0 0 1 0 0 0 0 10 0 21 7 0 0 0 0 2 2 2 0 0 0 0 0 0 0 0 0 0 0 0 0 0 0 0 0 0 0 0 0 0 0 0 0 0 0 0 0 0 0 0 0 0 0 0 0 0 0 15 0 0 0 0 0 3 0 0 0 1 0
1293 693 629 334 861 24 8 1842 2467 725 1390 1774 537 242 40 75 749 813 745 0 0 252 133 8 101 70 352 1739 1106 789 11612 332 1195 1731 761 1255 1725 1489 1398 166 946 37 1624 635 955 1778 428 127 30 17 9 5 0 0 9 24 0 8 31 18 109 37 37 20 21 12 141 0 6 125 1346 1434 1453 0 62 146 208 0 455 0 3 0 28 0 210 0 0 619 1592 19 5639 1564 501 67 0 0 0 34 0 1 158 0 0 0 0 3 4 1 0 0 0 0 0 0 198 0 0 0 0 1409 96 231 32 0 0 0 0 22 0 0 0 126 0 0 0 28 1025 1058 900 926 873 728 967 572 569 1118 962 997 1119 1176 1377 1160 1229 1018 1088 76 81 99 0
243 127 163 55 193 0 0 523 403 165 403 372 156 130 0 0 6450 3758 6521 102 0 46 32 0 1151 5 4235 0 142 143 66 33 213 991 71 238 295 303 295 2 0 1 125 0 47 0 0 14 3 0 2 0 0 0 0 3 0 1 3 0 12 4 4 7 2 1 0 0 5 6 0 169 169 0 0 24 43 35 0 0 657 0 4 0 0 0 0 0 0 0 208 432 79 0 0 0 0 0 0 0 9 0 0 0 0 0 0 0 0 2 0 0 0 0 0 0 0 0 0 0 0 6 0 0 0 0 0 0 0 0 0 0 0 0 0 0 19 19 12 13 11 5 18 14 15 0 0 17 11 0 6 13 0 22 20 4 0 3 0
7 3 5 0 5 0 0 0 11 5 11 10 4 4 0 0 30 29 30 7 0 13 6 0 12 0 0 0 1 1 1 0 1 8 1 2 0 0 0 0 0 0 85 0 0 0 0 0 0 0 0 0 0 0 0 0 0 0 0 0 0 0 0 0 0 0 0 0 0 1 0 1 0 0 0 0 0 5 0 0 0 0 0 0 0 0 0 0 0 0 0 0 0 0 0 0 0 0 0 0 1 0 0 0 0 0 0 0 0 0 0 0 0 0 0 0 0 0 0 0 0 8 0 0 0 0 0 0 0 0 0 0 0 0 0 0 22 22 15 16 14 7 20 16 16 0 0 21 14 0 10 16 3 25 23 3 0 0 0
3 1 2 0 2 0 0 7 5 2 5 5 2 2 0 0 13 0 13 5 0 8 79 0 0 0 0 0 0 2 0 1 0 1 0 0 0 0 0 0 0 0 1 0 0 0 0 1 0 0 0 0 0 0 0 0 0 0 0 0 1 0 0 0 0 0 0 0 0 0 0 1 0 0 0 165 0 0 0 0 0 0 0 0 0 0 0 0 0 0 0 0 0 0 0 0 0 0 0 0 1 0 0 0 0 0 0 0 0 0 0 0 0 0 0 0 0 0 0 0 0 0 0 0 0 0 0 0 0 0 0 0 0 0 0 0 0 0 0 0 0 0 0 2 0 0 0 0 0 0 0 0 0 0 0 11 0 0 0
27 14 18 2 22 0 0 60 46 19 46 42 17 15 0 0 203 115 205 160 0 112 6003 3 18 0 0 0 2 104 1 1 3 10 0 3 0 0 0 0 24 2 4 0 11 4 0 32 7 0 2 1 2 0 0 6 0 2 7 1 27 9 9 2 5 3 0 0 1 0 0 16 13 578 0 0 24 0 0 0 0 0 7 0 0 0 0 0 0 0 759 0 6 0 0 0 0 1 0 0 54 0 0 0 0 1 1 1 0 0 0 1492 0 0 0 0 0 0 0 48 0 0 0 0 0 0 0 0 0 0 0 0 0 0 0 0 59 52 28 52 36 26 48 33 35 23 0 62 60 38 60 60 46 65 65 118 0 44 0
109 57 73 25 87 0 0 236 181 74 181 167 70 58 0 0 225 257 224 95 0 129 552 3 17 0 378 0 25 34 12 21 37 174 13 42 36 39 40 1 0 0 51 0 0 0 0 7 2 0 1 0 0 0 0 1 0 0 2 0 6 2 2 2 1 1 0 0 0 1 0 15 15 0 268 616 2451 494 0 0 0 600 0 0 0 0 0 0 0 0 7 34 9 0 0 0 0 0 0 0 5 0 0 0 0 0 0 0 0 0 0 0 0 0 0 0 0 0 0 0 0 0 0 0 0 0 0 0 0 0 0 0 0 0 0 0 309 320 279 273 271 226 291 178 178 299 203 299 323 316 388 337 338 311 327 0 0 3 0
38 22 27 11 34 0 70 95 81 31 74 74 34 0 0 0 0 1139 112 491 159 709 918 118 0 529 124 1 2 19 1 13 5 2 1 5 0 7 8 15 66 2 1548 6 32 13 0 0 13 5 19 2 6 4 0 9 7 3 11 9 41 13 14 3 8 4 55 22 39 26 41 26 0 274 139 265 233 906 258 0 12 0 0 0 42 0 0 806 1834 0 206 395 1647 39 47 0 29 96 0 16 101 0 3 31 0 164 157 175 0 254 0 109 6 0 102 0 0 0 0 9 0 0 0 0 0 0 0 0 0 0 0 0 0 0 0 0 2528 2567 2172 2281 2166 1823 2335 1402 1405 0 0 2478 0 0 389 0 0 2533 2688 0 0 0 0
1 0 0 0 1 0 0 2 2 1 1 1 1 0 0 0 1 1 1 1 0 1 0 0 0 1209 7 0 0 0 0 2 0 0 0 0 0 0 0 0 11 0 152 0 0 5 0 74 18 9 4 2 9 4 9 13 11 4 17 14 64 21 21 4 11 6 0 0 0 8 21 24 32 0 0 153 147 29 42 0 0 0 0 0 0 0 0 0 165 0 0 0 0 922 2 0 0 0 0 0 5 0 0 0 0 3 3 3 0 0 0 0 0 0 0 0 0 0 0 1 0 0 0 0 0 0 0 0 0 0 0 0 0 0 0 0 0 0 0 0 0 0 0 0 0 0 0 0 0 0 0 0 0 0 0 0 0 0 0
9 5 7 2 8 0 1 23 20 7 18 17 8 0 0 0 14 14 14 16 5 8 45 0 0 756 257 3 6 9 3 11 12 6 3 15 16 17 22 10 85 3 929 0 76 34 0 104 26 11 44 4 14 0 13 20 16 6 25 20 89 30 30 7 17 10 7 0 92 21 23 42 65 688 262 171 460 86 0 348 19 0 52 1 75 2195 0 1275 1075 0 667 921 826 423 0 0 0 0 0 0 0 0 0 0 0 3 3 3 0 0 0 0 0 0 0 0 0 0 0 6 0 0 0 0 0 0 0 0 0 0 0 23 0 0 0 0 0 0 0 0 0 0 0 0 0 0 0 0 0 0 0 0 0 0 0 0 0 0 0
0 0 1 0 1 0 0 2 2 1 2 2 1 0 0 0 0 4 1 0 0 2 1 0 0 0 1 0 0 0 0 0 0 0 0 0 0 0 0 0 1 0 43 0 0 2 0 21 85 318 188 322 319 304 318 319 318 321 318 318 307 317 311 319 320 321 0 0 0 2 191 2 3 0 0 13 2 0 0 12 0 0 0 0 0 0 0 0 35 0 0 9 5 0 0 0 0 0 0 0 0 0 0 0 0 1 1 1 0 0 0 0 0 0 0 0 0 0 0 0 0 0 0 0 0 0 0 0 0 0 0 0 0 0 0 0 0 0 0 0 0 0 0 0 0 0 0 0 0 0 0 0 0 0 0 0 0 0 0
5 3 3 1 4 0 2 12 10 4 9 9 4 0 0 0 7 36 6 4 4 15 18 2 0 18 15 0 0 0 0 1 0 0 0 0 0 0 1 0 11 0 520 0 9 1 0 12 3 0 4 0 1 0 1 2 1 1 3 2 10 3 4 1 2 1 1 0 8 5 16 18 28 15 19 22 28 22 17 51 2 0 6 0 9 0 0 265 610 0 0 29 120 0 12 0 0 27 0 5 24 0 0 4 0 13 13 13 0 45 0 30 0 0 0 0 0 0 0 2 0 0 0 0 0 0 0 0 0 0 0 0 0 0 0 0 17 0 0 16 29 23 0 0 0 0 0 15 8 0 0 5 0 38 26 0 0 0 0
1 1 1 0 1 0 0 3 2 1 2 2 1 0 0 0 2 10 2 5 0 6 23 1 0 428 33 0 0 0 0 4 0 0 0 0 0 0 0 0 15 0 332 0 0 0 0 29 7 0 2 1 2 0 2 5 4 1 7 5 25 8 8 2 4 2 0 0 0 6 0 5 14 0 25 171 232 29 101 0 0 0 0 0 0 0 0 0 307 0 0 27 178 164 114 0 1314 316 112 40 218 0 0 284 271 4 4 4 0 37 0 0 0 0 0 0 0 0 0 0 0 0 0 0 0 0 0 0 0 0 0 0 0 0 0 0 0 0 0 0 0 0 0 0 0 0 0 0 0 0 0 0 0 0 0 0 0 0 0
14 8 10 4 13 0 2 36 30 12 27 27 13 0 0 0 11 77 5 395 0 45 71 0 0 0 13 0 0 1 0 3 0 0 0 0 0 0 0 0 22 1 337 0 0 2 0 58 35 5 82 3 6 0 0 8 5 4 9 7 28 11 11 4 7 5 54 0 190 5 0 4 12 15 17 33 29 71 25 6801 97 0 182 32 165 0 0 356 377 0 0 2122 718 0 9 0 16 63 7 3 26 0 2 23 17 41 40 41 0 42 0 0 0 0 0 0 0 436 0 4 0 1 0 0 0 0 0 0 0 0 0 21 0 0 0 0 52 48 26 0 71 56 43 36 0 0 164 1060 1016 412 232 210 126 124 135 0 0 0 0
59 35 32 18 46 0 149 109 159 43 87 119 37 15 101 75 668 1421 649 695 81 736 448 8 6 1375 374 149 97 88 646 51 162 162 13184 125 167 261 204 30 259 126 1978 847 522 253 167 132 32 7 549 4 16 0 17 24 15 7 32 25 114 37 37 9 21 12 65 0 1303 48 410 460 500 240 221 654 341 484 383 891 379 488 731 241 792 1537 0 5028 2086 0 412 2299 2310 1081 74 0 60 162 0 30 150 147 55 109 84 43 43 44 0 113 0 1003 0 29 0 0 2 0 0 36 135 388 43 0 0 0 0 13 0 0 0 52 0 455 0 0 2382 2164 1484 2286 1762 1496 1996 1173 1224 2389 1764 2510 2834 2911 991 2823 3014 2452 2626 0 0 30 0
17 10 20 9 32 0 0 18 34 13 15 23 0 7 400 94 13138 7944 13275 2707 1159 1082 361 401 101 2327 440 252 120 111 622 73 179 250 66 173 104 147 112 52 281 196 81 313 308 141 0 170 44 20 102 6 22 5 22 31 24 10 39 30 143 48 48 13 27 16 426 0 221 50 105 222 233 0 457 399 452 379 441 0 42 0 119 0 74 0 0 0 31 0 137 0 0 1629 804 285 1063 589 438 285 1475 584 11 661 712 7 7 7 0 36 357 0 0 0 0 0 0 0 0 304 0 0 0 0 0 0 0 0 0 791 0 0 0 0 0 0 740 765 658 668 638 535 698 413 411 324 0 719 824 848 993 837 886 735 785 30 0 6 0
10 6 6 3 9 0 0 21 34 8 17 23 9 204 52 50 553 330 559 0 0 18 342 0 47 12 625 115 90 121 40 41 198 122 37 195 0 136 139 7 104 118 6232 94 287 7 0 18 14 13 24 15 15 0 8 16 13 11 16 10 20 17 16 16 16 15 169 0 37 52 86 120 245 0 515 225 419 407 263 0 0 0 0 0 0 0 0 0 0 0 130 8 633 3 0 0 0 0 0 2 0 0 0 0 0 0 0 0 0 0 0 0 0 0 44 0 0 0 0 12 84 55 340 0 0 0 0 0 0 0 0 104 0 3837 58 33 5 5 11 0 12 10 4 10 11 0 0 0 0 0 0 0 0 10 4 0 141 9 0
36 23 20 12 30 0 45 72 113 29 58 80 29 7 0 50 387 227 391 0 0 1 3 0 8 12 6 0 0 0 0 0 1 0 0 0 0 0 0 0 0 0 250 34 13 0 0 18 19 16 15 17 16 4 17 17 17 17 17 17 16 17 16 17 17 17 661 14 13 2 1 7 11 0 4 6 8 7 3 5 4 5 4 2 12 6 58 3 291 0 16 229 771 0 273 104 470 488 399 86 475 490 15 570 0 294 294 293 153 526 0 0 0 0 0 0 0 0 409 1200 159 231 1368 0 0 0 0 0 0 0 0 0 41 0 0 0 0 0 0 0 1 1 0 1 2 0 0 0 0 0 0 0 0 0 0 33 0 0 0
21 13 12 7 18 0 0 43 68 17 0 23 17 0 7 0 605 296 612 132 37 87 61 306 4 20 122 3 5 8 2 2 19 4 2 12 0 5 5 2 0 0 3 39 0 0 8 3 0 0 26 0 0 0 0 1 0 0 1 1 3 1 1 0 0 0 0 0 62 0 0 0 0 0 0 49 61 0 0 0 198 0 64 19 48 10 0 0 0 0 0 79 67 0 68 0 0 144 0 25 134 119 290 32 0 60 61 58 0 23 229 0 0 35 0 0 0 226 0 611 0 0 0 0 0 0 0 96 0 0 0 0 0 0 0 0 0 0 0 0 0 0 0 1 2 0 0 0 0 0 0 0 0 0 0 81 0 226 0
54 31 39 15 48 0 8 134 114 44 105 101 47 33 2016 0 274 196 276 2 0 20 63 134 1 92 44 0 2 4 1 10 9 2 1 3 0 0 0 1 0 38 7 0 44 0 0 9 3 0 3 1 0 0 0 2 0 1 2 2 8 3 3 1 2 1 7 0 5 2 0 7 7 0 0 13 30 55 0 0 2 0 0 0 0 0 0 463 0 0 0 0 6 0 11 0 0 39 0 90 430 0 0 34 0 13 13 13 0 3 98 0 1017 16 0 0 0 0 446 0 0 3 17 0 0 0 0 0 0 509 0 0 0 0 0 0 89 92 75 67 74 62 84 48 49 57 8 76 76 61 85 80 70 81 94 10 0 0 0
22 13 17 7 21 0 7 58 52 19 45 45 23 0 873 23 1 51 0 423 198 191 0 0 0 0 0 0 0 0 0 0 0 0 0 0 0 0 0 0 0 1 7 0 0 0 0 0 0 0 0 0 0 0 0 0 0 0 0 0 0 0 0 0 0 0 0 0 20 0 0 0 0 0 0 0 0 0 0 0 0 0 0 0 0 0 0 2 0 0 0 0 0 0 0 0 0 0 0 38 0 0 0 0 0 0 0 0 0 0 0 0 0 0 0 0 0 273 0 1 733 1504 1088 3 0 0 0 0 0 0 11 0 0 641 0 0 99 70 22 119 58 62 84 42 49 53 17 122 129 104 132 120 111 115 119 0 0 0 0
78 45 45 25 63 0 241 155 220 59 123 168 54 0 57 138 11 434 0 1 0 191 287 136 0 441 93 0 110 154 52 68 227 84 39 262 240 265 109 0 86 1506 2 0 0 0 27 44 8 0 90 1 0 0 0 8 0 2 10 7 38 12 12 3 7 4 0 0 211 6 117 177 175 0 87 4665 332 273 1124 0 0 0 204 47 0 2157 0 0 0 5 42 21 136 0 45 0 0 82 0 10 50 0 0 20 0 3 3 2 0 5 2 0 8 10 80 0 0 141 0 466 448 1248 572 0 0 0 0 0 0 0 0 19 0 0 0 196 479 411 150 222 418 163 242 76 74 439 696 1070 1176 1293 1473 1259 1042 1101 1144 174 0 55 0
0 0 9 0 0 0 2 6 9 4 5 7 3 2 3 3 6 0 6 1 1 1 13 19 0 6 6 8 4 4 21 2 7 8 2 6 5 6 5 2 9 3 5 19 22 0 0 1 1 1 4 1 1 1 1 1 1 1 1 1 2 1 1 1 1 1 0 7 7 1 0 2 7 7 5 5 7 9 11 0 0 53 3 0 0 0 0 0 5 0 0 0 4 0 0 0 0 0 0 0 0 0 0 289 319 0 0 0 0 0 0 0 0 0 3 0 0 0 0 2 0 0 1 1 0 0 0 0 0 0 0 0 0 0 0 0 0 0 2 0 3 2 0 1 1 0 0 0 0 0 0 0 0 0 0 0 0 0 0
1 2 124 3 2 0 27 86 130 63 74 96 43 33 40 48 57 40 57 14 0 16 176 262 2 123 76 109 51 47 278 29 95 108 29 74 129 100 99 23 122 48 70 107 311 47 10 19 8 15 65 13 15 15 15 16 15 13 17 16 27 17 17 14 15 14 0 94 137 15 66 170 169 248 77 76 97 175 168 96 26 883 73 43 114 4 118 0 72 0 220 57 56 90 0 0 0 0 0 2 0 0 0 168 2953 14797 14797 14791 8103 0 245 0 18 10 52 0 143 27 40 24 0 3 17 45 0 0 0 62 0 0 0 28 0 35 37 42 27 26 55 8 60 47 38 18 15 0 0 51 2 0 0 0 0 0 0 52 41 29 0
1 1 90 2 1 0 19 62 94 45 54 69 31 24 29 31 48 33 48 12 12 13 123 189 2 94 53 78 37 34 201 20 64 78 21 53 86 72 67 14 78 34 43 99 181 17 0 13 5 10 38 9 10 10 10 10 10 9 11 11 18 12 11 9 10 9 0 57 78 10 76 84 96 112 51 52 66 110 114 0 9 490 24 1 0 0 0 0 43 0 5 0 32 43 0 0 0 0 0 1 0 0 0 2719 2998 0 0 0 0 0 139 0 0 6 0 0 88 20 21 17 5 3 10 32 0 0 0 21 0 0 0 0 0 23 0 0 53 55 54 45 53 44 52 15 11 0 52 67 62 0 0 0 0 5 1 0 0 0 0
0 0 14 0 0 0 2 9 14 7 8 10 5 4 4 3 9 6 9 2 2 2 15 28 0 1 6 11 5 5 27 2 7 11 3 7 4 5 4 1 6 5 2 8 6 0 0 0 0 0 1 0 0 0 0 0 0 0 1 0 1 0 1 1 0 0 0 2 1 0 0 4 0 0 3 5 6 0 8 0 1 7 1 0 0 0 0 0 1 0 0 0 1 0 0 0 0 0 0 0 0 0 0 435 480 0 0 0 0 0 0 0 0 0 1 0 0 3 0 3 0 0 0 4 0 0 0 0 0 0 0 0 0 0 0 0 0 0 5 0 6 4 0 2 3 0 0 1 0 0 0 0 0 0 0 0 0 0 0
1 2 137 3 2 0 29 95 143 69 81 106 48 36 45 50 63 44 63 15 15 18 189 288 2 104 82 118 55 51 302 31 100 117 31 80 135 105 103 22 125 53 71 106 305 38 0 18 7 14 64 13 14 14 15 15 15 13 16 15 26 17 17 14 15 14 0 93 134 15 124 172 159 209 79 80 102 174 175 35 28 861 74 26 0 0 11 0 73 0 126 25 55 18 0 0 0 0 0 2 1 0 0 3974 4382 0 0 0 0 0 215 0 0 9 52 0 151 29 33 26 9 5 16 49 0 0 0 60 0 0 0 0 0 36 0 0 88 91 84 77 82 69 85 24 18 13 136 109 109 0 0 2 0 12 9 6 0 0 0
0 0 1 0 0 0 0 1 1 1 1 1 0 0 0 1 1 0 1 0 0 0 2 3 0 1 1 1 0 0 3 0 1 1 0 1 0 0 0 0 1 0 1 0 3 0 0 0 0 0 1 0 0 0 0 0 0 0 0 0 0 0 0 0 0 0 0 1 1 0 0 2 0 0 1 1 1 2 2 0 0 5 1 0 0 0 0 0 0 0 0 0 0 0 0 0 0 0 0 0 0 0 0 38 41 106 106 106 0 0 0 0 0 0 0 0 0 0 0 0 0 0 0 0 0 0 0 0 0 0 0 0 0 0 0 0 0 0 0 0 0 0 0 0 0 0 0 0 0 0 0 0 0 0 0 0 0 0 0
0 0 8 0 0 0 0 6 9 4 5 6 3 0 0 3 4 3 4 0 1 1 11 17 0 8 5 7 3 3 18 2 6 7 2 5 0 2 2 1 8 3 4 0 18 0 0 1 0 1 4 1 1 1 1 1 1 1 1 1 2 1 1 1 1 1 0 6 5 0 0 11 0 0 0 0 0 0 0 0 0 47 1 0 0 0 0 0 4 0 0 0 3 0 0 0 0 0 0 0 0 0 0 242 265 653 653 653 0 0 0 0 0 0 0 0 0 0 0 2 0 0 1 0 0 0 0 0 0 0 0 0 0 0 0 0 0 0 0 0 0 0 0 0 1 0 0 0 0 0 0 0 0 0 0 0 0 0 0
0 0 15 0 0 0 3 10 15 7 9 11 5 4 5 6 7 5 7 2 2 2 21 31 0 16 9 13 6 6 33 3 11 13 3 9 15 12 12 3 14 6 8 12 37 6 0 2 1 2 8 1 2 2 2 2 2 2 2 2 3 2 2 2 2 2 0 11 16 2 20 20 20 29 9 9 11 21 20 15 3 104 9 6 20 2 0 0 9 0 0 7 7 14 0 0 0 0 0 0 0 0 0 423 330 1140 1140 1140 0 0 30 0 0 1 6 17 0 3 7 3 1 1 2 4 4 0 0 7 0 0 0 0 0 4 0 6 0 0 6 0 7 5 1 2 2 0 0 2 0 0 0 0 0 0 0 6 6 4 0
0 0 0 0 0 0 0 0 0 0 0 0 0 0 0 0 0 0 0 0 0 0 0 0 0 0 0 0 0 0 0 0 0 0 0 0 0 0 0 0 0 0 0 0 0 0 0 0 0 0 0 0 0 0 0 0 0 0 0 0 0 0 0 0 0 0 0 0 0 0 0 0 0 0 0 0 0 0 0 0 0 0 0 0 0 0 0 0 0 0 0 0 0 0 0 0 0 0 0 0 0 0 0 0 0 0 0 0 0 0 0 0 0 0 0 0 0 0 0 0 0 0 0 0 0 0 0 0 0 0 0 0 0 0 0 0 0 0 0 0 0 0 0 0 0 0 0 0 0 0 0 0 0 0 0 0 0 0 0
1 1 71 2 1 0 24 49 74 36 42 55 25 19 23 42 32 25 31 8 9 11 100 231 1 79 43 62 29 27 158 16 54 61 16 42 64 50 51 13 69 28 41 55 177 13 0 11 4 8 37 7 8 8 8 9 8 8 9 9 16 10 10 8 9 8 0 54 77 8 0 76 87 112 41 42 54 88 93 0 8 498 40 0 0 0 0 0 43 0 0 0 32 0 0 0 0 0 0 0 0 0 0 0 0 12815 12815 12810 0 0 131 0 0 8 0 0 60 23 10 21 8 5 15 38 0 0 0 48 0 0 0 0 0 26 0 0 65 67 65 55 64 53 63 19 14 0 68 82 76 0 0 0 0 6 2 3 0 0 0
1 1 104 2 2 0 0 73 109 53 62 80 36 27 34 231 50 63 46 12 23 43 147 1290 2 116 64 91 43 40 233 24 80 90 24 62 98 77 77 19 102 41 61 82 262 26 0 17 6 12 55 11 12 12 12 13 12 11 14 13 23 15 14 12 13 12 0 79 115 12 0 121 132 176 62 63 80 134 138 0 17 740 65 10 0 0 0 0 63 150 23 11 47 20 0 0 0 0 0 0 0 0 0 14143 0 19074 19074 19067 11028 0 1179 0 87 47 0 24 659 128 228 114 44 27 81 221 0 0 0 304 0 0 0 6 33 172 21 2 418 434 382 377 373 314 401 108 77 164 816 514 539 45 61 61 46 68 68 216 74 114 0
0 0 0 0 0 0 0 0 0 0 0 0 0 0 0 0 0 0 0 1 0 1 0 0 0 0 0 0 0 0 0 0 0 0 0 0 0 0 0 0 0 0 0 0 0 0 0 83 69 0 0 0 0 0 0 0 0 0 0 0 0 0 0 0 0 0 0 0 0 0 0 0 0 0 0 0 0 0 0 0 0 0 0 0 0 0 0 0 0 0 0 0 0 0 0 0 0 0 0 0 0 0 0 0 0 0 224 354 0 77 0 0 0 0 0 0 0 0 0 0 0 0 0 0 0 0 0 0 0 0 0 0 0 0 0 0 0 0 0 0 0 0 0 0 0 0 0 0 0 0 0 0 0 0 0 0 0 0 0
0 0 0 0 0 0 0 0 0 0 0 0 0 0 0 0 0 0 0 2 0 1 0 0 0 0 0 0 0 0 0 0 0 0 0 0 0 0 0 0 0 0 0 0 0 0 0 16 13 0 0 0 0 0 0 0 0 0 0 0 0 0 0 0 0 0 0 0 0 0 0 0 0 0 0 0 0 0 0 0 0 0 0 0 0 0 0 0 0 0 0 0 0 0 0 0 0 0 0 0 0 0 0 0 0 0 0 129 0 99 0 0 0 0 0 0 0 0 0 0 0 0 0 0 0 0 0 0 0 0 0 0 0 0 0 0 0 0 0 0 0 0 0 0 0 0 0 0 0 0 0 0 0 0 0 0 0 0 0
0 0 0 0 0 0 168 0 0 0 2 7 0 0 0 0 0 0 0 15 0 11 1 4 0 1 0 0 0 0 0 0 0 0 0 0 0 0 0 0 0 0 0 0 0 0 0 0 0 0 0 0 0 0 0 0 0 0 0 0 0 0 0 0 0 0 0 0 0 0 0 0 0 0 0 0 0 0 0 0 0 0 0 0 0 0 0 0 0 0 0 0 0 0 0 0 0 0 0 0 0 0 0 0 0 0 0 0 0 1160 0 0 0 0 1 0 0 0 0 0 0 0 0 0 0 0 0 0 0 0 0 0 0 0 0 0 0 0 0 0 0 0 0 0 0 0 0 0 0 0 0 0 0 0 0 0 0 0 0
2 3 224 5 3 0 125 156 234 113 134 177 78 59 73 501 24 46 20 740 175 527 1576 1212 10 228 682 860 401 375 2200 218 675 853 225 580 1032 767 763 167 807 338 235 502 1637 240 176 166 208 427 337 427 428 427 428 428 427 427 428 428 432 428 419 430 427 427 0 630 211 112 1075 1182 1162 435 655 654 836 1526 1405 732 43 1338 121 70 496 38 414 242 220 0 370 328 323 220 14667 0 24735 21051 10551 4739 26034 20042 29156 3739 0 696 920 1050 0 75621 1182 62 158 45 242 0 658 123 188 108 42 26 75 208 0 0 0 291 12 22 0 166 0 47 165 3 366 379 348 323 343 287 357 100 72 56 584 459 458 0 0 9 0 50 39 244 184 123 0
0 0 0 0 0 0 0 0 0 0 0 0 0 0 0 0 0 0 0 0 0 0 0 3 1 8 0 0 0 0 0 0 0 0 0 0 0 0 1 0 1 0 0 1 1 0 0 1 1 1 1 1 1 0 0 1 1 1 1 1 2 2 1 1 1 1 0 9 0 0 0 17 17 0 0 0 0 0 0 0 0 0 0 0 0 0 0 0 0 0 0 0 0 0 0 0 0 0 0 0 0 0 0 37 40 0 0 0 0 0 0 0 0 0 0 0 0 0 0 0 0 0 0 0 0 0 0 0 0 0 0 0 0 0 0 0 0 0 0 0 0 0 0 0 0 0 0 0 0 0 0 0 0 0 0 0 0 0 0
48 27 25 14 34 1 96 75 102 29 60 78 23 25 37 74 264 1326 239 55 141 647 186 7330 2 162 134 265 136 175 64 68 282 271 62 297 329 325 381 25 227 63 39 82 255 67 0 41 25 11 103 13 4 0 0 16 14 14 17 16 29 18 18 16 16 14 1092 225 229 19 0 208 206 71 129 173 213 180 193 13 90 128 87 62 291 139 106 0 35 17 0 0 54 0 16 0 0 57 0 10 59 0 1 0 0 29 29 26 0 4 0 0 0 0 0 0 860 9 0 6 74 86 26 0 0 0 0 0 0 0 0 0 0 0 111 50 2809 2902 2502 2523 2441 2048 2645 1575 1567 1437 0 2708 3038 3211 3760 3163 3360 2775 2965 84 152 278 0
913 619 720 411 1169 12 902 703 1448 490 618 988 352 452 1811 1822 236 1332 209 1406 676 1102 761 1825 2 1079 234 31 27 43 11 26 46 48 11 49 87 116 90 44 74 11 248 0 94 16 0 211 138 57 104 58 66 0 39 71 68 60 75 71 124 74 77 61 69 63 0 85 159 36 66 155 158 260 190 74 1104 0 469 0 31 156 110 0 138 28 0 156 276 33 789 337 591 751 1474 650 1238 1821 1684 570 2699 2619 183 5139 2656 61 61 62 0 148 1756 0 97 34 0 0 499 32 0 413 20 35 192 371 0 0 1379 191 7 0 0 308 0 1438 323 458 2854 2916 2475 2599 2435 2053 2666 1570 1566 3137 1031 2803 3156 3338 1233 3256 3475 2839 3039 50 172 33 0
1626 748 501 299 812 0 76 815 1126 389 659 819 221 55 801 135 12 421 0 294 251 391 519 494 0 134 437 416 468 631 217 312 1038 458 204 1083 1073 1116 1368 161 1313 379 1073 199 1034 467 199 121 76 52 1949 77 81 0 82 87 84 79 91 88 130 93 92 82 85 81 727 844 4576 113 568 666 674 208 397 442 583 519 892 0 894 2 2455 5 3883 1118 271 642 1246 64 450 0 496 0 49 0 67 92 39 52 93 89 1 76 0 42 42 42 0 9 367 0 0 206 0 0 634 0 880 49 0 44 49 0 0 0 0 69 0 4161 0 75 0 287 168 254 982 1009 866 890 847 714 923 546 544 1065 914 961 1075 1127 1321 1113 1178 978 1045 129 0 185 0
1569 722 484 289 783 13 0 786 1086 375 635 787 213 52 55 438 4 47 0 2 3 20 15 12 0 4 8 6 6 9 3 7 16 2 7 17 0 0 0 3 35 6 19 0 0 0 8 2 2 0 31 6 6 0 6 6 6 6 6 6 7 6 6 6 6 6 5 0 65 2 7 11 9 3 8 30 8 12 27 22 16 100 55 33 62 22 0 3 19 45 0 0 15 0 0 0 0 1 0 3 1 0 0 0 0 0 0 0 0 2 0 0 0 0 0 0 0 0 0 0 65 116 0 0 0 0 0 0 0 0 0 0 0 0 0 0 99 91 38 36 62 51 67 6 14 0 422 489 436 388 302 184 232 101 113 2 96 12 0
0 0 3417 0 0 0 1090 0 0 0 10 48 0 0 4253 4361 3093 1802 3118 0 4326 3283 5701 625 0 1 9 0 11056 312 0 1247 0 0 2 1 3665 782 0 145 8113 2838 656 605 405 5990 1641 265 315 945 606 1025 973 635 1014 1047 1042 1027 1053 1047 1143 1060 1039 1021 1043 1034 0 98 75 31278 3 20 56 0 124 4270 6321 5468 6765 0 2 8163 14 1 1 13426 3636 3282 0 457 0 5760 4452 0 0 0 737 0 0 193 6 0 0 2877 802 0 0 0 0 0 524 816 3079 144 0 0 2862 2904 0 17 1372 786 0 0 0 0 0 0 0 480 0 893 920 1673 888 2196 0 0 1 6775 0 14998 0 1 2 0 0 0 0 0 0 0 0 0 0 1159 1362 751 0
1810 1296 1353 743 1813 0 599 4927 9497 2174 3995 6098 634 891 5711 4806 22 919 0 662 1836 1890 1407 313 0 723 7865 1623 1494 1886 731 1259 2930 1726 758 3227 4567 3815 16579 92 6088 124 103 609 1856 3238 1081 591 375 422 6285 405 420 303 419 453 444 416 471 457 661 484 475 426 444 423 3133 1883 14520 107 5152 5303 5180 3252 7453 4453 2268 1427 4561 3837 3899 4699 3012 2294 11963 5863 2868 2181 18 397 3790 2721 3269 543 362 96 235 408 213 402 504 0 0 464 0 741 741 739 84 121 103 660 1710 418 378 0 3399 1 0 1282 952 1453 2653 0 0 0 0 294 0 743 0 1091 572 823 424 1299 2135 2213 1943 1993 1862 1576 2035 1234 1233 0 514 2053 2297 2480 2922 2458 2626 2153 2302 1545 1133 797 0
0 0 0 0 2 0 601 0 8 0 9 32 0 7 23 14 33 24 33 72 72 62 109 35 2 171 87 536 4 246 54 0 538 0 111 603 0 0 0 209 69 86 145 2 153 0 0 24 9 2 71 4 5 0 1 7 6 4 8 7 20 9 9 8 6 5 173 96 163 137 149 197 200 49 45 57 89 91 115 34 60 86 52 37 160 41 0 60 149 402 91 7 2 20 12 0 0 4 0 16 78 60 0 0 0 36 36 34 0 0 0 0 0 12 0 0 0 0 38 177 8 25 1311 135 0 0 362 299 0 0 0 110 0 349 651 444 0 0 6 0 2 0 0 1 3 0 0 0 0 0 0 0 0 0 0 532 490 0 0
16 9 8 5 12 0 0 27 38 10 22 28 3 7 41 36 1262 947 1269 315 149 222 204 28 180 62 53 97 49 44 618 26 73 50 43 75 0 0 31 66 53 101 37 0 109 39 0 82 63 0 61 14 16 0 4 16 16 15 17 17 24 0 17 16 16 15 751 388 125 42 428 464 445 30 57 225 901 197 554 1214 40 141 77 60 132 0 105 22 24 23 0 238 0 0 0 0 0 0 0 2 1 0 0 0 0 0 0 0 0 3 0 0 45 5 0 0 41 0 0 214 122 70 0 0 0 0 49 180 0 0 0 0 21 0 111 0 511 529 466 458 451 380 485 292 290 529 407 498 548 556 666 570 588 513 543 3 0 0 0
1133 644 588 328 820 25 349 1882 2601 733 1494 1884 582 473 653 484 196 722 180 160 168 414 8591 170 63 1743 1928 3015 1902 1561 19177 545 2496 2907 1295 2295 2803 2599 2094 846 1009 1203 536 1984 4789 691 23 352 179 0 213 106 128 0 107 140 134 112 153 142 289 159 161 132 134 119 1444 1354 349 552 624 125 419 957 1843 2247 4086 8245 2561 1199 252 1771 3229 911 1274 535 853 965 463 0 1646 0 402 1107 30 0 0 26 0 41 66 0 0 0 0 68 68 68 0 2 101 170 0 177 12493 4151 0 412 0 2566 275 429 854 0 0 0 0 33 0 0 0 456 0 0 404 1527 1467 1516 1338 1327 1268 1080 1396 819 815 1579 1371 1442 1612 1676 1962 1642 1747 1449 1548 56 182 0 0
0 0 0 0 0 0 0 0 0 0 0 0 0 0 0 0 233 136 235 1227 258 209 1 0 32 2 1 0 0 0 1 0 0 0 0 0 0 0 0 1 1 0 0 0 0 0 0 0 7 27 17 28 27 15 26 27 27 28 27 27 25 27 26 28 27 27 3 0 0 0 475 487 451 0 3 4 7 0 1 0 0 0 0 0 0 0 0 0 0 0 0 8 0 0 0 0 0 0 0 0 0 0 0 0 0 2 2 2 0 0 0 0 0 688 0 0 0 0 0 0 0 0 0 0 0 0 0 0 0 88 0 0 0 0 0 0 0 0 0 0 0 0 0 286 500 37 0 92 51 0 0 0 0 0 0 0 0 0 0
8 5 6 0 7 0 0 21 19 0 14 15 8 5 0 966 37 103 36 952 717 615 78 0 0 99 14 5 2 8 2 6 14 0 3 15 0 0 10 37 34 52 4 0 10 0 0 1207 1035 175 110 176 175 0 148 174 174 175 173 174 165 172 169 174 174 175 161 11 17 24 0 2 3 0 10 12 33 74 45 34 63 36 35 148 19 2 0 25 0 0 14 63 0 0 113 42 0 0 0 0 1 0 0 0 0 0 0 0 0 4 0 0 22 0 0 0 0 0 0 79 0 16 0 0 0 0 0 0 0 0 0 0 0 0 0 0 181 187 166 188 163 168 213 104 104 174 113 182 196 187 229 202 198 187 196 13 0 0 0
1 0 0 0 1 0 2 2 1 0 0 1 1 1 0 86 8 25 8 201 151 131 9 0 0 7 2 0 0 0 0 0 1 0 0 1 0 0 0 3 1 10 0 0 1 0 0 11 13 20 12 20 20 0 3 19 20 20 19 19 18 19 19 20 20 20 9 2 0 2 0 0 0 0 0 0 3 7 7 2 0 2 1 1 1 0 0 0 0 0 1 0 0 0 5 0 0 0 0 0 0 0 0 0 0 0 0 0 0 0 0 0 0 0 0 0 0 0 0 8 0 0 0 0 0 0 0 0 0 0 0 0 0 0 0 0 40 42 40 40 39 41 48 26 26 19 0 40 37 22 37 39 28 43 43 2 0 0 0
26 16 20 8 25 0 318 69 61 23 56 67 26 0 0 0 59 56 59 238 240 204 104 0 1 81 213 2 1 4 1 9 5 0 1 5 0 0 7 4 44 28 2 2 7 0 0 22 14 0 57 6 5 7 7 7 7 6 8 7 12 8 8 6 7 7 217 22 131 3 0 27 28 0 112 125 354 97 143 104 47 70 45 32 107 108 0 54 0 0 1 0 0 0 0 0 0 0 0 0 0 0 0 0 0 2 2 1 0 0 0 0 0 8 240 0 0 146 0 163 693 1005 0 1781 0 0 172 0 0 0 0 0 0 0 0 0 40 41 42 30 41 34 37 27 28 5 0 39 31 7 26 32 15 43 41 2099 36 0 0
76 43 55 21 68 0 329 191 160 61 150 156 66 69 171 2678 23 782 1 35 82 414 96 243 0 562 56 202 43 64 22 99 115 150 28 121 0 50 228 331 658 709 262 114 186 0 266 104 56 0 36 20 24 0 0 28 27 22 32 29 65 34 33 24 27 23 819 543 57 219 1691 1752 1692 101 90 143 135 125 355 59 27 42 43 29 118 46 101 1669 222 752 283 2297 0 451 0 0 0 0 0 9 9 0 0 0 0 1 1 1 0 0 168 0 1088 1467 9850 5161 0 3501 3088 254 3600 14477 0 0 0 0 0 1170 0 0 369 572 786 175 0 0 1839 1838 1526 1693 1522 1295 1690 989 996 1967 1769 1842 2072 2163 2513 2098 2246 1833 1963 541 109 71 0
941 475 425 226 577 15 1135 1123 1488 452 901 1135 316 9 249 190 169 235 167 223 222 242 637 630 1 265 1157 1475 208 223 98 200 376 1420 107 362 470 430 509 136 1037 980 2437 244 661 477 945 68 25 0 339 11 10 0 8 20 18 13 23 20 58 25 25 23 18 14 480 433 796 115 835 855 880 513 1116 656 852 612 889 286 292 443 269 195 764 449 436 266 2796 1118 467 152 198 430 228 74 259 227 168 87 415 0 2 246 143 1028 1028 1027 878 27 597 190 657 317 1089 1497 395 75 604 2638 660 615 283 269 0 3177 1424 7158 0 385 0 454 318 1819 95 767 324 333 290 293 280 237 305 181 180 343 285 322 357 364 428 362 381 322 343 1485 407 258 0
2978 1742 1591 903 2246 71 2966 5269 7454 2055 4206 5444 1722 3656 824 733 762 2130 735 7 3124 3288 3539 1739 40 1062 2304 2447 1173 1089 6928 696 1744 2426 661 1713 2289 2175 2126 2002 3160 3675 2150 1721 2715 482 234 929 759 480 485 477 492 402 488 500 495 484 511 504 601 517 505 499 495 485 0 4912 498 1303 2106 2071 2083 1725 2243 3188 2847 3448 2740 948 572 4539 1126 1505 963 282 1870 897 2218 563 1738 2686 2658 970 1311 577 1426 2184 1900 472 2408 2197 10 2604 2789 447 447 448 350 147 1737 187 992 245 1004 918 1215 3276 181 1181 971 1348 1478 631 0 0 2763 0 5263 1689 0 840 2634 2089 169 640 4061 4159 3530 3702 3464 2920 3798 2230 2220 3747 3648 3988 1304 1188 3091 4648 4987 4030 3851 2031 321 1021 0
909 415 349 186 486 11 211 751 1005 323 601 741 205 308 983 1344 369 895 353 205 201 476 290 241 1 475 324 428 85 102 40 44 192 414 42 166 208 193 209 141 126 690 415 100 473 40 0 58 27 30 68 27 12 20 31 34 32 29 37 35 64 38 38 32 33 30 141 457 123 96 95 88 97 347 334 685 270 294 499 326 52 994 885 511 228 177 379 467 457 319 351 167 152 435 40 16 147 124 105 57 80 125 3 147 148 47 47 47 30 8 69 0 105 664 305 230 0 0 228 176 440 999 0 277 0 0 0 0 0 370 0 189 0 609 43 523 1628 1672 1427 1480 1396 1176 1527 898 894 1808 1611 1592 1795 1910 2215 1857 1987 1616 1731 538 203 239 0
8 5 6 2 8 0 0 21 16 7 16 16 7 5 0 0 223 330 220 21 9 118 330 36 1 144 245 14 17 31 8 11 41 5 9 45 15 30 62 86 25 50 55 0 0 0 0 109 96 34 79 57 56 0 49 58 58 57 58 58 63 59 57 57 58 57 634 92 110 55 212 232 229 0 230 288 384 321 172 77 63 119 151 77 103 77 0 33 54 358 0 69 75 115 0 0 0 4 0 2 6 0 0 0 0 4 4 1 0 2 30 0 0 23 379 0 0 0 0 69 1783 1174 1433 0 0 3729 12088 0 0 214 0 283 0 0 0 0 470 482 416 423 407 344 440 263 263 483 385 461 509 516 607 520 544 470 499 0 12 42 0
2855 1186 1377 479 1633 44 2898 2900 2145 1013 2265 2145 740 0 0 0 112 372 104 113 215 362 272 249 0 173 289 8 0 6 0 46 111 1 1 4 0 0 10 32 343 382 511 225 1034 756 997 68 41 21 136 18 20 12 21 23 22 19 25 24 45 26 26 19 23 20 515 81 299 16 127 143 147 817 244 281 250 250 268 56 114 168 107 70 457 91 1164 669 494 1606 850 189 452 436 86 14 105 164 118 30 161 164 1 177 90 111 111 111 0 6 216 0 1336 1681 2423 3232 1988 505 897 2514 690 19 896 548 30 0 555 249 0 962 1243 605 1467 378 748 1331 731 727 598 674 604 513 667 392 395 777 684 741 830 853 994 834 889 731 782 384 1176 1721 0
1005 604 552 319 790 0 510 1878 2735 736 1498 1955 646 0 462 1241 1359 2074 1340 1502 654 1117 850 267 2 686 239 1301 180 201 86 80 321 1241 94 316 371 363 401 31 191 225 160 215 440 330 182 84 29 0 811 12 16 0 0 23 21 14 27 24 72 30 30 23 21 16 457 149 1928 24 342 364 362 263 245 584 516 820 694 523 732 1042 643 474 1697 698 401 0 108 212 347 0 125 101 73 17 109 120 89 45 149 121 3 132 85 55 55 52 0 4 171 1157 0 58 0 0 264 78 2863 0 2523 1047 5128 188 0 0 0 0 0 0 0 99 0 4 632 525 3073 3150 2679 2798 2627 2213 2878 1692 1684 3420 2660 3010 3399 3621 1836 3508 3765 3051 3270 367 436 310 0
147 99 104 55 134 0 4525 386 667 161 352 645 147 0 145 207 489 727 482 909 911 939 291 789 8 421 291 780 146 171 69 105 292 742 73 287 306 339 434 142 482 624 975 341 453 311 5536 58 19 2 285 7 9 0 11 15 13 9 18 15 49 20 20 14 14 10 315 52 673 101 960 1002 983 384 296 501 435 272 502 24 247 371 237 170 646 384 355 336 1090 13508 440 821 0 2744 865 362 1162 1257 1073 292 1580 1262 20 1480 1501 642 642 641 486 28 756 424 1911 747 1560 1809 531 353 268 493 1010 344 1019 0 2569 3655 2365 5863 0 1052 0 250 4055 1190 173 722 1061 1094 945 963 915 773 999 588 585 1171 1025 1050 1178 1230 1434 1203 1282 1052 1125 1914 807 659 0
36 27 39 11 57 0 155 160 134 29 125 127 40 182 0 0 206 1377 182 349 887 1182 61 149 0 54 9 66 35 51 16 41 95 41 36 86 25 64 178 453 183 196 124 20 183 0 45 23 13 0 15 5 4 0 4 7 6 6 7 6 14 8 8 7 7 6 29 1 32 655 364 696 471 0 4 149 113 57 173 6 12 0 29 1 91 0 0 110 0 249 100 22 162 0 49 0 116 198 133 97 714 207 0 111 0 2 2 0 0 15 98 0 0 135 0 0 0 74 0 37 164 94 60 0 0 0 0 0 0 0 0 0 0 330 0 700 2703 1972 640 3296 1524 1621 2311 1078 1234 2333 478 3368 3788 0 1379 3462 3690 3014 3218 835 81 0 0
5177 2694 1576 1009 2770 40 20545 2369 3311 1168 2109 3291 650 921 889 858 204 2894 183 0 3119 3925 3686 2951 3 2201 3254 4017 364 830 1298 382 1020 3871 1781 872 2081 1371 2946 2342 196 3083 785 889 1745 973 2072 481 326 253 452 243 258 169 257 272 266 248 283 274 402 292 289 274 267 254 1995 102 745 1563 3872 4092 3943 2039 3166 1770 2813 3471 1732 976 602 2870 1295 492 939 762 1741 71 14 0 2202 1178 10 1569 3188 1432 5036 4555 3974 1114 2688 4580 116 5445 0 3581 3581 3439 3445 503 2859 1285 2260 21287 0 0 1504 0 417 10673 1808 3540 492 0 0 0 2900 2002 0 2089 0 3889 0 239 1419 2950 6116 6323 5949 6154 5799 4887 5629 3724 3700 0 0 3588 3379 0 0 2807 0 6692 6668 4643 5064 1930 0
29 19 17 10 25 0 3083 59 95 24 76 200 25 0 93 0 14 49 11 4 8 30 57 607 0 266 143 60 62 83 29 63 138 64 28 144 156 164 240 195 341 202 32 74 153 0 0 43 21 0 151 11 8 0 0 15 10 12 17 15 34 18 17 12 14 12 718 181 346 123 468 577 562 58 103 30 52 44 167 237 130 190 116 85 308 243 0 157 0 2 104 77 0 46 0 0 0 0 0 5 4 0 0 0 0 120 120 120 0 17 430 0 0 80 0 0 0 6372 982 605 187 123 684 0 0 0 0 89 0 0 0 0 0 0 0 0 339 280 136 575 197 310 408 196 237 772 0 93 142 0 74 31 129 73 68 0 0 0 0
0 0 6 0 24 0 676 66 58 0 56 80 25 0 0 0 2 78 0 51 100 133 31 25 0 338 47 6 0 1 0 23 24 0 3 10 0 0 0 31 191 161 126 15 171 0 0 57 35 6 54 16 17 0 7 20 19 17 22 21 38 23 22 17 19 18 429 199 105 22 438 519 513 109 0 75 59 39 74 57 41 58 36 26 120 38 35 178 0 566 132 94 90 163 47 0 179 214 152 2 876 241 0 129 0 33 33 31 0 9 0 0 0 220 0 0 0 0 0 120 53 10 160 453 0 0 0 341 0 0 0 102 0 3026 0 310 172 166 135 158 143 121 154 94 97 155 99 178 192 179 216 190 192 179 187 121 0 0 0
879 420 533 186 616 21 0 1495 1095 476 1146 1033 401 169 0 163 1 215 0 23 22 101 21 93 0 17 80 4 0 2 0 21 23 0 2 11 0 0 0 30 159 132 219 29 155 0 0 134 118 37 30 47 42 0 32 47 43 47 47 47 48 47 46 47 47 47 288 0 6 20 0 406 387 0 71 22 31 27 89 331 31 8 11 5 36 5 20 189 0 5 57 52 111 0 71 0 196 281 204 3 1252 0 0 177 0 232 232 231 0 88 0 0 0 14 0 0 0 170 0 11 92 356 461 31 0 0 0 10 0 0 0 0 0 84 0 0 44 25 10 43 31 27 29 25 30 0 0 59 47 6 33 43 18 508 57 0 0 614 0
15 14 14 11 14 9 10 25 43 15 22 31 16 13 7 11 27 408 9 20 52 219 11 34 1 0 0 17 19 18 18 8 21 20 124 21 3 10 3 9 17 8 13 0 22 0 0 4 4 0 21 8 0 0 0 8 7 8 8 8 8 6 8 8 8 8 28 25 39 8 0 0 11 0 0 0 6 0 0 0 24 31 61 0 54 0 0 0 0 2 8 0 0 0 4 0 0 1 0 1 30 0 10 0 0 40 40 39 0 19 0 0 0 0 11 0 15 0 0 16 0 0 0 0 0 0 0 0 0 0 0 0 0 0 0 0 0 13 548 0 554 433 25 432 501 0 0 0 0 0 0 0 0 349 0 0 0 0 7
16 15 15 12 15 9 10 26 46 16 23 32 17 13 8 11 27 416 9 20 53 224 11 36 1 0 0 20 20 19 19 8 22 22 127 22 9 14 7 9 17 8 13 3 23 0 0 4 4 0 21 8 0 0 0 8 8 8 8 8 8 7 8 8 8 8 29 26 39 8 0 0 12 0 0 0 7 0 0 0 39 35 62 2 59 0 0 0 0 3 9 0 0 0 4 0 0 1 0 1 31 0 11 0 0 43 43 42 0 20 0 0 0 0 11 0 14 0 0 16 0 0 0 0 0 0 0 0 0 0 0 0 0 0 0 0 0 0 555 0 562 438 14 439 511 0 0 0 0 0 0 0 0 348 0 0 0 0 8
5 5 5 4 5 3 3 9 16 6 8 11 6 5 3 4 6 120 3 6 16 66 4 12 0 0 0 9 8 7 7 3 8 8 45 9 3 9 106 3 8 2 4 5 10 0 0 2 2 0 8 3 0 0 0 3 3 4 4 4 4 3 3 4 3 3 11 9 14 3 892 1014 976 0 0 0 12 0 0 0 12 14 17 14 20 0 0 0 0 0 2 0 0 0 0 0 0 0 0 0 6 0 3 0 0 15 15 14 0 6 0 0 0 0 0 0 0 0 0 5 0 0 0 0 0 0 0 0 0 0 0 0 0 0 0 0 0 0 0 0 20 0 0 80 144 0 0 0 0 0 0 0 0 0 0 0 0 0 2
19 18 18 15 18 11 15 32 55 20 28 39 20 16 9 16 27 542 12 22 71 298 15 44 2 0 0 24 26 24 24 11 28 28 169 29 9 17 8 12 24 12 19 3 31 0 0 6 6 7 31 10 0 0 0 10 10 10 10 10 11 10 10 10 10 10 37 33 60 11 0 15 16 0 0 0 11 0 0 0 33 42 59 0 65 9 0 0 3 5 12 0 0 0 7 0 0 5 0 1 41 3 13 0 0 48 48 47 0 24 0 0 0 0 0 0 18 0 0 18 0 0 0 0 0 0 0 0 0 0 0 0 0 0 0 0 418 444 870 0 864 698 419 624 685 0 0 337 0 0 0 0 0 731 422 0 0 0 9
4 4 4 3 4 2 2 7 12 4 6 9 5 3 2 3 5 107 2 4 14 59 3 9 0 0 0 3 6 6 5 2 6 5 34 7 0 4 114 2 8 2 3 0 9 0 0 2 1 0 6 3 0 0 0 3 2 3 3 3 3 2 3 3 3 3 8 7 10 2 963 1124 1087 0 0 0 12 0 0 0 9 11 14 0 16 0 0 0 0 0 0 0 0 0 0 0 0 0 0 0 4 0 3 0 0 11 11 10 0 4 0 0 0 0 2 0 0 0 0 4 0 0 0 0 0 0 0 0 0 0 0 0 0 0 0 0 0 0 0 0 0 0 0 66 128 0 0 0 0 0 0 0 0 0 0 0 0 0 2
4 4 4 3 4 2 2 7 12 4 6 8 4 3 2 3 5 105 2 4 14 58 3 9 0 0 0 2 6 6 5 2 6 5 38 7 0 6 150 2 9 2 3 2 9 0 0 2 1 0 6 3 0 0 0 3 2 3 3 3 3 2 3 3 3 3 8 7 10 2 1320 1476 1422 0 0 0 16 0 0 0 9 12 14 0 16 0 0 0 0 0 1 0 0 0 0 0 0 0 0 0 5 0 3 0 0 11 11 10 0 5 0 0 0 0 0 0 0 0 0 4 0 0 0 0 0 0 0 0 0 0 0 0 0 0 0 0 0 0 15 0 30 0 0 75 127 0 0 0 0 0 0 0 0 0 0 0 0 0 2
12 12 12 9 12 7 9 21 36 12 18 25 13 11 6 11 24 374 8 18 48 202 10 29 1 0 0 16 17 16 16 7 19 19 114 19 6 11 5 8 16 8 12 2 21 0 0 4 2 0 18 0 0 0 0 0 0 0 0 0 1 0 1 0 0 0 24 22 42 7 0 0 10 0 0 0 7 0 0 0 40 36 60 4 57 0 0 0 0 3 7 0 0 0 2 0 0 0 0 1 25 0 9 0 0 30 30 30 0 16 0 0 0 0 9 0 14 0 0 13 0 0 0 0 0 0 0 0 0 0 0 0 0 0 0 0 0 0 496 0 502 391 0 395 460 0 0 0 0 0 0 0 0 305 0 0 0 0 6
1 1 1 1 1 1 1 2 3 1 2 2 1 1 1 1 2 36 1 1 5 20 1 3 0 0 0 2 1 1 1 0 2 0 11 2 0 0 0 1 1 0 0 0 2 0 0 0 0 0 2 1 0 0 0 1 0 1 1 1 1 0 1 1 1 1 2 2 4 1 0 1 1 0 0 0 0 0 0 0 3 4 5 4 6 0 0 0 0 0 0 0 0 0 0 0 0 0 0 0 2 0 1 0 0 3 3 3 0 0 0 0 0 0 0 0 0 0 0 0 0 0 0 0 0 0 0 0 0 0 0 0 0 0 0 0 0 0 0 0 0 0 0 0 40 0 0 0 0 0 0 0 0 0 0 0 0 0 1
0 0 0 0 0 0 0 0 0 0 0 0 0 0 0 0 0 4 0 0 1 2 0 0 0 0 0 0 0 0 0 0 0 0 1 0 0 0 0 0 0 0 0 0 0 0 0 0 0 0 0 0 0 0 0 0 0 0 0 0 0 0 0 0 0 0 0 0 0 0 0 0 0 0 0 0 0 0 0 0 0 0 0 0 0 0 0 0 0 0 0 0 0 0 0 0 0 0 0 0 0 0 0 0 0 0 0 0 0 0 0 0 0 0 0 0 0 0 0 0 0 0 0 0 0 0 0 0 0 0 0 0 0 0 0 0 0 0 0 0 0 0 0 0 0 0 0 0 0 0 0 0 0 0 0 0 0 0 0
60 58 58 47 56 37 46 100 173 62 89 123 64 52 29 53 84 1700 37 69 225 937 48 138 5 0 15 103 88 81 78 36 90 105 542 92 78 83 52 38 79 39 66 42 98 0 0 19 19 32 101 32 29 29 31 33 32 32 33 33 35 33 33 33 33 32 118 104 197 35 0 59 59 0 8 5 50 0 0 307 148 172 215 127 260 173 0 0 49 26 48 0 0 0 37 183 11 37 0 6 140 35 41 11 0 149 149 150 0 80 0 0 0 14 67 71 71 0 0 0 0 0 0 0 0 0 0 0 0 0 0 0 13 0 0 22 2916 3029 3208 2180 3139 2611 2787 2101 2166 0 0 2752 435 0 0 2305 788 3278 543 19 0 0 28
115 110 109 88 107 68 91 190 327 118 169 233 122 99 56 100 171 3377 73 135 442 1854 91 263 9 0 51 203 167 152 145 69 170 204 1034 175 164 166 108 72 154 75 127 90 188 0 0 36 36 6 191 60 29 0 23 61 61 60 62 61 66 61 63 61 61 61 219 198 375 67 14 57 95 0 46 43 101 25 0 270 300 344 435 310 528 0 0 74 114 55 95 0 0 0 63 425 0 61 0 11 272 56 80 0 0 281 281 281 0 151 262 0 0 0 130 0 176 0 0 112 0 18 50 0 0 0 0 0 0 0 0 0 83 1949 0 105 2975 3454 6698 5858 6524 5473 3471 4266 4305 4822 0 953 8678 2582 5053 9000 6052 4209 5183 58 0 0 57
14 14 14 11 14 9 11 24 42 12 21 29 15 13 63 13 31 435 10 22 60 237 11 35 1 0 0 16 19 18 18 8 33 19 129 21 0 9 0 11 18 9 16 19 131 0 0 4 185 646 449 736 680 436 680 723 725 733 717 722 663 713 699 728 725 731 28 30 47 11 0 0 0 0 0 0 6 0 0 0 31 39 78 0 88 0 0 0 4 2 7 0 0 0 2 0 0 0 0 3 30 0 11 0 0 37 37 35 0 20 0 0 0 0 4 0 10 0 0 0 0 0 0 0 0 0 0 0 0 0 0 0 0 0 0 0 77 93 603 0 606 478 98 463 530 0 0 0 0 0 0 0 0 416 59 0 0 0 8
30 29 29 23 28 18 0 50 87 25 45 61 32 26 15 26 42 877 19 34 118 492 24 70 3 0 0 43 42 39 38 18 45 48 273 46 22 31 16 19 39 19 32 9 49 0 0 9 9 0 50 16 0 0 0 16 16 16 16 16 17 15 17 16 16 16 58 52 98 18 0 0 15 0 0 0 20 0 0 152 56 70 88 0 112 0 0 0 12 10 21 0 0 0 12 0 0 9 0 2 67 7 21 0 0 75 75 74 0 39 0 0 0 0 22 0 32 0 0 0 0 0 0 0 0 0 0 0 0 0 0 0 0 0 0 0 1023 1072 1513 470 1493 1222 996 1042 1114 0 0 911 0 0 0 164 0 1397 1060 0 0 0 15
60 58 57 46 56 36 48 99 172 62 88 122 64 51 29 53 92 1746 38 74 238 977 48 138 5 0 1 99 87 80 77 36 90 102 546 92 70 78 47 38 80 39 66 36 99 0 0 19 19 0 101 32 0 0 0 32 32 32 33 33 35 32 33 33 32 32 116 104 199 35 0 3 45 0 6 3 48 0 0 311 147 173 231 108 265 0 0 0 47 25 47 0 0 0 39 203 29 40 14 7 145 38 42 32 0 147 147 150 54 79 0 0 0 0 67 0 82 0 0 59 0 0 0 0 0 0 0 0 0 0 0 17 34 41 0 0 2953 3068 3271 2191 3201 2661 2824 2145 2213 4155 0 2784 368 0 1611 2298 699 3333 372 18 0 0 29
50 47 47 38 46 30 725 82 142 51 79 130 53 42 24 44 77 1434 31 63 203 819 44 113 4 0 0 77 71 65 63 29 73 82 447 76 49 59 34 31 65 32 53 24 81 0 0 15 15 0 83 26 0 0 0 27 26 26 27 27 29 26 27 27 27 26 96 85 163 29 0 12 37 0 0 0 37 0 0 0 115 137 188 60 210 0 0 0 30 19 36 0 0 0 31 162 20 32 6 5 119 31 34 22 0 121 121 124 22 65 0 0 0 0 56 0 63 0 0 49 0 0 0 0 0 0 0 0 0 0 0 0 594 0 0 0 2053 2140 2573 1295 2527 2086 1977 1727 1811 5702 0 1895 865 0 0 1100 0 2507 2146 8 0 0 24
30 29 29 23 28 18 327 49 85 31 47 74 32 25 14 26 38 842 18 32 112 467 26 68 2 0 0 43 42 39 38 17 44 47 268 46 23 31 17 19 39 19 31 10 48 0 0 9 9 0 49 16 0 0 0 16 16 16 16 16 17 15 16 16 16 16 58 51 96 17 0 4 23 0 0 0 20 0 0 150 55 69 87 0 104 0 0 0 12 10 20 0 0 0 18 93 8 19 0 3 70 18 20 9 0 73 73 73 0 38 0 0 0 0 34 0 32 0 0 28 0 0 0 0 0 0 0 0 0 0 0 0 0 0 0 0 911 957 1436 351 1419 1158 891 998 1073 0 0 800 0 0 0 0 0 1300 940 0 0 0 14
54 52 51 41 50 32 43 89 154 55 79 109 57 46 26 48 76 1551 34 62 205 854 43 123 4 0 0 87 78 71 69 32 80 91 488 83 59 68 40 34 71 35 59 30 88 0 0 17 17 1 91 29 0 0 0 29 28 29 29 29 31 29 30 29 29 29 104 93 179 31 0 25 43 0 1 0 42 0 0 278 125 148 190 74 224 0 0 0 39 22 41 0 0 0 34 181 25 35 11 6 129 34 37 28 0 132 132 133 43 71 0 0 0 0 58 0 69 0 0 51 0 0 0 0 0 0 0 0 0 0 0 0 20 0 0 0 2475 2575 2872 1738 2814 2333 2373 1900 1974 0 0 2315 1472 0 864 1711 0 2877 2598 13 0 0 26
9 8 8 0 8 5 7 14 25 9 13 18 9 7 4 8 18 252 5 13 32 135 7 20 1 0 0 6 11 11 11 5 13 10 79 13 0 1 0 5 10 5 8 0 14 0 0 3 3 0 14 5 0 0 0 5 4 5 5 5 5 4 5 5 5 5 17 15 28 5 0 0 0 0 0 0 1 0 0 0 28 17 40 0 29 0 0 0 0 0 3 0 0 0 5 17 0 4 0 1 20 4 6 0 0 22 22 22 0 11 0 0 0 0 7 0 1 0 0 9 0 0 0 0 0 0 0 0 0 0 0 0 0 0 0 0 0 0 233 0 247 174 0 234 304 0 0 0 0 0 0 0 0 0 0 0 0 0 4
15 15 14 12 14 9 12 25 43 16 22 31 16 13 7 13 30 444 9 21 63 252 12 35 1 0 0 17 20 19 19 8 22 21 136 23 1 10 3 9 19 9 15 0 25 0 0 5 5 0 25 8 0 0 0 8 8 8 8 8 9 7 8 8 8 8 29 26 49 9 0 0 11 0 0 0 7 0 0 0 26 35 60 0 65 0 0 0 0 3 8 0 0 0 9 40 0 9 0 2 36 8 10 0 0 37 37 38 0 20 0 0 0 0 15 0 10 0 0 16 0 0 0 0 0 0 0 0 0 0 0 0 0 0 0 0 24 38 603 0 608 477 49 471 544 0 0 0 0 0 0 0 0 393 0 0 0 0 7
75 45 60 22 77 0 103 217 181 59 168 165 74 56 77 0 0 8 0 0 0 4 1 62 0 23 0 0 0 0 0 0 2 0 0 0 0 0 0 0 0 21 8 0 0 0 0 20 18 0 12 11 11 0 0 11 11 11 11 11 12 11 11 11 11 11 49 0 12 2 0 12 2 0 0 0 0 0 0 12 9 16 20 10 19 9 16 0 1 0 0 0 18 0 12 0 8 53 0 3 272 0 0 0 0 6 6 5 0 4 0 0 0 0 0 0 0 0 0 25 0 0 0 0 0 0 0 45 0 0 0 0 0 25 0 56 8 8 12 6 13 13 12 9 10 0 0 8 0 0 0 2 0 12 9 0 0 0 0
849 408 516 180 597 20 49 1456 1067 462 1116 1007 392 0 542 0 344 345 343 278 604 559 116 15 0 259 242 5 0 4 0 39 23 0 3 15 0 0 0 2 288 69 36 28 105 0 61 122 98 27 54 43 43 27 42 45 44 43 46 45 58 47 46 43 45 44 254 4 67 3 0 2 4 0 211 388 169 115 192 9 395 62 114 46 81 46 65 44 0 416 21 4 241 106 56 0 359 184 121 25 1044 0 0 100 0 38 38 37 0 7 0 0 1 0 0 0 0 111 0 79 9 71 0 0 0 0 0 0 0 0 0 0 0 341 107 59 338 344 295 304 292 246 315 189 190 343 264 332 365 368 441 378 389 340 360 415 0 216 0
29 17 21 8 26 0 1 74 64 24 57 56 27 72 57 846 121 719 103 3 124 391 18 0 0 25 1 0 0 0 0 10 3 0 0 1 0 0 0 0 32 43 3 0 23 0 0 6 3 0 4 1 0 0 1 2 1 1 2 2 4 2 2 1 2 1 39 0 6 0 0 2 0 0 0 6 3 0 0 8 8 9 20 13 49 9 0 0 0 23 0 1 15 0 12 0 41 41 8 4 258 0 0 5 0 17 17 17 0 2 0 0 0 0 0 0 81 21 64 5 254 150 1093 0 0 0 0 0 0 0 0 193 0 171 1 0 1506 1563 1351 1588 1322 1361 1766 841 835 1679 1443 1520 1703 1773 2063 1755 1834 1535 1637 413 0 0 0
0 0 0 0 0 0 0 0 0 0 0 0 0 0 0 0 0 0 0 0 0 0 0 0 0 0 0 0 0 0 0 0 0 0 0 0 0 0 0 0 0 0 0 0 0 0 0 0 0 0 0 0 0 0 0 0 0 0 0 0 0 0 0 0 0 0 0 0 0 0 0 0 0 0 0 0 0 0 0 0 0 0 0 0 0 0 0 0 0 0 0 0 0 0 0 0 0 0 0 0 0 0 0 0 0 0 0 0 0 0 0 0 0 0 0 0 0 0 0 0 0 0 0 0 0 0 0 0 0 0 0 0 0 0 0 0 0 0 0 0 0 0 0 0 0 0 0 0 0 0 0 0 0 0 0 0 0 0 0
