141
0 0 0 0 0 0 0 0 0 1 1 0 0 0 0 1 1 0 0 0 0 1 1 0 0 0 0 0 0 0 0 0 0 0 0 0 0 0 0 0 0 0 0 0 0 0 0 0 0 0 0 0 0 1 0 0 0 0 0 0 0 0 0 0 0 0 0 0 0 0 0 0 0 0 0 0 0 0 0 0 0 0 0 0 0 1 0 0 0 0 0 0 0 0 0 0 0 0 0 0 0 0 0 0 0 0 0 0 0 0 0 0 0 0 0 0 0 0 0 0 0 0 0 0 0 0 0 0 0 0 0 0 0 0 0 0 0 0 0 0 0
0 0 0 0 0 0 0 0 0 0 1 0 0 0 0 1 1 0 0 0 0 1 1 1 0 0 0 0 0 0 0 0 0 0 0 0 0 0 0 0 0 0 0 0 0 0 0 0 0 0 0 0 0 1 0 0 0 0 0 0 0 0 0 0 0 0 0 0 0 0 0 0 0 0 0 0 0 0 0 0 0 0 0 0 0 1 0 0 0 0 0 0 0 0 0 0 0 0 0 0 0 0 0 0 0 0 0 0 0 0 0 0 0 0 0 0 0 0 0 0 0 0 0 0 0 0 0 0 0 0 0 0 0 0 0 0 0 0 0 1 0
1 0 0 0 0 13 0 0 0 5 5 0 0 0 0 53 53 0 3 2 1 36 33 8 1 4 37 4 0 1 815 37 23 0 0 0 0 85 0 0 28 57 7 136 18 13 3 21 276 31 33 0 1325 5 1 0 2 0 0 0 0 2 0 0 0 1 5 3 4 2 0 0 0 1 0 0 0 0 0 0 0 0 0 0 0 1 0 0 0 17 0 0 0 0 0 2 0 0 0 0 0 1 0 0 0 0 0 0 0 0 0 0 0 0 0 0 3 0 806 0 0 0 289 0 0 0 0 0 0 0 0 0 0 0 0 0 0 0 0 0 0
0 0 0 0 0 0 0 0 0 0 0 0 0 0 0 7 7 0 0 0 0 3 3 1 0 0 0 0 0 0 0 0 0 0 0 0 0 3 0 0 0 0 0 1 0 0 0 0 1 0 0 0 3 0 0 0 0 0 0 0 0 0 0 0 0 0 0 0 0 0 0 0 0 0 105 0 0 0 0 0 0 0 0 0 0 1 0 0 0 0 0 0 0 0 0 0 0 0 0 0 0 0 0 0 0 0 0 0 0 0 0 0 0 0 0 0 0 0 0 0 0 0 0 0 0 0 0 0 0 71 0 0 0 0 0 0 0 0 0 0 0
0 0 0 0 0 1 0 0 1911 0 0 0 0 0 4 16 16 0 0 0 1 75 71 18 1 37 17 35 11477 20 20 1 248 36 13 22 0 2 1 0 34 36 37 24 33 36 5 31 28 23 15 0 20 0 1 0 14 3 49 0 0 1 0 1 0 0 14 0 0 0 0 0 0 0 15 4 0 0 0 0 0 0 0 0 0 90 0 0 0 18 0 0 1 0 0 0 40 19 116 0 0 0 0 0 0 0 0 31 0 0 0 0 0 0 0 0 43 2 14 0 0 0 0 0 0 0 0 47 0 19 23 0 19 0 0 0 0 1 0 2 0
0 0 0 0 0 0 0 0 0 0 0 0 0 0 1 85 85 0 0 0 0 17 17 5 0 0 3 0 0 0 0 27 0 0 0 0 0 0 0 0 0 0 0 2 0 0 10 0 0 0 0 0 0 0 11 0 0 0 0 0 0 0 0 0 0 0 0 7 4 7 0 0 0 0 0 1 0 0 0 0 0 0 0 0 0 1 0 0 0 0 0 13 0 0 0 0 0 0 0 0 0 0 0 0 0 0 0 0 0 0 0 0 0 0 0 0 0 0 0 0 0 0 0 0 0 0 0 0 0 0 0 0 0 0 0 0 0 0 0 0 0
1 0 0 0 0 0 0 0 0 0 0 1 0 0 0 3 3 0 0 0 1 24 24 8 2 0 1 0 0 0 0 1 6 0 5 97 0 1 0 0 4 10 1 34 0 3 1 9 54 18 25 0 192 0 2 0 21 32 0 0 0 0 0 0 0 0 1 0 1 0 0 0 0 0 0 0 0 0 0 0 0 0 0 0 0 575 0 0 0 1 0 0 0 0 0 10 0 0 0 0 0 0 0 10 0 0 0 0 0 0 0 0 0 125 0 0 102 0 0 0 0 0 0 0 0 0 0 0 0 49 0 0 37 0 0 0 0 0 0 0 0
3 0 4 0 0 151 4 0 1 352 352 12 0 0 576 43 43 0 20 16 0 27 24 12 4 0 81 0 8 2 0 54 722 180 105 10 0 109 31 0 3 11 1 68 0 3 1 9 54 18 24 0 227 325 0 0 20 28 0 0 0 9 1 112 0 0 0 0 1 0 0 0 0 8 0 401 0 2 0 0 0 0 0 0 0 2614 0 0 0 562 0 5 0 0 0 0 0 0 0 1 0 15 0 13 0 0 0 0 0 22 0 0 0 5 0 0 0 3 0 0 0 0 0 0 0 0 8 324 5 161 176 0 165 6 0 6 0 5 0 0 0
0 0 0 0 0 0 0 0 0 0 0 0 88216 0 0 3 3 0 0 0 0 16 16 59417 0 0 0 0 0 0 0 1 0 0 13 3 0 0 0 0 0 0 0 0 0 0 0 0 0 0 0 0 0 0 0 0 0 0 0 0 0 0 0 0 0 0 0 0 0 0 0 0 0 0 0 0 0 0 0 0 0 0 0 0 0 3219 0 0 0 8 0 0 0 0 0 0 0 0 0 0 0 0 0 1 0 0 0 1 0 0 0 0 0 0 0 0 92 0 0 0 0 0 0 0 0 0 0 0 0 0 1 0 0 0 0 0 0 0 0 0 0
0 254 0 0 256 0 0 0 194 0 0 0 0 0 0 20 20 0 0 0 1 15 16 9 0 0 0 0 0 0 0 3 1 0 0 0 0 0 0 0 0 0 0 1 0 0 0 1 1 1 1 0 0 0 0 1 2 2 0 0 0 0 0 0 0 0 0 0 0 0 0 0 0 0 0 0 0 0 0 0 0 0 0 0 0 4822 0 0 0 5 0 0 0 0 0 0 0 0 0 2 0 0 13 4 0 0 0 5 0 0 0 0 0 0 0 0 0 0 0 0 0 0 0 0 0 0 0 10 0 0 0 0 0 0 0 0 0 0 0 0 253
0 0 0 0 0 0 0 0 0 0 0 0 0 0 0 0 0 0 0 0 0 0 0 1 0 0 0 0 0 0 0 0 0 0 0 0 0 0 0 0 0 0 0 0 0 0 13 0 0 0 0 0 0 0 14 0 0 0 0 0 0 0 0 0 1 0 0 10 6 10 0 0 0 0 0 0 0 0 0 0 0 0 0 0 0 0 0 0 0 0 0 0 0 0 0 0 0 0 0 0 0 0 0 0 0 0 0 0 0 0 0 0 0 0 0 0 0 0 0 0 0 0 0 0 0 0 0 0 0 0 0 0 0 0 0 0 0 0 0 0 0
0 0 0 0 0 1 0 0 0 0 0 0 0 0 4 35 35 0 0 0 1 55 55 18 2 0 20 0 1 16 0 6 220 13 39 13 0 14 0 0 0 1 1 8 0 1 6 1 7 2 3 0 22 0 6 0 2 4 0 0 0 3 0 0 3 0 0 4 4 5 0 0 0 1 16 0 0 0 0 0 0 0 0 0 0 13 0 0 0 16 0 2 0 0 0 0 0 0 0 0 0 0 0 0 0 0 0 27 0 0 0 0 0 0 0 0 22 0 0 0 0 0 0 0 0 0 0 0 0 1 48 0 9 0 0 0 0 0 0 0 1
0 0 0 0 0 0 0 0 0 42 42 0 0 0 0 9 9 0 0 0 0 0 0 0 0 0 0 0 0 0 0 0 0 0 2 0 0 0 0 0 0 0 0 0 0 0 0 0 0 0 0 0 0 39 0 0 0 0 0 0 0 0 0 0 0 0 0 0 0 0 0 0 0 0 0 0 0 0 0 0 0 0 0 0 0 15 0 0 0 0 0 0 0 0 0 15 0 0 0 0 0 0 0 0 0 0 0 0 0 0 0 0 0 0 0 0 0 0 0 0 0 0 0 0 0 0 0 0 0 0 0 0 0 0 0 0 0 3 0 0 0
2 0 0 1 0 2409 0 54 1 1 1 6 0 0 0 264 264 1 0 0 0 6 7 3 1 0 4 3 4 0 0 1665 1 0 0 0 0 3656 2223 0 4 4 3 11 0 0 1 4 6 5 6 1 0 0 0 0 6 7 0 0 12 3 0 0 0 3 0 0 0 0 0 0 0 8 0 0 0 0 0 4 0 0 0 0 0 23 0 0 0 3 0 0 0 0 0 0 0 0 0 0 0 10 0 0 0 0 0 0 0 223 0 0 0 0 0 0 96 0 0 0 0 0 0 0 0 0 3 0 0 0 0 0 0 0 0 0 0 0 0 0 0
0 0 0 3570 0 0 0 0 398 0 0 0 0 0 0 0 0 0 0 1 0 3 2 0 0 0 0 0 0 0 0 1926 0 0 0 0 0 0 0 0 0 0 0 0 0 0 0 0 0 0 0 0 2 0 0 0 0 0 0 0 0 0 0 0 0 0 0 0 0 0 0 0 0 0 0 13 0 0 0 0 0 0 0 0 0 0 0 0 0 0 0 0 0 0 0 0 0 0 0 0 0 0 0 0 0 0 0 0 0 0 0 0 0 0 0 0 0 0 0 0 0 0 0 0 0 0 0 0 0 0 0 0 0 0 0 0 0 0 0 0 0
0 0 0 0 0 0 0 0 0 0 0 0 0 0 0 0 0 0 0 0 0 0 0 0 0 0 0 0 0 0 0 0 0 0 0 0 0 0 0 0 0 0 0 0 0 0 0 0 0 0 0 0 0 0 0 0 0 0 0 0 0 0 0 0 0 0 0 0 0 0 0 0 0 0 0 0 0 0 0 0 0 0 0 0 0 0 0 0 0 0 0 0 0 0 0 0 0 0 0 0 0 0 0 0 0 0 0 0 0 0 0 0 0 0 0 0 0 0 0 0 0 0 0 0 0 0 0 0 0 0 0 0 0 0 0 0 0 0 0 0 0
0 0 0 0 0 0 0 0 0 0 0 0 0 0 0 0 0 0 0 0 0 0 0 0 0 0 0 0 0 0 0 0 0 0 0 0 0 0 0 0 0 0 0 0 0 0 0 0 0 0 0 0 0 0 0 0 0 0 0 0 0 0 0 0 0 0 0 0 0 0 0 0 0 0 0 0 0 0 0 0 0 0 0 0 0 0 0 0 0 0 0 0 0 0 0 0 0 0 0 0 0 0 0 0 0 0 0 0 0 0 0 0 0 0 0 0 0 0 0 0 0 0 0 0 0 0 0 0 0 0 0 0 0 0 0 0 0 0 0 0 0
0 0 0 0 0 0 0 0 0 0 0 0 0 0 0 0 0 0 0 0 0 0 0 0 0 0 0 0 0 0 0 0 0 0 0 0 0 0 0 0 0 0 0 0 0 0 0 0 0 0 0 0 0 0 0 0 0 0 0 0 0 0 0 0 0 0 0 0 0 0 0 0 0 0 0 0 0 0 0 0 0 0 0 0 0 0 0 0 0 0 0 0 0 0 0 0 0 0 0 0 0 0 0 0 0 0 0 0 0 0 0 0 0 0 0 0 0 0 0 0 0 0 0 0 0 0 0 0 0 0 0 0 0 0 0 0 0 0 0 0 0
0 0 0 0 0 3 0 0 118 0 0 21 0 1116 0 362 362 9 0 0 0 1 1 1 0 54 0 53 9 0 0 0 0 0 0 0 0 5 0 0 52 53 55 36 0 0 10 45 36 32 19 6023 1 0 5 0 18 0 0 0 264 20 450 810 0 2 18 1 0 1 6882 0 0 2 0 0 0 0 0 14 0 0 0 0 0 0 0 0 0 0 0 0 0 0 0 0 0 0 0 0 0 1 0 0 0 0 0 0 0 0 0 0 0 0 0 0 0 0 0 300 0 0 0 0 0 0 6 0 0 0 0 0 0 0 0 0 0 0 0 0 0
0 0 0 0 0 34 0 0 12 15845 15845 27 0 96 0 18 18 22 403 0 779 3 4 2 1 100 4 98 23 0 3 444 1 0 0 0 0 980 27 0 99 101 102 87 0 0 13 87 82 66 47 964 3 14626 2 0 55 16 0 777 1199 1512 2112 0 297 673 265 57 216 262 1478 0 0 5 0 0 0 10 0 44 0 0 0 0 1 0 0 0 0 0 0 0 0 0 0 5352 0 0 0 0 0 333 0 0 0 0 0 0 0 0 0 0 0 0 0 0 0 0 0 2365 0 702 0 0 0 1364 25 0 22 0 0 0 0 11 0 197 1400 0 0 0 0
0 0 0 27 0 0 0 69 25 0 0 0 10 187 50 67 67 2 12 0 0 5 4 8 1 3 0 8 5 0 0 13 0 0 0 0 0 1 0 0 9 10 8 21 0 0 32 14 17 21 28 112 15 1 34 0 29 39 0 23 58 121 0 137 9 6 0 25 19 24 4727 0 0 0 0 46 0 0 0 9 0 0 0 0 1 0 0 0 0 0 0 0 0 0 0 0 0 0 0 0 0 8 0 0 0 0 0 0 0 0 0 0 0 0 0 0 0 0 0 0 0 0 0 0 0 61 5 0 2 0 0 0 0 0 0 14 78 0 0 0 0
0 0 0 0 0 0 0 0 0 0 15 0 0 0 0 0 0 0 0 0 0 0 0 0 0 0 0 0 0 0 0 0 0 0 0 0 0 0 0 0 0 0 0 1 0 0 0 0 0 0 0 0 0 17 0 0 0 0 0 0 0 0 0 0 0 0 0 0 0 0 0 0 0 0 0 0 0 0 0 0 0 1 1 0 0 0 0 0 0 0 0 0 0 0 0 0 0 0 0 0 0 1 0 0 0 0 0 0 0 0 0 0 0 0 0 0 0 0 0 0 0 0 0 0 0 0 0 0 0 0 0 0 0 0 0 0 0 0 0 0 0
0 0 0 0 0 0 0 0 0 0 14 0 0 0 0 0 0 0 0 0 0 2 0 0 0 0 0 0 0 0 0 0 0 0 0 0 0 0 0 0 0 0 0 0 0 0 0 0 0 0 0 0 0 16 0 0 0 0 0 0 0 0 0 0 0 0 0 0 0 0 0 0 0 0 0 0 0 0 0 0 0 0 0 0 0 0 0 0 0 0 0 0 0 0 0 1 0 0 0 0 0 0 0 0 0 0 0 0 0 0 0 0 0 0 0 0 0 0 0 0 0 0 0 0 0 0 0 0 0 0 0 0 0 0 0 0 0 0 0 0 0
0 0 0 0 0 0 0 0 0 0 0 0 3 0 0 0 0 0 0 0 0 2 1 0 0 0 0 0 0 0 0 0 0 0 0 0 0 0 0 0 0 0 0 1 0 0 0 0 0 0 0 0 0 0 0 0 0 0 0 0 0 0 0 0 0 0 0 0 0 0 0 0 0 0 0 0 0 0 0 0 0 1 0 0 0 0 0 0 0 0 0 0 0 0 0 0 0 0 0 0 0 0 0 0 0 0 0 0 0 0 0 0 0 0 0 0 0 0 0 0 0 0 0 0 0 0 0 0 0 0 0 0 0 0 0 0 0 0 0 0 0
0 0 0 19 0 0 0 0 0 256 219 0 0 0 0 0 0 0 0 0 0 54 49 10 0 0 0 0 0 0 0 8 0 0 35 0 0 0 0 0 0 0 0 2 0 0 1 0 1 1 2 0 0 239 1 0 2 3 0 0 0 4 0 0 0 0 0 1 0 1 0 0 0 0 16 0 0 0 0 0 0 1 1 0 0 0 0 0 0 0 0 0 0 0 0 88 0 0 0 0 0 3 0 0 0 0 0 0 0 0 0 0 0 0 0 0 0 0 0 0 0 0 0 0 0 0 0 0 0 0 60 0 0 0 0 0 0 0 0 0 0
3 1 0 636 0 0 0 2 82 14 14 1 0 60 152 8 8 0 0 0 0 249 225 48 71 0 43 40 1 319 0 366 2 0 0 16 0 0 0 0 0 5 0 0 0 0 0 4 3 2 0 0 0 13 1 0 2 0 0 0 44 0 0 70 0 0 2 0 0 0 0 0 0 1 306 0 0 4 0 19 0 3 3 0 0 0 0 0 0 54 0 0 0 0 0 0 0 0 261 0 0 0 0 0 0 0 0 6 0 0 0 0 0 0 0 0 99 0 0 0 0 0 874 0 0 63 0 0 0 9 0 0 2 0 0 0 65 0 0 0 1
16 2 0 2464 0 0 0 0 271 1 18 0 53 0 2014 8 8 0 0 0 31 45 22 42 1575 0 0 129 0 0 0 1338 0 0 0 143 0 3 0 0 55 64 55 72 0 56 8 59 101 64 67 2 282 16 2 0 62 65 0 0 0 2 2 453 0 2 21 1 1 1 2 0 0 2 0 1963 0 21 0 101 1 7 6 0 1 1 0 0 0 192 0 2 0 0 0 27 0 0 0 0 0 30 0 0 28 0 0 0 0 0 0 0 0 0 0 0 0 0 0 0 0 0 3222 0 0 0 7 0 2 149 0 0 138 5 0 18 0 0 42 62 1
1 0 0 467 0 0 0 1 52 2 2 1 0 0 145 3 3 0 0 0 0 37 34 9 1 0 0 0 0 301 89 253 65 0 0 11 0 0 0 0 0 8 0 53 0 0 0 32 28 70 94 0 0 2 0 0 112 163 0 0 0 0 0 22 0 0 1 0 0 1 0 0 0 0 264 0 0 2 0 7 0 0 0 0 0 0 0 0 0 36 0 0 0 0 0 0 0 0 14 0 0 0 0 0 0 0 0 0 0 0 0 0 0 0 0 0 0 0 78 0 0 0 605 0 0 0 0 0 0 1 0 0 0 0 0 0 0 0 0 0 0
0 0 0 15 0 0 0 0 4 0 0 0 0 0 0 0 0 0 0 0 0 11 10 3 2 0 10 0 0 58 120 9 1 0 0 0 0 0 0 0 0 0 0 0 0 0 0 0 0 0 0 0 0 0 0 0 0 0 0 0 0 0 0 0 0 0 0 0 0 0 0 0 0 0 0 0 0 0 0 0 0 0 0 0 0 0 0 0 0 0 0 0 0 0 0 0 0 0 0 0 0 0 0 0 0 0 0 0 0 0 0 0 0 0 0 0 0 0 0 0 0 0 87 0 0 0 0 0 0 0 0 0 0 0 0 0 0 0 0 0 0
8 5 0 425 0 179 0 0 112 52 54 0 32 201 1815 53 53 1 2 1 28 1934 1745 394 1476 0 259 0 0 0 2569 302 22 15 101 1 3 14 70 0 16 17 18 40 0 19 59 26 25 37 50 5 14 50 65 0 52 70 0 0 10 382 2 555 28 0 0 50 41 48 0 0 0 2 12171 1769 0 18 0 0 2 19 17 0 2 3 0 2 3 58 0 2 0 0 0 25 0 0 2866 0 0 33 0 0 0 0 0 255 0 9 0 0 0 0 0 0 236 41 2717 0 0 0 929 0 0 10 1 0 0 75 13 0 0 0 0 51 12 135 98 9 7
6 0 0 4 0 0 1 4 2 15 16 3 10 9 408 15 15 1 2 0 4 73 86 56 14 21 339 0 0 0 0 11 0 0 3 461 0 11 0 0 23 26 23 36 0 24 4 26 49 30 35 2 150 15 3 0 33 40 0 0 7 2 14 102 0 2 0 1 0 1 2 0 7 0 0 351 0 7 0 47 1 15 13 0 2 2 12 2 2 9 0 5 0 0 0 8 0 0 0 0 0 7 0 0 0 0 0 69 0 0 0 0 0 0 0 0 504 0 2379 0 0 0 1 0 0 8 2 0 0 447 0 0 470 0 0 3 9 0 21 0 2
1 0 0 4 0 0 0 0 0 0 0 0 0 0 0 41 41 0 1 0 0 7 6 2 0 0 0 0 0 0 0 0 0 0 0 0 0 0 0 0 0 0 0 0 0 0 0 0 0 0 0 0 0 0 0 0 0 0 0 0 1 0 0 0 0 0 0 0 0 0 0 0 0 0 0 0 0 0 0 0 0 1 1 0 0 0 0 0 0 1 0 5 0 0 0 0 0 0 0 0 0 1 0 0 0 0 0 0 0 0 0 0 0 0 0 0 0 0 0 0 0 0 0 0 0 0 0 0 0 0 0 0 0 0 0 0 0 0 0 0 0
0 0 0 0 0 15 0 0 0 0 0 0 0 0 0 2 2 0 0 0 0 14 15 6 3 0 8 0 0 0 994 7 0 0 0 744 0 7 0 0 0 1 1 1 0 2 0 1 2 1 1 0 5 0 0 0 1 1 0 0 0 0 0 0 0 20 0 0 0 0 1 0 0 0 0 0 0 4 0 0 0 0 0 0 0 0 0 0 0 4 0 0 0 0 0 0 0 0 0 0 0 0 0 0 0 0 0 0 0 0 0 0 0 0 0 0 0 0 1038 0 0 0 0 0 0 0 0 0 0 658 0 0 693 0 0 0 0 0 0 0 0
4 15 67 2 0 211 66 0 0 244 258 0 1 72 633 47 47 2 2 1 23 240 217 53 9 26 67 26 65 0 30 7 165 0 3590 792 0 2 164 0 34 36 30 171 0 34 108 58 59 92 124 9 0 244 116 0 127 173 638 141 2 294 0 195 58 13 13 91 77 93 3 0 0 122 0 632 70 145 159 84 0 5 4 0 2 1 0 0 1 1372 0 1 23 0 10 133 0 0 0 0 0 39 0 42 15 0 0 59 0 31 0 0 0 16 0 0 789 53 0 0 27 57 29 26 23 0 75 3737 73 800 7307 0 767 66 0 67 0 0 90 107 5
0 0 0 0 0 3 0 0 0 3 4 0 0 18 500 176 176 0 1 0 5 72 69 23 0 1 43 2 2 0 0 6 4 0 0 0 0 0 0 0 5 8 6 17 0 7 210 9 16 13 16 1 28 0 221 0 15 20 0 0 13 100 0 129 121 0 2 182 153 176 3 0 0 0 0 489 0 0 0 34 0 1 2 0 0 0 0 0 0 4 0 0 0 0 0 3 0 0 0 0 0 5 0 0 0 0 0 40 0 0 0 0 0 0 0 0 26 0 0 0 0 0 0 0 0 15 1 0 0 0 2301 0 0 0 0 2 14 0 0 0 1
10 0 19 4 0 7 0 0 0 1 1 0 1 11 0 111 111 0 0 0 0 2 2 2 1 0 0 0 0 0 0 4 0 0 16 0 0 6 0 0 0 0 0 3 0 0 0 0 0 0 0 0 0 1 0 0 0 0 0 2 26 15 9 9 0 0 0 0 0 0 2 0 0 0 1 0 17 20 154 0 0 0 0 0 1 0 0 0 0 13 0 0 0 0 0 0 0 0 0 18 0 0 0 0 0 0 0 0 0 0 0 0 0 0 0 0 0 0 0 0 0 0 7 0 0 37 0 0 0 3261 10 0 3421 0 0 0 35 0 1 0 0
45 1 139 27 1 9898 143 3756 42 79 79 323 1 312 2829 289 289 30 189 237 334 109 85 39 29 50 61 52 56 0 217 6383 131 21 37 39 0 14304 9572 10 72 85 65 144 44 68 15 68 178 66 62 18 610 73 10 0 49 42 0 4231 1422 586 93 908 0 45 21 8 12 22 15 0 2755 140 0 2783 129 103 3420 0 1 0 1 1 29 57232 1 0 0 23 0 17530 70 2243 0 0 0 0 0 59 0 166 0 0 0 0 0 183 0 972 627 0 0 0 0 0 571 0 176 5 10 807 36 8 7 2076 65 2 60 34 21 8 39 62 10 140 2084 0 0 196 19
0 0 0 0 0 141 0 0 0 168 169 0 0 0 0 17 17 0 0 0 0 0 0 0 0 0 0 4 0 0 0 0 0 0 8 0 0 0 137 0 4 10 1 24 0 0 0 4 48 6 7 0 238 155 0 0 2 2 0 0 0 1 0 0 0 0 0 0 0 0 1 0 0 0 0 0 0 0 0 0 0 0 0 0 0 0 0 0 0 1 0 0 0 0 0 27 0 0 0 0 0 18 0 0 0 0 0 0 0 2 0 0 0 0 0 0 0 0 0 0 8 0 8 7 4 0 0 0 0 0 0 0 0 0 0 0 0 0 0 0 0
1026 1 10 75 0 956 24 0 23 138 138 40 1 0 511 47 47 3 3 0 128 93 90 32 43 25 111 25 21 0 280 46 131 0 31 37 0 0 0 850 25 45 25 121 0 25 234 43 140 62 77 4 459 131 257 0 68 89 0 191 462 422 65 164 99 9 0 203 195 200 9 0 0 138 0 509 0 24 0 0 1 14 12 13 2 2 12 1 2 38 0 0 0 0 0 0 0 0 0 0 0 66 0 0 0 0 0 99 0 118 0 0 14 0 0 0 138 0 263 39 9 192 277 8 6 714 22 1 20 25 11 0 20 16 0 77 714 0 115 0 2
4521 12 44 36 12 158 43 102 31 177 177 96 3 161 32 134 134 3 75 56 68 170 180 69 246 198 414 194 189 187 86 39 169 9 286 6 0 232 0 0 203 202 206 164 178 205 300 190 195 169 151 142 219 169 315 0 150 127 6 75 160 168 0 132 162 22 0 236 191 237 12 0 24 505 194 29 36 52 0 260 122 953 880 909 160 220 834 9 139 31 0 57 207 0 225 163 0 0 0 30 0 35 0 178 214 0 0 75 76 359 0 0 511 472 0 0 0 0 64 92 5 29 37 4 3 210 217 0 215 0 31 0 0 212 0 247 209 470 262 24 14
0 2 0 0 0 10 0 0 2 2 2 0 0 0 41 35 35 0 0 0 0 3 3 1 1 156 0 149 1 0 0 1 0 0 0 0 0 0 0 0 0 152 57 59 153 131 0 132 101 93 43 0 0 89 5 0 54 3 0 0 0 0 0 0 3 4 65 6 7 6 0 0 0 0 0 0 0 2 0 0 1 17 62 0 1 3 0 1 2 37 0 0 0 0 0 0 0 0 0 0 0 0 0 0 0 0 0 0 0 0 0 0 0 0 0 0 0 0 0 0 0 0 0 0 0 0 0 0 0 0 0 0 0 0 0 0 0 0 0 0 2
0 0 0 0 0 0 0 0 0 0 0 0 0 0 0 0 0 0 0 0 0 0 0 0 0 0 0 0 0 0 0 0 0 0 0 0 0 0 0 0 0 0 0 0 0 0 0 0 0 0 0 0 0 0 0 0 0 0 0 0 0 0 0 0 0 0 0 0 0 0 0 0 0 0 0 0 0 0 0 0 0 0 0 0 0 0 0 0 0 0 0 0 0 0 0 0 0 0 0 0 0 0 0 0 0 0 0 0 0 0 0 0 0 0 0 0 0 0 0 0 0 0 0 0 0 0 0 0 0 0 0 0 0 0 0 0 0 0 0 0 0
0 0 0 0 0 0 0 0 0 0 0 0 0 0 0 0 0 0 0 0 0 0 0 0 0 102 0 100 0 0 0 0 0 0 0 0 0 0 0 0 0 102 0 36 100 81 0 88 67 62 24 0 0 0 2 0 35 1 0 0 0 0 0 0 0 0 41 0 0 0 0 0 0 0 0 0 0 8 0 1 0 0 0 0 0 0 0 0 0 0 0 0 0 0 0 0 0 0 0 0 0 0 0 0 1048 0 0 0 0 0 0 743 0 0 0 0 0 0 0 0 0 0 0 0 0 0 0 0 0 0 0 0 0 0 0 0 0 0 0 0 0
0 0 0 0 0 0 0 0 0 0 0 0 0 0 0 9 9 0 0 0 0 0 0 0 0 4 0 0 0 0 0 0 0 0 0 0 0 0 0 0 0 6 0 0 0 0 0 5 3 3 0 0 0 0 0 0 2 0 0 0 0 0 0 0 0 0 0 0 0 0 0 0 0 0 0 0 0 0 0 0 0 0 0 0 0 0 0 0 0 0 0 0 0 0 0 0 0 0 0 0 0 0 0 0 0 0 0 0 0 0 0 0 0 0 0 0 0 0 0 0 0 0 0 0 0 0 0 0 0 0 0 0 0 0 0 0 0 0 0 0 0
26 3 0 24 0 64 0 32 10 15 16 57 1 41 115 82 82 2 7 16 12 60 65 28 28 0 22 1 98 57 41 45 65 24 16 64 0 65 32 0 0 5 0 13 0 0 0 8 9 9 0 8 0 10 12 0 13 17 0 1 115 19 49 48 81 82 62 33 88 58 533 0 0 114 0 0 0 22 28 293 0 0 0 0 30772 0 0 0 0 193 0 38327 110 0 63 158 0 0 16 227 0 0 0 364 0 0 0 107 0 80 0 0 0 0 0 0 236 0 24 16 0 0 50 0 0 110 114 25 109 48 0 0 50 109 0 111 113 18 68 0 5
0 0 0 0 0 4 0 0 641 0 0 0 0 6120 0 2 2 77 89 255 134 0 0 0 0 19 0 18 0 0 0 5 0 0 0 0 0 8 0 0 0 31 0 113 23 0 0 23 84 17 0 0 0 0 7 0 9 2 0 4417 7134 7992 3662 4582 5 0 9 7 6 6 1 0 0 0 0 0 0 1 0 1 0 0 0 0 2 0 0 0 0 0 0 0 0 0 0 0 0 0 0 0 0 0 0 0 0 0 0 0 0 0 0 0 0 0 0 0 0 0 0 3740 0 5079 0 0 0 11027 0 0 0 0 0 0 0 0 0 1040 11054 0 0 0 0
0 0 0 0 0 0 0 0 0 0 0 0 0 0 0 0 0 0 0 0 0 0 0 0 0 996 0 966 0 0 0 0 0 0 0 0 0 1 0 0 946 946 989 396 969 966 0 814 623 576 341 0 6 0 20 0 328 7 0 0 0 1 1 0 1 0 383 0 0 0 0 0 0 1 0 0 0 0 0 0 0 0 0 0 0 0 0 0 0 0 0 0 0 0 0 0 0 0 0 0 0 0 0 0 0 0 0 0 0 0 0 0 0 0 0 0 0 0 0 0 0 0 0 0 0 0 0 0 0 0 0 0 0 0 0 0 0 0 0 0 0
0 0 0 0 0 0 0 0 0 0 0 0 0 0 0 0 0 0 0 0 0 0 0 0 0 0 0 0 0 0 0 0 0 0 0 0 0 0 0 0 0 0 0 0 0 0 0 0 0 0 0 0 0 0 0 0 0 0 0 0 0 0 0 0 0 0 0 0 0 0 0 0 0 0 0 0 0 0 0 0 0 0 0 0 0 0 0 0 0 0 0 0 0 0 0 0 0 0 0 0 0 0 0 0 0 0 0 0 0 0 0 0 0 0 0 0 0 0 0 0 0 0 0 0 0 0 0 0 0 0 0 0 0 0 0 0 0 0 0 0 0
0 0 0 0 0 0 0 0 0 0 0 0 0 0 0 0 0 0 0 0 0 0 0 0 0 0 0 0 0 0 0 0 0 0 0 0 0 0 0 0 0 0 0 0 0 0 0 0 0 0 0 0 0 0 0 0 0 0 0 0 0 0 0 0 0 0 0 1 0 1 0 0 0 0 0 0 0 0 0 0 0 0 0 0 0 0 0 0 0 0 0 0 0 0 0 0 0 0 0 0 0 0 0 0 0 0 0 0 0 0 0 0 0 0 0 0 0 0 0 0 0 0 0 0 0 0 0 0 0 0 0 0 0 0 0 0 0 0 0 0 0
0 0 0 0 0 0 0 0 0 0 0 0 0 0 0 7 7 0 0 0 0 0 0 0 0 0 0 0 0 0 0 0 0 0 0 0 0 0 0 0 0 0 0 0 0 0 0 0 0 0 0 0 0 0 0 0 0 0 0 0 0 0 0 0 0 0 0 0 0 0 0 0 0 0 0 0 0 0 0 0 0 0 0 0 2 0 0 0 0 7 0 0 0 0 0 0 0 0 0 0 0 0 0 0 0 0 0 0 0 0 0 0 0 0 0 0 0 0 0 0 0 0 0 0 0 0 0 0 0 0 0 0 0 0 0 0 0 0 0 0 0
0 0 0 0 0 0 0 0 0 0 0 0 0 0 0 2 2 0 0 0 0 0 0 0 0 11 0 0 0 0 0 0 0 0 0 0 0 0 0 0 0 13 0 3 0 0 0 11 8 7 0 0 0 0 0 0 4 0 0 0 0 0 0 0 0 0 4 0 0 0 0 0 0 0 0 0 0 0 0 0 0 0 0 0 0 0 0 0 0 0 0 0 0 0 0 0 0 0 0 0 0 0 0 0 0 0 0 0 0 0 0 0 0 0 0 0 0 0 0 0 0 0 0 0 0 0 0 0 0 0 0 0 0 0 0 0 0 0 0 0 0
0 0 0 0 0 0 0 0 0 0 0 0 0 0 0 0 0 0 0 0 0 0 0 0 0 0 0 0 0 0 0 0 0 0 0 0 0 0 0 0 0 0 0 0 0 0 0 0 0 0 0 0 0 0 0 0 0 0 0 0 0 0 0 0 0 0 0 0 0 0 0 0 0 0 0 0 0 0 0 0 0 0 0 0 0 0 0 0 0 0 0 0 0 0 0 0 0 0 0 0 0 0 0 0 0 0 0 0 0 0 0 0 0 0 0 0 0 0 0 0 0 0 0 0 0 0 0 0 0 0 0 0 0 0 0 0 0 0 0 0 0
12 0 0 0 0 72 0 0 1 1 1 0 0 3 0 266 266 1 0 0 0 5 4 1 0 4 0 4 0 0 0 0 0 9 0 137 0 0 0 0 103 172 10 2786 62 61 0 129 402 179 159 2 0 0 0 36 74 107 19468 0 0 0 0 0 1 0 0 3 5 5 3 0 0 149 0 0 53 1 229 0 0 0 0 0 0 0 0 0 0 7 0 0 0 0 0 0 0 0 0 0 0 0 0 0 0 0 0 0 0 0 0 0 0 0 0 0 0 0 0 0 0 0 0 0 0 0 0 0 0 31 0 0 68 0 0 0 0 0 55 0 0
0 0 0 0 0 0 0 0 0 0 0 0 0 0 0 9 9 0 0 0 0 0 0 0 0 0 0 0 0 0 0 0 0 0 1 0 0 0 0 0 0 14 0 39 0 2 0 7 75 13 17 0 367 0 0 0 10 14 0 0 0 0 0 1 0 0 0 0 1 0 2 0 0 0 0 0 0 0 0 0 0 0 0 0 0 0 0 0 0 0 0 0 0 0 0 0 0 0 0 0 0 0 0 0 0 0 0 0 0 0 0 0 0 0 0 0 0 0 0 0 0 0 0 0 0 0 0 0 0 0 0 0 0 0 0 0 0 0 0 0 0
2 1 0 0 0 0 0 0 0 0 0 0 0 3 13 81 81 0 0 0 0 1 0 0 0 0 0 0 0 0 0 0 0 0 0 0 0 1 0 0 0 11 0 29 0 0 0 5 54 10 13 0 269 0 0 0 7 10 0 0 0 0 0 0 1 0 1 0 1 0 1 0 0 0 0 0 0 0 0 0 0 0 1 1 0 0 0 0 0 0 0 0 0 0 0 0 0 0 0 0 0 0 0 0 0 0 0 0 0 0 0 0 0 0 0 0 0 0 0 0 0 0 0 0 0 0 0 0 0 0 0 0 0 0 0 0 0 0 0 0 0
356 116 116 138 113 799 85 90 366 0 1 243 14 2493 316 578 578 20 684 1134 424 595 564 156 187 2965 85 2706 465 481 548 992 1814 1261 220 86 1309 2190 841 235 3158 3175 3008 6024 3042 3090 21349 4720 3965 7025 9176 407 0 364 23187 0 9557 12615 2015 1069 804 540 397 1994 12104 458 3111 18387 15462 17788 104 104 185 1119 515 244 160 240 191 683 24 15 98 31 45 18 41 15 12 767 326 2 438 30 136 40 0 0 0 386 0 195 0 56 88 0 0 384 0 106 0 134 0 0 0 0 0 0 579 327 0 1058 246 0 0 591 537 1426 535 98 218 0 67 536 0 453 592 227 871 468 119
0 0 0 0 0 0 0 0 0 0 0 0 0 0 0 0 0 0 0 0 0 0 0 0 0 0 0 0 0 0 0 0 0 0 0 0 0 0 0 0 0 0 0 0 0 0 0 0 0 0 0 0 0 0 0 0 0 0 0 0 0 0 0 0 0 0 0 0 0 0 0 0 0 0 0 0 0 0 0 0 0 0 0 0 0 0 0 0 0 0 0 0 0 0 0 0 0 0 0 0 0 0 0 0 0 0 0 0 0 0 0 0 0 0 0 0 0 0 0 0 0 0 0 0 0 0 0 0 0 0 0 0 0 0 0 0 0 0 0 0 0
0 0 0 0 0 0 0 0 0 0 0 0 0 0 0 0 0 0 0 0 0 0 0 0 0 0 0 0 0 0 0 0 0 0 0 0 0 0 0 0 0 0 0 0 0 0 0 0 0 0 0 0 0 0 0 0 0 0 0 0 0 0 0 0 0 0 0 0 0 0 0 0 0 0 0 0 0 0 0 0 0 0 0 0 0 0 0 0 0 0 0 0 0 0 0 0 0 0 0 0 0 0 0 0 0 0 0 0 0 0 0 0 0 0 0 0 0 0 0 0 0 0 0 0 0 0 0 0 0 0 0 0 0 0 0 0 0 0 0 0 0
118 2 452 336 0 303 482 362 76 9 9 156 2 299 2037 1460 1460 10 375 269 264 124 110 42 132 156 168 152 120 288 485 217 167 0 40 421 226 75 113 0 173 186 158 612 97 170 155 179 240 190 189 223 0 11 153 0 174 182 0 539 176 189 129 711 24 100 72 126 130 152 113 0 286 1469 69 2019 479 417 490 190 3 28 25 25 8 5 24 3 4 33 0 3 100 0 250 14 0 0 9 78 0 454 0 34 61 0 0 143 0 71 0 0 0 47 0 0 225 0 446 112 452 652 458 450 448 115 141 26 136 401 51 421 411 133 414 158 114 0 1078 38 4
4 765 72 1 765 90 72 102 591 0 0 152 0 126 1802 722 722 18 184 0 0 42 22 8 8 11 24 9 1 20 366 69 8 0 2 0 0 149 0 0 13 16 11 73 0 0 1 21 79 34 45 6 95 0 1 0 44 60 0 0 43 16 0 27 0 0 0 0 0 0 0 0 0 326 0 1578 37 62 0 0 1 5 4 0 2 1 4 0 0 17 0 2 0 0 0 0 0 0 0 0 0 71 0 0 0 0 0 2 0 0 0 0 0 2 0 0 149 0 345 0 0 3972 48 0 0 0 1 0 0 0 0 0 0 0 0 4 1 0 199 0 350
0 0 1 0 0 0 1 2 0 0 0 0 0 0 0 4 4 2 0 0 0 15 15 5 0 0 4 0 0 0 0 0 1 0 0 0 0 1 0 0 0 0 0 1 0 0 0 0 0 0 0 0 0 0 2 0 0 0 0 0 0 0 0 0 0 0 0 0 0 0 0 0 0 6 0 0 0 0 0 0 0 2 1 0 0 0 0 0 0 0 0 0 0 0 0 0 0 0 0 0 0 0 0 0 0 0 0 0 0 0 0 0 0 0 0 0 0 0 0 0 0 0 0 0 0 443 0 0 0 0 0 0 0 0 0 0 456 0 0 0 0
0 0 0 0 0 0 0 0 0 0 0 0 0 0 0 1 1 0 0 0 0 0 0 0 0 0 0 0 0 0 0 0 0 0 0 0 0 0 0 0 0 0 0 0 0 0 0 0 0 0 0 0 0 0 0 0 0 0 0 0 7 0 0 0 0 0 0 0 0 0 0 0 0 0 0 0 0 0 0 0 0 0 0 0 0 0 0 0 0 0 0 0 0 0 0 0 0 0 0 0 0 0 0 0 0 0 0 0 0 0 0 0 0 0 0 0 0 0 0 0 0 0 0 0 0 0 0 0 0 0 0 0 0 0 0 13 12 0 0 0 0
279 0 0 0 0 0 0 0 5 2 2 1 0 38 0 37 37 55 0 0 102 2 2 1 0 5 0 5 13420 0 0 0 0 0 6 0 0 13 0 156 8 15 6 75 0 0 0 7 10 5 5 3 1 2 0 0 2 0 0 13 79 64 0 0 0 0 0 0 0 0 0 0 3111 25 0 0 0 3 0 0 2 15 14 15 4 5 14 0 0 5 0 3 10220 2078 0 0 0 0 0 0 0 22 0 0 0 0 0 0 0 0 0 0 0 0 0 0 0 0 0 5029 0 0 0 0 0 0 15956 0 15941 0 0 0 0 15982 0 10508 0 0 0 0 0
1 1 22 0 0 50 22 0 176 0 0 19 0 1670 518 30 30 18 0 449 0 9 4 2 3 0 0 0 128 0 0 19 0 0 0 0 0 41 0 0 3 15 12 36 0 0 14 12 25 11 10 1 33 0 10 0 8 6 0 0 805 2996 861 0 0 0 1455 3 8 0 50 0 0 181 0 494 0 6 0 0 1 3 21 22 3 3 20 0 0 0 0 0 40 0 0 0 0 0 0 0 0 9 0 0 0 0 0 0 0 0 0 0 0 0 0 0 92 0 0 850 0 343 0 0 0 965 149 0 141 0 0 0 0 131 0 470 955 0 120 0 0
2 0 418 68 0 39 422 225 20 6 0 0 2 112 0 2882 2882 8 7 0 0 4 5 4 2 0 1 0 0 0 10 38 8 0 0 0 108 1 0 0 0 2 0 20 0 0 0 1 2 2 2 12 0 5 0 0 2 2 0 15 33 19 318 18 0 0 0 0 0 0 55 0 317 2 0 0 419 625 117 0 1 12 10 11 3 2 9 0 0 6 0 10 0 0 103 0 0 0 0 0 0 2 0 0 0 0 20 0 0 0 0 0 0 0 0 0 2 0 0 254 0 0 0 0 0 37 0 0 0 0 0 0 0 0 0 0 43 0 0 0 0
3 0 0 0 0 1 0 1860 7 2 2 21 0 0 0 12 12 1 0 0 0 1 1 0 0 1 0 1 0 0 0 0 0 0 0 0 0 0 0 0 0 3 1 11 0 1 0 5 11 9 13 0 39 1 0 0 12 18 0 0 104 107 1 25 0 0 1 0 0 0 957 0 0 6 0 0 0 0 1708 0 1 1 1 0 14 0 0 0 0 0 0 1 0 0 0 0 0 0 0 0 0 0 0 0 0 0 0 0 0 0 0 0 0 0 0 0 0 0 0 0 0 0 0 0 0 157 0 0 0 0 0 0 0 0 0 13 159 0 0 0 0
239 0 0 12 0 91 0 576 12 3 3 0 4 96 0 295 295 2 0 0 0 1 1 3 11 0 0 0 0 90 3 7 109 0 0 1 0 10 79 149 0 0 0 2 0 0 0 0 3 1 0 6 0 2 0 0 1 1 0 136 57 233 0 0 0 0 0 0 0 0 0 0 0 0 0 0 0 0 526 0 1 10 9 0 5 2 0 0 0 2 0 0 0 0 50 0 0 0 0 0 0 0 0 0 0 0 0 0 0 0 0 0 0 0 0 0 0 0 0 0 0 135 0 0 0 83 0 0 0 0 0 0 0 0 0 29 85 0 0 0 0
6 0 0 0 0 0 0 1 1 1 0 0 0 10 0 32 32 1 0 0 0 0 0 0 0 0 0 0 0 0 0 0 0 0 0 0 0 0 0 0 0 0 0 1 0 0 0 0 0 0 1 0 0 0 0 0 1 1 0 0 12 0 1 0 1 0 0 0 0 0 0 0 73 1 0 0 0 0 0 0 0 24 1 0 0 0 0 0 0 0 0 0 0 0 0 0 0 0 0 0 0 0 0 0 0 0 0 0 0 0 0 0 0 0 0 0 0 0 0 0 0 0 0 0 0 7 0 0 0 0 0 0 0 0 0 0 14 0 0 0 0
18 0 0 0 0 0 0 0 0 3 0 0 0 0 0 79 79 2 1 0 0 0 0 0 0 0 0 0 0 0 0 1 1 0 0 0 0 2 0 0 0 0 0 0 0 0 0 0 0 0 0 20 0 0 0 0 1 0 0 2 3 9 4 0 0 0 0 0 0 0 0 0 178 1 0 0 0 0 0 0 1 11 10 0 1 2 0 0 0 0 0 1 0 0 175 0 0 0 0 0 0 0 0 0 0 0 0 0 0 0 0 0 0 0 0 0 18 0 0 0 0 0 0 0 0 0 0 0 0 0 0 0 0 0 0 0 0 0 0 0 0
4 0 0 0 0 0 0 156 8 1 0 0 0 75 0 20 20 1 0 0 0 0 0 0 0 0 0 0 0 0 0 0 0 0 0 0 0 0 0 0 0 0 0 0 0 0 0 0 0 0 0 0 0 0 0 0 0 0 0 6 44 71 3 46 0 0 0 0 0 0 0 0 0 0 0 0 0 0 133 0 9 739 145 150 13 16 136 0 0 0 0 0 0 0 0 0 0 0 0 0 0 0 0 0 0 0 0 0 0 0 0 0 0 0 0 0 0 0 0 0 0 0 0 0 0 57 0 0 0 0 0 0 0 0 0 6 64 0 0 0 0
0 0 28 0 0 0 34 6 1 0 0 151 0 3 0 206 206 2 0 0 0 0 0 0 0 3 0 3 4483 0 0 0 0 0 0 0 0 0 0 0 1 3 3 4 0 0 0 3 2 2 1 8 0 0 0 0 1 0 0 0 6 1 9 0 0 0 2 0 1 1 0 0 0 179 0 0 35 41 0 0 0 2 5 3 0 0 6 0 0 1 0 3 3411 0 0 0 0 0 0 0 0 8 0 0 0 0 0 0 0 0 0 0 0 0 0 0 0 0 0 0 0 0 0 0 0 1 5331 0 5327 0 0 0 0 5341 0 3510 2 0 132 0 0
107 5 1241 1787 4 772 1241 537 317 177 177 6641 7 1061 0 2783 2783 80 1206 915 865 147 158 67 402 452 142 447 456 346 1104 1221 380 27 115 276 1227 567 727 18 452 452 457 475 396 453 59 404 387 331 259 639 249 164 17 0 256 149 760 561 1092 204 864 834 1367 2059 869 189 672 789 2395 0 4996 26 356 0 1217 1398 486 746 50 618 632 652 68 91 600 90 103 66 238 244 365 4543 178 221 0 0 0 0 0 823 0 329 64 0 0 267 0 226 0 3 12 201 0 0 802 0 1060 747 694 539 491 690 690 1173 534 8 524 257 150 698 273 530 701 454 1181 0 9 53 8
48 8 357 85 5 181 357 141 56 27 27 232 1 331 0 5004 5004 10 781 493 680 51 52 20 21 198 48 193 280 46 0 117 63 10 10 11 0 150 159 0 193 193 200 133 126 197 53 170 150 130 92 347 73 26 35 0 88 35 0 132 201 184 0 29 0 170 70 0 0 48 114 0 0 1 52 0 336 538 27 176 242 2393 1109 1145 317 435 1050 158 181 109 0 45 235 0 0 14 0 0 0 123 0 530 0 37 65 0 0 38 0 50 0 0 0 20 0 0 0 4 8 217 339 261 218 337 337 236 331 53 326 4 0 343 7 330 345 303 240 0 0 0 8
1 2 0 33 2 23 0 0 6 4 4 0 3 0 0 82 82 1 0 0 4 12 13 6 43 0 0 0 1 0 37 28 39 0 20 0 0 18 0 0 0 0 0 1 0 0 0 0 1 0 0 0 0 4 0 0 0 0 0 0 0 0 0 0 0 0 0 0 0 0 0 0 0 0 15 0 0 0 0 0 1 8 7 5 3 5 24 3 3 1 0 0 0 0 0 0 0 0 0 0 0 0 0 0 0 0 0 0 0 0 0 0 0 12 9 0 658 6 0 0 0 0 2 0 0 0 0 0 0 0 0 0 0 0 0 0 0 0 0 0 3
3 4 366 0 0 185 366 52 11 6 6 0 0 48 29 1495 1495 10 157 209 299 49 47 14 0 0 91 0 513 0 15 105 140 11 37 0 50 247 76 0 97 99 97 108 27 97 14 91 99 81 70 59 113 6 5 0 68 53 0 294 104 62 65 41 486 0 266 116 355 860 615 0 0 0 0 0 361 398 14 97 3 31 27 28 3 4 26 4 5 456 0 34 717 0 286 415 0 0 0 688 0 237 0 621 0 0 0 0 0 167 0 0 39 0 0 0 0 0 72 39 165 344 160 164 163 43 868 0 865 0 15 163 0 868 163 649 45 48 29 51 4
1 0 45 26 0 0 45 0 7 4 4 76 6 35 0 25 25 2 3 3 0 31 38 25 29 262 0 257 247 0 0 17 87 0 0 2 0 9 0 0 369 405 417 223 298 409 64 354 332 274 195 10 309 4 9 0 185 75 0 0 19 26 37 0 9 36 160 12 11 12 3 80 18 2 11 0 0 8 167 279 2 23 22 23 4 4 21 3 4 41 55 0 100 0 5 0 0 0 0 60 0 25 0 0 0 0 276 110 0 0 0 0 0 0 0 0 208 0 0 0 0 0 41 0 0 1 284 0 283 0 0 0 0 233 0 145 0 0 45 0 1
8 18 2293 0 18 127 2294 182 16 35 35 19 1 22 176 565 565 1 58 78 116 10 10 6 6 26 18 25 24 6 3 32 3 0 5 0 0 70 98 0 25 26 27 13 23 26 4 22 22 17 11 113 0 32 2 0 14 2 0 0 39 55 63 38 0 5 11 1 2 3 0 0 0 86 0 131 0 157 0 171 0 2 2 1 2 1 5 0 0 4 0 0 0 0 0 26 0 0 0 0 101 49 0 15 63 0 0 12 0 37 0 16 0 0 0 0 35 0 0 14 0 0 0 0 0 0 27 0 27 0 0 0 0 13 0 76 0 0 57 0 18
1 3 0 0 2 1 1 0 2 16 16 0 0 0 7 394 394 0 1 0 1 2 2 0 0 0 0 0 31 0 0 0 0 0 0 0 0 0 0 0 0 1 0 1 0 0 0 1 1 0 0 3 0 15 0 0 0 0 0 0 0 1 0 0 0 0 0 0 0 0 0 0 0 7 0 0 0 0 0 0 0 0 0 0 0 0 0 0 0 15 0 0 12 0 0 81 0 0 0 0 0 0 0 126 315 0 0 0 0 0 0 148 0 0 0 0 0 0 0 0 0 0 0 0 0 0 37 0 36 0 0 0 0 33 0 30 0 0 0 0 3
476 7 202 5 5 136 203 1101 64 17 18 57 1 498 3 707 707 6 96 70 12 119 121 42 46 6 114 7 9 35 66 35 42 0 353 0 0 86 17 365 8 11 12 35 0 3 4 12 17 11 12 14 0 17 7 0 12 14 0 86 776 96 94 396 0 0 0 5 11 0 242 0 0 60 0 0 28 85 0 304 2 11 18 19 11 4 17 0 1 0 0 4 0 0 35 0 0 0 0 8 0 37 0 286 130 0 0 105 0 48 0 0 86 187 0 0 0 10 43 73 6 184 34 4 4 1182 7 0 3 9 507 2 12 4 2 84 1187 191 144 169 8
0 24457 0 0 24493 458 0 7 18446 0 0 154 0 0 0 6 6 2 0 0 0 4 5 2 1 0 0 0 135 0 0 304 0 0 0 0 540 684 129 0 1 1 0 20 0 0 0 1 7 1 1 0 0 0 0 0 0 0 0 282 1 2 2 1 1149 4333 1408 374 1439 1719 10170 0 0 1 0 0 0 0 0 0 2 26 24 25 3 4 23 0 4 0 0 2 111 0 0 0 0 0 0 459 0 0 0 0 0 0 0 0 0 15 0 0 0 0 0 0 0 0 0 0 0 286 0 0 0 0 159 0 154 0 0 0 0 153 0 101 0 0 0 0 24155
0 0 0 0 0 0 0 0 0 0 0 0 0 0 0 0 0 0 0 0 0 0 0 0 0 0 0 0 0 0 0 0 0 0 0 0 0 0 0 0 0 0 0 0 0 0 0 0 0 0 0 0 0 0 0 0 0 0 0 0 0 0 0 0 0 0 0 0 0 0 0 0 0 0 0 0 0 0 0 0 0 0 0 0 0 0 0 0 0 0 0 0 0 0 0 0 0 0 0 0 0 0 0 0 0 0 0 0 0 0 0 0 0 0 0 0 0 0 0 0 0 0 0 0 0 0 0 0 0 0 0 0 0 0 0 0 0 0 0 0 0
0 0 0 0 0 0 0 0 0 0 0 0 0 0 0 0 0 0 0 0 0 0 0 0 0 0 0 0 0 0 0 0 0 0 0 0 0 0 0 0 0 0 0 0 0 0 0 0 0 0 0 0 0 0 0 0 0 0 0 0 0 0 0 0 0 0 0 0 0 0 0 0 0 0 0 0 0 0 0 0 0 0 0 0 0 0 0 0 0 0 0 0 0 0 0 0 0 0 0 0 0 0 0 0 0 0 0 0 0 0 0 0 0 0 0 0 0 0 0 0 0 0 0 0 0 0 0 0 0 0 0 0 0 0 0 0 0 0 0 0 0
0 0 0 0 0 0 0 0 0 0 0 0 0 0 0 0 0 0 0 0 0 0 0 0 0 0 0 0 0 0 0 0 0 0 0 0 0 0 0 0 0 0 0 0 0 0 0 0 0 0 0 0 0 0 0 0 0 0 0 0 0 0 0 0 0 0 0 0 0 0 0 0 0 0 0 0 0 0 0 0 0 0 0 0 0 0 0 0 0 5 0 0 0 0 0 0 0 0 0 8 0 0 0 0 0 0 0 0 0 0 0 0 0 0 0 0 0 0 0 0 0 0 0 0 0 0 0 0 0 0 0 0 0 0 0 0 0 0 0 0 0
0 0 0 0 0 0 0 0 0 0 0 0 0 0 0 0 0 0 0 0 0 0 0 0 0 0 0 0 0 0 0 0 0 0 0 0 0 0 0 0 0 0 0 0 0 0 0 0 0 0 0 0 0 0 0 0 0 0 0 0 0 0 0 0 0 0 0 0 0 0 0 0 0 0 0 0 0 0 0 0 0 0 0 0 0 0 0 0 0 0 0 0 0 0 0 0 0 0 0 0 0 0 0 0 0 0 0 0 0 0 0 0 0 0 0 0 0 0 0 0 0 0 0 0 0 0 0 0 0 0 0 0 0 0 0 0 0 0 0 0 0
0 0 0 0 0 0 0 0 0 0 0 0 0 0 0 0 0 0 0 0 0 0 0 0 0 0 0 0 0 0 0 0 0 0 0 0 0 0 0 0 0 0 0 0 0 0 0 0 0 0 0 0 0 0 0 0 0 0 0 0 0 0 0 0 0 0 0 0 0 0 0 0 0 0 0 0 0 0 0 0 0 0 0 0 0 0 0 0 0 0 0 0 0 0 0 0 0 0 0 0 0 0 0 0 0 0 0 0 0 0 0 0 0 0 0 0 0 0 0 0 0 0 0 0 0 0 0 0 0 0 0 0 0 0 0 0 0 0 0 0 0
0 0 0 0 0 0 0 0 0 0 0 0 0 0 0 0 0 0 0 0 0 0 0 0 0 0 0 0 0 0 0 0 0 0 0 0 0 0 0 0 0 0 0 0 0 0 0 0 0 0 0 0 0 0 0 0 0 0 0 0 0 0 0 0 0 0 0 0 0 0 0 0 0 0 0 0 0 0 0 0 0 0 0 0 0 0 0 0 0 0 0 0 0 0 0 0 0 0 0 0 0 0 0 0 0 0 0 0 0 0 0 0 0 0 0 0 0 0 0 0 0 0 0 0 0 0 0 0 0 0 0 0 0 0 0 0 0 0 0 0 0
0 0 0 0 0 0 0 0 0 0 0 0 0 0 0 0 0 0 0 0 0 0 0 0 0 0 0 0 0 0 0 0 0 0 0 0 0 0 0 0 0 0 0 0 0 0 2 0 0 0 0 0 0 0 2 0 0 0 0 0 0 0 0 0 0 0 0 2 2 0 0 0 0 0 0 0 0 0 0 0 0 0 0 0 0 0 0 0 0 0 0 0 0 0 0 0 0 0 0 0 0 0 0 0 0 0 0 0 0 0 0 0 0 0 0 0 0 0 0 0 0 0 0 0 0 0 0 0 0 0 0 0 0 0 0 0 0 0 0 0 0
118 351 125 69 351 0 125 0 273 67 67 0 7 0 0 739 739 62 1263 1135 748 2 2 5 82 1 10 34 985 0 0 668 268 37 116 60 93 1391 0 0 0 3 0 23 1 1 298 1 8 1 1 14 0 67 329 0 1 0 0 431 710 507 1403 1 2515 0 3124 397 633 909 119 0 0 0 0 0 124 196 0 849 0 0 0 0 1 0 0 0 0 110 0 26 794 0 103 62 0 0 0 151 0 371 0 61 0 0 132 7 0 5 0 0 42 0 25 0 0 0 0 1419 59 469 130 59 58 505 1169 21 1166 53 121 56 53 1170 56 864 507 95 67 100 347
0 0 0 68 0 0 0 0 165 249 249 0 7 1498 0 950 950 64 1239 228 737 2 2 5 62 1 10 33 3653 0 0 653 0 0 64 57 20 1354 0 0 0 2 0 25 1 1 291 1 10 1 1 43 0 235 321 0 2 0 0 417 697 507 1046 1125 2458 0 3053 388 619 885 116 0 0 0 0 0 0 191 0 0 0 0 0 0 1 0 0 38171 0 6 0 24 2824 0 372 89 0 0 0 0 0 485 0 0 0 0 0 53 0 23 0 0 0 0 0 0 0 0 0 1046 237 455 226 236 236 493 4341 0 4336 50 116 233 51 4348 234 3034 495 0 249 0 0
0 0 0 0 0 0 0 0 0 0 2 0 0 0 11 0 0 24 15 10 9 11 11 4 1 0 0 0 40 0 0 0 0 0 0 0 0 0 0 0 0 1 0 11 0 1 0 0 1 0 0 1 0 3 0 0 0 0 0 0 4 0 0 1 0 0 0 0 0 0 0 0 0 0 0 0 0 0 9 619 0 0 0 0 0 0 0 0 0 0 0 2368 20 0 0 144 0 0 0 0 0 4 0 215 0 0 366 0 0 0 0 0 0 0 0 0 114 0 0 0 0 0 0 0 0 0 56 0 52 0 0 0 0 51 0 35 0 0 0 350 0
460 20 541 397 19 1762 541 328 585 190 190 980 39 5014 29 187 187 373 3174 2745 2158 675 678 245 442 555 727 726 2804 668 1413 2698 1559 1315 369 209 446 5478 1686 235 687 943 575 1607 679 624 860 676 2522 711 748 37 10441 188 875 0 531 518 714 1424 2137 1660 4506 3725 8339 4956 16243 1398 2730 4138 415 0 169 1536 772 0 466 559 349 824 4124 50295 37102 38294 5382 7420 35139 29038 33275 773 0 34900 2118 0 0 167 0 0 324 429 0 808 299 176 111 0 0 401 0 599 0 243 0 434 0 0 0 0 1323 4558 148 1537 632 142 142 1641 3301 1251 3282 197 387 153 180 3301 161 2468 1658 106 1225 177 26
1 0 0 0 0 0 0 0 0 0 0 0 0 0 11 116 116 0 1 1 1 0 0 0 0 54 0 54 1 0 0 0 0 0 0 0 0 9 2 0 46 53 56 23 0 55 7 46 35 33 19 0 2 0 2 0 19 1 0 0 0 0 0 2 0 0 21 1 0 0 0 0 0 0 0 5 0 0 0 0 0 0 0 0 0 0 0 0 0 0 0 0 0 0 0 0 0 0 0 0 0 0 0 0 0 0 0 0 0 0 0 0 0 0 0 0 2 0 0 0 0 0 0 0 0 0 1 0 0 0 0 0 0 0 0 0 0 0 0 0 0
19 1 50 26 0 32 49 34 6 0 3 25 20 40 112 88 88 2 80 65 103 41 39 24 14 36 10 39 960 22 32 38 14 0 22 7 0 52 1 0 27 48 41 47 0 42 30 38 72 30 27 28 219 3 29 0 22 12 0 23 61 44 0 0 19 34 21 24 23 34 0 0 0 21 0 0 28 0 21 0 2 25 38 35 3 4 34 0 0 0 0 1 0 0 0 0 0 0 0 0 0 41 0 7 0 0 0 0 0 0 0 0 0 0 0 0 0 0 0 0 0 0 0 0 0 16 1137 0 1114 0 0 0 0 1119 0 751 32 0 0 0 1
331 54 584 76 51 522 584 553 199 188 188 631 4 1280 1514 1034 1034 222 2575 1894 1976 618 640 254 237 546 875 528 5097 155 173 263 220 296 445 131 0 446 500 259 538 530 554 404 471 550 380 486 436 396 316 922 286 180 365 0 309 199 83 282 672 1454 0 1187 345 684 372 223 197 479 236 0 11199 1130 92 1496 562 304 445 2027 902 1943 9446 10800 1184 1634 9780 2398 2748 307 1086 373 4032 0 260 435 0 0 171 286 0 2817 167 607 546 1272 668 958 36 1437 0 115 146 469 0 0 0 201 163 1125 2968 265 1718 2966 2966 185 6038 329 6031 126 336 2975 126 6048 2978 4340 188 492 1047 189 63
39 6 7242 30 6 40 7243 1 34 995 995 158 6 237 0 444 444 1407 63 53 38 98 121 68 66 8 206 581 198 37 51 45 132 0 45 0 20 52 11 0 9 18 11 32 0 12 24 14 57 15 21 647 116 919 28 0 35 17 0 147 206 439 319 201 0 77 0 29 0 36 21 0 3 107 0 0 6164 941 0 848 13 156 136 140 15 22 130 0 0 0 25 1 145 0 0 438 0 0 0 0 3107 35 0 116 549 0 0 310 0 292 0 345 0 0 0 0 614 0 27 248 16 127 46 14 13 185 227 0 224 0 0 9 0 224 10 654 187 42 53 13 9
20 0 0 0 0 100 0 111 1 1 4 57 0 52 2094 71 71 3 191 0 49 22 0 3 0 124 0 124 40 0 0 19 1 0 0 23 41 0 34 0 123 124 129 58 0 125 22 107 84 63 48 1 6 3 10 0 46 5 0 23 191 16 48 509 2 9 56 7 8 9 2 0 0 751 0 2044 0 0 35 283 1 3 23 16 3 5 7 0 0 0 0 0 19 0 0 0 0 0 0 0 0 0 0 70 0 0 0 0 0 0 0 0 0 0 0 0 0 0 0 1 0 0 0 0 0 103 46 0 41 11 0 0 16 44 0 34 109 0 455 0 0
17334 10 2440 3466 0 6627 2446 453 965 218 247 5010 318 5357 1597 2627 2627 177 1968 2569 4393 9639 10051 3938 10689 16215 7098 15792 2472 16670 4692 5072 6892 6871 7839 2696 711 7827 6607 17047 16067 15738 16303 13998 15941 16155 5912 16305 12992 16465 16673 4046 358 382 4706 16984 17009 17322 10197 4124 4172 6261 5265 4643 3480 6573 6994 3643 3695 5576 1895 4737 12006 266 17088 1441 2493 4465 939 3937 124 95 796 822 173 238 755 106 124 2737 12038 32 1865 11001 6164 2004 0 5304 8502 138 2077 1410 17 2734 2867 4348 2223 17924 248 2996 0 3082 2843 1088 1001 1284 32 2124 4411 5047 22 4392 1268 20 19 4888 2536 6874 2530 2895 14614 21 2661 2536 23 3595 4900 1143 1110 1137 161
1269 12 698 21577 0 1313 704 255 2503 373 389 838 122 953 1224 1853 1853 36 468 613 1269 2172 2068 641 614 1315 2099 1677 710 947 9247 12113 10245 2739 4612 1902 243 1083 1254 795 1240 1405 1079 2910 1101 1138 1246 1647 2877 2361 3001 371 7886 360 1249 3682 2936 3816 2694 2323 1152 861 364 1022 890 1299 585 1022 1000 1407 664 706 1443 6 1281 1177 703 959 315 1109 30 230 299 0 42 56 0 24 32 1691 3270 64 593 605 308 513 0 0 1425 78 55 562 213 559 900 0 0 1258 0 561 0 601 251 940 0 0 0 1059 9875 284 295 2623 11139 293 293 1437 807 2769 801 2376 8852 297 1831 806 299 816 1443 545 389 534 20
1037 2 366 107 0 175 393 388 165 248 289 1029 4 1451 296 855 855 18 174 191 427 1239 1192 338 269 0 1092 0 423 0 241 151 331 207 587 104 130 186 109 874 29 30 31 125 0 37 19 57 70 88 128 52 81 273 27 84 135 187 0 404 609 640 1019 1167 11 112 21 18 26 50 14 964 335 151 291 299 422 257 260 291 182 789 623 48 4817 2749 55 310 348 361 0 2 412 0 442 875 0 0 0 309 827 467 1552 1190 0 311 239 372 0 612 0 0 115 399 0 0 0 0 195 1011 459 423 368 458 457 875 482 338 479 357 355 456 96 481 456 789 879 771 495 0 10
7 0 185 5 0 58 184 0 27 0 2 89 2 232 22 969 969 4 208 150 149 79 82 31 45 26 4 28 58 57 7 31 18 62 79 0 0 61 50 0 4 107 35 214 0 45 58 51 426 48 57 14 2060 2 59 0 11 2 0 0 86 180 41 182 519 119 53 57 81 89 9 22 0 289 0 0 177 0 0 0 0 0 0 0 0 0 0 0 0 2039 0 14 875 0 16 58 0 0 0 0 0 73 39 85 0 0 0 72 2 423 0 0 0 0 0 0 0 0 0 0 0 0 3 0 0 45 64 29 59 0 94 0 0 62 1 65 49 10 204 4 2
362 3 372 378 2 824 372 511 137 75 79 608 20 815 236 852 852 24 3242 1945 218 371 376 141 656 528 528 575 260 1137 659 1330 418 1604 698 220 1158 2467 798 222 475 575 531 608 290 536 1114 487 717 407 336 55 1716 94 1170 139 294 183 623 456 977 746 2021 679 1010 689 690 1441 1388 963 341 501 740 8 926 179 0 344 493 729 13 47 73 76 22 24 69 10 12 684 1613 16 212 160 0 320 0 0 0 71 0 303 0 327 318 0 0 300 0 846 0 0 0 0 0 0 0 123 657 2055 131 362 685 130 130 482 286 1607 284 247 1289 128 217 285 128 396 483 92 87 90 7
0 0 0 0 0 0 0 0 0 2197 2197 0 0 0 0 306 306 109 0 0 0 0 1 0 0 770 0 748 2 0 0 0 0 0 0 0 0 0 0 0 753 734 777 308 751 752 96 631 485 447 266 0 15 2029 15 0 256 5 0 0 2 8 0 0 0 0 296 0 0 0 0 0 0 0 0 0 0 5 0 0 0 0 0 0 0 0 0 0 0 0 0 0 0 0 0 734 0 0 0 0 0 0 0 0 0 0 0 0 0 0 0 0 0 0 0 0 0 0 0 0 3691 0 2044 3689 3686 0 2 0 0 0 0 3679 0 0 3679 0 0 0 0 0 0
187 1 387 84 0 421 384 232 78 0 5 359 5 689 1640 245 245 167 285 1617 781 157 141 51 185 1306 212 1875 100 566 166 901 143 163 95 44 644 1891 431 111 1551 1867 1332 2198 1236 1382 1302 1291 4099 1128 913 48 16503 6 1261 65 536 166 354 224 685 354 1173 896 755 1392 602 1034 1616 999 94 148 193 1225 631 1513 366 804 161 292 28688 0 0 0 3 2 0 0 0 140 0 2285 132 0 331 114 0 0 0 0 1097 953 0 89 229 3112 2 4 0 2624 0 309 0 0 0 0 848 0 122 1146 923 140 573 919 921 195 111 185 102 50 107 921 35 107 924 212 199 23 873 0 3
8 0 5 4 0 692 0 0 0 0 0 6 2 49 164 19 19 37 23 98 18 60 72 40 16 70 9 124 8 31 14 30 12 0 4 17451 25 57 655 0 71 82 75 69 0 76 76 66 118 32 40 2 362 0 77 0 31 13 0 11 39 17 55 74 40 1 29 58 50 56 2 0 0 66 0 86 0 0 0 14 1906 0 0 0 0 0 0 0 0 0 0 554 0 0 0 0 0 0 0 0 0 35220 0 0 0 0 0 266 0 73 0 0 0 0 0 0 286 0 0 0 52002 0 28732 51990 52000 1 4 0 0 16744 0 52102 17596 1 52122 12 9 0 0 0 2
56 1 29 65 0 36 29 66 17 15 17 48 2 97 64 280 280 8 57 76 121 53 60 28 43 45 0 45 29 6 39 55 98 0 55 19 51 44 9 0 55 58 0 63 54 55 19 53 80 51 50 20 196 16 16 0 46 44 0 82 58 140 40 88 24 56 28 13 17 30 34 0 0 295 24 64 0 0 0 49 0 0 0 0 1 1 0 0 0 38 0 0 31 0 0 38 0 0 23 36 0 59 0 56 0 1267 0 130 0 1113 0 2002 0 0 0 0 422 0 32 16 4 34 18 3 2 40 31 13 28 4 20 0 0 26 0 62 43 33 175 0 2
391 1086 221 338 1082 578 177 843 950 1589 1592 380 4 977 734 2040 2040 18 790 1116 2251 332 327 111 200 1248 589 1223 254 361 233 533 363 615 163 429 123 777 520 66 1230 1216 1260 734 1111 1240 346 1085 923 857 633 446 406 1474 239 212 618 307 445 331 962 662 899 908 341 3082 577 199 242 410 293 146 202 1441 259 709 184 491 770 491 16 8 52 54 28 30 49 6 7 2920 229 2 1293 0 150 9319 0 42 0 4020 2105 1007 0 13725 0 0 0 0 0 6911 0 0 35 136 0 0 0 0 223 876 152 351 256 151 151 885 290 615 287 421 160 150 428 289 151 484 889 83 1059 0 1075
691 12 70 100 12 145 70 94 43 347 347 241 1 196 207 313 313 11 149 198 319 247 250 87 193 183 507 180 479 78 164 97 216 87 219 70 269 112 115 266 172 183 187 157 160 187 44 172 175 153 136 83 194 320 33 97 135 112 122 298 175 186 178 199 0 185 94 26 41 83 62 186 134 783 4 0 70 167 56 369 3 26 18 18 6 7 17 0 3 0 779 2 546 0 291 317 0 336 0 70 241 631 0 274 490 103 0 194 247 640 0 192 384 455 0 0 0 0 144 157 750 293 493 749 749 157 561 77 559 62 84 745 61 560 744 535 158 320 455 96 14
23 6 3 7 0 23 7 18 0 0 22 0 0 19 30 1865 1865 3 118 37 5 32 35 15 20 0 47 4 38 0 0 38 1 0 0 19 0 79 0 0 28 41 33 46 0 35 70 32 73 29 24 6 250 21 73 0 19 12 0 0 30 32 44 19 38 64 62 64 87 59 11 0 0 65 14 0 0 31 0 40 8 60 81 84 10 14 77 0 0 49 0 14 61 0 0 6 0 0 0 0 0 18 0 0 0 0 0 0 0 0 0 0 0 0 0 0 155 0 0 2 2 8 10 0 0 38 46 0 41 12 0 4 17 44 6 48 42 0 0 0 8
152 1 79 40 0 229 79 47 65 1634 1634 272 6 569 592 614 614 14 291 930 179 282 302 131 127 195 349 188 494 132 100 352 87 79 130 236 369 724 200 0 217 245 202 280 194 210 793 188 447 159 125 29 1579 1523 854 19 90 39 225 217 636 141 205 568 567 121 409 837 982 665 127 258 262 636 67 591 80 195 46 535 8 365 244 252 11 16 231 35 40 93 950 199 513 0 259 1910 0 169 111 0 1150 299 904 2078 923 469 0 684 0 774 924 869 0 193 0 0 1767 0 77 189 324 187 208 323 323 490 576 87 575 227 133 322 235 574 322 674 490 91 525 79 7
24 16 8 9 14 25 10 0 16 12 13 24 0 0 17 427 427 1 29 32 56 44 45 16 27 31 20 33 39 0 11 14 57 0 14 32 0 0 0 0 28 35 32 28 0 35 12 32 32 28 24 4 29 12 10 0 23 18 0 6 35 36 40 21 13 147 26 25 45 39 37 0 0 61 0 8 0 74 0 0 2 17 15 16 2 3 14 0 0 4 0 0 245 0 0 18 0 0 0 0 0 10 0 0 0 0 0 272 0 0 0 0 0 0 0 0 45 0 0 11 0 0 16 0 0 30 44 0 41 25 0 0 27 42 0 53 31 0 0 0 16
703 12 232 79 8 313 233 246 49 5961 5961 640 7 304 311 587 587 16 210 265 500 4977 5942 3020 868 361 17222 277 957 1051 930 544 1273 254 570 162 0 764 328 637 296 238 381 249 287 427 73 307 264 199 220 200 308 5503 135 0 220 238 416 360 362 372 472 360 32 287 127 33 35 121 49 390 686 1352 2 204 226 445 259 883 15 142 175 181 24 30 166 23 27 365 703 15 731 686 1302 2146 7404 16892 2101 438 385 805 912 37 957 2530 947 7944 0 1409 0 877 718 928 519 0 83 219 312 295 891 379 629 885 886 310 792 165 776 133 337 904 148 789 913 913 323 501 1482 846 105
557 9 75 53 9 228 63 2230 67 90 93 111 2 574 8 1043 1043 56 684 916 1383 245 241 74 185 342 260 337 330 161 267 79 150 37 106 83 1223 138 205 281 357 365 0 271 355 352 165 298 394 220 141 126 856 88 145 0 118 7 179 221 513 206 490 441 82 47 141 108 97 119 31 0 365 3 201 7 0 0 1902 799 26 299 264 273 51 48 250 37 41 56 0 0 280 0 0 425 0 0 317 24 899 529 0 621 0 331 0 5 0 304 0 0 0 0 0 0 0 0 264 466 0 39 84 0 0 295 386 63 383 66 14 0 64 382 0 1135 299 136 135 44 11
243 9 30 12 8 46 29 19 18 100 100 55 1 95 151 275 275 4 37 48 76 86 94 40 83 75 103 73 146 41 58 24 69 10 41 73 17 43 0 0 77 77 79 67 52 80 61 74 76 68 64 30 88 94 62 38 63 58 25 47 76 61 50 107 38 65 37 48 46 66 21 0 17 281 0 5 20 60 0 144 6 57 54 55 8 12 51 0 9 49 284 1 204 0 55 6 0 0 0 43 2 55 53 4 193 0 0 267 3 153 0 260 0 223 0 0 868 32 41 32 33 34 42 33 32 89 170 1 168 67 5 32 71 168 32 169 90 36 260 0 11
245 6 24 3 1 66 0 0 302 32 32 39 11 71 585 209 209 1 2710 3601 4673 414 436 179 261 2081 285 2031 1786 148 180 520 133 0 1063 152 14 245 51 0 2255 2325 2174 3024 2169 2228 14617 2654 3150 3278 3839 62 5363 306 15930 2396 3864 4695 0 0 1304 66 80 222 9438 502 900 12520 10560 12282 63 0 0 0 73 524 48 71 0 2590 128 173 176 179 193 183 173 35 42 826 0 0 1812 0 153 822 0 0 0 1229 1065 1913 1854 1256 1566 0 0 882 0 383 0 1354 0 0 0 0 160 346 143 0 157 0 89 155 155 63 2107 0 2102 156 0 158 148 2109 159 2141 66 1993 7 488 16
628 12 219 98 7 381 135 88 43 2252 2258 537 5 521 194 2926 2926 67 1161 602 457 583 614 235 627 419 843 454 731 339 392 223 661 144 276 205 750 379 341 231 479 529 443 678 438 457 965 466 931 479 481 50 2948 2102 1022 269 427 424 446 547 375 402 692 452 626 544 403 854 756 823 158 436 861 0 369 170 213 575 134 973 25 280 219 226 35 49 207 0 34 263 2164 18 775 424 349 1460 0 335 187 294 260 580 472 1012 604 606 240 893 165 732 0 274 523 377 0 0 0 0 365 670 538 509 491 536 536 247 849 130 846 193 139 537 197 849 538 878 249 345 71 166 20
1048 6 706 262 2 522 683 408 58 2877 2898 1261 89 407 1251 210 210 73 1459 1936 3024 798 810 320 579 1396 1330 1371 3746 22 734 405 1773 730 1175 51 141 506 478 812 1403 1399 1430 970 1378 1413 179 1283 1267 1095 916 100 1141 2674 52 51 901 652 269 3123 888 429 454 611 92 429 596 20 59 155 177 1085 1212 2493 84 1228 680 954 424 3102 1 6 6 6 6 6 6 0 0 3028 9405 49 4134 1202 759 1584 0 798 475 4494 1444 1428 1168 818 2169 1631 313 216 693 1805 1933 2148 632 1812 1053 0 0 177 714 391 436 3572 525 433 433 324 4421 752 4413 55 1029 437 37 4426 439 3717 327 1371 2600 499 9
71 5 0 2 0 16 0 23 0 830 966 0 3 0 46 199 199 20 27 24 34 300 280 70 24 0 93 33 78 0 0 8 51 0 0 244 0 113 0 126 159 245 58 2623 0 121 30 1351 1207 3086 4756 9 141 890 5 7445 5004 7316 0 0 12 15 26 0 0 21 38 4 0 41 25 0 34 0 11 0 0 8 425 10 12 104 83 22 93 74 15 10 12 0 119 0 564 66 0 354 0 137 6 40 20 9 0 0 0 21 58 0 0 0 0 181 0 0 107 1671 0 630 153 129 0 20 32 0 0 32 181 92 163 154 0 0 152 78 0 73 0 107 413 0 37
354 1 67 34 0 139 61 0 15 78 85 300 37 52 381 242 242 3 59 81 1331 639 618 203 144 69 247 77 649 0 760 104 602 0 493 4 33 154 125 296 101 120 84 293 80 92 12 153 299 240 322 19 870 79 4 421 316 427 175 440 87 57 67 135 2 585 32 2 2 2 6 282 0 0 57 374 68 81 0 404 2 11 10 0 12 8 0 1 1 438 462 1 708 0 165 485 0 0 35 640 0 48 144 699 1790 345 169 541 751 449 0 1752 0 0 166 0 0 0 768 39 0 483 365 0 0 42 757 16 755 9 61 0 0 757 0 560 42 913 187 254 17
24 5 0 9 0 24 40 33 17 7 7 86 158 103 78 11 11 6 281 84 51 34 35 120 25 35 52 0 122 0 0 23 0 2 30 4 0 36 0 0 41 48 37 64 0 38 109 37 98 35 32 28 361 9 116 0 24 18 0 0 53 85 83 98 57 18 12 94 84 91 9 0 0 16 0 21 36 18 0 63 6 48 37 37 13 11 36 22 25 48 0 14 157 0 0 51 0 0 0 32 0 34 0 63 0 0 0 31 0 11 0 0 0 0 0 0 0 0 0 63 0 22 56 0 0 33 296 14 293 7 21 0 9 295 0 218 34 2 36 24 5
25 5 43 9 5 26 43 30 18 7 8 86 161 98 81 15 15 6 0 0 43 34 36 122 26 35 52 35 255 24 9 24 20 29 22 5 0 38 0 0 42 49 37 65 0 0 110 37 99 36 32 28 365 10 118 0 24 19 0 29 48 80 0 0 0 19 22 95 86 90 1 0 0 62 0 44 0 19 0 63 7 49 37 37 14 11 36 0 0 49 0 14 157 0 0 0 0 0 0 2 0 35 0 18 0 0 0 0 0 0 0 0 0 1 0 0 0 0 0 0 0 0 42 0 0 24 297 0 290 0 0 0 0 291 0 216 28 0 42 0 5
11 2 31 3 2 15 31 9 6 2 3 21 53 38 54 12 12 3 188 58 32 8 10 40 4 11 12 11 73 7 5 12 6 0 15 9 0 0 0 0 13 15 11 20 12 12 34 12 30 11 10 8 110 3 36 5 8 6 0 12 28 31 8 41 19 6 7 29 26 28 3 0 0 18 0 17 28 9 0 27 2 13 11 7 5 4 7 0 0 15 0 5 61 0 0 13 0 0 0 0 0 0 0 0 0 0 0 0 0 2 0 2 0 0 0 0 45 6 3 27 0 11 20 0 0 13 85 17 85 7 18 0 7 85 0 66 13 0 16 10 2
57 6 217 11 6 93 217 14 26 12 12 33 195 148 372 17 17 14 1164 0 5 37 32 141 23 35 30 35 192 11 12 65 21 0 85 58 0 122 0 0 41 48 37 66 25 0 103 37 93 36 33 18 324 12 109 0 25 20 0 0 159 127 123 0 67 25 0 88 83 78 13 0 0 57 0 118 184 60 0 0 8 33 28 15 19 13 15 0 0 81 0 18 124 0 0 6 0 0 0 36 0 131 0 22 0 0 0 0 0 7 0 0 0 18 0 0 0 0 0 81 0 0 64 0 0 49 224 88 220 41 102 0 41 220 0 195 51 0 37 53 6
5 1 0 2 1 6 9 6 3 1 2 19 36 21 21 3 3 1 63 20 12 6 8 27 4 0 0 0 0 0 0 3 3 0 6 0 0 0 0 0 9 11 8 14 0 9 25 8 22 8 7 6 81 2 26 0 5 4 0 0 12 19 6 22 11 4 3 21 18 20 2 0 0 0 0 0 6 3 0 14 1 11 8 5 3 2 5 0 0 9 0 3 3 0 0 10 0 0 0 0 0 0 0 0 0 0 0 0 0 0 0 0 0 0 0 0 0 0 0 0 0 0 0 0 0 0 66 0 60 0 0 0 0 59 0 45 1 0 8 2 1
12 2 32 3 2 16 32 10 6 3 3 25 59 43 54 7 7 3 202 62 34 9 12 44 5 12 15 12 81 8 6 13 7 0 16 9 0 0 0 0 14 17 13 23 13 13 38 13 34 12 11 9 125 3 41 6 9 7 0 14 31 35 12 44 22 7 7 33 30 32 4 0 0 21 0 18 29 10 0 30 3 15 12 7 5 4 7 0 0 17 0 5 68 0 0 15 0 0 0 3 0 0 0 0 0 0 0 1 0 3 0 3 0 0 0 0 52 7 4 31 0 13 22 0 0 14 95 18 94 8 19 0 8 94 0 73 14 0 19 12 2
13 2 38 4 2 18 38 11 7 3 3 25 50 46 62 11 11 4 231 71 39 10 12 38 6 12 15 13 84 8 6 14 8 0 18 10 0 0 0 0 15 18 13 24 14 14 40 14 36 13 12 9 130 3 42 6 9 7 0 15 34 37 14 49 23 8 7 34 31 33 4 0 0 22 0 26 35 11 0 32 3 16 12 8 6 4 8 0 0 19 0 6 71 0 0 15 0 0 0 3 0 0 0 0 0 0 0 1 0 3 0 4 0 0 0 0 72 8 4 33 0 14 23 0 0 15 99 21 99 9 22 0 9 99 0 77 15 0 21 13 2
4 1 12 1 1 5 12 3 3 1 1 10 24 7 28 6 6 2 147 0 0 5 5 18 3 0 4 6 43 0 0 4 3 4 0 0 0 7 0 0 7 8 7 10 0 0 15 7 14 6 5 6 48 1 16 0 4 3 0 1 0 0 9 0 0 0 0 0 12 0 0 0 0 10 0 0 7 3 0 10 1 6 5 3 2 2 3 0 0 7 0 2 0 0 0 0 0 0 0 0 0 17 0 0 0 0 0 0 0 0 0 0 0 0 0 0 0 0 0 0 0 0 1 0 0 0 50 0 47 0 0 0 0 46 0 37 1 0 0 0 1
0 0 0 0 0 0 0 0 0 0 0 1 2 0 6 1 1 0 0 0 0 1 0 2 0 0 0 0 4 0 0 0 0 0 0 0 0 1 0 0 0 1 1 1 0 1 2 1 1 1 0 0 5 0 2 0 0 0 0 0 1 0 0 0 1 0 0 1 1 1 0 0 0 0 0 0 0 0 0 0 0 1 1 0 0 0 0 0 0 0 0 0 0 0 0 0 0 0 0 0 0 0 0 0 0 0 0 0 0 0 0 0 0 0 0 0 0 0 0 0 0 0 0 0 0 0 0 0 0 0 0 0 0 0 0 0 0 0 0 0 0
30 4 89 8 0 43 88 0 0 0 4 5 138 103 131 9 9 8 562 171 92 28 28 103 20 27 36 27 177 10 16 34 17 0 40 24 0 56 0 15 32 38 29 52 0 30 86 29 77 28 26 19 263 8 92 0 20 15 0 18 81 84 81 105 54 16 19 75 68 73 9 0 0 47 3 129 91 30 9 59 6 33 26 26 13 9 26 0 19 50 0 12 101 0 28 28 0 0 0 0 0 62 0 22 0 0 0 18 0 17 0 0 0 2 0 0 0 0 0 50 0 0 46 0 0 29 207 0 205 0 16 0 0 199 0 160 27 0 46 0 5
2 1 1 1 0 2 1 0 2 0 1 10 18 6 8 1 1 1 5 0 0 4 4 14 3 4 0 4 31 1 0 2 2 0 1 1 0 3 0 0 4 6 4 7 0 5 12 4 11 4 4 3 41 1 13 0 3 2 0 3 4 9 0 0 8 2 3 11 9 10 0 0 0 6 0 0 0 0 0 0 1 6 4 3 1 1 3 0 0 0 0 0 0 0 0 0 0 0 0 0 0 0 0 5 0 0 0 0 0 0 0 0 0 0 0 0 0 0 0 0 0 0 0 0 0 0 32 0 0 0 0 0 0 2 0 7 0 0 0 0 1
15 2 44 0 0 19 0 0 6 3 3 0 63 39 86 27 27 3 221 70 38 11 10 46 7 0 0 0 84 0 0 13 0 0 19 0 0 26 0 0 15 17 14 21 0 14 32 13 30 12 11 8 0 3 33 0 9 6 0 15 34 32 32 49 21 8 7 27 26 26 4 0 0 19 3 83 42 14 0 30 2 12 11 7 5 4 7 0 0 20 0 9 57 0 12 0 0 0 0 11 0 26 0 0 0 0 0 0 0 0 0 0 0 0 0 0 0 0 0 18 0 0 21 0 0 12 99 1 98 0 7 0 0 95 0 73 10 2 22 11 2
24 2 71 5 0 32 71 0 0 6 5 0 110 66 118 53 53 6 351 110 60 18 17 80 0 21 7 21 151 0 7 23 10 0 0 0 0 42 0 0 26 29 24 37 1 24 56 23 52 22 19 14 176 6 59 0 15 11 0 24 55 55 54 77 36 13 14 47 45 46 7 0 1 34 0 117 72 23 0 50 4 22 19 12 9 6 12 0 0 34 0 16 98 0 13 14 0 0 0 0 0 42 0 18 0 0 0 3 0 5 0 0 0 15 0 0 188 0 0 22 0 0 34 0 0 19 178 0 176 0 0 0 0 170 0 130 17 4 30 0 3
34 2 102 5 2 40 102 13 9 6 7 17 109 56 228 44 44 6 321 108 59 12 12 77 5 23 12 23 140 9 7 25 9 8 40 30 0 20 16 18 25 28 24 33 25 24 42 23 42 20 17 9 127 6 44 9 14 10 0 26 54 47 27 93 27 14 11 35 35 34 7 0 0 28 0 191 99 28 0 47 3 15 14 7 7 5 7 0 0 30 0 10 114 0 0 12 0 0 0 0 0 0 0 0 14 0 0 0 0 8 0 20 0 0 0 0 176 9 5 46 2 26 40 1 1 27 165 52 164 29 55 0 29 164 0 126 27 6 28 20 2
21 1 60 3 0 23 0 0 5 4 4 0 26 32 198 21 21 2 176 61 33 9 7 20 5 0 0 3 83 2 0 13 0 0 23 0 0 28 0 6 15 16 14 19 0 14 24 13 24 12 10 5 0 4 24 0 8 5 0 17 31 27 28 69 14 8 7 20 17 19 4 0 0 16 2 197 58 17 0 27 2 8 8 4 4 3 4 0 0 19 0 5 55 0 10 0 0 0 0 8 0 24 0 0 0 0 0 0 0 0 0 0 0 0 0 0 0 5 0 14 0 0 21 0 0 13 97 7 96 5 13 0 0 93 0 71 11 11 18 11 1
5 0 15 1 0 6 15 0 2 1 1 4 12 5 58 14 14 1 36 0 3 3 2 9 2 4 0 4 29 1 0 4 1 0 5 5 0 7 0 0 4 5 5 6 0 5 8 4 8 4 3 2 23 1 8 0 3 2 0 4 8 8 0 0 5 2 2 7 6 6 0 0 0 5 0 0 0 0 0 0 1 3 3 2 1 1 2 0 0 0 0 1 0 0 0 0 0 0 0 0 0 4 0 0 0 0 0 0 0 0 0 0 0 0 0 0 0 0 0 0 0 0 0 0 0 0 30 0 0 0 0 0 0 0 0 6 0 0 0 0 0
40 2 120 5 2 45 120 12 8 7 7 13 39 55 396 21 21 3 299 106 58 13 11 29 4 25 10 24 146 8 7 27 9 15 45 36 0 24 21 24 27 29 25 33 26 26 40 24 42 21 17 7 118 7 41 9 15 10 0 27 55 47 28 131 21 15 11 33 29 32 3 0 0 28 0 360 116 32 0 48 3 14 13 6 6 5 6 0 0 30 0 7 118 0 0 10 0 0 0 0 0 0 0 0 18 0 0 0 0 9 0 24 0 0 0 0 190 9 4 47 2 28 42 2 1 29 172 59 171 34 63 0 35 171 0 130 29 9 28 20 2
4 0 10 0 0 4 10 0 0 0 0 2 6 1 73 6 6 0 22 0 0 2 1 5 1 1 0 1 16 0 0 3 0 0 0 1 0 5 0 0 0 3 3 4 0 0 5 3 5 2 2 1 14 0 5 0 2 1 0 0 5 0 0 0 1 0 0 4 3 0 0 0 0 3 0 0 0 0 0 0 0 2 2 1 1 1 1 0 0 0 0 1 0 0 0 0 0 0 0 0 0 3 0 0 0 0 0 0 0 0 0 0 0 0 0 0 0 0 0 0 0 0 0 0 0 0 16 0 0 0 0 0 0 0 0 0 0 0 0 0 0
6 0 17 1 0 7 17 0 2 0 0 3 9 1 102 8 8 1 31 0 0 3 2 6 1 0 0 4 25 0 0 4 2 7 0 0 0 8 0 0 4 5 4 6 0 0 7 4 7 3 3 2 21 0 7 0 2 2 0 0 0 0 6 0 0 0 0 0 5 0 0 0 0 5 0 74 12 5 0 6 1 3 2 1 1 1 1 0 0 5 0 2 0 0 0 0 0 0 0 0 0 6 0 0 0 0 0 0 0 0 0 0 0 0 0 0 18 0 0 0 0 0 0 0 0 0 28 0 25 0 0 0 0 24 0 18 0 0 0 0 0
37 0 17 12 0 31 7 0 2 26 31 57 0 59 68 41 41 5 91 81 52 54 59 24 24 2 56 1 75 0 19 23 49 20 152 1 47 7 8 0 0 7 2 29 0 3 31 6 36 11 16 7 130 11 15 0 13 20 10 49 66 61 41 65 26 59 10 40 38 39 14 2 28 56 0 48 3 37 0 100 4 36 32 23 19 13 20 0 5 39 0 8 55 0 0 29 0 0 0 0 0 27 0 20 0 0 0 66 0 60 0 0 0 0 0 0 0 0 0 43 7 6 20 6 5 54 86 13 84 0 0 0 0 82 0 78 54 0 0 0 1
340 10 11 2 9 26 4 16 5 48 52 25 0 15 1 140 140 1 8 9 25 121 123 40 71 15 0 21 68 0 0 16 37 0 165 0 48 44 0 0 21 25 25 30 0 26 23 26 32 27 30 7 0 47 24 0 30 33 0 0 45 26 14 0 12 12 8 18 15 17 0 0 20 70 0 0 0 46 0 77 1 21 5 5 1 2 5 0 0 12 0 0 20 0 0 0 0 0 0 0 0 12 0 98 0 0 0 90 0 49 0 0 0 0 0 0 0 0 0 0 0 0 0 0 0 56 77 0 71 0 0 0 0 72 0 110 62 207 0 0 12
61 0 13 2 0 48 8 6 7 0 1 32 5 31 104 776 776 12 126 149 283 238 230 68 31 31 0 31 66 0 3 28 9 0 81 0 0 33 26 0 29 31 34 22 2 34 10 29 25 22 18 5 8 0 7 0 17 11 0 2 77 53 51 38 2 2 11 5 4 6 1 0 57 98 0 101 9 24 0 231 1 10 5 0 5 4 3 0 1 0 0 1 42 0 0 76 0 0 115 0 0 102 114 110 97 248 0 164 0 287 0 0 32 0 0 0 623 0 0 26 0 0 0 0 0 41 75 8 73 0 9 0 0 71 0 90 41 119 119 0 3
0 19010 0 0 19037 0 0 0 14336 0 0 0 0 0 0 73 73 57269 0 0 0 0 0 0 0 0 0 0 0 0 0 0 0 0 0 0 0 0 0 0 0 0 0 0 0 0 0 0 0 0 0 0 0 0 0 0 0 0 0 0 1 0 2 1 0 0 0 0 0 0 0 0 0 0 0 0 0 0 0 0 0 0 0 0 0 0 0 0 0 0 0 0 0 0 0 0 0 0 0 0 0 0 0 0 0 0 0 0 0 0 0 0 0 0 0 0 0 0 0 0 0 0 0 0 0 0 0 0 0 0 0 0 0 0 0 0 0 0 0 0 0
