153
0 0 0 0 0 3 516 269 29 549 359 221 0 0 0 128 0 0 0 0 0 0 0 0 153 13 113 106 53 943 199 26 2 90 303 161 11 1 0 0 0 1 0 15 5 0 0 0 4 1 0 0 3 28 2 3 2 3 3 0 2 0 10 0 0 0 214 2108 2068 2 0 8 6 11 0 0 0 839 0 0 0 0 0 0 1 0 0 0 0 0 0 0 0 0 0 0 0 2 0 0 0 0 0 0 0 0 0 0 0 0 0 0 61 0 0 0 0 0 0 0 0 0 0 0 0 0 0 2 0 0 0 0 0 0 0 0 0 0 0 0 0 0 0 0 0 0 0 0 0 0 0 0 0
0 0 0 0 0 72 11122 1972 2473 11783 7016 5531 69 0 0 1016 0 0 0 0 0 0 0 0 0 102 307 294 135 235 574 71 6 214 769 488 1093 10 0 0 0 8 0 898 40 2 0 0 35 1 0 0 20 0 15 26 13 21 22 3 15 0 1703 0 0 0 0 4 4 0 0 0 0 0 0 0 1 3 0 0 0 1 0 0 3 0 0 0 0 0 0 0 0 0 0 0 0 20 0 0 0 0 0 0 0 0 0 0 0 0 0 0 202 0 0 1 0 0 0 0 0 0 0 0 0 0 0 55 0 0 0 0 0 0 0 0 0 0 0 0 0 0 0 0 0 0 0 0 0 0 0 0 1
0 0 0 0 0 2 7 32 10 6 13 10 0 0 0 447 0 0 0 0 0 0 0 0 2 2208 257 242 120 203 451 60 4 174 1098 1877 481 4 0 0 0 4 0 0 18 1 0 0 16 0 0 0 9 5 7 12 280 9 9 4 7 0 750 0 0 0 0 0 0 0 0 0 0 0 0 0 0 1 0 0 0 0 0 0 2 0 0 0 0 0 0 0 0 0 0 0 0 9 0 0 0 0 0 0 0 0 0 0 0 0 0 0 212 0 0 0 0 0 0 0 0 0 0 0 0 0 0 18 0 0 0 16 0 0 0 0 0 0 0 0 0 0 0 0 0 0 0 0 0 0 0 0 4
0 0 0 0 0 0 0 0 0 0 1 0 0 0 0 1 0 0 0 0 0 0 0 0 0 0 172 162 83 140 543 40 2 115 482 240 1 0 0 0 0 0 0 0 7 0 0 0 0 0 0 0 0 0 0 0 0 0 0 0 0 0 0 0 0 0 0 0 0 0 0 0 0 0 0 0 0 0 0 0 0 0 0 0 0 0 0 0 0 0 0 0 0 0 0 0 0 0 0 0 0 0 0 0 0 0 0 0 0 0 0 0 0 0 0 0 0 0 0 0 0 0 0 0 0 0 0 1 0 0 0 0 0 0 0 0 0 0 0 0 0 0 0 0 0 0 0 0 0 0 0 0 0
0 0 0 0 0 0 0 0 0 0 1 0 0 0 0 0 0 0 0 0 0 0 0 0 1 0 0 0 0 0 0 0 0 2853 217 0 0 0 0 0 0 0 0 0 74 0 0 0 0 0 0 0 0 0 0 0 0 0 0 1 0 0 0 0 0 0 0 0 0 0 0 1 1 2 0 0 0 0 0 0 0 0 0 0 0 0 0 0 2 0 0 0 0 0 0 0 0 0 0 0 0 0 0 0 0 0 0 0 0 0 0 0 0 0 0 0 0 0 0 0 0 0 0 0 0 0 0 0 0 0 8 4 0 0 0 0 0 0 0 0 0 0 0 0 0 0 0 0 0 0 0 0 0
0 0 0 4 0 0 10975 4159 1560 11702 6982 4913 214 0 0 869 0 0 0 0 0 0 0 0 0 0 387 369 175 301 712 86 7 266 1082 935 935 8 0 0 0 8 0 932 35 2 0 0 31 4 0 0 18 0 13 23 74 18 17 3 13 0 1458 0 0 0 0 0 0 0 0 2 0 0 0 0 1 1 0 0 0 1 0 0 0 0 0 0 0 0 0 0 0 0 0 0 0 17 0 0 0 0 0 0 0 0 0 0 0 0 0 0 0 0 0 0 0 0 0 0 0 0 0 0 0 0 0 48 0 0 0 0 0 0 0 0 0 0 0 0 0 0 0 0 0 0 0 0 0 0 0 0 5
0 0 0 0 0 0 0 0 0 0 2 0 0 0 0 0 0 0 0 0 0 0 0 0 7 2 20472 0 0 0 0 0 0 0 0 0 0 0 0 235 0 0 0 0 0 0 0 0 0 0 0 0 0 0 5108 1 0 0 0 0 0 0 1 0 0 0 0 0 0 0 0 0 0 0 0 0 0 0 0 0 0 0 0 0 0 0 0 0 0 0 0 0 0 0 0 0 0 0 0 0 0 0 0 0 0 0 0 0 0 0 0 0 0 0 0 0 0 0 0 0 0 0 0 0 0 0 0 0 0 0 0 0 0 0 0 0 0 0 0 0 0 0 0 0 0 0 0 0 0 0 0 0 1
0 0 0 0 0 0 0 0 0 0 0 0 0 0 0 0 0 0 0 0 0 0 0 0 10 2 0 35120 0 0 0 0 0 0 0 0 0 0 0 0 0 0 0 0 1 0 0 0 0 2 0 0 0 0 0 2 0 0 0 2 0 0 1 0 0 0 0 0 0 0 0 1 0 0 0 0 0 0 0 0 0 0 0 0 0 0 0 0 0 0 0 0 0 0 0 0 0 0 0 0 0 0 0 0 0 0 0 0 0 0 0 0 0 0 0 0 0 0 0 0 0 0 0 0 0 0 0 0 0 0 0 0 0 0 0 0 0 0 0 0 0 0 0 0 0 0 0 0 0 0 0 0 0
0 0 0 0 0 0 0 0 0 0 7 0 0 0 0 0 0 0 0 0 0 0 0 0 5 1 0 0 8525 0 0 0 0 0 0 0 0 2 0 0 0 0 0 0 0 0 0 0 0 0 0 0 0 0 0 1 2205 0 0 0 0 0 1 0 0 0 0 0 0 4 15 14 11 19 9 0 0 0 0 0 0 0 399 0 2 0 0 0 19 0 0 0 0 0 0 0 0 2 0 0 0 0 0 0 0 0 0 0 0 0 0 0 152 0 0 0 0 0 0 0 0 0 0 0 0 0 0 0 0 0 0 0 0 0 0 0 0 0 0 0 0 0 0 0 0 0 0 0 0 0 0 0 1
0 0 0 0 0 0 0 0 0 0 487 0 0 0 0 8 0 0 0 0 0 0 0 0 0 0 0 0 0 2 0 0 0 0 0 0 0 0 0 0 0 0 0 0 0 0 0 0 0 0 0 0 0 0 0 0 0 0 0 0 0 0 11 0 0 0 0 1 1 0 0 0 0 0 0 0 0 0 0 0 0 0 0 0 1 0 0 0 0 0 0 0 0 0 0 0 0 0 0 0 0 0 0 0 0 0 0 0 0 0 0 0 55 0 0 0 0 0 0 0 0 0 0 0 0 0 0 0 0 0 0 0 0 0 0 0 0 0 0 0 0 0 0 0 0 0 0 0 0 0 12 0 39
0 0 0 0 0 0 0 53 0 0 0 0 75 0 0 1 0 0 0 0 0 0 0 0 0 0 0 0 0 0 0 0 0 0 0 0 0 0 0 0 0 0 0 0 0 0 0 0 0 0 0 0 0 0 0 0 0 0 0 0 0 0 2 0 0 0 0 0 0 0 0 0 0 0 0 0 0 0 0 0 0 0 0 0 0 0 0 0 0 0 0 0 0 0 0 0 0 0 0 0 0 0 0 0 0 0 0 0 0 0 0 0 0 0 0 0 0 0 0 0 0 0 0 0 0 0 0 0 0 0 0 0 0 0 0 0 0 0 0 0 0 0 0 0 0 0 0 0 0 0 0 0 1
0 0 0 0 0 0 114 187 10 15 411 0 0 0 1 0 0 0 0 0 0 0 0 0 73 34 1573 1482 759 1283 2575 14354 22 682 0 190 0 0 0 0 0 0 0 0 7 0 0 0 1 0 0 0 2 0 3 11 2 3 3 3 1 0 9 7 0 0 0 0 0 0 0 0 0 0 0 0 0 0 0 0 0 0 0 3 1 0 0 0 0 0 0 0 0 0 0 0 0 0 0 0 0 0 0 0 0 0 0 0 0 0 0 0 0 0 0 2 0 0 0 0 0 0 0 0 0 0 0 12 0 0 53 48 0 0 0 0 0 0 0 0 0 0 0 0 0 0 0 0 0 0 0 0 0
0 0 0 0 0 0 0 0 0 0 0 1 0 0 0 0 0 0 0 0 0 0 0 0 0 0 0 0 0 0 75 0 0 0 0 0 0 261 0 0 0 0 0 0 0 0 0 0 0 0 0 0 0 0 0 0 0 0 0 0 0 0 0 0 0 0 0 0 0 0 0 0 0 0 0 0 0 0 0 0 0 0 0 0 0 2 0 0 0 0 0 0 0 0 0 0 0 0 0 0 0 0 0 0 0 0 0 0 0 0 0 0 0 0 0 0 0 0 0 0 0 0 0 0 0 0 0 0 0 0 0 0 0 0 0 0 0 0 0 0 0 0 0 0 0 0 0 0 0 0 0 0 0
0 0 83 3 0 234 128 348 90 119 153 217 1 0 0 1838 554 8 0 0 0 0 0 2 392 58 3 2 2 4 21 0 1 2 0 0 0 393 0 66 27522 21207 9953 5 17 9 0 319 33 28007 0 564 160 70 2 30 3 15 7 2 235 0 59 20 0 0 0 2 2 465 790 11785 463 722 589 99 34 41 83 66 85 74 308 257 4 16 8 389 1067 0 0 0 0 0 2896 22006 5 6259 0 0 0 3 0 2 3 71 0 0 0 0 0 0 0 0 0 4 0 0 0 0 0 0 0 0 0 0 0 6 0 0 0 6 643 38 28 0 40 73 0 11 28 31 26 9 18 13 0 20 18 0 12 0 0
0 0 3 2 1 7 0 1 0 0 1 0 5 1 0 315 0 0 0 0 0 0 0 0 49 60 0 0 0 0 8 0 0 0 0 0 6393 3 0 0 0 3 4 7 13 1 0 0 11 0 0 5 6 5 5 8 4 7 6 1 5 0 532 3 1 0 0 0 0 0 0 0 0 0 0 0 0 0 0 0 0 0 0 1 0 0 0 0 0 0 0 0 0 0 0 0 0 6 0 0 0 0 0 0 0 0 0 0 0 0 0 0 93 0 0 1 9 6 0 17 0 0 0 0 0 0 0 11 0 0 0 0 0 0 0 0 0 0 0 0 0 0 0 0 0 0 0 0 0 0 2 0 0
0 0 0 0 0 0 0 0 0 0 0 0 0 0 0 0 0 0 0 0 0 0 0 0 0 0 0 0 0 134 0 0 0 0 0 0 0 0 0 0 0 64 0 0 1 0 0 0 1 4 0 0 0 0 0 1 0 0 0 0 0 0 0 1 0 0 40 398 390 0 0 3 1 3 0 0 0 138 0 0 0 0 0 0 0 0 0 0 7 36026 0 0 0 0 33 4 0 73 0 0 0 0 0 0 0 16520 0 0 0 0 0 0 0 0 0 0 0 0 0 0 0 0 0 0 0 0 0 0 0 0 0 0 0 0 0 0 0 0 0 0 0 0 0 0 0 0 0 0 0 0 0 0 0
0 0 0 0 268 0 0 0 0 0 0 0 0 0 0 1 0 0 0 0 0 0 0 1 0 0 0 0 0 67 0 0 0 0 0 0 0 0 0 0 0 6 0 0 0 0 0 0 0 0 0 0 0 0 0 0 0 0 0 0 0 0 0 1 0 0 0 0 0 0 5 4 0 0 0 0 0 0 0 0 0 0 0 0 0 0 0 0 0 0 1703 0 0 0 2 0 0 4 0 0 0 0 0 0 0 152 11 0 0 0 0 0 0 0 0 0 0 0 0 0 0 0 0 0 0 0 0 0 0 0 0 0 0 0 0 0 0 0 0 0 0 0 0 0 0 0 0 0 0 0 0 0 0
0 0 0 0 0 0 0 0 0 0 0 0 0 0 0 0 0 0 0 0 0 0 0 0 5 0 0 0 0 0 0 0 0 0 0 0 0 0 0 0 0 0 0 0 0 4054 4319 4419 4281 185 4383 3772 4343 3904 3559 4327 2927 1906 3611 488 4359 0 36 133 62 0 0 0 0 0 0 0 0 0 0 0 0 0 0 0 0 0 0 0 0 0 0 0 0 0 0 0 0 0 73 134 0 1167 0 0 0 0 0 0 0 1 0 0 0 0 0 0 0 0 0 0 0 0 0 0 0 0 0 0 0 0 0 0 0 0 0 0 0 0 0 0 0 0 0 0 0 0 0 0 0 0 0 0 0 0 0 0 0
0 0 0 0 0 0 0 0 0 0 0 0 0 0 0 0 2 0 0 0 0 0 0 0 0 0 0 0 0 0 0 0 0 0 0 0 0 0 0 0 0 0 0 0 5 0 0 0 0 0 0 2 3 0 2 3 2 3 7 0 2 0 0 48 0 0 0 0 0 0 0 1 23 0 0 0 0 0 0 1725 0 0 0 0 0 0 0 0 13 0 0 0 0 0 0 0 0 3 0 0 0 0 0 0 0 0 0 0 0 0 0 0 0 0 0 0 0 0 0 0 0 0 0 0 0 0 0 0 0 0 0 0 0 0 0 0 0 0 0 0 0 0 0 0 0 0 0 0 0 0 0 0 0
0 0 0 0 0 0 0 0 0 0 0 0 0 0 0 0 123 0 0 0 0 0 81 0 47 0 0 0 0 0 0 0 0 0 0 0 0 14 14 3 0 0 0 0 54 3 0 1 5 61 17 24 28 0 38 36 18 28 27 4 20 0 0 76 0 0 0 0 0 0 0 3 19 0 0 801 0 0 1 0 17457 0 0 455 0 0 0 0 52 0 0 0 0 0 0 0 0 37 0 0 0 0 0 0 0 0 0 0 0 0 5 0 0 0 0 0 0 0 0 0 0 0 0 0 0 0 2 0 0 0 0 0 0 0 0 0 0 0 0 0 0 0 0 0 0 0 0 0 0 0 0 0 0
0 0 0 0 0 0 0 0 0 0 0 0 0 0 0 0 3 0 2 0 0 0 0 0 0 0 0 0 0 0 0 0 0 0 0 0 0 0 0 0 0 0 0 0 1 0 0 0 0 0 0 0 0 0 0 1 0 0 0 0 0 0 0 1 0 0 0 0 0 0 0 0 0 0 0 0 2344 0 0 0 0 0 0 0 0 0 0 0 1 0 0 0 0 0 0 0 0 0 0 0 0 0 0 0 0 0 0 0 0 0 0 0 0 0 0 0 0 0 0 0 0 0 0 0 0 0 0 0 0 0 0 0 0 1212 0 0 0 0 0 0 2561 0 0 0 0 0 0 0 0 0 0 0 0
0 0 0 0 0 0 0 0 0 0 0 0 0 0 0 0 12 0 0 0 0 0 0 0 0 0 0 0 0 0 0 0 0 0 0 0 0 0 0 0 0 0 0 0 2 0 0 0 0 0 0 182 1 0 1 2 1 1 4 0 1 0 0 29 0 0 0 0 0 0 0 0 0 0 0 0 0 0 974 0 0 1537 0 0 0 0 0 0 5 0 0 0 0 0 0 0 0 1 0 0 0 0 0 0 0 0 0 0 0 0 0 0 0 0 0 0 0 0 0 0 0 0 0 0 0 0 0 0 0 0 0 0 0 0 0 0 0 0 0 0 0 0 0 0 0 0 0 0 0 0 0 0 0
0 0 0 0 0 0 0 0 0 0 0 0 0 0 0 9 193 0 0 0 0 0 0 0 0 0 0 0 0 4 0 0 0 0 0 0 5 0 0 0 0 0 0 0 73 4 0 0 64 0 0 177 37 0 27 48 24 39 38 5 27 0 0 111 14 0 1 12 11 0 0 1 24 0 0 0 0 1 1 0 29068 1230 0 0 0 0 0 0 28 0 0 0 0 0 16 0 0 42 0 0 0 0 0 0 0 0 0 0 0 0 0 0 0 0 0 0 0 0 0 0 0 0 0 0 0 0 0 0 0 0 0 0 0 0 0 0 1 0 0 0 0 0 0 0 0 0 0 0 0 0 0 0 0
0 0 0 0 0 0 0 0 0 0 0 0 0 0 0 4 0 0 0 0 0 0 0 0 0 0 0 0 0 0 0 0 0 0 0 0 0 0 0 0 0 0 0 0 0 0 0 0 0 0 0 0 0 0 0 0 0 0 0 0 0 0 0 0 0 0 0 0 0 0 0 0 0 0 0 0 0 0 0 0 0 0 0 0 0 0 1 0 0 0 0 0 0 0 0 0 0 0 0 0 0 0 0 0 0 0 0 0 0 0 0 0 0 0 0 0 0 0 0 0 0 0 0 0 0 0 0 0 0 0 0 0 0 0 0 0 0 0 0 0 0 0 0 0 0 0 0 0 0 0 0 0 0
0 0 0 0 0 0 0 0 0 0 0 0 0 0 0 36 1 0 3661 0 0 4217 2557 39387 0 0 0 0 0 48 0 0 1 0 0 0 4 0 0 0 0 307 0 0 0 0 0 0 1 0 0 0 0 0 0 2 0 0 3 0 0 0 0 61 27 0 15 144 139 0 3343 3169 22295 9430 857 601 2146 513 829 2233 916 694 0 0 21 23 0 0 1645 0 369 0 9 110 224 105 182 284 0 0 1104 1104 1104 1091 975 59 33 0 0 0 0 0 0 0 0 0 0 0 0 0 0 0 0 0 0 0 0 0 0 0 0 0 951 90 63 0 3290 403 0 0 28 46 0 0 0 136 0 0 0 0 0 0 0
0 0 0 196 105 18 0 0 0 0 2 0 0 0 0 904 0 1 632 3334 3069 928 601 3052 1187 0 58 51 24 523 71 51 1 0 0 0 0 0 10 0 0 0 0 0 21 1 8 0 18 0 0 0 0 151 10 12 32 10 507 66 0 0 270 4352 2351 293 141 1386 1359 0 1127 452 1895 77 1301 8 875 555 0 66 158 1469 0 0 2 17 2 0 176 0 62 0 0 0 74 8 0 29 0 0 176 176 176 173 28 0 8 0 0 0 0 0 0 0 0 0 0 0 0 0 0 0 0 0 0 0 0 0 0 0 0 0 286 3 1 0 438 60 0 0 0 0 0 0 0 18 0 0 0 0 0 0 0
0 0 0 0 0 0 0 0 0 0 0 0 10 0 1 0 1 0 1 4 3 1 0 0 1 0 0 0 20 18 111 0 36 0 0 0 0 0 0 0 0 0 0 0 0 0 0 0 0 0 0 0 0 0 22 0 0 0 0 0 0 0 0 0 0 0 0 0 0 0 0 0 0 0 0 0 0 0 0 0 0 0 0 0 12 0 0 0 0 0 0 0 0 0 0 0 0 0 0 0 0 0 0 0 0 0 0 0 0 29 0 0 822 0 0 1 8 12 1 0 0 0 0 0 0 7 0 6 0 0 0 11 0 0 0 0 0 0 0 0 0 0 0 0 0 0 0 0 0 34 153 1 0
0 0 0 0 0 0 0 0 0 0 0 0 10 0 2 0 0 0 1 3 2 1 0 0 1 0 14 0 28 29 129 0 11 0 0 0 0 0 0 0 0 0 0 0 0 0 0 0 0 0 0 0 0 0 0 0 0 0 0 0 0 0 0 0 0 0 0 0 0 0 0 0 0 0 0 0 0 0 0 0 0 0 0 0 7 0 0 0 0 0 0 0 0 0 0 0 0 0 0 0 0 0 0 0 0 0 0 0 0 29 0 0 303 0 0 1 1018 14 1 0 0 0 0 0 0 7 0 8 0 0 0 11 0 0 0 0 0 0 0 0 0 0 0 0 0 0 0 0 0 36 37 0 0
0 0 0 0 0 0 0 0 0 0 0 0 1 0 1 0 0 0 21 0 3 7 1 15 0 0 0 0 0 0 16 0 44 8633 0 0 0 267 0 0 0 0 0 0 0 0 0 0 0 1 0 0 0 0 0 0 1 0 0 10770 0 0 0 0 0 0 4 0 0 118 25 20 16 29 22 0 0 0 0 0 0 0 0 0 1 0 0 25 0 0 0 0 0 0 0 0 0 0 0 0 0 0 0 0 0 0 0 0 0 3 0 0 18 0 0 10 372 0 0 0 0 0 0 0 0 0 0 9 0 0 0 1 0 0 0 0 0 0 0 0 0 0 0 0 0 0 0 0 0 4 1 0 0
0 0 0 0 0 0 0 0 0 0 29 0 1 0 1 0 0 0 0 0 0 0 0 0 0 0 0 0 3 0 44 0 118 0 0 0 55 0 0 0 0 0 0 0 0 0 0 0 0 0 0 0 0 0 0 0 0 0 0 0 0 0 0 0 0 0 0 0 0 0 0 0 0 0 0 0 0 0 0 0 0 0 0 0 0 0 0 0 0 0 0 0 0 0 0 0 0 0 0 0 0 0 0 0 0 0 0 0 0 0 0 0 0 0 0 0 0 2 0 0 0 0 0 0 0 0 0 0 0 0 0 0 0 0 0 0 0 0 0 0 0 0 0 0 0 0 0 0 0 0 0 0 0
0 0 0 0 0 0 108 292 76 100 128 0 0 0 0 65 1 0 0 0 0 0 0 0 2 0 0 0 0 0 0 0 1632 0 0 0 134 0 0 11 0 0 0 0 2 4 1 4 7 0 0 0 4 0 5 6 4 6 5 1 4 0 0 0 0 0 5 47 46 0 0 1 1 0 0 0 0 0 0 0 0 0 0 0 0 0 0 0 0 0 0 0 0 0 0 0 0 4 0 0 2 2 2 2 0 0 0 0 0 0 0 0 27 0 0 0 0 2 0 0 0 0 0 0 0 0 0 0 0 0 0 0 0 0 0 0 0 0 0 0 0 0 0 0 0 0 0 0 0 7 8 0 0
0 0 0 0 1 0 676 6541 4073 272 2244 0 76 18 50 0 4 0 5 24 18 5 3 0 35 0 144 135 72 120 295 0 3123 0 0 172 94 0 0 0 0 0 0 124 2 0 1 0 1 0 0 0 0 0 1 4 1 1 1 1 0 0 0 4 0 0 0 0 0 0 0 0 0 0 0 0 0 0 0 0 0 0 0 6 54 0 0 0 0 0 0 0 0 0 0 0 0 0 0 0 0 0 0 0 0 0 0 0 0 228 0 0 2373 0 0 12 147 99 16 0 0 0 69 0 0 545 0 180 0 0 58 89 7 5 0 0 7 5 0 0 4 13 2 0 3 14 0 18 15 269 481 26 0
0 0 0 0 0 0 0 0 0 0 0 0 0 0 0 0 0 0 0 0 0 0 0 0 0 0 0 0 0 0 0 0 0 0 0 0 0 0 0 0 0 0 0 0 0 0 0 0 0 0 0 0 0 0 0 0 0 0 0 14 0 0 0 0 0 0 0 0 0 0 0 0 0 0 0 0 0 0 0 0 0 0 0 0 0 0 0 0 0 0 0 0 0 0 0 0 0 0 0 0 0 0 0 0 0 0 0 0 0 0 0 0 0 0 0 0 0 0 0 0 0 0 0 0 0 0 0 0 0 0 0 0 0 0 0 0 0 0 0 0 0 0 0 0 0 0 0 0 0 0 0 0 0
0 0 0 0 0 0 220 591 155 204 262 0 6 0 0 0 0 0 0 0 2 0 0 0 1 358 27 16 0 34 123 84 98 0 0 211 194 0 0 0 0 0 0 0 0 0 0 0 0 0 0 0 0 0 0 0 54 0 0 0 0 0 0 0 0 0 0 0 0 0 0 0 0 0 0 0 0 0 0 0 0 0 0 0 4 0 0 0 0 0 0 0 0 0 0 0 0 0 0 0 0 0 0 0 0 0 0 0 0 3 0 0 162 0 0 1 0 6 0 0 0 0 0 0 0 0 0 4 0 0 0 6 0 0 0 0 0 0 0 0 0 0 0 0 0 0 0 0 0 18 32 0 0
0 0 0 0 0 0 19419 21941 10341 21411 17013 1468 418 14 65 1812 47 0 8 42 32 9 8 2 119 945 2222 1881 18879 1735 3111 176 304 895 0 2098 1911 19 4 252 0 27 0 1822 73 157 211 168 229 14 140 0 202 185 329 215 4913 204 196 24 192 0 2913 194 105 766 144 1293 1268 0 0 23 41 10 54 0 5 502 0 1 2 2 0 15 78 10 0 0 7 0 2 0 0 0 43 21 10 154 0 0 61 62 61 61 7 0 12 0 0 882 0 0 2639 0 0 19 140 102 17 0 0 0 95 0 0 631 0 250 0 0 31 114 19 10 2 0 36 12 0 1 9 23 15 6 17 23 0 26 24 306 546 47 0
0 0 0 0 1 0 2760 2242 1648 2861 2118 0 72 0 33 1226 7 16 5 26 20 5 4 1 72 1580 183 153 108 450 481 0 5 0 0 0 1283 10 2 153 0 3 0 222 48 139 173 149 189 11 61 0 168 119 138 178 307 173 161 20 164 0 1844 130 38 87 97 876 859 0 0 15 27 7 30 0 2 329 0 0 1 0 0 0 66 7 0 0 9 0 0 0 0 0 39 11 6 135 0 0 43 43 43 43 0 0 8 0 0 635 0 0 3006 0 0 13 108 89 11 0 0 0 7 0 0 294 0 121 0 0 0 84 12 6 1 0 24 7 0 0 5 15 7 0 8 16 0 18 17 243 593 29 0
0 0 0 0 1 0 6180 1102 1341 6775 6019 1109 81 8 0 279 8 0 4 20 15 4 0 1 0 275 419 176 16741 0 0 0 230 0 0 0 0 36 2 620 0 0 0 516 11 170 186 185 190 12 136 0 113 0 308 190 4557 189 161 21 151 0 0 37 0 0 25 199 195 0 0 10 19 1 0 0 0 44 0 0 0 0 0 0 35 8 0 0 1 0 0 0 0 0 38 8 3 129 0 0 30 30 30 30 0 0 9 0 0 568 0 0 0 0 0 10 0 111 16 0 0 0 0 0 0 270 0 105 0 0 0 85 7 1 0 0 19 2 0 0 1 7 0 0 0 10 0 15 11 298 51 3 0
0 0 0 0 0 0 0 0 0 0 0 0 0 0 0 19 0 0 2 0 20 4 3 131 52 4 1 1 0 45 855 1 2 278 0 0 0 0 3141 1169 0 0 0 0 1 0 0 1 1 65 0 0 0 0 0 1 1 0 10 342 0 0 0 83 43 0 13 131 129 76 308 57 26 16 199 0 325 0 0 0 0 0 0 0 4 67 88 0 0 0 0 0 0 0 3 0 0 20 0 0 0 0 0 0 0 167 0 0 0 0 0 0 0 0 0 12 0 131 0 0 0 0 0 0 0 0 0 0 0 0 0 0 15 6 7 0 27 7 0 0 2 2 0 0 0 8 0 12 8 0 1 0 0
2 4 1 2 2 3 1 3 1 1 2 1 2 0 0 1 0 0 3 0 18 4 8 2 0 0 0 0 0 1 1 0 0 0 0 0 0 0 0 140 0 0 0 0 0 0 0 0 0 0 0 0 0 0 0 0 0 0 0 0 0 0 0 0 0 0 0 0 0 0 0 0 1 0 0 0 0 0 0 0 0 0 0 0 10 0 0 0 0 0 0 0 0 0 0 19 0 0 0 0 5 5 5 9 0 0 0 0 0 0 0 0 0 0 0 0 0 249 3 0 0 0 0 0 0 0 0 17 0 0 0 0 195 245 172 267 199 269 255 320 184 283 264 230 337 292 246 310 306 15 5 0 0
0 0 0 0 0 0 0 0 0 0 0 0 3 0 0 0 0 0 1 0 10 1 2 1 1 0 0 0 0 0 0 0 0 20 0 0 0 0 0 0 0 0 0 0 0 0 0 0 0 0 0 0 0 0 0 0 0 0 0 24 0 0 0 0 0 0 0 0 0 0 0 0 1 0 0 0 0 0 0 0 0 0 0 0 22 56 0 0 0 0 0 0 0 0 0 3 0 0 0 0 0 0 0 1 0 0 0 0 0 0 0 0 2152 0 0 1 0 0 0 0 0 0 0 0 0 0 0 0 0 0 0 0 41 52 37 0 47 57 0 42 37 55 38 3 53 62 0 70 65 0 390 0 0
12 25 8 13 13 7 7 20 6 8 10 14 24 0 0 17938 131 36 4 0 1 1 9 129 630 103 18 16 2 20 68 24 58 1464 20 42 65 261 6 24 0 4549 0 0 37 33 66 159 47 11391 0 0 96 45 28 44 30 37 30 1814 126 18 0 16 0 0 42 10 6 0 57 5936 1016 770 705 182 411 78 83 90 250 214 0 162 89 318 270 310 2559 0 0 0 0 0 225 16462 0 555 0 0 0 0 0 1 0 0 8 5946 0 65 0 0 0 0 0 20 0 6 0 0 0 0 0 0 0 0 0 50 0 0 38 2 6021 49 23 0 234 54 0 43 36 116 86 0 0 19 0 33 24 47 22 435 0
0 0 0 0 0 0 0 0 0 0 0 0 0 0 0 0 0 1 153 805 412 85 43 0 0 51 13 7 0 9 22 4 2 17 0 0 380 32 4 2 0 0 2956 0 15 3 12 3 16 0 0 0 10 0 9 12 7 11 13 16 6 1 18 40 19 0 3 25 0 273 0 4 2 1 0 0 11 11 30 3 72 56 0 0 0 0 0 0 249 0 0 0 0 0 625 200 0 1367 0 0 0 1 0 0 0 0 0 0 0 4218 0 0 0 0 0 554 0 0 0 0 0 0 0 0 0 0 0 0 0 0 0 0 0 0 17 0 1 12 0 0 2 0 0 0 0 0 0 0 0 120 0 0 0
51 102 28 43 51 69 35 67 30 30 70 64 732 0 0 691 8 0 596 3156 2080 548 466 352 178 2760 9799 968 563 439 765 1606 2415 468 1467 2058 1515 373 761 1091 1050 0 0 932 39 12 33 12 42 107 0 0 28 12 2374 35 426 29 129 262 21 3 0 951 512 0 763 369 338 1614 1134 2385 1147 289 572 300 1070 111 94 350 224 157 0 84 818 21 11 469 1698 0 0 0 0 0 2269 1006 6 4920 0 0 27 30 27 42 0 0 24 0 449 2721 0 0 110 0 0 321 182 331 0 0 0 0 147 0 0 962 0 466 879 0 303 404 1511 779 1460 1011 1423 919 981 1048 606 907 879 941 1091 926 930 952 947 103 644 331 0
0 0 20 2 21 0 17 41 32 2 4 56 2216 0 0 51 4 0 34 183 188 49 301 30 93 215 25 21 21 47 52 0 2 56 0 0 0 11 120 18 45 229 0 0 31 63 60 67 70 78 1 0 69 63 62 69 70 69 71 85 68 191 58 137 50 0 1329 60 72 78 51 129 67 949 121 274 77 32 60 496 154 183 36 163 1283 27 24 514 82 24 564 98 190 219 194 160 0 233 244 145 608 608 608 601 587 26 1 0 0 403 0 0 123 0 0 6 78 220 93 44 725 139 1242 2031 0 0 0 508 0 162 1062 291 58 32 3235 0 66 30 0 13 35 27 16 3 20 30 0 33 30 1727 1839 26 0
0 0 0 0 0 0 0 0 0 0 0 0 0 0 0 0 12 0 0 0 0 0 0 3 0 0 0 0 0 0 0 0 0 0 0 0 0 0 0 0 0 0 0 0 0 1 8 0 15 0 1 25 5 0 6 10 0 0 0 1 0 0 0 22 0 0 0 0 0 0 6 11 15 7 8 1089 0 0 0 0 0 179 0 0 0 0 0 0 26 24680 0 0 0 0 0 1 0 9 0 0 0 0 0 0 0 0 0 0 0 0 0 0 0 0 0 0 0 0 0 0 0 0 0 0 0 0 0 0 0 0 0 0 0 0 0 0 8 0 0 0 0 0 0 0 0 0 0 0 0 0 0 0 0
0 0 0 0 0 0 0 0 0 0 0 0 0 0 0 0 0 0 0 0 0 0 0 0 0 0 0 0 0 0 0 0 0 0 0 0 0 0 0 0 0 0 0 0 0 0 0 0 0 0 0 0 0 0 0 0 0 0 0 0 0 0 0 0 0 0 0 0 0 0 0 0 0 0 0 8 0 0 0 0 0 0 0 0 0 0 0 0 0 0 0 0 0 0 0 0 0 0 0 0 0 0 0 0 0 0 0 0 0 0 0 0 0 0 0 0 0 0 0 0 0 0 0 0 0 0 0 0 0 0 0 0 0 0 0 0 0 0 0 0 0 0 0 0 0 0 0 0 0 0 0 0 0
662 1062 74 748 293 448 113 172 94 114 102 101 89 45 314 2 1 0 96 400 162 61 32 1 71 0 1 1 0 196 0 0 0 17 0 0 0 1 1 1 0 0 0 0 0 18623 0 20301 19664 846 16837 17321 19945 17569 13400 19879 11009 19278 16430 2247 20019 85 0 621 279 0 0 2 0 0 0 3 33 4 3 0 0 0 0 0 0 0 0 0 6 6 21 0 0 0 1 0 0 0 335 619 0 5361 0 0 39 40 39 39 0 0 0 0 105 62 0 0 1 162 0 0 1503 1686 127 0 0 0 0 0 0 77 0 0 0 40 20 5 8 9 0 0 12 16 0 0 40 109 62 32 15 27 0 13 12 61 74 30 0
0 0 0 0 0 0 0 0 0 0 0 0 0 0 0 0 0 0 0 0 0 0 0 0 0 0 0 0 0 0 0 0 0 0 0 0 0 0 0 0 0 0 0 0 0 0 0 0 0 0 0 0 0 0 0 0 0 0 0 0 0 0 0 0 0 0 0 0 0 0 0 0 0 0 0 0 0 0 0 0 0 0 0 0 0 0 0 0 0 0 0 0 0 0 0 0 0 0 0 0 0 0 0 0 0 0 0 0 0 0 0 0 0 0 0 0 0 0 5 0 0 0 0 0 0 0 0 0 0 0 0 0 0 0 0 0 0 0 0 0 0 0 0 0 0 0 0 0 0 0 0 0 0
0 0 0 1 0 0 0 0 0 0 0 0 0 0 0 0 0 0 12 0 21 6 0 0 0 0 0 0 0 0 0 0 0 0 0 0 0 0 0 0 0 0 0 0 0 0 0 0 0 0 0 0 0 0 0 0 0 0 0 0 0 1 0 0 0 0 0 0 0 0 0 0 1 0 0 0 0 0 0 0 0 0 0 0 0 0 3 0 0 0 0 0 0 0 0 0 0 0 0 0 0 0 0 0 0 0 0 0 0 0 0 0 0 0 0 0 0 0 5225 0 0 0 0 0 0 0 0 0 0 0 0 0 0 0 0 0 0 0 0 0 0 0 0 0 0 0 0 0 0 4 0 0 0
0 0 0 0 0 0 0 0 0 0 0 0 0 0 0 0 0 0 0 0 0 0 0 0 0 0 0 0 0 0 0 0 0 0 0 0 0 0 0 0 0 0 0 0 0 4 0 5 4 0 0 0 4 0 0 4 0 0 0 1 4 0 0 0 0 0 0 0 0 0 0 0 0 0 0 0 0 0 0 0 0 0 0 0 0 0 0 0 0 0 0 0 0 0 0 0 0 1 0 0 0 0 0 0 0 0 0 0 0 0 0 0 0 0 0 0 0 0 0 0 0 0 0 0 0 0 0 0 0 0 0 0 0 0 0 0 0 0 0 0 0 0 0 0 0 0 0 0 0 0 0 0 0
4750 7762 604 5357 2090 3349 806 1228 668 820 730 739 53 833 3104 9 3 0 1807 0 1760 506 293 19 1499 93 27 27 10 1408 50 56 26 483 0 0 0 25 7 4 12 31 12 0 0 3121 0 3402 3296 176 0 2914 3339 2624 0 3332 0 2594 2573 851 3352 139 0 116 43 0 1 5 0 364 146 251 1121 191 184 11 64 107 67 96 166 134 0 51 11 16 186 0 700 0 0 0 0 0 434 107 0 916 0 0 0 0 0 0 0 7155 0 470 1215 124 0 0 11 0 0 0 2211 4453 0 0 0 0 0 0 9 220 0 0 0 30 57 47 86 18 5 0 52 185 0 0 91 125 87 67 60 109 0 29 26 43 33 97 0
496 799 57 561 220 338 85 130 71 86 81 79 113 0 0 141 12 0 0 0 0 0 0 0 563 456 144 124 67 216 146 398 85 66 166 364 288 15 2 1 184 2796 2205 12 0 0 0 3 5 237 0 0 0 0 0 4 0 0 0 0 0 0 77 45 13 0 1 13 0 4 0 121 381 30 6 0 0 0 0 0 0 0 0 0 17 3 19 0 138 0 0 0 0 0 583 251 1 1263 0 0 0 0 0 1 0 0 5 0 509 0 0 0 27 0 0 0 13 606 0 0 0 0 4 0 0 145 0 0 0 0 13 78 80 89 116 0 76 90 0 0 139 116 240 173 149 119 0 105 103 107 99 202 0
0 0 0 0 0 0 0 0 0 0 0 0 0 0 0 71 0 0 0 0 0 0 0 0 2 0 1 1 0 0 0 0 0 1 0 0 0 0 0 0 0 0 0 0 0 4 0 4 6 0 0 0 0 0 0 6 0 0 0 1 1 0 0 3 304 0 0 1 0 0 0 0 0 0 0 0 0 0 0 0 0 0 0 0 0 0 0 0 0 10 65 0 0 0 448 13 0 2 0 0 0 0 0 0 0 880 0 0 0 0 0 0 0 0 0 0 0 0 0 0 0 0 0 0 0 0 0 0 0 0 0 0 0 0 0 0 0 0 0 0 0 0 0 0 0 0 0 0 0 0 0 0 0
0 14 0 20 8 0 3 4 2 3 3 1 0 0 0 298 3 0 929 4884 2530 527 237 68 127 0 17 15 6 13 24 34 1 21 0 0 163 32 6 5 0 17 0 0 10 352 0 384 383 19 0 358 351 0 0 384 0 0 576 58 379 760 310 3929 2132 0 1 5 0 189 266 560 90 20 43 0 200 16 43 60 62 205 0 7 0 16 31 0 79 0 17 0 0 10 277 21 16 137 0 0 4307 4305 4307 4255 4099 273 0 0 0 0 0 0 0 0 0 0 0 0 0 0 0 0 0 0 0 0 0 0 0 0 0 0 202 0 0 0 20 81 0 0 0 0 0 0 0 25 0 0 0 0 0 0 0
0 0 0 0 0 0 0 0 0 0 0 0 0 0 0 0 0 0 0 0 0 0 0 0 3 0 0 0 0 0 0 0 0 0 0 0 0 0 0 0 0 0 0 0 0 2765 0 3014 2919 122 252 2555 2958 2350 0 2951 0 2356 2295 333 2970 0 0 91 34 0 0 0 0 0 0 0 0 0 0 0 0 0 0 0 0 0 0 0 0 0 0 0 0 0 0 0 0 0 49 90 0 796 0 0 0 0 0 0 0 0 0 0 0 0 0 0 0 0 0 0 0 0 0 0 0 0 0 0 0 0 0 0 0 0 0 0 0 0 0 0 0 0 0 0 0 0 0 0 0 0 0 0 0 0 0 0 0
0 0 0 0 0 0 0 0 0 0 0 0 0 0 0 0 0 0 0 0 0 0 0 0 0 0 0 0 0 0 0 0 0 0 0 0 0 0 0 0 0 0 0 0 0 0 0 0 0 0 0 0 0 0 0 0 0 0 0 0 0 0 0 0 0 0 0 0 0 0 0 0 0 0 0 0 0 0 0 0 0 0 0 0 0 0 0 0 0 0 0 0 0 0 0 0 0 0 0 0 0 0 0 0 0 0 0 0 0 0 0 0 0 0 0 0 0 0 0 0 0 0 0 0 0 0 0 0 0 0 0 0 0 0 0 0 0 0 0 0 0 0 0 0 0 0 0 0 0 0 0 0 0
0 0 0 0 0 0 0 0 0 0 0 0 0 0 0 73 0 0 0 0 0 0 0 0 3 0 0 0 0 0 0 0 0 0 0 0 0 0 0 0 0 0 0 0 2094 2591 0 2605 2524 106 305 2143 2557 2037 85 2551 0 2058 1990 288 2567 0 0 80 30 0 0 0 0 0 0 1 1 2 0 0 0 0 0 0 0 0 0 0 0 0 0 0 0 1 26 0 0 0 284 88 5 701 0 0 2 3 3 3 0 0 0 0 0 0 0 0 0 0 0 0 0 0 0 0 0 0 0 0 0 0 0 0 0 0 0 0 14 0 0 0 0 0 0 0 0 0 0 0 0 0 0 0 0 0 0 0 0
0 0 0 0 0 0 0 0 0 0 0 0 0 0 0 31 0 0 0 0 0 0 0 0 0 0 0 0 0 0 0 0 0 0 0 0 0 0 0 0 0 0 0 0 922 793 0 767 743 28 0 652 749 293 0 751 0 0 414 85 753 0 0 24 0 0 0 0 0 0 0 1 0 1 0 0 0 0 0 0 0 0 0 0 0 0 0 0 0 0 8 0 0 0 117 27 2 208 0 0 1 1 1 1 0 0 0 0 0 0 0 0 0 0 0 0 0 0 0 0 0 0 0 0 0 0 0 0 0 0 0 0 0 0 0 0 0 0 0 0 0 0 0 0 0 0 0 0 0 0 0 0 0
0 0 0 0 0 0 0 0 0 0 0 0 0 0 0 9 0 0 0 0 0 0 0 0 0 0 0 0 0 0 0 0 0 0 0 0 0 0 0 0 0 0 0 0 257 226 0 218 212 5 0 180 169 0 0 214 0 0 0 24 211 0 0 7 0 0 0 0 0 0 0 0 0 0 0 0 0 0 0 0 0 0 0 0 0 0 0 0 0 0 0 0 0 0 20 5 0 59 0 0 0 0 0 0 0 0 0 0 0 0 0 0 0 0 0 0 0 0 0 0 0 0 0 0 0 0 0 0 0 0 0 0 0 0 0 0 0 0 0 0 0 0 0 0 0 0 0 0 0 0 0 0 0
0 0 0 0 0 0 0 0 0 0 0 0 0 0 0 0 0 0 0 0 0 0 0 342 163 0 0 0 0 0 0 0 0 0 0 0 0 0 0 0 0 0 0 0 0 0 0 0 0 0 0 0 0 0 0 0 0 0 0 0 0 0 0 0 0 0 0 0 0 0 734 1094 1492 642 0 0 0 0 0 79 0 0 0 0 0 0 0 0 0 0 0 0 0 0 0 0 0 1 0 0 0 0 0 0 0 0 0 0 0 0 0 0 0 0 0 0 0 0 0 0 0 0 0 0 0 0 0 0 0 0 0 0 413 0 0 0 1054 0 0 0 0 0 0 0 0 0 0 0 0 0 0 0 0
0 0 0 0 0 0 0 0 0 0 0 0 0 0 0 33 1 0 0 0 0 0 0 33 27 1 1 1 0 1 0 0 0 0 0 0 0 0 0 0 0 0 0 0 0 3 0 3 5 0 0 71 0 0 0 4 0 0 0 0 0 0 0 9 0 0 0 3 0 0 111 102 139 67 154 0 94 20 0 16 26 603 0 0 0 0 0 0 2 8 61 0 0 13 449 19 8 10 0 0 0 0 0 0 0 1414 0 0 0 0 0 0 0 0 0 0 0 0 0 0 0 0 0 0 0 0 0 0 0 0 0 0 29 0 0 0 96 0 0 0 0 0 0 0 0 0 0 0 0 0 0 0 0
0 0 0 0 0 0 0 0 0 0 0 0 0 0 0 0 0 0 0 0 0 0 0 0 0 0 0 0 0 0 0 0 0 0 0 0 0 0 0 0 0 0 0 0 0 0 0 0 0 0 0 0 0 0 0 0 0 0 0 0 0 0 0 0 0 0 0 0 0 0 0 0 0 0 0 0 0 0 0 0 0 0 0 0 0 0 0 0 0 0 0 0 0 0 0 0 0 0 0 0 0 0 0 0 0 0 0 0 0 0 0 0 0 0 0 0 0 0 0 0 0 0 0 0 0 0 0 0 0 0 0 0 0 0 0 0 0 0 0 0 0 0 0 0 0 0 0 0 0 0 0 0 0
0 0 0 3 5 0 0 0 0 0 0 0 0 0 0 2436 1 0 1219 6371 3295 679 230 46 22 0 48 42 2 205 309 26 28 243 0 0 2135 1279 137 440 72 0 176 0 3532 468 30 144 229 32 128 0 74 0 127 204 107 186 170 280 122 4912 0 60 0 0 61 596 578 7180 0 26 22 20 253 0 107 219 0 0 134 58 8 0 11 303 217 97 99 0 0 0 0 0 255 99 0 649 0 0 0 0 0 0 0 30 0 0 0 0 0 0 0 0 0 0 0 0 0 0 0 0 0 0 0 0 0 0 0 0 0 1087 0 0 14 0 0 105 0 0 0 0 0 0 0 29 0 0 0 75 0 173 1
153 58 15 173 177 30 3 4 1 2 3 0 0 0 0 0 0 0 0 0 0 0 0 0 0 0 0 0 0 73 0 0 0 3 0 0 0 0 0 0 0 0 0 0 0 0 0 0 0 0 0 0 0 0 0 0 0 0 0 0 0 0 0 0 0 0 0 0 0 0 0 0 0 0 0 0 0 0 0 0 0 0 0 0 0 0 0 0 0 0 0 0 0 0 0 0 0 0 0 0 0 0 0 0 0 0 0 0 0 0 0 0 0 0 0 0 0 0 0 0 0 0 0 0 0 0 0 0 0 0 0 0 0 0 0 0 0 0 0 0 0 0 0 0 0 0 0 0 0 0 0 0 0
10020 4411 993 11158 11385 1930 265 286 160 278 205 153 13 27 0 160 0 0 116 707 379 63 0 1 0 0 9 11 0 4697 29 1 1 187 0 0 151 0 0 0 19 0 0 0 185 26 0 8 14 1 0 0 0 0 0 12 0 0 7 1 6 268 234 1 0 0 1 8 0 0 0 0 1 0 0 0 0 1 0 0 0 0 0 0 0 0 0 0 0 0 0 0 0 0 2 0 0 8 0 0 0 0 0 0 0 0 0 0 0 0 0 0 0 0 0 0 0 0 0 0 0 0 0 0 0 0 0 0 0 0 0 0 0 0 0 0 0 7 0 0 0 0 0 0 0 0 0 0 0 7 0 1 1
15786 7812 1757 19738 20141 3415 470 508 284 494 373 278 124 422 0 716 59 8 503 2465 1878 396 316 1244 1900 0 271 224 108 9827 207 991 26 1661 0 0 1004 8 2804 180 273 3356 1612 27 58529 8495 3120 3143 3111 140 3138 2813 3124 3120 2597 3125 2228 3139 3137 1914 3124 44651 909 4427 2689 0 437 4304 4222 0 1904 846 1399 652 4594 1565 1683 4256 905 808 1116 0 266 0 35 135 450 0 1820 39 2179 0 398 205 1271 941 274 2456 497 225 4161 4161 4161 4127 3910 12 373 0 104 247 0 0 0 0 0 3 0 0 51 0 0 0 0 0 0 1252 0 20 0 0 0 1599 2985 3106 1219 2478 2402 2818 3840 1340 1408 4510 5358 3821 3425 2664 2965 2524 2576 50 86 828 31
0 0 0 0 0 0 0 0 0 0 0 0 0 0 0 0 401 14 0 0 0 0 0 0 0 0 0 0 0 0 0 0 0 0 0 0 0 0 0 0 0 0 0 0 0 0 0 0 0 0 0 0 0 0 0 0 0 0 0 0 0 0 0 0 0 0 0 0 0 0 0 0 0 0 0 0 0 0 0 0 0 0 0 0 0 0 0 0 4 0 0 0 0 0 0 0 0 0 0 0 0 0 0 0 0 0 0 0 0 0 0 0 0 0 0 0 0 0 0 0 0 0 0 0 0 0 0 0 0 0 0 0 0 0 0 0 0 0 0 0 0 0 0 0 0 0 0 0 0 0 0 0 0
0 0 0 0 0 0 0 0 0 0 0 0 0 0 0 0 57605 8805 0 0 0 0 0 0 0 0 0 0 0 0 0 0 0 0 0 0 0 0 0 0 0 0 0 0 0 0 0 0 0 0 0 0 0 0 0 0 0 0 0 0 0 0 0 1 0 0 0 0 0 0 0 0 0 0 0 0 0 0 0 0 0 0 0 0 0 0 0 0 526 0 0 0 0 0 0 0 0 0 0 0 0 0 0 0 0 0 0 0 0 0 0 0 0 0 0 0 0 0 0 0 0 0 0 0 0 0 0 0 0 0 0 0 0 0 0 0 0 0 0 0 0 0 0 0 0 0 0 0 0 0 0 0 0
0 0 0 0 0 0 0 0 0 0 0 0 0 0 0 0 0 0 0 1 1 0 0 0 0 0 0 0 0 0 0 0 0 0 0 0 0 0 0 0 0 4 0 0 0 703 748 766 742 32 756 641 752 672 617 750 512 756 628 85 753 0 0 23 3 0 0 0 0 0 0 0 0 0 0 0 0 0 0 0 0 0 0 0 0 4 75 0 3 0 0 0 0 0 21 18 0 222 0 0 0 0 0 0 0 28799 0 0 0 0 0 0 0 0 0 0 0 0 0 0 0 0 0 0 0 0 0 0 0 0 0 0 0 0 15 0 0 0 0 0 0 0 0 0 0 0 0 0 0 0 0 0 0
0 8 2 3 3 3 3 7 0 3 23 5 24 0 1 604 93 36 196 1008 994 306 204 231 280 1221 489 369 0 347 314 1944 309 1251 674 975 831 0 724 3295 69 0 0 0 69 14 45 16 60 317 0 0 40 0 118 48 195 40 94 1422 34 205 0 550 296 509 83 657 644 0 642 264 250 210 432 0 623 249 10 11862 38 6 0 69 20 0 316 110 59 0 0 0 0 0 51 10 0 129 0 0 8 8 8 0 0 0 10 3574 0 92 0 0 0 0 0 1286 0 5 0 0 0 0 0 0 0 1098 0 0 0 0 11 57 151 58 65 0 147 83 0 51 42 66 51 0 50 74 0 74 70 25 0 620 39
1 30 9 13 12 21 9 19 0 9 11 15 5 0 0 144 0 0 737 3880 72 1174 772 2117 0 0 16 13 0 88 66 39 4 493 18 44 161 0 13 3 0 320 0 0 0 1 2 15 7 1310 0 2 10 0 4 5 7 3 5 0 0 0 22 17 7 0 23 225 221 0 0 583 54 93 0 0 6439 0 7 0 0 0 0 0 9 455 145 0 0 0 0 0 0 0 65 19 0 148 0 0 11 11 11 11 0 0 0 0 361 0 0 0 0 0 0 0 0 0 0 0 0 0 0 0 0 0 0 22 0 0 0 0 0 0 0 0 16 66 0 0 0 0 0 0 0 20 0 0 0 1 0 0 0
0 0 0 0 0 0 0 0 0 0 0 0 1 0 0 0 0 0 0 0 1 0 0 0 0 0 0 0 0 0 0 0 0 0 0 0 0 0 0 0 0 0 0 0 0 0 0 0 0 0 0 0 0 0 0 0 0 0 0 0 0 0 0 0 0 0 0 0 0 0 0 0 0 0 0 0 0 0 0 0 0 0 0 0 1 0 0 0 0 0 0 0 0 0 0 0 0 0 0 0 2 2 2 2 0 0 0 0 0 0 0 0 0 0 0 0 0 2 0 0 0 0 0 0 0 0 0 0 0 0 0 0 0 0 0 0 0 0 0 0 0 0 0 0 0 0 0 0 0 0 0 1 0
0 0 0 0 0 0 0 0 0 0 0 0 0 0 0 0 0 0 0 0 8 1 0 1 0 0 0 0 0 0 0 0 0 1 0 0 0 0 0 0 0 0 0 0 0 0 0 0 0 2 0 0 0 0 0 0 0 0 0 0 0 0 0 0 0 0 0 0 0 0 0 97 0 0 0 0 0 0 0 0 0 0 0 0 0 0 0 0 0 0 0 0 0 0 0 0 0 0 0 0 1 1 1 1 0 0 0 0 0 0 0 0 0 0 0 0 0 0 0 0 0 0 0 0 0 0 0 0 0 0 0 0 28 0 0 0 465 0 0 0 0 0 0 0 0 0 0 0 0 0 0 0 0
0 0 0 0 0 0 0 0 0 0 0 0 0 0 0 0 0 0 71 375 196 41 19 96 0 0 0 0 0 0 6 0 1 64 0 0 0 0 0 0 0 0 0 0 0 0 0 0 0 2 0 0 0 0 0 0 0 0 0 0 0 0 0 1 0 0 0 1 0 0 0 2 5 0 0 0 17 32 4 1301 0 0 0 0 0 14 0 10 0 0 0 0 0 0 0 0 0 4 0 0 10 10 10 10 0 0 16 3498 0 0 0 0 0 0 0 1917 0 0 0 0 0 0 0 0 0 0 0 0 0 0 0 0 0 0 0 0 43 0 0 0 0 0 7099 0 0 0 0 0 0 4 0 18 0
4 29 8 13 12 21 9 19 0 9 10 15 3 0 0 40 24 0 182 966 650 175 102 342 0 0 3 2 0 14 7 6 1 64 0 0 21 0 1 0 0 59 0 0 0 0 0 1 7 102 0 0 4 0 3 5 2 4 9 78 0 0 0 52 17 0 2 20 20 0 721 1319 3170 4371 0 0 673 2101 0 762 0 0 0 0 0 126 14 0 1069 0 0 0 0 0 23 0 0 60 0 0 3 3 3 4 0 0 21 0 0 0 0 0 0 0 0 0 0 0 0 0 0 0 0 0 0 0 0 0 0 0 0 0 507 30 20 0 2301 53 0 15 21 34 0 6 26 45 0 45 41 0 0 114 0
0 0 0 0 0 0 0 0 0 0 0 0 0 0 0 10 145 30 25 0 85 17 14 65 0 0 3 2 1 6 99 3 9 1460 4 8 14 544 70 15 0 20 0 0 0 0 94 2 137 195 0 591 77 25 89 98 50 79 76 1820 56 0 68 217 88 0 2 10 9 594 946 939 561 3036 1367 0 93 0 12 41 0 3247 11597 2010 0 1712 1986 0 380 0 0 0 0 0 16 0 0 199 0 0 0 0 0 0 0 0 0 0 0 0 0 0 0 0 0 18 0 0 0 0 0 0 0 0 0 0 0 0 0 0 0 0 0 0 0 0 0 0 0 0 0 0 0 0 0 0 0 0 0 0 0 0 0
0 0 0 0 0 0 0 0 0 0 0 0 0 0 0 19 3 0 15 2 0 3 2 4 0 0 1 0 0 10 4 0 8 1591 0 0 18 0 1 0 0 0 0 0 3 0 5 0 12 2 0 1591 6 0 5 8 4 7 7 965 0 0 0 17 6 0 3 27 26 0 0 232 129 0 0 0 0 0 7 0 0 13493 0 0 0 6 2 0 0 0 0 0 0 0 3 0 0 9 0 0 0 0 0 0 0 0 0 0 0 0 0 0 0 0 0 1 0 0 0 0 0 0 0 0 0 0 0 0 0 0 0 0 51 2736 0 0 81 0 0 0 5745 0 0 0 0 0 0 0 0 0 0 0 0
0 0 0 0 0 0 0 0 0 0 0 0 0 0 0 0 15 0 5 8 17 3 0 59 0 0 6 5 3 13 4 9 1 208 0 0 0 18 11 2 0 0 0 0 4 0 1 0 4 20 0 78 2 0 7 3 4 2 2 246 0 0 0 7 0 0 3 29 29 0 147 107 199 0 0 54 165 0 4 0 0 0 0 0 0 134 37 0 573 0 0 0 0 0 6 0 0 32 0 0 0 0 0 0 0 0 0 0 0 0 0 0 0 0 0 1 0 0 0 0 0 0 0 0 0 0 0 0 0 0 0 0 0 0 0 0 105 0 0 0 0 0 0 0 0 0 0 0 0 0 0 0 0
0 0 0 0 0 0 0 0 0 0 0 0 0 0 0 1885 105 0 1 0 1 0 0 0 0 179 35 31 1 1 56 14 2 25 2 97 2032 19 0 0 0 0 0 0 84 3 53 0 79 0 0 22 44 0 32 56 28 45 43 7 13 0 3106 16 3 0 0 2 2 0 0 48 3 0 30 0 0 0 0 0 0 17 0 0 0 2 4 26 0 0 0 0 0 0 5 1 0 46 0 0 0 0 0 0 0 0 0 0 0 0 0 0 0 0 0 0 0 0 0 0 0 0 0 0 0 0 0 0 0 0 0 0 0 0 0 0 0 0 0 0 0 0 0 0 0 0 0 0 0 0 0 0 0
0 0 0 0 0 0 0 0 0 0 0 0 0 0 0 10 24 0 0 5 12 2 1 2 0 0 0 0 0 5 11 0 0 40 0 0 10 34 2 1 0 0 0 0 46 0 28 0 44 3 0 19 24 0 18 31 16 25 24 0 0 0 44 66 25 0 1 13 12 0 21 32 14 0 0 0 7 4 8 0 0 112 0 0 0 34 70 0 0 0 0 0 0 0 12 0 0 35 0 0 0 0 0 0 0 0 0 0 0 0 0 0 0 0 0 0 0 0 0 0 0 0 0 0 0 0 0 0 0 0 0 0 0 0 0 0 0 0 0 0 0 0 0 0 0 0 0 0 0 0 0 0 0
0 0 0 0 0 0 0 0 0 0 0 0 0 0 0 2 84 1 2 0 4 4 0 6 0 0 0 0 0 1 2 0 1 279 0 0 1 16 0 0 0 0 0 0 25 1 9 0 22 3 0 70 13 0 10 16 8 13 13 347 0 0 0 35 1 0 0 3 2 0 1 110 92 10 145 285 4 1501 2804 1011 0 643 0 0 0 19 35 0 0 0 0 0 0 0 5 0 0 19 0 0 0 0 0 0 0 0 0 0 0 0 0 0 0 0 0 0 0 0 0 0 0 0 0 0 0 0 0 0 0 0 0 0 0 0 0 0 18 0 0 0 0 0 0 0 0 0 0 0 0 0 0 0 0
0 0 0 0 0 0 0 0 0 0 0 0 0 0 0 114 15 1 0 0 3 0 0 13 0 0 2 2 0 673 12 1 1 160 0 5 4 52 10 1 0 0 0 0 0 0 12 0 20 21 0 58 11 0 13 14 7 12 11 192 0 0 0 27 7 867 203 2001 1963 0 84 110 52 317 125 0 0 38 0 0 0 0 0 0 0 605 379 0 101 0 0 0 0 0 5 0 0 24 0 0 0 0 0 0 0 0 12049 0 0 0 0 0 0 0 0 2 0 0 0 0 0 0 0 0 0 0 0 0 0 0 0 0 0 0 0 0 0 0 0 0 0 0 0 0 0 0 0 0 0 0 0 0 0
118 261 75 118 84 186 83 177 0 80 98 137 41 0 0 157 133 1 147 666 648 204 161 1592 1166 805 191 158 89 203 228 627 389 7213 408 619 477 693 236 220 287 556 302 0 140 21 93 25 126 869 36 1099 80 49 146 98 148 79 75 8885 66 247 0 185 89 0 96 202 199 6812 215 950 1069 733 757 0 519 1523 1062 862 3006 7879 0 2113 80 1691 12502 0 1638 0 0 0 0 0 83 62 0 287 0 0 5 6 5 8 0 0 11 9691 0 395 0 0 0 0 0 114 0 1 0 0 0 0 0 0 0 0 0 94 30 0 12 2 275 331 105 136 237 174 130 177 487 189 175 146 191 173 124 181 176 10 16 171 0
372 794 314 425 489 626 14 43 16 15 21 0 5 0 0 101 21 0 190 0 1051 313 630 370 252 20 3 3 1 222 66 0 8 586 0 6 62 443 282 248 0 36 0 0 20 3 12 5 17 387 0 106 11 0 112 18 7 10 18 716 8 7 85 123 61 326 2092 93 136 0 189 162 294 186 149 0 115 45 329 310 800 698 0 0 1832 6694 1055 37 1276 0 0 0 0 0 15 7 0 84 0 0 0 0 0 0 0 9 2954 1076 0 61 0 0 9 0 0 146 0 0 0 0 0 0 0 0 0 0 0 263 12 2593 0 178 13 53 0 0 26 11 0 0 117 0 0 0 0 0 0 0 0 0 0 0 0
0 0 0 0 0 0 0 0 0 0 0 0 3 0 129 2 2 0 0 2 23 1 225 0 0 0 0 0 0 1 0 0 1 0 0 0 0 0 0 0 0 3 0 0 0 0 0 0 0 0 0 0 0 0 0 0 0 0 0 0 0 0 0 4 1 0 1109 8 31 0 0 0 0 0 0 0 0 1 0 0 0 0 0 0 0 0 0 0 4 0 0 0 0 0 0 0 0 0 0 0 0 0 0 0 0 0 0 0 0 0 0 0 0 0 0 2 0 0 0 0 0 0 0 0 0 0 0 0 0 0 0 0 0 0 0 0 8 0 0 0 0 0 0 0 0 0 0 3 0 0 0 0 0
0 0 0 0 0 0 0 0 0 0 0 0 0 0 0 0 0 0 0 0 0 0 0 0 0 0 0 0 0 0 0 0 1 145 0 0 0 0 1 0 0 3 0 0 0 0 0 0 0 0 0 0 0 0 0 0 0 0 0 177 0 0 0 12 4 0 0 0 0 106 0 2 0 0 0 0 0 0 0 0 0 0 0 0 1 0 50 0 0 0 0 0 0 0 0 0 0 0 0 0 0 0 0 0 0 0 0 0 988 75 0 0 0 0 0 1 0 0 0 0 0 0 0 0 0 0 0 0 0 0 0 0 0 0 0 0 0 0 0 0 0 0 0 0 0 0 0 0 0 0 0 0 0
0 0 0 0 0 0 0 0 0 0 0 0 0 0 898 0 0 0 0 1 10 0 100 0 0 0 0 0 0 0 1 0 0 8 0 0 0 0 0 0 0 0 0 0 0 0 0 0 0 0 0 0 0 0 0 0 0 0 0 10 0 0 0 2 0 0 495 2 0 0 0 2 1 2 0 0 0 0 0 0 0 0 0 0 428 0 0 0 4 0 0 0 0 0 0 0 0 0 0 0 0 0 0 0 0 0 0 0 0 44 0 0 0 68 0 0 134 523 4042 0 0 0 0 0 0 1015 0 0 0 487 0 0 0 0 0 0 0 0 0 0 0 0 0 0 0 0 0 0 0 0 0 0 0
1320 2783 832 1345 1367 1884 932 2529 659 863 1111 1585 200 0 246 147 5 0 829 4351 4295 1322 886 20 244 234 61 56 0 635 116 51 7 1164 83 178 176 96 1040 190 0 66 0 0 52 86 82 92 91 254 38 75 88 70 78 91 90 90 77 1385 89 448 0 27 9 25 70 35 35 0 98 356 195 0 174 268 50 50 0 53 174 305 249 0 102 719 1497 0 205 0 17 0 0 0 54 309 0 128 14 0 29 29 29 66 9 0 54 0 0 0 0 0 0 0 0 167 0 8974 0 0 16 0 0 0 0 110 0 93 0 0 143 343 1891 2207 1564 3230 1756 2489 3138 3145 1681 2589 2558 2844 3220 2651 2967 2741 2738 0 0 342 7
0 0 0 0 0 0 0 0 0 0 1 0 0 0 0 0 29 0 0 0 0 0 0 90 0 0 12 24 18 3 6 29 20 3 0 0 0 0 2 0 0 0 0 0 0 0 11 0 20 0 0 0 11 0 10 14 2 7 10 2 0 0 0 31 13 0 0 0 0 0 400 2 2 3 0 0 390 0 500 647 1113 0 0 0 0 0 0 0 0 0 169 0 0 0 155 18 46 42 0 0 269 270 271 266 173 0 0 0 0 0 0 0 0 0 0 0 0 0 0 0 0 0 0 0 0 0 0 0 0 0 0 0 0 21 0 0 0 0 0 0 121 0 0 0 0 0 0 0 0 0 0 0 0
6 17 82 8 2 16 12 14 30 13 11 6 19 3 27 0 2 0 60 300 254 86 44 19 15 19 7 5 3 9 17 25 95 7 10 17 25 40 15 5 31 58 29 0 0 3 4 4 5 30 4 5 0 4 5 5 0 2 6 7 0 0 29 23 14 0 28 17 17 31 12 20 27 22 29 68 8 85 8 14 33 6 7 4 24 14 6 5 42 0 0 0 0 0 9 6 0 20 143 137 0 0 0 0 0 7 35 0 7 0 0 0 13 3 0 3 0 1 0 6 0 0 0 0 0 0 0 0 0 6 4 5 2 1 2 0 13 10 0 0 10 0 0 0 0 0 0 0 0 48 14 0 82
12 30 145 14 4 27 21 24 53 23 19 11 37 5 50 30 0 0 108 547 461 157 82 28 0 0 13 10 5 17 31 48 183 13 0 17 35 77 30 11 59 117 46 0 3 6 0 7 9 56 7 9 0 0 8 8 0 0 9 12 0 0 50 37 14 0 50 30 29 53 18 36 47 37 51 120 15 143 14 25 57 10 16 9 44 28 12 0 0 0 0 0 0 0 16 11 0 38 239 230 0 0 0 0 0 13 64 0 0 0 12 0 0 8 0 5 0 1 0 6 0 0 0 0 0 0 0 0 0 0 5 16 0 0 0 0 0 0 0 0 0 0 0 0 0 0 0 0 0 93 35 8 8
59 155 740 69 21 140 109 123 269 116 99 58 214 29 363 107 9 0 483 2436 2051 697 359 143 407 168 53 43 23 67 141 206 777 44 84 136 169 344 145 50 202 569 264 0 11 9 13 11 19 177 13 20 13 21 19 16 29 13 29 36 9 0 178 140 90 0 167 105 106 224 104 141 399 188 239 441 69 508 61 105 223 46 76 40 154 131 55 67 307 0 0 0 0 0 79 50 0 178 476 458 0 0 0 1 0 54 376 0 90 31 0 36 147 46 25 28 13 8 0 75 0 0 0 2 61 0 0 6 0 139 117 88 72 77 70 0 126 149 0 0 164 121 58 0 0 0 0 0 0 580 203 67 10
36 94 452 42 13 86 67 75 164 71 61 36 133 15 170 91 8 0 350 1766 1487 505 523 131 0 125 44 36 19 53 111 170 643 40 65 109 140 269 118 40 195 387 178 0 9 16 14 19 24 183 20 25 15 10 23 22 23 17 31 35 3 0 151 118 74 0 161 89 90 176 67 119 139 130 169 349 50 407 42 77 175 31 68 38 144 101 46 42 218 0 0 0 0 0 53 35 0 124 657 632 0 0 0 1 0 45 219 0 52 0 0 0 97 28 0 18 9 6 0 51 0 0 0 0 0 0 0 0 0 63 65 52 38 38 32 0 90 87 0 0 87 31 0 0 0 0 0 0 0 329 122 40 25
19 50 241 22 7 46 36 40 88 38 32 19 71 10 123 34 4 0 155 781 673 223 116 66 0 36 19 15 8 22 49 73 277 15 22 42 52 120 54 18 72 183 81 0 4 3 0 4 6 64 4 7 5 0 7 5 2 1 9 12 0 0 56 44 26 0 58 33 34 71 28 46 65 56 73 136 410 158 17 32 68 13 26 15 53 47 21 14 92 0 0 0 0 0 25 16 0 57 150 144 0 0 0 0 0 17 123 0 40 0 0 0 38 15 0 9 4 4 0 24 0 0 0 0 0 0 0 0 0 0 0 27 0 185 0 0 47 8 0 0 425 0 0 0 0 0 0 0 0 190 63 17 1
0 0 6 1 0 0 1 1 2 1 1 0 2 0 2 0 0 0 3 11 19 6 0 1 0 0 1 0 0 1 0 2 8 1 0 0 0 0 1 0 0 0 0 0 0 0 0 0 0 2 0 0 0 0 0 0 0 0 0 0 0 0 0 1 0 0 2 1 0 0 0 1 2 1 0 0 0 0 0 0 0 0 0 0 2 1 0 0 0 0 0 0 0 0 0 0 0 2 0 0 0 0 0 0 0 0 2 0 0 0 0 0 0 0 0 0 0 0 0 0 0 0 0 0 0 0 0 0 0 0 0 0 0 0 0 0 0 0 0 0 0 0 0 0 0 0 0 0 0 4 0 0 5
6 14 77 7 2 13 11 13 28 12 10 6 23 0 40 0 0 0 48 238 206 319 42 14 0 0 5 4 2 6 13 19 76 4 0 0 0 29 0 0 0 0 0 0 0 0 0 1 1 16 0 0 0 0 0 1 0 0 0 3 0 0 0 12 5 0 15 10 0 0 0 12 20 16 6 9 5 41 0 6 18 0 0 0 12 12 5 0 0 0 0 0 0 0 8 0 0 18 0 0 0 0 0 0 0 0 36 0 0 0 0 0 0 0 0 0 0 1 0 0 0 0 0 0 0 0 0 0 0 0 0 7 0 0 0 0 1 0 0 0 0 0 0 0 0 0 0 0 0 63 19 0 1
1 1 7 1 0 1 1 1 3 1 1 1 2 0 3 1 0 0 5 23 19 7 3 905 0 2 1 0 0 1 1 2 7 0 0 0 0 3 0 0 2 4 0 0 0 0 0 0 0 2 0 0 0 0 0 0 0 0 0 0 0 0 1 1 1 0 2 1 1 1 1 1 2 2 2 4 1 5 1 1 2 0 0 0 1 1 1 1 0 0 0 0 0 0 1 0 0 2 5 5 0 0 0 0 0 0 2 0 1 1 0 0 1 0 0 0 0 0 0 0 0 0 0 0 0 0 0 0 0 0 0 0 0 0 0 0 0 0 0 0 0 0 0 0 0 0 0 0 0 5 0 0 0
0 0 0 0 0 0 0 0 0 0 0 0 0 0 0 0 0 0 0 0 0 0 0 0 0 0 0 0 0 0 0 0 0 0 0 0 0 0 0 0 0 0 0 0 0 0 0 0 0 0 0 0 0 0 0 0 0 0 0 0 0 0 0 0 0 0 0 0 0 0 0 0 0 0 0 0 0 0 0 0 0 0 0 0 0 0 0 0 0 0 0 0 0 0 0 0 0 0 0 0 0 0 0 0 0 0 0 0 0 0 0 0 0 0 0 0 0 0 0 0 0 0 0 0 0 0 0 0 0 0 0 0 0 0 0 0 0 0 0 0 0 0 0 0 0 0 0 0 0 0 0 0 1
124 326 1592 148 42 300 233 260 576 249 210 118 150 65 275 15 13 0 994 0 1 1434 683 295 275 308 62 45 26 99 8 0 1557 54 45 207 125 13 274 93 319 1176 0 0 3 7 3 12 10 315 10 22 11 5 23 10 51 9 39 62 11 0 4 246 158 0 73 197 194 7 179 249 413 355 464 14 134 953 97 191 323 71 3 4 55 1 110 0 489 0 0 0 0 0 47 3 0 123 0 0 0 0 0 1 0 0 256 0 33 0 0 0 0 31 0 19 8 5 0 47 0 0 0 0 0 0 0 0 0 0 0 0 48 23 35 0 126 128 0 0 70 10 0 0 0 0 0 0 0 0 121 45 32
184 479 2283 212 65 433 338 382 832 357 304 183 792 93 0 290 20 0 1422 1 2315 2051 1046 421 518 496 152 124 66 190 412 590 2230 119 247 395 472 1005 423 146 457 1718 19 0 19 11 17 17 28 455 19 38 23 23 39 23 78 21 63 90 22 0 465 360 231 0 439 283 286 623 267 363 596 517 671 309 193 1365 142 276 515 105 208 109 407 387 158 234 726 0 0 0 0 0 72 61 0 187 853 0 0 0 0 3 0 0 1406 0 352 112 0 0 0 167 137 103 45 29 0 265 87 0 112 198 0 0 0 60 0 0 0 0 348 382 295 118 438 560 89 20 634 531 403 0 0 71 0 51 26 2200 672 252 148
0 0 0 0 0 0 0 0 0 0 0 0 0 0 0 0 1 0 0 0 0 0 0 0 0 0 0 0 0 0 0 0 0 0 0 0 0 0 0 0 0 0 0 0 3 0 0 0 1 0 0 1 0 0 0 1 0 0 0 0 0 0 1 1 1 0 0 0 0 0 0 0 0 0 0 63 0 0 0 0 0 4 0 0 0 0 0 0 0 0 0 0 0 0 0 0 0 0 0 0 0 0 59 58 59 1 0 0 0 0 0 0 0 0 0 0 0 0 0 0 0 0 0 0 0 0 0 0 0 0 0 0 0 0 0 0 0 0 0 0 0 0 0 0 0 0 0 0 0 0 0 0 1575
0 0 0 0 0 0 0 0 0 0 0 0 0 0 0 0 0 0 0 0 0 0 0 0 0 0 0 0 0 0 0 0 0 0 0 0 0 0 0 0 0 0 0 0 1 0 0 0 0 0 0 0 0 0 0 0 0 0 0 0 0 0 0 1 0 0 0 0 0 0 0 0 0 0 0 32 0 0 0 0 0 2 0 0 0 0 0 0 0 0 0 0 0 0 0 0 0 0 0 0 858 0 917 905 915 3 0 0 0 0 0 0 0 0 0 0 0 0 0 0 0 0 0 0 0 0 0 0 0 0 0 0 0 0 0 0 0 0 0 0 0 0 0 0 0 0 0 0 0 0 0 0 0
0 0 0 0 1 0 0 0 0 0 0 0 0 0 0 0 0 0 0 0 0 0 0 0 0 0 0 0 0 0 0 0 0 0 0 0 0 0 0 0 0 0 0 0 0 0 0 0 0 0 0 0 0 0 0 0 0 0 0 0 0 0 0 0 0 0 0 0 0 0 0 0 0 0 0 0 0 0 0 0 0 0 0 0 0 0 0 0 0 0 0 0 0 0 0 0 0 0 0 0 0 0 0 0 0 0 0 0 0 0 0 0 0 0 0 0 0 0 0 0 0 0 0 0 0 0 0 0 0 0 0 0 0 0 0 0 0 0 0 0 0 0 0 0 0 0 0 0 0 0 0 0 2867
0 0 0 0 1 0 0 0 0 0 0 0 4 0 3 0 0 0 0 0 0 0 0 0 0 0 0 0 0 0 0 0 2 1 0 0 0 0 0 0 0 0 0 0 0 0 0 0 0 0 0 0 0 0 0 0 0 0 0 2 0 0 0 0 0 0 0 0 0 2 0 0 0 0 0 0 0 0 0 0 0 0 0 0 0 0 0 0 0 0 0 0 0 0 0 0 0 0 0 0 0 0 0 0 0 4 1 0 0 0 0 0 0 0 0 0 0 0 0 0 0 0 0 0 0 0 0 0 0 0 0 0 0 0 0 0 0 0 0 0 0 0 0 0 0 0 0 0 0 9 0 0 3892
13 34 164 15 4 31 24 27 59 26 23 12 27 0 41 315 4 132 0 0 1 0 11 62 0 0 35 29 14 102 162 124 464 38 0 50 283 462 190 67 56 756 319 0 16 179 161 194 202 17 197 173 199 0 167 200 146 199 209 55 197 0 435 341 222 0 80 265 261 227 202 148 118 457 624 387 159 127 4 89 7 27 25 14 48 7 1 0 0 9 210 25 33 34 296 103 32 305 34 33 0 0 0 0 0 848 42 0 13 0 7 0 0 6 0 0 1 1 0 0 0 9 0 0 0 0 11 0 4 0 0 0 0 0 0 0 0 0 0 0 0 0 0 0 0 0 0 0 0 73 0 0 2
2 3 1 0 1 1 1 2 2 0 3 3 89 0 260 0 0 0 52 264 223 76 48 4 0 175 64 51 28 47 118 253 956 27 106 164 154 0 102 35 262 247 76 0 3 4 2 8 9 288 0 13 0 0 14 8 32 7 19 12 0 0 0 102 66 0 66 80 0 73 0 132 30 36 46 41 13 213 20 26 70 3 9 0 61 58 24 31 114 0 0 0 0 0 34 19 0 79 160 10 0 0 0 0 0 0 225 0 0 4 0 0 83 9 0 15 0 5 0 0 0 0 0 0 15 0 0 0 0 0 82 47 33 42 39 0 55 63 0 0 90 27 0 0 0 0 0 0 0 356 123 22 1
3 3 3 4 2 3 1 2 2 1 1 2 54 1 3 2 0 0 1 2 31 2 4 3 0 0 0 0 0 1 3 1 0 1 0 0 0 11 6 6 0 1 0 0 11 5 4 4 4 0 1 0 4 3 3 4 3 4 3 1 4 33 3 1 1 0 10 1 1 0 1 1 2 0 0 2 2 1 1 1 4 0 0 0 16 6 2 0 14 0 0 0 0 0 0 0 0 3 0 0 5 5 5 0 0 0 0 0 0 0 0 0 160 0 0 0 77 0 17 1 3 0 200 0 0 0 0 0 0 113 278 33 0 0 0 0 0 0 0 0 0 0 0 0 0 0 0 0 0 1 77 0 165
9903 16075 6552 11997 13578 17172 397 1054 462 366 526 690 660 56 319 684 27 1 619 3021 3999 1099 208 533 558 325 527 315 519 5557 650 401 411 2042 303 365 775 1087 1306 1117 0 344 348 323 311 845 852 901 898 915 0 822 900 874 830 898 754 899 881 2285 900 8111 851 1203 652 664 71 697 684 0 39 210 700 0 269 1071 183 452 110 258 712 244 0 0 122 1161 234 865 218 780 15387 5271 12500 13013 3930 3749 12243 4097 16636 15926 6874 6872 6874 6802 6865 958 2027 0 542 656 0 455 821 240 0 10831 386 503 1248 816 692 61 190 326 7000 0 241 664 360 3631 923 294 597 657 536 825 910 764 789 878 515 751 722 780 912 786 759 805 799 26 514 565 47
1490 3497 928 1450 1496 2890 980 1519 650 947 954 1316 223 2 234 91 94 725 0 1 10 1 103 30 48 79 29 52 61 680 249 45 246 123 15 59 79 682 436 232 12 172 0 0 23 285 0 308 302 22 0 0 305 280 256 305 229 306 265 133 305 121 154 90 62 0 509 62 72 469 0 30 98 222 212 3 89 27 59 43 193 138 69 100 443 0 85 278 16 0 36 0 0 0 32 36 0 146 0 0 0 0 0 0 0 42 151 0 0 659 0 0 0 0 0 185 206 285 1043 0 0 0 0 0 0 592 0 65 0 0 281 174 94 110 98 93 154 116 88 131 88 121 110 111 141 126 87 135 132 1774 155 206 7
91 212 57 86 91 173 60 94 41 56 57 83 207 330 2 39 4 1 0 0 4 0 38 5 10 14 0 0 0 37 11 0 2 0 0 0 0 115 200 128 0 0 0 0 2 32 0 34 28 4 0 6 35 32 30 36 25 36 32 20 35 1 67 38 3 0 189 5 8 0 10 73 15 67 42 15 13 33 13 36 16 28 0 0 174 0 0 36 17 2 143 0 82 77 31 65 0 37 67 0 254 254 254 250 247 0 274 0 0 0 0 0 0 0 0 0 3 260 0 0 0 0 0 0 0 0 0 152 0 0 0 0 51 26 8 0 28 21 0 0 111 194 144 125 96 62 43 40 41 0 159 0 26
2290 5146 1457 2218 2313 3721 1584 3024 1101 1461 1658 2551 4772 899 445 1587 99 0 2240 0 2 3495 2299 697 1444 2920 666 597 312 1908 1811 818 973 1532 1756 2431 2927 3244 5305 1842 274 4869 1452 6172 88 16 55 15 88 110 13 335 55 101 93 68 367 56 113 1441 45 43 1720 603 323 1395 163 1605 1575 1218 2770 2117 2228 2468 3203 1376 2418 2232 772 1950 6014 2884 1275 696 479 32 3179 5297 3401 2020 0 2307 2277 2569 16436 5754 819 1675 3057 7212 0 1 0 39 0 1814 1527 3100 955 880 0 2927 2585 0 0 13 1750 1808 2369 0 802 392 1336 1454 0 1674 0 1014 0 27 811 1164 2778 2550 7941 3397 3088 2757 3303 3302 2243 2730 2699 2989 3383 2831 3120 2875 2873 2611 4230 2702 147
883 1819 516 835 923 1289 304 857 361 238 431 869 693 326 1443 322 4666 4145 0 0 0 0 8 306 352 467 100 90 43 852 1049 101 654 99 260 377 562 3151 3940 2484 62 741 27 153 417 1452 1524 1542 1518 75 1532 1362 1529 1536 1261 1527 1088 1535 1730 209 1531 3155 446 5808 1598 1261 122 1206 1183 1271 1201 579 182 363 1684 723 955 675 127 245 1735 387 460 255 103 2430 860 128 436 30 766 0 590 29 556 288 77 622 320 49 3499 3498 3499 3454 3468 488 2353 0 679 434 0 0 61 286 0 492 1620 2205 1463 0 301 0 430 110 0 0 0 963 0 0 219 146 1197 1154 566 963 994 1033 888 31 453 270 252 1322 1697 983 1195 977 866 242 596 1069 597
0 0 0 42 74 71 52 127 0 0 53 100 965 104 0 158 0 0 92 449 477 129 147 28 86 121 0 0 0 30 0 0 24 0 0 0 134 16 24 0 2 39 0 0 3 1 0 1 4 11 0 0 3 6 5 3 15 3 7 1 2 3 104 20 20 72 319 86 91 138 105 74 84 121 190 17 81 44 8 35 45 15 58 0 374 36 3 491 34 0 14 0 0 0 27 9 0 37 47 41 273 273 273 267 253 0 0 0 206 338 0 0 0 0 0 89 847 845 1993 461 0 345 848 1119 0 0 0 546 0 526 2601 1534 50 0 56 0 40 2 0 0 0 0 0 0 0 0 0 0 0 1319 314 0 0
2 3 1 1 2 1 1 3 1 1 3 0 89 16 31 1182 12 0 703 3699 3629 1113 770 172 190 178 60 42 7 113 61 169 148 18 30 86 570 86 205 5 31 175 189 39 270 137 0 123 149 51 68 124 139 131 123 143 108 140 125 21 135 347 890 86 45 379 212 304 302 47 65 121 299 126 497 1097 36 172 39 75 176 31 91 22 172 1521 0 175 193 0 0 0 0 0 60 28 0 181 0 0 0 0 0 0 0 0 55 0 13 659 184 0 30 0 0 185 92 57 0 432 1138 0 199 902 0 0 0 248 0 0 604 60 245 15 40 0 161 81 0 2 16 15 7 0 4 38 0 15 13 280 72 649 0
107 234 68 96 105 167 73 151 57 66 169 128 924 252 450 670 33 1 950 5024 3206 813 938 3521 2589 3407 1779 1214 628 494 1433 13005 4914 553 2117 2688 1659 2244 2851 1117 5325 14162 3846 481 484 1849 1971 2024 1951 5091 1986 1880 1984 1834 1933 1966 1816 1967 1778 522 1998 687 898 1385 743 554 2366 270 315 1270 1306 3073 2436 4248 2304 1516 881 718 1107 1393 362 615 780 56 2163 4127 338 6059 814 9 284 0 53 77 1542 721 97 3697 81 0 2133 2134 2133 2108 2126 274 461 712 554 1735 5934 191 282 615 0 2316 464 444 297 2040 2129 385 705 2 0 0 99 782 23 5620 2695 2686 446 87 531 15 784 173 20 43 97 54 46 38 54 84 14 56 54 930 826 5490 0
0 0 0 0 0 0 0 0 0 0 0 0 0 0 0 266 1 0 170 887 456 94 46 0 8 2 0 0 0 0 0 0 0 0 0 0 0 0 0 0 0 0 0 0 0 5289 5555 5766 5585 242 5437 4920 5666 5098 4643 5646 3851 5688 4727 637 5687 0 50 174 83 0 0 1 1 0 6 5 4 0 5 0 0 0 0 0 11 0 0 0 0 0 0 0 36 0 0 0 0 0 95 172 0 1524 0 0 34 35 34 34 30 0 0 0 0 54 0 0 0 0 0 0 0 0 0 0 0 0 0 0 0 0 0 0 0 0 0 0 80 0 0 0 0 13 0 0 0 0 0 0 0 2 0 0 0 0 0 0 0
1 2 1 0 1 0 1 1 1 0 0 2 72 1 0 176 17 0 107 568 357 77 399 67 174 72 0 0 0 10 58 0 565 21 0 0 26 44 52 60 70 351 0 0 693 515 0 492 498 106 0 0 495 452 409 497 339 497 432 87 494 13 315 197 102 52 1761 31 68 173 223 198 239 1069 783 866 381 248 229 2092 234 70 542 381 1558 113 0 98 356 2 53 0 0 0 48 32 0 232 0 0 0 0 0 0 0 15 0 0 0 0 0 0 0 0 0 20 0 23 0 0 0 0 0 0 0 0 0 103 52 0 0 34 57 117 3 0 146 7 0 0 248 0 0 0 0 0 0 0 0 0 0 0 0
0 0 0 0 0 0 0 0 0 0 0 0 1 0 0 1 0 0 1 4 2 0 1 1 1 0 0 0 0 0 0 0 2 0 0 0 0 0 0 0 0 0 0 0 1 7 0 7 7 1 0 0 7 7 6 7 5 7 6 1 7 0 2 1 0 0 6 0 0 0 2 0 1 7 7 1 1 0 0 2 0 0 0 1 5 0 0 0 0 0 0 0 0 0 0 0 0 2 0 0 0 0 0 0 0 0 908 0 0 0 0 0 0 0 0 0 0 0 0 0 0 0 0 0 0 0 0 0 0 0 0 0 0 0 0 0 0 0 0 0 0 0 0 0 0 0 0 0 0 0 0 0 0
19 40 12 17 19 27 13 30 10 11 14 23 116 40 93 4 0 0 0 0 0 0 3 2 26 8 0 0 0 9 2 0 0 0 0 0 0 4 0 6 102 4 1102 0 0 0 0 0 0 5 0 0 0 0 0 0 1 0 0 0 0 0 10 5 2 0 16 2 3 24 1 3 1 4 10 3 6 2 2 5 3 2 5 3 33 3 0 109 93 0 1 0 0 0 227 94 1 490 0 0 14 14 14 14 14 0 0 0 0 609 0 0 0 27 0 26 4977 141 0 0 0 0 0 151 0 0 0 97 0 0 139 0 0 0 40 0 3 2 0 0 0 0 0 0 0 0 0 2 0 0 0 0 0
2 3 1 1 2 7 1 3 1 2 38 3 57 18 0 2327 43 1 2238 6 66 3592 3029 1291 2006 3500 894 721 413 1204 1419 3269 1760 568 1352 2349 2442 2541 3089 1257 4228 5481 5054 0 542 910 899 984 999 3973 809 1115 1000 1024 943 996 1090 985 1032 495 999 3610 2371 1957 1056 2592 3475 2661 2678 1847 2360 4327 2393 3420 4442 3021 1625 1516 338 1054 1475 1612 681 1254 2951 6076 394 8445 7334 0 0 0 0 0 1413 817 2 3308 0 0 19 21 19 49 22 290 0 0 814 20228 7884 385 0 0 0 32 6270 7351 20724 0 572 0 3 0 72 0 0 173 0 0 35 7 2639 1807 1778 2537 2578 2118 2468 2456 1477 2038 2017 2228 2518 2125 2330 2136 2135 22 24 0 0
133 288 86 120 132 191 92 206 73 79 102 169 1183 151 565 479 12 2 746 3936 3789 1142 1240 180 181 835 187 154 90 327 546 575 538 155 256 527 657 1268 1173 2038 500 226 103 0 49 65 42 72 86 495 66 116 80 90 87 82 153 79 87 123 79 180 703 202 107 618 2481 597 637 791 680 485 254 386 494 339 531 365 93 196 529 393 487 11 2222 867 121 0 181 21 676 64 156 228 244 187 261 309 280 0 8284 8281 8284 8182 8259 183 0 0 18 136 0 0 854 0 0 660 1276 1100 2171 0 0 312 2766 2266 0 0 0 325 0 0 2628 0 121 40 128 0 169 91 0 9 62 19 13 4 14 46 0 21 19 3175 1144 15 0
1228 2852 715 1164 1210 2990 691 852 473 693 607 697 510 427 352 551 24 26 1110 5852 3264 721 1030 147 204 902 214 181 97 646 654 661 293 311 419 687 808 1541 2116 1486 427 712 324 0 76 113 95 122 139 405 36 29 131 134 140 134 196 130 150 274 129 86 758 385 205 161 3121 101 165 991 587 687 348 774 620 616 447 745 204 634 224 158 820 842 2844 869 161 422 1182 272 5474 1161 2608 2743 1469 1327 2610 1059 3499 3123 0 0 0 1 0 503 480 0 321 446 0 1722 0 390 0 134 1026 1341 1240 501 0 0 5834 0 1154 1015 0 325 0 0 656 379 311 134 293 97 291 224 93 131 138 124 113 112 140 166 90 133 130 664 500 45 0
249 544 159 249 255 378 176 404 121 163 198 296 123 33 133 165 23 8 243 1282 735 169 200 21 61 171 18 12 14 128 299 0 15 26 0 0 64 881 363 502 99 152 0 0 46 23 43 26 64 143 20 0 47 50 42 53 50 47 68 25 42 4 300 283 149 41 539 15 27 208 83 170 59 78 194 106 62 80 72 12478 40 48 141 204 482 205 27 43 176 0 84 7 48 66 53 29 80 102 69 0 415 415 415 410 408 103 0 0 54 79 0 0 0 0 0 53 305 676 422 0 0 0 0 0 0 1085 0 112 0 0 0 74 46 1 13 0 26 23 0 0 1 0 0 0 0 7 0 2 0 0 0 0 0
111 238 71 109 113 162 78 197 57 71 91 136 274 83 396 465 16 307 416 2193 2146 648 742 67 167 477 90 77 45 270 442 66 103 99 136 284 547 1104 1301 1620 151 45 178 0 112 222 224 234 245 171 173 157 240 237 207 242 214 240 232 95 238 76 636 290 155 522 1606 511 535 607 271 288 230 331 323 345 224 327 163 220 280 244 320 429 1396 786 180 297 412 7 313 0 100 130 133 105 155 260 139 0 1237 1237 1237 1222 1223 113 224 0 98 126 0 0 0 0 0 37 795 529 0 130 0 6495 3595 0 0 396 0 186 0 0 0 0 167 102 112 35 199 131 30 89 101 94 79 70 100 113 33 107 103 0 159 143 24
99 200 65 62 89 104 65 165 73 40 60 150 3168 180 569 437 23 2 531 2805 2589 766 1006 379 462 845 207 171 97 186 297 726 651 165 392 623 493 422 753 294 374 149 186 1424 65 127 106 138 143 429 0 63 140 133 144 141 200 139 125 135 140 345 303 106 54 305 2521 241 290 445 355 369 420 305 282 344 298 325 165 298 918 396 922 346 2643 1233 1206 3448 501 6 432 0 94 185 146 217 248 228 340 323 2021 2021 2021 2008 1995 0 129 0 3208 1982 3439 9242 6441 1502 82 6003 1142 189 2605 0 2708 0 2742 1103 0 2066 1793 3874 0 2788 3635 1908 791 862 1054 1085 756 940 1042 1124 715 956 926 1005 1165 988 995 1018 1012 2032 3841 3425 167
9588 5 4902 8702 9161 24789 4197 4228 2958 4328 3381 3244 657 805 5 319 23 0 208 1096 1093 314 885 20 188 251 0 0 4 4207 196 0 115 318 0 0 0 134 157 41 397 114 0 2157 25 25 0 28 39 197 0 0 34 42 34 35 48 33 42 179 32 67 400 137 68 0 3387 385 448 0 79 206 160 236 320 249 99 277 87 193 518 271 264 270 3027 183 0 0 147 19 406 108 187 203 129 116 198 162 255 178 1250 1250 1250 1235 1244 25 3 1358 0 246 0 93 358 7 12 11 8830 4587 7266 235 27 0 0 0 0 0 1497 229 0 119 194 132 92 63 500 0 86 60 0 27 82 41 28 16 35 51 0 49 46 83 622 2605 0
36 77 21 22 34 46 24 45 26 16 26 26 1077 48 160 605 132 33 167 0 778 236 157 177 399 821 176 139 92 302 331 537 105 1903 43 374 93 679 1059 388 277 813 729 11680 297 1715 1805 1843 1792 379 1813 1706 1815 1675 1524 1810 1338 1820 1587 2516 1821 1990 38 718 387 624 66 637 628 826 679 889 536 578 1194 271 628 640 272 786 1278 1137 599 313 38 1033 404 3805 579 292 5854 1575 2585 2723 1582 1585 2584 1993 3487 3197 0 0 0 5 0 305 436 0 1243 816 1910 1544 977 269 0 395 191 220 4032 436 627 2744 3270 5537 0 0 0 1378 0 221 1501 620 692 366 2634 329 534 339 316 385 371 345 325 335 403 351 303 366 362 488 984 1553 0
0 0 0 0 0 0 0 0 0 0 0 0 12 0 0 37 0 0 693 3544 3744 1083 1567 6 50 60 0 0 0 23 64 0 3 0 0 0 0 149 0 33 0 23 0 0 112 145 125 147 143 68 85 93 144 135 121 144 105 145 134 21 145 89 25 147 28 0 4241 65 153 14 0 138 76 182 170 27 7 24 1 48 106 5 0 0 3697 79 1 0 25 34 27 0 52 71 36 105 87 57 46 0 55 55 55 53 47 3 58 0 0 0 0 0 0 0 0 0 0 0 0 0 0 0 0 0 0 0 0 0 0 609 0 0 44 0 2 0 44 60 0 0 0 0 0 0 0 19 0 0 0 1369 0 0 0
829 1905 483 758 808 1983 455 583 336 450 483 497 2691 439 1676 720 110 69 13477 2 47 8069 4592 3789 2412 4524 10513 807 1625 1539 2995 2662 24981 2403 3144 3855 1259 4962 9249 5964 2174 2060 0 1696 465 1075 1116 1152 1120 2387 1073 1256 1135 1177 3328 1127 1589 1128 1261 2350 1141 226 51 2891 1577 1217 2334 1424 1443 3905 3166 2160 2472 3252 3188 997 2721 3436 1619 1888 1583 2641 0 0 3753 39 7344 3182 2106 397 7960 2370 3383 3528 2136 1995 3335 1521 4532 4271 0 0 0 13 0 1358 1410 0 4120 3414 1668 6446 5626 945 0 3099 0 12076 1621 822 347 1967 3212 2756 448 6505 1197 2315 0 6189 2813 2071 1260 1004 1686 1041 1600 2179 1004 1088 1034 927 897 967 1124 1445 952 986 979 3225 3093 1970 120
166 340 107 164 180 249 125 294 77 101 134 218 610 438 646 242 13 0 1236 3 6510 2000 1616 640 445 1427 298 260 150 517 815 627 708 291 686 1066 667 1682 4153 2449 932 608 648 0 37 56 0 68 55 897 0 4 68 78 85 66 220 64 60 206 69 182 26 84 43 747 1519 843 857 1556 2205 738 409 572 656 630 1646 478 106 250 650 513 1158 0 1350 1154 0 514 306 0 264 0 0 20 369 132 88 458 123 117 6759 6757 6758 6674 6727 214 0 0 31 265 0 356 0 474 0 78 1326 949 3608 146 235 1587 1160 863 0 0 0 0 0 0 0 699 229 65 212 89 231 161 0 25 89 82 65 40 69 121 0 83 78 2710 436 0 0
5 11 9 13 0 24 3 4 6 0 4 0 391 2 18 262 2426 140 0 1 1 2 1 178 90 493 14 12 8 41 42 0 10 3 0 206 163 44 69 54 0 23 0 0 27 2 0 2 26 8 0 0 15 14 16 19 63 16 16 2 12 13 454 40 15 12 9 92 90 0 694 369 271 318 108 1062 591 202 1881 203 0 323 0 137 26 187 19 0 140 0 0 0 0 49 21 0 98 32 46 44 1311 1310 1311 1292 1286 0 0 0 0 44 0 0 0 0 0 6 20 113 0 0 0 0 9 123 0 0 0 2922 0 89 0 0 136 30 16 0 193 0 0 0 65 0 0 0 0 0 0 2 0 1768 0 0 0
9 19 0 6 0 12 3 2 4 2 2 0 69 0 1 10 1 0 8 44 40 9 32 12 11 8 0 0 0 4 6 0 0 0 0 0 0 8 28 31 0 4 0 0 8 16 0 17 16 1 0 0 16 15 14 16 12 17 14 3 16 23 0 1 1 0 39 4 5 0 20 0 7 2 2 9 29 4 5 4 11 4 0 0 115 26 6 0 3 0 0 0 0 0 1 0 1 7 2 1 43 43 43 41 32 0 0 0 0 17 0 0 0 0 0 1 0 127 82 0 23 0 0 124 0 0 0 161 0 0 193 0 3 2 4 0 5 1 0 0 4 4 0 0 0 6 0 10 7 9 0 0 2
2 5 4 4 3 4 3 5 4 3 4 4 6 0 3 6 6 1 7 37 26 5 7 6 0 0 4 4 4 3 6 0 7 3 0 0 0 0 0 0 0 6 0 0 6 8 0 8 13 21 0 0 11 0 10 12 0 1 7 0 0 6 14 15 7 0 24 3 3 0 0 15 0 8 0 253 0 73 92 129 137 144 0 0 10 9 4 0 71 0 201 0 0 13 54 44 56 25 0 0 472 472 472 468 389 0 93 0 0 0 0 0 0 0 0 0 0 6 1 0 0 0 0 0 0 0 0 0 0 0 0 0 0 35 37 0 136 8 0 0 17 0 0 0 0 24 0 121 28 8 0 0 3
3 6 4 4 3 5 4 5 5 4 4 5 6 0 4 9 8 1 8 42 0 7 8 8 0 0 4 5 5 4 7 0 7 3 0 0 0 0 0 0 0 3 0 0 11 9 0 9 15 23 0 0 12 10 11 13 10 12 11 5 10 6 14 16 8 0 27 3 3 0 8 16 10 9 0 393 0 113 116 139 185 178 0 0 9 10 4 0 0 0 234 0 0 0 60 50 66 28 0 0 556 556 556 552 539 0 111 0 0 0 0 0 4 0 0 4 0 7 1 0 0 0 0 0 0 0 0 6 0 0 0 0 0 0 17 0 143 0 0 283 0 0 0 0 0 0 0 113 0 9 3 0 3
2 4 3 3 2 3 2 3 3 2 3 3 4 0 3 6 7 0 5 20 18 4 5 6 0 0 4 4 4 2 5 2 5 2 0 0 2 0 0 0 0 0 0 0 8 6 3 6 10 16 0 0 8 2 7 9 7 8 8 3 8 4 0 12 6 0 18 2 0 0 6 12 7 6 0 319 29 92 95 114 157 141 0 4 6 7 3 0 62 0 159 0 0 12 36 29 48 20 0 0 417 417 417 413 388 0 90 0 0 0 0 0 0 0 0 2 0 5 0 0 0 0 0 0 0 0 0 0 0 0 0 0 0 0 0 0 81 0 0 0 0 0 0 0 0 0 0 47 0 0 0 0 2
29 59 45 47 37 52 39 56 51 38 45 49 65 15 47 106 39 8 97 497 326 80 104 82 49 57 58 65 56 37 73 43 75 41 18 28 82 81 0 22 160 137 0 31 73 91 99 96 111 224 79 125 104 95 95 106 87 104 96 45 102 67 155 107 55 0 279 30 35 3 96 147 93 89 46 931 253 650 677 831 1043 1136 0 96 248 106 44 0 432 99 1919 130 367 442 404 614 503 227 435 0 4350 4349 4350 4347 4322 63 1183 0 0 35 0 0 144 32 0 45 87 77 64 0 17 0 77 0 0 24 0 72 0 0 102 52 2160 2805 1958 0 2372 2936 0 2615 2211 2944 2295 1918 3065 3218 113 3533 3363 112 77 35 34
1 1 1 1 1 1 1 1 1 1 1 1 1 0 0 1 2 0 0 4 5 106 0 2 0 0 0 0 0 1 0 0 2 0 0 0 0 0 0 0 0 0 0 0 0 2 0 2 3 5 0 0 3 0 2 3 2 3 2 0 0 1 1 3 2 0 6 1 1 0 0 3 0 0 0 9 0 0 26 28 0 25 0 0 0 2 1 0 16 0 24 0 0 0 11 0 4 6 0 0 113 113 113 111 18 0 3 0 0 0 0 0 0 0 0 1 0 1 0 0 0 0 0 0 0 0 0 0 0 0 0 0 0 0 0 0 0 0 0 0 0 0 0 0 0 0 0 0 0 1 0 0 1
3 6 4 5 4 5 4 5 5 4 4 5 6 0 4 9 6 1 9 47 31 8 9 8 0 0 4 5 5 3 7 0 7 3 0 0 0 0 0 0 0 0 0 0 9 9 0 9 12 22 0 0 12 0 10 12 9 11 11 5 11 7 0 14 0 0 27 3 3 0 0 15 9 0 0 280 27 76 78 95 123 130 0 0 8 10 4 0 55 0 171 0 0 0 44 44 54 25 0 0 465 465 465 463 446 0 97 0 0 0 0 0 0 0 0 0 0 7 0 0 0 0 0 0 0 0 0 0 0 0 3 0 0 30 45 0 175 0 0 0 0 0 0 0 0 22 0 151 26 10 5 0 3
29 59 45 47 37 52 39 56 51 38 46 50 66 5 48 107 33 8 98 503 595 80 104 81 37 56 59 67 57 37 74 54 75 42 33 39 94 83 0 26 157 138 0 33 69 91 77 96 107 222 73 52 102 94 94 103 86 101 94 45 100 67 150 101 53 0 282 30 35 7 94 145 93 87 45 683 222 549 575 704 887 958 0 97 252 106 44 0 377 101 1989 143 384 458 416 624 517 229 452 0 4490 4488 4490 4486 4461 70 1214 0 0 20 0 0 150 33 0 45 88 78 65 0 18 0 77 0 0 26 0 73 0 49 103 60 2204 2845 1995 192 2408 2997 0 2728 2222 3014 2382 5509 7083 3283 286 3597 3431 114 78 28 34
12 24 18 19 15 21 15 22 20 15 18 20 27 0 18 43 19 3 39 199 130 32 43 33 27 22 23 26 23 15 30 11 31 16 0 5 27 21 0 0 0 55 0 0 35 36 46 38 50 91 40 72 44 40 40 46 37 44 41 19 43 27 70 51 26 0 116 12 14 0 38 60 38 35 0 863 92 232 242 295 376 390 0 40 89 43 18 0 180 45 937 73 182 217 186 241 243 104 216 0 2116 2115 2116 2109 2103 34 556 0 0 22 0 0 54 0 0 14 33 32 23 0 0 0 28 0 0 0 0 29 0 0 36 18 657 0 642 0 884 902 0 0 665 765 160 0 372 1008 0 1220 1056 46 29 3 13
3 5 4 4 3 5 3 5 5 3 4 4 6 0 4 9 9 1 8 40 0 6 9 8 0 0 4 5 5 4 7 0 7 3 0 0 0 0 0 0 0 0 0 0 12 8 0 9 15 24 0 0 12 10 11 13 10 12 11 4 8 6 9 17 7 0 27 3 3 0 9 17 10 10 0 408 0 122 126 150 203 182 0 0 13 10 4 0 0 0 225 0 0 0 49 38 67 29 0 0 616 616 616 609 591 0 147 0 0 0 0 0 4 0 0 4 0 7 2 0 0 0 0 0 0 0 0 5 0 0 0 0 0 19 22 0 134 1 0 0 0 0 0 0 0 25 0 126 35 10 2 0 3
4 9 7 7 5 8 6 8 7 6 7 7 10 0 5 16 5 5 14 65 46 12 0 12 0 2 6 7 8 5 11 0 12 5 0 0 0 0 0 0 0 14 0 0 12 14 0 14 18 33 0 0 16 15 15 17 13 16 15 7 16 10 23 19 10 0 44 5 5 0 11 22 14 11 0 189 22 63 66 76 100 1603 0 6 23 16 6 0 53 1 342 0 0 33 73 85 93 40 0 0 843 843 843 838 819 0 216 0 0 0 0 0 15 0 0 2 7 12 3 0 0 0 3 0 0 0 0 10 0 0 8 0 107 172 149 0 301 156 0 0 101 0 0 0 0 193 0 340 205 17 9 0 5
8 17 13 13 10 15 11 16 13 11 13 14 20 0 12 31 11 2 27 133 91 23 15 23 973 11 15 17 16 10 21 0 22 11 0 0 9 13 0 0 0 34 0 0 22 26 0 27 33 64 0 0 31 28 28 32 25 30 28 13 30 19 46 35 18 0 83 9 10 0 71 73 771 0 15 456 57 142 161 181 234 238 0 20 63 31 12 0 156 22 674 0 65 121 139 177 178 77 93 0 1582 1581 1582 1575 1558 37 418 0 0 0 0 0 37 0 0 10 20 23 14 0 0 0 15 0 0 0 0 20 0 0 24 7 449 602 446 0 635 615 0 0 440 494 0 0 141 689 0 857 723 33 21 0 10
13 27 20 21 17 23 18 25 23 17 21 22 31 0 20 49 16 4 45 230 170 37 49 37 30 27 26 29 26 17 650 9 35 18 0 3 28 2086 0 0 50 64 0 0 35 41 0 43 52 101 0 0 48 44 44 49 41 48 45 21 47 30 75 53 27 0 134 14 16 12 42 67 42 39 0 672 81 185 195 236 299 307 0 47 109 65 20 0 158 95 1208 162 310 277 225 311 282 127 308 205 2571 2570 2571 2563 2563 406 929 0 0 0 0 0 66 6 0 21 40 37 28 0 0 0 34 0 0 0 0 33 0 0 45 19 846 1105 801 0 1048 1157 0 441 830 1058 504 0 790 1282 0 1491 1342 54 35 17 15
9 19 14 15 12 16 12 18 16 12 14 16 22 0 13 34 13 2 32 160 105 639 34 27 15 19 17 19 18 12 24 0 26 314 0 0 9 21 0 0 14 43 0 0 26 29 0 30 38 72 0 0 35 31 31 36 29 35 32 390 33 21 53 39 20 0 93 10 11 0 30 48 30 28 0 575 65 157 164 204 254 262 0 32 66 35 14 0 127 41 804 96 192 186 154 212 193 84 201 101 1753 1752 1753 1747 1745 59 449 0 0 0 0 0 41 0 0 1230 25 26 16 0 0 0 20 0 0 0 0 24 0 0 27 7 462 632 473 0 699 639 0 0 458 478 0 0 0 723 0 927 759 37 23 6 11
3 6 4 5 4 5 4 6 5 4 5 5 7 0 3 11 4 1 10 49 32 8 11 8 0 0 3 4 6 3 7 0 8 3 0 0 0 0 0 0 0 7 0 0 9 9 0 10 12 23 0 0 11 0 10 12 9 11 10 5 11 7 0 13 1 0 30 3 4 0 0 15 9 5 0 213 23 59 61 74 96 97 0 3 9 11 4 0 46 10 280 2 49 52 52 65 65 28 23 0 597 597 597 595 593 16 145 0 0 0 0 0 4 0 0 0 2 8 1 0 0 0 0 0 0 0 0 0 0 0 3 0 0 9 35 0 174 0 0 0 0 0 0 0 0 0 0 139 3 11 5 0 3
26 52 40 41 32 46 34 49 45 33 40 44 59 13 41 95 43 7 87 447 291 71 94 72 67 53 52 59 51 33 66 39 67 37 17 25 74 74 0 20 143 125 0 27 84 81 66 84 116 197 18 0 102 92 91 106 84 102 95 42 97 59 165 123 62 0 254 27 31 4 84 128 82 78 36 2512 180 433 455 553 698 741 0 88 225 95 39 0 370 112 1977 287 495 488 392 580 492 226 533 424 4351 4349 4351 4344 4341 157 1176 0 0 0 0 0 135 28 0 40 79 70 59 0 14 0 70 0 0 20 0 65 0 8 92 48 1923 2476 1746 0 2119 2615 0 2294 1920 2617 2023 1663 2705 2867 0 3153 2996 103 70 45 30
2 4 3 3 2 3 2 3 3 2 3 3 4 0 1 12 2 0 6 31 20 4 7 5 4 4 1 1 3 2 4 0 5 1 0 0 0 0 0 0 0 6 0 0 6 6 0 6 7 14 0 0 7 79 6 7 6 7 114 3 6 4 9 7 833 0 18 2 2 0 4 9 6 4 0 86 11 24 26 31 40 40 0 6 0 7 3 0 21 6 165 0 26 27 31 40 39 17 28 0 362 361 362 360 357 2 78 0 0 0 0 0 1 0 0 3 2 5 0 0 0 0 0 0 0 0 0 5 0 0 0 0 0 0 0 0 88 0 0 0 0 0 0 0 0 0 0 0 0 6 2 0 2
3 6 4 5 4 5 4 5 5 4 4 5 7 0 3 10 3 1 10 50 32 8 10 261 67 12 3 4 5 3 7 0 8 2 0 0 0 0 0 0 0 12 0 0 7 9 0 9 11 22 0 0 10 9 9 11 9 10 10 4 10 7 15 11 6 0 29 3 3 0 1029 14 9 6 0 132 788 38 39 47 59 62 0 11 8 12 4 0 32 11 257 14 50 54 49 65 62 27 54 0 564 564 564 562 559 11 132 0 0 0 0 0 8 0 0 4 5 8 1 0 0 0 2 0 0 0 0 7 0 0 3 0 0 3 34 0 179 0 0 0 0 0 0 0 0 0 0 142 0 10 5 0 3
27 57 18 24 27 36 19 49 16 15 20 36 317 39 110 0 0 1 0 0 0 0 1 0 0 0 0 0 0 6 0 0 0 0 0 0 0 0 0 1 0 0 0 0 0 0 0 0 0 0 0 0 0 0 0 0 0 0 0 0 0 1 0 0 0 0 3 0 0 0 0 0 0 0 0 0 0 0 0 2 0 0 0 0 37 1 0 93 0 0 0 0 0 0 0 0 0 0 0 0 1 1 1 0 0 0 0 0 0 7 0 0 0 0 0 47 108 122 155 0 0 0 180 129 0 0 0 0 0 0 0 0 0 0 22 0 0 0 0 0 0 0 0 0 0 0 0 0 0 0 120 0 0
48 71 4 3 53 31 42 100 42 0 10 139 5340 0 0 16 0 0 0 0 1 0 14 10 8 24 0 0 0 0 0 0 1 0 0 0 0 0 0 0 0 16 0 0 1 0 0 0 1 1 0 0 0 1 1 1 4 0 1 2 0 0 27 1 0 0 70 9 11 6 33 50 14 21 26 6 31 6 3 10 5 6 0 22 308 0 9 234 3 0 0 0 0 0 2 0 9 6 0 0 65 65 65 61 39 0 0 0 0 0 0 0 0 0 0 7 662 762 48 0 0 0 24 0 0 0 0 45 0 0 479 21 15 0 28 0 11 0 0 0 0 0 0 0 0 0 0 0 0 0 0 0 0
11 120 20 6 3 15 2 5 12 1 4 5 162 6 920 17 227 84 0 0 2 0 19 3 6 9 0 0 2 8 32 0 6 8 0 0 0 84 53 50 0 13 0 0 38 42 0 42 42 2 0 0 42 38 35 42 29 42 36 16 42 25 0 16 0 0 96 11 13 0 11 0 1 0 0 19 9 9 6 12 28 10 0 7 99 67 24 0 9 2 0 0 0 0 5 2 4 20 0 0 122 122 122 120 113 0 39 0 0 5 0 0 833 0 0 0 44 48 156 19 0 0 9 0 0 0 0 35 0 122 192 321 32 25 15 0 31 30 0 0 14 26 28 0 0 7 0 9 7 0 222 0 5
0 0 0 0 0 0 0 0 0 0 0 0 0 0 0 0 0 0 0 0 0 0 0 0 0 0 0 0 0 0 0 0 0 0 0 0 0 0 0 0 0 0 0 0 0 0 0 0 0 0 0 0 0 0 0 0 0 0 0 0 0 0 0 0 0 0 0 0 0 0 0 0 0 0 0 0 0 0 0 0 0 0 0 0 0 0 0 0 0 0 0 0 0 0 0 0 0 0 0 0 0 0 0 0 0 0 0 0 0 0 0 0 0 0 0 0 0 0 0 0 0 0 0 0 0 0 0 0 0 0 0 0 0 0 0 0 0 0 0 0 0 0 0 0 0 0 0 0 0 0 0 0 0
