156
0 0 0 0 0 5 1165 206 18 1046 13 199 1 0 1 0 0 0 0 0 0 0 0 0 0 0 103 187 94 568 285 15 7 236 402 179 2 0 0 0 0 0 0 0 0 0 0 0 0 0 0 0 0 0 0 0 0 0 0 0 0 38 0 7 8 0 0 7 0 0 0 0 0 0 0 0 0 0 0 0 0 0 0 0 0 0 0 0 1 0 0 0 0 0 0 8 0 0 0 0 0 0 0 0 0 0 0 0 0 0 0 0 0 142 0 0 0 0 0 0 0 0 0 0 0 0 0 0 0 0 0 17 0 0 0 0 0 0 0 0 0 0 0 0 0 0 3 0 0 0 65 0 0 61 1 0
0 0 0 0 0 15 16715 1498 1559 15385 171 704 296 2 4 0 0 0 0 0 0 0 0 0 0 0 194 356 187 1071 536 30 6 437 743 329 2 0 0 0 0 0 0 0 0 0 0 0 0 0 0 0 0 0 0 0 0 0 0 0 0 37 3 71 24 0 0 22 0 0 0 0 0 0 0 0 0 0 0 0 0 0 0 0 0 0 0 0 1 0 1 0 0 0 0 15 1 0 0 0 0 0 0 0 0 0 0 0 0 0 0 0 0 286 0 0 0 0 0 0 0 0 0 0 0 0 0 0 0 0 0 29 0 0 0 0 0 0 0 0 0 0 0 0 0 0 38 0 0 0 176 0 1 114 0 0
0 0 0 0 0 1 11 20 11 10 1 6 0 0 1 0 0 0 0 0 0 0 0 1012 0 0 325 594 298 1805 907 49 0 750 1607 1489 5 0 0 0 0 1 0 0 1 0 0 0 0 0 0 0 0 0 0 0 1 0 0 0 0 129 0 1 15 0 0 11 0 0 0 0 0 0 0 0 0 0 0 0 0 0 0 0 0 0 0 0 0 0 0 0 0 0 0 24 0 0 0 0 0 0 0 0 0 0 0 0 0 0 0 0 0 0 0 0 0 0 0 0 0 0 0 0 0 0 0 0 0 0 0 0 0 0 0 0 0 0 0 0 0 0 0 0 0 0 0 0 0 0 2 0 0 26 0 0
0 0 0 0 0 0 0 0 0 0 0 0 0 0 0 0 0 0 0 0 0 0 0 0 0 1 109 199 100 604 2809 16 0 251 488 188 3 0 0 0 0 0 0 0 1 0 0 0 0 0 0 0 0 0 0 0 0 0 0 0 0 70 0 0 31 0 0 13 0 0 0 0 0 0 0 0 0 0 0 0 0 0 0 0 0 0 0 0 0 0 0 0 0 0 0 11 0 0 0 0 0 0 0 0 0 0 0 0 0 0 0 0 0 36 0 0 0 28 15 0 0 0 0 0 0 0 0 0 2 0 0 0 0 0 0 0 0 0 0 0 0 0 0 0 0 0 0 0 0 0 0 0 0 14 13 0
0 0 0 0 0 0 0 0 0 0 0 0 0 0 0 0 0 0 0 0 0 0 0 0 0 0 0 0 0 0 0 0 0 7512 183 0 0 0 0 0 0 0 0 0 0 0 0 0 0 0 0 0 0 0 0 0 0 0 0 0 0 3 0 0 186 0 0 184 0 0 0 0 0 0 0 0 0 0 0 0 0 0 0 0 0 0 0 0 0 1 0 0 0 0 0 0 0 0 0 0 0 0 0 0 0 0 0 0 0 0 0 0 0 0 0 0 0 0 0 0 0 0 0 0 0 0 0 0 0 0 0 0 0 0 0 0 0 0 0 0 0 0 0 0 0 0 0 0 0 0 0 0 0 0 0 0
0 0 0 5 0 0 13490 3139 2832 17227 227 6145 900 0 22 107 0 0 1 0 0 2 0 385 0 0 0 22 25 48 11 0 3 2 0 472 1 2 0 0 0 0 0 0 0 0 1 0 0 0 0 0 0 0 4 0 0 0 0 0 0 13 6 147 74 50 0 56 0 0 0 0 0 0 0 0 0 0 0 0 0 0 0 0 0 0 0 0 0 0 0 0 0 0 0 14 2 0 0 0 0 0 0 0 0 0 0 0 0 0 0 0 0 0 0 0 0 0 0 0 0 0 0 0 0 0 0 0 0 0 0 0 0 0 0 0 0 0 0 0 0 1 0 0 0 0 26 0 0 0 104 0 0 0 9 0
0 0 0 0 0 0 0 0 0 0 0 0 8 0 0 0 0 0 0 0 0 0 0 0 0 0 13716 0 0 0 0 0 0 0 0 0 0 0 0 235 0 0 0 0 0 0 0 0 0 0 0 0 0 0 0 0 0 0 0 0 0 2 0 0 14 9 0 14 0 0 0 0 0 0 0 0 0 0 0 0 0 0 0 0 0 0 0 0 0 0 0 0 0 0 0 0 0 0 0 0 0 0 0 0 0 0 0 0 0 0 0 0 0 0 0 0 0 0 0 0 0 0 0 0 0 0 0 0 0 0 0 0 0 0 0 0 0 0 0 0 0 0 0 0 0 0 0 0 0 0 0 0 0 0 0 0
0 0 0 0 0 0 0 0 0 0 0 0 0 0 0 0 0 0 0 0 0 0 0 0 0 0 0 25128 0 0 0 0 0 0 0 0 0 0 0 0 0 0 0 0 0 0 0 0 0 0 0 0 0 0 0 0 0 0 0 0 0 3 0 0 3 0 0 2 0 0 0 0 0 0 0 0 0 0 0 0 0 0 0 0 0 0 0 0 0 0 0 0 0 0 0 0 0 0 0 0 0 0 0 0 0 0 0 0 0 0 0 0 0 0 0 0 0 0 0 0 0 0 0 0 0 0 0 0 0 0 0 0 0 0 0 0 0 0 0 0 0 0 0 0 0 0 0 0 0 0 0 0 0 0 0 0
0 0 0 0 0 0 0 0 0 1 0 0 1 0 106 0 0 0 0 0 0 0 0 0 0 0 0 0 3416 0 0 0 0 0 0 0 0 0 0 0 0 0 0 0 0 0 0 0 0 0 0 0 0 0 0 0 0 0 0 0 0 3 0 0 2 0 0 1 0 0 0 0 0 0 0 0 0 0 0 0 0 0 0 0 0 0 0 0 0 0 0 0 0 0 0 0 0 0 0 0 0 0 0 0 0 0 0 0 0 0 0 0 0 79 0 0 0 55 26 0 0 0 0 0 0 0 0 0 0 0 0 6 0 0 0 0 0 0 0 0 0 0 0 0 0 0 0 0 0 0 0 0 0 34 0 0
0 0 0 0 0 0 0 0 0 0 1721 0 0 0 0 0 0 0 0 0 0 0 0 0 0 0 0 0 0 10 0 0 0 0 0 0 0 0 0 0 0 0 0 0 0 0 0 0 0 0 0 0 0 0 0 0 0 0 0 0 0 2 0 0 0 0 0 0 0 0 0 0 0 0 0 0 0 0 0 0 0 0 0 0 0 0 0 0 0 0 0 0 0 0 0 0 0 0 0 0 0 0 0 0 0 0 0 0 0 0 0 0 0 0 0 0 0 0 0 0 0 0 0 0 0 0 0 0 0 0 0 0 0 0 0 0 0 0 0 0 0 0 0 0 0 0 0 0 0 0 0 0 0 0 0 0
0 0 0 0 0 0 1 98 1 0 0 0 391 0 0 0 0 0 0 0 0 0 0 0 0 0 0 0 0 0 0 0 0 0 0 0 0 0 0 0 0 0 0 0 0 0 0 0 0 0 0 0 0 0 0 0 0 0 0 0 0 2 0 1 2 1 0 0 25 0 0 0 0 0 0 0 0 0 0 0 0 0 0 0 0 0 0 0 0 0 0 0 0 0 0 0 0 0 0 0 0 0 0 0 0 0 0 0 0 0 0 0 0 20 0 0 0 0 0 0 0 0 0 0 0 0 0 0 0 0 0 0 0 0 0 0 0 0 0 0 0 0 0 0 0 0 3 0 0 0 17 0 0 0 1 0
0 0 0 0 0 0 337 142 2 16 12 0 0 0 0 0 0 0 0 0 0 0 0 0 0 0 380 696 351 2115 1033 16321 0 820 0 122 0 0 0 0 0 0 0 0 0 0 0 0 0 0 0 0 0 0 0 0 0 0 0 0 0 135 1 23 46 15 0 17 0 0 0 0 0 0 0 0 0 0 0 0 0 0 0 0 0 0 0 0 0 0 0 0 0 0 0 87 0 0 0 0 0 0 0 0 0 0 0 0 0 0 0 0 0 0 0 0 22 0 0 0 0 0 0 0 0 0 0 0 0 0 0 0 0 0 0 0 0 0 0 0 0 0 0 0 0 0 0 0 0 0 68 0 0 0 0 0
0 0 0 0 0 0 0 0 0 0 0 0 0 0 0 1 0 0 0 0 0 0 0 0 0 0 0 0 0 0 0 0 0 0 0 0 0 0 0 0 0 0 0 0 0 0 0 0 2 0 0 0 0 0 2 0 0 0 0 0 0 0 0 0 0 0 0 0 0 0 0 0 0 0 0 0 0 0 0 0 0 0 0 0 0 0 0 0 0 0 0 0 0 0 0 0 0 0 0 0 0 0 0 0 0 0 0 0 0 0 0 0 0 0 0 0 0 0 0 0 0 0 0 0 0 0 0 0 0 0 0 0 0 0 0 0 0 0 0 0 0 0 0 0 0 0 0 0 0 0 0 0 0 0 0 0
0 0 1165 24 0 2261 3036 3188 2136 2492 63 2152 0 0 225 2408 62 0 1 0 0 1 0 44 0 2 12 22 14 45 27 14 11 18 35 67 36 0 0 0 12417 12092 12761 0 18 37 248 59 6018 0 0 78 92 2 4653 14 10 0 13 22 0 25 2 53 40 11 0 1 59 611 44 20 48 28 0 0 632 5 3 1 1 0 0 22 0 0 15 5 0 2 0 1 0 0 0 3394 66 1 0 0 0 1 3 1 1 0 2997 0 0 4 0 0 0 0 0 0 21 0 0 0 0 0 0 0 0 0 0 0 0 0 0 0 0 1 0 0 0 4 1 3 6 1 6 9 66 56 71 17 13 11 123 39 0 0 6 0
0 0 0 0 0 0 77 83 0 64 1 27 0 0 0 6 0 0 0 1 1 1 0 0 0 4 25 0 0 0 0 0 0 0 0 0 12246 0 0 0 0 2 0 0 4 0 1 1 0 0 0 0 0 1 1 0 2 0 0 0 0 388 0 8 580 582 431 592 0 0 0 0 0 0 0 1 0 1 0 0 0 0 0 0 0 0 0 0 10 5 0 0 0 0 0 67 1 0 0 0 0 0 0 0 0 0 0 0 0 0 0 0 0 1096 0 0 9 254 114 0 0 0 0 0 0 0 0 0 0 0 0 4 0 0 0 0 0 0 0 0 0 0 0 0 0 0 1 0 0 0 2 0 0 12 3 0
0 0 0 0 0 0 0 0 0 0 0 0 0 0 0 0 0 0 0 0 0 0 0 0 0 0 0 0 0 0 0 0 0 0 0 0 0 0 0 0 0 0 0 0 0 0 0 0 0 0 0 0 0 0 0 0 0 0 0 0 0 0 0 0 0 0 0 0 0 0 0 0 0 0 0 0 0 0 0 0 0 0 0 0 0 0 0 0 0 0 0 0 0 0 0 0 0 0 0 0 0 0 0 0 0 0 0 0 0 0 0 0 0 0 0 0 0 0 0 0 0 0 0 0 0 0 0 0 0 0 0 0 0 0 0 0 0 0 0 0 0 0 0 0 0 0 0 0 0 0 0 0 0 0 0 0
0 0 0 0 0 0 0 0 0 0 0 0 0 0 0 0 0 0 0 0 0 0 0 0 0 0 0 0 0 0 0 0 0 0 0 0 0 0 0 0 0 0 0 0 0 0 0 0 0 0 0 0 0 0 0 0 0 0 0 0 0 0 0 0 0 0 0 0 0 0 0 0 0 0 0 0 0 0 0 0 0 0 0 0 0 0 0 0 0 0 0 0 0 0 0 0 0 0 0 0 0 0 0 0 0 0 0 0 0 0 0 0 0 0 0 0 0 0 0 0 0 0 0 0 0 0 0 0 0 0 0 0 0 0 0 0 0 0 0 0 0 0 0 0 0 0 0 0 0 0 0 0 0 0 0 0
0 0 0 0 0 0 0 0 0 0 0 0 0 0 0 0 70 0 0 0 0 0 0 1 0 19 0 0 0 1 12 0 0 0 1 1 4 0 0 0 0 0 0 0 0 2288 818 1912 61 2292 2291 2268 2292 1443 421 1098 2280 282 904 2026 0 78 0 1 18 0 0 0 3 9 3 5 4 34 0 0 0 0 0 0 0 11 0 0 0 0 0 0 0 0 0 0 0 0 0 1 1 0 0 0 0 0 0 0 0 0 0 0 0 0 0 3 0 0 0 0 0 0 0 0 1 0 0 0 0 1 0 0 0 0 0 0 0 0 0 0 0 0 0 0 0 0 0 0 0 0 0 0 0 0 0 0 0 0 0 0
0 0 0 0 0 0 0 0 0 0 0 0 0 0 0 0 0 0 0 0 47 0 0 0 0 0 0 0 0 0 0 0 0 0 0 0 0 0 0 0 0 0 0 0 0 0 9 3 16 0 0 0 0 10 0 5 1 6 9 0 0 0 0 0 2 0 0 0 0 0 0 0 0 0 282 0 0 0 0 0 0 0 0 0 0 0 0 0 0 0 2 0 0 0 0 2 1 0 0 0 0 0 0 0 0 0 0 0 0 0 0 0 0 0 0 0 0 0 0 0 0 0 0 0 0 0 0 0 0 0 0 0 0 0 0 0 0 0 0 0 0 0 0 0 0 0 0 0 0 0 0 0 0 0 0 0
1 2 0 0 0 1 0 0 0 1 0 0 0 0 0 0 1 0 1163 0 4750 1822 797 0 119 23 1 1 0 0 6 0 0 2 0 5 15 5 0 0 0 27 0 0 142 7 704 240 1181 0 0 26 10 729 3 867 48 629 784 3173 0 307 0 4 218 173 0 171 34 583 883 2528 304 924 0 2 0 5 31179 1 0 0 0 0 0 0 0 0 4 73 187 7 0 0 0 1806 64 1 0 0 0 0 1 1 0 0 0 4 0 0 0 0 0 0 0 0 0 0 0 0 0 0 0 0 0 0 0 0 0 0 0 0 0 0 0 0 0 12 0 0 46 5 0 0 700 587 191 70 76 37 80 77 0 0 0 0
0 0 0 0 0 0 0 0 0 0 0 0 0 0 0 0 0 0 0 0 0 0 0 0 0 0 0 0 0 0 0 0 0 0 0 0 0 0 0 0 0 0 0 0 1 0 9 3 19 0 0 0 0 12 0 5 0 1 8 0 0 0 0 0 0 0 0 0 0 0 0 0 0 0 0 3122 0 0 0 0 0 0 0 0 0 0 0 0 0 0 3 0 0 0 0 4 0 0 0 0 0 0 0 0 0 0 0 0 0 0 0 0 0 0 0 0 0 0 0 0 0 0 0 0 0 0 0 0 0 0 0 0 0 0 0 0 0 0 0 0 0 0 0 0 19 0 0 0 0 0 0 0 0 0 0 0
0 0 0 0 0 0 0 0 0 0 0 0 0 0 0 0 0 0 32 0 205 0 0 0 0 0 0 0 0 0 0 0 0 0 0 0 0 0 0 0 0 0 0 0 4 0 31 10 61 0 0 1 0 37 0 18 2 15 31 2 0 0 0 0 2 0 0 0 0 0 0 0 0 2 0 0 0 6036 0 0 34 0 0 0 0 0 0 0 0 0 9 0 0 0 0 59 5 0 0 0 0 0 0 0 0 5185 0 0 0 0 0 0 0 0 0 0 0 0 0 0 0 0 0 0 0 0 0 0 0 0 0 0 0 0 0 0 0 0 0 0 0 0 0 0 37 18 9 0 4 0 4 3 0 0 0 0
0 12 0 0 0 0 2 12 0 1 1 8 1 0 0 0 0 0 900 0 0 1551 0 0 0 8 1 1 0 2 2 1 0 1 0 0 5 0 0 0 0 8 0 0 0 0 357 116 973 0 0 11 1 600 5 4844 10 69 343 18 0 0 0 0 161 143 0 164 0 37 153 99 0 0 0 0 0 1 0 27172 3576 0 0 0 13 13 0 0 0 527 114 1 0 0 0 221 594 0 0 0 0 0 0 0 3 0 0 0 0 0 0 30 0 0 0 0 0 0 0 0 0 0 0 0 0 0 0 0 0 0 0 0 0 708 549 173 0 389 521 543 511 481 567 502 671 798 663 729 753 733 616 587 0 0 0 0
354 391 0 55 377 0 331 397 239 267 10 291 5 0 10 55 2 0 217 305 874 374 627 0 0 15 1 1 0 3 4 0 2 0 0 0 1 0 0 0 0 75 0 0 9 0 111 36 227 0 0 3 0 136 1 69 3 47 113 4 0 5 381 361 6 2 0 0 0 0 46 22 121 833 0 0 0 0 0 0 70 0 0 0 0 0 0 0 0 140 31 0 0 0 0 44 183 0 0 0 7 7 7 7 7 0 0 116 0 0 0 0 0 0 0 0 0 0 0 0 0 0 0 0 0 0 0 0 0 0 0 0 0 227 171 54 0 127 168 176 163 156 181 162 187 230 208 233 240 233 201 185 0 0 0 0
132 146 105 21 140 108 123 147 89 104 6 108 5 2 3 21 15 0 412 0 1247 736 1052 331 0 238 1 1 0 2 2 0 1 1 1 3 2 0 0 0 0 404 151 0 188 1 1655 567 335 0 0 66 34 198 593 923 47 5377 3107 137 0 17 140 134 55 53 0 54 0 1060 704 451 308 2 0 2 9 2 0 1 0 0 0 1 1293 1329 0 0 0 265 66 3 0 0 0 142 241 0 0 0 1 3 4 3 5 0 0 391 6 0 0 0 0 0 0 0 0 0 0 0 0 0 0 0 0 0 0 0 0 0 0 0 0 283 212 63 0 163 206 219 307 288 228 206 252 303 314 317 322 303 314 292 0 0 0 0
3 4 1 0 5 2 4 5 3 3 0 3 0 0 0 1 0 0 1 0 6 2 0 0 0 0 0 0 0 0 0 0 0 0 0 0 0 0 0 0 0 0 0 0 0 0 2 1 2 0 0 0 0 0 0 0 0 4 3 0 0 0 6 4 26 14 0 0 0 0 0 0 0 0 0 0 0 0 0 0 0 0 0 0 0 0 0 0 0 0 0 0 0 0 0 1 2 0 0 0 0 0 0 0 0 0 0 0 0 0 0 0 0 0 0 0 0 0 0 0 0 0 0 0 0 0 0 0 0 0 0 0 0 0 0 0 0 0 0 0 1 1 0 0 0 0 1 0 1 0 2 1 0 0 0 0
0 0 0 0 0 155 0 0 0 1 1 0 0 0 0 0 3 0 0 0 0 0 0 0 0 1 0 217 172 1113 572 0 163 416 0 251 489 0 0 0 0 0 0 0 0 0 0 0 0 0 0 0 0 0 0 0 0 0 0 0 0 0 0 0 3 0 0 0 0 0 0 0 0 0 0 0 0 0 0 0 0 0 0 0 0 0 0 0 0 0 1 0 0 0 0 9 0 0 0 0 0 0 0 0 0 0 0 0 0 0 0 0 0 743 0 0 4 109 48 15 0 0 0 0 0 0 0 0 0 0 0 53 28 0 0 0 0 0 0 0 0 0 0 0 0 0 0 76 5 0 0 0 1 0 1 0
0 0 0 0 0 0 0 0 0 1 1 0 0 0 3 0 2 0 0 0 0 0 0 0 0 1 0 0 116 831 440 0 23 259 0 52 388 0 0 0 0 0 0 0 0 0 0 0 0 0 0 0 0 0 0 0 0 0 0 0 0 0 0 0 2 0 0 0 0 0 0 0 0 0 0 0 0 0 0 0 0 0 0 0 0 0 0 0 0 0 3 0 0 0 0 6 0 0 0 0 0 0 0 0 0 0 0 0 0 0 0 0 0 0 0 0 2 68 33 7 0 0 0 0 0 0 0 0 0 0 0 13 0 0 0 0 0 0 0 0 0 0 0 0 0 0 0 0 0 0 0 0 0 0 0 0
0 0 0 0 0 0 0 0 0 0 0 0 0 0 2 0 53 0 1 1 0 0 0 6 4 25 0 0 0 64 44 0 0 0 0 0 41 0 0 0 0 0 0 0 0 0 0 0 0 0 0 0 0 0 0 0 0 0 0 0 0 1 0 0 0 0 0 0 0 0 0 0 0 0 0 0 0 0 0 0 0 0 0 0 0 0 0 0 0 0 5 0 0 0 0 1 0 0 0 0 0 0 0 0 0 0 0 0 0 0 0 0 0 7 549 0 0 0 1 4 0 0 0 0 0 0 0 0 0 0 0 0 0 0 0 0 0 0 0 0 0 1 0 0 0 0 0 0 0 0 0 0 0 0 0 0
0 0 0 0 0 0 0 0 0 0 181 0 0 0 23 0 0 0 0 0 0 0 0 0 0 0 0 0 0 0 71 0 64 0 0 0 67 0 0 0 0 0 0 0 0 0 0 0 0 0 0 0 0 0 0 0 0 0 0 0 0 0 0 0 0 0 0 0 0 0 0 0 0 0 0 0 0 0 0 0 0 0 0 0 0 0 0 0 0 0 6 0 0 0 0 1 0 0 0 0 0 0 0 0 0 0 0 0 0 0 0 0 0 0 0 0 0 0 0 0 0 0 0 0 0 0 0 0 0 0 0 0 0 0 0 0 0 0 0 0 0 0 0 0 0 0 0 0 0 0 0 0 0 0 0 0
0 0 0 0 0 0 37 38 26 30 1 0 0 0 29 0 0 0 0 0 0 0 0 0 0 0 0 0 0 0 0 0 0 0 0 0 6 0 0 89 0 0 0 0 0 0 0 0 0 0 0 0 0 0 0 0 0 0 0 0 0 0 0 1 0 0 0 0 0 0 0 0 0 0 0 0 0 0 0 0 0 0 0 0 0 0 0 0 0 0 2 0 0 0 0 0 0 0 0 0 0 0 0 0 0 0 0 0 0 0 0 0 0 0 0 0 0 0 0 5 0 0 0 0 0 0 0 0 0 0 0 0 0 0 0 0 0 0 0 0 0 0 0 0 0 0 0 0 0 0 1 0 0 0 0 0
0 0 0 0 0 6 183 1450 570 37 21 0 1 0 151 0 8 0 1 0 0 0 0 1 0 3 131 273 147 895 452 0 5652 212 516 308 456 0 0 0 0 0 0 0 0 0 0 0 0 0 0 0 0 0 0 0 0 0 0 0 0 140 1 21 34 0 0 0 0 0 0 1 0 0 0 0 0 0 0 0 0 0 0 0 0 0 0 1 0 0 0 0 0 0 0 99 0 0 0 0 0 0 0 0 0 0 0 0 0 0 0 0 0 1945 0 0 31 287 131 51 0 0 0 0 0 0 0 0 0 0 0 173 104 0 0 0 0 0 0 0 0 1 0 0 0 0 6 0 0 0 33 0 8 0 5 0
0 0 0 0 0 0 0 0 0 0 0 0 0 0 10 0 0 0 0 0 0 0 0 0 0 0 0 0 0 0 0 0 0 0 0 0 0 0 0 0 0 0 0 0 0 0 0 0 0 0 0 0 0 0 0 0 0 0 0 0 0 0 0 0 0 0 0 0 0 0 0 0 0 0 0 0 0 0 0 0 0 0 0 0 0 0 0 0 0 0 1 0 0 0 0 0 0 0 0 0 0 0 0 0 0 0 0 0 0 0 0 0 0 0 0 0 0 0 0 0 0 0 0 0 0 0 0 0 0 0 0 0 0 0 0 0 0 0 0 0 0 0 0 0 0 0 0 0 0 0 0 0 0 0 0 0
0 0 0 0 0 0 80 84 56 66 2 0 0 0 0 0 0 0 0 0 0 0 0 350 0 0 0 0 17 261 161 0 61 0 40 75 65 0 0 0 0 0 0 0 0 0 0 0 0 0 0 0 0 0 0 0 0 0 0 0 0 0 0 1 1 0 0 0 0 0 0 0 0 0 0 0 0 0 0 0 0 0 0 0 0 0 0 0 0 0 2 0 0 0 0 3 0 0 0 0 0 0 0 0 0 0 0 0 0 0 0 0 0 2 0 0 0 0 3 3 0 0 0 0 0 0 0 0 0 0 0 0 0 0 0 0 0 0 0 0 0 0 0 0 0 0 0 0 0 0 3 0 0 0 0 0
0 0 0 0 0 1432 2194 4519 1756 2099 12342 159 147 0 247 31 5 0 1 1 1 1 4 1012 0 9 2879 9803 252 641 342 0 255 0 0 136 372 0 2 3014 0 5 0 0 5 4 9 9 0 0 0 11 11 8 5 6 13 1 5 9 0 474 3 57 457 473 469 345 0 0 8 7 4 0 1 2 0 2 1 2 1 0 0 6 0 0 0 1 0 0 11 6 0 0 0 81 1 0 0 0 5 5 5 5 5 0 2 0 0 0 71 0 0 1456 0 0 4 181 86 116 0 0 0 0 0 0 0 0 0 0 0 95 48 0 0 0 0 0 0 0 0 0 0 0 0 0 2 0 0 0 6 1 0 0 4 0
0 0 0 0 0 0 421 804 349 313 12 0 0 0 40 21 4 0 0 0 0 1 1 1490 0 7 0 0 80 604 335 0 0 0 0 0 390 0 2 2194 0 3 0 0 2 0 7 8 0 0 0 9 9 4 4 5 10 1 4 6 0 247 0 12 327 336 324 153 0 0 0 6 1 0 0 1 0 1 0 1 0 0 0 4 0 0 0 2 0 0 2 3 0 0 0 59 0 0 0 0 5 5 5 5 5 0 0 0 0 0 18 0 0 4726 0 0 0 110 61 153 0 0 0 0 0 0 0 0 0 0 0 1 0 0 0 0 0 0 0 0 0 0 0 0 0 0 1 0 0 0 7 1 0 0 0 0
0 0 0 0 0 0 141 376 134 110 5 240 0 0 0 0 0 0 0 0 0 0 0 0 0 0 0 0 0 0 0 0 0 0 0 0 0 0 1 1456 0 0 0 0 0 0 0 0 0 0 0 0 0 0 0 0 0 0 0 0 0 0 0 5 0 0 0 0 0 0 0 0 0 0 0 0 0 0 0 0 0 0 0 3 0 0 0 0 0 0 21 0 0 0 0 0 0 0 0 0 0 0 0 0 0 0 0 0 0 0 0 0 0 39 0 0 0 0 0 62 0 0 0 0 0 0 0 0 0 0 0 0 0 0 0 0 0 0 0 0 0 0 0 0 0 0 0 0 0 0 2 0 0 0 0 0
5 6 4 1 5 0 5 6 4 6 1 4 3 1 40 2 14 0 31 0 35 18 39 36 8 11 5 9 4 20 10 9 0 9 15 23 118 0 2967 122 0 0 0 0 1 0 6 2 9 0 0 0 0 6 6 6 0 5 8 0 0 0 6 6 40 39 31 34 0 281 19 12 32 127 0 0 0 0 0 5 0 0 0 4 0 0 126 0 0 0 3 0 0 0 0 20 0 4 0 0 4 4 4 4 4 0 0 0 0 0 0 0 0 0 0 0 77 0 0 0 0 0 0 0 0 0 0 0 0 0 0 0 3 0 0 0 0 0 0 0 0 1 0 0 2 0 0 0 0 0 1 0 0 0 71 0
0 0 0 0 0 0 0 0 0 0 0 0 7 0 0 0 0 0 0 0 0 0 0 0 0 0 0 0 0 0 0 0 0 0 0 0 0 0 0 0 0 0 0 0 0 0 0 0 0 0 0 0 0 0 0 0 0 0 0 0 0 0 0 0 0 0 0 0 0 0 0 0 0 0 0 0 0 0 0 0 0 0 0 0 0 0 0 0 0 1 33 0 0 0 0 2 0 0 0 0 21 21 21 21 21 0 2 0 0 0 0 0 0 0 0 0 0 0 0 0 0 0 0 0 0 0 0 0 0 0 0 0 0 0 0 0 0 0 0 0 0 0 0 0 0 0 0 0 0 0 156 0 0 0 0 0
0 0 0 0 0 0 0 0 0 0 0 0 1 1 0 0 1 0 0 0 0 0 0 0 0 0 0 0 0 0 0 0 0 0 0 0 0 0 48 0 0 0 0 0 0 0 0 0 0 0 0 0 0 0 0 0 0 0 0 0 0 0 0 0 0 0 0 0 0 0 0 0 0 0 0 0 0 0 0 0 19 0 0 0 0 0 0 0 0 0 24 0 0 0 0 1 0 2 0 0 37 37 37 37 37 0 2 0 0 0 0 0 0 0 0 0 0 0 0 0 0 0 0 0 0 0 0 0 0 0 0 0 0 0 0 0 0 0 0 0 0 0 0 0 0 0 0 0 0 0 0 0 0 0 0 0
93 104 76 15 99 95 90 108 65 96 12 75 176 0 883 1536 78 0 489 65 162 846 1057 514 490 622 27 41 15 76 46 64 76 37 90 130 74 176 51 24 0 8657 4492 0 201 120 441 163 4429 0 53 110 115 31 5462 269 53 12 33 66 67 141 98 95 42 31 0 0 129 1780 6742 843 938 1496 154 211 444 123 161 208 389 277 0 497 5072 4811 79 177 561 89 47 0 0 0 0 1587 25 0 0 0 0 0 1 1 0 85 16171 53 4527 52 47 0 0 0 114 0 140 0 0 0 0 0 0 0 0 0 0 0 0 0 0 0 0 0 0 0 0 0 0 0 335 306 0 0 132 41 172 47 38 0 220 229 0 27 323 0
0 0 0 0 0 0 0 0 0 0 0 0 0 0 0 0 12 0 11 0 46 12 0 0 0 3 2 4 1 7 6 1 2 4 0 0 8 20 3 1 0 0 2010 0 4 0 5 3 8 0 0 2 1 6 0 4 2 0 5 2 6 0 0 0 4 3 0 0 0 0 3 3 0 0 0 0 91 2 0 1 0 0 0 3 0 0 0 0 0 0 2 0 0 0 0 417 3 0 0 0 0 0 0 0 0 0 0 0 0 0 64 0 0 0 0 0 46 0 0 0 0 0 0 0 0 0 0 0 0 0 0 0 0 0 0 0 0 0 0 0 0 0 0 0 0 0 2 0 0 0 2 5 236 0 0 0
62 72 56 12 69 185 70 81 50 83 41 50 37 0 195 176 65 0 87 49 146 69 174 787 0 137 880 1518 637 3537 1822 474 1196 1537 2688 1628 242 274 471 1169 0 0 0 153 54 25 62 33 153 0 0 29 29 49 136 97 30 21 566 63 105 226 69 66 321 318 313 0 696 506 1942 463 145 210 62 166 192 49 164 168 40 0 0 2855 58 0 62 77 198 0 23 0 0 0 0 851 308 0 0 0 26 26 27 27 27 23 0 162 0 59 99 0 0 0 16 0 91 0 85 0 0 0 0 0 0 0 320 0 392 0 0 305 181 247 272 243 347 220 276 263 267 221 268 212 228 259 227 251 262 244 224 212 360 133 185 0
97 113 93 21 109 174 108 153 79 161 47 81 100 62 26 656 270 0 61 61 163 100 116 632 48 94 116 194 61 300 212 388 46 172 373 603 261 511 128 48 427 89 0 0 477 135 192 124 256 129 125 134 133 169 308 114 134 43 84 143 0 306 108 103 329 329 0 270 475 87 207 341 119 131 330 753 526 182 249 767 428 199 424 18 131 117 48 395 410 403 92 34 176 158 176 170 628 208 276 208 62 62 62 62 64 147 9 475 0 942 379 132 880 0 45 0 86 328 418 49 0 0 596 314 205 0 401 0 0 0 546 1827 141 593 625 504 959 467 631 617 482 397 508 410 407 471 395 453 466 459 392 370 1316 123 413 0
0 0 0 0 0 0 0 0 0 0 0 0 0 0 0 0 0 0 2 0 0 0 15 0 0 1 0 1 0 1 1 2 0 0 0 0 0 0 0 0 0 0 0 0 0 0 0 1 0 0 0 0 0 0 0 5 0 0 0 0 0 0 0 0 2 0 0 0 0 30 79 22 0 36 1694 0 0 0 0 0 27 0 0 0 0 0 0 0 0 0 11 0 0 0 0 0 0 0 0 0 0 0 0 0 0 0 0 0 0 0 0 0 0 0 0 0 0 0 0 0 0 0 0 0 0 0 0 0 0 0 0 0 0 0 0 0 0 0 0 0 0 0 0 0 19 10 1 0 0 0 1 2 0 0 0 0
525 470 52 42 137 143 53 99 52 74 17 46 28 0 571 64 37 0 15 0 8 20 72 25 0 50 6 6 1 6 9 15 11 5 0 7 22 14 35 8 0 2 0 0 9 0 40 65 12 67 71 31 75 0 61 0 0 12 32 0 87 0 139 129 7 0 0 2 0 43 54 20 16 77 0 5 4970 2 0 4 9 0 5 47 68 17 43 25 54 3124 23 0 0 0 0 89 898 0 0 0 3 3 3 3 3 0 0 228 0 239 0 0 0 0 340 0 0 0 0 129 0 58 0 0 0 1 115 0 0 0 169 8 0 0 0 320 62 593 755 0 32 241 0 2366 3077 2837 2029 1307 1159 0 530 570 0 0 105 0
0 0 0 0 0 0 0 0 0 0 0 0 0 0 0 0 0 0 0 0 0 0 0 0 0 0 0 0 0 0 0 0 0 0 0 0 0 0 0 0 0 0 0 0 0 0 0 0 0 0 0 0 0 0 0 0 0 0 0 0 0 0 0 0 0 0 0 0 0 0 0 0 0 0 0 0 0 0 0 0 0 0 0 0 0 0 0 0 0 0 0 0 0 0 0 0 0 0 0 0 0 0 0 0 0 0 0 0 0 0 0 0 0 0 0 0 0 0 0 0 0 0 0 0 0 0 0 0 0 0 0 0 0 0 0 0 0 0 0 0 0 0 0 0 0 0 0 0 0 0 0 0 0 0 0 0
0 0 0 0 0 0 0 0 0 0 0 0 0 0 0 0 0 0 0 0 0 0 0 0 0 0 0 0 0 0 0 0 0 0 0 0 0 0 0 0 0 0 0 0 0 0 0 0 0 0 0 0 0 0 0 0 0 0 0 0 0 0 0 0 0 0 0 0 0 0 0 0 0 0 0 0 0 0 0 0 0 0 0 0 0 0 0 0 0 0 0 0 0 0 0 0 0 0 0 0 0 0 0 0 0 0 0 0 0 0 0 0 0 0 0 0 0 0 0 0 0 0 0 0 0 0 0 0 0 0 0 0 0 0 0 0 0 0 0 0 0 0 0 0 0 0 0 0 0 0 0 0 0 0 0 0
0 0 0 0 0 0 0 0 0 0 0 0 0 0 0 0 0 0 0 0 0 0 0 0 0 0 0 0 0 0 0 0 0 0 0 0 0 0 0 0 0 0 0 0 0 0 0 0 0 0 0 0 0 0 0 0 0 0 0 0 0 0 0 0 0 0 0 0 0 0 0 0 0 0 0 0 0 0 0 0 0 0 0 0 0 0 0 0 0 0 0 0 0 0 0 134 0 0 0 0 0 0 0 0 0 0 1 0 0 0 0 0 0 0 0 0 0 0 0 0 0 0 0 0 0 0 0 0 0 0 0 0 0 0 0 0 0 0 0 0 0 0 0 0 0 0 0 0 0 0 0 0 0 0 0 0
5964 5331 523 454 1544 1295 587 1085 566 504 33 519 105 776 519 331 562 0 582 666 280 209 277 239 604 784 28 40 14 59 55 120 41 33 60 106 45 8 45 14 169 113 57 0 37 0 236 80 209 0 3 0 9 0 349 0 0 471 209 0 69 0 1558 1463 57 0 0 44 322 208 458 84 271 238 144 35 171 83 73 46 475 0 31 190 569 518 49 55 211 1837 1354 0 0 0 0 2855 531 0 0 0 0 0 0 0 0 0 3575 254 478 328 0 0 0 29 1306 975 0 1417 2145 1 12 27 0 0 0 27 130 0 0 0 58 5 0 0 0 236 263 354 446 0 131 196 0 2129 1730 1760 1479 1241 884 0 504 484 103 0 87 0
1420 1270 123 107 368 302 140 258 134 111 5 124 14 79 13 59 9 0 1243 1356 1576 526 1355 100 1511 69 16 25 8 33 29 73 19 20 32 65 43 3 0 0 0 3706 1155 0 60 0 565 191 311 0 0 0 9 0 5 0 0 1240 567 0 0 491 371 348 84 0 17 80 69 2078 3275 971 1256 1684 650 19 167 47 37 12 1371 0 0 6 0 0 0 2 19 62 515 1 0 0 0 19628 5 1 0 0 0 0 0 0 0 0 7549 0 0 0 0 0 0 0 3 0 0 3134 1715 0 0 0 0 0 0 0 0 0 0 0 0 0 0 0 0 0 0 0 0 0 1 3 0 0 12 0 46 0 1 0 12 10 0 0 8 0
0 0 0 0 0 0 0 0 0 0 0 0 0 0 0 0 2 0 0 0 0 0 0 0 0 1 0 0 0 0 0 0 0 0 0 0 0 0 0 0 0 0 0 0 0 0 16 36 1 30 23 0 44 0 8 0 0 5 18 0 0 0 0 2 1 0 0 1 0 0 0 0 0 0 0 8755 0 0 0 0 0 0 0 0 0 0 0 0 0 0 0 0 0 0 0 24 0 0 0 0 0 0 0 0 0 0 0 0 0 0 0 0 0 0 0 0 0 0 0 0 0 0 0 0 0 0 0 0 0 0 0 0 0 0 0 0 0 0 0 0 0 0 0 0 167 128 0 0 0 0 3 3 0 0 0 0
0 0 0 0 0 0 0 0 0 0 0 0 0 0 0 0 0 0 0 0 1 0 0 0 0 0 0 0 0 0 0 0 0 0 0 0 18 2 272 250 0 0 0 0 0 0 0 0 0 0 0 0 0 0 0 0 0 0 0 0 0 0 9 0 446 0 402 466 37 0 0 0 0 0 0 1 0 0 0 1 0 0 0 0 0 0 0 0 1 0 16172 0 0 0 0 0 0 0 0 0 0 0 0 0 0 0 1 0 0 0 0 0 0 0 0 0 0 0 0 0 0 0 0 0 0 0 0 0 0 0 0 0 0 0 0 0 0 0 0 0 0 0 0 0 0 0 0 0 0 0 0 0 0 0 0 0
0 0 0 0 0 0 0 0 0 0 0 0 0 0 0 0 229 0 0 0 0 0 0 0 0 60 0 1 1 4 40 1 0 1 0 0 12 0 0 0 0 0 0 0 0 7466 2688 6282 201 7484 7343 7427 7533 0 1383 2628 7039 926 2969 4616 0 160 0 5 58 0 0 1 0 28 9 18 0 109 0 0 0 0 0 0 0 0 0 0 0 0 0 0 0 0 0 0 0 0 0 2 1 0 0 0 0 0 0 0 0 0 0 0 0 0 0 0 0 0 0 0 0 0 0 0 0 0 0 0 0 0 0 0 0 0 0 0 0 0 0 0 0 0 0 0 0 0 0 0 0 0 0 0 0 0 0 0 0 0 0 0
0 0 0 0 0 0 0 0 0 0 0 0 0 0 0 0 0 0 0 0 0 0 0 0 0 0 0 0 0 0 0 0 0 0 0 0 0 0 0 0 0 0 0 0 0 0 0 0 0 0 0 0 0 0 0 0 0 0 0 0 0 0 0 0 0 0 0 0 0 0 0 0 0 0 0 0 0 0 0 0 0 0 0 0 0 0 0 0 0 0 0 0 0 0 0 0 0 0 0 0 0 0 0 0 0 0 0 0 0 0 0 0 0 0 0 0 0 0 0 0 0 0 0 0 0 0 0 0 0 0 0 0 0 0 0 0 0 0 0 0 0 0 0 0 0 0 0 0 0 0 0 0 0 0 0 0
0 0 0 0 0 0 0 0 0 0 0 0 0 0 0 0 47 0 0 0 0 0 0 0 0 12 0 0 0 1 8 0 0 0 0 0 3 0 0 0 0 0 0 0 0 1509 555 1296 42 1371 1038 1517 1554 0 289 0 1202 191 613 0 0 0 0 1 12 0 0 1 0 1 0 0 0 0 0 0 0 0 0 0 0 0 0 0 0 0 0 0 0 0 2 0 0 0 0 0 0 0 0 0 0 1 1 1 1 0 0 0 0 0 0 0 0 0 0 0 0 0 0 0 0 0 0 0 0 0 0 0 0 0 0 0 0 0 0 0 0 0 0 0 0 0 0 0 0 0 0 0 0 0 0 0 0 0 0 0
0 0 0 0 0 0 0 0 0 0 0 0 0 0 0 102 24 0 0 0 0 0 0 0 0 6 0 0 0 0 5 0 0 0 0 0 1 0 0 0 0 0 0 0 2635 641 256 599 19 709 698 667 718 0 132 0 0 88 283 0 0 0 0 0 6 0 0 0 0 2 0 1631 0 9 0 0 0 0 0 0 0 0 0 0 0 0 0 0 0 0 15 5 0 0 0 27 0 1 0 0 2 1 2 2 2 0 1 0 0 0 0 0 0 0 0 0 0 0 0 0 0 0 0 0 0 0 0 0 0 0 0 0 0 0 0 0 0 0 0 0 0 0 0 0 0 0 3 0 0 0 0 112 0 0 0 0
0 0 0 0 0 0 0 0 0 0 0 0 0 0 0 0 0 0 0 0 0 0 0 0 0 0 0 0 0 0 0 0 0 0 0 0 0 0 0 0 0 0 0 0 0 0 0 0 0 0 0 0 0 0 0 0 0 0 0 0 0 0 0 0 0 0 0 0 0 0 0 0 0 0 0 0 0 0 0 0 0 0 0 0 0 0 0 0 0 0 0 0 0 0 0 0 0 0 0 0 0 0 0 0 0 0 0 0 0 0 0 0 0 0 0 0 0 0 0 0 0 0 0 0 0 0 0 0 0 0 0 0 0 0 0 0 0 0 0 0 0 0 0 0 0 0 0 0 0 0 0 0 0 0 0 0
0 0 0 0 0 0 0 0 0 0 0 0 0 0 0 0 0 0 0 0 0 0 0 0 0 0 0 0 0 0 0 0 0 0 0 0 0 0 0 0 0 0 0 0 0 0 0 0 0 0 0 0 0 0 0 0 0 0 0 0 0 0 0 0 0 0 0 0 0 0 0 0 0 0 0 0 0 0 0 0 0 0 0 0 0 0 0 0 0 0 0 0 0 0 0 0 0 0 0 0 0 0 0 0 0 0 0 0 0 0 0 0 0 0 0 0 0 0 0 0 0 0 0 0 0 0 0 0 0 0 0 0 0 0 0 0 0 0 0 0 0 0 0 0 0 0 0 0 0 0 0 0 0 0 0 0
0 0 0 0 0 0 0 0 0 0 0 0 0 0 0 0 99 0 0 0 0 0 0 0 0 26 0 0 0 2 17 0 0 0 0 0 5 0 0 0 0 0 0 0 0 3172 1158 2706 87 3223 3207 3173 3245 0 596 180 2592 399 1279 0 0 20 0 2 25 0 0 1 0 11 3 7 0 46 0 0 0 0 0 0 0 0 0 0 0 0 0 0 0 0 0 0 0 0 0 1 0 0 0 0 0 0 0 0 0 0 0 0 0 0 0 0 0 0 0 0 0 0 0 0 0 0 0 0 0 0 0 0 0 0 0 0 0 0 0 0 0 0 0 0 0 0 0 0 0 0 0 0 0 0 0 0 0 0 0 0
0 0 0 0 0 0 0 0 0 0 0 0 0 0 0 0 0 0 0 0 0 0 0 0 0 0 0 0 0 0 0 0 0 0 0 0 0 0 0 0 0 0 0 0 0 0 0 0 0 0 0 0 0 0 0 0 0 0 0 0 0 0 0 0 0 0 0 0 0 0 0 0 0 0 0 0 0 0 0 0 0 0 0 0 0 0 0 0 0 0 0 0 0 0 0 0 0 0 0 0 0 0 0 0 0 0 0 0 0 0 0 0 0 0 0 0 0 0 0 0 0 0 0 0 0 0 0 0 0 0 0 0 0 0 0 0 0 0 0 0 0 0 0 0 0 0 0 0 0 0 0 0 0 0 0 0
0 0 0 0 0 0 0 0 0 0 0 0 0 0 0 2 5 0 90 0 305 85 135 0 0 91 3 15 0 0 54 0 0 24 0 0 753 426 16 7932 0 23 0 0 162 80 64 98 58 25 0 96 101 0 21 46 95 14 69 0 378 0 5 4 1777 1819 1789 1828 7401 184 200 137 172 382 320 215 4 326 0 134 268 0 0 699 0 0 583 18 131 17 13 0 0 0 0 591 7 0 0 0 0 0 0 0 0 0 0 0 0 0 1 0 0 0 0 0 0 0 0 0 0 0 0 0 0 0 0 0 0 0 0 0 84 0 0 0 0 0 0 0 0 1 0 0 27 14 5 0 0 0 3 4 0 0 103 0
0 0 0 0 0 0 0 0 0 0 0 0 7 0 0 0 0 0 0 0 0 0 0 0 0 0 0 0 0 0 0 0 0 0 0 0 0 0 0 0 0 0 0 0 0 0 0 0 0 0 0 0 0 0 0 0 0 0 0 0 0 0 0 0 0 0 0 0 0 0 0 0 0 0 0 0 0 0 0 6 0 0 0 0 0 0 0 0 0 0 0 0 0 0 0 0 3 0 0 0 0 0 0 0 0 0 0 0 0 0 0 0 0 0 0 0 0 0 0 0 0 0 0 0 0 0 0 0 0 0 0 0 0 0 0 0 0 0 0 0 0 0 0 0 0 0 0 0 0 0 0 0 0 0 0 0
0 0 0 0 0 0 0 0 0 0 0 0 0 0 0 0 0 0 0 0 0 0 0 0 0 0 0 0 0 0 0 0 0 0 0 0 0 0 0 0 0 0 0 0 0 0 0 0 0 0 0 0 0 0 0 0 0 0 0 0 0 0 9 0 0 0 0 0 0 0 0 0 0 0 0 0 0 0 0 0 0 0 0 0 0 0 0 0 0 0 2 0 0 0 0 0 3 0 0 0 1 1 1 1 1 0 0 0 0 0 0 0 0 0 0 0 0 0 0 0 0 0 0 0 0 0 0 0 0 0 0 0 0 0 0 0 0 0 0 0 0 0 0 0 0 0 0 0 0 0 0 0 0 0 0 0
0 0 0 0 0 0 0 0 0 0 0 0 0 0 0 0 0 0 0 0 0 0 0 0 0 0 0 0 0 0 0 0 0 0 0 0 0 0 0 0 0 0 0 0 0 0 1 0 0 0 0 0 0 0 6 0 0 0 0 0 0 0 14 0 0 0 0 0 0 0 0 0 0 0 0 0 0 0 0 0 0 0 0 10 0 0 0 0 0 0 83 2 0 0 0 9 0 985 0 0 35 35 35 35 35 0 1 36 0 0 0 0 0 0 0 0 0 0 0 0 0 0 0 0 0 0 0 0 0 0 0 0 0 0 0 0 0 0 0 0 1 1182 0 0 0 0 1 0 1 0 2 1 0 0 0 0
155 95 13 15 150 0 0 1 2 7 0 0 14 0 0 5 31 0 1 0 0 0 0 0 0 0 1 1 0 1 5 1 0 1 0 0 4 0 0 2 0 0 0 0 5 649 234 544 18 608 572 645 186 411 124 314 649 81 257 577 7 0 337 314 50 0 0 0 0 0 16 15 0 20 0 13 0 2 0 0 8 0 0 7 0 0 1 3 0 263 4 0 0 0 0 2 85 0 0 0 4 4 4 4 4 0 0 0 0 0 0 0 0 0 0 0 3 0 0 0 0 0 0 0 0 0 0 0 0 0 0 0 0 76 84 0 0 0 99 91 1 1 0 111 283 108 0 374 0 145 1 1 18 0 31 0
3151 2352 408 585 8911 303 84 75 31 99 5 6 62 96 0 82 76 0 724 32 342 87 11 63 155 4148 5 4 4 6 25 9 10 7 0 0 12 0 1 11 21 6 0 166 193 63 123 86 56 20 0 65 0 57 114 243 65 348 113 65 21 0 9177 8542 140 93 0 90 0 0 269 160 156 128 68 7181 123 49 32 307 130 0 0 40 0 98 9 19 20 607 82 0 0 0 0 97 187 0 0 0 13 13 13 13 13 0 3 44 0 236 13 0 0 0 0 14 94 0 5 0 0 0 0 0 0 0 0 0 0 0 0 0 0 140 150 168 0 508 175 163 16 16 0 187 610 544 2224 610 5 243 15 11 12 0 57 0
0 0 0 0 0 0 0 0 0 2 16 0 0 0 0 0 5 0 99 0 1 1 0 219 0 2408 52 82 15 91 46 318 0 38 0 0 65 0 1 1 6 1261 671 0 0 0 0 0 0 0 0 0 0 0 0 0 0 0 0 0 0 0 0 0 51 3 0 0 0 0 0 1 0 0 0 15 26 0 0 21 0 0 0 2 0 0 148 15 102 0 0 15 0 0 0 310 1 0 0 0 0 0 0 0 0 0 9937 0 0 0 0 0 0 0 0 0 0 0 0 0 0 0 0 0 0 0 0 0 0 0 0 0 0 0 0 0 0 0 0 0 0 0 0 0 5 2 4 0 0 0 3 3 0 0 0 0
47 55 42 8 52 139 52 58 38 23 0 38 20 0 79 353 130 0 144 0 19 170 561 773 77 146 291 377 80 297 177 1305 143 167 407 596 208 1384 210 1108 0 57 0 0 80 7 66 33 191 0 0 19 0 30 347 61 19 25 36 16 1448 0 54 51 852 881 850 809 0 861 456 220 483 624 0 29 0 34 0 27 67 0 115 5009 0 552 1466 289 37 68 20 0 0 0 0 107 549 0 0 0 11 11 11 11 12 0 0 234 0 0 0 0 0 0 21 0 444 0 32 0 0 0 0 0 0 0 0 0 0 0 0 0 2 476 527 476 898 408 535 508 512 423 504 403 369 439 425 453 468 450 404 680 101 0 94 0
228 168 117 23 163 131 128 162 94 101 9 128 37 0 5 125 2 0 276 0 13 19 0 363 0 1280 71 116 37 163 90 398 1 79 214 315 76 0 0 0 0 343 0 0 0 0 20 6 282 0 0 5 5 0 271 0 0 2 3 0 0 0 164 156 109 95 12 64 0 0 15 9 0 0 0 0 0 0 0 0 0 0 0 0 0 0 71 22 0 0 7 0 0 0 0 79 0 0 0 0 0 0 0 0 0 0 0 0 0 0 0 0 0 0 0 0 0 0 0 0 0 0 0 0 0 0 0 0 0 0 0 0 0 0 0 0 0 0 0 0 8 8 0 0 0 0 4 0 0 0 8 16 0 0 14 0
8 8 5 1 8 5 6 8 4 6 1 5 1 0 0 7 0 0 25 0 15 27 0 0 0 223 1 1 0 1 2 2 0 1 0 21 3 0 0 1 0 0 0 0 0 0 19 8 14 0 0 3 2 0 158 5 1 1 2 0 0 0 8 7 1 0 0 1 0 0 0 0 0 0 0 0 0 0 0 0 0 0 0 0 0 0 0 0 0 0 1 0 0 0 0 1 0 0 0 0 7 12 12 12 12 0 1 0 0 0 0 0 0 618 0 0 0 0 0 0 0 0 0 0 0 0 0 0 0 0 0 0 0 0 0 0 0 0 0 0 22 21 0 0 0 0 7 0 0 0 14 12 0 0 69 0
1 366 1 0 1 1 1 1 1 1 0 1 0 0 0 0 0 0 5 0 11 10 0 0 0 13 0 0 0 0 0 0 0 0 0 0 0 0 0 0 0 0 0 0 0 0 6 3 0 0 0 1 1 0 49 21 0 0 0 0 0 0 1 1 0 0 0 0 0 0 44 0 0 0 0 0 0 0 0 0 0 0 0 0 0 0 0 0 0 0 1 0 0 0 0 0 0 0 0 0 0 0 0 0 0 0 0 0 0 0 0 0 0 0 0 0 0 0 0 0 0 0 0 0 0 0 0 0 0 0 0 0 0 0 0 0 0 0 0 0 6 7 0 0 0 0 1 0 0 0 4 4 0 0 3 0
75 80 48 9 71 46 54 70 39 42 2 51 28 0 2 36 0 0 590 0 1034 1286 8457 0 0 724 1 1 0 2 2 1 0 1 0 0 3 0 0 0 0 37 0 0 162 0 400 161 264 0 0 46 37 124 2237 177 41 170 182 18 0 0 67 65 21 1 0 20 0 161 244 122 0 0 0 8 0 29 0 4 0 0 0 0 5425 5427 0 22 0 0 44 7 0 0 0 53 0 0 1 0 179 184 184 184 183 0 21 0 3330 0 0 0 0 0 0 0 0 0 0 0 0 0 0 0 0 0 0 0 0 0 0 0 0 0 0 0 0 0 0 0 347 315 0 0 27 11 158 45 32 0 213 187 0 0 77 0
191 201 139 28 194 131 144 198 111 118 4 106 13 0 5 38 0 0 42 0 13 0 482 0 0 59 11 19 6 27 16 62 1 13 21 39 12 0 0 1 0 82 0 0 0 0 31 11 37 0 0 2 2 0 87 134 0 61 23 0 0 0 196 185 13 0 0 11 0 204 821 797 416 0 0 0 380 0 0 0 0 0 0 0 0 0 47 7 0 0 40 0 0 0 0 34 0 0 0 0 4 8 8 8 8 0 0 83 0 0 0 0 0 0 0 0 0 0 0 0 0 0 0 0 0 0 0 0 0 0 0 0 0 0 0 0 0 0 0 0 12 13 0 0 5 0 6 0 3 0 12 8 0 0 69 0
44 49 36 7 47 40 44 51 32 40 3 36 0 3 1 22 2 0 0 28 75 55 266 12 13 346 0 1 0 1 1 0 0 0 0 1 1 167 5 2 0 8 0 0 0 3 18 9 64 0 0 5 5 14 85 14 7 4 11 7 49 0 48 46 14 5 0 6 131 31 78 27 226 79 0 20 0 0 0 3 607 0 122 1746 0 0 673 139 0 566 12 0 0 0 0 22 68 0 0 0 0 0 6 6 6 0 0 90 0 5 0 0 0 0 0 0 5 0 0 13 0 0 0 0 0 0 0 0 0 0 0 0 0 0 0 0 0 5 0 0 61 59 0 0 74 39 46 26 58 0 62 58 0 0 2 0
1 1 1 0 1 1 1 1 1 2 0 1 0 3 0 0 0 0 1 0 0 1 8 0 0 15 0 0 0 0 0 0 0 0 0 0 0 12 1 0 0 2 0 0 1 0 0 0 0 0 0 0 0 0 2 2 1 0 0 0 0 0 1 1 7 0 0 0 0 4 33 8 0 12 0 0 0 0 0 0 2183 0 0 21 0 0 0 0 60 0 1 0 0 0 0 24 0 0 0 0 0 0 0 0 0 0 0 0 0 0 0 0 0 0 0 0 0 0 0 0 0 0 0 0 0 0 0 0 0 0 0 0 0 0 0 0 0 0 0 0 0 0 0 0 48 13 0 0 8 0 0 0 0 0 0 0
16 18 13 2 17 14 16 18 12 15 1 13 0 0 0 3 1 0 27 10 41 22 35 16 0 230 3 4 2 9 5 4 0 4 7 12 6 102 4 5 0 0 0 0 7 0 6 4 12 0 0 2 1 8 9 15 4 1 5 2 5 0 17 17 35 15 0 0 85 85 93 66 27 0 275 11 0 13 0 0 1566 0 52 1128 0 0 221 82 130 0 5 0 0 0 0 95 14 0 0 0 1 1 1 1 1 0 0 0 0 0 0 0 0 0 0 0 1 0 0 2 0 0 0 0 0 0 0 0 0 0 0 0 0 0 0 0 0 0 0 0 13 15 0 0 73 47 10 0 15 0 21 20 0 0 0 0
3 3 2 0 3 2 3 3 2 2 0 2 1 0 0 1 0 0 3 0 3 0 0 0 0 17 0 0 0 0 0 0 0 0 0 0 0 13 0 0 0 0 0 0 8 0 2 2 1 0 0 1 0 1 11 2 3 0 1 0 0 0 3 3 8 0 0 2 0 5 27 4 0 14 622 0 0 0 0 0 7 0 0 4 0 0 0 0 0 0 3 0 0 0 0 116 2 0 0 0 1 1 1 1 1 11706 0 0 0 0 0 0 0 0 0 0 0 0 0 0 0 0 0 0 0 0 0 0 0 0 0 0 0 0 0 0 0 0 0 0 0 1 0 0 119 0 3 0 0 0 11 9 0 0 0 0
22 25 18 3 24 18 22 25 16 18 0 18 3 0 0 4 1 0 55 0 72 61 180 13 17 496 0 0 0 1 3 0 0 0 0 0 2 285 7 11 0 13 0 0 80 13 17 17 19 0 0 7 9 15 73 23 33 4 14 3108 4 181 24 27 72 18 0 22 185 94 152 52 147 145 277 10 1 14 0 0 241 710 39 0 0 0 0 43 0 59 35 4 0 0 0 1593 44 0 0 0 9 9 10 9 9 0 0 0 0 5 0 0 0 0 0 0 3 0 0 3 0 0 0 0 0 0 0 0 7 0 0 0 0 0 0 0 0 0 0 0 35 10 0 0 682 553 119 29 43 0 82 110 0 0 3 0
1 1 1 0 1 1 1 2 1 1 0 1 0 0 0 0 0 0 0 0 0 1 0 0 0 0 0 0 0 0 0 0 0 0 0 0 0 0 0 0 0 0 0 0 0 0 0 0 0 0 0 0 0 0 1 13 0 0 0 5 0 0 0 1 0 0 0 0 0 0 3 1 0 2 0 0 84 140 47 0 13 0 0 25 0 0 0 5 0 0 16 0 0 0 0 6 1 0 0 0 0 0 0 0 0 98 0 0 0 0 0 0 0 0 0 0 0 0 0 0 0 0 0 0 0 0 0 0 0 0 0 0 0 0 0 0 0 0 0 0 0 0 0 0 0 0 0 0 0 0 0 0 0 0 0 0
23 27 20 4 26 23 24 27 17 23 2 19 0 0 0 5 3 0 9 5 9 0 0 0 4 68 0 1 0 1 4 1 0 1 0 61 6 26 1 0 0 3 0 0 0 0 8 4 7 0 0 2 1 3 53 7 2 1 3 3 5 0 26 25 4 0 0 0 0 24 55 19 105 53 0 0 0 0 0 0 0 0 0 1486 0 0 408 105 0 0 5 8 0 0 0 18 25 0 0 0 10 6 15 15 15 0 1 76 0 0 0 0 0 2023 19 0 3 0 2 0 0 0 0 0 0 0 0 0 0 0 0 0 0 0 0 0 0 0 0 0 19 9 0 6 166 143 79 25 48 0 39 33 0 0 6 0
177 201 150 31 193 1111 181 207 131 176 36 145 45 24 74 78 24 0 844 846 2556 1515 1421 973 545 484 2146 335 87 305 182 369 433 169 476 633 189 801 38 892 0 343 122 0 241 71 522 232 731 45 68 98 87 420 1148 391 90 314 461 140 1622 91 193 186 426 402 392 407 2284 787 1852 381 1325 1378 956 391 42 420 0 390 1844 0 6292 6 2695 2429 2563 7056 0 2024 222 16 0 0 0 281 2378 0 0 0 31 31 31 31 28 319 3 4736 1737 9 0 0 0 0 11 0 148 0 17 4 0 0 0 0 0 0 0 0 11 0 0 0 0 2712 2420 1418 2396 1750 2414 2448 2087 1861 2156 1871 2066 2451 2064 2341 2374 2372 2020 1910 117 0 228 0
548 270 163 37 431 216 54 64 32 53 6 39 11 130 9 108 8 0 163 193 567 276 224 81 67 42 12 19 6 27 18 60 27 14 35 55 24 191 264 107 217 163 34 0 49 0 101 41 332 0 15 17 0 100 221 79 15 59 96 27 801 10 435 405 157 157 151 158 0 173 234 100 201 225 0 71 0 73 0 78 61 0 0 1711 181 185 966 931 77 44 361 18 53 0 19 100 89 92 38 0 10 10 10 10 6 47 0 112 0 0 0 0 0 0 0 0 0 22 52 0 0 0 0 0 0 0 0 0 0 0 0 0 0 76 77 61 50 64 81 80 74 63 60 49 120 115 61 59 62 56 59 56 62 0 39 0
0 0 0 0 0 0 0 0 0 0 0 0 0 0 0 0 0 0 0 0 0 0 0 0 0 0 0 0 0 0 0 0 0 0 0 0 0 0 0 0 0 0 0 0 0 0 0 0 0 0 0 0 0 0 0 0 0 0 0 0 0 0 0 0 0 0 0 0 0 0 0 0 0 0 0 0 0 0 0 0 0 0 0 0 0 0 0 0 0 0 325 0 0 0 0 0 0 0 0 0 0 0 0 0 0 0 0 0 0 0 0 0 0 0 0 0 0 0 0 0 0 0 0 0 0 0 0 0 0 0 0 0 0 0 0 0 0 0 0 0 0 0 0 0 0 0 0 0 0 0 0 54 0 0 0 0
643 749 556 107 721 573 735 784 518 604 19 530 45 335 206 178 71 0 1106 7 2 1789 0 527 0 21 86 147 59 308 171 165 36 140 351 475 172 187 101 48 0 877 0 0 71 0 453 160 1108 0 17 35 24 703 10 499 34 175 502 105 557 151 728 690 197 198 0 208 74 1022 862 313 0 1020 784 783 749 392 420 787 1392 0 0 1 0 0 8 1 0 300 1330 164 292 237 290 411 284 381 457 519 617 617 617 617 616 455 84 490 0 174 0 0 0 0 0 0 654 0 1939 0 0 0 0 0 0 0 0 0 27 45 0 0 0 267 264 199 273 207 267 262 263 229 276 215 259 293 269 263 272 262 247 220 0 0 98 0
300 349 259 50 336 274 343 364 242 282 13 247 45 273 223 94 88 0 282 278 785 340 0 715 0 21 113 194 79 417 220 218 48 184 478 631 226 139 92 220 0 469 332 0 144 0 159 104 335 0 69 77 75 173 111 198 77 145 212 126 312 153 339 321 100 101 0 111 0 1076 693 305 0 852 290 3067 466 564 343 250 413 0 0 1 0 0 0 1 0 244 42 22 89 56 104 230 307 153 160 176 148 148 148 148 148 530 21 171 0 9 0 0 0 0 0 0 707 0 2999 0 0 106 0 0 5 0 0 0 0 88 0 0 0 284 279 199 252 216 279 274 248 213 260 213 303 333 245 268 278 265 242 222 0 140 66 0
6 7 5 1 6 5 6 9 5 6 0 5 0 0 0 28 116 0 7 9 24 11 9 16 12 49 9 9 4 7 17 28 0 10 4 35 32 0 26 19 0 2 0 0 12 0 10 3 8 0 0 2 1 8 4 13 2 4 6 8 184 0 6 6 3 0 0 0 0 0 0 14 19 0 0 58 0 27 3 37 0 0 0 10 0 0 0 124 54 26 226 0 0 0 0 7 35 0 0 0 0 0 0 0 0 16 0 9 0 1211 144 169 0 0 0 0 4 0 2 0 0 0 0 0 0 0 225 0 0 0 0 0 0 23 24 23 0 25 27 26 30 26 27 21 186 163 25 28 30 25 25 24 0 0 7 0
0 0 0 0 0 0 0 0 0 0 0 0 0 0 49 1 294 0 39 44 133 59 1 39 26 133 0 0 0 1 3 0 1 1 0 0 3 15 66 28 0 16 0 0 7 0 17 6 38 0 0 1 0 22 2 11 1 5 17 1 20 0 0 0 0 0 0 0 0 0 5 7 0 0 0 1 0 0 0 0 0 0 0 3 0 0 0 0 0 0 5 2 0 0 0 29 0 0 0 0 12 12 12 12 12 0 10 0 0 0 0 0 0 0 2381 0 90 1942 2704 418 0 0 0 0 0 0 0 0 0 0 334 0 5 0 0 0 0 2 0 0 3 5 0 0 5 3 4 3 4 0 3 3 0 0 0 0
0 0 3 1 1 27 1 2 2 29 14 1 6 13 0 13 36 0 16 0 5 27 46 165 16 58 23 41 16 91 48 39 0 41 75 118 79 58 1256 468 0 12 0 0 7 0 10 4 7 0 0 2 0 2 67 7 2 0 1 4 44 0 0 0 55 44 0 0 0 38 268 18 34 109 53 0 0 18 13 18 225 366 0 133 90 132 0 946 0 0 63 0 0 0 0 9 0 0 0 0 0 0 0 0 0 0 0 0 0 0 0 0 0 0 0 0 63 25 89 507 0 0 0 0 38 0 0 0 0 0 67 45 92 0 0 0 0 0 0 0 11 11 0 0 17 10 5 0 2 0 8 7 110 0 66 0
0 0 0 0 0 1 0 5 0 0 0 0 0 0 0 86 4 0 64 0 0 0 0 0 0 73 11 19 6 32 23 26 22 18 32 55 29 1 0 0 0 659 87 0 35 0 18 4 0 0 0 4 1 12 14 682 6 1 2 4 177 0 0 0 8 0 0 1 0 801 92 65 85 89 0 3548 94 3384 0 4009 2566 0 0 104 0 0 0 0 50 0 13 0 0 0 0 182 0 0 0 0 0 0 1 1 1 2970 0 0 0 0 0 0 0 0 0 0 0 0 0 0 0 0 0 0 0 0 0 0 0 0 0 0 0 0 0 0 0 0 0 0 0 0 0 0 44 0 0 0 0 0 4 3 0 0 0 0
0 0 0 0 0 0 0 0 0 0 0 0 0 0 0 0 0 0 0 0 0 0 0 0 0 0 0 0 0 0 0 0 0 0 0 0 0 0 0 0 0 0 0 0 0 0 0 0 0 0 0 0 0 0 0 0 0 0 0 0 0 0 0 0 0 0 0 0 0 0 0 0 0 0 0 0 0 0 0 0 0 0 0 0 0 0 0 0 0 0 0 0 0 0 0 0 0 0 0 0 0 0 0 0 0 0 0 0 0 0 0 0 0 0 0 0 0 0 0 0 0 0 0 0 0 0 0 0 0 0 0 0 0 0 0 0 0 0 0 0 0 0 0 0 0 0 0 0 0 0 0 0 0 0 0 0
0 149 5 0 0 0 2 6 3 2 0 1 2 0 0 5 1 0 2 0 7 3 0 3 0 1 1 2 0 2 1 5 15 1 0 0 1 4 4 2 24 10 1 0 0 4 3 4 4 2 0 4 4 4 10 3 0 1 3 4 0 3 1 0 0 5 2 0 0 1 1 1 0 2 0 1 13 0 0 1 0 0 0 5 0 0 1 0 1 0 37 0 0 0 0 2 3 0 26 18 246 215 248 250 237 0 13 0 0 0 0 0 0 0 0 0 0 1 0 0 0 0 0 0 0 0 0 0 0 0 0 0 0 0 0 0 0 0 0 0 1 1 0 0 1 0 0 0 0 0 1 1 0 0 1 0
53 74 606 8 9 253 271 722 394 238 23 256 87 30 15 177 87 0 411 662 1587 776 223 314 227 58 63 102 30 128 84 354 985 68 168 268 106 352 254 314 547 2014 468 0 69 759 557 721 749 762 764 760 762 774 358 545 760 311 587 704 0 386 8 16 466 479 465 357 225 164 156 96 120 245 570 98 2021 148 196 179 55 241 0 1191 0 0 141 154 60 308 126 3 0 4 0 383 284 0 1309 996 0 0 0 0 1 0 589 457 0 104 0 0 29 0 59 0 87 80 41 22 21 0 0 0 0 0 52 0 0 0 0 80 0 236 254 225 274 214 266 257 122 79 106 413 263 283 67 50 54 39 51 49 79 0 133 0
71 99 808 11 12 343 362 963 526 321 33 341 136 46 21 324 175 0 508 817 1950 956 336 483 285 111 95 154 45 193 123 537 1496 103 258 408 155 515 313 418 1256 2450 578 0 93 512 546 534 1198 515 521 517 515 684 588 470 510 329 554 491 0 530 11 20 650 685 647 344 325 216 221 129 259 344 739 128 2615 194 257 232 70 326 62 1453 0 0 191 218 84 434 102 3 0 0 0 479 413 0 2237 1691 0 0 0 0 1 0 1002 632 0 158 0 0 98 51 763 0 130 117 61 24 0 0 0 0 0 0 82 0 0 0 0 130 7 373 399 346 574 318 412 400 179 114 172 618 381 418 95 78 79 72 73 78 131 55 171 0
19 27 220 3 3 102 99 263 143 91 12 93 95 14 8 119 33 0 114 181 429 1338 145 222 62 26 45 73 22 93 57 259 723 49 122 190 65 237 260 119 482 637 135 0 46 230 411 294 1067 232 234 237 231 656 232 217 231 88 392 224 0 221 3 6 272 285 264 12 101 80 90 54 23 143 199 36 710 53 65 64 16 137 0 319 0 0 68 91 33 117 35 1 0 1 0 135 104 0 853 649 0 0 0 0 0 0 0 29 0 28 0 0 0 0 25 0 37 80 37 3 0 0 0 0 0 0 10 0 0 0 0 64 0 70 76 71 0 74 83 79 44 107 28 141 93 97 67 64 19 5 59 57 35 0 38 0
0 0 0 0 0 0 1 2 1 0 0 0 0 0 0 1 0 0 0 0 0 0 0 0 0 0 0 0 0 0 0 0 451 0 0 0 0 0 0 0 0 0 0 0 0 0 1 1 0 0 0 0 1 0 2 0 0 1 1 0 0 0 0 0 0 0 0 0 0 0 0 0 0 0 0 0 0 0 0 0 0 0 0 2 0 0 0 0 0 0 13 0 0 0 0 0 0 0 0 0 58 61 61 61 61 0 2 0 0 0 0 0 0 0 0 0 0 0 0 0 0 0 0 0 0 0 0 0 0 0 0 0 0 0 0 0 0 0 0 0 0 0 0 0 0 0 0 0 0 0 0 0 0 0 0 0
0 0 1 0 0 0 1 1 1 0 0 0 0 0 0 1 0 0 0 0 2 0 0 0 0 0 0 0 0 0 0 0 2 0 0 0 0 0 0 1 0 0 0 0 0 0 1 1 2 0 0 0 1 0 2 0 0 0 1 0 0 0 0 0 1 0 0 0 0 0 0 0 0 0 0 65 0 0 0 0 0 0 0 2 0 0 0 0 0 0 1 0 0 0 0 0 0 0 0 0 47 47 47 47 47 0 0 0 0 0 0 0 0 0 0 0 0 0 0 0 0 0 0 0 0 0 0 0 0 0 0 0 0 0 0 0 0 0 0 0 0 0 0 0 0 0 0 0 0 0 0 0 0 0 0 0
0 46 0 2 5 0 0 0 0 0 0 0 11 0 0 0 0 0 0 0 1010 0 0 0 0 1 0 0 5 0 4 0 0 6 0 0 35 0 148 0 0 0 0 0 5 0 7 2 0 0 0 0 0 0 0 170 0 0 34 1 0 1 5 5 0 0 0 0 0 5 8 23 9 5 0 0 0 0 0 983 0 0 0 0 0 0 0 0 0 130 1 0 0 0 0 7 43 0 0 0 0 0 0 0 0 0 0 0 0 1 0 0 1 0 0 0 0 48 20 0 0 0 0 0 0 0 0 0 0 0 0 0 0 0 0 0 0 127 0 148 68 39 0 0 127 0 20 19 24 11 22 19 0 0 0 0
45 63 521 6 7 214 233 621 339 201 18 220 63 26 13 143 54 0 353 570 1367 668 191 265 193 41 54 87 26 110 69 304 847 58 141 225 89 302 219 270 465 1735 389 0 59 309 355 334 633 312 314 314 312 449 242 304 313 225 370 302 0 319 7 12 367 412 373 413 187 137 125 78 0 196 477 84 1739 127 164 154 43 185 0 3 0 0 121 126 45 178 66 0 0 0 0 325 190 0 0 0 9221 9220 9218 9219 9181 1229 0 150 0 56 0 0 0 0 41 0 60 55 28 12 0 0 0 0 0 0 9 0 0 0 0 47 0 147 158 144 92 143 169 163 84 55 63 274 185 195 48 31 36 18 37 36 19 0 92 0
61 85 686 13 12 330 305 816 444 315 48 287 263 34 17 310 219 0 464 742 1774 870 248 364 262 135 76 121 34 143 105 406 1100 85 185 324 147 394 289 351 605 2253 510 0 77 402 483 434 822 405 408 408 405 596 326 395 407 292 480 392 0 426 9 17 503 535 500 536 251 182 169 106 41 261 623 115 2259 168 215 206 59 256 25 1335 0 0 158 169 152 747 144 0 0 0 0 425 949 0 3736 0 8798 8798 8795 8797 8762 1289 656 1768 0 373 13 0 271 98 196 0 285 273 140 86 72 0 0 138 0 0 230 0 0 0 0 302 42 904 967 830 1603 743 990 962 407 256 422 1453 786 895 178 182 181 184 146 140 372 189 449 0
0 0 0 0 0 0 0 0 0 0 0 0 0 0 0 0 1 0 5 8 484 9 0 0 0 0 0 0 0 0 0 0 0 0 0 0 0 0 0 0 0 0 0 0 1250 0 6 2 6 0 0 0 0 3 0 1 0 3 6 0 0 2 0 0 0 0 0 0 0 3 0 773 0 0 41 0 0 0 0 0 0 0 0 0 0 0 0 0 0 2 16 0 0 0 0 0 0 0 0 0 0 0 0 0 0 0 14 0 0 0 0 0 0 0 0 0 0 0 0 0 0 0 0 0 0 0 0 0 0 0 0 0 0 0 0 0 0 0 0 0 0 0 0 0 0 0 0 0 0 0 0 0 0 0 0 0
0 0 0 0 0 0 0 0 0 0 0 0 0 0 0 0 0 0 0 0 0 0 0 0 0 0 0 0 0 0 0 0 0 0 0 0 0 0 0 0 0 0 0 0 152 0 0 0 0 0 0 0 0 0 0 0 0 0 0 0 0 3 0 0 0 0 0 0 0 0 0 93 0 0 520 0 0 0 0 0 0 0 0 0 0 0 0 0 0 5 21 0 0 0 0 0 0 0 0 0 0 0 0 0 0 0 117 0 0 0 0 0 0 0 0 0 0 0 0 0 0 0 0 0 0 0 0 0 0 0 0 0 0 0 0 0 0 0 0 0 0 0 0 0 0 0 0 0 0 0 0 0 0 0 0 0
0 0 0 0 0 0 0 0 0 0 0 0 0 0 0 0 0 0 0 0 0 0 0 0 0 0 0 0 0 0 0 0 0 0 0 0 0 0 0 0 0 0 0 0 0 0 0 0 0 0 0 0 0 0 0 0 0 0 0 0 0 0 0 0 0 0 0 0 0 0 0 0 0 0 0 0 0 0 0 0 0 0 0 0 0 0 0 0 0 0 0 0 0 0 0 0 0 0 0 0 0 0 0 0 0 0 381 0 0 0 0 0 0 0 0 0 0 0 0 0 0 0 0 0 0 0 0 0 0 0 0 0 0 0 0 0 0 0 0 0 0 0 0 0 0 0 0 0 0 0 0 0 0 0 0 0
0 0 0 0 0 0 0 0 0 0 0 0 0 0 0 0 0 0 0 0 0 0 0 0 0 0 0 0 0 0 0 0 0 0 0 0 0 0 0 0 0 0 0 0 0 0 0 0 0 0 0 0 0 0 0 0 0 0 0 0 0 0 0 0 0 0 0 0 0 0 0 0 0 0 0 0 0 0 0 0 0 0 0 0 0 0 0 0 0 0 0 0 0 0 0 0 0 0 0 0 1850 1850 1849 0 1842 0 1 0 0 0 0 0 0 0 0 0 0 0 0 0 0 0 0 0 0 0 0 0 0 0 0 0 0 0 0 0 0 0 0 0 0 0 0 0 0 0 0 0 0 0 0 0 0 0 0 0
0 0 0 0 0 0 0 0 0 0 0 0 0 0 0 0 0 0 0 0 0 0 0 0 0 0 0 0 0 0 0 0 0 0 0 0 0 0 0 0 0 0 0 0 0 0 0 0 0 0 0 0 0 0 0 0 0 0 0 0 0 0 0 0 0 0 0 0 0 0 0 0 0 0 0 0 0 0 0 0 0 0 0 53 0 0 0 0 0 0 63 0 0 0 0 0 0 0 0 0 0 0 0 0 0 0 87 0 0 0 0 0 0 0 0 0 0 0 0 0 0 0 0 0 0 0 0 0 0 0 0 0 0 0 0 0 0 0 0 0 0 0 0 0 0 0 0 0 0 0 0 0 0 0 0 0
49 67 549 6 7 229 246 655 358 203 18 232 36 17 19 64 23 0 23 25 14 0 733 517 11 27 103 166 50 215 123 598 1683 108 293 438 131 325 242 288 0 44 0 0 7 117 47 100 9 51 88 118 119 79 26 77 121 16 50 108 0 91 9 14 426 440 399 445 30 176 267 86 583 583 252 14 238 0 16 0 3 0 0 201 0 0 0 10 6 0 627 1202 192 83 209 1154 81 513 0 0 1722 1722 1721 1414 1715 0 2320 157 0 0 0 0 0 0 17 0 26 0 13 0 0 0 0 0 0 0 0 0 0 0 0 0 0 0 3 25 0 50 18 15 0 23 0 91 77 0 6 0 0 0 16 20 21 0 43 0
4 6 51 1 1 19 23 67 34 20 2 22 0 0 1 92 22 0 0 0 0 0 0 0 0 8 2 2 0 1 4 4 0 3 0 10 9 0 0 0 0 6 1 0 0 0 16 0 0 0 0 0 0 9 8 0 0 0 0 0 0 9 1 1 0 0 0 0 371 0 0 0 0 0 2 6 2 4 1 5 0 0 2 2 0 0 4 0 91 367 1 0 0 0 0 0 498 0 1821 0 0 0 0 0 0 0 0 909 0 207 63 86 0 214 0 0 137 136 58 46 0 17 0 149 3 0 132 0 17 0 0 163 73 478 514 441 0 389 523 507 209 133 223 763 381 445 77 91 91 94 70 67 218 158 233 0
16 11 23 11 10 50 15 16 10 49 15 13 613 3 12 34 26 0 25 0 90 29 41 0 0 23 45 77 30 149 86 123 65 71 178 317 91 72 4222 75 0 524 0 0 17 0 19 11 38 0 8 9 9 18 20 23 9 13 20 10 15 91 9 8 0 33 0 48 0 81 159 59 70 0 0 26 23 14 11 29 0 0 0 231 0 0 0 18 23 5 238 17 0 0 0 79 8 192 0 0 156 156 156 156 156 0 0 0 0 0 0 0 0 1540 0 0 10 47 54 0 0 0 0 0 0 0 0 0 9 0 0 32 0 0 0 0 0 0 0 0 0 10 0 0 0 0 0 0 0 0 2 4 0 0 47 0
5592 4440 3320 520 5631 3551 1298 2031 1147 1733 245 1022 14553 437 1298 1138 976 0 4023 4856 207 7313 1237 1920 0 1164 247 399 129 599 405 1049 616 323 771 1254 473 3569 1861 406 0 911 753 60 537 5 2188 742 3932 0 42 139 84 2447 3050 1340 113 720 1836 175 5854 1013 5657 5295 1298 1306 1117 1315 1209 766 776 766 0 1370 947 289 566 244 215 292 363 0 644 21 7279 7277 275 3065 333 1572 4193 636 4448 5966 549 1537 3085 2526 9786 7129 929 929 929 929 934 353 231 3931 0 1244 267 0 1016 1128 244 0 6146 1931 1887 854 855 519 131 2636 595 14496 535 0 971 379 2166 1521 305 3129 3134 2280 2073 2307 3191 3201 2416 2046 2135 1769 1536 1830 1915 1961 1971 1971 1856 1730 4039 1498 1120 0
188 209 158 33 197 203 177 156 131 195 31 151 2 0 3 216 31 0 237 489 766 241 253 116 6 49 28 42 13 62 52 88 49 39 15 121 75 675 1986 40 0 79 0 0 61 0 132 63 146 0 37 45 43 134 36 101 46 27 98 42 170 19 202 191 107 9 0 104 231 177 273 132 285 249 0 79 5 94 0 59 77 0 167 2631 0 0 0 296 197 652 55 0 0 0 0 70 970 0 0 0 22 22 22 22 26 38 0 251 0 0 14 0 0 0 10 0 142 233 145 327 0 0 0 0 318 0 2799 0 87 0 0 67 64 862 929 786 1428 710 928 889 840 696 888 711 702 825 716 823 853 826 704 666 92 0 176 0
188 208 151 30 199 158 177 182 129 152 9 154 25 185 507 95 47 0 67 79 36 28 46 36 67 24 7 9 3 15 14 15 1 8 0 0 27 243 506 14 0 0 0 0 17 334 188 358 23 368 414 414 418 275 115 232 416 107 190 383 14 0 204 193 39 1 0 32 67 36 70 24 40 47 41 63 284 127 127 72 94 25 129 705 73 67 0 256 60 5989 33 7 7 75 86 42 1754 0 106 0 52 52 52 52 52 102 0 1153 0 0 0 162 0 17 36 0 32 546 637 55 0 0 0 0 14 0 198 0 588 0 0 0 14 2004 1950 813 1518 1180 1578 1592 209 361 56 6226 5775 5711 4476 3544 2668 3152 1360 1368 11 0 199 0
2082 2310 1678 333 2222 1950 1967 2517 1425 1716 162 1702 375 493 730 5226 107 0 3144 3748 108 5214 0 6220 2986 640 924 1553 535 2640 1611 3223 2223 1335 3330 5292 1809 5346 9635 340 757 4692 2949 0 1097 238 3053 967 3253 235 325 397 353 2469 2183 2758 396 2581 3288 425 0 5219 2256 2142 3036 3024 3001 3029 143 4082 5848 2727 535 4928 2536 7090 6785 3588 26 7201 12643 3281 3923 23 3439 3513 0 5928 3410 2680 1364 132 115 528 633 2295 3963 833 1013 559 1873 1873 1874 1873 1876 3286 0 3345 2405 623 0 0 570 1117 212 0 264 1816 1523 2307 0 1317 0 0 113 0 122 0 988 0 541 452 821 5361 3437 2711 5111 2560 3478 3415 2767 2308 2752 2218 2263 2608 2296 2470 2518 2493 2233 2102 406 712 1015 0
266 295 221 45 285 275 252 283 184 256 36 217 41 137 850 99 145 0 588 671 1981 893 383 462 299 121 70 116 42 207 120 238 174 99 231 360 144 1711 4433 111 167 286 143 0 248 52 348 177 622 27 76 99 92 381 174 303 98 265 453 126 3782 365 291 272 815 839 833 841 817 1175 1031 318 411 612 439 394 374 199 276 395 986 244 287 9 90 200 298 1135 92 282 776 23 0 0 33 239 558 0 83 0 207 207 207 207 209 149 10 1198 0 153 73 0 0 0 15 0 217 1291 1158 782 0 0 0 92 421 0 0 0 380 0 50 87 128 499 526 448 654 427 541 528 503 425 497 404 402 463 424 472 489 465 411 386 341 0 549 0
0 0 1 0 67 35 68 108 0 47 0 47 89 39 0 624 173 0 154 190 501 241 586 287 108 54 0 88 0 94 99 0 43 0 0 0 0 696 489 63 99 100 43 313 49 8 200 41 178 0 1 17 15 152 137 138 19 85 125 47 523 479 67 65 635 648 636 649 391 307 0 147 525 565 215 431 393 220 302 435 0 452 571 10 58 60 120 421 401 1211 159 15 22 0 67 147 1861 379 318 0 359 359 359 359 364 190 0 0 0 347 0 0 70 0 45 58 95 879 422 0 0 96 0 132 399 0 91 881 934 0 482 852 224 1682 1840 0 3145 1381 668 1774 1531 1252 0 0 1128 1367 1238 1439 1484 1460 1222 1162 829 0 0 0
28 42 173 77 45 816 42 55 72 846 397 10 2 158 6 141 2025 0 779 968 2783 1242 18 375 422 1502 5 8 0 9 7 14 20 5 6 15 10 0 34 1 0 24 0 0 98 0 433 142 755 0 0 16 5 461 18 262 13 406 517 28 207 95 1 1 70 69 44 70 0 129 133 119 110 136 104 6 11 6 6 6 0 0 7 168 9 9 76 0 23 222 177 3 0 0 0 113 323 0 0 0 0 0 0 0 1 0 9 147 0 0 0 0 0 0 0 0 488 500 507 0 0 0 0 0 59 0 0 0 99 0 0 416 0 453 418 328 627 330 451 468 358 327 400 372 283 332 324 378 370 399 280 390 122 0 7 0
282 369 961 400 374 4325 332 462 446 4281 2007 214 30 7262 414 1205 3244 0 1433 1699 2797 1882 1396 3455 15736 4537 546 723 153 573 359 2463 1436 330 803 1180 316 203 901 30 2840 2434 534 21 674 184 5170 1806 1997 0 188 332 241 493 3226 3031 259 17125 4776 379 752 659 157 149 162 115 0 143 549 2499 706 487 1535 689 260 125 349 522 286 87 180 315 429 3463 5154 5153 179 154 647 1353 491 135 340 433 562 744 2169 745 880 388 2576 2576 2575 2575 2573 814 49 1418 4180 384 136 1007 12 0 1826 0 6122 2549 3242 152 9336 0 0 0 73 112 2153 0 880 445 2516 7777 91 2710 2600 2003 4204 1962 2725 2789 2322 2055 2253 2012 1658 1935 1796 2095 2052 2183 1762 1703 1394 366 204 0
1 1 11 5 3 64 3 4 5 68 32 0 0 0 0 130 3425 1 355 684 1017 298 1 144 76 528 0 0 0 3 29 0 1 0 0 0 9 0 3 0 0 0 0 0 11 5421 2044 4575 329 5424 5431 5393 5447 3543 1002 2693 5419 671 2239 4821 0 177 0 3 43 0 0 1 0 59 71 42 18 125 0 0 0 0 0 0 0 0 399 10 0 0 0 0 0 64 56 1 0 0 0 47 1 0 0 0 35 35 35 35 35 0 0 0 0 0 0 0 0 0 0 0 0 0 21 0 0 0 0 0 0 0 0 0 0 0 0 0 0 23 7 1 0 18 17 24 434 616 87 22 79 65 36 23 22 22 13 154 0 0 0 0
6 8 30 0 8 139 7 14 0 126 51 4 0 595 0 167 23 0 88 149 219 84 538 70 97 107 0 0 1 20 20 0 807 3 0 0 21 56 288 24 597 498 0 0 4523 565 272 491 349 0 0 567 572 391 337 308 567 144 281 545 200 71 0 1 15 7 4 8 10 86 118 2851 470 260 58 142 58 46 397 20 7 149 0 105 2 2 65 0 0 11 57 0 0 0 0 87 8 0 0 0 0 0 0 0 0 11 0 0 0 0 0 0 0 0 0 0 31 0 64 0 0 0 0 0 0 0 0 0 0 18 0 0 0 0 0 0 0 6 0 0 14 16 0 0 22 13 15 11 15 0 13 13 0 0 0 0
1 1 6 0 2 26 1 3 0 20 6 1 0 72 0 29 3 0 22 38 56 19 79 5 15 20 0 0 0 0 2 0 63 0 0 0 3 11 69 4 17 23 0 0 51 67 44 72 24 0 0 80 83 61 26 47 83 24 43 74 12 15 0 0 3 0 0 1 0 16 19 39 70 52 0 8220 2 1 1 1 0 0 0 11 0 0 0 0 0 2 7 0 0 0 0 19 3 0 0 0 0 0 0 0 0 0 0 0 0 0 0 0 0 0 0 0 0 0 0 0 0 0 0 0 0 0 0 0 0 0 0 0 0 0 0 0 0 0 0 0 2 4 0 0 165 132 2 0 3 0 3 4 0 0 0 0
39 54 173 75 56 769 50 68 76 799 370 32 3 10 0 77 25 0 89 25 52 64 46 86 41 525 0 0 0 1 0 0 1 0 0 0 0 162 326 9 10 17 4 0 3 0 21 4 36 0 1 1 1 16 30 13 1 13 17 1 11 36 13 13 32 24 10 32 40 64 58 40 43 68 0 8 0 4 0 8 2 0 7 76 15 15 19 0 0 28 42 1 0 0 0 11 40 0 0 0 283 283 283 283 282 40 0 2 0 0 0 0 0 6 66 0 218 162 354 0 0 0 0 0 0 0 0 0 102 0 420 60 14 122 83 51 0 81 106 124 84 91 91 101 77 81 69 99 93 106 63 59 0 0 0 0
723 831 991 315 811 2939 709 1593 630 2837 1164 594 113 185 567 10598 4666 0 825 792 1852 990 3160 1872 551 3713 1543 2652 1041 5807 3312 881 1432 2740 4441 3035 924 1789 1875 229 12305 3874 1919 315 320 49 2082 221 6522 0 237 179 188 1264 5469 420 119 153 372 159 3245 1653 689 665 2115 2040 2003 2054 1605 1294 2983 955 2829 2571 1414 1042 734 423 453 1088 1364 953 1059 72 28 28 15 955 5530 1756 218 52 0 76 151 989 5307 245 249 0 374 375 375 375 381 263 14 1372 0 1241 2465 9911 2487 55 2675 0 1457 6900 20291 9290 0 1434 0 0 41 121 1957 0 549 770 815 0 53 6209 5446 2665 313 3888 5630 5972 1871 1685 2120 1823 1641 1948 1664 2017 2012 2112 1593 1513 114 515 429 0
136 149 123 29 145 219 123 192 94 204 58 112 127 68 6 705 659 0 196 233 655 311 186 369 118 228 97 158 31 142 200 324 167 150 187 444 345 275 316 53 108 211 146 792 63 0 233 51 243 0 20 22 20 187 176 105 24 85 144 36 716 790 141 134 1087 1117 1112 1120 415 230 202 111 176 181 164 546 298 124 150 551 368 65 297 3811 19 0 159 280 588 567 113 52 274 199 233 241 872 297 366 265 1821 1821 1821 1821 1817 379 0 667 0 429 448 0 3049 0 179 301 1827 1339 845 64 0 0 1249 291 2854 0 751 0 1177 0 3906 558 358 833 880 722 1408 658 889 867 714 594 764 609 568 669 581 670 687 682 570 543 1014 645 1076 0
2099 2085 1430 297 2035 1645 1434 2005 1060 1448 155 1612 6800 766 679 609 581 0 289 486 758 349 250 497 468 369 80 126 38 157 113 387 102 92 190 348 146 791 456 290 407 506 94 0 409 126 329 192 333 122 143 147 144 201 488 235 145 500 247 179 1672 371 2042 1931 135 119 118 120 268 203 278 317 305 180 213 189 845 187 487 75 92 291 219 3628 724 718 358 507 252 625 2599 90 320 433 447 299 1554 548 705 477 228 228 228 228 231 185 11 888 0 978 318 437 370 59 2215 341 974 828 773 650 778 0 0 4716 5077 5337 770 0 769 0 1287 49 52 1594 1539 989 1543 1119 1569 1597 825 692 847 689 637 754 679 765 780 778 685 648 242 290 2829 0
170 182 132 27 177 152 145 187 106 139 15 139 212 37 125 101 277 0 68 136 202 66 98 158 290 109 16 33 15 76 47 24 9 37 81 121 136 39 246 1142 71 222 46 0 21 3 111 46 73 7 19 21 19 40 41 50 21 235 108 29 34 361 179 169 56 55 55 55 115 108 176 39 104 155 40 16 104 83 92 12 34 106 75 1291 10 9 79 84 91 307 85 15 91 17 81 99 458 161 147 0 117 117 117 117 119 57 0 1404 0 74 125 9 0 0 7 479 212 28 44 327 58 0 0 0 0 0 11 0 94 0 58 0 0 467 480 393 761 364 490 483 403 342 438 366 314 377 338 400 407 411 331 319 54 0 249 0
138 156 120 24 155 136 150 167 106 139 12 116 35 22 4 99 28 0 137 64 178 82 53 51 27 2091 5 11 5 26 19 11 9 12 23 38 14 45 156 3 372 462 382 0 1368 567 245 499 241 573 590 583 588 399 250 359 585 95 268 602 2762 70 156 148 54 45 46 48 95 64 70 871 69 55 628 557 743 811 816 357 896 234 336 2622 4 0 516 64 0 57 112 15 122 107 117 210 2 147 185 122 177 177 177 177 176 724 0 500 0 0 0 0 0 0 0 0 10 17 14 35 0 0 0 4910 0 0 0 0 60 0 0 0 0 7 0 0 0 8 5 9 10 13 5 10 78 66 18 13 13 11 17 23 13 0 0 0
52 86 19 42 28 213 75 70 7 190 95 28 1336 30 116 759 1038 0 214 209 550 316 716 1427 193 529 337 545 133 578 506 1678 807 410 791 1479 690 2021 1624 454 76 288 306 999 86 0 262 63 269 0 28 31 29 176 350 151 31 130 172 53 961 591 27 27 703 696 644 712 1275 456 578 211 614 458 165 504 387 211 259 503 335 1295 767 32 408 409 615 1552 722 883 417 153 1262 1404 1517 383 1899 1935 2450 1714 2467 2467 2467 2467 2462 526 78 321 0 1885 4471 773 5175 2773 924 0 4100 2057 105 3347 0 1657 0 1446 5817 0 1651 1524 901 0 6351 10503 43 1786 1732 1128 0 1321 1769 1785 1070 902 1067 818 888 1021 897 1004 1055 977 892 847 4336 5848 4764 0
154 173 124 22 170 161 160 236 113 135 14 109 65 24 158 991 781 0 392 478 1333 686 1119 1037 495 395 167 288 89 445 327 511 377 260 534 886 467 500 1099 206 416 300 0 0 88 0 458 107 587 0 3 20 15 311 523 539 28 373 449 187 68 2030 172 166 3685 3807 3784 3815 868 341 790 242 998 1015 1275 2303 2119 1120 1604 2332 2657 358 326 5896 627 632 0 771 407 630 145 5 0 0 0 542 907 0 0 0 36 36 36 36 39 909 0 1731 0 0 0 0 942 0 27 0 85 4778 1532 6213 0 0 0 0 663 0 0 0 819 0 0 96 73 927 933 692 1295 696 946 950 701 593 709 584 711 778 584 655 663 670 569 538 394 803 1119 0
80 95 98 27 94 249 96 154 75 248 88 66 206 111 82 896 539 0 139 285 284 238 175 442 119 374 95 154 35 158 178 377 33 136 206 435 280 172 323 36 127 226 27 10169 273 93 272 108 140 80 95 97 97 192 435 320 101 44 99 206 4602 585 86 83 757 764 752 765 276 166 339 240 217 303 1709 2227 1796 933 1205 2197 2822 373 766 3504 698 703 438 2259 622 2475 259 141 1500 1398 1467 440 3822 1790 2307 1725 1788 1788 1788 1788 1795 1071 46 1177 354 1583 948 654 2991 0 207 95 351 675 283 1830 293 1083 717 142 458 0 1718 0 1183 1500 1446 374 296 3531 3824 3217 1796 2878 3835 3702 3077 2519 3288 2626 2348 2817 2480 2878 2956 2934 2453 2329 335 0 45 0
14 7 11 0 23 42 49 26 5 44 11 19 23 183 37 68 24 0 181 176 646 295 154 140 18 62 58 102 835 54 39 28 305 40 51 100 76 82 31 48 98 204 0 14 631 34 118 92 241 30 68 80 79 158 106 104 81 26 110 75 1380 192 26 56 1156 1180 1152 1200 201 31 370 463 164 261 144 45 19 18 0 41 2 0 135 1050 0 11 293 426 19 1 101 14 210 230 265 211 85 357 347 195 49 49 49 49 49 10 0 0 0 0 0 0 0 0 0 0 6 114 65 0 0 0 0 0 0 0 0 0 0 0 57 0 0 77 60 14 0 52 66 72 7 12 0 0 15 8 17 0 2 0 10 17 0 0 0 0
2024 1946 1267 259 1893 2089 1267 1806 933 1079 312 1479 3220 788 1769 5193 13957 52105 450 817 1109 396 4396 4808 8769 859 2302 3543 31998 2189 1672 2193 11799 1552 3038 4466 1995 1127 5542 9941 2273 2786 2263 511 5345 1675 2976 2202 1378 1645 1699 1741 1725 1175 1153 1622 1748 7109 2854 1728 2993 6187 1909 1809 3615 3699 3670 3705 4076 3586 1959 3983 3790 2696 2153 2038 4656 2040 1517 1080 2403 1717 66 65 0 0 31 303 766 7910 1441 1125 5458 4412 4630 2817 12588 5654 1654 5844 8161 8160 8159 8160 8173 3012 392 4237 0 2986 6907 424 4969 2906 1834 0 6576 0 6202 4158 0 2269 6074 2537 4747 535 2061 0 3484 0 6173 3972 2199 11642 12628 10648 0 9340 12651 12197 10043 8213 10932 8711 7545 9150 8563 9490 9793 9734 8074 12771 4114 92 3384 0
268 301 252 55 303 407 282 332 204 396 101 229 52 43 64 206 350 0 221 241 704 365 100 512 88 271 39 101 41 209 126 178 226 99 164 330 120 424 1768 162 201 334 96 0 151 0 150 80 298 0 56 57 55 159 251 111 57 40 121 62 2404 456 298 283 837 849 846 863 351 199 117 124 133 105 202 151 151 79 104 150 337 151 315 15 356 355 304 0 0 805 67 1273 330 231 343 1303 707 499 574 359 9863 9863 9860 9862 9826 1665 409 737 0 64 117 0 0 0 301 0 360 187 156 0 0 0 0 0 225 0 716 0 0 0 0 2498 901 905 695 227 53 494 670 707 1221 1217 1357 644 778 937 792 908 928 918 771 732 184 451 147 0
0 0 14 3 5 97 4 10 0 98 48 3 2 28 0 1616 32 0 19 5 2 13 105 164 9 83 0 0 13 83 48 0 0 30 0 0 9 264 8 12 25 58 0 0 58 0 23 20 30 0 23 22 23 21 46 77 23 3 9 46 1072 16 0 0 185 174 158 190 50 105 223 73 92 52 415 366 351 187 264 368 424 68 364 2 18 15 56 167 0 92 19 0 0 0 0 44 156 0 0 0 22 22 22 22 22 133 0 0 0 0 30 0 0 0 0 0 54 41 52 0 105 0 0 247 671 0 0 0 577 0 0 0 0 134 121 70 0 108 130 135 83 74 67 51 88 88 198 75 81 64 69 1775 528 0 0 0
95 121 96 11 136 100 112 144 60 94 4 107 4 69 7 77 13 0 34 23 63 45 88 126 20 22 0 0 11 68 42 0 1 27 0 22 27 0 398 58 13 61 0 0 63 10 33 26 26 6 26 26 26 32 60 29 26 11 22 32 109 0 137 130 83 56 13 82 0 158 66 65 87 71 68 546 78 100 87 48 90 109 75 1341 94 106 49 0 0 116 45 33 27 0 34 63 99 0 80 0 443 443 443 443 442 142 0 341 0 0 0 0 0 0 5 0 7 16 21 0 0 0 0 58 111 0 0 0 456 0 0 7 0 120 87 25 0 70 87 93 122 120 123 88 124 142 115 130 134 127 115 107 0 0 0 0
13 12 11 6 13 16 19 22 17 22 9 23 138 0 8 41 80 10 86 56 215 65 0 0 0 30 9 16 9 13 24 15 8 13 12 16 16 33 26 29 59 62 0 0 27 1094 803 1794 144 1512 2131 2117 2138 1375 440 1065 2126 307 879 1910 17 91 13 14 24 0 0 10 0 39 41 35 38 59 138 131 80 94 140 65 163 0 0 61 0 0 0 4 15 347 50 5 0 0 0 55 633 26 0 0 41 41 41 41 43 1 0 393 0 0 0 0 0 0 0 0 0 16 33 0 0 0 0 0 0 0 0 0 0 0 0 0 0 0 24 104 0 330 103 75 405 351 122 7 189 146 322 286 391 96 344 324 0 0 0 9
13 12 11 6 13 16 19 22 17 23 9 23 138 3 8 41 149 10 87 74 216 67 0 0 0 48 9 16 10 14 36 15 8 13 12 17 20 33 26 29 65 62 0 0 27 3371 1609 3679 204 3797 4392 4353 4398 2799 855 2148 4374 585 1770 3909 17 169 9 9 42 0 0 11 0 49 44 40 43 96 143 134 87 96 152 67 168 0 0 62 0 0 0 7 17 347 50 5 0 0 0 56 633 27 0 0 41 41 41 41 43 0 0 396 0 0 0 0 0 0 0 0 0 23 35 0 0 0 0 0 1 0 0 0 0 0 0 0 0 0 0 90 0 324 82 54 404 350 109 0 184 137 320 281 390 83 343 323 0 0 0 9
8 8 7 4 9 10 12 14 11 14 5 15 88 3 5 26 11 6 55 63 137 44 0 0 0 9 6 11 6 8 12 11 5 9 7 80 14 21 17 19 35 40 0 0 17 0 39 39 56 0 37 39 39 42 37 45 39 33 38 46 11 15 9 8 6 6 0 6 0 20 24 19 19 21 76 80 57 58 99 41 104 0 0 39 0 0 0 5 11 216 30 3 0 0 0 34 394 18 0 0 26 26 26 26 27 0 0 253 0 0 0 0 0 1139 0 0 0 15 22 0 0 0 0 0 3 0 0 0 0 0 0 0 0 0 0 0 0 182 0 0 248 218 18 0 96 50 195 157 239 5 214 201 0 0 2 6
77 71 72 37 82 158 117 130 102 201 65 140 2768 58 49 246 101 56 531 788 1307 436 14 31 132 89 55 97 62 70 81 89 48 76 68 85 77 201 157 176 516 393 0 0 165 0 367 365 535 0 356 360 359 394 354 420 359 311 358 435 102 151 78 77 67 30 3 59 0 190 229 182 257 213 1177 817 607 577 1097 402 1156 0 0 368 0 0 8 70 116 2123 728 44 0 0 1 340 3872 157 0 0 247 248 248 247 259 366 11 2449 0 0 0 0 0 0 0 0 82 237 234 5 0 0 0 0 78 847 0 0 126 28 0 241 76 2800 2941 2383 0 2631 3084 2995 2594 2156 2328 1731 1745 2002 2109 2311 2518 2063 2116 1998 0 0 73 93
3 3 2 1 3 3 4 5 4 5 2 5 31 0 2 9 4 2 19 0 48 12 0 0 0 2 2 3 2 2 3 3 2 3 2 3 3 7 6 7 1 13 0 0 6 0 14 14 20 0 10 13 13 15 13 16 13 11 13 16 4 5 3 3 1 2 0 2 0 7 8 7 4 4 0 28 11 20 18 14 21 0 0 14 0 0 0 0 2 77 11 0 0 0 0 12 139 0 0 0 9 9 9 9 10 0 0 81 0 0 0 0 0 0 0 0 0 0 5 0 0 0 0 0 0 0 0 0 0 0 0 0 0 0 0 0 0 0 0 0 76 76 0 0 0 0 54 0 71 0 74 69 0 0 0 2
11 10 10 5 11 14 16 19 15 19 7 20 119 0 7 35 15 8 75 58 187 57 0 0 0 11 8 14 8 10 13 13 7 11 10 43 14 29 23 25 48 54 0 0 24 0 53 53 77 0 47 52 52 57 51 61 52 45 52 63 15 18 7 4 7 0 0 8 0 27 33 26 31 25 115 115 73 82 128 57 140 0 0 53 0 0 0 4 14 304 40 4 0 0 0 47 554 23 0 0 36 36 36 36 37 0 0 343 0 0 0 0 0 0 0 0 0 14 29 0 0 0 0 0 0 0 0 0 0 0 0 0 0 0 0 27 0 266 0 0 351 307 49 0 144 87 277 230 338 29 301 283 0 0 0 8
11 10 10 5 12 14 17 19 15 20 8 20 124 0 7 37 74 9 78 55 194 59 0 0 0 27 8 14 8 11 22 13 7 11 10 13 14 30 24 26 40 56 0 0 25 1174 743 1663 131 1472 1975 1962 1982 1274 407 986 1971 283 813 1769 15 84 8 13 21 0 0 8 0 35 36 32 29 53 113 114 72 81 123 57 137 0 0 55 0 0 0 3 13 314 42 4 0 0 0 49 573 0 0 0 37 37 37 37 39 0 0 356 0 0 0 0 0 0 0 0 0 12 30 0 0 0 0 0 0 0 0 0 0 0 0 0 0 0 0 47 0 282 27 0 364 317 68 0 155 102 287 243 350 47 311 293 0 0 0 8
1 0 0 0 1 0 1 1 1 1 0 1 6 0 0 2 1 0 1 0 9 3 0 0 0 0 0 1 0 0 1 0 0 1 0 1 1 1 1 1 0 1 0 0 2 0 3 3 4 0 0 3 3 3 2 3 3 2 3 3 1 3 1 1 0 0 0 0 0 0 0 0 0 0 0 1 0 3071 0 2 0 0 0 3 0 0 0 0 0 14 3 0 0 0 0 28 26 0 0 0 2 2 2 2 2 2611 0 7 0 0 0 0 0 0 0 0 0 0 0 0 0 0 0 0 0 0 0 0 0 0 0 0 0 0 0 0 0 0 0 0 0 12 0 0 0 0 0 0 0 0 14 13 0 0 0 0
0 0 0 0 0 0 0 0 0 0 0 0 1 0 0 0 0 0 0 0 1 0 0 0 0 0 0 0 0 0 0 0 0 0 0 0 0 0 0 0 0 0 0 0 0 0 0 0 0 0 0 0 0 0 0 0 0 0 0 0 0 0 0 0 0 0 0 0 0 0 0 0 0 0 0 1883 0 0 0 0 0 0 0 0 0 0 0 0 0 1 0 0 0 0 0 3 3 0 0 0 0 0 0 0 0 0 0 0 0 0 0 0 0 0 0 0 0 0 0 0 0 0 0 0 0 0 0 0 0 0 0 0 0 0 0 0 0 0 0 0 0 0 0 0 0 0 0 0 0 0 0 0 0 0 0 0
8 7 7 4 9 9 12 14 10 14 5 14 78 0 5 25 10 5 49 13 123 36 0 0 0 7 6 10 6 7 11 10 5 9 7 68 13 20 16 18 29 35 0 0 16 27 37 39 51 1 35 39 39 41 35 43 39 30 36 46 10 14 8 8 5 5 1 5 0 19 23 18 21 17 53 76 46 56 71 41 102 0 0 37 0 0 0 2 10 195 27 4 0 0 0 32 356 17 0 0 26 26 26 26 27 12 0 235 0 0 0 0 0 672 0 0 0 6 18 0 0 0 0 0 0 0 0 0 10 0 0 0 0 0 0 0 0 159 0 0 223 197 0 0 81 34 175 136 215 0 193 182 0 0 0 5
8 7 7 4 8 10 12 13 10 14 5 14 86 0 5 25 10 6 53 15 132 39 0 0 0 8 6 10 5 7 12 10 5 9 7 81 14 21 16 18 17 36 0 0 16 0 37 37 53 0 30 37 37 40 35 42 37 32 36 43 10 11 8 8 4 0 0 5 0 19 23 18 10 16 50 67 37 47 52 35 0 0 0 37 0 0 0 1 8 207 29 0 0 0 0 31 380 16 0 0 24 24 24 24 26 0 0 242 0 0 0 0 0 1498 0 0 0 4 19 0 0 0 0 0 0 0 0 0 10 0 0 0 0 0 7 58 0 197 56 39 244 211 70 0 111 84 193 170 235 54 207 195 0 0 4 5
3 2 2 1 3 3 4 5 4 5 2 5 30 0 1 9 4 2 13 0 0 0 0 0 0 2 2 3 1 2 3 3 2 2 1 1 2 0 6 5 0 2 0 0 0 0 13 14 19 0 0 0 13 14 13 15 13 11 13 16 4 0 3 3 1 0 0 0 0 2 6 6 0 0 0 0 0 0 0 10 0 0 0 14 0 0 0 0 0 0 24 0 0 0 0 11 131 0 0 0 8 1 9 9 9 0 0 80 0 0 0 0 0 0 0 0 0 0 0 0 0 0 0 0 0 0 0 0 0 0 0 0 0 0 0 0 0 28 0 0 54 34 0 0 0 0 57 0 55 0 71 67 0 0 0 2
5 5 5 2 5 6 8 9 7 9 3 9 55 0 3 17 7 4 30 0 31 0 0 0 0 4 2 6 3 4 5 5 3 5 3 4 5 6 11 11 0 15 0 0 0 0 25 25 35 0 2 0 25 27 24 28 25 21 24 30 7 0 5 5 3 0 0 0 0 9 14 12 0 3 0 0 0 1998 0 23 0 0 0 25 0 0 0 0 0 38 39 0 0 0 0 39 249 9 0 0 16 10 17 17 18 1723 0 156 0 0 0 0 0 0 0 0 0 0 0 0 0 0 0 0 0 0 0 0 0 0 0 0 0 0 0 0 0 98 0 0 134 105 0 0 60 0 121 4 132 0 137 128 0 0 0 4
0 0 1 1 1 0 2 2 2 2 0 2 7 0 0 4 1 1 3 0 12 0 0 0 0 0 1 1 0 1 1 0 1 0 0 0 0 1 2 2 0 0 0 0 0 0 5 6 6 0 0 2 6 6 5 6 0 3 5 8 1 0 2 1 0 0 0 0 0 0 0 0 0 0 0 10 0 0 0 9 0 0 0 6 0 0 0 0 0 11 12 0 0 0 0 5 32 0 0 0 4 4 4 4 4 0 0 23 0 0 0 0 0 0 0 0 0 0 0 0 0 0 0 0 0 0 0 0 0 0 0 0 0 0 0 0 0 0 0 0 5 16 0 0 0 0 0 0 3 0 16 14 0 0 0 1
3 3 3 1 3 3 4 5 4 5 2 5 28 0 2 9 4 2 17 0 44 6 0 0 0 1 0 3 1 2 3 3 2 2 2 2 3 8 6 6 0 10 0 0 10 0 14 15 19 0 8 14 15 15 13 16 16 11 13 17 4 18 3 3 3 0 0 1 0 5 5 5 0 1 0 24 0 12198 0 15 0 0 0 14 0 0 0 0 0 70 16 1 0 0 0 115 128 0 0 0 9 9 10 10 10 10501 0 82 0 0 0 0 0 0 0 0 0 0 3 0 0 0 0 0 0 0 0 0 2 0 0 0 0 0 0 0 0 3 0 0 69 69 0 0 72 0 62 0 66 0 76 71 0 0 0 2
1 1 1 0 1 1 1 2 1 1 0 1 7 0 0 3 1 1 3 0 11 0 0 0 0 0 0 1 0 1 1 1 0 0 0 1 1 2 2 2 0 0 0 0 2 0 4 4 5 0 0 3 5 4 4 5 5 3 4 5 1 3 1 1 0 0 0 0 0 1 0 1 0 0 0 0 0 2427 0 4 0 0 0 4 0 0 0 0 0 15 6 0 0 0 0 24 29 0 0 0 3 3 3 3 3 2077 0 18 0 0 0 0 0 0 0 0 0 0 0 0 0 0 0 0 0 0 0 0 0 0 0 0 0 0 0 0 0 0 0 0 2 14 0 0 0 0 0 0 0 0 15 14 0 0 0 0
7 7 6 4 7 8 11 12 9 12 5 13 72 0 4 23 101 5 45 0 114 29 0 0 0 31 5 9 5 8 23 8 4 7 7 9 12 18 14 16 11 31 0 0 14 1919 1113 2557 129 1925 3051 3028 3059 1942 588 1488 3043 399 1225 2717 9 111 7 9 27 0 0 5 0 28 24 23 5 58 51 74 38 50 33 40 56 0 0 34 0 0 0 0 7 182 27 4 0 0 0 32 335 0 0 0 23 23 24 24 25 34 0 214 0 0 0 0 0 0 0 0 0 1 16 0 0 0 0 0 0 0 0 0 8 0 0 0 0 0 0 0 0 153 0 0 209 185 11 0 81 40 165 128 202 0 181 171 0 0 0 5
0 0 0 0 0 0 0 0 0 0 0 0 1 0 0 0 0 0 0 0 1 0 0 0 0 0 0 0 0 0 0 0 0 0 0 0 0 0 0 0 0 0 0 0 0 0 1 1 1 0 0 0 1 1 1 0 1 0 0 1 0 0 0 0 0 0 0 0 0 0 0 0 0 0 0 1 0 0 0 0 0 0 0 1 0 0 0 0 0 0 2 0 0 0 0 0 3 0 0 0 0 0 1 1 1 0 0 0 0 0 0 0 0 0 0 0 0 0 0 0 0 0 0 0 0 0 0 0 0 0 0 0 0 0 0 0 0 0 0 0 0 0 0 0 0 0 0 0 0 0 0 0 0 0 0 0
0 0 0 0 0 0 0 0 0 0 0 0 1 0 0 1 0 0 0 0 2 0 0 0 0 0 0 0 0 0 0 0 0 0 0 0 0 0 0 0 0 0 0 0 0 0 1 1 1 0 0 0 1 1 1 1 0 1 1 1 0 0 0 0 0 0 0 0 0 0 0 0 0 0 0 1 0 0 0 0 0 0 0 0 0 0 0 0 0 0 2 0 0 0 0 1 4 0 0 0 0 0 1 1 0 0 0 0 0 0 0 0 0 0 0 0 0 0 0 0 0 0 0 0 0 0 0 0 0 0 0 0 0 0 0 0 0 0 0 0 0 0 0 0 0 0 0 0 0 0 0 0 0 0 0 0
13 0 34 0 45 38 45 62 13 41 0 34 8 24 2 240 155 0 18 28 50 23 30 42 1 59 0 8 4 23 22 0 9 16 13 43 30 0 20 2 16 0 0 0 254 9 127 183 80 0 83 213 194 164 121 110 214 35 94 191 682 9 45 43 15 0 0 10 0 22 30 167 33 29 10 21 12 13 9 20 7 0 0 2 23 19 24 12 0 429 26 12 0 0 0 25 721 0 0 0 63 63 63 62 65 0 0 251 0 0 0 0 0 0 0 0 122 161 74 15 0 0 0 0 0 0 0 0 24 0 0 0 16 650 691 565 959 528 700 680 550 453 576 457 387 472 442 515 534 516 439 417 0 0 0 0
0 0 0 0 4 18 5 26 0 47 22 2 49 2 0 368 200 0 44 22 63 262 58 688 36 91 53 153 72 395 235 3205 0 186 364 556 233 169 201 97 0 135 0 0 79 117 266 336 163 315 356 375 378 354 253 204 377 64 204 337 132 184 1 2 122 55 92 111 53 85 160 74 77 63 116 200 433 33 24 113 25 51 54 1902 157 0 406 81 108 157 65 9 119 0 35 86 226 106 73 0 229 229 229 229 228 26 0 2 0 399 22 0 153 385 61 0 101 596 412 4 0 0 0 97 547 0 0 297 441 0 0 72 75 187 254 155 195 155 199 196 178 151 161 127 157 171 141 152 158 146 144 136 201 0 413 0
0 150 41 0 8 0 9 12 15 4 0 9 45 0 0 16 44 0 7 2 1 8 1 10 3 18 0 3 0 3 4 0 1 2 0 13 8 0 10 1 0 7 0 0 1 0 5 1 10 0 0 0 0 3 13 3 0 5 27 1 0 0 8 7 1 0 0 0 0 0 0 0 0 0 0 3 0 1 0 3 0 0 0 2 0 0 0 1 0 10 212 0 0 0 0 3 18 0 0 0 0 0 0 0 0 0 0 0 0 0 0 0 0 477 0 0 7 366 173 19 0 0 0 0 4 0 0 0 75 0 0 47 177 1 2 0 0 10 2 4 16 14 1 0 12 11 15 12 15 6 21 13 182 0 0 0
0 0 0 0 0 0 0 0 0 0 0 0 0 0 0 0 0 0 0 0 0 0 0 0 0 0 0 0 0 0 0 0 0 0 0 0 0 0 0 0 0 0 0 0 0 0 0 0 0 0 0 0 0 0 0 0 0 0 0 0 0 0 0 0 0 0 0 0 0 0 0 0 0 0 0 0 0 0 0 0 0 0 0 0 0 0 0 0 0 0 0 0 0 0 0 0 0 0 0 0 0 0 0 0 0 0 0 0 0 0 0 0 0 0 0 0 0 0 0 0 0 0 0 0 0 0 0 0 0 0 0 0 0 0 0 0 0 0 0 0 0 0 0 0 0 0 0 0 0 0 0 0 0 0 0 0
