158
0 791 0 0 0 130 29 916 100 24 101 84 132 0 26 0 0 0 0 0 0 0 0 0 0 0 0 0 0 0 0 0 0 0 1 1 8 67 0 40 5 70 2065 0 0 0 0 1 0 0 1 0 0 0 0 1 0 1 0 0 0 0 0 0 0 0 0 0 0 0 0 0 0 0 0 0 0 0 0 0 1 0 0 0 0 0 0 0 0 0 0 0 0 0 0 0 0 0 0 0 0 0 0 0 0 0 0 0 0 0 0 0 0 0 0 0 0 0 13 0 0 0 0 0 0 0 0 0 0 0 0 0 0 0 0 2 0 0 0 0 0 0 0 0 0 0 0 0 0 0 0 0 0 0 0 0 2 0
0 0 5 0 7 1477 474 7993 383 890 1150 21 3935 44 0 0 0 0 0 0 0 0 0 0 0 0 0 0 0 0 0 0 0 0 21 5 16 2 0 0 7 141 7 0 4 0 11 5 0 0 3 0 3 237 0 6 0 4 3 0 0 102 180 1 90 23 590 47 67 68 475 0 0 0 0 0 892 830 0 3 5 0 0 0 0 0 0 0 0 18 0 0 0 0 0 257 0 0 0 0 0 0 0 0 0 0 0 0 0 0 0 3 0 0 0 0 0 0 220 0 0 0 0 0 0 0 0 0 0 0 0 0 0 0 3 7 0 0 0 0 0 0 0 0 0 0 0 887 0 0 0 0 0 0 0 0 0 0
0 0 0 0 6 4 33 0 0 0 0 89 0 0 0 35 0 0 0 0 0 0 0 0 0 0 0 0 0 0 0 0 0 0 0 1 7 118 0 43 1 51 2241 1067 2 0 0 0 0 0 2 0 0 0 0 0 0 0 0 0 0 0 0 0 0 0 0 0 0 0 0 0 2 0 0 0 0 0 0 0 0 0 0 0 0 0 0 0 0 0 0 0 0 0 0 0 0 0 0 0 0 0 0 0 0 0 0 0 0 0 0 0 0 0 0 0 0 2 0 0 332 0 0 0 0 0 4 0 0 0 0 0 0 0 3 0 0 0 0 0 6 6 6 6 0 6 5 0 0 0 0 0 6 6 0 0 7 0
0 0 0 0 1 1 8 0 0 0 0 30 0 0 0 0 0 0 0 0 0 0 0 0 0 0 0 0 0 0 0 0 0 0 0 0 2 18 33057 11 2 110 551 0 0 0 0 6 0 0 1 0 4 0 0 7 0 5 6 0 0 0 0 1 0 0 0 0 0 0 0 0 0 0 0 0 0 0 0 3 6 0 0 0 0 0 0 0 0 1 0 0 0 0 0 0 0 1 0 0 0 0 0 0 0 0 0 0 0 0 0 1 0 0 0 0 0 1 279 0 181 0 0 0 0 0 0 0 0 0 0 0 0 0 6 5 0 0 0 0 0 0 0 0 0 0 0 0 0 0 0 0 0 0 0 0 3 0
0 0 0 0 0 1 0 0 0 0 0 0 0 0 0 0 0 0 0 0 0 0 0 0 0 0 0 0 0 0 0 0 0 0 0 0 0 0 0 0 5 5 0 0 1 0 0 0 0 0 0 0 0 0 0 0 0 0 0 0 0 0 0 0 0 0 0 0 0 0 0 0 0 0 0 0 0 0 0 0 0 0 0 0 0 0 0 0 0 0 0 0 0 0 0 0 0 0 0 0 0 0 0 0 0 0 0 0 0 0 0 5467 0 0 0 0 0 0 0 0 0 0 0 0 0 0 0 0 0 0 0 0 0 0 0 0 0 0 0 0 38 38 38 38 0 39 37 0 0 0 0 0 39 39 0 0 0 0
0 0 0 0 0 0 0 0 0 0 0 0 0 0 0 0 0 0 0 0 0 0 0 0 0 0 0 0 0 0 0 0 0 0 0 0 0 0 0 0 1 75 0 0 0 0 0 0 27 0 0 0 0 0 0 0 0 0 0 0 0 0 0 0 0 0 0 0 0 0 0 0 0 0 0 0 0 0 0 0 0 0 0 0 0 0 0 0 0 0 0 0 0 0 0 0 0 0 0 0 0 0 0 0 0 0 0 0 0 0 0 0 0 0 0 0 0 0 0 0 0 0 0 0 0 0 0 0 0 0 0 0 0 0 0 0 0 0 0 0 7 6 8 5 0 8 5 0 0 0 0 0 9 9 0 0 0 0
0 0 0 0 16 2312 0 0 0 0 1797 94 0 100 0 47 0 0 0 0 0 0 0 0 0 0 0 301 38 0 301 0 0 0 0 0 0 0 0 0 0 0 0 0 0 95 0 0 0 0 78 0 0 369 0 0 0 1 12 0 0 1 2 0 0 26 0 0 3 0 2 0 0 0 0 0 0 0 0 0 0 0 0 0 0 0 0 0 0 0 0 0 0 0 0 0 0 0 0 0 0 0 0 0 2 0 0 0 0 0 0 0 0 0 0 0 0 2 0 0 5 0 0 0 0 0 0 0 0 0 0 0 0 0 0 0 0 0 0 0 0 0 0 0 0 0 0 0 0 0 0 0 0 0 0 0 203 0
0 0 0 0 0 65 0 0 77 38 718 82 134 0 0 0 0 0 0 0 0 0 0 0 0 0 0 0 0 0 0 0 0 0 74238 5 16 0 0 0 1 0 0 0 0 0 0 12 740 0 10 5 0 0 0 1 0 0 1 0 0 0 0 0 0 0 0 0 0 0 0 0 0 2 3 0 0 0 0 0 1 0 0 0 0 0 0 0 0 0 1 438 0 0 0 0 0 0 0 0 0 0 0 0 0 0 1444 0 0 0 0 1 0 0 0 0 0 0 0 0 6 0 0 0 0 0 0 0 0 0 0 0 0 0 0 12 0 2 0 0 8 8 8 8 0 9 7 0 0 0 0 0 9 9 0 0 0 0
0 0 0 2 128 82 4 0 0 21 7 0 38 0 0 675 0 0 0 0 0 0 0 0 0 0 0 0 0 0 0 0 0 0 0 72496 0 0 0 0 2 0 0 0 44 0 0 0 13 0 12 0 0 0 0 0 0 0 0 0 0 0 0 0 0 0 0 0 0 0 0 0 0 0 0 0 0 0 0 0 0 0 0 0 0 0 0 0 0 0 2 0 0 0 0 0 0 0 0 0 0 0 0 0 0 0 0 0 0 0 0 6 0 0 2 0 0 0 0 0 2 0 0 0 0 0 0 0 0 0 0 0 0 0 0 4 0 0 0 0 5 5 5 4 0 5 4 0 0 0 0 0 5 5 0 0 0 0
0 0 0 0 1 7 0 0 0 0 5 0 66 0 0 0 0 0 0 0 0 0 0 0 0 0 0 0 0 0 0 0 0 0 245 2 42624 610 0 0 0 0 0 0 0 0 0 0 0 0 3 0 0 0 0 0 0 0 0 0 0 0 0 0 0 0 0 0 0 0 0 0 0 1 1 0 0 0 0 0 0 0 0 0 0 0 0 0 0 0 0 0 0 0 0 0 0 0 0 0 0 0 0 0 0 0 0 0 0 0 0 0 0 0 0 0 0 0 2 0 0 0 0 0 0 0 0 0 0 0 0 0 0 0 0 0 0 0 0 0 0 0 0 0 0 0 0 0 0 0 0 0 0 0 0 0 0 0
0 0 0 0 0 0 0 0 0 0 0 0 0 0 0 0 0 0 0 0 0 0 0 0 0 0 0 0 0 0 0 0 0 0 21 17 12 32 0 0 0 0 0 0 0 0 0 0 0 0 0 0 0 0 0 0 0 0 0 0 0 0 0 0 0 0 0 0 0 0 0 0 1 0 0 0 0 0 0 0 0 0 0 0 0 26 0 0 0 0 0 0 0 0 0 0 0 0 0 0 0 0 0 0 0 0 0 0 0 0 0 0 0 0 0 0 0 0 0 0 0 0 0 0 0 0 0 0 0 0 0 0 0 0 0 0 0 0 0 0 0 0 0 0 0 0 0 0 0 0 0 0 0 0 0 0 0 0
0 0 0 0 0 64 0 0 5 14 50 0 60 0 0 0 0 0 0 0 0 0 0 0 0 0 0 0 0 0 0 0 0 0 0 0 0 0 0 0 0 0 0 30 0 0 0 0 0 0 0 0 0 0 0 4 0 3 0 0 0 0 0 1 0 0 0 0 0 0 0 0 1 0 0 0 0 0 0 0 3 0 0 0 0 0 0 0 0 0 0 0 1 0 0 0 0 0 0 0 0 0 0 0 0 0 0 0 0 0 0 0 0 0 0 0 0 4 0 0 462 0 0 0 0 0 0 0 0 0 0 0 0 0 0 0 0 0 0 0 0 0 2 0 0 1 0 0 0 0 0 0 3 4 0 0 0 0
0 0 0 1 34 22 1 0 0 0 2 0 0 0 0 176 0 0 0 0 0 0 0 0 0 0 0 0 0 0 0 0 0 0 1 0 0 216 0 42612 6 0 0 4 12 0 0 0 0 55 455 3 5 0 0 0 0 0 0 0 0 0 0 0 0 0 0 0 0 0 0 0 0 0 0 0 0 0 0 0 0 0 0 0 0 1 0 1 1 0 10 0 0 0 0 0 0 0 0 0 0 0 0 0 0 0 0 0 0 0 0 4 0 0 0 0 0 0 18 0 0 0 0 0 0 0 0 0 0 0 0 0 0 0 0 0 0 66 0 0 119 119 119 119 0 120 118 0 0 0 0 0 120 120 0 0 0 0
0 0 0 0 0 0 0 2 1 5 3495 481 6 0 0 0 0 0 0 0 0 0 0 0 0 0 0 0 0 0 0 0 0 0 0 0 0 0 0 0 0 0 0 0 0 0 0 18 3762 0 0 0 0 0 0 0 0 0 0 0 0 0 0 0 0 0 0 0 0 0 0 0 0 0 0 0 0 0 0 0 0 0 0 0 0 0 0 0 0 0 0 0 0 0 0 0 0 0 0 0 0 0 0 0 0 0 0 0 0 0 0 0 0 0 0 0 0 0 2 0 0 0 0 0 0 0 0 0 0 0 0 0 0 0 0 0 0 0 0 0 0 0 0 0 0 0 0 0 0 0 0 0 0 0 0 0 0 0
0 104 170 92 222 129 3794 0 0 0 20 2 0 0 0 0 531 529 532 478 2 9 8 0 0 0 0 9973 26466 0 9977 0 0 0 0 0 0 0 0 0 101 13 0 0 0 4 156 14 16 23891 23104 8297 30 163 0 3086 0 6 693 0 69 58 12 7 0 95 11 16 26 4 2 0 0 0 0 0 1 1 279 6 66 10 68 96 0 78 68 27 46 14 25 0 0 0 0 419 0 23 412 0 0 0 0 0 25 7480 5 1 0 0 0 0 0 0 0 0 0 8 0 0 31 0 0 60 0 0 0 0 0 0 0 0 0 0 0 93 0 0 0 0 57 57 57 56 0 57 56 0 0 0 0 0 57 57 0 0 0 0
108 29 0 16 1108 701 0 4 0 5 4667 4710 0 4 0 0 0 0 0 0 0 0 0 0 0 0 0 0 0 0 0 0 0 0 0 0 0 2529 0 0 0 0 0 0 23024 0 0 80 4980 0 5 0 0 1 0 0 0 0 0 0 0 1 1 0 0 0 3 0 0 0 0 0 0 0 0 0 5 4 0 0 0 0 0 0 0 0 0 1 0 1 3 0 0 0 0 1 0 0 0 0 0 0 0 0 0 0 0 0 0 0 0 0 0 0 0 0 0 3 0 0 483 0 0 0 0 0 0 0 0 0 0 0 0 0 2 10 0 0 0 0 0 0 0 0 0 0 0 1 0 0 0 0 0 0 0 0 7 0
0 0 0 0 0 0 0 0 0 0 0 0 0 0 0 0 0 298 0 131 0 48 24 0 86739 0 6 1 0 1 0 0 0 0 0 0 0 0 0 0 0 0 0 0 0 0 0 0 0 0 0 16 0 50142 0 0 0 0 0 0 0 0 0 0 0 0 0 0 0 0 0 0 0 1 1 0 0 0 1 0 0 0 0 1 468 0 0 0 0 0 580 0 0 0 0 0 0 0 0 0 0 0 0 0 0 0 0 0 0 0 0 1 0 0 0 0 0 0 7 0 0 0 0 0 0 0 0 0 0 0 0 0 0 0 0 0 0 0 0 0 0 0 0 0 0 0 0 0 0 0 0 0 0 0 0 0 0 0
0 0 0 0 0 0 0 0 0 0 0 0 0 0 0 0 0 0 0 0 0 0 0 0 0 0 0 0 0 0 0 0 0 0 0 0 0 0 0 0 0 0 0 0 0 0 0 0 0 0 0 0 0 0 0 0 0 0 0 0 0 0 0 0 0 0 0 0 0 0 0 0 0 0 0 0 0 0 0 0 0 0 0 0 0 0 0 0 0 0 0 0 0 0 0 0 0 0 0 0 0 0 0 0 0 0 0 0 0 0 0 0 0 0 0 0 0 0 0 0 0 0 0 0 0 0 0 0 0 0 0 0 0 0 0 0 0 0 0 0 0 0 0 0 0 0 0 0 0 0 0 0 0 0 0 0 0 0
0 0 0 0 0 0 0 0 0 0 0 0 0 0 0 0 0 0 0 0 0 0 0 0 0 0 0 0 0 0 0 0 0 0 0 0 0 0 0 0 0 0 0 0 0 0 0 0 0 0 0 0 0 0 0 0 0 0 0 0 0 0 0 0 0 0 0 0 0 0 0 0 0 0 0 0 0 0 0 0 0 0 0 0 0 0 0 0 0 0 0 0 0 0 0 0 0 0 0 0 0 0 0 0 0 0 0 0 0 0 0 0 0 0 0 0 0 0 0 0 0 0 0 0 0 0 0 0 0 0 0 0 0 0 0 0 0 0 0 0 0 0 0 0 0 0 0 0 0 0 0 0 0 0 0 0 0 0
0 0 0 0 0 0 0 0 0 0 0 0 0 0 0 0 0 0 0 0 0 0 0 0 0 0 0 0 0 0 0 0 0 0 0 0 0 0 0 0 0 0 0 0 0 0 0 0 0 0 0 0 0 0 0 0 0 0 0 0 0 0 0 0 0 0 0 0 0 0 0 0 0 0 0 0 0 0 0 0 0 0 0 0 0 0 0 0 0 0 0 0 0 0 0 0 0 0 0 2117 0 0 0 0 0 0 0 0 0 0 0 0 0 0 0 0 0 0 0 0 0 0 0 0 0 0 0 0 0 0 0 0 0 0 0 0 0 0 0 0 0 0 0 0 0 0 0 0 0 0 0 0 0 0 0 0 0 0
0 0 0 0 0 0 6079 4 1 0 7 16 0 2 0 0 71 64 75 4301 0 66391 66910 25435 0 0 50 0 0 2 0 0 0 0 0 0 0 4 0 0 0 0 32 0 20 0 350 0 2 65 36 916 0 3018 59568 51639 60302 59370 55423 57746 59675 46591 53094 59905 55383 58002 27868 55406 47404 52188 34012 0 0 16 26 10992 11407 10623 11 169 680 151 551 23 0 0 0 0 0 216 0 0 5 3 7 3362 0 0 99 0 513 0 0 0 26 6 5 9 0 0 0 209 11 0 8 0 0 0 262 0 32 0 0 0 0 0 0 0 0 0 0 13 0 0 7 402 0 0 0 0 0 0 0 0 0 0 0 11400 0 0 0 0 0 0 0 0 0 0
0 0 0 0 0 0 0 0 0 0 0 0 0 0 0 0 0 0 0 0 0 0 0 0 0 0 0 0 0 0 0 0 0 0 0 0 0 0 0 0 0 0 0 0 0 0 0 0 0 0 0 0 0 0 0 0 0 0 0 0 0 0 0 0 0 0 0 0 0 0 0 0 0 0 0 0 0 0 0 0 0 0 0 0 0 0 0 0 0 0 0 0 0 0 0 0 0 0 0 0 0 0 0 0 0 0 0 0 0 0 0 0 0 0 0 0 0 0 0 0 0 0 0 0 0 0 0 0 0 0 0 0 0 0 0 0 0 0 0 0 0 0 0 0 0 0 0 0 0 0 0 0 0 0 0 0 0 0
0 0 0 0 0 0 0 0 0 0 0 0 0 0 0 0 0 1 1 64 0 76 0 0 0 0 1 0 0 0 0 0 0 0 0 0 0 0 0 0 0 0 0 0 0 0 0 0 0 1 0 13 0 0 837 767 898 879 825 63 750 655 362 725 807 859 302 811 693 736 376 0 0 0 0 0 0 0 0 0 0 0 0 0 0 0 0 0 0 0 0 0 0 0 0 0 0 0 0 0 0 0 0 0 0 0 0 0 0 0 33789 24328 33781 33005 0 0 0 0 0 0 0 0 0 0 0 0 0 0 0 0 0 0 0 0 0 0 0 0 0 0 0 0 0 0 0 0 0 0 0 0 0 0 0 0 0 0 0 0
0 0 0 0 0 0 0 0 0 0 0 0 0 0 0 0 912 910 914 821 0 7 7 0 0 0 1 0 0 0 0 0 0 0 0 0 0 0 0 0 0 0 0 0 0 0 0 0 0 0 0 0 0 0 0 0 0 0 0 0 0 0 3 0 0 0 0 0 0 0 0 0 0 0 0 0 0 0 0 0 22766 4107 0 0 0 0 0 0 0 0 0 0 0 0 0 0 0 0 0 0 322 0 2 3 0 0 0 0 0 0 0 0 0 0 0 6228 0 0 0 0 2 0 0 0 0 0 0 0 0 0 0 0 0 0 0 9 0 0 0 0 0 0 0 0 0 0 0 0 0 0 0 0 0 0 0 0 0 0
0 0 0 0 0 0 0 0 0 0 0 0 0 0 0 0 0 0 0 0 0 0 0 0 0 0 0 0 0 0 0 0 0 0 0 0 0 0 0 0 0 0 0 0 0 0 0 0 0 0 0 0 0 0 0 0 0 0 0 0 0 0 0 0 0 0 0 0 0 0 0 0 0 0 0 0 0 0 0 0 0 0 0 0 0 0 0 0 0 0 0 0 0 0 0 0 0 0 0 0 0 555 0 0 0 0 0 0 0 0 0 0 0 0 0 0 0 0 0 0 0 0 0 0 0 0 0 0 0 0 0 0 0 0 0 0 0 0 0 0 0 0 0 0 0 0 0 0 0 0 0 0 0 0 0 0 0 0
0 0 0 0 0 0 0 0 0 0 0 0 0 0 0 0 0 0 0 0 0 0 0 0 0 0 0 0 0 0 0 0 0 0 0 0 0 0 0 0 0 0 0 0 0 0 0 0 0 0 0 0 0 0 0 0 0 0 0 0 0 0 0 0 0 0 0 0 0 0 0 0 0 0 0 0 0 0 0 0 0 0 0 0 0 0 0 0 0 0 0 0 0 0 0 0 0 0 0 0 0 0 0 0 0 0 0 0 0 0 0 0 0 0 3 0 0 0 0 0 0 0 0 0 0 0 0 0 0 0 0 0 0 0 0 0 0 0 0 0 0 0 0 0 0 0 0 0 0 0 0 0 0 0 0 0 0 0
0 0 0 0 0 0 0 0 0 0 0 0 0 0 0 0 0 0 0 0 0 0 0 0 0 0 0 0 0 0 0 0 44 0 0 0 0 0 0 0 0 0 0 0 0 0 0 0 0 0 1 0 0 0 0 0 0 0 0 0 0 0 0 0 0 0 0 0 0 0 0 0 0 0 43 0 0 0 0 0 0 0 0 0 0 0 0 0 0 0 0 0 0 0 0 0 0 0 0 0 0 0 0 0 0 0 0 0 0 0 0 0 0 0 183 0 0 0 0 0 0 0 0 0 0 0 0 0 0 0 0 0 0 0 0 0 0 0 0 0 0 0 0 0 0 0 0 0 0 0 0 0 0 0 0 0 0 0
0 0 0 0 0 0 0 0 0 0 0 0 0 0 0 0 0 0 0 0 0 0 0 0 0 0 0 0 0 0 0 0 0 0 0 0 0 0 0 0 0 0 0 0 0 0 0 0 0 0 0 0 0 1 0 0 0 0 0 0 0 0 0 0 0 0 1 0 0 0 1 0 0 0 0 0 1 1 0 0 0 0 0 0 0 0 0 0 0 421 0 0 0 0 0 0 0 0 0 0 0 0 0 0 0 0 0 0 0 0 0 0 0 0 1 0 0 0 0 0 0 0 0 0 0 0 0 0 0 0 0 0 0 0 0 0 0 0 0 0 0 0 0 0 0 0 0 0 0 0 0 0 0 0 0 0 0 0
0 0 0 0 0 0 0 0 0 0 0 0 0 0 0 0 0 0 0 0 0 0 0 0 0 0 0 0 0 0 0 0 0 0 0 0 0 0 0 0 0 0 0 0 0 0 0 0 0 0 0 0 0 0 0 0 0 0 0 0 0 1 0 0 0 0 0 0 2 0 0 0 0 0 0 0 0 0 0 0 0 0 0 0 0 0 0 0 0 0 0 0 0 0 0 0 0 0 0 70 396 224 0 351 0 335 404 457 292 116 0 0 0 0 14 0 0 0 0 0 0 0 0 0 0 0 0 0 0 0 0 0 0 0 0 0 0 0 0 26 0 0 0 0 0 0 0 0 0 0 0 0 0 0 0 0 0 0
0 0 0 0 0 0 0 0 0 0 0 0 0 0 0 0 0 0 0 0 0 0 0 0 0 0 0 0 0 0 0 0 22 0 0 0 0 0 0 0 0 0 0 0 0 0 0 0 0 0 0 0 0 0 0 0 0 0 0 0 0 0 0 0 0 0 0 0 0 0 0 0 0 0 22 0 0 0 0 0 0 0 0 0 0 0 0 0 0 0 0 0 0 0 0 0 0 0 0 0 0 0 0 0 0 0 0 0 0 0 0 0 0 0 2 0 0 0 0 0 0 0 0 0 0 0 0 0 0 0 0 0 0 0 0 0 0 0 0 0 0 0 0 0 0 0 0 0 0 0 0 0 0 0 0 0 0 0
0 0 0 0 0 0 0 0 0 0 0 0 0 0 0 0 0 0 0 0 0 0 0 0 0 0 0 0 0 0 0 0 0 0 0 0 0 0 0 0 0 0 0 0 0 0 0 0 0 0 0 0 0 0 0 0 0 0 0 0 0 7 0 0 0 0 0 0 1 0 0 0 0 0 0 0 0 0 0 0 0 0 0 7 0 0 0 0 0 0 0 0 0 0 0 0 0 0 0 1231 0 0 0 4480 42 3855 4636 5257 0 0 0 0 0 0 5 0 0 0 0 0 0 0 0 0 0 0 0 0 0 0 0 0 0 0 0 0 0 0 0 0 0 0 0 0 0 0 0 0 0 0 0 0 0 0 0 0 0 0
0 0 0 0 0 0 14 0 0 0 0 1 0 231 0 0 0 0 0 1 0 2 1 0 0 0 0 0 0 0 0 0 0 0 0 0 0 0 0 0 2051 0 0 0 4 83 0 1 0 0 0 0 0 7 0 18 20 20 19 0 19 18 13 20 20 19 24 0 17 19 23 0 0 291 0 0 26 24 0 0 1549 736 647 0 0 42 0 85 0 247 0 0 0 0 0 0 0 1 0 0 0 0 0 0 0 0 0 0 0 0 0 0 0 0 69 0 0 0 0 0 0 0 0 0 0 0 0 0 0 0 0 0 0 0 0 0 0 0 0 0 0 0 0 0 0 0 0 0 0 0 0 0 0 0 0 0 0 0
0 0 0 0 0 0 3 0 0 0 0 0 0 0 0 0 0 0 0 2 0 2 1 0 0 0 0 0 0 0 0 36 0 0 0 0 0 0 0 0 4774 0 0 0 11 193 0 0 0 0 0 0 0 2 0 24 28 28 26 0 28 22 12 28 26 27 13 10 22 0 16 0 0 0 1 6 5 5 0 160 3605 1801 145 0 0 20 0 37 45 132 51 35 0 4 0 2 0 1 0 0 0 0 0 0 0 0 0 0 0 0 0 0 0 0 143 0 0 0 1 0 0 0 0 0 0 0 0 0 0 0 0 0 0 0 0 0 0 0 0 0 0 0 0 0 0 0 0 0 0 0 0 0 0 0 0 0 0 0
1 0 0 0 6 4 82 0 0 0 0 0 0 4671 0 34 0 0 0 0 0 1 0 0 0 57 58 19 33 57 19 125 0 0 15 12 8 28 0 0 1950 0 1 0 57 79 0 0 0 0 31 16 0 41 0 4 5 5 3 0 4 21 33 5 20 9 103 9 21 16 0 0 0 5766 0 126 0 0 0 319 1473 1000 0 42 1 31 0 4 5 14 1 0 0 0 0 0 1 0 0 0 0 0 0 0 0 0 0 0 0 0 0 1 0 0 92 0 0 57 0 0 0 0 0 0 0 0 0 0 0 0 0 0 0 0 0 0 0 40 0 0 36 36 37 36 0 37 31 138 0 0 0 0 36 37 0 0 0 0
0 0 0 0 0 0 3 0 0 0 0 11 0 0 0 0 0 0 0 0 0 0 0 0 0 0 0 0 0 0 0 0 0 0 0 0 0 0 0 5 0 6 166 137 0 0 0 1 1 0 1 0 0 0 0 1 0 1 1 0 0 0 0 0 0 0 0 0 0 0 0 0 28 0 0 18 0 0 0 0 1 0 0 0 0 0 0 0 0 0 0 15 0 1 1 1 0 0 2 0 0 0 0 0 0 0 54 0 0 0 0 0 0 0 0 0 0 15 54 0 2614 0 0 23 0 0 0 0 0 0 0 0 0 0 0 0 0 0 0 0 0 0 0 0 0 0 0 0 0 0 0 0 0 0 62 0 24 0
0 0 0 0 0 0 0 0 0 0 0 2 0 0 0 0 0 0 0 0 0 0 0 0 0 0 0 0 0 0 0 0 0 0 0 0 0 0 0 1 0 1 27 43 0 0 0 0 1 0 1 0 0 0 0 0 0 0 0 0 0 0 0 0 0 0 0 0 0 0 0 0 8 0 0 4 0 0 0 0 0 0 0 0 0 0 0 0 0 0 0 0 0 0 0 0 0 0 1 0 0 0 0 0 0 0 0 0 0 0 0 0 0 0 0 0 0 5 14 0 824 0 0 6 0 0 0 0 0 0 0 0 0 0 0 0 0 0 0 0 0 0 0 0 0 0 0 0 0 0 0 0 0 0 17 0 0 0
0 0 0 0 0 0 1 0 0 0 0 12 0 0 0 4 0 0 0 0 0 0 0 0 0 0 0 0 0 0 0 0 0 0 133 0 0 329 0 4 0 7 0 53 120 0 0 0 0 0 2 0 0 0 0 0 0 0 0 0 0 0 0 0 0 0 0 0 0 0 0 0 7 0 0 18 0 0 0 0 0 0 0 0 0 0 0 0 0 0 1 0 0 0 0 0 0 0 0 0 0 0 0 0 0 0 0 0 0 0 0 0 0 0 0 0 0 6 0 0 999 0 0 1 0 0 0 0 0 0 0 0 0 0 0 0 0 0 0 0 0 0 0 0 0 0 0 0 0 0 0 0 0 0 12 0 0 0
0 0 0 0 0 8 176 32 26 0 0 798 0 0 0 0 0 0 0 0 0 0 0 0 0 69 69 0 0 69 0 0 0 0 78 69 0 0 180 0 0 0 0 0 0 0 6 0 0 0 3 0 0 88 0 0 0 0 0 0 0 38 67 0 33 8 220 21 26 25 177 0 18 0 1 239 331 309 0 0 0 0 0 0 0 169 0 0 0 6 0 0 0 0 0 0 1 0 0 0 0 0 0 0 0 0 0 0 0 0 0 89 0 0 0 0 0 1870 0 0 0 0 0 23 0 0 0 0 0 0 0 0 0 0 0 0 0 0 0 0 0 0 0 0 0 0 0 326 0 0 0 0 0 0 21 0 0 0
0 0 0 0 0 0 58 1623 1683 3 0 10 2005 0 0 0 0 0 0 0 0 0 0 0 0 2 2 0 0 2 0 0 0 0 9 1 5 0 0 0 52 0 0 0 0 0 0 0 0 0 0 0 0 28 0 0 0 0 0 0 0 12 21 0 11 3 70 8 8 8 56 0 1 1 1 0 105 98 0 0 0 0 0 0 0 0 0 0 0 2 0 0 0 2 0 31 0 0 0 0 0 0 0 0 0 0 0 0 0 0 0 19 0 0 0 0 0 0 9 0 0 5 0 4 0 0 0 0 0 0 0 0 0 0 0 0 0 0 0 0 0 0 0 0 0 0 0 98 0 0 0 0 0 0 0 0 0 0
0 0 0 0 0 0 51 0 0 0 0 20 0 0 0 0 0 0 0 0 0 0 0 0 0 0 0 0 0 0 0 0 0 0 0 0 0 32 152 0 23 16 0 0 0 0 2 1 0 0 252 0 0 20 0 1 0 1 1 0 0 9 15 0 8 2 51 0 6 6 41 0 23 0 0 38 72 71 0 0 1 0 0 0 9 1 0 1 1 2 7 0 0 2 0 23 0 0 0 0 0 0 0 0 0 0 0 0 0 0 0 369 0 0 0 0 0 20 46 0 3152 0 0 10 0 0 0 0 0 0 0 0 0 0 0 1 0 0 0 0 0 0 0 0 0 0 0 68 0 0 0 0 0 0 26 0 35 0
0 0 0 0 0 0 0 0 0 0 0 0 0 0 0 0 0 0 0 0 0 0 0 0 0 0 0 0 0 0 0 0 0 0 0 0 0 0 0 0 0 0 0 0 0 0 0 0 0 0 0 0 0 0 0 0 0 0 0 0 0 0 0 0 0 0 0 0 0 0 0 0 1 0 0 0 0 0 0 0 0 0 0 0 0 0 0 0 0 0 0 0 0 0 0 0 0 0 0 0 0 0 0 0 0 0 0 0 0 0 0 3 0 0 0 0 0 0 0 0 0 0 0 0 0 0 0 0 0 0 0 0 0 0 0 0 0 0 0 0 0 0 0 0 0 0 0 0 0 0 0 0 0 0 3 0 0 0
0 0 0 0 0 0 84 0 0 0 0 0 0 0 0 0 0 0 0 0 0 0 0 0 0 0 0 0 0 0 0 0 0 0 0 0 0 0 89 0 11 0 0 0 0 1272 0 0 0 0 1 0 0 56 0 0 0 0 0 0 0 24 42 0 21 5 139 0 16 16 112 0 1 0 0 0 210 195 0 0 0 0 0 0 0 0 0 0 0 4 0 0 0 0 0 60 0 0 0 0 0 0 0 0 35 0 0 0 0 0 0 1041 0 0 0 0 0 6 0 0 0 0 0 1 0 0 0 0 0 0 0 0 0 0 0 0 0 0 0 0 0 0 0 0 0 0 0 198 0 0 0 0 0 0 0 0 0 0
0 0 0 0 1 4946 899 15947 36201 0 3736 3723 15884 143 2 197 0 0 0 0 0 0 0 0 0 287 285 495 63 287 495 27 0 0 0 0 279 1884 1479 1588 7 244 0 4521 4 0 1624 226 353 36 163 0 0 373 0 6 0 4 32 0 3 160 279 1 139 39 916 95 139 106 736 0 83 8 12 1489 1381 1287 0 0 5 0 1 250 12 32 4 2 2 28 6 0 2 25 3 436 6 1 0 0 0 0 0 0 0 0 0 0 0 0 0 2714 0 0 0 0 0 65 205 0 2395 0 0 16 0 0 0 0 0 0 0 0 0 9 0 1824 0 0 21 1 0 0 0 0 0 0 0 1374 0 0 0 0 0 0 117 39 1735 0
123 79 0 15 1311 822 42 0 19 2 60 0 0 0 0 7060 0 0 0 0 0 0 0 0 0 0 0 0 0 0 0 0 0 0 0 0 0 432 0 16 0 0 0 0 412 0 0 0 0 0 8 0 0 0 0 0 0 0 0 0 0 0 0 0 0 0 0 0 0 0 0 0 20 0 0 0 0 0 0 0 0 0 0 0 0 0 0 0 0 0 2 0 0 1 0 2 0 1 0 0 0 0 0 0 0 0 0 0 0 0 0 0 0 0 0 0 0 34 0 0 4733 31 0 22 2 8 229 0 0 0 0 0 0 0 0 0 0 0 0 0 0 0 0 0 0 0 0 0 0 0 0 0 0 0 0 976 38 0
0 0 0 0 0 0 1 0 0 0 0 3 0 0 0 0 0 0 0 0 0 0 0 0 0 0 0 0 0 0 0 0 0 0 3 4 0 32 0 2 6 2 0 0 0 0 0 0 0 0 2 0 0 2 0 0 0 0 0 0 0 1 2 0 1 0 6 0 1 1 3 0 8 0 0 0 9 8 0 0 0 0 0 0 0 0 0 0 0 0 1 0 0 0 0 3 0 0 0 0 0 0 0 0 0 0 0 0 0 0 0 1 0 0 0 0 0 4 0 0 655 20 0 8 0 0 0 0 0 0 0 0 0 0 0 0 0 0 0 0 0 0 0 0 0 0 0 2 0 0 0 0 0 0 0 0 3 0
0 0 0 0 0 0 0 0 0 0 0 0 0 0 0 0 0 0 0 0 0 0 0 0 0 0 0 0 0 0 0 0 0 0 0 0 0 0 0 0 0 0 0 0 0 0 0 0 0 0 0 0 0 0 0 0 0 0 0 0 0 0 0 0 0 0 0 0 0 0 0 0 1 0 0 0 0 0 0 0 0 0 0 0 0 0 0 0 0 0 0 0 0 0 0 0 0 0 0 0 0 0 0 0 60 0 0 0 0 0 0 0 0 0 0 0 0 0 0 0 0 9 0 0 0 0 0 0 0 0 0 0 0 0 0 0 0 0 0 0 0 0 0 0 0 0 0 0 0 0 0 0 0 0 2 0 0 0
17 0 182 40 112 3057 88 3 14 10 1151 377 5 103 0 337 0 0 0 1 0 0 0 0 0 125 125 92 79 125 92 94 0 20 0 0 0 0 11 0 17 14775 0 47 27 4 0 16710 8088 0 0 0 42 39 0 6 2 6 24 0 7 9 7 3 5 8 15 0 50 4 12 0 10 0 0 0 20 18 0 434 20 71 21 207 0 9 1 3 13 0 3 0 1 190 0 485 0 18 944 0 0 0 0 0 0 3 0 0 0 0 0 0 0 0 0 0 0 40 0 0 0 0 0 0 0 0 0 0 0 0 0 0 0 0 0 73 0 0 19 0 0 0 0 0 0 0 0 0 0 0 2 0 0 0 0 0 395 0
0 0 0 0 1 1 1 0 0 0 98 10 0 0 0 0 0 0 0 1 0 0 0 0 0 0 0 0 0 0 0 0 199 34 0 0 0 0 0 0 189 2879 0 0 0 8 0 0 0 0 0 0 0 1 0 0 0 0 0 0 0 0 0 0 0 0 0 0 12 0 0 0 0 51 197 0 0 0 0 8 142 7 16 96 0 0 0 1 4 0 0 0 0 0 0 0 0 3 0 0 0 0 0 0 0 0 0 0 0 0 0 1 0 0 0 0 49 32 0 0 0 0 0 0 0 0 0 0 0 0 0 0 0 0 0 3 0 0 27 0 205 204 210 196 2 212 204 0 0 0 25 0 214 214 0 0 0 0
0 0 0 0 0 0 1 0 0 13 9242 1299 15 0 0 0 0 0 0 0 0 0 0 0 0 0 0 0 0 0 0 0 0 8 0 0 0 0 1 0 68 719 0 0 1 3 0 475 0 0 0 0 0 0 0 0 0 0 0 0 0 0 0 0 0 0 0 0 5 0 0 0 12 0 0 0 0 0 0 0 52 5 7 5 0 0 0 0 2 0 1 0 0 0 0 0 772 3 0 0 0 0 0 0 0 0 0 0 0 0 0 0 0 0 0 0 0 8 13 0 0 0 0 0 0 0 0 0 0 0 0 0 0 401 0 1 0 0 0 0 0 0 0 0 0 0 0 0 0 0 0 0 0 0 0 3 0 0
26 33 548 56 110 69 205 1 1 2 1382 794 0 4 0 156 123 125 125 115 0 2 0 0 1 168 168 4088 11836 168 4089 193 65 58 15 16 15 52 1 6 811 6 0 82 20 33 65 35 1475 0 10156 2588 45 137 0 55 10 13 305 0 16 50 41 9 26 55 117 25 87 23 92 0 4 0 63 0 164 158 0 0 618 80 97 352 0 51 0 45 69 169 19 0 67 0 44 234 164 82 887 0 0 0 0 0 0 20511 2 1 0 0 0 6 0 0 1704 0 0 41 0 0 45 0 0 21 0 7 0 187 0 0 0 0 0 114 0 53 0 44 49 0 48 47 48 47 45 48 42 146 9 18 48 20 47 48 0 3 1496 0
0 0 0 0 0 9 0 0 0 0 0 0 0 0 0 0 0 0 0 0 0 0 0 0 0 0 0 2914 176 0 2915 1 0 0 0 0 0 0 0 0 1 0 0 0 0 0 48 10 19 0 0 0 0 28 0 0 0 1 146 0 0 12 2 1 0 21 2 0 1 0 0 0 0 0 0 0 0 0 0 0 0 0 0 0 0 18 12 6 8 0 6 0 0 0 0 101 0 0 0 0 0 0 0 0 0 0 0 0 0 0 0 0 0 0 0 0 0 0 0 0 0 0 0 0 0 0 0 0 0 0 0 0 0 0 0 0 0 0 0 0 0 0 0 0 0 0 0 0 0 0 0 0 0 0 0 0 0 0
28 31 518 22 83 93 227 0 4 0 345 199 0 24 0 5 0 0 0 1 0 3 0 0 1 475 472 5601 6884 475 5603 146 0 0 145 164 281 141 37 515 124 265 285 906 139 1279 288 300 474 0 4175 0 1828 288 0 21 16 21 353 0 0 130 170 0 94 82 533 67 105 80 414 0 106 1 2 0 789 739 1 1001 91 23 2140 144 15 80 0 84 527 236 48 0 93 260 59 467 53 57 357 0 0 0 0 0 42 1 4 0 0 0 0 165 0 0 0 0 0 721 0 0 499 0 0 0 0 158 0 0 0 0 0 0 0 93 11 508 0 220 7 62 252 251 254 253 0 251 234 743 0 0 0 0 250 253 52 0 301 0
0 0 0 0 0 0 52 1 3 2 1090 258 0 101 0 0 0 0 0 20 0 1 0 0 5 74 73 256 0 74 256 55 280 697 1 1 7 35 3 9 2 46 19 123 0 174 0 49 1159 0 34 0 0 32 0 6 3 5 18 0 0 18 21 3 12 7 65 0 12 10 52 0 362 72 278 0 95 90 0 0 3 0 0 0 0 20 7 14 5 57 0 0 51 0 0 0 0 0 0 153 58 91 353 142 35 492 161 159 92 26 0 2 0 0 0 0 0 144 0 0 0 0 0 0 0 0 0 0 0 0 0 811 0 38 448 108 0 506 679 12 590 590 592 587 679 593 587 84 664 669 690 666 593 594 672 589 251 0
0 0 0 0 0 0 0 0 0 0 0 0 0 0 0 0 0 0 0 0 0 9 10 0 0 0 0 0 0 0 0 0 0 0 0 0 0 0 0 0 20 0 0 0 0 1 0 0 0 0 0 0 0 0 0 0 0 0 0 0 0 0 4 1 0 0 0 0 2 0 1 0 0 1 0 0 0 0 0 0 16 5 0 14 502 0 0 0 0 0 566 0 0 0 0 0 0 0 0 0 0 0 0 0 0 0 0 0 0 0 0 0 0 0 0 0 0 0 0 0 0 0 0 0 0 0 0 0 0 0 0 0 0 0 0 0 0 0 0 0 0 0 0 0 0 0 0 0 0 0 0 0 0 0 0 0 0 0
1665 3041 68 2209 3253 2141 2149 1084 747 1813 214 427 890 2895 1001 2170 147 147 147 140 0 50 0 186 0 960 954 20 24 959 20 134 3037 245 29 16 80 84 1 78 15 370 112 372 197 0 471 238 103 52 64 16 45 935 0 145 6 0 20 8 0 51 109 0 46 71 272 45 182 37 0 0 83 3486 3041 0 407 383 845 629 25 0 147 801 46 12 43 15 42 54 77 57 5 54 28 494 115 56 1473 23 95 78 116 89 1 95 87 97 112 79 214 173 214 95 6 688 503 459 0 0 64 42 0 333 0 0 30 240 254 0 79 427 86 55 63 1197 273 726 259 84 814 814 816 812 238 817 814 401 234 236 246 233 817 817 188 281 692 0
0 0 0 0 0 0 0 0 0 0 0 0 0 0 0 0 0 0 0 0 0 2 0 0 0 0 0 0 0 0 0 0 0 0 0 0 0 0 0 0 0 0 0 0 0 0 0 0 0 0 0 0 0 0 0 0 0 0 0 0 0 0 1 0 0 0 0 0 0 0 0 0 0 0 0 0 0 0 0 0 0 0 0 0 0 0 0 0 0 0 0 0 0 0 0 0 0 0 0 0 0 0 0 0 0 0 0 0 0 0 0 0 0 0 0 0 0 0 0 0 0 0 0 1 0 0 27 0 0 0 0 0 0 0 0 0 0 0 0 0 0 0 2 0 0 2 0 0 0 0 0 0 3 3 0 0 0 0
0 0 0 0 0 0 0 0 0 0 0 0 0 0 0 0 0 0 0 0 0 0 0 0 0 0 0 0 0 0 0 0 0 0 0 0 0 0 0 0 0 0 0 0 0 0 0 0 0 0 0 0 0 0 0 0 0 0 0 0 0 0 0 0 0 0 0 0 0 0 0 0 0 0 0 0 0 0 0 0 0 0 0 0 0 0 0 0 0 0 0 0 0 0 0 0 0 1 0 0 0 0 0 0 0 0 0 0 0 0 0 0 0 0 0 0 0 0 0 0 0 4 0 2 0 0 110 0 0 0 0 0 0 0 0 0 0 0 0 0 0 0 1 0 0 1 0 0 0 0 0 0 2 2 0 0 0 0
0 0 0 0 0 0 0 0 0 0 0 0 0 0 0 0 0 0 0 9 0 10 0 0 0 0 0 0 0 0 0 0 0 0 0 0 0 0 0 0 0 0 0 2 0 0 0 0 0 0 0 0 0 0 105 105 122 0 112 115 0 92 49 0 110 117 41 104 94 104 0 0 0 0 0 0 0 0 0 0 0 0 0 0 0 0 0 0 0 0 0 0 0 7 0 0 0 68 0 0 0 0 0 0 0 0 0 0 0 0 0 0 0 0 0 0 0 7 0 0 1 502 0 321 0 445 15780 0 0 0 0 0 0 0 0 0 0 0 0 0 0 0 0 0 0 0 0 0 0 0 0 0 0 0 0 0 0 0
2 0 6 0 0 0 0 0 0 0 0 0 0 1 0 0 0 0 0 0 0 0 0 0 0 20 21 0 0 21 0 0 0 0 0 0 0 0 0 0 0 0 0 0 0 0 0 0 0 0 0 0 0 1 0 1 0 0 0 0 0 0 0 0 0 0 0 0 1 0 0 0 1 0 0 0 0 0 0 0 0 0 0 0 0 0 0 0 0 0 0 0 0 0 0 0 0 0 6 0 0 0 0 0 0 0 0 0 0 0 0 0 0 0 0 0 0 3 0 0 2 0 0 0 0 0 0 0 0 0 0 0 0 0 0 0 0 0 0 1 4 4 6 2 0 6 2 0 0 0 0 0 7 7 0 0 11 0
3212 6266 472 7019 3105 1647 1426 7329 535 978 227 280 1906 395 2862 502 858 858 858 782 0 784 0 141 0 391 393 114 81 391 114 44 410 51 19 10 36 86 0 33 401 367 24 131 82 16 91 64 19 4322 86 149 46 480 0 349 3 0 14 0 0 1419 398 0 31 38 188 27 101 29 0 0 39 465 437 0 281 263 367 316 354 31 494 503 44 75 54 188 140 560 102 0 28 29 21 565 22 32 448 0 0 0 0 0 10355 2 1 0 0 0 0 7 0 0 19028 1699 0 86 0 0 115 18128 1718 386 6895 7662 387 217 0 0 0 77 16 0 183 66 0 116 55 23 201 201 203 199 44 203 200 275 40 42 52 39 204 204 91 0 275 0
9 15 1 15 12 8 3 4 3 5 2 1 5 3 0 0 0 0 0 18 0 146 0 0 0 14 14 199 214 14 199 0 0 0 0 0 0 0 0 0 181 1 0 0 1 7 0 0 0 0 189 119 58 4 242 218 254 129 251 246 0 6097 157 0 228 245 86 224 199 216 0 0 0 0 0 0 0 0 0 1 142 169 668 4 1 2 2 1 141 0 2 0 4 1 5 82 0 0 50 0 0 0 0 0 44191 0 0 0 0 0 0 1 0 0 62136 0 0 1 0 0 4 0 0 0 2267 1205 118 0 0 0 0 0 0 0 0 0 0 0 0 0 0 0 0 0 0 0 0 0 0 0 0 0 0 0 0 0 1 0
0 0 0 0 0 0 0 0 0 0 0 0 0 0 0 0 0 0 0 0 0 19 0 0 0 0 0 0 0 0 0 0 0 0 0 0 0 0 0 0 0 0 0 0 0 0 0 0 0 0 0 0 0 0 0 0 0 0 0 0 0 0 8 0 0 0 0 0 0 0 0 0 0 0 0 0 0 0 0 0 1 0 0 0 0 0 0 0 0 0 0 0 0 0 0 0 0 0 0 0 0 0 0 0 0 0 0 0 0 0 0 0 0 0 0 0 0 0 0 0 0 0 0 0 0 0 0 0 0 0 0 0 0 0 0 0 0 0 0 0 0 0 0 0 0 0 0 0 0 0 0 0 0 0 0 0 0 0
0 0 0 0 0 0 0 0 0 0 0 0 0 0 0 0 0 0 0 0 0 0 0 0 0 0 0 0 0 0 0 0 0 0 0 0 0 0 0 0 0 0 0 0 0 0 0 0 0 0 0 0 0 0 0 0 0 0 0 0 0 0 0 0 0 0 0 0 0 0 0 0 0 0 0 0 0 0 0 0 0 0 0 0 0 0 0 0 0 0 0 0 0 0 0 0 0 0 0 0 0 0 0 0 0 0 0 0 0 0 0 0 0 0 0 0 0 0 0 0 0 0 0 0 0 0 0 0 0 0 0 0 0 0 0 0 0 0 0 0 0 0 0 0 0 0 0 0 0 0 0 0 0 0 0 0 0 0
0 0 0 0 0 0 0 0 0 0 0 0 0 0 0 0 5 4 5 302 0 360 0 4 0 0 4 0 0 0 0 0 0 0 0 0 0 0 0 0 0 0 0 0 0 0 0 0 0 0 0 43 0 0 4174 3622 4229 4042 3887 4175 3947 3177 1707 0 3804 4047 1425 3817 3265 3602 948 0 0 0 0 0 0 0 0 0 0 0 0 0 0 0 0 0 0 0 0 0 0 0 0 0 0 0 0 0 0 0 0 0 0 0 0 0 0 0 0 12 1 0 1 0 0 0 0 0 0 0 0 0 0 0 0 0 0 0 0 0 0 0 0 0 0 0 0 0 0 0 0 0 0 0 0 0 0 0 0 0 0 0 0 0 0 0
0 0 0 0 0 0 0 0 0 0 0 0 0 0 0 0 0 0 0 0 0 0 0 0 0 0 0 0 0 0 0 0 0 0 0 0 0 0 0 0 0 0 0 0 0 0 0 0 0 0 0 0 0 0 0 0 0 0 0 0 0 0 0 0 0 0 0 0 0 0 0 0 0 0 0 0 0 0 0 0 0 0 0 0 0 0 0 0 0 0 0 0 0 0 0 0 0 0 0 0 0 0 0 0 0 0 0 0 0 0 0 0 0 0 0 0 0 0 0 0 0 0 0 0 0 0 0 0 0 0 0 0 0 0 0 0 0 0 0 0 0 0 0 0 0 0 0 0 0 0 0 0 0 0 0 0 0 0
0 0 0 0 0 0 0 0 0 0 0 0 0 0 0 0 0 0 0 0 0 0 0 0 0 0 0 0 0 0 0 0 0 0 0 0 0 0 0 0 0 0 0 0 0 0 0 0 0 0 0 0 0 0 0 0 0 0 0 0 0 0 0 0 0 0 0 0 0 0 0 0 0 0 0 0 0 0 0 0 0 0 0 0 0 0 0 0 0 0 0 0 0 0 0 0 0 0 0 0 0 0 0 0 0 0 0 0 0 0 0 0 0 0 0 0 0 0 0 0 0 0 0 0 0 0 0 0 0 0 0 0 0 0 0 0 0 0 0 0 0 0 0 0 0 0 0 0 0 0 0 0 0 0 0 0 0 0
0 0 0 0 0 0 0 0 0 0 0 0 0 0 0 0 0 0 0 0 0 0 0 0 0 0 0 0 0 0 0 0 0 0 0 0 0 0 0 0 0 0 0 0 0 0 0 0 0 0 0 0 0 0 0 0 0 0 0 0 0 0 0 0 0 0 0 0 0 0 0 0 0 0 0 0 0 0 0 0 0 0 0 0 0 0 0 0 0 0 0 0 0 0 0 0 0 0 0 0 0 0 0 0 0 0 0 0 0 0 0 0 0 0 0 0 0 0 0 0 0 0 0 0 0 0 0 0 0 0 0 0 0 0 0 0 0 0 0 0 0 0 0 0 0 0 0 0 0 0 0 0 0 0 0 0 0 0
14 0 1 15 44 35 90 4 4 8 91 26 5 0 0 27 100 100 101 91 0 1 0 32 0 2 2 20 6 2 20 31 0 0 1 1 0 0 0 4 0 8 0 29 8 0 61 31 110 0 4 0 8 47 0 6 6 0 7 0 0 25 38 0 23 11 118 0 21 18 0 0 3 0 0 0 175 172 0 0 1 0 45 20 0 1 5 0 0 0 44 0 5 4 0 56 21 125 0 0 0 0 0 0 0 0 0 0 0 0 0 1 0 0 1 0 0 9 0 0 6 12 0 0 0 0 4 0 0 0 0 1 0 0 2 0 0 0 5 3 19 19 21 17 0 21 18 167 0 0 2 0 22 22 3 0 31 0
0 0 0 0 0 0 0 0 0 0 0 0 0 0 0 0 0 0 0 0 0 0 0 0 0 0 0 0 0 0 0 0 0 0 0 0 0 0 0 0 0 0 0 0 0 0 0 0 0 0 0 0 0 0 0 0 0 0 0 0 0 0 0 0 0 0 0 0 0 0 0 0 0 0 0 0 0 0 0 0 0 0 0 0 0 0 0 0 0 0 0 0 0 0 0 0 0 0 0 0 0 0 0 0 0 0 0 0 0 0 0 0 0 0 0 0 0 0 0 0 0 0 0 0 0 0 0 0 0 0 0 0 0 0 0 0 0 0 0 0 0 0 0 0 0 0 0 0 0 0 0 0 0 0 0 0 0 0
0 0 0 0 0 0 2 0 0 0 0 0 0 25 0 0 1 2 2 1 0 27 0 1 0 8 8 0 0 8 0 0 91 0 0 0 0 0 0 0 40 0 0 0 0 2 0 0 0 0 1 0 0 1 0 0 0 0 0 0 0 22 13 0 1 0 3 0 8 0 0 0 0 30 98 0 4 4 0 23 31 14 73 55 0 0 0 0 0 0 18 0 0 1 0 5 0 0 0 43 147 43 95 144 160 199 117 146 0 0 0 0 0 0 3 0 0 0 0 0 0 0 0 0 0 0 0 0 0 0 0 0 0 0 0 0 0 0 0 0 0 0 0 0 0 0 0 0 0 0 0 0 0 0 0 0 0 0
1 0 0 0 5 3 0 0 0 0 0 14 0 0 0 26 1 1 1 76 0 86 0 1 0 0 1 0 0 0 0 0 0 40 0 0 0 0 0 0 0 0 0 0 0 0 0 0 0 0 10 0 0 0 781 871 1017 945 935 850 892 764 410 0 914 973 342 823 785 863 0 0 52186 0 0 0 0 0 0 0 0 0 0 0 0 0 0 0 0 0 0 0 0 1 0 1 0 0 0 0 26 0 0 3 0 616 12 13 0 0 0 2773 0 0 3 0 0 9 0 0 9 0 0 0 0 0 0 0 0 0 0 0 0 0 0 0 0 0 113 3 22 22 23 21 115 23 21 0 109 112 120 109 24 24 0 0 28 0
0 0 0 0 0 0 0 0 0 0 0 0 0 0 0 0 0 0 0 0 0 0 0 0 0 0 0 0 0 0 0 0 0 0 0 0 0 0 0 0 0 0 0 0 0 0 0 0 0 0 0 0 0 0 0 0 0 0 0 0 0 0 0 0 0 0 0 0 0 0 0 0 0 0 0 0 0 0 0 0 0 0 0 0 0 0 0 0 0 0 0 0 0 0 0 0 0 0 0 0 0 1 0 0 0 0 0 0 0 0 0 0 0 0 0 0 0 0 0 0 0 0 0 0 0 0 0 0 0 0 0 0 0 0 0 8 2 0 0 0 0 0 0 0 0 0 0 0 0 0 0 0 0 0 0 0 0 0
0 0 0 0 0 0 6 0 0 0 0 0 0 0 0 0 0 0 0 0 0 0 0 0 0 0 0 0 0 0 0 0 0 0 0 0 0 0 0 0 0 0 0 0 0 0 0 0 0 0 0 0 0 4 0 0 0 0 0 0 0 2 3 0 1 0 10 0 1 1 0 0 0 0 0 0 14 14 0 0 0 0 0 0 0 0 0 0 0 0 0 0 0 0 0 0 0 0 0 0 0 0 0 0 0 0 0 0 0 0 0 0 0 0 0 0 0 0 0 0 0 0 0 0 0 0 0 0 0 0 0 0 0 0 0 0 0 0 0 0 0 0 0 0 0 0 0 6 0 0 0 0 0 0 0 0 0 0
25 12 3 23 1 2 0 0 0 0 0 0 0 0 0 0 0 0 0 3 0 0 0 0 0 0 0 0 0 0 0 0 0 0 0 0 0 0 0 0 0 0 0 0 0 0 0 0 0 0 0 0 0 0 0 0 0 0 0 0 0 0 0 0 0 0 0 0 0 0 0 0 0 0 0 0 0 0 0 0 0 0 0 0 0 0 0 0 0 0 0 0 0 0 0 0 0 0 0 0 0 0 0 0 0 0 0 0 0 0 0 0 0 0 0 0 0 0 0 0 2 0 0 0 0 0 0 0 0 0 0 0 0 0 0 0 0 0 112 0 0 0 0 0 93 0 0 0 57 66 102 65 0 0 0 0 0 0
3682 3709 1851 2327 520 506 172 0 0 0 0 0 0 0 71 0 0 0 0 0 0 0 0 0 0 0 0 0 40 0 0 0 0 0 0 0 0 0 0 0 0 127 0 0 0 0 7 0 0 0 33 0 0 83 0 0 0 0 0 0 0 26 46 0 23 7 151 2 24 0 121 0 0 0 0 190 227 212 0 0 0 0 0 59 0 0 0 0 0 0 0 0 0 3 0 67 0 0 0 0 0 0 0 0 0 0 0 0 0 0 0 0 0 0 0 0 0 0 0 0 0 0 0 0 0 0 0 0 0 0 0 0 0 0 0 0 0 0 0 0 0 0 0 0 0 0 0 150 0 0 0 0 0 0 0 0 0 0
861 2430 566 3632 1253 1219 725 38 91 55 2005 1062 43 6286 378 362 4724 4788 4806 4359 0 268 222 864 100 6252 6210 1061 1685 6249 1063 570 0 0 0 0 0 0 331 0 2466 57 0 100 26 100 1335 298 2453 1451 1527 289 433 399 185 548 580 571 603 313 574 569 551 456 633 594 933 474 799 621 835 0 20 7794 0 0 1108 1051 5109 2257 1883 773 809 1270 444 1001 881 0 612 1773 2881 16 2 678 247 667 396 216 755 0 105 0 0 0 1 10 2 6 0 0 2 88 3 0 1 486 0 43 0 0 85 0 0 0 0 7 0 0 0 0 0 0 0 272 0 1154 0 195 7 1026 267 267 268 267 0 268 264 1104 0 0 0 0 267 268 17 0 1804 0
0 0 0 0 0 0 3 0 0 0 0 0 0 0 0 0 0 0 0 50 0 0 0 0 0 0 0 0 0 0 0 0 0 1635 0 0 0 0 0 0 2 0 0 7 0 0 0 0 0 0 0 0 0 2 0 0 0 0 0 0 0 1 1 0 1 1 4 0 0 0 3 0 0 0 0 0 0 5 0 0 0 0 0 0 0 0 0 0 0 0 0 0 0 0 0 2 0 0 0 31 1051 15 366 149 1 116 254 77 43 17 59 43 59 0 58 0 0 1 0 0 28 1 0 0 0 0 0 0 0 0 0 0 0 0 0 0 0 0 1724 0 0 0 0 0 1783 0 0 1 1776 1778 1785 1778 0 0 19 0 0 0
0 0 0 0 0 0 0 0 0 0 0 0 0 0 0 0 0 0 0 6 0 0 0 0 0 0 0 0 0 0 0 0 0 64 0 0 0 0 0 0 0 0 0 0 0 0 0 0 0 0 0 0 0 0 0 0 0 0 0 0 0 1 0 0 0 0 0 0 0 0 0 0 0 0 0 0 0 0 0 0 0 0 0 0 0 0 0 0 0 0 0 0 0 0 0 0 0 0 0 7 16939 0 199 293 5 473 10 263 48 30 16 11 16 0 6 0 0 0 0 0 3 0 0 0 0 0 0 0 0 0 0 0 0 0 0 0 0 0 189 0 0 0 0 0 202 0 0 0 194 197 204 196 0 0 0 0 0 0
151 190 97 224 499 460 637 53 66 258 3321 670 78 318 0 406 0 3 0 10 0 122 121 91 23 4081 4054 530 12 4079 530 452 770 65 97 109 196 2 70 664 517 103 188 860 99 21 458 211 3602 14 88 0 134 319 0 82 68 72 77 0 55 154 253 69 149 95 605 130 337 135 502 0 27 201 763 0 878 851 0 598 405 253 241 1068 0 334 0 611 252 2159 0 0 3 425 189 765 1244 471 989 0 0 0 0 0 0 9 2 0 0 0 0 89 0 0 0 250 942 85 0 0 138 0 0 0 38 153 87 0 0 0 0 0 0 1190 0 0 0 72 111 46 116 115 117 115 100 116 107 854 51 62 106 64 116 117 0 0 468 0
0 0 0 0 7 18 136 0 0 0 4 8 0 0 0 37 0 0 0 0 0 0 0 0 0 167 166 6 0 167 6 143 0 0 0 0 0 17 2 13 1 4 62 312 4 1 0 0 29 2697 1 0 1 50 0 6 0 4 6 0 0 29 50 0 25 6 166 0 70 0 133 0 2 0 1 0 250 237 0 0 6 0 0 386 0 2 0 1 180 0 12 0 2 158 16 87 108 68 160 0 0 0 0 0 0 0 0 0 0 0 0 5 0 0 0 57 0 4 220 0 30 0 0 0 0 0 0 0 0 0 0 0 0 0 0 21 0 0 0 4 0 0 0 0 0 0 0 240 0 0 0 0 0 0 0 0 0 0
0 0 0 0 0 0 3 0 0 0 0 0 0 0 0 0 0 0 0 0 0 0 0 0 0 0 0 0 0 0 0 0 0 0 0 0 0 0 0 0 2989 0 0 0 0 121 0 0 0 0 0 0 0 0 0 3 0 0 0 0 0 0 0 0 0 0 0 0 0 0 0 0 0 0 0 0 0 0 0 0 0 2 10 0 0 0 1 1 21 0 0 0 0 0 0 0 0 0 0 0 0 0 0 0 0 0 0 0 0 0 0 0 0 0 0 0 0 0 0 0 0 0 0 0 0 0 0 0 0 0 0 0 0 0 0 0 0 0 0 0 0 0 0 0 0 0 0 0 0 0 0 0 0 0 0 0 0 0
0 0 0 0 0 0 0 0 0 0 0 0 0 0 0 0 0 0 0 0 0 0 0 0 0 0 0 0 0 0 0 0 0 0 0 0 0 0 0 0 0 0 0 0 0 0 0 0 0 0 0 0 0 0 0 0 0 0 0 0 0 0 0 0 0 0 0 0 0 0 0 0 0 0 0 0 0 0 0 0 0 0 0 0 0 0 0 0 0 0 0 0 0 0 0 0 0 0 0 0 0 0 0 0 0 0 0 0 0 0 0 0 0 0 0 0 0 0 0 0 0 0 0 0 0 0 0 0 0 0 0 0 0 0 0 0 0 0 0 0 0 0 0 0 0 0 0 0 0 0 0 0 0 0 0 0 0 0
170 278 0 193 595 340 32 0 0 0 0 0 0 0 0 0 0 0 0 0 0 50 53 8 0 0 0 15 781 0 15 0 0 0 0 0 0 0 1 0 122 18 0 0 1 5 0 0 0 0 639 0 0 3 0 1 1 1 8 0 0 1 22 1 1 3 1 0 485 0 1 0 0 0 0 0 0 0 0 0 0 61 0 3387 31 11 10 21 67 39 0 0 0 0 0 0 0 0 0 0 0 0 0 0 0 0 0 0 0 0 0 0 0 0 0 0 0 0 0 0 0 0 0 0 0 0 0 0 0 0 0 0 0 0 0 0 0 0 0 0 0 0 0 0 0 0 0 0 0 0 0 0 0 0 0 0 0 0
0 0 0 0 0 3 0 0 14 0 2 0 0 113 0 0 0 0 0 1 0 71 74 114 1 0 1 1 24 0 0 77 0 0 0 0 0 0 0 0 66 1 0 0 1 3 0 0 0 0 22 0 2 0 0 8 10 10 9 0 0 7 34 9 9 9 4 0 64 0 5 0 1 0 0 0 1 2 0 0 53 73 0 0 0 0 705 0 142 0 0 0 0 285 0 321 33 17 0 0 0 0 0 0 0 4 0 0 0 0 0 0 0 0 0 5253 0 4 0 0 2 0 0 0 0 0 0 0 0 0 0 0 0 32 0 0 0 21 0 0 77 76 80 75 0 79 67 0 0 0 0 0 79 81 0 0 1 0
17 26 18 8 8 11 18 14 43 16 32 1 1 47 3 12 0 38 37 35 289 175 179 108 0 188 207 18 43 190 18 3504 0 0 0 0 0 4 0 0 319 1 0 0 1 13 26 11 14 203 32 0 7 0 0 3 0 0 2 0 0 1 74 10 0 1 3 9 103 6 11 0 24 16 26 0 4 51 187 4 257 50 0 593 0 50 8 83 23 271 5047 1121 7 1384 18 135 1469 678 1319 0 0 0 0 0 0 1 0 0 0 0 0 0 0 0 0 1640 23 35 0 0 1 0 0 0 0 0 0 0 0 0 0 0 0 1111 0 0 0 0 0 2 0 0 0 0 0 0 0 0 0 0 0 0 0 0 0 0 7 0
0 0 0 0 0 0 4 191 0 0 0 0 0 0 0 0 0 0 0 0 0 0 0 0 0 0 0 0 0 0 0 0 0 0 0 0 0 0 0 0 1 0 0 0 0 0 0 4 0 0 0 0 0 0 0 0 0 0 0 0 0 0 0 0 0 0 0 0 19 0 0 0 0 0 0 0 0 0 0 0 7 0 0 1 0 0 0 26 0 7 0 0 0 0 0 0 0 0 829 0 0 0 0 0 0 0 0 0 0 0 0 0 0 0 0 0 0 12 0 0 0 0 0 0 0 0 0 0 0 0 0 0 0 0 0 0 0 0 0 0 0 0 0 0 0 0 0 0 0 0 0 0 0 0 0 0 0 0
3 4 2 2 1 1 2 2 28 2 4 0 1 3 0 0 0 0 0 0 0 2 0 0 0 41 48 49 0 42 49 1269 0 0 0 0 0 0 1532 0 0 0 0 0 0 0 0 1 0 8 0 1 0 10 0 0 0 0 3 0 0 1 1 3 0 1 3 0 7 2 5 0 4 4 7 0 4 29 9 3 0 0 0 0 0 6 0 11 0 0 5307 873 0 1254 9 12 134 370 0 0 0 0 0 0 0 0 0 0 0 0 0 0 0 0 0 0 4 7 0 0 1 0 0 0 0 0 0 0 0 0 0 0 0 30 0 3 0 0 0 0 0 0 0 0 0 0 0 0 0 0 0 0 0 0 0 0 7 0
0 0 0 0 0 0 93 0 2 0 0 0 0 1 0 0 0 0 0 0 0 0 0 0 0 0 0 0 0 0 0 0 0 0 0 0 0 0 0 0 0 0 0 0 0 0 0 0 0 0 0 0 0 48 0 0 0 0 0 0 0 20 36 0 18 5 117 13 13 14 94 0 1 0 1 146 177 181 0 0 0 0 0 0 0 0 0 0 0 12 1783 0 0 116 0 54 0 240 0 0 0 0 0 0 0 0 0 0 0 0 0 1 0 0 0 0 0 0 0 0 0 0 0 0 0 0 0 0 0 0 0 0 0 0 0 0 0 0 0 0 0 0 0 0 0 0 0 0 0 0 0 0 0 0 0 0 1 0
1 1 0 0 0 0 2 0 60 1 1 0 0 12 0 0 0 0 0 0 0 0 0 0 0 2 3 0 0 2 0 67 0 0 0 0 0 0 0 0 0 0 0 0 0 0 0 0 0 0 0 0 0 4 0 0 0 0 0 0 0 1 1 3 0 0 3 245 3 1497 6 0 1 1 2 0 5 7 0 0 0 0 0 0 0 112 0 226 0 195 1744 0 0 2861 11 35 34 41 3 0 0 0 0 0 0 0 0 0 0 0 0 1 0 0 0 0 0 5 0 0 0 0 0 0 0 0 0 0 0 0 0 0 0 0 0 0 0 0 0 0 0 0 0 0 0 0 0 0 0 0 0 0 0 0 0 0 16 0
0 0 0 0 0 1 52 0 1 0 5 0 0 0 0 0 0 0 0 0 0 1 1 2 0 11 12 0 13 12 17 0 0 0 0 0 0 0 0 0 493 0 0 0 1 20 14 4 3 0 10 0 0 44 0 0 0 0 1 0 0 11 19 10 9 3 62 18 50 57 62 0 0 6 6 0 94 90 0 448 371 185 0 284 0 0 2561 0 0 0 1761 0 0 45 0 27 0 28 303 0 0 0 0 0 0 0 0 0 0 0 0 0 0 0 0 0 0 4 0 0 0 0 0 0 0 0 0 0 0 0 0 0 0 0 0 0 0 0 0 2 0 0 0 0 0 0 0 0 0 0 0 0 0 0 0 0 0 0
2 2 0 1 1 0 0 0 0 0 1 0 0 3 0 0 0 47 47 42 10 3 3 1 0 0 1 0 0 0 0 19 0 0 0 0 0 0 0 0 0 0 0 0 0 0 0 0 0 0 0 0 0 0 0 0 0 0 0 0 0 0 1 0 0 0 0 0 0 0 0 0 54 1 0 0 0 1 21 0 0 0 3 0 0 2 0 0 0 0 0 0 0 99 113 10 3788 6 20 0 0 0 0 0 0 0 0 0 0 0 0 0 0 0 0 0 0 28 0 0 0 0 0 0 0 0 0 0 0 0 0 0 0 3149 0 0 0 0 0 0 0 0 0 0 0 0 0 0 0 0 0 0 0 0 0 0 1 0
104 148 681 152 324 250 559 0 40 4 2792 566 5 270 154 311 540 539 540 501 482 343 343 81 58 781 819 264 1598 785 262 7688 0 71 0 1 1 626 7 62 17 22 193 1695 102 0 223 106 3052 273 1295 17 37 306 0 128 95 98 121 32 94 143 300 104 146 116 433 102 325 184 377 0 96 9 15 0 605 638 328 26 31 3 1382 1310 0 944 0 1744 673 6568 4503 0 825 935 828 908 1796 1074 962 0 0 0 0 0 0 15 1 0 0 0 0 32 0 0 0 0 788 516 0 0 114 757 0 2 0 36 105 0 0 0 0 0 0 1664 0 21 0 407 187 23 440 439 441 440 168 440 429 576 106 120 172 124 439 441 152 0 412 0
13 14 37 11 6 3 33 10 7 13 1 0 15 10 126 0 0 0 0 0 0 0 0 0 0 0 0 0 0 0 0 0 0 0 0 0 0 0 0 0 0 1 0 0 0 0 0 0 0 0 0 0 0 6 0 17 0 0 0 0 0 0 0 0 0 0 0 0 0 0 0 0 0 0 0 0 0 0 0 0 0 0 0 0 0 0 0 0 0 0 0 0 0 0 0 0 0 0 0 443 65 14 146 40 1 66 153 693 0 0 58 42 58 53 5 0 0 0 0 0 0 0 0 0 0 0 0 0 0 0 0 37 0 0 0 0 0 0 0 0 0 0 0 0 0 0 0 0 0 0 0 0 0 0 0 0 0 0
157 205 278 226 108 57 150 165 126 192 16 269 248 197 275 34 0 0 0 1 0 221 233 100 0 1 2 0 0 1 0 27 0 37 0 0 1 171 0 0 0 11 0 0 1 0 0 4 0 14 0 0 6 51 0 39 0 0 4 0 0 0 96 1 0 3 0 0 1 0 0 0 7 0 0 0 0 9 0 0 8 1 5 0 0 0 0 0 0 0 0 0 63 0 0 467 0 125 0 15 183 106 0 176 0 168 189 214 128 40 0 0 0 0 1 0 0 7 0 0 0 0 0 0 37 282 0 0 136 0 0 23 0 115 0 14 0 0 40 0 0 0 0 0 26 0 0 0 11 16 37 12 0 0 0 58 0 0
15 26 26 31 20 13 29 12 105 13 2 5 18 952 110 30 0 0 0 1 0 0 0 0 0 17 17 0 0 17 0 6 0 22 0 0 0 354 0 0 0 3 0 0 2 0 5 6 0 0 0 0 61 5 0 21 0 4 6 0 0 0 0 1 0 0 0 0 2 0 0 0 63 0 0 0 0 42 0 0 3 0 2 7 0 0 0 0 0 1 0 0 542 755 0 2435 0 606 0 0 0 0 0 0 0 55 0 0 0 0 0 0 0 0 0 0 0 29 0 0 0 0 0 0 0 0 0 0 0 0 34 53 0 0 11 32 0 0 14 0 0 0 0 0 11 0 0 0 1 5 18 2 0 0 145 570 4 0
20 0 26 1 4 4 2 7 97 34 1 380 12 1250 0 0 0 0 0 1 0 0 0 0 0 9 10 10 0 10 10 49 0 0 0 0 0 121 0 0 0 0 0 0 0 0 0 2 7 0 0 0 207 4 0 10 0 4 5 0 0 0 0 1 0 0 0 0 0 0 0 0 159 0 0 0 0 31 0 0 5 0 2 0 0 0 0 0 0 0 0 0 335 0 0 0 146 314 0 0 0 0 0 0 0 72 0 0 0 0 0 0 0 0 0 0 0 40 0 0 0 0 0 0 812 700 0 0 0 0 0 0 0 117 0 0 0 0 41 0 31 31 32 30 32 32 27 0 12 17 37 17 32 32 335 391 928 0
0 0 0 0 0 4 19 0 20 0 16 6 0 118 80 0 4797 4782 4804 4316 37 34 35 27 0 150 150 83 41 150 83 135 0 0 0 0 0 0 0 0 0 19 0 0 0 0 0 29 0 0 42 0 9 1 0 20 0 2 8 0 0 0 15 1 0 1 0 0 3 1 0 0 154 2 1 0 0 20 0 0 10 2 378 0 0 7 0 19 0 48 0 0 2 267 5 0 0 229 0 0 0 0 0 0 0 6 0 0 0 0 0 0 0 0 0 74 0 47 0 208 10 0 176 0 0 15 4 0 0 0 0 0 0 5425 0 0 0 240 0 0 258 258 259 258 0 259 256 0 0 0 0 0 259 259 0 0 17 0
1 0 0 0 13 8 2 0 2 0 1 0 0 29 0 72 496 495 497 447 7 4 4 7 0 0 0 0 0 0 0 0 0 0 0 0 0 0 0 0 0 0 0 0 5 0 0 0 0 0 0 0 1 0 0 1 0 0 0 0 0 0 1 0 0 0 0 0 0 0 0 0 22 0 0 0 0 371 0 0 2 0 61 0 0 0 0 0 0 0 0 0 2 0 0 0 0 0 0 0 0 0 0 0 0 1 0 0 0 0 0 0 0 0 0 0 0 2 0 0 0 681 0 28 743 976 1367 0 0 0 0 0 0 0 0 0 0 373 0 0 404 404 404 403 0 405 403 0 0 0 0 0 405 405 0 0 0 0
77 50 431 95 116 237 194 206 22 53 283 548 56 82 0 470 113 116 116 112 0 9 7 0 3 362 363 62 119 363 61 481 169 241 0 0 1 10 107 1 99 271 60 57 31 4 0 266 146 0 86 0 76 73 0 34 5 5 0 0 0 8 12 0 8 11 22 1 68 3 17 0 40 45 170 0 31 37 0 0 91 3 155 20 0 0 2322 74 0 0 0 0 0 18 86 129 110 116 0 0 0 0 0 0 0 2 0 0 0 0 0 11 0 0 0 100 101 106 0 0 93 0 0 11 0 0 499 0 0 0 0 111 0 113 0 22 0 26 232 0 55 55 58 53 213 58 49 11 190 198 230 192 59 60 0 0 1253 0
12 17 15 13 11 32 14 19 16 37 122 35 69 20 14 12 235 234 235 0 22 23 24 0 0 37 37 70 0 37 0 75 7 25 20 27 48 20 24 37 134 50 66 50 27 46 211 75 176 125 47 63 0 7 0 4 3 3 7 3 3 4 13 3 4 4 9 4 13 0 3 0 7 22 7 15 0 0 37 133 65 38 311 77 61 19 181 36 73 154 58 72 0 0 33 15 40 31 21 0 0 0 0 0 1 0 0 0 0 0 0 11 0 0 0 0 0 9 11 0 15 0 0 134 0 0 3 16 0 0 3 4 0 35 0 0 0 0 16 7 22 22 22 22 20 23 21 7 13 16 21 15 23 23 0 0 36 0
18 25 22 20 17 32 24 29 23 54 94 43 102 41 19 19 549 547 550 496 0 53 55 0 0 57 57 101 0 57 101 58 185 46 15 21 37 17 18 28 134 39 50 39 21 38 162 57 134 115 70 88 0 12 0 12 11 11 16 8 12 12 32 12 13 12 21 12 26 0 0 0 11 47 183 0 0 0 55 202 99 58 491 116 99 31 326 66 117 283 96 55 0 0 28 24 32 23 30 0 0 0 0 0 1 0 0 0 0 0 3665 2645 3664 3664 0 0 0 16 17 0 25 2 0 264 0 0 2 27 0 0 0 0 0 28 0 27 0 0 40 12 39 39 39 38 37 40 37 17 25 30 40 29 40 40 0 0 64 0
35 47 43 38 33 62 38 55 45 104 184 74 196 55 36 32 644 642 645 425 59 62 65 0 0 105 105 200 0 105 200 112 240 70 30 41 72 31 35 56 242 76 99 76 42 74 316 111 262 192 136 173 0 19 0 11 8 8 19 8 9 11 37 9 10 10 25 11 37 0 10 0 18 61 239 42 0 7 105 5 181 107 879 219 173 51 518 104 207 454 163 113 0 0 52 41 62 45 59 0 0 0 0 0 2 0 1 0 0 0 0 13 0 0 0 0 0 25 0 0 41 3 0 372 60 23 9 47 0 0 0 11 0 56 5 0 0 0 60 20 66 66 66 66 65 67 65 28 58 61 66 60 67 67 0 0 102 0
154 211 192 167 143 274 151 245 199 463 819 310 871 197 156 128 1989 1984 1992 1658 183 191 200 0 0 454 453 896 271 454 896 497 817 268 132 181 321 137 157 248 1038 336 439 337 185 326 1402 495 1163 790 604 774 0 75 0 23 5 7 56 8 11 21 108 9 16 17 78 20 137 0 56 0 70 209 817 152 0 0 451 1615 785 464 3751 948 720 213 2152 434 918 1885 678 503 0 130 223 174 104 208 260 1 1 0 0 0 10 2 3 0 0 0 0 54 0 0 0 0 0 100 0 0 167 12 0 1391 260 101 48 192 37 0 0 82 99 97 87 273 0 136 260 81 274 273 274 273 264 274 273 109 258 261 265 260 274 274 104 0 410 0
13 17 16 14 14 16 14 20 16 38 23 21 72 18 12 12 300 299 300 271 27 29 30 0 0 40 40 74 0 40 0 13 106 29 4 5 8 4 4 6 90 10 12 9 6 11 38 13 30 28 50 63 0 7 0 6 5 5 9 4 5 6 17 5 6 6 11 6 16 0 0 0 7 20 106 14 0 0 39 140 69 41 337 80 67 19 201 40 81 176 64 14 0 0 7 15 7 6 21 0 0 0 0 0 0 0 0 0 0 0 0 2 0 0 0 0 0 10 8 0 16 1 0 0 22 9 1 18 0 0 0 0 0 7 0 0 0 0 25 8 25 25 25 25 24 26 24 9 17 20 25 19 26 26 0 0 41 0
1 2 2 2 1 4 0 2 2 4 13 4 8 2 0 1 21 21 21 19 0 2 2 0 0 4 4 8 1 4 0 8 8 3 2 3 5 2 3 4 14 0 7 5 3 0 23 8 19 1 4 0 0 1 0 0 0 0 1 0 0 0 1 0 0 0 1 0 1 0 1 0 1 2 8 0 0 0 3 15 7 4 34 8 6 2 20 4 8 15 6 5 0 2 4 2 4 3 2 0 0 0 0 0 0 0 0 0 0 0 319 231 319 319 0 0 0 1 0 0 2 0 0 0 1 1 0 0 0 0 0 0 0 0 0 0 0 0 0 1 2 2 2 2 1 2 2 0 0 0 2 0 2 2 0 0 4 0
0 0 0 0 0 1 0 1 0 1 1 1 2 0 0 0 5 5 5 5 0 1 1 0 0 1 1 2 0 1 0 1 2 1 0 0 1 0 0 0 3 1 1 1 0 1 0 1 2 0 1 0 0 0 0 0 0 0 0 0 0 0 0 0 0 0 0 0 0 0 0 0 0 0 2 0 0 0 0 3 2 1 8 0 0 0 5 1 1 4 1 0 0 0 0 0 0 0 0 0 0 0 0 0 0 0 0 0 0 0 35 25 35 33 0 0 0 0 0 0 0 0 0 3 0 0 0 0 0 0 0 0 0 0 0 0 0 0 0 0 0 0 0 0 0 0 0 0 0 0 0 0 0 0 0 0 1 0
0 0 0 0 73 58 0 0 0 0 0 0 0 99 0 0 0 0 0 0 0 0 0 0 0 0 0 0 0 0 0 0 0 0 0 0 0 0 0 0 0 1 0 0 0 0 0 0 0 0 0 0 0 0 0 0 0 0 0 0 0 0 0 0 0 0 0 0 0 0 0 0 0 124 0 0 0 0 0 0 0 0 0 0 0 0 0 0 0 0 0 0 0 0 0 3 0 0 0 0 0 0 0 0 0 0 0 0 0 0 0 0 0 0 0 0 0 0 0 0 0 0 0 0 0 48 0 0 0 0 0 0 0 0 0 93 0 0 0 0 0 0 0 0 0 0 0 0 0 0 0 0 0 0 0 0 0 0
0 0 0 0 0 0 0 0 0 0 0 0 1 0 0 0 2 2 2 2 0 0 0 0 0 0 0 1 0 0 0 0 1 0 0 0 0 0 0 0 1 0 0 0 0 0 0 0 0 0 0 0 0 0 0 0 0 0 0 0 0 0 0 0 0 0 0 0 0 0 0 0 0 0 1 0 0 0 0 1 1 0 3 1 1 0 2 0 1 2 1 0 0 0 0 0 0 0 0 0 0 0 0 0 0 0 0 0 0 0 1 1 1 1 0 0 0 0 0 0 0 0 0 1 0 0 0 0 0 0 0 0 0 0 0 0 0 0 0 0 0 0 0 0 0 0 0 0 0 0 0 0 0 0 0 0 0 0
43 59 54 47 40 82 42 69 56 130 257 94 244 54 44 38 545 543 546 493 50 52 55 0 0 127 127 251 0 127 251 156 225 79 42 57 101 43 49 78 293 106 138 106 58 101 441 156 366 245 170 219 0 21 0 6 1 2 15 2 3 6 29 2 4 4 21 5 38 7 18 0 21 58 226 41 0 0 127 453 220 130 1049 266 277 60 600 121 257 526 189 158 16 0 70 49 86 65 74 0 0 0 0 0 3 1 1 0 0 0 5605 4052 5603 5603 0 0 0 30 33 0 49 3 0 408 77 30 11 57 0 0 0 12 0 76 3 4 0 0 69 24 79 79 79 79 74 80 78 26 67 70 76 70 80 80 0 0 121 0
61 82 73 64 79 120 58 93 76 177 313 305 332 74 60 183 740 738 742 678 68 71 74 0 0 173 173 341 0 173 341 189 306 407 50 69 122 52 60 94 398 128 175 138 79 124 534 191 443 301 230 297 0 29 0 11 1 4 23 3 4 8 40 3 6 6 29 7 52 10 25 0 105 79 307 62 0 0 173 616 300 177 1426 362 377 81 816 164 349 715 258 192 33 0 87 78 104 84 113 0 0 0 0 0 4 1 1 0 0 0 6777 4899 6775 6775 0 0 62 145 146 0 253 17 0 2105 398 155 74 290 82 0 0 127 183 110 133 449 0 258 398 124 418 417 418 417 403 418 417 39 398 401 405 400 418 418 186 0 623 0
0 0 0 0 0 0 0 0 0 0 0 0 0 0 0 0 0 0 0 0 0 0 0 0 0 0 0 0 0 0 0 0 0 0 0 0 0 0 0 0 0 0 0 0 0 0 0 0 0 0 0 0 0 0 0 0 0 0 0 0 0 0 0 0 0 0 0 0 0 0 0 0 0 0 0 0 0 0 0 0 0 0 0 0 52 0 0 0 0 0 35 0 0 0 0 0 0 0 0 0 0 0 0 0 0 0 0 0 0 0 0 0 0 0 0 0 0 0 0 0 0 0 0 0 0 0 0 0 0 0 0 0 0 0 0 0 0 0 0 0 0 0 0 0 0 0 0 0 0 0 0 0 0 0 0 0 0 0
0 0 0 0 0 0 0 0 0 0 0 0 0 0 0 0 0 0 0 0 0 0 0 0 0 0 0 0 0 0 0 0 0 0 0 0 0 0 0 0 0 0 0 0 0 0 0 0 0 0 0 0 0 0 0 0 0 0 0 0 0 0 0 0 0 0 0 0 0 0 0 0 0 0 0 0 0 0 0 0 0 0 0 0 48 0 0 0 0 0 33 0 0 0 0 0 0 0 0 0 0 0 0 0 0 0 0 0 0 0 0 0 0 0 0 0 0 0 0 0 0 0 0 0 0 0 0 0 0 0 0 0 0 0 0 0 0 0 0 0 0 0 0 0 0 0 0 0 0 0 0 0 0 0 0 0 0 0
0 0 0 0 0 0 0 0 0 0 0 0 0 0 0 0 0 0 0 1 0 0 0 0 0 0 0 3 2 0 3 0 0 40 0 0 0 0 0 0 0 0 0 0 0 0 0 0 0 0 2 2 1 0 0 0 0 0 0 0 0 0 0 0 0 0 0 0 0 0 0 0 0 0 0 0 0 0 0 0 0 0 0 0 1 0 0 0 0 0 1 0 0 0 0 0 0 0 0 0 0 0 0 0 0 0 0 0 0 0 0 0 0 0 4 0 0 0 0 0 1 0 0 1 0 0 0 0 0 0 0 0 0 0 0 0 0 0 39 0 0 0 0 0 0 0 0 0 0 0 0 0 0 0 1 0 0 0
131 177 160 139 143 127 371 204 163 386 23 294 726 847 113 235 1937 1931 1940 1764 56 743 0 0 0 467 464 396 244 467 396 0 783 455 3 0 1 7 0 0 258 11 13 14 17 10 26 5 1 35 274 346 105 185 0 119 119 119 134 119 120 156 479 121 164 133 416 156 176 148 360 0 115 1031 786 502 508 512 452 398 201 116 1043 236 1953 24 241 49 209 220 1324 10 0 36 12 286 7 7 265 0 0 0 0 0 0 0 0 0 0 0 0 4 0 0 3305 193 0 164 161 0 283 19 0 2351 445 172 86 0 0 0 0 134 0 26 113 574 0 141 452 137 104 102 122 99 304 113 74 484 253 273 412 222 127 131 284 55 515 0
0 0 0 0 0 0 0 0 0 0 0 0 0 0 0 0 0 0 0 0 0 0 0 0 0 0 0 0 0 0 0 0 0 0 0 0 0 0 0 0 0 0 0 0 0 0 0 0 0 0 0 0 0 0 0 0 0 0 0 0 0 0 0 0 0 0 0 0 0 0 0 0 0 0 0 0 0 0 0 0 0 0 1060 0 0 0 0 0 0 0 0 0 0 0 0 0 0 0 0 0 0 0 0 0 0 0 0 0 0 0 0 0 0 0 0 0 0 0 0 0 0 0 0 0 0 0 0 0 0 0 0 0 0 0 0 0 0 0 0 0 0 0 0 0 0 0 0 0 0 0 0 0 0 0 0 0 0 0
276 359 657 432 870 1329 449 161 160 1375 530 369 300 239 324 401 171 171 171 179 539 901 946 0 30 210 211 261 168 210 261 310 937 752 59 66 58 334 18 65 173 122 87 549 58 49 287 140 86 150 192 171 217 193 0 116 40 47 62 0 30 43 424 43 46 53 81 39 109 50 75 0 276 244 932 0 99 100 0 0 26 265 213 0 0 148 291 272 154 907 239 308 428 191 219 143 0 105 0 71 268 224 295 423 5 228 425 452 461 340 76 69 76 0 22 0 579 257 0 0 1048 1382 0 1794 855 841 0 819 259 327 0 513 0 183 308 74 651 2063 727 218 2095 2095 2096 2095 739 2096 2089 84 753 753 741 753 2095 2096 435 483 754 0
3055 4885 24 3272 11234 6799 852 1396 1307 2650 324 3081 1209 33 214 7601 43 44 42 99 24 49 33 28 788 63 64 21 26 63 21 65 65 1220 413 394 1188 519 504 844 1053 314 1131 876 1461 622 27 0 19 2064 37 47 1688 828 0 327 367 353 331 154 363 332 247 365 375 380 420 348 572 346 387 0 1052 21 68 392 447 432 0 1796 788 1291 2986 2141 0 16 0 9 650 26 19 0 83 86 23 224 7503 223 0 209 87 234 56 292 57 628 326 330 243 0 405 552 405 77 0 0 0 207 0 0 776 0 0 562 1665 1182 0 248 0 0 0 1599 0 6590 2721 426 275 56 1214 3734 93 93 94 93 1200 93 85 426 1156 1166 1205 1168 93 94 1742 0 5634 0
0 0 0 0 0 0 0 0 0 0 0 0 0 0 0 0 0 0 0 0 0 0 0 0 0 0 0 0 0 0 0 0 0 0 0 0 0 0 0 0 0 0 0 0 0 0 0 0 0 0 0 0 0 0 0 0 0 0 0 0 0 0 0 0 0 0 0 0 0 0 0 0 0 0 0 0 0 0 0 0 0 0 0 0 0 0 0 0 0 0 0 0 0 0 0 0 0 0 0 0 0 0 0 0 0 0 0 0 0 0 0 0 0 0 0 0 0 0 0 0 0 0 0 0 0 0 0 0 0 0 0 0 0 0 0 0 0 0 0 0 0 0 0 0 0 0 0 0 0 0 0 0 0 0 0 0 0 0
0 0 18735 0 324 203 2105 5984 31 0 45 436 0 0 1175 2650 0 4 1 90 0 3219 3321 1 0 3419 3432 3021 2752 3431 3020 4481 0 291 0 0 5 611 0 0 139 9 0 10 26867 0 17 44 0 422 2721 2554 2377 1016 529 1124 1107 1100 1198 954 1115 1253 2510 1105 1353 1174 2730 1280 1219 1225 2402 0 791 36 51 2972 3555 3477 2942 0 4 60501 9 31 10883 14 17 9 8 56 10155 4125 17 1810 7595 981 2215 2073 1896 0 0 3761 2733 0 3 0 1 0 0 0 0 24 0 0 0 5084 1267 114 0 14072 2250 0 0 0 0 1313 31 0 0 0 0 60 0 2120 805 1132 0 984 272 1597 1012 1012 1013 1012 280 1012 1007 3541 252 259 283 261 1012 1013 348 5361 1609 0
6323 7959 3805 5793 9115 7768 4337 1066 1488 17445 1852 16079 3334 2516 1143 4708 306 307 306 298 327 330 335 75 93 2272 2262 1181 3480 2272 1181 1040 0 305 3966 4353 4370 10730 2681 5816 3063 2642 7182 5109 2957 6278 290 1876 37 1761 3100 1084 1432 2042 46 292 181 188 262 235 192 500 842 185 476 340 2129 422 696 397 1750 0 208 1910 14 3095 3119 2967 1988 837 2309 375 1195 1843 1201 461 406 104 289 630 1001 852 3429 2072 3729 3703 0 880 2903 71 302 176 76 260 199 298 347 304 267 52 226 1094 226 38 43 1790 99 310 0 0 3898 30 201 1040 3201 2168 1265 308 0 0 0 159 0 1185 608 925 0 960 263 1057 983 983 984 983 295 983 979 3110 273 278 298 279 983 984 385 675 2062 0
0 0 0 0 0 20 0 0 0 1 207 0 0 5 0 0 0 0 0 0 0 1 0 0 0 0 0 0 0 0 0 0 0 0 0 0 0 66 0 0 3 177 0 0 0 0 171 189 269 0 0 0 56 0 0 0 0 0 0 0 0 0 0 0 0 0 0 0 1 0 0 0 1 0 0 0 0 0 0 0 0 0 0 0 0 0 0 0 0 0 0 0 27 46 9 18 0 26 0 0 0 0 0 0 0 0 0 0 0 0 0 0 0 0 0 0 0 17 0 0 0 0 0 62 0 170 3028 233 0 0 0 0 0 0 3 23 0 1400 0 1815 1421 1420 1421 1420 0 1421 1418 0 0 0 0 0 1422 1422 0 142 0 0
0 0 0 0 0 0 12 0 4 0 0 291 0 0 1 0 7410 7387 7421 6667 186 81 84 2 0 416 415 475 835 416 475 211 0 0 0 0 2 22 0 162 2 17 656 0 0 0 9 27 1 65 756 415 136 7 0 30 0 0 60 0 3 2 35 5 0 4 0 0 102 0 0 0 111 2 2 87 0 0 409 12 38 4 585 812 167 3 4 1 2 7 336 0 12 298 29 140 5361 0 26 351 0 0 0 0 1 0 0 0 0 0 0 81 0 0 117 0 16 52 990 0 10 0 129 0 25 1775 0 1031 0 0 0 0 0 4563 72 1198 0 0 11 0 0 0 0 0 0 0 0 0 0 0 0 0 0 0 79 99 584 0
1026 1893 869 1276 989 1116 830 1246 1341 2782 222 1164 834 1678 1763 1059 2 4 1 71 589 1255 1290 1971 58 1345 1347 2506 1237 1345 2507 1299 0 890 900 1021 1583 2351 1921 1141 38 2991 2321 1239 1287 1798 3560 3107 790 223 1412 2225 1062 332 200 755 543 310 696 0 557 477 839 558 539 562 503 551 956 639 516 0 337 2059 8 585 478 481 794 3857 64 3 4054 3851 720 1317 896 13093 2432 5789 1754 1319 2789 870 196 447 0 599 530 221 885 233 236 437 74 704 467 487 470 245 162 1087 162 30 133 1690 1688 536 1554 0 756 0 0 0 402 1124 137 1970 0 0 0 462 0 632 208 490 0 1000 861 259 1060 1060 1060 1059 884 1060 1058 473 875 878 886 878 1060 1060 491 450 923 0
1 0 0 0 8 5 60 0 0 25 0 1 0 2 0 41 0 0 0 0 0 0 0 0 0 0 0 0 0 0 0 0 0 0 0 0 0 0 0 0 0 0 0 0 0 0 4 1 0 0 0 0 0 30 0 0 0 0 1 0 0 65 22 0 11 3 74 8 8 9 59 0 0 0 0 91 110 104 0 949 1 102 0 0 1 0 0 731 15 3 1 0 0 15 1 41 0 0 0 0 0 0 0 0 377 0 298 0 0 0 0 0 0 0 1 0 0 0 4 0 0 0 12 0 0 0 0 0 0 0 0 0 0 0 0 0 0 543 0 15 535 534 538 534 0 536 517 62 0 0 0 0 536 538 0 0 0 0
73 155 26 76 366 85 92 54 48 96 671 137 55 247 296 68 1 1 0 23 1 25 12 0 168 86 87 120 160 86 121 94 618 16 1 1 0 387 0 1 98 298 19 0 695 3 461 362 837 18 158 47 39 129 284 301 292 66 290 0 0 223 121 298 266 284 108 389 254 1353 148 0 11 234 621 51 13 23 0 70 67 24 182 168 1006 630 702 1358 12531 1100 84 85 607 0 316 0 288 0 218 646 1497 0 0 0 0 3 0 0 0 0 0 4 0 0 2592 0 0 10 509 0 22 0 0 1 0 152 1263 878 0 0 0 0 0 260 0 125 0 0 17 33 42 40 50 35 0 49 21 0 0 0 0 0 51 54 0 0 30 0
3 7 2 4 10 21 9 7 7 12 106 25 8 32 29 10 0 0 0 5 0 5 3 0 3 13 13 6 8 13 6 3 91 5 0 0 0 53 0 0 14 73 4 0 51 0 73 96 155 0 9 0 3 4 19 59 60 0 61 0 0 48 26 64 58 61 23 26 55 57 31 0 1 32 96 0 2 3 0 22 12 6 35 44 47 3 25 32 29 7 7 0 80 0 42 0 0 0 5 73 121 0 0 0 0 0 0 0 0 0 0 1 0 0 628 0 0 1 0 0 0 0 0 0 0 0 0 0 0 0 0 0 0 0 0 35 0 0 5 6 0 0 0 0 0 0 0 0 0 0 0 0 0 0 0 0 0 0
145 204 0 279 510 336 127 1 3 2 709 124 2 21 185 63 0 0 0 1 0 1 0 0 0 7 7 2 5 7 2 4 12 3 1 1 0 140 0 1 4 304 32 0 1525 0 311 329 834 3 5 4 1 44 0 0 0 0 19 0 0 1 1 3 1 3 4 0 3 1 3 0 400 4 12 29 5 6 0 15 16 3 2 4 12 1 3 4 3 20 8 0 164 52 69 23 0 0 0 0 0 0 0 0 0 5 2 4 0 0 0 0 0 0 0 19 356 303 0 0 0 169 0 3186 0 231 0 0 426 0 0 0 0 121 0 15 0 1937 0 10 2027 2027 2029 2026 0 2028 2023 0 0 0 0 0 2029 2030 843 118 0 0
11 7 0 4 111 317 225 1 7 1 19 3311 0 0 225 840 1 2 0 13 224 215 220 98 44 342 342 502 51 342 502 269 575 85 151 165 1100 1653 427 117 19 12 189 234 181 448 2320 352 531 0 131 363 267 138 0 135 101 67 130 0 105 126 209 109 134 115 293 124 248 141 252 0 84 2 608 99 387 376 161 32 24 1 6 1024 459 77 199 215 223 810 461 72 14 350 570 470 216 250 385 0 0 0 0 0 13 0 3 0 0 0 359 365 359 36 36 0 0 2049 265 0 0 0 0 891 0 11289 2568 0 0 0 0 148 0 214 198 605 0 187 89 37 267 267 269 266 81 268 261 370 54 61 89 60 268 269 0 36 0 0
53 74 126 106 192 163 265 68 97 213 355 538 219 64 187 175 238 237 238 233 104 109 112 23 19 0 2 240 71 0 240 261 312 541 33 35 53 265 31 85 322 404 158 233 57 441 343 429 437 50 102 438 1487 129 0 76 35 49 64 3 36 67 129 39 66 46 238 51 106 57 191 0 476 1 311 337 342 329 11 357 261 117 177 410 107 17 161 16 44 96 306 253 406 0 302 371 99 163 333 34 149 70 0 84 15 135 96 105 74 0 274 242 274 97 17 0 1003 1036 206 28 340 451 0 2130 1561 865 0 552 0 0 447 3685 0 1482 2000 2000 0 1978 560 205 2033 2033 2034 2032 531 2034 2030 332 517 521 536 520 2034 2035 929 1558 1137 0
2258 8732 2193 4975 4195 6523 2787 5056 2836 2188 4238 1960 4284 3114 3540 2998 5146 5133 5153 4731 5 2209 2291 3510 191 2931 2930 2965 2620 2931 2966 3122 5435 2036 822 910 1156 1296 430 1264 5434 4172 1587 2365 845 13121 3749 4036 3085 1044 2696 2915 2645 1227 420 999 550 601 762 537 568 544 1357 575 594 628 845 626 1154 704 798 0 1968 3423 5425 1210 993 1057 2873 3942 4174 1406 3393 4876 5753 1674 3254 10541 2404 5657 6703 3103 1151 1845 2703 1877 1541 1983 1559 613 2392 1190 1377 2022 435 1928 2065 2200 2225 1568 843 1014 843 746 909 0 3960 3755 3794 2285 1215 2220 2238 9245 3641 7907 3695 3144 737 0 3787 0 0 1665 5320 344 0 0 2001 0 0 0 0 0 2026 0 0 983 2010 2015 2029 2015 0 0 4205 609 2029 0
1624 1313 262 1340 542 332 201 162 58 13 552 401 203 291 618 707 2995 2986 2999 2708 402 317 330 511 1 310 310 361 412 310 361 293 1252 306 53 59 47 189 18 19 892 577 139 237 133 316 597 569 685 199 410 349 106 55 0 124 43 52 74 29 45 37 158 45 41 48 31 40 123 41 31 0 146 324 1243 61 25 35 307 180 697 84 505 655 265 19 60 80 83 75 58 293 235 306 0 370 176 182 326 0 11852 176 90 168 11 80 174 188 181 92 55 83 55 2 8 245 615 5060 548 256 574 452 1063 674 24 4142 770 592 0 0 0 1058 1244 197 513 686 0 495 294 0 527 526 527 526 296 527 524 16 283 288 300 287 527 528 157 0 672 0
9 14 18 13 21 33 43 24 21 82 69 44 29 21 85 29 32 33 33 30 0 24 25 179 2 28 28 29 42 28 29 34 86 11 16 19 10 49 9 11 35 43 17 73 19 147 63 49 74 812 40 38 0 18 0 15 5 6 5 0 5 9 21 5 9 7 31 0 16 10 15 0 17 23 85 36 44 46 35 64 27 12 26 62 81 39 145 81 29 209 96 29 0 0 0 11 19 82 0 0 6 0 0 4 4 12 14 15 0 0 20 22 20 0 0 0 0 39 0 0 45 15 0 224 256 90 51 0 0 2403 0 0 0 25 0 153 0 0 0 0 0 0 0 0 0 0 0 27 0 0 1 0 0 0 0 0 66 0
13 15 944 22 79 134 277 57 91 72 648 561 217 73 190 269 309 309 309 325 203 209 217 295 11 673 671 393 36 672 393 485 280 1573 43 45 32 323 60 113 323 876 277 540 122 1101 848 944 863 232 97 484 1018 129 0 79 26 47 76 0 28 55 157 31 53 38 200 44 122 46 162 0 537 2 279 320 288 293 663 658 277 100 221 475 118 38 239 28 61 204 65 487 407 318 360 393 373 337 729 17 105 38 0 105 34 107 126 136 82 0 586 446 586 269 44 759 1497 6076 1364 2260 1869 45 567 1946 41 259 580 1282 930 1270 0 2420 0 495 1977 2770 0 1773 1588 498 1824 1823 1824 1824 1555 1823 1815 265 1573 1573 1557 1573 1823 1824 1031 1337 942 0
497 553 350 1 995 658 118 292 352 492 282 112 0 276 11 278 747 745 748 678 1 7 3 55 33 0 0 0 188 0 0 0 0 0 52 57 205 54 82 150 223 342 0 0 70 196 134 308 0 0 155 0 0 75 0 67 78 77 73 65 78 59 32 78 70 78 26 52 61 67 35 0 166 250 1 0 0 22 0 672 166 52 435 0 0 27 0 19 56 120 0 0 1 0 289 0 0 307 0 0 0 0 0 0 2 4 1 0 0 0 0 89 0 0 332 0 0 284 0 0 0 0 0 1248 0 1773 0 0 0 0 0 0 0 0 0 0 0 0 0 0 0 0 0 0 0 0 0 0 0 0 0 0 0 0 372 0 1 0
0 0 0 0 0 6 28 8 10 52 2 62 11 35 0 0 51 52 52 50 0 29 29 2 3 34 35 35 32 35 35 38 158 87 4 7 2 152 1 8 50 12 1 32 1 48 34 17 8 7 33 0 0 15 0 12 8 8 7 0 6 11 24 8 11 9 32 0 16 10 13 0 42 41 157 12 38 43 12 66 39 12 63 40 38 10 7 12 17 70 31 14 254 17 0 5 19 29 27 0 17 0 0 16 1 27 25 28 0 0 58 47 58 0 1 0 0 145 0 0 0 0 0 771 193 2 65 0 0 0 0 385 0 71 0 542 0 218 0 0 262 262 263 262 70 262 255 26 35 44 75 45 262 263 0 44 136 0
0 0 0 0 1 7 50 0 0 5 7 2 1 118 0 0 32 40 40 39 0 22 19 0 20 126 126 34 46 126 34 44 530 25 14 17 14 1 20 0 75 0 0 4 2 27 0 0 0 0 43 0 0 33 0 33 29 29 22 0 25 33 36 16 35 31 61 11 38 31 34 0 7 149 526 0 77 78 73 0 57 65 22 49 20 14 0 10 6 38 9 0 0 0 0 7 174 57 0 31 0 2 0 75 9 182 0 107 0 0 16 20 15 0 0 0 0 4 0 0 0 0 0 0 0 0 0 0 0 0 0 0 0 172 0 0 2284 0 0 0 82 81 90 81 0 85 60 18 22 23 0 23 90 93 0 327 0 0
896 1035 499 670 1446 2244 1282 1627 1108 3806 3243 2057 1511 2557 1159 1003 2347 2346 2354 2201 535 1524 1584 2432 186 1832 1832 1945 1369 1832 1945 2065 0 2202 412 462 357 2934 811 1336 3000 1764 1054 2270 240 14021 1567 1829 2927 572 1433 1260 277 658 0 481 281 336 452 257 291 329 949 291 347 327 714 330 693 329 622 0 1448 2803 15 597 931 985 1683 1329 2315 1392 4437 3004 2060 379 1773 685 1083 1706 1668 1951 3784 1632 3924 1539 1476 1740 1050 316 1276 866 515 924 452 1036 916 1024 995 548 1290 1152 1290 1047 90 0 0 19347 3190 1396 1176 1294 1380 7461 1927 7719 2039 2988 1832 3328 1023 3745 1446 1733 7700 0 0 0 2205 1227 0 0 0 0 2168 0 0 903 2155 2163 2185 2162 0 0 2982 4195 1950 0
16 21 2 32 39 38 72 0 11 1 307 97 0 0 27 163 24 24 24 28 27 35 32 3 8 48 48 30 77 48 30 36 0 0 2 3 3 105 1 9 33 281 5 13 13 7 29 46 335 0 68 0 0 34 0 84 86 89 76 0 88 78 65 89 89 89 87 65 85 85 63 0 18 0 0 0 86 82 0 242 26 28 72 0 30 6 24 32 45 87 72 0 153 10 230 5 0 0 0 31 182 102 0 167 0 164 198 224 138 0 0 1 0 0 4 0 0 15 0 0 0 3 0 0 342 135 0 0 0 35 0 131 0 23 0 180 538 0 0 0 134 133 135 135 0 132 114 86 0 0 0 0 130 133 0 0 0 0
0 0 0 0 0 1 8 0 0 0 6 16 0 0 9 0 0 0 0 6 10 16 17 3 0 8 8 3 9 8 3 1 0 197 0 0 0 0 103 0 0 5 0 1 0 122 0 0 0 0 8 0 0 4 0 3 1 2 0 0 0 2 10 1 2 1 9 0 2 2 0 0 28 0 0 0 0 0 0 1 1 0 0 0 9 0 0 0 0 1 0 0 2 0 0 0 0 3 0 0 0 0 0 0 2 43 1 5 0 0 0 0 0 0 0 0 0 244 0 0 32 0 0 1 0 0 23 0 0 0 0 41 0 3 1 9 0 262 0 0 267 266 267 266 182 267 261 0 152 160 186 161 267 267 0 0 0 0
1 0 0 1 0 211 5 2247 2621 2951 949 165 2908 76 0 3 0 0 0 17 0 0 0 0 0 0 0 0 0 0 0 0 0 629 14 2 8 606 1 0 1 740 0 1 0 0 911 802 1114 5 0 0 0 1 0 0 0 0 0 0 0 0 0 0 0 0 0 0 11 0 0 0 0 1 1 0 0 0 0 0 5 0 0 7 0 0 0 0 0 0 0 0 878 861 301 207 1 0 541 0 0 0 0 0 0 4 0 0 0 0 0 0 0 0 0 0 0 28 0 0 0 5 0 0 0 0 0 0 0 4825 26285 722 0 0 134 40 0 13 584 0 0 0 0 0 619 0 0 0 629 602 621 603 0 0 0 4139 0 0
1 2 0 0 0 0 1 0 0 1 19 0 0 2 0 1 6 6 6 6 3 2 2 3 1 5 5 8 4 5 8 5 20 0 2 2 3 2 2 2 28 9 2 3 2 3 27 0 26 0 5 0 0 1 0 0 1 4 0 0 3 3 3 4 4 4 2 0 5 5 0 0 2 2 20 0 1 1 0 4 22 31 3 0 22 14 16 38 20 60 43 0 2 5 4 0 0 0 0 0 0 0 0 0 0 2 2 1 0 0 37 27 37 0 1 0 0 1 0 0 0 5 0 0 0 10 0 0 0 3 0 7 0 2 0 0 8 0 0 2 0 0 1 1 3 0 0 1 3 3 3 3 0 0 0 0 0 1
1 2 0 1 0 0 1 0 0 1 20 1 0 2 0 1 7 7 7 7 3 3 3 4 1 6 6 9 4 6 9 6 22 0 2 2 4 2 2 3 31 10 3 3 2 4 29 0 27 0 5 0 0 1 0 0 1 4 0 0 3 4 3 4 4 4 2 0 5 6 0 0 2 2 22 0 2 2 0 4 24 34 4 0 25 17 19 45 23 71 51 0 3 6 4 0 0 0 0 0 0 0 0 0 0 3 2 2 0 0 39 29 39 0 1 0 0 2 0 0 0 5 0 0 0 12 0 0 0 4 0 8 0 3 0 0 9 0 0 3 1 0 2 2 4 0 0 2 4 4 4 4 0 0 0 0 0 2
1 2 0 0 0 0 1 0 0 1 11 0 0 1 0 1 5 5 5 5 2 2 2 3 0 4 4 6 3 4 6 4 14 0 2 2 3 2 1 2 19 6 2 2 2 3 15 0 15 0 4 0 0 1 0 0 0 3 0 0 1 2 2 3 2 3 2 0 3 4 0 0 1 1 14 0 1 1 0 3 14 20 3 0 19 12 15 33 18 51 36 0 2 3 3 0 0 0 0 0 0 0 0 0 0 2 2 1 0 0 19 14 19 0 1 0 0 1 0 0 0 3 0 0 0 6 0 0 0 3 0 5 0 2 0 0 5 0 0 2 0 0 0 0 3 0 0 1 3 3 3 3 0 0 0 0 0 1
1 2 0 1 0 0 2 0 0 2 28 2 0 2 0 2 8 8 8 7 3 3 3 5 0 6 6 7 4 6 7 5 23 0 3 3 4 3 2 3 28 17 3 3 3 4 40 0 39 0 5 0 0 1 0 2 3 7 0 0 5 5 4 7 6 6 3 0 7 8 0 0 2 2 23 0 2 2 0 4 22 28 4 0 21 11 18 38 21 50 34 0 3 7 6 0 0 0 0 0 0 0 0 0 0 3 2 2 0 0 42 31 42 0 1 0 0 2 0 0 0 5 0 0 0 13 0 0 0 4 0 11 0 3 0 0 9 0 0 3 0 0 0 0 4 0 0 2 4 4 4 4 0 0 0 0 0 2
3 5 2 3 3 12 4 4 4 7 58 31 4 20 3 3 24 24 24 23 8 7 7 10 3 23 23 44 18 23 44 24 85 14 6 6 15 6 6 8 140 21 8 9 7 12 61 0 72 0 23 40 0 5 0 10 11 11 11 0 11 9 8 12 11 11 7 5 14 17 0 0 8 0 85 6 0 0 0 11 106 165 10 35 102 84 64 169 81 342 264 0 6 0 0 0 7 6 0 0 0 0 0 0 0 7 5 5 0 0 151 110 111 0 2 0 0 5 0 0 11 22 0 48 66 44 14 0 0 0 0 8 0 7 0 56 0 0 0 0 0 0 0 0 0 0 0 0 0 0 3 0 0 0 0 0 0 4
1 1 0 0 0 0 1 0 0 0 10 0 0 1 0 1 5 5 5 5 2 1 1 2 1 5 5 10 4 5 10 5 18 0 1 1 3 1 1 2 30 3 2 2 1 3 16 0 14 0 5 0 0 1 0 0 0 2 0 0 1 2 2 2 2 2 1 0 3 3 0 0 2 1 18 0 1 1 0 2 23 36 2 0 22 20 13 36 17 80 62 0 1 4 2 0 0 0 0 0 0 0 0 0 0 1 1 1 0 0 29 21 28 0 0 0 0 1 0 0 0 5 0 0 0 8 0 0 0 2 0 4 0 2 0 0 7 0 0 2 2 1 3 3 3 0 0 1 3 3 3 3 0 1 0 0 0 1
2 3 0 1 0 0 3 0 0 3 25 9 0 11 0 2 14 14 14 13 5 4 4 6 1 14 14 30 12 14 30 16 48 0 4 4 10 4 4 5 83 9 5 6 4 7 37 0 34 0 15 0 0 3 0 1 2 5 0 0 4 4 4 5 5 5 4 0 7 9 0 0 5 13 48 0 3 3 0 6 63 100 5 0 67 60 39 110 51 241 186 0 4 9 6 0 0 0 0 0 0 0 0 0 0 4 3 3 0 0 67 49 67 0 2 0 0 3 0 0 0 13 0 0 0 26 0 0 0 6 0 10 0 4 0 0 19 0 0 7 20 19 21 21 9 17 0 3 9 9 9 9 16 19 0 0 0 3
3 0 2 3 3 7 4 4 4 7 31 25 4 18 2 0 23 23 24 22 0 7 7 10 2 25 25 53 21 25 54 3 71 0 6 6 17 0 0 0 140 0 0 10 0 12 27 17 42 0 27 0 0 4 0 6 7 7 9 0 7 6 6 7 6 7 5 0 10 10 6 0 0 21 0 0 0 5 0 0 106 168 9 32 121 113 69 31 91 362 351 0 6 13 9 12 7 5 0 0 0 0 0 0 0 7 5 5 0 0 82 61 82 0 3 0 0 5 0 0 10 22 0 0 57 43 8 0 0 0 0 0 0 7 0 0 0 0 3 12 0 0 0 0 11 0 0 0 3 5 13 5 0 0 0 0 36 4
6 11 6 8 7 18 11 9 9 17 72 69 8 51 8 8 66 66 66 62 20 18 17 25 4 72 72 167 64 72 167 85 218 46 16 16 51 15 21 23 418 27 22 27 18 33 84 6 90 0 82 142 0 10 0 15 15 16 21 0 16 14 16 16 15 16 14 13 26 39 0 0 24 0 218 17 0 0 0 25 318 506 24 95 378 355 211 619 280 1 1103 0 16 0 0 0 19 12 0 0 0 0 0 0 0 18 12 12 0 0 201 150 162 0 5 0 0 13 0 0 26 66 0 141 182 122 31 0 0 0 0 32 0 19 0 0 0 0 0 0 0 0 0 0 32 0 0 0 0 8 35 10 0 0 0 0 0 10
4 8 4 6 5 15 8 7 7 13 63 59 6 43 7 6 54 54 55 51 16 14 14 21 4 61 61 141 53 61 141 71 184 38 12 13 42 11 17 18 356 22 18 22 14 27 71 0 78 0 68 120 0 9 0 13 13 13 18 0 13 12 13 14 13 14 12 10 22 33 0 0 20 0 184 13 0 0 0 21 270 431 19 80 317 298 176 518 234 1 928 0 12 0 0 0 15 10 0 0 0 0 0 0 0 13 9 9 0 0 182 135 142 0 3 0 0 10 0 0 21 55 0 118 153 102 26 0 0 0 0 24 0 15 0 0 0 0 0 0 0 0 0 0 23 0 0 0 0 0 27 1 0 0 0 0 0 7
2 3 2 2 2 4 3 2 2 5 16 16 2 12 2 2 16 16 16 15 5 4 4 6 1 17 17 38 15 17 38 20 50 11 4 4 12 4 5 6 94 7 5 7 5 8 0 0 13 0 19 33 0 3 0 4 4 4 3 0 3 3 4 4 4 4 3 0 6 9 0 0 5 0 50 3 0 0 0 6 72 114 6 22 87 81 49 143 65 325 252 0 4 0 0 0 5 3 0 0 0 0 0 0 0 4 3 3 0 0 43 32 3 0 1 0 0 3 0 0 6 15 0 33 29 22 4 0 0 0 0 0 0 5 0 9 0 0 0 0 0 0 0 0 0 0 0 0 0 0 0 0 0 0 0 0 0 3
5 8 4 6 6 18 9 7 7 13 82 63 6 44 7 6 54 54 54 51 17 15 14 21 5 59 59 131 50 59 131 67 188 36 13 13 40 12 16 18 350 28 17 22 14 27 99 9 105 0 64 112 0 10 0 15 16 17 20 0 17 14 15 18 16 17 13 13 25 35 0 0 20 0 188 18 0 0 0 21 266 421 20 81 296 271 169 487 222 1092 845 0 12 0 0 0 16 11 0 0 0 0 0 0 0 14 9 9 0 0 233 172 193 0 3 0 0 11 0 0 22 54 0 116 159 105 29 0 0 0 0 26 0 16 0 0 0 0 0 0 0 0 0 0 22 0 0 0 0 0 25 0 0 0 0 0 0 8
1 1 0 0 0 0 1 0 0 0 6 0 0 4 0 1 5 5 5 5 2 2 2 2 0 5 5 11 5 5 11 6 16 0 1 1 4 1 2 2 29 2 2 2 2 3 8 0 8 0 6 0 0 1 0 0 0 1 0 0 0 1 1 1 1 1 1 0 2 3 0 0 2 4 16 0 1 1 0 2 22 34 2 0 27 24 16 44 21 97 74 0 2 3 2 0 0 0 0 0 0 0 0 0 0 1 1 1 0 0 14 11 14 0 1 0 0 1 0 0 0 5 0 0 0 7 0 0 0 2 0 4 0 2 0 0 6 0 0 3 4 3 5 5 3 2 0 1 3 3 3 3 0 3 0 0 0 1
1 1 0 0 0 0 1 0 0 0 5 0 0 1 0 1 4 4 4 4 2 1 1 2 0 4 4 8 4 4 8 5 12 0 1 1 3 1 1 2 20 3 2 2 2 2 7 0 7 0 4 0 0 1 0 0 0 1 0 0 0 1 1 1 1 1 1 0 2 3 0 0 1 1 12 0 1 1 0 2 15 24 2 0 20 17 13 35 17 69 52 0 2 2 2 0 0 0 0 0 0 0 0 0 0 1 1 1 0 0 11 8 10 0 1 0 0 1 0 0 0 4 0 0 0 5 0 0 0 2 0 3 0 1 0 0 5 0 0 2 1 0 2 2 3 0 0 1 3 3 3 3 0 0 0 0 0 1
118 218 864 147 49 127 177 237 208 340 52 249 215 82 245 271 0 0 0 5 190 152 160 317 0 172 171 196 97 172 196 0 391 158 0 0 0 0 22 0 0 11 0 127 134 0 370 56 87 50 116 0 0 67 0 31 0 0 8 0 1 6 74 0 4 6 28 0 13 3 10 0 1437 97 388 0 0 32 160 6 7 1 5 3 1 1 2 1 1 1 1 0 10 15 0 0 3 9 234 12 51 40 0 67 0 100 81 93 39 0 0 201 0 0 0 0 0 222 0 0 198 0 0 2 681 302 0 194 0 0 0 782 0 0 487 248 0 286 98 125 322 321 323 321 139 322 315 23 103 112 146 112 322 323 0 0 0 0
7 10 33 20 29 19 197 35 35 15 10 555 38 44 468 9 1 2 1 25 1 5 2 0 23 350 349 262 152 350 261 389 190 779 2 2 2 50 2 3 633 12 0 0 6 42 10 11 0 0 168 25 0 96 0 87 30 31 40 18 31 66 68 31 55 39 192 43 111 47 154 0 886 53 190 64 264 300 310 288 478 386 296 514 1 2 5 1 67 7 8 346 14 0 0 0 59 659 116 430 196 1129 243 473 81 1270 488 493 418 129 198 145 198 0 0 0 1277 1129 0 0 0 0 0 49 212 531 0 0 0 0 1038 2755 0 93 0 0 0 891 742 0 1023 1022 1026 1021 751 1025 1016 254 731 738 767 733 1026 1027 1380 0 874 0
0 0 0 0 0 15 0 0 0 0 78 6504 0 0 120 0 0 0 0 12 234 245 257 19 0 5 6 3 0 5 3 2 0 402 0 1 17 33 0 0 2 72 0 0 0 0 0 86 117 0 1 0 0 3 0 16 0 1 0 0 0 2 108 1 2 1 7 0 1 1 0 0 300 0 1 0 9 10 0 2 6 1 5 0 0 15 0 0 0 0 0 0 29 1 0 0 0 12 0 0 0 0 0 0 0 0 0 0 0 0 180 585 180 0 81 0 0 69 0 0 566 0 0 493 0 28 0 2247 0 0 0 0 0 0 0 8 0 259 356 2797 369 367 373 368 349 370 351 0 267 287 371 285 371 373 155 0 0 0
0 0 0 0 0 0 0 0 0 0 0 0 0 0 0 0 0 0 0 0 0 0 0 0 0 0 0 0 0 0 0 0 0 0 0 0 0 0 0 0 0 0 0 0 0 0 0 0 0 0 0 0 0 0 0 0 0 0 0 0 0 0 0 0 0 0 0 0 0 0 0 0 0 0 0 0 0 0 0 0 0 0 0 0 0 0 0 0 0 0 0 0 0 0 0 0 0 0 0 0 0 0 0 0 0 0 0 0 0 0 0 0 0 0 0 0 0 0 0 0 0 0 0 0 0 0 0 0 0 0 0 0 0 0 0 0 0 0 0 0 0 0 0 0 0 0 0 0 0 0 0 0 0 0 0 0 0 0
