159
0 0 0 0 0 0 0 0 976 1087 373 301 853 449 0 2140 1 0 0 0 0 0 0 0 0 0 11 0 2 7 2 1789 58 2 58440 2 2 1 2 3 0 0 13 0 4 0 0 0 0 0 0 0 0 0 0 0 0 0 0 0 0 0 0 0 0 10 583 937 0 627 2622 119 0 4 4 3 17 0 0 1 1 45 0 0 0 0 0 0 0 0 1 0 0 68 0 0 0 0 0 0 0 0 0 0 0 0 0 0 0 0 0 0 3 0 0 0 6 11 0 0 0 0 0 0 0 0 0 0 0 0 0 0 0 0 0 0 0 4 0 0 0 0 0 0 0 0 0 0 0 0 0 0 0 0 0 0 0 0 0
0 0 975 0 0 0 0 0 30 5 0 2 12 3 0 0 0 0 0 0 0 0 0 0 0 0 0 0 0 0 0 0 3 0 0 1 0 0 0 0 0 0 0 0 0 0 0 0 2 0 6 7 0 0 6 6 3 6 7 6 0 6 6 7 6 0 0 0 0 0 0 0 0 0 0 0 0 0 0 0 0 0 0 0 0 0 0 0 0 0 0 0 0 0 0 0 0 0 0 0 0 0 0 0 0 0 0 0 0 0 0 0 0 0 0 0 1 0 0 0 0 0 0 0 0 0 0 0 0 0 0 0 0 0 0 0 0 0 0 0 0 0 0 0 0 0 0 0 0 0 0 0 0 0 0 0 0 0 0
0 0 0 0 1 0 0 0 544 33 47 280 554 199 372 0 10 0 0 0 0 0 0 0 0 0 0 0 0 0 0 1 6 0 0 1 0 0 0 0 0 0 0 0 0 0 0 0 2 0 8 9 0 0 8 8 4 9 9 7 4 8 8 9 8 0 0 0 0 0 0 0 0 0 0 0 0 0 0 0 0 0 0 0 0 0 0 0 0 0 0 0 0 0 0 0 0 0 0 0 0 0 0 0 0 0 0 0 0 0 0 0 0 0 0 0 1 0 0 0 0 0 0 0 0 0 0 0 0 0 0 0 0 0 0 0 0 0 0 0 0 0 0 0 0 0 0 0 0 0 0 0 0 0 0 0 0 0 0
0 25 21 0 7 11 0 680 7 15 5 83 12 21 1 0 16 0 0 0 0 1 0 0 0 0 5 0 0 0 0 0 10 0 0 1 995 919 0 0 0 0 0 0 0 0 0 0 3 0 13 15 0 0 0 13 27 14 15 12 0 14 13 14 13 9 0 0 0 56 184 76 0 12 0 0 0 0 0 0 0 0 0 0 0 0 0 0 0 0 0 0 0 0 0 0 0 0 0 0 0 0 0 0 0 0 0 0 0 0 0 0 0 0 0 0 11 18 0 1657 0 0 5 6 108 0 0 0 0 0 0 0 0 0 0 0 149 0 81 988 0 0 0 0 0 0 0 0 0 0 0 0 0 0 0 0 0 40 0
0 0 0 0 0 0 0 0 0 0 0 0 0 0 0 0 0 0 0 0 0 0 0 0 0 0 0 0 0 0 0 0 2 0 0 0 0 0 0 0 0 0 0 0 6 0 0 0 6 0 21 24 0 0 0 22 12 24 25 21 0 23 22 24 22 0 0 0 0 0 1 0 0 0 0 0 0 0 0 596 0 0 0 0 0 0 0 0 0 0 0 0 0 0 0 0 0 0 0 0 0 0 0 0 0 0 0 5 0 0 0 0 0 0 0 0 1 4 0 0 0 0 0 0 0 0 0 0 0 0 0 0 0 0 0 0 0 0 0 0 0 0 0 0 0 0 0 0 0 0 0 0 0 0 0 0 0 0 0
0 0 0 0 0 0 0 0 0 0 0 0 0 0 0 0 1 0 0 0 0 0 0 0 0 0 0 0 0 0 0 0 1 0 0 1172 0 0 0 0 0 0 0 0 0 0 0 0 49 110 185 212 0 0 211 194 109 210 214 1454 201 203 191 210 189 1 0 0 0 3 14 2 0 0 0 0 1 0 0 0 0 0 0 0 0 0 0 0 0 0 0 0 0 0 0 0 0 0 0 0 0 0 0 0 0 0 0 0 0 0 0 0 0 0 0 0 0 0 0 0 0 0 0 0 0 0 0 0 0 0 0 0 0 0 0 0 0 0 0 0 0 0 0 0 0 0 0 0 0 0 0 0 0 0 0 0 0 0 0
0 0 0 0 0 0 0 0 0 0 0 0 0 0 0 0 0 0 0 0 0 0 0 0 0 0 1 0 0 0 0 0 1 0 0 0 0 0 0 0 0 0 0 0 0 0 0 0 0 0 1 1 0 0 0 1 0 1 0 1 1 0 1 1 1 0 0 0 10 4 0 8 0 0 0 0 0 0 0 0 0 0 0 0 0 0 0 0 0 0 0 0 0 0 0 0 0 0 0 0 0 0 0 0 0 0 0 0 0 0 0 0 0 0 0 0 0 0 0 0 0 0 0 0 0 0 0 0 0 0 0 0 0 0 0 0 0 0 0 0 2 0 0 0 0 0 0 0 0 0 0 0 0 0 0 0 0 0 0
0 1 1 0 1424 0 183 0 4543 1161 1248 7297 1195 11236 654 0 36 0 0 0 0 68 0 0 0 105 474 16 0 0 0 1435 102 0 0 13 0 0 0 4 175 0 16 0 598 0 0 14 9 2 69 40 0 0 0 37 65 38 39 38 19 45 37 41 35 2 748 1220 0 48 12 116 0 0 0 2 16 0 0 0 0 37 0 0 0 0 0 0 0 0 1 0 0 0 177 0 0 0 0 0 0 0 0 0 0 0 0 0 0 0 0 0 742 0 0 0 21 0 0 0 0 0 0 0 0 0 0 0 0 0 0 0 109 0 0 0 0 64 0 0 0 770 772 772 770 771 0 0 0 756 0 0 0 0 0 0 21 156 0
0 0 0 0 0 0 0 0 0 4 2 113 0 175 0 200 1 0 0 0 0 0 0 0 0 0 10 0 51823 33 9 1795 59 0 0 0 0 0 2 3 1 0 715 0 2 0 0 0 0 0 0 0 0 0 0 0 0 0 0 0 0 0 0 0 0 55 1375 2211 0 193 770 139 0 0 3 2 16 0 0 0 0 44 0 0 0 0 0 0 0 0 2 0 0 0 0 0 0 0 0 0 0 0 0 0 0 0 0 0 0 0 0 0 0 0 0 0 38 10 0 0 0 0 0 0 0 0 0 0 0 0 0 0 0 0 131 0 0 0 0 0 0 0 0 0 0 0 0 0 0 0 0 0 0 0 0 0 0 0 0
0 0 0 0 0 0 0 0 0 0 0 2 5 1 0 8 315 0 0 0 0 18 0 0 0 9 127 0 0 41568 0 956 27 0 0 0 0 0 0 1 1 0 7 0 1 0 0 0 1 0 0 0 0 0 0 0 0 0 0 0 0 0 0 0 0 24 504 1181 0 58 270 166 0 2 2 1 9 0 0 1 1 24 1 1 1 0 0 0 0 0 1 0 0 0 0 0 0 0 0 0 0 0 0 0 0 0 0 0 0 0 0 0 1 0 0 0 34 15 0 0 0 0 0 0 0 11 0 0 0 0 0 0 0 0 3 0 0 0 0 0 0 0 0 0 0 0 43320 43323 0 0 0 0 0 0 0 1 0 0 0
0 5 0 0 1 2 0 0 0 0 0 18 8 3 0 78 2 0 0 0 0 0 0 0 0 0 3 0 0 1 56946 513 22 0 0 1 0 0 0 1 1 0 6 0 1 0 0 0 0 0 0 0 0 0 0 0 0 0 0 0 0 0 0 0 0 18 269 632 0 407 11067 138 0 4 1 1 5 0 0 0 0 13 0 0 0 0 0 0 0 0 0 0 0 0 0 0 0 0 0 0 0 0 0 0 0 0 0 0 0 0 0 0 0 0 0 0 11 52 0 366 0 0 0 17 1 0 0 0 0 0 0 0 4 0 0 0 8 0 0 0 0 0 0 0 0 0 0 0 0 0 0 0 0 0 0 0 0 0 0
0 0 0 0 0 0 0 0 0 0 0 0 0 0 0 543 0 0 0 0 0 0 0 0 0 0 0 0 0 0 0 0 2 0 0 0 0 0 0 0 0 0 0 0 0 0 0 0 0 0 0 0 0 0 0 0 0 0 0 0 0 0 0 0 0 0 0 0 0 0 0 0 0 0 0 0 0 0 0 0 0 0 0 0 0 0 0 0 0 0 0 0 0 0 0 0 0 0 0 0 0 0 0 0 0 0 0 0 0 0 0 0 0 0 0 0 0 0 0 0 0 0 0 0 0 0 0 0 0 0 0 0 0 0 0 0 0 0 0 0 0 0 0 0 0 0 0 0 0 0 0 0 0 0 0 0 0 0 0
0 0 0 0 0 0 0 0 450 0 0 332 0 40 4013 20 0 0 0 0 0 0 0 0 0 0 8 0 0 1 0 4806 52 0 0 0 0 0 0 3 0 103 11 0 0 0 0 0 0 0 0 0 0 0 0 612 0 0 0 0 0 0 0 0 0 0 814 2324 0 7326 19 2 0 0 1 1 17 0 0 0 0 38 0 0 0 0 0 0 0 0 1 0 0 0 0 0 0 0 0 0 0 0 0 0 0 0 0 0 0 0 0 0 0 0 0 0 0 0 0 0 0 0 0 0 0 0 0 0 0 0 0 0 0 0 0 0 0 0 0 0 155 0 0 0 0 0 0 0 0 0 0 0 0 0 0 0 0 0 0
0 0 0 0 0 0 0 0 0 0 0 104 0 0 0 46 89 0 0 0 0 2 0 0 0 0 11 0 0 0 0 0 3 20760 0 0 0 0 0 0 0 0 0 0 1 0 0 0 0 0 0 0 0 0 0 0 0 0 0 0 0 0 0 0 0 62 1 1 0 109 535 227 0 0 0 0 0 0 0 0 0 0 0 0 0 0 0 0 0 0 1 0 0 0 0 0 0 0 0 0 0 0 0 0 0 0 0 0 0 0 0 0 0 0 0 0 27 8 0 0 0 0 0 12 0 0 0 0 0 0 0 0 0 0 0 0 0 0 0 0 0 0 0 0 0 0 0 0 0 0 0 0 0 0 0 44 0 0 0
0 0 0 0 0 0 0 0 0 0 0 1 0 2 0 0 0 0 0 0 0 7 0 0 0 1 51 7 0 0 0 0 0 0 0 0 0 0 0 0 0 0 0 0 0 0 0 0 0 0 0 0 0 0 0 0 0 0 0 0 0 0 0 0 0 0 0 0 0 0 0 0 0 0 0 0 0 0 0 0 0 0 0 0 0 0 0 0 0 0 0 0 0 0 0 0 0 0 0 0 0 0 0 0 0 0 0 0 0 0 0 0 0 0 0 0 0 0 0 0 0 0 0 0 0 0 0 0 0 0 0 0 0 0 0 0 0 0 0 0 0 0 0 0 0 0 0 0 0 0 0 0 0 0 0 0 0 0 0
0 0 0 104 9 0 0 12 0 0 0 0 0 0 0 0 0 2 153 89 89 1 315 2 2 0 0 265 0 4 0 142 46 0 0 25 0 0 0 9 0 0 4 0 11090 0 0 13 47 0 16 5 0 0 0 5 10 10 4 5 0 3 5 6 4 12 0 0 0 7 10 52 0 0 85 2 9 0 0 0 0 4 0 0 0 0 0 1 0 0 0 0 0 18 0 0 0 0 0 0 0 0 0 0 0 0 0 10 0 0 3 0 14173 0 0 0 0 0 0 0 0 0 0 0 0 0 0 0 0 0 0 0 0 0 0 0 0 0 0 0 0 14710 14752 14717 14708 14750 0 0 0 14743 0 0 0 0 0 0 0 0 0
0 8 0 0 1 0 156 0 0 0 0 29 30 0 0 20 0 0 0 0 0 38 0 0 0 10 267 14 4 0 0 196 11 0 0 0 0 0 10388 0 0 0 0 0 5 0 0 0 0 0 1 0 0 0 0 0 52 1 0 0 0 1 0 0 0 34 106 242 0 48 88 210 0 12 0 2 5 0 0 0 0 5 0 0 0 0 0 0 0 0 0 0 0 0 155 0 0 0 0 0 0 0 0 0 0 0 0 0 0 0 0 0 0 0 0 0 0 0 0 509 0 0 0 0 2 0 0 0 0 0 0 0 0 0 0 0 0 13 0 0 0 0 0 0 0 0 0 0 0 0 0 0 0 0 0 84 67 0 0
1 5 5 5 3 5 0 1 1 4 10 2 1 3 1 0 0 0 0 0 0 0 0 0 0 0 0 0 0 0 0 0 1 0 0 0 0 0 0 0 5 1 5 0 6 1 30 5 0 0 0 0 0 0 0 0 0 0 0 0 0 0 0 0 0 0 0 0 0 0 4 1 0 1219 0 0 0 0 0 0 1 0 0 0 1 0 0 0 0 0 0 0 5 0 0 0 0 0 0 0 0 0 0 0 0 0 0 0 0 0 0 0 0 0 0 0 0 0 0 0 0 0 0 2 1 1 2 0 0 0 0 0 0 0 0 0 0 0 0 0 0 0 0 0 0 0 0 0 0 0 0 0 0 0 0 0 0 0 0
0 0 0 0 0 0 0 0 0 0 0 0 0 0 0 0 0 0 0 0 0 0 0 0 0 0 0 0 0 0 0 0 0 0 0 0 0 0 0 0 0 0 0 0 0 0 0 0 8 0 29 33 24 0 0 30 16 33 33 28 33 32 30 33 29 0 0 0 0 0 0 0 0 0 0 0 0 0 0 0 0 0 0 0 0 0 0 0 0 0 0 0 0 0 0 0 0 0 0 0 30761 0 0 0 0 0 0 0 0 0 0 0 0 0 0 0 0 0 0 0 0 0 0 0 0 0 0 0 0 0 0 0 0 0 0 0 0 0 0 0 0 0 0 0 0 0 0 0 0 0 0 0 0 0 0 0 0 0 0
0 0 0 1 1 0 2 8 1 1 0 1 0 1 0 0 40 0 92 0 282 0 0 0 0 0 2 0 15 11 15 324 12 18 15 13 12 16 14 24 3 0 5 0 1 28 0 1 22 0 1 0 0 0 0 1 5 0 0 2 0 0 0 0 0 8 177 397 0 9 9 10 0 60 97 1 0 0 0 0 16 8 3 10 59 0 0 4 0 5 0 2 23 0 2 0 20087 0 0 0 0 0 0 0 0 0 0 0 3 4 0 1 13 0 0 12 1 14 0 1 0 0 0 0 4 0 10 0 0 0 0 0 0 0 0 0 0 0 1 0 0 0 0 0 0 0 6 7 0 0 0 0 0 3 2 0 0 0 0
0 0 0 0 0 0 0 0 0 0 0 0 0 0 0 0 0 0 0 0 0 0 0 0 0 0 0 4 0 0 0 1 0 0 0 0 0 0 0 0 0 0 0 0 0 0 0 0 61 232 231 265 266 246 223 242 136 262 267 226 265 254 239 263 236 0 0 1 0 0 0 0 0 1 0 0 0 0 0 0 0 0 0 0 0 0 0 0 0 0 0 0 0 0 0 0 0 0 0 0 0 0 0 0 0 0 0 0 0 0 0 0 0 0 0 0 0 0 0 0 0 0 0 0 0 0 0 0 0 0 0 0 0 0 0 0 0 0 0 0 0 0 0 0 0 0 0 0 0 0 0 0 0 0 0 0 0 0 0
0 0 0 0 0 0 0 0 0 0 0 0 0 0 0 0 0 0 0 0 0 0 0 0 0 0 0 0 0 0 0 0 0 0 0 0 0 0 0 0 0 0 0 0 0 0 0 0 0 0 0 0 0 0 0 0 0 0 0 0 0 0 0 0 0 0 0 0 0 0 0 0 0 0 0 0 0 0 0 0 0 0 0 0 0 0 0 0 0 0 0 0 0 0 0 0 0 0 0 0 0 0 0 0 0 0 0 0 0 0 0 0 0 0 0 0 0 0 0 0 0 0 0 0 0 0 0 0 0 0 0 0 0 0 0 0 0 0 0 0 0 0 0 0 0 0 0 0 0 0 0 0 0 0 0 0 0 0 0
0 0 0 0 0 0 0 0 0 0 0 0 0 0 0 0 0 0 0 0 0 0 0 0 0 0 0 0 0 0 0 0 0 0 0 0 0 0 0 0 0 0 0 0 0 0 0 0 47 0 0 0 0 0 0 0 0 0 0 0 0 0 0 0 0 0 1 1 0 0 0 0 0 0 0 0 0 0 66 0 0 0 0 0 0 0 0 0 0 0 0 0 0 0 0 0 0 0 0 0 0 0 0 0 0 0 0 0 0 0 0 0 0 0 0 0 0 0 0 0 0 0 0 0 0 0 0 0 0 0 0 0 0 0 0 0 0 0 0 0 0 0 0 0 0 0 0 0 0 0 0 0 0 0 0 0 0 0 0
0 0 0 0 0 0 0 0 0 0 0 0 0 0 0 0 0 0 0 0 0 0 0 0 0 0 0 0 0 0 0 0 2 0 0 0 0 0 0 0 0 0 0 0 817 0 0 0 0 0 0 0 0 0 0 0 0 0 0 0 0 0 0 0 0 0 0 0 0 0 0 0 16 12 51 57 19 10 0 89837 0 0 0 0 0 0 0 0 0 0 0 0 0 0 0 0 0 0 0 0 0 0 0 0 0 0 0 818 0 0 1 0 0 0 0 0 0 0 0 0 0 0 0 0 0 0 0 0 0 0 0 0 0 0 0 0 0 0 0 0 0 0 0 0 0 0 0 0 0 0 0 0 0 0 0 0 0 0 0
0 0 0 0 0 0 0 0 0 0 0 0 0 0 0 0 0 0 0 0 0 0 0 0 0 0 0 0 0 0 0 2 5 0 0 0 0 0 0 0 1 0 0 0 1 0 0 0 0 0 0 0 0 0 0 0 24 0 0 0 0 0 0 0 0 20 1 3 3 17 1 38 10 11 31 60 59 11 0 0 0 0 0 69382 0 0 18 0 0 0 0 0 1 0 0 0 0 0 0 0 0 0 0 0 0 0 0 0 0 0 1 0 0 0 0 0 0 0 0 0 0 0 0 0 0 0 0 0 0 0 0 0 0 0 0 0 0 0 0 0 0 0 0 0 0 0 0 0 0 0 0 0 0 0 0 0 0 0 0
2 10 22 5 9 4 0 0 7 0 3 10 2 4 0 118 0 0 0 0 0 0 0 0 0 0 0 0 0 0 0 60 0 0 0 0 0 0 0 0 19 0 0 0 11 0 0 1192 1 0 2 0 0 0 0 1 6 0 0 1 0 0 1 0 2 0 62 134 11 3 1 9 0 0 9 14 693 2208 1 0 2 5 1 0 4 0 0 0 0 0 0 0 0 0 0 0 0 0 0 0 0 0 0 0 0 0 0 0 0 0 0 0 0 0 0 0 0 0 0 0 0 0 0 0 0 0 1 0 0 0 0 0 0 0 0 0 0 0 0 0 0 0 0 0 0 0 0 0 0 0 0 0 0 0 0 0 0 0 0
0 2 1 0 0 0 0 0 0 0 0 20 0 0 0 120 0 0 0 0 0 0 0 0 0 43023 0 38420 0 0 0 95 0 0 0 0 0 0 0 0 42 0 0 0 0 0 0 1171 65 0 802 0 0 0 0 15 0 710 0 17 0 0 48 85 48 0 119 161 0 2 1 5 2 1189 762 329 430 5886 67 1 3 16 1 1 3 32 1 0 1 0 0 0 0 0 0 0 0 0 0 0 0 0 0 0 0 0 0 0 0 0 0 0 0 28 2405 0 0 0 0 0 0 0 0 0 0 0 1 0 0 0 0 0 0 0 0 0 0 0 0 0 0 0 0 0 0 0 0 0 0 0 0 0 0 0 0 0 0 0 0
2 18 24 10 22 6 6 0 28 9 20 20 11 16 0 0 0 0 0 0 0 0 0 0 0 0 0 0 0 0 0 795 27 0 0 2 0 0 0 1 11 0 8 0 7 0 0 5 6 0 4 0 0 0 0 4 76 0 0 7 0 0 10 0 10 1 428 982 0 54 7 124 0 17 102 109 0 81 0 1 1 20 0 7 0 0 0 0 0 0 0 0 0 0 5 0 0 0 0 0 0 0 0 0 0 0 0 0 0 0 0 0 15 0 0 0 0 0 0 0 0 0 0 0 0 0 0 0 0 0 0 0 0 0 0 0 0 0 0 0 0 0 0 0 0 0 0 0 0 0 0 0 0 0 0 0 0 0 0
0 13 11 2 4 6 0 281 0 1 2 42 3 6 0 3 0 0 0 0 0 1 0 0 0 3 7 0 0 0 0 0 0 0 0 0 0 0 0 0 0 0 0 0 0 0 0 0 0 0 0 0 0 0 0 0 0 0 0 0 0 0 0 0 0 0 0 0 0 17 75 16 0 0 0 0 0 0 0 0 0 0 0 0 0 0 0 0 0 0 0 0 0 0 0 0 0 0 8 0 0 0 0 4 0 0 0 0 0 0 0 0 0 0 0 0 0 0 0 849 0 0 3 0 0 0 0 0 0 0 0 0 74 0 0 0 0 0 0 405 0 0 0 0 0 0 0 0 0 0 0 0 0 0 0 0 0 82 0
0 6 3 1 1 3 0 233 0 0 0 19 0 2 0 0 1 0 0 0 0 1 0 0 0 1 4 0 0 0 0 0 0 0 0 0 0 0 0 0 0 0 0 0 0 0 0 0 0 0 0 0 0 0 0 0 0 0 0 0 0 0 0 0 0 0 0 0 0 24 109 45 0 0 0 0 0 0 0 0 0 0 0 0 0 0 0 0 0 0 0 0 0 0 0 3 0 3 40 2 0 0 0 16 0 0 0 0 0 0 0 0 0 0 0 0 1 0 0 350 0 0 1 0 1 0 0 0 0 0 0 0 254 0 0 0 107 0 0 393 0 0 0 0 0 0 8650 8652 0 0 0 0 0 0 0 0 0 254 0
0 5 4 0 1 3 0 168 0 1 0 19 1 2 0 1 1 0 0 0 0 0 0 0 0 1 1 0 0 0 0 0 0 0 0 0 0 0 0 0 0 0 0 0 0 0 0 0 0 0 0 0 0 0 0 0 0 0 0 0 0 0 0 0 0 0 0 0 0 25 487 14 0 0 0 0 0 0 0 0 0 0 0 0 0 0 0 0 0 0 0 0 0 0 0 16 0 7 82 4 0 0 0 32 0 0 0 0 0 0 0 0 0 0 0 0 0 0 0 329 0 0 0 0 0 0 0 0 0 0 0 0 0 0 0 0 24 0 0 232 0 0 0 0 0 0 0 0 0 0 0 0 0 0 0 0 0 2 0
0 0 0 0 0 0 110 0 0 0 0 1 0 0 0 0 0 0 0 0 0 0 0 0 0 0 0 0 0 0 0 0 0 0 0 0 0 0 0 0 0 0 0 0 2 0 0 0 0 0 0 0 0 0 0 49 0 0 0 0 0 0 0 0 0 0 0 0 0 589 6 8 0 0 0 0 0 0 0 0 0 1 0 0 0 0 0 0 0 0 0 0 0 0 0 0 0 2 66 2 0 0 0 29 0 0 0 0 0 0 0 0 0 0 0 0 0 0 0 0 0 0 3 0 0 0 0 0 0 0 0 0 0 0 0 0 0 0 0 0 138 0 0 0 0 0 0 0 41 0 42 45 41 49 49 0 0 0 0
0 0 0 0 0 0 0 0 0 0 0 0 0 0 0 0 0 0 0 0 0 12 0 0 0 9 73 0 1 0 1 74 0 132 0 0 0 0 135 0 0 0 0 0 0 0 0 0 0 0 0 0 0 0 0 16 0 0 0 0 0 0 0 0 0 0 0 0 0 191 18 4 0 0 164 0 0 20 0 0 0 0 0 0 0 0 0 0 0 0 0 0 0 0 0 0 0 6 49 2 0 0 0 37 0 0 5 6 6 8 0 0 0 0 0 0 0 0 0 0 0 0 1 0 0 0 0 0 0 0 0 0 7 0 0 0 0 0 0 0 0 0 0 0 0 0 0 0 1119 0 1120 1122 1119 1125 1124 0 0 0 0
0 9 7 1 2 4 0 1151 1 137 1 76 1 0 0 51 12 0 0 0 0 17 0 0 0 21 115 5 171 41 135 27 0 0 1 2 0 1830 94 0 5 0 0 0 0 0 0 0 0 0 0 0 0 0 0 6 151 0 0 0 0 0 0 0 0 17 1 0 0 360 852 551 0 0 0 1 4 0 0 0 0 0 0 0 0 0 1 0 0 0 0 0 10 31 0 0 0 0 10 0 0 0 0 14 0 0 7 7 8 8 0 0 0 16 0 0 18 0 0 519 0 0 2 0 1 0 0 0 0 1 0 0 0 0 0 0 76 0 0 1713 0 0 0 0 0 0 29 31 668 0 669 675 668 681 680 0 0 0 0
0 18 16 3 5 8 2 1848 0 3 4 58 6 9 1 13 5 0 0 0 0 4 0 0 0 3 28 1 0 0 0 0 0 0 0 0 2852 830 0 0 2 0 0 0 0 0 0 0 0 0 0 0 0 0 0 0 0 0 0 0 0 0 0 0 0 6 0 0 31 96 425 96 0 8 0 0 0 0 0 0 0 0 0 0 0 0 0 0 0 0 0 0 2 0 2 0 0 0 16 0 0 0 0 9 0 0 0 0 2 2 0 0 0 0 0 0 6 0 0 1216 0 0 0 2 3 0 5 0 0 0 0 0 97 0 0 0 183 0 95 2866 0 0 0 0 0 0 0 0 0 0 0 0 0 0 0 842 1 288 11
0 0 0 0 0 0 0 0 41 9 0 1133 0 1788 0 0 0 0 0 0 0 0 0 0 0 1 4 0 22 8 18 449 15 0 0 0 0 0 247 10 0 0 1 0 0 0 0 0 0 0 0 0 0 0 0 1 0 0 0 329 0 0 0 0 0 0 233 544 0 21 9 28 0 0 0 1 4 0 0 0 0 0 0 0 0 0 0 0 0 0 0 0 0 0 0 0 0 0 0 0 0 0 0 0 0 0 0 0 0 0 0 0 0 0 0 0 0 0 0 0 0 0 0 0 0 0 0 0 0 0 0 0 0 0 0 0 0 0 0 0 0 0 0 0 0 0 0 0 0 0 0 1 0 5 4 0 0 0 0
0 99 80 0 23 43 432 7728 36561 50070 49800 12340 37050 17563 2304 185 1003 0 0 0 0 6 0 0 0 15 191 45 1052 100 918 25681 831 1156 0 674 0 8173 422 38 450 0 191 0 29 975 0 11 110 1 20 2 0 0 0 151 269 1 0 770 1 4 148 2 172 0 7052 31199 380 1615 2413 982 0 29 66 1515 230 178 39 7 0 336 3 5 3 0 6 3 0 1 25 0 7 48 428 20 0 40 161 21 0 0 1 122 45 0 14 13 18 20 1 0 0 1003 0 0 8326 0 0 6330 0 0 3 0 9 101 0 3 0 0 0 0 746 88 942 0 271 607 0 11860 0 0 0 0 0 0 349 352 2186 0 2187 2192 2186 2197 2196 0 1525 739 0
0 88 73 0 24 39 0 11 38 14 20 279 25 56 2 13 981 0 0 0 0 15 0 0 0 19 103 7 7 8 14 11 42 0 0 4 0 0 121 2 0 0 0 0 0 0 0 0 0 0 0 0 0 0 0 0 0 0 0 0 0 0 0 0 0 0 0 0 0 19 71 29 0 0 0 0 0 0 0 0 0 0 0 0 0 0 0 0 0 0 0 0 9 0 0 0 0 24 37 10 0 0 2 69 33 0 27 26 28 28 0 0 0 0 11 0 0 376 0 5616 0 0 3 0 9 143 0 0 0 0 0 0 182 0 0 0 0 0 0 0 0 0 0 0 0 0 0 0 0 0 0 0 0 0 0 403 0 413 19
0 14 12 2 4 6 2 537 0 1 2 43 2 7 0 10 0 0 0 0 0 48 0 0 0 46 344 12 17 2 11 1475 0 0 0 0 0 0 0 2 0 0 10 0 0 0 0 0 0 0 0 0 0 0 0 1 0 0 0 1 0 1 0 0 0 0 777 1821 0 41 152 77 0 0 3 2 14 0 0 0 0 36 0 0 0 0 0 0 0 0 0 0 28 0 2 79 0 46 333 26 0 0 1 177 0 0 36 34 36 36 0 0 0 0 0 0 0 0 0 816 0 0 2 0 1 67 0 0 0 1 0 0 0 0 0 0 108 1 0 820 0 0 0 0 0 0 0 0 0 0 0 0 0 0 0 0 0 58 0
0 0 0 0 0 0 0 0 0 0 0 0 0 0 0 0 0 0 0 0 0 0 0 0 0 0 1 0 0 0 0 0 0 0 0 0 0 0 0 0 0 0 0 0 0 0 0 0 0 0 0 0 0 0 0 0 0 0 0 0 0 0 0 0 0 0 0 0 0 0 0 0 0 0 0 0 0 0 0 0 0 0 0 0 0 0 0 0 0 0 0 0 0 0 0 0 0 2 18 1 0 0 1 7 0 0 17 16 18 18 0 14 0 0 0 0 0 0 0 0 0 0 0 0 0 0 0 0 0 0 0 0 0 0 0 0 0 0 0 0 0 0 0 0 0 0 0 0 0 0 0 0 0 0 0 0 0 0 0
4 2 2 4 3 12 34061 0 0 0 0 343 2209 2 7 393 116 0 0 0 0 1 0 0 0 0 0 0 4 9 1 135 114 0 0 27 0 3 1 5 0 22931 5786 81 830 0 0 46 1 0 114 10 0 0 0 8 19 2 0 21 8 22 11 11 0 0 3727 276 2524 288 1199 2315 257 130 14 19 0 61 0 0 0 10 0 0 24 0 54 3 0 172 70 62 476 1284 34051 0 0 0 0 0 0 0 0 0 0 0 0 0 0 0 0 0 26 666 0 0 0 0 0 0 0 0 30 0 24 0 0 0 0 0 0 0 0 0 0 0 0 2 0 0 23956 20 89 30 12 78 0 0 0 103 0 0 0 0 0 201 84 24 0
115 105 66 179 66 187 846 80 19 25 42 121 0 7 52 39 269 0 252 137 137 317 369 0 0 521 2200 86 45 24 27 418 133 59 2 47 50 57 46 7 0 0 1273 219 114 0 0 1059 75 0 19 2 0 0 0 7 130 2 0 13 2 12 10 2 11 1335 1177 774 315 133 168 328 96 408 413 104 167 264 80 2 2 23 3 52 262 0 1534 182 0 445 86 81 384 0 848 0 0 0 154 75 0 75 32 283 177 162 48 57 52 53 1 46 0 159 0 355 211 193 210 201 0 0 3 206 119 257 92 0 110 0 0 0 3434 0 0 205 497 80 381 24 2228 0 0 0 0 0 0 0 41 0 42 48 42 54 53 0 393 3177 0
0 3 2 1 1 1 46 0 0 0 0 1 0 0 62 0 6 0 0 0 0 210 0 0 0 213 1293 0 1 1 0 16 4 1 0 0 0 1 0 0 0 0 0 0 40 0 0 85 6 0 2 0 0 0 0 2 5 0 0 2 0 3 3 0 1 0 18229 7 0 29 100 75 0 0 657 27 0 0 0 0 0 0 0 0 0 0 0 0 0 0 80 0 63 0 42 0 0 3 0 1 0 0 3 10 0 0 393 377 395 396 1 326 0 0 0 0 0 0 0 0 0 0 0 0 1 0 0 0 0 0 0 0 0 0 0 0 0 43 0 0 0 0 0 0 0 0 0 0 0 0 0 0 0 0 0 0 0 0 0
0 2 2 7 4 2 3 27 418 91 0 269 16 136 6 520 74 4 21 10 12 320 0 0 0 360 2237 32 63 20 49 1476 111 52 0 14 9 30 193 27 0 0 719 0 33905 0 0 30 53 91 108 99 0 0 39 107 57 97 0 107 99 103 121 99 124 54 1237 1812 0 30 126 193 0 106 1517 337 71 48 0 6 78 39 0 51 72 0 5 5 0 4 0 118 389 1112 3 0 0 0 0 0 0 0 0 0 0 0 0 1 0 0 7 0 43291 70 1142 48 102 34 8 34 0 0 247 27 24 0 0 0 0 0 0 895 244 0 0 0 31 20 10 0 19 45069 45072 45071 45069 45068 3 4 0 45056 0 0 0 0 0 0 74 580 0
0 0 0 0 0 0 89 0 0 0 0 9 5 0 0 0 0 0 0 0 0 12 0 0 0 0 42 0 3 7 0 0 44 4 0 3 0 2 2 59 0 0 0 0 0 0 0 0 0 0 0 0 0 0 0 0 0 0 0 0 0 0 0 0 0 419 0 0 0 6 7 22 0 0 0 0 0 0 0 0 0 0 0 0 0 0 495 0 0 0 10 0 0 0 79 0 0 0 0 0 0 0 0 0 0 0 0 0 0 0 0 0 0 0 0 0 0 0 0 0 0 0 0 0 0 0 0 0 0 0 0 0 0 0 0 0 0 0 0 0 0 0 0 0 0 0 0 0 0 0 0 0 0 0 0 0 0 0 0
10 14 8 393 48 182 776 69 2 1 43 174 95 6 61 201 144 0 0 0 0 510 0 0 0 471 3511 5278 131 61 98 322 344 2313 16 106 0 1803 703 904 170 678 1464 1680 2118 0 13601 1000 402 2 249 12 0 0 0 286 523 100 0 350 10 92 568 27 649 2071 1035 373 884 886 2938 1612 0 2328 4662 5631 2240 5 110 0 1 16 294 38 61 0 2603 151 0 393 208 0 116 1496 776 0 0 135 87 101 0 0 94 157 128 209 215 207 230 235 10 157 0 24054 0 0 7827 0 0 219 0 0 494 0 121 146 0 0 0 123 360 129 460 4 1041 0 331 339 0 0 907 0 0 0 0 0 4 12 456 0 460 465 455 476 474 589 241 328 1
1 6 4 110 148 7 163 227 7 9 10 72 25 12 28 327 40 0 465 109 109 264 363 0 1 445 1835 525 287 80 214 365 153 312 23 44 172 96 131 47 73 1418 621 45 2237 0 0 1339 63 0 42 3 0 0 0 25 267 10 0 27 2 14 32 5 32 549 559 421 565 837 2296 799 0 448 478 299 134 237 57 0 0 27 0 0 173 0 593 307 0 268 49 0 115 504 163 8 665 437 346 171 0 146 87 659 505 336 93 100 97 98 9 89 6 1315 0 530 634 0 0 0 0 0 47 0 175 273 0 0 0 537 882 0 671 215 11513 0 868 1091 0 223 1551 0 0 0 0 0 43 51 23 0 26 29 20 37 36 2642 1116 567 0
0 0 0 0 0 0 1 0 0 0 0 1 0 0 0 0 0 0 0 0 0 0 0 0 0 0 0 0 0 0 0 7 0 0 0 0 0 0 0 0 0 0 0 0 1 0 0 0 2195 0 0 0 0 0 0 0 3 0 0 0 0 0 0 0 0 0 40 82 0 3 0 6 0 0 21 0 0 0 3147 0 7 815 2 0 156 0 0 0 0 0 0 0 0 0 0 0 0 0 0 0 0 0 0 0 0 0 0 0 0 0 0 0 0 0 0 0 0 0 0 0 0 0 0 0 0 0 0 0 0 0 0 0 0 0 0 0 0 0 0 0 0 0 0 0 0 0 0 0 0 0 0 0 0 0 0 0 0 0 0
0 0 0 0 0 0 0 0 0 0 0 0 0 0 0 0 0 0 0 0 0 0 0 0 0 0 0 0 0 0 0 6 1 0 0 949 0 0 0 0 0 0 0 0 0 0 0 0 0 0 0 0 0 0 0 0 0 0 0 0 0 0 0 0 0 0 9 0 0 3 0 6 0 0 0 0 0 0 0 0 0 0 0 0 7 0 0 0 0 0 0 0 0 0 0 0 0 0 0 0 0 0 0 0 0 0 0 0 0 0 0 0 0 0 0 0 0 0 0 0 0 0 0 0 0 0 0 0 0 0 0 0 0 0 0 0 0 0 0 0 0 0 0 0 0 0 0 0 0 0 0 0 0 0 0 0 0 0 0
100 61 32 43 61 0 17 0 24 24 25 12 118 13 2 162 107 0 52 33 0 1 315 1 6 1224 0 375 4 1 0 2 7 0 0 1 0 4 0 1 9 19 6 0 2 0 1 3 8 0 28 0 0 16 0 0 0 0 0 20 0 0 0 22 0 0 2 0 0 2 3 5 0 39 6 22 18 14 0 1 6 10 2 0 14 0 0 4 0 82 1 0 53 8 4 0 0 0 0 0 0 0 0 0 0 0 0 9 0 0 0 0 0 8 257 0 0 0 0 0 0 4644 0 0 94 97 0 186 0 0 33 0 0 0 824 0 196 121 0 0 20 0 0 0 0 0 0 0 0 0 0 0 0 0 0 505 0 34 14
0 0 0 0 0 0 0 0 0 0 0 0 0 0 0 0 0 0 0 0 0 0 0 0 0 0 0 0 0 0 0 0 0 0 0 0 0 0 0 0 0 0 0 0 0 0 0 0 0 0 0 0 0 0 0 0 0 0 0 0 0 0 0 0 0 0 0 0 0 0 0 0 0 0 0 0 0 0 0 0 0 0 0 0 0 0 0 0 0 0 0 0 0 0 0 0 0 0 0 0 0 0 0 0 0 0 0 0 0 0 0 0 0 0 0 0 0 0 0 0 0 0 0 0 0 0 0 0 0 0 0 0 0 0 0 0 0 0 0 0 0 0 0 0 0 0 0 0 0 0 0 0 0 0 0 0 0 0 0
0 0 0 0 0 0 0 0 0 0 0 0 0 0 0 0 0 0 0 0 0 0 0 0 0 0 0 33 0 0 0 0 0 0 0 0 0 0 0 0 0 0 0 0 0 0 0 0 572 2445 2152 0 2379 2445 1544 2169 1088 1199 2449 2104 2422 2258 2195 2443 2040 0 0 0 0 0 0 0 0 2 2 2 14 6 0 0 0 0 0 0 0 0 0 2 0 0 0 0 0 0 0 0 0 0 0 0 0 0 0 0 0 0 0 0 0 0 0 0 0 0 0 0 0 0 0 0 0 0 0 0 25 0 0 0 0 0 0 0 0 0 0 0 1338 0 0 0 0 0 0 0 0 0 0 0 0 0 0 0 0 0 0 0 0 0 0
336 302 130 959 714 103 426 559 32 53 89 116 166 159 112 520 9 0 0 1 0 89 577 0 1 108 620 298 14 7 7 42 29 86 3 13 46 36 37 17 394 65 6 11 43 19 7 5 75 82 101 0 0 99 0 26 0 0 72 110 60 0 89 103 0 0 14 25 0 76 34 125 0 137 177 236 63 55 53 2 156 84 69 0 144 61 32 19 0 96 4 0 31 31 413 0 0 0 0 0 39 0 3 4 45 11 0 18 0 0 0 0 2530 19 0 0 0 0 0 0 0 0 0 0 19 0 0 0 0 23 0 0 131 0 72 0 39 28 0 45 66 5 18 10 4 13 0 0 2 0 8 13 2 22 21 21 17 202 0
19619 10682 6886 3989 9400 11750 82 1294 1022 718 1054 1811 6024 2646 9 24219 37766 0 43 17 0 2 2317 5 6 0 11 6257 115 50 46 1973 224 832 255 467 502 70 424 148 92 14 58 662 84 271 58 46 111 0 164 0 0 0 0 0 0 0 0 36 0 0 26 22 0 0 2831 2335 0 168 152 65 0 19 3538 463 551 1847 115 13 443 252 314 123 2714 168 2 16 680 118 14 0 121 408 69 0 0 0 0 0 7798 0 0 0 0 0 0 74 0 0 1 0 52 290 1472 448 156 0 0 135 156 1797 0 2621 1302 0 715 0 0 59 283 278 0 47 3388 0 228 324 0 494 10 27 39 32 26 34 0 0 0 22 0 0 0 5 3 287 205 0 1
0 0 0 85 27 0 56 43 0 0 1 13 5 1 11 8 1 0 76 41 0 0 21410 0 3 438 6 1225 21 9 7 453 172 101 9 151 57 42 49 24 157 120 74 0 2232 1648 551 92 830 892 843 0 815 902 0 1143 1969 0 886 1221 870 818 1598 909 1594 0 239 540 1316 1101 171 2382 0 4426 6126 8134 1779 1839 233 25 1560 839 659 56 1167 0 6 3 0 1 27 0 25 127 43 0 0 0 0 0 30868 0 0 0 0 0 0 690 0 0 2 0 3334 1697 0 0 0 0 0 0 0 0 0 14614 558 0 0 0 0 7 0 0 17 0 0 0 5 14 0 52 114 2777 2789 2782 2776 2784 0 0 3 2772 10 15 4 24 22 5 0 87 0
0 0 0 0 0 0 0 0 0 0 0 0 0 0 0 0 0 0 0 0 0 0 0 0 0 0 0 0 0 0 0 0 0 0 0 0 0 0 0 0 0 0 0 0 0 0 0 0 19 60 71 0 0 42 0 0 0 0 53 69 41 0 48 78 0 0 0 0 0 0 0 0 0 0 0 0 0 0 0 0 0 0 0 0 0 0 0 0 0 0 0 0 0 0 0 0 537 476 411 184 0 89 112 510 0 0 109 106 111 111 0 43 0 0 0 0 0 0 0 0 0 0 0 0 0 0 0 0 0 0 0 0 0 0 0 0 0 0 0 0 0 0 0 0 0 0 0 0 0 0 0 0 0 0 0 0 0 0 0
0 0 0 0 0 0 6 0 0 0 1 4 2 2 1 0 0 0 0 0 0 24 0 0 0 0 160 0 3 3 1 44 20 0 0 140 0 6 19 0 0 0 0 0 9 0 0 0 87 169 161 0 66 166 0 126 0 0 0 157 160 114 152 175 64 77 17 3 0 11 10 19 0 0 825 0 3 0 57 0 0 0 20 0 417 0 409 3 0 42 6 0 17 0 1 0 0 0 0 6 7 0 10 38 0 0 2827 2708 2824 2829 6 2731 0 0 0 0 0 0 0 0 0 0 0 0 0 0 0 0 0 4 0 0 0 0 0 0 0 0 0 6 0 0 0 0 0 0 0 0 0 0 0 0 0 0 0 0 0 0 5
0 0 0 0 0 0 0 0 0 0 0 0 0 0 0 0 0 0 0 0 0 0 0 0 0 0 0 17 0 0 0 0 0 0 0 0 0 0 0 0 0 0 0 0 0 0 0 0 287 1212 1082 0 1140 1112 311 1051 458 0 1216 1057 1197 1084 1090 1228 950 0 0 0 0 0 0 0 0 2 1 1 0 3 0 0 0 0 0 0 0 0 0 1 0 0 0 0 0 0 0 0 0 0 0 0 0 0 0 0 0 0 0 0 0 0 0 0 0 0 0 0 0 0 0 0 0 0 0 0 0 0 0 0 0 0 0 0 0 0 0 0 0 0 0 0 0 0 0 0 0 0 0 0 0 0 0 0 0 0 0 0 0 0 0
0 0 0 0 0 0 582 0 0 0 0 4 38 0 0 0 0 0 0 0 0 0 0 0 0 0 8 0 28 56 4 893 465 66 7 48 9 43 37 2 732 3 126 65 269 16 16 0 7 9 27 0 0 26 0 0 1266 0 0 27 0 0 1 31 0 7537 532 1094 1265 1030 49 2293 0 5 5 5 21 8 12 8 18 34 13 0 18 0 7979 5 0 1 115 0 0 15 569 0 0 0 0 0 0 0 0 0 0 0 601 576 601 601 6 597 0 0 0 0 0 0 0 0 0 0 0 0 0 0 0 0 0 0 0 0 0 0 0 0 0 0 0 0 0 0 0 0 0 0 0 0 0 0 0 0 0 0 0 0 0 0 0
0 0 0 0 0 0 0 0 0 0 0 0 0 0 0 0 0 0 0 0 0 0 0 0 0 0 0 0 0 0 0 0 0 0 0 0 0 0 0 0 0 0 0 0 0 0 0 0 1 0 0 0 0 0 0 0 0 0 0 0 0 0 0 0 0 0 0 0 0 0 1 0 0 0 0 0 0 0 0 0 0 0 0 0 0 0 0 3 0 0 0 0 29 0 0 0 0 0 0 0 0 0 0 0 0 0 0 0 0 0 0 0 0 0 0 0 0 0 0 0 0 0 0 0 0 0 0 0 0 0 0 0 0 0 0 0 0 0 0 0 0 0 0 0 0 0 0 0 0 0 0 0 0 0 0 0 0 0 0
12 5 0 21 2 0 0 0 1 2 3 4 5 6 4 14 124 0 0 0 0 0 0 0 0 0 0 0 5 1 1 3 3 1 0 1 0 0 0 0 0 0 0 0 0 0 0 21 10 22 38 0 0 37 0 0 0 0 12 37 0 0 12 43 0 0 0 0 0 0 0 0 0 0 0 0 0 0 0 0 0 0 0 0 0 0 0 0 0 0 0 0 0 0 0 0 0 0 0 0 0 0 0 0 0 0 0 0 0 0 0 0 0 0 0 0 0 0 0 0 0 0 0 0 12 0 0 0 0 1 0 0 0 0 0 0 0 1 0 0 0 0 0 0 0 0 0 0 0 0 0 0 0 0 0 38 0 0 2
0 0 0 0 0 0 2 0 0 0 0 0 0 0 0 0 0 0 0 0 0 133 0 0 0 71 906 1 0 0 0 3 1 0 0 0 0 0 0 23 0 0 0 0 0 0 0 277 28 82 91 0 2 80 0 21 0 0 75 93 63 0 75 103 0 0 8 12 0 4 1 11 0 31 46 67 15 8 0 0 18 10 6 0 0 0 0 0 101 0 0 0 0 0 0 13 1577 136 371 182 1845 47 174 630 0 0 0 0 0 0 0 0 13 0 0 0 0 0 0 0 0 0 0 0 0 0 0 0 0 0 0 0 0 0 0 0 0 0 0 0 0 0 0 0 0 0 0 0 0 0 0 0 0 0 0 0 0 0 0
0 0 0 0 0 0 0 0 0 0 0 0 0 0 0 0 0 0 0 0 0 0 0 0 0 0 0 0 0 0 0 0 0 0 0 0 0 0 0 0 0 0 0 0 0 0 0 22 6 5 24 0 0 0 0 0 0 0 0 23 0 0 0 23 0 0 0 0 0 0 0 0 0 0 0 0 0 0 0 0 0 0 0 0 0 0 0 0 0 0 0 0 0 0 0 0 0 0 0 0 0 0 0 0 0 0 0 0 0 0 0 0 0 0 0 0 0 0 0 0 0 0 0 0 0 0 0 0 0 0 0 0 0 0 0 0 0 0 0 0 0 0 0 0 0 0 0 0 0 0 0 0 0 0 0 0 0 0 0
0 0 0 0 0 0 0 0 0 0 0 0 0 0 0 0 0 0 0 0 0 1 0 0 0 1 0 0 0 0 0 7 1 0 0 0 0 0 0 0 0 0 0 0 2 0 0 86 6 0 0 0 0 0 0 0 0 0 0 2 0 0 0 0 0 0 9 8 0 3 0 7 0 9 19 39 11 6 0 0 0 0 0 0 6 0 3 0 0 0 0 0 0 0 0 0 0 0 0 14 1 0 18 0 0 0 0 0 0 0 0 0 0 0 0 0 0 0 0 0 0 0 0 0 0 0 0 0 0 0 0 0 0 0 0 0 0 0 0 0 0 0 0 0 0 0 0 0 0 0 0 0 0 0 0 0 0 0 0
0 0 0 0 0 0 0 0 0 0 0 0 0 0 0 0 0 0 0 0 0 0 0 0 0 0 0 0 1 2 0 18 13 2 0 1 0 1 1 0 1 0 0 0 11 0 0 363 39 133 136 0 37 96 0 72 0 0 128 136 117 50 122 149 0 46 18 36 0 13 1 30 0 5 89 0 69 0 0 3 23 26 30 0 19 0 250 0 0 0 1 0 0 0 0 0 0 0 0 0 0 0 0 0 0 0 0 0 0 1 0 0 0 0 0 0 0 0 0 0 0 0 0 0 0 0 0 0 0 0 0 0 0 0 0 0 0 0 0 0 0 0 0 0 0 0 0 0 0 0 0 0 0 0 0 0 0 0 0
0 0 0 0 0 0 47 0 0 0 0 12 3 0 27 0 0 0 0 0 0 0 0 0 0 0 0 0 53 243 3 20 3386 0 0 945 14 76 107 49 633 0 955 0 0 0 0 1531 32 270 3922 331 24 468 399 258 0 57 0 660 284 839 375 408 0 0 56 0 82 39 52 95 28412 0 0 3 5 0 22 8 86 77 0 0 80 0 372 81 183 215 158 0 0 116 47 0 0 0 0 0 0 0 0 0 0 0 0 1 0 0 3 0 0 468 0 0 0 0 0 0 0 0 0 0 0 0 0 0 0 0 0 0 0 0 0 0 0 0 0 0 0 0 0 0 0 0 0 0 0 0 0 0 0 0 0 0 0 0 0
0 381 867 83 83 137 0 0 0 0 0 0 0 0 0 325 0 0 0 0 0 0 0 0 0 0 0 0 0 1 0 324 17 0 0 0 0 1 0 1 0 0 0 0 4 0 0 0 0 0 1 1 0 0 0 1 0 1 0 1 0 0 0 0 0 0 0 0 0 6 0 12 0 0 1 0 3 0 0 0 0 5 26 0 0 0 0 0 0 0 0 0 0 0 0 0 0 0 0 0 0 0 1 0 0 0 2 5 10 13 0 0 0 0 0 0 0 0 0 0 0 0 0 0 0 0 0 0 0 0 0 0 0 0 0 0 0 0 0 0 0 0 0 0 0 0 0 0 0 0 0 0 0 0 0 0 0 0 0
0 4058 13219 3242 2866 6959 0 0 0 0 0 29 0 0 109 207 0 0 0 0 0 0 0 0 0 0 0 0 3 8 1 2078 108 6 1 0 0 13 0 4 0 0 0 0 25 0 0 0 287 6 5 6 0 0 0 5 0 6 0 5 5 0 4 0 0 732 695 0 0 35 1 78 0 11 7 3 21 0 0 8 0 47 195 7 2 0 764 0 0 0 10 0 0 0 0 0 36 0 0 1 0 0 13 11 0 0 70 78 77 98 0 0 0 0 0 0 0 0 0 0 0 0 0 0 0 0 0 0 0 0 0 0 0 0 0 0 0 0 0 0 0 0 0 0 0 0 0 0 0 0 0 0 0 0 0 18 0 72 0
1502 1989 3244 1419 1915 2314 0 446 288 764 189 209 292 251 120 239 104 0 278 70 80 11 734 35 0 0 6 317 358 80 256 1003 248 174 0 2469 0 643 206 771 0 0 329 3059 1216 0 0 12208 1394 1569 1382 1571 1436 1545 0 1486 2762 1562 0 1431 1572 1497 1488 1551 1446 0 903 1681 0 1664 357 3129 0 3210 2186 748 106 3692 1338 277 4299 1812 755 0 2544 671 4 625 161 512 60 49 1324 0 0 0 906 0 0 0 0 0 470 52 61 41 1432 1403 1425 1437 3 1274 1446 0 0 275 0 0 0 0 0 0 37 0 58 250 0 0 0 14 0 113 0 0 1603 0 80 176 0 296 0 1546 1555 1548 1545 1551 70 74 255 1546 256 259 254 264 263 322 254 0 254
0 0 0 0 0 0 0 0 0 0 0 0 0 0 0 0 0 0 2 0 0 0 0 1 0 0 0 0 0 0 0 0 0 0 0 0 0 0 0 0 0 0 0 0 0 0 0 0 0 0 0 0 0 0 0 0 0 0 0 12 0 0 0 0 0 0 0 0 0 0 0 0 0 0 0 0 0 0 0 0 0 0 0 0 0 0 0 0 0 0 0 0 0 0 0 0 0 0 0 0 0 0 0 0 0 0 0 0 0 0 0 0 0 0 0 0 0 0 0 0 0 0 0 0 0 0 0 0 0 0 0 0 0 0 0 0 0 0 0 0 0 0 0 0 0 0 0 0 0 0 0 0 0 0 0 0 0 0 0
0 0 0 0 0 0 0 0 0 0 0 0 0 0 0 0 0 0 0 0 0 0 0 0 0 0 0 0 0 0 0 0 0 0 0 0 0 0 0 0 0 0 0 0 0 0 0 0 0 0 0 0 0 0 0 0 0 0 0 0 0 0 0 0 0 0 0 0 0 0 0 0 0 0 0 0 0 0 0 0 0 0 0 0 0 0 0 0 0 0 0 0 0 0 0 0 0 0 0 0 0 0 0 0 0 0 0 0 0 0 0 0 0 0 0 0 0 0 0 0 0 0 0 0 0 0 0 0 0 0 0 0 0 0 0 0 0 0 0 0 0 0 0 0 0 0 0 0 0 0 0 0 0 0 0 0 0 0 0
0 0 0 0 0 0 0 0 0 0 0 0 0 0 0 0 0 0 0 0 0 0 0 0 0 0 0 0 0 0 0 0 0 0 0 0 0 0 0 0 0 0 0 0 0 0 0 0 0 0 0 0 0 0 0 0 0 0 0 0 0 0 0 0 0 0 0 0 0 0 0 0 0 0 0 0 0 0 0 0 0 0 0 0 0 0 0 0 0 0 0 0 0 0 0 0 0 0 0 0 0 0 0 0 0 0 0 0 0 0 0 0 0 0 0 0 0 0 0 0 0 0 0 0 0 0 0 0 0 0 0 0 0 0 0 0 0 0 0 0 0 0 0 0 0 0 0 0 0 0 0 0 0 0 0 0 0 0 0
58 17 11 558 425 124 529 757 15 19 70 352 127 3 391 487 259 16 340 68 70 1 211 0 0 1760 0 515 450 193 301 781 1244 693 89 553 782 2975 663 132 0 0 7127 756 559 1073 623 1561 754 424 1409 355 335 229 260 497 1189 335 386 624 440 645 550 474 516 0 4611 745 1792 1385 1362 1857 0 4276 680 1283 2936 830 284 5 444 405 28 0 2279 462 4054 2369 866 2189 415 1412 1918 3223 526 0 0 128 46 110 0 101 54 331 104 145 543 541 553 559 22 514 76 2247 1942 1460 37 0 0 108 0 274 1840 0 178 428 0 0 0 19 0 0 993 0 2364 0 165 78 0 907 0 57 64 60 57 61 78 81 567 51 569 573 566 578 577 196 113 941 0
0 1 1 0 0 0 64 109 0 0 0 177 11 0 296 60 0 0 0 0 0 0 0 0 0 0 0 0 14 4 7 6 60 168 0 15 0 1462 58 1 0 0 49 0 53 0 0 45 37 0 44 0 0 0 0 36 145 0 0 46 3 0 71 0 0 3 0 0 0 187 234 459 0 0 16 703 44 0 0 0 0 0 0 0 0 0 0 139 0 1375 351 0 235 1650 64 0 0 0 0 0 0 0 0 0 0 0 0 0 0 0 0 0 0 0 0 197 7 0 0 0 0 0 0 0 3 0 0 0 0 0 0 0 0 0 348 0 0 4 0 0 16 0 0 0 0 0 0 0 8 0 10 15 6 23 21 0 0 0 0
0 2 1 0 0 1 0 3 0 0 0 28 0 1 17 0 0 0 0 0 0 0 0 0 0 0 0 0 1 1 1 2 0 0 0 3 0 1 0 0 0 0 0 0 7 0 0 0 1 0 1 0 0 0 0 0 0 0 0 5 0 0 0 0 0 1 0 0 0 2 12 17 0 0 0 0 174 0 0 0 0 0 0 0 0 0 0 0 0 1224 0 0 0 0 0 0 0 0 0 0 0 0 0 0 0 0 10 88 65 98 0 0 0 0 240 0 1 0 0 0 0 0 0 0 40 0 0 0 0 0 0 0 0 0 0 0 0 0 0 0 0 0 0 0 0 0 0 0 0 0 0 0 0 0 0 31 0 0 0
0 0 0 0 0 0 0 0 0 0 0 4 0 0 0 0 0 0 0 0 0 0 0 0 0 0 0 0 0 0 0 0 1 0 0 0 0 0 0 0 0 0 0 0 1 0 0 0 86 0 0 0 0 0 0 74 22 0 0 81 0 0 152 0 118 0 0 0 0 0 0 0 0 0 75 0 147 0 0 0 0 0 0 0 0 0 0 0 0 0 0 0 0 0 0 0 0 0 0 0 0 0 0 0 0 0 0 0 0 0 0 0 0 0 0 0 0 0 0 0 0 0 0 0 0 0 0 0 0 0 0 0 0 0 0 0 0 0 0 0 0 0 0 0 0 0 0 0 0 0 0 0 0 0 0 0 0 0 0
0 0 0 0 0 0 0 0 0 0 0 2 0 0 0 0 0 5 85 32 35 6 0 0 0 0 0 967 0 0 0 0 17 0 0 0 0 0 0 0 24 0 125 0 57 0 0 144 0 0 21 0 0 0 0 0 0 11 0 0 0 0 1 0 0 0 0 0 0 0 0 1 0 0 0 0 0 8971 0 0 0 0 0 0 0 0 0 0 0 0 0 0 0 0 0 0 0 0 0 0 0 0 0 0 0 0 15 16 16 17 4 0 0 0 0 0 0 0 0 0 0 0 0 0 0 0 0 0 0 0 0 0 0 0 0 0 0 0 0 0 0 0 0 0 0 0 0 0 0 0 0 0 0 0 0 19 0 0 0
203 84 315 100 77 30 0 48 49 80 44 105 77 9 78 19 32 4 106 45 45 0 0 0 0 0 0 0 2 4 1 37 0 3 0 85 0 3 0 1 0 0 55 0 64 0 0 211 682 0 5 0 0 0 0 160 150 0 0 190 1 0 325 0 293 402 33 36 0 92 48 138 0 1205 3460 3170 0 0 0 0 917 9 0 0 795 0 365 62 0 334 82 0 57 135 0 0 7 0 140 91 0 20 83 361 287 292 40 43 43 45 4 0 10 352 4861 0 0 0 0 0 0 0 0 0 0 0 0 0 0 0 0 0 68 0 0 0 0 32 0 0 0 0 5 0 0 0 0 0 29 0 32 35 26 44 43 0 0 0 6703
0 6 6 139 5 7 10 41 10 5 2 529 38 5 793 123 23 29 1187 248 279 0 0 0 0 0 0 852 19 5 1 9 74 1 0 58080 0 2 3 1 63 0 82 179 125 0 0 0 20155 1 74 5 0 0 0 9 0 17 0 263 5 19 17 3 16 0 324 220 0 65 478 317 0 233 329 276 605 1977 0 9 0 0 0 0 8558 21468 0 764 2041 1346 911 2253 7655 4808 10 0 0 0 0 0 0 0 0 0 0 0 0 0 0 0 25 0 0 0 8035 582 0 0 0 0 0 0 6 0 53 0 0 0 0 0 0 0 0 0 0 0 0 0 0 0 0 0 0 0 0 0 0 0 0 0 0 0 0 0 0 0 0 0 0
0 1 2 0 0 1 0 24 8 0 0 495 28 0 104 0 1 0 0 0 0 0 0 0 0 0 0 0 2 0 1 0 12 0 1 2 0 0 0 0 5 0 24 0 84 22 0 0 0 0 1 0 0 0 0 0 102 0 0 1 1 0 0 0 0 0 0 0 0 77 241 395 0 84 339 55 111 26 0 0 0 0 0 0 1290 0 0 0 0 1580 112 0 0 5272 0 0 0 0 0 0 0 0 0 0 0 0 0 3 0 0 0 0 0 4 0 0 0 0 0 0 0 0 0 0 0 0 0 0 0 0 0 0 0 0 0 0 0 0 0 0 0 0 0 0 0 0 0 0 0 0 0 0 0 0 0 0 0 0 0
0 0 0 0 0 0 0 59 1 0 0 75 4 0 104 0 1 0 0 0 0 0 0 0 0 0 0 0 19 4 10 5 19 45 0 43 77 79 15 42 11 0 18 0 91 0 451 0 41 0 9 1 0 0 0 1 45 0 0 22 1 0 1 1 0 0 2 0 0 127 331 194 0 226 1309 80 63 0 47 62 0 512 0 0 10384 724 0 793 0 922 92 57 298 737 0 0 0 0 0 0 0 0 0 0 0 0 0 0 0 0 1 0 0 0 0 179 0 0 0 0 0 0 1 0 1 0 0 0 0 0 0 0 0 0 0 0 0 0 0 24 0 0 0 0 0 0 0 0 0 0 0 0 0 1 0 0 0 0 0
0 0 0 0 0 0 6 0 0 0 0 3 0 0 1 0 0 0 0 0 0 0 0 0 0 0 0 0 0 0 0 0 6 0 0 102 0 0 0 0 0 0 0 0 5 0 0 0 185 0 0 0 0 0 0 0 23 0 0 1 0 0 0 0 0 0 0 0 0 55 10 123 0 202 99 6 6 0 284 77 0 0 0 0 653 0 0 8 0 57 0 0 0 2 3 0 0 478 0 0 0 0 0 0 0 0 0 0 0 0 0 0 0 0 0 0 0 0 0 0 0 0 0 0 0 0 0 0 0 0 0 0 0 0 0 0 0 0 0 0 0 0 0 0 0 0 0 0 0 0 0 0 0 0 0 0 0 0 0
0 0 0 0 0 0 0 0 0 0 0 2 0 0 82 0 1 0 0 0 0 0 0 0 0 0 0 0 0 1 0 0 12 0 0 3 0 0 0 0 0 0 10 27 16 0 82 0 10 0 11 1 0 0 0 1 0 0 0 34 1 0 1 1 0 4 0 0 0 21 54 43 0 13 13 37 38 2 10 49 0 46 0 0 673 250 1 120 0 543 102 18 131 0 0 0 0 0 0 0 0 0 0 0 0 0 0 0 0 0 0 0 0 0 0 0 0 0 0 0 0 0 0 0 0 0 0 0 0 0 0 0 0 0 0 0 0 0 0 0 0 0 0 0 0 0 0 0 0 0 0 0 0 0 0 0 0 0 0
0 0 1 0 0 0 9 10 3 0 0 210 12 0 191 0 1 0 0 0 0 0 0 0 0 0 0 0 2 3 0 0 44 0 0 113 0 1 1 1 29 0 161 0 51 0 4 33 56 84 119 88 71 0 0 80 61 84 79 93 88 91 80 88 63 7 80 0 46 85 404 168 121 132 747 80 171 213 33 2 8602 2826 9998 0 224 870 1 1136 933 2489 222 38 260 2207 9 143 3218 2550 1320 633 6 592 585 2417 1626 1565 0 0 0 0 0 0 0 0 0 0 0 0 0 0 0 0 0 0 0 0 0 0 0 0 0 0 0 0 0 0 5 0 0 0 0 0 0 0 0 0 0 0 0 0 0 0 0 0 0 0 0 0 0
0 0 0 0 0 0 0 1 1 0 0 58 3 0 575 0 15 0 0 0 0 0 0 0 0 0 0 0 2 0 1 1 3 0 0 1 0 0 0 0 0 0 110 0 11 0 0 0 0 0 0 0 0 0 0 0 0 0 0 113 0 0 0 0 0 0 81 0 0 35 170 66 0 15 293 23 31 0 0 0 0 0 0 0 0 0 4 470 0 623 629 2856 0 0 0 0 0 0 0 0 0 0 0 0 0 0 0 0 0 0 0 0 0 0 0 0 0 0 0 0 0 0 0 0 0 0 0 0 0 0 0 0 182 0 0 0 0 0 0 0 0 0 0 0 0 0 0 0 0 0 0 0 0 0 0 0 0 454 3
378 469 100 186 749 296 11 227 6 3 344 376 282 8 317 504 171 8 4843 1107 1138 1 869 3 4 3441 0 104 202 63 143 115 204 270 1 749 191 2389 221 23 20 615 50 2075 259 477 13 307 1654 38 158 55 0 0 55 72 186 49 46 110 54 70 56 58 51 1456 34 65 0 542 586 674 0 1050 1335 97 174 1072 0 109 0 60 0 0 7863 0 1438 750 201 1047 399 843 0 2870 11 0 650 848 805 387 0 359 171 1480 1134 931 654 635 697 710 9 458 124 907 6787 351 220 0 0 0 0 0 2852 76 184 78 0 0 0 0 0 0 363 0 0 0 283 0 0 202 790 90 107 93 85 92 26 29 339 100 345 350 342 358 356 94 42 300 0
17 95 97 126 76 46 0 29 10 9 9 13 17 14 171 1396 244 4 71 9 17 1 0 3 0 813 0 0 1 2 0 0 9 0 0 411 0 0 0 1 0 0 449 0 0 0 0 17 89 0 0 0 0 0 0 8 0 0 0 298 0 2 17 0 0 0 178 0 0 9 11 11 0 711 838 172 218 0 101 0 1107 0 0 0 0 0 0 0 0 0 205 0 0 0 0 0 88 1767 1275 629 11 303 423 1070 716 988 0 0 0 0 2 0 741 0 0 0 0 0 0 0 0 0 0 0 13 415 0 0 0 0 0 2 0 0 0 0 0 0 0 0 0 643 694 650 629 654 0 0 0 677 0 0 0 0 0 0 0 0 0
0 0 0 0 0 0 0 0 0 0 0 0 0 0 0 0 0 0 0 0 0 0 0 0 0 0 0 0 1 1 0 3 3 0 0 0 0 0 0 0 0 0 11 0 10 0 0 0 0 0 0 0 0 0 0 0 0 0 0 0 0 0 0 0 0 0 0 0 0 341 1394 108 0 0 1 8 15 0 0 0 0 0 0 0 0 0 0 0 565 0 0 0 0 0 0 0 0 0 0 0 0 0 0 0 0 0 0 0 0 0 0 0 0 0 0 0 0 0 0 0 0 0 0 0 0 0 0 0 0 0 0 0 3 0 0 0 0 0 0 0 0 0 0 0 0 0 0 0 0 0 0 0 0 0 0 0 0 0 0
305 222 608 172 459 136 139 200 32 132 74 186 136 231 315 652 92 4 1702 991 994 1 1687 5 5 878 0 1013 73 21 49 152 54 215 1 433 158 214 93 104 87 507 79 1509 130 332 251 1072 92 5 93 43 2 0 31 43 68 59 26 92 43 0 42 46 40 0 146 221 0 103 137 164 0 295 245 67 291 261 0 43 3051 1204 6 0 432 0 2 0 0 0 165 0 1120 155 134 31 0 7114 1476 851 0 845 1626 3242 2407 2436 118 164 127 130 6 38 91 485 0 0 0 0 0 0 227 0 632 302 196 980 0 491 17 68 152 0 182 0 0 0 137 23 0 120 612 83 88 85 82 86 10 12 86 81 87 89 86 93 92 409 252 77 1
0 0 1 0 0 0 2 4 0 0 0 79 5 0 2007 3 7 0 0 0 0 6 0 0 0 3 40 15 2 1 1 3 6 1 0 2 0 2 1 1 0 0 2 0 52 0 0 1 3 0 0 0 0 0 0 0 0 0 0 30 0 0 0 0 0 0 3 1 0 521 2200 312 0 0 0 46 74 0 0 0 0 0 0 0 0 0 6 8258 1787 0 2307 0 800 687 0 0 0 0 0 0 0 0 0 0 0 0 0 0 0 3 0 0 0 6 0 0 0 12 0 0 0 0 228 0 4 0 0 0 0 0 0 0 5 0 478 0 252 0 0 0 0 0 0 0 0 0 0 0 0 0 0 0 0 0 0 41 53 0 0
0 5 1 4 3 0 1 0 0 0 0 3 0 0 18 18 0 0 51 29 30 136 106 0 0 348 943 6 3 3 4 3 29 0 0 26 0 1 0 4 0 0 0 2 0 0 0 16 48 0 21 2 0 0 0 2 0 1 0 21 2 8 4 2 0 0 0 0 0 10 41 8 0 0 68 22 70 0 0 0 0 1 0 0 0 0 0 148 0 0 0 0 315 0 1 0 0 0 0 0 0 0 0 0 0 0 0 6 1 4 0 0 0 0 0 0 3 0 0 0 0 0 282 0 11 0 0 0 0 0 0 0 0 0 0 0 50 0 0 0 0 0 0 0 0 0 0 0 0 0 0 0 0 0 0 0 8 0 0
2 21 22 40 22 13 225 48 13 6 4 267 48 9 210 1275 98 0 0 0 0 1 0 4 5 1303 1 1460 544 26 55 309 185 68 2 169 61 101 28 102 0 0 139 0 168 226 69 123 213 199 309 239 225 197 231 228 173 258 182 290 239 264 239 242 237 640 89 55 0 83 198 299 0 1292 108 257 1038 583 0 20 0 37 0 0 0 0 746 1 754 52 197 0 459 2669 222 383 0 69 405 27 20 77 52 822 32 0 275 265 280 281 2 146 66 395 0 12525 0 0 0 29 0 3250 15 287 295 1060 628 73 0 29 55 0 316 0 0 0 288 0 0 3 0 62 64 65 63 63 0 0 0 49 0 0 0 0 0 421 184 284 0
1 1 0 2 1 0 1 1 0 0 0 1 0 0 0 14 197 0 0 0 0 23 0 0 0 0 144 0 8 0 0 3 1 0 0 3 0 0 0 14 0 0 0 0 2 0 0 1 7 0 6 7 0 0 0 6 0 7 7 0 6 6 6 7 6 2 1 1 0 1 6 7 0 0 0 7 4 0 0 0 0 0 0 0 1 13 8 0 0 0 0 0 0 0 1 0 0 2 0 0 0 0 0 0 0 0 0 0 0 2 0 0 0 0 0 0 281 0 0 0 0 0 2 2787 602 1818 0 0 0 0 0 0 3 0 3 0 487 0 0 0 0 0 0 0 0 0 0 0 0 0 0 0 0 0 0 0 0 0 0
0 6 5 6 3 37 15 30 6 1 0 424 25 1 97 0 129 1 922 200 202 141 740 2 2 512 977 341 22 7 12 12 31 0 0 37 0 57 59 14 0 2680 400 0 6 0 0 9 73 0 17 1 0 0 0 3 6 9 0 6 2 7 4 3 4 0 266 8 53 34 263 239 0 0 205 72 199 0 0 0 0 0 3 0 16 0 208 160 0 0 81 0 157 0 15 0 279 155 207 107 0 78 61 413 320 126 31 63 39 43 1 7 0 111 191 0 0 0 0 206 0 0 397 121 115 0 0 1250 0 71 0 0 647 75 5577 0 140 118 0 28 3734 0 0 0 0 0 0 0 0 0 0 0 0 0 0 17 150 605 0
10 36 23 7 15 21 1 0 0 0 0 0 3 0 0 0 0 0 0 0 0 0 0 0 0 0 1 0 0 0 0 16 4 0 0 0 0 71 0 0 0 0 0 0 0 0 0 57 3 0 13 14 0 0 0 13 0 14 0 12 14 24 12 14 12 0 69 158 6 3 4 6 0 0 247 1 548 200 0 280 0 0 0 0 409 0 0 0 0 2 0 0 0 0 0 0 21 0 93 66 0 1 46 268 216 221 44 49 62 67 0 0 0 0 0 0 0 0 0 0 0 0 0 0 0 0 0 0 0 0 0 0 0 0 0 0 0 0 0 4 0 0 0 0 0 0 0 0 0 0 0 0 0 0 0 0 0 0 0
84 37 16 43 57 26 214 65 68 155 45 94 174 125 45 75 25 0 811 471 471 2 1038 7 3 626 0 740 16 0 0 47 46 68 41 410 0 28 0 0 230 180 82 102 243 352 0 131 156 216 225 216 208 215 215 103 190 226 215 208 216 0 223 214 224 883 88 79 128 94 76 168 149 213 404 301 2227 191 350 7 170 1001 205 0 169 4 167 71 0 147 37 0 58 44 175 0 0 0 0 0 0 0 0 0 1571 1610 0 33 0 0 1 0 196 357 0 0 22 12 0 0 0 0 26 0 25 6 0 0 0 2 0 0 0 0 675 0 50 38 41 4 145 237 241 239 237 239 0 1 15 235 16 18 15 20 20 43 34 41 133
120 52 23 62 81 37 299 94 98 224 65 136 250 180 65 105 36 0 596 0 471 2 1038 10 5 889 0 1066 30 19 25 118 83 108 75 613 36 37 57 10 316 129 81 148 349 454 0 219 458 310 323 310 252 309 309 0 114 324 301 299 310 0 321 293 322 1273 105 0 0 54 99 51 118 297 577 409 3204 0 509 10 245 1449 297 0 244 0 0 101 68 205 53 4 81 0 0 0 0 0 0 0 0 0 0 0 2267 2325 1992 1938 1994 1994 6 762 0 246 0 0 0 17 0 0 71 0 18 0 35 0 0 0 19 0 0 0 0 0 513 0 67 20 60 0 0 288 321 293 281 300 0 0 8 319 12 16 7 26 25 0 0 0 133
6 3 1 3 4 2 15 5 5 11 3 7 12 9 3 9 3 0 591 343 343 27 756 1 0 46 190 53 0 0 0 0 0 2 1 26 0 0 0 0 16 35 0 7 18 0 0 11 23 16 16 16 11 16 16 0 14 16 16 15 16 0 16 14 16 64 7 7 12 7 5 12 0 15 29 21 166 11 25 1 12 0 15 0 12 0 0 5 0 7 3 0 0 0 15 0 0 0 0 0 0 0 0 0 0 0 0 24 0 0 0 0 0 0 0 0 0 1 0 0 4 0 2 1 2 0 0 0 0 0 0 0 0 0 286 0 0 0 3 0 0 0 0 0 0 0 0 0 0 0 0 0 0 0 0 0 0 0 97
26 11 5 13 18 8 66 20 21 48 14 29 54 39 14 27 8 0 29 17 17 118 15 2 1 195 820 231 0 0 0 0 0 0 0 74 0 0 0 0 71 0 18 32 76 0 0 47 99 67 70 67 54 67 67 0 33 70 67 65 67 0 70 63 70 275 27 21 11 29 23 52 0 66 127 94 694 0 110 2 54 313 64 0 53 0 0 22 0 43 11 0 12 0 0 0 0 0 0 0 0 0 0 0 490 502 0 1 0 0 0 0 79 0 0 0 0 4 0 0 15 0 8 6 8 0 0 0 0 0 0 0 0 0 0 0 0 0 11 0 0 51 61 55 50 55 0 0 0 46 0 0 0 2 1 0 0 0 5
3 1 1 2 2 1 8 2 3 6 4 4 7 5 2 3 1 0 1 1 1 14 0 0 0 24 98 28 0 0 0 0 0 1 0 14 0 0 0 0 9 0 0 4 9 0 0 6 12 8 8 8 2 8 8 0 0 8 8 8 8 0 8 0 8 33 3 0 1 4 3 6 0 8 15 11 84 0 13 0 6 840 8 0 6 0 0 3 0 4 1 0 1 0 0 0 0 0 0 0 0 0 0 0 59 61 0 0 0 0 0 0 9 0 0 0 0 0 0 0 2 0 1 1 1 0 0 0 0 0 0 0 0 0 0 0 0 0 1 0 0 0 0 0 0 0 0 0 0 0 0 0 0 0 0 0 0 0 0
6 3 1 3 4 2 16 5 5 12 3 7 13 10 3 6 2 0 0 201 201 28 443 0 0 47 197 56 2 1 1 6 5 6 4 32 0 1 1 0 16 79 6 6 19 21 0 12 24 16 17 16 0 0 0 10 0 17 13 16 16 0 17 0 17 65 7 6 4 7 6 13 2 16 31 23 174 15 27 0 13 76 15 0 13 2 0 5 2 11 3 0 4 4 14 0 0 0 0 0 0 0 0 0 120 123 160 167 160 160 0 150 16 28 0 0 0 0 0 0 4 0 2 1 2 1 0 0 0 0 0 0 0 0 296 0 3 0 2 0 75 18 18 18 18 18 0 0 0 16 0 1 0 1 1 0 3 3 57
30 13 6 15 20 9 74 23 24 56 111 34 62 45 16 28 8 0 1 0 0 131 0 3 1 220 907 264 7 4 5 28 24 27 18 152 12 13 11 2 79 0 26 36 87 54 0 54 114 77 80 77 73 77 77 0 57 80 77 74 77 0 79 60 80 316 31 32 53 34 25 57 0 75 144 103 797 0 126 1 61 360 74 0 61 0 0 25 0 51 13 0 20 0 0 0 0 0 0 0 0 0 0 0 564 578 26 25 26 26 0 0 90 44 0 0 0 0 0 0 17 0 9 6 9 0 0 0 0 0 0 0 0 0 0 0 0 9 15 0 0 72 77 75 73 74 0 0 0 59 0 0 0 3 2 0 0 0 0
1 0 0 0 1 0 2 1 1 2 0 1 2 1 0 1 0 0 8 5 5 4 0 0 0 7 27 8 0 0 0 1 0 1 0 4 0 0 0 0 1 0 0 1 3 0 0 1 3 2 2 2 0 2 2 0 0 2 2 2 2 0 2 0 2 9 0 0 0 1 1 2 0 2 4 3 24 0 0 0 1 215 2 0 2 0 0 1 0 0 0 0 0 0 0 0 0 0 0 0 0 0 0 0 17 17 21 20 21 21 0 0 0 0 0 0 0 0 0 0 0 0 0 0 0 0 0 0 0 0 0 0 0 0 0 0 0 0 0 0 0 0 0 0 0 0 0 0 0 0 0 0 0 0 0 0 0 0 1
6 3 1 3 4 2 15 5 5 11 3 7 12 9 3 5 2 0 16 9 9 27 0 0 0 44 184 53 0 0 0 0 0 0 0 15 0 0 0 0 15 0 0 6 17 0 0 11 23 16 16 15 0 15 15 0 0 16 15 15 16 0 16 10 16 62 4 0 0 7 5 11 0 16 29 21 161 0 24 0 12 1589 15 0 12 0 0 5 0 4 3 0 0 0 0 0 0 0 0 0 0 0 0 0 114 116 17 17 17 17 0 0 18 0 0 0 0 0 0 0 3 0 2 1 2 0 0 0 0 0 0 0 0 0 0 0 0 0 2 0 0 0 0 0 0 0 0 0 0 0 0 0 0 0 0 0 0 0 3
129 55 24 66 87 40 0 53 105 239 70 127 246 193 69 112 39 0 184 107 107 3 236 11 7 0 1 1137 26 9 26 123 4 106 81 300 0 0 48 10 1 0 101 158 289 0 0 215 81 0 24 0 0 0 0 24 10 21 0 33 0 0 43 3 50 1 131 132 0 42 15 5 0 2 1 435 7 0 80 8 257 1546 0 0 256 0 0 0 0 121 31 0 42 0 0 0 0 2518 0 0 0 0 0 0 0 0 0 8 0 0 0 0 136 0 0 0 0 0 0 0 0 0 41 27 1 0 0 0 0 0 0 0 0 0 0 0 0 0 0 0 0 352 364 355 350 356 0 0 16 352 18 23 16 30 28 26 0 0 32
191 82 35 99 129 59 0 149 157 356 104 208 366 286 103 165 218 0 267 155 155 4 342 17 10 1416 1 1688 39 13 39 184 11 158 121 447 52 56 81 14 9 0 161 235 463 0 0 321 121 0 37 0 0 0 0 36 15 31 0 50 0 47 64 4 75 6 197 202 0 77 91 26 0 471 913 650 1927 0 120 13 383 2298 468 0 381 0 0 74 0 335 47 35 131 0 0 0 0 3698 0 0 0 0 0 0 14487 0 0 11 0 0 0 0 318 0 0 0 143 0 0 0 0 0 231 154 8 106 0 0 0 0 0 0 0 0 0 0 0 0 0 0 0 537 550 541 535 542 0 0 32 537 34 39 32 46 45 483 0 0 176
0 0 0 0 0 0 23 3 0 0 0 1 2 0 6 0 0 0 7 0 3 0 0 0 0 9 3 0 3 0 0 16 0 0 0 52 0 0 0 0 22 0 0 0 3 0 0 108 123 0 2 0 0 0 0 0 0 0 0 3 0 0 3 0 3 3 0 0 0 4 6 5 0 70 0 34 0 0 168 14 23 8 26 30 94 0 3 8 0 32 4 0 5 0 0 0 0 0 0 0 0 0 0 0 0 0 0 2260 2361 2261 6 0 0 20 0 0 0 2 0 0 0 0 0 0 0 0 0 0 0 0 0 0 0 0 0 0 0 0 0 0 0 0 0 0 0 0 0 0 0 0 0 1 0 6 5 57 0 0 0
0 0 0 0 0 0 18 4 0 0 0 0 1 0 1 0 0 0 10 1 4 0 0 0 0 11 0 0 4 0 0 5 0 0 0 54 0 0 0 0 2 0 0 0 2 0 0 160 126 0 1 1 0 0 0 0 0 1 0 2 1 0 1 1 0 0 0 0 0 4 7 3 0 4 0 3 0 0 167 0 2 1 12 4 98 0 0 11 0 44 0 0 3 0 0 0 0 0 0 0 0 0 0 0 0 0 0 0 0 0 0 0 0 14 0 0 0 0 0 0 0 0 0 0 0 0 0 0 0 0 0 0 0 0 0 0 0 0 0 0 0 0 0 0 0 0 0 0 0 0 0 5 0 10 8 82 0 0 0
0 0 0 0 0 0 5 1 0 0 0 0 0 0 2 0 0 0 2 0 1 0 0 0 0 2 0 0 1 0 0 16 0 0 0 11 0 0 0 0 5 0 0 0 1 0 0 10 26 0 1 0 0 0 0 0 0 0 0 1 0 0 1 0 1 10 0 0 0 6 46 9 0 26 0 13 0 0 35 3 5 2 6 7 20 0 9 2 0 5 0 0 0 0 0 0 0 0 0 0 0 0 0 0 0 0 0 0 0 0 0 0 0 4 0 0 0 1 0 0 0 0 0 0 0 0 0 0 0 0 0 0 0 0 0 0 0 0 0 0 0 0 0 0 0 0 0 0 4111 0 4112 4116 4111 4121 4120 0 0 0 0
0 0 0 0 0 0 0 0 0 0 0 0 0 0 0 0 0 0 0 0 0 0 0 0 0 0 0 0 0 0 0 0 0 0 0 0 0 0 0 0 0 0 0 0 0 0 0 0 0 0 0 0 0 0 0 0 0 0 0 0 0 0 0 0 0 0 0 0 0 0 0 0 0 0 0 0 0 0 0 0 0 0 0 0 0 0 0 0 0 0 0 0 0 0 0 0 0 0 0 0 0 0 0 0 0 0 0 96 100 0 0 0 0 0 0 0 0 0 0 0 0 0 0 0 0 0 0 0 0 0 0 0 0 0 0 0 0 0 0 0 0 0 0 0 0 0 0 0 0 0 0 0 0 0 0 0 0 0 0
0 0 0 0 0 0 6 0 0 0 0 0 0 0 0 0 0 0 0 0 0 1 0 0 0 1 4 0 0 0 0 5 0 0 0 4 0 0 0 0 5 0 0 0 0 0 0 1 10 0 0 0 0 0 0 0 0 0 0 0 0 0 0 0 0 0 1 6 0 0 1 3 0 2 6 1 0 0 0 1 0 0 0 0 7 0 0 1 0 2 0 0 2 0 6 0 0 0 0 0 0 0 0 0 0 0 0 0 0 0 0 0 35 0 0 1 0 0 0 0 0 0 1 0 0 0 0 0 0 0 0 0 0 0 0 0 0 1 0 0 0 0 0 0 0 0 0 0 0 0 0 0 0 0 0 5 0 0 0
0 9 8 2 10 4 490 134 0 2 95 35 35 5 15 7 3 0 5 0 2 8 0 0 0 50 62 413 66 17 40 859 45 25 9 383 166 168 11 0 471 0 0 0 34 0 0 20 838 4 17 4 4 5 4 0 0 12 0 126 4 5 126 6 145 138 306 942 0 124 81 144 0 2649 3102 1239 22 109 1068 44 83 54 707 165 603 0 142 32 0 298 22 0 135 0 423 151 0 193 6598 1823 0 1708 1634 10452 11546 11842 8662 10551 11022 10921 28 0 291 77 0 49 16 66 0 148 7 0 10 229 156 59 28 0 0 11 0 0 1009 0 554 0 0 320 0 139 0 0 0 0 0 0 2 4 344 0 345 350 344 355 354 197 48 1000 0
0 0 0 0 0 0 96 0 0 0 0 3 6 0 3 0 0 0 14 0 3 1 0 0 0 0 10 0 25 6 20 40 5 32 0 8 15 26 5 16 0 6 1 0 5 95 0 15 16 4 3 4 0 0 0 5 28 4 4 6 4 0 5 2 4 1 17 38 0 42 17 51 0 57 45 19 79 0 20 4 11 5 0 22 13 0 0 1 0 18 4 0 5 14 91 0 82 153 0 0 0 0 57 0 0 0 15 14 16 16 0 0 0 41 0 0 0 0 0 0 0 0 0 0 2 15 2 3 0 19 0 0 0 0 17 0 0 9 0 0 0 0 0 0 0 0 0 0 15 0 16 19 15 23 22 93 53 0 0
0 3 3 56 78 5 0 47 238 269 230 321 208 376 18 74 61 3 171 65 93 1 369 3 3 618 0 878 24 7 19 28 7 0 5 29 0 0 95 9 0 0 48 0 48 0 0 109 12 0 19 0 0 0 0 9 24 17 0 16 0 4 15 1 11 0 46 27 54 48 21 48 0 123 147 145 162 0 6 0 69 66 68 31 43 0 0 16 0 0 9 0 38 0 0 0 0 196 95 82 0 0 77 356 282 289 0 0 0 0 1 0 0 0 0 0 0 0 0 0 0 0 0 0 22 0 0 0 0 0 0 0 0 0 0 0 0 0 0 0 72 0 22 0 0 5 0 0 0 12 1 6 0 17 15 156 0 0 0
428 111 33 500 125 287 181 37 136 445 148 291 245 265 269 1086 236 2 1024 240 241 1 402 4 4 475 0 538 84 38 54 90 162 118 26 165 50 0 24 23 118 555 120 0 196 360 138 649 457 0 116 81 38 0 80 191 161 87 79 211 80 115 312 82 349 1743 85 79 134 104 191 168 0 702 0 1938 1733 0 0 13 225 196 4 28 178 0 1813 294 52 792 121 114 134 0 170 449 3817 3416 2992 1401 26 1407 1104 5330 4066 4170 2121 2042 2126 2127 9 2010 75 514 0 0 329 0 0 80 598 0 1326 319 605 325 1205 518 0 221 317 14508 788 0 4905 0 708 1126 547 59 696 65 70 67 64 64 3 4 29 83 29 20 29 25 24 1180 553 609 0
866 1041 247 232 136 308 268 74 124 77 1325 136 253 83 105 1434 152 1 0 0 0 1 0 5 1 1000 1 1328 281 140 298 177 117 263 942 54 113 382 107 114 269 0 122 0 227 265 0 50 83 204 372 358 283 0 318 333 228 376 358 333 208 349 324 359 319 465 70 44 0 147 260 163 0 0 8 12 23 1435 0 12 0 57 1 119 170 0 473 115 143 403 97 0 225 481 268 30 164 417 735 493 7 396 5 330 375 454 213 186 248 259 0 0 195 365 70 0 67 213 0 0 0 5641 57 644 354 1075 668 0 0 42 105 0 904 0 0 0 535 153 0 152 0 175 185 178 174 178 116 120 20 172 22 27 20 33 32 554 119 743 0
0 0 0 0 0 0 64 0 0 0 0 16 5 0 22 94 9 0 0 0 0 0 0 0 0 1638 0 146 2 0 2 5 26 0 0 9 0 23 7 47 35 0 69 0 31 0 0 2 26 12 56 55 46 0 50 51 32 57 55 53 46 54 50 55 49 276 52 2 2 10 33 22 0 0 0 3 5 1 19 2 91 17 32 13 58 0 285 58 47 40 0 127 0 47 64 0 35 27 342 80 4 2 40 148 5 0 40 35 44 46 0 0 18 20 0 0 0 0 0 0 0 0 0 0 0 311 0 0 0 0 0 0 0 0 0 0 0 0 0 0 0 12 13 15 14 12 0 0 0 0 0 0 0 0 0 0 0 0 0
0 38 30 0 0 31 15535 6928 0 0 0 14982 1090 0 31 3397 2243 0 0 0 0 159 0 0 1110 0 21 151 130 190 179 2056 2193 199 28332 2622 10756 0 88 47 14679 0 195 0 13760 5660 4423 1971 7579 11205 9787 11192 11229 10731 11139 10614 9671 11076 11271 10175 11180 10890 10905 11105 10915 11301 3231 2587 8492 3540 4590 7897 279 4097 8405 8317 6584 5566 6313 17 45 22124 26 15 14 6051 11541 20 4 0 91 2278 5799 11774 15535 0 0 0 0 42298 2 40231 54725 2 0 0 0 11 0 0 14 0 15501 5939 4358 0 692 0 3409 4040 0 1663 35 0 53767 5207 911 2105 0 695 883 0 1826 2254 0 1724 602 596 0 10933 0 16150 16153 16152 16151 16150 0 0 0 16142 0 0 0 0 0 1840 2551 1712 0
2184 1931 993 3605 8875 943 15163 17588 6375 954 5621 6292 6928 7794 483 2632 3102 4 50 14 27 4 126 12 14 3066 12 2888 10590 2705 8339 4112 1436 4516 2504 972 13356 4962 5889 144 14283 0 206 0 2645 4810 3802 10623 1386 762 1157 770 540 539 666 1359 1862 784 747 1269 740 828 1039 781 1067 16514 1191 2626 3918 7958 6159 4156 3342 2883 5753 3457 1230 2148 1459 93 1894 920 709 795 1506 904 16964 1558 1027 4353 872 563 1868 3122 15161 332 3055 1238 678 322 21 310 475 1233 941 964 3075 2956 3078 3080 26 2823 1278 5282 1402 674 945 0 0 9680 665 271 1779 1755 477 3325 257 0 0 193 270 0 2320 6 1307 0 866 757 0 14399 160 1341 1347 1343 1341 1341 2600 2602 9299 1336 9300 9304 9300 9309 9308 1713 1684 2116 0
0 6 5 0 2 3 173 17 0 1 0 23 6 3 66 679 0 0 0 0 0 0 0 1 2 284 0 206 0 0 0 48 92 0 0 70 0 0 0 115 111 0 204 0 139 0 96 19 153 83 101 84 25 0 56 85 114 85 83 89 83 89 88 84 88 717 137 28 30 129 144 188 0 232 335 128 210 336 179 33 252 67 113 455 278 140 691 179 3 155 93 0 308 0 173 217 239 371 314 100 40 281 474 631 693 876 440 422 440 440 2 0 53 246 0 201 87 0 0 0 0 0 111 305 194 2984 272 0 0 135 312 0 799 356 0 0 266 509 456 29 0 67 71 69 67 69 42 44 0 59 0 2 0 7 6 1783 401 478 0
0 5 4 1 5 2 1093 5 0 0 1 38 73 2 27 48 36 0 1013 238 238 35 1177 1 1 74 239 53 300 85 236 98 147 70 3 133 0 41 4 117 1040 172 427 56 160 563 232 158 360 227 286 231 227 0 233 293 275 225 228 293 225 239 344 232 360 1144 260 25 300 340 248 293 731 246 224 1355 179 525 292 29 280 411 218 344 694 215 1053 363 0 372 55 148 250 132 1093 152 0 0 0 0 0 0 0 0 0 0 0 39 0 0 1 0 39 555 0 74 23 136 0 257 0 121 593 417 293 105 505 0 0 46 150 0 111 0 1093 0 90 36 0 0 187 32 39 35 32 36 61 65 33 28 34 38 33 43 41 250 39 56 0
1575 1631 1115 1678 1749 2122 3957 1613 510 563 624 510 855 311 236 1456 590 0 2504 1074 1075 1 9222 4 2 3524 4 1211 1379 373 1071 813 403 3225 1266 678 1918 2263 1523 848 3789 812 6111 2151 791 2377 859 1165 1720 0 1050 1077 1080 0 1073 1145 875 1083 1081 1115 573 1079 1184 1075 1203 4976 4032 700 699 1127 1329 1006 0 796 624 2151 1338 3611 1878 231 1884 1257 1484 787 1738 928 5120 483 27 356 206 0 402 2125 3957 322 2677 1534 1399 655 19 659 231 2491 1888 1883 1089 1345 1089 1089 8 1070 423 2480 1068 0 364 0 0 600 0 0 1553 152 770 1001 0 0 0 0 0 0 909 0 1725 0 357 229 256 1908 868 431 434 434 432 433 320 322 1145 419 1146 1151 1145 1155 1154 380 332 822 0
0 0 0 0 0 0 0 0 0 0 0 0 0 0 0 0 0 0 1924 290 294 0 0 0 0 0 0 23 0 0 0 0 0 0 0 0 0 0 0 0 0 0 0 0 0 0 0 0 387 1657 1456 1665 1678 685 1661 1522 860 1649 1678 1423 1668 1598 1504 1653 1485 0 0 0 0 0 0 1 0 3 0 1 34 5 0 0 0 0 0 0 0 0 0 1 0 0 0 0 0 0 0 0 0 0 0 0 0 0 0 0 0 0 65 53 85 91 0 0 0 0 0 0 306 0 0 0 0 0 0 0 0 0 0 0 0 0 0 0 0 0 0 0 0 0 0 0 0 0 0 0 0 0 0 0 0 0 0 0 0 0 0 0 0 0 0
0 1 1266 0 68 483 243 234 0 0 0 13 15 0 36 472 208 0 46 17 20 4 89 18 11 899 1 1354 384 96 306 190 106 98 0 207 145 125 109 24 118 0 87 0 106 328 21 1270 786 1214 1114 1216 1224 0 0 1194 858 1228 1225 1137 890 1181 1235 1212 1243 919 138 204 152 371 230 360 90 703 73 1381 398 489 590 141 320 293 508 147 2993 0 564 276 0 254 42 0 0 0 243 93 887 0 0 0 0 0 0 0 0 0 0 5 0 0 2 0 6 396 0 0 21 270 0 0 0 0 928 0 515 129 0 0 0 0 0 0 127 0 0 0 53 25 0 65 0 7 26 11 4 16 76 83 80 18 84 87 79 95 94 31 0 0 5
0 0 0 0 0 0 2 0 0 0 0 0 0 0 0 0 0 0 0 0 0 3 41 0 0 6 18 5 0 0 0 1 0 0 0 0 0 0 0 0 0 0 0 0 1 0 0 1 1 0 2 0 0 0 0 2 1 2 2 2 0 2 2 2 2 7 3 1 0 1 1 2 0 0 0 6 2 2 0 0 0 2 1 0 2 0 0 1 0 0 0 0 0 0 2 0 0 0 0 0 0 0 0 0 0 0 0 1 0 0 0 0 0 0 0 0 0 0 0 0 0 0 4 0 0 0 0 0 0 0 0 0 0 0 0 0 0 0 0 0 0 0 0 0 0 0 0 0 0 0 0 0 0 0 0 0 0 0 0
1 6 5 5 7 3 91 18 11 0 1 19 38 11 11 46 15 0 177 103 103 107 165 1 1 328 742 270 327 72 267 90 5 7 1 19 0 0 0 30 75 0 28 71 15 0 0 89 83 0 62 71 71 71 71 99 79 75 71 85 70 72 100 71 105 3 23 18 0 240 109 71 0 15 90 366 68 100 65 2 33 33 46 26 114 0 0 102 0 157 8 0 0 64 91 0 101 67 49 26 0 20 12 99 43 0 36 40 36 36 0 0 0 23 0 0 0 0 0 0 0 0 78 0 245 0 0 0 0 0 0 0 96 0 276 0 39 4 0 0 29 0 0 0 0 0 60 72 0 0 0 0 0 10 9 182 0 0 0
104 192 87 168 343 51 2725 336 3 8 444 161 452 99 27 381 314 0 0 0 0 0 0 0 0 0 0 8 325 98 254 421 202 235 0 275 304 862 594 5 2528 0 1989 7 205 526 6 42 709 401 748 739 755 0 574 766 495 793 808 745 784 780 749 800 742 2189 1382 391 234 377 429 379 71 2217 916 240 40 597 578 7 1703 19 108 40 69 69 2251 363 7 212 53 0 99 391 2725 122 1413 570 406 196 6 178 73 752 576 587 0 2 0 0 2 0 0 752 0 0 2895 0 0 0 0 101 220 5061 1913 7545 0 0 0 0 0 0 260 0 0 0 114 31 0 239 0 0 0 0 0 0 62 66 230 0 232 236 230 241 240 139 37 21 0
150 141 77 153 642 154 439 519 106 94 102 166 67 55 131 397 178 3 1525 884 891 2 847 5 6 645 0 404 192 60 134 130 171 228 34 85 0 139 218 143 450 480 435 122 235 340 205 938 198 0 273 259 221 258 239 260 377 261 258 263 255 269 267 259 268 881 330 108 482 349 422 507 93 623 627 348 635 549 170 10 201 518 343 123 853 407 900 628 0 425 162 0 323 0 439 198 1867 984 521 247 11 238 151 944 722 740 696 692 701 702 7 604 0 435 0 681 1313 0 328 278 255 181 3616 551 400 1180 774 0 505 764 2505 0 715 208 2933 0 658 371 0 0 500 8 14 10 8 11 25 29 43 1 44 48 43 53 52 1872 1231 583 0
713 212 442 550 795 1370 1227 635 1501 861 445 1498 1181 1255 1080 1462 390 0 6339 2719 2722 0 428 0 0 2071 3 319 352 132 244 531 420 580 59 661 366 670 334 594 1275 0 265 1621 666 1111 243 1233 1673 1217 1215 1267 1246 1162 1254 1206 819 1252 1269 1192 1261 1257 1222 1260 1216 4616 384 594 374 339 535 527 920 1303 1588 827 1217 1647 1865 468 3601 1500 4017 909 709 1107 4732 244 0 353 269 337 826 2836 1228 716 0 3215 3694 1728 42 1740 955 6574 4991 5142 574 569 574 574 6 538 333 1379 847 1412 1313 301 1143 156 1120 50 956 1181 733 1775 1559 0 0 1400 0 21802 2086 0 2320 670 696 496 0 321 0 386 389 388 386 387 60 62 248 378 249 252 248 256 255 1814 772 2031 0
26 140 32 22 62 60 26 7 43 15 0 48 5 58 17 52 18 0 339 144 146 71 447 0 0 44 495 53 6 2 4 10 4 0 0 5 2 1 0 1 27 453 12 287 14 0 0 74 12 5 12 10 0 0 0 10 0 11 10 10 0 11 9 10 9 74 15 14 0 6 12 11 0 23 52 4 9 37 13 1 18 13 19 2 14 6 62 14 0 13 0 0 16 0 26 0 40 176 63 30 0 28 27 116 76 17 30 43 30 30 0 0 0 9 0 0 189 0 0 0 0 38 11 82 31 46 11 0 0 0 0 0 0 0 676 0 0 0 0 0 440 0 3 1 0 1 0 0 0 0 0 0 0 2 1 0 0 0 0
23 14 12 87 104 21 120 89 9 0 28 46 40 10 12 283 37 0 71 35 39 320 104 0 0 87 2229 576 89 25 57 35 27 105 8 161 64 72 41 211 126 267 66 166 50 0 0 96 386 0 128 122 105 0 113 120 144 131 123 120 122 127 122 123 123 386 52 35 130 102 90 157 7 130 161 127 123 205 488 139 224 564 509 987 676 80 335 89 0 38 13 0 428 83 120 42 391 311 229 107 2 108 60 411 309 299 122 122 122 122 1 121 14 118 0 0 93 0 0 0 0 65 81 232 52 149 45 0 2545 5561 0 0 0 0 363 0 65 0 0 9 239 0 3 0 0 0 7 10 38 0 41 45 38 50 49 83 5 121 48
1 100 83 335 649 80 0 598 3 21 24 397 34 58 153 323 141 5 1325 757 774 737 882 2 2 240 5121 132 265 123 119 422 571 216 158 160 277 245 58 19 25 493 348 0 248 0 636 263 183 28 90 30 2 0 19 41 103 28 26 57 27 53 52 32 53 19 225 42 0 176 415 224 57 265 295 263 154 368 203 1 239 113 46 31 259 195 0 711 469 797 180 293 405 594 0 43 970 846 967 462 1 436 204 1763 1349 1384 616 607 640 647 5 474 33 0 0 4584 11718 1971 9862 6208 121 383 3482 1176 1332 1075 3345 3546 0 308 1140 0 6195 848 0 0 101 82 1347 263 523 87 87 87 87 87 0 13 64 87 64 64 64 48 44 1681 1447 6183 0
483 1400 322 204 1802 1279 372 0 103 99 0 211 24 329 132 489 90 5 1776 1034 1037 2 718 5 6 1640 1 1527 0 0 6 160 0 303 0 49 0 0 40 4 256 0 95 0 59 0 0 1908 58 36 122 103 0 102 0 117 34 130 104 122 70 112 134 106 139 6 240 192 29 52 56 37 0 302 451 407 533 0 15 10 238 153 70 112 0 0 1 0 0 0 148 0 0 0 372 45 865 805 594 285 1 265 152 1091 836 857 0 23 0 0 5 0 45 0 0 0 216 0 0 0 0 0 2 0 22 0 0 0 0 76 177 0 0 0 0 0 0 0 0 0 0 18 38 20 13 24 0 0 103 35 106 109 103 116 115 379 0 0 0
13 8 7 44 17 13 221 77 17 18 6 67 19 12 121 135 19 0 325 189 190 159 395 3 4 565 1103 2083 74 28 50 118 114 112 6 78 0 201 48 42 235 306 252 382 186 0 0 472 196 211 254 218 203 0 210 209 238 253 218 208 216 218 213 222 212 1125 205 135 222 232 517 292 85 316 446 167 179 285 190 12 200 288 222 123 288 166 1041 1363 294 324 72 1 151 0 221 121 1107 706 458 216 7 212 157 823 599 645 596 584 596 596 3 594 36 287 10 242 831 0 0 0 45 139 391 409 183 855 386 0 402 492 1495 0 636 0 2662 0 369 184 0 49 305 25 29 27 24 26 4 6 27 19 29 32 28 36 35 646 632 435 0
0 0 0 0 86 0 121 84 0 0 0 123 66 0 340 23 7 2 1626 887 887 1 1232 4 4 196 0 122 4 6 2 31 46 8 0 10 0 5 3 5 57 467 28 112 46 0 0 34 25 0 78 72 0 0 72 67 47 73 72 68 70 73 67 72 66 580 63 39 0 65 116 116 0 0 116 23 97 72 12 1 12 52 6 15 26 34 603 371 156 0 96 99 0 0 121 0 0 0 165 88 0 89 33 325 258 265 46 82 49 50 2 0 0 64 0 18 6 11 0 0 0 0 3 65 15 0 14 0 0 0 0 1 58 0 0 0 137 47 52 1 611 0 0 0 0 0 0 0 0 0 0 0 0 0 0 136 4 0 0
337 794 256 737 952 302 996 1605 471 197 1654 964 1825 739 823 1780 407 2 3589 1539 1541 3 1080 12 7 0 6 2515 1056 304 758 747 612 1560 59 659 955 2252 675 4213 1146 0 147 711 829 2334 1965 4391 1444 1430 1518 1469 1420 1247 1445 1479 1891 1486 1467 1453 1439 1470 1544 1468 1555 4897 370 808 2032 1519 1660 2138 1472 3406 1682 2225 1494 3534 1360 483 2035 1176 750 472 2831 1277 5049 2083 1295 2560 1094 539 1652 1620 996 787 6525 5723 4142 1937 46 1951 880 7371 5621 5766 2804 2725 2806 2807 15 2763 157 2761 2438 2045 22094 0 2229 1652 862 1027 7162 2811 1914 3238 3122 3471 0 1503 3568 3795 2396 1995 5889 0 0 1012 0 1368 0 162 170 164 161 165 226 228 561 163 565 567 562 572 571 5355 3882 2225 0
1 12 10 0 8 5 91 4 9 12 0 12 8 12 6 163 17 0 0 0 0 244 0 1 0 168 1685 273 0 0 0 0 6 0 0 3 0 10 0 16 42 0 52 0 50 0 0 4 17 0 37 0 0 0 0 30 17 37 32 29 26 36 31 33 31 163 50 0 0 9 20 21 0 63 7 20 27 16 7 1 8 3 4 0 20 0 169 10 0 0 0 0 0 0 91 0 0 20 15 29 0 40 4 35 23 23 198 187 204 176 1 22 44 48 0 0 106 0 0 0 0 0 5 0 21 0 0 0 0 3 0 0 67 0 0 38 0 2 0 6 0 46 18 46 46 46 0 0 1 46 1 0 1 0 0 104 0 0 0
0 0 0 0 0 0 13 0 0 0 0 1 0 0 17 2 0 0 2 0 1 1 537 2 2 7 2 0 5 2 4 11 7 9 0 30 0 6 0 0 0 0 0 0 6 0 0 1 4 0 2 1 0 0 0 5 9 1 1 33 0 2 2 1 2 57 0 1 0 50 10 20 0 0 79 6 44 0 4 0 0 0 0 0 19 21 56 14 0 166 20 6 4 0 13 0 0 477 6 7 7 0 14 37 58 60 5 18 11 14 0 0 0 19 0 0 347 0 0 0 0 0 2 0 6 0 0 0 0 11 3 0 59 0 0 0 0 0 26 9 0 0 0 0 0 0 0 0 0 0 0 0 0 1 0 44 0 0 0
0 1 2 0 0 1 504 496 1684 2572 1951 2484 926 3443 362 2774 1293 1 0 0 0 1 0 1 3 408 21 273 298 224 70 131 1068 1135 0 947 19 4117 497 3413 477 0 654 0 601 1761 1600 319 1976 924 1001 937 888 637 916 865 9059 919 931 876 933 931 869 934 854 65 375 78 16831 6426 1515 13878 1377 7487 200 277 403 331 2438 6 22 10 4 2 11 999 14 2220 1690 1682 376 464 453 2073 504 0 0 0 0 0 0 0 0 0 0 0 10990 10524 10990 10990 31 10640 195 2080 0 2560 567 653 1552 0 2912 0 66 2346 1203 16526 2792 3028 1531 8182 7449 0 10666 2404 0 1350 2901 0 0 598 0 194 202 196 218 193 193 195 34 193 35 26 35 31 30 18366 4597 10014 6
33 41 48 0 31 38 0 39 46 53 64 80 37 113 29 181 73 16 90 27 39 3 284 18 6 923 0 652 0 0 0 54 15 0 0 65 0 22 0 34 5 0 102 25 40 1 0 50 20 0 21 1 0 0 0 9 0 12 0 13 1 3 15 2 18 1 87 58 0 45 37 41 0 8 84 148 47 154 17 31 0 91 98 77 258 0 0 60 0 85 26 0 68 0 0 0 225 281 88 57 1 43 50 157 127 24 43 48 47 48 16 0 31 0 0 0 9 0 0 0 69 0 22 0 62 144 0 0 0 34 0 0 0 0 0 0 0 0 0 0 0 36 38 38 36 37 12 14 2 22 3 8 2 13 12 201 69 0 17
33 42 48 40 35 38 0 40 47 54 65 80 0 113 29 133 73 17 91 39 39 4 285 18 7 927 0 655 51 24 46 0 15 42 30 66 43 54 31 35 0 0 6 0 40 0 0 50 20 0 21 1 0 0 0 9 25 12 0 13 1 2 16 2 18 0 87 56 44 45 38 41 60 0 91 149 47 180 9 31 64 91 99 77 259 0 0 60 0 81 24 35 69 0 0 0 106 149 96 59 0 61 49 157 85 70 44 49 47 49 17 45 34 0 0 0 21 0 0 50 0 0 22 151 63 0 52 0 41 0 0 0 0 0 0 0 0 0 0 2 0 36 37 39 37 35 10 12 0 16 0 6 0 12 11 0 87 0 17
6 12 14 11 10 11 106 0 13 15 18 25 17 29 9 0 20 6 22 10 10 1 9 6 2 240 0 154 16 8 14 15 11 14 10 17 13 16 10 11 0 6 28 0 21 59 20 14 42 32 33 32 0 0 0 31 23 34 32 30 32 31 32 30 31 122 23 15 0 14 22 21 0 30 26 39 15 20 45 8 18 24 24 19 61 0 0 18 0 22 10 0 18 34 100 0 0 50 0 7 0 0 12 22 0 0 13 13 13 14 6 8 11 5 0 0 0 0 0 0 0 0 7 0 17 44 23 0 0 1 4 0 0 0 37 0 0 14 0 0 0 0 4 2 0 2 0 1 0 0 0 0 0 2 2 54 13 0 5
4 9 10 9 8 8 32 0 9 10 11 15 9 16 6 0 5 6 17 7 7 44 8 5 1 79 302 38 12 7 10 10 7 11 9 12 10 11 9 9 0 5 12 0 12 33 3 10 27 19 19 19 0 0 0 19 14 20 19 18 19 19 19 17 17 72 11 10 0 10 13 12 0 16 15 18 10 0 31 5 14 17 17 14 40 0 0 13 0 12 7 0 8 19 26 0 0 19 0 2 0 0 8 5 0 0 9 9 10 10 6 5 7 0 0 0 0 0 0 0 0 0 7 0 11 19 13 0 0 0 0 0 0 0 23 0 0 10 0 0 0 0 0 0 0 0 0 0 0 0 0 0 0 1 0 22 2 0 4
4 9 11 9 8 9 95 0 11 12 15 22 15 25 7 0 17 4 20 9 9 1 5 4 1 208 0 132 13 6 11 13 9 10 7 15 10 13 7 8 0 3 24 0 19 54 14 11 39 27 28 27 0 0 0 27 19 29 27 26 27 26 28 25 26 114 20 13 0 12 18 18 0 25 21 34 12 15 43 7 15 21 22 17 59 0 0 14 0 19 8 0 14 30 90 0 0 46 0 4 0 0 9 18 0 0 10 10 11 11 4 6 9 0 0 0 0 0 0 0 0 0 5 0 14 37 20 0 0 0 1 0 0 0 33 0 0 12 0 0 0 0 3 0 0 0 0 0 0 0 0 0 0 1 1 49 10 0 4
6 11 13 11 10 10 114 0 13 15 18 26 18 30 8 0 20 5 24 10 10 1 7 5 2 250 0 161 15 8 13 16 11 13 8 18 12 15 9 10 0 5 29 0 22 64 20 14 46 32 34 32 0 0 0 32 23 35 32 31 32 32 33 31 31 135 24 16 0 14 22 22 0 30 25 41 14 23 50 8 18 25 27 21 69 0 0 17 0 23 9 0 18 36 108 0 0 58 0 6 0 0 11 25 0 0 13 12 13 13 5 8 11 10 0 0 0 0 0 0 0 0 6 0 17 45 24 0 0 1 4 0 0 0 42 0 0 15 0 0 0 0 5 2 0 2 0 0 0 0 0 0 0 2 1 58 14 0 5
5 10 11 10 9 9 43 0 11 12 14 19 12 22 7 0 7 6 25 11 11 1 8 5 1 96 0 50 14 8 12 14 9 13 10 17 11 14 10 10 0 6 14 0 16 48 6 11 41 24 24 24 0 0 0 24 18 25 24 23 24 24 24 22 22 110 15 14 0 12 16 16 0 20 18 24 11 2 47 8 18 24 25 20 63 0 0 15 0 16 8 0 9 26 38 0 0 39 0 5 0 0 10 16 0 0 12 11 12 12 6 7 9 0 0 0 0 0 0 0 0 0 7 0 14 22 17 0 0 0 0 0 0 0 43 0 0 13 0 0 0 0 3 0 0 0 0 0 0 0 0 0 0 2 1 33 7 0 5
9 11 12 11 10 10 36 12 11 0 13 15 11 16 8 28 12 8 12 0 5 1 13 7 2 109 0 72 14 0 13 9 6 0 14 3 0 13 8 12 35 8 15 0 12 0 0 12 19 21 21 21 19 17 18 20 15 22 21 20 21 20 21 21 21 46 13 9 0 11 16 12 0 16 18 19 12 23 18 4 11 14 11 11 20 0 47 16 0 11 8 8 13 18 36 1 16 24 14 13 1 12 13 18 8 4 11 11 11 12 8 0 2 18 0 0 5 10 0 0 0 0 10 0 12 0 0 0 0 7 0 27 6 0 24 0 10 8 0 0 0 1 2 3 2 1 0 1 0 0 0 0 0 2 1 20 6 9 5
7 9 9 9 8 8 7 10 9 0 10 10 7 11 7 8 5 7 11 0 5 24 11 5 1 40 162 23 11 0 10 7 4 0 11 2 0 10 6 10 8 6 8 0 8 0 0 9 16 16 15 16 14 12 13 15 11 16 16 15 16 16 15 16 15 32 8 7 0 8 11 8 0 10 13 11 9 12 16 3 9 13 10 9 16 0 33 13 0 7 7 6 8 11 7 0 7 15 10 10 1 9 10 12 3 0 9 9 9 9 7 0 0 10 0 0 4 8 0 0 0 0 8 0 9 0 0 0 0 5 0 0 0 0 21 0 8 6 0 0 0 0 0 1 0 0 0 0 0 0 0 0 0 1 0 8 2 4 4
12 14 14 14 13 12 14 15 14 16 16 17 12 17 10 13 9 11 17 3 7 40 17 8 2 66 271 40 17 11 16 0 0 0 18 5 0 16 15 16 15 0 13 15 13 0 0 15 26 26 25 26 0 15 0 25 18 26 26 24 26 26 25 26 25 53 13 11 0 13 18 13 0 0 20 17 15 0 27 5 14 21 18 15 28 0 55 21 0 12 10 11 12 20 14 0 0 24 12 16 0 9 16 19 0 0 5 1 0 14 10 0 0 4 0 0 11 12 0 2 0 0 12 0 14 7 0 0 0 5 0 0 0 0 33 0 0 8 0 0 1 5 7 6 6 6 6 7 0 1 0 2 0 4 4 0 6 12 7
16 22 23 23 22 20 16 0 22 25 25 27 19 27 17 0 14 19 30 13 13 3 29 14 3 95 0 40 29 19 28 19 12 30 31 20 26 27 26 27 0 26 20 0 21 42 17 24 40 37 36 37 0 0 0 36 29 37 37 35 37 36 36 35 34 88 20 18 0 22 30 22 0 33 33 27 23 6 42 9 32 33 26 25 45 0 0 34 0 19 17 0 19 35 10 0 0 24 0 19 0 0 25 16 0 0 24 24 25 25 19 19 15 0 0 0 1 0 0 0 0 0 22 0 24 32 24 0 0 6 10 0 0 0 45 0 0 20 0 0 0 4 9 6 4 6 10 12 0 0 1 3 0 7 6 25 11 0 12
10 12 12 12 12 11 8 13 12 14 13 14 10 14 9 10 7 10 15 2 7 31 16 8 2 51 204 30 15 10 15 0 0 0 16 3 0 14 14 15 9 0 10 13 11 0 0 13 21 20 19 20 0 9 0 19 14 20 20 19 20 20 19 20 19 45 11 10 0 12 16 12 0 0 18 15 13 0 21 5 11 17 14 13 23 0 46 18 0 10 9 10 10 16 8 0 0 20 10 14 0 8 14 16 0 0 3 0 0 13 10 0 0 0 0 0 10 11 0 1 0 0 12 0 13 2 0 0 0 4 0 0 0 0 29 0 0 7 0 0 0 4 5 5 4 4 5 6 0 0 0 2 0 4 3 0 4 9 6
7 8 9 8 8 7 15 9 8 9 9 10 7 11 6 15 7 6 10 0 4 32 10 5 1 55 215 35 10 6 10 0 0 0 10 0 0 9 9 9 15 0 9 8 8 0 0 9 15 14 14 14 0 4 0 14 10 15 14 14 14 15 14 14 14 33 8 7 0 8 11 8 0 0 13 12 9 0 15 3 5 11 9 9 16 0 34 12 0 8 6 5 8 11 15 0 0 15 5 9 0 3 9 11 0 0 0 0 0 9 6 0 0 0 0 0 7 7 0 0 0 0 7 0 9 0 0 0 0 2 0 0 0 0 19 0 11 3 0 0 0 1 2 2 1 2 2 3 0 0 0 0 0 2 1 0 1 6 4
12 14 15 14 13 13 29 15 14 16 16 17 13 18 10 31 15 11 15 2 7 2 16 8 2 102 0 65 17 11 16 0 0 0 17 3 0 15 15 16 29 0 16 13 14 0 0 15 23 26 25 26 0 15 0 25 18 26 26 24 26 25 25 26 25 52 14 11 0 13 18 14 0 0 21 20 14 0 23 5 12 18 14 14 24 0 53 20 0 13 10 11 14 21 29 0 0 25 12 15 0 9 15 19 0 0 4 1 0 14 10 0 0 4 0 0 11 12 0 2 0 0 12 0 15 12 0 0 0 5 0 0 0 0 29 0 0 8 0 0 1 5 6 6 5 6 6 7 0 1 0 2 0 4 4 0 7 12 7
3 3 4 3 3 3 2 4 3 4 4 4 3 4 3 3 2 3 4 0 2 9 4 2 1 14 57 8 4 3 4 0 0 0 5 0 0 4 4 4 3 0 3 3 3 0 0 4 6 6 5 6 0 0 0 5 3 6 6 5 6 6 5 6 5 13 3 3 0 3 4 3 0 0 5 4 4 0 6 1 0 5 4 4 7 0 14 5 0 3 3 1 2 2 2 0 0 5 0 3 0 0 4 3 0 0 0 0 0 4 2 0 0 0 0 0 2 3 0 0 0 0 3 0 4 0 0 0 0 0 0 0 0 0 8 0 4 0 0 0 0 0 0 0 0 0 0 0 0 0 0 0 0 0 0 0 0 0 2
4 4 5 5 4 4 3 5 4 5 5 5 4 5 3 4 3 4 6 0 2 11 6 3 1 19 75 11 6 4 6 0 0 0 6 0 0 5 5 5 3 0 4 4 4 0 0 5 8 7 7 7 0 0 0 7 5 7 7 7 7 7 7 7 7 17 4 4 0 4 6 4 0 0 7 5 5 0 8 2 1 6 5 5 9 0 18 7 0 4 3 2 3 4 3 0 0 6 0 5 0 0 5 5 0 0 0 0 0 5 3 0 0 0 0 0 3 4 0 0 0 0 4 0 5 0 0 0 0 0 0 0 0 0 10 0 6 0 0 0 0 0 0 0 0 0 0 0 0 0 0 0 0 0 0 0 0 0 2
11 7 8 120 65 32 41 60 9 0 4 36 27 0 10 151 0 0 16 7 7 81 77 0 0 254 561 120 9 4 5 35 16 4 0 292 26 0 30 155 0 587 222 381 16 0 0 131 47 0 15 12 0 0 0 21 19 14 12 316 0 14 23 12 25 39 162 0 0 65 36 35 0 72 0 115 0 97 50 1 20 36 14 3 33 0 0 49 0 0 29 0 27 0 41 0 62 404 28 20 0 1 23 82 0 0 0 0 4 22 0 0 0 0 0 0 35 0 0 0 0 0 22 0 26 0 0 0 0 12 0 0 0 0 0 0 0 0 0 0 536 0 0 0 0 0 0 0 4 0 7 9 0 18 16 0 0 0 0
2 2 44 12 12 15 35 0 6 1 1 16 7 3 10 41 0 0 8 4 4 30 0 0 0 16 170 29 32 10 23 33 29 57 0 10 0 50 29 48 0 0 29 0 78 0 0 29 21 30 36 35 0 0 8 35 25 35 35 35 15 36 36 35 36 322 36 8 0 43 86 39 0 41 58 44 47 39 10 4 13 11 11 3 8 0 232 63 0 0 0 0 60 0 35 0 75 94 42 25 0 9 18 100 79 81 43 41 43 43 0 0 0 67 0 0 162 0 0 0 0 0 14 52 67 30 0 0 0 24 0 0 426 0 0 0 161 148 0 0 0 0 0 0 0 0 0 0 0 0 0 0 0 4 3 1362 0 117 0
16 23 52 0 15 4 65 0 0 1 20 36 13 18 20 103 63 1 330 189 193 344 81 1 1 402 2389 311 0 0 0 16 5 11 0 10 0 0 0 68 0 0 135 0 61 0 0 299 15 0 42 33 0 32 0 35 24 38 33 46 0 40 34 34 34 25 143 0 75 71 60 74 0 8 41 44 89 31 6 0 3 2 2 1 0 0 23 108 0 142 8 0 3 0 65 0 152 298 95 52 0 29 32 204 162 166 6 8 6 6 1 0 34 136 0 0 34 0 0 0 0 0 5 230 101 98 0 0 0 6 0 0 3721 0 759 0 73 88 0 7 247 8 28 11 3 14 0 0 0 25 0 0 0 1 0 482 0 0 0
0 0 0 0 0 0 0 0 0 0 0 0 0 0 0 0 0 0 2359 1013 1013 0 3113 0 0 0 0 0 0 0 0 0 0 0 0 0 0 0 0 0 0 0 0 0 0 0 0 0 0 0 0 0 0 0 0 0 0 0 0 0 0 0 0 0 0 0 0 0 0 0 0 0 0 0 0 0 29 0 0 0 0 0 0 0 0 0 0 0 0 0 0 0 0 0 0 0 0 0 0 0 0 0 0 0 0 0 0 100 0 0 0 0 0 0 0 0 0 0 0 0 0 0 0 0 0 0 0 0 0 0 0 0 0 0 0 0 0 0 0 0 0 0 0 0 0 0 0 0 0 0 0 0 0 0 0 0 0 0 0
