133
0 0 0 0 0 77 0 879 135 0 286 933 111 0 0 0 0 0 0 0 0 0 528 126 3 0 0 32 4 298 76 4 5 73 0 8 78 0 3 0 0 0 125 0 34 67 14 125 125 124 125 0 1049 126 0 0 718 875 878 0 0 3 2 58 0 0 0 0 0 0 0 0 0 0 0 0 0 0 0 0 0 0 0 0 0 0 0 0 0 0 0 0 0 0 0 0 0 0 1 0 0 0 0 17 0 0 0 0 0 0 6 0 0 0 6 0 0 0 69 0 0 0 0 0 0 0 0 0 0 0 0 3 0
18 0 0 0 0 81 3 3463 974 1619 1901 3488 4694 941 535 0 0 0 0 0 0 0 735 177 6 1 0 53 5 418 88 28 9 81 0 2481 171 0 7 0 0 0 176 0 0 94 0 176 176 174 176 0 1450 0 0 0 992 1207 1212 0 0 6 2 65 0 0 0 0 0 0 0 0 0 0 0 0 0 0 0 0 0 0 0 0 0 0 0 0 0 0 0 0 0 0 0 0 0 0 1 0 0 0 0 0 0 0 0 0 0 0 8 0 0 0 6 0 0 0 158 0 0 0 0 0 0 0 0 0 0 0 0 0 0
15 1 0 0 0 61 8 1 2 1 1 2 1 0 0 0 0 0 0 0 0 0 87 38 16 3 0 56 0 92 128 48 0 67 0 0 0 0 16 0 0 0 8 0 0 4 0 8 8 8 8 0 39 1155 0 0 26 34 31 0 0 2 2 50 0 0 0 0 0 0 0 0 0 0 0 0 0 0 0 0 0 0 0 0 0 0 0 0 0 0 0 0 0 0 0 0 0 0 0 0 0 0 0 0 0 0 0 0 0 0 1 0 0 0 0 0 0 0 279 631 0 0 0 0 0 0 0 0 0 0 0 3 0
13 1 0 0 0 54 1 0 1 0 0 0 0 0 0 0 0 0 0 0 0 0 167 41 2 0 9316 35 0 98 56 7 2 53 6 0 0 0 13 0 0 0 40 0 0 21 0 40 40 39 40 0 321 0 0 0 220 267 267 0 0 1 2 44 0 0 0 0 0 0 0 0 0 0 0 0 0 0 0 0 0 0 0 0 0 0 0 0 0 0 0 0 0 0 0 0 0 0 0 0 0 0 0 35 0 0 0 0 0 0 2 0 0 0 2 0 0 0 110 0 0 0 0 0 0 0 0 0 0 0 0 2 0
6 0 0 0 0 25 25 0 0 0 3 3 0 0 0 0 0 0 0 0 0 0 1 0 0 0 0 15 0 10576 25 0 0 25 0 0 0 0 31 6 0 0 0 0 0 0 0 0 0 1 0 0 548 0 0 0 0 0 0 0 0 1 1 20 0 0 0 0 0 0 0 0 0 0 0 0 0 0 0 0 0 0 0 0 0 0 0 0 0 0 0 0 0 0 0 0 0 0 0 0 0 0 0 3 0 0 0 0 0 0 0 0 0 0 0 0 0 0 1 0 0 0 0 0 0 1 0 2 1 0 0 1 0
0 0 0 0 0 0 0 0 0 0 0 0 0 0 0 0 0 0 0 0 0 0 51 9 0 0 0 0 0 28 0 0 0 0 0 0 0 0 1 0 0 13 13 0 0 7 10 13 13 13 13 0 102 40 32 0 76 93 93 0 0 0 0 0 0 0 0 0 0 0 0 0 0 0 0 0 0 0 0 0 0 0 0 0 0 0 0 0 0 0 0 0 0 0 0 0 0 0 0 0 0 0 0 0 0 0 0 0 0 0 1 0 0 0 0 0 0 0 22 0 0 0 0 0 0 0 0 0 0 0 0 0 0
14 0 0 0 0 78 0 4739 1034 2541 2336 4935 3526 3893 745 237 1 78 0 0 0 0 382 94 5 0 0 0 4 223 84 23 0 70 245 1915 162 0 8 0 0 0 99 0 0 53 0 99 99 100 99 0 734 250 0 0 503 611 612 0 0 5 2 43 0 0 0 0 0 0 0 0 0 0 0 0 0 0 0 0 0 0 10 0 0 0 0 0 0 1 0 0 0 0 0 0 0 0 1 0 33 0 0 34 0 0 0 0 0 0 0 0 0 0 6 1 1 0 170 224 0 0 0 0 0 0 0 0 0 0 0 5 0
0 0 0 0 0 10 0 0 0 0 1 1 0 0 0 0 0 0 0 0 0 0 4321 2 1 0 0 0 0 0 0 0 0 0 0 0 80 0 19 0 0 0 0 0 0 3313 20 0 0 0 0 0 0 0 0 0 0 0 0 0 0 0 0 8 0 0 0 0 0 0 0 0 0 0 0 0 0 0 0 0 0 0 0 0 0 0 0 0 0 0 0 0 0 0 0 0 0 0 0 0 0 0 0 0 0 0 0 0 0 0 0 0 0 0 0 0 0 0 149 0 0 0 0 0 0 0 0 0 0 0 0 0 0
0 0 0 0 0 26 0 0 0 0 6 0 0 0 0 0 0 0 0 0 0 0 9 8668 2 0 0 0 0 0 0 0 0 0 0 0 617 0 60 2659 0 0 1 0 0 1 0 1 1 5 2 0 4 4 0 0 0 0 0 0 0 0 1 21 0 0 0 0 0 0 0 0 0 0 0 0 518 0 0 0 0 0 0 0 0 0 0 0 0 0 0 0 0 0 0 0 0 0 4 284 53 189 283 0 0 0 0 0 0 0 4 0 0 0 0 0 0 0 374 9 1 11 9 5 10 9 0 14 13 0 364 2 0
13 0 0 0 0 131 0 1 1 0 3 2 0 0 0 0 0 0 0 0 0 0 7 4 2797 1 0 0 0 0 0 0 0 0 2 0 179 0 21 0 0 0 0 0 0 0 82 0 0 0 0 0 2 0 0 0 0 0 0 0 0 4 4 108 0 0 0 0 0 0 0 0 0 0 0 0 0 0 0 0 0 0 0 0 0 0 0 0 0 0 0 0 0 79 0 0 0 0 1 0 0 0 0 56 0 0 0 0 0 0 4 0 1 33 21 1 1 0 293 0 0 0 0 0 0 2 0 2 2 0 0 6 0
0 0 0 0 0 9 0 0 0 0 0 0 0 0 0 0 0 0 0 0 0 0 70 20 3 45 0 0 0 0 0 0 0 0 0 0 8 0 20 0 0 0 0 0 0 0 0 0 0 0 0 0 110 23 17 0 80 101 101 0 0 0 0 0 0 0 0 0 0 0 0 0 0 0 0 0 0 0 0 0 0 0 0 0 0 0 0 0 0 0 0 0 0 0 0 0 0 0 0 0 0 0 0 0 0 0 0 0 0 0 0 0 0 0 0 0 0 0 572 0 0 0 0 0 0 0 0 0 0 0 0 0 0
0 0 0 0 0 10 0 0 63 0 7 0 0 2169 0 0 0 0 0 0 0 0 91 21 0 0 0 0 0 0 0 0 0 0 0 0 34 0 0 0 0 0 0 0 0 0 0 0 0 0 0 0 181 33 0 0 120 152 152 0 0 0 0 7 0 0 0 0 0 0 0 0 0 0 0 0 0 0 0 0 0 0 0 0 0 0 0 0 0 0 0 0 0 0 0 0 0 0 0 0 0 0 0 0 0 0 0 0 0 0 0 0 0 0 0 0 0 0 26 0 0 0 0 0 0 0 0 0 0 0 0 0 0
0 0 0 0 0 78 0 215 98 0 2274 208 0 0 9 0 0 0 0 0 0 0 371 181 86 15 0 0 0 319 0 0 0 17 8 252 19 0 91 0 0 0 0 0 1 1 59 1 1 3 1 0 18 6781 58 0 0 31 10 0 0 1 2 64 0 0 0 0 0 0 0 0 0 0 0 0 0 0 0 0 0 0 0 0 0 0 0 0 0 0 0 0 0 0 0 0 0 0 1 0 0 0 0 20 0 0 0 0 0 0 0 0 0 0 0 0 0 0 1277 3 0 4 2 0 2 4 0 6 6 0 0 3 0
0 0 0 0 0 1 0 0 0 0 0 0 0 0 0 0 0 0 0 0 0 0 0 0 0 0 0 0 0 0 0 0 0 1 0 0 0 0 0 0 0 0 0 0 0 0 0 0 0 0 0 0 0 0 0 0 0 0 0 0 0 0 0 1 0 0 0 0 0 0 0 0 0 0 0 0 0 0 0 0 0 0 0 0 0 0 0 0 0 0 0 0 0 1 0 0 0 0 0 0 0 0 0 1 0 0 0 0 0 0 0 0 0 0 0 0 0 0 0 0 0 0 0 0 0 0 0 0 0 0 0 0 0
9 0 1 1 1 288 0 4 4 6 5 0 0 0 0 198 3 14 0 30 33 97 2 4 1 3 0 0 2001 0 0 0 0 219 55 0 0 437 3092 621 0 0 0 0 0 1 0 0 0 0 0 0 13 0 57 0 2 2 2 0 1429 1679 3744 207 0 0 0 0 0 0 0 0 0 144 0 0 0 0 0 5 0 0 360 0 0 0 0 0 0 8 0 0 0 0 0 40 0 0 11 0 26 0 0 155 0 0 0 0 0 0 0 0 0 0 0 145 144 0 11 19 8 18 17 13 19 15 0 22 21 0 0 120 0
4 3 0 0 0 16 0 0 0 0 2 2 0 0 0 0 0 0 0 0 0 0 99 27 0 306 0 0 0 113 0 0 44 0 0 0 12 0 297 2 0 0 0 0 0 0 0 0 0 2 1 0 23 1021 147 0 0 11 7 0 0 0 0 13 0 0 0 0 0 0 0 0 0 0 0 0 0 0 0 0 0 0 0 0 0 0 0 0 0 0 0 0 0 0 0 151 0 0 0 0 27 18 0 0 0 0 0 0 0 0 0 0 0 0 71 0 0 0 7567 1 0 1 0 0 0 2470 0 3 3 0 0 6 0
0 1 0 0 0 0 0 0 0 0 0 0 0 0 0 0 0 0 0 0 0 0 0 0 0 0 0 1 55 1 0 0 3 0 0 0 0 0 1 0 0 0 0 0 0 0 0 0 0 0 0 0 0 0 0 0 0 0 0 0 0 0 0 0 0 0 0 0 0 0 0 0 0 0 0 0 0 0 0 0 0 0 0 0 0 0 0 0 0 0 0 0 0 0 0 0 0 0 0 0 0 0 0 0 0 0 0 0 0 0 0 0 0 0 0 0 0 0 0 0 0 0 0 0 0 0 0 0 0 0 0 0 0
0 0 0 0 0 0 0 0 0 0 0 0 0 0 0 0 0 0 0 0 0 0 0 0 0 0 0 0 0 0 0 0 0 0 0 0 0 0 0 0 0 0 0 0 0 0 0 0 0 0 0 0 0 0 0 0 0 0 0 0 0 0 0 0 0 0 0 0 0 0 0 0 0 0 0 0 0 0 0 0 0 0 0 0 0 0 0 0 0 0 0 0 0 0 0 0 0 0 0 0 0 0 0 0 0 0 0 0 0 0 0 0 0 0 0 0 0 0 0 0 0 0 0 0 0 0 0 0 0 0 0 0 0
0 0 0 0 138 0 17 1 0 0 3 1 0 1012 1 0 1317 46258 0 3 3 0 741 483 6 4 3 1 38 758 0 7 10 2 122 7 165 0 71 56 3 0 1 0 6 7 0 3 2 11 4 0 1632 189 1985 0 570 720 724 537 118 1036 22 73 38 500 1724 85 8 19 173 72 11 20 0 2 0 0 0 0 0 0 0 0 0 0 0 0 1387 0 10 0 0 0 0 0 0 0 0 0 1873 0 0 0 0 0 0 0 0 0 0 0 0 0 0 66 64 914 7 22 0 6 3 0 0 63 0 3 4 0 0 0 0
4 2 1 1 1 0 7 1 1 2 6 2 2 0 0 0 233 0 0 0 0 124 19 23 9 4 0 22 0 24 15 96 55 28 0 0 0 0 36 0 0 4193 4433 885 4393 2355 4166 4426 4430 4383 4418 0 322 13 42 4016 957 19 6 3063 0 4 6 20 82 0 0 0 4 0 0 207 148 0 0 0 0 6 83 8 0 5 33 0 0 0 2 0 0 22 0 0 0 0 0 65 0 0 5 0 0 1 0 0 0 0 0 0 0 0 0 0 0 0 0 1 1 0 3 3 0 6 4 0 3 8 0 10 9 0 0 4 0
1 1 0 0 0 1 3 0 0 0 4 0 0 0 0 0 576 0 0 619 0 100 9 13 4 6 0 10 0 12 7 44 21 13 0 0 0 0 5 13 0 1761 1994 0 1964 1060 1845 1991 1993 1972 1987 0 144 8 19 655 431 10 2 1293 93 67 93 66 312 1 0 4 5 7 0 21 94 0 0 0 0 15 138 7 0 8 55 0 0 0 3 0 0 13 0 0 0 0 0 41 0 0 3 0 0 5 0 0 0 0 0 0 0 0 0 0 0 0 0 1 1 0 6 7 0 8 6 1 6 10 0 11 11 0 0 6 0
131 33 50 25 49 1 116 45 34 79 59 46 68 0 0 3 19 0 0 0 0 0 36 58 13 71 0 9 0 36 9 15 9 3 49 56 5 0 35 27 0 0 109 0 52 79 79 109 109 108 109 0 8 89 5 0 31 10 8 0 82 11 25 0 63 0 0 0 1 0 0 549 0 0 2 0 0 0 67 0 0 4 27 0 0 0 2 0 0 5 0 0 0 0 0 30 0 0 0 0 0 14 0 0 0 0 0 0 0 0 0 0 0 0 0 0 0 2 105 165 6 15 14 11 13 47 0 17 17 0 0 0 0
0 0 0 0 0 0 0 0 0 0 0 0 0 0 0 0 0 0 0 0 0 0 0 38 0 146 0 0 0 13 0 0 0 0 0 0 33 0 0 0 0 0 0 0 0 75 0 0 0 0 0 0 0 389 0 0 0 1 0 0 0 0 0 4 0 0 0 0 0 0 0 0 0 0 0 1 0 0 0 0 0 0 0 2 0 0 0 0 0 0 0 0 0 0 0 60 0 0 3 0 18 2 0 0 0 0 0 0 0 0 0 0 0 0 25 0 0 0 254 0 0 0 0 0 0 83 0 0 0 9 0 0 0
0 0 0 0 0 0 0 0 0 0 0 0 0 0 0 0 0 0 0 0 0 0 0 0 0 145 0 0 0 0 0 0 0 0 0 0 14 0 10 0 0 0 0 0 0 0 0 0 0 0 0 0 0 235 2 0 0 1 0 0 0 0 0 4 0 0 0 0 0 0 0 0 0 0 0 0 0 0 0 0 0 0 0 1 0 0 0 0 0 0 0 0 0 0 0 27 0 0 0 0 28 6 0 0 0 0 0 0 0 0 0 0 0 0 13 0 0 0 242 0 0 0 0 0 0 79 0 0 0 0 0 0 0
0 0 0 0 0 2 0 0 0 0 0 0 0 0 0 43 0 0 0 0 0 0 5 28 0 93 0 0 0 10 0 0 0 0 0 0 4 0 7 0 0 0 0 0 0 0 0 0 0 0 0 0 0 164 0 0 0 0 0 0 0 0 0 2 0 0 0 0 0 0 0 0 0 0 0 0 0 0 0 0 0 0 0 3 0 0 0 0 0 0 0 0 0 0 0 3 0 0 0 0 15 0 0 0 0 0 0 0 0 0 0 0 0 0 16 0 0 0 177 0 0 0 0 0 0 57 0 0 0 3 0 0 0
0 0 0 0 0 1 3 0 0 0 0 0 0 0 0 0 0 0 0 0 0 0 0 0 0 0 0 0 0 0 0 0 0 0 97 130 244 0 13 0 0 0 0 0 0 0 0 0 0 0 0 0 0 76 1 0 0 0 0 0 0 0 0 0 0 0 0 0 0 0 0 0 0 0 0 2 0 0 0 0 0 0 0 3 0 0 0 0 0 0 0 0 0 0 0 0 0 0 2 0 4 0 0 0 0 0 1 0 0 0 0 0 0 0 0 0 0 0 90 0 0 0 0 0 0 28 0 0 0 0 0 0 0
0 0 0 0 0 0 1 85 84 158 67 90 54 0 28 20 0 0 0 2 2 0 10 5 3 0 0 0 0 2 0 0 0 0 8 31 39 0 0 0 0 0 0 0 0 0 0 0 0 0 0 0 0 202 0 0 0 0 0 0 0 0 1 0 0 0 0 0 0 0 0 0 0 0 0 8 0 0 0 0 0 0 0 2 0 0 0 0 0 0 0 0 0 0 0 0 0 0 0 0 17 0 0 0 0 0 0 0 0 0 0 0 0 0 0 1 1 0 15 0 0 0 0 0 0 4 0 0 0 0 0 0 0
0 0 0 0 0 79 1 109 1543 2496 3476 100 308 0 365 1302 0 0 0 0 0 0 78 665 16 2281 941 0 0 82 94 31 20 23 0 520 209 23 73 0 0 0 0 0 0 0 33 0 0 3 1 0 19 1375 103 0 0 30 11 0 0 0 2 50 0 0 0 0 0 0 0 0 0 0 0 5 0 0 0 0 0 0 0 2 0 0 0 0 0 0 0 0 0 0 0 1035 0 0 2 52 222 100 0 0 0 0 0 0 0 0 10 0 0 0 546 1 1 0 915 0 0 0 0 0 0 301 0 4 3 50 81 17 0
0 0 0 0 0 0 0 0 0 0 0 0 0 0 0 4 0 0 0 1 1 0 1 1 0 2 211 0 0 1 0 0 0 0 0 0 1 0 0 0 0 0 0 0 0 0 0 0 0 0 0 0 0 8 0 0 0 0 0 0 0 0 0 0 0 0 0 0 0 0 0 0 0 0 0 0 0 0 0 0 0 0 0 1 0 0 0 0 0 0 0 0 0 0 0 0 0 0 0 2 9 0 0 0 0 0 0 0 0 0 0 0 0 0 0 0 0 0 10 0 0 0 0 0 0 3 0 0 0 0 0 0 0
0 0 0 0 0 0 0 189 178 350 162 155 0 0 82 0 0 0 0 0 0 0 0 30 0 140 0 0 0 0 0 0 0 0 0 59 18 0 9 0 0 0 0 0 0 0 0 0 0 0 0 0 0 263 0 0 0 2 0 0 0 0 0 4 0 0 0 0 0 0 0 0 0 0 0 0 0 0 0 0 0 0 0 1 0 0 0 0 0 0 0 0 0 0 0 51 0 0 1 0 21 0 0 0 0 0 0 0 0 0 0 0 0 0 19 0 0 0 249 347 0 0 0 0 0 81 0 0 0 0 0 0 0
0 0 0 0 0 14 0 12260 4958 4357 5288 13046 2606 3101 1501 540 0 1 1 0 0 0 567 774 189 535 2361 0 0 183 0 0 0 0 261 1600 232 0 25 169 0 82 113 0 0 432 105 113 113 115 114 0 117 412 17 0 459 552 553 0 0 0 4 0 0 0 51 0 71 0 68 0 0 0 0 19 0 0 32 15 16 6 11 7 40 0 23 0 0 0 0 0 0 0 0 162 0 0 3 119 164 20 0 0 0 0 0 0 0 0 6 0 0 0 114 1 1 0 233 247 0 0 0 0 0 75 0 0 0 57 3 11 0
0 0 0 0 0 72 0 663 463 1257 504 704 312 0 72 1241 0 0 0 0 0 0 419 760 22 2513 169 0 0 814 126 0 48 44 43 173 181 19 55 0 0 0 381 0 117 200 342 379 379 378 380 0 495 1579 133 216 1843 2232 2240 156 0 2 5 61 2 0 157 0 221 0 210 0 0 48 0 21 1 0 134 62 66 10 45 4 66 0 98 0 0 0 0 0 0 0 0 1189 0 0 3 92 267 80 0 0 0 0 5 0 0 0 11 0 0 0 573 1 1 0 1130 1252 0 0 0 0 0 371 0 4 3 81 18 0 0
0 0 0 0 0 6 1 132 90 250 177 141 65 0 55 0 0 1 0 0 0 0 306 388 97 219 33 0 0 112 4 0 0 0 0 0 113 0 12 88 0 0 51 0 0 222 33 50 49 50 51 0 73 202 19 0 280 341 342 0 0 0 3 2 6 0 75 0 36 0 100 0 0 0 2 33 0 0 12 6 36 1 24 12 21 0 9 0 0 0 0 0 0 0 0 0 0 0 1 98 95 7 0 0 0 0 0 0 0 0 2 0 0 0 24 2 2 0 125 135 0 0 0 0 0 41 0 1 0 0 0 0 0
0 0 0 0 0 19 0 129 68 143 247 139 0 0 0 398 0 0 0 0 0 0 582 831 203 628 1 0 0 151 24 0 7 0 0 1 14 0 19 178 0 69 119 0 53 449 119 118 118 118 118 0 90 384 12 0 343 404 404 0 0 0 0 0 0 0 66 52 93 85 89 0 0 0 0 0 0 0 40 29 32 3 13 0 31 0 29 0 0 5 0 0 0 0 0 206 0 0 0 0 59 21 0 0 0 0 0 0 0 0 3 0 0 0 142 0 0 0 243 257 0 0 0 0 0 78 0 0 0 10 0 2 0
3 0 16 0 3 24 0 33 3 0 18 35 0 0 0 6 0 0 0 0 0 0 1 16 5 0 0 17 17 57 0 0 2 49 0 772 308 0 0 0 0 0 12 0 0 11 0 15 13 31 18 0 0 8 1 0 3 1 1 0 2 13 2 39 0 0 0 0 0 0 0 0 0 0 3 0 174 0 199 108 124 16 64 77 101 78 179 59 0 0 0 0 0 0 0 0 0 0 16 3 35 0 0 0 0 0 0 0 0 0 0 0 0 0 14 5 5 0 12 18 0 20 17 8 15 22 0 26 25 0 0 8 0
0 0 180 42 56 35 0 240 59 193 126 255 0 0 41 11 1 0 0 0 1 0 7 10 9 0 0 0 0 0 0 0 30 0 0 0 40 0 16 0 0 0 0 0 0 5 0 0 0 0 0 0 2 0 0 0 0 0 0 0 0 0 24 30 0 20 16 0 17 0 10 23 0 0 0 24 183 0 92 210 242 9 27 111 217 107 303 0 0 0 0 0 0 0 0 0 0 0 5 57 34 382 0 0 0 0 0 0 0 0 0 0 6 0 18 7 8 0 20 31 0 0 0 0 0 7 0 2 1 0 52 24 0
0 0 3 1 1 1 0 0 0 0 0 0 0 0 1 0 1 0 0 0 0 0 0 0 0 0 0 0 0 0 0 0 0 0 0 0 0 0 0 0 0 0 1 0 0 0 0 1 1 1 1 0 0 0 0 0 0 0 0 0 0 0 0 1 0 0 0 0 0 0 0 0 0 0 0 0 0 0 2 1 1 0 0 2 0 0 5 0 0 0 0 0 0 0 0 0 0 0 0 0 3 0 0 0 0 0 0 0 0 0 0 0 0 0 0 1 1 0 0 0 0 0 0 0 0 0 0 0 0 0 0 0 0
323 207 604 155 346 22 337 579 445 885 520 574 891 463 0 8 213 185 2375 1115 1067 269 175 102 188 62 80 0 2982 1491 19 0 58 19 139 731 478 0 5208 1119 14 370 1456 0 1326 786 1310 1454 1455 1440 1451 0 122 31 242 803 2105 2269 2276 1068 2438 2785 6307 29 956 4 3 4 5 5 5 3 76 0 2126 0 3 0 0 10 0 0 8955 0 0 0 0 0 466 33 93 0 0 0 0 67 0 0 14 28 25 2 0 0 0 0 0 0 0 0 22 0 0 0 0 12 13 34 33 38 0 5 4 0 0 21 0 14 12 0 0 28 0
0 0 0 0 0 0 0 0 0 0 0 0 0 0 0 0 0 1 0 0 0 0 10 0 0 0 1 0 354 0 0 0 0 0 45 0 3 0 0 207 0 0 15 0 0 9 0 15 15 12 15 0 5 1 0 0 9 7 0 0 0 296 0 0 0 0 0 0 0 0 0 0 0 0 0 0 0 0 0 0 0 0 0 0 0 0 0 0 0 0 0 0 0 0 0 0 0 0 68 0 0 0 0 0 0 0 10 0 0 0 0 0 0 0 0 0 0 0 0 0 0 0 0 0 0 0 0 0 0 40 0 0 0
136 66 90 37 0 32 119 54 0 66 153 107 20 46 0 0 32 1 0 0 0 0 131 114 106 29 248 2 684 129 0 55 0 0 84 61 432 0 0 0 0 0 0 0 0 84 0 1 1 2 1 0 264 147 59 0 45 58 57 0 356 632 52 20 0 0 4 0 10 13 4 0 0 267 52 0 0 0 0 1 1 0 0 1 0 736 1 0 0 41 0 0 0 0 0 2 0 0 9 0 3 68 0 0 0 0 0 0 0 0 52 0 135 575 16 5 6 56 134 159 67 85 85 84 85 111 68 96 96 6 0 6 0
10 77 11 2 4 27 9 10 8 15 46 10 10 0 107 8 10 1 0 14 9 6 48 78 30 91 55 88 4 55 30 312 202 28 515 92 2215 0 905 161 0 0 38 0 34 47 41 39 38 43 39 0 53 117 154 17 43 45 45 26 1 7 64 20 9 48 158 174 210 282 255 134 0 40 69 39 65 0 223 184 210 27 52 153 185 91 20 0 0 67 0 98 116 0 196 0 0 0 78 34 11 229 0 0 0 253 94 0 0 0 1227 0 1963 289 162 79 81 25 141 213 46 54 54 52 57 88 30 65 64 436 255 46 0
1256 2626 510 3823 2490 0 1285 183 46 39 164 122 24 0 1314 9211 26 4 520 0 0 171 142 99 1473 151 22 82 5280 193 0 134 172 0 295 178 100 0 3031 994 33 0 7321 5617 6696 3771 6469 7235 7215 7233 7300 0 661 32 218 6672 1590 45 23 4831 3938 4408 3145 12 200 0 0 418 296 268 0 0 0 141 978 292 444 183 27 150 39 3 7 176 48 0 123 121 3809 1291 0 779 0 0 0 0 0 4464 307 0 1240 1018 0 87 0 219 754 306 2347 0 295 0 986 162 0 389 386 751 436 161 3395 4432 3496 3041 1836 1363 1621 1143 1239 1863 1365 748 0
0 0 0 0 0 0 0 0 0 0 0 0 0 0 0 0 0 0 0 0 0 0 0 0 0 0 0 0 0 0 0 0 0 0 0 0 0 0 0 0 0 0 0 0 0 0 0 0 0 0 0 0 0 0 0 0 0 0 0 0 0 0 0 0 0 0 0 0 0 0 0 0 0 0 0 0 0 0 0 0 0 0 0 0 0 0 0 0 0 0 0 0 0 0 0 0 0 0 0 0 0 0 0 0 0 0 0 0 0 0 0 0 0 0 0 0 0 0 0 0 0 0 0 0 0 0 0 0 0 0 0 0 0
7976 16194 3473 32118 20378 2615 8378 1106 307 336 2477 890 673 0 8935 20537 7381 41 1908 0 9774 45557 1222 939 6298 979 2625 2183 21453 1012 2464 1425 1224 2494 1387 1716 3995 5207 5273 1736 846 0 1705 0 1113 1304 1388 1628 1602 1689 1704 0 690 885 804 1045 561 260 252 819 18235 20850 4231 4231 10746 149 0 2202 2208 2036 2198 429 36158 4233 1320 897 914 45188 24 1764 22 2030 9 0 0 0 5 2 13229 9681 42990 3925 1179 0 1894 21730 30994 10567 1396 6555 18562 243 272 2261 0 682 3632 1870 9846 804 1499 515 1850 657 1291 1574 1565 2972 1841 1669 11941 10398 9149 8944 6987 4591 6718 4346 4408 3346 1310 3163 0
0 31 2420 250 183 0 126 8 0 23 2949 22 0 19 79 3 4610 0 0 0 0 0 3579 4354 1435 40 12511 877 585 3327 188 0 127 0 286 705 555 0 779 1743 0 0 590 0 0 2735 374 515 488 581 591 0 228 4078 126 0 127 45 19 0 1650 1129 953 713 701 131 105 781 455 493 178 162 0 0 60 0 5 0 0 3 0 75233 0 0 0 0 0 0 417 866 0 0 0 0 0 0 0 117 10 0 15 0 0 0 0 0 0 0 60 0 0 0 0 0 0 133 121 0 3530 4111 39 77 71 48 47 1203 1213 56 55 4 0 18 0
0 0 0 0 0 0 0 0 0 0 0 0 0 0 0 0 0 0 0 0 0 0 0 1 0 0 0 0 0 1 0 0 0 0 0 0 0 0 0 0 0 0 121 0 0 0 0 80 66 113 121 0 4 0 1 0 26 1 0 0 0 0 0 0 0 0 0 0 0 0 0 0 0 0 0 0 0 0 0 0 0 0 0 0 0 0 0 0 0 0 0 0 0 0 0 0 0 0 0 0 0 0 0 0 0 0 0 0 0 0 0 0 0 0 0 0 0 0 0 0 0 0 0 0 0 0 0 0 0 0 0 0 0
0 76 20 303 215 0 11 0 0 0 137 8 0 0 23 212 13 5 24 0 0 0 177 274 69 18 579 0 308 155 0 0 0 0 71 18 85 0 160 368 0 0 417 0 0 225 0 345 321 403 417 0 81 356 297 0 90 4 1 0 286 359 148 0 33 204 0 56 475 324 0 374 0 26 6 0 2 0 18 37 41 114 3 34 37 0 2837 2819 133 0 0 0 0 0 0 0 0 0 7 0 26 3 0 0 0 44 0 0 4 0 0 0 0 0 0 9 9 113 167 187 0 16 8 1 10 75 0 29 28 0 0 25 0
0 0 0 0 0 0 0 0 0 0 0 0 0 0 1 0 0 0 0 0 0 0 0 0 0 0 0 0 0 0 0 0 0 0 0 0 0 0 0 0 0 0 76 0 0 0 0 0 0 63 76 0 1 0 1 0 17 0 0 0 0 0 0 0 0 0 0 0 0 0 0 0 0 0 0 0 0 0 0 1 0 0 0 0 0 0 0 0 330 0 0 0 0 0 0 0 0 268 0 417 912 0 0 0 0 0 0 0 37 0 0 0 0 0 0 0 0 0 0 0 0 0 0 0 0 0 0 0 0 0 0 21 0
0 0 0 0 0 0 0 0 0 0 0 0 0 0 0 0 1 53 0 0 0 0 0 0 0 0 0 0 0 1 0 0 0 0 0 0 0 0 0 0 0 0 103 0 0 0 0 26 0 88 103 0 4 0 1 0 22 0 0 0 0 0 0 0 0 0 0 0 0 0 0 0 0 0 0 0 0 0 49 3 3 22 19 3 0 0 11078 11106 0 0 0 0 0 0 0 0 0 17 0 0 0 0 0 0 0 0 0 0 0 0 0 0 0 0 0 0 0 0 0 0 0 0 0 0 0 0 0 0 0 0 0 0 0
0 0 0 0 0 0 0 0 0 0 0 0 0 0 0 0 4 0 0 0 0 0 0 0 0 0 0 0 0 0 0 0 0 0 0 0 0 0 0 0 0 0 13 0 0 0 0 0 0 0 13 0 0 0 0 0 3 0 0 0 0 1 8 0 0 7 0 46 27 29 17 9 0 0 0 0 0 0 0 0 0 0 0 0 0 0 0 0 0 0 0 0 0 0 0 0 0 0 0 0 0 0 0 0 0 0 0 0 0 0 0 0 0 0 0 0 0 0 0 0 0 0 0 0 0 0 0 0 0 0 0 0 0
0 0 0 0 0 0 0 0 0 0 0 0 0 0 0 0 0 0 0 0 0 0 0 0 0 0 0 0 0 0 0 0 0 0 0 0 0 0 0 0 0 0 0 0 0 0 0 0 0 0 0 0 0 0 0 0 0 0 0 0 0 0 0 0 0 0 0 0 0 0 0 0 0 0 0 0 0 0 0 0 0 0 0 0 0 0 0 0 0 0 0 0 0 0 0 0 0 0 0 0 0 0 0 0 0 0 0 0 0 0 0 0 0 0 0 0 0 0 0 0 0 0 0 0 0 0 0 0 0 0 0 0 0
0 0 0 0 0 0 0 0 0 0 0 0 0 0 0 0 0 0 0 0 0 0 0 0 0 0 0 0 0 0 0 0 0 0 0 0 0 0 0 0 0 0 0 0 0 0 0 0 0 0 0 0 0 0 0 0 0 0 0 0 0 0 0 0 0 0 0 0 0 0 0 0 0 0 0 0 0 0 0 0 0 0 0 0 0 0 0 0 0 0 0 0 0 0 0 0 0 0 0 0 0 0 0 0 0 0 0 0 0 0 0 0 0 0 0 0 0 0 0 0 0 0 0 0 0 0 0 0 0 0 0 0 0
0 0 0 0 0 0 0 0 0 0 0 0 0 0 0 0 186 3 0 0 0 0 122 5 1 2 10 0 12 122 0 0 0 0 27 0 744 0 0 0 0 0 3 0 0 0 0 0 0 10 6 0 0 0 0 0 300 379 379 29 49 38 41 39 30 0 0 0 0 0 0 0 0 0 78 73 0 0 0 0 0 0 0 0 0 0 0 0 0 0 0 0 0 0 0 0 0 0 0 0 0 0 0 0 0 0 0 0 0 0 0 0 0 0 0 0 0 814 2 0 0 0 0 0 0 1 0 0 0 0 0 6 0
0 38 0 740 570 0 0 17 0 8 0 0 0 205 52 0 0 2 0 0 0 0 0 0 0 0 0 0 0 0 0 0 0 0 0 5 2 0 0 0 0 0 0 0 0 0 0 0 0 0 0 0 94 0 0 0 28 36 32 0 0 1 0 4 0 0 0 0 0 2 0 0 0 0 0 0 0 0 2 2 3 0 0 0 0 0 0 0 0 0 0 0 0 0 0 0 0 0 0 0 0 0 0 0 0 0 0 0 0 0 0 0 0 0 0 0 0 0 0 0 0 0 0 0 0 0 0 0 0 0 0 1 0
807 2323 337 4152 2726 0 898 82 21 25 0 2 0 174 0 0 0 4 0 0 0 0 106 0 2 0 1 0 0 24 0 0 0 0 0 102 10 0 1 0 0 0 0 0 0 0 0 0 0 0 0 0 236 0 0 0 68 86 87 0 0 1 1 17 0 0 0 0 0 1 0 0 0 8 0 1 0 0 7 1 9 1 0 0 4 0 0 0 0 0 0 0 0 0 0 0 0 0 0 0 0 0 0 0 0 0 0 0 0 0 0 0 0 0 0 1 1 0 0 0 0 0 0 0 0 0 0 0 0 0 0 0 0
846 1840 252 2796 1797 445 752 70 30 31 145 64 12 240 131 33 306 7 42 0 0 398 7053 1404 236 294 406 339 1457 6389 343 0 57 346 1017 286 398 0 1131 525 0 0 660 0 74 313 221 585 558 655 663 0 13074 2593 4772 0 15261 19111 19209 0 1396 1322 1076 439 1422 79 56 1187 250 109 61 53 0 313 384 471 303 410 483 258 93 75 104 6 280 0 604 605 138 383 0 1592 0 0 0 69 0 427 648 171 655 160 0 311 0 0 0 250 310 0 205 0 0 601 3581 351 347 995 295 239 272 551 655 473 398 359 321 391 396 38 112 844 0
0 0 0 0 0 0 0 0 0 0 0 0 0 0 0 0 0 0 0 0 0 0 0 0 0 0 0 0 0 0 0 0 0 0 0 0 0 0 0 0 0 0 0 0 0 0 0 0 0 0 0 0 0 0 0 0 0 0 0 0 0 0 0 0 0 0 0 0 0 0 0 0 0 0 0 0 0 0 0 0 0 0 0 0 0 0 0 0 0 0 0 0 0 0 0 0 0 0 0 0 0 0 0 0 0 0 0 0 0 0 0 0 0 0 0 0 0 0 0 0 0 0 0 0 0 0 0 0 0 0 0 0 0
0 0 0 0 0 0 0 0 0 0 0 0 0 0 0 0 0 0 0 0 0 0 0 0 0 0 0 0 0 0 0 0 0 0 0 0 0 0 0 0 0 0 0 0 0 0 0 0 0 0 0 0 0 0 0 0 0 0 0 0 0 0 0 0 0 0 0 0 0 0 0 0 0 0 0 0 0 0 0 0 0 0 0 0 0 0 0 0 0 0 0 0 0 0 0 0 0 0 0 0 0 0 0 0 0 0 0 0 0 0 0 0 0 0 0 0 0 0 0 0 0 0 0 0 0 0 0 0 0 0 0 0 0
0 0 0 0 1 0 0 1 0 0 0 0 0 0 0 0 0 0 0 0 0 0 2 0 7 0 0 0 0 0 0 0 0 0 0 1 24 0 1 0 0 0 0 0 0 1 0 0 0 0 0 0 0 0 0 0 1 1 0 0 0 0 10 0 0 0 0 0 0 0 0 0 0 1 0 1 1 0 3 1 0 0 0 2 0 869 0 0 0 0 0 0 0 0 0 0 0 0 1 0 4 0 0 0 0 0 0 0 0 0 0 0 0 0 0 1 1 0 0 0 0 0 0 0 0 0 0 0 0 0 0 27 0
1270 659 1623 532 1104 153 1245 1499 1153 2551 1680 1495 2789 989 616 310 241 123 0 0 0 457 525 574 186 61 1192 225 15 640 130 0 77 87 246 2021 708 0 162 442 0 0 1198 0 693 858 721 1137 1117 1182 1197 0 0 828 150 181 728 605 597 0 96 57 131 164 275 519 327 694 805 817 577 959 0 429 479 160 142 423 36 23 3 3 16 3 0 0 11 0 0 662 0 0 0 0 0 11 0 0 8 0 538 444 0 73 0 111 0 51 9 0 9 0 0 0 0 170 171 947 1131 1466 845 749 763 824 822 952 809 890 888 5 0 33 0
152 83 167 58 117 32 142 154 120 260 217 154 291 489 0 202 7 0 0 5 0 0 103 134 38 62 783 47 31 110 39 11 21 33 0 207 367 0 358 0 0 0 5 0 0 72 0 5 5 4 5 0 0 118 4 0 45 57 54 0 0 27 789 0 0 0 0 8 8 7 6 0 0 0 60 0 9 0 1 2 0 0 1 1 0 0 0 0 0 0 0 0 0 0 0 35 0 0 3 22 105 0 0 0 0 0 0 269 0 0 0 0 0 6 0 384 382 181 143 179 66 79 79 77 86 99 60 89 89 0 0 0 0
0 0 0 0 0 10 0 0 0 0 1 0 0 0 0 21 1 0 0 0 0 0 0 5 0 19 1 4 0 0 9 0 0 9 0 0 254 0 0 0 0 0 0 0 0 0 0 0 0 0 0 0 0 0 0 0 0 0 0 0 0 0 0 0 0 0 0 0 0 0 0 0 0 0 2 0 0 0 0 1 0 0 0 1 0 0 0 0 0 0 0 0 0 0 0 7 0 0 0 11 56 0 0 0 0 0 0 0 0 0 0 0 0 0 0 50 50 4 10 13 13 20 19 16 20 19 0 25 25 0 0 0 0
0 0 0 0 0 1 0 0 0 0 0 0 0 0 0 0 7 0 0 0 0 0 0 0 0 0 0 0 0 0 0 0 0 0 0 0 0 0 0 0 0 0 0 0 0 0 0 0 0 0 0 0 0 0 0 0 0 0 0 0 0 2 0 0 0 0 0 0 0 0 0 0 0 0 0 0 0 0 0 1 0 0 0 1 0 0 2 0 0 0 0 0 0 0 0 0 0 0 0 0 0 0 0 0 0 0 0 0 0 0 0 0 0 0 0 34 34 0 0 0 0 2 0 0 0 2 0 6 5 0 0 0 0
0 0 0 0 0 24 0 0 0 0 17 0 0 0 0 0 1983 0 0 0 0 1108 0 0 0 0 0 0 2 0 10 0 0 7 0 0 0 0 10 0 0 0 0 0 0 0 35 0 0 0 1 0 0 0 0 0 0 0 0 0 6 6 21 0 0 0 0 0 0 0 0 0 834 0 9 0 37 778 1 44 1 1 0 8 0 0 2 0 0 94 850 0 0 0 0 424 166 0 4 0 7 5 0 0 0 0 0 983 0 0 1 0 0 0 0 1605 1596 197 124 185 209 258 258 241 281 203 167 290 287 0 0 25 0
137 75 153 54 108 10 131 142 110 240 131 141 267 430 30 30 137 0 0 0 0 0 8 10 3 3 59 4 2 8 9 0 0 10 0 187 252 0 143 48 0 0 1 0 0 6 0 1 1 0 1 0 0 10 1 0 4 4 0 0 23 30 273 4 0 13 0 211 1 1 0 9 0 0 30 4 0 0 1 6 4 0 1 2 0 0 4 0 0 164 0 0 0 0 0 0 0 0 0 0 10 0 0 0 0 0 0 47 0 0 0 0 0 0 0 179 179 206 135 181 299 267 273 292 294 249 282 317 316 0 1 1 0
1 12 3 1 1 0 2 3 3 5 5 3 3 0 2 0 2 0 0 3 0 16 0 0 0 0 0 10 0 0 0 3 29 0 49 0 109 0 5 18 0 0 0 0 0 0 0 0 0 0 1 0 14 0 1 0 0 0 0 0 0 0 5 1 0 0 37 75 96 65 45 0 0 12 0 24 45 2 17 1 0 1 7 112 0 0 4 0 0 0 0 1 0 1 0 0 0 0 0 14 5 18 0 0 0 0 0 0 0 0 0 0 0 0 2 3 3 12 12 16 24 35 34 35 37 34 20 44 44 0 29 0 0
0 0 0 0 0 0 0 0 0 0 0 0 0 0 0 0 0 0 0 0 0 0 0 0 0 0 0 0 0 0 0 0 0 0 0 0 0 0 0 0 0 0 0 0 0 0 0 0 0 0 0 0 0 0 0 0 0 0 0 0 0 0 0 0 0 0 0 0 0 0 0 0 0 0 0 0 0 0 0 0 0 0 0 0 0 0 0 0 0 0 0 0 0 0 0 0 0 0 0 0 0 0 0 0 0 0 0 0 0 0 0 0 0 0 0 0 0 0 0 0 0 0 0 0 0 0 0 0 0 0 0 0 0
0 0 0 0 0 0 0 0 0 0 0 0 0 0 0 0 0 0 0 0 0 0 0 0 0 0 0 0 0 0 0 0 0 0 0 0 28 0 8 1 0 0 0 0 0 0 0 0 0 0 0 0 0 0 0 0 0 0 0 0 0 0 1 0 0 0 25 0 0 0 0 244 0 0 0 0 0 0 0 0 0 0 0 24 0 0 0 0 0 0 0 0 0 0 0 0 0 0 0 0 0 0 0 0 0 0 0 0 0 0 0 0 0 0 0 0 0 0 0 0 0 0 0 0 0 1 0 2 0 0 0 0 0
0 0 0 0 0 0 0 0 0 0 0 0 0 0 0 0 0 0 0 0 0 0 0 0 0 0 0 0 0 0 0 0 0 0 0 0 1 0 0 0 0 0 0 0 0 0 0 0 0 0 0 0 0 0 0 0 0 0 0 0 0 0 0 0 0 0 0 0 0 0 0 0 0 0 0 0 0 0 0 0 0 0 0 4 0 0 0 0 0 0 0 0 0 0 0 0 0 0 0 0 0 0 0 0 0 0 0 0 0 0 0 0 0 0 0 0 0 0 0 0 0 0 0 0 0 0 0 0 0 0 0 0 0
0 0 0 0 0 0 0 0 0 0 0 0 0 0 0 0 0 0 0 0 0 0 0 0 0 0 0 0 0 0 0 0 0 0 0 0 16 0 1 0 0 0 0 0 0 0 0 0 0 0 0 0 0 0 0 0 0 0 0 0 0 0 0 0 0 0 16 0 0 0 0 0 0 0 0 0 0 0 0 0 0 0 3 30 0 0 0 0 0 0 0 0 0 0 0 0 0 0 0 0 0 0 0 0 0 0 0 0 0 0 0 0 0 0 0 0 0 0 0 0 0 0 0 0 0 3 0 3 3 0 0 0 0
0 0 0 0 0 0 0 0 0 0 0 0 0 0 0 0 0 0 0 0 0 1 0 0 0 0 0 0 0 0 0 0 0 0 3 0 8 0 1 0 0 0 0 0 0 0 0 0 0 0 0 0 1 0 0 0 0 0 0 0 0 0 1 0 0 0 3 33 190 44 0 0 0 0 0 0 0 0 0 1 1 0 0 42 1 1 0 0 0 0 0 0 0 0 0 0 0 0 0 0 1 0 0 0 0 0 0 0 0 0 0 0 0 0 5 0 0 0 0 0 0 0 0 0 0 0 0 0 0 0 0 0 0
3 2 6 2 3 0 3 6 5 10 5 6 7 0 3 1 3 0 0 0 0 0 0 0 0 0 0 0 0 2 0 0 0 0 4 0 17 0 3 58 0 1 1 0 0 0 0 1 1 0 1 0 95 0 0 0 0 0 0 0 1 1 2 1 0 181 137 0 107 62 32 0 0 100 45 147 13 0 33 5 1 2 13 75 0 0 12 0 0 51 7 2 0 2 0 0 9 0 0 5 1 3 0 0 0 0 0 0 0 0 4 0 0 0 1 0 0 24 53 7 207 413 375 233 145 115 117 104 111 0 0 0 0
654 217 344 148 297 25 593 311 236 536 309 313 508 964 41 66 255 0 0 0 0 841 37 46 20 17 50 44 555 44 33 42 62 35 128 381 81 0 773 1347 5 1135 1397 0 1300 763 1193 1396 1397 1385 1394 0 298 38 13 871 314 22 17 670 474 517 828 0 37 415 357 743 903 878 597 655 0 181 471 1690 325 503 147 44 14 10 58 53 0 0 5 0 27 207 0 94 0 0 0 398 334 0 1206 94 333 72 0 1 0 0 0 0 0 0 0 0 17 0 7 151 157 234 85 112 134 153 156 158 160 141 151 170 169 6 6 21 0
1018 332 665 340 735 73 941 129 66 146 163 113 38 1252 0 112 48 3 0 248 150 117 96 81 480 25 150 16 165 71 70 0 4 58 47 208 132 57 64 0 0 0 25 0 7 56 0 25 25 26 25 0 183 141 0 0 6 2 0 0 120 143 43 2 134 0 4 9 9 10 7 0 0 0 65 10 0 0 171 115 128 23 33 168 106 56 4 0 0 70 0 0 0 0 0 0 0 0 42 8 33 106 0 0 0 0 0 0 390 0 19 0 0 0 0 37 44 32 194 369 58 70 66 57 69 123 1 90 89 0 0 95 0
2 4 7 1 2 3 2 5 5 8 6 5 4 212 2 2 2 0 0 47 43 0 2 2 11 3 5 2 2 2 3 1 0 3 0 3 15 0 3 0 0 0 15 0 0 8 0 15 15 14 15 0 0 3 1 0 6 3 3 0 0 0 3 0 0 9 40 2 2 2 2 0 0 0 0 0 0 0 2 1 8 0 1 66 0 0 33 0 0 0 0 0 0 0 0 0 0 0 7 0 0 14 0 0 0 0 0 0 0 0 4 0 0 0 32 4 5 0 0 0 0 0 0 0 0 0 0 0 0 0 0 0 0
4 4 7 1 3 6 3 6 5 10 6 6 6 6 10 21 1415 1 0 12 14 12 0 1 22 0 0 0 488 0 0 0 0 6 6 0 0 33 60 49 0 0 7 0 3 5 31 2 7 7 7 0 0 3 0 0 2 0 0 0 534 409 1 255 0 0 1 2 3 3 2 0 0 0 1 0 0 0 0 1 0 0 0 6 0 0 2 0 18 11 0 185 0 0 0 0 0 0 134 0 2 0 0 0 0 0 0 0 0 0 1 0 0 0 0 26 31 0 9 16 444 8 7 4 7 11 0 12 12 5 0 3 0
0 1 5 0 0 0 2 3 0 0 3 1 0 0 1 2402 6 10 4 4 5 0 3 0 37 0 0 0 0 9 0 0 3 0 0 0 1 0 8 7 0 0 0 0 0 0 0 0 0 0 0 0 29 0 0 0 0 0 0 0 0 1 11 0 1 0 0 0 0 0 0 0 0 47 1640 37 0 0 1 1 0 0 1 0 0 2519 0 0 0 0 0 0 0 0 0 0 0 0 16 597 2728 84 0 0 0 0 0 0 0 0 0 0 0 0 0 1 1 0 0 0 0 0 0 0 0 0 0 0 0 129 0 0 0
520 318 556 182 358 366 441 503 382 825 461 489 907 0 201 221 98 13 0 0 0 384 33 72 234 219 2 281 91 85 350 232 179 360 355 664 365 49 210 156 235 0 97 0 41 54 72 97 97 99 97 0 64 15 98 0 107 110 109 0 114 231 197 0 141 0 9 12 14 14 14 12 0 147 259 158 200 0 599 367 368 53 191 117 362 377 48 11 587 781 0 69 80 0 0 296 335 0 979 322 756 846 216 290 141 548 458 0 0 167 0 0 562 696 220 112 111 365 184 263 424 389 399 427 427 353 436 452 451 336 265 221 0
0 0 0 0 0 0 0 0 0 5 1 0 0 0 1 0 0 0 0 0 0 0 0 0 0 0 0 0 0 0 0 0 0 0 0 0 0 0 0 0 0 0 0 0 0 0 0 0 0 0 0 0 0 0 0 0 0 0 0 0 0 0 0 0 0 0 0 0 0 0 0 0 0 0 0 0 0 0 0 0 0 0 0 0 0 0 0 0 0 0 0 0 0 0 0 0 0 0 0 0 0 0 0 0 0 0 0 0 0 0 0 0 0 0 0 0 0 0 0 0 0 0 0 0 0 0 0 0 0 0 0 0 0
0 0 0 0 0 0 0 0 0 0 0 0 0 0 0 0 0 0 0 0 0 0 0 0 0 0 0 0 0 0 0 0 0 0 0 0 0 0 0 0 0 0 0 0 0 0 0 0 0 0 0 0 0 0 0 0 0 0 0 0 0 0 0 0 0 0 0 0 0 0 0 0 0 0 0 0 0 0 0 0 0 0 0 0 0 0 0 0 0 0 0 0 0 0 0 0 0 0 0 0 0 0 0 0 0 0 0 0 0 0 0 0 0 0 0 0 0 0 0 0 0 0 0 0 0 0 0 0 0 0 0 0 0
0 0 0 0 0 0 0 0 0 5 1 0 0 0 1 0 0 0 0 0 0 0 0 0 0 0 0 0 0 0 0 0 0 0 0 0 0 0 0 0 0 0 0 0 0 0 0 0 0 0 0 0 0 0 0 0 0 0 0 0 0 0 0 0 0 0 0 0 0 0 0 0 0 0 0 0 0 0 0 0 0 0 0 0 0 0 0 0 0 0 0 0 0 0 0 0 0 0 0 0 0 0 0 0 0 0 0 0 0 0 0 0 0 0 0 0 0 0 0 0 0 0 0 0 0 0 0 0 0 0 0 0 0
0 0 0 0 0 0 0 0 0 0 0 0 0 0 0 0 0 0 0 0 0 0 0 0 0 0 0 0 0 0 0 0 0 0 0 0 0 0 0 0 0 0 0 0 0 0 0 0 0 0 0 0 0 0 0 0 0 0 0 0 0 0 0 0 0 0 0 0 0 0 0 0 0 0 0 0 0 0 0 0 0 0 0 0 0 0 0 0 0 0 0 0 0 0 0 0 0 0 0 0 0 0 0 0 0 0 0 0 0 0 0 0 0 0 0 0 0 0 0 0 0 0 0 0 0 0 0 0 0 0 0 0 0
0 0 0 0 0 0 0 0 0 0 0 0 0 0 0 0 0 0 0 0 0 0 0 0 0 0 0 0 0 0 0 0 0 0 0 0 0 0 0 0 0 0 0 0 0 0 0 0 0 0 0 0 0 0 0 0 0 0 0 0 0 0 0 0 0 0 0 0 0 0 0 0 0 0 0 0 0 0 0 0 0 0 0 0 0 0 0 0 0 0 0 0 0 0 0 0 0 0 0 0 0 0 0 0 0 0 0 0 0 0 0 0 0 0 0 0 0 0 0 0 0 0 0 0 0 0 0 0 0 0 0 0 0
0 0 0 0 0 0 0 0 0 0 0 0 0 0 0 0 0 0 0 0 0 0 0 0 0 0 0 0 0 0 0 0 0 0 0 0 0 0 0 0 0 0 0 0 0 0 0 0 0 0 0 0 0 0 0 0 0 0 0 0 0 0 0 0 0 0 0 0 0 0 0 0 0 0 0 0 0 0 0 0 0 0 0 0 0 0 0 0 0 0 0 0 0 0 0 0 0 0 0 0 0 0 0 0 0 0 0 0 0 0 0 0 0 0 0 0 0 0 0 0 0 0 0 0 0 0 0 0 0 0 0 0 0
14 25 0 11 2 0 35 20 22 61 40 21 35 37 18 113 146 0 189 1 0 7 22 25 10 0 88 10 18 23 0 0 0 0 0 0 96 5 69 56 0 0 0 0 1 14 0 0 0 1 0 0 21 26 0 0 9 12 12 31 34 26 77 26 23 2696 0 0 0 0 0 505 8 0 98 19 8 0 0 5 0 0 0 0 0 0 0 0 0 0 0 10 0 2 0 0 5 0 11 6 18 25 0 0 0 0 42 0 0 0 0 0 0 0 0 6 6 0 17 0 0 5 0 0 0 8 0 3 0 13 8 35 0
40 53 425 14 3 93 46 27 29 78 55 26 45 47 24 143 190 0 238 317 269 8 31 192 19 565 111 88 23 33 76 212 71 73 0 0 122 78 87 0 0 227 280 280 279 167 229 280 280 278 280 0 60 34 113 63 72 16 0 260 47 36 101 110 258 3399 0 0 0 0 0 637 13 0 150 39 0 0 0 24 0 0 1 0 1905 0 0 0 0 55 0 100 0 109 69 292 12 0 55 28 35 124 0 106 0 47 216 196 0 82 138 0 472 156 377 403 402 0 116 73 308 238 0 23 0 92 0 117 0 249 128 210 0
0 0 5 0 0 0 0 0 0 1 0 0 0 1 0 0 0 0 0 0 0 0 0 1 0 2 1 0 0 0 0 0 0 0 0 0 0 0 0 0 0 0 0 0 0 0 0 0 0 0 0 0 0 0 0 0 0 0 0 0 0 0 0 0 0 0 0 0 0 0 0 0 0 0 0 0 0 0 41 0 0 0 16 0 0 0 0 0 0 0 0 0 0 0 0 0 0 0 0 0 0 0 0 0 0 0 0 0 0 0 0 0 0 0 0 1 1 0 0 0 0 0 0 0 0 0 0 0 0 0 0 0 0
121 173 2807 91 17 28 292 297 188 512 630 181 2830 310 148 0 792 0 70 95 80 34 246 702 64 1679 674 62 58 375 23 5 23 7 0 2033 464 42 399 206 22 0 1 0 2 109 0 2 0 4 2 0 151 315 272 0 558 707 709 37 157 109 463 161 212 271 0 0 0 0 0 40 63 67 203 32 13 0 25754 945 1075 1570 10122 2474 582 611 0 0 81 0 0 27 0 37 0 856 18 0 1 8 5 18 0 0 0 0 62 0 0 0 55 0 3 0 56 118 118 0 189 172 0 27 0 0 0 74 0 22 17 0 0 41 0
50 69 894 29 6 57 93 55 60 163 94 55 94 0 47 1 39 0 0 11 9 8 120 193 20 345 164 58 10 247 59 171 46 58 23 293 63 0 470 81 75 0 0 0 0 26 0 0 0 1 0 0 105 153 285 0 517 654 620 11 13 13 592 53 16 75 0 0 0 0 0 0 0 41 56 0 15 0 0 15 0 0 0 3 1156 1192 0 0 0 222 0 0 0 0 53 174 0 0 14 0 0 72 0 63 0 0 133 11 0 0 109 0 286 214 227 226 225 119 112 113 268 169 165 70 75 72 55 79 78 174 83 110 0
5 5 15 2 4 13 0 12 9 16 32 11 7 0 0 17 324 1 21 0 0 0 42 106 49 236 55 18 12 41 1 30 5 0 10 22 57 0 37 0 0 0 47 0 0 46 25 47 47 47 47 0 22 91 46 0 28 24 23 0 56 48 68 0 0 26 21 25 26 30 42 0 0 0 11 0 3 0 220 269 297 22 62 104 224 0 358 236 0 0 0 0 0 0 0 113 0 0 5 9 70 44 0 0 0 0 11 0 0 0 87 0 74 106 292 29 30 0 71 37 0 0 0 0 0 0 0 0 0 10 37 108 0
557 757 2246 453 741 133 736 203 134 371 398 208 107 1119 136 1363 186 0 0 672 496 4310 163 318 302 439 739 366 55 161 154 573 820 143 224 656 136 0 104 226 1151 305 671 0 610 443 620 670 671 667 670 3396 160 317 254 166 201 76 71 7 138 80 150 0 508 0 0 21 24 33 30 0 2758 269 227 236 426 3898 3323 6110 6844 371 855 3267 6842 7174 116 77 24 1306 0 0 552 0 303 2273 1828 0 396 237 225 273 364 338 812 23 343 1255 0 950 1792 0 1548 1422 342 1599 1595 583 671 966 776 752 771 811 831 749 829 854 850 938 867 971 0
84 2693 291 35 63 151 122 227 172 315 654 212 114 0 425 79 185 73 243 65 48 68 207 164 769 173 462 2449 18 219 161 200 7134 153 67 126 26 121 115 147 0 0 145 0 124 117 130 132 145 144 145 0 209 298 217 0 359 416 412 140 61 42 144 156 72 0 0 0 0 0 0 0 0 112 377 0 61 0 4 14 11 1 1 193 0 0 16 0 543 195 36 0 5612 0 0 0 0 0 139 76 61 26 0 9 0 0 572 0 1184 0 58 6007 158 58 263 222 226 248 353 757 241 276 282 284 288 321 266 308 306 512 122 298 0
90 107 344 59 107 44 103 298 291 533 248 312 193 0 279 571 98 5 22 333 475 80 26 36 71 57 81 54 5 38 35 42 93 45 65 144 594 10 123 92 0 23 282 0 273 157 261 276 282 280 281 0 98 62 35 212 118 74 73 186 13 37 125 52 418 178 600 2119 2007 1842 1263 705 13 104 74 37 39 0 131 480 364 18 27 8 267 229 95 72 1 281 0 0 0 0 0 0 0 0 2 147 450 871 0 0 0 0 11 0 0 0 290 0 0 0 44 66 66 97 101 147 525 522 440 410 297 212 262 183 190 46 131 109 0
2133 882 3375 621 1163 4992 1212 3015 2845 0 1826 3060 2372 0 2248 2825 1692 799 51 1593 1597 992 1452 1466 787 1817 11019 3205 2096 3283 4996 796 438 4992 3115 2691 482 4342 2319 2242 378 10580 10694 7778 10608 6146 10123 10680 10688 10597 10666 0 2037 2618 686 10249 7177 6216 6210 8617 2168 2159 2602 4391 1690 0 0 0 0 8412 0 0 1233 3526 29 1417 280 671 1 46 1 1 0 0 0 0 0 0 1502 216 816 753 132 0 379 1332 148 0 375 489 1003 357 0 3953 263 53 129 0 476 0 370 0 698 879 2340 946 942 544 2835 5631 77 132 126 100 138 1007 4 154 150 597 438 2158 0
43 36 54 7 0 218 23 32 0 9 75 20 100 130 3 1989 403 385 658 363 535 278 321 418 406 274 286 70 169 846 185 2 144 187 328 124 272 168 514 275 0 58 502 0 445 273 478 502 502 504 502 0 434 2635 1446 306 2073 2485 2496 562 356 195 441 242 723 6075 8311 4858 3177 3914 18161 7635 301 474 802 487 178 34 1509 541 78 852 237 64 214 0 396 305 0 256 0 68 138 0 0 172 44 0 177 759 1797 294 0 0 0 32 386 0 390 0 702 0 106 121 910 147 150 512 253 47 78 69 58 210 268 394 115 303 252 783 968 149 0
41 91 53 10 13 119 16 60 14 45 48 62 15 0 0 0 41 1 2 0 0 0 0 0 0 128 62 0 1 0 0 0 95 0 31 16 30 0 43 0 501 69 345 0 311 189 301 345 345 342 344 0 66 26 44 0 105 40 38 0 0 0 18 0 16 26 252 181 222 303 453 121 0 37 64 57 1377 0 3 4 2 1 1 4 7 0 25 0 0 0 0 15 98 0 0 0 0 0 69 829 247 1810 864 62 0 467 308 0 0 348 0 0 677 540 1025 14 18 0 39 66 2 18 15 7 16 27 0 24 23 140 1162 0 0
96 21 16 6 11 344 17 17 11 25 32 14 28 0 3 47 194 4771 4895 295 153 8 265 62 21 53 115 227 6 485 334 83 46 342 98 22 7 153 118 95 31 462 796 0 764 440 740 722 795 787 793 0 420 94 76 142 1291 1419 1399 406 8 38 194 0 294 538 18 40 39 47 37 0 0 158 191 237 1768 0 0 9 0 0 1 0 0 0 1 0 368 190 0 103 32 0 0 26 0 0 203 1053 229 811 0 280 0 0 130 0 0 0 0 0 48 67 0 35 35 195 186 267 263 238 243 260 261 242 255 279 279 287 1477 52 0
1962 712 1469 482 953 3704 1168 1367 1087 2293 1980 1339 2452 1464 1031 678 7798 1348 7239 7701 3778 1014 1776 1732 613 357 5218 2535 437 1481 3743 1747 293 3652 1295 1790 506 2727 2121 1804 232 0 2 0 0 764 142 0 0 15 7 0 1563 3702 1861 0 725 937 902 74 1063 885 2610 4431 4109 616 239 748 1757 1030 300 414 890 2561 2294 677 6045 556 1259 903 988 156 284 1033 985 943 7736 7738 2828 812 857 123 119 883 1471 559 429 0 2646 2698 812 2500 2707 3006 0 0 177 0 0 0 147 0 18 192 43 168 168 1144 3829 5793 969 896 919 981 980 1925 999 1038 1036 1039 4520 597 0
0 0 0 0 0 1 0 0 0 0 0 0 0 0 0 0 2 235 1456 0 0 0 0 0 0 0 0 0 0 0 0 0 0 0 0 0 0 0 0 0 0 0 0 0 0 0 0 0 0 0 0 0 0 0 0 0 0 0 0 0 0 0 0 0 0 0 0 0 0 0 0 0 0 0 0 0 0 0 0 0 0 0 0 2 0 0 17 0 0 0 0 0 0 0 0 0 0 0 0 0 0 0 0 0 0 0 0 0 0 0 0 0 0 0 0 1 1 0 0 0 0 0 0 0 0 0 0 0 0 0 0 0 0
11 2 0 5 0 44 1 2 0 0 5 0 26 0 6 110 77 2 4 12 20 5 231 145 0 0 28 0 0 135 0 0 0 43 0 0 6 0 175 17 0 266 513 0 490 274 480 0 513 507 511 0 500 390 653 0 442 421 418 203 0 0 227 23 13 0 5 4 4 24 1 0 0 0 32 20 0 0 457 2 0 0 0 0 0 0 0 0 708 0 0 0 0 0 0 0 0 0 723 0 35 45 0 0 0 0 0 0 0 0 0 0 0 0 0 3 3 9 12 27 10 15 18 8 11 18 0 18 18 19 33 0 0
0 0 0 0 0 1 0 0 0 0 0 0 0 0 0 0 0 0 0 1 1 0 0 0 0 0 0 0 0 0 0 0 0 0 0 0 0 0 0 0 0 0 3 0 0 1 0 0 3 2 3 0 5 3 3 0 4 4 0 0 0 0 0 0 0 0 0 0 0 0 0 0 0 0 0 0 0 0 4 0 0 0 0 0 0 0 0 0 32 0 0 0 0 0 0 0 0 0 21 0 0 0 0 0 0 0 0 0 0 0 0 0 0 0 0 0 0 0 0 0 0 0 0 0 0 0 0 0 0 0 0 0 0
20 23 78 15 21 11 20 92 0 70 46 97 22 0 21 0 8 9 12 0 0 0 0 0 1 0 10 0 2 7 0 0 0 0 6 0 4 0 6 0 0 0 40 0 37 22 0 39 39 39 39 0 10 7 9 0 19 13 13 0 2 2 4 0 5 0 0 0 0 5 0 0 0 0 0 3 0 0 0 0 0 0 0 0 0 0 19 0 0 0 0 0 0 0 0 0 0 0 6 0 31 0 0 0 0 0 0 0 0 0 11 0 2 0 11 6 7 0 7 12 0 0 0 0 0 365 0 0 0 163 0 0 0
506 224 248 88 176 458 384 210 0 311 311 192 291 361 243 132 265 2 11 144 117 119 262 425 461 711 954 393 241 365 469 782 319 463 203 74 38 369 226 227 6 1099 1830 0 1813 1085 1735 1790 1830 1813 1826 0 354 497 398 1607 809 534 528 1413 219 260 233 325 154 250 125 182 218 222 241 282 117 393 266 656 5625 0 237 147 152 35 38 40 142 84 794 772 2703 301 0 1899 819 201 592 0 11 0 1074 4446 3087 2267 0 0 0 0 428 0 522 0 812 0 96 0 72 50 50 148 545 851 310 60 58 49 64 216 400 70 69 479 4084 0 0
0 47 4 0 0 123 0 34 5 0 75 27 0 0 0 232 30 79 42 106 105 20 54 81 183 119 224 106 12 55 110 323 268 107 42 18 107 78 170 42 703 0 67 0 53 62 67 66 67 67 67 0 70 73 145 0 54 51 50 0 1 10 43 88 87 80 132 202 246 245 250 213 0 64 146 51 1015 0 47 34 29 5 13 26 16 0 565 525 0 262 0 0 208 0 189 0 0 0 144 535 157 497 425 0 0 948 1163 0 0 0 4044 0 1138 8 189 64 70 140 162 215 170 203 202 189 206 211 118 238 236 580 752 168 0
260 191 467 98 184 385 217 398 316 631 409 383 444 1018 288 248 268 13 52 329 111 198 243 280 569 341 539 291 191 183 377 957 166 391 250 392 410 339 317 148 184 1169 1346 585 1338 778 1280 1345 1346 1334 1343 0 407 403 648 1314 443 201 197 1087 213 216 343 366 126 118 118 434 284 443 123 42 171 293 291 229 232 0 495 486 543 54 132 133 530 502 373 353 64 262 0 319 142 0 794 133 471 292 466 264 346 203 196 49 0 858 0 511 671 0 537 0 3741 0 97 2281 2270 441 521 806 478 513 525 535 567 506 526 567 564 764 0 342 0
74 58 131 24 46 110 69 102 59 123 104 83 118 79 88 185 19 9 17 32 81 24 45 64 415 154 150 82 1 31 102 177 59 109 68 87 40 88 58 13 0 0 17 0 12 16 0 17 17 17 17 0 25 46 90 9 6 4 3 0 10 12 62 94 77 119 14 196 283 292 16 96 27 69 33 74 1635 0 24 43 74 3 23 91 16 0 53 29 117 58 0 124 48 0 0 0 8 85 132 1103 854 729 1367 0 0 0 0 0 0 0 22 0 0 0 38 474 479 108 115 196 141 156 158 158 169 145 136 176 175 283 498 98 0
57 14 51 1 1 231 21 31 3 1 34 11 2 0 11 46 52 0 57 0 1 16 43 9 398 0 1 133 18 42 202 0 24 227 37 1 0 173 0 25 0 0 161 0 145 87 152 161 161 160 161 0 34 15 14 152 110 95 95 127 21 32 83 199 9 0 0 0 0 0 0 0 12 127 26 1 127 0 1 4 2 0 0 1 0 0 4 0 0 0 0 0 0 0 0 0 0 0 7 162 97 0 0 0 382 6693 0 0 0 0 36 0 0 0 0 80 81 0 14 27 0 12 9 0 6 15 0 15 14 9678 0 146 0
531 477 1245 237 438 653 483 1059 889 1733 911 1041 964 0 304 518 223 12 5 79 89 252 149 711 1199 2303 107 534 12 176 625 3923 449 642 245 897 97 497 99 149 3374 0 68 0 50 45 123 68 68 71 69 0 357 53 1654 0 286 344 345 0 0 16 63 0 0 431 1663 2597 3186 3151 3101 1168 124 510 768 717 332 144 91 164 171 12 19 212 171 0 410 293 0 400 0 1666 1934 0 3598 1394 149 21 1390 232 89 258 395 788 0 614 2215 0 1751 2754 530 0 1132 797 623 3143 3131 654 402 628 781 877 901 910 949 722 902 958 955 1493 1179 4748 0
117 228 324 10 19 418 135 204 46 82 262 108 37 0 23 312 95 65 198 610 645 794 182 48 2140 17 142 405 34 128 391 162 570 402 190 24 11 8 79 100 658 0 0 0 0 12 0 0 0 2 1 0 53 70 81 0 95 120 109 0 60 58 98 367 564 152 0 306 349 378 0 331 676 0 112 3 98 395 138 240 232 19 26 239 226 207 361 321 553 220 306 0 350 0 0 288 287 89 31 66 34 77 0 115 0 2 302 0 0 487 31 0 76 0 210 338 351 125 143 289 136 150 151 149 161 156 117 174 172 891 321 240 0
2488 404 192 51 85 9886 163 215 235 289 173 154 181 0 123 12 147 11 268 37 37 43 73 154 38 282 130 6225 1 107 9381 940 723 9662 2314 126 670 7664 109 86 1012 68 193 0 185 130 191 193 193 193 193 0 156 154 411 158 148 136 136 203 261 332 408 8157 190 16 17 24 29 30 33 32 60 5472 157 131 4090 0 485 789 891 75 68 354 868 0 3739 3707 192 276 0 99 558 8317 1207 0 99 98 314 2479 554 4513 3745 7723 3017 3144 2319 0 0 0 275 0 626 0 377 368 373 145 249 448 184 194 197 201 216 210 189 219 217 4728 3019 488 0
0 0 0 0 0 0 4 132 0 0 332 9 2616 0 5 24 0 0 202 3 9 474 1 4 0 0 0 0 1 0 0 0 0 0 22 1434 1 0 0 0 0 0 24 0 3 13 10 24 24 24 24 0 5 16 16 0 6 1 0 0 8 4 5 0 1 301 192 177 200 200 229 0 373 0 0 0 30 386 17 34 1 26 2 0 7 0 1 0 0 0 0 0 0 0 0 160 168 0 5 15 8 0 0 0 0 0 0 0 0 0 0 0 0 0 53 10 9 0 0 0 0 0 0 0 0 1 0 1 0 0 0 124 0
1775 2226 2799 668 1254 2621 1362 2491 2130 4256 2837 2512 3042 2583 1326 591 828 0 276 695 370 1803 1083 1778 1096 2659 2808 2933 131 1153 2610 5566 3667 2597 1108 2382 788 2041 833 655 3986 626 907 0 884 973 973 906 906 909 908 0 1060 1839 2898 804 1165 1241 1238 729 422 264 851 2327 468 839 1026 2523 2594 2058 1224 1036 1477 1868 1774 894 829 1624 2143 1476 1595 212 627 1669 1583 1590 4508 4483 534 1604 993 0 3623 2329 5106 2078 901 467 1805 1917 3532 3566 1160 2753 3627 5557 9147 2552 1044 3451 5431 0 2613 1509 965 3155 3207 1450 2363 3268 1787 1716 1763 1859 1885 2011 1905 1955 1950 8570 1613 1582 0
24 181 155 38 17 91 36 6 4 0 48 3 7 0 34 19 15 8 62 64 42 2 105 46 64 117 150 206 1 209 90 69 491 93 24 0 188 56 16 0 0 0 1233 0 1160 683 1006 1231 1232 1219 1229 0 170 29 36 1044 678 527 526 597 14 5 13 77 57 44 28 38 44 47 56 72 0 58 43 12 6 0 51 1 0 3 20 20 0 0 139 0 0 0 0 0 369 0 0 0 0 0 13 23 33 0 0 0 0 191 1108 0 0 0 9 0 0 0 0 151 150 57 61 79 57 95 95 90 98 98 55 111 110 1089 0 77 0
27 66 124 27 16 155 42 11 5 0 28 2 7 0 44 30 161 11831 37 63 1937 41 25 205 113 52 1 90 7 47 134 104 204 134 40 35 596 117 48 0 0 0 31 0 26 23 27 31 31 34 32 0 47 38 837 0 70 81 80 184 0 23 43 130 1619 62 169 114 114 133 244 88 29 92 115 57 752 0 3361 128 70 167 71 51 214 0 277 161 0 0 0 0 270 0 0 0 0 0 49 490 124 1117 680 0 351 895 450 0 114 63 181 0 470 0 243 89 88 381 54 135 0 14 9 0 10 29 0 21 20 346 588 698 0
0 0 0 0 2 6 0 7 1 0 10 5 4 1 13 0 9 0 885 0 0 2 0 0 0 26 0 0 1 0 0 0 0 0 0 0 242 0 6 0 0 116 388 0 372 212 278 387 387 383 386 0 29 26 7 0 89 8 6 257 4 1 5 7 2 0 0 5 9 10 0 0 0 14 0 4 16 0 14 3 2 1 5 2 1 0 62 0 0 0 0 0 0 0 0 0 24 0 10 2 10 0 0 0 0 0 8 0 0 0 0 0 274 0 0 8 7 0 27 39 0 0 0 0 0 8 0 0 0 407 0 0 0
0 0 0 0 0 0 0 0 0 0 0 0 0 0 0 0 0 0 0 0 0 0 0 0 0 0 0 0 0 0 0 0 0 0 0 0 0 0 0 0 0 0 0 0 0 0 0 0 0 0 0 0 0 0 0 0 0 0 0 0 0 0 0 0 0 0 0 0 0 0 0 0 0 0 0 0 0 0 0 0 0 0 0 0 0 0 0 0 0 0 0 0 0 0 0 0 0 0 0 0 0 0 0 0 0 0 0 0 0 0 0 0 0 0 0 0 0 0 0 0 0 0 0 0 0 0 0 0 0 0 0 0 0
0 0 0 0 0 0 0 0 0 0 0 0 0 0 0 0 0 0 0 0 0 0 0 0 0 0 0 0 0 0 0 0 0 0 0 0 0 0 0 0 0 0 0 0 0 0 0 0 0 0 0 0 0 0 0 0 0 0 0 0 0 0 0 0 0 0 0 0 0 0 0 0 0 0 0 0 0 0 0 0 0 0 0 0 0 0 0 0 0 0 0 0 0 0 0 0 0 0 0 0 0 0 0 0 0 0 0 0 0 0 0 0 0 0 0 1 0 0 0 0 0 0 0 0 0 0 0 0 0 0 0 0 0
21 12 16 11 10 45 13 18 6 17 19 19 11 15 1 10 31 23 0 11 7 0 22 28 26 35 32 28 12 22 43 28 12 43 4 12 17 0 32 0 0 0 88 0 51 57 0 88 88 87 88 0 0 26 22 0 35 21 12 0 0 0 32 0 0 0 16 21 24 31 19 0 0 0 435 8 16 0 776 266 296 64 198 219 219 56 448 313 0 1413 0 0 0 0 0 4 0 0 24 0 15 22 0 0 0 0 17 0 0 0 52 0 0 0 29 57 62 0 708 893 940 1477 1363 1166 1416 1517 0 1895 1877 8 48 19 23
0 0 0 0 0 0 0 0 0 0 0 0 0 0 0 0 2 1 0 0 0 0 0 0 0 0 0 0 0 0 0 0 0 0 0 0 0 0 2 0 0 0 7 0 0 5 0 7 7 7 7 0 0 1 0 0 2 1 1 0 0 0 1 0 0 0 227 1 2 2 1 0 0 0 3 0 0 0 79 21 20 6 17 50 0 0 34 0 0 0 0 0 0 0 0 0 0 0 1 0 0 0 0 0 0 0 0 0 0 0 0 0 0 0 0 26 29 0 0 0 0 0 0 0 0 2 0 0 0 0 0 0 1
3 1 0 1 0 11 0 1 0 1 2 2 0 2 0 0 5 2 0 0 0 0 3 4 4 5 4 2 2 0 0 0 0 0 0 0 2 0 6 0 0 0 18 0 0 11 0 18 18 18 18 0 0 3 2 0 6 2 2 0 0 0 4 0 0 0 2 3 5 1 3 0 0 0 27 0 2 0 188 52 57 14 41 81 19 0 85 0 0 0 0 0 0 0 0 0 0 0 3 0 1 0 0 0 0 0 0 0 0 0 3 0 0 0 0 32 40 0 39 0 0 0 0 0 0 94 0 97 85 0 0 0 2
20 9 11 7 6 56 9 13 0 12 13 13 5 10 0 6 15 15 11 6 3 0 14 19 19 30 20 31 10 14 52 17 8 53 0 9 12 27 14 0 0 0 43 0 0 29 10 43 43 43 43 0 14 16 15 0 20 13 13 0 0 0 10 0 0 0 9 11 13 17 11 0 0 0 287 0 11 0 352 127 139 30 96 70 61 0 210 66 0 954 0 0 0 0 0 0 0 0 16 0 14 15 0 0 0 0 8 0 0 0 36 0 0 11 34 60 63 0 456 523 0 827 637 284 646 989 0 1214 1191 0 32 11 16
5 1 2 2 0 14 1 3 0 1 3 3 0 3 0 0 4 4 0 0 0 0 3 5 5 8 5 3 2 3 12 1 1 12 0 1 3 0 4 0 0 0 12 0 0 8 0 12 12 12 12 0 3 4 4 0 5 4 3 0 0 0 0 0 0 0 3 3 3 5 3 0 0 0 63 0 3 0 105 37 41 9 28 27 0 0 61 0 0 221 0 0 0 0 0 0 0 0 3 0 3 4 0 0 0 0 0 0 0 0 6 0 0 0 8 17 18 0 94 38 0 0 0 0 0 220 0 0 221 0 5 0 4
8 3 4 3 1 24 3 5 0 3 6 6 0 5 0 0 8 7 0 0 0 0 6 8 9 13 9 9 4 6 21 4 3 21 0 2 5 0 7 0 0 0 21 0 0 14 0 21 21 21 21 0 6 7 7 0 9 6 5 0 0 0 2 0 0 0 4 5 6 8 5 0 0 0 123 0 5 0 182 64 70 15 48 47 26 1390 105 18 0 398 0 0 0 0 0 0 0 0 6 0 5 7 0 0 0 0 0 0 0 0 13 0 0 0 14 31 33 0 182 154 0 198 0 0 0 406 0 476 455 0 12 0 7
18 7 9 6 4 52 7 11 0 9 11 11 2 8 0 4 11 12 7 2 0 0 11 16 16 26 15 27 8 11 48 12 6 49 0 6 9 24 10 0 0 0 31 0 0 21 0 31 31 31 31 0 10 12 12 0 15 11 10 0 0 0 4 0 0 0 7 8 9 13 8 0 0 0 225 0 9 0 250 91 98 22 70 46 86 0 149 105 0 753 0 0 0 0 0 0 0 0 13 0 12 12 0 0 0 0 3 0 0 0 28 0 0 3 30 37 42 0 351 379 0 579 378 0 373 768 0 933 910 0 24 5 13
10 4 5 3 1 30 4 6 0 4 6 6 0 5 0 1 8 7 2 0 0 0 7 9 10 15 10 12 5 7 26 5 3 27 0 2 6 6 7 0 0 0 21 0 0 14 0 21 21 21 21 0 6 8 7 0 10 7 6 0 0 0 1 0 0 0 5 5 6 8 5 0 0 0 135 0 5 0 179 63 69 15 48 34 56 7921 105 61 0 440 0 0 0 0 0 0 0 0 8 0 7 7 0 0 0 0 0 0 0 0 15 0 0 0 17 26 30 0 201 175 0 230 23 0 0 447 0 527 504 0 13 0 8
1 0 0 0 0 4 0 0 0 0 1 1 0 0 0 0 1 1 0 0 0 0 0 0 0 0 0 0 0 0 0 0 0 0 0 0 0 0 1 0 0 0 3 0 0 2 0 3 3 3 3 0 0 1 1 0 1 1 0 0 0 0 0 0 0 0 1 0 1 0 1 0 0 0 6 0 0 0 33 10 11 3 8 8 0 0 17 0 0 8 0 0 0 0 0 0 0 0 1 0 0 0 0 0 0 0 0 0 0 0 0 0 0 0 0 8 9 0 0 0 0 0 0 0 0 0 0 0 0 0 0 0 1
54 23 30 18 19 149 24 34 15 33 33 34 22 26 6 19 34 38 35 26 20 2 34 49 49 80 48 92 25 34 141 49 21 144 29 25 30 102 31 0 0 0 97 0 0 66 61 97 97 96 97 0 35 39 37 0 47 33 33 0 0 3 30 0 0 0 22 25 30 40 26 0 0 0 726 15 27 0 749 276 301 65 211 131 293 188 457 403 0 2452 0 0 0 0 0 29 0 0 41 18 39 37 0 0 0 0 37 0 0 0 95 0 0 56 91 85 89 316 1189 1516 1785 2527 2374 2118 2472 2547 0 3190 3164 21 85 53 39
1 0 0 0 0 6 0 1 0 0 1 1 0 1 0 0 1 1 0 0 0 0 1 2 2 3 2 0 1 1 3 0 0 3 0 0 1 0 1 0 0 0 4 0 0 3 0 4 4 4 4 0 0 1 1 0 2 1 1 0 0 0 0 0 0 0 1 0 1 0 0 0 0 0 19 0 1 0 33 12 13 3 9 6 0 0 19 0 0 47 0 0 0 0 0 0 0 0 2 0 1 1 0 0 0 0 0 0 0 0 0 0 0 0 2 5 6 0 5 0 0 28 0 0 0 35 0 0 0 0 0 0 1
2 0 1 0 0 8 0 1 0 0 1 1 0 1 0 0 2 2 0 0 0 0 1 2 2 4 2 0 1 1 5 0 0 5 0 0 1 0 2 0 0 0 5 0 0 3 0 5 5 5 5 0 1 2 2 0 2 2 1 0 0 0 0 0 0 0 1 1 1 0 1 0 0 0 24 0 1 0 42 15 16 4 11 8 1 1333 24 0 0 66 0 0 0 0 0 0 0 0 2 0 1 1 0 0 0 0 0 0 0 0 0 0 0 0 3 8 10 0 14 0 0 0 0 0 0 53 0 23 0 0 0 0 2
27 72 60 40 60 12 30 66 66 98 57 69 45 0 24 74 25 1025 14 12 11 5 0 79 0 302 6 0 35 1 0 0 75 0 17 42 84 13 0 0 0 0 21 0 0 16 0 21 21 21 21 0 6 9 5 0 6 2 1 0 18 31 8 12 10 0 0 3 5 5 4 2 0 3 11 0 0 0 86 41 41 24 28 37 0 0 94 5 0 0 0 0 0 0 0 0 0 0 3 0 15 0 0 0 0 0 0 0 0 0 9 0 0 0 0 28 29 0 14 18 2 13 10 6 11 18 0 19 18 0 0 0 0
43 40 96 21 31 45 30 75 0 68 44 78 30 0 35 981 10 6 3 4 4 1 5 25 5 71 0 0 8 8 0 0 25 33 5 0 3 30 24 0 0 0 101 0 74 57 54 101 101 100 101 0 14 18 24 0 28 9 8 60 5 12 4 7 0 0 75 14 25 28 22 2 0 22 7 11 28 0 16 17 20 2 3 50 0 0 114 44 0 0 0 0 0 0 0 0 0 0 8 0 341 117 0 0 2 0 635 0 0 0 67 0 41 0 94 25 25 0 24 52 0 0 0 0 0 9 0 1 0 3471 0 0 0
0 2 0 0 0 2 0 0 0 0 3 0 0 0 0 0 3 1 0 0 0 1 3 122 2 424 2 0 28 5 0 360 12 0 0 0 46 0 5 0 0 0 7 0 0 5 0 0 7 7 7 0 0 0 145 0 4 4 0 0 15 23 1 0 0 34 22 16 25 25 45 28 0 0 0 0 1350 0 3 4 4 0 1 2 0 0 32 0 0 0 0 0 0 0 0 216 0 0 10 720 145 544 936 0 0 0 0 0 0 0 0 0 0 0 72 51 54 0 14 19 0 11 7 0 7 14 0 17 17 3 1026 0 0
0 0 0 0 0 0 0 0 0 0 0 0 0 0 0 0 0 0 0 0 0 0 0 0 0 0 0 0 0 0 0 0 0 0 0 0 0 0 0 0 0 0 0 0 0 0 0 0 0 0 0 0 0 0 0 0 0 0 0 0 0 0 0 0 0 0 0 0 0 0 0 0 0 0 0 0 0 0 0 0 0 0 0 0 0 0 0 0 0 0 0 0 0 0 0 0 0 0 0 0 0 0 0 0 0 0 0 0 0 0 0 0 0 0 0 0 0 0 0 0 0 0 0 0 0 0 0 0 0 0 0 0 0
