155
0 0 0 0 0 0 0 0 0 72 301 7 8 0 4 0 0 0 0 0 0 0 0 0 0 0 0 0 0 0 0 0 0 0 0 0 0 0 1 0 2 0 3446 16 21 15 0 212 21 0 3 0 1 0 0 0 0 0 1 0 1 0 0 0 0 0 0 0 0 0 566 0 178 0 30 21 0 0 0 0 0 0 0 0 0 0 0 0 0 0 0 0 0 0 0 0 0 0 0 2 0 0 0 0 0 0 0 0 0 0 0 0 0 0 0 0 0 0 0 0 0 0 0 0 0 0 0 0 0 0 0 0 0 0 0 0 0 0 0 0 0 0 0 0 0 0 0 0 0 0 0 0 0 0 1
0 0 425 9 9 21 16 1 100 21 4 102 43 0 6 0 0 6 6 5 6 6 0 0 0 27 0 12 90 23 29 7 0 0 0 0 0 14 6 0 8 0 50 7 507 0 32 17 271 0 14 0 2 0 0 1 0 0 2 0 3 0 1 1 0 1 1 1 1 0 1166 0 0 0 191 133 0 0 0 0 0 0 0 0 0 0 0 0 0 0 0 0 0 0 0 0 3 0 0 0 0 5 0 0 0 3 0 0 0 0 0 0 0 0 0 4 0 0 0 0 0 1 0 0 0 0 0 0 0 0 0 6 0 0 0 0 0 0 0 0 0 0 0 0 0 0 0 0 0 0 0 11 0 0 64
0 0 0 7 7 16 13 5 2553 135 368 3432 174 782 1501 0 0 6 6 5 6 6 0 0 0 29 0 13 96 25 31 8 0 0 1 0 69 14 8 4 4 0 76 0 863 0 46 27 350 0 20 0 4 10 0 2 0 0 4 0 6 0 1 1 1 1 2 2 2 0 1737 76 350 0 287 199 0 0 2 0 0 0 0 1 0 0 1 0 0 0 0 0 1 1 0 0 6 0 0 16 0 9 0 0 0 4 0 0 0 0 0 0 0 0 0 5 0 0 0 0 0 1 0 0 0 0 0 0 0 0 0 0 0 0 0 0 0 0 0 0 0 0 0 0 0 0 0 0 0 0 0 0 0 0 41
2 0 0 0 1 2 1 84 0 4 4 16 8 2 4 664 310 210 210 210 210 210 0 0 0 19 0 20 168 44 106 39 2 1 64 0 0 13 6 0 6217 267 570 93 4249 6165 337 130 33 0 1 0 7 0 0 9 3 0 40 0 44 0 32 7 0 6 10 10 10 0 323 0 0 0 15 19 203 0 0 0 0 0 0 19 11 40 23 3 4 0 6 0 63 16 0 0 20 0 0 0 0 0 3797 0 0 33 0 0 0 0 0 0 0 0 0 23 0 0 427 10 0 5 0 0 0 0 0 0 0 0 0 210 0 169 0 157 72 56 0 0 78 0 0 0 0 83 0 0 86 0 85 37 98 195 2950
0 0 0 0 0 0 0 12 0 0 2 9 6 14 2 92 61 33 33 33 33 33 0 0 0 4 0 4 35 9 22 8 0 0 13 0 0 7 4 0 29 0 234 0 1064 25 138 51 8 0 0 0 1 0 0 1 0 0 6 0 7 0 5 1 1 1 1 2 1 0 8 0 0 0 2 4 37 0 0 0 0 0 0 3 2 7 3 0 1 0 1 0 7 2 0 0 7 0 0 0 0 0 5507 0 0 5 0 0 0 0 0 0 0 0 0 2 0 0 21 2 0 25 0 25 0 0 0 0 0 0 0 0 0 14 0 21 10 6 8 9 18 9 10 7 0 18 0 8 19 9 19 0 5 26 1
3 0 0 0 467 0 0 8 0 5 1 14 3 0 3 70 45 22 22 22 22 22 0 0 0 3 0 3 26 7 16 6 0 0 10 0 90 8 4 0 218 0 323 26779 0 187 17 7695 8 0 0 0 2 0 0 1 0 0 9 0 7 0 8 1 1 1 1 1 1 0 3 0 0 1 1 2 108 0 0 0 0 0 0 1 2 11 2 0 0 0 0 0 3 1 0 0 3 0 136 0 0 0 6112 0 40883 3 0 0 0 0 0 0 0 0 0 8 0 0 0 2 0 1 0 0 0 0 0 0 0 0 0 0 0 8 0 15 8 1 0 0 12 0 0 0 0 13 0 0 13 0 13 0 0 13 1
0 0 0 0 0 0 0 0 0 38 38 61 9 0 37 0 73 0 0 0 0 0 0 0 0 4 0 2 159 10 82 7 0 0 13 1 38 73 30 35 0 0 0 0 0 0 0 0 1595 37 64 0 1 25 0 0 0 0 10 0 6 0 5 0 0 0 0 1 0 0 21 0 0 0 11 17 0 0 0 0 0 0 0 0 1 7 0 0 0 0 0 0 0 0 0 0 36 0 0 0 0 0 7649 0 0 0 0 0 0 0 0 0 0 0 0 3 0 0 0 1 0 1 0 0 0 0 0 0 0 0 0 0 0 0 0 0 0 0 0 0 17 0 0 0 0 18 0 0 19 0 19 0 0 0 57
1 0 0 0 0 0 0 0 0 1028 2042 2677 238 0 1653 314 159 80 80 79 80 80 0 0 0 9 0 10 76 20 48 18 1 1 29 1 0 3 4 0 18 0 32 0 381 0 0 29765 45 0 6 0 1 0 0 5 1 0 11 0 16 0 8 4 3 3 5 5 5 0 5 1 12 0 4 8 0 0 0 0 0 0 1 0 0 7 8 0 1 0 0 0 0 0 0 0 0 0 0 193 0 0 2662 1 0 9 0 0 0 0 0 0 0 0 0 0 0 0 0 1 0 1 0 0 0 0 0 0 0 0 0 66 0 2 0 0 10 0 0 13 36 14 14 6 10 37 0 11 38 13 38 3 0 0 919
3 0 0 31 21 59 57 331 0 71 84 421 780 971 52 20 0 4 4 4 4 4 0 0 0 16 0 7 51 13 16 4 0 0 1 0 64681 0 24 29 203 0 0 23 0 0 0 0 1507 1011 3200 0 0 24 32 36 10 0 53 0 110 0 28 28 27 22 37 36 37 0 243 21 146 0 64 79 0 0 0 0 0 0 9 75 13 15 94 12 14 0 17 0 264 61 0 0 37 0 0 0 0 0 0 0 0 0 0 0 0 0 0 0 0 0 0 59 0 0 0 15 0 7 0 0 0 0 0 0 0 0 0 0 0 226 0 0 0 0 0 0 0 0 0 0 0 0 0 0 0 0 0 0 0 0 0
0 0 0 0 26 0 0 0 0 0 0 13 13 0 0 0 334 1 1 1 1 1 0 0 0 3 0 4 28 7 18 7 0 0 7 0 0 96235 0 0 0 0 0 0 0 0 0 0 179 94 285 0 0 0 0 0 0 0 1 0 0 0 0 0 0 0 0 0 0 0 2 0 0 0 4 4 0 0 0 0 0 0 0 0 0 0 0 0 0 0 0 0 0 0 0 0 0 0 0 0 0 0 0 0 0 4 0 0 0 0 0 0 0 0 0 66 0 0 0 4 0 3 0 0 0 0 0 0 0 0 0 0 0 20 0 14 146 0 0 0 0 0 0 0 0 0 0 0 0 0 0 0 27 0 0
0 0 0 0 0 0 0 0 0 3 0 24 67 0 0 0 0 1 1 0 1 1 0 0 0 3 0 1 8 2 3 1 0 0 0 0 0 3 97588 0 26 0 3 0 0 0 10 1 38 104 350 0 0 0 0 13 4 0 18 0 40 0 11 10 0 8 14 13 14 0 1 1 0 0 9 18 0 0 0 0 0 0 0 28 5 6 35 5 5 0 6 0 98 22 0 0 1 0 0 0 0 0 0 0 0 0 0 0 0 0 0 0 0 0 0 9 0 0 0 7 0 3 0 0 0 0 0 0 0 0 0 0 0 2 0 0 0 0 0 0 0 0 0 0 0 0 0 0 0 0 0 0 0 0 0
0 0 0 0 0 0 0 0 0 0 0 0 0 0 0 0 0 4 4 2 4 4 0 0 0 43 0 19 140 17 45 5 0 0 2 0 0 0 0 0 0 0 0 0 0 0 0 0 0 0 0 0 0 0 0 0 0 0 0 0 0 0 0 0 0 0 0 0 0 0 0 0 0 0 0 0 0 0 0 0 0 0 0 0 0 0 0 0 0 0 0 0 0 0 0 0 0 0 0 0 0 0 0 0 0 3 0 0 0 0 0 0 0 0 0 0 0 0 0 0 0 0 0 0 0 0 0 0 0 0 0 0 0 0 0 0 0 0 0 0 0 0 0 0 0 0 0 0 0 0 0 0 0 0 380
0 0 0 0 0 0 0 0 0 0 0 5 0 0 5 0 0 0 0 0 0 0 0 0 0 0 0 0 1 1 0 0 0 0 0 0 0 0 0 4649 7 0 0 0 0 0 0 0 45 32 88 0 0 0 0 0 0 0 0 0 0 0 0 0 0 0 0 0 0 0 1 3 0 0 0 0 0 0 0 0 0 0 0 0 0 0 0 0 0 0 0 0 0 0 0 0 0 0 0 0 0 0 0 0 0 0 0 0 0 0 0 0 0 0 0 0 0 0 0 0 0 0 0 0 0 0 0 0 0 0 0 0 0 24 0 0 0 0 0 0 0 0 0 0 0 0 0 0 0 0 0 0 0 0 0
23 0 0 0 0 3 4 234 0 10 11 31 47 0 1 473 613 141 141 141 141 141 0 0 0 26 0 33 235 61 148 57 4 1 81 4 0 2 2 0 8 39957 69 0 0 42 0 160 4462 146 348 26 2 211 33 26 7 0 50 0 87 0 21 20 6 16 27 27 27 0 588 46 324 0 150 154 97 0 29 0 0 12 10 54 9 11 68 9 10 80 16 0 189 45 0 0 62 0 0 0 0 0 5 0 0 33 0 0 0 0 0 0 0 0 0 9 0 0 656 26 0 14 0 0 0 0 0 0 0 0 0 28 0 89 0 30 0 0 10 12 2 12 13 2 0 1 0 11 1 12 1 0 0 222 0
0 0 0 0 0 0 0 0 0 1 0 1 0 0 0 0 0 3 3 3 3 3 0 0 0 14 0 6 45 12 14 4 0 0 2 0 0 0 0 0 0 0 0 0 0 0 3 1 0 0 2 0 0 0 3 8 2 0 10 0 23 0 6 6 0 5 8 8 8 0 1 1 0 0 5 10 0 0 0 0 0 0 0 16 3 3 20 3 3 0 0 0 56 13 0 0 2 0 0 0 0 0 0 0 0 0 0 0 0 0 0 0 0 0 0 917 0 0 0 0 0 0 0 0 0 0 0 0 0 0 0 0 0 0 0 0 0 0 0 0 0 0 0 0 0 0 0 0 0 0 0 0 0 0 0
6 19 8 0 0 0 21 0 0 391 26 29 5 0 14 0 62 26 26 26 26 26 27 17 18 85 0 1 8 2 5 2 0 0 2 0 2 1 1 1 0 0 1 0 0 0 0 0 754 23 21 5735 12557 214 0 1 1 0 8 0 6 0 6 1 0 1 1 2 1 0 110 0 32 0 76 69 10 154 8 0 0 0 0 7 3 9 1 3 3 24 0 0 0 0 0 0 303 0 0 0 0 0 0 0 0 3466 0 0 0 0 0 0 0 0 0 0 0 0 0 3 0 1 0 0 0 0 0 0 0 0 0 0 0 22 0 3 0 0 3 5 31 5 5 2 0 33 0 4 34 4 34 0 0 0 0
0 1 1502 0 0 0 0 0 8 0 0 4 1 0 0 0 0 0 0 0 0 0 0 0 0 0 0 0 0 0 0 0 0 0 0 0 6 4 2 5 134 0 368 40 0 0 51049 3 0 0 122 0 0 0 0 0 0 0 0 0 0 0 0 0 0 0 0 0 0 0 4 0 0 0 0 4 0 0 0 0 0 0 0 0 1 1 1 1 2 0 0 0 0 0 0 0 0 0 0 0 0 0 0 0 0 0 0 0 0 0 0 0 0 0 0 694 0 0 53 13 0 6 0 0 0 0 0 0 0 0 0 0 0 0 0 0 0 0 0 0 0 0 0 0 0 0 0 0 0 0 0 0 24 0 0
0 0 0 0 0 0 0 0 0 0 0 0 0 0 0 0 0 0 0 0 0 0 0 0 0 0 0 0 0 0 0 0 0 0 0 0 0 0 0 0 0 0 0 0 0 0 0 0 0 0 0 0 0 0 0 0 0 0 0 0 0 0 0 0 0 0 0 0 0 0 0 0 0 0 0 0 0 0 0 0 0 0 0 0 0 0 0 0 0 0 0 0 0 0 0 0 0 0 0 0 0 0 0 0 0 0 0 0 0 0 0 0 0 0 0 0 0 0 0 0 0 0 0 0 0 0 0 0 0 0 0 0 0 0 0 0 0 0 0 0 0 0 0 0 0 0 0 0 0 0 0 0 0 0 0
0 0 0 0 0 0 0 0 0 0 0 0 0 0 0 0 0 0 0 0 0 0 0 0 0 0 0 0 0 0 0 0 0 0 0 0 0 0 0 0 0 0 0 0 0 0 0 0 0 0 0 0 0 0 0 75385 18104 0 0 0 0 0 0 0 0 0 0 0 0 0 0 0 0 0 0 0 0 0 5 6 0 0 0 0 279 0 0 0 0 0 0 0 0 0 0 0 0 0 0 0 0 0 0 0 0 0 0 0 0 0 72626 0 0 0 0 0 0 0 0 0 0 0 0 0 0 0 0 0 0 0 0 0 0 0 0 0 0 0 0 0 0 0 0 0 0 0 0 0 0 0 0 0 0 0 0
2 0 0 0 0 0 0 0 0 0 0 0 1 0 0 0 0 0 0 0 1 1 38 0 0 199 7 138 616 990 268 59 1058 2352 1590 11603 477 3 4 693 150 1606 2560 38 174 155 25 14 508 56 337 92 34 35 0 6 3 0 170 0 111 0 57 6 0 6 6 12 5 0 4297 528 3770 11 236 682 833 11430 6289 1177 2321 1838 0 584 4064 4074 3420 3147 3303 0 0 3 0 227 0 0 91 91418 0 0 0 29 0 0 26 13 0 0 0 0 0 0 0 6 0 0 0 0 0 0 0 0 0 0 0 0 0 0 0 0 0 0 5 0 3 0 0 0 0 0 0 0 0 0 0 0 0 0 0 0 0 0 0 0 0
0 0 0 0 0 0 0 0 0 0 0 0 0 0 0 0 0 0 0 0 0 0 2 0 0 0 0 0 1 4 1 0 4 11 0 54 0 0 0 0 0 0 0 0 0 0 0 0 0 0 0 3 3 0 0 0 0 0 0 0 0 0 0 0 0 0 0 0 0 0 0 0 0 0 0 15 0 42 33 7 0 0 0 17 115 118 101 93 0 0 0 0 0 0 0 0 0 0 0 0 0 0 0 0 0 0 0 0 0 0 0 0 0 0 0 0 0 0 0 0 0 0 0 0 0 0 0 0 0 0 0 0 0 0 0 0 0 0 0 0 0 0 0 0 0 0 0 0 0 0 0 0 0 0 0
0 0 0 0 0 0 0 0 0 0 0 0 0 0 0 0 0 0 0 0 0 0 0 0 0 0 0 0 0 0 0 0 0 0 0 0 0 0 0 0 0 0 0 0 0 0 0 0 0 0 0 0 0 0 0 0 0 0 0 0 0 0 0 0 0 0 0 0 0 0 0 0 0 0 0 0 0 0 0 0 0 0 0 0 0 0 0 0 0 0 0 0 0 0 0 0 0 1249 0 0 0 0 0 0 0 0 0 0 0 0 0 0 0 0 0 0 0 0 0 0 0 0 0 0 0 0 0 0 0 0 0 0 0 0 0 0 0 0 0 0 0 0 0 0 0 0 0 0 0 0 0 0 0 0 0
0 0 0 0 0 0 0 0 0 0 0 0 0 0 0 0 0 0 0 0 0 0 0 0 0 0 0 0 0 0 0 0 0 0 0 0 0 0 0 0 0 0 0 0 100 0 0 0 0 0 0 0 0 6 0 0 46856 59572 42308 58695 35541 55562 53337 56735 56928 57826 55096 54916 55084 0 0 0 0 0 0 6 0 0 412 526 46 0 1151 2 7 7 3 0 8 0 0 0 0 0 0 0 0 0 27 1651 1484 575 1442 823 329 15 0 0 0 10 3 1 0 1 0 0 2204 0 0 0 0 0 0 0 0 0 0 0 0 0 0 0 0 0 8 0 0 0 0 0 0 0 0 0 0 0 0 0 0 0 0 0 0 0 0
34 62 80 250 179 115 14 283 188 317 98 93 19 106 41 0 1 1153 1153 1134 1154 1157 3350 0 41427 89 50 414 1066 3498 999 307 4018 14014 9601 21677 552 10 5 1177 3978 5198 2973 840 2675 3962 1877 430 1989 1601 2740 4079 3162 4832 514 4058 991 21 1039 0 719 0 51 58 43 58 57 99 58 0 323 7213 212 3031 3657 8984 99 21511 30782 6438 14240 7386 7622 3609 54488 49261 18266 64047 49241 250 109 260 242 102 0 24 272 114 93921 0 0 573 1 0 1136 2265 0 0 19 19 3863 19 0 0 0 87 0 56 50 243 143 39674 0 0 0 0 0 0 0 0 4 1153 150 265 0 58 117 119 99 108 121 105 109 104 66 121 0 106 171 108 122 62 441 334 6
0 0 0 0 0 0 0 0 0 0 0 0 0 0 0 0 1 452 452 433 451 452 503 0 0 14788 50999 40553 4844 14897 13227 49123 0 174 313 370 0 0 0 0 0 0 0 0 0 0 0 0 0 0 0 0 0 0 0 0 0 0 0 0 0 0 0 0 0 0 0 0 0 0 0 0 0 0 0 0 0 0 0 0 0 0 0 0 0 0 0 0 0 0 0 0 0 0 0 0 0 0 336 0 0 1818 589 33 0 6137 0 0 0 0 0 0 0 0 0 0 0 0 0 0 0 0 0 0 0 0 0 0 0 0 0 452 0 0 0 0 0 0 0 0 0 0 0 0 0 0 0 0 0 0 0 0 0 0 0
0 0 0 0 0 0 0 0 0 0 0 0 0 0 0 0 0 0 0 0 0 0 0 0 0 0 0 0 0 0 0 0 0 0 0 0 0 0 0 0 0 0 0 0 0 0 0 0 0 0 0 0 0 0 0 0 0 0 0 0 0 0 0 0 0 0 0 0 0 1163 0 0 0 0 0 0 0 0 0 0 0 0 0 0 0 0 0 0 0 0 0 0 0 0 0 0 0 0 0 0 0 0 0 0 0 0 0 0 0 0 0 0 0 0 0 0 0 0 0 0 0 0 0 0 0 0 0 0 0 0 0 0 0 0 0 0 0 0 0 0 0 0 0 0 0 0 0 0 0 0 0 0 0 0 0
0 0 0 0 0 0 0 0 0 0 0 0 0 0 0 0 0 10 10 0 9 10 0 0 0 0 0 2 21 5 13 5 0 0 0 0 0 0 0 0 0 0 3 0 0 0 0 0 0 0 0 0 0 0 0 2 2 2 155 0 96 0 2 3 1 4 3 8 2 0 0 0 0 0 0 5 3 1 0 0 0 24 3072 0 0 0 0 0 5 10 0 0 0 0 0 0 0 0 0 0 0 0 0 0 0 0 0 0 0 0 0 0 0 0 0 0 0 0 0 1 0 0 0 0 0 0 0 0 0 0 0 5 0 0 0 0 0 0 0 0 1 0 0 0 0 1 0 0 1 0 1 0 0 0 0
0 0 0 0 0 0 0 0 0 0 0 0 0 0 0 0 3 5 5 0 5 5 0 0 0 0 0 0 1023 377 570 214 157 14 0 0 0 0 0 0 0 0 0 0 0 0 0 0 0 0 0 1 0 1 0 0 0 0 1 0 1 0 0 0 0 0 0 0 0 0 14 12 84 0 17 509 0 6 94 1578 6 70 0 0 0 0 15335 0 0 0 0 0 0 0 0 1 0 0 0 0 0 9 0 0 0 21 0 0 0 0 0 0 0 0 0 0 0 0 0 8 0 0 0 0 0 0 0 0 0 0 0 0 0 0 0 0 0 0 0 0 0 0 0 0 0 0 0 0 0 0 0 0 0 0 0
0 0 0 0 0 0 0 0 0 0 0 0 0 0 0 0 0 1 1 0 0 1 0 0 0 0 0 0 0 37 0 0 0 0 0 0 0 0 0 0 0 0 0 0 0 0 0 0 0 0 0 3 0 0 0 0 0 0 7 0 5 0 0 0 0 0 0 0 0 0 0 0 0 0 7 251 0 4 45 56 0 81 29 0 0 0 0 6799 2 0 0 0 0 0 0 0 0 0 0 0 0 0 0 0 0 0 0 0 0 0 0 0 0 0 0 0 0 0 0 8 0 0 0 0 0 0 0 0 0 0 0 0 0 0 0 0 0 0 0 0 0 0 0 0 0 0 0 0 0 0 0 0 0 0 0
0 0 0 0 0 0 0 0 0 0 0 0 0 0 0 0 0 0 0 0 0 0 0 0 0 0 0 0 0 0 0 0 0 0 0 0 0 0 0 0 0 0 0 0 0 0 0 0 0 0 0 0 0 0 0 0 0 0 0 0 0 0 0 0 0 0 0 0 0 0 0 0 0 0 2 29 0 0 3 0 0 0 0 0 584 0 0 0 94 0 0 0 0 0 0 0 0 0 0 0 0 0 0 0 0 0 0 0 0 0 0 0 0 0 0 0 0 0 0 1 0 0 0 0 0 0 0 0 0 0 0 0 0 0 0 0 0 0 0 0 0 0 0 0 0 0 0 0 0 0 0 0 0 0 0
0 0 0 0 0 0 0 0 0 0 0 0 0 0 0 0 2 0 0 0 0 0 0 0 0 0 0 0 630 330 0 0 149 0 0 0 0 0 0 0 0 0 0 0 0 0 0 0 0 0 0 0 0 61 0 0 0 0 2 0 1 0 0 0 0 0 0 0 0 0 223 18 120 302 182 5242 0 38 911 1153 18 444 0 46229 0 0 0 0 0 0 0 0 0 0 0 3 0 0 7 0 0 4 0 0 0 14 0 0 0 0 0 0 0 0 0 0 0 0 0 23 71 0 0 0 0 0 0 0 0 0 0 0 0 0 0 0 0 0 0 0 0 0 0 0 0 0 0 0 0 0 0 0 0 0 0
0 0 0 0 0 0 0 0 0 0 0 0 0 0 0 0 0 2 2 0 1 2 0 0 0 0 0 0 282 101 24 0 4 0 0 0 0 0 0 0 0 0 0 0 0 0 0 0 0 0 0 0 0 0 0 0 0 0 0 0 0 0 0 0 0 0 0 0 0 0 0 16 115 0 3 82 0 0 17 18 0 72 0 0 0 6420 0 0 98 0 0 0 0 0 0 0 0 0 0 0 0 1 0 0 0 6 0 0 0 0 0 0 0 0 0 0 0 0 0 3 0 0 0 0 0 0 0 0 0 0 0 0 0 0 0 0 0 0 0 1 0 2 2 0 0 0 0 0 0 1 0 0 0 0 0
0 0 0 0 0 0 0 0 0 0 0 0 0 0 0 0 0 1 1 0 0 1 0 0 0 0 0 0 111 44 0 0 0 0 0 0 0 0 0 0 0 0 0 0 0 0 0 0 0 0 0 0 0 0 0 0 0 0 0 0 0 0 0 0 0 0 0 0 0 0 0 0 2 0 0 3 0 0 0 0 0 0 0 0 0 0 0 0 576 0 0 0 0 0 0 0 0 0 11 0 0 1 0 0 0 3 0 0 0 0 0 0 0 0 0 0 0 0 0 0 0 0 0 0 0 0 0 0 0 0 0 0 0 0 0 0 0 0 0 0 0 0 0 0 0 0 0 0 0 0 0 0 0 0 0
1 1 1 0 0 0 0 0 1 2 4 3 0 0 1 0 0 0 0 0 0 0 45 0 0 135 3 0 98 237 17 21 304 0 0 0 0 0 0 0 0 0 0 0 0 0 0 0 0 0 0 0 1 0 0 0 0 0 10 0 6 0 0 0 0 0 0 1 0 0 0 4 25 0 0 4 0 0 4 2 0 367 0 0 0 0 0 0 1199 0 1 0 0 0 0 0 0 0 0 0 0 0 0 0 0 8 0 0 0 0 0 0 0 0 0 0 0 0 0 0 0 0 0 0 0 0 0 0 0 0 0 0 0 0 0 0 0 0 0 0 0 0 0 0 0 0 0 0 0 0 0 0 0 0 0
0 0 0 0 0 0 0 0 0 0 3 0 0 0 0 0 0 33 33 0 26 34 54 0 0 323 6 19 233 145 117 55 122 619 0 253 0 0 0 0 0 0 0 0 0 0 0 0 0 0 0 0 4 0 0 2 1 0 109 0 67 0 0 2 0 3 2 6 0 0 0 1 3 0 7 14 0 218 49 116 0 49 1239 0 0 12 10 46 256 0 2 0 0 2 0 0 0 0 0 0 0 0 82 153 0 13 0 0 0 0 0 0 0 0 0 0 0 0 0 0 0 1 0 0 0 0 0 0 0 0 0 0 0 0 0 0 0 0 0 0 0 0 0 0 0 0 0 0 0 0 0 0 0 0 0
1 2 1 7 6 4 0 0 1 0 0 18 0 0 8 0 0 0 0 0 0 0 6 0 0 127 2 12 88 93 55 22 104 17 0 0 0 0 0 0 0 0 0 2 0 0 3 0 2 0 0 0 2 0 0 0 0 0 1 0 1 0 0 0 0 0 0 0 0 0 36 85 598 0 56 42 0 0 0 0 0 124 0 0 0 2 0 0 967 0 0 0 0 0 0 0 13 0 0 0 0 6 3 0 2 2 0 0 0 0 0 0 0 0 0 1 0 0 0 1 0 0 0 0 0 0 0 0 0 0 0 0 0 0 0 0 0 0 0 0 1 0 0 0 0 1 0 0 1 0 1 0 0 0 0
12 6 0 17 17 0 0 115 0 14 23 34 8 8 12 0 0 0 0 0 0 0 0 0 0 0 0 0 0 0 0 0 0 0 0 0 0 4 3 1 27 0 170 50 1495 0 127 7 50 128 383 0 1 0 5 19 5 0 26 3 57 0 13 15 9 11 20 19 19 0 443 33 230 66 125 101 0 0 0 0 0 2 1 38 5 8 49 6 7 0 9 0 140 33 0 1 19 0 0 0 0 2 0 0 15 3 0 0 0 0 0 0 0 0 0 251 0 0 384 3 0 8 0 0 0 0 0 0 0 0 0 0 0 0 0 16 0 0 0 0 12 0 0 0 0 13 0 0 13 0 13 30 53 25 0
0 0 0 0 0 0 0 0 479 0 0 1 1 0 0 0 0 0 0 0 0 0 0 0 0 0 0 0 0 0 0 0 0 0 0 0 0 0 1 0 3 0 22 3 227 0 15 0 13 6 25 0 0 0 0 0 0 0 0 0 1 0 0 0 0 0 0 0 0 0 46 3 17 4 12 9 0 0 0 0 0 0 0 0 0 0 1 0 0 0 0 0 1 0 0 0 0 0 0 0 0 0 0 0 1 6 0 0 0 0 0 0 0 0 0 63 0 0 28 0 0 2 0 0 0 0 0 0 0 0 0 0 0 0 0 39 0 0 0 0 3 0 0 0 0 3 0 0 3 0 3 1 3 0 0
0 0 0 0 0 0 0 0 0 0 0 0 0 0 0 0 0 0 0 0 0 0 0 0 0 0 0 0 0 0 0 0 0 0 0 0 0 0 0 0 1 0 7 0 44 0 3 0 2 0 5 0 0 0 0 0 0 0 0 0 0 0 0 0 0 0 0 0 0 0 24 1 9 0 6 4 0 0 0 0 0 0 0 0 0 0 0 0 0 0 0 0 1 0 0 0 0 0 0 0 0 0 0 0 0 1 0 0 0 0 0 0 0 0 0 1 0 0 17 0 0 0 0 0 0 0 0 0 0 0 0 0 0 0 0 8 0 0 0 0 1 0 0 0 0 2 0 0 2 0 2 0 2 0 0
7 2 0 11 9 8 0 101 0 8 13 21 0 4 7 0 0 0 0 0 0 0 0 0 0 0 0 0 0 0 0 0 0 0 0 0 0 2 1 0 0 2 76 27 754 0 62 4 103 1167 433 0 1 0 0 12 3 0 16 2 35 0 0 9 0 7 12 12 9 0 161 17 117 0 113 87 0 0 0 0 0 2 0 22 2 5 29 3 4 0 6 0 85 20 0 0 10 0 0 0 0 0 0 0 8 2 0 0 0 0 0 0 0 0 0 130 0 0 0 2 0 7 0 0 0 0 0 0 0 0 0 0 0 0 0 9 26 0 0 0 10 0 0 0 0 11 0 0 12 0 12 5 7 0 0
0 0 0 0 0 0 23 0 0 110 0 0 0 0 0 5 0 0 0 0 0 0 0 0 0 0 0 0 0 0 0 0 0 0 0 0 0 0 0 67 0 30 0 0 261 0 286 60 21 0 2 41 3 0 0 1 0 0 4 0 5 0 0 1 0 1 1 1 0 0 1321 0 4 240 460 322 0 0 40 0 1 10 0 0 0 3 0 0 0 0 1 0 0 1 1 0 0 0 0 0 0 0 0 0 24 39 0 0 0 0 0 0 0 0 0 1 0 0 0 0 0 21 0 0 0 0 0 0 0 0 0 0 0 0 0 0 0 0 0 0 0 0 0 0 0 0 0 0 0 0 0 0 0 0 0
321 301 815 0 9 12 20 48 5 1166 111 738 20 0 325 1 18 1 1 0 1 0 1 0 0 0 0 1 0 3 0 0 4 6 4 3 7 3 3 0 0 0 63 171 0 2 92 137 0 0 14 0 3 0 0 5 1 0 8 2 17 0 0 4 0 3 6 6 0 0 18 5 6 69 112 81 0 1 6 15 7 9 0 0 0 1 3 0 0 0 5 0 34 6 0 1 1 0 0 9 0 0 2 0 539 18 11 15 8 8 1 8 0 0 0 2 0 0 398 0 0 41 0 2 0 0 0 0 0 0 0 0 0 151 0 121 48 167 2 6 2 6 6 1 0 2 0 4 2 5 2 0 162 666 0
0 0 0 0 0 0 6 0 22 576 0 2 0 0 0 0 0 0 0 0 0 0 0 0 0 0 0 1 0 3 0 0 5 7 3 2 0 0 0 0 1019 0 0 0 17 734 96 45 0 0 14 0 0 0 0 1 0 0 1 0 2 0 0 1 0 1 1 1 0 0 0 1 1 0 0 2 0 0 5 15 7 8 0 0 0 0 1 0 0 0 2 0 4 1 0 3 0 0 0 0 0 0 0 0 233 9 2 2 2 2 0 2 0 0 0 13 0 0 0 0 0 38 0 0 0 0 0 0 0 0 0 0 0 1 0 55 36 0 0 0 1 0 0 0 0 1 0 0 1 0 1 0 52 0 2
0 0 1 0 0 0 8 8 0 46 0 81 2 7 34 0 0 0 0 0 0 0 0 0 0 0 0 0 0 0 0 0 0 0 0 0 0 0 0 0 1273 0 442 0 1809 1123 510 360 0 0 0 0 1 0 0 2 3 0 5 0 7 0 0 4 2 4 4 5 0 0 234 18 130 0 180 126 0 0 0 0 0 0 0 0 0 1 0 0 0 0 0 0 0 0 0 0 0 0 0 0 0 0 2 0 1883 0 14 20 0 0 0 0 0 0 0 0 0 0 0 0 0 16 0 0 0 0 0 0 0 0 0 0 0 0 0 0 0 0 0 4 7 5 5 0 0 7 0 2 7 4 7 0 0 0 34
0 0 0 0 0 1074 1677 0 1944 15975 4461 11335 3913 3534 4961 14 2812 3 2 0 3 3 0 0 2 1 0 0 2 24 0 0 34 33 22 16 0 0 0 0 0 237 0 0 0 0 262 19 29 0 2 0 5 0 0 5 14 3 22 18 28 0 9 21 8 20 21 22 10 45 1015 106 751 87 229 161 0 0 2 0 33 72 0 6 0 3 11 2 3 0 6 0 31 9 0 16 5 0 0 91 14 8 0 0 69 49 0 0 143 143 20 143 0 0 0 21 0 0 228 7 0 98 0 1 0 0 0 0 0 0 0 0 0 0 0 315 138 21 2 6 21 6 6 2 0 22 4 4 22 5 22 217 985 256 0
0 4 0 0 0 0 22 17 8 15 14 19 4 0 5 2 124 6 6 0 6 6 7 0 2 6 0 2 2 7 2 1 9 32 23 11 55 0 0 101 4516 0 0 0 95 0 216 36 10 0 6 0 3 0 0 3 2 0 7 1 11 0 0 4 0 3 4 4 0 35 123 3 10 0 61 45 0 0 2 28 32 17 0 6 0 2 8 1 1 0 6 0 23 8 6 5 0 0 0 0 0 0 0 0 184 15 0 0 0 0 0 0 0 0 0 6 0 0 2035 6 0 11 0 2 29 0 0 0 0 0 0 1 0 20 0 62 95 0 13 18 18 18 18 13 0 18 9 16 18 17 18 0 342 206 26
0 0 0 0 0 0 49 34 117 2443 0 7 0 51 0 0 0 1 1 0 1 1 3 0 1 1 0 0 0 0 0 0 0 0 1 0 0 0 0 0 0 0 0 0 0 0 0 1 1 0 2 0 0 0 0 7 2 0 10 3 22 0 0 6 1 4 8 7 0 0 203 15 108 0 56 44 0 0 0 0 0 0 0 13 2 3 18 2 3 0 0 0 43 9 0 0 1 0 0 0 0 0 0 0 1 5 0 0 0 0 0 0 0 0 0 10 0 0 0 0 0 1 0 0 0 0 0 0 0 0 0 0 0 0 0 23 15 0 0 0 4 0 0 0 0 4 0 0 4 0 4 0 16 0 0
0 0 0 0 0 0 1 0 0 7 0 0 0 0 0 0 0 0 0 0 0 0 0 0 0 0 0 0 0 1 0 0 1 2 1 1 0 0 0 0 0 0 0 0 0 0 0 0 0 0 0 0 0 0 0 0 0 0 0 0 0 0 0 0 0 0 0 0 0 0 1 0 0 0 0 0 0 0 1 0 2 0 0 0 0 0 0 0 0 0 0 0 0 0 0 0 0 0 0 0 0 0 0 0 1 1 0 0 0 0 0 0 0 0 0 0 0 0 0 1 0 0 0 0 0 0 0 0 0 0 0 0 0 0 0 0 0 0 0 1 0 1 1 0 0 0 0 0 0 0 0 0 0 114 0
0 0 0 0 0 0 0 0 0 0 0 16 0 0 2 0 241 3 3 0 2 3 3 0 2 1 0 0 0 1 0 0 2 13 9 0 0 0 0 0 0 2 11 38 0 0 0 16 0 1209 1505 0 30 25 0 3 0 0 51 1 36 0 8 3 0 3 0 5 0 0 36 61 116 0 80 106 0 0 15 18 10 1 0 0 0 27 0 0 0 0 65 0 13 51 33 20 727 0 0 0 0 0 0 0 11 9 0 0 1 1 0 1 0 0 0 148 0 0 0 0 0 12 0 0 0 0 0 0 0 0 0 0 0 0 0 9 0 0 11 28 16 29 29 18 0 15 4 23 14 26 15 0 0 75 0
32 38 13 3 4 7 0 311 0 0 0 31 0 0 8 0 29 123 123 0 123 123 51 0 31 14 1 3 19 8 12 5 4 42 52 73 0 0 0 0 8 2 12 88 10 4 26 8 0 0 910 24 120 0 0 36 9 0 55 20 111 7 31 30 25 24 39 38 39 0 16 217 376 0 47 67 0 45 35 18 43 18 0 66 4 16 93 9 17 7 380 0 300 151 177 13 1055 0 0 0 0 0 3 0 7 37 16 22 36 36 5 36 0 0 139 138 0 0 0 0 0 17 0 13 0 0 0 0 0 0 0 0 0 0 0 32 0 0 0 8 57 10 9 3 0 61 21 5 63 7 62 9 114 350 0
0 0 0 0 1 0 0 0 0 0 0 1 0 0 0 0 0 0 0 0 0 0 0 0 0 0 0 0 0 1 0 0 1 1 1 6 0 0 0 0 0 0 0 3 0 0 0 0 0 0 0 0 6 0 0 1 0 0 3 0 3 0 1 0 0 0 0 1 0 0 0 9 6 0 5 6 0 5 3 4 1 2 0 0 0 1 0 0 3 0 17 0 0 22 21 2 124 0 0 0 0 0 0 0 1 0 1 1 15 15 2 15 0 0 0 2 0 0 0 0 0 4 0 0 0 0 0 0 0 0 0 0 0 0 0 0 0 0 0 0 8 0 0 0 0 9 0 0 9 0 9 0 0 0 0
16 28 6 108 25 13 1 103 18 27 28 225 6 0 98 0 153 0 0 0 0 0 198 0 106 51 3 0 0 94 0 5 125 377 275 93 4 2 1 3 0 2 29 27 24 21 25 10 249 0 1 0 14439 2089 0 12 4 0 50 8 56 0 12 16 9 14 18 19 18 0 451 5 85 0 65 204 0 88 918 26 361 263 0 0 0 17 11 0 0 0 7 0 80 0 88 149 2047 0 0 0 0 0 2 0 1 4756 0 0 0 0 0 0 0 0 0 119 0 0 0 0 0 35 0 6 0 0 0 0 0 0 0 0 0 0 0 0 15 0 13 42 7 43 45 30 0 3 0 41 2 43 3 0 55 755 0
0 0 0 0 0 0 0 0 0 0 0 0 0 0 0 0 0 4 4 0 0 4 3 0 2 1 0 0 1 1 0 0 1 0 0 0 0 0 0 0 0 0 36 0 0 0 0 0 0 0 0 0 0 0 0 0 0 0 0 0 0 0 0 0 0 0 0 0 0 0 0 0 2 0 4 9 0 0 27 0 0 0 0 0 0 0 0 0 0 0 0 0 0 0 0 0 0 0 0 0 0 0 0 0 0 27 0 0 0 0 0 0 0 0 0 13 0 0 0 0 0 21 0 0 0 0 0 0 0 0 0 0 0 0 0 0 0 0 0 0 0 0 0 0 0 0 0 0 0 0 0 0 0 0 0
19 15 0 84 4 66 0 200 0 5 188 212 105 0 90 0 1 38 38 0 31 38 0 0 15 5 1 0 12 65 0 1 90 552 377 6 13 4 3 20 744 339 567 139 83 938 316 188 0 385 43 0 139 0 459 24 11 0 85 18 104 0 43 26 18 23 27 33 22 0 726 519 882 0 495 456 0 0 667 53 494 177 0 20 0 39 65 11 12 0 472 0 280 0 26 9 86 0 0 32 9 9 40 29 96 517 91 129 80 80 11 80 0 0 46 291 0 0 0 38 0 107 0 27 327 0 0 0 0 0 0 0 0 103 0 127 245 0 9 37 70 42 40 22 0 72 67 37 73 38 73 100 43 127 0
29 54 27 35 12 15 84 645 0 10 3 35 11 0 0 59 40 96 96 93 96 96 55 0 23 2 1 7 19 19 12 4 19 175 129 28 0 12 5 11 26 600 128 262 63 31 75 36 163 82 113 277 168 0 0 73 32 0 127 50 237 24 78 71 63 59 88 87 68 161 285 378 789 126 259 245 0 31 118 103 177 37 0 143 0 38 182 22 29 21 526 0 585 328 45 22 100 0 0 35 60 11 55 36 17 156 107 153 306 305 43 306 0 0 449 681 0 0 0 213 0 63 0 63 0 0 0 0 226 203 0 84 0 976 0 655 1316 0 108 114 117 115 115 109 79 117 108 112 118 114 117 823 630 424 6
0 0 0 0 0 0 0 0 0 0 0 0 0 0 0 0 0 0 0 0 0 0 0 0 0 0 0 0 0 0 0 0 0 0 0 0 0 0 0 0 0 0 0 0 0 0 0 0 0 0 0 0 0 0 0 0 0 0 0 0 0 0 0 0 0 0 0 0 0 0 0 0 0 0 0 0 0 0 0 0 0 0 0 0 0 0 0 0 0 0 0 0 0 0 0 0 0 0 0 0 0 0 0 0 0 0 0 0 0 0 0 0 0 0 0 0 0 0 0 0 0 0 0 0 0 0 0 0 0 0 0 0 0 0 0 0 0 0 0 0 0 0 0 0 0 0 0 0 0 0 0 0 0 0 0
0 0 0 0 0 0 0 0 0 0 0 0 0 0 0 0 0 0 0 0 0 0 0 0 0 0 0 0 0 0 0 0 0 0 0 0 0 0 0 0 0 0 2 0 0 0 0 0 8 0 0 0 1 0 0 0 0 0 3 0 2 0 0 0 0 0 0 0 0 0 85 3 21 0 0 13 0 0 2 3 0 1 0 28 0 106 108 77 67 0 0 0 0 178 0 0 238 0 0 0 0 0 0 0 0 0 0 0 0 0 0 0 0 0 0 0 0 0 0 4 0 1 0 0 0 0 0 0 0 0 0 0 0 0 0 0 0 0 0 0 0 0 0 0 0 0 0 0 0 0 0 0 0 0 0
73 241 106 569 44 53 56 257 717 59 496 92 190 46 84 216 1019 34 34 31 34 34 0 0 18 4 0 2 9 18 1 1 11 29 21 8 20 7 5 20 18 7 185 90 0 20 24 11 53 20 108 94 37 95 17 26 225 0 239 285 248 276 271 235 283 0 282 264 282 294 67 109 159 0 31 59 11 12 29 7 24 23 6 60 27 21 73 21 29 0 38 0 204 61 34 80 151 0 0 122 17 7 32 0 7 67 70 98 45 45 6 45 0 0 181 69 0 0 0 301 1390 395 189 0 47 0 19 0 0 0 0 0 0 91 0 257 0 0 2074 2076 408 2002 2076 2074 2060 268 339 2075 207 2075 246 57 429 372 11
0 0 0 0 0 0 0 0 0 0 0 0 0 0 0 0 0 0 0 0 0 0 0 0 0 0 0 0 0 0 0 0 0 0 0 0 0 0 0 0 0 0 0 0 0 0 0 0 0 0 0 0 0 0 0 0 0 0 0 0 0 0 0 0 0 0 0 0 0 0 0 0 0 0 0 0 0 0 0 0 0 0 0 0 0 0 0 0 0 0 0 0 0 0 0 0 0 0 0 0 0 0 0 0 0 0 0 0 0 0 0 0 0 0 0 0 0 0 0 0 0 0 0 0 0 0 0 0 0 0 0 0 0 0 0 0 0 0 0 0 0 0 0 0 0 0 0 0 0 0 0 0 0 0 0
49 140 72 415 3 33 1 381 14 36 116 10 2 27 9 1109 47 102 102 100 102 102 0 2 35 20535 13092 3993 234 544 273 1279 5779 75 187 87 0 5 2 0 2 0 110 2 0 0 0 10 0 0 0 0 1 0 0 0 0 0 1 0 1 0 0 0 0 0 0 0 0 0 0 2 0 0 0 1 0 0 0 1 0 0 0 0 0 1 0 0 0 0 0 0 0 0 0 244 0 0 14 385 291 47 178 34 3 805 11 16 0 0 0 0 0 0 27 168 0 0 0 51 0 2569 4109 0 55679 673 579 0 0 0 0 57 0 0 0 1347 0 0 26 28 7 27 28 26 13 5 0 27 7 28 5 4726 0 0 16
0 0 0 0 0 0 0 0 0 0 0 0 0 0 0 0 0 0 0 0 0 0 0 0 0 0 0 0 0 0 0 0 0 0 0 0 0 0 0 0 0 0 0 0 0 0 0 0 0 0 0 0 0 0 0 1 0 0 0 0 0 0 0 0 0 0 0 0 0 0 0 0 1 0 0 0 0 0 0 0 0 0 0 0 0 0 0 0 0 0 0 0 0 0 0 0 0 0 0 0 0 0 0 0 0 0 0 0 0 0 1 0 0 0 0 0 0 0 0 0 0 0 0 0 0 0 0 0 0 0 0 0 0 0 0 0 0 0 0 0 0 0 0 0 0 0 0 0 0 0 0 0 0 0 0
199 771 444 1173 260 375 87 147 239 100 430 408 280 462 257 625 244 978 978 972 978 978 0 420 477 144 55 455 212 597 246 92 21 156 1221 22 17 9 6 23 24 25 24 95 5 24 13 10 36 0 60 104 31 13 0 35 11 0 34 10 54 0 15 0 13 0 17 1 17 354 493 120 366 0 151 133 0 12 26 12 143 32 39 42 55 36 64 73 132 0 56 0 110 37 5 97 42 0 17 22 1 9681 24 206 5 324 0 0 0 0 19 0 0 32 180 32 0 0 0 3087 236 749 0 0 0 0 0 0 0 0 0 933 0 50 0 59 0 0 762 764 341 886 764 762 749 342 3625 763 311 764 300 0 0 180 1
0 0 0 0 0 0 0 0 0 0 0 0 0 0 0 0 0 7 7 0 7 7 0 0 2 1 0 1 5 1 1 0 0 97 67 28 0 0 0 1 11 8 14 4 0 10 0 8 0 0 0 0 1 0 0 140 32 0 12 0 7 0 0 0 0 0 0 0 0 0 0 5 31 0 0 5 0 24 0 0 93 0 118 0 10 5 4 3 414 0 0 0 0 0 0 7 0 0 0 0 0 4633 0 0 13 1 0 0 0 0 134 0 0 0 0 0 0 0 0 0 0 0 0 0 0 0 0 0 0 0 0 0 0 0 0 0 0 0 0 1 0 1 1 0 0 0 0 0 0 0 0 0 0 0 0
0 0 0 0 0 0 0 0 0 0 0 0 0 0 0 0 0 0 0 0 0 0 0 0 0 0 0 0 0 0 0 0 0 0 0 0 0 0 0 0 0 0 0 0 0 0 0 0 0 0 0 0 0 0 0 0 38 0 35 48 29 33 43 0 46 0 44 28 44 0 85 3 21 0 0 2 0 0 0 0 0 0 0 0 0 0 0 0 0 0 0 0 0 0 0 0 0 0 0 0 0 0 0 0 0 0 0 0 0 0 0 0 0 0 0 0 0 0 0 0 0 0 0 0 0 0 0 0 0 0 0 0 0 0 0 0 0 0 0 0 0 0 0 0 0 0 0 0 0 0 0 0 0 0 0
0 1 0 25 0 0 19 0 0 0 12 17 1 0 21 0 1 6 6 2 6 6 0 0 7 6 0 6 18 39 9 2 43 153 104 236 0 0 0 4 6 4 2 0 0 3 0 0 24 0 35 0 42 0 0 509 123 0 8 0 5 0 1 0 0 0 0 0 0 193 0 18 106 0 0 4 0 230 296 56 150 76 0 0 10 57 48 4 143 0 1 0 0 0 0 0 0 0 0 7 3 17 6 8 3 14 11 15 146 146 511 146 0 0 0 0 0 0 0 0 0 0 0 0 0 0 0 0 0 0 0 0 0 0 0 0 0 0 18 21 4 20 21 19 6 2 0 20 2 20 2 0 0 0 0
0 0 0 0 0 0 0 0 0 0 0 0 0 0 0 0 0 0 0 0 0 0 0 0 0 0 0 0 0 0 0 0 0 0 0 0 0 0 0 0 0 0 0 0 0 0 0 0 0 0 0 0 0 0 0 0 480 327 433 602 364 575 546 534 583 0 564 546 564 0 0 0 0 0 0 0 0 0 3 5 0 0 0 0 0 0 0 0 0 0 0 0 0 0 0 0 0 0 0 0 0 0 0 0 0 0 0 0 0 0 0 0 0 0 0 0 0 0 0 0 0 0 0 0 0 0 0 0 0 0 0 0 0 0 0 0 0 0 0 0 0 0 0 0 0 0 0 0 0 0 0 0 0 0 0
0 0 0 0 0 0 0 0 0 0 0 0 0 0 0 0 0 0 0 0 0 0 0 0 6 0 0 0 0 0 0 0 0 0 0 0 0 0 1 0 0 0 0 0 0 0 0 0 2 0 0 0 2 0 0 1 0 0 1 0 2 0 0 0 0 0 0 0 0 0 1735 52 357 0 26 27 0 0 0 0 0 0 0 0 0 0 0 0 0 0 0 0 0 0 0 1 0 0 0 0 0 4 0 0 0 2 0 0 0 0 0 0 0 0 0 0 0 0 0 0 0 0 0 0 0 0 0 0 0 0 0 0 0 0 0 0 0 0 0 0 0 0 0 0 0 0 0 0 0 0 0 0 0 0 0
0 0 0 0 0 0 0 0 0 0 0 0 0 0 0 0 0 0 0 0 0 0 0 0 0 0 0 0 0 0 0 0 0 0 0 0 0 0 0 0 0 0 0 0 0 0 0 0 0 0 0 0 0 0 0 0 13 0 12 17 10 0 15 0 16 0 15 0 15 0 26 1 10 0 0 1 0 0 0 0 0 0 0 0 0 0 0 0 0 0 0 0 0 0 0 0 0 0 0 3 0 14 5 1 0 0 0 0 3 3 0 3 0 0 0 0 0 0 0 0 0 0 0 0 0 0 0 0 0 0 0 0 0 0 0 0 0 0 0 0 0 0 0 0 0 0 0 0 0 0 0 0 0 0 0
0 0 0 0 0 0 0 0 0 0 0 0 0 0 0 0 0 0 0 0 0 0 0 0 2 1 0 1 5 1 1 0 0 80 56 23 0 0 1 0 30 4 10 1 0 27 2 16 3 0 0 0 3 0 0 280 67 0 6 0 5 0 0 0 0 0 0 0 0 0 1676 56 387 0 29 30 0 19 0 0 76 0 12 0 10 4 4 2 132 0 0 0 0 2 0 3 0 150 11 641 233 2236 773 409 7 1 0 0 380 379 322 380 0 0 0 0 0 0 0 1 0 3 0 0 0 0 0 0 0 0 0 0 0 0 0 0 0 0 0 0 3 0 0 0 0 3 0 0 3 0 3 0 0 0 0
0 0 0 0 0 0 0 0 0 0 0 0 0 0 0 0 0 0 0 0 0 0 0 0 0 0 0 0 0 0 0 0 0 0 0 0 0 0 0 0 0 0 0 0 0 0 0 0 0 0 0 0 0 0 0 0 0 0 0 0 0 0 0 0 0 0 0 0 0 0 0 0 0 0 0 0 0 0 0 0 0 0 0 0 0 0 0 0 0 0 0 0 0 0 0 0 0 0 0 0 0 0 0 0 0 0 0 0 0 0 0 0 0 0 0 0 0 0 0 0 0 0 0 0 0 0 0 0 0 0 0 0 0 0 0 0 0 0 0 0 0 0 0 0 0 0 0 0 0 0 0 0 0 0 0
0 0 0 0 0 0 0 0 0 0 0 0 0 0 0 0 0 139 139 0 138 139 18 0 12 23 1 0 58 20 0 1 21 4 0 0 0 0 0 0 0 0 0 0 0 0 0 0 0 0 33 0 26 0 0 4 0 0 245 5 143 0 84 0 0 10 0 0 0 147 0 25 0 0 27 22 2467 0 13 0 0 39 0 0 0 307 0 0 0 0 62 0 9 44 98 0 0 0 0 0 0 0 0 0 0 13 4 6 1 1 0 1 0 0 0 2 0 0 0 0 0 4 0 0 0 0 0 0 0 0 0 135 0 0 0 0 0 0 0 0 0 0 0 0 0 0 0 0 0 0 0 4 0 0 0
5 177 0 11 169 1 226 0 0 0 0 1 0 0 0 6 0 28 28 0 28 28 4 0 2 5 0 0 13 4 0 0 0 0 0 0 0 0 0 0 0 0 0 0 0 0 0 0 0 0 0 0 0 0 0 0 0 0 0 0 0 0 0 0 0 0 0 0 0 0 0 0 0 0 0 0 0 0 0 0 0 0 0 0 0 0 0 0 0 0 0 0 0 0 0 0 0 0 0 0 0 0 0 0 0 0 2 3 0 0 0 0 0 0 0 0 0 0 0 0 0 0 0 0 0 0 0 0 0 0 0 0 0 0 0 0 0 0 0 0 0 0 0 0 0 0 0 0 0 0 0 0 0 0 0
0 1528 0 380 910 31 1864 0 0 2 3 22 1 0 10 0 21 186 186 0 185 186 28 0 17 30 2 0 90 22 0 0 0 0 0 0 0 0 0 0 0 0 0 0 0 0 0 0 0 0 0 0 0 0 0 0 0 0 0 0 0 0 0 0 0 0 0 0 0 0 79 0 0 0 0 2 0 0 0 0 0 0 0 0 0 0 0 0 0 0 0 0 0 0 0 0 0 0 0 0 0 0 4 0 0 6 8 11 0 0 0 0 0 0 0 0 0 0 0 0 0 1 0 0 0 0 0 0 0 0 0 0 0 0 0 0 0 0 0 0 1 0 0 0 0 1 0 0 1 0 1 7 0 0 0
274 69 47 78 447 0 957 105 339 439 295 418 58 156 139 73 111 197 197 0 196 197 253 0 92 52 3 1 180 674 0 13 738 472 618 589 0 0 0 49 0 0 82 30 0 46 69 171 2221 1379 220 646 957 359 0 22 295 285 513 374 414 217 479 369 369 375 336 370 332 2074 4 1105 3920 0 2119 1512 1632 519 245 182 472 1436 828 0 270 231 15 0 28 57 737 20 175 157 187 169 47 0 16 181 28 97 190 142 104 374 1058 1295 32 32 5 32 0 0 77 29 0 0 0 93 0 15 0 0 0 0 0 0 0 0 0 189 0 0 0 86 0 0 8 16 2 20 17 11 0 2 85 14 1 15 1 0 0 0 114
0 0 0 0 0 0 0 0 0 0 0 1 2 0 0 0 5 9 9 0 8 9 4 0 3 1 0 0 0 0 0 0 0 1 0 0 0 0 0 0 0 0 27 0 0 0 0 0 0 0 0 0 0 0 0 0 9 0 16 14 12 0 10 12 14 14 0 13 0 0 0 1 1 0 0 1 0 0 0 0 0 0 87 0 0 0 0 0 0 0 0 0 0 0 0 0 0 0 0 0 0 0 0 0 0 1 12 17 0 0 0 0 0 0 0 3 0 0 0 0 0 1 0 5 0 0 0 0 0 0 0 7 0 0 0 0 0 0 67 72 15 70 72 68 44 10 0 70 8 71 9 0 0 0 0
0 0 0 0 0 0 0 0 0 0 0 0 0 0 0 0 0 0 0 0 0 0 0 0 0 0 0 0 0 0 0 0 0 0 0 0 0 0 0 0 0 0 0 0 0 0 0 0 0 0 0 0 0 0 0 0 0 0 0 0 0 0 0 0 0 0 0 0 0 0 0 0 0 0 0 0 0 0 0 0 0 0 0 0 0 0 0 0 0 0 0 0 0 0 0 0 0 0 0 0 0 0 0 0 0 0 0 0 0 0 0 0 0 0 0 0 0 0 0 0 0 0 0 0 0 0 0 0 0 0 0 0 0 0 0 0 0 0 0 0 0 0 0 0 0 0 0 0 0 0 0 0 0 0 0
44 43 8 0 0 0 262 231 3 8 75 92 18 0 37 0 251 241 235 0 240 241 411 0 152 20 0 39 145 853 77 34 1190 384 298 451 35 6 3 87 911 1198 60 385 47 955 43 51 882 216 304 1673 493 286 107 40 8 0 389 54 320 32 294 70 58 67 72 87 67 3615 0 699 1073 0 951 704 0 518 268 459 386 2189 300 47 36 350 76 0 11 20 682 0 394 632 953 209 1327 0 0 1 0 7 17 0 53 153 337 476 79 79 11 79 0 1241 704 64 0 0 0 1 0 44 0 112 25 0 0 0 0 0 0 0 0 0 0 42 3 0 478 495 1221 477 497 488 378 1268 22 494 1296 496 1291 40 53 514 0
2 4 1 7 1 1 11 37 4 4 1 2 1 7 1 0 5 11 11 0 0 11 18 0 6 2 0 0 0 5 0 0 4 3 0 5086 1 0 0 0 198 0 56 45 43 187 14 1 8 0 0 0 17 29 0 5 1 0 11 1 16 0 0 4 0 3 4 5 0 0 122 12 18 0 174 127 0 0 14 32 0 0 0 0 0 3 0 0 0 0 14 0 16 23 57 57 221 0 0 0 0 0 1 0 5 15 8 11 0 0 0 0 0 0 0 2 0 0 0 5 0 5 0 0 0 0 0 0 0 0 0 0 0 0 0 0 0 0 0 21 10 24 25 17 0 8 0 21 8 23 8 0 0 0 61
1 0 0 2 1 1 2 0 2 2 5 4 1 0 2 0 1 0 0 0 0 0 0 0 0 0 0 0 0 0 0 0 0 0 0 13 0 0 0 0 0 0 0 1 0 0 0 0 0 0 0 0 0 0 0 0 0 0 3 0 2 0 3 1 0 0 1 1 1 0 0 15 3 0 2 2 0 0 0 0 0 0 0 0 0 0 0 0 0 0 0 0 0 0 0 0 0 0 0 0 0 0 0 0 0 0 0 0 0 0 0 0 0 0 0 0 0 0 0 0 0 1 0 0 0 0 0 0 0 0 0 0 0 0 0 0 10 0 0 0 88 0 0 0 0 94 0 0 98 0 97 0 0 0 0
6 13 5 7 6 6 9 0 10 10 21 17 3 5 8 7 0 1 0 0 0 1 0 0 0 0 0 0 0 0 0 0 3 0 0 5 0 0 0 0 0 0 0 0 0 0 0 43 0 0 0 0 0 0 0 0 0 0 3 0 2 0 2 0 0 0 1 1 0 0 0 2 9 0 3 2 0 0 11 0 0 0 0 0 0 0 0 0 0 0 0 0 0 0 0 0 0 0 0 0 0 0 0 0 0 0 0 0 0 0 0 0 0 0 0 1 0 0 0 0 0 0 0 0 0 0 0 0 0 0 0 0 0 0 0 0 0 0 0 0 18 0 0 0 0 19 0 0 20 0 19 0 0 0 0
4 9 3 4 3 3 6 1 7 5 11 10 2 3 4 454 33 64 62 0 53 65 0 0 21 31 6 0 66 36 0 11 21 3927 2066 4 0 0 0 0 0 0 0 5 0 0 0 0 0 0 0 0 154 0 0 3 4 0 186 3 116 0 0 7 0 7 6 13 0 0 155 12 84 0 20 17 0 1 38 44 0 0 0 0 0 0 0 0 0 0 3 0 8 68 0 0 0 0 0 17 0 0 23 14 7 60 26 36 126 126 18 126 0 1501 0 234 0 0 0 2 0 27 0 0 0 0 0 0 0 0 0 63 0 0 0 0 0 0 0 0 2690 0 0 0 0 2884 0 0 2984 0 2951 0 0 0 0
20 13 21 32 18 12 13 33 7 11 21 51 2 0 22 214 39 109 107 0 100 109 93 0 46 5 0 0 0 92 0 0 104 0 0 0 0 0 0 0 0 0 0 1 0 0 2 0 0 0 0 0 11 0 0 4 0 0 19 0 20 0 5 3 0 3 1 4 0 0 0 2 8 0 1 6 0 59 832 5258 156 0 0 0 0 4 0 0 0 0 3 0 27 13 0 1 0 0 0 9 3 0 6 16 3 20 28 40 0 0 0 0 0 0 0 3 0 0 0 0 0 3 0 0 0 0 0 0 0 0 0 0 0 0 0 4 0 0 0 0 300 0 0 0 0 321 0 0 333 0 329 0 0 0 6
2 4 1 16 2 1 29 0 0 5 6 7 1 0 1 8 6 104 92 101 104 104 0 0 82 14 0 16 0 39 64 25 20 392 0 21 0 0 0 3 2 1 17 156 6 0 2 1 170 0 12 604 398 4 21 7 6 0 441 7 274 0 0 18 9 7 17 33 0 876 20 529 20 0 0 22 0 382 46 60 220 147 0 1 5 17 0 4 102 2792 1030 0 109 320 1301 558 687 0 0 0 0 0 0 0 4 42 1 2 493 491 69 493 0 0 351 165 0 0 0 0 0 23 0 0 0 0 0 0 0 0 0 0 0 0 0 0 0 0 0 0 0 6 2 0 0 1 85 0 1 1 0 0 0 0 0
0 0 0 0 0 0 0 6 0 0 0 0 0 0 0 0 0 0 0 0 0 0 0 0 0 0 0 4 0 10 0 0 14 43 15 13 0 0 0 0 2 9 4 18 0 0 0 0 31 0 1 51 31 0 0 2 0 0 12 0 11 0 1 2 0 1 2 2 1 182 206 45 39 102 103 1323 0 36 273 371 45 38 0 0 0 3 0 0 8858 257 42 0 0 138 0 13 547 0 160 0 0 0 0 0 3 1 0 0 0 0 0 0 0 0 0 32 0 0 0 17 0 10 0 0 0 0 0 0 0 0 0 0 0 0 0 0 0 0 0 0 11 0 0 0 0 12 0 0 13 0 13 0 0 0 0
0 0 0 0 0 0 0 3 0 0 0 0 0 0 0 0 0 0 0 0 0 0 0 0 0 0 0 9 1 0 2 0 30 39 0 310 0 0 0 0 1 83 5 28 2 0 0 1 61 0 3 130 136 87 83 1 0 0 38 0 25 0 0 1 0 1 1 3 0 0 88 191 18 0 61 174 0 402 88 246 39 83 0 11 0 15 1 0 1918 1425 312 78 58 290 147 468 458 0 0 0 0 0 0 0 7 7 0 0 0 0 0 0 0 0 42 30 0 0 0 12 0 12 0 0 0 0 0 0 0 0 0 0 0 0 0 0 0 0 0 0 9 0 0 0 0 10 0 0 10 0 10 0 0 0 0
0 0 0 0 0 0 0 0 0 0 0 0 0 0 0 0 0 0 0 0 0 0 0 0 0 0 0 0 0 1 0 0 1 2 0 0 0 0 0 0 0 0 0 0 0 0 0 0 0 0 0 0 1 0 0 0 0 0 1 0 1 0 0 0 0 0 0 0 0 0 0 2 2 0 5 60 0 0 9 10 2 0 0 0 0 0 0 0 11 0 0 0 0 0 0 0 0 0 0 0 0 0 0 0 0 0 0 0 0 0 0 0 0 0 0 0 0 0 0 0 0 1 0 0 0 0 0 0 0 0 0 0 0 0 0 0 0 0 0 0 10 0 0 0 0 11 0 0 11 0 11 0 0 0 0
0 0 0 0 0 0 0 0 0 0 0 0 0 0 0 0 0 0 0 0 0 0 0 0 0 0 0 0 0 5 0 0 7 14 0 49 0 0 0 0 0 0 0 24 0 0 0 0 11 0 0 0 76 0 0 0 0 0 19 0 13 0 0 1 0 1 1 2 0 0 63 113 10 0 28 254 0 73 49 60 13 15 110 0 0 5 0 0 100 447 90 5 11 156 0 69 5 0 0 0 0 0 0 0 1 1 0 0 0 0 0 0 0 0 0 13 0 0 0 4 0 4 0 0 0 0 0 0 0 0 0 0 0 0 0 0 4 1 0 0 54 0 0 0 0 58 0 0 60 0 59 0 0 0 0
0 0 0 0 0 0 0 4 0 0 0 0 0 0 0 0 0 0 0 0 0 0 0 0 0 0 0 3 0 10 1 0 14 20 0 38 0 0 0 0 1 1 1 4 0 0 0 0 25 0 1 20 41 0 0 1 0 0 16 0 11 0 0 1 0 1 1 1 0 306 28 58 13 2 16 348 1 79 84 136 23 39 0 12 1362 2467 820 0 626 569 90 2 16 67 0 89 174 0 0 0 0 0 0 0 0 0 0 0 0 0 0 0 0 0 0 7 0 0 0 0 0 8 0 0 0 0 0 0 0 0 0 0 0 0 0 0 0 0 0 0 11 0 0 0 0 12 0 0 13 0 13 0 0 0 0
0 0 0 0 0 0 0 0 0 0 0 0 0 0 0 0 0 0 0 0 0 0 0 0 0 0 0 0 0 0 0 0 0 0 0 0 0 0 0 0 0 5 0 3 0 0 0 0 9 0 0 1 39 0 0 0 0 0 8 0 5 0 0 0 0 0 0 1 0 101 7 57 3 0 1 4 0 35 7 12 31 12 0 0 0 0 0 0 0 236 109 29 12 62 87 116 0 0 0 0 0 0 0 0 0 1 0 0 0 0 0 0 0 0 0 5 0 0 0 37 0 3 567 0 0 0 0 0 0 0 0 0 0 0 0 0 0 0 0 0 31 2 0 0 0 34 32 0 35 0 34 0 0 0 1
145 316 79 185 26 12 254 203 15 6 171 139 16 0 60 0 263 690 688 600 689 690 783 0 224 268 0 29 184 741 118 46 1014 711 562 134 14 4 2 18 1009 69 466 236 45 1001 129 28 350 0 73 2201 1052 533 0 29 64 0 427 69 325 4 117 91 75 90 93 105 92 5364 775 490 172 0 404 333 0 459 262 119 709 2009 0 0 0 36 0 0 0 0 742 193 288 604 1266 1007 1051 0 0 211 87 14 184 229 75 434 586 828 567 565 80 567 0 0 306 434 0 0 0 647 0 519 0 90 0 0 0 0 0 0 0 272 0 89 0 188 64 0 0 15 3 48 19 2 0 9 688 15 6 17 1 41 46 301 0
1 1 0 0 0 0 0 20 0 0 0 0 0 0 4 4 6 3 3 0 3 3 2 0 1 0 0 0 0 0 0 0 0 0 0 7 0 0 0 0 0 0 0 1 0 0 3 1 0 0 0 0 38 0 0 3 1 0 5 1 9 0 3 2 0 2 2 3 2 0 0 48 3 0 4 6 0 0 18 21 0 0 0 0 0 0 0 0 0 0 0 0 30 0 0 0 0 0 0 0 0 0 6 0 5 4 13 19 42 42 6 42 0 0 0 2 0 0 0 0 0 2 0 0 0 0 0 0 0 0 0 0 0 0 0 0 0 0 0 1 8 2 2 0 0 8 0 0 9 0 9 13 0 35 0
97 202 88 235 62 36 44 346 130 31 224 140 21 165 53 219 280 0 0 0 0 0 92 0 0 206 6 16 107 47 51 26 27 552 475 68 225 7 3 336 145 279 100 190 90 140 62 87 502 9 360 189 1832 223 72 41 62 22 197 62 216 56 102 93 81 87 100 103 100 519 468 2661 126 0 223 204 23 60 153 158 557 69 782 50 0 36 0 0 0 0 1904 0 171 1747 338 343 228 0 0 1197 500 65 1072 1269 333 112 3451 0 0 1 1 0 0 0 43 108 0 0 0 111 245 169 0 260 162 0 0 0 0 0 0 0 0 0 0 0 62 0 727 736 109 709 737 730 672 57 73 735 35 736 49 0 0 269 6
2 4 0 0 0 0 2 52 0 1 0 2 1 0 0 15 50 7 7 5 7 7 5 0 2 24 0 0 2 1 2 0 0 0 0 17 0 0 0 0 0 0 0 12 0 0 0 2 0 0 1 0 3071 0 0 10 3 0 17 3 32 0 9 8 6 6 10 10 10 0 0 4808 10 0 9 19 0 0 9 11 0 0 0 4 0 5 0 0 0 0 0 0 0 1209 118 86 44 0 0 0 0 0 4 0 9 12 9 12 9 9 1 9 0 0 0 3 0 0 0 8 0 12 0 0 0 0 0 0 0 0 0 0 0 6 0 20 47 0 0 0 94 1 1 0 0 101 0 0 105 0 103 77 0 59 1
1 2 0 0 0 0 0 9 0 0 0 0 0 0 0 5 65 18 18 0 18 18 3 0 1 7 0 0 2 1 1 0 0 0 0 6 0 0 0 0 0 0 0 4 0 0 0 1 0 0 0 220 157 103 0 2 0 0 7 0 6 0 2 2 1 1 2 2 0 131 0 243 3 0 6 29 0 0 147 0 0 0 0 0 0 0 0 0 0 0 192 0 0 0 0 122 0 0 0 0 0 0 1 0 4 122 7 10 88 88 12 88 0 0 0 0 0 0 0 0 0 8 0 0 0 0 0 0 0 0 0 0 0 0 0 41 0 0 0 0 24 0 0 0 0 26 0 0 27 0 27 18 0 7 0
66 99 59 80 20 10 5 96 6 3 15 174 25 0 24 129 47 143 143 124 143 143 69 6 41 3 1 15 52 63 34 13 73 156 130 44 36 2 1 42 0 1 59 1320 20 0 15 2 0 0 0 0 83 0 0 11 3 0 25 4 39 0 8 8 4 7 8 11 7 174 0 108 9 0 8 27 0 0 69 167 158 125 0 15 0 9 25 19 0 0 152 0 0 78 0 190 7 0 0 10 0 2 54 47 3 54 97 137 38 38 5 38 0 78 0 38 0 0 0 151 0 16 0 227 77 0 0 0 0 0 0 0 0 0 0 161 0 0 1133 1136 282 1097 1137 1132 1094 209 195 1135 178 1136 199 48 20 46 710
4 8 3 12 0 2 16 11 13 9 4 4 1 4 1 27 745 88 88 87 88 88 36 0 11 0 0 0 1 1 0 0 0 15 14 2 0 0 0 0 0 0 0 19 0 0 0 0 0 0 0 0 7 0 0 1 1 0 9 0 9 0 0 1 1 1 0 2 0 0 10 1 3 0 6 7 0 0 6 4 16 0 0 0 0 6 0 0 0 0 1 0 0 0 0 0 3 0 0 0 0 0 0 0 0 9 0 0 0 0 0 0 0 0 0 49 0 0 0 877 0 111 357 1415 2306 0 0 0 0 0 0 0 0 20 0 0 0 0 0 1 7 44 1 0 0 19 1003 0 14 0 8 0 0 20 940
0 0 0 0 0 0 0 12 0 0 0 5 0 0 0 0 6 22 22 0 21 22 12 0 4 1 0 1 8 18 6 2 22 26 21 0 0 0 0 0 19 0 7 58 0 13 0 4 0 0 0 0 18 0 0 2 0 0 8 1 6 0 2 2 0 1 1 2 1 80 49 32 34 0 46 37 0 0 2 3 15 41 0 0 0 9 0 0 118 0 58 0 0 29 0 0 0 0 0 20 8 1 24 21 6 6 107 152 0 0 0 0 0 0 0 63 0 0 0 0 0 6 0 0 0 0 0 0 0 0 0 0 0 0 0 0 64 0 0 2 61 4 4 0 0 65 0 1 67 2 67 33 119 0 1
98 62 26 93 88 72 458 32 81 66 236 32 32 216 83 24 381 547 547 0 50 0 71 0 104 86 4 43 281 38 91 51 2 103 86 58 22 4 2 64 13 31 40 119 12 14 30 9 137 225 143 171 254 99 34 3 4 4 32 3 26 6 19 7 6 7 7 7 0 0 34 88 41 18 20 62 214 61 69 112 102 5 138 33 638 29 54 273 21 10 259 31 44 119 56 30 24 0 2 4 2 4 2 3 24 142 4505 6360 0 1 0 0 0 121 210 63 45 63 0 100 10 27 0 30 21 0 38 0 70 64 0 538 17 90 0 209 605 67 42 43 122 47 43 42 39 129 138 43 131 43 130 5 116 584 2094
36 20 5 34 33 0 175 12 30 25 90 12 12 80 35 11 87 209 209 119 209 209 0 0 0 33 1 4 100 12 0 29 0 16 26 2 8 2 1 25 4 10 15 38 1 4 11 3 55 92 59 65 100 36 13 1 1 1 13 0 11 0 0 3 0 3 1 4 0 0 14 35 17 0 9 24 77 23 27 43 39 2 51 0 206 20 16 91 3 2 104 5 17 47 22 14 7 0 0 1 0 1 1 1 9 55 1724 2434 35 35 5 35 0 26 84 26 0 0 0 50 0 32 0 15 504 0 24 0 33 16 53 200 5 158 0 79 229 0 16 17 47 18 17 16 10 49 53 16 50 16 50 0 45 133 336
0 6 0 9 9 7 47 0 6 7 24 3 3 22 9 0 31 56 56 56 56 56 0 8 20 9 0 4 29 4 9 9 0 11 9 5 1 0 0 6 1 0 4 9 0 1 2 1 14 19 16 14 27 0 0 0 1 0 4 0 3 0 2 1 0 1 1 0 0 0 4 9 1 0 1 7 0 5 7 11 0 0 14 3 65 6 6 29 2 0 24 0 0 11 0 3 0 0 0 0 0 0 0 0 2 15 65 63 0 0 0 0 0 0 0 7 0 0 0 13 0 3 2 3 0 0 0 0 0 0 0 0 0 0 0 0 52 0 0 3 12 5 4 0 0 13 7 1 13 3 13 0 0 5 154
14 8 3 11 12 10 66 4 12 10 34 5 5 29 13 3 22 79 79 79 79 79 0 25 29 12 1 6 41 6 13 13 0 14 12 8 0 1 0 8 2 2 5 16 0 0 4 1 19 26 19 24 35 0 0 0 1 0 5 0 4 0 3 1 0 1 1 0 0 0 4 12 4 0 2 9 20 7 10 15 3 0 20 5 92 8 8 42 3 0 33 0 0 14 1 4 0 0 0 0 0 0 0 0 3 20 484 671 0 0 0 0 0 0 0 9 0 0 0 18 0 4 1 5 0 0 0 0 0 0 0 0 0 0 0 0 75 0 0 6 18 7 6 1 0 19 14 3 19 5 19 0 0 16 29
0 0 0 1 2 0 14 0 1 2 7 1 1 2 3 0 8 17 17 0 17 17 0 0 0 3 0 0 7 1 0 0 0 2 1 0 0 0 0 1 0 1 1 2 0 0 0 0 4 3 4 4 8 0 0 0 0 0 1 0 1 0 0 0 0 0 0 0 0 0 0 3 1 0 1 2 0 2 2 3 0 0 3 1 20 2 2 9 1 0 7 0 1 3 0 1 0 0 0 0 0 0 0 0 1 4 120 168 3 3 0 3 0 0 0 2 0 0 0 4 0 1 0 0 0 0 0 0 0 0 0 0 0 0 0 1 10 0 0 1 4 1 1 0 0 4 2 0 4 1 4 0 0 7 21
1 0 0 0 0 0 0 0 1 0 2 0 0 0 1 0 5 5 5 4 5 5 0 0 0 1 0 0 3 0 1 1 0 1 0 0 0 0 0 1 0 0 0 0 0 0 0 0 1 0 1 0 2 0 0 0 0 0 2 0 1 0 0 0 0 0 0 0 0 0 0 0 0 0 0 1 0 0 1 1 0 0 32 0 6 1 0 3 0 0 0 0 0 0 0 0 0 0 0 0 0 0 0 0 0 1 0 0 1 1 0 1 0 0 0 1 0 0 0 1 0 0 0 0 0 0 0 0 0 0 0 0 0 0 0 0 0 0 0 0 1 0 0 0 0 1 0 0 1 0 1 0 0 0 39
14 9 4 2 11 5 65 0 12 8 35 4 5 17 13 3 6 81 81 81 81 81 0 21 0 13 1 6 42 6 13 13 0 14 0 1 3 1 0 10 2 5 6 17 2 2 4 1 20 20 20 20 37 0 0 0 1 0 5 0 4 0 2 1 0 1 1 0 0 0 4 13 5 0 3 9 6 8 10 16 0 0 18 5 94 8 8 43 3 0 28 0 1 15 0 4 0 0 0 0 0 0 0 0 3 21 252 326 13 13 2 13 0 0 0 9 0 0 0 19 0 4 0 3 0 0 0 0 0 0 0 0 0 0 0 0 45 9 0 6 18 7 6 0 0 19 13 3 19 5 19 0 0 26 1
0 0 0 0 0 0 0 0 0 0 0 0 0 0 0 0 0 0 0 0 0 0 0 0 0 0 0 0 0 0 0 0 0 0 0 0 0 0 0 0 0 0 0 0 0 0 0 0 0 0 0 0 0 0 0 0 0 0 0 0 0 0 0 0 0 0 0 0 0 0 0 0 0 0 0 0 0 0 0 0 0 0 0 0 0 0 0 0 0 0 0 0 0 0 0 0 0 0 0 0 0 0 0 0 0 0 0 0 0 0 0 0 0 0 0 0 0 0 0 0 0 0 0 0 0 0 0 0 0 0 0 0 0 0 0 0 0 0 0 0 0 0 0 0 0 0 0 0 0 0 0 0 0 0 0
1 0 0 0 0 0 4 0 0 0 2 0 0 0 0 0 1 6 6 0 2 6 0 0 0 1 0 0 0 0 0 0 0 0 0 0 0 0 0 0 0 0 0 1 0 0 0 0 0 0 1 0 0 0 0 0 0 0 0 0 0 0 0 0 0 0 0 0 0 0 0 0 0 0 0 1 0 0 0 1 0 0 0 0 0 0 0 3 0 0 0 0 0 0 0 0 0 0 0 0 0 0 0 0 0 0 46 65 1 1 0 1 0 0 0 1 0 0 0 0 0 0 0 0 0 0 0 0 0 0 0 0 0 0 0 0 0 0 0 0 1 0 0 0 0 1 0 0 1 0 1 0 0 0 0
0 0 0 0 0 0 0 0 0 0 0 0 0 0 0 0 0 0 0 0 0 0 0 0 0 0 0 0 0 0 0 0 0 0 0 0 0 0 0 0 0 0 0 0 0 0 0 0 0 0 0 0 0 0 0 0 0 0 0 0 0 0 0 0 0 0 0 0 0 0 0 0 0 0 0 0 0 0 0 0 0 0 0 0 0 0 0 0 0 0 0 0 0 0 0 0 0 0 0 0 0 0 311 0 82 0 0 0 13 13 2 13 0 0 0 0 0 0 0 0 0 0 0 0 0 0 0 0 0 0 0 0 0 0 0 0 0 0 0 0 0 0 0 0 0 0 0 0 0 0 0 0 0 0 0
0 0 0 0 0 0 0 0 0 0 0 0 0 0 0 0 0 0 0 0 0 0 0 0 0 0 0 0 0 0 0 0 0 0 0 0 0 0 0 0 0 0 0 0 0 0 0 0 0 0 0 0 0 0 0 0 0 0 0 0 0 0 0 0 0 0 0 0 0 0 0 0 0 0 0 0 0 0 0 0 0 0 0 0 0 0 0 0 0 0 0 0 0 0 0 0 0 0 0 0 0 0 464 0 123 0 2770 0 20 20 3 20 0 0 0 0 0 0 0 0 0 0 0 0 0 0 0 0 0 0 0 0 0 0 0 0 0 0 0 0 0 0 0 0 0 0 0 0 0 0 0 0 0 0 0
0 0 0 0 0 0 0 0 0 0 0 0 0 0 0 0 0 0 0 0 0 0 0 0 0 0 0 0 0 0 0 0 0 0 0 0 0 0 0 0 0 0 0 0 0 0 0 0 0 0 0 0 0 0 0 0 0 0 0 0 0 0 0 0 0 0 0 0 0 0 0 0 0 0 0 0 0 0 0 0 0 0 0 0 0 0 0 0 0 0 0 0 0 0 0 0 0 0 0 0 0 0 0 0 0 0 0 0 0 7 9 81 0 0 0 0 0 0 0 0 0 0 0 0 0 0 0 0 0 0 0 0 0 0 0 0 0 0 0 0 0 0 0 0 0 0 0 0 0 0 0 0 0 0 0
0 0 0 0 0 0 0 0 0 0 0 0 0 0 0 0 0 0 0 0 0 0 0 0 0 0 0 0 0 0 0 0 0 0 0 0 0 0 0 0 0 0 0 0 0 0 0 0 0 0 0 0 0 0 0 0 0 0 0 0 0 0 0 0 0 0 0 0 0 0 0 0 0 0 0 0 0 0 0 0 0 0 0 0 0 0 0 0 0 0 0 0 0 0 0 0 0 0 0 0 0 0 0 0 0 0 0 0 0 0 8 74 0 0 0 0 0 0 0 0 0 0 0 0 0 0 0 0 0 0 0 0 0 0 0 0 0 0 0 0 0 0 0 0 0 0 0 0 0 0 0 0 0 0 0
0 0 0 0 0 0 0 0 0 0 0 0 0 0 0 0 0 0 0 0 0 0 0 0 0 0 0 0 0 0 0 0 0 0 0 0 0 0 0 0 0 0 0 0 0 0 0 0 0 0 0 0 0 0 0 0 0 0 0 0 0 0 0 0 0 0 0 0 0 0 0 0 0 0 0 0 0 0 0 0 0 0 0 0 0 0 0 0 0 0 0 0 0 0 0 0 0 0 0 0 0 0 0 0 0 0 0 0 0 0 0 2 0 0 0 0 0 0 0 0 0 0 0 0 0 0 0 0 0 0 0 0 0 0 0 0 0 0 0 0 0 0 0 0 0 0 0 0 0 0 0 0 0 0 0
0 0 0 0 0 0 0 0 0 0 0 0 0 0 0 0 0 0 0 0 0 0 0 0 0 0 0 0 0 0 0 0 0 0 0 0 0 0 0 0 0 0 0 0 0 0 0 0 0 0 0 0 0 0 0 0 0 0 0 0 0 0 0 0 0 0 0 0 0 0 0 0 0 0 0 0 0 0 0 0 0 0 0 0 0 0 0 0 0 0 0 0 0 0 0 0 0 0 0 0 0 0 0 0 0 0 0 0 0 0 0 0 0 0 0 0 0 0 0 0 0 0 0 0 0 0 0 0 0 0 0 0 0 0 0 0 0 0 0 0 0 0 0 0 0 0 0 0 0 0 0 0 0 0 0
112 103 104 578 194 341 19 1614 620 908 88 70 77 331 33 323 25 1744 1744 1744 1744 1744 4317 2584 2666 26454 21609 32087 15223 25251 54413 33892 22660 3725 3743 6832 148 30 14 251 894 1218 426 1102 402 839 357 636 2042 1643 1311 1415 907 2369 309 101 266 295 803 343 745 363 400 367 217 359 381 391 0 0 1741 902 1811 3547 4613 3446 1008 6480 7805 1265 3449 2039 3862 281 1140 1383 728 969 673 1092 92 684 840 1049 429 377 481 88 1223 946 59 1778 878 235 1309 6109 7 8 36522 36401 5112 36588 0 0 444 719 805 0 272 267 0 0 176 232 165 753 0 0 0 0 186 1744 0 0 389 940 672 1582 995 1049 222 1018 1055 1043 1055 152 168 1049 123 1052 141 872 1247 2649 0
1762 420 447 530 76 48 689 1296 547 183 1210 2418 211 420 1185 1103 1269 0 0 0 0 0 0 1238 1386 2249 86 230 1606 608 992 386 307 1583 3512 631 129 35 16 123 131 153 232 675 87 131 143 77 296 160 662 365 900 610 367 146 150 72 401 199 579 0 241 245 241 223 276 276 274 2440 77 1198 211 456 151 323 0 456 104 82 0 189 823 484 378 233 561 810 550 60 2067 367 1392 1844 0 279 270 0 0 83 78 13 222 470 116 709 2809 3994 2436 2428 341 2436 2338 0 1046 996 0 87 133 5953 0 6067 0 405 328 1197 758 0 0 0 0 0 610 1623 1556 3532 2883 0 161 154 25862 437 161 155 159 27791 6652 156 28726 158 28352 1325 1637 2153 0
145 306 126 184 155 151 250 371 147 62 156 118 22 108 53 222 77 336 336 336 336 336 546 197 272 45 2 38 147 78 50 13 54 240 336 106 10 1 2 48 135 38 182 2069 76 130 198 14 42 0 73 219 31 0 0 42 22 0 84 0 143 0 48 45 43 38 55 54 55 159 195 47 127 0 64 101 0 16 182 379 232 99 0 93 0 84 45 136 95 0 80 0 277 93 7082 101 282 0 0 82 17 0 97 102 52 143 364 514 100 100 14 100 0 0 0 1544 0 0 0 214 878 1619 0 545 183 0 0 0 0 0 0 336 0 150 0 230 0 0 2615 2633 662 2532 2635 2622 2633 493 205 2630 424 2633 471 129 0 108 0
0 0 0 0 0 0 0 1 0 0 0 1 0 0 0 0 0 0 0 0 0 0 0 0 0 0 0 0 0 0 0 0 0 1 1 0 0 0 0 0 0 0 0 27 0 0 0 0 0 0 0 0 0 0 0 1 1 0 1 0 2 0 1 1 1 1 1 1 1 184 0 0 0 0 0 1 0 0 0 0 0 0 0 0 0 0 0 0 0 0 0 0 0 4 0 0 0 0 0 0 0 0 0 0 0 0 0 0 0 0 0 0 0 0 0 0 0 0 0 0 0 0 0 0 0 0 0 0 0 0 0 0 0 0 0 0 0 0 0 0 207 0 0 0 0 222 0 0 230 0 227 0 0 0 0
5512 7028 6203 3413 970 484 537 5909 708 179 1486 1494 245 2118 591 1606 3082 1096 1083 1026 1096 1097 0 218 689 580 11 154 676 8103 422 172 11597 3583 2877 1114 2097 106 50 4161 6415 1015 7939 10703 11922 6414 3988 5994 827 3001 457 1665 2988 4420 2753 691 1191 1305 2879 1581 3426 1577 1861 1742 1727 1625 1864 1889 1865 4789 1246 3141 4019 6035 6371 5103 3038 1271 1494 1204 3523 21736 12439 1526 377 612 1827 806 608 3510 3515 1886 5681 3493 1792 3340 2439 0 299 169 40931 46 49 73 14300 1458 0 0 0 1 3 0 0 3874 2365 895 0 815 3596 219 439 211 0 960 1238 0 0 0 0 0 0 1070 291 1345 0 1125 789 594 1871 1886 5577 1807 1887 1879 1867 5823 0 1884 5963 1886 5935 463 1340 2420 0
8897 2300 1537 1164 1238 218 989 1540 413 416 3173 10924 72240 8931 9417 1098 3768 355 355 355 355 355 232 0 141 517 46 132 922 320 581 227 133 1227 2036 2173 1322 239 517 1348 179 1493 3961 1590 8230 24 15570 310 650 6423 518 793 785 1963 873 179 236 122 641 301 811 191 450 364 359 339 400 403 401 2676 5325 1157 2103 3016 3592 2680 1597 2073 493 62 1224 342 1161 407 130 240 475 276 251 723 3138 117 1583 1322 660 1031 3125 0 273 2291 124 214 841 437 1495 553 2188 2703 1942 1936 272 1942 1099 0 934 1748 0 0 2384 659 391 1451 0 698 917 0 0 0 0 0 0 355 0 1087 0 1027 938 0 1338 1357 1495 1326 1359 1351 1285 1496 558 1356 1502 1358 1508 478 1427 2059 0
1668 1034 1265 0 0 34 56 1290 258 133 184 87 72 0 141 625 0 97 97 96 97 97 379 0 236 3861 6325 3038 741 1710 1279 3195 11925 1709 3932 3691 0 0 0 333 5909 0 1093 2217 0 0 13 3906 2229 2923 906 435 938 814 1562 126 213 256 428 275 528 229 317 299 296 285 319 319 319 715 535 1431 339 2523 3196 2302 527 383 457 403 833 710 542 234 69 99 280 136 70 1098 841 343 1145 1558 1072 318 512 4 46 756 160 201 6066 1182 4206 674 2995 4229 579 578 100 579 0 0 65 2481 0 0 0 459 300 251 335 384 646 872 620 0 162 267 0 97 828 271 0 499 516 133 1155 1158 561 1125 1158 1153 1111 509 359 1156 490 1157 503 1331 1801 2270 1
4 5 4 0 0 0 0 0 0 0 0 0 0 0 0 0 0 116 116 80 116 116 99 0 27 0 0 0 0 0 0 0 0 20 12 0 0 0 0 0 11 15 33 0 0 0 104 0 31 571 2854 1 122 0 0 2 0 0 138 0 86 0 7 4 1 5 0 9 0 314 7 21 1 0 0 13 0 0 20 1 0 19 2452 0 0 11 0 11 0 0 52 0 0 12 0 0 5 0 0 0 0 0 0 0 0 58 0 0 0 0 0 0 0 0 0 2 0 0 0 0 0 2 0 0 0 0 0 0 0 0 0 103 0 19 0 0 0 0 0 0 15 0 0 0 0 17 0 0 17 0 17 0 0 0 0
1050 1623 936 513 602 971 612 1642 1924 442 1089 532 140 822 224 683 1082 603 603 573 603 604 326 0 165 45 3 21 131 326 0 11 425 2312 2060 139 493 35 19 912 1343 4064 3641 668 1160 1345 730 102 2190 451 4445 876 2003 1308 568 192 288 0 752 337 915 0 466 438 415 412 473 479 473 733 4891 1269 3008 767 418 599 409 176 403 221 2324 860 2122 469 496 976 883 221 502 1015 1783 0 1630 1210 328 573 1034 0 17 427 179 72 675 502 50 757 1239 1756 1867 1860 261 1866 858 1614 0 835 0 0 0 387 0 137 0 941 480 0 0 0 0 0 0 593 0 347 0 401 479 123 3328 3333 2271 3203 3333 3325 3245 2160 262 3330 2126 3332 2168 281 434 877 0
0 0 0 0 0 0 0 0 0 0 0 0 0 0 0 0 0 700 700 684 700 700 0 0 610 21 0 6 69 18 63 4 0 0 0 0 0 0 0 0 0 0 0 0 0 0 0 0 0 0 0 0 0 0 0 0 0 0 2 0 2 0 2 3 3 3 2 3 0 0 0 0 0 0 0 0 0 0 0 0 0 0 0 0 0 0 0 0 0 0 0 0 0 0 0 0 0 0 0 0 0 0 0 0 0 1 0 0 85 85 12 85 22 0 0 129 0 0 0 0 0 0 0 0 0 0 0 0 0 0 0 614 0 0 0 0 0 0 0 0 0 0 0 0 0 0 0 0 0 0 0 0 0 0 2
101 228 148 51 30 202 63 1721 212 174 419 203 19 105 87 80 2840 324 324 324 324 325 2388 548 565 103 7 248 332 198 138 30 127 911 830 308 777 26 20 1510 81 26 436 519 119 94 498 78 772 232 1314 300 2238 565 485 201 435 0 713 0 939 141 487 612 606 587 648 644 649 50 2972 757 2244 665 273 660 275 322 1729 4680 927 262 704 1766 454 471 3451 582 0 466 770 144 1589 811 410 0 263 238 91 0 0 23 7 31 155 1056 0 0 0 0 4 0 0 41 480 107 579 192 0 3630 1358 894 0 505 358 0 190 0 0 0 0 324 0 316 0 362 158 0 1984 1990 540 2076 1991 1986 1935 457 3995 1989 394 1990 399 107 79 317 4
1 2 2 0 0 3 4 47 6 5 13 12 1 1 4 1 175 21 21 21 21 21 157 56 78 6 0 8 21 10 7 1 5 31 30 13 8 8 9 18 2 0 13 9 0 0 13 2 20 0 45 0 28 0 0 6 603 66 553 254 475 80 587 733 731 746 713 711 713 0 145 21 74 9 0 11 0 7 61 156 33 10 24 13 6 5 17 1 4 0 18 0 43 16 0 0 5 0 0 0 0 0 0 0 6 35 0 0 0 0 0 0 0 0 0 3 0 0 0 10 0 20 0 0 0 0 0 0 0 0 0 0 0 0 0 0 0 0 60 68 16 66 69 63 0 11 0 67 10 68 11 0 0 0 0
19 37 23 45 13 11 11 283 30 17 18 19 5 40 8 38 95 97 97 97 97 97 64 34 43 5 1 7 33 35 21 8 40 113 93 5 6 3 1 6 26 18 207 103 76 0 114 41 1163 258 89 243 84 0 23 32 17 0 61 0 112 4 36 35 34 30 43 42 43 199 324 129 92 148 122 134 0 9 110 47 116 81 67 69 14 19 85 18 13 65 305 0 223 143 0 0 70 0 0 42 25 4 52 45 88 118 218 308 35 35 5 35 0 0 0 125 0 0 0 58 0 105 0 75 0 307 0 0 0 0 0 95 0 171 0 179 33 8 75 83 66 80 83 80 55 64 0 81 66 82 65 162 28 57 1
376 1153 556 72 58 104 87 4372 163 59 1058 667 153 170 285 575 2257 0 0 0 0 0 1142 475 681 9 8 41 166 314 109 44 395 1901 1366 364 76 47 21 57 674 567 2878 546 167 741 477 186 692 987 3970 2022 611 1401 1294 499 398 170 1099 0 1800 420 722 699 687 620 814 804 817 4346 1668 718 2128 2379 1722 1629 716 422 476 342 1943 798 1012 1047 193 269 1310 193 173 836 1057 490 3821 1184 438 1109 1098 37 6 316 149 77 922 333 185 535 3763 5339 0 1 1 0 0 0 477 4616 2897 1791 0 6313 3702 3451 4471 7764 0 0 259 0 0 0 0 0 0 857 0 417 263 0 5465 5468 1317 5515 5468 5462 5405 1029 6559 5466 882 5467 915 391 524 593 1
141 245 135 467 123 85 89 1832 122 186 489 256 77 173 102 166 555 440 440 440 440 440 402 55 256 70 3 26 108 216 68 27 275 610 515 43 69 32 14 73 122 921 57 741 105 147 185 84 760 425 864 406 521 610 1051 204 104 0 392 0 689 135 234 215 210 181 264 260 265 486 1096 809 503 1077 880 782 357 72 192 239 621 539 281 430 81 115 537 88 92 606 1718 654 1283 1023 195 211 611 0 0 90 110 12 153 98 71 455 8 12 1688 1683 237 1688 985 0 1376 2461 268 1205 0 301 783 182 0 430 931 0 0 0 1440 2295 0 440 1535 1918 0 2193 590 285 1251 1257 690 1211 1257 1251 1197 637 154 1255 619 1256 636 1376 1694 2516 5
651 732 763 595 762 1366 2339 3408 2005 843 748 4719 242 1112 672 1384 1832 1448 1448 1448 1449 1449 0 724 734 365 19 341 1164 1703 417 106 2001 1271 1116 2317 333 76 35 355 1641 454 1414 1671 513 1686 545 459 3355 1341 1113 1041 2938 1752 1431 380 325 394 959 457 1445 516 623 558 550 500 644 641 646 1218 1057 2045 4756 1762 1167 1456 1446 2442 2577 4103 1286 3800 1154 1493 3048 967 2695 744 666 2422 3051 1272 3220 2519 1589 927 1477 93 73 466 1187 212 2554 38 153 1254 7016 0 3908 3935 578 3911 3857 3585 3498 3362 2958 2840 218 2005 2296 1941 936 1084 1514 1377 614 0 4176 0 11256 1448 747 2540 4 2689 1989 191 2224 2229 3436 2218 2229 2224 2197 3520 1974 2226 3564 2228 3553 1882 2027 5874 0
96 543 134 391 1483 1410 86 535 286 110 19 467 12 234 201 334 630 584 584 584 584 584 344 172 172 46 3 25 149 77 49 13 55 385 527 49 36 13 6 19 65 11 238 345 81 63 130 36 700 93 45 257 230 216 0 59 42 17 148 61 223 42 87 77 72 67 90 90 91 140 603 206 774 205 87 121 216 64 161 73 391 115 198 124 33 49 162 21 28 290 238 228 468 225 125 191 30 0 0 313 128 13 119 359 109 198 3042 4322 0 2 2 0 0 382 579 3037 60 271 0 772 849 2196 440 708 424 280 0 0 0 0 0 584 0 227 0 297 214 0 1036 1038 485 1031 1039 1036 1028 443 860 1036 423 1038 432 190 155 620 0
225 336 206 164 68 54 29 673 175 38 168 171 31 132 69 26 309 86 86 85 86 86 276 152 153 11 5 53 266 127 167 64 85 461 353 133 158 14 6 213 243 405 427 400 175 250 199 358 273 278 1966 152 123 234 0 77 58 39 239 76 316 43 114 104 102 92 121 122 121 272 869 284 551 619 610 513 243 157 221 359 471 182 1259 237 106 148 283 228 194 358 753 9 616 286 174 719 261 0 0 373 161 28 355 387 194 186 972 1380 552 551 78 552 547 410 579 372 293 361 0 214 309 83 265 198 250 30 0 771 33725 0 0 86 0 406 0 450 4 0 351 357 418 349 358 352 313 420 150 355 423 356 424 256 216 852 140
224 430 225 276 96 101 93 3574 317 144 186 374 91 339 80 198 449 289 289 289 289 289 160 0 109 3 5 36 7 128 11 3 176 594 408 357 206 122 50 204 314 432 596 2109 528 354 510 256 2091 659 873 1553 949 788 1498 378 147 159 641 234 1216 275 379 342 335 278 435 426 438 913 1065 1344 633 1467 856 927 627 434 507 815 541 373 196 832 173 223 1017 288 201 792 3065 1358 3200 1882 503 340 2390 47 0 417 232 22 368 420 143 335 1677 2380 1023 1027 149 1023 0 1466 4293 21878 3030 6106 3556 318 1323 362 615 303 721 1321 1818 0 625 1489 0 289 1695 1405 0 1393 2427 964 1215 1223 1451 1177 1224 1206 1224 1455 93 1221 1469 1223 1473 1257 2737 2522 1
232 0 168 0 141 53 94 0 49 240 352 129 26 0 61 279 289 0 0 0 0 0 0 0 0 47 0 53 259 164 166 61 138 2 112 318 21 1 1 41 4 228 616 201 113 0 30 103 312 46 799 128 232 247 0 1 36 12 68 0 50 0 51 44 38 45 43 44 43 1162 0 423 750 0 0 19 54 315 349 513 0 157 33 13 14 30 7 53 21 0 621 0 90 274 26 158 282 0 0 135 12 6 183 126 334 61 1006 1428 0 0 0 0 0 2 0 265 0 0 0 0 0 0 0 227 0 1 0 0 0 0 0 0 1 0 1 0 0 0 0 0 0 0 0 0 0 0 0 0 0 0 0 304 0 0 3
109 149 108 79 34 39 36 1450 39 21 117 60 30 41 16 15 36 0 0 0 0 0 384 0 251 68 5 58 138 148 98 36 151 487 361 219 58 22 10 80 268 520 217 586 191 286 196 130 439 587 189 417 1476 544 960 165 107 102 358 139 585 126 218 202 198 175 240 238 241 2729 944 2416 1383 923 1092 894 97 255 609 875 434 311 567 343 63 94 428 57 70 306 4481 110 1627 1851 255 201 719 0 0 616 302 58 716 645 184 350 3295 4695 1159 1156 163 1159 804 0 1134 2042 0 538 0 1022 586 288 194 241 784 88 0 0 1512 2217 0 0 0 1791 0 1495 792 411 816 821 648 826 822 814 747 637 913 819 629 820 631 814 1596 1847 6
5 10 5 0 0 0 7 0 0 0 0 88 0 0 38 0 36 737 737 737 737 737 207 0 127 133 19 134 874 308 555 216 130 228 184 19 4 1 1 5 9 0 0 30 4 0 9 5 245 133 605 134 387 0 0 11 22 0 66 17 66 0 45 31 30 30 33 34 33 336 241 802 1756 50 550 394 89 28 183 276 153 239 68 18 6 27 22 5 4 0 441 329 0 231 266 0 100 0 0 217 59 25 193 212 63 144 798 1138 208 207 29 208 181 0 0 35 0 0 0 0 0 20 0 22 0 0 0 0 0 0 0 737 0 0 43 393 0 0 110 116 17 113 117 101 117 9 18 113 6 115 8 221 0 0 0
1150 2784 1123 340 380 424 2216 5981 1736 174 677 1177 199 1034 476 1088 1563 0 0 0 0 1 0 515 752 873 28 529 2811 1306 933 252 814 4569 3461 883 826 112 49 1427 2235 2666 4168 1883 1818 2318 1908 1892 2026 3565 1001 3709 3499 3458 3878 682 476 565 1759 638 2591 766 1003 873 857 767 1029 1029 1033 1212 2398 6188 7133 5116 5018 4120 2647 1162 2458 2959 4661 1701 3209 1553 626 657 1862 431 586 3608 2368 3659 6385 6539 2103 2259 2117 37 76 1771 961 227 2026 1868 1643 1020 9062 0 0 8 7 1 0 0 2051 288 4331 4271 2057 1833 3299 5352 1677 2939 2170 2907 1839 0 3374 3886 125 0 3951 0 0 2872 2792 129 3518 3524 524 3445 3525 3516 3525 286 1633 3523 186 3524 233 3910 4426 1998 8
8 16 7 0 0 0 7 12 13 0 8 10 2 0 4 0 26 95 95 95 95 95 32 0 21 1 1 4 30 9 19 7 3 58 41 10 0 0 0 0 27 0 0 41 0 0 0 29 0 0 147 191 32 0 0 7 9 0 22 0 30 0 15 14 12 13 16 16 16 232 125 26 14 0 81 64 0 2 7 7 52 0 1 14 1 5 15 2 2 0 17 59 0 0 0 24 11 0 0 71 13 0 80 66 28 57 355 501 152 151 21 152 0 0 0 86 0 0 0 27 0 7 0 4 0 0 0 0 0 0 0 95 0 0 0 0 0 0 119 142 82 139 144 119 144 76 12 140 74 142 76 91 0 0 1
4 6 3 0 0 0 5 0 7 0 9 10 2 15 4 4 37 183 183 183 183 183 177 0 72 1066 275 203 82 112 106 225 793 162 310 213 28 1 1 0 2 0 0 640 0 0 0 73 90 383 84 0 131 0 0 1 105 22 107 130 87 46 123 127 127 129 123 123 123 555 127 190 16 21 160 117 0 17 0 12 104 16 43 0 3 6 0 7 3 0 194 0 0 79 44 7 0 0 0 0 0 0 261 0 90 114 367 528 96 96 14 96 0 0 1306 195 0 0 0 38 0 32 0 1 0 0 0 0 0 0 0 183 0 329 0 217 0 0 69 80 12 79 81 68 81 6 25 77 4 79 5 202 0 0 1
0 0 1 0 0 0 4 28 897 599 801 235 7 756 90 12 1303 1 1 1 1 2 1 0 0 127 36 24 4 30 8 20 100 698 481 33 70 11 5 202 1741 0 14 610 0 1738 18 836 259 1252 3577 269 370 671 467 11 35 14 117 45 99 16 74 47 46 47 48 51 48 68 1500 497 109 4141 5711 3919 627 92 187 139 712 180 7 1 7 44 0 0 0 586 727 427 148 373 17 191 1028 0 0 919 566 54 793 0 45 252 4531 6421 0 1 1 0 0 589 1235 220 0 33 0 114 0 56 145 849 0 611 0 0 4713 2160 0 1 0 908 0 998 120 0 0 0 509 0 0 0 0 546 0 0 567 0 559 3195 1980 1394 44
4 4 2 2 0 3 4 2 3 2 4 6 1 0 3 0 6 0 0 0 0 0 20 0 10 5 1 5 14 15 6 1 16 27 26 44 4 4 3 4 6 0 7 6 0 0 4 3 0 2 73 0 66 0 0 2 2 0 8 0 9 0 3 3 0 3 3 3 3 0 43 13 31 0 0 9 0 21 17 41 27 30 23 20 5 9 17 12 20 23 10 0 15 11 0 5 13 0 0 6 0 1 14 6 4 29 59 84 59 59 8 59 0 0 0 9 0 0 0 5 0 2 0 0 0 0 0 0 0 0 0 0 0 0 0 0 0 16 0 3 1 4 4 0 0 0 0 1 0 3 0 7 0 0 2
0 0 0 0 0 0 0 0 0 0 0 1 0 0 0 0 0 4 4 4 4 4 2 0 1 1 0 0 1 1 1 0 1 3 2 4 0 0 0 0 1 0 0 0 0 0 0 0 0 0 7 0 6 0 0 0 0 0 1 0 1 0 0 0 0 0 0 0 0 0 4 1 3 0 0 1 0 0 2 4 3 3 0 2 1 1 2 1 2 0 0 0 1 1 0 0 0 0 0 0 0 0 1 0 0 2 6 8 6 6 1 6 0 0 0 1 0 0 0 1 0 0 0 0 0 0 0 0 0 0 0 4 0 0 0 0 0 2 0 0 6 0 0 0 0 6 0 0 7 0 7 1 0 0 0
0 0 0 0 0 0 0 0 0 0 0 0 0 0 0 0 0 0 0 0 0 0 0 0 0 0 0 0 0 0 0 0 0 0 0 0 0 0 0 0 0 0 0 0 0 0 0 0 0 0 0 0 0 0 0 0 0 0 0 0 0 0 0 0 0 0 0 0 0 0 0 0 0 0 0 0 0 0 0 0 0 0 0 0 0 0 0 0 0 0 0 0 0 0 0 0 0 0 0 0 0 0 0 0 0 0 0 0 0 0 0 0 0 0 0 0 0 0 0 0 0 0 0 0 0 0 0 0 0 0 0 0 0 0 0 0 0 0 0 0 0 0 0 0 0 0 0 0 0 0 0 0 0 0 0
0 0 0 0 0 0 0 0 0 0 0 0 0 0 0 0 0 0 0 0 0 0 0 0 0 0 0 0 0 0 0 0 0 0 0 0 0 0 0 0 0 0 0 0 0 0 0 0 0 0 0 0 0 0 0 0 0 0 0 0 0 0 0 0 0 0 0 0 0 0 0 0 0 0 0 0 0 0 0 0 0 0 0 0 0 0 0 0 0 0 0 0 0 0 0 0 0 0 0 0 0 0 0 0 0 0 0 0 0 0 0 0 0 0 0 0 0 0 0 0 0 0 0 0 0 0 0 0 0 0 0 0 0 0 0 0 0 0 0 0 0 0 0 0 0 0 0 0 0 0 0 0 0 0 0
0 0 0 0 0 0 0 0 0 0 0 0 0 0 0 0 0 0 0 0 0 0 0 0 0 0 0 0 0 0 0 0 0 0 0 0 0 0 0 0 0 0 0 0 0 0 0 0 0 0 0 0 0 0 0 0 0 0 0 0 0 0 0 0 0 0 0 0 0 0 0 0 0 0 0 0 0 0 0 0 0 0 0 0 0 0 0 0 0 0 0 0 0 0 0 0 0 0 0 0 0 0 0 0 0 0 0 0 0 0 0 0 0 0 0 0 0 0 0 0 0 0 0 0 0 0 0 0 0 0 0 0 0 0 0 0 0 0 0 0 0 0 0 0 0 0 0 0 0 0 0 0 0 0 0
5 6 3 2 0 3 9 0 4 4 12 9 2 0 4 0 7 11 11 11 11 11 11 0 6 5 1 3 14 7 6 1 5 14 11 7 5 4 4 5 5 0 7 2 0 0 3 3 0 0 10 0 20 0 0 1 2 0 5 0 5 0 2 2 0 2 3 3 3 0 48 10 34 0 0 6 0 0 8 9 15 8 19 11 3 5 8 5 5 0 7 0 8 7 0 2 2 0 0 2 0 1 7 0 4 13 26 38 12 12 2 12 0 0 0 8 0 0 0 5 0 2 0 0 0 0 0 0 0 0 0 11 0 0 0 0 0 8 5 8 6 8 9 0 0 6 0 6 6 7 6 7 0 0 3
28 39 16 17 9 19 90 0 29 30 134 68 8 130 30 26 72 0 0 0 0 0 83 0 43 59 7 33 176 79 62 19 50 198 145 73 33 19 17 48 43 38 66 15 31 24 16 18 65 25 59 151 286 208 0 1 12 0 46 0 32 0 20 15 0 16 15 16 15 0 649 125 453 9 0 45 0 63 91 104 201 95 286 87 26 41 55 48 48 199 77 0 18 57 0 19 56 0 0 46 25 12 62 47 28 130 309 440 0 0 0 0 0 0 0 50 0 0 0 29 0 14 0 3 0 0 0 0 0 0 0 0 0 0 0 0 0 0 92 95 14 92 95 87 0 7 16 93 5 94 6 59 112 0 12
0 0 0 0 0 0 0 0 0 0 0 0 0 0 0 0 0 0 0 0 0 0 0 0 0 0 0 0 0 0 0 0 0 0 0 0 0 0 0 0 0 0 0 0 0 0 0 0 0 0 0 0 0 0 0 0 0 0 0 0 0 0 0 0 0 0 0 0 0 0 0 0 0 0 0 0 0 0 0 0 0 0 0 0 0 0 0 0 0 0 0 0 0 0 0 0 0 0 0 0 0 0 0 0 0 0 0 0 0 0 0 0 0 0 0 0 0 0 0 0 0 0 0 0 0 0 0 0 0 0 0 0 0 0 0 0 0 0 0 0 0 0 0 0 0 0 0 0 0 0 0 0 0 0 0
7 6 4 1 3 4 6 8 4 4 6 9 2 4 4 0 6 15 15 15 15 15 12 6 7 4 2 3 7 6 4 3 7 9 9 14 4 5 5 4 5 4 5 7 0 0 4 3 0 0 33 5 20 0 0 1 1 0 4 0 5 0 2 2 0 2 2 2 2 0 24 7 17 0 1 6 0 14 7 14 9 10 0 7 2 3 0 4 0 0 9 0 7 7 0 0 8 0 0 0 0 0 8 0 4 9 24 35 19 19 3 19 0 0 0 10 9 0 0 6 0 3 0 2 4 0 0 0 0 0 0 15 0 0 0 0 0 7 1 5 19 5 5 1 0 20 0 2 20 4 20 0 0 3 4
4 3 2 1 0 2 3 0 2 2 3 5 1 0 2 0 2 5 5 5 5 5 5 0 3 2 1 1 3 2 2 0 2 3 3 4 2 3 2 2 2 0 2 0 0 0 2 1 0 0 13 0 5 0 0 0 1 0 1 0 2 0 0 1 0 1 1 1 1 0 9 3 6 0 0 3 0 0 2 4 3 3 1 3 1 2 3 2 2 0 2 0 2 3 0 1 0 0 0 0 0 0 4 0 2 3 9 12 5 5 1 5 0 0 0 5 0 0 0 3 0 2 0 0 0 0 0 0 0 0 0 5 0 0 0 0 0 3 0 2 5 3 3 0 0 5 0 0 5 1 5 3 0 0 2
0 0 0 0 0 0 0 0 0 0 0 0 0 0 0 0 0 0 0 0 0 0 0 0 0 0 0 0 0 0 0 0 0 0 0 0 0 0 0 0 0 0 0 0 0 0 0 0 0 0 0 0 0 0 0 0 0 0 0 0 0 0 0 0 0 0 0 0 0 0 0 0 0 0 0 0 0 0 0 0 0 0 0 0 0 0 0 0 0 0 0 0 0 0 0 0 0 0 0 0 0 0 0 0 0 0 0 0 0 0 0 0 0 0 0 0 0 0 0 0 0 0 0 0 0 0 0 0 0 0 0 0 0 0 0 0 0 0 0 0 0 0 0 0 0 0 0 0 0 0 0 0 0 0 0
2 1 1 1 0 1 1 0 1 1 1 2 1 0 1 0 1 3 3 3 3 3 3 0 1 1 0 0 1 1 1 0 1 2 2 2 1 1 1 1 1 0 1 0 0 0 1 0 0 0 7 0 3 0 0 0 0 0 1 0 1 0 0 0 0 0 0 0 0 0 5 1 3 0 0 1 0 0 1 2 2 2 0 2 1 1 1 1 1 0 0 0 1 1 0 0 0 0 0 0 0 0 2 0 1 1 5 6 3 3 0 3 0 0 0 2 0 0 0 1 0 1 0 0 0 0 0 0 0 0 0 3 0 0 0 0 0 1 0 1 3 1 1 0 0 3 0 0 3 0 3 1 0 0 1
0 0 0 0 0 0 0 0 0 0 0 0 0 0 0 0 0 0 0 0 0 0 0 0 0 0 0 0 0 0 0 0 0 0 0 0 0 0 0 0 0 0 0 0 0 0 0 0 0 0 0 0 0 0 0 0 0 0 0 0 0 0 0 0 0 0 0 0 0 0 0 0 0 0 0 0 0 0 0 0 0 0 0 0 0 0 0 0 0 0 0 0 0 0 0 0 0 0 0 0 0 0 0 0 0 0 0 0 0 0 0 0 0 0 0 0 0 0 0 0 0 0 0 0 0 0 0 0 0 0 0 0 0 0 0 0 0 0 0 0 0 0 0 0 0 0 0 0 0 0 0 0 0 0 0
186 0 164 0 223 307 1 0 0 212 380 339 49 173 140 0 1 0 0 0 0 0 0 0 0 410 46 196 884 553 364 123 499 277 1003 220 0 0 0 0 63 122 486 33 0 26 272 103 141 0 175 12 40 0 0 1 32 0 40 0 32 15 36 39 39 39 38 38 38 187 0 1 0 121 238 172 0 180 464 1137 243 834 1 0 0 0 0 0 0 0 0 34 0 0 0 159 0 0 4 505 464 33 545 151 46 36 444 630 0 0 0 0 0 0 0 779 0 0 0 67 0 22 0 46 0 0 0 0 0 0 0 0 0 0 0 0 0 0 0 0 0 3 0 0 0 1 71 0 1 0 0 0 0 0 166
8 13 9 0 0 1 9 290 18 0 5 14 4 15 4 17 0 16 16 16 16 16 27 0 16 3 0 2 9 20 5 2 25 35 15 16 0 0 0 0 103 0 0 60 0 0 0 58 31 0 0 0 46 0 0 35 10 0 52 15 107 4 29 27 26 21 36 35 36 70 79 84 100 141 188 160 0 17 28 22 44 51 13 72 12 17 91 12 14 0 143 136 152 97 0 69 0 0 0 103 121 6 142 103 0 88 215 306 89 88 13 89 0 0 79 338 0 0 0 299 0 31 0 138 0 0 0 0 0 0 0 16 0 312 0 429 475 0 7 15 86 29 16 5 0 94 323 13 96 14 93 1479 0 600 3
18 34 80 0 0 0 7 259 7 3 34 90 7 0 37 59 214 443 443 443 443 443 154 0 101 42 51 45 56 76 44 40 176 75 169 73 0 2 1 11 6 0 64 183 0 0 86 0 0 0 69 0 15 0 0 37 19 0 67 29 123 0 42 39 36 33 48 47 48 73 44 6 71 160 82 102 0 1 121 253 59 111 5 76 8 20 95 13 15 0 0 0 0 0 0 0 152 0 0 0 0 0 119 0 49 80 38 53 152 151 21 152 0 0 0 62 0 0 0 40 0 22 0 99 0 0 0 0 0 0 0 443 0 128 0 89 37 0 239 256 283 247 257 228 230 282 0 252 284 255 285 364 0 0 0
0 0 0 0 0 0 0 0 0 0 0 0 0 0 0 0 0 0 0 0 0 0 0 0 0 2210 1181 805 185 392 179 311 864 0 0 0 0 0 0 0 0 0 0 0 0 0 0 0 0 0 0 0 0 0 0 0 0 0 0 0 0 0 0 0 0 0 0 0 0 0 0 0 0 0 0 0 0 0 0 0 0 0 0 0 0 0 0 0 0 0 0 0 0 0 0 0 0 0 0 0 0 0 0 0 0 109 0 0 0 0 0 0 0 0 0 0 0 0 0 0 0 0 0 0 0 0 0 0 0 0 0 0 0 0 0 0 0 0 0 0 0 0 0 0 0 0 0 0 0 0 0 0 0 0 0
