165
0 0 0 0 0 0 0 0 1262 2557 1388 703 2561 1413 220 0 0 0 0 0 0 0 0 0 0 0 0 0 12 14 6 45 14 4 8753 8 219 22 0 0 0 0 0 0 0 0 0 0 0 0 0 0 0 0 0 0 0 0 0 0 0 0 0 0 0 0 2 0 0 0 11 1 0 0 0 0 0 0 0 0 0 0 0 0 0 0 0 0 0 0 0 0 0 0 0 0 0 0 0 0 0 0 0 0 0 1 0 0 0 4 0 0 0 0 0 0 0 0 0 0 0 0 0 0 0 0 0 0 0 0 0 0 0 0 0 0 0 0 0 0 0 0 0 0 0 0 0 0 0 0 0 0 0 0 0 0 0 0 0 0 0 0 0 0 0
0 0 0 0 0 0 0 85 1033 186 23 117 196 200 8 0 0 0 0 0 0 0 0 0 0 0 0 0 243 272 131 906 286 78 548 159 898 434 7 0 0 0 0 0 8 0 0 5 6 0 18 2 1 0 1 1 0 2 2 40 1 1 1 4 2 0 9 0 0 0 210 3 0 0 0 0 0 1 3 3 0 0 2 0 1 1 1 0 0 0 0 0 38 0 2 0 2 0 0 0 0 0 0 0 0 0 0 0 0 1 0 0 0 0 0 0 0 0 0 0 0 203 0 0 2 0 2 0 0 0 0 0 0 0 0 0 0 0 0 2 0 0 0 0 0 0 0 0 0 0 0 0 0 0 0 0 0 0 0 0 0 0 45 12 0
0 0 0 0 0 0 0 38 19215 1627 2186 1840 1897 9381 3630 0 0 0 0 0 0 0 3 1 0 0 2 0 176 198 93 655 207 56 398 115 655 315 4 0 0 0 0 0 14 0 0 2 3 0 8 1 0 0 0 1 0 1 1 18 0 0 0 2 1 0 28 0 0 0 153 52 104 0 104 0 0 16 18 15 0 0 1 0 1 1 0 0 0 0 0 0 0 0 1 956 2 0 0 0 0 0 0 0 0 4 0 0 0 22 0 0 1 0 0 0 0 0 0 0 0 53 0 0 1 0 2 0 0 0 0 0 0 0 0 0 0 0 0 1 0 0 0 0 0 0 0 0 0 1 0 0 0 0 0 0 0 0 0 0 0 0 32 7 0
0 0 0 0 0 0 0 61 27 42 32 58 40 20 0 0 0 0 0 0 0 0 0 0 0 0 0 0 572 643 298 2126 675 183 1295 375 2981 3833 4 0 0 0 0 0 11 0 0 3 4 0 13 1 1 0 1 1 2 1 1 29 1 1 1 3 2 0 33 0 0 0 690 8 1 0 1 0 0 0 3 2 0 0 1 0 1 1 0 0 0 0 0 0 0 0 1 0 1774 0 0 0 0 0 0 0 0 0 0 0 0 0 0 0 0 0 0 0 0 0 0 0 0 15 0 0 2 0 0 0 0 0 0 0 0 0 0 0 0 0 0 2 0 0 0 0 0 0 0 0 0 71 0 0 0 0 0 0 0 0 0 0 0 0 18 9 0
0 0 0 0 0 0 0 0 0 0 0 0 0 0 0 0 0 0 0 0 0 0 0 0 0 0 0 0 0 0 0 0 8345 0 0 0 0 0 0 0 0 0 0 0 2 0 0 0 0 0 0 0 0 0 0 0 0 0 0 0 0 0 0 0 0 0 3 0 0 0 139 1 0 0 0 0 0 0 0 0 0 0 0 0 0 0 0 0 0 0 0 0 0 0 0 0 1 0 0 0 0 0 0 0 0 0 0 0 0 0 0 0 0 0 0 0 0 0 0 0 0 0 0 0 0 0 8 0 0 0 0 0 0 0 0 0 0 0 0 0 0 0 0 0 0 0 0 0 0 0 0 0 0 0 0 0 0 0 0 0 0 0 0 0 0
0 0 0 0 0 0 0 0 0 0 0 0 0 0 0 0 0 0 0 0 0 0 0 0 0 0 0 0 16 18 8 59 19 5 36 695 107 28 0 0 0 0 0 0 0 0 0 0 0 0 0 0 0 0 0 0 0 0 0 0 0 0 0 0 0 0 2 0 0 0 14 1 0 0 0 0 0 0 0 0 0 0 0 0 0 0 0 0 0 0 0 0 0 0 0 0 0 0 0 0 0 0 0 0 0 0 0 0 0 0 0 0 0 0 0 0 0 0 0 0 0 0 0 0 0 0 0 0 0 0 0 0 0 0 0 0 0 0 0 1 0 0 0 0 0 0 0 0 0 0 0 0 0 0 0 0 0 0 0 0 0 0 0 0 0
0 0 0 0 0 0 0 0 0 0 0 0 0 0 0 0 0 0 0 0 0 0 0 0 0 0 0 0 0 0 0 0 0 0 0 0 0 0 0 0 0 0 0 0 0 0 0 0 0 0 0 0 0 0 0 0 0 0 0 0 0 0 0 0 0 0 0 0 0 0 0 0 0 0 0 0 0 0 0 0 0 0 0 0 0 0 0 0 0 0 0 0 0 0 0 0 0 0 0 0 0 0 0 0 0 0 0 0 0 0 0 0 0 0 0 0 0 0 0 0 0 0 0 0 0 0 0 0 0 0 0 0 0 0 0 0 0 0 0 0 0 0 0 0 0 0 0 0 0 0 0 0 0 0 0 0 0 0 0 0 0 0 0 0 0
0 0 0 0 74 0 0 0 5395 1466 21 1184 1541 5964 3760 0 0 8 9 22 0 5 0 2 4 0 0 0 23 35 29 247 59 0 147 70 68 455 0 0 0 0 0 0 0 0 0 2 2 0 8 1 1 0 0 0 0 1 1 13 0 0 0 2 1 0 0 0 0 0 97 1 0 0 0 0 0 0 1 0 0 0 0 0 2 7 5 0 0 0 0 0 27 0 0 0 291 0 0 0 0 0 0 0 0 0 0 0 0 10 0 211 0 0 0 0 0 0 50 0 0 0 0 0 0 0 0 0 0 0 0 0 0 0 0 0 0 0 0 0 0 0 0 0 0 0 0 0 0 14 0 0 0 0 0 0 0 0 0 0 0 0 0 0 0
0 0 0 0 0 0 0 0 0 0 0 0 0 0 198 0 0 0 0 0 0 0 0 0 0 0 2 0 30078 1 0 0 0 0 1 0 0 0 0 0 0 0 3518 0 2 0 0 0 0 0 0 0 0 0 0 0 0 0 0 0 0 0 0 0 0 0 17 0 1 0 725 7 0 0 0 0 0 0 1 2 0 0 0 0 0 0 0 0 0 0 0 0 0 0 0 0 3 0 0 0 0 0 0 0 0 0 0 0 0 0 0 0 0 0 0 0 0 0 0 0 0 0 0 0 1 0 0 0 0 0 0 0 0 0 0 0 0 0 0 0 0 0 0 0 0 0 0 0 0 0 0 0 0 0 0 0 0 0 0 0 0 0 0 0 0
0 0 0 0 0 0 0 0 0 0 0 0 0 0 0 0 0 0 0 0 0 0 0 0 0 0 0 0 0 19885 0 0 0 0 0 0 0 0 0 0 0 0 183 0 2 0 0 0 0 0 0 0 0 0 0 0 0 0 0 0 0 0 0 0 0 0 8 0 0 0 318 3 0 0 0 0 0 0 0 0 0 0 0 0 0 0 0 0 0 0 0 0 0 0 0 0 0 0 0 0 0 0 0 0 0 0 0 0 0 0 0 0 0 0 0 0 0 0 0 0 0 0 0 0 0 0 0 0 0 0 0 0 0 0 0 0 0 0 0 1 0 0 0 0 0 0 0 0 0 0 0 0 0 0 0 0 0 0 0 0 0 0 0 0 0
0 0 0 0 0 0 0 0 0 0 0 242 10 0 0 0 0 0 0 0 0 0 0 0 0 0 0 0 16 13 6117 27 0 0 22 0 0 0 0 1 0 1 185 0 51 0 0 48 57 0 183 17 7 0 7 12 18 17 17 414 8 9 10 44 23 0 34 7881 13 0 538 4087 0 0 0 0 0 24 26 22 0 5 18 14 14 13 6 12 0 2 0 0 823 0 6 0 9 0 0 0 0 0 0 0 0 0 0 0 0 0 0 0 0 0 0 0 0 0 0 0 0 537 0 0 4 0 0 2 22 0 0 0 0 0 36 0 66 0 5 2 0 0 0 0 0 0 0 0 2 7 0 0 1 0 0 0 0 0 0 0 0 0 126 25 0
0 0 0 0 0 0 0 0 0 0 0 0 0 0 0 0 0 0 0 0 0 0 0 0 0 0 0 0 0 0 1 118 0 0 0 0 0 0 0 0 0 0 0 0 0 0 0 2 2 0 8 1 0 0 0 0 0 1 1 18 0 0 0 2 1 0 0 0 0 0 0 1 1 0 1 296 0 0 0 0 0 0 0 0 2 2 1 0 0 0 0 0 10 0 0 0 0 0 0 0 0 0 0 0 0 0 0 0 0 0 0 0 0 0 0 0 0 0 0 0 0 0 0 0 0 0 0 0 0 0 0 0 0 0 0 0 0 0 0 0 0 0 0 0 0 0 0 0 0 0 0 0 0 0 0 0 0 0 0 0 0 0 0 0 0
0 0 0 0 0 0 0 0 0 9 0 1 0 0 185 0 0 0 0 0 0 0 0 0 0 0 0 0 0 0 0 0 0 0 0 0 0 0 0 0 0 0 0 0 0 0 0 0 0 0 0 0 0 0 0 0 0 0 0 0 0 0 0 0 0 0 0 0 0 0 0 0 0 0 0 0 0 0 0 0 0 0 0 0 0 0 0 0 0 0 0 0 0 0 0 0 0 0 0 0 0 0 0 0 0 0 0 0 0 0 0 0 0 0 0 0 0 0 0 0 0 0 0 0 0 0 0 0 0 0 0 0 0 0 0 0 0 0 0 0 0 0 0 0 0 0 0 0 0 0 0 0 0 0 0 0 0 0 0 0 0 0 0 0 0
0 0 0 0 0 0 0 0 324 186 2 71 188 0 0 0 0 0 0 0 0 0 0 0 0 0 0 0 0 0 0 0 0 30092 0 0 0 0 0 0 0 0 0 0 11 0 0 0 0 0 0 0 0 0 0 0 0 0 0 0 0 0 0 0 0 0 230 0 116 115 788 90 0 40 0 0 0 0 0 0 0 0 0 0 0 0 0 0 0 0 0 0 0 0 0 0 0 0 0 0 0 0 0 0 0 0 0 0 0 1 0 0 0 0 0 0 0 0 0 0 0 0 0 0 0 0 0 0 0 0 0 0 0 0 0 0 0 0 0 0 0 0 0 0 0 0 0 0 0 0 0 0 0 0 0 0 0 0 0 0 0 0 0 0 0
0 0 0 0 0 0 0 0 0 0 0 9 0 60 0 0 0 0 0 0 0 0 0 0 0 0 0 0 0 0 0 0 0 0 0 0 0 0 0 0 0 0 0 0 0 0 0 0 0 0 0 0 0 0 0 0 0 0 0 0 0 0 0 0 0 0 0 0 0 0 0 0 0 0 0 0 0 0 0 0 0 0 0 0 0 0 0 0 0 0 0 0 0 0 0 0 0 0 0 0 0 0 0 0 0 0 0 0 0 0 0 0 0 0 0 0 0 1 0 0 0 0 0 0 0 0 0 0 0 0 0 0 0 0 0 0 0 0 0 0 0 0 0 0 0 0 0 0 0 0 0 0 0 0 0 0 0 0 0 0 0 0 0 0 0
0 0 0 7 0 0 0 11 4 4 2 5 4 4 0 0 44 0 2 14 0 31 1 8 26 3 5 3 6 6 5 19 70 11 10 4 22 31 59 2 2 0 0 4859 888 222 0 1 1 0 16 0 1 0 0 0 0 0 0 6 1 0 0 1 0 0 6 0 37 0 778 8 17 0 16 0 15 25 22 18 17 0 130 38 31 35 81 20 0 0 0 0 0 8 15 0 34 0 0 0 0 0 600 0 0 0 0 0 0 0 0 1 0 0 2 0 0 32 0 0 0 0 13 0 2 0 0 0 3 0 0 0 0 0 0 0 4 0 0 0 0 0 0 0 0 0 0 0 0 4 1 0 2 0 0 0 0 0 0 0 0 3 49 21 0
0 0 0 0 0 0 0 7 349 15 9 927 46 6271 0 0 0 0 0 0 0 0 1 0 0 0 0 0 0 0 0 0 0 0 0 0 0 0 1935 0 0 0 0 0 3 0 0 1 1 0 2 0 0 0 0 0 0 0 0 5 0 0 0 1 0 0 12 0 0 0 212 6 7 0 7 0 0 3 3 3 0 0 0 0 0 0 0 0 0 1 0 0 0 0 0 0 1 0 0 0 0 0 0 0 0 0 0 0 0 6 0 0 0 0 3 0 0 14 0 0 0 219 0 0 2 188 134 0 0 0 0 0 0 0 11 0 15 0 0 0 1 0 0 0 0 0 0 0 0 1 0 0 0 0 0 0 0 0 0 0 0 0 28 14 0
0 1 3 19 241 1528 397 0 3 1 1 2 1 2 1018 23 8 0 8711 4811 77377 7 20168 62 48 30 68 57 8 2 11 1 1247 2 4 8429 0 10 59 0 17 0 0 0 45 21 0 4981 10966 11545 3399 11501 11212 11519 11632 11577 11265 11509 11313 6059 11500 11576 11596 11056 11422 0 0 269 29983 2505 493 264 2721 2559 2723 613 103 236 56 135 66 0 12 0 9 0 27 0 0 0 0 11635 0 4 0 119 10915 0 0 0 0 0 0 0 0 1 0 0 0 213 5 302 0 0 6083 0 0 0 13 0 0 0 0 0 0 0 2286 0 0 0 0 0 0 0 0 0 0 0 0 0 0 0 0 0 0 0 0 0 0 0 2793 0 2 0 0 0 0 0 0 0 0 0 0 0 90
17 14 18 18 16 17 20 0 20 22 21 22 22 19 16 0 0 0 0 2050 0 0 662 4 0 30 32 39 47 54 66 83 86 61 60 3601 39 41 38 34 50 42 35 0 110 110 0 1 3 0 7 2 19 0 0 2 0 2 2 16 12 3 1 12 2 0 0 21 11 0 61 0 84 31 84 0 331 457 395 434 253 0 0 0 0 0 139 1062 0 0 0 0 0 0 0 0 37 0 514 0 0 0 0 0 0 0 0 0 0 2 0 6 0 0 295 120 0 0 0 0 0 0 0 0 351 0 0 0 0 0 0 0 0 0 0 0 0 0 0 0 0 0 0 0 0 0 0 0 16 51 23 0 46 0 0 0 0 0 0 0 0 0 0 15 0
0 0 0 0 0 0 0 0 0 0 0 0 0 0 0 0 0 0 0 0 0 2 803 402 0 0 0 0 0 0 0 0 0 0 0 3 0 0 0 0 0 0 0 0 0 0 0 0 0 0 0 0 0 0 0 0 0 0 0 0 0 0 0 0 0 0 0 0 11 0 0 0 3 0 3 0 0 0 0 0 0 0 0 0 0 0 0 0 0 0 0 0 0 0 0 0 0 0 0 0 0 0 0 0 0 0 0 0 10 9 10 6 10 0 0 0 0 0 0 0 0 0 0 0 0 0 0 0 0 0 0 0 0 0 0 0 0 0 0 0 0 0 0 0 0 0 0 0 0 0 0 0 0 0 0 0 0 0 0 0 0 0 0 0 0
0 0 0 0 0 2 0 0 0 0 0 0 0 0 1 0 0 0 0 0 0 1 742 321 0 0 0 4 0 0 0 0 55 0 0 0 0 0 0 0 0 0 0 0 0 0 0 0 16 0 5 17 16 0 17 17 13 17 17 9 0 0 7 16 10 0 0 0 0 0 1 0 0 0 0 0 0 0 0 0 0 0 0 0 0 0 0 0 0 0 0 15 0 0 0 0 0 0 0 0 0 0 0 0 0 0 0 0 0 0 0 0 0 0 0 0 0 0 0 0 0 0 0 0 0 0 0 0 0 0 0 0 0 0 0 0 0 0 0 0 0 0 0 0 0 0 0 0 0 0 0 0 0 0 0 0 0 0 0 0 0 0 0 0 0
0 0 0 0 0 0 0 0 0 0 0 0 0 0 0 0 0 0 26 0 0 0 0 0 0 2 0 3 0 0 0 0 0 0 0 0 0 0 0 0 0 0 0 0 0 0 0 0 0 0 0 0 0 0 0 0 0 0 0 0 0 0 0 0 0 0 15 0 0 0 7 15 34 14 34 0 79 14 6 4 0 0 0 0 0 0 2 0 0 0 0 0 0 0 0 0 4 0 0 0 0 0 0 0 0 0 0 0 0 0 0 0 0 0 0 0 0 0 0 0 0 0 0 0 0 0 0 0 0 0 0 0 0 0 0 0 0 0 0 0 0 0 0 0 0 0 0 0 0 0 0 0 0 0 0 0 0 0 0 0 0 0 0 0 0
0 0 0 0 0 0 0 0 0 0 0 0 0 0 0 0 0 0 0 0 0 0 0 0 0 0 0 0 0 0 0 0 0 0 0 0 0 0 0 0 0 0 0 0 0 0 0 0 0 0 0 0 0 0 0 0 0 0 0 0 0 0 0 0 0 0 0 0 0 0 0 0 0 0 0 0 0 0 0 0 0 0 0 0 0 0 0 0 0 0 0 0 0 0 0 0 0 0 0 0 0 0 0 0 0 0 0 0 0 0 0 0 0 0 0 0 0 0 0 0 0 0 0 0 0 0 0 0 0 0 0 0 0 0 0 0 0 0 0 0 0 0 0 0 0 0 0 0 0 0 0 0 0 0 0 0 0 0 0 0 0 0 0 0 0
0 0 0 0 0 0 0 0 0 0 0 0 0 0 0 0 0 0 0 0 0 0 0 0 0 0 0 0 0 0 0 0 0 0 0 0 0 0 0 0 0 0 0 0 0 0 0 0 0 0 0 0 0 0 0 0 0 0 0 0 0 0 0 0 0 0 0 0 0 0 0 0 0 0 0 0 0 0 0 0 0 0 0 0 0 0 0 0 0 0 0 0 0 0 0 0 0 0 0 0 0 0 0 0 0 0 0 0 0 0 0 0 0 0 0 0 0 0 0 0 0 0 0 0 0 0 0 0 0 0 0 0 0 0 0 0 0 0 0 0 0 0 0 0 0 0 0 0 0 0 0 0 0 0 0 0 0 0 0 0 0 0 0 0 0
0 0 0 0 0 0 0 0 0 0 0 0 0 0 0 0 0 0 1 809 0 0 0 0 0 0 0 1 0 0 0 4 0 0 0 0 0 0 0 0 0 0 0 0 0 0 0 0 0 0 0 0 0 0 0 0 0 0 0 0 2 0 0 1 0 0 0 0 810 0 1 7 15 2 15 0 0 21 51 4 42 0 0 0 0 0 1109 24 0 0 0 0 0 0 0 0 0 0 0 0 0 0 0 0 0 0 0 0 0 0 0 0 0 0 0 0 0 0 0 0 0 0 0 0 0 0 0 0 0 0 0 0 0 0 0 0 0 0 0 0 0 0 0 0 0 0 0 0 0 0 0 0 0 0 0 0 0 0 0 0 0 0 0 0 0
0 1 0 2 1 1 0 51 1 2 1 15 2 1 0 0 0 0 0 5 0 0 2 19 0 0 0 0 0 0 9 0 0 0 0 0 0 0 0 0 0 0 0 0 39 0 0 6 5 0 13 2 23 0 0 1 0 2 3 29 6 3 1 2 1 11 0 0 3 0 15 1 2 0 2 0 0 0 0 0 926 0 0 0 0 0 10 453 0 0 0 0 0 0 0 0 0 0 0 0 0 0 0 0 0 1 0 0 5 5 5 4 5 0 0 17 0 0 0 0 0 0 0 0 2 0 0 0 0 0 0 0 0 0 0 0 0 0 0 0 0 0 0 0 0 0 0 0 0 4 3 0 0 0 0 0 0 0 0 0 0 0 0 0 0
0 0 0 0 0 0 0 90 0 0 0 26 1 0 0 0 0 0 0 5 0 2 3 22 4 4763 0 1911 0 0 152 175 0 0 0 0 0 0 0 4 0 0 0 0 291 29 0 7 7 0 23 2 121 0 0 2 0 2 2 50 2 13 2 0 1 0 0 0 8 0 327 12 18 0 18 0 980 2901 2519 2813 11 0 0 0 9 10 833 43 0 1677 0 0 0 0 0 0 0 0 0 0 0 0 0 0 0 0 0 0 5 5 5 3 5 0 0 24 0 0 0 0 0 0 0 0 6 0 0 0 0 0 0 0 0 0 0 0 0 0 0 0 0 0 0 0 0 0 0 0 0 13 13 0 0 0 0 0 0 0 0 0 0 0 0 0 0
6 13 11 28 15 18 0 68 14 25 13 26 26 16 0 0 3 0 0 1 0 0 0 0 0 81 0 0 0 0 0 8 0 0 0 0 0 0 0 0 0 0 0 0 0 0 0 5 5 0 16 2 0 0 0 0 0 2 0 36 3 1 1 0 0 0 0 0 16 36 16 33 72 3 72 0 51 153 194 0 144 0 0 0 0 0 79 210 0 0 0 0 16 0 0 0 0 0 0 0 0 0 0 0 0 0 0 0 0 3 0 5 0 0 0 0 0 0 0 0 0 0 0 0 0 0 0 0 0 0 0 0 0 0 0 0 0 0 0 0 0 0 0 0 0 0 0 0 0 4 7 0 0 0 0 0 0 0 0 0 0 0 0 0 0
0 0 0 0 0 0 0 0 0 0 0 13 1 0 0 0 202 0 0 0 0 0 83 0 0 120 150 78 0 0 0 238 93 0 77 22 0 0 774 0 0 0 0 0 0 0 0 3 3 0 10 1 0 0 0 0 0 1 0 22 0 0 1 2 1 0 0 0 3 4 135 2 0 0 0 0 0 4 7 1 0 0 0 0 0 0 0 0 0 0 0 0 45 0 0 0 0 0 0 0 0 0 0 0 0 0 0 0 0 0 0 0 0 0 0 0 0 0 0 0 0 382 0 0 97 0 30 0 0 0 0 0 0 0 0 0 7 0 0 0 8 0 0 0 0 0 0 0 2 5 0 0 0 0 0 0 0 0 0 0 0 178 0 15 0
0 0 0 0 0 0 0 0 0 0 0 13 1 0 0 0 117 0 0 0 0 0 21 0 0 122 151 79 61 0 30 494 177 0 225 65 0 0 1602 0 0 0 0 0 0 0 0 2 3 0 9 1 0 0 0 0 0 1 0 20 0 0 1 2 1 0 0 0 5 7 255 4 0 0 0 0 0 4 7 1 0 0 0 0 0 0 0 0 0 0 0 0 41 0 0 0 0 0 0 0 0 0 0 0 0 0 0 0 0 0 0 0 0 0 0 0 0 0 0 0 0 549 0 0 26 0 30 0 0 0 0 0 0 0 0 0 28 0 0 0 9 0 0 0 0 0 0 0 0 1 0 0 0 0 0 0 0 0 0 0 0 44 0 20 0
0 0 0 0 0 0 0 0 0 0 0 0 0 0 0 0 18 0 0 0 0 0 2 0 0 0 0 6 0 0 0 138 50 0 49 13 0 0 514 0 0 0 0 0 0 0 0 0 1 0 2 0 0 0 0 0 0 0 0 4 0 0 0 0 0 0 0 26 1 0 80 15 0 0 0 0 0 0 0 0 0 0 0 0 0 0 0 0 0 0 0 0 6 0 0 0 0 0 0 0 0 0 0 0 0 0 0 0 0 0 0 0 0 0 0 0 0 0 0 0 0 47 0 0 3 0 4 0 0 0 0 0 0 0 0 0 0 0 0 0 0 0 0 0 0 0 0 0 0 0 0 0 0 0 0 0 0 0 0 0 0 31 0 4 0
0 0 0 0 0 0 0 0 0 0 0 0 0 0 0 0 9 0 0 0 0 0 83 0 0 16 0 0 0 0 0 0 63 0 0 0 0 0 709 0 0 0 0 0 0 0 0 0 0 0 1 0 0 0 0 0 0 0 0 3 0 0 0 0 0 0 0 0 2 0 102 1 0 0 0 0 0 0 0 0 0 0 0 0 0 0 0 0 0 0 0 0 0 0 0 0 0 0 0 0 0 0 0 0 0 0 0 0 0 0 0 0 0 0 0 0 0 0 0 0 0 0 0 0 97 0 0 0 0 0 0 0 0 0 0 0 0 0 0 0 0 0 0 0 0 0 0 0 0 3 0 0 0 0 0 0 0 0 0 0 0 92 0 0 0
0 0 0 0 0 0 0 0 430 643 333 190 646 397 0 0 126 0 0 15 0 0 16 8 31 64 38 44 0 0 0 0 0 0 0 0 0 0 348 0 0 0 48 0 0 0 0 1 3 0 21 2 1 0 0 2 0 2 0 13 0 1 2 3 2 0 0 0 17 0 31 17 37 17 38 0 0 12 24 1 0 0 21 0 28 0 28 27 0 0 0 0 17 0 0 0 0 0 0 0 0 0 0 0 0 0 0 0 19 18 19 12 19 0 0 0 0 0 0 0 0 0 18 0 18 0 7 0 0 0 0 0 0 0 0 0 0 0 0 0 0 0 0 0 0 0 0 0 0 0 0 0 0 0 0 0 0 0 0 0 0 15 95 6 0
0 0 0 0 0 0 0 102 34 2 735 153 6 0 34 0 335 0 0 1 0 0 36 1 0 362 452 237 224 231 126 906 295 0 529 44 0 318 1934 0 0 0 0 0 13 0 0 7 8 0 27 3 0 0 0 2 0 2 1 60 1 1 2 6 3 0 69 6 107 129 1003 79 0 19 0 0 0 20 21 16 0 0 2 0 2 0 1 0 0 0 0 0 125 0 0 0 3 0 0 0 0 0 0 0 0 0 0 0 0 0 0 0 0 0 0 0 0 0 0 0 0 1760 62 0 52 0 98 0 0 0 0 0 0 0 0 0 97 0 0 0 34 0 0 0 0 0 0 0 14 21 2 0 2 0 0 0 0 0 0 0 0 132 0 66 0
0 0 0 0 0 0 0 0 0 0 0 0 0 0 0 0 9 0 0 0 0 0 3 1 0 16 19 9 0 0 0 251 120 0 0 0 0 0 790 0 0 0 0 0 2 0 0 0 0 0 1 0 0 0 0 0 0 0 0 3 0 0 0 0 0 0 0 0 4 4 147 3 0 0 0 0 0 8 12 3 0 0 0 0 0 0 0 0 0 0 0 0 4 0 0 910 0 0 0 0 0 0 0 0 0 0 0 0 0 0 0 0 0 0 0 0 0 0 0 0 0 0 0 0 0 0 0 0 0 0 0 0 0 0 0 0 0 0 0 0 0 0 0 0 0 0 0 0 0 1 0 0 0 0 0 0 0 0 0 0 0 0 0 2 0
0 0 0 0 0 0 0 0 156 235 118 70 236 145 3 0 46 0 0 0 0 0 5 0 0 22 26 15 0 0 0 73 35 0 0 0 0 0 243 0 0 0 0 0 0 0 0 1 1 0 2 0 0 0 0 0 0 0 0 5 0 0 0 0 0 0 0 0 1 1 59 0 0 0 0 0 0 0 1 0 0 0 0 0 0 0 0 0 0 0 0 0 0 0 0 0 105 0 0 0 0 0 0 0 0 0 0 0 0 0 0 0 0 0 0 0 0 0 0 0 0 0 0 0 0 0 1 0 0 0 0 0 0 0 0 0 0 0 0 0 0 0 0 0 0 0 0 0 0 0 0 0 2 0 0 0 0 0 0 0 0 0 0 1 0
0 0 0 0 0 0 0 0 18206 26942 14711 6016 27581 8757 6993 0 728 1 0 322 0 0 61 163 611 1119 1420 792 2561 4192 48148 7520 2311 551 4012 1115 0 2871 1698 2 37 39 674 0 62 0 0 20 96 79 384 84 79 0 34 82 78 84 81 210 89 81 82 98 86 0 941 61989 418 1883 6369 32913 1925 1881 1927 0 0 262 421 130 126 990 444 0 567 6 529 802 4 0 0 42 346 0 0 0 1002 0 0 0 0 0 0 0 16 58 22 0 59 88 60 36 61 0 440 0 0 31 122 0 0 7592 64 0 108 345 296 8 0 0 0 0 0 0 0 0 471 0 0 0 106 0 0 0 0 0 0 0 10 55 10 0 4 0 0 0 0 0 0 0 0 542 421 239 0
0 0 0 0 0 0 0 0 2866 1967 3276 964 2008 1474 0 0 426 0 0 179 0 0 61 94 351 617 774 436 272 194 153 1447 496 0 750 55 0 0 2436 1 14 8 374 0 12 0 0 11 56 22 221 49 42 0 0 47 25 49 35 121 52 47 48 57 50 0 163 0 200 626 726 316 663 586 664 0 0 140 233 62 57 0 252 0 325 0 304 457 0 0 0 0 198 0 0 0 1356 0 0 0 0 0 0 0 6 30 0 0 35 35 35 21 35 0 252 0 0 0 46 0 0 3637 179 0 83 110 171 0 0 0 0 0 0 0 0 0 210 0 0 0 45 0 0 0 57 0 0 0 0 58 5 0 2 0 0 0 0 0 0 15 0 105 0 120 0
0 0 0 0 0 0 0 145 981 490 2215 471 513 479 0 0 0 0 0 48 0 0 42 25 94 297 358 191 0 0 0 0 0 0 0 0 0 0 0 0 0 0 0 0 0 0 0 9 10 0 77 3 0 0 0 0 0 3 0 73 3 2 2 9 3 0 0 0 49 2 22 0 0 0 0 0 0 57 97 20 27 0 60 0 87 0 91 116 0 0 0 0 142 0 0 0 0 0 0 66 91 46 102 0 103 167 80 91 187 162 186 114 187 0 1453 0 0 0 0 0 0 1015 80 0 36 0 64 0 0 0 0 0 0 0 0 0 0 0 0 0 0 0 0 0 0 0 0 0 0 3 1 0 2 0 0 0 0 0 0 0 0 0 0 41 0
0 0 0 0 0 0 0 0 0 0 0 0 0 0 0 0 0 0 0 0 0 0 2 0 0 0 0 0 0 0 0 0 0 0 0 0 0 0 0 0 0 0 0 0 0 0 0 0 0 0 0 0 0 0 0 0 0 0 0 0 0 0 0 0 0 0 0 0 0 0 0 0 0 0 0 0 0 0 0 0 0 0 0 0 0 0 0 0 0 0 0 0 0 0 0 0 0 0 0 0 0 0 0 0 0 0 0 0 0 0 0 0 0 0 0 0 0 0 0 0 0 0 175 0 2 0 0 0 0 0 0 0 0 0 0 0 0 0 0 28 0 0 0 0 5 0 0 0 0 0 0 0 0 0 0 0 0 0 0 2 0 90 0 0 0
15 29 25 70 37 42 0 44 40 58 17 24 59 36 0 0 1573 0 0 9 0 9 8 1 17 4 13 37 2 2 6 7 242 0 0 2 0 0 18 7 0 10407 332 561 0 742 527 11 17 0 16 15 10 0 0 14 0 15 4 30 15 15 15 16 15 60 0 5 83 438 3903 252 475 480 476 203 0 7 22 8 37 0 7 3 8 8 22 0 0 0 0 0 27 295 90 0 0 0 0 0 0 0 0 0 0 1 0 0 4 10 4 14 4 0 14 0 0 40 45 0 0 0 0 0 14 0 11 0 0 0 0 0 0 0 0 0 147 0 0 0 0 0 0 0 0 0 0 0 0 0 10 0 1 0 0 0 0 0 0 0 0 3 0 228 0
8 7 11 31 19 22 0 16 0 29 0 15 31 19 47 12 71 2 0 3 0 0 1 3 1 1 2 5 4 3 4 18 3 1 8 4 0 0 22 0 0 0 0 0 11 1 194 2 2 0 5 1 1 0 0 1 0 1 1 10 2 1 1 2 2 1 0 1 14 0 555 10 8 10 8 0 0 7 4 2 14 25 7 0 2 0 2 37 0 0 0 0 0 42 71 0 11 0 0 0 0 0 0 0 6 18 0 0 18 19 18 17 18 0 8 3 0 29 0 0 0 0 0 0 5 0 29 0 0 0 0 0 0 0 0 0 0 0 0 0 0 65 51 37 79 77 45 50 76 79 29 46 76 73 73 0 60 73 42 97 60 27 0 0 0
31 60 62 150 75 85 0 109 0 0 0 7 113 68 0 7 162 0 0 5 0 0 3 3 4 5 14 19 8 6 13 11 0 0 7 4 0 0 44 0 0 790 0 427 30 10 242 11 16 6 30 11 10 0 1 10 12 11 11 63 12 10 10 16 12 30 0 1 14 82 186 43 90 88 89 0 10 68 32 23 21 0 0 0 0 0 16 169 0 0 0 0 101 401 171 0 17 6 0 0 0 0 5 0 6 13 0 0 55 59 55 57 55 0 21 4 0 0 0 0 0 0 23 0 8 0 15 0 0 0 0 0 0 0 0 0 0 0 0 0 0 0 0 0 0 0 0 0 8 14 10 0 13 0 0 0 0 0 0 0 0 45 0 58 0
19 29 1 87 46 53 0 77 50 75 39 46 76 46 14 0 191 127 277 225 2 76 32 113 108 545 889 562 48 45 33 94 862 294 36 313 122 202 289 25 0 1 0 0 0 1776 0 7 8 0 40 3 2 0 0 2 0 3 0 51 3 2 2 7 4 0 0 11 183 0 3360 26 35 0 28 0 57 467 202 103 90 86 67 87 0 73 346 138 0 0 0 0 47 701 17 1073 26 0 0 0 0 0 2409 0 0 0 0 0 0 8 0 15 0 0 4840 0 213 13 0 0 0 0 37 0 33 0 60 0 0 0 0 0 0 0 0 0 0 0 0 0 0 0 0 0 0 0 0 0 7 21 13 0 18 0 0 0 0 0 0 0 0 0 0 350 0
0 0 0 0 0 0 0 51 0 0 0 0 1 0 0 0 0 0 0 61 0 0 1811 32 119 0 0 8 3 34 10 11 7341 0 0 15 0 0 34 325 76 0 0 3263 0 24763 0 5 7 0 75 3 0 0 0 2 0 3 0 42 4 3 3 7 3 0 0 0 68 0 569 11 10 9 10 0 0 9 11 0 0 0 84 29 90 4 113 4 0 0 0 0 27 0 1 0 714 0 0 0 0 0 0 0 0 0 0 0 0 1 0 0 0 0 0 0 0 0 1131 0 0 0 0 0 2115 0 17 0 0 0 0 0 0 0 0 0 0 0 0 0 0 0 0 0 0 0 0 0 0 0 2 0 0 0 0 0 0 0 0 0 0 525 0 0 0
23 45 44 105 57 66 0 171 55 89 25 67 96 34 16 0 326 0 0 148 0 0 205 92 271 12 0 31 230 3266 132 356 2246 377 247 62 495 727 787 260 0 0 0 0 0 0 913 12 14 0 146 6 0 0 0 4 0 5 0 97 8 4 4 14 7 1 0 92 164 0 480 98 96 96 96 0 95 714 350 42 53 445 170 0 194 1020 312 259 0 0 267 0 158 248 86 0 717 165 0 0 179 0 146 153 196 310 145 316 339 301 338 225 338 181 2719 139 0 101 99 0 0 0 78 0 305 0 288 100 0 0 0 0 0 0 0 0 61 0 0 0 115 250 225 259 351 0 157 241 224 240 105 266 218 259 250 202 327 224 233 291 216 81 31 169 0
5 10 10 23 12 14 0 275 13 20 10 86 23 12 0 1 0 4211 2756 1493 12 142 49 58 112 224 174 4612 124 27 44 80 349 54 36 2530 57 108 148 10 0 0 0 271 226 0 0 72 64 46 102 52 48 0 36 51 34 52 50 164 52 50 51 61 54 572 0 19 164 584 149 295 621 607 621 0 47 172 127 85 89 138 84 125 58 105 105 178 0 0 0 0 0 214 119 0 236 118 0 47 74 46 113 62 84 131 46 66 8 9 8 9 8 0 9 253 0 433 0 0 0 0 127 0 146 0 703 268 0 0 0 79 0 0 0 0 209 0 0 55 0 181 172 187 224 163 114 156 184 186 173 190 188 179 161 108 208 159 154 208 146 925 0 391 0
0 0 0 0 0 0 0 0 0 0 0 0 0 0 0 0 0 0 0 1 0 0 0 1 0 0 0 0 0 0 0 0 0 0 0 0 0 0 0 0 0 0 0 0 0 0 0 0 0 0 2 0 0 0 0 0 0 0 0 0 0 0 0 0 0 0 0 0 0 0 6 0 0 0 0 0 0 0 0 0 0 63 0 0 2 0 0 0 0 0 0 0 0 0 0 0 0 0 0 0 0 0 0 0 0 0 0 0 0 0 0 0 0 0 0 0 0 0 0 0 0 0 0 0 0 0 0 0 0 0 0 0 0 0 0 0 0 0 0 0 0 0 0 0 0 0 0 0 0 0 0 0 0 0 0 0 0 0 0 0 0 0 0 0 0
0 0 0 0 0 0 0 0 0 0 0 0 0 0 0 0 0 0 0 0 0 0 0 0 0 0 0 0 0 0 0 0 0 0 0 0 0 0 0 0 0 0 0 0 0 0 0 0 0 0 0 0 0 0 0 0 0 0 0 0 0 0 0 0 0 0 0 0 0 0 0 0 0 0 0 0 0 0 0 0 0 0 0 0 0 0 0 0 0 0 0 0 0 0 0 0 0 0 0 0 0 0 0 0 0 0 0 0 0 0 0 0 0 0 0 0 0 0 0 0 0 0 0 0 0 0 0 0 0 0 0 0 0 0 0 0 0 0 0 0 0 0 0 0 0 0 0 0 0 0 0 0 0 0 0 0 0 0 0 0 0 0 0 0 0
61 485 180 98 394 83 0 91 81 3925 82 436 3903 62 32 51 1 0 69 46 4 147 2486 2423 67 174 191 144 8 6 10 10 8 3 9 15 0 0 55 1 10 7 0 7 37 21 0 6 1508 0 4783 678 1536 0 1283 1577 1547 1058 1539 873 1287 1406 1559 1520 1562 9 614 32 155 639 105 318 696 459 697 0 11 19 21 0 385 42 64 144 8376 80 49 105 0 24 7 1591 87 0 1 29 108 0 0 0 0 0 0 0 0 0 0 0 2 15 3 133 2 0 0 34 0 49 0 0 0 0 97 0 2607 0 21 27 0 0 0 0 0 0 0 0 60 0 0 0 0 248 218 64 78 153 110 173 43 35 130 168 36 293 304 134 135 107 154 538 86 0 0 11 0
0 0 0 0 4 0 0 0 0 0 0 0 0 0 0 0 0 0 0 0 0 0 0 0 0 0 0 0 0 0 0 0 0 0 0 0 0 0 0 0 0 0 0 0 0 0 0 0 0 0 0 0 0 0 0 0 0 0 0 0 0 0 0 0 0 0 0 0 0 0 0 0 0 0 0 0 0 0 0 0 0 0 0 0 0 0 0 0 0 0 0 0 0 0 0 0 0 0 0 0 0 0 0 0 0 0 0 0 0 0 0 0 0 0 0 0 0 0 0 0 0 0 0 0 0 0 0 0 0 0 0 0 0 0 0 0 0 0 0 0 0 0 0 0 0 0 0 0 0 0 0 0 0 0 0 0 0 0 0 0 0 0 0 0 0
0 0 0 0 0 0 0 0 0 0 0 0 0 0 0 0 0 0 0 0 0 0 0 0 0 0 0 0 0 0 0 0 0 0 0 0 0 0 0 0 0 0 0 0 0 0 0 0 853 0 264 0 872 0 595 891 876 377 867 471 605 720 872 860 883 0 0 0 3 1 38 0 0 0 0 0 0 0 0 0 0 0 0 0 0 0 0 0 0 0 0 895 0 0 9 0 0 0 0 0 0 0 0 0 0 0 0 0 0 0 0 0 0 0 0 0 0 0 0 0 0 0 0 0 0 0 0 6796 0 0 0 0 0 0 0 0 0 0 0 0 0 0 0 0 0 0 0 0 0 0 0 0 0 0 0 0 0 0 0 0 0 0 0 0 0
0 0 0 0 0 0 0 0 0 0 0 0 0 0 0 0 0 0 0 0 0 0 0 0 0 0 0 33 1 1 0 0 0 0 1 0 0 0 12 0 0 0 0 0 6 0 0 0 0 0 0 0 0 0 0 0 0 0 0 0 0 0 0 0 0 0 0 0 0 0 0 1 1 0 1 0 0 0 0 0 0 0 0 0 0 0 1 0 0 0 0 0 0 0 0 0 0 0 0 0 0 0 0 0 0 0 0 0 0 0 0 0 0 0 0 0 0 0 0 0 0 0 0 0 0 0 0 0 0 0 0 0 0 0 0 0 0 0 0 0 0 0 0 0 0 0 0 0 0 0 0 0 0 0 0 0 0 0 0 0 0 0 0 0 0
3035 24039 8714 4905 19468 4118 1125 599 4028 4903 4684 1829 4942 3043 1595 2631 9367 0 98 136 23 434 1 129 208 3083 9132 716 178 195 150 631 252 94 377 150 537 409 144 11 108 62 2111 105 213 94 58 20 1954 451 754 1130 1984 0 1740 2034 1999 1512 1995 1233 1741 1862 2016 1967 2016 40 253 0 170 549 653 272 573 342 574 0 244 848 357 385 306 76 111 430 173 227 172 326 150 167 175 2052 340 0 23 195 245 0 0 0 0 4480 0 0 0 1 0 0 0 580 1 6502 1 0 13966 201 401 267 0 0 0 0 1628 843 0 2317 2163 12 0 0 0 0 88 0 0 47 168 0 0 45 18 519 466 245 402 310 231 379 209 189 66 653 105 651 755 456 568 316 377 390 290 0 0 33 0
0 0 0 0 0 0 0 0 0 0 0 0 0 0 0 0 0 0 11 25 0 238 2 20 39 86 501 71 10 10 16 76 19 41 13 6 0 59 65 6 29 9 0 82 227 34 0 1 295 0 126 0 310 0 0 302 303 0 292 164 20 131 282 300 303 0 0 0 28 28 70 16 28 0 28 0 335 931 718 194 377 68 29 228 69 101 269 247 0 0 0 299 0 0 12 1018 78 0 0 0 0 22031 0 0 0 0 0 0 0 0 0 0 0 0 598 0 0 0 0 0 0 0 0 0 0 4496 2186 0 0 0 0 0 0 0 0 0 0 0 0 0 0 0 0 0 0 0 0 0 12 17 11 0 0 0 0 0 0 0 0 0 0 0 0 0 0
0 0 0 0 0 0 0 0 0 0 0 0 0 0 0 0 0 0 0 0 0 0 0 0 0 0 0 4 0 0 0 0 0 0 0 0 0 0 0 0 0 0 0 0 0 0 0 0 9 0 3 0 9 0 0 0 9 0 0 5 0 0 0 9 5 0 0 0 761 0 0 0 0 0 0 0 0 0 0 0 0 0 0 0 0 0 0 0 0 0 0 0 0 0 0 0 276 306 0 0 0 1388 55 0 10 41 0 0 0 0 0 0 0 0 195 0 0 0 0 0 0 0 0 0 0 0 0 0 0 0 0 0 0 0 0 0 0 0 0 0 0 0 0 0 0 0 0 0 0 0 0 0 0 0 0 0 0 0 0 0 0 0 0 0 0
11 83 30 0 70 15 0 10 15 18 0 13 18 11 6 1 0 0 0 1 0 0 0 0 0 41 85 29 2 2 2 12 5 5 5 4 0 0 11 0 14 4 0 1 5 6 0 0 1 0 2 0 0 0 0 0 0 0 0 4 0 0 0 0 0 0 0 0 1 0 15 1 0 0 0 0 51 302 16 0 0 0 0 0 0 0 6 0 0 0 0 0 7 0 0 0 19 0 0 0 0 0 0 0 0 0 0 0 0 2 0 23 0 0 0 0 0 11 0 0 0 0 0 0 0 0 0 0 0 0 0 0 0 0 0 0 0 0 0 0 0 17 11 0 15 29 14 10 39 24 5 0 10 0 0 0 0 7 0 16 4 0 0 12 0
0 0 0 0 0 0 0 0 0 0 0 0 0 0 0 0 0 0 0 0 0 0 0 0 0 0 0 0 0 0 0 0 0 0 0 0 0 0 0 0 0 0 0 0 0 0 0 0 493 0 153 0 504 0 214 511 507 0 496 273 228 341 492 497 509 0 0 0 2 0 22 0 0 0 0 0 0 0 0 0 0 0 0 0 0 0 0 0 0 0 0 510 0 0 0 0 0 0 0 0 0 0 0 0 0 0 0 0 0 0 0 0 0 0 0 0 0 0 0 0 0 0 0 0 0 0 0 0 0 0 0 0 0 0 0 0 0 0 0 0 0 0 0 0 0 0 0 0 0 0 0 0 0 0 0 0 0 0 0 0 0 0 0 0 0
0 0 0 0 0 0 0 0 0 0 0 0 0 0 0 0 0 0 0 0 0 0 0 0 0 0 0 89 3 2 0 0 1 0 3 1 0 0 34 0 0 0 0 100 21 6 0 0 12 0 4 0 13 0 0 4 13 0 0 7 0 0 0 12 8 0 114 0 20 119 19 61 134 0 134 0 0 0 0 0 0 0 2 0 2 0 3 0 0 0 0 0 0 0 8 0 4 0 0 0 0 71 0 0 0 1 0 0 0 0 0 0 0 0 0 0 0 0 0 0 0 0 0 0 0 0 0 0 0 0 0 0 0 0 0 0 15 0 0 0 0 0 0 0 0 0 0 0 0 1 6 0 0 0 0 0 0 0 0 0 0 0 0 0 0
0 0 0 0 0 0 0 0 0 0 0 0 0 0 0 0 0 0 0 0 0 0 0 0 0 0 0 0 0 0 0 0 0 0 0 0 0 0 0 0 0 0 0 0 0 0 0 0 0 0 0 0 0 0 0 0 0 0 0 0 0 0 0 0 0 0 0 0 0 0 0 0 0 0 0 0 0 0 0 0 0 0 0 0 0 0 0 0 0 0 0 0 0 0 0 0 0 0 0 0 0 0 0 0 0 0 0 0 0 0 0 0 0 0 0 0 0 0 0 0 0 0 0 0 0 0 0 0 0 0 0 0 0 0 0 0 0 0 0 0 0 0 0 0 0 0 0 0 0 0 0 0 0 0 0 0 0 0 0 0 0 0 0 0 0
0 0 0 0 0 0 0 0 0 0 0 0 0 0 0 0 0 0 0 0 194 0 0 0 0 0 0 0 0 0 0 0 1 0 0 0 0 0 0 0 0 0 0 0 0 0 0 11 275 0 85 0 281 0 0 281 283 0 271 152 0 111 261 278 282 0 0 0 1 0 12 0 0 0 0 0 0 0 0 0 0 0 0 0 0 0 0 0 0 0 0 275 0 0 0 0 0 0 0 0 0 0 0 0 0 0 0 0 2 2 2 1 2 0 0 0 0 0 0 0 0 0 64 0 0 1 41 0 0 0 0 0 0 0 0 0 0 0 0 0 0 0 0 0 0 0 0 0 0 0 3 0 0 0 0 0 0 0 0 0 0 0 0 0 0
0 0 0 0 0 0 0 0 0 0 0 0 0 0 0 0 0 0 0 0 62 0 0 0 0 0 0 0 0 0 0 0 0 0 0 0 0 0 0 0 0 0 0 0 0 0 0 5 171 0 53 0 175 0 0 171 176 0 164 95 0 0 151 173 174 0 0 0 1 0 8 0 0 0 0 0 0 0 0 0 0 0 0 0 0 0 0 0 0 0 0 166 0 0 0 0 0 0 0 0 0 0 0 0 0 0 0 0 1 1 1 1 1 0 0 0 0 0 0 0 0 0 0 0 0 0 0 0 0 0 0 0 0 0 0 0 0 0 0 0 0 0 0 0 0 0 0 0 0 0 1 0 0 0 0 0 0 0 0 0 0 0 0 0 0
0 0 0 0 0 0 0 0 0 0 0 0 0 0 0 0 0 0 0 0 0 0 0 0 0 0 0 0 0 0 0 0 0 0 0 0 0 0 0 0 0 0 0 0 0 0 0 1 29 0 9 0 29 0 0 21 29 0 17 16 0 0 0 29 25 0 0 0 0 0 1 0 0 0 0 0 0 0 0 0 0 0 0 0 0 0 0 0 0 0 0 13 0 0 0 0 0 0 0 0 0 1130 0 0 0 0 0 0 0 0 0 0 0 0 0 0 0 0 0 0 0 0 0 0 0 0 0 0 0 0 0 0 0 0 0 0 0 0 0 0 0 0 0 0 0 0 0 0 0 0 0 0 0 0 0 0 0 0 0 0 0 0 0 0 0
0 0 0 0 0 0 0 0 0 0 0 0 0 0 0 0 0 0 0 0 0 0 0 0 0 0 4 0 0 0 1 10 0 0 0 0 0 0 0 0 0 0 0 0 0 0 0 0 0 0 0 0 1 0 0 0 0 0 0 0 0 0 0 0 0 0 0 0 0 0 0 0 0 0 0 0 43 151 117 3 42 0 0 0 0 0 42 0 0 0 0 0 0 0 0 0 0 0 0 0 0 0 0 0 0 0 0 0 0 0 0 0 0 0 0 0 0 0 0 0 0 0 0 0 0 0 0 0 0 0 0 0 0 0 0 0 0 0 0 0 0 0 0 0 0 0 0 0 0 0 0 0 0 0 0 0 0 0 0 0 0 0 0 0 0
0 0 0 0 0 0 0 0 0 0 0 0 0 0 0 0 0 0 0 0 0 0 0 0 0 0 0 1 0 0 0 1 0 0 0 0 0 0 0 0 0 0 0 0 0 0 0 0 5 0 1 0 5 0 0 0 5 0 0 3 0 0 0 5 0 0 0 0 0 65 0 33 73 0 73 0 0 5 15 0 0 0 0 0 0 0 6 0 0 0 0 0 0 0 0 0 0 1010 0 57 68 4278 209 25 45 127 0 0 0 0 0 0 0 0 0 0 0 0 0 0 0 0 0 0 0 0 0 0 0 0 0 0 0 0 0 0 0 0 0 0 0 0 0 0 0 0 0 0 0 0 0 0 0 0 0 0 0 0 0 0 0 0 0 0 0
0 0 0 0 0 0 0 0 0 0 0 0 0 0 0 0 0 0 0 0 0 0 0 0 0 0 0 0 0 0 0 0 0 0 0 0 0 0 0 0 0 0 0 0 0 0 0 0 0 0 0 0 0 0 0 0 0 0 0 0 0 0 0 0 0 0 0 0 0 0 0 0 0 0 0 0 0 0 0 0 0 0 0 0 0 0 0 0 0 0 0 0 0 0 0 0 0 0 0 0 0 0 0 0 0 0 0 0 0 0 0 0 0 0 0 0 0 0 0 0 0 0 0 0 0 0 0 0 0 0 0 0 0 0 0 0 0 0 0 0 0 0 0 0 0 0 0 0 0 0 0 0 0 0 0 0 0 0 0 0 0 0 0 0 0
0 0 0 0 0 0 0 91 0 0 0 20 1 0 0 0 0 1636 1420 926 16 0 22 77 283 744 960 1019 697 100 82 157 510 0 97 1410 0 0 421 13 2275 112 753 1501 1256 1956 764 25985 1568 0 640 1634 958 0 1384 1550 1607 1637 0 911 1641 1651 1652 1582 1578 0 0 0 297 3558 960 1791 3866 3732 3868 20328 562 915 769 637 1223 469 149 0 333 12 490 451 183 0 2688 1506 82 873 224 142 342 0 0 0 0 0 0 0 0 12 5 0 16 14 17 10 16 0 44 0 0 1125 731 191 0 0 0 0 28 0 0 0 0 0 0 0 0 0 0 75 1054 0 0 0 187 0 0 0 0 0 0 0 0 19 11129 0 1 0 0 0 0 0 0 0 0 574 0 1060 0
333 1056 2085 729 833 2156 2549 24 29 35 0 9 36 12 95 85 1 0 0 11 8 0 0 0 1 6 8 7 7 1 0 1 1 0 1 22 0 6 4 0 0 0 0 0 0 0 0 276 20 0 7 21 21 8 19 22 20 21 18 11 21 21 22 21 21 459 40 0 1 7 3 4 7 0 7 0 0 1 1 0 0 0 1 0 1 6 1 1 0 0 0 20 0 0 0 0 1 0 0 0 0 0 0 0 0 1 0 0 0 298 0 589 0 0 0 0 0 0 0 0 0 0 0 0 0 0 0 0 0 0 0 0 0 0 0 0 0 0 0 0 0 0 0 0 0 0 0 0 0 0 117 0 0 0 0 0 0 0 0 0 0 9 0 6 0
84 264 523 175 207 547 648 2 0 5 0 1 9 0 24 0 36 0 0 0 24 0 3 0 0 0 0 0 0 0 0 0 0 0 0 0 0 0 0 0 0 0 0 0 0 0 0 0 0 0 0 0 0 0 0 0 0 0 0 0 0 0 0 0 0 0 0 0 0 0 0 0 0 0 0 0 0 0 0 0 0 0 0 0 0 0 0 0 0 0 0 0 0 0 0 0 0 0 0 0 0 0 0 0 0 0 0 0 0 76 0 150 0 0 0 0 0 0 0 0 0 0 0 0 2 0 0 0 0 0 0 0 0 0 0 0 0 0 0 0 0 0 0 0 0 0 0 0 0 0 0 0 0 0 0 0 0 0 0 0 0 0 0 0 0
448 1419 2708 970 1121 2894 3436 68 30 43 4 21 49 0 128 62 236 0 54 126 225 3491 8 125 191 40 39 0 0 0 6 10 6 0 0 0 0 0 0 35 0 48 0 1172 755 29 0 3 3 0 196 0 2 0 0 1 1 0 0 23 4 1 1 5 0 0 0 0 112 0 263 1 1 0 0 0 0 176 133 37 330 248 0 2992 285 90 198 309 0 0 0 0 27 0 841 0 179 0 0 0 0 52 0 0 588 91 82 0 211 584 211 923 211 0 0 292 0 66 0 0 0 0 0 0 11 0 16 0 0 0 0 0 0 0 0 0 0 0 0 0 1839 631 576 348 371 398 292 463 143 166 84 320 144 705 891 461 538 341 357 414 312 0 0 514 0
0 0 0 0 0 0 0 0 0 0 0 0 0 0 0 0 0 0 0 0 0 0 0 0 0 0 0 0 0 0 0 0 0 0 0 0 0 0 0 0 0 0 0 0 0 0 0 0 0 0 0 0 0 0 0 0 0 0 0 0 0 0 0 0 0 0 0 0 0 0 0 0 0 0 0 0 0 0 0 0 0 0 0 0 0 0 0 0 0 0 0 0 0 0 0 0 0 0 0 0 0 0 0 0 0 0 0 0 0 0 0 0 0 0 0 0 0 0 0 0 0 0 0 0 0 0 0 0 0 0 0 0 0 0 0 0 0 0 0 0 0 0 0 0 0 0 0 0 0 0 0 0 0 0 0 0 0 0 0 0 0 0 0 0 0
0 0 0 0 0 0 0 0 0 0 0 0 0 0 0 0 0 0 4946 2560 0 0 0 0 0 0 0 0 0 0 0 0 0 0 0 4503 0 0 0 0 0 0 0 0 0 0 0 0 0 0 0 0 0 0 0 0 0 0 0 0 0 0 0 0 0 0 0 0 0 0 0 0 0 0 0 0 0 0 0 0 0 0 0 0 0 0 0 0 0 0 0 0 0 0 0 0 0 312 0 74 0 217 129 0 48 1247 0 0 177 152 177 108 177 0 0 0 0 0 0 0 0 0 0 0 0 0 0 0 0 0 0 0 0 0 0 0 0 0 0 0 0 0 0 0 0 0 0 0 0 0 0 0 0 0 0 0 0 0 0 0 0 0 0 0 0
0 0 0 0 0 0 0 0 0 0 0 0 0 0 0 0 0 0 0 0 0 0 0 0 0 0 0 0 0 0 0 0 0 0 0 0 0 0 0 0 0 0 0 0 0 0 0 0 0 0 0 0 0 0 0 0 0 0 0 0 0 0 0 0 0 0 0 0 0 0 0 0 0 0 0 0 0 0 0 0 0 0 0 0 0 0 0 0 0 0 0 0 0 0 0 0 0 0 0 0 0 0 0 0 0 0 0 0 0 0 0 0 0 0 0 0 0 0 0 0 0 0 0 0 0 0 0 0 0 0 0 0 0 0 0 0 0 0 0 0 0 0 0 0 0 0 0 0 0 0 0 0 0 0 0 0 0 0 0 0 0 0 0 0 0
127 400 690 273 317 820 0 21 8 12 0 6 14 0 0 12 101 0 0 39 3 0 42 18 0 322 935 0 128 15 13 21 0 0 15 44 0 0 42 1 0 0 0 38 0 0 0 2749 211 0 72 221 215 0 195 222 216 221 88 125 221 222 223 213 148 6884 0 1 35 42 114 25 6 0 6 0 0 173 47 23 0 0 0 0 0 3464 17 0 0 0 0 0 4 0 20 0 38 0 0 0 0 0 0 0 0 45 3 0 1 115 1 225 1 0 0 3 0 0 0 0 0 0 0 0 55 0 103 16 0 0 0 0 0 0 0 0 308 0 0 0 0 33 8 0 25 31 11 1 17 4 1173 273 0 247 207 114 142 83 86 76 47 7 0 38 0
0 0 0 0 0 0 0 0 0 0 0 0 0 0 0 0 0 0 0 0 0 0 0 0 0 0 0 0 0 0 0 0 0 0 0 0 0 0 0 0 0 0 0 0 0 0 0 0 0 0 0 0 0 0 0 0 0 0 0 0 0 0 0 0 0 0 0 0 0 0 0 0 0 0 0 0 0 0 0 0 0 0 0 0 0 0 0 0 0 0 0 0 0 0 0 0 0 1043 3858 278 439 230 507 418 653 677 0 0 0 0 0 0 0 0 4385 0 0 0 0 0 0 0 0 0 0 0 0 0 0 0 0 0 0 0 0 0 0 0 0 0 0 0 0 0 0 0 0 0 0 0 0 0 0 0 0 0 0 0 0 0 0 0 0 0 0
97 197 182 479 237 271 1020 219 229 349 201 0 355 212 62 54 565 0 41 282 8 654 1378 426 498 140 188 182 239 2842 167 423 625 440 248 67 467 788 938 352 0 341 1743 579 907 1157 62 120 63 37 198 55 77 4 9 54 51 54 89 150 71 56 53 73 55 1158 0 103 424 2532 615 1321 2780 2717 2781 0 2235 935 1010 749 1332 598 286 654 244 469 679 0 0 782 856 0 177 2846 1003 1041 630 81 0 0 46 38 109 18 142 270 182 0 398 380 398 318 398 354 2304 146 1859 1146 593 0 0 0 140 0 1631 0 338 81 0 91 0 0 0 0 32 0 553 0 0 0 207 446 385 617 543 376 253 424 383 398 234 514 324 496 0 369 638 368 413 472 366 482 0 400 0
94 188 194 504 238 268 838 64 229 312 178 110 315 191 146 0 180 0 0 13 0 0 4 23 20 255 0 0 80 88 52 161 112 105 104 28 92 192 203 1 67 13 0 0 314 0 0 11 15 0 29 12 13 0 0 11 0 12 12 42 11 11 11 0 5 4 0 26 20 579 128 393 830 770 831 0 0 72 91 31 0 0 7 0 22 19 46 0 0 0 0 0 0 0 0 367 0 0 0 0 0 0 0 0 8 39 0 0 44 76 44 100 45 0 351 0 0 61 0 0 0 0 0 0 7 0 80 0 0 0 0 0 0 0 0 0 25 0 0 0 0 28 0 0 45 32 0 1 39 51 18 0 35 28 19 0 18 45 13 59 33 0 0 4 0
1 0 0 4 3 3 0 30 2 4 0 11 4 2 0 0 0 0 0 0 1 0 1 37 0 27 0 0 0 0 6 7 0 0 0 0 0 0 0 0 0 0 0 0 0 0 0 4 7 0 10 5 6 0 0 5 0 5 7 24 5 5 5 0 0 2 0 0 1 0 7 3 6 0 6 0 0 0 0 0 0 0 0 0 0 0 3 0 0 0 0 0 0 0 0 0 0 0 0 0 0 0 0 0 0 37 0 0 44 38 44 28 44 0 337 0 0 0 0 0 0 0 0 0 3 0 55 0 0 0 0 0 0 0 0 0 0 0 0 0 0 1 0 0 7 31 0 0 38 43 14 0 37 0 0 0 0 27 0 35 11 0 0 16 0
0 0 0 0 0 0 0 0 0 0 0 1 0 0 0 0 0 0 0 1 1 0 1 37 0 14 0 0 0 0 11 395 0 0 0 0 0 0 0 0 0 0 0 0 0 0 0 2 4 0 3 4 12 0 0 4 0 4 6 7 4 5 4 0 0 2 0 0 1 0 16 1 2 0 2 0 0 695 0 0 0 0 6227 0 0 0 1648 0 0 0 0 0 0 0 0 0 0 0 0 0 0 0 0 0 0 32 0 0 166 143 166 101 166 0 289 0 0 0 0 0 0 0 0 0 2 0 0 0 0 0 0 0 0 0 0 0 0 0 0 0 0 0 0 0 0 0 0 0 0 6 3 0 0 40 65 0 0 0 0 0 0 0 0 1 0
0 0 0 0 0 0 0 141 0 0 0 40 2 0 0 0 0 0 0 1 19 0 79 832 0 164 0 560 0 0 785 29 0 0 0 2 0 0 0 0 0 0 0 0 4 0 0 22 38 7 43 28 632 0 0 27 24 28 124 119 26 85 28 0 24 10 0 0 10 0 14 23 48 0 48 0 0 9 100 0 0 0 10 0 23 8 99 0 0 0 19 0 124 0 84 195 0 51 0 0 0 0 0 0 137 276 181 0 334 287 334 204 334 0 2462 56 4577 0 0 0 0 0 0 0 105 0 0 0 0 0 0 0 0 0 0 0 0 0 0 0 0 31 0 0 64 40 1 11 94 106 37 17 28 0 0 0 15 36 7 62 31 434 0 7 0
26 50 45 137 65 73 230 56 62 86 38 48 87 52 40 0 38 0 0 22 1 3040 1 42 0 0 0 0 44 49 114 403 50 17 87 26 0 0 0 0 0 0 0 0 68 0 0 46 23 0 27 20 82 0 0 20 9 20 23 58 22 26 20 0 12 2 0 1 15 0 108 37 73 2 73 0 755 183 2925 1344 0 0 0 2774 0 0 1069 47 0 0 0 0 59 0 0 0 33 0 0 0 0 0 0 0 47 143 0 0 97 94 98 79 97 0 234 395 0 0 0 0 0 0 0 0 3 0 0 0 0 0 0 0 0 0 0 0 0 0 0 0 0 311 307 362 384 279 190 288 301 298 165 345 241 299 312 225 377 264 274 352 255 0 0 20 0
6 8 9 19 11 13 0 104 10 10 0 33 11 10 0 1248 195 371 205 482 14 529 21 369 326 170 155 127 9 9 75 37 30 15 15 177 0 38 77 1 21 0 11 0 61 0 0 0 29 0 189 33 70 0 0 32 33 30 58 108 102 37 31 86 32 415 0 2 182 0 883 113 226 221 226 0 74 444 240 1150 178 0 271 156 188 160 280 3657 0 2247 139 0 71 1589 1297 0 439 0 0 0 0 0 0 0 0 2 5 0 28 28 31 21 28 0 73 99 1170 351 147 0 0 0 0 0 37 0 71 0 0 0 0 0 0 0 0 0 138 0 0 0 191 0 0 0 280 0 0 118 124 241 36 0 180 0 335 72 260 169 167 302 171 0 0 63 0
0 0 0 0 0 0 0 6 0 0 0 2 0 0 0 0 16 0 22 6 0 0 3 3 4 12 10 23 0 0 3 19 0 0 2 1 0 0 0 0 0 0 0 0 0 0 0 2 3 0 6 2 1 0 0 2 0 2 0 10 2 2 2 2 2 0 0 0 5 213 33 215 470 449 470 0 0 381 0 0 75 0 0 0 0 0 76 0 0 0 0 0 0 0 0 595 0 0 0 0 0 475 0 0 0 0 0 0 1 1 1 0 1 0 4 0 0 0 0 0 0 0 0 0 0 0 5 0 0 0 0 0 0 0 0 0 0 0 0 0 0 0 0 0 0 0 0 0 0 0 0 0 12 0 51 0 0 0 0 0 0 0 0 0 0
1 0 1 3 2 2 0 15 2 2 0 4 2 2 0 0 60 85 277 110 0 5337 3 19 57 28 32 35 37 39 22 147 61 79 65 71 136 192 365 1 0 34 7 0 0 56 0 3 6 0 33 6 5 0 0 6 6 6 2 17 35 6 6 28 6 2 85 5 34 0 187 226 487 459 488 0 276 310 592 18 0 0 50 0 49 1 236 2541 0 764 14 0 0 189 251 207 194 0 0 0 0 0 0 0 0 0 0 0 2 2 2 2 2 0 12 0 0 61 0 0 0 0 0 0 5 0 28 0 0 0 0 0 0 0 0 0 47 0 0 0 25 0 0 0 0 0 0 0 0 51 0 0 48 0 0 0 0 0 0 38 0 0 0 19 0
0 0 0 0 0 0 0 0 0 0 0 0 0 0 0 0 2 0 145 3 0 0 1 7445 1 0 0 3 0 0 1 1 0 0 0 1 0 0 0 0 0 0 2 2909 0 0 0 0 1 0 13251 1 0 0 0 1 1 1 0 5 2 1 1 2 1 0 0 0 19 0 543 41 90 80 89 0 0 85 12 0 26 0 0 0 0 0 39 0 0 0 0 0 0 0 0 0 0 0 0 0 0 0 0 0 0 0 0 0 1 1 1 0 1 0 5 0 0 0 0 0 0 0 0 0 0 0 0 0 0 0 0 0 0 0 0 0 0 0 0 0 0 0 0 0 0 0 0 0 0 0 0 0 0 0 0 0 0 0 0 0 0 0 0 16 0
0 0 0 0 0 0 0 0 0 0 0 0 0 0 0 0 41 32 47 72 0 0 1 21 20 2 0 7 0 0 1 3 1 0 1 20 0 0 6 0 0 1 1 0 0 0 0 2 2 0 11 4 2 0 0 4 3 3 2 8 6 4 4 4 4 1 0 0 12 0 180 90 194 0 194 0 0 29 23 0 13 0 19 0 16 0 21 40 0 0 9 0 0 0 48 0 0 0 0 0 0 0 0 0 0 0 0 0 1 1 2 1 1 0 7 20 0 59 0 0 0 0 0 0 3 0 10 0 0 0 0 0 0 0 0 0 4 0 0 0 0 0 0 0 0 0 0 0 0 14 0 0 30 0 0 0 0 0 0 0 0 0 0 12 0
0 0 0 0 0 0 0 0 0 0 0 0 0 0 0 0 3 0 0 2 0 0 0 1 0 0 0 0 0 0 0 0 0 0 0 3 0 0 0 0 0 0 0 0 0 0 0 0 0 0 0 0 0 0 0 0 0 0 0 0 0 0 0 0 0 0 0 0 0 0 0 0 0 0 0 0 0 0 0 0 0 0 0 0 0 0 0 0 0 0 0 0 0 0 7 0 0 0 0 0 0 0 0 0 0 0 0 0 0 0 0 0 0 0 0 0 0 0 0 0 0 0 0 0 0 0 0 0 0 0 0 0 0 0 0 0 0 0 0 0 0 0 0 0 0 0 0 0 0 1 0 0 1 0 0 0 0 0 0 0 0 0 0 0 0
1 0 0 1 1 1 0 5 1 1 0 2 1 1 0 0 65 118 0 133 1 139 9 58 0 0 0 0 1 1 19 8 0 0 2 38 0 0 0 1 21 0 0 0 0 0 0 37 12 0 69 14 24 0 0 14 13 13 12 22 42 15 14 34 14 30 0 0 62 0 212 9 15 9 15 848 9 172 75 296 0 0 115 0 16 0 104 0 0 0 76 0 0 319 112 0 0 0 0 0 5 0 12 13 5 30 0 0 85 73 85 52 85 0 139 0 0 132 0 0 0 0 744 0 12 0 12 0 0 0 0 0 0 0 0 0 32 0 0 0 8 0 0 0 0 0 0 0 0 0 0 0 13 0 0 0 0 0 0 0 0 0 0 4 0
95 193 205 485 236 268 1025 337 240 335 194 192 341 206 71 416 672 82 140 679 16 1565 4596 901 1168 125 117 140 393 68 106 149 202 140 83 63 0 261 329 7 226 3 349 177 958 352 239 82 56 10 419 38 66 0 4 39 31 40 119 216 80 41 38 81 43 604 0 20 614 573 707 416 865 838 865 210 839 2100 709 1089 1161 23 576 784 592 813 917 3022 0 12914 847 22 258 0 2788 2989 686 589 362 655 731 347 735 642 724 1123 793 1056 699 638 699 500 699 492 5281 1129 4043 403 0 0 0 0 129 0 5405 1067 1834 64 0 217 0 0 0 0 513 0 562 0 0 0 22 1454 1062 516 1927 806 625 1037 944 1037 447 1479 656 1730 1863 1425 2009 1236 1431 1631 1245 247 256 166 0
19 21 22 63 35 23 102 65 1 3 0 19 4 0 8 34 0 182 146 793 2 118 1692 239 1389 413 0 211 411 109 67 266 187 155 162 144 365 561 314 2 305 1028 166 140 538 125 196 99 54 0 341 48 60 0 27 55 49 54 60 67 84 55 55 78 55 1040 113 27 757 804 396 421 895 868 896 0 160 366 243 241 282 0 654 0 608 1052 988 2637 0 0 541 32 14 0 5015 659 504 434 169 132 176 180 420 151 193 297 220 194 10 12 11 15 10 0 71 459 114 0 0 0 0 0 360 0 1947 60 891 295 0 0 0 0 0 0 853 0 0 0 0 0 325 535 536 631 637 464 339 493 468 473 254 595 398 532 553 410 652 444 469 588 432 61 0 183 0
4 7 7 16 8 10 0 1584 9 14 7 428 31 9 327 13 0 21 17 21 0 14 13 13 24 71 114 75 31 27 182 34 37 22 46 29 32 76 126 0 33 38 83 16 156 0 14 94 113 0 359 29 18 0 2 25 63 35 35 804 16 19 22 87 47 7 0 2 26 42 36 24 32 26 32 0 125 111 95 0 96 0 49 0 31 0 45 0 0 0 0 0 1686 0 30 0 88 0 0 0 0 0 0 0 0 15 0 0 273 236 273 169 273 0 29 469 0 52 11 386 0 0 0 0 13 0 31 0 0 0 0 0 0 0 0 0 45 98 0 0 217 163 141 127 227 151 102 136 206 211 126 169 132 142 139 81 192 151 143 208 141 11 0 115 0
208 431 438 0 499 577 0 133 551 814 442 269 820 505 150 38 384 0 100 145 0 117 121 15 190 222 420 239 12 12 25 40 33 18 20 83 0 9 100 1 63 73 160 469 167 84 214 16 24 0 60 0 21 0 0 8 21 0 5 72 0 0 0 24 14 54 0 0 108 284 145 142 301 71 301 11 313 159 134 103 109 212 143 115 56 93 177 229 0 0 5 0 130 0 3 8 207 239 126 240 273 151 321 246 291 465 249 392 0 81 0 161 0 0 3928 680 0 382 0 0 0 0 302 0 0 0 103 23 0 1 0 0 0 13 0 174 64 0 0 0 0 627 509 349 817 385 297 478 436 464 222 653 327 688 726 612 857 533 615 702 533 77 109 102 0
23 0 9 39 54 62 0 0 60 91 0 0 90 56 0 15 859 57 14 42 1 45 90 15 40 7 13 0 0 0 0 0 0 0 0 27 0 0 0 0 0 1 0 0 0 0 18 1 2 0 21 2 4 0 3 2 0 2 2 1 3 3 2 3 2 1 0 0 25 0 25 7 8 0 8 0 20 2 28 0 0 0 193 23 37 48 37 42 0 0 0 0 0 0 0 0 0 34 0 11 31 12 32 25 43 72 32 0 72 71 72 61 72 0 587 29 0 0 0 0 0 0 0 0 112 0 85 0 0 397 0 0 0 0 0 0 0 4 0 0 118 0 0 0 0 0 0 0 11 17 14 0 0 0 0 0 0 0 0 1 0 400 140 15 0
141 206 215 490 264 300 0 65 210 188 137 93 191 190 154 0 18 0 16 246 1 241 5 111 471 32 19 40 7 6 42 35 8 6 10 3 10 21 36 0 0 0 0 0 8 0 0 35 57 52 113 56 80 41 55 56 56 56 37 65 57 59 56 57 56 212 0 3 255 212 61 123 266 256 266 0 393 64 217 626 53 0 447 0 73 229 379 0 189 548 23 33 63 0 0 7 619 0 0 0 0 0 0 0 0 2 0 0 20 59 20 91 20 8 0 588 50 2846 307 0 0 0 0 0 0 0 115 6 0 0 0 0 0 0 0 0 0 0 0 0 0 2468 2467 3149 2776 2003 1528 2339 1814 1773 592 2836 1689 2384 2498 2245 3122 1945 2201 2511 1950 3 0 73 0
0 0 0 0 0 0 0 152 0 0 0 42 2 0 0 0 2459 68 160 76 0 0 11 3 1 163 196 74 143 160 91 527 170 44 324 226 523 255 13 0 0 0 0 0 0 0 0 10 12 0 37 0 1 0 0 3 6 4 0 83 2 2 2 9 5 3 0 0 4 0 137 3 0 0 0 0 18 14 17 0 0 0 9 0 0 0 0 0 0 0 0 0 173 109 0 0 45 13 0 4 12 6 14 0 16 28 7 0 31 27 31 19 31 13 245 0 0 0 0 0 0 0 605 0 13 53 445 3699 0 0 0 0 0 0 0 0 0 0 0 0 0 91 31 0 129 62 34 33 70 85 28 51 65 105 92 23 102 105 71 137 90 0 0 0 0
120 237 0 520 287 333 0 284 317 478 241 230 483 297 0 43 923 0 78 126 1 207 326 91 150 185 200 88 26 25 43 90 61 30 0 72 25 94 221 0 27 314 134 0 14 9 446 70 54 0 120 35 34 0 0 40 44 42 37 164 45 40 40 59 43 568 0 5 115 333 464 201 419 401 419 0 0 378 64 0 75 95 0 0 95 145 137 1063 0 0 291 0 276 0 312 0 111 638 436 577 629 284 643 303 602 894 612 932 83 118 83 144 83 0 389 603 0 576 0 0 0 0 164 0 377 172 594 1063 0 0 0 0 36 0 44 0 103 0 175 157 402 669 691 843 786 549 0 634 559 549 299 775 518 655 678 587 842 532 607 699 528 823 475 218 0
0 0 0 0 0 0 0 0 0 0 0 20 1 0 0 0 0 0 0 1455 0 0 1 323 2883 1775 2208 987 1 1 17 8 78 0 3 0 0 0 8 1 589 0 0 0 0 0 0 4 5 0 563 2 2 0 0 0 0 2 0 38 15 1 1 14 2 0 0 0 1451 0 330 35 68 0 68 0 1048 140 139 100 0 0 1180 0 1051 2353 1968 1192 0 0 0 0 52 0 0 0 0 0 0 0 0 0 0 0 0 20 0 0 11 10 11 7 11 0 35 0 0 0 0 0 0 0 0 0 0 0 19 0 0 0 0 0 0 0 0 0 0 0 0 0 0 0 0 0 0 0 0 0 9 52 8 0 40 0 0 0 0 0 0 0 0 0 0 0 0
1 6 3 74 15 2 69 13 20 34 108 32 35 28 34 5 138 14 21 27 0 223 18 6 37 87 129 54 15 16 14 52 12 8 28 17 13 15 134 26 64 11 0 135 130 0 0 23 34 35 20 35 39 34 36 0 35 35 16 24 33 35 35 34 0 0 65 2 170 22 83 0 105 68 0 0 23 52 42 0 65 175 11 217 14 24 46 1 0 0 58 0 0 27 0 0 66 0 0 0 0 0 0 0 0 0 2772 939 0 0 0 6 0 0 0 117 0 22 0 0 0 0 0 0 24 0 0 18 0 0 0 0 0 0 0 0 0 0 19 0 26 0 0 0 0 14 0 0 22 25 42 0 24 0 0 0 0 0 0 0 0 0 0 126 0
10 65 33 814 171 23 766 124 217 372 1201 341 381 305 380 63 1593 141 0 305 0 2547 179 63 418 886 1306 530 138 152 134 495 203 77 265 168 383 302 17 249 647 136 66 901 1352 43 21 122 174 178 155 179 215 178 181 141 178 179 174 151 179 183 180 176 60 0 656 24 332 733 605 393 961 917 0 1251 414 686 561 921 1175 2065 132 2499 168 283 473 127 0 0 605 0 65 257 26 0 267 0 0 0 0 0 0 0 0 0 10264 5264 0 0 0 62 0 0 0 1285 0 279 62 0 131 188 267 464 228 0 15 172 0 0 70 0 0 0 0 0 363 143 281 145 258 225 192 175 358 231 149 180 248 229 356 584 255 310 288 0 0 48 4 74 19 181 148 1212 0
4 22 13 281 59 8 264 44 75 128 414 118 132 105 131 22 549 49 80 109 0 918 62 23 151 304 449 183 48 52 46 171 229 27 92 58 111 91 0 91 219 35 17 392 456 428 0 43 61 60 55 63 75 63 64 24 62 63 61 53 63 64 63 62 0 0 221 8 118 234 224 0 333 248 0 88 124 218 178 186 323 740 46 900 59 101 168 18 0 0 207 0 0 86 0 0 123 0 0 0 0 0 0 0 0 0 3678 5771 0 2 0 21 0 0 0 399 0 89 0 0 0 0 92 0 80 13 7 59 0 0 0 0 0 0 0 0 49 0 101 2 88 69 54 40 117 77 48 54 85 79 124 186 89 98 89 0 0 14 0 23 2 0 26 419 0
1 11 2 142 30 4 194 21 38 65 209 60 66 53 66 10 273 24 28 26 0 166 32 5 27 156 231 95 25 27 24 90 38 14 48 30 33 37 0 45 113 12 4 183 234 0 0 27 39 40 21 40 47 39 41 5 40 40 39 31 40 41 41 40 0 0 112 4 36 141 99 42 176 123 0 0 52 102 82 4 118 212 10 163 12 19 53 0 0 0 107 0 0 46 0 0 33 0 0 0 0 0 0 0 0 0 556 872 0 1 0 11 0 0 0 186 0 43 0 0 0 0 48 0 42 6 4 31 0 0 0 0 0 0 0 0 0 0 17 0 45 15 0 0 38 35 15 1 41 46 64 59 52 20 8 0 0 0 0 4 0 0 0 220 0
1 5 3 59 12 2 56 9 16 27 87 25 28 22 28 5 116 4 17 23 0 191 13 5 31 63 93 38 10 11 10 36 45 6 19 12 13 13 0 19 45 8 0 80 95 59 0 9 12 12 11 12 15 0 0 0 12 12 0 11 6 10 0 12 0 0 44 1 24 0 47 0 69 55 0 0 21 42 34 11 61 151 0 187 12 21 35 2 0 0 39 0 0 17 0 0 13 0 0 0 0 0 0 0 0 0 780 1224 0 0 0 4 0 0 0 79 0 18 0 0 0 0 19 0 17 3 2 12 0 0 0 0 0 0 0 0 1 0 17 0 18 0 0 0 5 12 1 0 15 16 25 5 0 0 0 0 0 0 0 0 0 0 0 87 0
1 7 4 92 19 3 109 9 25 42 136 39 43 35 43 0 178 15 19 21 0 154 20 4 25 105 145 66 16 17 25 56 12 9 30 19 11 15 0 28 71 12 0 0 150 0 0 14 20 19 13 20 32 19 20 0 20 20 17 17 20 21 20 20 0 0 67 2 25 23 60 0 109 22 0 0 26 59 47 151 76 118 9 151 10 17 39 0 0 0 57 0 0 21 0 0 2 0 0 0 0 0 0 0 0 0 623 978 0 1 0 7 0 0 0 112 0 27 0 0 0 0 30 0 26 4 2 18 0 0 0 0 0 0 0 0 0 0 10 0 27 0 0 0 0 17 0 0 23 27 38 0 31 0 0 0 0 0 0 0 0 0 0 136 0
2 12 7 151 32 5 155 23 40 69 222 63 71 56 77 13 295 25 41 62 0 462 34 12 88 162 240 98 26 28 25 92 40 14 49 31 78 60 23 46 120 14 6 175 246 0 0 23 33 34 29 34 40 33 34 15 33 34 33 28 34 35 34 33 0 0 124 5 68 137 112 86 179 176 0 0 58 110 90 30 136 376 23 454 30 51 95 0 0 0 102 0 0 47 8 0 53 0 0 0 0 0 0 0 0 0 1877 2945 0 1 0 11 0 0 0 193 0 49 0 0 82 0 50 0 43 7 4 32 0 0 0 0 0 0 0 0 0 0 52 0 48 37 4 0 43 43 27 6 47 44 66 69 50 31 20 0 0 7 0 12 1 0 0 225 0
0 3 2 36 8 2566 34 6 10 16 53 15 17 13 17 3 70 1 10 14 0 116 8 3 19 36 54 23 6 7 6 22 9 3 12 7 0 0 0 11 26 0 0 38 58 0 0 5 7 7 7 7 9 7 7 0 7 7 7 6 7 8 7 7 0 0 19 1 14 0 27 0 42 23 0 0 0 5 3 0 0 89 5 113 7 12 21 0 0 0 15 0 0 6 0 0 0 0 0 0 0 0 0 0 0 0 1508 753 0 355 0 3 0 0 0 2 0 10 0 0 0 0 12 0 10 2 1 7 0 0 0 0 0 0 0 0 0 0 12 0 10 0 0 0 0 1 0 0 6 9 14 0 11 0 0 0 0 0 0 0 0 0 0 53 0
0 0 0 3 46 0 3 4 1 1 5 1 1 1 1 0 5 0 1 1 0 8 1 0 1 0 0 2 1 1 1 2 1 0 1 1 0 0 0 1 0 0 0 3 5 0 0 0 1 0 1 1 1 0 1 0 1 1 0 1 0 1 1 1 0 0 0 0 0 0 2 0 4 0 0 0 0 0 0 0 0 0 0 7 0 0 2 0 0 0 0 0 0 0 0 0 0 0 0 0 0 0 0 0 0 0 33 52 0 0 0 130 0 0 0 0 0 0 0 0 0 0 1 0 1 0 0 0 0 0 0 0 0 0 0 0 0 0 0 0 0 0 0 0 0 0 0 0 0 0 0 0 1 0 0 0 0 0 0 0 0 0 0 2 0
5 29 17 0 76 10 342 19 97 166 535 117 169 136 169 28 712 59 47 121 0 0 32 27 194 370 568 202 9 10 8 19 23 18 4 41 0 27 0 110 0 21 21 381 560 0 0 49 70 61 62 73 71 73 74 73 72 73 72 48 73 73 73 71 73 0 0 10 143 0 92 5 0 0 0 0 155 271 220 0 427 0 53 1 73 126 212 47 0 0 256 0 0 7 0 0 76 0 0 0 0 0 0 0 0 0 0 0 0 2 0 27 0 0 0 173 0 39 0 0 0 0 47 0 41 7 4 30 0 0 0 0 0 0 0 0 0 0 53 0 45 19 3 0 40 36 16 4 41 41 79 64 46 23 9 0 0 2 0 5 0 0 0 213 0
7 43 24 536 113 15 505 125 143 245 791 255 252 201 250 42 1053 92 153 204 0 1744 179 46 286 576 852 346 95 103 92 347 94 52 180 112 219 184 0 161 416 90 36 559 870 0 0 77 109 106 110 111 134 110 111 111 110 110 109 112 110 113 110 110 110 0 427 16 229 498 396 304 625 611 626 205 243 420 343 395 635 1367 89 1708 113 192 317 75 0 0 384 0 29 164 0 0 188 0 0 0 0 0 0 0 0 0 11010 0 0 3 0 41 0 0 0 1209 0 249 0 0 169 0 266 0 232 38 21 170 0 0 0 0 0 0 0 0 219 0 301 86 257 255 237 250 390 237 165 228 250 226 326 638 258 333 320 0 29 58 51 86 40 115 126 1208 0
0 0 0 0 0 0 0 0 0 0 0 0 0 0 0 0 0 0 0 0 0 0 0 0 0 0 0 0 0 0 0 0 0 0 0 0 0 0 0 0 0 0 0 0 0 0 0 3 0 0 0 0 0 0 0 0 0 0 0 0 0 0 0 0 0 0 0 0 0 0 0 0 0 0 0 0 0 0 0 0 0 0 0 0 0 0 0 0 0 0 0 0 0 0 0 0 0 64 85 0 0 0 0 0 0 0 0 0 0 0 0 0 0 0 2 0 0 0 0 0 0 0 0 0 0 0 0 0 0 0 0 0 0 0 0 0 0 0 0 0 0 0 0 0 0 0 0 0 0 0 0 0 0 0 0 0 0 0 0 0 0 0 0 0 0
0 0 0 0 0 0 0 0 0 0 0 0 0 0 0 0 0 0 0 0 0 0 0 0 0 0 0 0 0 0 0 0 0 0 0 0 0 0 0 0 0 0 0 0 0 0 0 0 0 0 0 0 0 0 0 0 0 0 0 0 0 0 0 0 0 0 0 0 0 0 0 0 0 0 0 0 0 0 0 0 0 0 0 0 0 0 0 0 0 0 0 0 0 0 0 0 0 130 169 0 0 0 0 0 0 0 0 0 0 0 0 0 0 0 3 0 0 0 0 0 0 0 0 0 0 0 0 0 0 0 0 0 0 0 0 0 0 0 0 0 0 0 0 0 0 0 0 0 0 0 0 0 0 0 0 0 0 0 0 0 0 0 0 0 0
0 0 0 0 0 0 0 0 0 0 0 0 0 0 0 0 0 0 0 0 0 0 0 0 0 0 0 0 0 0 0 0 0 0 0 0 0 0 0 0 0 0 0 0 0 0 0 0 0 0 0 0 0 0 0 0 0 0 0 0 0 0 0 0 0 0 0 0 0 0 0 0 0 0 0 0 0 0 0 0 0 0 0 0 0 0 0 0 0 0 0 0 0 0 0 0 0 5 7 0 0 0 0 0 0 0 0 0 0 0 0 0 0 0 0 0 0 0 0 0 0 0 0 0 0 0 0 0 0 0 0 0 0 0 0 0 0 0 0 0 0 0 0 0 0 0 0 0 0 0 0 0 0 0 0 0 0 0 0 0 0 0 0 0 0
0 0 0 0 0 0 0 0 0 0 0 0 0 0 0 0 0 0 0 0 0 0 0 0 0 0 0 0 0 0 0 0 0 0 0 0 0 0 0 0 0 0 0 0 0 0 0 0 0 0 0 0 0 0 0 0 0 0 0 0 0 0 0 0 0 0 0 0 0 0 0 0 0 0 0 0 0 0 0 0 0 0 0 0 0 0 0 0 0 0 0 0 0 0 0 0 0 0 0 0 0 0 0 0 0 0 0 0 44 38 44 0 44 30 0 0 0 0 0 0 0 0 0 0 0 0 0 0 0 0 0 0 0 0 0 0 0 0 0 0 0 0 0 0 0 0 0 0 0 0 0 0 0 0 0 0 0 0 0 0 0 0 0 0 0
0 0 0 0 0 0 0 0 0 0 0 0 0 0 0 0 0 0 0 0 0 0 0 0 0 0 0 0 0 0 0 0 0 0 0 0 0 0 0 0 0 0 0 0 0 0 0 0 0 0 0 0 0 0 0 0 0 0 0 0 0 0 0 0 0 0 0 0 0 0 0 0 0 0 0 0 0 0 0 0 0 0 0 0 0 0 0 0 0 0 0 0 0 0 0 0 0 666 889 0 0 0 1233 0 0 0 0 0 0 0 0 0 0 0 50 0 0 0 0 0 0 0 0 0 0 0 0 0 0 0 0 0 0 0 0 0 0 0 0 0 0 0 0 0 0 0 0 0 0 0 0 0 0 0 0 0 0 0 0 0 0 0 0 0 0
2 15 37 186 39 5 175 186 50 85 4381 730 114 70 87 17 1 105 208 300 293 2895 271 77 475 730 1035 452 143 155 186 561 194 78 271 148 355 291 31 245 612 148 19 361 1082 0 103 11 61 54 141 57 133 55 56 56 59 57 57 111 54 63 56 61 58 0 428 22 331 377 469 125 598 595 598 0 722 1206 846 1624 789 1336 163 2835 186 317 658 18 0 157 161 54 93 0 0 220 250 27630 26685 28364 29219 31465 50847 26044 27235 43553 16627 0 0 3 1 0 0 0 4381 1891 70 342 82 0 0 0 402 0 76 57 32 43 0 0 0 0 0 0 0 0 501 0 0 44 305 424 414 470 626 367 267 395 380 341 439 1034 390 540 530 25 116 99 127 143 450 175 155 1822 0
0 0 0 2 0 0 0 1 0 1 2 1 1 1 0 0 0 0 0 3 0 1 1 0 0 6 31 29 7 8 5 23 21 4 14 9 0 0 0 14 0 0 0 0 314 0 0 1 74 76 23 78 77 0 0 0 76 78 61 41 78 78 78 75 26 0 0 2 14 93 24 61 132 129 0 0 0 0 0 0 0 0 0 0 0 0 5 0 0 0 0 0 0 5 0 0 0 0 0 0 0 0 0 0 0 0 72 114 0 0 0 0 0 0 0 0 0 0 0 0 0 0 2 0 2 0 0 1 0 0 0 0 0 0 0 0 0 0 0 0 0 0 0 0 0 0 0 0 0 0 3 0 0 0 0 0 0 0 0 0 0 0 0 7 0
64 130 140 345 162 182 0 50 157 213 133 95 215 130 113 10 0 1 0 91 0 92 1 20 172 0 0 38 24 24 18 82 38 46 40 9 68 99 190 13 152 0 0 58 153 0 0 17 26 0 36 25 27 0 24 25 16 25 25 34 27 25 25 27 25 104 48 4 99 0 93 29 51 0 51 0 25 89 76 0 0 0 82 58 39 0 146 189 0 0 0 0 0 0 8 0 74 0 0 0 0 0 0 0 0 75 0 0 77 92 77 96 77 0 21 0 0 0 0 0 0 0 0 0 1 0 26 134 0 0 0 0 0 0 0 0 5 0 142 0 0 0 0 0 0 0 0 0 39 105 106 0 123 0 0 0 0 0 0 0 0 236 12 0 0
302 479 580 1509 687 720 2360 441 84 139 87 197 146 85 412 44 91 593 288 252 57 283 25 2492 198 636 823 426 59 54 90 196 106 159 78 269 211 519 321 2 341 431 72 0 353 106 351 148 108 36 168 80 90 0 76 79 88 80 367 334 79 79 80 93 83 1130 260 18 188 377 317 257 529 428 527 0 155 10 709 0 384 0 148 265 77 93 386 132 0 0 1103 64 444 0 1266 159 467 187 117 333 359 79 183 312 334 491 347 536 12 110 12 192 12 0 69 980 0 583 81 0 224 0 258 0 110 154 489 507 0 34 0 0 0 0 0 0 317 396 1004 62 662 796 762 846 969 628 468 732 778 797 499 930 686 726 716 624 991 610 712 828 616 413 165 134 0
1 2 3 8 4 4 0 160 3 4 2 39 6 2 0 0 0 71 46 32 51 0 4 31 0 8 9 13 11 10 26 32 10 14 17 59 0 8 66 0 0 0 32 0 24 0 0 10 13 0 39 4 5 0 1 3 0 4 5 88 2 3 3 10 5 0 0 2 9 0 18 31 63 11 63 0 0 94 83 85 56 0 78 0 3 0 28 0 0 26 0 0 97 0 432 0 284 0 0 0 0 0 0 0 0 2 0 0 3 3 3 3 3 0 21 230 0 0 385 0 0 0 0 0 25 0 228 195 0 0 0 0 0 0 0 0 0 0 0 0 84 983 743 382 1238 576 434 693 578 636 240 953 552 1110 1110 921 1323 854 933 1110 839 1078 0 44 0
33 65 74 194 86 95 0 0 74 96 66 40 98 58 6 83 730 0 7 71 1 279 5 54 132 213 548 92 10 9 35 42 24 14 16 7 0 0 44 1 0 171 168 25 0 0 116 5 176 163 125 180 192 145 181 181 178 180 178 134 181 182 181 177 180 0 0 10 101 244 68 126 265 253 265 0 192 1425 217 441 448 0 94 233 112 144 155 12 176 165 0 169 35 0 27 439 246 82 0 151 112 25 208 37 43 126 89 61 33 42 33 45 33 0 99 658 0 0 0 0 0 0 0 0 0 0 48 57 0 0 0 0 0 0 0 0 0 0 0 0 0 314 266 116 249 186 135 211 125 157 124 1305 180 1235 1020 809 798 384 507 353 274 165 0 44 0
398 744 814 1888 973 1115 0 7898 890 1477 103 2769 1586 882 307 470 1461 705 734 3256 5 3179 50 731 5664 1960 3337 1916 13775 3073 2158 3454 3433 2571 2370 1064 3629 4900 4492 149 4943 3494 2877 2154 5069 1994 2928 1860 2741 2332 3141 2468 2456 2061 2392 2430 2578 2466 2429 5196 2453 2416 2421 2685 2510 10286 0 991 3185 161 3841 618 1 46 0 3142 3555 6288 5681 3764 2183 5426 3027 3246 1538 2624 5726 6706 2130 4299 0 2221 8321 2985 2331 4001 5403 702 469 409 453 297 680 397 439 652 459 622 2423 2239 2424 1788 2423 2230 288 880 671 4223 555 0 2336 2386 282 0 427 6324 5416 7288 0 1737 0 0 8409 0 2645 17 629 936 0 0 1216 2069 2062 2382 2439 1592 1222 1930 1613 1694 1201 2408 1320 2115 2287 1876 2649 1594 1874 2128 1628 506 1006 579 0
131 227 284 629 365 453 0 166 217 570 94 206 581 317 0 417 4053 1715 1337 1077 1 337 179 95 753 5704 128 5529 391 422 246 1271 677 552 782 1413 1263 1937 3916 7 497 635 1258 373 1089 733 1057 103 801 761 393 824 811 498 832 834 775 831 811 536 843 835 836 816 826 593 919 62 473 2376 1163 1194 2499 2449 2501 449 1310 1224 499 291 557 546 452 328 205 375 627 1352 370 676 42 789 202 860 1199 1083 1178 171 0 1 77 77 149 0 144 345 157 0 1090 1000 1089 789 1090 444 1360 796 0 321 176 0 0 448 16 0 237 1107 875 1455 0 201 0 4 0 0 0 0 760 0 0 0 823 511 471 506 656 404 296 452 469 508 326 577 356 525 556 422 642 420 471 554 412 930 185 378 0
55 0 0 0 134 154 0 313 148 218 0 176 217 134 700 3 0 969 798 1693 4 1394 580 324 2526 1661 2800 1607 0 0 0 129 83 0 47 642 0 0 0 19 1510 811 372 950 1503 482 354 153 253 239 470 244 247 97 196 243 224 244 250 338 255 243 243 261 246 879 1208 15 1319 590 839 313 625 611 625 309 287 448 415 473 594 932 1221 1375 613 1102 1816 1530 295 508 945 146 415 636 607 422 331 477 0 79 101 456 1060 958 1079 1609 460 905 2141 1861 2140 1350 2141 1371 704 838 136 1572 298 0 0 0 511 939 840 128 1357 1235 601 270 0 0 51 0 1010 0 575 0 375 765 373 143 104 63 264 158 95 103 296 306 364 142 215 173 163 3 148 156 135 214 129 204 0 1007 0
2 3 4 12 6 7 0 185 5 8 2 56 10 5 16 0 21 32 310 49 2 45 88 52 36 162 93 86 3 80 24 27 0 0 7 30 0 0 0 0 19 24 0 0 47 0 0 70 26 0 54 18 17 0 16 17 21 18 18 102 0 17 17 24 18 76 286 3 25 204 63 123 262 231 262 0 12 69 156 27 156 537 39 43 19 33 75 0 0 0 33 0 73 115 0 0 106 33 0 0 0 0 0 0 0 0 0 0 0 1 0 2 0 0 0 56 0 24 15 0 0 0 0 0 120 181 111 87 0 3 0 0 82 0 0 0 41 0 0 0 0 226 217 240 256 216 148 193 202 202 98 225 198 208 201 114 244 200 173 264 184 59 0 0 0
324 657 709 1733 819 922 797 8107 797 1085 672 2981 1199 664 788 1847 1036 277 552 418 41 2029 3750 1178 312 254 176 1020 1154 9459 1554 2215 1355 1532 1378 707 2487 3914 4616 9 1660 1665 1358 2387 6321 948 977 805 1421 255 3361 1077 1156 0 987 1028 1223 1074 1069 4499 860 1018 1017 1307 1126 475 3081 333 533 830 1903 596 732 654 732 1434 1258 2406 2644 5057 1921 2149 787 2156 2731 2015 1113 1507 501 993 99 798 8422 937 812 1791 3108 3239 0 1725 1869 1379 3144 1643 1790 2654 1972 2634 36136 31163 36101 22307 36129 35419 1514 803 246 2190 505 5535 3785 0 2800 0 5029 2923 2302 2321 0 473 0 0 0 0 486 0 661 811 225 156 409 2795 2916 3599 3172 2243 1723 2675 2105 2134 953 3260 1968 2716 2868 2567 3543 2157 2506 2836 2181 903 345 282 0
0 0 0 0 0 0 0 1 0 0 0 0 0 0 0 0 0 1647 0 233 5 0 23278 47 0 0 0 0 0 0 0 0 0 0 1 379 0 0 0 0 0 0 0 0 0 0 0 0 281 0 87 294 287 281 298 296 288 295 290 156 294 296 297 283 292 0 0 0 0 0 12 0 0 0 0 0 0 0 0 0 0 0 5 0 1 0 0 0 0 0 0 157 0 29 0 0 11 0 0 0 0 0 0 0 0 0 0 0 274 236 275 168 274 0 0 0 0 0 1182 0 0 0 0 0 0 0 36 93 0 0 0 0 0 0 0 0 0 0 0 0 0 0 0 0 0 0 0 0 437 748 0 0 0 84 35 0 0 0 0 0 0 0 0 0 0
115 194 176 138 1236 305 162 470 1054 1046 816 510 1058 593 315 151 0 60 236 284 2 530 429 198 321 537 1190 617 336 411 440 434 1417 739 1642 377 0 0 243 301 913 495 540 124 406 222 233 383 139 114 366 122 141 0 0 120 127 122 125 291 0 121 119 138 123 11 1031 439 234 291 555 370 289 200 289 344 363 415 515 715 438 507 497 524 465 1196 378 666 0 0 219 74 452 363 0 0 361 3801 1101 0 0 0 0 0 0 0 0 0 0 44 0 150 0 0 3 71 0 223 371 0 0 0 0 0 485 0 119 154 0 0 0 0 0 0 0 0 182 0 13 0 0 62 29 0 85 67 31 30 81 92 212 125 70 145 177 33 115 120 70 153 100 23 0 0 0
0 0 0 0 0 0 0 7 7 11 0 7 11 5 1 12 0 0 2 3 0 2 5 1 1 28 69 5 0 0 0 1 0 0 75 0 0 0 0 2 0 0 0 0 0 0 0 1 2 0 3 2 2 0 0 1 1 2 2 5 0 1 1 2 1 0 8 2 3 0 8 2 2 0 2 0 0 0 1 0 1 0 0 0 0 0 1 0 0 0 0 0 0 0 0 0 0 10 0 0 0 0 0 0 0 0 0 0 0 0 0 0 0 0 0 0 0 0 0 0 0 0 0 0 0 0 0 0 0 0 0 0 0 0 0 0 0 0 0 0 0 0 0 0 0 0 0 0 0 2 1 0 1 0 0 0 0 0 0 1 0 0 0 0 0
1 0 0 4 2 3 0 124 3 4 0 42 6 3 0 2 96 17 37 39 0 19 88 13 30 86 161 89 9 7 18 35 19 5 18 45 0 24 83 0 9 9 28 20 69 0 0 11 14 0 33 0 7 0 7 7 8 8 8 65 8 7 7 12 9 24 15 1 20 16 28 8 10 0 10 0 23 43 86 24 48 26 22 20 11 15 48 54 0 0 19 0 73 0 0 0 42 0 0 0 0 0 0 0 0 0 0 0 216 186 216 133 216 0 0 0 0 0 0 0 0 0 0 0 0 0 40 0 0 0 0 0 0 0 0 0 50 0 65 0 0 0 0 0 0 31 2 0 36 43 26 0 20 0 0 0 0 25 0 33 2 355 0 0 0
14 17 18 40 26 30 0 11242 23 22 0 3394 159 21 27 0 25 2303 1982 1574 482 747 706 689 1232 4798 203 5090 2925 573 1501 1157 901 786 753 1781 883 1744 2110 15 801 1755 1163 1296 3942 773 530 912 1191 504 2790 493 593 304 521 594 892 664 664 5866 554 559 577 1025 745 1855 554 135 812 1094 1037 605 959 935 959 689 1142 3466 2237 2180 1955 2161 1079 948 532 761 1541 2179 325 783 119 420 11754 1204 511 1236 1793 724 400 162 209 295 685 178 223 342 217 153 1493 1288 1495 920 1493 1120 182 778 412 2144 3628 6218 3049 0 9908 2239 736 7859 5549 12155 0 1149 0 0 0 0 1527 0 435 653 81 0 0 3045 2472 1715 3820 1813 1416 2333 1860 2025 770 3161 1539 3339 3541 3011 4136 2517 2909 3305 2541 1029 273 93 0
19 28 28 58 34 40 0 12 30 29 18 15 29 29 0 63 602 167 308 1014 12 998 619 153 1693 733 1294 743 131 128 103 356 287 730 180 280 428 636 926 5 460 570 205 522 678 355 108 196 331 344 332 348 370 341 352 350 341 348 344 193 372 353 350 352 345 1365 351 30 885 702 554 364 743 727 743 0 1389 1227 1051 819 959 1001 948 982 449 781 1501 2232 0 269 692 0 0 361 383 35 846 301 131 119 150 126 294 129 157 240 152 131 3968 3413 3964 2433 3967 3741 230 3354 0 362 314 0 0 0 0 0 698 107 363 1012 0 0 0 0 0 0 0 0 306 0 0 330 319 1836 1900 2315 2311 1461 1130 1764 1675 1651 1030 2214 1213 1792 1927 1764 2424 1446 1776 1930 1472 1610 0 447 0
106 213 259 694 299 320 1339 3412 218 270 208 1679 336 165 1020 537 463 740 629 427 158 3205 923 1852 256 2445 1779 449 205 3879 500 877 440 622 355 552 397 1238 1620 475 1381 1685 960 49 316 221 207 368 511 351 1069 371 358 324 335 352 429 370 385 1766 341 343 347 464 392 297 1663 136 365 469 805 308 370 393 369 951 643 1357 876 1018 707 1031 665 3159 595 1922 420 471 972 889 1518 290 3348 758 800 646 1179 2247 0 2332 2430 980 2212 2150 2258 3308 2456 3805 1803 1594 1802 1184 1803 1697 342 927 946 2876 1218 2986 4982 63 91 656 1201 823 1114 513 1224 118 0 15387 0 0 1304 0 455 0 660 326 467 1150 1179 1421 1357 912 698 1091 936 944 578 1348 884 1168 1225 1060 1475 896 1061 1177 901 6494 876 174 0
80 152 166 403 198 226 0 379 205 288 168 229 296 177 278 616 631 39 77 30 9 1400 186 102 15 160 711 88 50 292 64 151 64 67 82 47 143 206 382 1 205 137 77 244 312 0 0 29 86 69 167 71 68 68 67 69 78 71 76 224 68 68 69 81 73 10 418 14 85 59 194 33 52 51 51 93 107 329 108 113 242 106 284 1375 135 197 40 88 147 144 130 64 390 94 33 203 209 137 113 442 460 62 139 407 428 627 465 721 592 540 592 423 592 572 157 231 266 305 1077 290 0 155 30 480 246 2207 3245 180 242 36 0 0 0 0 1300 0 29 0 90 0 607 296 281 294 366 224 170 264 236 242 133 328 209 307 324 266 382 241 274 317 239 384 121 82 0
109 220 240 599 279 312 0 1966 264 354 225 715 381 216 181 521 368 34 35 103 99 188 136 122 169 156 267 153 187 187 293 528 247 243 320 113 572 823 1562 3 645 995 520 167 45 220 459 125 156 25 522 62 46 0 38 49 103 62 63 991 44 43 46 126 76 10 255 21 133 445 462 236 448 437 448 316 160 339 296 251 209 222 204 222 196 241 206 300 119 303 1151 2 1998 7 1079 0 557 147 87 142 158 61 138 139 154 229 160 208 414 399 414 336 414 324 84 90 121 1066 340 0 487 0 0 219 288 633 879 1134 883 294 10321 20519 0 0 796 0 177 0 0 0 34 428 432 509 491 346 262 401 331 342 121 485 304 417 439 371 538 339 379 448 339 4017 289 115 0
23 47 49 113 57 65 0 1797 61 87 48 507 107 53 0 81 312 56 88 656 3 687 2272 257 1231 4275 100 4360 228 2050 339 402 477 427 268 108 551 864 989 9 1772 2218 1058 1213 1196 914 1926 127 161 62 567 74 83 44 51 62 111 73 84 935 63 58 59 137 87 133 602 72 710 953 1086 498 927 895 927 161 895 1188 877 908 757 407 720 713 311 515 1097 852 1184 859 208 0 1821 1342 693 1255 963 597 515 712 740 254 577 655 687 1007 749 1165 1934 1670 1933 1199 1934 1914 581 1270 132 3407 7918 1530 184 3906 934 1391 2858 528 1537 1309 1780 1975 314 3771 3067 0 2504 2392 1036 0 948 1028 1300 1320 1233 1248 1622 933 718 1145 995 1023 581 1476 960 1416 1467 1271 1747 1065 1261 1389 1064 2216 2734 2758 0
20 29 28 82 48 56 0 1571 50 79 0 586 103 28 0 18 0 111 182 418 14 345 74 675 642 2520 4786 2665 675 139 251 367 252 200 186 203 200 458 575 23 607 699 458 406 464 51 226 209 302 149 476 151 224 20 205 225 261 231 293 898 219 220 223 280 244 815 200 34 387 510 629 287 520 450 520 0 176 680 500 626 677 31 404 286 174 272 533 505 0 0 1039 32 1467 184 217 0 558 609 490 613 644 258 589 567 602 884 653 991 1108 960 1108 692 1108 1045 237 1691 3386 653 263 0 535 0 150 0 175 3153 3349 2464 0 595 0 0 0 0 0 0 527 403 92 56 559 1250 1247 1438 1546 972 737 1167 1088 1088 591 1465 826 1208 1283 1153 1629 986 1175 1316 1000 1150 1064 0 0
18 32 34 77 42 49 0 1532 46 69 10 670 96 41 0 165 262 1115 909 621 29 180 361 168 307 1831 2981 1661 170 158 231 592 266 279 265 884 335 605 1038 5 601 817 341 434 558 186 1379 278 102 11 364 30 22 0 8 21 59 30 39 735 19 16 19 80 41 1406 0 26 279 848 546 433 833 803 833 350 350 889 561 377 583 137 226 176 106 152 352 404 126 471 275 0 1531 1149 984 385 539 1010 822 892 937 426 972 827 875 1283 941 1446 1853 1598 1851 1145 1853 1771 161 2113 418 1205 850 0 1518 83 508 387 586 205 807 406 353 277 2714 1381 2365 0 12 0 569 0 156 133 270 657 665 794 891 535 406 630 725 723 659 804 556 647 668 599 868 529 659 708 528 3522 285 473 0
14 25 8 46 35 41 0 385 26 57 0 111 64 19 142 0 0 200 179 127 1 13 3 15 15 391 477 308 0 0 40 21 14 0 15 213 0 0 76 1 0 31 172 53 86 0 0 55 86 0 109 69 32 0 46 63 75 70 0 229 65 66 67 80 69 23 0 3 130 352 77 197 350 0 350 0 0 85 65 10 38 0 5 0 10 0 22 0 0 128 0 0 299 2047 6 0 77 14 0 0 19 0 18 9 74 133 30 0 29 31 29 30 29 0 1 0 0 87 43 0 0 0 0 0 2 0 0 0 0 0 0 0 0 0 0 0 0 0 116 0 0 64 19 0 95 45 18 24 57 69 66 32 65 78 62 13 74 77 53 101 65 0 0 0 0
334 620 736 1968 884 974 2996 233 761 986 639 968 1019 594 1660 504 359 2184 1802 1905 327 5567 4326 963 2072 256 258 5429 1074 1181 698 3820 2066 681 1921 1905 2837 2169 1136 1825 1035 3551 4097 4187 5944 2586 5780 706 938 964 2005 987 1114 724 997 993 959 987 967 529 1055 1009 995 999 980 161 2406 230 1763 3512 2014 1859 3547 3499 3549 1240 3062 2575 2968 3675 1839 1614 3601 5459 3363 3099 2436 6309 1348 2254 0 979 0 2911 3951 1889 2399 2940 0 2540 2669 1297 2933 2352 2481 3649 2690 4119 8412 7362 8405 5392 8411 8198 1162 7138 0 3374 40289 0 4355 2060 1818 0 5107 1282 1004 2767 0 1212 967 896 2198 270 0 8058 4383 0 87 2380 0 9668 10232 1805 563 7838 29138 9369 7719 7515 3658 6987 6551 829 497 9122 217 7514 8897 9910 7616 14026 6360 1404 0
1 0 0 2 2 2 0 274 2 3 0 100 7 2 0 6 50 102 104 283 1 238 83 40 422 200 437 303 21 19 41 77 56 16 38 117 25 69 157 1 24 440 10 6 264 36 146 175 269 236 189 269 262 224 269 269 255 269 264 274 273 268 269 272 269 1174 195 2 221 507 116 257 554 512 554 63 430 135 117 106 103 432 217 238 109 191 317 660 26 5 0 234 277 16 261 0 95 0 0 0 0 0 0 0 0 2 0 0 472 406 472 287 472 15 33 0 0 81 595 128 87 0 312 0 106 0 38 0 0 70 0 0 104 0 0 0 0 0 0 0 0 0 0 0 0 16 0 0 51 83 128 0 87 0 0 0 0 35 0 47 0 0 0 0 0
0 0 0 0 0 0 0 220 0 0 0 123 5 0 0 166 0 214 46 74 1 41 39 40 76 275 501 171 30 27 40 123 66 25 45 75 47 89 158 0 68 87 169 193 326 26 0 22 30 1 58 21 25 0 19 20 18 21 24 110 19 20 20 27 22 75 230 3 59 396 89 213 445 431 445 103 86 242 125 207 203 15 52 45 22 193 86 63 97 7 38 15 210 343 323 0 100 30 0 0 32 8 27 23 52 88 32 0 242 207 241 147 241 0 28 224 0 76 962 86 337 0 41 0 72 333 144 158 126 0 0 3 67 0 0 0 158 0 249 0 0 230 178 82 225 90 63 211 118 123 116 191 143 254 193 157 247 102 109 133 95 3237 76 3 0
23 32 34 79 43 49 0 11 34 31 20 16 31 31 21 22 0 188 80 106 0 63 18 57 61 306 573 292 0 0 2 34 5 0 8 129 0 0 23 0 11 12 17 11 76 0 30 10 18 10 40 18 18 0 18 18 0 18 18 15 19 18 18 19 18 0 0 1 39 0 51 52 114 97 110 0 49 17 34 28 26 0 377 0 59 19 46 0 0 0 0 17 0 35 76 0 152 0 0 0 0 0 0 0 0 1 0 0 85 80 85 65 85 0 34 146 0 0 4 0 0 0 191 0 111 16 121 184 615 0 0 0 0 0 0 0 172 768 230 498 0 395 273 73 519 218 162 259 237 267 127 367 229 469 479 365 537 355 382 461 345 386 646 0 0
42 29 36 47 36 38 30 43 40 45 32 40 45 40 27 16 16 213 242 321 329 527 52 156 318 491 450 178 35 35 31 48 57 63 46 254 40 58 66 19 71 0 35 238 75 0 0 19 24 0 252 24 23 0 18 23 0 23 23 36 33 23 23 31 24 20 108 27 198 0 183 34 40 0 40 0 0 0 56 0 0 469 477 402 455 669 232 876 0 0 0 0 29 0 0 0 224 18 0 0 0 4 12 0 27 46 0 0 50 48 50 43 50 0 45 474 0 0 0 0 0 0 0 0 36 0 37 8 0 0 0 0 0 0 0 0 0 0 90 0 0 0 0 0 136 585 152 0 663 762 297 0 749 0 0 0 0 507 0 696 206 26 0 0 12
60 42 53 68 52 55 42 62 58 65 50 57 65 57 38 26 23 306 365 426 460 662 73 200 400 737 696 269 51 1779 46 70 82 96 67 361 112 89 106 29 102 0 66 3569 133 0 0 27 34 0 319 34 33 0 30 34 0 33 34 51 45 34 33 43 34 29 167 40 275 0 798 49 58 0 57 0 5 28 89 10 0 785 632 568 578 880 335 1117 0 0 0 0 50 0 0 0 383 40 0 0 1 15 32 0 44 67 0 0 72 70 73 62 72 0 65 735 0 0 0 0 0 0 0 0 52 0 55 36 0 0 0 0 0 0 0 0 0 0 217 0 0 390 0 0 588 932 403 62 998 1095 440 0 1070 156 0 0 0 837 0 1131 522 49 0 0 16
99 70 88 113 86 91 70 103 96 107 87 95 108 94 63 48 39 507 639 705 761 1093 120 330 661 1245 1200 456 86 88 79 119 138 163 113 598 128 153 191 51 168 0 104 156 171 0 0 45 56 0 527 56 55 0 54 55 3 55 56 84 75 55 55 72 56 47 287 65 420 0 343 81 94 54 94 0 54 60 140 61 0 1626 1064 1028 953 1517 486 1868 0 0 0 0 94 0 68 0 722 80 0 0 27 35 69 20 79 111 20 0 120 116 120 103 120 0 106 1270 0 0 0 0 0 0 0 0 86 39 94 86 0 0 0 0 0 0 0 0 60 0 464 0 0 1104 651 0 1439 1664 888 672 1719 1826 746 392 1779 802 497 0 691 1526 492 2041 1136 94 0 0 27
43 31 39 52 39 41 30 44 44 49 34 42 50 43 27 12 13 215 199 199 298 178 49 69 107 556 493 199 35 31 30 53 42 56 51 249 8 0 64 0 69 0 32 40 49 0 0 19 26 0 97 25 25 0 5 25 0 25 24 36 27 25 25 28 25 20 87 29 90 0 110 35 42 0 42 0 0 0 55 0 0 0 179 23 147 144 86 254 0 0 0 0 22 0 0 0 188 7 0 0 0 0 0 0 23 50 0 0 56 54 56 48 55 0 43 506 0 0 0 0 0 0 0 0 29 0 37 7 0 0 0 0 0 0 0 0 0 0 80 0 0 0 0 0 0 558 86 0 659 776 308 0 763 0 0 0 0 471 0 655 127 5 0 0 10
11 7 8 11 9 9 8 11 10 11 6 10 11 10 7 3 4 52 33 106 92 202 14 57 122 103 85 43 8 7 6 10 209 13 10 66 4 12 9 10 18 0 0 102 21 441 0 5 6 0 94 6 5 0 2 6 0 6 5 9 9 6 6 9 6 6 26 7 71 0 62 9 10 0 10 0 0 0 12 0 0 108 170 139 173 246 86 330 0 0 0 0 2 0 0 0 75 0 0 0 0 0 0 0 0 10 0 0 12 11 12 10 12 0 11 49 0 0 0 0 0 0 0 0 9 0 8 0 0 0 0 0 0 0 0 0 0 0 0 0 0 0 0 0 0 0 0 0 89 181 52 0 186 0 0 0 0 0 0 0 0 0 0 0 3
20 14 18 24 18 19 14 21 20 23 16 19 23 20 13 7 7 104 143 120 146 148 27 49 89 257 236 93 18 18 15 24 27 33 23 119 22 31 36 9 41 0 18 64 40 0 0 9 12 0 74 12 12 0 10 12 0 12 12 19 15 12 12 14 12 10 65 13 66 0 107 20 19 0 19 0 0 12 46 0 0 61 22188 98 127 177 67 240 0 0 0 0 14 0 0 1092 118 5 0 0 0 0 2 0 12 23 0 0 25 25 26 22 25 0 20 229 0 0 0 0 0 0 0 0 17 0 18 0 0 0 0 0 0 0 0 0 0 0 59 0 0 0 0 0 0 240 0 0 299 364 143 0 358 88 64 0 0 196 0 277 8 10 0 0 5
53 39 49 66 48 51 37 56 54 62 46 52 62 53 33 20 17 277 276 211 356 124 59 61 73 735 689 265 47 47 42 68 69 88 63 308 56 51 103 18 89 0 49 66 64 0 0 23 32 0 77 31 31 0 25 31 0 31 31 44 33 31 31 33 31 24 151 36 81 0 124 44 51 0 51 0 0 18 75 0 0 0 169 42 106 117 69 181 0 0 0 0 44 0 0 0 320 38 0 0 0 13 29 0 40 63 0 0 69 67 69 59 69 0 55 712 0 0 0 0 0 0 0 0 44 0 49 37 0 0 0 0 0 0 0 0 0 0 219 0 0 297 0 0 472 803 331 0 874 964 398 0 941 65 0 0 0 719 0 972 431 41 0 0 12
6 3 3 6 5 5 4 5 122 6 0 326 16 2192 4 0 1 26 0 48 46 83 7 24 50 55 17 19 0 3 4 1 7 0 4 34 0 3 7 3 8 0 0 0 7 0 0 3 3 0 39 3 3 0 0 3 0 3 2 5 4 3 3 4 3 3 3 3 30 0 22 5 5 0 5 0 0 0 1 0 0 0 61 19 69 76 35 120 0 0 0 0 0 0 0 0 0 0 0 0 0 0 0 0 0 6 0 0 7 8 7 6 7 0 5 0 0 0 0 0 0 0 0 0 0 0 3 0 0 0 0 0 0 0 0 0 0 0 0 0 0 0 0 0 0 0 0 0 0 89 16 0 97 0 0 0 0 0 0 0 0 0 0 0 2
1 0 0 0 1 1 1 0 1 1 0 0 1 1 1 0 0 1 0 4 8 22 1 6 0 0 0 0 0 0 0 0 1 0 0 1 0 0 0 0 0 0 0 0 1 0 0 0 0 0 10 0 0 0 0 0 0 0 0 1 0 0 0 1 0 0 0 0 1 0 4 1 1 0 1 0 0 0 0 0 0 0 0 0 18 0 0 12 0 0 0 0 0 0 0 0 0 0 0 0 0 0 0 0 0 0 0 0 1 1 1 1 1 0 0 0 0 0 0 0 0 0 0 0 0 0 0 0 0 0 0 0 0 0 0 0 0 0 0 0 0 0 0 0 0 0 0 0 0 0 0 0 10 0 0 0 0 0 0 0 0 0 0 0 0
2 1 0 1 0 1 1 1 10 1 1 25 2 166 1 0 0 0 0 5 19 76 3 20 1 0 0 0 1 1 1 1 2 0 1 11 0 0 0 1 0 0 0 0 0 0 0 1 1 0 35 1 0 0 0 1 0 1 0 2 0 0 0 2 1 1 0 0 2 0 12 1 2 0 2 0 0 0 0 0 0 0 51 49 63 82 1 71 0 0 0 0 0 0 0 0 0 0 0 0 0 0 0 0 0 0 0 0 0 2 1 1 1 0 0 0 0 0 0 0 0 0 0 0 0 0 0 0 0 0 0 0 0 0 0 0 0 0 0 0 0 0 0 0 0 0 0 0 0 21 0 0 25 0 0 0 0 0 0 0 0 0 0 0 1
76 54 65 88 72 70 54 80 74 83 62 73 84 73 49 32 29 387 464 515 581 764 92 235 461 950 890 345 64 66 60 92 104 117 85 451 73 93 134 36 128 0 74 21 124 0 0 34 44 0 371 43 43 0 35 43 31 43 43 64 56 43 43 54 43 36 192 50 299 0 241 62 73 0 73 0 1 35 104 0 0 819 731 629 661 998 340 1228 0 0 0 0 62 0 0 0 482 85 0 0 0 0 3 0 42 84 0 0 93 90 94 96 93 0 78 961 0 0 0 0 0 0 0 0 62 0 54 57 0 0 0 0 0 0 0 0 0 0 274 0 0 683 264 0 939 1238 855 309 1302 1404 571 0 1369 416 126 0 233 1134 165 1511 776 57 0 0 20
0 0 0 0 0 0 0 0 0 0 0 0 0 0 0 0 0 0 0 1 3 1 0 0 0 4 4 1 0 0 0 0 0 0 0 0 0 0 0 0 0 0 0 0 0 0 0 0 0 0 0 0 0 0 0 0 0 0 0 0 0 0 0 0 0 0 0 0 0 0 1 0 0 0 0 0 0 0 0 0 0 0 0 0 1 0 0 0 0 0 0 0 0 0 0 0 0 0 0 0 0 1427 0 0 0 0 0 0 0 0 0 0 0 0 0 0 0 0 0 0 0 0 0 0 0 0 0 0 0 0 0 0 0 0 0 0 0 0 0 0 0 0 0 0 0 0 0 0 0 0 0 0 0 0 0 0 0 0 0 0 0 0 0 0 0
50 36 44 59 44 47 35 52 43 55 44 47 56 49 32 15 19 251 283 321 449 450 60 142 273 623 568 225 42 40 33 55 64 77 55 275 18 25 68 13 23 0 16 59 66 0 0 22 29 0 222 29 28 0 23 29 15 28 28 42 37 29 28 35 29 24 61 33 181 0 161 41 48 0 48 0 0 14 0 11 0 133 197 279 365 504 202 612 0 0 0 0 33 0 0 0 236 20 0 0 0 2 14 0 31 56 0 0 62 60 62 53 62 0 53 603 0 0 0 0 0 0 0 0 0 0 32 21 0 0 0 0 0 0 0 0 0 0 109 0 0 214 0 0 394 748 0 0 821 915 365 0 896 0 0 0 0 517 0 909 379 31 0 0 13
64 47 58 78 58 62 45 67 56 73 58 61 74 64 40 18 22 325 343 286 553 233 72 95 141 863 792 311 56 54 45 75 81 106 73 356 29 56 104 21 34 0 22 75 116 0 0 26 39 0 131 37 37 0 29 37 20 37 37 53 41 37 37 41 38 29 74 43 125 0 161 53 62 0 62 499 0 31 0 23 0 0 0 51 171 174 120 225 0 0 0 0 44 0 0 0 310 39 0 0 0 10 30 0 45 75 0 0 83 80 83 71 83 0 65 856 0 0 0 0 0 0 0 0 0 0 39 49 0 0 0 0 0 0 0 0 0 0 201 0 0 489 115 0 725 1001 0 195 1074 1168 481 0 1139 250 0 0 105 697 75 1231 611 43 0 0 15
99 74 93 123 91 96 69 105 102 116 92 98 117 99 62 38 34 517 572 391 679 224 110 111 132 1387 1308 501 89 91 79 126 130 175 119 543 125 132 202 41 166 2 107 135 120 0 0 43 61 0 139 59 59 0 57 58 46 58 60 82 61 58 58 62 59 44 287 68 149 0 230 82 96 0 96 0 30 83 144 60 0 0 319 102 192 227 127 304 0 0 0 0 90 0 0 0 628 119 138 64 83 58 109 76 96 119 77 46 130 125 130 111 130 0 103 1428 0 0 0 0 0 0 0 0 80 0 83 118 0 0 0 0 0 0 0 0 0 0 447 0 0 1473 1188 906 1811 1738 1058 1138 1763 1826 779 1086 1770 1213 1013 0 1370 1620 978 2151 1346 95 0 0 23
76 56 71 94 69 74 53 80 78 89 66 75 89 76 47 26 26 396 404 310 526 198 85 92 117 1042 963 375 67 66 58 95 98 127 90 408 79 64 142 24 126 0 71 95 87 0 0 33 46 0 119 45 45 0 43 45 25 45 45 63 48 45 45 48 45 34 208 52 123 0 180 63 74 0 74 0 0 31 107 0 0 0 249 36 166 166 106 266 0 0 0 0 59 0 0 0 425 84 39 26 52 40 76 46 71 91 47 0 100 96 100 85 100 0 79 1028 0 0 0 0 0 0 0 0 59 0 56 58 0 0 0 0 0 0 0 0 0 0 269 0 0 546 78 0 798 1187 533 144 1276 1392 577 0 1357 234 0 0 0 1071 0 1443 689 56 0 0 18
13 9 11 15 11 12 9 13 12 14 9 12 14 12 8 1 4 63 54 77 95 101 15 32 61 142 113 50 10 10 8 13 15 18 14 47 7 11 14 4 21 0 2 10 15 0 0 6 7 0 50 7 7 0 5 7 0 7 7 11 9 7 7 9 7 6 33 8 42 0 58 10 12 0 12 0 0 0 15 0 0 0 9004 3 84 79 44 139 0 0 0 0 1 0 0 0 16 8 0 0 0 3 6 0 9 14 0 0 16 15 16 13 16 0 13 95 0 0 0 0 0 0 0 0 11 0 0 0 0 0 0 0 0 0 0 0 0 0 0 0 0 0 0 0 0 45 0 0 130 218 73 0 221 0 0 0 0 0 0 25 0 0 0 0 3
54 40 50 67 50 53 38 57 56 63 48 53 64 54 34 18 19 280 288 227 379 158 61 70 93 740 685 267 48 49 43 69 71 91 64 298 60 67 105 22 90 0 51 67 65 0 0 24 33 0 92 32 32 0 30 32 17 32 32 45 34 32 32 35 32 24 123 37 93 0 131 45 53 0 53 0 0 23 76 0 0 0 191 40 131 137 83 215 0 0 0 0 41 0 0 0 303 57 0 8 32 26 51 27 49 65 29 0 71 68 71 61 71 0 57 722 0 0 0 0 0 0 0 0 42 0 43 41 0 0 0 0 0 0 0 0 0 0 187 0 0 390 56 0 569 847 379 103 910 992 411 0 967 168 0 0 0 763 0 1029 491 34 0 0 13
15 11 14 18 14 14 11 15 15 17 10 15 17 15 10 1 5 76 34 79 109 87 17 30 52 174 134 60 12 10 8 16 17 19 17 54 0 0 12 0 24 0 3 1255 26 0 0 7 9 0 45 9 9 0 8 9 0 9 9 13 10 9 9 10 9 7 34 10 47 0 244 12 15 0 15 0 0 0 19 0 0 0 66 0 71 40 54 113 0 0 0 0 0 0 0 0 6 8 0 0 0 2 6 0 10 18 0 0 19 19 19 17 19 0 15 113 0 0 0 0 0 0 0 0 13 0 0 0 0 0 0 0 0 0 0 0 0 0 0 0 0 0 0 0 0 33 0 0 146 262 85 0 266 0 0 0 0 0 0 0 0 0 0 0 4
25 18 23 30 23 24 17 26 25 29 20 24 29 25 16 7 9 128 113 117 173 107 28 41 64 322 285 115 21 20 18 29 31 39 29 121 20 13 39 6 41 0 17 27 30 0 0 11 15 0 58 15 15 0 14 14 0 15 15 21 16 14 14 16 15 11 63 17 53 0 65 20 24 0 24 0 0 0 33 0 0 0 105 8 89 85 51 152 0 0 0 0 14 0 0 0 102 24 0 0 12 11 21 0 22 29 10 0 32 31 32 28 32 0 25 292 0 0 0 0 0 0 0 0 21 0 12 0 0 0 0 0 0 0 0 0 0 0 40 0 0 0 0 0 0 292 0 0 366 448 174 0 443 0 0 0 0 237 0 336 0 10 0 0 6
80 162 170 402 198 225 239 17 205 288 161 87 290 177 189 0 104 65 13 114 15 185 22 57 168 292 419 122 0 0 0 0 0 0 3 40 0 0 11 0 0 0 0 46 0 0 0 16 58 24 102 61 60 17 61 61 59 61 61 40 63 61 61 61 60 15 0 0 92 30 75 15 26 0 26 0 40 53 10 0 48 196 105 181 161 208 129 234 0 0 0 0 0 0 3 0 32 62 0 1 49 20 56 36 77 129 49 0 236 234 236 206 236 0 34 0 0 0 0 0 0 0 0 0 25 0 94 0 0 0 0 0 0 0 0 0 61 0 11 0 0 0 0 0 0 5 0 0 39 45 57 0 19 0 0 0 0 5 0 10 0 0 0 0 0
3 0 0 0 8 9 0 366 9 14 0 161 20 8 0 0 0 116 76 93 21 92 17 41 86 675 1121 606 95 1532 96 261 0 40 158 116 0 109 398 115 486 1116 599 351 706 0 517 118 204 160 182 195 191 160 192 194 188 195 193 284 192 193 193 200 196 69 331 39 104 763 416 406 815 721 815 135 199 566 232 168 138 92 170 93 98 108 123 128 0 49 510 0 0 84 114 0 354 33 0 0 9 8 28 3 31 57 16 0 276 239 276 171 276 0 23 0 0 629 316 0 0 754 29 0 37 96 281 249 0 192 0 0 0 0 0 0 147 0 35 0 0 82 65 49 103 88 54 59 98 111 113 63 104 89 81 6 77 85 57 111 71 2546 0 449 0
0 0 0 0 0 0 0 1 0 0 0 1 0 0 0 0 0 0 0 1 0 0 1 5 1 3 8 4 0 0 0 8 0 0 0 0 0 0 0 0 0 25 0 0 16 0 0 1 0 0 1 0 0 0 0 0 0 0 0 2 0 0 0 0 0 0 0 0 9 0 15 8 1 0 0 0 0 0 0 0 0 0 14 0 0 0 3 0 0 0 0 0 0 0 1 0 587 0 0 0 0 0 0 0 0 0 0 0 1 1 1 1 1 0 0 483 0 0 0 0 0 0 4 0 18 50 629 17 0 0 0 0 0 0 612 0 288 0 109 0 519 692 683 633 596 525 456 587 308 320 174 636 115 647 888 214 326 220 250 264 207 1409 0 0 0
0 0 0 0 0 0 0 0 0 0 0 0 0 0 0 0 0 0 0 0 0 0 0 0 0 0 0 0 0 0 0 0 0 0 0 0 0 0 0 0 0 0 0 0 0 0 0 0 0 0 0 0 0 0 0 0 0 0 0 0 0 0 0 0 0 0 0 0 0 0 0 0 0 0 0 0 0 0 0 0 0 0 0 0 0 0 0 0 0 0 0 0 0 0 0 0 0 0 0 0 0 0 0 0 0 0 0 0 0 0 0 0 0 0 0 0 0 0 0 0 0 0 0 0 0 0 0 0 0 0 0 0 0 0 0 0 0 0 0 0 0 0 0 0 0 0 0 0 0 0 0 0 0 0 0 0 0 0 0 0 0 0 0 0 0
