155
0 0 22 0 0 0 4 628 154 10 114 158 162 81 0 1 5 5 5 0 0 0 1 1 0 23 1 81 152 15 145 15 27 98 330 175 4 4 0 0 0 0 1 0 0 2 0 0 0 2 0 0 4 1 0 6 4 6 0 2 2 4 17 2 0 0 0 0 0 0 0 4 317 0 0 0 0 0 0 0 0 0 0 0 0 0 0 0 0 0 0 0 10 0 10 4 0 16 0 0 0 0 0 0 0 0 0 0 0 0 0 0 87 0 0 0 0 0 0 0 0 0 0 0 0 0 0 0 0 0 0 26 0 0 0 0 0 0 0 0 1 0 0 0 0 0 0 0 0 0 0 0 0 0 0
1 0 5 0 0 0 1 220 1016 859 80 105 209 203 0 0 5 4 5 0 0 0 1 1 0 8 0 5 11 1 11 0 2 7 20 12 1 1 0 0 0 0 0 0 0 0 0 0 0 0 0 0 1 0 0 1 1 1 0 0 0 1 4 0 0 0 0 0 0 0 0 268 0 13 0 0 0 0 0 0 0 0 0 0 0 0 0 0 0 0 0 0 6 0 4 1 0 6 0 0 0 0 0 0 0 0 0 0 0 0 0 0 0 0 0 0 0 0 0 0 0 0 0 0 0 0 0 1 0 2 0 9 0 0 0 0 0 0 0 0 1 0 0 0 0 0 0 0 0 0 0 0 0 0 0
0 0 0 0 0 0 9 16 25 0 320 461 11 57 0 0 401 400 400 0 0 46 19 0 0 1 0 370 793 81 755 0 136 447 1634 1774 4 3 0 0 0 0 1 0 0 2 0 0 0 1 0 0 3 1 0 4 3 4 0 1 1 3 12 7 0 0 0 0 0 0 0 0 0 0 0 0 0 1 0 0 0 0 0 0 0 0 0 0 0 0 0 0 5 100 1 0 107 1 0 0 0 0 0 0 0 0 0 0 0 0 0 0 17 0 0 1 0 0 0 0 0 0 0 0 0 0 0 1 0 0 0 15 0 0 0 0 0 0 0 0 1 0 0 0 0 0 0 0 0 0 0 0 0 0 0
1 0 0 0 0 0 0 0 0 0 0 1 0 0 0 0 55 55 55 0 0 5 3 0 0 0 0 0 0 0 0 0 0 0 0 0 0 0 0 0 0 0 0 0 0 0 2 0 1 1 0 0 1 1 0 1 1 1 0 1 1 1 0 0 0 0 0 0 0 0 0 0 0 1 0 0 0 0 0 0 0 0 0 0 0 0 0 0 0 0 0 0 0 0 0 0 0 0 0 0 0 0 0 0 0 0 0 0 0 0 0 0 0 0 0 0 0 0 0 0 0 0 0 0 0 0 0 0 0 0 0 7 0 0 0 0 0 0 0 0 0 0 0 0 0 0 0 0 0 0 0 0 0 0 0
0 0 0 0 0 0 8 0 0 0 20 28 0 0 0 0 122 121 122 0 0 4 8 9 4 4 0 0 0 0 1 0 1 11210 204 0 0 0 0 0 0 0 0 0 0 0 0 0 0 0 0 0 0 0 0 0 0 0 0 0 0 0 0 1 0 0 0 0 0 0 0 0 0 1182 0 0 0 1 0 0 0 0 0 0 0 0 0 0 0 0 0 0 0 0 0 0 0 0 0 0 0 12 0 0 0 0 0 0 0 0 0 0 0 0 0 0 0 0 0 0 0 0 0 0 0 0 0 1 0 0 0 0 0 0 0 0 0 714 0 0 2 0 0 0 0 0 0 0 0 1 0 0 0 4 0
0 0 0 0 0 0 0 0 0 0 0 0 0 1 0 0 0 0 0 0 0 0 0 0 0 0 0 0 1 4 1 0 0 1 2 1 0 0 0 0 0 0 0 0 0 0 0 0 0 0 0 0 0 0 0 0 0 0 0 0 0 0 0 0 0 0 0 0 0 0 0 0 0 0 0 0 0 0 0 0 0 0 0 0 0 0 0 0 0 0 0 0 0 0 0 0 0 0 0 0 0 0 0 0 0 0 0 0 4 0 0 0 0 0 0 0 0 0 0 0 0 0 0 0 0 0 0 0 0 0 0 0 0 0 0 0 0 0 0 0 0 0 0 0 0 0 0 0 0 0 0 0 0 0 0
0 0 0 392 0 0 0 0 725 279 1569 1983 5863 1674 730 0 672 672 673 0 32 236 17 7 1 526 0 192 364 134 348 0 69 251 0 505 9 468 385 10 0 14 112 0 0 1 3 0 2 4 0 0 5 3 1 7 5 7 2 4 4 6 13 0 0 0 0 0 0 1 0 185 3 4 6 0 3 13 0 2 1 4 1 0 0 0 0 0 0 0 0 0 58 0 10 4177 0 44 0 0 0 5 0 0 0 4 0 0 0 0 0 0 104 0 0 0 0 0 0 0 0 0 0 0 0 0 0 0 0 0 0 21 0 0 0 0 0 0 0 0 0 0 0 0 0 0 0 0 0 0 0 0 0 10 0
0 0 0 0 0 0 5677 0 0 0 50 71 0 0 0 0 23 22 22 0 0 0 5 0 0 0 26630 0 0 0 0 0 0 0 0 0 0 0 0 0 326 0 0 0 144 0 0 0 0 0 0 0 0 0 0 0 0 0 0 0 0 0 0 155 17 0 0 0 2 15 0 7 116 15 42 19 0 0 0 0 0 0 0 0 0 0 0 0 0 1 0 0 1229 0 0 0 0 0 0 0 0 1 0 0 0 0 0 0 0 0 0 0 0 0 0 1 0 0 0 0 0 0 0 0 0 209 327 2259 0 0 0 0 0 0 0 0 0 0 0 0 1 0 0 0 0 0 0 0 0 0 0 0 0 0 0
0 0 0 0 0 0 0 0 0 0 55 68 0 0 0 0 373 326 326 0 1 0 439 0 0 0 0 33194 0 0 0 0 16 0 0 0 0 0 0 0 0 0 0 0 0 0 0 0 0 0 0 0 0 0 0 0 0 0 0 0 0 0 0 10 0 0 0 0 0 1 0 0 0 0 0 0 0 0 0 0 0 0 0 0 0 0 0 4 0 0 0 0 1 0 0 0 0 0 0 0 0 1 0 0 0 2 0 0 0 0 0 0 0 28 0 29 19 25 5 450 0 0 0 0 0 0 0 10 0 0 0 0 0 0 0 0 0 0 0 0 2 0 0 0 0 0 0 0 0 0 0 0 0 0 0
0 0 35 0 0 0 0 0 0 0 257 370 0 165 0 1 25 24 24 0 0 0 5 0 0 0 2 1 5131 0 0 0 3 0 0 0 0 3 19 0 0 0 1 0 999 1 0 0 0 1 0 0 2 1 0 4 3 4 0 1 1 3 11 7 0 0 0 0 0 0 0 0 0 0 0 0 0 0 0 0 0 0 0 0 0 0 0 0 0 0 0 0 9 0 0 0 0 0 0 0 0 0 0 0 0 0 0 0 0 0 0 0 300 0 0 0 0 0 0 0 0 0 0 0 0 0 0 0 0 1 0 17 0 0 0 0 0 0 0 0 0 0 0 0 0 0 0 0 0 0 0 0 0 0 0
0 0 0 0 0 0 0 0 0 0 0 825 0 4 0 0 152 149 149 0 0 0 32 0 0 0 0 0 0 0 0 0 0 0 0 0 0 0 0 22 0 0 0 0 0 0 0 0 7 1 0 0 1 1 0 0 1 0 5 0 2 0 1 0 0 0 0 2 0 2 0 0 0 0 0 0 0 0 0 0 0 0 0 0 0 0 0 0 0 0 0 0 0 0 0 0 0 0 0 0 0 0 0 0 0 0 0 0 0 0 0 0 0 0 0 0 0 0 0 0 0 0 0 0 0 0 0 0 0 0 0 0 0 0 0 0 0 0 0 0 0 0 0 0 0 0 0 0 0 0 0 0 0 0 0
0 0 0 0 0 0 0 0 0 0 0 0 0 348 0 0 0 0 0 0 0 0 0 0 0 0 0 0 0 0 0 0 0 0 0 0 0 0 0 0 0 0 0 0 0 0 0 0 0 0 0 0 0 0 0 0 0 0 0 0 0 0 0 0 0 0 0 0 0 0 0 0 0 0 0 0 0 0 0 0 0 0 0 0 0 0 0 0 0 0 0 0 2 0 0 0 0 0 0 0 0 0 0 0 0 0 0 0 0 0 0 0 0 0 0 0 0 0 0 0 0 0 0 0 0 0 0 0 0 0 0 0 0 0 0 0 0 0 0 0 0 0 0 0 0 0 0 0 0 0 0 0 0 0 0
0 0 0 0 0 0 0 293 166 0 299 378 0 0 0 0 267 265 265 0 1 0 26 0 0 8 0 160 304 30 0 0 52 0 0 0 0 0 0 0 0 0 0 0 0 0 0 0 0 0 0 0 0 0 0 0 0 0 0 0 0 0 0 4 0 0 0 0 0 0 0 7 0 0 0 0 0 0 0 0 0 0 0 0 0 0 0 0 0 0 0 0 6 0 12 0 0 2 0 0 0 1 0 0 0 1 0 0 0 0 0 0 0 0 0 0 0 0 0 0 0 0 0 0 0 0 0 3 0 0 0 0 0 0 0 0 0 0 0 0 5 0 0 0 0 0 0 0 0 2 1 0 0 7 0
0 0 0 0 0 0 0 0 0 0 0 0 0 0 0 0 71 69 69 0 0 59 17 0 0 0 0 0 0 0 0 0 0 0 0 0 0 0 0 0 0 0 0 0 0 0 0 0 0 0 0 0 0 0 0 0 0 0 0 0 0 0 0 0 0 0 0 0 0 0 0 0 0 0 0 0 0 0 0 0 0 0 0 0 0 0 0 0 0 0 0 0 0 0 0 0 0 0 0 0 0 0 0 0 0 0 0 0 0 0 0 0 0 0 0 0 0 0 0 0 0 0 0 0 0 0 0 0 0 0 0 0 0 0 0 0 0 0 0 0 0 0 0 0 0 0 0 0 0 0 0 0 0 0 0
6 4 71 92 20 7 0 66 49 31 16 21 92 8 0 0 0 0 0 0 0 0 0 1 0 3 0 0 0 11 1 0 1 3 0 4 2 3 0 0 1 69 1502 173 0 0 0 0 2 0 0 0 1 0 0 1 0 0 5 0 1 1 3 0 0 0 0 10 4 9 0 22 24 12 17 14 8 6 6 7 6 57 6 0 0 0 0 0 648 0 0 0 0 0 0 1837 0 1 0 0 0 0 0 0 0 0 0 0 10 8 0 0 0 0 0 1 0 0 0 0 0 0 0 0 0 0 0 0 0 0 0 0 0 0 0 0 0 0 0 0 3 0 0 0 2532 0 0 0 1801 2 6 0 0 22 0
0 0 39 0 0 0 0 0 0 0 3 4 0 136 0 0 0 0 0 0 0 0 0 0 0 0 1 0 0 0 1 0 2 1 0 0 184 0 0 0 0 0 0 0 0 0 0 0 0 0 0 0 0 0 0 1 0 1 0 0 0 0 1 0 0 0 0 0 0 0 0 0 0 0 0 0 0 0 0 0 0 0 0 0 0 0 0 0 0 0 0 0 6 0 0 0 0 0 0 0 0 0 0 0 0 0 0 0 0 0 0 0 252 0 0 0 0 0 0 0 0 0 0 0 0 0 0 0 0 0 0 0 0 0 0 0 0 0 0 0 0 0 0 0 0 0 0 0 0 0 0 0 0 0 0
0 0 0 0 0 0 0 0 0 0 0 0 0 0 0 0 0 0 0 0 0 0 0 0 0 0 0 0 0 0 0 0 0 0 0 0 0 0 0 0 0 0 0 0 0 0 0 0 0 0 0 0 0 0 0 0 0 0 0 0 0 0 0 0 0 0 0 0 0 0 0 0 0 0 0 0 0 0 0 0 0 0 0 0 0 0 0 0 0 0 0 0 0 0 0 0 0 0 0 0 0 0 0 0 0 0 0 0 0 0 0 0 0 0 0 0 0 0 0 0 0 0 0 0 0 0 0 0 0 0 0 0 0 0 0 0 0 0 0 0 0 0 0 0 0 0 0 0 0 0 0 0 0 0 0
0 0 0 0 0 0 0 0 0 0 0 0 0 0 0 0 0 0 0 0 0 0 0 2 1 1 0 0 0 0 0 0 0 0 0 0 0 0 0 0 0 0 0 0 0 0 0 0 0 0 0 0 0 0 0 0 0 0 0 0 0 0 0 0 0 0 0 0 0 0 0 19 10 23 26 19 0 0 0 0 0 0 0 0 0 0 0 0 0 0 0 0 0 0 0 0 0 0 0 0 0 0 0 0 0 0 0 0 0 0 0 0 0 0 0 0 0 0 0 0 0 0 0 0 0 0 0 0 0 0 0 0 0 13 0 0 0 13 0 18 13 0 0 21 0 0 0 14 0 10 19 0 0 0 0
0 0 0 0 0 0 0 0 0 0 0 0 0 0 0 0 0 0 0 0 0 0 0 0 0 0 0 0 0 0 0 0 0 0 0 0 0 0 0 0 0 0 0 0 0 0 0 0 0 0 0 0 0 0 0 0 0 0 0 0 0 0 0 0 0 0 0 0 0 0 0 0 0 0 0 0 0 0 0 0 0 0 0 0 0 0 0 0 0 0 0 0 0 0 0 0 0 0 0 0 0 0 0 0 0 0 0 0 0 0 0 0 0 0 0 0 0 0 0 0 0 0 0 0 0 0 0 0 0 0 0 0 0 0 0 0 0 0 0 0 0 0 0 0 0 0 0 0 0 0 0 0 0 0 0
0 0 0 0 0 0 0 0 0 0 0 0 0 0 0 0 0 0 0 0 0 0 0 0 0 0 0 0 0 0 0 0 0 0 0 0 0 0 0 0 0 0 0 0 0 0 0 0 0 0 0 0 0 0 0 0 0 0 0 0 0 0 0 0 0 0 0 0 0 0 0 0 0 0 0 0 0 0 0 0 0 0 0 0 0 0 0 0 0 0 0 0 0 0 0 0 0 0 0 0 0 0 0 0 0 0 0 0 0 0 0 0 0 0 0 0 0 0 0 0 0 0 0 0 0 0 0 0 0 0 0 0 0 0 0 0 0 0 0 0 0 0 0 0 0 0 0 0 0 0 0 0 0 0 0
0 0 0 0 0 0 0 0 0 0 0 0 0 0 0 0 0 0 0 0 0 0 0 0 0 0 0 0 0 0 0 0 0 0 0 0 0 0 0 0 0 0 0 0 0 0 0 0 0 0 0 0 0 0 0 0 0 0 0 0 0 0 0 0 0 0 0 0 0 0 0 0 0 0 0 0 0 0 0 0 0 0 0 0 0 0 0 0 0 0 0 0 0 0 0 0 0 0 0 0 0 0 0 0 0 0 0 0 0 0 0 0 0 0 0 0 0 0 0 0 0 0 0 0 0 0 0 0 0 0 0 0 0 0 0 0 0 0 0 0 0 0 0 0 0 0 0 0 0 0 0 0 0 0 0
0 0 0 0 0 0 0 0 0 0 0 0 0 0 0 0 0 0 0 0 0 0 0 0 0 0 0 0 0 0 0 0 0 0 0 0 0 0 0 0 0 0 0 0 0 0 605 415 270 521 436 387 479 404 411 442 471 416 140 481 437 488 0 20 24 20 0 0 3 4 0 0 0 0 0 0 0 0 0 0 0 0 0 0 0 0 0 0 0 0 0 0 0 0 0 0 0 0 0 0 0 1 0 0 0 0 0 0 0 0 5 0 0 0 0 0 0 0 0 0 0 0 0 0 0 0 0 0 0 0 0 0 0 0 0 0 0 0 0 0 0 0 0 0 0 0 0 0 0 0 0 0 0 0 0
0 0 0 0 0 0 0 0 0 0 0 1 0 0 0 0 0 0 0 0 0 0 0 0 0 0 0 0 0 0 0 0 0 0 0 1 1 0 0 0 0 0 0 0 0 0 0 0 14 1 6 0 0 4 3 0 1 0 26 2 3 0 0 4 12 11 0 0 44 37 0 0 0 0 0 0 0 0 0 0 0 5448 0 0 0 0 0 0 0 0 0 0 0 0 0 0 0 0 0 0 0 0 0 0 0 0 0 0 0 0 0 0 0 0 0 0 0 0 0 0 0 0 0 0 0 0 0 0 0 0 0 0 0 0 0 0 3879 0 0 0 0 0 0 0 0 0 0 0 0 0 0 0 0 0 0
0 0 1 2 0 2 0 0 0 0 1 1 0 0 0 0 0 0 0 0 0 0 43 0 0 0 0 0 2 0 0 0 0 0 0 0 3 0 0 0 0 0 0 0 0 0 0 0 1 0 0 0 0 1 0 0 0 0 1 1 0 0 0 0 5 4 3 1 0 1 0 0 9 0 0 375 4 36 0 3 1 0 29 0 0 9 0 0 19 0 0 0 0 0 0 0 0 0 0 0 0 0 0 0 0 0 0 0 0 0 0 0 0 0 0 0 0 0 0 0 0 0 0 0 0 0 0 0 0 0 0 0 0 97 0 0 0 0 0 512 3 0 0 0 0 0 0 325 0 0 3 0 0 0 0
0 0 0 0 0 0 0 0 0 0 0 0 0 0 0 0 0 0 0 0 0 0 9 1862 0 1780 0 0 0 0 0 0 0 0 0 0 0 0 0 0 0 0 0 0 0 0 0 0 0 0 0 0 0 0 0 0 0 0 0 0 0 0 0 0 2 3 194 0 0 8 0 6 221 467 128 12 352 2042 0 122 118 83 91 0 0 395 0 0 720 0 0 0 0 0 0 0 0 0 0 0 0 0 0 0 0 0 0 2778 0 0 0 0 0 0 0 0 0 0 0 0 0 0 0 0 0 0 0 0 0 0 0 0 0 86 0 0 0 85 0 0 159 0 0 86 0 0 0 73 0 99 191 0 0 0 0
0 0 0 0 0 0 0 0 0 0 0 0 0 0 0 0 0 0 0 0 0 1 320 422 0 0 0 0 0 0 0 0 0 0 0 0 0 0 0 0 0 0 0 0 0 0 0 0 0 0 0 0 0 0 0 0 0 0 0 0 0 0 0 0 0 0 0 0 0 0 0 0 75 175 0 870 0 0 0 1 0 2 263 0 0 0 0 0 37 0 0 0 0 0 0 0 0 0 0 0 0 0 0 0 0 0 0 0 0 189 0 0 0 0 0 0 0 0 0 0 0 0 0 0 0 0 0 0 0 0 0 0 0 0 0 0 0 56 0 831 73 0 0 180 0 117 0 380 0 53 107 0 0 0 0
0 0 50 0 0 0 39 0 0 0 15 21 0 172 0 0 0 0 0 0 0 0 0 0 0 0 0 14 29 3 31 0 10 18 0 28 171 0 0 0 0 0 0 0 0 0 0 0 0 1 0 0 1 0 0 2 0 1 0 1 0 1 5 0 0 0 0 0 0 0 0 0 0 0 0 0 0 0 0 0 0 0 0 0 0 0 0 0 0 0 0 0 9 0 0 0 0 0 0 0 0 0 0 0 0 0 0 0 0 0 0 0 316 0 0 3 0 0 0 0 0 0 0 0 0 0 0 0 0 0 0 21 0 0 0 0 0 0 0 0 12 0 0 0 0 0 0 0 0 0 0 0 0 8 0
0 0 0 0 0 0 0 0 0 0 36 49 0 261 0 0 0 0 0 0 0 0 0 25 11 12 0 0 60 1 82 0 14 0 0 63 422 1 0 0 0 0 0 0 0 0 2558 2042 1142 2201 1843 2148 2025 1708 2017 1869 1982 1862 592 2033 1846 2064 4 0 113 115 67 0 0 15 0 1140 0 0 0 0 0 0 0 0 0 0 0 0 0 0 0 0 3 0 0 0 14 0 0 0 0 0 0 0 0 4 0 0 0 0 0 0 0 0 0 0 488 0 0 3 0 0 0 0 0 0 0 0 0 0 0 0 0 0 0 36 0 0 0 0 0 0 0 0 1 407 0 1384 0 29 0 0 3 1 0 0 0 12 0
0 0 0 0 0 0 0 0 0 0 43 61 0 178 0 0 0 0 0 0 0 0 0 0 0 0 0 0 0 0 103 0 10 0 0 63 610 1 0 0 0 0 0 0 0 0 0 0 0 1 0 0 1 0 0 1 1 1 0 1 0 1 4 0 1 1 0 0 0 0 0 0 0 0 0 0 0 0 0 0 0 0 0 0 0 0 0 0 1 0 0 0 9 0 0 0 0 0 0 0 0 0 0 0 0 0 0 0 0 0 0 0 333 0 0 0 0 0 0 0 0 0 0 0 0 0 0 0 0 6 0 24 0 0 0 0 0 0 0 0 0 0 0 0 0 0 0 0 0 0 0 0 0 6 0
0 0 0 0 0 0 0 0 0 0 67 44 0 12 0 1 0 0 0 0 0 0 0 0 0 0 0 0 3 0 13 0 1 0 0 2 84 0 0 1 0 0 0 0 0 0 2 0 1 2 0 0 2 1 1 2 2 2 1 2 2 2 0 0 0 0 0 0 0 0 0 0 0 0 0 0 0 0 0 0 0 0 0 0 0 0 0 0 0 0 0 0 0 0 0 0 0 0 0 0 0 0 0 0 0 0 0 0 0 0 0 0 0 0 0 3 0 0 0 0 0 0 0 0 0 0 0 0 0 0 0 0 0 0 0 0 0 0 0 0 11 0 0 0 0 0 0 0 0 1 1 0 0 0 0
0 0 0 0 0 0 0 1107 460 187 150 184 377 145 0 0 0 0 0 0 0 0 0 1 2 40 0 0 0 0 0 0 0 0 0 0 0 0 0 0 0 0 0 0 0 0 65 34 29 56 46 0 51 44 50 48 39 47 15 52 47 53 0 0 3 3 0 0 0 0 0 117 6 1 0 0 0 0 0 0 0 0 0 0 0 0 0 0 0 6 0 0 14 0 9 6 0 18 0 0 5 5 5 3 0 16 0 0 0 0 0 0 254 0 0 0 0 0 0 0 0 0 0 0 0 0 0 0 0 0 0 13 0 0 0 0 0 0 0 0 0 0 0 0 0 0 0 0 0 0 0 0 0 3 0
0 2 395 2 1 0 52 778 3878 1376 1055 1249 1973 1686 0 4 0 0 0 0 0 0 0 4 4 15 16 97 171 32 196 0 66 0 0 245 754 5 0 2 0 0 0 0 0 2 65 54 29 59 49 4 55 45 45 56 53 55 16 54 49 58 23 0 7 8 4 0 0 1 0 955 1 2 2 0 0 0 0 0 0 0 1 0 0 3 3 1 3 0 0 0 112 0 34 10 0 60 0 0 0 3 0 0 0 20 0 0 0 0 0 0 3225 0 0 0 0 0 0 0 0 0 0 0 0 0 0 0 0 0 3 155 0 0 0 0 0 0 0 15 57 0 0 0 0 0 4 0 0 4 3 0 0 79 0
0 0 0 0 0 0 0 0 0 0 5 7 0 20 0 0 0 0 0 0 0 0 0 0 0 0 0 0 0 0 8 0 0 0 0 0 71 0 0 0 0 0 0 0 0 0 19 1 9 17 13 0 15 13 15 14 10 14 4 15 14 16 1 0 1 1 0 0 0 0 0 0 0 0 0 0 0 0 0 0 0 0 0 0 0 0 0 0 0 0 0 0 1 0 0 0 0 0 0 0 0 0 0 0 0 5 0 0 0 0 0 0 0 0 0 0 0 0 0 0 0 0 0 0 0 0 0 0 0 0 0 0 0 0 0 0 0 0 0 0 0 0 0 0 0 0 0 0 0 0 0 0 0 0 0
0 0 0 0 0 0 0 2831 1185 484 440 550 1510 329 0 0 0 0 0 0 0 0 0 1 0 101 0 11 54 4 124 373 19 0 0 298 574 0 0 0 0 0 0 0 0 0 0 0 0 1 0 0 1 0 0 2 0 2 0 1 1 1 5 0 1 1 0 0 0 0 0 283 1 0 0 0 0 0 0 0 0 0 0 0 0 0 0 0 0 0 0 0 32 0 12 4 0 22 0 0 0 1 0 0 0 0 0 0 0 0 0 0 593 0 0 1 0 0 0 0 0 0 0 0 0 0 0 0 0 0 0 45 0 0 0 0 0 0 0 0 0 0 0 0 0 45 43 54 15 33 29 0 0 16 0
0 0 0 2 0 0 1309 18506 20270 9623 9924 8722 7739 6226 7 10 0 0 0 0 0 0 0 21 5 690 2544 1998 6274 256 2716 374 494 1497 0 3286 425 12 12 106 429 0 86 0 599 11 55 67 179 69 105 0 70 58 95 63 67 64 287 57 88 63 58 162 39 37 409 437 384 359 0 5766 10 33 18 19 6 8 0 3 2 30 10 0 0 5 5 1 60 52 0 0 270 29 55 54 0 137 0 24 43 54 43 41 0 15 0 0 0 0 0 0 4094 0 0 0 0 0 0 0 0 0 0 0 0 0 21 102 0 129 9 296 0 0 0 0 0 0 0 0 29 0 0 0 0 9 24 9 0 16 16 0 0 148 0
0 0 0 1 0 0 0 3009 3268 925 652 785 2797 997 0 0 0 0 0 0 0 0 0 4 4 105 0 0 0 0 83 0 19 0 0 0 238 2 0 0 142 0 12 0 0 3 102 58 75 93 80 0 87 73 84 83 50 83 76 85 84 89 24 0 1 0 38 82 22 68 0 891 3 8 2 0 0 1 0 1 0 6 3 0 0 0 3 1 0 37 0 0 101 0 35 33 0 80 0 0 30 32 30 25 0 35 0 0 0 0 0 0 1884 0 0 3 0 0 0 0 0 0 0 0 0 0 0 0 0 44 0 127 0 0 0 0 0 0 0 0 0 0 0 0 0 37 73 0 0 33 29 0 0 67 0
0 0 0 0 0 0 0 830 1372 316 200 243 1023 0 0 0 0 0 0 0 0 0 0 0 10 32 0 0 0 0 5 0 0 0 0 0 0 0 0 0 0 0 0 0 0 0 260 197 116 223 186 93 204 173 196 190 136 188 60 206 187 209 0 0 12 12 0 0 0 2 0 317 1 3 0 0 0 0 0 0 0 0 2 0 0 0 0 0 0 41 0 0 43 0 32 33 0 75 0 0 34 35 34 29 0 67 0 0 0 0 0 0 0 0 0 1 0 0 0 0 0 0 0 0 0 0 0 0 0 0 0 95 0 0 0 0 0 0 0 0 0 0 0 0 0 2 11 0 0 13 11 0 0 14 0
0 0 0 0 0 0 0 0 0 0 0 0 0 0 0 0 0 0 0 0 0 0 2 1 1 2 0 0 0 0 10 0 2 0 0 0 3 0 0 0 0 0 0 0 0 17 50 32 22 44 36 0 42 34 40 40 41 40 12 41 37 43 10 0 3 3 0 0 0 1 0 0 1 1 0 0 3 18 1 1 0 4 1 0 0 0 0 0 324 0 0 0 0 0 0 0 0 0 0 0 0 0 0 0 0 0 0 0 0 0 0 0 0 0 0 0 0 0 0 0 0 0 0 0 0 0 0 0 0 0 0 0 0 0 0 0 0 0 0 0 0 0 0 0 0 21 35 0 3 22 14 0 0 0 0
21 6 16 43 6 1 0 8 5 0 5 9 30 7 47 1038 0 0 0 0 0 0 0 25 41 92 1 2 3 51 3 4 3 14 0 9 24 12 0 426 21 0 34 0 0 3 3 0 5 3 0 0 2 4 0 2 0 2 16 3 4 3 3 0 23 23 38 31 32 27 35 0 18 9 0 6 0 0 0 2 0 18 0 0 0 1 232 0 151 0 0 0 6 0 0 0 0 0 0 0 0 0 0 0 8382 0 0 0 4 216 0 0 0 0 0 0 0 0 0 0 0 0 0 0 0 0 0 0 0 0 0 23 0 0 0 0 0 0 0 0 0 0 0 0 17 0 0 0 21 1 0 0 0 251 0
8 8 12 8 5 0 0 6 2 3 0 2 4 18 5 0 1 1 1 0 0 1 5 37 51 28 0 0 0 0 2 0 2 0 0 1 1 0 0 0 0 0 0 0 0 0 0 0 1 0 0 0 0 3 0 0 0 0 3 1 1 0 0 0 12 11 4 5 5 4 6 3 16 12 15 29 7 2 0 1 0 0 0 0 0 1 23 18 1 2 0 0 10 13 1 9 0 16 4 0 7 7 7 6 0 0 1 0 0 0 0 0 3 0 0 0 0 0 0 0 0 0 0 0 0 0 0 0 0 0 0 6 0 0 0 0 0 0 0 0 17 0 0 0 0 0 0 2 0 10 18 18 0 7 0
2 1 4 3 2 0 0 0 10 1 1 1 3 0 0 0 0 0 0 0 0 0 0 20 41 25 0 0 0 0 0 0 0 0 0 0 0 10 0 3 0 0 0 0 0 0 0 0 1 0 0 0 0 0 0 0 0 0 1 0 0 0 0 0 0 0 0 2 1 2 0 3 2 2 5 7 0 1 0 0 0 0 0 0 0 0 0 0 0 0 0 0 0 0 0 0 0 0 0 0 0 0 0 0 0 0 3 0 0 0 0 0 0 0 0 0 0 0 0 0 0 0 0 0 0 0 0 0 0 0 0 0 0 0 0 0 0 0 0 0 0 0 0 0 0 0 0 0 0 0 0 0 0 0 0
3571 33 85 88 50 3 0 86 50 27 2450 1463 95 8 0 2 0 0 0 0 0 0 43 240 381 594 25 50 60 31 58 82 14 44 139 133 362 412 194 40 3 0 4301 616 0 1215 33 0 43 34 27 0 32 26 27 34 0 33 37 30 34 34 30 0 6 7 49 27 20 25 108 323 2481 307 224 2965 117 352 51 45 70 242 71 78 269 54 24 59 3954 0 0 0 7 0 0 0 0 1 0 0 0 1 0 0 15 3676 0 910 14 6318 0 0 0 178 0 23 0 6 0 0 0 0 0 0 98 0 0 0 0 8 10 0 0 0 0 0 8 128 0 2863 435 0 0 261 3763 0 0 1334 2690 787 636 16 0 360 0
0 0 0 0 0 0 0 0 0 0 0 2 0 0 0 1 0 0 0 0 0 1 46 17 3 10 24 3 1 0 3 2 3 1 0 0 9 14 0 5 1 0 0 2657 811 6 4 9 93 14 36 0 0 11 16 12 5 12 64 7 26 9 25 0 3 3 7 12 0 13 0 98 85 182 246 151 0 78 0 29 0 909 336 0 0 0 0 0 49 0 0 0 0 0 0 0 0 0 0 0 0 1 0 0 0 0 0 0 0 0 0 0 0 0 0 171 0 0 0 0 0 0 0 0 0 0 0 34 0 0 0 0 0 0 257 0 0 0 0 0 89 0 0 0 0 0 0 41 0 58 124 0 0 0 0
29 9 84 22 37 1 3503 20 8 21 107 144 14 96 0 0 0 0 0 1 0 0 27 1 0 2 4573 407 223 66 191 778 57 142 413 412 663 6 163 10 270 0 0 0 0 2 24 14 24 22 19 0 18 21 19 17 15 17 25 21 22 19 2 0 33 32 34 28 26 26 0 0 16 3 2 0 47 26 0 9 93 22 0 0 9 0 34 0 20 4 0 0 20 0 3 3 0 6 0 0 2 3 2 2 215 1 15 0 34 51 0 0 151 0 0 58 0 21 0 147 0 0 0 0 0 0 0 0 0 51 10 53 0 0 0 0 2 0 0 0 3 0 0 0 0 0 0 0 0 0 0 47 0 37 0
25 11 38 20 14 7 56 0 13 0 44 58 27 80 150 22 0 0 0 0 0 0 29 95 107 104 77 90 55 1044 64 604 52 282 0 150 338 145 69 44 840 188 0 76 0 113 97 136 85 127 114 71 149 119 111 190 158 189 146 132 125 163 373 0 140 135 68 210 207 187 0 48 79 102 98 98 44 50 33 11 37 52 1517 80 0 38 35 66 0 52 0 0 100 0 41 45 4 57 0 0 4 5 4 3 0 1 0 0 0 174 0 0 29 0 0 28 0 16 66 0 0 0 0 887 0 0 0 0 0 362 230 53 0 2 0 0 18 46 324 54 74 0 0 22 131 22 15 49 120 85 104 787 360 503 0
0 0 0 0 0 0 0 0 0 0 0 0 0 0 0 0 0 0 0 0 0 0 16 0 0 0 0 0 0 0 1 0 1 0 0 0 0 0 0 0 0 0 0 0 0 0 0 0 1 0 0 0 0 0 0 0 0 0 2 0 0 0 0 0 0 0 0 2 2 7 0 0 0 1 0 0 960 0 0 44 0 0 11 0 0 0 0 0 0 2 0 0 0 0 0 0 0 0 0 0 0 1 0 0 0 0 0 0 0 0 0 0 0 0 0 0 0 0 0 0 0 0 0 0 0 0 0 0 0 0 0 0 661 0 0 0 0 0 0 0 0 0 0 0 0 0 0 0 0 0 0 0 0 0 0
0 0 0 0 0 0 0 0 0 0 0 0 0 0 0 0 0 0 0 0 0 0 0 0 0 0 0 0 0 0 0 0 0 0 0 0 0 0 0 0 0 0 0 0 0 0 0 0 0 0 0 0 0 0 0 0 0 0 0 0 0 0 0 0 0 0 0 0 0 0 0 0 0 0 0 0 0 0 0 0 0 0 0 0 0 0 0 0 0 0 0 0 0 0 0 0 0 0 0 0 0 0 0 0 0 0 0 0 0 0 0 0 0 0 0 0 0 0 0 0 0 0 0 0 0 0 0 0 0 0 0 0 0 0 0 0 0 0 0 0 0 0 0 0 0 0 0 0 0 0 0 0 0 0 0
244 196 117 745 384 27 286 346 460 86 73 91 363 37 423 2610 0 0 0 3 0 0 0 31 29 20 2 0 1 60 0 0 0 16 0 0 0 0 0 1 0 8 0 0 0 11 9923 0 4434 8543 7153 0 7860 6553 7474 6111 6595 6872 2298 7834 7165 7384 306 0 439 434 0 4 48 61 0 173 165 73 57 59 3 10 0 1 0 2 1 0 0 9 11 16 25 0 0 0 24 0 1 34 0 2 0 0 1 17 1 1 0 1 0 0 0 13 0 0 0 0 227 0 0 0 12559 0 0 0 0 0 0 0 0 0 19 104 0 23 0 0 0 0 6 12 0 28 40 0 0 18 0 37 32 62 12 32 41 0 42 74 0
0 0 0 0 0 0 0 0 0 0 0 0 0 0 0 0 0 0 0 0 0 0 0 0 0 0 0 0 0 0 0 0 0 0 0 0 0 0 0 0 0 0 0 0 0 0 0 0 0 0 0 0 0 0 0 0 0 0 0 0 0 0 0 0 0 0 0 0 0 0 0 0 0 0 0 0 0 0 0 0 0 0 0 0 0 0 0 0 0 0 0 0 0 0 0 0 0 0 0 0 0 0 0 0 0 0 0 0 0 0 0 0 0 0 0 0 0 0 0 0 0 0 0 0 0 0 0 0 0 0 0 0 0 0 0 0 0 0 0 0 0 0 0 0 0 0 0 0 0 0 0 0 0 0 0
0 0 0 0 0 0 0 0 0 0 0 0 0 0 0 0 0 0 0 0 0 0 0 0 0 0 0 0 0 0 0 0 0 0 0 0 0 0 0 0 0 0 0 0 0 0 0 0 0 0 0 0 0 0 0 0 0 0 0 0 0 0 0 0 0 0 0 0 0 0 0 0 0 0 0 0 0 0 0 0 0 0 0 0 0 0 0 0 0 0 0 0 0 0 0 0 0 0 0 0 0 0 0 0 0 0 0 0 0 0 0 0 0 0 0 0 0 0 0 0 0 0 0 0 0 0 0 0 0 0 0 0 0 0 0 0 0 0 0 0 0 0 0 0 0 0 0 0 0 0 0 0 0 0 0
404 50 30 190 98 7 71 88 118 22 16 23 93 10 135 0 0 0 0 0 0 0 0 0 0 3 0 0 0 4 0 0 0 1 0 0 0 0 0 0 0 0 0 0 0 0 0 0 0 1 0 0 0 0 0 0 0 0 0 0 0 0 5 0 0 0 0 0 0 0 0 23 235 6 0 0 0 0 0 0 0 0 0 0 0 0 0 1 16 386 0 0 29 31 2931 60 8 45 0 0 0 0 0 0 0 0 0 0 0 62 0 0 0 0 0 0 0 0 0 0 0 0 0 0 0 0 0 0 4 0 0 3 0 0 0 0 0 0 0 0 0 0 0 0 0 0 0 0 0 0 0 0 0 0 0
2032 1611 1007 6111 3146 222 2389 2836 3768 723 611 764 2970 406 4536 3802 1 1 1 4 0 0 120 345 982 269 26 0 20 555 48 0 65 150 2 203 0 23 59 10 6 364 79 41 0 47 19419 7148 8698 16744 14023 0 15433 12907 14974 13061 14057 13847 4542 15408 14051 15066 1030 412 889 883 0 70 159 172 152 1216 1459 413 432 337 264 70 1 9 3 9 109 0 73 52 39 84 592 0 170 0 139 32 13048 315 22 16 0 0 0 35 0 1 0 1362 10 9 408 2588 0 0 146 0 0 82 0 9883 0 0 0 0 0 209 0 967 0 0 245 363 57 262 126 293 0 0 117 201 90 272 479 66 391 251 174 365 5299 435 283 374 596 68 110 458 0
0 0 0 0 0 0 0 0 0 0 0 0 0 0 0 0 0 0 0 0 0 0 1 2 1 1 0 0 0 0 0 0 0 0 0 0 0 0 0 0 0 0 14 0 0 0 5 0 10 5 6 0 0 0 0 0 0 0 7 0 4 0 0 0 0 0 0 3 2 3 0 15 20 49 18 10 5 0 0 0 0 0 3 0 0 0 0 0 16 0 0 0 0 0 1 0 0 0 0 0 0 0 0 0 0 0 0 0 0 0 0 0 0 0 0 0 0 0 0 0 0 0 0 0 0 0 0 0 0 0 0 0 0 0 0 0 0 0 0 0 21 0 0 0 0 0 0 0 0 13 29 0 0 0 0
0 0 0 0 0 0 0 0 0 0 0 0 0 0 0 0 0 0 0 0 0 0 0 0 0 0 0 0 0 0 0 0 0 0 0 0 0 0 0 0 0 0 0 0 0 0 95 0 42 81 68 0 70 0 0 0 0 0 22 27 66 0 0 0 0 0 0 0 0 1 0 0 0 0 0 0 0 0 0 0 0 0 0 0 0 0 0 0 0 0 0 0 0 0 0 0 0 0 0 0 0 0 0 0 0 0 0 0 0 0 0 0 0 0 0 0 0 0 0 0 0 0 0 0 0 0 0 0 0 0 0 0 0 0 0 0 0 0 0 0 0 0 0 0 0 0 0 0 0 0 0 0 0 0 0
0 0 0 1 1 0 0 1 2 0 0 1 1 0 5 0 2 2 2 1 0 0 0 14 42 11 1 0 1 0 0 0 0 1 0 0 0 0 1 0 0 0 0 0 0 1 449 0 234 389 336 0 353 417 0 0 0 0 128 380 377 0 816 0 724 689 0 6 5 7 0 86 172 26 8 4 1 0 0 1 0 1 3 0 0 0 17 1 5 7 0 0 6 0 321 2 0 14 0 0 287 285 287 287 0 0 0 0 0 2 0 0 0 0 0 0 0 0 0 0 0 0 0 0 0 0 0 0 0 0 0 0 0 0 0 0 0 0 0 0 206 0 0 50 0 0 0 0 0 158 304 0 0 0 0
0 0 0 0 0 0 0 0 0 0 0 0 0 0 0 0 0 0 0 0 0 0 0 0 0 0 0 0 0 0 0 0 0 0 0 0 0 0 0 0 0 0 0 0 0 0 1440 0 643 1239 1036 0 1136 892 808 0 231 718 333 1091 1037 584 0 0 56 53 0 0 6 8 0 0 0 0 0 0 0 0 0 0 0 0 0 0 0 0 0 0 0 0 0 0 0 0 0 0 0 0 0 0 0 2 0 0 0 0 0 0 0 0 0 0 0 0 0 0 0 0 0 0 0 0 0 0 0 0 0 0 0 0 0 0 0 0 0 0 0 0 0 0 0 0 0 0 0 0 0 0 0 0 0 0 0 0 0
0 0 0 0 0 0 0 0 0 0 0 0 0 0 27 0 0 0 0 0 0 0 0 296 3288 317 13 0 0 0 0 0 0 7 0 0 0 0 6 0 14 7 0 0 0 44 1190 0 2115 1171 1472 0 1072 879 906 0 0 541 1385 935 1233 350 0 2104 207 195 0 289 290 242 0 41 28 66 97 124 7 3 3 8 2 5 6 0 0 0 2 22 0 0 0 0 0 0 0 0 0 0 0 0 0 6 0 1 0 1 0 0 0 0 0 0 0 0 0 0 0 0 0 0 0 0 0 0 0 0 0 830 10 0 0 0 0 0 0 0 0 0 0 0 0 0 0 0 0 0 0 0 0 0 0 0 0 0 0
0 0 0 0 0 0 0 0 0 0 0 0 0 0 0 0 1 1 1 0 0 0 0 10 111 10 0 0 0 0 0 0 0 0 0 0 0 0 0 0 0 0 0 0 0 69 451 0 226 391 333 0 355 236 34 0 0 0 124 307 330 0 0 0 18 14 0 9 10 10 0 0 1 2 0 0 0 0 0 0 0 0 0 0 0 0 0 1 0 171 0 0 6 0 752 12 0 15 0 0 5 5 5 5 0 0 0 0 0 0 0 0 0 0 0 0 0 0 0 0 0 0 0 0 0 0 0 0 0 0 0 0 0 0 0 0 0 0 0 0 0 0 0 0 0 0 0 0 0 20 0 0 0 0 0
0 0 0 0 0 0 0 0 0 0 0 0 0 0 0 0 0 0 0 0 0 0 0 0 0 0 0 0 0 0 0 0 0 0 0 0 0 0 0 0 0 0 0 0 0 0 0 0 0 0 0 0 0 0 0 0 0 0 0 0 0 0 0 0 0 0 0 0 0 0 0 0 0 0 0 0 0 0 0 0 0 0 0 0 0 0 0 0 0 0 0 0 0 0 0 0 0 0 0 0 0 0 0 0 0 0 0 0 0 0 0 0 0 0 0 0 0 0 0 0 0 0 0 0 0 0 0 0 0 0 0 0 0 0 0 0 0 0 0 0 0 0 0 0 0 0 0 0 0 0 0 0 0 0 0
0 0 0 0 0 0 0 0 0 0 0 0 0 0 0 0 0 0 0 0 0 0 0 0 0 0 0 0 0 0 0 0 0 0 0 0 0 0 0 0 0 0 0 0 0 9 72 0 32 62 52 0 53 0 0 0 0 0 17 0 50 0 0 0 0 0 0 0 0 0 0 0 0 0 0 0 0 0 0 0 0 0 0 0 0 0 0 0 0 0 0 0 0 0 1 0 0 0 0 0 0 0 0 0 0 0 0 0 0 0 0 0 0 0 0 0 0 0 0 0 0 0 0 0 0 0 0 0 0 0 0 0 0 0 0 0 0 0 0 0 0 0 0 0 0 0 0 0 0 0 0 0 0 0 0
0 0 0 0 0 0 0 0 0 0 0 0 0 0 0 0 0 0 0 0 0 0 0 1 1 1 0 0 0 0 0 0 0 0 0 0 0 0 0 0 0 0 0 0 0 0 3 0 1 2 1 0 0 0 0 0 0 0 1 0 0 0 0 0 0 0 0 0 0 0 0 5 12 31 10 2 3 0 0 0 0 0 1 0 0 0 0 0 0 0 0 0 0 0 0 0 0 0 0 0 0 0 0 0 0 0 0 0 0 0 0 0 0 0 0 0 0 0 0 0 0 0 0 0 0 0 0 0 0 0 0 0 0 0 0 0 0 0 0 0 12 0 0 0 0 0 0 0 0 7 17 0 0 0 0
0 0 0 0 0 0 0 0 0 0 0 0 0 0 0 0 0 0 0 0 0 0 0 0 1 0 0 0 0 0 0 0 0 0 0 0 0 0 0 0 0 0 0 0 0 0 791 0 354 680 569 0 622 452 262 0 0 211 183 570 569 0 0 0 27 22 0 0 3 5 0 0 0 0 0 0 0 0 0 0 0 0 0 0 0 0 0 0 0 0 0 0 0 0 0 0 0 0 0 0 0 1 0 0 0 0 0 0 0 0 0 0 0 0 0 0 0 0 0 0 0 0 0 0 0 0 0 0 0 0 0 0 0 0 0 0 0 0 0 0 0 0 0 0 0 0 0 0 0 0 0 0 0 0 0
0 0 0 0 0 0 0 0 0 0 0 0 0 0 0 0 0 0 0 0 0 0 0 0 0 0 0 0 0 0 0 0 0 0 0 0 0 0 0 0 0 0 0 0 0 0 0 0 0 0 0 0 0 0 0 0 0 0 0 0 0 0 0 0 0 0 0 0 0 0 0 0 0 0 0 0 0 0 0 0 0 0 0 0 0 0 0 0 0 0 0 0 0 0 0 0 0 0 0 0 0 0 0 0 0 0 0 0 0 0 0 0 0 0 0 0 0 0 0 0 0 0 0 0 0 0 0 0 0 0 0 0 0 0 0 0 0 0 0 0 0 0 0 0 0 0 0 0 0 0 0 0 0 0 0
0 0 0 0 0 0 61 0 0 0 10 27 0 0 35 0 1 1 1 2 0 0 0 60 19 71 124 2 45 26 69 150 24 215 0 180 299 0 1497 17 1165 308 4339 2844 699 200 183 226 4242 548 1766 0 501 691 1139 130 0 165 4688 335 1209 168 31 0 956 939 4434 5065 5004 4214 22604 543 211 399 512 751 211 132 144 200 0 864 371 1078 66 1136 421 3 3702 0 0 0 58 0 0 0 0 0 0 0 0 18 0 0 328 30 0 0 0 447 0 0 0 0 0 2 0 0 0 0 0 0 0 0 0 0 0 2622 0 0 0 1987 0 205 664 0 21 202 0 689 196 84 105 832 424 467 401 544 698 448 546 0 0 32 0
428 200 81 280 617 12 99 0 17 8 10 12 58 14 12 0 0 0 0 0 0 0 0 0 0 2 0 0 0 0 0 0 0 0 0 0 0 0 0 0 0 0 0 0 0 1 9 0 4 8 7 0 6 2 0 0 0 0 2 4 7 0 1 0 0 0 0 0 0 0 0 4 248 29 0 0 0 0 0 0 0 0 0 0 0 0 0 0 0 5 0 0 3 3 4 15 0 4 0 0 0 0 0 0 0 16 0 0 0 0 0 0 0 0 0 0 0 0 0 0 0 0 0 0 0 0 0 0 0 0 0 0 0 0 0 0 0 0 0 0 0 0 0 0 0 0 0 0 0 0 0 0 0 0 0
1927 902 374 1258 2780 52 454 186 93 47 45 54 268 64 2 0 0 0 0 1 0 0 0 0 0 9 0 0 0 0 0 0 0 0 0 27 0 0 0 0 0 0 0 0 0 5 16 0 7 14 11 0 11 6 0 0 0 0 4 9 11 0 2 0 0 0 0 0 0 0 0 25 1117 131 0 0 3 0 0 1 0 0 0 0 0 0 0 0 0 8 0 0 8 17 7 65 5 6 0 0 0 0 0 0 0 51 0 0 0 0 0 0 0 0 0 0 0 0 0 0 0 0 0 0 0 0 0 0 0 0 0 0 0 0 0 0 0 0 0 0 0 0 0 0 0 0 0 0 0 0 0 0 0 0 0
1764 821 343 1145 2529 47 416 193 86 48 42 63 244 63 60 0 1 1 1 8 0 50 339 0 0 8 1 0 0 0 7 0 6 2 0 0 0 0 0 0 1 0 0 0 0 2810 4589 3399 2050 3948 3306 3304 3629 3061 3605 3312 3274 3317 1061 3645 3312 3680 521 0 217 228 0 0 6 46 0 0 1084 120 0 0 500 442 1684 143 444 342 234 0 0 0 0 15 12 525 1916 0 1091 201 1419 549 255 644 344 288 516 522 516 516 19 718 0 0 0 0 0 0 0 0 0 4 0 0 0 0 0 0 0 0 0 0 0 0 0 13 150 0 23 0 0 0 254 64 0 0 8 24 608 0 0 142 6 0 0 1056 5 0 0 356 0
0 0 0 0 0 0 0 0 0 0 0 0 0 0 0 0 600 439 439 1 161 2879 1430 0 0 0 0 0 0 0 0 0 0 0 0 0 0 0 0 0 0 0 0 0 0 0 0 0 0 0 0 0 0 0 0 0 0 0 0 0 0 0 0 0 0 0 0 0 0 0 0 0 0 0 0 0 0 0 0 0 0 0 0 0 0 0 0 6731 0 0 0 0 23 0 0 0 0 0 0 0 0 0 0 0 0 62742 0 6 0 0 0 0 0 0 0 0 0 0 343 0 0 0 0 0 0 0 0 0 25 0 0 0 0 0 0 0 0 0 0 0 0 0 0 0 0 0 0 0 0 0 0 0 0 50 0
47 22 9 31 68 3 42 0 2 1 8 14 6 0 0 0 0 0 0 0 0 0 0 12 20 7 40 29 22 23 20 72 18 93 0 0 59 0 0 0 0 0 4 0 0 0 1 0 7 2 3 0 0 2 0 0 0 0 12 1 3 0 1 0 25 6 0 20 0 17 0 0 100 45 91 43 1 0 0 0 0 0 1 0 0 0 0 0 1 7 0 0 27 11 7 11 0 11 0 0 1 1 1 0 0 4 38 6 6 0 0 0 0 0 0 1 0 0 0 0 0 0 0 0 0 0 0 0 0 0 0 270 0 0 0 0 0 1 0 33 90 0 0 0 0 0 0 42 0 68 128 0 0 0 0
0 0 0 0 0 0 0 0 0 0 0 0 0 0 0 0 0 0 0 0 0 0 0 0 0 0 0 0 0 0 0 0 0 0 0 0 0 0 0 0 0 0 0 0 0 0 0 0 0 0 0 0 0 0 0 0 0 0 0 0 0 0 0 0 0 0 0 0 0 0 0 0 0 0 0 0 0 0 0 0 0 0 0 0 0 0 0 0 0 53 0 0 62 75 35 117 0 73 0 0 0 0 0 0 0 5 0 0 0 0 0 0 0 0 0 0 0 0 0 0 0 0 0 0 0 0 0 0 0 0 0 0 0 0 0 0 0 0 0 0 0 0 0 0 0 0 0 0 0 0 0 0 0 0 0
47 41 223 169 42 118 286 53 31 27 75 112 47 112 114 3 1 1 1 3 0 1 504 370 424 427 334 2767 172 311 151 597 46 169 309 303 458 244 0 0 19 0 163 353 179 46 42 32 92 48 3 0 49 58 56 44 38 46 215 49 61 46 78 0 90 89 369 369 389 371 0 274 102 170 217 269 378 343 231 75 295 353 478 88 387 599 688 136 457 82 0 0 173 0 33 294 112 174 0 0 179 180 179 179 0 0 209 83 268 189 0 0 104 0 0 83 0 0 0 0 142 0 0 0 0 0 0 0 0 1 0 31 215 0 0 0 207 71 0 142 97 0 29 339 142 284 35 123 142 91 117 0 0 331 0
0 0 41 44 24 19 0 0 32 15 15 19 0 8 0 0 1 0 1 1 0 0 9 295 0 85 15 0 13 189 0 0 4 0 0 0 0 2 7 0 0 0 0 3 0 1 7 0 15 8 0 0 0 6 0 7 0 6 39 7 0 8 7 0 0 0 20 74 40 61 0 0 30 25 0 0 30 9 0 7 11 4 0 0 0 0 128 0 52 30 0 0 34 24 12 109 43 65 0 0 30 30 30 20 0 0 0 0 46 77 0 0 0 0 0 0 0 0 0 0 0 0 0 0 0 0 0 0 0 0 0 0 0 0 0 0 0 0 0 21 5 0 0 1621 0 0 0 12 0 2 4 0 0 18 0
0 0 3 0 0 0 0 0 0 0 0 0 0 9 0 0 0 0 0 0 0 1 0 0 0 0 0 0 0 0 0 0 1 0 0 0 0 0 0 0 0 0 0 0 0 1 0 0 0 0 0 0 0 0 0 0 0 0 0 0 0 0 0 0 0 0 0 0 0 0 0 0 0 0 0 0 10 0 0 4 0 0 0 0 0 0 0 0 0 0 0 0 0 0 0 0 0 0 0 0 0 0 0 0 0 0 0 0 0 0 0 0 0 0 0 0 0 0 0 0 0 0 0 0 0 0 0 0 0 0 0 0 0 0 0 0 23 0 0 0 0 0 0 0 0 0 0 0 0 0 0 0 0 17 0
0 0 0 0 0 0 0 0 0 0 0 0 0 2 0 0 0 0 0 0 0 0 0 33 0 0 0 0 0 11 0 0 2 2 0 0 0 0 0 0 0 0 0 0 0 0 0 0 1 0 0 0 0 0 0 0 0 0 1 0 0 0 1 0 0 0 0 1 0 1 0 0 83 0 0 0 18 0 0 7 0 0 0 0 0 11 0 0 28 0 0 0 0 0 0 0 0 0 0 0 106 105 106 106 0 0 0 0 0 0 0 0 0 0 0 0 0 0 0 0 0 0 0 0 0 0 0 0 0 0 0 0 0 0 0 0 0 873 0 1 101 0 0 0 0 0 0 18 0 74 145 0 0 0 0
5 3 0 6 1 0 0 0 0 1 0 2 1 7 0 0 0 0 0 1 0 3 0 498 0 616 0 0 0 12 1 0 8 2 0 0 0 1 2 0 0 0 0 0 0 1 1 0 6 2 3 0 0 2 0 3 0 0 7 2 0 2 6 0 4 4 49 6 0 10 0 1 41 46 0 0 128 650 0 45 29 17 0 0 0 146 0 0 280 0 0 0 4 0 0 0 0 0 0 0 18 18 18 18 0 0 95 848 0 0 0 0 0 0 0 5 0 0 0 0 0 0 0 0 0 0 0 0 0 0 0 0 0 3078 0 0 0 0 0 3 15 0 0 0 0 0 0 1186 0 0 1 0 0 39 0
18 18 8 14 12 0 4 0 19 8 6 8 17 6 0 1 0 0 0 2 0 4 180 0 0 0 4 5 6 41 5 34 8 12 0 8 17 3 0 0 0 0 0 3 0 39 13 0 15 14 14 0 0 13 0 15 0 11 16 13 0 15 16 0 13 13 0 16 0 14 0 140 287 1755 308 0 156 0 2331 5 0 0 0 0 0 14 55 0 41 70 0 0 106 1 28 260 131 209 0 0 52 52 52 52 0 0 116 0 0 0 0 0 0 0 0 0 0 0 0 0 0 0 0 0 0 0 0 0 0 0 0 0 10 272 0 0 1 1082 0 704 358 0 830 259 0 35 2 474 0 282 500 0 0 28 0
0 0 0 0 0 0 0 0 0 0 0 0 0 0 0 0 0 0 0 10 0 0 0 0 0 6 0 0 0 0 0 0 1 0 0 0 0 0 6 0 0 0 16 0 0 0 0 0 0 0 0 0 0 0 0 0 0 0 0 0 0 0 0 0 0 0 0 0 0 0 0 0 0 0 0 0 0 42 0 4 0 0 0 0 0 6 0 0 38 10 0 0 12 0 3 20 0 23 0 0 50 85 93 93 0 0 0 0 0 0 0 0 0 0 0 2 0 0 0 0 0 0 0 0 0 0 0 0 0 6 45 0 0 0 0 0 0 0 0 0 0 0 0 0 0 0 0 0 0 0 0 0 0 0 0
0 0 0 0 0 0 0 0 0 0 0 0 0 0 0 0 0 0 0 0 0 0 5033 0 0 1 0 0 0 27 0 0 1 6 0 0 2 0 11 0 0 0 0 0 0 3 4 0 18 6 9 0 5 5 10 5 0 5 41 5 8 5 5 0 34 34 0 74 73 68 0 0 63 98 0 45 0 0 0 2 0 0 4140 0 0 41 5 2 99 1 0 0 1 0 0 0 0 2 0 0 1 13 1 1 0 0 0 0 0 496 0 0 0 0 0 1 0 0 0 0 0 0 0 0 0 0 0 0 0 0 0 0 0 0 0 0 0 0 0 0 114 0 0 0 315 2261 0 0 0 52 146 0 0 0 0
0 0 0 0 0 0 0 0 0 0 1 1 0 0 0 0 0 0 0 0 0 0 1069 6 1 3 1 2 2 12 2 2 1 4 2 4 12 0 13 4 3 0 5 43 0 2 3 4 14 4 7 0 3 3 8 3 0 3 36 3 6 4 4 0 6 6 0 68 69 102 0 77 34 159 32 0 201 61 0 13 1 0 746 0 683 626 41 38 47 1 0 0 3 0 0 0 0 6 0 0 3 4 3 3 0 0 0 0 9 113 0 0 0 0 0 5 0 0 0 0 0 0 0 0 0 0 0 0 0 0 11 0 0 0 0 0 0 0 0 0 20 0 561 0 0 332 0 0 0 0 15 0 0 0 0
0 0 0 0 0 0 0 0 0 0 0 0 0 0 0 0 0 0 0 0 0 0 0 0 0 0 0 0 0 0 0 0 0 0 0 0 0 0 0 0 0 0 0 0 0 0 0 0 0 0 0 0 0 0 0 0 0 0 0 0 0 0 0 0 0 0 0 0 0 0 0 0 0 0 0 0 0 0 0 0 0 0 0 0 0 0 0 0 1 0 0 0 0 0 0 0 0 0 0 0 0 0 0 0 0 0 0 0 0 0 0 0 0 0 0 0 0 0 0 0 0 0 0 0 0 0 0 0 0 0 0 0 0 0 0 0 0 0 0 0 0 0 0 0 0 0 0 0 0 0 0 0 0 0 0
0 0 0 0 0 0 0 0 0 0 0 0 0 0 0 1 0 0 0 0 0 0 121 0 0 1 1 0 0 30 0 0 1 7 0 0 3 0 25 14 2 0 21 0 0 3 3 5 17 5 9 0 5 5 7 6 0 6 33 4 7 5 11 31 86 86 0 55 63 81 0 0 2 3 0 7 307 83 0 11 0 0 69 896 446 342 37 20 45 3 0 0 3 0 1 2 0 6 0 0 3 20 3 3 0 1 0 0 21 0 0 0 0 0 0 5 0 0 0 0 0 0 0 0 0 0 0 0 0 4 14 0 0 0 0 2503 0 0 0 0 0 0 0 0 0 0 0 0 0 0 0 0 0 0 0
0 0 0 0 0 0 0 0 0 0 0 0 0 0 0 0 0 0 0 0 0 0 0 0 0 0 0 0 0 1 0 0 0 0 0 0 0 0 0 1 0 0 0 0 0 0 0 0 1 0 0 0 0 0 0 1 0 1 1 0 0 0 2 0 1 1 0 2 1 28 0 0 24 54 0 40 42 9 296 165 273 0 37 0 28 115 0 2 29 149 62 1200 222 255 59 542 329 416 73 142 1 1 1 1 0 0 0 0 0 38 0 0 0 0 0 0 0 0 0 0 0 0 0 0 0 0 0 0 0 0 0 0 0 0 0 0 288 0 0 0 13 0 0 0 0 0 0 0 0 0 4 0 0 0 0
0 0 0 0 0 0 0 0 0 0 0 0 0 0 0 0 0 0 0 2 0 0 61 0 0 0 0 0 0 22 0 0 1 5 0 0 0 0 6 0 3 0 0 19 0 0 0 0 1 0 0 0 0 0 0 0 0 0 1 0 0 0 0 0 2 1 0 1 0 56 0 2 18 17 126 10 537 0 0 11 0 0 0 0 560 754 201 47 0 12 45 0 106 0 3 105 234 86 0 0 164 164 166 166 0 0 0 0 0 0 0 0 0 0 0 0 0 0 0 0 0 0 0 0 0 0 0 0 0 0 0 0 0 0 0 0 0 0 0 0 2 0 0 0 0 17 0 0 0 0 0 0 0 0 0
63 46 98 120 37 31 102 70 50 39 47 67 69 69 33 647 3 3 3 13 0 2 2038 901 1037 1080 78 92 55 476 42 731 45 143 112 108 193 253 192 72 431 0 272 10 0 317 269 228 228 248 240 153 235 197 255 217 231 218 352 226 232 235 401 0 51 52 573 542 546 475 0 278 321 231 627 644 2352 534 702 228 0 806 1294 0 2027 110 1560 783 433 948 2300 1400 1239 2037 389 3595 2109 2293 1234 1864 277 281 277 277 49 0 299 0 243 208 0 0 33 0 0 336 0 15 0 344 0 0 0 0 0 0 0 134 0 183 0 6 973 0 0 0 654 0 0 254 318 0 43 149 0 940 0 219 0 349 441 0 0 23 0
16 10 83 218 120 9 162 12 17 5 57 81 14 12 691 287 5 5 5 20 0 12 62 29 25 36 81 130 107 79 101 368 28 88 394 620 313 128 459 11 11 0 11 0 82 63 54 39 64 52 56 0 50 51 51 46 49 46 112 51 55 49 82 0 55 61 146 184 180 155 0 34 81 17 35 33 46 65 0 15 0 0 0 0 0 23 416 28 172 135 209 7 781 14 56 525 73 110 0 3 1 2 1 0 371 0 197 156 68 641 0 0 0 57 0 286 0 7 0 0 0 0 0 0 0 4 0 1296 0 23 0 0 0 0 0 0 33 0 0 0 12 0 0 0 0 38 1 0 0 26 4 41 0 51 0
125 88 335 515 110 16 201 114 106 77 34 39 217 3803 72 0 0 0 0 1 0 0 2 0 0 4 0 0 0 62 0 0 2 14 0 14 3 0 0 0 0 0 10 94 0 2 2 0 8 3 4 0 4 3 5 4 3 4 20 3 4 3 6 0 1 1 7 36 24 160 0 20 61 0 0 0 0 0 0 0 0 0 0 0 0 0 0 0 0 0 21 0 4 12 0 28 13 3 0 0 0 0 0 0 0 0 0 0 0 0 0 0 0 0 0 0 335 381 0 0 0 0 0 0 0 0 0 0 0 2 0 26 0 0 0 0 0 0 0 0 0 0 0 0 0 0 122 0 0 0 0 0 0 0 0
8 8 15 23 9 2 6 7 4 3 2 2 9 3 0 0 0 0 0 1 0 0 8 0 0 1 0 0 2 207 2 0 6 48 0 0 3 0 0 0 0 0 3 0 0 1 1 0 4 1 2 0 1 1 0 1 0 1 7 1 2 1 1 0 3 4 11 11 8 10 0 0 13 7 7 0 29 0 0 7 0 12 0 0 0 2 0 483 0 0 0 0 92 0 0 0 0 1 0 0 0 0 0 0 0 0 0 0 0 2 0 0 0 0 422 13 0 0 3 12 0 0 0 0 0 1572 0 147 0 7 0 7 0 0 0 0 22 1 0 0 7 3 0 0 0 18 23 17 12 15 14 49 20 119 0
0 0 0 0 0 0 0 0 0 0 0 0 0 0 0 31 0 0 0 2 0 0 0 0 0 0 0 0 0 77 0 0 2 18 0 0 3 0 1 0 0 0 19 126 0 5 1 0 0 1 0 0 1 0 0 1 0 0 0 1 1 1 1 0 0 0 0 0 0 230 0 3 2 4 4 4 0 0 0 0 0 0 0 0 0 3171 0 0 0 0 0 0 4 0 0 0 0 0 0 0 0 0 0 0 0 0 0 0 0 28 0 0 0 486 0 14 0 883 501 0 0 0 0 0 0 0 0 0 0 0 0 0 0 0 0 0 0 0 0 0 0 0 0 0 0 0 173 0 0 0 0 0 0 0 0
149 69 871 1104 156 420 300 515 59 69 49 63 174 10 0 0 1 0 1 1 0 0 0 0 0 0 0 0 0 89 0 0 3 20 0 23 4 0 0 0 13 0 0 0 65 4 5 0 5 4 0 0 0 4 0 4 2 4 8 4 4 4 3 0 2 2 0 5 0 11 0 0 65 0 0 0 0 0 0 0 0 0 58 0 0 0 698 65 0 121 0 0 76 0 97 165 87 171 0 0 7 7 7 5 0 661 0 0 0 0 0 0 0 0 0 79 456 1130 0 0 0 0 0 0 0 0 0 0 0 0 0 73 0 0 0 0 0 0 0 0 0 0 0 0 0 0 526 0 27 0 0 0 0 625 0
0 0 0 0 0 0 1 0 0 0 0 0 1 0 1 0 0 0 0 1 0 0 0 0 1 0 1 0 0 0 0 0 0 0 0 0 0 0 7 0 0 1 0 0 0 0 0 0 0 0 0 0 0 0 0 0 0 0 0 0 0 0 0 0 0 0 0 1 0 0 0 0 0 0 0 0 0 0 0 0 0 0 0 0 0 0 0 0 0 0 0 0 0 0 0 0 0 0 2 3 0 0 0 0 0 0 0 0 0 0 0 0 0 0 0 0 0 0 0 0 0 0 0 0 0 0 0 0 0 0 0 0 0 0 0 0 0 0 0 0 0 0 0 0 0 0 0 0 0 0 0 0 0 0 0
11 4 36 12 7 0 495 79 68 35 48 60 193 62 227 1 2 2 2 8 0 0 118 600 800 613 668 74 43 44 40 153 26 36 23 77 73 61 249 4 7 372 462 29 80 19 135 80 102 122 56 0 114 115 114 103 111 80 133 118 116 114 11 83 56 18 0 188 175 80 2 14 54 102 290 159 547 148 1477 42 237 0 0 0 0 0 48 60 102 1 0 0 17 1 0 1 1 0 155 216 0 0 0 0 0 0 83 0 41 111 0 0 20 69 0 49 5 14 7 50 0 0 0 0 0 0 0 0 0 0 0 38 160 94 0 0 251 68 0 122 52 5 639 54 248 28 3 97 165 39 56 0 0 42 0
11 5 38 12 7 0 657 82 71 36 54 68 199 68 149 1 1 0 0 4 0 0 139 708 942 722 850 94 55 39 55 195 32 41 78 129 127 75 1043 28 10 261 548 39 152 26 189 159 138 169 152 165 157 157 173 142 154 140 175 163 159 157 10 111 100 113 138 243 242 195 150 74 71 135 385 418 664 178 1752 50 286 0 55 0 0 5 72 89 342 2 1 0 22 1 0 1 1 0 0 0 0 3 0 0 0 0 129 0 37 173 0 0 58 76 0 65 6 15 7 58 0 0 0 0 0 0 0 1 0 0 0 50 199 147 0 0 302 95 0 178 71 11 771 81 168 35 5 141 104 54 79 0 0 55 0
0 0 0 0 0 0 0 0 0 0 0 0 0 10 4 0 67 60 60 10 3 0 64 17 6 18 0 0 0 0 0 0 0 0 0 0 0 0 0 0 0 0 7 0 0 0 0 0 0 0 0 0 0 0 0 0 0 0 0 0 0 0 0 0 0 0 0 0 0 0 0 0 0 0 0 0 0 0 0 0 0 0 0 0 0 0 0 0 0 0 0 0 0 0 0 0 0 0 0 0 0 0 0 0 0 0 0 0 0 0 0 0 0 0 0 0 0 0 0 0 0 0 0 0 0 0 0 0 0 0 0 0 0 0 0 0 0 0 0 0 0 0 0 0 0 0 0 0 0 0 0 0 0 0 0
4 1 0 8 2 1 174 24 21 11 16 21 59 101 121 0 2 2 2 0 0 0 48 525 711 541 228 25 15 30 19 51 13 15 0 4 1 24 23 0 2 207 351 20 70 2 15 7 7 13 0 0 12 10 1 12 12 0 4 12 11 13 2 8 0 0 0 0 0 0 50 0 20 36 105 0 214 65 593 19 95 0 6 0 0 0 9 10 90 1 0 0 4 0 0 0 0 0 0 0 0 1 0 0 0 0 81 0 28 51 0 0 51 60 0 52 5 13 3 43 0 0 0 0 0 0 0 0 0 0 0 5 34 0 0 0 98 4 0 0 9 0 226 0 107 11 0 0 79 21 20 0 0 0 0
0 0 0 0 0 0 0 0 0 0 0 0 0 0 0 0 0 0 0 0 0 0 0 2 2 1 2 0 0 0 0 0 0 0 0 0 0 0 9 0 0 1 1 0 0 0 0 0 0 0 0 0 0 0 0 0 0 0 0 0 0 0 0 0 0 0 0 1 0 0 0 0 0 0 1 0 0 0 3 0 0 0 0 0 0 0 0 0 0 0 0 0 0 0 0 0 0 0 2 3 0 0 0 0 0 0 0 0 0 0 0 0 0 0 0 0 0 0 0 0 0 0 0 0 0 0 0 0 0 0 0 0 0 0 0 0 0 0 0 0 0 0 0 0 0 0 0 0 0 0 0 0 0 0 0
0 0 1 0 0 0 0 3 2 1 2 2 6 2 0 0 0 0 0 0 0 0 4 18 23 18 24 3 2 1 0 0 1 0 0 0 0 2 31 0 0 4 14 0 0 1 6 0 5 5 0 0 5 5 0 5 5 0 6 5 5 5 0 4 0 0 0 9 0 0 0 0 2 4 12 0 0 1 40 1 0 0 0 0 0 0 1 3 0 0 0 0 1 0 0 0 0 0 17 24 0 0 0 0 0 0 0 0 0 0 0 0 0 0 0 2 0 0 0 0 0 0 0 0 0 0 0 0 0 0 0 2 0 0 0 0 0 0 0 0 0 0 0 0 0 0 0 0 0 0 0 0 0 1 0
6 3 0 3 5 0 106 14 12 6 11 13 34 23 30 0 0 0 0 0 0 0 24 132 177 136 137 15 18 8 22 32 15 7 23 29 30 13 3 0 1 53 102 1 0 3 23 14 15 21 0 0 19 18 10 17 18 17 18 20 19 19 2 10 7 0 0 23 23 20 0 0 12 18 49 0 99 31 307 9 49 0 0 0 0 0 8 11 0 0 0 0 3 0 0 0 0 0 0 0 0 0 0 0 0 0 28 0 6 22 0 0 0 13 0 12 1 3 4 7 0 0 0 0 0 0 0 0 0 1 0 6 0 0 0 0 73 27 0 7 18 0 83 0 16 1 0 9 12 7 8 0 8 3 0
0 0 0 0 0 0 0 0 0 0 0 0 0 0 0 0 0 0 0 0 0 0 0 0 0 0 0 0 0 0 0 0 0 0 0 0 0 0 2 0 0 0 0 0 0 0 0 0 0 0 0 0 0 0 0 0 0 0 0 0 0 0 0 0 0 0 0 0 0 0 0 0 0 0 0 0 0 0 0 0 0 0 0 0 0 0 0 0 0 0 0 0 0 0 0 0 0 0 0 0 0 0 0 0 0 0 0 0 0 0 0 0 0 0 0 0 0 0 0 0 0 0 0 0 0 0 0 0 0 0 0 0 0 0 0 0 0 0 0 0 0 0 0 0 0 0 0 0 0 0 0 0 0 0 0
6 2 22 6 4 0 346 41 35 18 28 36 100 45 51 1 2 2 2 2 0 0 69 287 373 145 448 50 30 26 33 103 24 24 20 56 54 39 85 0 6 91 216 13 46 18 126 108 102 114 111 112 107 111 111 97 105 97 142 112 111 106 11 83 77 87 0 208 199 174 12 46 48 93 262 130 344 86 856 24 139 0 9 0 6 4 43 60 57 0 0 0 27 1 0 0 1 0 0 0 0 1 0 0 0 0 73 0 25 92 0 0 0 54 0 46 4 11 6 37 0 0 0 0 0 0 0 0 0 0 0 60 216 140 0 0 172 87 21 155 61 10 426 70 64 21 5 121 34 43 65 0 16 109 0
14 3 52 8 5 0 455 54 46 27 31 44 131 137 67 3 2 2 2 3 0 0 91 379 490 380 592 54 20 87 54 133 69 34 0 61 91 58 239 3 10 121 287 18 75 27 166 147 134 153 147 151 146 147 146 136 143 136 187 150 148 146 40 114 103 116 0 272 261 230 2 59 70 130 350 152 449 112 1123 32 181 0 15 0 0 12 57 83 72 0 0 0 97 1 0 0 1 0 3425 0 0 2 0 0 224 0 358 19 90 167 0 0 121 192 0 163 14 38 23 134 0 0 0 0 0 0 0 114 0 51 51 214 427 328 115 125 366 258 227 251 130 81 890 152 169 71 35 186 72 71 100 0 152 391 0
0 0 0 0 0 0 0 0 0 0 0 0 0 0 0 0 0 0 0 0 0 0 3 0 0 0 0 0 0 0 0 0 0 0 0 0 0 0 0 0 0 0 0 0 0 2811 0 0 0 0 0 0 0 0 0 0 0 0 0 0 0 0 0 1 1 1 0 0 0 0 0 0 0 0 0 0 0 0 0 0 0 0 0 0 0 0 0 0 0 0 0 0 0 0 0 0 0 0 0 0 0 0 0 0 0 7 0 0 0 0 0 0 0 0 0 0 0 0 0 0 0 0 0 0 0 0 0 0 0 0 0 0 0 0 0 0 0 58 0 0 0 0 0 0 0 0 0 0 0 1046 0 0 0 0 0
0 0 0 0 0 0 0 0 0 0 0 0 0 0 0 0 0 0 0 0 0 0 2 0 0 0 0 0 0 0 0 0 0 0 0 0 0 0 0 0 0 0 0 0 0 0 0 0 0 0 0 0 0 0 0 0 0 0 0 0 0 0 0 0 0 0 0 0 0 0 0 0 0 0 0 0 0 0 0 0 0 0 0 0 0 0 0 0 0 23 34 0 0 0 0 0 0 0 0 0 0 0 0 0 0 14 0 0 0 0 0 0 0 0 0 0 0 0 0 0 0 0 0 0 0 0 0 0 0 0 0 0 0 0 0 0 0 0 0 0 0 0 0 0 0 0 0 0 0 0 0 0 0 0 0
0 0 0 0 0 0 0 0 0 0 0 0 0 0 0 0 0 0 0 0 0 0 0 0 0 0 0 0 0 0 0 0 0 0 0 0 0 0 0 0 0 0 0 0 0 0 0 0 0 0 0 0 0 0 0 0 0 0 0 0 0 0 0 0 0 0 0 0 0 0 0 0 0 0 0 0 0 0 0 0 0 0 0 0 0 0 0 0 0 0 0 0 0 0 0 0 0 0 0 0 0 0 0 0 0 0 0 0 0 0 0 0 0 0 0 0 0 0 0 0 0 0 0 0 0 0 0 0 0 0 0 0 0 0 0 0 0 0 0 0 0 0 0 0 0 0 0 0 0 0 0 0 0 0 0
8 2 11 6 4 0 13 39 33 18 14 21 94 10 0 0 0 0 0 0 0 0 0 1 0 1 12 1 1 0 0 3 0 1 0 0 0 2 0 0 1 0 3 0 0 0 0 0 0 0 0 0 0 0 0 0 0 0 0 0 0 0 0 0 0 1 0 0 0 0 0 0 2 0 0 0 0 0 0 0 0 0 0 0 0 0 0 0 0 12 19 0 1 1 0 12 0 0 0 0 0 0 0 0 0 65 0 0 0 0 0 0 0 0 0 0 1 1 0 0 0 0 0 0 0 0 0 0 0 0 0 0 0 0 0 0 0 0 0 0 0 0 0 0 0 0 0 0 0 0 0 0 0 0 0
195 104 603 278 171 6 1542 1890 1629 800 703 799 4585 621 70 3 0 0 0 0 0 1042 226 3064 22 3178 2398 266 157 121 193 14 111 121 396 503 505 208 0 2 20 0 291 0 110 579 432 353 193 378 315 365 353 490 311 333 348 331 102 433 367 361 50 0 659 757 0 0 6 16 193 755 308 419 1332 1615 1421 272 2571 72 424 506 101 0 0 19 190 268 381 2470 3625 1950 1468 2389 1948 2339 2397 3166 7035 0 0 5 0 0 0 2037 511 0 0 313 0 427 160 137 0 195 0 0 0 0 0 0 0 0 0 0 0 167 0 0 103 257 1060 777 210 328 639 463 353 702 262 149 1641 395 259 134 62 531 108 375 275 38 240 498 0
0 0 0 0 0 0 0 0 0 0 0 0 0 0 0 0 0 0 0 0 0 2 0 0 0 0 0 0 0 0 0 0 0 0 0 0 0 0 0 0 0 0 0 0 0 0 0 0 0 0 0 0 0 0 0 0 0 0 0 0 0 0 0 0 0 0 0 0 0 0 0 0 0 0 0 0 0 0 0 0 0 0 0 0 0 0 0 36 0 0 0 0 0 0 0 0 0 0 0 0 0 0 0 0 0 0 0 0 0 0 0 0 0 0 0 0 702 0 0 4 0 0 0 0 0 0 0 0 0 0 0 0 0 0 0 0 0 0 0 0 0 0 0 0 0 0 0 0 0 0 0 0 0 0 0
33 12 63 45 57 3 12 80 39 15 24 33 54 82 10 1 0 0 0 0 0 0 311 22 29 42 13 23 30 23 36 39 20 23 63 64 159 5 24 0 0 18 44 0 5 78 90 77 71 83 75 0 79 73 81 74 78 74 64 79 77 79 66 59 42 41 56 59 0 58 0 30 32 22 0 0 288 317 170 32 191 340 204 0 0 81 24 25 32 31 0 0 52 0 23 27 0 67 0 0 23 24 23 23 0 8 0 0 0 0 0 0 130 16 0 4 3 7 1 32 0 0 0 0 0 0 0 60 0 35 11 102 0 0 0 0 0 0 0 0 0 0 0 0 0 0 0 0 0 0 0 66 1 100 0
1820 938 944 1939 1478 879 577 642 345 597 171 253 655 1101 36 23 2 2 2 20 0 7 87 3645 0 4504 77 84 156 624 305 168 333 221 259 521 494 1255 158 16 5 0 438 124 246 379 225 209 305 255 271 0 271 344 240 294 277 293 191 292 286 270 798 392 640 622 663 0 0 43 0 640 1242 1175 0 1907 1476 7834 69 491 380 411 341 675 0 1551 349 272 3533 5365 8372 6921 6436 10676 4255 5194 10687 38 9506 0 80 81 80 81 9 537 2576 0 323 3927 0 805 464 197 53 3737 12 95 0 751 63 0 0 0 1670 0 468 810 0 810 469 564 1221 1396 926 1134 1133 1462 1687 1294 1290 1130 1219 497 565 1108 1095 1371 1081 733 638 1006 621 3359 0
167 87 31 43 76 0 119 34 13 246 462 695 38 0 0 38 0 0 0 7 0 459 129 28 10 18 46 54 8584 1646 133 66 93 428 225 162 417 129 0 14 8 0 53 0 764 78 85 104 46 143 107 0 193 89 109 270 207 268 45 138 125 214 593 37 32 33 34 10 0 21 0 0 163 181 214 115 18 278 0 63 0 166 88 0 0 28 2504 130 63 2 0 0 189 0 2 0 0 3 0 0 16192 16044 16192 16181 1521 0 59 0 0 15 0 0 0 0 0 59 0 0 0 0 0 0 0 0 0 5757 0 182 0 0 50 257 274 297 19 295 306 275 254 273 340 247 248 237 177 339 351 414 308 231 280 0 0 875 0
110 152 42 375 472 7 114 110 31 32 39 51 231 27 0 2 0 0 0 0 0 0 15 223 687 0 4 6 8 25 14 13 4 13 21 38 76 7 0 4 2 0 19 0 0 4 14 0 31 17 0 0 19 20 0 20 19 20 50 18 21 18 26 0 82 31 32 77 74 65 0 0 76 43 30 67 16 0 0 12 11 0 10 0 0 4 0 0 139 7 0 0 41 0 10 28 0 19 0 0 1 1 1 1 0 0 47 0 0 0 0 0 0 0 0 0 0 89 685 0 0 0 0 0 0 0 0 72 0 0 0 0 0 0 0 0 11 0 0 0 4 0 0 0 0 12 56 0 12 6 7 0 0 28 0
3990 1474 1121 5419 7117 383 3707 4611 5102 1690 2068 2693 6837 3461 2415 6826 1 1 1 9 0 0 3155 2805 4704 7213 2474 2679 1625 4479 1987 181 908 2321 3878 4709 7864 10614 576 8145 156 648 6484 1488 3153 5859 4227 6332 3359 5672 4963 5580 6918 3970 5164 8776 7172 8741 5636 5381 5193 7448 18517 3025 1374 1362 7935 8264 8258 6894 6105 4482 4146 4511 5122 3832 6554 5183 2487 634 3175 8514 3492 4801 7050 1415 2360 1469 5447 2669 4359 208 1773 1849 2121 2825 1854 2508 1620 2215 3298 3309 3298 3296 299 137 802 1900 4061 595 0 3665 5091 0 0 280 0 67 1471 0 1928 0 0 308 0 132 0 1760 441 448 230 1999 4482 3046 712 4632 6748 3703 1558 2877 2257 561 1536 3260 773 4008 2465 4704 2121 4360 4153 385 1002 2050 0
182 171 229 315 34 59 135 292 105 360 361 417 2316 907 1513 6100 484 447 447 8 255 45776 609 48 17 30 54 45 73 1817 694 82 169 533 93 139 504 123 42 802 735 220 1160 519 397 204 764 156 384 668 570 518 622 612 650 578 611 577 467 656 598 635 634 95 753 395 635 637 651 825 584 566 405 226 276 651 325 399 162 46 188 821 571 342 487 3892 430 2163 898 278 1540 692 1859 187 1819 651 173 495 441 278 497 497 497 496 0 337 1000 0 1554 38 0 0 106 0 0 120 1285 2118 1993 0 0 0 112 204 0 0 223 1209 0 45 72 123 592 512 254 250 908 444 653 651 341 23 227 655 67 513 1503 646 357 458 567 933 1373 1032 0
0 36 0 45 21 9 0 21 12 0 11 48 26 198 38 0 0 0 0 2 0 0 17 63 100 145 0 0 0 106 0 0 58 0 0 0 102 73 140 0 52 59 70 0 0 91 81 100 57 95 80 0 109 69 87 130 112 130 80 90 86 116 237 52 24 26 97 107 107 92 0 40 49 56 89 89 20 54 22 8 27 47 36 0 131 31 54 102 75 58 0 0 186 0 99 119 118 178 23 0 85 85 85 85 0 7 0 0 163 119 0 0 0 150 135 197 149 175 2771 2485 0 0 0 1663 0 107 257 283 0 162 561 637 0 4 0 0 37 25 497 56 47 0 0 23 13 25 38 56 43 61 56 1356 438 453 0
11 4 35 43 3 35 44 0 0 5 14 27 1 13 14 17 1 1 1 3 0 0 64 665 810 819 45 38 49 295 112 211 151 93 40 55 92 136 133 15 5 0 150 9 18 194 7749 6141 3722 6723 5708 5445 6214 5215 6217 5754 6110 5736 2204 6198 5689 6321 297 741 382 388 761 602 632 543 351 210 185 646 471 784 1736 168 183 40 200 165 42 228 0 180 204 0 232 425 0 0 193 0 0 1 0 0 0 0 0 17 0 1 0 854 0 0 342 226 238 108 0 0 0 362 146 3377 0 0 531 0 0 133 0 0 0 258 0 53 35 0 1387 488 293 442 517 669 503 708 531 441 511 197 237 394 442 655 440 357 355 43 19 410 0
128 363 229 503 900 177 776 596 712 702 388 529 645 186 1349 109 0 0 0 3 0 12 654 8920 8954 1699 822 886 427 3270 539 5931 439 1014 896 973 1381 1915 1790 110 35 2315 4566 393 755 656 514 0 984 713 805 40 835 638 695 986 862 984 843 687 763 841 1775 1369 663 646 530 514 517 509 4728 1407 898 2138 4942 4406 2088 734 1261 687 2381 593 743 1340 953 203 0 445 3694 6722 10341 2390 2515 4016 5304 6399 4108 5538 3583 5800 12548 12443 12547 12539 2270 969 53 0 1185 2873 943 1289 0 885 0 3346 70 396 130 0 67 0 0 0 0 152 0 769 0 306 81 451 1817 3564 777 1483 1191 1821 1501 1992 1579 1225 1694 1352 2013 1140 994 2514 2017 1208 1522 1062 1068 1957 0
0 0 0 0 0 0 8 0 0 0 20 29 0 0 0 0 0 0 0 6 0 1 10279 22 1 9 0 0 1 0 4 1262 39 0 11 0 0 0 0 0 0 0 0 0 0 0 23 2 10 20 17 0 19 16 18 17 17 17 5 19 17 19 1 0 3 3 0 0 0 0 0 5 3783 8 0 5 0 0 0 0 0 0 8599 0 0 8 0 0 0 0 0 0 5 0 0 0 0 0 0 0 128 127 128 128 0 7 0 0 0 6727 0 0 0 0 0 0 0 9 0 0 0 0 0 0 0 0 0 0 0 0 0 0 0 0 0 0 0 0 0 60 4824 0 0 0 0 5091 0 0 0 3613 6878 0 0 0 0
3 0 0 0 0 0 39 0 0 1 47 68 0 0 147 16 0 0 0 4 0 0 27 180 457 265 55 95 113 2204 164 166 61 577 264 252 753 53 160 13 2 230 219 9 14 2487 326 295 251 320 276 266 320 264 298 328 319 327 174 302 293 326 260 210 127 124 76 65 67 61 167 57 43 121 414 210 234 693 142 42 1545 84 21 419 108 0 185 337 0 1 0 0 11 0 0 0 0 0 0 0 0 3 0 0 126 0 0 0 2021 75 219 0 0 0 0 76 0 69 0 0 0 0 0 0 0 0 0 94 0 0 0 0 190 272 0 380 132 179 56 205 129 118 350 161 368 221 264 405 301 1073 178 0 0 0 0
2 0 0 0 0 0 5 0 0 1 6 11 0 0 14 3 0 0 0 1 0 0 6 138 392 113 7 11 15 305 28 16 7 80 30 29 95 9 117 5 1 0 21 0 0 49 67 21 62 66 44 0 65 55 63 65 61 66 42 62 62 66 48 44 25 24 12 14 14 12 35 25 15 37 124 106 28 10 14 3 14 4 3 0 0 0 4 0 0 0 0 0 2 0 0 0 0 0 0 0 0 0 0 0 66 0 0 0 182 0 0 0 0 0 0 0 0 0 0 0 0 0 0 0 0 0 0 26 0 0 0 0 0 22 0 0 1 6 0 47 21 0 22 12 23 41 57 99 37 52 43 0 0 0 0
12 0 2 1 0 0 7 1 0 5 7 21 2 7 3 10 1 1 1 2 0 0 28 114 67 106 11 11 7 98 17 5 126 37 9 20 57 34 40 35 3 7 52 17 0 26 7 0 43 28 5 12 42 18 29 61 46 61 74 26 32 45 158 75 17 19 103 0 106 114 48 26 20 38 38 59 33 34 15 6 18 30 44 16 111 30 0 0 40 1 0 0 129 0 1 1 0 1 0 0 49 49 49 49 10 1 0 21 121 0 0 0 0 163 0 225 165 252 0 0 0 0 0 505 0 0 0 250 0 0 82 0 0 0 0 0 7 0 96 0 7 0 0 0 0 8 32 2 0 9 11 427 194 7 0
128 69 41 109 30 13 117 53 0 58 101 164 44 81 2 3301 3 2 2 2 0 14 493 636 1188 5254 228 183 68 2540 173 837 583 710 203 310 534 2352 1326 141 85 614 7216 0 122 1021 528 903 434 897 753 110 1204 617 772 1659 1275 1649 858 876 828 1326 4023 530 353 351 1222 1288 1289 1082 256 461 432 625 1333 746 582 401 3216 99 266 388 336 0 327 443 0 3565 5318 8 0 0 253 0 10 10 0 5 0 0 5 11 5 5 1090 0 0 0 2394 1027 2688 1482 0 13753 13303 2238 5350 10011 7871 0 778 0 0 0 0 577 0 242 0 0 89 27 312 156 0 0 276 149 75 193 167 90 1259 140 48 221 3781 189 49 361 250 73 60 65 0
14 7 45 20 7 2 23 19 8 10 23 30 23 113 23 17 0 0 0 2 0 4 92 85 127 225 31 37 38 508 57 109 67 143 80 87 210 297 174 28 239 29 131 40 1538 91 69 61 70 95 84 26 116 67 92 146 121 145 133 89 90 124 301 76 28 29 206 214 213 182 0 128 64 104 135 109 56 142 59 17 72 121 564 102 192 13 58 75 158 485 721 375 330 291 379 457 320 445 263 295 1954 1937 1954 1952 212 91 715 0 295 639 0 26 150 0 0 895 29 61 80 0 0 1086 357 0 0 0 0 278 0 892 253 629 128 139 60 74 185 153 556 140 163 113 122 155 67 197 136 165 135 122 130 1115 948 329 0
276 602 350 1037 1414 1934 2408 1427 848 315 462 680 1891 1194 191 627 14 13 13 14 1 664 116 2428 1669 455 2643 239 254 647 311 702 162 322 860 1318 1449 387 250 44 32 67 675 46 276 1088 1039 933 896 983 950 744 948 843 949 909 941 908 658 923 919 943 654 833 454 444 381 319 346 300 484 554 350 488 658 1055 4596 445 781 80 710 106 176 443 549 58 456 422 710 1639 2551 1217 1325 1823 1341 1625 1837 2523 1606 2160 491 503 491 490 94 1233 811 581 448 919 346 350 332 1214 124 489 73 963 626 490 0 0 5220 0 3376 1029 0 734 0 1846 0 581 450 555 184 448 335 464 488 419 529 326 614 360 189 370 731 521 323 715 474 524 485 1068 0
249 83 328 308 397 21 167 535 284 112 118 181 377 274 545 403 1 1 1 2 0 14 50 364 1845 359 54 71 75 354 113 216 105 135 169 206 420 622 523 43 10 200 290 22 150 154 212 240 324 238 265 185 249 272 235 259 252 259 232 248 261 243 310 406 394 380 75 77 78 72 204 227 277 171 244 364 106 125 150 49 209 31 81 255 196 47 227 177 369 196 315 832 455 623 154 200 625 823 543 741 283 283 283 283 498 98 248 332 357 447 250 0 154 14 744 316 309 816 588 253 0 0 0 0 593 1354 0 310 0 74 151 252 199 193 30 186 138 179 175 301 302 155 200 162 183 195 591 306 250 248 301 0 201 411 0
233 114 328 596 151 17 389 69 57 181 82 261 122 149 109 391 14 13 13 4 2 18104 221 627 1143 1552 155 127 62 617 146 751 156 197 138 431 1254 173 322 61 61 94 627 141 0 598 384 349 297 398 362 0 417 314 395 449 422 449 447 374 368 432 544 261 131 129 649 665 663 560 213 304 263 469 744 487 273 389 214 92 352 263 232 184 32 5 73 200 595 3668 6190 4374 2516 4221 2887 3453 4252 5702 3714 4969 3591 3562 3591 3589 267 190 1212 160 426 435 0 0 0 0 506 242 584 492 0 353 596 868 34809 0 0 216 0 313 0 0 0 401 563 694 346 488 577 660 514 560 670 475 535 411 245 556 678 663 449 594 532 0 220 397 0
401 365 632 371 152 130 242 314 73 113 162 398 125 1949 66 60 0 0 0 4 0 0 53 202 336 546 162 152 124 931 268 748 318 342 251 472 748 1427 324 105 46 0 391 118 550 149 37 200 53 146 118 131 233 81 111 360 255 357 129 143 135 264 949 157 67 73 208 185 185 178 168 120 255 188 29 192 90 358 66 43 66 161 156 344 365 176 393 379 628 209 326 195 887 268 164 209 267 356 222 273 243 242 243 243 219 40 98 0 946 1530 522 2872 3804 607 959 1981 201 220 370 2701 576 0 0 3779 0 1159 1091 1088 0 1358 1017 1603 490 525 321 537 505 494 1973 408 548 477 528 307 317 476 515 561 559 335 369 3938 1998 1882 0
308 34 113 118 153 8 213 0 107 138 120 386 148 0 9 41 4 4 4 19 2 4 275 1129 2161 3450 150 146 113 827 214 924 144 298 218 395 552 277 410 82 89 15 462 125 123 343 260 281 1380 419 736 0 461 475 740 430 425 445 2757 383 639 409 783 1835 661 645 4102 3725 4656 3848 481 290 335 460 1232 962 272 714 259 84 319 580 399 597 0 153 0 301 611 149 226 159 599 165 117 146 166 217 124 131 98 108 98 98 275 10 72 300 0 762 0 92 0 1 0 52 1464 810 6733 0 1393 0 0 0 0 0 0 976 0 221 255 210 497 724 252 425 737 514 586 768 629 393 485 282 230 475 813 780 412 470 531 445 2711 1093 0
251 11 37 26 11 2 56 0 3 120 62 333 0 37 28 41 0 0 0 4 0 1 201 642 1028 1446 56 43 29 192 88 14 56 92 0 203 294 266 194 61 230 40 404 145 2031 351 307 350 261 351 321 137 391 295 346 451 393 450 444 342 335 411 808 220 228 225 34 684 689 661 107 116 118 148 330 325 200 254 138 45 160 263 333 378 189 1638 372 93 177 1551 2400 1496 1383 1539 1215 1466 1540 2074 1329 1733 1041 1035 1041 1038 1 107 325 0 32 215 684 0 0 438 931 629 50 122 161 532 2353 3420 1100 7385 0 240 0 1178 0 1329 763 716 122 37 0 0 223 80 462 90 116 44 64 42 27 161 60 90 66 170 103 1491 754 88 0
11 0 0 0 0 0 8 0 0 4 12 33 0 4 34 3 0 0 0 5 0 0 453 404 215 248 10 11 209 37 86 8 7 20 0 20 58 14 37 0 5 10 0 36 172 443 315 274 359 298 322 157 280 604 381 251 0 239 1045 421 400 285 174 0 1425 1387 520 2010 2035 1785 104 87 223 85 6919 129 507 100 82 54 66 83 381 0 0 1110 0 295 60 39 38 0 1963 101 15 136 78 91 8976 0 8 14 8 7 0 0 0 0 0 0 0 0 0 0 0 11 0 0 0 0 0 0 0 0 0 0 0 0 0 547 0 4 199 4256 0 0 47 5 118 13 49 0 0 0 151 189 0 1626 0 192 54 498 0 0 0
5033 1211 4899 4304 5716 307 5311 6588 4714 2169 2158 4567 5522 7104 1207 821 2 2 2 34 0 129 1215 6395 5459 4689 3856 3240 1993 9202 2373 2276 2024 14124 3005 3952 4650 6822 2225 2152 1464 1583 3495 1431 5711 17277 0 0 3 0 0 0 2 1309 1 0 0 0 7 551 329 0 2621 420 5108 4959 134 0 24 1141 3022 4088 2987 2849 5028 4340 1859 2788 2433 531 1368 961 2273 6585 3799 14854 2414 3544 3685 6311 10070 7112 6771 6296 4953 6194 6300 8298 5477 7545 6306 6273 6307 6265 2409 1099 4444 3108 8425 3083 0 4402 6972 1877 2977 5473 1747 4406 6735 4644 2075 1251 3667 973 441 3200 5977 5230 0 4614 2372 4786 3897 5461 2677 3701 3328 4655 9097 4328 3899 3280 4275 3998 2650 3365 4973 4792 3704 8663 2795 14051 9988 7232 0
9 0 25 28 5 2 39 0 1 0 8 27 2 19 4 14 358 351 351 1 29 598 93 4 0 2 30 19 0 269 16 38 21 48 0 0 124 26 54 1 4 0 24 0 0 40 29 0 16 38 16 0 46 25 30 60 48 59 19 36 33 50 127 16 6 6 0 19 18 17 0 34 7 13 18 7 0 14 3 2 0 11 19 0 0 0 0 6 32 35 46 26 49 43 26 33 0 60 9 0 1797 1781 1780 1795 98 98 0 0 88 57 0 0 0 0 0 18 78 67 111 132 0 0 0 211 0 0 0 0 0 0 0 0 0 0 0 0 0 0 0 0 22 0 0 5 0 0 28 3 0 25 17 195 0 24 0
9 0 2 1 1 0 5 1 1 4 4 16 1 5 1 3 0 0 0 0 0 0 6 72 137 208 3 3 5 43 9 0 8 13 0 6 28 11 0 24 3 0 19 0 0 13 8 7 24 14 16 0 17 10 19 21 18 21 60 12 16 18 47 27 7 7 0 110 94 90 18 22 32 35 59 25 0 10 0 0 0 9 8 22 25 9 14 37 8 20 12 9 74 20 15 18 23 36 0 0 31 31 31 31 0 4 0 0 0 77 0 0 0 0 0 36 6 8 0 0 0 31 0 486 0 0 0 83 0 27 0 42 0 0 0 0 11 12 0 2 41 0 0 8 0 9 8 16 1 30 46 0 0 54 0
0 0 0 0 2 0 0 1 2 0 1 3 2 7 1 0 0 0 0 0 0 0 4 1 0 1 0 0 0 3 0 0 1 0 0 0 0 2 0 0 0 0 3 0 0 3 2 0 2 2 0 0 3 2 0 3 3 3 5 2 2 3 6 0 3 3 8 8 0 15 0 20 4 6 8 5 1 50 2 2 6 4 4 0 6 0 0 22 0 0 0 0 170 0 0 0 0 0 0 0 0 0 0 0 0 0 0 0 0 23 0 0 0 6 0 8 1 9 0 0 0 0 0 0 0 0 0 0 0 71 0 0 0 0 0 0 0 0 0 0 5 0 0 0 0 0 0 0 0 3 3 0 0 0 0
24 20 24 27 28 15 49 37 33 30 33 39 34 42 98 74 3 3 3 0 0 40 730 158 161 149 64 53 155 40 317 54 388 69 74 132 105 35 50 54 71 122 428 65 15 0 98 46 88 95 87 0 90 82 93 90 91 90 79 89 88 92 65 38 59 57 0 69 63 97 0 48 62 114 106 0 1292 1072 471 173 836 504 290 0 11 280 11 896 306 96 0 0 80 0 40 88 9 64 0 0 18 46 43 44 0 24 3001 0 0 33 0 0 23 0 0 31 0 19 34 0 0 0 0 0 0 0 0 0 0 91 19 40 0 0 0 0 1045 441 0 0 1266 117 0 0 0 1154 871 843 528 576 543 0 13 38 26
28 23 28 31 33 17 56 43 39 35 37 44 42 48 102 81 4 0 4 0 0 45 861 0 0 144 74 62 178 47 362 66 441 80 93 153 129 47 54 59 80 107 341 114 0 43 111 41 99 107 100 0 92 93 100 102 104 102 89 101 93 105 75 0 67 67 68 77 11 110 0 61 71 67 0 0 1523 1196 635 203 1239 593 598 79 43 309 31 982 355 108 0 0 90 41 45 101 36 72 0 0 48 52 48 49 0 26 3358 0 0 44 0 0 0 0 0 37 0 0 51 0 0 0 0 0 0 0 0 0 0 107 17 46 1009 0 0 0 1479 932 10 519 1475 770 258 0 0 1536 1193 1178 972 720 696 0 0 41 29
37 32 38 41 46 23 68 58 53 46 47 56 59 58 52 90 5 5 5 0 0 57 1326 197 205 192 95 82 234 65 474 89 574 105 109 197 189 70 44 85 99 8 0 160 33 56 141 120 124 136 130 67 133 118 132 132 133 132 110 129 129 134 100 0 86 86 106 94 94 138 21 86 90 160 148 128 2344 1938 1005 308 1923 920 1071 412 56 329 34 1017 507 138 30 26 102 57 55 135 70 88 7 0 60 67 60 62 0 22 3092 0 0 43 0 0 52 0 0 50 22 61 72 23 0 0 0 0 0 0 7 121 0 131 48 65 2158 718 0 0 2194 1480 903 959 1946 1433 1185 5 268 2162 1695 1680 1505 970 945 106 11 60 39
66 55 68 73 78 40 132 101 92 81 88 104 98 116 294 210 9 8 8 0 1 106 1673 452 469 418 171 136 416 118 841 130 1031 184 175 101 301 19 137 166 191 435 1053 226 102 100 261 205 237 251 242 0 245 220 248 239 243 238 215 238 239 245 168 142 155 154 73 187 183 261 200 163 166 311 299 293 2963 2459 1276 401 0 1104 1353 608 106 812 102 2641 758 258 61 53 202 116 112 254 124 175 26 0 116 124 116 119 0 37 10091 0 0 96 0 0 116 0 0 90 0 105 136 23 0 0 0 0 0 0 18 208 0 327 85 120 3397 1558 269 0 3632 2743 2949 1813 3480 2632 2234 78 659 3892 3075 3060 2848 1741 1700 0 83 115 67
5 4 5 7 6 4 12 9 7 8 8 10 6 11 23 18 1 1 1 0 0 10 0 38 38 35 16 11 37 7 80 11 100 16 9 31 12 1 12 10 18 0 74 0 0 10 25 0 23 24 20 0 24 21 24 23 23 23 20 23 23 24 17 0 15 14 0 17 13 25 0 6 0 28 24 0 370 303 133 49 283 0 152 0 0 64 0 211 81 24 0 0 20 0 9 16 0 16 0 0 11 12 11 11 0 5 411 0 0 0 0 0 0 0 0 6 0 0 0 0 0 0 0 0 0 0 0 0 0 5 0 6 0 0 0 0 0 0 0 0 291 0 0 0 0 50 0 0 0 91 71 0 0 5 6
9 8 9 11 0 6 20 15 13 12 14 16 12 17 35 29 1 0 1 0 0 16 325 55 0 0 26 21 64 16 132 21 162 28 16 52 37 14 19 15 29 0 74 38 0 15 41 0 36 39 35 0 8 34 23 38 38 36 33 37 18 39 28 0 24 24 0 28 0 40 0 17 25 0 4 0 575 346 147 77 461 191 252 27 7 111 0 351 130 40 0 0 32 0 16 36 0 26 0 0 0 19 18 18 0 8 1146 0 0 14 0 0 0 0 0 12 0 0 2 0 0 0 0 0 0 0 0 0 0 25 0 14 0 0 0 0 252 0 0 0 515 0 0 0 0 373 263 248 29 223 206 0 0 11 0
27 26 31 35 39 21 63 52 47 35 45 54 49 58 152 108 4 4 4 0 0 55 869 232 242 214 85 69 214 59 430 58 533 89 74 68 131 23 71 71 99 219 533 106 0 52 135 76 123 130 122 0 127 114 129 124 126 124 111 123 124 127 87 92 81 80 83 97 93 134 119 84 85 159 140 134 1539 1279 663 208 1255 610 707 456 19 418 10 1366 391 133 19 9 106 53 58 131 61 91 0 0 60 64 60 61 0 21 5182 0 0 53 0 0 0 0 0 45 0 49 0 0 0 0 0 0 0 0 0 0 0 87 4 57 1040 0 0 0 1698 1122 0 620 1780 902 258 0 0 1845 1437 1421 1184 866 837 0 0 51 35
11 9 10 12 12 7 20 17 15 14 14 17 15 18 25 26 2 0 1 0 0 17 424 0 8 0 16 4 71 10 143 0 176 32 6 60 57 21 14 5 30 0 58 46 0 17 43 0 37 42 38 0 16 36 26 40 40 40 33 39 23 41 31 0 26 26 29 28 0 42 0 0 26 0 0 0 750 491 259 98 598 246 275 0 10 94 15 285 157 42 0 0 30 16 16 35 0 27 0 0 18 20 18 19 0 5 820 0 0 16 0 0 0 0 0 0 0 0 8 0 0 0 0 0 0 0 0 0 0 19 0 13 29 0 0 0 517 185 0 0 580 29 0 0 0 515 384 372 203 267 253 0 0 12 12
0 0 0 0 0 1 1 0 0 0 1 1 0 1 0 2 0 0 0 0 0 1 28 0 0 0 0 0 4 0 4 0 12 2 0 1 1 0 0 0 2 0 0 0 0 1 3 0 3 3 1 0 0 3 0 3 2 3 3 3 0 3 2 0 2 2 0 2 0 3 0 0 0 0 0 0 50 0 0 7 36 0 0 0 0 9 0 28 7 3 0 0 2 0 1 1 0 2 0 0 2 2 1 1 0 0 27 0 0 0 0 0 0 0 0 0 0 0 0 0 0 0 0 0 0 0 0 0 0 0 0 0 0 0 0 0 0 0 0 0 0 0 0 0 0 0 0 0 0 0 0 0 0 0 0
15 12 15 18 17 10 33 24 21 19 22 26 21 28 63 52 2 2 2 0 0 26 476 106 114 101 43 0 104 29 206 35 250 47 51 81 76 30 32 35 47 89 268 60 14 3 65 39 59 63 60 0 62 55 62 60 61 60 54 60 60 62 43 0 39 39 0 47 44 67 3 38 41 75 70 47 841 691 357 113 674 255 381 100 16 200 0 640 198 62 0 0 54 18 26 60 11 41 0 0 28 30 28 28 0 9 1923 0 0 22 0 0 7 0 0 3 0 2 27 0 0 0 0 0 0 0 0 29 0 59 10 27 0 0 0 0 649 238 0 0 804 0 0 0 0 703 525 509 279 368 348 0 0 27 15
30 25 31 34 35 19 61 46 42 37 41 48 43 54 134 96 4 4 4 0 0 50 795 207 214 192 77 67 195 54 392 59 479 72 77 122 132 47 63 73 89 186 491 115 30 46 121 33 110 117 108 0 114 102 115 111 113 111 99 110 111 114 78 0 72 72 0 86 72 121 0 70 77 144 134 0 1406 1163 0 190 1135 425 635 0 28 372 29 1205 353 119 0 0 95 0 50 95 0 81 0 0 54 58 54 55 0 19 4502 0 0 21 0 0 32 0 0 40 0 0 58 0 0 0 0 0 0 0 0 61 0 138 30 53 735 0 0 0 1470 913 0 434 1587 675 0 0 0 1607 1262 1227 980 763 735 0 4 52 31
19 16 18 21 23 12 35 30 27 24 24 28 29 28 27 39 3 0 3 0 0 32 785 86 0 0 46 0 113 28 237 39 290 34 51 67 73 16 14 40 49 0 231 87 0 27 71 0 61 69 64 0 41 59 0 68 68 68 54 66 48 69 54 0 44 44 15 19 3 69 0 0 47 77 66 0 1393 135 479 182 1053 533 617 0 25 132 17 366 283 69 0 0 55 23 26 64 13 42 0 0 30 33 30 30 0 57 798 0 0 26 0 0 0 0 0 15 0 0 20 0 0 0 0 0 0 0 0 43 0 0 0 6 1215 365 0 0 1173 752 479 483 991 742 646 0 129 1106 864 854 757 493 480 10 0 24 18
22 18 22 25 26 14 42 34 31 28 29 34 34 36 0 55 3 3 3 0 0 40 795 119 125 116 55 43 133 32 278 45 342 43 57 76 81 16 0 45 60 0 410 93 0 31 86 32 75 83 76 0 82 72 75 80 51 79 67 79 78 82 61 0 53 53 1 16 48 84 0 43 58 97 90 70 1415 0 593 187 1028 554 641 97 29 201 17 578 103 82 0 0 86 0 32 75 0 53 0 0 36 40 36 37 0 94 1769 0 0 7 0 0 0 0 0 21 0 0 39 0 0 0 0 0 0 0 0 0 0 63 25 33 1112 219 0 0 1270 808 283 492 1158 738 480 0 0 1249 973 962 824 572 555 31 0 31 21
5 4 4 6 4 4 11 8 6 7 8 10 4 11 24 22 1 1 1 1 0 11 25 22 41 0 14 0 32 5 71 4 92 0 0 0 0 0 10 8 18 6 70 7 0 1 26 0 23 25 19 0 23 22 24 24 24 23 21 23 23 24 17 0 15 15 0 19 3 27 0 9 16 27 14 0 291 0 0 40 144 82 0 0 0 85 0 274 69 24 0 0 41 0 10 22 0 16 0 0 9 11 11 11 0 39 570 0 0 0 0 0 0 0 0 0 0 0 0 0 0 0 0 0 0 0 0 0 0 1 0 5 0 0 0 0 0 0 0 0 259 0 0 0 0 0 0 0 0 80 62 0 0 8 0
4 3 3 6 3 3 10 6 5 6 7 9 2 10 22 19 1 1 1 0 0 10 150 38 38 37 11 4 27 3 63 0 84 0 0 0 0 0 10 8 17 21 82 14 0 7 23 0 21 22 6 0 21 19 21 21 21 21 19 21 21 22 15 0 14 14 0 17 7 24 0 11 14 26 20 0 265 214 69 37 186 104 123 38 0 0 0 0 0 21 0 0 28 3 9 21 3 14 0 0 10 10 10 9 0 18 682 0 0 0 0 0 0 0 0 3 0 0 0 0 0 0 0 0 0 0 0 11 0 0 0 6 0 0 0 0 2 0 0 0 243 0 0 0 0 43 0 0 0 83 68 0 0 9 4
4 3 3 6 3 4 10 7 5 6 8 9 2 10 18 19 1 0 1 0 0 10 166 0 0 0 14 10 31 4 68 8 88 0 0 11 0 0 7 0 17 0 0 19 0 9 24 0 21 23 18 0 6 20 14 22 22 22 19 22 11 22 16 0 14 14 0 17 0 24 0 0 14 0 0 0 291 156 91 40 222 93 67 0 0 73 0 234 67 22 0 0 25 7 9 17 0 15 0 0 10 11 10 10 0 15 663 0 0 3 0 0 0 0 0 4 0 0 0 0 0 0 0 0 0 0 0 0 0 0 0 3 0 0 0 0 23 0 0 0 259 0 0 0 0 61 15 0 0 91 76 0 0 4 6
8 7 8 11 9 6 19 14 11 12 13 16 9 18 0 33 1 1 1 0 0 17 279 69 72 65 24 0 60 14 125 11 156 0 6 1 23 0 0 16 30 0 149 36 0 15 41 0 37 40 33 0 39 35 35 38 17 37 34 38 38 39 27 0 25 25 13 30 18 42 0 16 26 47 42 20 487 396 207 67 350 195 225 68 8 130 0 419 0 38 0 0 37 0 16 35 0 26 0 0 18 19 18 18 0 18 1326 0 0 0 0 0 0 0 0 9 0 0 11 0 0 0 0 0 0 0 0 1 0 23 0 15 0 0 0 0 288 0 0 0 490 0 0 0 0 336 235 220 0 211 194 0 0 17 10
0 0 0 1 0 1 2 1 0 1 2 2 0 2 0 4 0 0 0 0 0 2 52 1 0 0 2 0 4 0 8 0 19 0 0 0 0 0 0 0 4 0 0 3 0 2 6 0 5 5 3 0 0 5 0 5 5 0 4 2 0 5 4 0 1 0 0 4 0 6 0 0 3 0 0 0 88 0 5 12 49 11 21 0 0 13 0 42 16 5 0 0 7 0 2 3 0 3 0 0 0 2 2 2 0 6 4 0 0 0 0 0 0 0 0 0 0 0 0 0 0 0 0 0 0 0 0 0 0 0 0 0 0 0 0 0 0 0 0 0 44 0 0 0 0 0 0 0 0 0 0 0 0 0 0
1 0 0 1 0 1 2 1 1 2 2 3 0 3 0 4 0 0 0 0 0 3 62 0 0 0 3 0 6 0 7 0 23 0 0 0 0 0 0 0 5 0 0 5 0 2 7 0 6 7 4 0 0 6 0 6 6 6 5 6 0 7 5 0 4 4 0 5 0 7 0 0 4 0 0 0 106 0 0 15 61 0 13 0 0 16 0 53 21 6 0 0 9 0 2 3 0 3 0 0 3 3 3 3 0 7 32 0 0 0 0 0 0 0 0 0 0 0 0 0 0 0 0 0 0 0 0 0 0 0 0 0 0 0 0 0 0 0 0 0 59 0 0 0 0 0 0 0 0 8 0 0 0 0 0
28 3 39 24 39 2 26 55 26 3 28 60 37 69 10 7 0 0 0 0 0 11 190 114 158 96 27 33 36 176 56 153 44 61 41 83 178 28 80 0 6 0 4 0 0 38 1 1 74 21 37 0 31 24 28 41 33 42 92 21 33 29 116 133 55 54 101 105 105 96 26 59 47 73 69 92 252 306 205 74 342 215 168 27 0 11 0 57 48 278 456 313 229 317 218 259 318 425 254 285 277 276 277 277 0 84 0 0 95 83 0 0 0 0 0 56 26 30 0 0 0 0 80 1403 0 0 0 0 0 0 184 767 156 38 0 10 240 131 5013 79 157 148 147 0 0 279 196 168 223 144 164 0 191 689 0
181 30 138 196 79 60 105 144 57 84 88 184 81 262 73 35 0 0 0 1 0 3 7 35 91 76 40 80 113 834 131 23 65 248 86 227 796 39 27 148 17 83 151 22 0 27 10 0 21 24 21 0 35 19 23 49 37 49 52 24 25 38 118 46 27 27 63 42 90 79 22 100 146 70 77 54 13 107 9 9 15 34 195 58 38 22 0 135 153 50 33 68 158 31 39 51 0 69 0 0 81 80 80 80 0 12 0 0 400 113 0 0 0 0 0 34 16 42 0 0 0 0 0 0 0 0 0 92 0 151 38 201 0 12 0 0 17 36 35 36 103 12 0 77 44 25 41 51 55 84 139 0 0 167 0
3 18 39 2 0 0 0 1 0 2 7 9 0 198 0 0 0 0 0 1 0 0 3 1 0 0 0 0 0 6 0 0 6 0 0 0 0 3 0 0 3 0 1 0 0 6 5 0 6 6 0 0 7 6 6 8 7 8 13 6 6 7 13 0 4 3 0 0 18 20 0 0 0 6 0 0 6 4 2 1 4 6 5 0 0 14 0 687 0 6 0 0 35 1 1 0 0 4 0 0 1 2 1 1 0 0 0 0 0 0 0 0 0 0 0 2 1 1 0 0 0 0 0 0 0 0 0 35 0 0 0 93 0 0 0 0 0 0 0 0 7 0 0 0 0 0 0 0 0 6 8 0 0 0 0
480 3916 0 2760 716 35910 157 0 0 0 74 47 0 0 961 0 44718 44830 44830 1 2853 4581 535 2 1 1 0 0 0 0 272 0 615 2353 50 13 18 463 3 1 1623 75 0 3 1 1513 0 0 0 0 0 0 0 270 0 0 0 0 1 114 68 0 0 1 264 973 0 0 0 0 6 0 306 376 289 0 0 0 0 3 0 1 49 0 0 0 0 0 87 604 21 0 230 1 72 34 0 5320 0 0 5 7 5 5 0 0 266 1 0 186 21 0 0 0 0 0 0 2 0 1 0 0 0 0 0 0 0 1 0 0 0 0 0 0 0 0 0 31 0 0 33 0 0 0 0 40 0 0 0 589 48 0 0 0 0
