164
0 0 0 0 0 0 0 44 0 132 392 34 18 0 93 0 0 1 0 0 0 0 0 0 0 134 0 0 0 0 0 0 13 37 0 288 35 0 22135 50 449 57 0 32 0 0 7 0 4 0 0 11 4 0 6 0 4 0 0 10 0 2 2 3 1 0 1 1 2 6 0 0 0 0 2 144 136 31 220 0 0 12 1 0 0 0 0 0 1 1 0 0 0 0 0 0 0 0 0 0 0 0 0 0 0 0 0 0 0 0 0 0 0 0 1 0 7 0 0 0 79 0 0 0 0 0 0 0 0 0 0 0 0 0 0 0 0 0 0 0 0 0 0 571 28 0 4 6 0 0 26 40 0 0 0 0 0 0 0 0 0 0 0 0
3 0 232 0 0 82 2 30 567 124 0 196 70 17 38 24 0 14 0 1 0 0 0 0 0 169 0 0 0 0 0 0 0 0 0 0 1 0 4 1 0 0 0 67 0 1 1 0 5 0 0 28 14 0 34 0 3 0 0 10 0 2 2 4 1 0 1 1 3 4 4 49 0 0 0 137 25 116 16 0 0 13 1 0 0 29 1 0 3 1 0 0 0 0 0 0 0 0 0 0 0 230 0 0 0 0 0 0 2 0 0 0 0 0 1 0 102 0 0 0 82 0 0 0 0 0 0 0 0 0 0 0 0 0 0 0 240 0 140 0 0 30 0 20 146 0 121 122 9 0 145 726 0 0 0 0 0 0 0 0 0 0 0 0
3 0 0 3 3 82 19 35 3482 1044 855 1752 476 2251 1497 103 71 36 0 8 0 0 0 0 0 260 0 0 0 0 0 0 3 7 2 3 8 0 5 6 0 2 0 255 0 67 4 0 33 0 0 106 119 0 192 1 17 0 0 66 1 4 3 5 4 2 2 2 5 21 39 490 0 0 0 0 966 205 164 0 0 93 7 4 0 139 0 5 14 3 3 2 0 62 1 0 0 0 0 0 16 4540 0 0 0 0 0 0 7 0 0 0 0 0 1739 4 693 0 0 52 418 0 0 114 1 0 0 0 1 0 0 0 0 0 0 0 0 0 556 0 15 59 18 881 2331 0 1446 1447 26 0 2330 3701 0 0 0 0 0 68 3 0 19 44 0 84
3 0 0 0 0 0 0 8 0 14 0 23 47 0 78 0 0 14 0 0 0 0 0 0 0 186 0 0 0 0 0 0 51 116 69 864 52 211 37 131 1480 2343 0 40 141 56 34 0 5 0 0 45 42 0 63 0 17 0 0 61 0 3 2 4 6 0 2 3 3 24 16 135 16 0 11 162 66 146 99 0 0 4 7 1 0 7 1 0 5 84 1 1 0 46 0 0 0 0 0 0 0 0 0 0 0 0 0 0 45 0 0 0 0 0 2 2 32 0 0 0 60 0 0 441 0 0 0 0 0 0 0 0 0 0 0 0 0 0 0 0 2 5 42 19 5 0 22 24 22 0 4 19 0 0 0 0 0 7 0 0 0 1 21 31
4 1 0 7 0 0 0 0 0 7 0 19 31 4 61 23 0 13 0 0 0 0 0 0 0 300 0 0 0 0 0 0 28 66 28 511 12458 25 70 63 850 91 1 91 0 17 2 0 5 0 0 32 34 0 42 0 11 0 0 33 0 4 4 6 3 2 2 2 5 14 3 66 0 0 0 247 68 207 88 0 0 3 3 0 0 46 2 1 4 86 2 1 0 0 0 0 0 0 0 0 0 0 0 0 0 0 0 0 2 0 0 0 0 0 6 1 45 0 0 0 121 0 0 24 0 0 0 0 0 0 0 0 0 0 0 0 835 0 0 0 0 34 6 10 18 0 15 17 4 0 17 24 0 0 2562 0 0 3 0 0 0 0 19 7
10 0 0 1 0 0 0 3 0 62 0 17 22 36 90 31 0 7 0 2 0 0 0 0 0 95 0 0 0 22274 0 0 4 7 3 36 0 2 22 5972 0 37 0 79 60 40 4 0 5 0 0 35 33 0 55 0 8 0 0 27 0 1 1 2 2 0 1 1 2 10 10 0 86 0 0 87 48 161 208 0 0 4 3 3 0 41 0 2 4 83 1 3 0 0 0 0 0 0 0 0 17 0 0 0 0 0 0 0 17 0 0 0 0 0 6 26 41 1 0 24 167 0 0 1 1 0 0 0 0 0 0 0 0 0 0 0 11334 0 154 0 0 1 2 0 0 0 14 18 2 0 0 20 0 0 0 0 0 8 0 0 0 9 0 0
0 0 0 0 0 0 0 0 0 0 0 0 3 0 22 26 0 6 0 0 0 0 0 0 0 127 0 0 0 0 0 0 1 1 0 10 0 0 2 3 0 0 0 0 575 49 2 0 3 0 0 35 24 0 51 0 11 0 0 50 0 2 2 3 6 0 1 2 2 14 0 0 0 0 0 101 38 98 78 0 0 2 3 2 1 43 2 1 5 84 1 1 0 0 0 0 0 0 0 0 0 0 0 0 0 0 0 0 3 0 0 0 0 0 2 2 3 0 0 25 126 0 0 0 0 0 0 0 0 0 0 0 0 0 0 0 0 0 149 0 0 0 0 0 0 0 0 0 1 0 0 0 0 0 0 0 0 3 0 0 0 0 0 0
0 0 0 0 11 0 2 0 0 1475 1326 1130 1724 2425 542 867 3 51 46 55 46 31 20 23 706 234 0 0 0 0 675 0 7 21 6 186 13 9 13 33 215 621 0 9324 94 68 8 0 405 0 0 86 28 0 83 0 41 0 0 59 0 3 3 5 5 2 2 3 4 43 9 69 388 48 57 220 374 220 212 0 0 132 13 0 0 82 2 2 10 85 2 3 0 0 0 0 0 0 0 0 0 0 0 0 0 0 0 0 115 0 0 0 0 0 592 2 2636 0 0 26 318 0 0 151 0 0 0 0 0 0 0 0 0 0 0 0 0 0 291 0 15 38 12 1407 2536 45 1184 1185 29 44 2535 0 0 0 0 0 704 19 1520 1711 0 12 122 34
59 0 0 1 36 84 144 47 0 0 0 4929 761 3386 1245 63 0 16 0 4 0 1 0 0 8936 127 0 0 0 0 8835 88 47571 19 87 0 0 0 79 164 0 0 0 138 0 5 220 0 92 0 0 437 82 0 187 0 480 0 0 348 0 2 1 2 115 0 36 136 2 459 0 336 5078 335 0 613 1620 1673 2761 0 71 41 40 135 3 294 6 9 13 1 3 35 0 114 753 0 4 0 0 0 0 0 0 0 0 0 0 0 187 0 0 0 0 0 105 10 1082 0 0 61 675 60 0 0 17 0 44 0 0 0 7 0 0 0 2 0 0 0 262 0 0 21 0 58 3214 0 562 566 1 0 3211 32592 0 0 0 0 8930 12 0 0 0 0 0 0
0 0 0 0 0 0 1 0 114 0 7 258 616 47 81 49 182 19 0 72 0 0 0 0 856 57 239 241 0 0 799 0 0 34057 6 0 0 0 13 364 0 0 0 85 248 81 656 0 23 0 0 112 41 0 92 0 74 0 0 95 0 2 1 2 36 0 1 1 2 74 0 153 688 284 0 183 339 384 510 0 78 981 185 70 0 79 3 1 0 83 0 12 0 41 0 0 0 0 0 0 994 0 0 0 0 0 0 0 59 0 0 0 0 0 44 47 295 0 0 10 372 0 0 134 0 0 1 0 0 0 65 0 0 0 0 0 0 0 131 0 0 20 0 42 137 0 0 2 3 0 135 198 0 0 0 0 853 185 0 0 0 6 1 0
0 262 0 19 95 0 79 0 18 0 0 1060 389 28 2857 78 0 25 0 2 0 15 10 0 0 237 0 0 0 0 0 0 158 371 53162 393 0 0 162 102 0 0 0 70 0 14 64 0 58 0 0 708 64 0 139 0 380 0 0 279 0 4 3 5 509 2 67 602 4 364 9 108 974 1 122 800 1984 2092 3326 0 12 24 20 58 13 44 2 9 8 3 1 56 0 28 20 0 10 0 0 0 314 0 0 0 0 0 0 0 400 0 0 0 0 0 45 24 305 0 0 1 1045 0 0 239 23 0 89 0 1 0 0 0 0 0 0 0 0 0 142 0 9 22 0 25532 100 0 8 11 10 0 98 84 0 0 0 0 0 7 0 0 0 13 4 28
0 0 0 0 0 0 0 0 0 0 0 0 0 0 9 24 0 3 0 0 0 0 0 0 0 35 0 0 2458 0 0 0 0 0 0 1042 0 0 0 0 0 0 0 0 1328 12 0 0 41 0 0 18 12 0 31 0 23 0 0 86 0 0 0 1 10 0 0 0 1 26 0 4 25 0 0 27 28 58 0 0 0 1 3 0 0 0 0 0 2 0 0 0 0 0 0 0 0 0 0 0 0 0 0 0 0 0 0 0 5 0 0 0 0 0 4 2275 0 0 0 19 15 0 0 0 0 0 0 0 0 0 0 0 0 0 0 0 0 0 0 0 0 25 0 0 11 0 0 0 1 0 9 0 0 0 0 0 0 0 0 0 0 0 0 305
0 0 0 0 0 0 0 0 0 0 0 48 0 0 34 0 0 1 0 0 0 0 0 0 1 130 0 0 371 0 0 0 0 0 0 0 0 0 0 42 0 0 0 0 0 0 0 0 7 0 0 12 2 0 13 0 0 0 0 11 0 2 0 0 1 0 1 0 2 0 0 0 16 72 37 108 0 68 3 0 0 0 0 0 0 0 0 0 0 1 0 0 0 0 0 0 0 0 0 0 0 0 0 0 0 0 0 0 0 0 0 0 0 0 32 343 58 0 0 0 0 0 0 0 0 0 0 0 0 0 0 0 0 0 0 0 0 0 0 0 0 0 0 32 85 0 7 9 0 0 84 273 0 0 0 0 0 0 0 0 0 0 0 0
28 0 0 7 0 0 2 0 0 0 0 434 356 0 546 39 63 26 0 1 0 3 3 0 1099 87 289 291 0 0 1055 69 35 56 32 521 0 33323 101 212 0 0 0 141 208 78 499 0 25 0 0 278 70 0 135 0 246 0 0 213 0 2 1 2 252 0 11 181 2 240 0 409 1041 248 0 269 643 694 1055 0 58 189 316 93 86 43 4 11 19 83 4 38 0 0 6 0 0 0 0 0 61 0 0 0 0 0 0 0 119 0 6 0 0 0 76 41 124 0 0 12 429 0 0 256 9 0 25 0 1 0 0 0 0 0 0 0 0 0 143 0 0 3 0 72 927 0 9 12 15 0 925 251 0 0 0 0 1095 70 0 0 0 0 0 0
0 0 0 0 0 0 0 0 0 0 0 0 0 0 0 0 0 1 0 0 0 0 0 0 0 64 0 0 0 0 0 0 0 0 0 0 0 0 0 0 0 0 0 0 0 0 0 0 0 0 0 1 1 0 3 0 0 0 0 0 0 1 0 0 0 0 1 0 1 0 4 0 0 0 0 53 0 25 0 0 0 0 0 0 0 0 0 0 0 0 0 0 0 0 0 0 0 0 0 0 0 0 0 0 0 0 0 0 0 0 0 0 0 0 0 0 0 0 0 0 16 0 0 0 0 0 0 0 0 0 0 0 0 0 0 0 0 0 0 0 0 0 0 0 0 0 0 0 0 0 0 0 0 0 0 0 0 0 0 0 0 0 0 0
4 0 0 9 0 0 0 0 0 0 0 0 6 0 7 0 0 9 3 2 4 0 0 0 1 124 1 1 0 0 0 0 0 1 0 26 50 28 5 9 0 24 54 181 0 0 10 0 2077 327 0 8 6 0 11 0 4 0 0 11 0 2 2 3 2 0 1 2 3 4 0 0 46 49 42 98 216 67 50 0 0 6 7 14 0 0 3 1 7 84 1 0 0 0 0 0 0 0 0 0 39 0 0 0 0 0 0 0 355 0 0 0 0 0 1 2 6 0 0 0 57 0 0 0 0 0 0 0 0 0 0 0 0 0 0 0 0 0 0 0 0 7 0 0 19 2 0 0 11 0 18 16 0 0 0 0 0 0 69 78 0 0 0 0
0 1 0 7 7 10 31 0 6 0 64 134 2128 0 146 1 0 6 0 0 0 0 0 0 524 113 0 0 0 0 505 0 0 0 0 0 725 0 0 2091 0 0 15693 48 0 0 3283 0 10 0 0 31 5 0 22 1 26 0 0 26 0 2 1 2 2 0 1 1 2 27 12 11 299 238 71 118 66 113 21 0 1 6 10 4 2 28 69 2 8 84 2 2 0 0 0 0 0 0 0 0 0 0 0 0 0 0 0 0 5 0 0 0 0 0 0 0 101 1 0 21 124 0 0 572 1 0 0 34 191 0 0 0 0 0 0 6 7 0 89 0 0 0 23 115 27 0 162 164 3 0 26 48 0 0 8 194 522 785 25 27 0 15 0 0
0 0 0 0 0 0 0 0 0 0 0 0 0 0 0 0 0 0 0 0 0 0 0 0 0 0 0 0 0 0 0 0 0 0 0 0 0 0 0 0 0 0 0 0 0 0 0 0 0 0 0 0 0 0 0 0 0 0 0 0 0 0 0 0 0 0 0 0 0 0 0 0 0 0 0 0 0 0 0 0 0 0 0 0 0 0 0 0 0 0 0 0 0 0 0 0 0 0 0 0 0 0 0 0 0 0 0 0 0 0 0 0 0 0 0 0 0 0 0 0 0 0 0 0 0 0 0 0 0 0 0 0 0 0 0 0 0 0 0 0 0 0 0 0 0 0 0 0 0 0 0 0 0 0 0 0 0 0 0 0 0 0 0 0
0 0 0 0 0 0 0 0 0 0 0 0 0 0 0 0 0 0 0 0 0 0 0 0 0 0 0 0 0 0 0 0 0 0 0 0 0 0 0 0 0 0 0 0 0 0 0 0 0 0 0 0 0 0 0 0 0 0 0 0 0 0 0 0 0 0 0 0 0 0 0 0 0 0 0 0 0 0 0 0 0 0 0 0 0 0 0 0 0 0 0 0 0 0 0 0 0 0 0 0 0 0 0 0 0 0 0 0 0 0 0 0 0 0 0 0 0 0 0 0 0 0 0 0 0 0 0 0 0 0 0 0 0 0 0 0 0 0 0 0 0 0 0 0 0 0 0 0 0 0 0 0 0 0 0 0 0 0 0 0 0 0 0 0
0 0 0 0 0 0 0 0 0 0 0 0 1 0 12 0 2 22 45 0 45 0 0 0 0 36 31 31 5 19 0 387 2 7 5 7 268 0 413 7 0 2 570 21 7 0 0 0 648 241 0 934 227 0 36 0 5 0 0 17 0 0 0 1 0 0 0 2 1 0 0 0 19 116 0 35 0 17 22 0 0 7 31 379 196 0 13 0 0 22 5 0 0 0 0 0 0 0 0 0 0 0 41619 0 0 0 0 0 1 0 0 0 0 0 0 8 4 0 0 0 33 0 0 0 0 0 0 0 0 0 0 0 0 0 0 0 0 0 0 0 0 1 0 0 0 42 0 0 0 40 0 0 0 0 0 0 2 0 0 0 0 0 0 0
0 0 0 0 0 0 0 0 0 0 0 0 0 0 0 0 0 0 0 0 0 0 0 0 0 0 0 0 0 0 0 0 0 0 0 0 0 0 0 0 0 0 0 0 0 0 0 0 0 0 0 0 0 0 0 0 0 0 0 0 0 0 0 0 0 0 0 0 0 0 0 0 0 0 0 0 0 0 0 0 0 0 0 0 0 0 0 0 0 0 0 0 0 0 0 0 0 0 0 0 0 0 0 0 0 0 0 0 0 0 0 0 0 0 0 0 0 0 0 0 0 0 0 0 0 0 0 0 0 0 0 0 0 0 0 0 0 0 0 0 0 0 0 0 0 0 0 0 0 0 0 0 0 0 0 0 0 0 0 0 0 0 0 0
0 0 0 0 0 0 0 0 0 0 0 0 2 0 0 1 0 476 0 33 10 0 0 333 0 1 0 0 0 0 0 0 10 15 0 9 19 3 3 48 0 3 0 23 17 0 18 0 230 41 0 388 50844 79930 16640 80247 65384 76644 78939 44171 79764 79953 80376 79548 75854 80542 80425 78148 79908 63265 0 7622 699 0 0 552 675 1022 1213 968 0 19 56 0 0 0 7 14 33 0 8 0 0 0 3 0 0 0 0 0 0 0 17474 19905 20283 23581 24853 8716 20358 0 20869 0 0 91 173 1922 1827 18 1 0 543 0 0 0 0 36 0 0 0 0 0 0 0 0 0 0 0 0 0 0 0 1 0 0 0 0 0 0 0 0 0 0 0 0 0 0 0 0 0 0 0 0 0 0
1 3 1 1 0 1 2 0 2 12 0 8 46 0 141 5 7 298 109 113 109 0 0 3669 136 38 260 261 59 140 136 607 39 76 30 62 1633 148 183 57 69 151 169 89 257 83 10 0 522 15 0 8630 955 0 331 0 54 0 0 177 27 11 15 13 30 14 16 29 15 66 11 548 746 1559 0 261 233 386 456 716 851 807 281 543 95 527 74 138 117 67 85 643 0 0 0 0 0 185 0 0 325 0 0 35684 0 0 0 0 11 0 3 0 0 1173 274 1240 2164 946 0 0 415 0 0 0 0 0 1581 0 0 0 0 0 0 0 0 0 0 0 0 0 0 0 4 0 0 106 2 5 30 104 0 2 304 0 0 0 132 0 1 0 0 0 0 0
0 0 0 0 0 2 0 0 0 0 0 0 1 0 4 5 0 223 168 157 166 0 0 0 101 296 545 0 0 1 101 0 2 0 0 2 534 5 24 36 2 16 3 10 9 0 13 0 18 0 0 190 2148 0 2186 0 279 0 0 1116 0 4 4 6 32 3 2 2 5 335 0 9818 488 86 194 415 508 580 717 0 0 7 1 0 0 0 8 9 29 3 7 0 0 0 0 0 0 0 0 0 0 0 0 0 0 0 0 0 57 0 0 0 0 12693 1858 53 18369 11341 0 0 236 0 0 0 0 0 0 0 0 0 0 0 0 0 0 0 0 0 0 0 0 0 0 0 0 165 0 0 0 163 0 0 0 0 0 0 97 0 0 0 0 0 0 0
0 0 0 0 0 0 0 0 0 0 0 0 0 0 0 0 0 17 69 60 68 0 0 0 0 90 1 0 0 0 0 0 0 0 0 1 11 0 0 0 0 2 40 0 0 0 0 0 0 0 0 1 2 0 3 1 1 0 0 0 0 1 0 0 1 1 1 0 2 0 0 0 0 0 31 77 0 55 0 0 1 0 0 6 3 0 0 0 0 1 0 35 20 0 15 0 0 0 0 0 0 0 0 0 0 0 0 0 0 0 0 0 0 0 0 0 1 0 0 1 1 0 0 0 0 0 0 0 0 0 0 0 0 0 0 0 0 0 2 0 0 0 0 0 0 65 0 0 0 62 0 0 0 0 0 0 0 0 0 0 0 0 0 0
0 0 0 0 0 0 0 0 0 0 0 0 0 0 0 0 0 6 2 0 2 0 0 0 0 0 1136 1138 0 0 0 0 0 0 0 0 0 0 0 0 0 0 0 0 0 0 0 0 0 0 0 24 0 0 5 0 0 0 0 0 0 1 0 0 0 0 0 0 1 0 0 0 0 63 0 68 0 0 0 0 0 0 1058 0 0 0 0 0 0 0 0 0 0 0 0 0 0 0 0 0 0 0 0 0 0 0 0 0 0 0 0 0 0 0 0 0 0 0 0 0 0 0 0 0 0 0 0 0 0 0 0 0 0 0 0 0 0 0 0 0 0 0 0 0 0 0 0 0 0 0 0 0 0 0 0 0 0 0 0 0 0 0 0 0
0 0 0 0 0 0 0 0 0 0 0 0 1 0 0 0 0 241 2 0 2 0 0 0 0 0 0 15 0 0 0 0 0 0 0 0 22 0 0 1 0 0 55 0 0 0 0 0 8 0 0 97 0 0 17 1 0 0 0 0 0 1 1 2 0 0 1 1 1 1 0 0 6 0 0 62 0 0 0 0 0 52 0 0 0 155 0 0 0 0 4777 0 0 0 0 0 0 0 0 0 0 0 0 0 0 0 0 0 0 0 0 0 0 0 0 0 18 0 0 4 14 0 0 0 0 0 0 0 0 0 0 0 0 0 0 0 0 0 0 0 0 5 0 0 0 0 0 0 0 0 0 0 0 0 0 0 0 0 0 0 0 0 0 0
0 0 0 0 0 0 0 0 0 0 0 0 0 0 0 0 0 1 2 0 2 0 0 0 0 0 0 0 0 0 0 0 0 0 0 1 7 0 0 0 0 0 31 0 0 0 0 0 0 0 0 1 1 0 2 1 1 0 0 1 0 1 1 2 1 0 1 1 1 1 0 0 2 7 0 66 15 0 0 0 1 2 0 0 0 0 0 0 0 0 0 0 0 0 0 0 0 0 0 0 0 0 0 0 0 0 0 0 0 0 0 0 0 0 0 0 0 0 0 1 1 0 0 0 0 0 0 0 0 0 0 0 0 0 0 0 0 0 0 0 0 0 0 0 0 0 0 0 0 0 0 0 0 0 0 0 0 0 0 0 0 0 0 0
0 0 0 0 0 0 0 0 0 0 0 0 0 0 1 0 0 1 2 0 2 0 0 0 0 76 0 0 0 0 0 0 0 0 0 0 0 0 0 0 0 0 0 0 0 0 0 0 0 0 0 2 1 0 1 1 0 0 0 0 0 1 1 2 0 0 1 1 1 0 0 0 2 20 26 65 12 48 27 0 0 2 0 5 2 0 0 0 0 1 0 15 0 0 0 0 0 0 0 0 0 0 0 0 0 0 0 0 0 0 0 0 0 0 0 0 1 0 0 0 1 0 0 0 0 0 0 0 0 0 0 0 0 0 0 0 0 0 0 0 0 0 0 0 0 0 0 0 0 0 0 0 0 0 0 0 0 0 0 0 0 0 0 0
0 0 0 0 0 0 0 0 0 0 0 0 0 0 0 0 0 110 1 0 1 0 0 0 1 57 2 2 0 0 0 0 0 0 0 0 0 0 0 0 0 0 0 0 0 0 0 0 1 0 0 45 3 0 7 0 1 0 0 1 0 1 1 1 0 0 0 0 1 1 0 0 3 7 0 49 8 36 14 0 0 1 2 4 0 0 0 0 0 1 2246 129 0 0 0 0 0 0 0 0 0 0 0 0 0 0 0 0 0 1 0 0 0 0 0 0 8 0 0 0 5 0 0 0 0 0 0 0 0 0 0 0 0 0 0 0 0 0 0 0 0 0 0 0 0 0 0 0 0 0 0 0 0 0 0 0 0 0 0 0 0 0 0 0
158 51 42 20 44 89 65 0 0 0 30 161 110 0 459 29 0 160 287 270 285 30 0 0 1239 116 363 364 50 70 0 0 39 49 49 27 103 19 190 83 5 93 91 75 0 21 87 0 212 0 0 104 61 0 141 6 66 0 0 0 1 6 0 0 7 6 6 0 7 0 11 0 626 597 55 135 215 166 109 0 2 245 352 5 1 42 305 4 343 1 255 1407 36 0 41 8 0 0 0 0 0 41 0 0 0 0 0 0 0 37 0 0 0 98 526 48 110 93 0 25 173 0 0 0 45 0 0 0 0 0 19 0 0 0 0 10 71 12 165 5 0 17 2 25 30 284 208 211 10 281 28 46 2 0 29 0 1235 6 21 22 0 0 29 40
103 22 5 7 14 21 40 6 0 5 6 80 71 0 181 0 8 118 23 0 23 33 0 22 651 123 1553 1562 21 56 653 0 10 22 11 15 728 0 108 65 0 19 78 38 0 0 56 0 247 0 0 186 48 0 113 7 42 0 0 50 0 8 7 9 8 0 7 8 8 48 13 0 341 265 0 135 178 117 136 0 1684 3552 1303 0 0 0 217 77 231 278 196 41 0 0 0 0 0 0 0 0 0 0 0 0 0 0 0 0 4 23 0 0 0 63 213 26 70 0 0 0 205 0 0 0 0 0 15 0 0 0 0 0 0 0 0 0 0 0 0 0 0 5 1 0 0 17 104 109 18 12 0 0 1 0 0 0 649 0 1 0 0 0 0 26
0 4 0 0 0 0 0 0 0 0 0 28 90 0 57 1 7 8 0 0 0 0 0 0 0 286 0 0 0 66 0 0 0 9 0 109 53 0 74 47 0 71 0 36 0 2 106 0 75 0 0 25 8 0 23 1 8 0 0 15 2 4 3 6 6 0 3 7 5 9 72 0 56 164 221 257 91 221 181 0 0 1 3 2 0 36 2 0 3 3 0 0 0 0 22 0 0 0 0 0 0 0 0 0 0 0 0 0 6 1 0 0 0 0 1 0 29 0 0 58 109 0 0 607 0 0 1 0 76 0 0 0 0 0 0 0 0 0 71 0 25 23 71 32 0 0 46 50 32 0 0 1 0 0 0 69 0 0 9 0 21 0 25 12
0 4 0 0 0 0 0 0 0 0 0 57 81 0 130 0 14 8 0 0 0 0 0 0 0 364 0 0 0 88 0 0 0 0 0 115 80 0 88 0 0 65 2 46 0 0 77 0 100 0 0 29 15 0 30 1 11 0 0 20 2 5 4 7 8 0 3 3 6 12 22 0 65 208 278 326 174 0 218 0 0 2 3 2 0 24 2 0 3 4 1 1 0 0 0 0 0 0 0 0 0 0 0 0 0 0 0 0 9 1 0 0 0 0 134 7 47 0 0 14 109 0 0 364 0 0 1 0 183 0 0 0 0 0 0 0 0 0 55 0 8 32 66 38 7 0 87 91 36 0 5 21 0 0 0 180 0 2 4 1 0 0 16 8
1 41 0 0 0 0 8 0 0 0 0 119 117 0 443 10 5 7 0 0 0 2 0 0 0 179 0 0 0 87 0 0 21 60 0 184 82 0 143 87 0 65 0 94 0 0 83 0 210 0 0 137 24 0 54 1 63 0 0 57 1 2 2 4 76 0 11 89 3 61 19 0 172 450 144 246 318 398 550 0 0 6 6 10 1 47 3 0 6 2 1 8 0 0 24 0 0 4 0 0 0 0 0 0 0 0 0 0 59 1 0 0 0 0 6 4 54 0 0 27 287 0 0 0 0 0 13 0 271 0 0 0 0 0 0 0 0 0 96 0 0 34 55 7 4 0 118 122 6 0 1 12 0 0 0 269 0 0 0 0 0 0 36 17
0 0 0 0 0 0 0 0 9 0 0 0 320 0 54 0 41 5 0 0 0 0 0 0 0 123 0 0 7079 50 0 0 0 0 0 0 0 0 0 140 0 0 0 30 0 911 729 0 182 0 0 38 7 0 20 0 19 0 0 21 0 2 1 2 1 0 1 1 2 19 40 0 47 203 31 126 72 131 145 0 0 2 4 2 0 24 1 0 4 1 1 0 0 0 0 0 0 0 0 0 0 0 0 0 0 0 0 0 5 1 0 0 0 0 1 6543 33 0 0 15 105 0 0 0 0 0 0 0 37 0 0 0 0 0 0 0 0 0 0 0 0 85 24 36 4 0 33 36 14 0 2 16 0 0 0 30 0 31 5 0 0 0 2 8
0 0 0 0 0 8 0 0 444 166 201 110 25 130 20 0 0 4 3 0 3 0 0 0 0 58 0 0 125 30 0 0 0 0 0 225 0 0 335 0 0 88 515 0 0 0 0 0 0 0 0 9 11 0 15 0 6 0 0 12 0 1 0 0 0 0 0 0 2 0 1 0 0 0 0 63 21 0 0 0 0 0 0 0 0 0 0 0 0 0 0 0 0 0 0 0 0 0 0 0 0 0 0 0 0 0 0 0 1 1 0 0 0 0 0 111 3 0 0 0 0 0 0 0 0 0 0 0 0 0 0 0 0 0 0 0 0 0 0 0 0 0 5 268 210 0 0 1 0 0 207 507 0 0 0 0 0 0 0 0 0 0 0 0
0 38 21 0 0 0 1 0 144 557 723 344 186 0 260 0 182 90 0 0 0 0 0 0 0 152 0 0 436 351 0 33 204 153 169 604 417 0 777 54 0 301 1065 92 0 16 191 0 169 0 0 108 32 0 71 4 65 0 0 73 4 5 5 6 73 0 7 53 6 65 65 67 192 355 46 191 249 271 355 0 0 54 15 45 0 42 320 2 9 1 2 8 0 0 29 0 0 0 0 0 0 2 0 0 0 0 0 0 34 1 2 0 0 0 109 414 70 0 0 36 245 0 0 574 0 0 7 87 161 0 0 0 0 0 3 0 0 0 146 0 67 218 202 741 816 0 183 186 114 0 814 148 0 0 0 157 0 171 5 0 12 53 264 15
0 0 0 0 0 0 0 0 0 0 0 0 9 0 12 0 11 1 0 0 0 0 0 0 0 117 0 0 42 75 0 0 0 0 0 81 0 0 0 0 0 117 341 20 0 0 6 0 0 0 0 9 1 0 6 0 3 0 0 5 0 2 1 1 0 0 1 1 2 1 1 0 11 84 79 104 3 50 0 0 0 0 0 0 0 1 1 0 0 1 0 0 0 0 0 0 0 0 0 0 0 0 0 0 0 0 0 0 0 0 0 0 0 0 0 39 5 0 0 0 28 0 0 0 0 0 0 0 0 0 0 0 0 0 1 0 0 0 15 0 0 6 15 0 0 0 0 0 0 0 0 3 0 0 0 0 0 2 0 0 0 0 0 0
0 0 0 0 0 0 0 0 0 0 0 39 0 0 26 0 0 3 0 0 0 0 0 0 0 112 0 0 114 2718 0 0 0 8 0 0 28 0 205 0 0 469 26 10 0 0 0 0 20 0 0 15 3 0 8 0 0 0 0 9 0 1 0 0 1 0 1 0 2 0 1 0 32 72 0 105 37 72 23 0 0 2 0 0 0 0 0 0 0 0 0 0 0 0 0 0 0 0 0 0 0 0 0 0 19 0 0 0 2 0 0 0 0 0 1 109 6 0 0 0 36 0 0 0 0 0 0 0 0 0 0 0 0 0 0 0 0 0 0 0 0 7 5 61 237 0 1 3 1 0 235 95 0 0 0 0 0 0 0 0 0 0 0 0
0 55 81 0 0 37 54 0 4612 9165 9428 3641 1899 3578 787 108 378 49 9 68 9 3 0 0 5 119 38 37 6342 2826 0 18 1044 1662 2880 5917 1446 135 334 933 0 3635 0 40 88 0 472 0 229 0 0 187 138 0 214 3 95 0 0 201 0 4 3 4 44 0 8 42 4 111 164 522 342 289 0 226 552 382 558 0 0 804 60 37 74 35 6 0 15 0 3 9 0 259 33 0 0 0 0 0 0 31 0 0 0 0 0 0 47 3 0 0 0 0 438 5874 2380 0 0 52 338 0 0 0 0 0 3 68 1 0 0 0 0 0 0 0 0 0 197 0 87 200 233 9552 4612 6 2958 2962 112 2 4610 5011 0 0 47 0 0 356 104 96 95 147 302 32
0 0 0 0 0 0 1 0 556 260 365 154 175 169 30 0 80 39 4 0 5 0 0 0 0 113 2 3 34 19 0 0 0 0 0 118 0 0 0 0 0 0 0 8 0 0 252 0 0 0 0 29 81 0 98 1 18 0 0 60 0 5 4 2 6 0 4 4 5 18 37 239 50 30 0 105 44 82 55 0 0 23 6 6 0 0 0 0 2 0 11 0 0 0 0 0 0 0 0 0 0 0 0 0 0 0 0 0 6 2 0 0 0 0 0 33 8 0 0 0 97 0 0 1294 0 0 0 0 0 0 0 0 0 0 0 0 0 0 0 0 0 73 95 387 304 1 33 39 25 0 303 608 0 0 0 0 0 74 0 0 0 6 0 29
5 7 0 0 0 0 1 3 250 143 192 79 68 158 92 0 0 12 0 0 0 0 0 0 0 2 0 0 1489 75 0 0 85 0 898 906 0 0 0 0 71 155 0 0 0 0 25 0 0 0 0 33 35 0 47 3 23 0 0 37 0 3 0 2 0 0 4 15 3 0 10 0 5 0 0 57 75 5 0 0 0 0 0 0 0 0 0 0 0 0 0 0 0 0 0 0 0 0 0 0 0 0 0 0 0 0 0 0 10 5 0 0 0 0 0 1386 0 0 0 0 10 0 0 0 0 0 0 0 0 0 0 0 0 0 0 0 0 0 0 0 0 38 51 165 131 0 0 0 0 0 123 218 0 0 0 0 0 34 0 0 0 0 0 0
0 0 0 0 0 0 0 0 0 0 0 0 9 0 7 0 0 70 2 0 2 0 0 0 0 281 49 50 0 0 0 0 0 0 0 0 29 0 0 0 0 0 56 0 0 0 11 0 0 0 0 21 2 0 16 2 2 0 0 2 0 4 3 5 2 0 3 2 6 0 1 0 20 103 89 239 50 122 0 0 0 33 42 3 8 12 280 0 90 662 114 18 0 0 0 0 0 0 0 0 0 0 0 0 48 0 0 0 37 0 0 0 0 0 0 0 5 0 0 0 26 0 0 0 0 0 0 0 0 0 0 0 0 0 0 0 0 0 0 0 0 1 0 0 0 0 0 0 2 0 0 0 0 0 0 0 0 0 0 0 0 0 0 0
268 106 32 0 11 0 0 0 46 0 35 0 1690 0 544 44 368 241 49 0 51 0 0 0 1202 137 475 478 59 130 1175 137 32 49 20 12 218 29 289 1893 0 106 132 447 0 21586 2821 149 301 519 0 517 294 0 642 10 355 0 0 1323 7 11 4 8 154 3 9 14 10 404 295 190 1361 560 0 442 974 921 1482 0 288 261 531 187 283 103 425 165 490 304 375 165 0 415 47 0 0 77 253 0 1036 12 0 0 0 0 0 0 119 7 11 0 0 0 412 116 137 0 109 88 932 0 0 16 63 0 520 322 589 0 0 0 0 0 6 0 0 0 372 0 67 63 171 32 134 45 207 210 84 43 133 75 88 30 13 599 1199 370 159 141 253 55 617 145
23 0 0 0 0 0 0 0 0 0 0 0 87 0 22 6 4 53 49 29 49 3 0 0 2 112 4 4 8 5 0 6 0 8 2 0 44 0 8 135 11 18 61 10 0 0 0 0 19 0 0 24 15 0 40 2 12 0 0 40 2 3 0 0 7 0 2 0 3 14 58 0 62 164 0 115 64 119 129 0 0 76 10 21 53 36 47 0 9 1 48 40 0 0 17 0 0 0 0 0 0 2 0 0 4 11 0 0 7 33 3 0 0 10 4 10 7 0 15 147 87 0 0 0 2 0 0 70 26 0 0 0 0 0 0 0 0 0 6 0 75 37 53 1 0 47 0 1 93 45 0 4 2 12 0 23 0 14 9 2 19 36 244 23
0 0 0 0 0 0 0 0 0 0 0 1 5584 0 375 0 0 33 22 20 22 0 0 0 1 108 1 2 2 1 0 0 0 0 0 0 19 0 0 5729 0 0 0 0 0 126 0 0 10 0 0 9 11 0 24 1 0 0 0 19 0 2 0 0 2 0 1 0 2 2 6 0 129 24 3 122 83 86 67 0 0 13 22 5 0 0 29 0 15 1 33 43 0 0 0 0 0 0 0 0 0 0 0 0 0 0 0 0 1 6 0 0 0 10 2 3 5 0 0 51 134 0 0 0 0 0 0 0 0 0 0 0 0 0 0 0 0 0 0 0 0 10 8 0 0 19 0 0 19 17 0 4 8 0 0 0 0 0 0 0 0 0 25 5
100 56 28 123 33 17 1 35 86 43 12 61 77 74 57 162 72 997 167 163 182 9 8 18 102 160 429 431 24 56 83 185 20 30 3 47 222 112 177 72 60 199 169 199 0 15 64 0 3131 581 0 151 106 0 194 6 75 0 0 143 3 8 4 6 14 1 6 7 8 88 60 203 259 423 0 177 134 202 227 0 0 515 433 153 113 0 400 95 207 381 345 173 0 0 35 0 0 2 9 0 1193 27 0 0 0 0 0 0 490 0 4 0 0 0 8 48 59 0 669 42 308 0 0 0 247 0 52 0 8 0 0 0 0 0 0 7 0 0 130 0 42 69 22 33 78 164 42 44 77 162 77 99 28 25 22 0 99 65 53 52 65 38 235 56
0 0 0 0 0 0 0 0 0 0 0 0 0 0 3 0 0 14 0 0 0 0 0 0 0 246 0 0 2 0 0 0 0 0 0 0 9 0 56 0 0 60 6 28 0 0 0 0 0 2899 0 19 96 0 109 2 17 0 0 47 0 5 3 0 2 0 3 2 6 0 17 0 49 2 0 226 49 50 0 0 0 0 1 0 0 15 0 0 0 1 0 0 0 0 0 0 0 0 0 0 0 0 0 0 0 0 0 0 7 0 0 0 0 0 4 20 10 0 0 0 159 0 0 0 0 0 34 0 0 0 0 0 0 0 0 0 0 0 0 0 0 0 0 0 0 0 0 0 0 0 0 0 0 0 0 0 0 0 0 0 0 0 0 0
170 92 27 287 46 93 18 56 64 50 84 87 521 35 341 0 39 379 28 0 32 0 0 92 202 230 1021 1027 787 1327 180 825 746 1369 2469 1143 1191 1398 650 929 1241 1651 601 2548 0 193 702 0 0 0 3309 443 407 24 611 26 150 0 0 350 24 26 24 22 72 19 27 63 25 165 192 1048 564 1284 0 337 412 509 703 0 1117 2302 1008 937 541 52 418 0 337 398 313 220 0 713 254 51 0 180 40 0 261 24 0 0 174 0 0 0 287 82 99 0 0 124 43 808 150 0 140 91 693 0 479 216 27 0 293 0 74 0 0 0 0 121 14 0 0 45 637 0 392 319 261 97 36 24 51 53 428 22 34 71 185 160 1 47 193 19 71 55 109 197 644 29
161 49 15 37 30 16 39 37 50 31 19 118 237 32 171 55 15 415 87 79 92 52 18 34 673 160 360 362 229 145 661 309 138 147 69 276 239 178 219 218 266 285 203 382 34 155 173 8 337 0 0 606 272 0 772 19 106 0 0 238 17 20 15 17 26 12 16 17 16 116 1109 669 896 1086 0 205 230 266 343 0 175 381 379 333 221 187 365 95 380 305 323 177 0 3320 173 0 0 2 40 0 40 4 60 52 234 0 202 0 372 288 274 99 89 129 95 227 124 99 0 909 909 503 1313 0 71 0 127 88 280 0 110 0 312 887 413 0 0 12 3456 0 773 1324 310 24 30 84 124 126 837 82 28 53 78 129 12 268 670 5 142 19 985 335 909 43
0 0 0 0 0 0 0 0 0 0 0 0 0 0 0 0 0 0 0 0 0 0 0 0 0 0 0 0 0 0 0 0 0 0 0 0 0 0 0 0 0 0 0 0 0 0 0 0 0 0 0 0 0 0 0 0 0 0 0 0 0 0 0 0 0 0 0 0 0 0 0 0 0 0 0 0 0 0 0 0 0 0 0 0 0 0 0 0 0 0 0 0 0 0 0 0 0 0 0 0 0 0 0 0 0 0 0 0 0 0 0 0 0 0 0 0 0 0 0 0 0 0 0 0 0 0 0 0 0 0 0 0 0 0 0 0 0 0 0 0 0 0 0 0 0 0 0 0 0 0 0 0 0 0 0 0 0 0 0 0 0 0 0 0
0 0 0 0 0 0 0 0 0 0 0 0 0 0 0 0 0 1 0 0 0 0 0 0 0 5 0 0 0 0 0 0 0 0 0 0 0 0 0 0 0 0 0 0 0 0 0 0 0 0 0 3 0 0 7 0 0 0 0 0 0 0 0 0 0 0 0 0 0 0 0 0 0 0 0 5 0 0 0 0 0 0 0 0 0 0 0 0 185 7 0 0 0 0 0 0 0 0 0 0 0 0 0 0 0 0 0 0 0 0 0 0 0 0 0 0 0 0 0 0 0 0 0 0 0 0 0 0 0 0 0 0 0 0 0 0 0 0 0 0 0 0 0 0 0 0 0 0 0 0 0 0 0 0 0 0 0 0 0 0 0 0 0 0
379 193 237 136 333 327 255 413 343 140 170 436 282 125 1150 172 527 277 75 76 77 0 215 210 2143 96 528 531 91 192 2126 145 86 99 106 53 195 42 563 175 19 66 119 136 43 49 165 35 323 0 9 530 484 0 386 531 559 192 422 438 542 0 547 60 462 479 539 532 546 468 196 369 1142 694 9 156 849 240 353 88 183 312 521 156 205 138 522 492 584 226 438 215 0 441 53 5 7 48 11 5 404 238 90 63 369 38 2066 0 567 73 759 145 47 159 1326 101 304 165 65 410 385 223 36 0 449 0 694 54 49 30 344 366 21 29 55 10 305 0 483 0 233 121 34 168 112 74 522 523 236 72 112 345 67 20 328 38 2141 524 397 422 179 276 190 60
0 0 0 0 0 0 0 0 0 0 0 0 0 0 0 0 0 0 0 0 0 0 0 0 0 0 0 0 0 0 0 0 0 0 0 0 0 0 0 0 0 0 0 0 0 0 0 0 0 0 0 0 0 0 0 0 0 0 0 0 0 0 0 0 0 0 0 0 0 0 0 0 0 0 0 0 0 0 0 0 0 0 0 0 0 0 0 0 0 0 0 0 0 0 0 0 0 0 0 0 0 0 0 0 0 0 0 0 0 0 0 0 0 0 0 0 0 0 0 0 0 0 0 0 0 0 0 0 0 0 0 0 0 0 0 0 0 0 0 0 0 0 0 0 0 0 0 0 0 0 0 0 0 0 0 0 0 0 0 0 0 0 0 0
11 34 0 4 6 1 2 1 18 52 31 4015 6 59 15 12 0 3 0 4 0 0 29 42 0 0 0 0 0 0 0 0 0 0 0 2 11 0 0 1 0 0 0 0 0 0 0 0 0 0 0 72 20 0 8 0 12 0 0 10 14 0 18 0 0 0 8 14 19 0 1 0 18 0 0 7 2 9 13 0 0 5 10 5 0 0 3 2 14 0 0 0 0 0 0 0 0 107 0 95 169 0 0 0 0 0 0 0 53 0 0 0 0 0 21 3 6 0 0 0 150 0 0 0 0 0 7 0 64 24992 20 0 0 0 0 0 0 0 0 0 0 0 0 0 0 0 5728 5730 0 0 0 0 131 0 0 0 0 0 0 0 0 0 0 0
0 0 0 0 0 0 0 0 0 0 0 0 51 0 3 0 0 0 0 0 0 0 0 0 0 0 0 0 0 0 0 0 0 0 0 0 0 0 0 50 0 0 0 0 0 0 80 0 0 0 0 1 3 0 2 0 0 0 0 0 0 0 0 0 0 0 0 0 4 0 0 0 0 0 0 1 0 0 0 0 0 0 0 0 0 0 0 0 0 0 0 0 0 0 0 0 0 0 0 0 0 0 0 0 214 0 0 0 157 3 0 0 0 0 0 0 0 0 0 0 0 0 0 0 0 0 0 0 0 0 0 0 0 0 0 0 0 0 0 0 0 0 0 0 0 0 0 0 0 0 0 0 2 0 0 0 0 0 0 0 0 0 0 0
801 1287 1695 809 2895 3764 497 1119 2108 372 612 1080 447 1173 1739 859 1013 415 87 131 92 0 391 375 1168 61 378 380 79 158 1158 285 76 95 82 62 214 73 309 76 164 2549 104 120 45 35 13 104 282 7 23 400 391 0 564 332 546 0 240 851 347 0 348 0 359 281 343 371 349 489 74 201 747 333 0 118 1166 187 281 2548 129 613 394 298 203 117 275 414 350 134 344 164 0 607 2 0 0 1224 15 12 2795 1703 0 0 0 0 0 9174 57 0 1 0 0 0 1936 98 635 189 316 531 547 285 126 69 2060 4520 3649 3870 4530 0 631 31 17 14 76 18 3327 22 639 0 125 126 43 611 1148 85 942 943 124 83 1147 2128 1278 10 2919 4658 1166 1009 1010 1129 55 41 146 42
139 15 153 173 193 117 85 153 83 46 55 114 2597 64 453 67 361 87 0 29 0 0 41 40 112 7 244 245 22 62 107 175 19 23 16 26 489 43 60 2603 25 58 28 50 45 13 4055 24 2457 547 83 2778 436 0 460 106 417 0 0 1118 118 0 122 0 190 53 126 280 123 399 3 43 283 52 0 48 240 75 152 12433 138 147 257 176 204 15 29 72 53 10 22 0 0 0 0 0 8 582 51 10 913 156 0 0 0 0 0 37659 35 0 2 0 0 0 299 31 62 0 0 6 322 0 0 0 0 0 22 0 447 0 0 0 0 0 0 0 122 0 1 0 13 5 4 56 61 0 128 130 15 0 60 83 605 0 189 460 111 354 138 155 0 0 0 0
0 0 0 0 0 0 0 0 0 0 0 0 0 0 0 0 0 0 0 0 0 0 0 0 227 17 0 0 0 0 163 0 0 0 0 0 0 0 0 0 0 0 0 0 0 0 0 0 0 0 0 6 5 0 4 0 10 0 0 0 0 0 0 0 0 0 0 0 6 0 0 0 104 10 0 21 1 19 25 0 0 0 0 0 0 0 0 0 0 12 0 0 0 0 0 0 0 0 0 0 0 0 0 0 0 0 0 0 0 0 0 0 0 0 0 0 0 0 0 0 0 0 0 0 0 0 0 0 0 0 0 0 0 0 0 0 0 0 0 0 0 0 0 0 0 0 0 0 0 0 0 0 0 0 0 0 224 0 0 0 0 0 0 0
303 6 0 24 2 8 15 5 4 4 3 19 55 5 60 43 5 229 826 794 820 0 0 0 5 10 35 36 0 1 0 1 0 0 0 1 89 0 22 5 0 6 37 14 0 0 5 0 74 0 0 386 43 0 43 0 9 0 0 35 0 0 3 0 0 0 0 9 5 0 1 0 41 94 0 14 28 6 11 632 17 77 36 4 2 38 54 19 60 64 44 0 0 74 0 0 0 94 0 0 116 0 0 0 100 0 28 1 100 5 14 0 0 33 62 3 84 4 0 31 130 0 0 0 0 132 0 0 1 0 0 0 0 12 4 0 0 0 127 0 12 28 8 4 4 825 22 23 15 823 3 4 117 0 0 0 3 1 2 2 0 0 22 0
0 0 0 0 0 0 0 0 0 0 0 0 0 0 0 0 0 6 0 0 0 0 0 0 0 0 0 0 0 0 0 0 0 0 0 0 0 0 0 0 0 0 0 0 0 0 0 0 0 0 0 0 635 458 207 988 813 633 868 545 994 0 1004 514 886 937 996 973 1000 709 0 88 5 0 0 6 0 0 2 0 0 0 0 0 0 0 0 0 0 0 0 0 0 0 0 0 0 0 0 0 0 0 0 0 0 0 0 0 2 0 0 0 0 0 1 15 8 0 0 0 5 0 0 0 0 0 0 0 0 0 0 0 0 0 0 0 0 0 0 0 0 0 0 0 0 0 0 0 0 0 0 0 0 0 0 0 0 0 0 0 0 0 0 0
0 0 0 0 0 0 0 0 0 0 0 0 13 0 4 0 0 3 0 0 0 0 0 0 297 111 0 0 0 0 290 0 0 0 0 0 2 0 0 15 0 0 2 0 0 3 20 0 0 0 0 12 24 0 26 0 13 0 0 16 0 0 0 0 0 0 0 0 2 0 0 96 143 92 39 104 25 83 73 0 0 0 0 0 0 0 0 0 0 17 0 0 0 0 0 0 0 0 0 0 0 0 0 0 0 0 0 0 2 0 0 0 0 0 0 0 0 0 0 0 5 0 0 0 0 0 0 0 0 0 0 0 0 0 0 0 0 0 0 0 0 0 0 0 0 0 0 0 0 0 0 0 0 0 0 0 296 0 0 0 0 0 0 0
0 0 0 0 0 0 0 0 0 0 0 0 2709 0 204 0 0 20 0 0 0 0 0 0 628 166 0 0 0 0 619 0 0 0 0 0 15 0 0 2748 0 0 0 0 0 6 4316 0 74 0 0 58 452 0 253 465 435 129 356 352 475 0 482 0 393 414 473 465 482 344 0 702 380 767 90 183 104 177 203 0 0 5 12 0 0 0 2 0 8 0 0 0 0 0 0 0 0 0 0 0 0 0 0 0 0 0 0 0 8 0 0 0 0 1804 261 10 402 1590 0 0 95 0 0 0 0 0 0 0 0 0 0 0 0 0 0 0 0 0 0 0 0 0 0 0 0 0 0 0 0 0 0 0 0 0 0 0 627 0 0 0 0 0 0 0
0 0 0 0 0 0 0 0 0 0 0 0 0 0 0 0 0 32 122 115 121 0 0 0 0 303 0 0 0 0 0 0 0 0 0 0 27 0 0 0 0 0 23 0 0 0 0 0 0 0 0 124 49 0 13 44 46 0 0 30 50 0 62 0 0 0 52 56 65 0 0 0 10 0 200 260 42 186 119 0 0 0 0 0 0 0 0 0 0 151 0 0 0 0 0 0 0 0 0 0 0 0 36 0 3915 0 83 61 567 56 192 0 0 278 40 2 62 223 0 0 3 0 0 0 0 0 0 0 0 0 0 0 0 0 0 0 0 0 0 0 0 0 0 0 0 120 0 0 0 119 0 0 0 0 0 0 0 0 0 0 0 0 0 0
1 20 0 2 0 0 0 0 0 6 0 3 44 0 5552 8 0 212 126 121 125 0 0 0 0 38 119 120 15 37 0 24 9 12 12 12 54 11 0 30 6 13 38 27 0 4 30 0 70 0 0 107 64 0 39 52 57 0 0 45 66 0 70 0 6 0 61 65 71 0 1 47 30 143 0 39 3439 26 20 0 27 67 114 27 23 6 830 37 127 88 101 1 0 0 4 0 0 0 0 0 0 0 14 0 87 0 307 15 142 10 132 0 0 97 6734 17 37 62 0 0 38 0 0 0 0 0 0 32 14 0 0 0 0 0 0 0 0 0 0 0 0 0 0 0 0 124 2 3 0 123 0 0 0 0 0 11 0 0 0 0 0 0 0 0
0 0 0 0 0 0 0 0 0 0 0 0 0 0 0 0 0 3 11 10 11 0 0 0 0 1 0 0 0 0 0 0 0 0 0 0 0 0 0 0 0 0 0 0 0 0 0 0 0 0 0 7 7 0 2 0 5 0 0 1 5 0 9 0 0 0 0 5 11 0 0 0 0 0 0 2 0 0 0 0 0 0 0 0 0 0 0 0 0 1 0 0 0 0 0 0 0 0 0 0 0 0 0 0 634 0 16 0 15 4 10 0 0 20 3 0 4 0 0 0 0 0 0 0 0 0 0 0 0 0 0 0 0 0 0 0 0 0 0 0 0 0 0 0 0 9 0 0 0 8 0 0 0 0 0 0 0 0 0 0 0 0 0 0
0 0 0 0 0 0 0 0 0 0 0 0 9 0 3 0 0 1 0 0 0 0 0 0 331 27 0 0 0 0 324 0 0 0 0 0 0 0 0 9 0 0 0 0 0 0 13 0 0 0 0 10 6 0 6 0 14 0 0 8 0 0 4 0 0 0 0 0 5 0 0 0 154 75 0 31 10 30 41 0 0 0 0 0 0 0 0 0 0 3 0 0 0 0 0 0 0 0 0 0 0 0 0 0 0 0 0 0 2 1 0 0 0 0 0 0 0 0 0 0 2 0 0 0 0 0 0 0 0 0 0 0 0 0 0 0 0 0 0 0 0 0 0 0 0 0 0 0 0 0 0 0 0 0 0 0 330 0 0 0 0 0 0 0
0 0 0 0 0 0 0 0 0 0 0 0 0 0 0 0 0 0 0 0 0 0 0 0 0 0 0 0 0 0 0 0 0 0 0 0 0 0 0 0 0 0 0 0 0 0 0 0 0 0 0 0 0 0 0 0 0 0 0 0 0 0 0 0 0 0 0 0 0 0 0 0 0 0 0 0 0 0 0 0 0 0 0 0 0 0 0 0 0 0 0 0 0 0 0 0 0 0 0 0 0 0 0 0 0 0 0 0 0 0 0 0 0 0 0 0 0 0 0 0 0 0 0 0 0 0 0 0 0 0 0 0 0 0 0 0 0 0 0 0 0 0 0 0 0 0 0 0 0 0 0 0 0 0 0 0 0 0 0 0 0 0 0 0
0 0 0 0 0 0 0 0 0 0 0 0 9 0 7 0 0 14 36 30 36 0 0 0 3529 331 0 0 0 0 3442 0 0 0 0 0 11 0 0 18 0 0 0 4 0 0 0 0 39 0 0 104 102 0 91 65 222 0 0 161 67 0 66 0 29 21 72 63 84 0 0 0 1648 119 0 367 250 431 525 0 0 2 5 0 0 0 0 0 1 94 0 0 0 0 9 0 0 0 0 0 0 0 0 0 0 0 0 0 22 10 0 0 0 22 5 3 7 0 0 0 14 0 0 0 0 0 0 0 0 0 0 0 0 0 0 0 0 0 0 0 0 0 0 0 0 34 0 0 0 32 0 0 62 0 0 0 3527 0 0 0 0 0 0 0
0 0 0 0 0 0 0 0 0 0 0 0 0 0 0 0 0 0 0 0 0 0 0 0 0 0 0 0 0 0 0 0 0 0 0 0 0 0 0 0 0 0 0 0 0 0 0 0 0 0 0 0 0 0 1 0 0 0 0 0 0 0 0 0 0 0 0 0 0 0 0 0 0 0 0 0 0 0 0 0 0 0 0 0 0 0 0 0 0 0 0 0 0 0 0 0 0 0 0 0 0 0 0 0 47 0 0 0 0 0 0 0 0 0 0 0 0 0 0 0 1 0 0 0 0 0 0 0 0 0 0 0 0 0 0 0 0 0 0 0 0 0 0 0 0 0 0 0 0 0 0 0 0 0 0 0 0 0 0 0 0 0 0 0
427 0 0 0 0 108 172 0 0 0 0 0 490 0 113 70 0 366 140 135 139 0 0 0 3762 156 960 962 151 318 3579 179 104 92 91 64 290 0 566 590 0 0 47 214 0 60 737 0 97 0 0 907 869 0 1012 6 304 0 0 658 6 0 0 0 45 0 10 40 10 149 44 0 2027 966 0 299 422 497 736 0 0 542 932 283 239 47 838 0 996 0 627 315 0 0 62 0 0 0 0 0 0 6 0 0 0 0 0 0 54 5 0 0 0 0 18 163 36 0 0 78 587 0 0 0 0 0 173 0 0 0 0 0 0 0 0 0 0 0 0 0 0 0 22 0 0 129 0 0 0 121 0 0 191 149 0 0 3753 0 11 7 0 0 0 0
179 225 37 0 311 0 128 0 0 0 0 0 0 0 23 0 0 13 4 0 4 0 0 0 3 105 0 0 0 0 0 0 0 0 0 0 5 0 0 0 0 0 0 0 0 0 0 0 0 0 0 19 0 0 4 0 0 0 0 0 0 0 0 0 0 0 0 0 2 0 0 0 0 470 0 90 0 31 0 0 0 0 0 0 0 0 0 0 0 244 0 0 0 0 0 0 0 0 0 0 0 133 0 0 0 0 0 0 0 1 0 0 0 0 0 0 0 0 0 0 13 0 0 0 0 0 0 0 0 0 0 0 0 0 0 0 0 0 0 0 0 0 0 0 0 0 0 0 0 0 0 4 0 0 300 0 0 0 39 44 0 0 0 0
1045 2284 1104 1392 2362 687 2340 0 0 0 0 24 0 0 230 0 0 48 14 0 14 17 0 0 31 0 0 0 0 0 0 0 0 0 0 0 49 0 0 0 0 0 54 0 0 0 0 0 0 0 0 161 26 0 28 1 6 0 0 0 0 1 0 0 1 0 1 0 3 0 3 0 0 0 0 107 0 0 0 0 0 2 0 0 0 0 21 0 15 252 28 0 0 0 0 0 0 0 0 0 0 2246 0 0 0 0 0 0 0 2 0 0 0 0 2 1 24 0 0 0 166 0 0 0 0 0 0 0 0 0 0 0 0 0 0 0 1520 0 0 0 0 1 0 25 65 7 0 0 0 1 61 109 0 0 2712 0 0 0 475 546 0 0 0 0
0 46 87 0 258 194 210 0 122 42 0 38 0 50 74 0 0 307 55 18 56 217 62 0 0 449 42 37 0 19 0 146 0 0 0 0 164 0 0 11 5 55 23 0 826 32 0 44 371 227 26 385 1917 0 2076 71 319 49 81 1065 62 74 0 0 0 33 70 47 76 39 49 8385 453 2366 0 613 330 256 10 44 532 231 40 42 634 0 84 427 0 47 0 0 0 434 32 0 0 0 0 0 5 246 0 99 0 0 0 0 74 164 771 0 0 4 19 71 21 0 0 86 346 0 0 0 0 0 0 0 0 15 0 0 0 0 0 0 33 0 232 66 0 0 752 47 65 0 0 0 127 0 62 178 0 5 447 0 0 0 77 86 0 0 356 1
0 0 79 0 0 0 0 0 0 0 0 0 0 0 0 0 0 1 0 0 0 0 0 0 0 0 0 0 0 0 0 0 0 0 0 0 0 0 0 0 0 0 0 0 0 0 0 0 0 0 0 1 0 0 4 0 0 0 0 0 0 0 0 0 0 0 0 0 0 0 102 0 0 0 0 0 0 0 0 0 0 0 0 0 0 0 0 0 0 0 0 0 0 0 0 0 0 0 0 0 0 232 0 0 0 0 0 0 0 0 0 0 0 0 0 0 0 0 0 0 0 0 0 0 0 0 0 0 0 0 0 0 0 0 0 0 0 0 0 50 0 0 0 0 0 0 0 0 0 0 0 0 0 0 0 0 0 0 0 0 0 0 0 0
0 0 0 0 0 0 0 0 0 0 0 0 450 0 21 0 0 17 31 15 30 0 0 0 143 119 12 0 0 0 0 0 0 0 0 0 0 0 0 0 0 0 0 0 0 0 0 0 0 0 0 14 11 0 12 0 19 0 0 0 0 8 0 0 0 0 14 0 16 0 35 0 59 172 0 114 0 6 0 0 0 0 0 0 0 0 0 0 0 0 0 0 0 0 0 0 0 0 0 0 0 0 0 0 0 0 0 0 2042 0 0 0 0 0 22 0 1245 0 0 28 10 0 0 0 0 0 15 0 12 0 0 0 0 0 0 0 0 0 0 0 0 0 0 0 0 16 0 4 0 11 0 0 0 0 0 4 142 0 55 59 0 0 0 0
0 0 0 0 0 0 0 0 0 0 0 0 0 0 0 0 0 103 8 0 7 0 0 0 0 417 90 87 0 0 0 0 0 487 0 0 70 0 0 0 0 0 0 0 0 0 0 0 0 0 0 52 1 0 35 0 7 0 0 0 0 0 0 0 0 0 7 0 14 0 3 0 0 281 0 401 0 0 0 0 0 21 72 0 0 0 292 0 91 1075 258 0 0 0 0 0 0 0 0 0 0 0 0 0 0 0 0 0 559 12 0 0 0 0 0 0 0 0 0 0 50 0 0 0 0 0 0 0 0 0 0 0 0 0 0 0 0 0 0 0 0 0 0 0 0 0 0 0 0 0 0 0 126 0 0 0 0 0 0 0 0 0 0 0
0 0 0 0 0 0 0 0 0 0 0 3505 0 0 26 0 0 304 3 0 2 0 0 0 69 775 378 378 0 0 0 0 0 0 0 0 324 0 1 0 0 0 508 65 0 0 0 0 291 0 0 372 22 0 85 0 9 0 0 0 0 0 0 0 0 0 6 0 16 0 0 0 102 1053 0 696 86 336 0 0 0 255 358 0 57 0 1049 101 627 1886 983 0 0 3 0 0 0 0 0 0 0 0 0 0 664 0 0 0 327 24 0 0 0 39 0 0 17 0 0 7 106 0 0 0 0 0 0 0 0 0 0 0 0 0 0 0 0 0 17 0 0 2 0 0 0 0 5065 5079 0 0 0 0 20 0 0 0 69 63 0 0 0 0 0 0
225 159 143 828 248 91 365 266 237 80 133 164 1764 145 536 82 231 627 1142 1037 1135 0 0 279 421 279 495 498 764 657 416 948 539 1147 2739 1017 970 1618 462 1942 1217 2255 1114 565 306 425 2571 488 611 1492 734 609 786 0 1170 34 204 0 0 720 0 46 46 37 139 43 54 135 48 140 175 177 830 2564 0 404 494 583 801 0 1462 408 515 1033 818 172 574 340 453 446 516 647 368 1264 1687 1162 966 940 0 351 2118 95 7 0 220 0 115 0 426 244 147 41 62 394 128 756 272 358 0 4 819 0 0 290 134 0 2767 125 275 153 445 45 0 81 64 97 116 153 1550 0 315 138 349 145 151 1139 117 119 331 1138 149 244 1012 1115 243 265 419 229 353 376 145 218 989 127
7 22 14 113 19 8 10 29 0 0 0 16 35 0 74 8 0 210 281 268 279 89 0 15 0 161 1 0 39 17 0 0 79 62 14 153 177 164 17 41 266 886 123 7 0 12 7 9 57 0 0 215 112 0 211 7 45 0 0 75 0 9 8 7 18 0 8 10 10 75 5 55 99 67 0 156 66 113 47 0 0 11 0 83 0 0 59 0 24 325 44 0 0 0 98 0 0 22 0 0 17 0 0 0 0 0 0 0 9 73 0 0 0 6 4 42 13 0 1012 456 261 0 0 0 0 0 0 0 0 0 0 0 0 0 0 0 0 0 194 0 0 105 66 11 35 278 1 3 30 275 33 47 144 193 0 0 0 0 26 29 0 0 0 12
0 0 0 0 0 0 0 0 0 0 0 0 1 0 1 0 0 23 2 0 3 0 0 0 0 98 0 0 0 0 0 0 0 0 0 0 345 0 0 0 0 0 52 0 0 0 0 0 2 0 0 48 6 0 19 0 9 0 0 9 0 1 0 0 4 0 1 0 2 0 3 0 11 0 0 92 16 0 0 0 0 0 0 35 0 0 0 0 0 0 0 0 0 0 0 0 0 0 0 0 0 0 0 0 0 0 0 0 2 44 0 0 0 4 1 0 2 0 608 0 34 0 0 0 0 0 0 0 0 0 0 0 0 0 0 0 0 0 0 0 0 3 0 0 0 0 0 0 13 0 0 0 1 116 0 9 0 0 0 0 0 0 0 0
0 0 0 0 0 0 0 0 0 0 0 0 1 0 2 0 0 18 2 0 2 0 0 0 0 0 1447 1469 0 0 0 0 0 0 0 0 38 0 0 0 0 0 45 0 0 0 0 0 0 0 0 32 5 0 20 0 6 0 0 5 0 1 0 0 3 0 1 0 2 0 1 0 7 8 0 76 15 0 0 0 76 106 0 52 0 0 16 0 0 208 7 0 0 0 0 0 0 0 0 0 0 0 0 0 0 0 0 0 0 49 0 0 0 11 1 0 3 0 0 0 95 0 0 0 0 0 0 0 0 0 0 0 0 0 0 0 0 0 0 0 0 0 0 0 0 0 0 0 1 0 0 0 0 0 0 0 0 0 0 0 0 0 0 0
17 3 0 0 0 0 0 2 0 0 0 0 13 0 7 0 0 161 12 0 12 54 0 72 0 225 116 116 0 0 0 13319 0 0 0 0 66 0 2 16 0 0 156 0 0 0 0 0 22 0 0 170 358 0 909 0 74 0 0 164 0 5 4 2 11 0 3 2 6 92 34 0 30 60 0 214 49 150 98 0 0 0 0 0 13 0 59 0 33 570 57 0 0 0 0 0 0 0 0 0 0 0 0 0 0 0 0 0 44 415 0 0 0 143 21 2 49 0 941 0 334 0 0 0 0 0 299 0 0 0 0 0 0 0 0 0 0 0 0 0 0 0 5 0 0 6 0 0 30 2 0 0 5 0 0 0 0 0 6 2 0 0 0 0
14 7 11 10 2 1 0 5 0 16 0 6 17 0 66 3 0 255 4 0 7 142 0 75 0 19 2312 2342 0 0 0 789 4 3 0 14 380 8 4 15 0 32 79 0 0 0 5 0 18 0 0 210 85 0 356 8 39 0 0 53 0 13 12 11 20 0 12 12 14 40 1 0 66 201 0 110 33 52 0 0 488 1736 2193 0 0 0 51 3161 10 270 0 141 0 0 0 0 0 0 0 0 0 0 0 0 0 0 0 0 8 96 0 0 0 14 3 3 37 0 1021 0 230 0 0 0 0 0 0 0 0 0 0 0 0 0 0 0 0 0 0 0 0 42 0 1 6 1 0 2 12 0 4 16 24 27 0 0 0 0 0 0 0 0 0 63
0 0 0 0 0 0 0 0 0 0 0 6 25 0 27 14 0 1440 1050 1004 1059 688 0 322 2 121 0 9 1 1 0 1981 0 0 0 0 130 0 0 27 0 319 139 0 0 0 18 96 0 0 0 372 180 0 1902 7 74 0 0 146 0 9 9 9 24 0 9 12 10 108 15 0 446 170 34 171 133 105 164 0 27 218 25 1935 544 0 1175 198 163 516 131 6151 3896 178 324 1011 65 0 1443 0 277 1 0 0 0 0 0 0 19 226 0 0 0 28 0 0 271 0 2329 99 471 0 0 0 0 0 0 0 0 0 0 0 0 0 0 0 0 0 66 0 0 0 2 0 0 1047 0 1 12 1044 0 1 144 200 0 0 0 0 0 0 0 0 0 0
0 0 253 0 0 2 0 0 0 0 0 0 0 0 28 0 0 1947 4 0 4 0 0 0 0 66 6 7 0 0 0 0 0 0 0 0 74 0 0 0 0 165 31 0 0 0 0 0 14 0 0 264 63 0 194 0 7 0 0 12 0 1 1 0 1 0 1 1 2 11 1 0 8 0 0 64 28 0 0 0 0 14 0 0 0 0 0 0 0 0 0 4176 0 0 0 0 0 0 0 0 0 0 0 0 0 0 0 0 0 8 0 0 0 1 0 0 126 0 0 0 215 0 0 0 0 0 0 0 0 0 0 0 0 0 0 0 0 0 0 0 0 0 0 0 0 0 0 0 0 0 0 0 0 11 0 0 0 0 0 0 0 0 0 0
0 0 0 5 0 0 0 0 0 0 0 2 18 0 21 0 0 808 75 74 90 0 0 0 0 235 50 50 1 1 0 0 0 3 0 25 85 0 5 8 56 694 128 4 0 0 7 0 21 100 0 262 104 0 1055 0 21 0 0 49 0 4 3 2 4 0 3 3 5 29 1 139 269 19 0 215 82 96 0 0 157 103 84 3 0 0 144 0 8 3 0 5697 403 0 0 99 0 0 0 0 97 0 0 0 0 0 0 0 1 47 0 0 0 3 2 3 144 0 0 14 263 0 0 0 0 0 0 0 0 0 0 0 0 0 0 0 0 0 0 0 0 0 0 0 0 71 0 0 0 68 0 0 112 92 0 0 0 0 0 0 0 0 0 0
0 0 0 0 0 0 0 0 0 103 0 0 4 0 1 0 0 44 6 2 6 0 0 0 0 218 0 1 0 0 0 0 0 0 0 0 23 0 0 0 0 0 42 0 0 0 0 0 4 0 0 135 0 0 313 0 2 0 0 2 0 3 2 0 1 0 2 1 4 0 1 0 160 0 129 188 39 0 0 0 0 5 16 0 0 0 1 0 0 1 0 0 0 0 0 0 0 0 0 0 0 0 0 0 0 0 0 0 0 8 0 0 0 0 0 0 15 0 0 0 63 0 0 0 0 0 0 0 0 0 0 0 0 0 0 0 0 0 0 0 0 0 0 0 0 3 0 0 0 0 0 0 0 0 0 0 0 0 0 0 0 0 0 0
0 0 0 0 0 0 0 0 0 0 0 0 0 0 0 0 0 13 9 0 8 0 0 0 0 39 0 0 0 0 0 0 0 0 0 0 7 0 0 0 0 4 29 0 0 0 0 0 0 0 0 6 0 0 17 3 3 0 0 0 0 5 0 5 0 0 0 0 6 0 1 93 0 0 0 37 9 0 0 0 0 0 0 0 0 0 29 0 0 0 0 0 0 0 0 0 0 0 0 0 0 0 0 0 0 0 0 0 0 61 0 0 0 0 0 0 0 0 0 10 0 0 0 0 0 0 0 0 0 0 0 0 0 0 0 0 0 0 0 0 0 0 0 0 0 0 0 0 0 0 0 0 0 0 0 0 0 0 0 0 0 0 0 0
0 0 0 0 0 0 0 0 0 31 0 0 7 0 5 0 0 571 5 0 6 0 0 0 0 96 0 8 0 0 0 0 0 0 0 0 33 0 1 2 0 0 39 0 0 0 0 0 17 0 0 240 12 0 282 0 5 0 0 8 0 7 6 6 3 0 4 4 9 5 1 0 60 0 26 86 23 0 0 0 0 29 0 0 22 0 7 2886 2618 6017 0 600 0 0 0 0 0 0 0 0 0 0 0 0 0 0 0 0 0 84 0 0 0 1 0 0 57 203 0 0 98 0 0 0 2294 0 0 0 0 0 0 0 0 0 0 0 0 0 0 0 0 0 1 0 0 0 0 0 0 0 0 0 0 37 0 0 0 0 0 0 0 0 0 0
30 1 0 0 0 0 0 0 0 0 0 1 11 0 7 0 0 95 71 69 71 178 0 19 0 3613 30 31 0 0 0 0 2 0 0 0 36 0 15 18 0 60 89 0 0 0 0 0 29 0 0 45 10 0 123 27 24 0 8 24 7 48 43 70 25 0 29 28 64 17 3 0 97 95 3487 3006 651 2230 1379 0 3 41 11 113 0 0 0 0 10 159 0 0 0 0 0 0 0 0 517 0 0 0 0 0 35 0 0 0 32 150 0 0 0 3 0 0 24 0 0 0 74 0 0 0 156 0 0 0 0 0 0 0 0 0 0 0 0 0 0 0 0 5 1 0 0 67 0 0 0 64 0 0 83 47 0 0 0 0 0 0 0 0 0 0
115 157 148 402 275 85 100 214 267 133 159 118 419 209 183 135 99 1118 1469 1438 1464 581 664 682 0 211 610 592 260 168 0 1667 240 221 380 391 822 594 597 433 527 1552 577 532 162 142 515 742 396 407 123 533 471 28 1083 52 201 36 30 472 55 54 52 52 98 48 52 63 53 232 195 1243 493 799 104 287 257 363 436 0 664 1796 630 1649 1309 0 1342 0 468 718 791 3022 0 1392 1231 854 434 826 903 438 1200 76 49 138 181 10 10 0 480 1060 80 304 440 594 100 278 315 503 2590 1048 805 0 110 89 108 31 3913 1087 1313 101 354 317 0 35 122 0 0 0 1250 0 270 156 79 166 212 1467 50 53 296 1466 211 275 943 667 259 1327 2 90 205 206 158 121 358 147
217 342 0 0 666 330 250 218 0 0 0 147 232 22 121 489 27 531 1 16 3 0 1304 1334 406 176 687 706 149 345 238 1704 32 51 19 7 511 97 252 319 0 689 342 328 0 178 355 351 976 0 0 592 525 0 770 78 162 0 53 335 0 80 80 81 97 75 79 86 81 185 110 1173 417 889 0 215 197 163 0 0 1095 1408 685 1687 1397 0 1005 1833 633 778 1865 2999 0 0 0 0 205 74 0 678 0 518 195 569 393 0 0 0 871 1198 365 485 280 456 83 179 314 367 0 0 457 0 0 0 698 0 0 0 140 0 0 0 0 0 0 0 0 0 0 224 0 0 0 94 168 0 130 138 0 0 164 166 413 300 508 175 366 63 483 531 0 0 0 0
283 8 0 12 5 0 4 11 0 6 0 26 70 0 30 23 8 158 56 66 57 0 84 90 0 109 131 131 16 17 0 62 0 85 0 4 78 0 271 57 0 22 114 50 0 0 75 0 124 0 0 163 59 0 165 10 19 0 6 42 11 9 10 10 11 0 10 10 11 0 61 0 305 236 0 182 251 237 416 0 0 91 152 73 40 0 233 112 176 273 242 20 0 264 0 0 0 0 0 0 0 0 263 0 338 51 0 0 149 209 93 0 0 133 23 32 62 123 7 95 434 0 0 0 9 0 68 0 4 0 0 32 0 20 8 0 0 0 159 0 265 339 60 0 0 52 27 30 269 49 0 0 217 337 0 0 0 0 10 4 9 46 221 2
110 17 20 83 38 8 2 58 27 7 0 20 144 54 43 49 47 443 805 792 801 364 271 273 2 122 72 72 13 38 0 231 10 14 29 46 100 63 22 85 66 186 105 199 41 28 91 81 132 0 14 222 113 0 360 22 53 4 8 114 22 23 21 19 28 17 21 24 22 57 65 86 275 220 62 140 108 163 189 0 417 55 88 233 158 0 393 0 152 166 329 34 0 164 1384 0 0 450 1420 110 37 0 800 781 210 993 19 71 863 3301 74 710 681 1684 247 46 526 1547 0 983 344 0 0 58 511 4 392 26 10 60 147 0 0 17 18 0 0 324 1067 0 178 154 54 14 61 804 4 5 195 803 60 38 626 1237 28 1 1 44 64 64 37 154 537 105
160 30 6 20 23 0 42 16 0 20 0 96 181 1 143 47 8 223 42 131 42 31 33 35 774 134 402 405 46 103 765 389 9 37 39 45 161 22 164 190 40 226 124 115 72 18 210 96 220 127 144 282 126 0 232 19 86 1 0 132 18 19 19 7 30 17 19 22 20 91 61 173 730 550 38 241 433 444 665 0 37 92 426 391 136 0 536 388 352 300 259 371 0 0 13814 260 0 1727 1010 217 249 5 35 13 231 0 330 0 330 39 292 79 40 118 135 51 114 103 41 456 452 0 37 0 61 0 211 0 257 0 8 0 0 26 58 0 0 384 0 0 129 135 78 0 3 40 131 132 129 38 2 0 2524 13511 13 258 772 13 18 12 36 338 412 57
206 45 6 18 27 0 77 15 0 38 8 161 160 9 375 40 52 292 354 392 352 158 0 92 1297 137 443 446 55 122 1284 143 21 47 0 37 192 19 3 134 15 72 134 168 0 43 130 0 256 0 0 383 210 0 298 0 108 0 0 169 0 24 22 22 28 19 22 23 24 50 64 476 751 483 71 179 376 57 252 0 0 377 435 136 172 9 426 69 472 295 391 206 0 0 901 0 0 0 338 624 0 6 56 38 299 0 936 0 436 45 474 92 31 606 492 62 245 544 35 163 317 0 0 0 40 0 240 59 504 0 30 0 0 5 1 0 0 0 75 0 270 195 0 16 12 352 219 220 290 351 12 0 1609 731 20 514 1297 48 17 11 30 217 309 22
234 120 99 226 151 156 114 161 118 85 65 264 211 119 463 176 36 496 215 213 217 245 291 310 1345 133 450 453 93 158 1334 727 86 91 181 125 206 94 245 171 100 171 145 192 0 37 63 0 296 0 0 565 185 0 688 25 180 0 0 319 22 26 24 25 93 22 27 67 25 189 38 84 943 532 29 201 479 328 469 207 123 263 468 716 200 0 586 47 552 334 503 0 0 559 39 0 0 0 0 94 0 95 214 22 307 19 1005 0 500 175 521 81 8 303 496 101 247 258 0 9559 1160 308 276 0 79 1456 171 2053 1162 0 303 217 0 30 0 0 49 0 192 0 315 98 62 61 117 211 320 323 315 208 116 116 46 59 123 1176 1339 23 142 155 2 109 161 778
465 130 43 41 95 313 296 38 64 149 85 528 202 73 87 118 1638 439 383 367 376 147 217 227 0 151 983 989 169 357 0 223 161 187 2 90 340 82 605 292 33 232 212 266 52 110 291 3 550 60 16 801 221 0 307 0 80 0 0 175 7 7 7 8 21 5 7 8 7 88 46 599 172 994 146 166 106 192 191 0 298 554 950 258 305 200 845 4 1046 2 735 275 0 0 399 0 0 0 0 0 25 39 6 0 0 0 0 0 26 0 1 0 0 274 45 167 97 438 6 238 592 83 29 0 1850 106 355 790 3551 1296 430 20 38 50 76 15 223 17 307 50 1195 80 29 79 63 376 701 703 1214 375 62 61 72 83 86 3660 0 1641 30 28 37 61 314 101
117 21 0 103 15 0 48 65 63 0 0 49 178 0 104 0 52 342 380 210 380 125 0 63 226 132 191 192 38 64 216 97 9 25 2 55 242 10 89 151 61 150 111 147 0 313 12 0 166 0 0 295 127 0 400 0 51 0 0 178 0 11 10 9 19 5 10 11 11 72 280 81 354 396 0 151 112 121 177 0 0 793 204 107 262 0 174 0 307 312 284 959 0 1139 236 0 0 57 230 0 0 0 59 64 157 53 4 0 234 77 129 73 136 79 16 45 83 91 148 366 394 0 31 106 246 0 168 102 108 43 36 0 0 48 46 6 0 3 1038 0 0 531 199 2 12 378 42 44 244 377 11 69 142 88 10 100 224 90 104 81 247 371 1077 43
0 0 0 0 0 0 0 0 0 3 0 0 4 0 9 1 0 258 2 2 2 0 0 0 1 103 2 2 1 0 0 7 1 1 0 2 25 0 4 3 0 58 61 1 0 0 3 0 284 0 0 71 19 0 63 1 5 0 0 8 0 3 3 4 3 2 2 3 4 9 0 0 0 0 0 0 14 68 46 0 940 5 4 11 9 0 658 0 255 799 1186 1038 0 0 17 17 0 0 0 0 8 0 0 0 0 0 0 0 1 59 0 0 0 4 1 1 21 0 0 0 53 0 0 0 1 0 0 0 0 0 0 0 0 0 0 0 0 0 0 0 0 0 0 0 0 1 0 0 7 0 0 0 0 0 0 0 0 0 0 0 0 0 0 0
95 23 8 15 21 1 31 12 15 20 25 52 56 33 60 17 7 99 85 0 84 0 52 53 382 104 163 164 26 42 380 158 2 14 11 22 70 19 113 46 19 128 81 43 40 6 44 22 163 30 0 66 60 0 167 7 18 8 9 39 5 8 8 9 0 0 5 8 8 15 11 126 227 252 92 104 81 28 100 0 72 120 161 149 120 58 181 279 177 223 187 2058 0 0 0 0 0 0 0 0 0 4 0 0 0 0 0 0 4 0 0 917 725 0 39 26 46 0 0 33 113 0 0 0 32 0 41 0 120 0 0 0 0 13 0 8 0 0 105 0 0 26 7 23 32 83 64 65 12 82 32 14 6 7 12 123 381 3 10 10 0 0 0 6
143 61 40 75 76 48 83 57 85 75 106 92 96 164 108 32 19 299 427 410 426 0 0 148 404 202 236 238 70 85 401 821 38 64 100 86 140 97 242 95 95 150 109 80 200 38 93 115 491 209 0 133 157 0 322 31 70 37 36 132 30 34 34 25 14 1 29 35 35 74 52 489 303 501 0 199 125 196 195 6 0 291 236 769 585 207 259 1354 247 434 391 187 0 0 54 0 0 0 0 13 0 31 1 0 0 0 0 0 10 0 1 4246 3356 496 140 72 177 0 0 155 213 0 0 0 134 0 0 0 140 0 0 0 0 15 0 0 0 0 158 0 0 123 53 118 167 423 75 79 75 419 165 91 25 35 14 133 399 7 51 51 0 43 0 23
0 0 0 3 0 0 0 2 0 0 0 0 0 2 1 0 0 12 18 17 18 0 11 12 0 66 0 0 0 0 0 37 0 0 0 3 12 0 1 0 5 3 30 0 6 0 0 3 13 0 0 3 2 0 8 1 0 2 2 3 0 2 2 2 0 0 0 1 2 2 0 2 4 16 64 56 6 42 0 0 1 0 1 8 22 7 4 74 0 134 20 0 0 0 0 0 0 0 0 0 0 0 0 0 0 0 0 0 0 0 0 225 185 0 0 0 1 0 0 8 4 0 0 0 1 0 0 0 0 0 0 0 0 2 0 3 0 0 0 0 0 8 2 0 0 16 0 0 2 15 0 0 0 0 0 0 0 0 0 0 0 0 0 0
144 115 69 137 142 64 98 85 148 128 186 99 3538 273 325 42 35 524 818 786 816 0 489 491 217 140 271 272 120 114 216 1489 77 120 194 155 245 193 404 3593 181 271 148 116 357 0 5572 219 960 430 46 219 309 0 586 58 107 68 66 233 47 59 59 60 42 50 58 62 59 120 81 1006 367 949 100 173 154 187 253 161 462 476 287 1420 1043 364 302 2501 267 305 724 225 0 7 0 0 75 39 0 30 0 66 1 1 0 0 0 0 16 0 2 7187 5706 0 14 124 84 0 0 227 372 0 310 118 256 47 156 92 78 19 106 43 0 0 0 18 10 0 351 0 48 179 81 185 278 817 58 60 120 816 277 146 44 68 89 58 204 19 76 75 64 79 0 41
195 3 1 6 0 0 0 3 2 13 3 1 42 1 28 24 0 131 0 1 0 0 0 0 0 446 203 204 1 0 0 51 1 625 1 4 164 2 51 28 11 20 325 80 5 0 42 1 208 1 0 68 2 0 44 4 3 6 6 3 0 7 6 11 0 0 0 4 9 4 2 17 42 516 445 382 85 287 180 0 55 144 196 48 74 65 474 137 325 1009 444 48 0 93 0 0 0 0 0 0 0 1 0 0 0 0 0 0 1 0 0 7 47 0 1 1 32 1 0 32 156 0 0 0 12 0 0 0 0 0 2 0 18 31 26 11 0 11 138 6 0 32 0 0 0 0 0 0 0 0 0 1 7 0 0 0 0 0 0 0 0 2 21 0
51 22 14 29 760 14 29 20 12 24 0 32 35 52 35 12 7 106 147 141 146 0 87 88 140 80 86 87 25 30 140 291 11 21 28 31 49 30 86 34 31 53 40 30 69 14 34 40 165 83 14 47 55 5 112 7 18 0 0 46 0 11 11 12 0 0 7 12 12 1 17 170 106 178 59 78 35 75 73 30 82 96 86 281 201 77 96 474 90 124 141 46 34 68 13 0 10 8 11 4 17 12 0 1 0 0 0 0 4 0 0 1463 1159 171 42 26 62 61 0 54 77 0 40 25 45 0 23 15 46 2 23 11 0 9 4 13 288 0 85 0 23 40 18 42 61 146 28 28 27 146 61 32 10 14 768 46 140 6 18 18 11 25 20 8
1 0 0 0 0 0 0 0 0 0 0 0 0 0 0 0 0 1 1 0 1 0 0 0 33 10 2 2 0 0 23 0 0 0 0 0 0 0 0 0 0 0 0 0 0 0 0 0 0 0 0 1 0 0 1 0 0 0 0 0 0 0 0 0 0 0 0 0 0 0 0 0 15 1 0 9 0 0 0 0 0 0 0 0 0 0 2 0 2 3 0 0 0 0 0 0 0 0 0 0 0 0 0 0 0 0 0 0 0 0 0 0 0 1 0 0 0 0 0 0 1 0 0 0 0 0 0 0 0 0 0 0 0 0 0 0 0 0 0 0 0 0 0 0 0 0 0 0 0 0 0 0 0 0 0 0 30 0 0 0 0 0 0 0
0 0 0 0 0 0 0 0 0 0 0 0 0 0 0 0 0 0 0 0 0 0 0 0 0 0 4 0 0 0 0 0 0 0 0 0 0 0 0 0 0 0 0 0 0 0 0 0 0 0 0 0 0 0 0 0 0 0 0 0 0 0 0 0 0 0 0 0 0 0 0 0 0 0 0 0 1 0 0 0 0 0 0 0 0 0 0 0 0 0 0 0 0 0 0 0 0 0 0 0 0 0 0 0 0 0 0 0 0 0 0 0 0 0 0 0 18 0 0 0 0 0 0 0 0 0 0 0 0 0 0 0 0 0 0 0 0 0 0 0 0 0 0 0 0 0 0 0 0 0 0 0 0 0 0 0 0 0 0 0 0 0 0 0
21 0 0 1 0 0 0 0 0 1 0 0 5 0 3 3 0 16 3 2 3 0 0 2 0 52 24 24 0 0 0 14 0 0 0 1 19 0 9 4 0 4 34 9 0 0 4 0 229 0 0 9 1 0 7 0 1 0 0 1 0 0 1 1 0 0 0 1 1 1 0 1 9 59 0 44 4 33 21 0 7 19 23 7 12 6 51 26 37 105 49 6 0 0 0 0 0 0 0 0 0 0 0 0 0 0 0 0 0 0 0 50 41 9 1 0 7 0 0 5 23 0 0 0 3 0 0 0 0 0 0 0 0 3 2 1 0 0 17 0 0 4 0 0 0 1 0 0 0 0 0 0 0 0 0 0 0 0 0 0 0 0 1 0
116 51 29 47 42 16 56 62 61 55 81 63 67 101 48 23 12 364 933 893 927 253 184 185 294 87 181 182 45 53 293 545 17 39 69 53 99 68 174 64 59 94 93 61 136 24 65 77 359 93 0 90 106 0 210 21 47 25 24 91 18 22 22 22 25 21 21 23 22 54 32 332 209 369 36 93 69 103 109 0 156 195 180 447 392 120 208 932 189 202 287 81 0 0 20 0 0 0 0 11 0 26 0 0 0 0 0 0 0 2 0 0 0 459 81 48 152 0 0 74 148 0 0 0 67 0 74 30 90 0 0 0 0 0 0 0 0 0 0 0 0 80 35 76 97 929 52 56 49 926 95 59 14 14 3 83 289 0 56 58 0 0 7 14
113 59 44 105 112 35 72 79 120 77 151 53 80 152 50 25 30 294 353 339 352 268 207 208 1 87 178 179 52 50 1 834 27 70 84 85 118 82 175 76 99 152 94 60 192 34 79 110 555 114 0 135 179 0 364 26 56 32 30 148 24 27 26 27 33 26 26 27 26 65 143 568 145 368 43 95 66 106 114 0 187 225 182 708 511 134 194 1143 154 210 289 86 0 0 30 0 0 0 0 12 0 40 0 0 0 0 0 0 4 3 0 12272 0 844 125 56 235 269 0 414 262 0 382 0 327 0 267 146 8 3 115 0 0 0 0 0 0 0 219 0 99 350 163 148 150 349 15 18 236 346 148 118 20 24 74 0 0 17 80 72 73 146 183 61
0 0 0 0 0 0 0 0 0 0 0 0 0 0 0 0 0 2 0 0 0 0 0 0 0 35 0 0 0 0 0 0 0 0 0 0 15 0 0 0 0 2 20 0 0 0 0 0 0 0 0 61 6 0 3 0 0 1 0 0 0 1 0 0 0 0 0 0 1 0 0 1 4 0 0 30 6 3 0 0 0 0 0 0 0 0 0 0 0 81 0 0 0 0 0 0 0 0 0 0 0 0 0 0 0 0 0 0 0 0 0 0 0 0 0 0 24 0 0 0 2 0 0 0 0 0 0 0 0 0 0 0 0 0 0 0 0 0 0 0 0 0 0 0 0 0 0 0 0 0 0 0 0 0 0 0 0 0 0 0 0 0 0 0
0 0 0 0 0 0 0 0 0 0 0 0 0 0 0 0 0 3 0 0 0 0 0 0 0 35 0 0 0 0 0 0 0 0 0 0 9 0 0 0 0 1 18 0 0 0 0 0 0 0 0 35 4 0 7 0 0 0 0 0 0 0 0 0 0 0 0 0 1 0 0 0 3 0 0 22 0 19 7 0 0 0 0 0 0 39 0 0 0 82 0 51 0 0 0 0 0 0 0 0 0 0 0 0 0 0 0 0 0 0 0 0 0 177 0 0 43 0 0 0 2 0 0 0 0 0 0 0 0 0 0 0 0 0 0 0 0 0 0 0 0 0 0 0 0 0 0 0 0 0 0 0 0 0 0 0 0 0 0 0 0 0 0 0
0 0 0 0 0 0 0 0 0 0 0 0 0 0 0 0 0 2 0 0 0 0 0 0 0 35 0 0 0 0 0 0 0 0 0 0 0 0 0 0 0 0 0 0 0 0 0 0 0 0 0 39 4 0 3 0 0 0 0 0 0 0 0 0 0 0 0 0 1 0 0 0 2 0 0 30 4 21 11 0 0 0 0 0 0 14 0 0 0 82 0 23 0 0 0 0 0 0 0 0 0 0 0 0 0 0 0 0 0 0 0 0 0 0 0 0 0 0 0 0 1 0 0 0 0 0 0 0 0 0 0 0 0 0 0 0 0 0 0 0 0 0 0 0 0 0 0 0 0 0 0 0 0 0 0 0 0 0 0 0 0 0 0 0
0 0 0 0 0 0 0 0 0 0 0 584 0 0 0 0 0 0 0 0 0 0 0 0 0 71 0 0 0 0 0 0 0 0 0 0 0 0 0 0 0 0 39 0 0 0 0 0 0 0 0 0 0 0 0 0 0 0 0 0 0 0 0 0 0 0 0 0 1 0 0 0 0 0 0 54 0 33 0 0 0 0 0 0 0 0 0 0 0 81 0 0 0 0 0 0 0 0 0 0 0 0 0 0 0 0 0 0 0 0 0 0 0 0 0 0 0 0 0 0 0 0 0 0 0 0 0 0 0 0 0 0 0 0 0 0 0 0 0 0 0 0 0 0 0 0 831 834 0 0 0 0 0 0 0 0 0 0 0 0 0 0 0 0
9 3 23 35 25 0 0 16 22 8 65 9 14 9 95 9 0 83 42 40 42 0 0 0 0 98 268 270 65 102 0 795 13 66 96 86 125 57 44 45 101 121 61 33 54 11 5 6 257 101 0 118 75 0 140 24 33 0 23 52 0 26 26 0 0 0 8 26 26 15 23 150 66 2068 60 101 38 74 25 0 212 114 252 691 227 26 86 174 12 206 0 44 0 0 0 0 0 0 0 0 0 20 201 2095 958 996 0 0 3568 6796 551 68 0 1282 33 147 450 0 0 47 132 0 0 0 0 0 0 0 1 0 0 0 0 0 0 0 0 0 61 0 0 89 29 70 8 38 0 0 126 35 6 30 0 0 0 0 0 0 13 12 0 0 0 0
345 297 196 268 375 310 263 101 183 87 187 187 226 141 226 185 72 574 520 502 520 0 1237 1239 430 140 606 609 89 203 430 948 92 168 154 126 257 143 383 179 141 340 214 168 0 0 132 0 350 0 126 613 290 0 784 56 171 0 47 286 59 57 54 55 78 39 1 55 54 176 567 766 732 860 40 201 217 252 269 79 0 0 77 0 0 0 406 268 343 265 495 135 0 3361 0 100 0 0 73 0 0 190 232 1119 1015 218 439 66 1430 3382 676 2460 2480 745 248 143 375 821 0 851 821 0 0 247 1595 0 4561 469 422 26 1175 0 108 512 445 1259 340 20 3227 0 1708 947 473 183 134 516 183 187 1761 513 132 182 55 89 360 372 425 60 243 202 439 516 405 156
1 53 0 5 58 0 0 0 0 0 0 0 7 0 10 248 0 126 0 0 2 258 254 263 0 112 0 0 14 5 0 111 0 0 0 0 41 0 110 0 0 35 74 8 0 0 0 0 69 0 0 39 20 0 116 3 8 0 0 19 0 4 5 4 5 2 5 4 6 8 29 0 42 54 0 100 0 56 0 0 0 2 7 118 39 0 57 0 4 0 60 24 0 105 0 0 0 0 0 0 0 32 0 0 0 0 0 0 4 167 0 0 0 21 5 17 9 0 0 0 126 0 0 0 0 31 70 0 3 0 0 0 0 0 0 0 35 0 0 97 0 72 52 13 0 0 0 0 61 0 0 27 0 0 6 0 0 0 13 10 0 0 0 0
0 0 0 0 0 0 0 0 0 0 0 0 8 0 0 0 0 13 0 0 0 0 0 0 0 79 0 0 0 0 0 0 0 0 0 0 6 0 0 0 0 0 0 0 0 0 0 0 0 0 0 5 3 0 12 0 0 0 0 2 0 0 0 0 0 0 0 0 2 0 0 0 0 0 0 87 0 0 0 0 0 0 0 0 0 0 0 0 0 241 0 0 0 0 0 0 0 0 0 0 0 0 0 0 0 0 0 0 0 6 0 0 0 0 0 0 35 0 0 0 0 0 0 0 0 0 0 0 0 0 0 0 0 0 0 0 0 0 0 0 0 0 0 0 0 0 0 0 0 0 0 0 0 0 0 0 0 0 0 0 0 0 0 0
554 545 227 347 452 273 286 220 0 369 517 245 1217 303 635 253 111 1396 686 678 689 184 238 240 510 420 781 787 1013 1710 494 2894 925 1399 895 4769 1953 653 1554 1714 7353 1856 1157 716 1008 827 1020 579 1020 227 0 905 869 0 1533 79 334 0 38 738 79 83 80 81 139 75 81 89 83 384 147 2777 997 2893 299 581 569 765 927 129 1589 979 830 2819 1381 1556 2463 1682 970 1545 1947 1765 115 1163 3648 22 192 302 0 0 256 307 422 606 132 33 143 23 354 117 306 492 223 883 279 992 1068 764 5565 1221 1043 0 392 0 0 331 592 247 352 0 205 332 97 0 0 101 376 0 912 228 120 291 315 648 416 677 221 230 201 671 412 0 465 198 451 326 499 98 227 236 0 0 470 100
494 490 272 264 430 448 312 201 635 656 1063 428 1079 691 813 259 67 1120 734 731 735 482 297 289 1043 295 662 666 1000 794 1022 2340 653 1460 1243 4050 1487 755 1418 1276 6031 1361 921 627 610 732 823 484 753 0 0 903 867 0 1381 126 407 0 93 763 131 132 131 127 202 127 132 146 133 448 257 2835 1217 2237 149 496 753 747 962 279 1599 875 718 2342 1202 1328 2041 1370 858 1033 1165 1522 0 1125 3754 33 0 228 0 0 0 405 383 486 201 0 816 0 477 7 541 388 0 666 537 985 958 526 7217 434 960 0 0 0 59 303 721 122 512 0 0 0 0 0 0 67 461 0 1050 160 146 282 365 1139 710 719 287 300 271 709 708 745 521 413 385 456 1021 85 239 234 0 0 609 92
156 73 0 0 0 0 47 0 22 0 0 121 179 0 343 46 0 691 453 437 458 310 293 300 542 138 335 337 168 155 534 498 0 0 3534 211 94 0 77 94 172 0 36 137 0 114 225 48 279 0 122 510 234 17 720 32 133 0 29 238 20 34 30 32 80 30 35 77 31 143 713 560 716 433 88 217 315 343 488 0 206 305 351 448 372 184 468 4597 362 325 592 276 0 1623 141 0 12 44 15 24 0 63 83 50 227 0 61 0 603 451 453 397 189 306 108 173 198 180 0 874 733 64 309 0 93 255 341 320 332 1030 1111 0 163 314 1098 0 0 463 1566 819 655 695 476 0 8 445 116 119 703 440 15 25 79 56 2 288 531 11 106 28 609 625 3292 36
79 0 0 14 0 0 0 7 0 1 0 4 26 0 24 24 0 270 262 250 261 197 46 45 0 124 119 120 0 5 0 190 3 5 1 29 88 1 8 18 44 47 111 40 0 0 8 0 76 0 0 81 101 0 191 0 22 0 3 63 6 7 5 6 6 2 5 5 6 24 64 337 72 244 115 116 40 93 67 0 33 50 123 176 150 210 271 104 92 305 0 0 0 0 0 0 0 0 0 0 0 0 0 0 0 0 0 0 3 0 0 0 0 0 2 3 26 397 0 76 169 183 0 0 0 0 0 0 14 0 0 0 0 99 0 0 0 0 267 0 12 135 21 0 0 259 0 0 71 256 0 0 0 0 0 0 0 0 7 0 0 0 3 0
469 187 175 285 238 386 121 104 47 198 252 122 536 281 214 326 106 632 183 183 185 0 147 148 202 302 823 828 358 481 201 3844 501 970 652 552 760 477 322 475 711 876 715 523 415 281 435 598 1560 412 155 510 600 51 1085 50 178 0 54 414 0 54 54 57 83 50 54 64 56 206 233 2034 521 1725 289 348 244 240 443 117 676 539 820 3696 1113 643 1229 811 851 1176 469 757 0 893 487 0 90 147 0 0 157 175 116 239 220 0 0 4 368 875 125 286 96 776 129 365 593 720 1369 0 790 0 0 0 275 0 778 151 242 0 0 0 0 0 0 0 317 0 1063 221 325 544 224 254 285 179 95 98 455 175 283 48 117 109 209 167 195 90 157 147 103 285 98 62
114 19 1 16 10 0 0 7 0 0 0 20 57 0 20 22 18 126 140 134 139 3705 0 109 202 123 177 178 8 23 107 0 0 0 0 6 96 0 82 37 0 16 108 51 0 5 45 0 0 0 0 162 39 0 72 0 18 0 0 25 5 6 6 6 6 5 6 6 7 18 0 0 145 307 112 115 0 100 75 0 51 124 177 0 59 456 281 3 233 1 225 49 0 102 0 0 0 0 0 0 0 1 0 85 0 0 0 0 174 1 86 0 0 332 51 27 131 172 0 0 1055 0 0 0 15 0 0 0 16 0 0 0 0 0 0 0 0 0 100 0 13 10 0 0 0 136 23 27 13 132 0 0 0 0 0 10 197 7 3 3 0 0 0 2
242 66 36 24 52 270 106 39 39 64 48 198 178 44 479 62 0 304 58 56 58 506 125 129 1522 131 452 455 81 176 1513 235 30 39 18 72 326 0 871 159 0 2 119 161 0 0 148 98 368 0 0 612 299 0 667 28 408 0 33 1286 28 29 28 29 277 0 27 27 29 461 13 384 853 587 88 165 415 216 285 0 140 261 445 238 177 323 822 275 556 703 452 160 0 60 83 0 0 0 0 0 0 36 74 65 0 0 0 0 90 0 0 0 0 1 520 85 135 11 0 416 525 0 0 0 52 0 282 0 607 0 0 0 0 0 0 0 0 0 633 0 0 38 8 41 35 52 255 259 47 48 32 36 14 15 7 608 1515 34 29 31 0 0 0 47
49 2 0 1 0 0 0 0 0 2 0 2 20 0 8 8 0 35 0 0 0 27 0 5 35 60 70 71 1 6 34 17 0 0 0 0 38 0 42 13 0 3 51 22 0 0 17 0 55 0 0 52 7 0 20 0 3 0 0 4 0 2 2 2 1 0 1 1 2 3 0 11 32 119 54 53 0 41 2 0 10 26 66 10 16 8 109 30 92 143 98 17 0 0 0 0 0 0 0 0 0 0 0 0 0 0 0 0 0 0 0 0 0 0 0 1 15 0 0 0 47 0 0 0 0 0 0 0 0 0 0 0 0 0 0 0 0 0 75 0 0 7 0 0 0 0 0 1 1 0 0 0 0 0 0 0 32 0 0 0 0 0 0 0
223 54 16 22 41 46 91 27 35 42 24 186 214 42 409 60 26 284 76 76 78 256 143 145 1373 1 493 496 87 157 1366 218 51 99 81 83 196 51 281 182 66 101 158 166 55 35 190 75 322 44 147 438 186 0 337 0 108 11 17 163 15 14 11 12 18 12 12 13 11 113 218 518 814 521 0 56 350 140 240 0 145 268 485 223 186 149 460 185 479 316 420 222 0 619 272 0 42 20 25 0 0 16 64 49 310 0 1007 0 442 24 511 99 0 215 456 89 185 198 0 295 385 385 182 0 98 59 169 173 594 0 0 489 23 101 236 0 39 0 785 0 224 108 70 21 37 74 238 240 295 72 36 34 80 74 26 583 1371 20 41 18 177 529 0 33
96 153 63 69 150 4 9 62 0 0 44 35 182 39 74 62 133 515 493 474 493 119 71 87 0 228 279 280 139 230 0 972 186 778 113 198 372 221 214 200 150 366 273 216 91 101 167 245 805 15 0 409 435 0 908 0 493 0 50 1498 45 56 56 57 320 55 55 58 57 561 140 883 223 520 187 233 129 228 243 0 160 225 299 962 397 684 424 270 189 561 592 468 0 542 123 0 0 0 0 0 0 65 0 7 50 0 0 0 246 132 0 64 0 232 49 151 159 547 0 804 1561 0 1605 0 2745 760 757 17608 8328 3291 0 0 0 76 19 0 0 0 513 0 147 152 60 53 40 490 30 35 230 481 38 0 66 81 110 8465 0 124 63 53 0 218 0 60
256 108 51 121 94 92 112 96 153 98 95 246 360 133 529 154 72 641 200 199 206 327 241 253 1461 1874 579 582 124 265 1441 669 142 236 184 148 314 265 401 284 147 337 228 221 193 162 228 148 458 3 389 1071 363 0 1326 48 226 0 14 428 60 67 65 81 99 59 58 66 75 243 1243 1171 1698 686 1855 1712 809 1447 1160 0 294 381 605 606 419 495 635 309 623 361 525 400 0 6745 0 162 241 6 0 0 49 50 128 220 374 0 1150 0 678 401 560 225 80 1176 657 160 472 1024 1716 4338 2127 0 134 1221 254 3278 2982 1654 1231 0 1216 0 6331 1399 2065 0 90 5022 6273 5736 5903 662 3040 89 125 194 284 290 6076 186 123 148 109 201 46 1179 1447 48 209 77 950 1281 982 370
59 194 152 204 245 134 453 132 154 128 91 172 208 226 112 157 121 447 496 481 495 934 457 466 0 132 116 116 167 219 3 853 125 270 132 225 565 198 236 239 250 417 257 443 391 262 242 229 504 80 0 326 321 0 698 32 113 0 39 329 18 34 34 35 61 33 33 36 35 131 2652 1163 349 1204 123 164 143 188 197 12 474 763 141 837 604 521 493 1446 113 714 198 281 201 1318 197 70 74 154 140 0 197 152 382 506 125 736 0 31 490 1736 0 537 533 381 65 187 183 605 0 1291 800 0 1748 0 2639 94 816 925 426 0 482 0 0 1326 1579 1613 0 0 1313 0 296 306 231 91 226 493 168 173 431 491 225 154 150 143 199 407 0 102 404 119 2450 211 620 156
35 159 59 86 191 108 0 41 14 26 15 15 15 86 36 41 45 134 111 107 112 101 47 53 0 1678 0 0 3 0 0 76 9 3 1 30 71 21 9 11 46 68 89 17 25 14 8 19 66 0 0 91 80 0 174 19 34 0 25 76 0 30 27 41 22 22 20 19 36 37 71 248 110 494 1676 1436 318 1060 623 0 9 62 10 81 85 330 6 100 13 19 2 12 0 217 0 0 0 0 0 0 0 60 0 0 0 20 0 0 7 824 0 53 17 66 12 8 21 48 0 628 721 188 98 0 0 592 496 223 270 0 0 0 0 0 0 0 0 0 256 0 26 70 42 12 86 108 0 0 64 106 84 9 2 9 111 245 0 19 29 24 0 27 61 13
62 88 275 169 397 146 139 213 0 29 29 17 52 110 38 73 14 153 114 110 115 279 246 256 0 133 57 58 68 46 0 162 38 86 144 80 82 0 0 35 59 84 101 68 0 9 23 41 53 0 0 106 75 0 215 14 31 0 13 72 0 16 15 16 20 14 14 16 15 35 512 192 137 125 124 127 60 100 48 0 56 34 64 163 103 69 103 96 38 290 124 117 0 451 0 0 0 0 33 0 0 279 12 77 50 68 0 0 65 293 0 132 151 577 85 71 176 516 0 630 265 150 353 0 17 46 415 63 0 0 0 0 0 4463 0 0 0 0 427 0 153 64 99 33 110 110 0 0 237 108 108 0 30 30 375 0 0 3 244 210 265 0 93 196
69 226 317 141 578 82 230 151 36 52 17 16 171 95 40 57 0 122 108 105 107 235 115 127 0 121 31 33 64 69 0 375 32 313 18 92 170 68 6 160 115 225 100 119 81 150 192 0 159 79 231 253 138 0 449 6 39 0 8 121 0 7 7 8 18 7 7 7 8 46 479 526 319 29 104 82 73 119 105 0 92 103 44 328 129 640 92 114 34 284 119 155 23 1830 63 12 28 48 43 0 0 322 0 14 0 0 0 0 94 1383 0 129 78 327 52 69 87 294 0 1403 1586 0 0 742 219 240 863 520 14 86 578 318 0 607 100 0 235 683 1867 0 255 1135 674 9 84 92 0 0 405 75 84 25 43 35 554 0 0 0 217 184 249 585 1217 61
40 0 97 165 0 0 24 99 91 137 46 31 94 137 48 112 0 184 298 291 297 0 1461 1461 0 355 96 96 90 93 0 655 67 104 133 125 106 192 40 117 64 275 95 101 54 96 118 145 152 107 315 141 146 0 301 17 50 0 0 142 18 21 20 24 32 18 19 22 23 58 108 329 18 0 0 302 74 273 193 0 89 146 100 647 380 155 217 147 19 757 217 259 39 326 135 83 114 125 0 0 108 97 10 52 109 0 0 0 131 1573 1 206 201 332 52 94 94 336 0 0 309 0 0 187 467 0 89 420 9 0 384 0 132 138 49 0 0 568 857 338 163 271 174 43 136 296 0 0 173 293 135 89 134 121 112 0 0 7 99 97 18 337 383 0
40 8 18 130 12 0 0 63 12 2 16 18 104 6 68 69 19 395 91 100 96 356 312 314 1 134 73 74 57 42 0 221 45 86 103 104 123 129 11 91 112 219 127 127 75 91 89 83 139 0 0 349 226 0 659 26 78 0 36 195 25 35 31 32 43 31 31 32 32 88 330 603 456 345 108 153 115 167 175 0 87 115 96 231 174 345 324 254 121 313 536 429 28 2836 560 0 0 180 51 0 0 20 68 179 116 140 0 6 186 529 0 177 199 467 73 70 148 446 0 694 745 716 967 0 288 173 469 325 17 138 527 0 1317 850 814 0 0 0 2693 0 1065 620 262 19 5 89 0 0 1112 87 4 17 332 281 0 0 0 8 82 50 208 349 362 33
5 0 0 11 7 0 0 0 0 0 0 9 55 0 79 48 0 161 51 58 52 354 117 117 0 392 47 61 32 5 0 59 0 0 0 7 118 0 0 76 0 105 76 78 0 0 90 0 77 0 0 624 377 0 1098 20 71 0 0 214 0 26 25 25 30 18 24 25 28 80 212 1105 807 1059 0 377 149 237 0 0 0 148 76 117 268 0 107 65 117 280 235 92 0 6533 0 0 522 0 0 0 0 0 0 0 122 0 0 0 73 545 0 10 0 88 21 45 46 0 0 48 735 0 0 0 0 0 0 0 0 0 0 0 0 0 0 0 0 0 0 44 341 0 0 0 11 43 0 0 572 37 7 22 255 649 0 0 0 0 18 0 0 0 0 0
46 361 175 240 202 197 157 278 291 342 208 262 709 273 404 310 281 748 805 803 804 1005 2184 2186 0 1 1238 1246 2247 1438 0 3654 1212 2323 2810 1592 1613 911 1272 1033 1130 1843 1268 2202 672 873 872 852 1354 939 1840 370 246 89 589 142 253 44 139 365 141 142 143 141 209 142 148 185 142 273 1614 32 455 2152 0 0 345 336 545 153 1243 557 1235 3518 1330 599 1049 1462 373 0 347 2042 772 0 1230 388 650 655 1067 0 555 175 275 919 591 503 0 39 1588 5521 197 1278 1436 2117 324 2148 747 1994 1440 0 870 0 0 0 1064 0 5337 1168 1437 456 541 0 3748 5290 3745 865 0 3870 0 0 690 1965 1987 208 276 802 228 232 1444 797 274 300 854 911 181 1451 0 280 433 283 1418 2849 2656 294
0 15 0 0 15 2 19 0 20 20 0 55 61 11 78 24 14 117 95 90 94 88 57 89 389 320 155 156 25 52 374 51 0 0 21 11 66 0 93 50 0 31 173 57 0 0 30 0 140 0 0 68 72 0 133 1 35 0 0 70 0 5 4 8 6 3 3 3 6 38 931 260 260 179 119 288 134 262 228 0 62 80 153 41 44 59 174 93 173 750 160 90 0 229 0 0 0 0 0 0 256 4 19 11 130 0 204 0 354 934 164 99 0 1229 241 29 314 980 0 15 182 0 0 0 0 0 0 18 144 0 0 0 0 0 0 0 0 0 0 0 0 8 641 0 13 77 50 58 336 53 9 13 0 0 0 105 360 0 104 0 859 0 0 0
1 0 0 0 0 0 0 0 0 0 0 0 8 0 5 0 13 25 0 0 0 0 0 10 0 169 0 0 0 0 0 0 0 0 0 0 9 0 0 0 0 0 0 0 0 0 0 0 4 0 0 81 23 0 123 1 5 0 0 17 0 3 3 4 2 1 2 2 4 6 79 39 106 0 113 147 35 88 0 0 0 0 1 3 0 39 4 3 11 85 0 0 0 705 0 0 0 0 0 0 0 2 0 0 0 0 0 0 1 131 0 0 0 61 9 1 14 0 0 0 196 0 0 0 0 0 0 0 0 0 0 0 0 0 0 0 0 0 648 0 0 0 0 0 0 0 0 0 198 0 0 0 0 0 0 0 0 2 15 7 0 0 0 0
1 3 0 0 0 0 3 0 447 299 268 292 91 415 285 4 0 25 0 3 0 1 0 0 0 35 0 0 0 0 0 0 0 0 0 0 0 0 0 0 0 0 0 1 0 0 0 0 6 0 0 27 1 0 36 0 2 0 0 4 0 1 0 1 0 0 0 0 1 2 67 0 60 1 0 40 201 50 61 0 0 1 3 0 1 0 3 3 4 83 0 0 0 327 0 0 0 1 0 0 0 0 0 0 0 0 0 0 6 17 0 0 0 0 340 2 131 0 0 0 52 0 0 0 0 0 0 0 1 0 0 0 0 0 0 0 0 0 250 0 0 82 0 273 414 0 249 253 680 0 413 450 0 0 0 0 0 0 5 0 0 0 0 0
0 0 0 0 0 3 1 0 0 0 0 2 0 0 2 0 0 6 3 3 3 5 2 3 4 68 3 3 3 4 0 1 0 0 0 0 0 0 1 0 0 0 0 3 0 0 3 0 3 0 0 4 4 0 7 1 2 0 0 4 0 2 2 3 2 2 2 2 3 3 2 13 5 0 0 32 8 43 29 0 0 4 3 6 0 3 7 3 4 162 4 3 0 0 4 0 1 0 0 0 0 2 0 0 1 0 0 0 3 36 2 0 0 5 2 3 3 0 0 0 6 0 0 0 6 0 5 0 3 0 0 0 0 0 0 0 0 0 9 0 8 16 0 0 0 0 0 0 14 0 0 3 0 0 0 0 0 0 0 0 0 0 0 2
0 0 0 0 0 2 2 0 0 0 0 0 0 0 0 0 0 6 4 3 4 6 2 4 5 68 4 4 3 4 0 1 2 0 0 0 0 0 2 0 0 0 0 3 0 0 4 0 4 0 0 4 5 0 8 2 2 0 0 4 0 3 2 3 2 2 2 2 3 3 3 14 5 0 0 38 11 44 30 0 0 4 4 6 0 3 8 4 4 161 4 4 0 0 4 0 0 0 0 0 0 2 0 0 0 0 2 0 3 44 2 0 0 6 2 3 4 0 0 3 5 0 0 0 5 0 6 0 3 0 0 0 0 0 0 0 0 0 0 0 0 16 0 1 0 1 0 0 15 0 0 4 0 0 0 0 1 0 0 0 0 0 9 2
2 2 2 2 2 3 2 0 4 3 3 2 3 3 2 0 2 5 3 0 3 4 0 0 0 67 1 1 1 2 0 0 4 4 6 3 7 4 4 3 0 0 34 1 0 0 0 0 3 0 0 3 4 0 6 2 2 0 2 4 0 2 2 3 0 0 0 2 3 0 2 0 2 0 14 59 0 38 28 0 0 1 1 0 0 0 2 0 0 156 0 0 0 8 0 0 0 0 0 0 0 0 0 0 0 0 2 0 2 34 0 0 0 4 2 3 3 0 0 13 5 0 0 0 0 0 0 0 3 0 0 0 0 0 0 0 0 0 0 0 0 6 6 0 0 0 0 0 14 0 0 3 0 0 0 0 0 0 0 0 0 0 0 0
0 0 0 0 0 0 3 0 0 1 0 4 0 0 4 2 0 16 4 4 4 6 0 4 5 101 4 4 3 4 0 0 0 0 0 0 8 0 5 0 0 0 29 4 0 1 3 0 17 0 0 7 5 0 8 0 3 0 0 5 0 3 3 4 3 0 2 3 4 3 3 16 8 33 74 75 3 66 0 0 0 4 4 8 1 3 42 7 4 240 39 4 0 0 0 0 0 0 0 0 0 2 0 0 2 0 3 0 3 43 2 0 0 6 3 4 0 6 0 19 10 0 0 0 6 0 0 0 1 0 0 0 0 8 6 20 4 5 13 0 0 12 0 4 2 2 0 2 18 1 1 6 0 0 0 0 3 0 1 0 0 0 0 3
0 0 0 0 0 0 1 0 0 0 0 1 0 0 1 1 0 3 2 1 1 2 0 2 2 71 1 1 1 2 0 0 0 0 0 0 0 0 1 0 0 0 19 2 0 0 1 0 2 0 0 2 2 0 3 0 1 0 0 2 0 2 2 2 1 0 1 1 2 1 1 7 3 0 44 49 0 46 0 0 0 2 1 3 0 0 3 2 2 169 2 2 0 0 0 0 0 0 0 0 0 1 0 0 1 0 1 0 1 21 1 0 0 2 1 1 0 2 0 7 3 0 0 0 2 0 0 0 0 0 0 0 0 2 2 7 2 1 4 0 0 6 0 0 0 0 0 0 10 0 0 2 0 0 0 0 0 0 0 0 0 0 0 1
0 0 0 0 0 0 0 0 0 0 0 0 1 0 1 0 0 4 4 3 3 2 0 1 2 74 2 2 1 2 0 0 0 0 0 0 12 0 1 0 0 0 29 0 0 0 0 0 2 0 0 3 3 0 4 0 1 0 0 2 0 2 2 2 1 1 1 1 2 2 1 0 4 1 0 56 2 47 31 0 0 0 0 0 0 0 4 3 1 170 8 1 0 5 0 0 0 0 0 0 0 0 0 0 0 0 1 0 1 10 0 0 0 2 1 1 2 0 0 0 3 0 0 0 0 0 0 0 0 0 0 0 0 0 0 0 0 0 0 0 0 0 0 0 0 0 0 0 0 0 0 0 0 0 0 0 0 0 0 0 0 0 0 1
3 3 3 3 4 6 3 0 8 5 6 4 5 5 4 0 3 10 5 0 5 8 0 0 0 87 3 3 3 4 0 0 7 8 10 6 14 7 6 6 0 1 44 3 0 0 0 0 5 0 0 6 6 0 10 3 4 0 3 6 0 4 3 4 0 0 0 3 4 0 4 0 6 0 34 76 0 52 38 0 0 3 3 0 2 0 7 0 0 198 3 0 0 15 0 0 0 0 0 0 0 0 0 0 0 0 4 0 3 39 0 0 0 8 3 5 5 0 0 26 10 0 0 0 0 0 0 0 5 0 0 0 0 0 0 0 0 0 0 0 0 13 11 3 1 2 0 1 38 0 0 7 0 0 0 0 3 0 0 0 0 0 0 0
0 0 0 0 0 4 3 0 0 0 0 0 0 0 1 0 0 9 5 5 5 8 3 5 7 71 5 5 5 6 0 4 4 0 0 0 0 0 4 0 0 0 0 5 0 1 5 0 5 0 0 6 6 0 10 2 3 0 0 6 0 3 3 4 3 2 3 3 4 4 4 19 7 0 0 40 12 46 32 0 0 6 5 9 0 5 11 7 6 168 6 6 0 0 7 0 0 0 0 0 0 3 0 0 1 0 3 0 4 31 3 0 0 8 3 5 5 0 0 1 7 0 0 0 6 0 8 0 5 0 0 0 0 0 0 0 0 0 0 0 0 10 0 4 2 3 0 2 20 0 0 8 0 0 0 0 3 0 0 0 0 0 0 3
0 0 0 0 0 0 1 1 0 0 0 1 0 0 1 0 0 2 1 1 1 2 0 1 1 72 1 1 1 1 0 1 0 0 0 0 0 0 0 0 0 0 0 0 0 0 0 0 1 0 0 1 1 0 2 1 0 0 0 1 0 2 1 2 1 0 1 1 2 1 1 6 0 0 0 24 11 44 28 0 0 1 1 0 0 0 2 0 1 164 1 1 0 0 0 0 0 0 0 0 0 1 0 0 0 0 0 0 1 4 0 0 0 2 1 1 1 0 0 0 2 2 0 0 1 0 2 0 1 0 1 0 0 0 1 0 0 0 0 0 0 1 0 0 0 0 0 0 9 0 0 0 0 0 0 0 0 0 0 0 0 0 0 1
3 2 2 3 3 5 3 2 6 4 5 5 5 18 5 1 3 19 4 4 4 13 0 4 3 93 2 2 2 3 0 0 4 3 4 6 27 1 3 3 9 11 47 2 0 0 0 0 27 0 0 8 6 0 12 0 0 0 0 7 0 4 4 5 4 0 3 3 4 0 3 0 9 35 53 82 20 0 0 0 0 0 2 0 0 0 12 0 1 200 7 0 0 0 0 0 0 0 0 0 0 0 0 0 1 0 0 0 3 24 1 0 0 6 3 4 5 8 0 32 13 0 0 0 50 0 6 0 4 0 0 0 0 0 0 0 0 0 0 0 46 55 14 3 17 2 1 2 58 1 17 6 0 2 0 1 3 0 1 1 0 0 0 32
3 3 3 3 4 6 3 3 8 5 6 6 6 27 5 3 3 12 5 5 5 14 4 5 6 91 5 5 4 5 1 7 7 7 8 9 26 1 6 6 12 15 40 5 0 0 0 0 16 0 0 11 8 0 20 3 5 0 3 8 4 4 4 4 4 2 3 3 4 5 3 0 17 12 0 79 8 61 42 0 0 0 5 4 0 0 0 0 4 186 0 0 0 0 0 0 0 0 0 0 0 1 0 0 2 0 4 0 4 35 3 0 0 7 3 5 5 0 0 38 18 0 0 0 49 0 8 0 5 0 0 0 0 0 0 0 0 0 0 0 30 28 12 4 25 3 0 2 29 1 24 7 0 0 0 1 4 0 1 1 0 0 0 24
54 10 7 12 0 16 9 9 20 16 15 13 39 33 23 12 0 65 26 25 26 77 22 23 16 117 85 85 33 34 0 61 18 19 27 29 81 19 39 37 0 38 76 39 0 14 39 0 99 0 0 70 30 0 61 7 13 0 0 25 4 9 9 10 10 8 9 9 10 14 16 0 0 0 0 88 28 83 1 0 19 61 83 72 84 47 139 55 100 278 122 46 0 0 13 0 0 0 0 0 0 7 0 0 71 0 10 0 102 48 16 0 0 47 13 34 36 23 0 0 68 0 0 0 60 0 20 0 12 0 0 0 0 0 0 0 0 12 148 0 61 49 31 13 31 23 5 6 81 22 30 19 4 6 0 6 13 2 6 5 0 0 57 7
7 3 3 4 5 7 4 3 9 6 7 5 6 6 8 4 0 23 6 5 6 28 5 8 7 101 5 5 5 6 7 16 0 0 0 0 38 0 7 7 11 14 56 8 0 0 6 5 24 0 0 14 8 0 17 4 5 0 0 8 3 5 5 6 4 0 4 4 5 6 4 22 15 83 96 87 0 68 17 0 3 0 6 16 22 12 49 14 7 237 48 7 0 0 8 0 0 0 0 0 0 3 0 0 3 0 5 0 5 22 4 0 11 8 4 5 7 10 0 40 19 0 0 0 20 0 0 0 5 0 0 0 0 0 10 22 6 10 49 0 0 25 14 4 2 3 0 2 42 1 1 8 0 0 0 0 4 0 1 0 0 0 0 3
14 2 2 2 3 4 2 0 0 0 4 3 3 0 6 2 0 20 3 0 3 20 0 0 4 84 3 2 3 3 0 0 5 5 7 5 34 4 5 4 1 8 55 8 0 0 3 0 24 0 0 12 4 0 12 2 3 0 0 0 0 3 0 0 2 2 2 0 3 0 2 0 6 41 25 73 0 53 0 0 2 3 3 8 16 8 55 14 9 193 54 4 0 0 5 0 0 0 0 2 0 1 0 0 7 0 3 0 0 13 2 0 4 5 2 3 5 6 0 24 17 0 0 0 12 0 0 0 0 0 12 0 13 25 7 13 4 5 40 6 0 17 8 0 0 0 0 0 27 0 0 4 0 0 0 0 0 0 0 0 0 0 19 2
12 4 0 0 0 0 0 0 0 0 0 6 8 0 10 5 0 27 8 6 8 27 2 10 9 113 7 7 7 8 0 16 4 0 15 0 31 0 0 9 0 0 0 11 0 0 8 0 33 0 0 17 11 0 22 5 4 0 0 10 0 6 5 7 5 4 5 5 6 7 6 28 19 73 71 98 22 71 0 0 7 9 8 24 23 15 58 18 9 267 53 10 0 0 3 0 0 0 0 0 0 4 0 0 5 0 6 0 6 33 5 0 0 11 5 7 9 12 0 47 23 0 0 0 21 0 0 0 6 0 0 0 0 0 0 30 0 0 54 0 36 0 17 8 6 6 2 4 54 4 4 12 1 2 0 3 7 0 2 2 0 17 0 4
19 1 0 0 2 2 2 0 3 2 2 2 3 2 4 0 0 19 2 2 2 10 0 2 3 86 2 2 2 2 0 0 0 0 2 0 15 0 3 2 0 1 54 9 0 0 2 0 21 0 0 10 3 0 8 0 0 0 0 3 0 2 2 3 2 1 2 2 3 2 2 0 0 0 0 54 0 53 33 0 0 7 2 0 3 2 60 13 22 197 58 2 0 0 0 0 0 0 0 0 0 1 0 0 14 0 1 0 2 8 1 0 0 3 1 2 3 0 0 0 13 0 0 0 0 0 0 0 2 0 0 0 0 0 0 0 0 0 0 0 0 0 0 1 1 1 0 1 11 0 0 3 0 0 0 0 1 0 0 0 0 0 0 1
17 2 2 2 2 3 2 0 4 3 3 2 3 3 5 0 0 19 3 3 3 11 0 2 3 91 2 2 2 3 0 1 0 0 5 0 14 3 3 3 0 6 55 8 0 0 3 0 22 0 0 10 3 0 9 0 0 0 0 3 0 3 2 3 2 2 2 2 3 2 2 0 0 0 0 69 0 57 35 0 0 5 3 0 2 3 57 12 16 211 55 3 0 0 0 0 0 0 0 0 0 1 0 0 10 0 1 0 2 10 1 0 0 4 2 2 4 0 0 0 11 0 0 0 1 0 0 0 2 0 0 0 0 0 0 0 0 0 5 0 4 0 3 2 1 1 0 1 15 0 0 4 0 0 0 0 2 0 0 0 0 0 0 2
156 40 0 97 104 73 80 31 84 56 37 151 140 56 373 71 19 181 37 37 38 4 36 47 1020 131 328 330 60 131 1003 114 0 59 69 27 144 0 175 118 0 54 133 186 0 0 100 0 181 0 0 396 112 0 334 16 81 0 15 107 16 17 16 17 20 15 16 17 17 82 725 240 717 352 80 52 289 179 221 0 111 185 325 99 171 98 334 134 328 315 285 128 0 1602 0 0 0 0 0 0 0 19 41 32 225 0 908 0 329 191 383 70 0 154 424 62 119 132 0 313 361 153 19 0 102 0 183 130 419 0 21 0 0 47 0 0 0 0 1440 0 0 87 62 43 52 35 181 182 60 33 51 84 26 19 92 425 1018 23 112 34 0 0 0 72
63 8 0 0 54 0 37 0 46 0 0 62 100 10 31 50 0 176 59 57 60 112 84 87 91 121 107 108 44 50 81 79 1 171 16 57 99 0 47 79 0 0 83 209 0 0 67 0 122 0 0 120 76 0 150 9 29 0 6 64 0 12 11 12 13 9 10 11 11 32 610 185 147 193 59 121 48 112 109 0 35 137 111 81 45 63 316 83 123 290 181 66 0 169 0 0 0 0 0 0 0 16 23 0 90 0 0 0 112 169 41 16 0 91 15 45 68 51 0 242 231 2 96 0 30 0 53 11 38 0 0 0 0 0 74 0 0 0 332 0 246 297 7 9 7 55 63 67 329 50 7 56 10 7 20 18 78 0 91 25 272 0 557 13
85 13 54 0 0 2 0 0 0 0 0 57 106 5 23 27 68 234 291 279 290 24 60 57 0 123 76 79 23 66 0 143 0 0 0 0 96 0 34 44 0 225 102 56 0 0 0 0 73 0 0 150 90 0 276 9 27 0 3 81 0 11 10 10 15 8 10 9 11 33 480 135 199 174 0 121 49 82 45 0 20 139 87 97 64 61 202 85 93 291 248 91 0 776 0 0 0 0 0 0 0 150 66 21 54 15 0 0 114 150 0 0 0 235 36 29 122 135 0 576 249 0 0 0 0 0 1 286 65 48 146 0 0 0 0 0 0 0 1134 0 101 227 223 16 0 287 63 68 194 281 2 4 0 21 0 36 0 40 60 6 279 0 0 14
0 0 0 0 0 0 0 0 0 0 0 0 24 0 36 0 0 120 50 48 50 117 24 22 0 35 0 0 0 0 0 0 0 0 0 0 872 0 0 3 0 0 20 0 0 0 0 0 9 0 0 5771 527 0 0 1 1 0 2 1 1 1 1 1 1 1 1 1 1 1 0 0 222 5 0 71 119 104 181 0 0 5 15 5 0 2 2 5 11 0 6 3 0 0 0 0 0 0 0 0 0 0 0 0 0 0 0 0 0 0 3 0 0 0 0 0 12 1 0 1 160 0 0 0 1 0 0 0 0 0 0 0 0 0 0 0 0 0 1 0 0 0 0 0 0 49 0 0 0 47 0 0 0 0 0 0 0 0 0 0 0 0 0 0
