151
0 0 0 0 0 0 0 0 19 20 36 26 18 17 86 0 0 0 0 0 0 0 0 0 0 0 0 0 0 0 0 1 0 1 1 6 0 33 7 4 2 0 0 0 0 0 0 0 0 0 0 0 0 0 0 0 0 0 0 0 0 0 0 0 0 0 0 0 0 0 0 0 0 0 0 0 0 0 0 0 0 0 0 0 0 0 0 0 0 0 0 0 0 0 0 0 0 0 0 0 0 0 0 0 0 0 0 0 0 0 0 0 0 0 0 0 0 0 0 0 0 0 0 0 0 0 0 0 0 0 0 0 0 0 0 0 176 0 0 0 0 0 0 0 0 0 0 0 0 0 0
0 0 0 0 0 0 0 611 1073 193 38 122 31 28 7 0 0 0 0 0 0 0 0 0 0 0 0 0 0 0 0 0 0 0 0 0 0 0 0 0 0 0 0 0 0 0 0 0 0 0 0 0 0 0 0 0 0 0 0 0 0 0 0 0 0 0 0 0 0 0 0 0 0 0 0 0 0 0 0 0 0 0 0 0 0 0 0 0 0 0 0 0 0 0 0 0 0 0 0 0 0 0 0 0 0 0 0 0 0 0 0 0 0 0 0 0 0 0 0 0 0 0 0 0 0 0 0 0 0 0 0 0 0 0 0 0 5 0 1 2 0 0 0 0 4 0 3 2 0 0 0
0 0 0 0 0 0 0 152 1347 1377 2046 5198 13197 13322 1729 0 0 0 0 0 0 0 0 0 0 0 0 0 0 0 0 110 27 51 104 529 26 584 614 297 192 0 0 0 0 0 0 0 0 0 0 0 0 0 0 0 0 0 0 0 0 0 0 0 0 20 4 0 0 0 0 0 0 0 0 0 0 0 0 0 0 0 0 0 0 0 0 0 0 0 0 0 0 0 0 0 0 0 0 0 0 0 0 0 0 0 0 0 0 0 0 0 0 0 0 0 0 0 0 0 0 0 0 0 0 0 0 470 0 0 0 0 0 0 0 0 4 0 3 5 0 0 0 0 7 2 6 5 0 0 0
0 0 0 0 0 0 0 0 26 41 34 30 16 17 12 0 0 0 0 0 0 0 0 1 0 0 0 0 0 0 0 3125 774 1446 2939 14980 735 16536 17371 12027 10885 0 0 0 0 0 0 0 0 0 0 0 0 0 0 0 0 0 0 0 0 0 0 0 0 46 9 0 0 0 1 0 0 0 0 0 0 0 0 0 0 0 0 0 0 0 0 0 0 0 0 1 0 0 0 0 0 0 0 0 0 0 0 0 0 0 0 0 0 0 0 0 0 0 0 0 0 0 0 0 0 0 0 0 0 0 0 872 14 0 0 4 0 0 0 0 4 0 8 11 0 0 0 0 15 6 13 12 0 0 0
0 0 0 0 0 0 0 0 0 0 0 0 0 0 8 0 0 0 0 0 0 0 0 0 0 0 0 0 0 0 0 330 82 153 310 2722 78 1745 1834 992 573 0 0 0 0 0 0 0 0 0 0 0 0 0 0 0 0 0 0 0 0 0 0 0 0 15 3 0 0 0 0 0 0 0 0 0 0 0 0 0 0 0 0 0 0 0 0 0 0 0 0 0 0 0 0 0 0 0 0 0 0 0 0 0 0 0 0 0 0 0 0 0 0 0 0 1 0 0 0 0 0 0 0 0 0 0 0 229 0 0 0 1 0 0 0 0 1 0 0 0 0 0 0 0 2 0 0 0 0 0 0
0 0 0 0 0 0 0 0 0 0 0 0 0 0 0 0 0 0 0 0 0 0 0 0 0 0 0 0 0 0 0 74 18 34 70 356 17 393 418 218 129 0 0 0 0 0 0 0 0 0 0 0 0 0 0 0 0 0 0 0 0 0 0 0 0 0 0 0 0 0 0 0 0 0 0 0 0 0 0 0 0 0 0 0 0 0 0 0 0 0 0 0 0 0 0 0 0 0 0 0 0 0 0 0 0 0 0 0 0 0 0 0 0 0 0 0 0 0 0 0 0 0 0 0 0 0 0 0 0 0 0 0 0 0 0 0 0 0 0 0 0 0 0 0 0 0 0 0 0 0 0
0 0 0 0 0 0 0 0 0 0 0 0 0 0 0 0 0 0 0 0 0 0 0 0 0 0 0 0 0 0 0 0 0 0 0 0 0 0 0 0 0 0 0 3 3 0 0 0 0 0 0 0 0 0 0 0 0 0 0 0 0 0 0 0 0 0 0 0 0 0 0 0 0 0 0 0 0 0 0 0 0 0 0 0 0 0 0 0 0 0 0 0 0 0 0 0 0 0 0 0 0 0 0 0 0 0 0 0 0 0 0 0 0 0 0 0 0 0 0 0 0 0 0 0 0 0 0 2 0 0 0 0 0 0 0 0 0 0 0 0 0 0 0 0 0 0 0 0 0 0 0
0 0 0 0 0 0 0 0 2020 6566 13602 13614 19887 19705 4969 909 7282 460 460 0 0 0 0 10 0 0 1 0 0 0 1 159 39 74 150 764 37 843 886 892 976 0 4320 82 45 78 0 0 0 0 0 0 0 0 0 0 0 0 0 0 0 0 0 0 0 8 1 0 0 0 0 0 0 0 0 0 0 0 0 0 0 0 0 0 0 0 12 0 0 0 0 1 0 0 0 0 0 0 0 0 0 0 0 0 0 0 0 0 0 0 0 0 0 0 0 0 0 0 0 0 0 0 0 0 0 0 0 0 0 0 0 1 0 0 0 0 16 0 0 1 0 0 0 0 2 241 1 0 0 0 0
0 0 0 0 0 0 0 0 0 0 0 0 0 0 123 0 0 0 0 0 0 0 0 0 0 0 0 0 0 0 0 12501 0 0 0 0 0 0 0 0 0 0 0 0 0 249 0 0 0 0 0 0 0 0 0 0 0 0 0 0 0 0 0 0 0 0 0 0 0 0 0 0 0 0 0 0 0 0 0 0 0 0 0 0 0 0 0 0 0 0 0 0 0 0 0 0 0 0 0 0 0 0 0 0 0 0 0 0 0 0 0 0 0 0 0 0 0 0 0 0 0 0 0 0 0 0 0 0 0 0 0 0 0 0 0 0 1 0 0 0 0 0 0 0 0 0 0 0 0 0 0
0 0 0 0 0 0 0 0 0 0 0 0 0 0 0 0 0 0 0 0 0 0 0 1 0 0 2 1 0 0 0 0 47146 0 0 0 0 0 0 0 0 0 0 0 0 3692 0 0 0 0 0 0 0 0 0 0 0 0 0 0 0 0 0 0 0 0 0 0 0 0 0 0 0 0 0 0 0 0 0 0 0 0 0 0 0 0 0 0 0 0 0 9 0 0 0 0 0 0 0 0 0 0 0 0 0 0 0 0 0 0 0 0 0 0 0 0 0 0 0 0 0 0 0 0 0 0 0 0 0 0 0 0 0 0 0 0 3 0 0 0 0 0 0 0 0 0 0 0 0 0 0
0 0 0 0 0 0 0 0 0 0 0 0 0 0 0 0 0 0 0 0 0 0 0 0 0 0 0 0 0 0 0 0 0 18290 0 0 0 0 0 0 0 0 0 0 0 602 0 0 0 0 0 0 0 0 0 0 0 0 0 0 0 0 0 0 0 0 0 0 0 0 0 0 0 0 0 0 0 0 0 0 0 0 0 0 0 0 0 0 0 0 0 0 0 0 0 0 0 0 0 0 0 0 0 0 0 0 0 0 0 0 0 0 0 0 0 5 0 0 0 0 0 0 0 0 0 2825 0 1540 0 0 12 6 0 0 0 5 12 0 21 22 10 4 5 12 27 20 25 25 0 0 0
0 0 0 0 0 0 0 0 0 0 0 0 0 0 0 0 0 0 0 0 0 0 0 0 0 0 0 0 0 0 0 0 0 0 1764 0 0 0 0 0 0 0 0 0 0 53 0 0 0 0 0 0 0 0 0 0 0 0 0 0 0 0 0 0 0 1 0 0 0 0 0 0 0 0 0 0 0 0 0 0 0 0 0 0 0 0 0 0 0 0 0 0 0 0 0 0 0 0 0 0 0 0 0 0 0 0 0 0 0 0 0 0 0 0 0 0 0 0 0 0 0 0 0 0 0 0 0 0 0 0 0 0 0 0 0 0 2 0 0 0 0 0 0 0 0 0 0 0 0 0 0
0 0 0 0 0 0 0 0 1 105 3 14 0 0 4120 0 0 0 0 0 0 0 0 0 0 0 0 0 0 0 0 0 0 0 0 0 0 0 0 0 0 0 0 0 0 20 0 0 0 0 0 0 0 0 0 0 0 0 0 0 0 0 0 0 0 1 0 0 0 0 0 0 0 0 0 0 0 0 0 0 0 0 0 0 0 0 0 0 0 0 0 0 0 0 0 0 0 0 0 0 0 0 0 0 0 0 0 0 0 0 0 0 0 0 0 0 0 0 0 0 0 0 0 0 0 0 0 0 0 0 0 0 0 0 0 0 0 0 0 0 0 0 0 0 0 0 0 0 0 0 0
0 0 0 0 0 0 0 0 157 173 11 362 1111 0 0 0 0 0 0 0 0 0 0 0 0 0 0 0 0 0 0 337 84 156 317 1566 5936 1785 1824 456 0 0 0 0 0 241 0 0 0 0 0 0 0 0 0 0 0 0 0 0 0 0 0 0 0 0 0 0 0 0 0 0 0 0 0 0 0 0 0 0 0 0 0 0 0 0 0 0 0 0 0 4 0 0 0 0 0 0 0 0 0 0 0 0 0 0 0 0 0 0 0 0 0 0 0 0 0 0 0 0 0 0 0 0 0 0 0 0 0 0 0 0 0 0 0 0 0 0 0 0 0 0 0 0 0 0 0 0 0 0 0
0 0 0 0 0 0 0 0 0 0 0 1 0 3 0 0 0 0 0 0 0 0 0 0 0 0 0 0 0 0 0 0 0 0 0 0 0 0 0 0 0 0 0 0 0 0 0 0 0 0 0 0 0 0 0 0 0 0 0 0 0 0 0 0 0 0 0 0 0 0 0 0 0 0 0 0 0 0 0 0 0 0 0 0 0 0 0 0 0 0 0 0 0 0 0 0 0 0 0 0 0 0 0 0 0 0 0 0 0 1673 0 0 0 0 0 0 0 0 0 0 0 0 0 0 0 0 0 0 0 0 0 0 0 0 0 0 0 0 0 0 0 0 0 0 0 0 0 0 0 0 0
0 0 0 257 0 0 0 0 129 133 237 175 121 111 0 0 1983 46 46 0 0 0 0 172 0 0 2 0 0 0 1 14 9 10 9 53 34 61 61 98 0 50 0 0 0 2 2120 9837 5209 0 0 0 0 0 0 0 0 0 0 0 0 0 0 0 0 2 0 0 1 18 19 15 0 0 0 0 0 0 0 0 1 2 1 1 1 0 23 0 0 12 2264 3 0 0 0 0 0 0 30961 0 0 0 0 0 0 0 9 0 0 265 0 0 0 0 0 0 0 0 0 0 0 0 0 0 0 0 0 0 0 0 0 0 0 0 0 0 1 0 0 0 0 0 0 0 0 0 0 0 0 0 0
0 0 0 0 0 0 0 0 0 0 0 0 0 0 0 0 0 0 0 0 0 0 0 0 0 0 0 0 0 0 0 0 0 0 0 0 0 0 0 0 0 51088 0 0 0 0 0 0 0 0 0 0 0 0 0 0 0 0 0 0 0 0 0 0 0 0 0 0 0 0 0 0 0 0 0 0 0 0 0 0 0 0 0 0 0 0 0 0 0 0 0 0 0 0 0 0 0 0 0 0 0 0 0 0 0 0 0 0 0 0 0 0 0 0 0 0 0 0 0 0 0 0 0 0 0 0 0 0 0 0 0 0 0 0 0 0 0 0 0 0 0 0 0 0 0 0 0 0 0 0 0
0 0 0 0 0 0 0 0 0 0 0 0 0 0 0 0 0 0 0 0 0 0 0 0 0 0 0 0 0 0 0 0 0 0 0 0 0 0 0 0 0 0 1 0 0 0 0 0 0 0 0 0 0 0 0 0 0 0 0 0 0 0 0 0 0 0 0 0 1967 1935 2004 1982 0 0 0 36 106 43 0 0 0 0 0 0 0 0 0 0 0 0 0 0 21638 0 0 0 0 0 0 0 0 0 0 0 0 6839 0 0 0 0 0 0 0 0 0 0 0 0 0 0 0 0 0 0 0 0 0 0 0 0 0 0 0 0 0 0 0 0 0 0 0 0 0 0 0 0 0 0 0 0 0
0 0 0 0 0 0 0 0 0 0 0 0 0 0 0 0 0 0 0 0 0 0 0 0 0 0 0 0 0 0 0 0 0 0 0 0 0 0 0 0 0 0 0 0 0 0 0 0 0 0 0 0 0 0 0 0 0 0 0 0 0 0 0 0 0 0 0 0 0 0 0 0 0 0 0 0 0 0 0 0 0 0 0 0 0 0 0 0 0 0 0 0 0 0 0 0 0 0 0 0 0 0 0 0 0 0 0 0 0 0 0 0 0 0 0 0 0 0 0 0 0 0 0 0 0 0 0 0 0 0 0 0 0 0 0 0 0 0 0 0 0 0 0 0 0 0 0 0 0 0 0
0 0 0 0 0 0 0 0 0 0 0 0 0 0 0 0 0 0 0 0 0 55 0 0 0 0 0 0 0 0 0 0 0 0 0 0 0 0 0 0 0 0 0 0 0 0 0 0 0 0 0 0 0 0 0 0 0 0 0 0 0 0 0 0 0 0 0 0 0 0 0 0 0 0 0 0 0 0 0 0 0 0 0 0 0 0 0 0 0 0 0 0 0 0 0 0 0 0 0 0 0 0 0 0 0 0 0 0 0 0 0 0 0 0 0 0 0 0 0 0 0 0 0 0 0 0 0 0 0 0 0 0 0 0 0 0 0 0 0 0 0 0 0 0 0 0 0 0 0 0 0
199 644 594 491 739 383 20 555 631 361 441 442 470 458 453 0 23 990 990 4288 0 2473 0 240 0 0 135 18 0 0 21 1600 667 2043 596 1497 1143 1524 1525 1374 1174 316 659 2328 2472 2709 947 3459 4029 0 17304 0 5 5 5 0 5 4 5 5 5 5 5 5 5 13507 7746 10797 4948 4946 4952 4948 0 8682 8682 9732 9395 1224 1924 0 0 0 0 0 4618 1046 1815 2554 0 1939 614 46 0 66313 0 0 0 0 0 0 0 0 0 0 0 38632 0 0 0 0 0 0 0 0 0 0 0 0 0 0 0 0 0 0 0 0 0 0 0 0 0 0 341 333 0 474 46 0 517 527 494 479 474 491 528 511 523 521 0 0 0
0 0 0 0 0 0 0 0 0 0 0 0 0 0 0 0 0 0 0 0 0 0 0 0 0 0 0 0 0 0 0 0 0 0 0 0 0 0 0 0 0 0 0 0 0 0 0 0 0 0 0 254 270 270 270 79 270 269 270 270 270 270 270 270 270 295 215 234 134 132 138 134 0 0 0 0 0 0 0 0 0 0 0 0 0 0 0 0 0 0 0 0 0 0 0 0 0 0 0 0 0 0 0 0 0 0 0 0 0 0 0 0 0 0 0 0 0 0 0 0 0 0 0 0 0 0 0 0 0 0 0 0 0 0 0 0 0 0 0 0 0 0 0 0 0 0 0 0 0 0 0
0 0 0 1 0 71 0 1 0 0 0 0 0 0 5 0 0 677 677 0 0 0 0 9485 27146 65103 78479 68222 52570 19643 94656 0 0 0 0 0 0 0 0 0 0 0 0 0 0 0 0 0 0 1 6021 0 457 457 457 402 457 457 457 457 457 0 32 457 457 0 60 0 8 21 21 8 0 1 25 0 0 6 1 144 0 0 0 0 0 0 0 0 0 0 0 1 0 0 0 0 0 71 0 0 0 0 0 0 0 3 0 72 0 0 0 0 0 0 0 0 0 0 0 0 2 0 0 0 0 0 0 0 0 0 0 0 0 0 0 0 0 0 0 0 0 0 0 0 0 0 0 0 0 0 0
0 0 0 0 0 0 0 0 0 0 0 0 0 0 0 0 0 0 0 0 0 0 0 0 0 0 0 0 0 0 0 0 0 0 0 0 0 0 0 0 0 0 0 0 0 0 0 0 0 0 0 0 0 0 0 0 0 0 0 0 0 0 0 0 0 0 0 0 0 0 0 0 0 0 0 0 0 0 0 0 0 0 0 0 0 0 0 0 0 0 0 0 0 0 0 0 0 0 0 0 0 0 0 0 0 0 0 0 0 0 0 0 0 0 0 0 0 0 0 0 0 0 0 0 0 0 0 0 0 0 0 0 0 0 0 0 3 0 0 0 0 0 0 0 0 0 0 0 0 0 0
0 0 0 0 0 0 0 0 0 0 0 0 0 0 0 0 0 2 2 0 0 0 0 1 0 0 250 55 0 0 0 0 0 0 0 0 0 0 0 0 0 0 0 0 0 0 0 0 0 0 0 0 0 0 0 0 0 0 0 0 0 0 0 0 0 0 18 0 0 0 0 0 0 0 21 0 1 0 0 0 0 0 0 0 0 0 0 0 0 0 5 10 0 0 0 0 0 1 0 0 0 0 0 0 0 0 0 0 0 0 0 0 0 0 0 0 0 0 0 0 0 0 0 0 0 1 0 0 0 0 0 0 0 0 0 0 1 0 1 1 0 0 0 0 1 1 1 1 0 0 0
0 0 0 0 0 0 0 0 0 0 0 0 0 0 0 0 0 1 1 0 0 0 0 14 0 0 167 38 0 0 0 0 0 0 0 0 0 0 0 0 0 0 0 0 0 0 0 0 0 0 0 0 0 0 0 0 0 0 0 0 0 0 0 0 0 0 0 0 0 0 0 0 2 0 25 0 0 95 0 314 0 0 0 0 0 0 0 0 0 0 3 11 0 0 0 0 0 0 0 0 0 0 0 0 0 0 0 0 0 0 0 0 0 0 0 0 0 0 0 0 0 0 0 0 0 1 0 0 0 0 0 0 0 0 0 1 0 0 1 2 1 1 1 1 2 1 2 1 0 0 0
0 0 0 0 0 0 0 0 0 0 0 0 0 0 0 0 0 0 0 0 0 0 0 0 0 0 0 0 0 0 0 0 0 0 0 0 0 0 0 0 0 0 0 0 0 0 0 0 0 0 0 0 0 0 0 0 0 0 0 0 0 0 0 0 0 0 4 0 0 0 0 0 0 0 2 0 0 9 0 0 0 0 0 0 2 0 0 0 0 0 0 0 0 0 0 0 0 0 0 0 0 0 0 0 0 0 0 0 0 0 0 0 0 0 0 0 0 0 0 0 0 0 0 0 0 0 0 0 0 0 0 0 0 0 0 0 0 0 0 0 0 0 0 0 0 0 0 0 0 0 0
0 0 0 0 0 0 0 0 0 0 0 0 0 0 0 0 0 1 1 0 0 0 0 0 0 0 75 0 0 0 0 0 0 0 0 0 0 0 0 0 0 0 0 0 0 0 0 0 0 0 0 0 0 0 0 0 0 0 0 0 0 0 0 0 0 0 4 0 0 0 0 0 0 0 0 0 0 0 0 0 0 0 0 0 0 0 0 0 0 0 0 6 0 0 0 0 0 0 0 0 0 0 0 0 0 0 0 0 0 0 0 0 0 0 0 0 0 0 0 0 0 0 0 0 0 0 0 0 0 0 0 0 0 0 0 0 0 0 1 1 0 0 0 0 0 0 1 1 0 0 0
0 0 0 0 0 0 0 0 0 0 0 0 0 0 0 0 0 0 0 0 0 0 0 236 0 0 19 1 0 0 1 0 0 0 0 0 0 0 0 0 0 0 0 1 0 5 0 0 0 0 0 0 0 0 0 0 0 0 0 0 0 0 0 0 0 0 0 1 0 0 0 0 0 0 7 7 0 0 0 0 0 0 0 0 0 0 0 0 0 0 0 2 0 1 0 0 0 40 20 0 0 0 0 0 0 1 1 0 0 0 0 0 0 0 0 0 0 0 0 0 0 0 0 0 0 0 0 0 0 0 0 0 0 0 0 0 10 0 1 1 0 0 0 0 1 1 1 1 0 0 0
0 0 0 0 0 0 0 0 0 0 0 0 0 0 0 0 0 0 0 0 0 0 0 611 0 0 23 2 0 0 158 0 0 0 0 0 0 0 0 0 0 0 0 0 0 0 2 0 0 0 0 0 0 0 0 0 0 0 0 0 0 0 0 0 0 1 0 0 0 0 0 0 0 0 0 0 0 0 0 0 3 3 4 6 24 0 0 0 0 0 0 2 0 10 0 0 0 0 161 12 0 0 0 0 0 11 0 0 0 0 0 0 0 0 0 0 0 0 0 0 0 0 0 0 0 0 0 0 0 0 0 0 0 0 0 0 12 0 0 25 0 0 0 0 25 0 0 0 0 0 0
0 0 0 1 0 0 0 0 1 0 1 1 0 0 0 0 18 0 0 0 0 0 0 166 0 0 9 0 0 0 0 0 0 0 0 0 0 0 0 0 0 0 0 0 0 0 0 0 0 0 0 0 0 0 0 0 0 0 0 0 0 0 0 0 0 0 0 0 0 0 0 0 0 0 0 0 0 0 0 0 0 0 0 0 60 0 0 0 0 0 0 0 0 0 0 0 0 0 0 1 0 0 0 0 0 0 0 0 0 451 0 0 0 0 0 0 0 0 0 0 0 0 0 0 0 0 0 0 0 0 0 0 0 0 0 2 3 0 2 1 1 0 1 1 1 1 2 2 0 0 0
0 0 0 0 0 0 0 0 0 0 0 0 0 0 0 0 1 1 1 4 0 1 1 0 0 0 0 0 0 0 0 0 20 16 58 223 0 500 506 0 0 0 0 0 0 0 0 0 0 0 0 0 0 0 0 0 0 0 0 0 0 0 0 0 0 0 0 0 0 0 0 0 0 0 0 0 0 0 0 0 0 0 0 0 0 0 0 0 0 0 0 0 0 0 0 0 0 0 0 0 0 0 0 0 0 0 0 0 0 4939 0 0 0 0 0 0 0 0 0 0 0 0 0 0 0 0 0 0 0 0 0 14 1 1 0 0 1 0 1 2 0 0 0 0 3 0 2 2 192 1 10
0 0 0 0 0 0 0 0 0 0 0 0 0 0 0 0 0 0 0 1 0 2057 1 0 0 0 0 0 0 0 0 0 0 0 0 0 0 16 12 0 0 0 0 0 0 0 0 0 0 0 0 0 0 0 0 0 0 0 0 0 0 0 0 0 0 0 0 0 0 0 0 0 0 0 0 0 0 0 0 0 0 0 0 0 0 0 0 0 0 0 0 0 0 0 0 0 0 0 0 0 0 0 0 0 0 0 0 0 0 913 0 0 0 0 0 0 0 0 0 0 0 0 0 0 0 0 0 0 0 0 0 9 0 0 0 0 2 0 0 0 0 0 0 0 0 0 0 0 50 0 10
0 0 0 0 0 0 0 0 0 0 0 0 0 0 0 0 2 2 2 9 0 3 4 0 0 0 0 0 0 0 0 0 5 0 12 26 0 146 144 0 0 0 0 0 0 0 0 0 0 0 0 0 0 0 0 0 0 0 0 0 0 0 0 0 0 0 0 0 0 0 0 0 0 0 0 0 0 0 0 0 0 0 0 0 0 0 0 0 0 0 6 0 0 0 0 0 0 0 0 0 0 0 0 0 0 0 0 0 0 0 0 0 0 0 0 0 0 0 0 0 0 0 0 0 0 1 0 0 0 0 0 32 3 2 0 0 3 0 6 7 2 0 0 2 8 5 7 7 34 0 7
0 0 0 0 0 0 0 0 0 0 0 0 0 0 0 0 2 1 1 6 0 2 2 0 0 0 0 0 0 0 0 0 5 0 0 0 0 162 152 0 0 0 0 0 0 0 0 0 0 0 0 0 0 0 0 0 0 0 0 0 0 0 0 0 0 0 0 0 0 0 0 0 0 0 0 0 0 0 0 0 0 0 0 0 0 0 0 0 0 0 0 0 0 0 0 0 0 0 0 0 0 0 0 0 0 0 0 0 0 4907 0 0 0 0 0 0 0 0 0 0 0 0 0 0 0 0 0 0 0 0 0 15 0 0 0 0 3 0 4 5 2 0 0 2 5 4 5 5 121 0 4
0 0 0 0 0 0 0 0 60 61 109 81 56 0 0 0 1 1 1 6 0 2 3 6 0 0 0 0 0 0 0 0 43 0 70 0 0 1220 1187 75 0 154 0 0 0 21 0 0 0 0 0 0 0 0 0 0 0 0 0 0 0 0 0 0 0 14 0 0 0 9 9 8 0 0 10 35 0 23 0 0 0 0 0 0 0 0 2 0 0 0 0 3 0 0 0 0 0 4 3 0 0 0 2 2 0 0 0 0 0 101 0 0 0 0 0 0 0 0 0 0 0 0 0 0 0 0 0 0 0 0 0 24 2 1 0 0 2 0 3 4 0 0 0 0 5 3 4 4 0 0 3
0 0 0 0 0 0 0 0 255 276 485 352 229 0 3 0 8 6 6 33 0 12 15 5 0 0 0 0 0 0 0 51 18 28 62 298 0 389 289 0 0 335 0 0 0 0 0 0 0 0 0 0 0 0 0 0 0 0 0 0 0 0 0 0 0 0 0 0 0 0 0 0 0 0 0 0 0 0 0 0 0 0 0 0 0 0 0 0 0 0 106 2 0 0 0 0 0 0 0 0 0 0 0 0 0 0 0 0 0 6 0 0 0 0 0 1 0 0 0 0 0 0 0 0 0 0 0 0 0 0 64 0 10 9 0 25 2 0 31 32 28 25 25 27 33 30 32 32 145 26 128
0 0 0 0 0 0 0 0 0 0 0 0 0 0 0 0 0 0 0 0 0 0 0 2 0 0 0 0 0 0 0 0 0 0 0 0 0 0 0 0 0 0 0 0 0 0 0 0 0 0 0 0 0 0 0 0 0 0 0 0 0 0 0 0 0 0 0 0 0 0 0 0 0 0 0 0 0 0 0 0 0 0 0 0 0 0 0 0 0 0 0 1 0 0 0 0 0 0 0 0 0 0 0 0 0 0 0 0 0 0 0 0 0 0 0 0 0 0 0 0 0 0 0 0 0 0 0 0 0 0 0 0 0 0 0 0 1 0 0 0 0 0 0 0 0 0 0 0 1 0 4
0 0 0 0 0 0 0 0 60 62 110 81 57 0 0 0 2 1 1 7 0 2 3 0 0 0 0 0 0 0 0 0 0 0 0 0 0 105 0 0 0 137 0 0 0 0 0 0 0 0 0 0 0 0 0 0 0 0 0 0 0 0 0 0 0 0 0 0 0 0 0 0 0 0 0 0 0 0 0 0 0 0 0 0 0 0 0 0 0 0 0 0 0 0 0 0 0 0 0 0 0 0 0 0 0 0 0 0 0 0 0 0 0 0 0 0 0 0 0 0 0 0 0 0 0 0 0 0 0 0 0 24 2 2 0 0 1 0 4 5 0 0 0 0 5 3 5 5 0 0 4
0 0 0 0 0 0 0 0 1878 3934 2825 2170 755 0 720 0 22 16 16 90 0 33 41 20 0 0 2 1 0 0 3 95 213 351 4390 0 211 603 383 0 0 287 1 23 0 222 100 0 20 0 0 0 4 4 4 0 4 4 1 4 4 4 4 4 4 141 4 0 61 90 90 88 0 0 91 332 0 220 178 0 0 0 0 0 0 0 27 0 0 0 298 18 0 0 0 0 0 49 26 0 0 0 22 22 0 0 17 0 0 94 0 0 0 0 0 3 0 0 0 0 0 0 0 0 0 15 0 0 0 0 81 0 25 20 0 68 8 0 75 77 73 70 69 71 78 74 77 77 582 86 158
0 0 0 0 0 0 0 0 3171 1203 2363 2160 2279 1583 0 21 125 84 84 463 0 171 211 20 0 0 1 0 0 0 0 418 139 221 494 2389 9 3080 2906 3257 0 1778 7 190 68 943 480 0 328 125 0 1 16 16 16 0 16 16 12 16 16 16 16 16 16 723 22 29 425 462 463 459 0 17 368 1341 0 887 0 0 0 0 0 0 0 0 123 0 0 99 1582 6 10 0 0 0 0 176 92 0 0 0 77 76 0 0 199 0 0 158 0 0 375 0 0 14 102 22 0 0 0 0 40 0 0 351 0 0 0 156 806 0 143 119 0 441 2 0 449 454 457 452 447 446 455 447 456 454 134 52 59
0 0 0 0 0 0 0 0 1 160 2 18 5 3 0 0 0 12 12 68 0 25 29 16 0 0 1 1 0 0 1 97 126 141 1031 0 0 0 0 0 0 0 0 16 0 132 37 0 23 0 0 0 0 0 0 0 0 0 0 0 0 0 0 0 0 108 3 4 0 0 0 0 0 0 52 190 0 125 0 0 0 0 0 0 0 0 17 0 0 3 183 10 0 0 0 0 0 23 12 0 0 0 10 10 0 0 21 0 0 0 0 0 0 0 0 2 0 0 0 0 0 0 0 0 0 31 0 0 0 0 0 0 0 0 0 0 11 0 0 0 0 0 0 0 0 0 0 0 57 23 22
0 0 0 0 0 0 0 0 0 0 0 0 0 0 0 0 0 0 0 0 0 0 0 0 0 0 0 0 0 0 0 0 0 0 0 0 0 0 0 0 0 0 0 0 0 0 0 0 0 0 0 0 0 0 0 0 0 0 0 0 0 0 0 0 0 0 0 0 0 24 24 24 0 0 0 0 0 0 0 0 0 0 0 0 0 0 0 0 0 0 0 0 0 0 0 0 0 0 0 0 0 0 0 0 0 0 0 0 0 0 0 0 0 0 0 0 0 0 0 0 0 0 0 0 0 0 0 0 0 0 0 0 9 8 0 0 1 0 0 0 0 0 0 0 28 0 0 0 0 0 0
0 2 7 8 2 2 0 0 2 2 4 3 2 1 0 6 10 9 9 14 0 8 0 29 0 0 11 2 0 0 7 4 4 5 3 7 37 13 13 0 0 0 0 0 1332 120 0 0 105 0 0 0 1 1 1 0 1 1 0 1 1 1 1 1 1 0 82 111 0 107 108 108 197 329 0 0 0 132 5 12 27 41 37 149 49 0 48 0 27 61 0 18 0 0 0 0 0 131 69 21 0 0 0 0 0 0 7 0 0 0 0 0 0 0 0 46 0 0 0 0 0 0 0 0 0 0 0 0 0 0 0 0 33 27 0 67 42 0 94 94 74 63 71 83 109 97 107 105 352 171 2326
6 98 70 307 68 73 0 0 107 110 197 145 100 92 189 297 0 27 27 0 0 389 0 36 0 0 10 6 0 0 2 4 2 3 3 13 9 17 18 11 0 6 122 0 0 961 40 69 0 0 0 21 56 56 56 0 56 56 55 56 56 56 56 56 56 8 204 274 0 14 15 14 0 0 547 211 193 536 420 0 0 0 0 0 581 186 0 0 0 253 1045 8 0 0 0 0 31 0 1 3 0 0 0 0 0 0 10 0 619 50 0 0 0 0 0 0 0 0 0 0 0 0 0 0 0 0 0 259 0 0 0 0 3 3 1 0 114 0 6 8 0 0 0 0 10 4 9 8 237 262 3016
0 1 0 0 0 0 0 0 0 0 0 0 0 0 0 0 0 1 1 0 0 0 0 4 0 0 2 1 0 0 2 0 0 0 0 0 0 0 0 0 0 0 0 0 0 0 0 56 0 0 0 0 0 0 0 0 0 0 0 0 0 0 0 0 0 0 23 0 18 30 31 30 0 0 134 46 0 26 10 0 0 0 0 0 415 0 0 0 0 0 1835 1 0 0 0 0 0 0 0 0 0 0 0 0 0 0 6 0 0 3 0 0 0 0 0 0 0 0 0 0 0 0 0 0 0 0 0 0 0 0 0 0 0 0 0 0 10 0 0 0 0 0 0 0 0 0 0 0 0 0 0
2 28 22 89 19 21 0 22 29 28 51 38 26 23 7 0 107 1553 1553 163 0 105 0 112 0 0 5 1 0 0 7 6 4 5 5 5 18 23 24 0 0 0 0 24 0 231 0 8074 4109 0 0 0 13 13 13 0 13 13 11 13 13 13 13 13 13 273 8 10 0 48 48 41 24 911 3362 962 30 500 0 77 194 273 258 978 476 0 402 0 0 383 12028 35 0 0 0 0 0 0 12866 0 0 0 0 0 0 253 70 0 228 98 0 0 0 434 0 137 35 0 9 0 0 0 27 35 10 55 0 0 0 0 0 0 56 47 0 166 52 0 174 167 166 161 174 179 190 184 190 189 147 0 166
0 0 0 0 0 0 0 0 0 0 0 0 0 0 0 0 0 26 26 121 0 57 61 3 0 0 1 0 0 0 0 0 0 0 0 0 1 0 0 1 1 0 108 71 0 0 0 0 3631 0 0 0 16 16 16 0 16 2 16 16 16 16 16 16 16 1250 0 0 0 23 23 23 0 0 0 0 0 0 0 0 0 0 0 0 0 0 0 0 0 0 0 22 0 0 0 0 0 0 20 0 0 0 0 0 0 0 0 0 0 11210 0 0 0 0 0 1334 0 0 0 0 0 0 0 0 0 0 0 0 0 0 0 0 0 0 0 0 0 0 0 0 0 0 0 0 0 0 0 0 5 0 0
2 31 22 96 21 23 0 22 33 34 61 45 31 28 8 0 41 1 1 4 0 2 2 34 0 0 1 0 0 0 38 13 13 17 8 24 137 34 36 0 0 0 32 0 229 121 0 0 0 3145 0 0 1 1 1 0 1 0 0 1 1 1 1 1 1 0 131 68 11 37 39 38 0 622 2218 1411 150 350 3 0 0 19 330 46 25 0 142 0 0 0 0 499 0 0 0 0 0 2 71 519 0 0 77 77 0 0 0 0 0 530 0 0 0 0 0 30 0 0 0 0 0 0 53 0 0 0 0 29 0 0 0 96 37 31 2 88 98 0 110 108 94 84 92 102 124 113 122 121 101 0 121
3 59 41 183 40 43 0 41 64 66 118 87 60 55 0 93 92 142 142 553 144 144 0 14 0 0 9 3 0 0 2 6 3 5 5 21 9 27 28 24 0 6 0 38 30 146 377 57 0 0 0 0 9 9 9 0 9 8 8 9 9 9 9 9 9 0 61 82 0 19 20 16 0 104 361 280 157 244 260 0 206 295 313 558 421 78 308 487 0 164 22 24 99 0 807 672 0 56 46 428 511 487 31 31 0 41 83 0 121 0 0 0 0 0 0 5 0 25 545 0 621 0 1043 586 0 0 0 312 0 0 0 0 161 135 1 471 304 0 501 482 472 455 493 510 547 527 547 544 418 0 164
0 0 0 0 0 0 0 0 0 0 0 0 0 0 0 0 0 0 0 0 0 0 0 0 0 0 0 0 0 0 0 0 0 0 0 0 0 0 0 0 0 0 0 0 0 0 0 0 0 0 0 0 0 0 0 0 0 0 0 0 0 0 0 0 0 0 0 0 0 0 0 0 0 0 0 0 0 0 0 0 0 0 0 0 0 0 0 0 0 0 0 0 0 0 0 0 0 0 0 0 0 0 0 0 0 0 0 0 0 0 0 0 0 0 0 0 0 0 0 0 0 0 0 0 0 0 0 0 0 0 0 0 0 0 0 0 0 0 0 0 0 0 0 0 0 0 0 0 0 0 0
24 80 236 84 680 610 3 211 60 36 79 57 33 30 13 9 23 1 1 38 11 0 57 72 0 0 7 10 0 0 1 2 2 3 1 4 19 4 5 8 0 4 18 9 0 31 20 26 292 2 0 0 0 0 0 0 0 0 0 0 0 0 0 0 0 0 70 21 0 0 4 4 18 22 771 2 0 39 0 39 1291 187 143 25782 36 0 73 1 18 12 12 4 0 0 0 0 0 9 0 136 0 0 19 19 0 0 2 0 137 19 0 139 0 0 0 0 0 0 0 0 82 0 32 0 0 34 0 0 0 123 0 10 16 12 2 5 141 1 37 167 222 162 135 74 67 63 64 41 767 232 369
0 0 1 0 3 2 0 1 0 0 0 0 0 0 0 0 0 0 0 1 0 0 0 2 0 0 0 0 0 0 0 0 0 0 0 0 0 0 0 0 0 0 0 0 0 0 0 0 0 0 0 0 0 0 0 0 0 0 0 0 0 0 0 0 0 0 0 0 0 0 0 0 0 0 0 0 0 0 0 0 1 0 1 0 0 0 0 0 0 0 0 0 0 0 0 0 0 0 0 0 0 0 0 0 0 0 0 0 0 0 0 0 0 0 0 0 0 0 902 0 0 0 0 0 0 0 0 0 0 5 0 0 0 0 0 0 0 0 0 0 0 0 0 0 0 0 0 0 0 0 0
0 0 0 0 0 0 0 0 0 0 0 0 0 0 0 0 0 0 0 0 0 0 0 0 0 0 0 0 0 0 0 0 0 0 0 0 0 0 0 0 0 0 0 0 0 0 0 0 0 0 0 0 0 0 0 0 0 0 0 0 0 0 0 0 0 0 0 0 0 0 0 0 0 0 0 0 0 0 0 0 0 0 0 0 0 0 0 0 0 0 0 0 0 0 0 0 0 0 0 0 0 0 0 0 0 0 0 0 0 0 0 0 0 0 0 0 0 0 0 0 0 0 0 0 0 0 0 0 0 0 0 0 0 0 0 0 0 0 0 0 0 0 0 0 0 0 0 0 0 0 0
0 0 0 0 0 0 0 0 0 0 0 0 0 0 0 0 0 0 0 0 0 0 0 0 0 0 0 0 0 0 0 0 0 0 0 0 0 0 0 0 0 0 0 0 0 0 0 0 0 0 0 0 0 0 0 0 0 0 0 0 0 0 0 0 0 0 0 0 0 0 0 0 0 0 0 0 0 0 0 0 0 0 0 0 0 0 0 0 0 0 0 0 0 0 0 0 0 0 0 0 0 0 0 0 0 0 0 0 0 0 0 0 0 0 0 0 0 0 0 0 0 0 0 0 0 0 0 0 0 0 0 0 0 0 0 0 0 0 0 0 0 0 0 0 0 0 0 0 0 0 0
268 879 2581 919 7456 6682 31 2308 653 396 869 623 365 329 142 142 55 10181 10181 753 186 0 0 124 0 0 41 18 0 0 35 687 197 346 634 3215 460 3547 3726 1947 1362 68 72 40 85 179 477 131 123 62 61 0 0 0 0 0 0 0 0 0 0 0 0 0 0 3 189 58 54 0 60 60 140 158 2073 188 741 644 4 144 7071 2115 1753 1494 135 0 105 149 64 187 0 83 0 0 0 0 0 23767 0 0 0 0 0 0 0 0 136 0 466 18 0 580 0 1179 0 0 831 2266 0 0 0 0 51 41 0 107 0 0 0 84 0 26 14 11 2 22 121 1 31 233 237 192 182 134 94 119 61 63 258 6 288
0 0 0 0 0 0 0 0 0 0 0 0 0 0 0 0 0 0 0 0 0 0 0 0 0 0 0 0 0 0 0 0 0 0 0 0 0 0 0 0 0 0 0 0 0 0 0 0 0 0 0 0 0 0 0 0 0 0 0 0 0 0 0 0 0 0 0 0 0 0 0 0 0 0 0 0 0 0 0 0 0 0 0 0 0 0 0 0 0 0 0 0 0 0 0 0 0 0 0 0 0 0 0 0 0 0 0 0 0 0 0 0 0 0 0 0 0 0 0 0 0 0 0 0 0 0 0 0 0 0 0 0 0 0 0 0 0 0 0 0 0 0 0 0 0 0 0 0 0 0 0
0 0 0 0 0 0 0 0 0 0 0 0 0 0 0 0 0 0 0 1 0 0 0 0 0 0 0 0 0 0 0 0 0 0 0 0 0 0 0 0 0 0 0 0 0 0 0 0 4 0 0 0 0 0 0 0 0 0 0 0 0 0 0 0 0 405 88 119 24 0 30 30 0 0 0 0 0 0 0 0 0 0 0 0 0 0 0 0 0 0 0 0 29 0 0 0 0 2 0 0 0 0 0 0 0 209 0 0 0 0 0 0 0 0 0 0 0 0 0 0 0 0 0 0 0 0 0 0 0 0 0 0 0 0 0 0 0 0 0 0 0 0 0 0 0 0 0 0 0 0 0
1 3 8 3 24 21 0 7 2 1 3 2 1 1 0 0 0 0 0 0 0 0 0 11 0 0 1 0 0 0 0 1 1 1 0 1 5 1 1 0 0 1 0 0 0 1 0 0 0 0 0 0 0 0 0 0 0 0 0 0 0 0 0 0 0 196 56 76 0 0 0 0 0 2 2283 1 0 0 0 0 3 11 8 0 0 0 1 0 0 0 0 0 0 0 0 0 0 1 0 0 0 0 14 14 0 0 0 0 0 0 0 0 0 0 0 0 0 0 0 0 0 0 0 0 0 0 0 0 0 6 0 4 0 0 0 0 6 0 0 1 0 0 0 0 1 0 1 1 0 0 4
0 0 0 0 0 0 0 0 0 0 0 0 0 0 0 0 0 0 0 0 0 0 0 0 0 0 0 0 0 0 0 0 0 0 0 0 0 0 0 0 0 0 0 0 0 0 0 0 0 0 0 3 3 3 3 3 3 3 3 0 3 0 2 3 3 0 0 0 0 0 0 0 0 0 0 0 0 0 0 0 0 0 0 0 0 0 0 0 0 0 0 0 0 0 0 0 0 0 0 0 0 0 0 0 0 0 0 0 0 0 0 0 0 0 0 0 0 0 0 0 0 0 0 0 0 0 0 0 0 0 0 0 0 0 0 0 0 0 0 0 0 0 0 0 0 0 0 0 0 0 0
0 0 0 0 0 0 0 0 0 0 0 0 0 0 0 0 0 0 0 0 0 0 0 1 0 0 0 0 0 0 0 0 0 0 0 0 0 0 0 0 0 0 0 0 0 0 0 0 0 0 0 0 0 0 0 0 0 0 0 0 0 0 0 0 0 16 4 5 0 0 1 1 0 0 0 0 0 0 0 0 0 0 0 0 0 0 0 0 0 0 0 0 0 0 0 0 0 0 0 0 0 0 0 0 0 0 0 0 0 0 0 0 0 0 0 0 0 0 0 0 0 0 0 0 0 0 0 0 0 0 0 0 0 0 0 0 0 0 0 0 0 0 0 0 0 0 0 0 0 0 0
0 0 0 0 0 0 0 0 0 0 0 0 0 0 0 0 0 19 19 0 0 0 2673 0 0 0 0 0 0 0 0 0 0 0 0 0 0 0 0 0 0 0 0 0 0 0 0 0 0 0 0 11 11 11 11 11 11 11 11 8 11 0 10 11 11 573 327 458 203 129 209 209 0 0 0 0 0 0 0 0 0 0 0 0 0 0 4 3 0 0 0 0 144 0 0 51 0 468 35 48 0 0 505 505 56 0 0 0 0 0 0 0 0 0 0 0 0 0 0 0 0 0 0 0 0 0 0 0 0 0 0 0 0 0 0 0 0 0 0 0 0 0 0 0 0 0 0 0 0 0 0
0 0 0 0 0 0 0 0 0 0 0 0 0 0 0 0 0 3 3 0 0 0 0 0 0 0 0 0 0 0 0 0 0 0 0 0 0 0 0 0 0 0 0 0 0 0 0 0 0 0 0 1 1 1 1 1 1 1 1 0 1 0 0 1 1 0 0 0 0 0 0 0 0 0 0 0 0 0 0 0 0 0 0 0 0 0 0 0 0 0 0 0 0 0 0 0 0 43 3 1 0 0 48 48 0 0 0 0 0 0 0 0 0 0 0 0 0 0 0 0 0 0 0 0 0 0 0 0 0 0 0 0 0 0 0 0 10 0 0 0 0 0 0 0 0 0 0 0 0 0 0
0 0 0 0 0 0 0 0 0 0 0 0 0 0 0 0 0 0 0 0 0 0 0 0 0 0 0 0 0 0 0 0 0 0 0 0 0 0 0 0 0 0 0 0 0 0 0 0 0 0 0 0 0 0 0 0 0 0 0 0 0 0 0 0 0 0 0 0 0 0 0 0 0 0 0 0 0 0 0 0 0 0 0 0 0 0 0 0 0 0 0 0 0 0 0 0 0 0 0 0 0 0 0 0 0 0 0 0 0 0 0 0 0 0 0 0 0 0 0 0 0 0 0 0 0 0 0 0 0 0 0 0 0 0 0 0 0 0 0 0 0 0 0 0 0 0 0 0 0 0 0
0 0 0 0 0 0 0 0 0 0 0 0 0 0 0 0 0 0 0 0 0 0 0 0 0 0 0 0 0 0 0 0 0 0 0 0 0 0 0 0 0 0 0 0 0 0 0 0 0 0 7787 0 0 0 0 0 0 0 0 0 0 0 0 0 0 5 0 0 0 0 0 0 0 0 0 0 0 0 0 0 0 0 0 0 0 0 0 0 0 0 0 0 0 0 0 0 0 0 0 0 0 0 0 0 0 0 0 0 0 0 0 0 0 0 0 0 0 0 0 0 0 0 0 0 0 0 0 0 0 0 0 0 0 0 0 0 0 0 0 0 0 0 0 0 0 0 0 0 0 0 0
0 0 0 0 0 0 0 0 0 0 0 0 0 0 0 0 0 1145 1145 169 0 0 67 116 0 0 22 3 0 0 4 0 0 0 0 0 0 0 0 0 0 0 0 217 0 4350 0 0 710 511 0 0 0 0 0 0 0 0 0 0 0 0 0 0 0 0 0 0 540 592 592 592 9122 131 0 0 0 605 0 0 0 0 0 0 0 0 40 1144 926 0 0 16 0 0 0 0 0 0 0 0 0 0 0 0 0 0 0 0 0 1 0 0 0 0 0 93 0 0 0 0 0 0 0 0 0 0 0 0 0 0 0 484 0 0 0 0 2 0 0 0 0 0 0 0 0 0 0 0 0 0 0
1 2 0 0 0 170 0 0 3 1 2 2 1 1 2 4 0 8 8 1 0 0 0 7 0 0 0 0 0 0 0 0 0 0 0 0 0 0 0 0 0 0 0 0 0 0 0 0 0 0 0 0 0 0 0 0 0 0 0 0 0 0 0 0 0 2 0 0 0 0 0 0 0 0 0 0 0 0 0 0 0 0 0 0 0 0 0 0 0 0 0 0 0 0 0 0 0 0 0 0 0 0 0 0 0 0 0 0 0 0 0 0 0 0 0 2 0 0 0 0 0 0 0 0 0 0 0 0 0 0 0 0 0 0 0 0 0 0 0 0 0 0 0 0 0 0 0 0 0 0 0
112 450 4937 1542 16394 16807 3 4311 279 136 219 163 83 71 195 77 1609 950 950 140 0 0 65 108 0 0 8 3 0 0 0 0 18135 579 0 0 0 0 0 138 0 0 0 0 0 0 0 6 0 0 0 0 0 0 0 0 0 0 0 0 0 0 0 0 0 2208 0 0 0 39 93 92 0 177 0 0 0 222 0 0 0 0 91 2 0 0 4 0 0 0 0 0 0 0 0 0 0 0 9 0 0 0 0 0 0 0 0 0 0 1 0 0 0 0 0 58 0 0 0 0 0 0 0 0 0 0 0 0 0 0 0 0 0 0 0 0 11 0 0 0 0 0 0 0 0 0 0 0 0 0 0
2 7 74 23 248 254 0 65 4 2 3 2 1 1 3 0 205 0 36 10 0 0 0 240 0 0 35 18 0 0 58 5 6 7 3 2 49 11 12 0 0 11 96 22 128 0 219 62 0 11 0 2 6 6 6 0 6 0 6 6 5 0 6 6 6 0 238 270 0 0 187 186 0 0 151 141 64 590 0 3 0 46 0 15 12 0 87 129 0 0 0 207 0 0 0 0 0 0 0 297 0 0 49 0 0 0 12 0 0 0 0 0 0 0 0 4 0 0 0 0 0 0 0 0 0 0 0 0 0 0 0 0 173 130 0 270 759 0 434 252 624 737 505 403 393 378 360 366 0 0 0
5 3 1 0 4 577 188 34 11 11 12 9 3 10 42 0 4 0 68 20 0 0 0 0 2060 244 1697 24483 3817 1605 279 0 0 0 1 0 0 28 0 0 0 3 0 0 0 0 0 0 0 0 42326 76 80 80 80 20 80 50 80 80 79 0 80 80 80 0 2543 0 115 0 302 301 0 0 3 0 0 5 0 33 0 0 0 0 0 0 0 0 0 0 0 205 0 0 0 0 0 30 563 0 0 0 0 0 0 0 0 0 0 203 0 0 0 0 0 13 0 0 0 0 0 0 0 0 0 0 0 0 0 0 0 0 67 65 69 0 54 83 0 0 0 0 0 0 0 0 0 0 0 0 0
0 0 0 0 0 0 0 0 0 0 0 0 0 0 0 0 0 0 0 0 0 0 0 0 0 0 0 0 0 0 0 0 0 0 0 0 0 0 0 0 0 0 0 0 0 0 0 0 0 0 0 0 0 0 0 0 0 0 0 0 0 0 0 0 0 0 0 0 0 0 0 0 0 0 0 0 0 0 0 0 0 0 0 0 0 0 0 0 0 0 0 0 0 0 0 0 0 0 0 0 0 0 0 0 0 0 0 0 0 0 0 0 0 0 0 0 0 0 0 0 0 0 0 0 0 0 0 0 0 0 0 0 0 0 0 0 0 0 0 0 0 0 0 0 0 0 0 0 0 0 0
0 0 2 0 7 7 0 2 0 0 0 0 0 0 0 0 30 0 22 14 0 0 0 3 0 0 1 0 0 0 0 0 1 1 0 0 5 1 1 0 0 1 0 0 0 0 0 0 0 0 0 0 0 0 0 0 0 0 0 0 0 0 0 0 0 0 0 0 0 0 1 0 0 0 89 8 25 28 0 0 0 0 0 6 0 0 24 0 0 0 0 1 0 0 0 0 0 2 5 0 0 0 5 0 0 0 47 0 0 0 0 0 0 0 524 71 60 216 0 0 0 0 0 0 0 0 0 0 0 0 0 42 0 0 0 17 1 0 29 228 227 182 172 126 91 113 58 60 0 0 0
1 11 50 41 15 15 0 44 13 9 19 14 8 7 3 77 59 115 115 855 215 222 0 138 0 0 80 44 0 0 23 32 29 39 19 80 317 88 92 176 199 90 0 0 820 104 0 87 354 311 0 0 29 29 29 0 29 29 28 29 29 29 29 29 29 0 466 629 404 489 489 489 0 1362 232 384 265 676 411 44 281 328 358 617 1053 87 1405 1674 2279 336 61 322 64 0 0 0 0 227 122 98 0 0 777 776 651 0 60 0 0 2 0 167 0 89 1158 2593 0 0 2 0 115 0 39 0 133 0 0 55 0 0 0 37 67 56 1 192 995 0 207 199 193 185 201 209 226 217 226 225 210 133 273
0 8 7 25 6 6 0 7 8 7 14 10 7 6 4 0 217 20 20 15 0 4 0 56 0 0 29 14 0 0 26 13 9 13 9 40 78 44 47 16 0 50 0 0 68 0 0 240 0 0 0 0 0 0 0 0 0 0 0 0 0 0 0 0 0 0 2 0 58 298 299 292 0 0 0 1 1 8 192 0 0 29 32 53 0 0 41 0 0 0 0 53 0 0 0 0 0 0 0 0 0 0 0 0 0 0 0 0 0 0 0 0 0 0 0 0 3 58 0 0 0 0 24 29 0 141 0 26 0 0 0 0 18 17 0 17 12 0 25 25 18 15 17 21 28 25 28 27 0 135 0
0 0 0 0 0 0 0 0 0 0 0 0 0 0 0 0 0 0 0 0 0 0 0 5 0 0 0 0 0 0 0 0 0 0 0 0 0 0 0 0 0 0 0 3 0 0 0 0 0 0 0 0 0 0 0 0 0 0 0 0 0 0 0 0 0 0 0 0 0 0 0 0 0 0 0 0 1 0 0 0 0 0 0 0 0 0 0 0 2 0 0 1 0 0 0 0 0 0 0 0 0 0 0 0 0 0 0 0 0 0 0 0 0 0 0 0 31 184 0 0 0 0 0 0 0 0 0 0 0 0 0 1 19 18 0 19 18 0 27 26 21 18 20 23 30 27 30 29 0 0 0
0 0 0 0 0 0 0 0 0 0 0 0 0 0 0 0 0 0 0 0 0 0 0 2 0 0 0 0 0 0 1 0 0 0 0 0 0 0 0 0 0 0 0 71 0 0 0 0 0 0 0 0 0 0 0 0 0 0 0 0 0 0 0 0 0 0 0 0 0 0 0 0 0 0 128 0 0 16 0 0 0 0 2015 0 0 0 446 0 0 0 0 0 0 0 0 0 0 0 0 0 0 0 343 343 0 0 0 0 0 0 0 0 0 0 0 0 0 0 0 0 0 0 0 0 0 0 0 0 0 0 0 4 0 0 0 46 1 0 62 61 49 42 48 55 70 64 69 68 0 0 0
0 0 0 0 0 0 0 0 0 0 0 0 0 0 0 44 0 0 7 216 0 102 108 269 0 0 7 0 0 0 15 0 0 0 0 0 0 0 0 0 0 0 0 115 0 0 0 0 0 0 0 22 25 25 25 0 25 25 25 25 25 25 25 25 25 0 0 0 0 8 8 0 0 0 0 12 0 37 0 0 0 0 0 0 0 0 0 0 0 1 10 2 0 0 0 0 0 0 0 0 0 0 94 94 0 0 17 0 0 5 0 0 0 0 0 9970 0 0 0 0 0 0 0 0 0 0 0 0 0 0 0 0 759 746 0 1193 29 0 1192 1127 1145 1138 1233 1250 1266 1260 1269 1268 0 0 0
0 0 0 0 0 0 0 0 0 0 0 0 0 0 0 0 2448 0 0 2 0 1 0 7 0 0 0 0 0 0 3 0 0 0 0 0 0 0 0 0 0 0 0 0 0 0 0 2 0 0 0 0 0 0 0 0 0 0 0 0 0 0 0 0 0 0 0 0 0 0 0 0 0 0 8 0 0 0 0 0 0 0 0 0 0 0 0 0 0 0 0 19 0 0 0 0 0 0 0 0 0 0 0 0 0 0 0 0 0 2070 0 0 0 0 0 0 0 0 0 0 0 0 0 0 0 0 0 0 0 0 0 0 0 0 0 0 159 0 0 0 0 0 0 0 0 0 0 0 0 49 0
1041 6 12 20 5 5 0 11 6 5 9 7 4 4 0 32 8 92 92 960 0 249 0 132 0 0 67 16 0 0 22 0 0 0 0 0 0 0 0 0 1 1 0 0 0 0 179 0 0 0 0 35 36 36 36 0 36 36 35 36 36 36 36 36 36 94 0 0 112 134 134 134 0 0 140 181 668 314 0 2 0 0 0 710 3486 246 0 1102 0 1567 0 495 0 0 0 0 0 53 45 44 0 0 0 0 0 16 42 0 229 0 0 0 0 0 0 0 0 0 0 0 166 0 0 0 0 356 0 0 0 35 0 0 75 74 277 110 53 168 116 111 107 104 113 118 125 122 125 124 0 168 0
0 0 0 0 0 0 0 0 0 0 0 0 0 0 0 0 0 0 0 0 0 0 0 4 0 0 7 1 0 0 0 0 0 0 0 0 0 0 0 0 0 0 0 0 0 0 0 0 0 0 0 0 0 0 0 0 0 0 0 0 0 0 0 0 0 0 0 0 0 0 0 0 0 0 0 0 0 0 0 0 0 0 0 0 275 0 0 0 0 0 0 92 0 0 0 0 0 0 0 6 0 0 0 0 0 0 0 0 0 0 0 0 0 0 0 0 0 0 0 0 0 0 0 0 0 0 0 0 0 0 0 0 0 0 0 0 1 0 0 0 0 0 0 0 0 0 0 0 0 0 0
0 1 3 5 1 1 0 3 2 1 2 2 1 1 0 0 3 14 14 34 9 9 0 19 0 0 14 3 0 0 1 2 1 2 2 8 6 9 10 21 27 12 0 0 35 1 0 0 71 0 0 0 0 0 0 0 0 0 0 0 0 0 0 0 0 347 0 0 136 457 457 451 0 154 113 331 0 115 170 0 0 0 0 0 1861 0 0 435 513 305 0 151 0 0 0 0 0 0 0 35 0 0 0 0 0 0 0 0 49 1 0 0 0 0 0 0 0 0 0 0 0 0 0 0 0 43 0 56 0 0 0 0 0 0 0 0 6 0 0 0 0 0 0 0 0 0 0 0 0 9 0
0 0 0 0 0 0 0 0 0 0 0 0 0 0 0 0 0 1 1 0 0 0 0 0 0 0 3 0 0 0 0 0 0 0 0 0 0 0 0 0 0 0 0 0 0 0 0 0 0 0 0 0 0 0 0 0 0 0 0 0 0 0 0 0 0 28 0 0 0 34 34 27 0 0 10 0 0 5 4 0 0 0 0 0 10 0 0 0 0 0 0 19 0 0 23 0 0 1 0 6 0 0 0 0 0 0 0 1784 0 0 0 0 0 0 0 0 0 0 0 0 0 0 0 0 0 0 0 0 0 0 0 0 0 0 0 0 0 0 0 0 0 0 0 0 0 0 0 0 0 0 0
0 0 0 0 0 0 0 0 0 0 0 0 0 0 0 0 2 5 5 0 0 0 0 10 0 0 10 2 0 0 0 0 0 0 0 0 0 0 0 0 0 0 0 0 0 1 0 2 0 0 0 0 0 0 0 0 0 0 0 0 0 0 0 0 0 204 0 0 231 247 247 243 0 0 0 0 0 5 142 0 0 0 0 0 110 0 350 0 0 51 0 238 3 0 0 0 0 6 3 45 0 0 0 0 0 1 0 983 190 1 0 0 0 0 0 0 0 0 0 0 0 0 0 0 0 0 0 2 0 21 0 0 0 0 0 0 2 0 0 0 0 0 0 0 0 0 0 0 0 0 0
0 0 0 0 0 0 0 0 0 0 0 0 0 0 0 0 0 0 0 0 0 0 0 2 0 0 3 1 0 0 0 0 0 0 0 0 0 0 0 0 0 0 0 0 0 0 0 0 0 0 0 0 0 0 0 0 0 0 0 0 0 0 0 0 0 0 0 0 0 0 0 0 0 0 31 35 1 31 0 4 1900 4075 1888 0 566 0 0 0 0 14 0 34 5 0 332 62 63 2 0 63 47 47 0 0 0 2 0 0 0 0 0 0 0 0 0 0 0 0 0 0 0 0 0 0 0 0 0 0 0 0 0 0 0 0 0 0 0 0 0 0 0 0 0 0 0 0 0 0 0 0 0
0 0 0 1 0 0 0 0 0 0 0 0 0 0 0 0 1 3 3 124 0 21 0 12 0 0 0 1 0 0 0 0 0 0 0 0 0 0 0 0 0 0 0 0 0 0 0 0 0 0 0 0 10 10 10 0 10 10 9 10 10 10 10 10 10 3 3 1 0 1 1 0 0 0 3 1 10 6 0 0 0 0 0 0 0 0 76 35 84 30 0 71 0 0 0 0 0 0 2 99 0 0 45 50 0 1 0 0 0 0 0 0 0 473 0 0 20 149 0 0 0 0 0 0 0 0 0 3 0 0 0 0 0 0 0 0 2 0 2 26 53 43 19 9 14 10 6 7 0 0 0
7 104 193 365 92 96 0 176 112 86 173 125 79 71 27 123 612 619 619 2365 0 614 0 1826 0 0 104 41 0 0 40 13 7 10 10 46 24 53 55 95 47 55 0 143 0 295 1555 809 822 0 0 1226 1307 1307 1307 1222 1307 1307 1303 1307 1307 1302 1307 1307 1307 1686 7 9 2368 2512 2512 2508 0 699 1733 163 982 1399 0 115 183 855 552 1610 2768 0 3074 2110 961 843 0 1415 2605 0 2129 4304 0 1930 936 3265 3303 3213 702 702 0 853 232 0 0 7 0 0 0 0 0 10327 31 775 775 0 0 0 192 0 80 70 0 6 0 270 14 23 342 336 1257 529 506 763 535 507 510 504 547 557 570 565 571 570 0 178 386
0 1 1 4 1 1 0 0 0 0 0 0 0 0 0 0 143 3 3 14 0 4 0 340 0 0 293 99 0 0 88 0 0 0 0 0 0 0 0 0 0 0 0 0 2 1 0 10 0 0 0 0 0 0 0 0 0 0 0 0 0 0 0 0 0 0 2 0 0 2 2 0 0 0 4 0 3 6 3 1 5 5 0 10 0 0 0 0 0 0 0 103 0 0 0 0 0 0 0 0 0 0 0 0 0 0 0 0 0 0 0 0 0 0 0 23 0 0 347 0 0 0 234 0 0 0 0 0 0 0 0 182 146 144 537 221 712 326 227 216 214 210 228 235 243 240 243 243 0 0 0
7 118 85 371 82 88 0 84 129 132 235 173 119 110 4065 2 1 20 20 3 0 2 0 10 0 0 4 2 0 0 1 0 0 0 0 1 0 1 2 3 5 2 0 1 13 0 61 5 6 0 0 0 4 4 4 0 4 4 3 4 4 0 4 4 4 0 0 0 0 28 29 25 0 22 6 6 8 13 0 11 0 40 38 143 0 0 53 0 0 38 0 3 0 0 0 0 0 0 0 0 0 0 74 74 0 0 4 0 0 2 0 0 0 0 0 40 14 0 0 0 0 0 0 0 0 0 0 255 0 9 0 48 19 16 0 8 69 0 46 50 20 5 9 26 61 45 57 55 414 29 706
3 43 49 149 33 35 0 46 45 39 74 54 35 32 26 692 350 446 446 730 440 440 0 28 0 0 29 11 1 0 26 21 14 20 15 69 84 78 82 149 118 100 9 0 14 18 407 495 200 63 0 0 31 31 31 0 31 31 30 31 31 31 31 31 31 0 143 194 101 160 161 160 0 333 0 126 585 198 174 38 0 133 115 449 0 0 601 989 0 2881 236 124 0 0 0 0 0 0 1 33 0 0 1083 1083 488 0 152 0 0 1 0 0 0 0 2559 3 247 317 53 0 134 0 2033 500 0 573 0 0 843 0 0 237 286 281 1051 439 469 638 446 423 424 418 454 463 476 471 477 476 0 0 0
0 15 11 48 10 11 0 11 16 17 30 22 15 14 0 0 24 1110 1110 45 0 11 18 11 0 0 20 10 0 0 2 2 2 2 2 9 4 12 13 0 0 0 0 0 0 0 0 187 93 0 0 0 8 12 12 0 12 11 11 12 12 12 12 12 12 165 0 0 154 192 193 166 0 850 0 0 0 0 0 0 0 0 0 0 0 0 137 0 0 0 1160 8 671 0 0 0 0 1698 869 0 0 0 0 0 0 219 74 0 0 1357 0 0 0 0 0 0 699 2521 804 0 0 0 0 0 0 0 0 0 0 0 0 0 0 0 0 0 9 0 0 0 0 0 0 0 0 0 0 0 0 0 3393
0 32 15 32 22 31 0 24 46 48 85 62 43 40 0 0 190 62 62 0 0 154 196 8 0 0 16 10 0 0 4 3 2 0 0 5 0 34 9 0 0 0 52 89 0 0 0 44 132 0 0 0 38 38 38 9 38 38 38 38 38 38 38 38 38 81 71 96 139 153 167 166 0 5 117 7 0 49 88 0 12 27 29 51 257 26 22 15 0 0 0 21 13 0 49 83 86 7 2 15 63 63 5 5 4 4 26 0 0 0 0 0 0 80 0 104 61 294 0 0 0 0 0 656 0 0 0 0 0 20 0 0 36 30 0 111 270 0 113 107 109 107 116 118 122 119 122 122 0 112 0
0 0 0 0 0 0 0 0 0 0 0 0 0 0 0 0 0 0 0 0 0 0 0 0 0 0 1 0 0 0 3 0 0 0 0 0 0 0 0 0 0 0 0 0 0 0 0 0 0 0 0 0 0 0 0 0 0 0 0 0 0 0 0 0 0 0 0 0 0 0 0 0 0 0 0 0 0 0 0 0 0 0 0 0 0 0 0 0 0 0 0 0 0 0 0 0 0 0 0 0 0 0 0 0 0 0 0 0 0 0 0 0 0 0 0 0 0 0 0 0 0 0 0 0 0 0 0 0 0 0 0 0 0 0 0 0 548 0 0 0 0 0 0 0 0 0 0 0 0 0 0
1 30 133 60 120 20 0 119 33 18 58 39 19 17 26 114 10 0 107 1318 696 696 0 948 0 0 334 53 0 0 37 14 13 136 7 24 41 29 31 39 0 12 140 21 123 119 284 605 159 0 0 24 24 24 24 24 24 0 24 24 24 0 8 24 24 129 178 265 110 112 112 106 0 129 154 165 371 424 618 0 0 0 0 0 65 0 292 290 175 0 0 78 0 0 0 0 0 0 0 0 1918 1037 0 0 0 0 679 0 0 0 0 0 0 0 0 5 0 0 30 0 10 0 50 44 23 111 0 0 0 0 13 17 55 46 0 177 487 0 180 353 219 204 31 30 33 31 33 33 0 0 96
1 31 137 61 123 20 0 123 34 18 59 40 20 18 27 117 10 110 110 1357 0 716 0 261 0 0 43 2 0 0 26 14 14 139 7 28 42 30 31 66 80 24 144 90 131 124 289 622 170 59 0 25 25 25 25 25 25 25 25 25 25 23 25 25 25 132 182 299 115 109 115 115 241 133 158 169 381 435 682 0 0 0 0 0 69 189 303 298 195 169 1 35 0 0 0 0 0 0 0 0 1946 335 0 0 0 0 710 98 0 0 0 0 35 11 21 5 0 0 31 0 52 71 71 50 40 129 45 33 129 0 20 17 56 48 0 181 468 0 184 362 224 208 30 29 34 32 34 33 38 38 115
1 35 154 69 138 23 0 138 39 20 67 45 22 20 30 124 11 115 115 1440 760 760 0 174 0 0 24 1 0 0 11 17 16 166 9 33 51 36 37 81 102 30 177 110 95 141 448 671 132 0 0 36 44 44 44 44 44 44 44 44 44 33 43 44 44 187 257 423 160 162 162 156 275 155 184 197 443 507 813 0 0 0 0 0 77 0 280 353 168 226 0 29 0 0 0 0 0 0 0 0 3425 3437 0 0 0 0 591 0 0 0 0 56 0 15 0 7 20 20 32 0 0 0 36 0 0 19 0 0 0 0 0 23 67 56 0 203 591 0 215 427 257 236 25 27 39 34 38 38 18 9 194
2 49 216 97 194 32 0 193 54 29 93 63 31 28 42 182 16 170 170 2111 1114 1114 0 132 0 0 82 10 0 0 11 23 22 223 12 45 68 48 50 108 137 40 233 150 104 189 503 971 223 0 0 4 45 45 45 45 45 44 44 45 45 0 36 45 45 223 307 411 176 192 194 108 390 212 252 269 606 693 1097 0 0 0 0 0 93 0 451 477 268 339 0 17 0 0 0 0 0 0 0 0 3540 3552 0 0 0 0 963 0 0 7 0 65 0 19 0 8 29 30 47 0 0 0 103 38 0 100 0 0 0 0 0 28 90 76 0 288 35 0 294 578 357 332 47 46 54 50 54 53 84 30 210
1 23 100 45 89 16 0 89 25 13 43 29 14 13 21 86 8 81 81 1007 532 532 0 22 0 0 3 0 0 0 1 11 10 101 5 20 31 22 23 49 62 20 105 69 0 90 199 458 125 44 0 17 17 17 17 17 17 17 17 17 17 17 17 17 17 94 138 214 77 82 82 82 182 97 115 123 278 318 501 0 0 0 0 0 50 181 208 219 142 161 0 3 0 0 0 0 0 0 0 0 1337 1342 0 0 0 0 418 0 0 0 41 35 26 8 0 3 15 16 23 0 0 0 28 3 0 0 34 26 0 0 15 12 44 37 0 125 7 0 133 263 158 145 15 17 27 22 26 26 20 12 93
0 2 9 4 8 1 0 8 2 1 4 2 1 1 2 7 1 7 7 86 45 45 0 37 0 0 14 1 0 0 2 1 1 9 0 0 3 2 2 0 0 0 9 0 6 7 17 39 0 0 0 0 1 1 1 0 1 0 0 1 1 0 0 1 1 8 11 10 4 0 7 0 0 8 10 11 24 27 0 0 0 0 0 0 0 0 18 18 0 0 0 11 0 0 0 0 0 0 0 0 115 13 0 0 0 0 40 0 0 0 0 0 0 1 0 0 1 1 1 0 0 0 0 2 0 3 0 0 0 0 0 1 3 3 0 7 246 0 10 22 11 9 0 0 2 1 1 1 0 0 0
0 0 1 0 1 0 0 1 0 0 0 0 0 0 0 0 0 1 1 6 3 3 0 13 0 0 3 0 0 0 1 0 0 1 0 0 0 0 0 0 0 0 1 0 0 0 0 0 0 0 0 0 0 0 0 0 0 0 0 0 0 0 0 0 0 1 1 0 0 0 1 0 0 0 1 1 2 2 0 0 0 0 0 0 0 0 1 1 0 0 0 2 0 0 0 0 0 0 0 0 15 8 0 0 0 0 2 0 0 0 0 0 0 0 0 0 0 0 0 0 0 0 0 0 0 0 0 0 0 0 0 0 0 0 0 0 28 0 0 0 0 0 0 0 0 0 0 0 0 0 0
0 6 24 11 22 4 0 22 6 3 11 7 3 3 4 19 2 20 20 233 126 126 0 0 0 0 0 0 0 0 0 2 2 25 1 5 8 5 5 12 15 4 25 0 0 18 52 112 0 0 0 0 5 5 5 5 5 4 3 5 5 0 0 5 5 15 31 50 0 21 14 13 0 13 22 23 6 63 0 0 0 0 0 0 0 0 17 40 0 37 0 0 0 0 0 0 0 0 0 0 365 68 0 0 0 0 63 0 0 0 10 9 0 2 0 0 3 3 5 0 0 0 0 0 0 0 0 6 0 0 0 3 9 7 0 24 0 0 30 62 34 30 0 0 5 3 5 4 0 0 72
1 37 162 73 145 24 0 145 41 22 70 47 23 21 31 141 13 133 133 1639 865 865 0 270 0 0 96 13 0 0 18 17 16 163 9 33 50 35 37 79 100 30 169 112 74 141 315 746 170 0 0 23 27 27 27 27 27 27 27 27 26 27 27 27 27 150 207 268 116 131 131 113 296 157 187 200 450 515 765 0 0 0 0 0 7611 0 352 45 180 264 0 26 0 0 0 0 0 0 0 0 0 2196 0 0 0 0 833 0 0 0 0 26 0 13 0 6 5324 25 38 0 0 0 59 40 0 85 0 0 0 0 0 21 70 59 0 223 112 0 229 451 277 258 36 35 42 39 42 41 51 35 150
2 50 220 98 197 32 0 196 55 29 95 64 32 28 43 191 65 180 180 2218 1170 1170 0 564 0 0 125 15 0 0 26 23 22 221 12 44 67 47 50 107 136 40 229 151 129 198 426 1009 243 0 0 33 36 36 36 36 36 36 36 36 36 36 36 36 36 203 280 388 166 177 177 159 401 213 253 271 609 696 1035 0 0 0 0 0 107 0 479 476 262 358 0 44 0 0 0 0 0 0 0 0 0 0 0 0 0 0 4578 0 119 27 0 278 0 69 0 29 125 128 202 0 225 0 521 306 148 759 0 0 110 32 82 107 362 305 1 1190 598 0 1188 2323 1456 1367 227 212 220 215 221 220 322 261 776
0 0 0 0 0 0 0 0 0 0 0 0 0 0 0 0 0 0 0 0 0 0 9 2 0 0 0 0 0 0 0 0 0 0 0 0 0 0 0 0 0 0 0 0 0 0 0 0 0 0 0 0 0 0 0 0 0 0 0 0 0 0 0 0 0 0 0 0 0 0 0 0 0 0 0 0 0 0 51 0 0 0 0 0 0 0 0 0 0 0 0 4 1 0 0 0 0 0 0 0 0 0 0 8731 5749 1 0 0 0 0 0 0 0 0 0 0 0 0 0 0 0 0 0 0 0 0 0 0 0 0 0 0 0 0 0 0 8 0 0 0 0 0 0 0 0 0 0 0 0 0 0
0 0 0 0 0 0 0 0 0 0 0 0 0 0 0 0 0 0 0 0 0 0 0 5 0 0 0 0 0 0 1 0 0 1 0 0 0 0 0 0 0 0 1 0 0 0 0 0 0 0 0 0 0 0 0 0 0 0 0 0 0 0 0 0 0 1 1 2 41 91 91 86 0 0 0 0 0 0 0 0 0 0 0 0 0 0 0 0 0 0 0 0 0 0 0 0 0 0 0 0 0 0 0 0 0 1 0 0 0 0 0 0 0 0 1 0 0 0 0 0 1 0 0 0 0 0 0 0 3 0 0 0 1 1 0 0 2 0 0 6 0 0 0 0 0 0 0 0 0 0 0
3 97 427 191 382 63 0 382 107 57 184 124 62 55 83 371 158 7 7 546 288 288 0 146 0 0 24 6 0 0 15 123 117 1195 63 237 365 257 270 558 659 206 1239 488 676 641 693 1598 359 125 0 430 449 449 449 449 449 449 435 449 449 0 401 449 449 2614 3607 5924 2225 2274 2274 2269 0 826 981 708 2272 2703 2062 0 0 0 0 0 169 298 1223 1130 0 685 0 14 8311 373 2971 7659 5147 12231 5960 8027 16498 16556 0 2982 0 3009 6691 27497 229 39 0 419 0 101 224 0 183 188 184 0 486 0 778 398 0 1040 0 311 1232 0 0 154 530 447 0 1742 101 0 1742 3407 2134 2001 330 308 322 314 324 323 419 345 1129
1 32 139 62 0 21 0 125 35 19 60 40 20 18 27 11 0 0 3 454 0 239 0 15 0 0 6 2 0 0 1 11 10 104 5 20 32 22 23 40 28 14 108 27 74 71 0 85 22 0 0 69 69 69 69 55 69 0 69 69 69 16 64 69 69 283 390 632 245 244 246 244 28 28 33 35 80 91 0 0 0 0 0 0 0 0 123 122 98 0 0 8 0 0 0 0 0 0 0 10 4434 0 0 0 0 0 1830 0 43 0 0 0 78 13 0 12 0 0 80 0 118 124 197 129 95 325 0 75 0 0 49 42 145 122 0 469 20 0 468 916 574 539 89 83 87 85 87 87 35 0 90
1 20 18 67 16 15 0 18 22 19 36 26 18 16 12 0 4 6 6 4 2 2 1 42 0 0 3 1 0 0 6 3 2 3 2 6 15 11 11 0 0 0 1 0 0 0 0 53 4 0 0 0 9 13 13 0 13 13 12 13 7 13 13 13 13 34 35 46 0 13 13 0 0 7 19 19 0 21 0 7 18 24 24 85 44 0 31 0 0 0 0 20 0 0 0 0 0 0 0 0 0 0 131 114 0 0 0 0 0 0 0 0 0 0 0 0 0 11 0 0 0 0 0 0 0 0 0 0 22 0 0 0 2 1 0 0 381 0 0 0 0 0 0 0 0 0 0 0 0 0 0
9 150 176 727 169 165 0 167 52 31 2029 1110 251 189 98 1555 503 1825 1825 4696 1132 1219 0 3516 0 0 180 7 0 0 54 588 165 296 541 2737 7686 3021 3174 2332 1969 267 33 2033 1166 300 1548 1347 1461 1882 0 571 610 610 610 133 610 610 602 610 610 605 610 610 610 4468 2968 3982 1375 1374 1375 1279 5187 612 399 4358 7310 3307 7063 81 13442 0 0 1145 549 1011 7300 1698 321 6720 699 124 1310 0 12963 17740 18136 562 144 13469 13485 13486 197 197 0 406 2372 0 1715 134 0 1480 682 555 2626 2291 471 1304 876 6965 2794 1460 2205 1358 9064 3386 349 7485 3797 6199 2696 1740 1158 971 3 3417 1566 1 3618 3473 6629 7049 8845 6130 3939 3808 3944 3920 2826 4189 3144
13 449 164 93 350 80 1 168 151 95 134 121 115 111 54 424 391 79 79 799 422 422 490 237 0 0 63 4 0 0 26 22 40 102 28 46 67 56 50 75 88 15 34 92 0 77 0 338 243 0 0 0 55 55 55 0 55 55 48 55 55 55 55 55 55 701 425 810 323 315 344 336 99 135 67 371 526 431 0 94 0 630 0 1006 661 70 347 581 1980 864 44 57 144 2 70 76 173 300 353 225 79 0 177 176 0 0 166 0 0 12 177 816 0 0 2352 148 40 17 178 0 0 0 0 70 0 549 0 148 546 0 56 504 89 79 2 469 391 1 453 579 119 165 226 364 201 399 194 189 389 28 466
4 0 0 0 0 58 0 1 79 61 69 50 6 9 0 0 292 4 4 37 0 0 1 57 0 0 4 1 0 0 0 0 0 1 0 0 0 9 9 0 0 6 21 0 0 0 0 0 0 139 0 0 0 0 0 0 0 0 0 0 0 0 0 0 0 0 600 0 64 0 64 64 0 55 416 121 0 0 23 39 0 0 0 258 417 0 0 0 0 0 18 60 105 54 23 0 110 634 669 27 59 0 0 0 0 32 0 0 0 0 0 0 0 7 0 0 138 175 0 0 0 0 0 0 0 28 0 0 0 0 0 0 35 29 0 0 63 0 162 0 0 0 0 0 55 0 67 83 37 0 0
258 3662 3612 1524 12085 0 448 5926 21730 11326 15014 13067 11185 10213 6412 5517 6109 0 0 3291 4783 4783 2061 1015 59 54 136 17 155 51 127 2169 1949 3077 51808 6407 16060 6872 7205 7527 7064 2358 7773 5185 5290 8009 4760 3963 6200 5044 1 2349 2693 2693 2693 1941 2693 2693 2693 2693 2693 2693 2693 2693 2693 10512 3744 5229 18686 18676 18686 18486 5031 3394 5446 5650 5464 3853 8035 1651 22198 10685 5362 7937 5448 3788 4426 2785 2480 4587 18883 630 25279 19075 402 473 0 18170 6430 0 1074 470 838 837 293 8629 4787 1550 0 11410 0 1190 6172 826 0 8431 1263 2440 2743 0 2123 291 2866 1988 0 3802 0 6713 2617 917 1590 14068 1090 886 3 2946 1294 1 3187 332 3256 3327 3194 3081 3063 3069 3014 3020 12448 4589 4192
23 323 317 131 1013 1801 40 573 1954 1021 1042 1171 993 910 567 1860 560 1373 1373 134 193 193 128 550 660 308 102 12 370 538 98 173 156 241 7525 520 1355 562 585 583 245 194 656 122 137 218 5042 849 1362 234 1 0 32 32 32 0 32 32 32 32 32 32 32 32 32 196 79 95 438 435 438 273 0 327 557 584 568 391 194 64 268 279 324 219 171 44 184 23 189 324 948 391 1035 689 0 0 0 1010 237 0 0 0 23 22 0 248 111 0 0 633 0 0 0 34 0 906 103 213 276 0 123 0 181 73 0 176 0 146 0 0 106 161 62 50 0 152 661 0 177 160 174 174 166 164 172 168 168 168 26 97 228
4 91 57 328 53 108 0 551 309 225 402 325 215 194 940 431 70 3588 3589 1468 1824 1824 0 59 3908 2103 35 17 1561 3044 18 56 63 69 168 200 423 220 215 392 0 203 210 1173 745 1279 183 300 371 543 0 73 74 74 74 58 74 74 73 74 74 74 74 74 74 622 418 476 4905 4921 4922 4916 354 644 1039 803 1044 1512 389 360 732 846 847 2622 920 679 1105 269 370 997 484 51 15 0 73 58 0 26 5 108 565 358 580 579 231 0 749 0 493 484 0 346 0 0 518 293 1581 1976 4586 731 588 4255 1621 1755 339 1252 0 363 0 4680 3070 2429 1857 1542 12 5460 344 5 5591 4906 5112 5115 5419 5470 5542 5530 5552 5549 379 0 0
2 21 49 69 19 21 0 44 23 17 28 25 16 14 18 131 82 272 272 1488 386 386 0 58 0 0 46 9 0 0 36 8 7 9 5 24 65 27 27 50 38 26 0 39 52 0 0 96 86 2 0 106 153 153 153 0 153 153 153 153 153 153 153 153 153 809 66 90 350 389 389 359 0 0 71 295 54 331 1522 0 121 131 144 247 0 138 78 151 760 63 0 36 29 0 0 0 0 0 0 0 0 0 0 0 0 0 66 0 62 0 0 0 76 0 0 16 101 93 0 0 228 0 70 160 0 0 0 0 0 0 54 82 59 49 2 181 401 2 185 177 179 175 189 192 200 195 201 200 371 30 0
56 755 18182 2640 722 756 1 15764 830 616 1237 906 561 508 630 1699 944 26 26 545 258 258 274 333 0 0 46 9 0 0 58 329 221 316 234 1081 2036 1185 1243 1900 2247 914 54588 1038 1118 456 843 4356 1172 505 0 2688 3177 3177 3177 1839 3177 3177 3177 3177 3177 3177 3177 3177 3177 1718 1287 1739 94 161 164 0 0 419 590 1019 2562 1012 1281 103 1542 7232 2423 402 996 765 1515 2120 0 1391 57 859 289 0 753 1146 1198 115 27 3067 879 759 0 0 0 38 351 0 0 49 674 1707 0 21 0 157 215 449 444 0 578 60 183 0 47 513 0 403 578 229 197 725 130 109 10 416 1619 7 415 394 408 402 463 437 445 468 448 447 1086 484 0
0 0 0 0 0 0 0 0 0 0 0 0 0 0 0 0 0 24 24 2209 320 373 174 28 0 0 9 2 0 0 2 0 0 0 0 0 0 0 0 0 0 0 0 0 0 0 0 0 0 0 0 353 353 353 353 351 353 353 353 353 353 353 353 353 353 0 0 0 0 0 0 0 0 0 0 0 0 0 0 0 0 0 0 0 0 0 0 0 0 0 0 2 0 0 0 0 0 0 0 6 0 0 62 62 19 0 0 0 0 93 0 0 0 0 0 0 0 0 0 0 0 0 0 0 0 0 0 0 0 0 0 0 0 0 0 0 14 0 0 0 2 0 0 0 0 0 0 0 0 0 0
0 47 33 143 38 47 0 43 66 60 104 78 55 50 39 20 6 703 703 8 8 8 8 39 1284 347 20 2 203 2246 6 5 3 2 83 20 0 24 23 31 0 3 7 45 11 8 0 69 10 20 0 25 25 25 25 0 25 25 25 25 25 25 25 25 25 33 35 39 6 24 26 0 3 0 0 26 64 39 263 261 217 390 2415 167 0 0 38 0 0 0 0 314 2415 31 0 0 0 0 0 0 0 0 0 0 0 714 12 0 0 0 0 0 0 0 0 10 0 0 0 0 0 0 0 0 0 0 0 0 0 0 0 0 1 1 0 2 28 0 11 11 5 2 2 6 14 10 13 12 46 0 0
0 28 20 86 23 8 0 25 39 36 62 46 33 30 27 78 80 2277 2277 9 7 7 8 8 11720 3158 3 0 939 6375 0 11 5 6 122 45 9 51 51 94 0 38 4 276 56 3 4 89 3 0 0 186 186 186 186 0 186 186 186 186 186 186 186 186 186 125 85 103 19 39 44 0 4 0 0 30 85 73 107 12 129 129 124 13 0 0 65 79 0 0 0 3 2422 27 0 0 0 0 0 0 0 0 0 0 0 720 0 0 0 0 0 0 0 0 0 23 7 0 0 0 0 0 0 0 0 0 0 0 0 0 0 26 1 1 0 2 2 0 25 26 11 3 3 12 32 23 29 28 0 0 0
0 8 4 32 5 11 0 66 35 25 50 36 24 21 0 174 34 1289 1289 42 93 93 0 40 172 92 27 3 6058 11813 10 7 4 5 17 30 4 33 33 87 25 12 8 155 145 651 0 45 48 0 0 48 0 85 85 85 85 85 85 85 85 85 85 85 85 60 14 14 57 305 305 304 0 339 323 1036 197 503 661 144 284 312 319 934 1327 0 0 24 0 0 38 15 0 0 0 0 0 0 0 0 0 0 116 115 0 0 305 0 0 39 0 0 0 15 0 14 9 93 0 0 0 0 0 0 0 36 0 201 0 0 0 273 568 471 0 1652 125 0 1701 1483 1543 1544 1632 1650 1676 1672 1677 1677 0 0 0
163 1188 639 827 1371 223 6 640 468 197 602 475 375 374 1418 929 903 1476 1476 11261 5192 5192 2621 126 7 7 100 59 106 11 75 539 2455 404 254 550 1068 552 556 972 925 221 553 400 308 509 13118 2219 1037 365 0 1457 1516 1518 1518 1382 1518 1518 1518 1518 1518 1518 1518 1518 1518 1976 1307 1195 866 891 892 886 904 411 804 1343 1883 985 2020 265 653 651 1270 2364 1937 8812 752 1490 931 1529 139 276 1434 406 255 451 629 2900 2955 652 3219 102 3909 3907 2890 277 1585 0 245 767 333 1076 0 382 204 21 1275 2486 622 0 1159 480 1118 557 203 21 0 535 0 631 0 906 281 227 1 1380 230 0 989 1335 297 309 520 893 855 1151 791 904 738 0 1838
2 27 34 93 21 22 0 32 28 23 45 33 21 19 0 237 341 21 21 934 602 602 0 198 0 0 27 1 0 0 22 30 30 37 16 73 317 82 83 134 32 60 422 608 361 489 286 308 491 0 0 0 23 23 23 6 23 23 22 23 23 23 23 23 23 755 274 370 1147 1178 1179 1177 0 558 360 415 321 397 0 84 213 300 283 1075 547 732 2 538 0 301 41 45 0 0 157 55 104 13 4 227 42 0 0 0 0 0 215 0 1007 341 0 0 0 0 0 1302 440 682 2337 0 0 0 1274 598 0 93 0 355 0 0 0 0 239 200 10 728 722 3 752 719 723 704 759 777 814 792 817 813 1386 951 272
4 99 78 401 69 119 2 630 314 206 428 309 198 178 643 713 1648 1002 1002 1567 838 838 1060 843 1327 357 92 8 986 540 34 83 60 85 83 273 431 298 311 671 803 345 359 1176 445 637 885 1403 400 741 0 591 626 626 626 549 626 626 624 626 626 626 626 626 626 627 581 757 141 141 141 33 6978 270 537 391 558 354 345 94 1490 750 1418 186 143 512 676 1104 360 669 190 210 136 0 962 1292 1298 79 21 704 1059 674 1065 1063 358 0 557 0 1076 181 0 865 0 1554 0 302 710 1704 1245 0 919 0 8006 2849 2257 1850 0 804 0 0 168 260 1140 949 4 3462 798 2 3500 3153 3288 3280 3495 3520 3559 3542 3574 3568 682 671 1152
701 78 18 27 233 10873 445 90 327 186 68 127 72 92 8047 50 44 531 531 130 47 47 78 168 70 140 19 2 1054 116 11 25 6 6 42 21 27 60 19 21 0 50 24 45 30 44 0 65 0 0 0 0 12 12 12 0 12 12 2 12 12 12 12 12 12 75 119 43 116 133 134 94 0 0 76 11 17 101 33 654 40 29 44 14 34 0 0 32 0 44 19 43 0 0 0 0 0 115 2024 36 0 0 36 34 0 0 20 0 57 886 0 0 0 0 0 416 239 771 204 0 0 0 0 110 75 169 0 0 0 0 0 84 18078 20201 623 133 517 101 129 193 20 17 53 109 249 166 118 123 37 0 110
1 9 8 29 6 7 0 7 9 9 16 12 8 7 4 90 66 0 0 112 68 68 755 30 0 0 113 5 0 0 30 3 2 3 2 11 12 13 13 26 23 14 135 75 21 82 0 47 76 0 0 5 30 30 30 0 30 30 30 30 30 30 30 30 30 80 62 84 99 104 104 73 22 0 54 59 56 45 38 13 43 138 86 100 65 47 59 28 0 89 0 32 0 0 3 0 0 0 0 6 0 0 87 86 0 0 94 0 0 5 0 0 0 0 31 9 103 99 108 0 0 0 0 0 0 0 0 115 0 0 0 28 33 28 0 82 205 0 100 98 88 80 86 95 112 104 111 110 62 0 104
2 30 21 93 21 22 0 21 33 34 60 45 31 28 0 68 78 100 100 496 320 320 0 67 0 0 19 2 0 0 25 13 10 14 9 39 96 43 45 92 110 50 111 437 283 30 0 103 155 582 0 26 34 34 34 3 34 34 34 34 34 34 34 34 34 512 193 257 802 801 802 704 0 420 354 289 191 273 96 97 245 341 301 1236 304 0 153 232 218 414 2 177 0 0 64 72 112 3 1 258 56 0 400 399 28 0 68 0 1385 1296 4582 3613 0 64 0 367 374 7 686 0 498 0 0 22 0 0 0 361 234 460 0 535 233 196 7 742 625 3 742 706 728 718 774 781 797 785 803 799 1000 255 920
1 11 8 39 8 14 0 13 18 16 0 22 14 13 0 355 382 266 266 691 446 446 0 626 0 0 94 4 0 0 69 4 4 0 0 19 4 26 22 0 0 0 37 278 173 39 0 180 284 211 0 0 49 49 49 0 49 49 49 49 49 49 49 49 49 139 67 91 121 208 229 147 72 0 112 74 157 196 0 32 0 113 23 407 127 0 107 497 0 268 16 145 0 0 0 0 9 0 0 49 0 0 187 184 0 0 322 0 0 0 0 0 0 1 0 0 84 33 0 0 0 0 0 304 173 0 0 0 0 0 0 60 297 249 43 850 1206 16 921 888 861 822 889 928 1010 967 1009 1002 603 0 760
0 144 100 447 99 0 0 99 158 164 291 215 149 136 0 393 253 215 215 3047 1965 1965 0 78 0 0 60 3 1 0 16 64 28 44 51 252 70 281 292 649 754 381 405 2070 694 1070 36 904 1501 3549 0 444 447 447 447 375 447 447 447 447 447 447 447 447 447 434 945 1276 708 779 779 751 52 1070 2411 1612 1069 2267 775 0 680 961 904 3440 1786 2283 15387 890 1128 4060 23 46 210 0 1744 1539 0 96 418 1230 1181 944 3447 3446 3007 83 4337 0 3147 825 2056 2300 134 549 1317 406 3980 2043 4370 384 347 8588 11630 7394 1500 367 0 3664 0 1679 970 1267 1210 1015 5 3884 1427 3 3861 3669 3803 3760 4053 4081 4138 4085 4170 4156 795 256 916
1 22 0 0 0 31 0 3 101 71 0 82 46 61 228 125 18 11818 11818 1387 1878 2870 0 262 3104 1671 81 4 1196 2446 4 53 39 59 141 212 130 222 233 657 847 193 330 1214 0 410 208 52 0 0 0 115 137 137 137 95 137 137 136 137 137 137 137 137 137 71 1057 1086 2130 2187 2189 2164 0 0 1078 716 326 841 800 40 0 86 0 246 0 0 495 0 34 379 440 13 14 0 154 276 0 8 2 0 472 289 24 23 0 0 3586 0 0 67 0 0 0 128 0 40 297 375 0 0 0 0 68 0 0 1531 0 0 0 22 171 287 241 199 0 662 122 0 708 659 658 654 633 639 662 654 658 657 0 0 0
121 2133 1665 0 1480 1587 0 1621 2267 2200 3996 2953 2007 1839 5205 2537 6729 5303 5303 0 0 0 10888 3349 0 0 211 16 1 0 99 129 64 95 98 493 191 549 569 1165 1142 735 147 7383 2556 3696 5930 6645 6850 7670 0 752 800 800 800 571 800 800 795 800 800 800 800 800 800 2790 3018 3173 1017 1052 1053 1042 4079 2529 1307 2166 3240 2587 1059 286 2587 2719 883 914 1512 2716 2061 6504 0 6114 465 459 40 0 1133 744 878 68 21 1312 564 0 0 0 0 54 0 0 0 5466 0 3139 126 364 0 1282 1721 6939 5110 4610 8210 3908 5856 3736 0 1629 4325 6026 0 0 0 0 6994 5867 20 0 6147 8 0 0 0 0 0 0 0 0 0 0 18985 8588 20454
7 165 89 244 220 78 0 97 282 190 81 149 258 251 14 659 470 2 2 4 3 3 0 87 0 0 18 1 0 0 6 30 88 73 46 66 133 77 74 71 0 22 53 287 315 282 17 754 36 440 0 0 0 2 2 0 2 2 0 2 2 2 2 2 2 611 13 20 154 165 173 171 279 632 93 281 328 195 0 48 81 87 0 303 504 0 208 0 284 522 0 53 11 4 40 38 117 15 61 298 26 0 805 804 704 3 732 0 122 507 0 172 0 325 0 25 186 231 406 0 837 194 600 369 0 1220 0 0 1357 0 740 309 1 1 49627 0 114 54627 2 1 0 0 0 0 0 0 0 0 1193 0 0
0 9 1 122 28 0 0 2 1 3 0 2 6 7 0 656 200 10 10 1226 465 790 0 92 0 0 4 2 0 0 4 25 8 14 18 68 0 90 79 0 0 0 4 472 144 53 289 782 189 587 0 41 49 49 49 36 49 49 48 49 49 49 49 49 49 352 21 28 447 512 512 492 267 312 568 283 153 66 72 29 73 97 69 366 106 0 93 683 149 445 21 11 0 0 65 29 0 2 7 68 22 0 251 251 62 0 657 0 0 7604 0 0 0 0 0 45 327 72 294 840 430 0 379 157 124 1338 0 0 1361 0 0 125 456 382 0 1199 77 0 1386 1350 1232 1145 1258 1349 1541 1449 1531 1517 1135 0 15
0 0 0 0 0 0 0 0 1 2 0 1 2 2 0 8 7 0 0 656 5 6 0 22 0 0 8 4 0 0 3 0 0 0 0 0 166 0 0 2822 3435 0 0 7799 1 0 98 5 0 2 0 0 0 0 0 0 0 0 0 0 0 0 0 0 0 0 0 0 4 3 4 0 0 11 0 0 0 0 0 1 0 1 1 1 0 0 0 0 0 5 0 8 0 0 0 0 0 0 0 0 0 0 2 2 0 0 5 0 0 1 0 0 0 0 0 0 950 0 0 0 108 0 0 0 0 0 0 0 13 0 0 0 2 2 0 0 43 0 0 0 0 0 0 0 0 0 0 0 0 0 0
0 0 0 0 0 1 0 0 0 0 0 0 0 0 1 0 0 0 0 0 0 0 0 1 0 0 1 0 0 0 0 0 0 0 0 0 0 0 0 0 0 0 0 0 0 0 0 0 0 0 0 0 0 0 0 0 0 0 0 0 0 0 0 0 0 0 0 0 0 0 0 0 0 0 0 0 0 0 0 0 0 0 0 0 0 0 0 0 0 0 0 10 0 0 0 0 0 0 0 0 0 0 0 0 0 0 0 0 0 0 0 0 0 0 0 0 0 0 0 0 0 0 0 0 0 0 0 0 0 0 0 0 0 0 1 0 516 0 0 0 0 0 0 0 0 0 0 0 0 0 0
0 0 0 0 0 1 0 0 0 0 0 0 0 0 1 0 0 0 0 0 0 0 1 1 0 0 1 0 0 0 0 0 0 0 0 0 0 0 0 0 0 0 0 0 0 0 0 0 0 0 0 0 0 0 0 0 0 0 0 0 0 0 0 0 0 0 0 0 0 0 0 0 0 0 0 0 0 0 0 0 0 0 0 0 0 0 0 0 0 0 0 11 0 0 0 0 0 0 0 0 0 0 0 0 0 0 0 0 0 0 0 0 0 0 0 0 0 0 0 0 0 0 0 0 0 0 0 0 0 0 0 0 0 0 1 0 582 0 0 0 0 0 0 0 0 0 0 0 0 0 0
0 0 0 0 1 0 0 0 0 0 0 0 0 0 1 0 0 0 0 0 0 0 0 1 0 0 1 0 0 0 0 0 0 0 0 0 0 0 0 0 0 0 0 0 0 0 0 0 0 0 0 0 0 0 0 0 0 0 0 0 0 0 0 0 0 0 0 0 0 0 0 0 0 0 0 0 0 0 0 0 0 0 0 0 0 0 0 0 0 0 0 7 0 0 0 0 0 0 0 1 0 0 0 0 0 0 0 0 0 0 0 0 0 0 0 0 0 0 0 0 0 0 0 0 0 0 0 0 0 0 0 0 0 0 0 0 408 0 0 0 0 0 0 0 0 0 0 0 0 0 0
15 18 9 13 24 19 2 13 26 17 0 21 20 19 19 33 215 12 12 118 0 57 65 2 0 0 7 0 0 2 0 4 12 0 0 2 0 8 2 0 0 6 6 0 9 16 0 45 0 0 0 0 5 5 5 0 5 5 4 5 5 5 5 5 5 20 18 22 0 9 9 0 0 0 0 0 0 25 0 5 6 11 14 8 8 0 0 0 0 33 0 17 0 0 0 0 0 0 20 0 0 0 19 14 0 0 53 0 0 4 0 0 0 0 0 6 0 0 0 0 0 0 0 0 0 0 0 0 114 5 0 75 38 33 11 0 536 7 87 98 28 0 3 40 117 84 108 104 0 0 14
0 0 0 0 0 0 0 0 0 0 0 0 0 0 0 0 0 0 0 0 0 0 0 0 0 0 0 0 0 0 0 0 0 0 0 0 0 0 0 0 0 0 0 0 0 0 0 0 0 0 0 0 0 0 0 0 0 0 0 0 0 0 0 0 0 0 0 0 0 0 0 0 0 0 0 0 0 0 0 0 0 0 0 0 0 0 0 0 0 0 0 0 0 0 0 0 0 0 0 0 0 0 0 0 0 0 0 0 0 0 0 0 0 0 0 0 0 0 0 0 0 0 0 0 0 0 0 0 0 0 0 0 0 0 0 0 0 0 0 0 0 0 0 0 0 0 0 0 0 0 0
0 0 0 0 0 0 0 0 0 0 0 0 0 0 0 0 0 0 0 0 0 0 0 0 0 0 1 0 0 0 0 0 0 0 0 0 0 0 0 0 0 0 0 0 0 0 0 0 0 0 0 0 0 0 0 0 0 0 0 0 0 0 0 0 0 0 0 0 0 0 0 0 0 0 0 0 0 0 0 0 0 0 0 0 0 0 0 0 0 0 0 4 0 0 0 0 0 0 0 0 0 0 0 0 0 0 0 0 0 0 0 0 0 0 0 0 0 0 0 0 0 0 0 0 0 0 0 0 0 0 0 0 0 0 0 0 195 0 0 0 0 0 0 0 0 0 0 0 0 0 0
4 0 0 0 4 5 1 1 7 5 0 5 5 5 5 21 128 3 3 31 0 15 17 2 0 0 1 0 0 0 0 0 2 0 0 0 0 2 0 0 0 1 2 0 0 4 0 12 0 0 0 0 1 1 1 0 1 1 0 1 1 1 1 1 1 5 5 6 0 2 3 0 0 0 0 0 0 7 0 1 2 3 4 2 0 0 0 0 0 7 0 11 0 0 0 0 0 0 5 0 0 0 5 0 0 0 11 0 0 0 0 0 0 0 0 2 0 0 0 0 0 0 0 0 0 0 0 0 32 0 0 71 10 8 3 0 429 2 0 15 0 0 0 0 24 0 15 11 0 0 7
2 0 0 0 1 3 0 0 4 3 0 3 3 3 3 18 109 2 2 15 0 7 8 1 0 0 1 0 0 0 0 0 1 0 0 0 0 1 0 0 0 1 1 0 0 2 0 6 0 0 0 0 1 1 1 0 1 1 0 1 1 1 1 1 1 3 2 3 0 1 1 0 0 0 0 0 0 3 0 1 1 2 2 1 0 0 0 0 0 2 0 16 0 0 0 0 0 0 1 0 0 0 3 0 0 0 4 0 0 1 0 0 0 0 0 1 0 0 0 0 0 0 0 0 0 0 0 0 18 0 0 32 5 4 2 0 658 1 0 0 0 0 0 0 8 0 0 0 0 0 8
11 8 5 6 16 14 2 9 19 12 0 15 14 14 14 27 171 8 8 85 0 41 47 11 0 0 2 0 0 1 0 2 8 0 0 0 0 6 0 0 0 4 5 0 4 12 0 33 0 0 0 0 4 4 4 0 4 4 2 4 4 4 4 4 4 14 13 16 0 7 7 0 0 0 0 0 0 19 0 4 4 8 10 6 0 0 0 0 0 23 0 13 0 0 0 0 0 0 15 0 0 0 14 8 0 0 37 0 0 3 0 0 0 0 0 0 0 0 0 0 0 0 0 0 0 0 0 0 80 8 0 252 29 24 8 0 199 5 58 70 0 0 0 10 86 53 77 73 0 0 21
15 18 10 13 24 19 2 14 26 17 0 21 20 19 19 32 206 12 12 117 0 56 65 91 0 0 5 1 0 2 0 4 12 0 0 2 0 8 2 0 0 6 6 0 10 17 0 45 0 0 0 0 5 5 5 0 5 5 4 5 5 5 5 5 5 20 18 22 0 9 9 0 0 0 0 0 0 25 0 5 6 11 14 8 0 0 0 0 0 33 0 20 0 0 0 0 0 0 20 0 0 0 19 14 0 0 52 0 0 4 0 0 0 0 0 2 0 0 0 0 0 0 0 0 0 0 0 0 112 10 0 337 39 33 11 5 367 6 90 100 32 0 8 44 119 87 111 107 0 0 26
15 18 10 13 25 20 2 14 27 18 0 21 20 20 20 34 223 12 12 121 0 58 67 19 0 0 3 0 0 2 0 4 12 1 0 3 0 8 2 0 0 6 6 0 9 17 0 47 0 0 0 0 5 5 5 0 5 5 4 5 5 5 5 5 5 20 18 22 0 9 10 0 0 0 0 0 0 26 0 5 6 12 14 8 0 0 0 0 0 34 0 15 0 0 0 0 0 2 22 1 0 0 19 18 0 0 54 0 0 4 0 0 0 0 0 7 0 0 0 0 0 0 0 0 0 0 0 0 120 12 0 308 39 33 11 0 388 7 88 99 26 0 0 39 119 84 110 106 0 0 47
11 7 4 4 16 14 1 9 19 12 0 15 14 14 14 28 183 8 8 84 0 41 47 11 0 0 2 0 0 1 0 2 8 0 0 0 0 6 0 0 0 4 4 0 3 11 0 32 0 0 0 0 3 4 4 0 4 4 2 4 4 4 4 4 4 14 13 16 0 7 7 0 0 0 0 0 0 18 0 4 4 8 10 5 0 0 0 0 0 23 0 10 0 0 0 0 0 1 15 0 0 0 13 12 0 0 37 0 0 3 0 0 0 0 0 5 0 0 0 0 0 0 0 0 0 0 0 0 84 7 0 213 27 23 8 0 328 5 52 65 0 0 0 0 81 46 71 67 0 0 26
1 0 0 0 0 2 0 0 2 1 0 1 1 2 2 17 101 1 1 8 0 4 4 6 0 0 1 0 0 0 0 0 0 0 0 0 0 1 0 0 0 0 0 0 0 1 0 3 0 0 0 0 0 0 0 0 0 0 0 0 0 0 0 0 0 1 1 2 0 0 1 0 0 0 0 0 0 2 0 0 0 1 1 1 0 0 0 0 0 0 0 2 0 0 0 0 0 0 2 0 0 0 1 1 0 0 2 0 0 0 0 0 0 0 0 1 0 0 0 0 0 0 0 0 0 0 0 0 9 0 0 13 3 2 1 0 153 1 0 0 0 0 0 0 0 0 0 0 0 0 14
6 1 0 0 7 7 1 0 10 6 0 8 7 7 7 23 143 4 4 41 0 20 23 9 0 0 2 0 0 1 0 0 4 0 0 0 0 3 0 0 0 2 2 0 0 6 0 16 0 0 0 0 2 2 2 0 2 2 0 2 2 2 2 2 2 7 6 8 0 3 3 0 0 0 0 0 0 9 0 2 2 4 5 3 0 0 0 0 0 10 0 16 0 0 0 0 0 0 8 0 0 0 7 6 0 0 17 0 0 1 0 0 0 0 0 2 0 0 0 0 0 0 0 0 0 0 0 0 45 2 0 97 13 11 5 0 609 3 8 23 0 0 0 0 34 0 24 20 0 0 21
2 0 0 0 0 3 0 0 4 3 0 3 3 3 3 18 111 2 2 18 0 9 10 3 0 0 0 0 0 0 0 0 1 0 0 0 0 1 0 0 0 1 1 0 0 2 0 7 0 0 0 0 1 1 1 0 1 1 0 1 1 1 1 1 1 3 3 3 0 1 2 0 0 0 0 0 0 4 0 1 1 2 2 1 0 0 0 0 0 3 0 2 0 0 0 0 0 0 3 0 0 0 3 2 0 0 6 0 0 0 0 0 0 0 0 1 0 0 0 0 0 0 0 0 0 0 0 0 18 1 0 39 6 5 2 0 70 1 0 2 0 0 0 0 10 0 0 0 0 0 6
3 0 0 0 1 4 0 0 5 3 0 4 3 4 4 19 116 2 2 22 0 10 12 4 0 0 0 0 0 0 0 0 1 0 0 0 0 2 0 0 0 1 1 0 0 3 0 8 0 0 0 0 1 1 1 0 1 1 0 1 1 1 1 1 1 4 3 4 0 2 2 0 0 0 0 0 0 5 0 1 1 2 3 1 0 0 0 0 0 4 0 3 0 0 0 0 0 0 4 0 0 0 3 3 0 0 8 0 0 0 0 0 0 0 0 1 0 0 0 0 0 0 0 0 0 0 0 0 22 1 0 50 7 6 2 0 119 1 0 5 0 0 0 0 14 0 4 0 0 0 8
8 8 5 60 45 8 0 5 13 11 11 11 14 14 2 92 63 80 80 168 133 133 53 23 0 0 2 0 0 0 2 0 0 0 0 2 0 0 4 0 0 0 349 0 0 72 0 0 0 0 0 0 1 7 7 0 7 7 6 7 7 7 7 7 7 70 16 17 12 7 12 12 0 37 28 100 41 112 31 4 12 33 39 13 26 59 41 0 51 73 2 17 3 0 0 0 0 242 83 12 0 0 84 82 0 0 84 0 0 0 0 0 0 0 0 12 0 4 64 0 0 0 0 0 0 0 0 56 0 0 0 31 245 195 0 378 453 0 484 131 54 39 24 54 74 99 71 75 0 0 182
0 32 7 32 69 13 0 8 21 12 15 15 13 13 1 284 431 220 220 620 332 332 102 29 0 0 66 4 0 0 12 0 26 5 2 9 0 12 12 0 0 0 662 0 0 209 4 269 79 111 0 0 29 29 29 0 29 29 26 29 29 29 29 29 29 169 34 55 12 75 57 81 0 0 230 74 42 0 0 66 0 66 68 74 46 0 68 0 9 169 0 12 195 0 0 0 0 79 57 15 0 0 69 68 0 23 271 0 0 31 0 0 3722 0 0 15 30 155 172 14 0 0 79 37 0 126 0 185 0 403 2626 31 175 143 0 557 104 0 550 1063 623 804 652 830 730 805 698 736 370 0 609
1 0 3 1 0 0 0 2 0 1 1 1 0 1 3 6 7 0 0 5 6 6 0 4 0 0 21 4 0 0 15 0 0 0 0 0 0 0 0 0 0 0 15 0 0 6 0 13 0 0 0 0 3 3 3 0 3 3 0 3 3 3 3 3 3 17 14 2 3 2 3 3 0 0 2 8 5 2 3 1 2 13 9 20 5 0 5 0 1 0 0 39 0 0 0 0 0 2 8 0 0 0 9 6 0 0 6 0 0 0 0 0 414 204 1069 71 1537 2146 4 0 0 0 0 0 0 0 0 12 0 635 0 4460 1 1 0 0 563 0 0 0 0 0 0 0 0 0 0 0 0 0 0
