134
0 0 0 0 0 0 0 0 108 383 1742 18 79 51 30 20 0 0 0 0 0 0 0 0 11 0 0 0 19 0 19 13 0 17 0 0 0 0 0 0 484 0 0 0 0 61 0 1 28 0 0 0 0 1 0 5 0 0 0 0 0 0 1 0 0 0 1 6 209 188 299 0 39 0 0 11 3 0 0 0 1 9 1 1 8 0 0 0 0 0 5 0 0 0 0 0 0 0 0 0 0 0 0 0 0 0 0 0 0 0 0 0 0 0 0 0 0 0 0 0 0 0 0 0 0 0 0 0 0 0 0 0 0 2
0 0 427 0 0 0 0 0 281 16 4 42 0 12 5 0 0 3 3 0 0 0 0 0 0 0 0 0 61 0 61 0 0 60 109 284 152 367 45 31 0 137 1804 0 40 61 0 0 6 0 1 0 0 1 0 6 0 0 0 0 4 5 4 2 3 4 4 17 73 0 0 0 35 0 0 3 4 0 0 0 0 29 0 0 0 0 0 7 0 0 20 0 0 36 0 0 0 0 0 0 0 0 0 0 0 0 11 0 0 0 0 0 0 0 0 0 0 0 0 0 0 0 0 0 0 0 0 0 0 0 31 0 0 12
0 0 0 0 0 0 0 0 7306 140 415 1674 346 1059 1717 0 0 3 3 0 0 0 0 0 0 0 0 0 68 0 68 0 0 68 272 713 382 920 117 106 1 343 4609 0 101 101 0 1 117 0 1 0 0 1 0 6 0 0 0 0 4 5 4 2 3 4 4 18 83 0 0 0 77 0 0 12 8 0 0 0 0 33 0 0 0 0 0 19 0 1 27 0 0 63 0 0 0 0 0 0 0 0 0 0 0 0 17 0 0 0 0 0 0 0 0 0 0 0 0 0 0 0 0 0 0 0 0 0 0 0 22 59 0 23
4 0 0 0 0 0 118 5 2 1 2 2 0 27 1 1217 256 111 111 0 0 0 0 1 96 0 0 0 37 53 37 0 0 0 382 1000 536 1290 324 1103 4 487 6515 388 144 58 0 16 73 0 115 39 0 15 0 45 0 0 0 6 19 19 26 16 18 18 22 37 1367 0 0 0 94 271 233 112 17 0 0 0 47 44 30 26 77 23 0 27 0 1 30 0 0 60 0 0 0 0 1 0 0 0 0 3 3 1 0 0 0 0 0 2163 0 0 0 0 0 0 0 0 0 0 0 0 0 73 0 13 163 167 202 227 440 85
313 0 0 0 0 0 0 1 4 1 1 1 0 4 0 88 24 8 8 0 0 0 0 0 7 0 0 0 5 2 5 0 0 0 130 341 183 440 252 53 221 164 2198 0 48 8 0 4 8 0 10 5 0 1 0 14 0 0 0 4 14 14 14 12 12 14 14 12 17 0 0 0 6 0 18 12 4 0 0 0 4 3 2 1 5 2 0 9 0 0 6 0 0 17 0 0 0 0 0 0 0 0 0 0 0 0 0 0 0 0 0 141 0 0 0 0 0 0 0 0 0 0 0 0 0 5 0 0 597 12 13 16 31 2
1 0 0 0 0 0 0 1945 3 1 0 2 0 114 0 105 34 9 9 0 0 0 0 0 9 0 0 0 0 3 0 0 2325 0 4 8 4 11 16 1 10 6981 73 4 2 1 0 2 7 0 13 0 0 1 0 0 0 0 0 0 0 0 0 0 0 0 0 0 5 0 0 0 3 18 22 5 2 0 0 0 5 3 2 5 6 5 0 8 0 8 12 2272 0 4 0 0 0 0 1 0 0 0 0 31 42 3 0 1 0 0 0 172 0 0 0 0 0 0 0 0 0 0 0 0 0 7 0 0 14 14 13 18 38 1
0 0 0 0 0 0 0 30 0 0 0 0 0 0 0 0 13 0 0 0 0 0 0 0 13 0 0 0 0 1 0 0 0 0 0 0 0 0 0 0 0 9 0 0 0 2 0 11 10 0 4 0 0 0 0 0 0 0 0 0 0 0 0 0 0 0 0 0 0 0 0 0 3 0 0 11 5 0 4 0 2 0 1 2 9 1 0 0 0 0 0 0 0 0 0 0 0 0 0 0 0 0 0 0 0 0 0 0 0 0 0 0 0 0 0 0 0 0 0 0 0 0 0 0 0 0 0 0 0 0 0 0 0 1
1 0 0 0 0 0 0 0 2094 851 1908 1022 376 1323 1540 285 64 28 28 0 0 0 0 0 76 0 0 0 0 5 4 18 0 0 16 42 23 54 83 0 0 22 274 0 6 3053 0 7 0 0 0 0 0 3 0 2 0 0 0 0 1 1 1 1 1 1 1 2 0 61 68 0 72 0 0 0 21 0 0 0 0 0 0 0 0 0 0 1 0 0 3 0 0 3 0 0 0 0 0 0 0 0 0 1 1 0 0 0 0 0 0 0 0 0 0 0 0 0 0 0 0 0 0 0 0 17 0 2 31 3 38 56 86 17
0 0 0 0 0 0 0 0 0 0 0 0 0 0 0 0 0 0 0 0 0 0 0 0 0 0 0 0 0 0 0 0 0 0 15549 2 35 0 391 1 0 1 122 4 23 4 714 31 10452 0 6 16 0 1 0 0 0 0 0 0 0 0 0 0 0 0 0 0 4 0 0 0 3579 0 0 0 4 0 0 0 0 0 0 0 0 0 0 1 0 1 1 20 0 54 0 0 0 0 0 0 0 0 0 1 2 0 0 0 0 0 0 0 0 0 0 0 0 0 0 0 0 0 0 0 0 0 0 0 0 0 0 0 0 22
0 0 0 0 0 0 0 0 0 0 0 0 0 0 0 0 0 0 0 0 0 0 0 0 0 0 0 0 0 0 0 0 0 0 0 45200 20 0 536 1 0 0 0 1 10 2 1028 27 977 0 5 2 0 1 0 0 0 0 0 0 0 0 0 0 0 0 0 0 6 0 0 0 335 0 0 1 3 0 0 0 0 0 0 0 0 0 0 1 0 0 3 0 0 16 0 0 0 0 0 0 0 0 0 2 2 0 0 0 0 0 0 0 0 0 0 0 0 0 0 0 0 0 0 0 0 0 0 0 0 0 0 0 0 5
0 0 0 0 0 0 0 0 0 0 0 0 0 0 0 0 0 0 0 0 0 0 0 0 0 0 0 0 0 0 0 0 0 0 3 3 17093 0 623 0 0 1 198 6 13 3 1181 47 14951 0 9 16 0 1 0 0 0 0 0 0 0 0 0 0 0 0 0 0 2 0 0 0 5086 0 0 0 3 0 0 0 0 0 0 0 0 0 0 1 0 1 1 0 0 51 0 0 0 0 0 0 0 0 0 2 3 0 0 0 0 0 0 0 0 0 0 0 0 0 0 0 0 0 0 0 0 0 0 0 0 0 0 0 0 22
0 0 0 0 0 0 0 0 0 0 0 0 0 0 0 0 0 0 0 0 0 0 0 0 0 0 0 0 0 0 0 0 0 0 0 0 0 0 75 0 0 0 0 0 0 0 133 4 7 0 1 0 0 0 0 0 0 0 0 0 0 0 0 0 0 0 0 0 0 0 0 0 2 0 0 0 0 0 0 0 0 0 0 0 0 0 0 0 0 0 0 0 0 0 0 0 0 0 0 0 0 0 0 0 0 0 0 0 0 0 0 0 0 0 0 0 0 0 0 0 0 0 0 0 0 0 0 0 0 0 0 0 0 142
0 0 0 0 0 0 0 0 0 0 0 0 0 0 0 0 0 0 0 0 0 0 0 0 0 0 0 0 0 0 0 0 0 0 0 0 0 0 14 0 0 0 0 0 0 0 28 1 0 0 0 0 0 0 0 0 0 0 0 0 0 0 0 0 0 0 0 0 0 0 0 0 0 0 0 0 0 0 0 0 0 0 0 0 0 0 0 0 0 0 0 0 0 0 0 0 0 0 0 0 0 0 0 0 0 0 0 0 0 0 0 0 0 0 0 0 0 0 0 0 0 0 0 0 0 0 0 0 0 0 0 0 0 0
0 0 0 0 0 0 1 0 0 0 0 0 0 0 0 0 0 0 0 0 0 0 0 0 0 0 0 0 98 0 98 0 0 97 118 310 166 400 761 0 1 148 0 0 45 21 1348 35 286 0 7 0 0 1 0 1 0 0 0 0 0 1 0 0 0 0 0 21 0 1 0 0 148 0 0 4 4 0 0 0 0 47 0 0 0 0 0 8 0 0 31 0 0 11 0 0 0 0 0 0 0 0 0 3 3 0 0 0 0 0 0 0 0 0 0 0 0 0 0 0 0 0 0 0 0 0 0 0 0 0 0 0 0 1
0 0 0 0 0 0 0 0 0 0 0 0 0 0 0 0 0 0 0 0 0 0 0 0 0 0 0 0 0 0 0 0 0 0 0 0 0 0 22 0 0 0 0 0 1 0 22 2 897 0 0 0 0 0 0 0 0 0 0 0 0 0 0 0 0 0 0 0 0 0 0 0 307 0 0 0 0 0 0 0 0 0 0 0 0 0 0 0 0 0 0 0 0 0 0 0 0 0 0 0 0 0 0 0 0 0 0 0 0 0 0 0 0 0 0 0 0 0 0 0 0 0 0 0 0 0 0 0 0 0 0 0 0 0
0 0 0 0 0 0 1 0 0 0 0 0 0 0 0 0 0 2 2 0 0 0 0 0 0 0 0 0 88 0 88 39 0 0 1 2 1 2 2 1 3 1 0 3 5 22 0 1 0 475 1 0 0 1 0 1 0 0 0 0 0 1 0 0 1 0 0 19 8 0 0 0 89 0 0 0 3 0 0 0 0 43 0 0 0 0 0 0 0 0 25 0 12 224 0 0 0 0 0 0 0 0 0 0 0 0 0 0 0 0 0 13 0 0 0 0 0 0 0 0 0 0 0 0 0 33 0 0 0 0 124 22 37 11
46 0 0 0 0 0 0 0 0 0 0 0 0 0 0 0 0 0 0 0 0 0 0 0 0 0 0 0 15 0 15 7 0 0 0 0 0 0 1241 0 0 0 0 0 30685 1 0 0 0 0 0 0 0 0 0 1 0 0 0 0 0 0 0 0 0 0 0 3 23 18 0 0 10 0 0 0 0 0 0 0 0 7 0 0 0 0 0 0 0 0 4 0 0 8 0 0 0 0 0 0 0 0 0 0 0 0 0 0 0 0 0 522 0 0 0 0 0 0 0 1 0 0 0 0 18 68 0 0 2073 0 121 115 7 23
0 0 0 0 0 0 0 0 0 0 0 0 0 0 0 0 0 0 0 0 0 0 0 0 0 0 0 0 2 20830 0 0 0 0 0 0 0 0 0 0 0 0 0 0 0 0 0 0 0 0 12 0 0 10 0 7 0 1 0 1 2 3 7 0 0 5 3 70 18 0 0 3 0 0 0 0 4 0 0 0 18889 10340 12646 10666 4336 12389 0 0 0 5 2 3 0 0 0 0 0 0 6 0 0 0 0 9 11 1 0 0 0 0 0 0 0 0 0 0 0 0 0 0 0 0 0 0 0 0 0 0 0 0 0 0 0 0
0 0 0 0 0 0 0 0 0 0 0 0 0 0 0 0 0 0 0 0 0 0 0 0 0 0 0 0 0 0 0 0 0 0 0 0 0 0 0 0 0 0 0 0 0 0 0 0 0 0 0 0 0 0 0 0 0 0 0 0 0 0 0 0 0 0 0 0 0 0 0 0 0 0 0 0 0 0 0 0 0 0 0 0 0 0 0 0 0 0 0 0 0 0 0 0 0 0 0 0 0 0 0 0 0 0 0 0 0 0 0 0 0 0 0 0 0 0 0 0 0 0 0 0 0 0 0 0 0 0 0 0 0 0
59 308 359 424 311 786 296 90 1518 776 1513 584 2 548 597 0 0 1 15 0 1670 3749 1874 82788 2833 0 0 41415 623 250 622 1820 0 611 48 15 22 38 59 16 377 13 32 0 302 0 105 0 0 0 558 159 0 543 4 82 2 6 4 11 12 38 39 0 89 362 19 281 1739 6268 9686 677 567 1969 136 2855 22226 23702 5034 25789 100 467 968 513 2047 2878 0 56 0 35 1443 59 7 32944 87367 0 0 0 144 0 1 0 0 73819 73286 75114 0 0 178 0 12 290 0 0 0 0 5 0 141 0 0 0 0 6 0 189 21 177 1589 159 285 613 0 137
0 0 0 0 0 0 0 0 0 0 0 0 0 0 0 0 0 0 0 0 0 0 0 0 0 0 0 0 0 0 0 0 0 0 0 0 0 0 0 0 0 0 0 0 0 0 0 0 0 0 0 0 0 0 0 0 0 0 0 0 0 0 0 0 0 0 0 0 0 0 0 0 0 0 0 0 0 0 0 0 0 0 0 0 0 0 0 0 0 0 0 0 0 0 0 0 0 0 0 0 0 0 0 0 0 0 0 0 0 0 0 0 0 0 0 0 0 0 0 0 0 0 0 0 0 0 0 0 0 0 0 0 0 0
8025 0 0 0 0 0 0 8 0 0 0 0 0 0 0 0 0 0 0 0 0 0 0 3408 817 0 0 177 100 36 99 499 9 99 13 4 7 33 3883 5 5970 10 27 5 369 0 1 0 0 0 7 1 19 7 0 24 0 0 0 0 2 0 8 1 4 2 4 41 1056 535 843 64 0 0 513 806 28 2 238 0 2 65 85 3406 575 151 0 1 0 5 31 4 0 64 0 0 0 0 1 0 0 0 0 5 7 0 0 0 0 0 0 0 0 0 0 0 0 0 0 0 0 0 0 0 0 4 0 0 0 1 0 1 0 0
0 0 0 3 1 4 0 18 0 0 0 0 0 0 0 14 1 0 0 0 0 0 0 0 56 31 52 0 28 9 28 44 0 28 1 0 0 0 0 0 0 4 0 0 1 0 0 0 0 0 0 0 0 0 0 0 0 0 0 0 0 0 1 0 1 0 0 7 62 6 6 5 0 0 25 55 6 0 6 0 1 16 7 49 41 0 0 0 0 0 8 0 0 42 0 0 0 0 281 0 0 0 0 8 8 7 0 0 0 0 0 0 4 0 1 0 0 2 1 0 0 0 0 0 0 0 0 1 0 2 0 3 0 0
0 0 0 0 0 0 0 0 0 0 0 0 0 0 0 0 0 0 0 0 0 0 0 0 0 0 0 0 0 0 0 0 0 0 0 1 0 0 1 0 0 0 1 0 3 7 0 0 0 0 0 0 0 0 27481 26647 27495 27514 27485 27465 27450 27078 27205 27441 26841 27039 27366 21126 75 0 0 0 0 0 0 85 42 154 60 0 0 0 0 0 0 0 0 0 0 0 0 0 0 0 0 0 0 0 0 0 0 0 0 0 0 0 0 0 0 0 0 0 0 0 0 0 0 0 0 0 0 0 0 0 0 0 0 0 0 0 0 0 0 0
0 0 0 0 0 0 0 0 0 0 0 0 0 0 0 0 0 0 0 0 0 0 0 0 0 0 0 0 0 0 0 0 0 0 0 0 0 0 0 0 0 0 0 0 0 0 0 0 0 0 0 0 0 0 0 0 0 0 0 0 0 0 0 0 0 0 0 0 0 0 0 0 0 0 0 0 0 0 0 0 0 0 0 0 0 0 0 0 0 0 0 0 0 0 0 0 0 0 0 0 0 0 0 0 0 0 0 0 0 0 0 0 0 0 0 0 0 0 0 0 0 0 0 0 0 61 0 0 0 0 0 0 0 0
0 0 0 0 0 0 0 0 0 0 0 0 0 0 0 0 0 0 0 0 0 0 0 0 0 0 0 0 0 0 0 0 0 0 0 0 0 0 0 0 0 0 0 0 0 0 0 0 0 0 0 0 0 0 0 0 0 0 0 0 0 0 0 0 0 0 0 2 1 0 0 0 0 0 0 0 0 0 0 121 0 0 255 0 0 560 4 0 0 18 0 0 8 0 0 0 0 0 0 0 0 0 0 1 1 0 0 0 0 0 0 0 0 0 0 0 0 0 0 0 0 0 0 0 0 0 0 0 0 0 0 0 0 0
0 0 0 0 0 0 0 6 0 0 0 0 0 0 0 0 0 0 0 0 0 0 0 0 0 0 0 0 0 0 0 0 8 0 0 0 0 0 0 0 0 6 0 0 0 0 0 0 0 7 0 0 0 0 0 0 0 0 0 0 0 0 0 0 0 0 0 0 0 0 0 0 0 0 0 0 0 0 0 0 0 0 0 0 0 0 0 0 0 150 0 8 0 1 0 0 0 0 0 0 0 0 0 0 0 0 0 0 0 1 0 0 0 0 0 0 0 0 0 0 0 0 0 2 3 12 5 0 0 0 0 0 0 0
0 0 0 0 0 0 0 255 0 0 0 0 0 0 0 0 0 0 0 0 0 0 0 0 0 0 0 0 0 0 0 0 318 0 0 0 0 0 0 0 0 236 0 0 0 0 1 0 0 0 1 0 0 0 0 0 0 0 0 0 0 0 0 0 0 0 0 0 0 0 0 0 0 0 0 0 0 0 0 0 0 0 0 5 32 0 223 111 0 67 3 298 3 0 0 0 0 0 0 0 0 0 0 0 0 0 0 0 0 0 0 0 0 0 0 0 0 0 0 0 0 0 0 0 0 0 0 0 0 0 0 0 0 0
0 0 0 0 0 0 0 2 0 0 0 0 0 0 0 0 0 0 0 0 0 0 0 0 0 0 0 0 0 0 0 0 0 0 0 0 0 0 0 0 0 0 0 0 0 0 0 0 2 0 0 0 0 0 0 0 0 0 0 0 0 0 0 0 0 0 0 0 0 0 0 0 3 0 0 2 0 0 0 0 0 2 0 3 0 5 276 1428 523 871 1 0 0 0 0 0 0 0 0 0 0 0 0 0 0 0 0 0 2 0 0 0 0 0 0 0 0 0 0 0 0 0 0 0 0 0 0 0 0 0 0 0 0 0
0 0 0 0 0 0 0 0 0 0 0 0 0 0 0 0 0 0 0 0 0 0 0 0 0 0 0 0 0 0 0 0 0 0 0 0 0 0 0 0 0 1 0 0 0 0 0 0 0 0 129 0 0 0 0 0 0 0 0 0 0 0 0 0 0 0 0 0 0 0 0 0 1 0 0 0 0 0 0 0 0 0 11793 1 0 155 35 343 92 102 0 0 0 0 0 0 0 0 0 0 0 0 0 0 0 0 0 0 0 0 0 0 0 0 0 0 0 0 0 0 0 0 0 0 0 0 0 0 0 0 0 0 0 0
0 0 0 0 0 0 0 0 0 0 0 0 0 0 0 0 0 0 0 0 0 0 0 0 0 0 0 0 0 0 0 0 0 0 0 0 0 0 0 0 0 0 0 0 0 0 0 0 2 0 0 0 0 2 0 1 0 0 0 0 0 1 0 0 1 1 1 13 0 0 0 0 4 0 0 2 0 0 0 0 0 0 2727 0 1649 5918 26 1302 538 983 1 0 46 0 0 0 0 0 1 0 0 0 0 1 1 0 0 0 0 0 0 0 0 0 0 0 0 0 0 0 0 0 0 0 0 0 0 0 0 0 0 0 0 1
0 32 20 107 53 116 86 0 248 83 169 60 0 22 68 0 0 35 35 0 0 0 0 0 540 0 0 0 3 0 3 0 0 0 1 0 0 0 0 0 0 0 0 0 18 0 0 0 0 0 0 0 0 72 0 10 9 7 0 3 9 9 0 9 9 30 9 9 0 0 0 0 18 0 0 0 243 1446 0 0 0 0 110 61 359 270 13 0 0 1 1 0 0 0 0 0 0 0 0 0 0 0 0 1 1 0 0 0 0 0 0 0 0 0 0 0 4 0 0 0 0 0 0 0 0 0 0 0 0 0 30 22 0 100
1 60 51 58 49 0 8 12 230 78 172 62 0 61 69 0 0 0 0 0 0 0 0 0 3793 0 0 0 7 43 14 2118 0 11 2 1 1 1 2 0 0 4 0 0 38 0 0 0 0 0 0 0 0 25 0 5 4 4 1 4 4 4 4 4 5 4 4 7 0 1 1 0 21 0 0 2749 5676 3 0 0 0 0 2 142 2470 0 0 0 0 0 6 0 0 14 0 0 0 0 0 0 0 0 0 1 1 0 0 0 0 0 0 0 0 0 0 1 10 0 0 0 0 0 0 0 0 70 0 35 0 0 82 100 10 107
0 0 0 498 319 454 0 285 1 1 0 21 0 0 22 1221 3489 12 12 0 0 0 0 0 337 0 0 0 38 0 38 202 0 0 320 174 260 297 0 0 0 0 0 0 3621 0 0 2 5 0 0 0 0 41 0 5 3 4 0 4 4 5 0 4 6 6 4 12 0 0 0 0 25 0 304 336 419 76 1396 0 0 18 36 39 235 78 7 1 1 1 13 0 0 430 0 0 0 0 0 0 0 0 0 2 3 0 0 0 11 0 0 0 0 0 0 0 1 0 0 0 0 0 0 0 0 0 0 0 55 0 17 51 0 5
117 0 0 0 0 0 0 0 0 0 0 0 0 0 0 0 0 0 0 0 0 0 0 0 0 0 0 0 0 0 0 0 0 0 0 318 188 408 17 50 0 0 0 0 641 3 0 0 1 0 4 0 0 0 0 0 0 0 0 0 0 0 0 0 0 0 0 0 0 0 0 0 1 0 0 7 4 8 1 0 0 0 0 0 0 0 0 9 1 0 5 0 0 0 0 0 2 0 0 0 0 0 0 0 0 0 0 0 0 0 0 31 0 0 23 0 0 0 0 0 0 0 0 0 765 1335 0 0 4431 3 334 483 555 56
0 0 0 0 0 0 0 0 0 0 0 0 0 0 0 0 0 0 0 0 0 0 0 0 0 0 0 0 0 0 0 0 0 0 0 0 0 0 0 0 0 0 0 0 54 0 0 0 0 0 0 0 0 0 0 0 0 0 0 0 0 0 0 0 0 0 0 0 0 0 0 0 0 0 0 0 0 0 0 0 0 0 0 0 0 0 0 0 0 0 0 0 0 0 0 0 0 0 0 0 0 0 0 0 0 0 0 0 0 0 0 0 0 0 1 0 0 0 0 0 0 0 0 0 19 45 0 0 0 0 3 33 16 0
0 0 0 0 0 0 0 0 0 0 0 0 0 0 0 0 0 0 0 0 0 0 0 0 0 0 0 0 0 0 0 0 0 0 0 31 0 37 0 4 0 0 0 0 690 0 0 0 115 0 3 0 0 0 0 0 0 0 0 0 0 0 0 0 0 0 0 0 0 0 0 0 0 0 0 1 0 0 0 0 0 0 0 0 0 0 0 1 0 0 1 0 0 0 0 4 10 0 0 0 0 0 0 0 0 0 0 0 0 0 0 15 0 0 0 0 0 0 0 0 0 0 0 0 247 443 0 11 0 9 64 753 260 37
71 0 0 0 0 0 0 0 0 0 0 0 0 0 0 0 0 0 0 0 0 0 0 0 0 0 0 0 1 0 1 0 0 0 0 5 0 0 0 0 0 0 0 0 168 0 0 0 59 0 1 0 0 0 0 0 0 0 0 0 0 0 0 0 0 0 0 0 0 0 0 0 0 0 0 0 0 0 0 0 0 0 0 0 0 0 0 0 0 0 0 0 0 0 0 0 1 0 0 0 0 0 0 0 0 0 0 0 0 0 0 0 0 0 11 0 0 0 0 0 0 0 0 0 283 513 0 0 2668 0 113 320 60 14
17969 0 0 0 0 0 0 0 0 0 0 0 0 0 0 0 0 0 0 0 0 0 0 0 0 0 0 0 637 0 637 281 0 490 0 39 9 224 0 0 13371 0 0 2 1483 0 0 1 0 0 0 0 0 4 0 21 0 0 0 0 2 10 7 1 14 2 4 143 620 15 8 496 352 0 0 1 2 0 1 0 0 279 0 0 0 0 0 1 0 0 171 0 10 0 0 0 0 0 0 0 0 0 0 5 6 0 0 0 0 0 0 6 0 0 0 0 0 0 0 0 0 0 0 0 0 0 0 0 386 605 148 424 274 14
30 0 0 0 0 0 12 6 0 0 0 3 1 1369 0 0 1 0 0 0 0 0 0 0 0 0 0 0 407 0 407 180 0 407 0 4 0 49 32 0 122 0 0 0 3 88 2 4 0 0 2 0 0 3 0 4 0 0 0 0 1 6 1 1 8 1 1 87 0 8 9 32 249 0 0 0 0 0 0 0 0 194 0 0 0 0 0 3 1 0 116 0 11 0 0 27 30 0 4 0 0 0 0 15 14 0 0 0 0 191 0 539 0 0 0 0 0 0 0 0 0 0 0 0 1474 1079 0 0 709 0 292 900 497 49
0 0 0 0 0 0 0 0 0 0 0 0 0 0 0 0 0 0 0 0 0 0 0 0 0 0 0 0 0 0 0 0 0 0 3 7 4 9 0 0 0 0 0 0 0 0 0 0 0 0 0 0 0 0 0 0 0 0 0 0 0 0 0 0 0 0 0 0 0 0 0 0 0 0 0 0 0 0 0 0 0 0 0 0 0 0 0 0 0 0 0 0 3 0 0 0 0 0 0 0 0 0 0 0 0 0 0 0 0 0 0 0 0 0 0 0 0 0 0 0 0 0 0 0 9 1 0 0 0 0 0 0 0 0
9 0 0 0 0 0 0 0 0 0 0 0 0 0 0 0 0 0 0 0 0 0 0 0 0 0 0 0 322 0 327 143 0 325 765 500 674 753 24 7 6 0 0 53 1312 11 0 0 0 0 0 0 0 1 0 5 0 0 0 0 1 5 1 0 7 1 1 70 0 4 1 0 172 0 0 0 1 0 0 0 0 0 0 0 0 0 0 1 0 0 88 0 1 0 0 7 7 0 0 0 0 0 0 1 1 0 0 0 0 0 0 0 0 0 0 0 0 0 0 0 0 0 0 0 1007 0 0 0 100 0 42 159 0 11
211 0 0 0 0 0 144 0 0 25784 0 8502 12175 4969 8721 5215 1189 2 2 0 0 0 0 0 0 0 0 0 199 0 199 88 0 185 1219 3434 2773 5732 858 2203 134 940 0 0 14251 137 0 2 35 0 4 0 0 2 0 3 0 0 0 0 0 3 1 0 4 0 0 43 0 3 2 0 108 0 0 38 23 56 6 0 0 69 0 0 0 0 0 54 6 1 79 0 8 7 0 85 88 0 2 0 0 0 0 2 2 0 0 0 0 0 0 0 0 0 0 0 0 0 0 0 0 0 0 0 1281 2372 0 9 237 146 202 506 482 178
34 0 0 0 0 0 5176 4 0 0 0 0 0 34 0 0 0 182 183 168 0 0 0 1 0 0 0 0 0 0 0 0 0 0 4 4 2 15 0 1074 36 0 1075 0 11 56 0 0 0 0 33 0 0 0 0 0 0 0 0 0 0 0 0 0 0 0 0 0 0 0 0 0 10 0 0 0 0 0 0 0 9 0 0 0 0 0 0 1 0 0 1 0 11 0 0 0 0 0 1 0 0 0 0 3 3 0 0 0 0 0 0 9109 1220 0 127 266 131 907 349 0 0 0 0 0 0 0 0 364 1332 843 529 1603 836 354
0 0 0 0 0 0 0 0 0 0 0 0 0 0 0 0 0 0 0 0 0 0 0 0 0 0 0 0 0 0 0 0 0 0 0 0 0 0 0 0 4 0 0 0 0 0 0 0 0 0 0 0 0 0 0 0 0 0 0 0 0 0 0 0 0 0 0 0 0 0 0 0 0 0 0 0 0 0 0 0 0 0 0 0 0 0 0 0 0 0 0 0 30 0 0 0 0 0 0 0 0 0 0 0 0 0 0 0 0 0 0 0 0 0 0 0 0 0 0 0 0 0 0 0 0 0 0 0 0 0 0 0 0 1
0 0 0 0 0 0 0 0 0 0 0 0 0 0 0 0 0 121 121 100 0 2 1 0 0 0 0 0 0 0 0 0 0 0 0 0 0 0 0 0 0 0 0 0 0 0 0 0 0 0 0 0 0 0 0 0 0 0 0 0 0 0 0 0 0 0 0 0 0 0 0 0 0 0 0 0 0 0 0 0 6 0 0 0 0 0 0 0 0 0 0 0 0 0 0 0 0 0 0 0 0 0 0 1 1 1 0 0 0 0 0 4263 518 0 8 93 44 36 0 0 0 0 0 0 0 0 0 122 413 255 168 525 267 127
10 22 6 1061 203 232 111 198 0 0 0 0 0 0 0 660 139 83 84 0 1 0 0 2 0 0 0 0 558 0 558 246 201 555 4 1 0 7 7800 0 4 152 2 43 12 258 0 45010 1032 0 0 561 117 27 0 25 20 18 0 19 21 28 21 20 32 21 20 135 0 10 8 348 580 0 0 6 14 0 18 0 0 210 0 0 0 0 0 4 0 2867 1590 145 494 665 0 0 0 0 4 0 0 0 0 31 40 3 700 0 0 0 0 235 0 0 575 20 56 124 0 0 0 0 0 0 0 0 0 41 678 338 278 629 1619 319
0 0 0 0 0 0 0 0 0 0 0 0 0 0 0 0 0 280 279 168 6 5 2 6 0 0 0 0 0 0 0 0 0 0 0 0 0 0 0 0 0 0 0 0 0 0 0 0 0 0 0 0 0 0 0 0 0 0 0 0 0 0 0 0 0 0 0 0 0 0 0 0 0 0 0 0 0 0 0 0 14 0 0 0 0 0 0 0 0 0 0 0 0 0 0 0 43 0 1 0 0 0 0 3 3 2 0 0 0 0 0 47 0 0 0 0 27 0 0 0 0 0 0 0 74 118 0 47 0 123 31 97 173 1
0 0 0 0 0 0 0 911 0 0 0 0 0 0 0 0 0 89 89 33 3 3 2 2 0 0 0 0 0 0 0 0 1388 0 0 1 0 0 1 0 0 1011 0 3 6 2 0 19 0 0 18 0 0 0 0 0 0 0 0 0 0 0 0 0 0 0 0 0 0 0 0 0 2688 0 0 2 3 0 0 0 4 0 0 1 0 0 0 0 2 3 7 1380 0 24 0 0 0 0 0 0 0 0 0 1 1 0 71 0 0 0 0 0 0 0 0 0 0 0 0 0 0 0 0 0 0 0 0 12 276 165 94 258 610 20
151 29 24 583 145 141 261 413 119 52 85 118 0 113 123 0 22 592 593 61 23 16 5 30 2016 0 0 42 158 63 162 941 284 134 164 185 166 277 342 1750 497 386 852 670 216 584 360 345 165 0 14680 351 117 59 347 369 373 373 119 355 373 371 372 373 372 386 373 328 332 14 20 0 1159 0 455 2009 215 1146 1990 0 42 69 262 232 1413 530 0 9 37 5754 98 59 329 1432 0 0 0 0 4 0 0 0 0 12 16 1 651 23 58 126 272 33 428 0 549 0 0 236 0 0 0 0 0 102 0 28 0 71 1225 29 122 240 1808 187
1 0 0 0 0 0 0 25 0 0 0 0 0 0 0 0 0 0 71 0 0 0 0 2 0 0 0 0 262 0 261 109 68 257 0 0 0 0 182 0 5162 59 0 0 1 74 254 2 0 0 0 0 2312 7 0 27 24 24 0 2 26 29 25 19 28 25 26 75 0 0 0 0 116 0 0 0 7 0 272 0 17 111 12 0 7 6 0 61 0 2 72 0 16 0 0 0 0 0 0 0 0 0 0 2 3 0 0 0 77 0 0 0 0 0 7518 0 0 0 0 0 0 0 0 0 0 20 0 0 0 0 2080 0 0 0
101 2 1 0 0 28 41 135 0 0 0 4 0 21 3 60 29 11 14 0 0 0 0 0 527 0 0 0 582 0 582 551 188 581 644 527 545 1001 471 788 264 234 836 139 6909 113 0 400 44 0 336 0 0 11 16 36 31 30 22 25 31 38 32 31 42 46 31 148 0 48 72 0 363 0 787 526 273 1082 413 0 0 106 65 72 366 91 0 3476 6 278 223 140 123 0 0 27 30 28 2 0 25 38 29 9 12 0 115 63 0 0 0 434 0 0 456 51 150 205 0 0 0 0 0 0 1493 2814 0 72 1130 288 69 564 1229 89
78 2 1 38 6 4 38 53 4 7 7 2 0 5 0 60 17 41 47 42 7 0 2 17 71 0 0 4 62 13 62 65 42 61 127 110 120 176 48 96 9 74 287 8 187 77 0 33 16 0 0 243 0 9 0 74 71 71 0 68 72 71 72 71 71 73 72 70 126 36 57 0 50 0 115 72 59 149 232 6 0 0 0 0 37 0 0 1121 28 0 163 27 59 0 0 58 72 0 2 0 4 0 0 2 2 0 0 0 216 0 0 0 0 0 30 0 44 0 0 0 0 0 0 0 3730 7610 0 0 2400 87 2106 1673 642 82
0 0 0 0 0 0 0 0 0 0 0 0 0 0 0 0 0 0 0 0 0 0 0 0 0 0 0 0 0 0 0 0 0 0 0 0 0 0 0 0 0 0 0 0 0 0 0 0 0 0 0 0 0 0 0 1 0 0 0 0 0 0 0 0 0 1 1 6 0 0 0 0 1 0 0 0 0 0 0 725 0 0 289 0 0 644 0 0 0 0 0 0 0 0 0 0 0 0 1 0 0 0 0 4 5 0 0 0 0 0 0 0 0 0 0 0 0 0 0 0 0 0 0 0 0 0 0 0 0 0 0 0 0 0
105 1596 1893 988 1970 3432 184 2381 4173 962 5140 732 13712 796 312 1807 111 2 3 0 9168 8104 4053 0 14 0 0 8296 5199 224 5199 2299 16 5195 19 23 18 16 34 11 66 38 7 37 20 0 7 1 1 0 85 0 26 51 0 198 46 45 41 50 47 123 64 0 135 60 73 1239 3383 11971 5167 5164 3201 24 0 21 22 12 97 9755 34 2608 30 16 45 460 138 6 364 1 1411 6 205 318 0 4 43 0 11 0 57 0 0 82 107 8 566 0 0 0 0 36 595 1762 182 0 25 0 2049 672 0 0 0 32 2114 4944 0 333 937 198 898 1357 1317 164
0 0 0 0 0 0 0 0 0 0 0 0 0 0 0 0 0 0 0 0 0 0 0 0 0 1 1 0 0 0 0 0 0 0 0 0 0 0 0 0 0 0 0 0 0 0 0 0 0 0 0 0 0 0 0 0 0 0 0 0 0 0 0 0 0 0 0 0 0 0 0 0 0 0 0 0 0 0 0 0 0 0 0 0 0 0 0 0 0 0 0 0 0 0 0 0 0 0 0 0 0 0 0 0 0 0 0 0 0 0 0 0 0 0 0 0 0 0 0 0 0 0 0 0 0 0 0 0 0 0 0 0 0 0
7 173 61 54 1 191 0 718 18 4 21 6 0 19 2 1047 2 4 4 0 0 34 7441 0 0 5723 5824 190 1 12 1 0 0 0 0 0 0 0 3 0 6 0 0 0 0 0 0 0 0 0 0 0 0 0 0 0 0 0 0 0 0 0 0 0 0 0 0 1 0 0 6 0 1 0 0 0 4 0 0 102 19 0 0 3175 3 3 1 0 9 0 0 0 0 0 0 0 0 0 0 0 0 0 0 1 1 0 0 0 0 0 0 0 0 0 0 0 0 0 2705 574 0 0 0 0 0 10 0 459 0 0 79 0 0 1825
14 197 204 345 276 675 23 89 349 55 224 107 514 222 79 138 56 0 0 0 106 47 24 0 4 0 0 0 0 0 0 0 0 0 17 29 12 12 6 0 9 0 0 0 0 0 0 1 1 0 0 0 0 0 0 0 0 0 0 0 0 0 0 0 0 10 0 0 0 1 1 0 0 0 0 6 6 722 0 0 0 0 0 0 0 0 1 0 0 0 0 0 13 0 0 0 0 0 0 0 0 0 0 0 0 0 0 0 0 0 0 3 0 0 0 0 0 0 0 0 0 0 0 0 28 59 0 0 10 3 6 5 6 72
1183 6868 7657 2129 11946 26957 452 1285 13133 1702 3817 3947 17052 8249 1512 4327 2832 2 3 0 65075 52282 26146 0 142 0 0 4672 41 271 40 88 0 36 394 658 347 329 706 0 808 3 16 1 3 0 364 429 317 0 278 0 131 13 0 11 4 4 0 5 0 6 0 0 0 6 6 27 0 1770 1194 43 214 189 0 141 747 15 121 2897 24 124 48 32 142 106 44 1 277 1 15 0 290 548 0 0 0 0 40206 0 0 0 0 23 34 7 10049 0 0 0 0 287 1296 1065 5465 6106 7959 331 2429 63 1 0 0 149 4934 5569 0 128 855 226 336 218 1083 241
1201 3 3 0 0 22 1 2 11 2 7 4 17 7 3 4 130 0 0 0 0 1268 634 0 11 0 0 26 0 0 0 0 0 0 0 0 0 2 578 0 893 0 3 0 0 0 0 1 1 0 0 0 0 7 0 2 0 0 0 0 0 1 0 0 0 2 1 15 0 2 3 0 2 169 0 11 470 1 5 18 0 0 3077 0 4 6712 33 0 25 2 2 0 7 22 0 0 0 0 25630 0 0 0 0 2 3 3 0 0 0 0 0 1 0 0 0 0 0 0 0 0 0 0 0 0 0 24 0 0 4 1 0 2 0 0
0 0 0 0 0 0 0 0 0 0 0 0 0 0 0 0 0 0 0 0 0 0 0 0 0 0 0 0 0 0 0 0 0 0 0 0 0 0 0 0 0 0 0 0 0 0 0 0 0 0 0 0 0 0 0 8 8 8 3 8 0 8 0 0 0 8 8 6 0 0 0 0 0 0 0 0 0 0 0 0 0 0 0 0 0 0 0 0 0 0 0 0 0 0 0 0 0 0 0 0 0 0 0 0 0 0 0 0 0 0 0 0 0 0 0 0 0 0 0 0 0 0 0 0 0 0 0 0 0 0 0 0 0 0
0 0 0 0 0 0 0 0 0 0 0 0 0 0 0 0 0 0 0 0 543 74 38 0 0 0 0 5 0 0 0 0 0 0 0 0 0 0 0 0 0 0 0 0 0 0 0 0 0 0 0 0 0 0 0 0 0 0 0 0 0 0 0 0 0 3 0 0 0 12 16 0 1 0 0 1 2 199 0 0 0 0 0 0 0 0 0 0 45 0 0 0 2 0 0 0 0 0 0 0 1 0 0 0 0 0 0 0 0 0 0 5 0 0 0 0 0 0 0 0 0 0 0 0 0 34 0 0 4 9 0 11 9 1
0 0 0 0 0 0 0 0 0 0 0 0 0 0 0 0 0 0 0 0 0 0 0 0 0 0 0 0 44 0 43 10 0 40 0 0 0 0 0 0 0 0 0 0 0 0 0 0 0 0 0 0 0 0 0 34 33 33 26 31 25 33 0 0 13 33 33 36 0 765 273 28 50 0 0 0 1 41 0 0 37 0 0 0 285 0 0 0 15 0 12 0 12 0 0 0 0 0 0 0 0 0 0 0 0 0 0 0 0 0 0 0 0 0 0 0 0 0 0 0 0 0 0 0 0 0 0 0 0 0 0 0 0 0
0 0 0 0 0 2 1 0 8 5 10 3 2 2 3 1 1 33 33 29 0 0 0 0 0 0 0 0 0 0 0 0 0 0 0 0 0 0 0 0 0 0 0 0 0 0 0 0 0 0 0 0 0 1 22 69 71 71 67 71 63 70 37 0 49 70 71 55 0 0 0 0 0 0 0 0 0 0 0 0 0 0 0 0 0 0 0 0 0 0 0 0 1 0 0 0 0 0 2 0 1 0 0 0 0 0 0 0 0 0 0 5 0 0 46 0 11 0 0 0 0 0 1 0 0 4 0 0 10 12 338 1 0 0
0 0 0 0 0 2 2 0 8 5 10 3 2 1 3 0 0 5 10 0 0 0 0 0 0 0 0 0 0 0 0 0 0 0 0 0 0 0 0 0 0 0 0 0 0 0 0 0 0 0 0 0 0 0 0 20 21 21 14 20 13 21 0 0 0 21 21 16 0 0 0 0 0 0 0 0 0 0 0 0 0 0 0 0 0 0 0 0 0 0 0 0 20 0 0 0 0 0 0 0 0 0 0 0 0 0 0 0 0 0 0 4 0 0 23 0 8 0 0 0 0 0 0 0 0 0 0 0 10 11 313 1 0 0
0 0 0 0 0 0 0 0 0 0 0 0 0 0 0 0 0 0 0 0 0 0 0 0 0 0 0 0 0 0 0 0 0 0 0 0 0 0 0 0 0 0 0 0 0 0 0 0 0 0 0 0 0 0 0 0 0 0 0 0 0 0 0 0 0 0 0 0 0 0 0 0 0 0 0 0 0 0 0 0 0 0 0 0 0 0 0 0 0 0 0 0 0 0 0 0 0 0 0 0 0 0 0 0 0 0 0 0 0 0 0 0 0 0 0 0 0 0 0 0 0 0 0 0 0 0 0 0 0 0 0 0 0 0
0 0 0 0 0 0 0 0 0 0 0 0 0 0 0 0 0 0 0 0 0 0 0 0 0 0 0 0 0 0 0 0 0 0 0 0 0 0 0 0 0 0 0 0 0 0 0 0 0 0 0 0 0 0 0 0 0 0 0 0 0 0 0 0 0 0 0 0 0 0 0 0 0 0 0 0 0 0 0 0 0 0 0 0 0 0 0 0 0 0 0 0 0 0 0 0 0 0 0 0 0 0 0 0 0 0 0 0 0 0 0 0 0 0 0 0 0 0 0 0 0 0 0 0 0 0 0 0 0 0 0 0 0 0
0 0 0 0 0 0 0 0 0 0 0 0 0 0 0 0 0 0 0 0 0 0 0 0 0 0 0 0 0 0 0 0 0 0 0 0 0 0 0 0 0 0 0 0 0 0 0 0 0 0 0 0 0 0 0 0 0 0 0 0 0 0 0 0 0 0 0 0 0 0 0 0 0 0 0 0 0 0 0 0 0 0 0 0 0 0 0 0 0 0 0 0 0 0 0 0 0 0 0 0 0 0 0 0 0 0 0 0 0 0 0 0 0 0 0 0 0 0 0 0 0 0 0 0 0 0 0 0 0 0 0 0 0 0
0 0 0 0 0 0 115 178 0 0 0 0 0 17 0 0 0 0 5 0 0 0 0 0 1289 0 0 231 1348 0 1344 1309 243 1315 113 123 89 125 0 651 29 187 237 520 2515 1113 37 5 1811 0 284 1662 0 367 0 2185 1572 1566 1369 1572 1589 1595 1672 1567 1591 1556 1659 1847 0 13715 22302 1156 3005 9903 35 1296 96 34 375 114 6767 661 5004 171 3892 104 202 56 143 0 567 232 72 0 0 0 0 0 10 0 0 0 0 26 24 0 0 0 0 0 0 0 0 0 0 0 0 0 0 0 0 0 0 0 0 0 0 0 168 2243 4 0 232 38
0 3567 1293 115 2578 20 1894 0 0 0 2 2 0 0 1 3210 0 67 68 0 24 0 0 24 0 0 0 0 166 0 166 72 0 153 0 0 0 0 0 0 1 0 0 0 1 0 0 0 0 0 4 0 0 0 0 4 0 0 0 0 0 0 0 0 4 0 1 37 0 0 0 98 236 0 0 0 0 0 0 0 3 80 0 0 0 0 0 0 0 0 45 0 0 0 0 0 3 0 0 0 0 2 1 1 1 0 0 0 0 0 0 22 0 0 33 0 0 0 0 0 0 0 0 0 36 28 0 0 41 821 17 15 200 5
0 21752 11302 4471 10346 586 11619 0 65 5 192 154 0 20 252 2194 1060 218 221 0 96 0 0 79 0 0 0 0 531 0 531 232 0 510 0 1 0 0 0 0 3 0 0 2 2 0 0 0 0 0 32 0 0 2 0 14 0 0 0 0 1 0 0 1 11 2 3 118 0 4721 0 469 743 0 0 0 1 0 0 0 11 256 0 0 0 0 0 0 0 0 143 0 0 0 0 0 16 0 2 0 0 21 17 3 4 0 51 0 0 0 0 105 0 0 110 0 1 0 0 0 0 0 0 0 119 134 0 0 167 940 61 51 621 27
32 476 1297 584 2084 95 2424 919 6423 6508 5217 2823 1591 2107 2526 1139 163 0 0 0 164 0 0 360 1273 0 0 1177 2994 1527 2994 2031 1126 2955 123 139 117 228 0 0 30 583 413 122 222 608 0 9 574 1628 6828 3283 2225 62 0 41 2 3 0 4 7 45 0 6 66 21 9 654 0 0 0 0 1849 0 137 1267 1436 768 4341 802 75 2228 1433 215 926 2933 1072 14 638 7 904 1123 320 821 0 36 319 104 25 168 0 453 266 30 39 0 801 0 0 0 0 219 0 0 164 0 123 693 0 9 0 0 0 366 2331 34 0 0 0 0 1049 1238 4330 412
0 0 0 0 0 0 0 0 0 0 0 0 0 0 0 0 0 141 141 0 0 44 40716 76 3 90180 90059 1462 0 0 0 0 0 0 0 0 0 0 0 0 0 0 0 0 0 0 0 0 0 0 0 0 0 0 0 0 0 0 0 0 0 0 0 0 0 0 0 0 0 0 0 0 0 0 0 0 87 0 0 0 4 0 0 40557 0 0 0 0 0 0 2 0 8 0 0 0 0 0 1 0 0 0 0 1 1 0 0 0 0 0 0 0 0 0 53 0 0 0 0 0 0 0 0 0 0 0 0 0 0 0 6 0 0 28
404 27 23 0 10 0 592 1160 37 15 129 64 46 74 66 171 54 716 730 0 400 226 111 596 310 0 0 27 659 80 660 463 1556 657 428 427 411 819 791 2061 402 1306 1681 848 1378 470 64 1063 956 1850 494 325 520 52 0 121 99 79 0 0 100 107 105 99 112 106 102 227 0 42 49 617 871 0 798 311 146 457 755 0 59 352 61 50 232 80 0 3390 501 430 2179 1497 1650 672 0 0 5 0 4 0 3 0 0 14 18 2 2270 14 23 0 0 0 213 0 2545 304 618 1389 470 0 0 0 0 0 159 235 0 37 265 198 217 246 1091 452
10 0 0 0 0 0 225 4406 0 0 0 0 0 2 0 3 0 3 3 0 0 0 0 0 3 0 0 0 186 0 186 84 1681 0 75 66 11 8 5 61 9 4135 71 721 1 17 10 2 4 0 2 0 0 1 0 2 0 0 0 0 0 3 1 0 4 1 0 40 0 3 2 0 143 0 0 4 4 0 3 3 1 84 1 10 2 7 1 18 11 18 2659 5297 224 0 0 0 0 0 0 0 0 0 0 1 1 0 0 1 0 0 0 0 0 0 0 0 0 0 0 0 0 0 0 0 0 0 0 0 60 0 51 22 91 43
0 0 0 0 0 0 0 717 5 0 2 2 0 0 2 2 0 35 36 0 0 0 0 0 2693 0 0 0 0 16 0 966 0 0 0 0 0 0 0 0 0 733 0 0 0 0 0 0 0 0 7 0 0 0 0 0 0 0 0 0 0 0 0 0 0 0 0 0 0 0 0 0 1 0 0 0 0 0 0 0 0 0 0 312 1848 0 0 3 2 0 6 906 0 0 0 0 0 0 0 0 0 0 0 1 1 0 2288 0 0 0 0 0 0 0 0 0 0 0 0 0 0 0 0 0 32 152 0 0 0 10 0 0 0 25
0 0 0 0 0 0 0 0 0 0 0 0 0 0 0 0 0 0 0 0 0 0 0 0 108 0 0 0 0 0 0 0 0 0 0 0 0 0 0 0 0 0 0 0 0 0 0 0 0 0 0 0 0 0 0 0 0 0 0 0 0 0 0 0 0 0 0 0 0 0 0 0 0 0 0 106 0 0 0 0 0 0 0 16 75 0 0 0 0 0 0 0 0 0 0 0 0 0 0 0 0 0 0 0 0 0 414 0 0 0 0 0 0 0 0 0 0 0 0 0 0 0 0 0 0 0 0 0 0 0 0 0 0 0
12 59 38 42 46 106 50 6 252 82 187 69 45 59 77 77 24 87 88 0 0 0 1 0 0 0 0 5 30 0 30 0 0 0 0 7 2 1 1 5 3 2 0 1 1 0 12 2 5 0 46 0 0 288 0 8 0 0 0 0 1 0 0 0 1 150 1 12 0 3 9 0 60 0 2 72 5300 0 26622 0 5 29 1 10 1 9 0 2 14 0 34 0 1 0 0 0 38 0 6 0 34 46 34 41 51 8 1389 0 0 0 0 0 0 0 0 0 12 162 0 0 0 0 0 0 0 0 0 44 229 10 160 84 202 140
0 16 54 2 5 7 0 304 45 26 51 53 0 1 55 7 3 0 0 0 1 0 0 0 3 0 0 9 60 8 60 22 405 0 0 0 0 0 0 0 0 305 0 0 0 0 0 0 0 0 0 0 0 8 0 21 20 15 0 0 21 21 20 21 22 21 21 29 0 1 0 0 34 0 0 2 24 0 0 0 0 28 0 0 0 1 0 2 19 0 20 150 6 43 0 0 0 0 0 0 0 0 0 1 2 0 8228 0 0 0 0 0 0 0 19 0 0 0 0 0 0 0 0 0 0 0 0 0 0 0 0 0 0 537
0 8 7 83 17 17 72 3721 32 11 25 8 0 10 9 44 0 26 62 0 1554 127 202 371 43 0 0 13954 47 3709 45 46 4575 50 1 1 0 1 123 0 1 3432 1 2 4 1 273 9 81 680 56 16 0 0 0 37 0 21 0 0 23 22 30 21 27 37 26 85 0 8 13 0 131 440 0 57 64 730 537 0 1258 1401 1446 86 91 1615 11875 689 2122 1381 725 4564 8516 667 0 326 316 0 19 0 0 0 0 81 77 105 6323 1 0 0 0 0 0 0 116 53 169 272 68 0 0 0 0 0 0 0 0 13 0 10 0 16 63 140
0 0 0 0 0 0 0 1 0 0 0 0 0 0 0 0 0 0 2 0 0 0 0 4 25 0 0 0 1 0 1 12 2 0 0 0 0 0 7 0 0 11 1 0 0 0 10 0 0 0 0 69 15 2 0 20 0 20 0 20 20 20 0 19 20 20 20 20 0 0 0 0 0 0 0 17 0 0 14 0 0 0 781 3 16 1695 139 70 40 6 23 3 4 10 0 0 0 0 0 0 0 0 0 1 1 0 0 0 0 0 0 0 0 0 0 0 0 0 0 0 0 0 0 0 0 0 0 0 0 0 0 0 0 0
0 0 0 0 0 0 1 1136 0 0 0 0 0 0 0 0 0 0 39 0 9 0 0 14 33 0 0 557 0 174 1 17 1389 0 1 4 2 5 0 0 0 900 0 0 1 0 0 2 1 0 0 0 130 3 0 34 27 33 0 33 34 33 12 33 33 33 34 31 0 0 0 0 10 0 0 25 3 0 0 0 1 0 286 14 0 659 1574 1078 367 39 61 1386 24 0 0 0 0 0 1 0 0 0 0 6 8 0 0 0 0 0 0 0 0 0 0 0 0 0 0 0 0 0 0 0 0 0 0 0 0 0 0 0 0 2
0 0 0 0 0 0 0 22 2 1 1 0 0 0 0 0 0 0 13 0 0 0 0 2 25 0 0 228 0 0 0 0 0 0 0 0 0 0 2 0 0 26 1 0 0 0 3 0 0 0 0 0 9 0 0 18 12 18 0 0 18 18 18 18 18 18 18 17 0 0 1 0 0 0 0 19 0 0 4 0 0 0 0 0 0 46 42 33 16 0 1 23 3 0 0 0 0 0 0 0 0 0 0 3 4 0 0 0 0 0 0 0 0 0 0 0 0 0 0 0 0 0 0 0 0 0 0 0 0 0 0 0 0 1
0 1 1 0 0 0 0 241 3 1 2 1 0 1 1 0 0 0 23 0 0 0 0 19 4 0 0 0 0 0 1 0 0 0 0 1 0 1 19 0 0 233 5 0 0 0 36 1 0 0 8 0 38 3 0 34 0 33 0 32 34 34 34 34 34 34 35 33 0 1 1 0 0 0 0 0 0 0 6 0 0 0 79 0 0 233 1302 990 1118 61 78 283 12 0 0 0 0 0 0 0 0 0 0 7 8 0 0 0 0 0 0 0 0 0 0 0 0 0 0 0 0 0 0 0 0 0 0 0 0 0 0 0 0 2
0 0 0 0 0 0 0 94 0 0 0 0 0 0 0 0 0 0 3 0 2 0 0 5 32 0 0 0 0 97 0 0 0 0 0 0 0 0 7 0 0 137 1 0 0 0 15 0 1 0 0 0 0 1 0 4 0 1 0 0 4 4 0 4 4 4 4 7 0 0 1 0 1 0 0 0 0 0 4 0 0 32 178 29 0 312 712 330 132 13 15 125 12 0 0 0 0 0 1 0 0 0 0 5 7 0 0 0 0 0 0 0 0 0 0 0 0 0 0 0 0 0 0 0 0 0 0 0 0 0 0 0 0 2
0 0 0 0 0 0 0 3416 1 0 1 0 0 0 0 1 0 0 42 0 79 0 6 7 2 0 0 144 0 0 0 0 4199 0 0 0 0 0 4 0 0 3168 1 0 0 0 14 1 1 0 0 0 10 0 0 4 0 4 0 0 4 4 4 4 4 4 4 6 0 0 1 0 1 0 0 2 3 0 0 0 0 0 0 0 0 0 527 431 257 0 33 4199 11 0 0 0 0 0 1 0 0 0 0 0 0 0 0 0 0 0 0 0 0 0 0 0 0 0 0 0 0 0 0 0 0 0 0 0 0 0 0 0 0 4
24 199 119 2174 333 268 2139 1529 280 112 1190 407 187 119 424 1131 223 745 842 172 457 158 97 44 0 0 0 0 0 0 0 0 1468 0 1726 1606 1822 526 92 0 2 1102 112 738 6 420 154 18 522 469 182 392 218 7 0 2 0 0 0 0 0 0 1 0 4 5 1 2 0 1522 2580 0 335 482 0 6 47 212 796 0 0 0 0 0 0 0 0 19 817 0 1200 1369 3102 1397 0 355 392 467 10 489 68 441 318 9 12 0 0 0 0 0 0 125 0 0 1431 32 102 99 0 0 0 0 0 0 1317 1761 0 192 753 46 273 327 853 738
112 0 0 0 0 0 0 0 0 0 0 0 0 0 0 0 0 0 0 0 0 0 0 0 0 0 0 0 0 0 0 0 0 0 0 0 0 0 0 0 0 0 0 0 0 0 0 0 5 0 0 0 0 0 0 0 0 0 0 0 0 0 0 0 0 0 0 0 0 0 0 0 30 0 0 0 0 0 0 0 0 0 0 0 0 0 0 0 2 27 7 0 0 0 0 0 0 0 0 0 0 0 0 0 0 0 0 0 0 0 0 0 0 0 0 0 0 0 0 0 0 0 0 0 0 7 0 0 4230 0 0 3 0 0
13 61 51 331 109 143 64 82 247 89 393 109 0 80 118 258 221 864 866 839 37 22 11 13 0 0 0 145 0 0 0 0 43 0 0 0 0 0 87 0 0 32 0 0 0 0 54 4 0 0 167 0 0 1 0 2 0 0 0 0 0 0 0 0 1 0 1 3 0 1 1 0 0 0 0 0 2 0 0 0 0 0 0 0 0 0 0 0 0 0 59 0 2601 54 520 2478 3132 3742 64 3907 47 4320 3642 562 561 556 3303 0 0 0 0 65 124 0 139 49 101 258 193 3349 0 0 0 0 232 353 0 229 147 15 90 411 258 551
0 0 0 0 0 0 0 1664 0 0 0 0 0 0 0 0 0 0 0 0 2 0 1 3 0 0 0 0 0 0 0 0 2068 0 0 0 0 0 0 0 0 1540 0 1 1 0 0 1 0 0 0 0 380 1 0 4 0 0 0 0 0 0 2 0 1 0 1 5 189 2 1 0 71 0 0 3 2 1 1 0 0 0 563 0 0 1209 66 0 544 0 4371 2010 529 8 0 0 0 0 0 0 0 0 0 1 1 0 0 0 0 0 0 0 0 0 139 39 10 75 0 329 0 0 0 0 0 0 0 0 0 0 667 1509 1401 140
0 0 0 0 0 0 0 0 0 0 0 0 0 0 0 0 0 0 3 0 0 0 0 0 0 0 0 0 0 0 0 0 0 0 0 0 0 0 0 0 0 0 0 0 0 0 0 0 0 0 0 0 0 0 0 0 0 0 0 0 0 0 0 0 0 0 0 0 0 0 0 0 0 0 0 0 0 0 0 0 0 0 0 0 0 0 0 0 0 0 0 0 0 0 0 0 0 0 0 0 0 0 0 1 1 0 0 0 0 0 0 0 0 0 0 0 0 0 0 0 0 0 0 0 0 0 0 0 4 0 7 31 3 8
69 104 132 702 156 0 11 7676 0 18 142 1117 660 47 346 394 84 0 0 0 14 0 2 16 70 0 0 0 6 18 13 43 9427 10 16 18 107 31 32 50 3 7021 53 13 85 10 0 72 0 0 30 0 0 5 0 19 19 19 12 18 19 19 19 19 19 19 19 18 0 18 29 0 44 0 0 0 142 48 0 0 0 0 0 0 0 0 0 51 113 0 261 0 522 66 0 53 40 0 5 281 4 52 23 2 2 0 0 2984 0 0 0 0 0 246 210 231 131 860 274 0 0 0 0 0 434 1049 0 0 2313 0 91 97 66 170
0 0 0 3 1 0 2 1 1 0 0 0 0 0 0 0 0 5 5 0 28 0 0 2 0 0 0 0 0 0 0 0 0 0 0 0 0 0 0 0 0 0 0 0 0 1 0 0 0 0 0 0 0 0 0 0 0 0 0 0 0 0 0 0 0 0 0 0 0 0 0 0 0 0 0 0 0 0 0 0 0 0 0 0 0 0 0 146 0 0 11 0 0 6 0 0 0 0 0 0 0 0 0 0 0 0 0 0 0 0 0 0 0 0 0 0 6 0 0 0 0 0 0 0 0 0 0 0 0 0 0 0 0 3
35 0 0 0 0 0 21 0 0 0 0 0 0 0 0 0 0 53 56 0 1 0 0 1 264 0 0 7 174 9 172 216 0 0 188 218 175 221 13 139 11 16 0 70 84 38 0 28 0 0 175 45 245 45 0 47 44 16 0 0 44 46 32 44 47 44 45 74 32 203 335 0 120 0 632 257 3 1 0 0 0 67 134 27 176 279 0 4 0 0 1024 0 0 0 0 7 17 0 1 0 0 12 3 2 2 0 0 87 28 0 0 232 99 0 442 54 140 281 0 476 0 0 0 38 1580 2460 227 0 898 361 129 44 107 40
35497 197 160 178 167 267 492 82 1386 498 1546 137 321 1614 627 357 57 1645 1644 0 127 228 114 3 113 0 0 1136 122 3499 121 117 53 121 153 140 155 355 17393 161 27215 69 453 12 460 4 607 505 127 70 1510 140 426 12 84 120 84 84 84 85 86 87 96 83 87 85 90 128 1698 18 6 99 189 229 2409 115 90 12 4 926 300 1809 229 5726 319 56 45 3033 0 14 700 39 116 51 0 0 0 0 10 0 0 1133 958 32 41 11 113 235 621 0 314 831 706 5 713 5 9 20 99 441 0 0 2 526 259 384 0 44 2009 970 1758 2292 3141 37
3 11 9 10 9 15 28 5 79 28 88 8 18 91 36 20 3 95 95 93 7 13 7 0 6 0 0 64 7 197 7 6 3 7 4 7 0 12 18 0 47 0 0 1 26 0 35 4 7 4 88 0 0 1 0 7 4 4 4 5 5 5 5 4 5 13 5 7 76 1 1 0 10 5 107 8 10 580 2 0 17 102 13 11 18 3 0 130 0 1 40 0 6 0 0 0 0 0 1 0 0 46 39 2 2 1 0 10 27 0 0 20 30 0 31 1 0 0 0 0 0 0 0 0 0 16 0 0 72 9 75 93 130 2
0 3 2 2 2 4 7 2 19 7 21 2 4 22 9 4 1 5 6 3 0 1 0 0 3 0 0 19 2 58 2 3 2 2 0 0 0 0 3 0 7 0 0 0 5 0 6 0 1 0 4 0 0 0 0 4 3 3 3 3 3 3 4 3 3 3 4 4 13 0 0 0 3 0 44 3 2 0 0 0 4 30 4 247 6 1 0 18 0 0 10 0 5 0 0 0 0 0 0 0 0 17 14 0 0 0 0 1 3 0 0 0 3 0 4 0 0 0 0 0 0 0 0 0 0 4 0 0 0 0 5 10 9 0
2 12 10 11 10 16 30 5 86 31 95 8 20 100 39 22 3 97 97 96 7 13 7 0 7 0 0 71 8 219 8 7 4 8 9 9 10 18 19 10 53 4 22 1 28 0 37 31 7 4 89 0 27 1 6 8 6 6 6 6 6 6 7 6 6 10 6 8 106 1 1 0 11 14 132 8 8 308 1 60 18 113 14 12 20 3 0 0 0 0 43 4 8 3 0 0 0 0 1 0 0 21 17 2 2 1 0 4 10 0 7 14 11 0 17 0 0 0 0 0 0 0 0 0 5 0 0 0 33 16 0 33 0 0
0 0 0 0 0 0 0 0 0 0 0 0 0 0 0 0 0 0 0 0 0 0 0 0 0 0 0 0 0 1 0 0 0 0 0 0 0 0 0 0 0 0 0 0 0 0 0 0 0 0 0 0 0 0 0 0 0 0 0 0 0 0 0 0 0 0 0 0 0 0 0 0 0 0 1 0 0 0 0 0 0 0 0 73 0 0 0 6 0 0 0 0 0 0 0 0 0 0 0 0 0 3 1 0 0 0 0 0 1 0 0 0 0 0 0 0 0 0 0 0 0 0 0 0 0 1 0 0 3 1 2 4 0 0
1 4 3 4 3 5 10 2 28 10 31 3 6 32 13 7 1 32 32 32 2 4 2 0 2 0 0 23 3 208 2 2 1 2 3 3 3 6 6 3 17 1 7 0 9 0 12 10 2 1 29 3 9 0 2 3 2 2 2 2 2 2 2 2 2 2 2 4 34 0 0 0 3 5 50 2 2 0 0 20 6 105 5 605 7 2 0 0 0 0 14 0 3 1 0 0 0 0 0 0 0 21 17 1 1 0 2 4 0 0 7 0 12 0 0 0 0 0 0 0 0 0 0 0 5 0 3 0 34 16 0 32 0 0
0 0 0 0 0 0 0 0 0 0 0 0 0 0 0 0 0 0 0 0 263 0 0 0 0 0 0 0 0 0 0 0 0 0 0 0 0 0 0 0 0 0 0 0 0 0 0 0 0 0 0 0 0 0 0 0 0 0 0 0 0 0 0 0 0 0 0 0 0 0 0 0 0 0 0 0 0 0 0 0 0 0 0 0 0 0 0 0 0 0 0 0 0 0 0 0 0 0 0 0 0 0 0 0 0 0 0 0 0 0 0 0 0 0 0 0 0 0 0 0 0 0 0 0 0 0 0 48 0 0 0 0 0 0
14 195 154 156 159 224 483 58 1276 423 1299 119 267 1849 534 304 42 511 511 180 35 84 42 1 84 0 0 323 11 1063 11 52 35 11 64 62 56 129 85 29 407 26 42 2 205 2 151 89 40 10 129 0 54 3 15 31 28 27 28 28 28 28 29 27 28 28 28 30 120 0 0 0 28 58 1315 83 63 0 2 108 92 537 70 66 131 33 0 58 0 2 204 0 112 0 0 0 0 0 0 0 0 0 0 9 12 3 0 3 0 0 0 122 16 0 10 0 0 0 0 0 0 0 0 0 65 242 0 0 18 28 65 62 31 10
20 234 184 187 190 269 580 75 1531 507 1559 143 321 1842 641 364 181 711 710 709 49 117 58 1 116 0 0 449 16 1478 16 72 48 16 91 88 87 183 118 64 567 43 131 3 285 2 209 160 56 14 179 0 133 4 28 42 38 38 38 39 39 38 40 38 38 38 40 41 180 0 0 0 39 87 1845 116 88 0 2 410 127 746 97 92 183 46 0 80 0 2 284 0 156 0 0 0 0 0 0 0 0 2297 0 12 16 5 0 18 57 0 0 917 83 0 53 1 0 0 0 432 0 0 3 1296 709 1273 0 21 151 328 347 338 178 47
0 0 0 0 0 0 0 0 0 0 0 0 0 0 0 0 0 0 0 0 0 0 0 0 0 0 0 150 0 0 0 0 0 0 0 0 0 0 0 0 0 0 0 0 0 0 0 0 0 0 0 0 0 0 0 0 0 0 0 0 0 0 0 0 0 0 0 1 0 0 0 0 0 0 0 0 0 0 0 0 0 0 0 0 0 10 0 0 0 0 0 0 0 0 0 0 0 0 0 0 0 0 0 0 0 0 0 0 0 0 0 0 0 0 0 0 0 0 0 0 0 0 0 0 0 0 0 0 0 0 0 0 0 0
0 0 0 0 0 0 0 0 0 0 0 0 0 0 0 0 0 0 0 0 0 0 0 0 0 0 0 164 0 0 0 0 0 0 0 0 0 0 0 0 0 0 0 0 0 0 0 0 0 0 0 0 0 0 0 0 0 0 0 0 0 0 0 0 0 0 0 2 0 0 0 0 0 0 0 0 0 0 0 0 0 0 0 0 0 10 0 0 0 0 0 0 0 0 0 0 0 0 0 0 0 0 0 0 0 0 0 0 0 0 0 0 0 0 0 0 0 0 0 0 0 0 0 0 0 0 0 0 0 0 0 0 0 0
0 0 0 0 0 0 0 0 0 0 0 0 0 0 0 0 0 0 0 0 0 0 0 0 9 0 0 98 17 0 17 12 0 17 7 7 7 14 1 7 41 1 17 0 22 0 0 0 1 0 63 6 22 1 0 5 0 0 0 0 0 1 2 0 1 0 1 7 234 2 0 15 20 0 185 9 7 0 0 0 0 9 0 2 6 10 73 1246 0 6 8 0 0 0 0 0 0 0 0 0 0 0 0 1 1 0 0 0 0 0 0 0 0 0 0 0 0 0 0 0 0 0 0 0 0 0 0 0 0 0 1 0 0 0
6 0 0 20 1 4 26 13 6 2 11 10 3 5 10 57 105 258 258 250 27 16 6 10 16 0 0 10 18 45 18 16 12 10 5 7 5 10 9 104 23 13 36 26 11 28 0 98 0 0 99 0 223 12 0 120 106 107 0 112 115 114 117 115 113 114 116 97 435 52 0 0 102 0 6 0 0 0 0 0 26 32 36 13 22 54 24 528 0 474 342 8 216 13 0 13 25 29 1 0 2 32 25 3 4 1 0 11 0 0 0 318 4 0 2291 40 66 0 0 0 0 0 2 1145 156 381 0 0 73 542 1691 1271 1404 192
42 22 11 6 0 0 1 377 0 0 105 0 0 0 0 0 0 127 127 122 464 35 18 112 12 0 0 0 1 0 1 6 468 0 0 0 0 0 1 0 415 350 1 4 0 11 2 2 2 0 2 0 11 0 0 0 0 0 0 0 0 0 0 0 0 0 0 0 1 0 2 0 1 0 0 11 0 0 3 0 7 0 0 2 8 0 13 2 5 3 4 0 24 0 0 0 0 0 0 0 352 0 0 1 2 1 0 0 534 0 43 0 0 0 3 0 0 39 0 0 0 0 1 0 0 26 0 201 1482 0 50 35 31 8
1 246 276 84 417 925 14 1180 487 300 197 139 0 280 0 179 44 11 11 0 4 2 1 20 101 0 0 0 0 68 6 59 1375 0 0 0 0 1 11 2 0 1029 7 47 0 68 24 16 18 0 0 23 0 1 4 5 4 4 4 4 4 4 5 4 5 5 4 5 13 0 3 6 10 0 1 100 3 12 53 0 13 38 18 25 81 5 37 44 43 19 24 1248 176 0 0 0 0 0 0 0 0 10 0 0 1 0 3 0 0 0 0 0 0 0 0 112 150 118 0 0 0 0 0 0 178 440 0 26 0 0 0 0 0 1
185 690 760 4242 1048 863 2407 3862 217 171 2228 841 3 459 865 3080 1413 3686 3685 3679 89 60 31 77 9434 0 0 78 24887 19777 24889 16271 3995 24884 7458 4203 6458 8002 3944 0 476 9005 1974 6868 228 15608 7975 2485 7978 0 5757 4019 5694 1167 11813 12833 12952 12942 11759 12947 12962 13102 12920 12970 13154 12815 12935 15298 2468 1375 1924 24072 15530 2937 1036 9320 10269 2089 9547 243 53508 21967 8443 5795 16714 6867 3806 2765 2671 275 7518 3724 4545 1987 396 181 2122 2535 92 2641 0 2926 2471 188 245 42 21 1570 395 0 1231 2355 0 290 44 576 620 2092 0 670 0 0 148 0 4604 5359 0 525 3338 2123 1723 3511 4908 66
194 1660 1182 4232 1075 884 4357 1752 214 172 3724 1035 1 380 1064 3287 1400 0 1 0 93 34 18 34 2303 0 0 10 7943 2948 7944 4796 1340 7937 257 214 222 347 3216 841 837 1862 1783 13090 85 21405 6448 3460 16320 0 2388 3406 1914 155 1365 2008 1961 1947 1251 1960 1968 2042 1976 1963 2073 1946 1967 3216 1762 767 1149 7577 9731 4971 542 2261 883 158 1230 75 1803 5360 1399 1017 3177 1383 2809 1011 1017 101 2552 1146 1459 1066 0 383 572 0 17 0 0 789 662 54 69 7 2740 0 76 0 0 4571 81 705 2344 672 909 2230 410 792 0 0 27 0 3495 3290 0 547 98 2314 1594 2764 4601 41
41 3 4 0 0 0 11 2784 1 1 2 1 0 3 7 0 0 58 58 0 2 5 3 3 58 0 0 13 60 13 60 59 3461 59 0 12 0 15 0 0 6 2635 52 0 25 0 0 0 75 0 75 0 88 14 0 4 0 0 0 0 0 0 1 0 0 4 1 15 149 0 0 0 72 42 81 14 29 226 105 26 15 39 13 17 52 25 0 12 0 60 303 3404 163 0 0 0 5 0 5 24 183 0 0 3 3 1 0 126 36 0 0 0 0 221 923 199 105 1656 501 194 0 0 0 0 228 724 0 0 1297 311 1047 630 526 148
28 3 4 48 7 4 45 308 2 1 9 1 0 2 1 108 30 1441 1440 1132 1 0 0 2 457 0 0 436 1026 832 1026 708 126 1025 26 26 25 43 59 4 33 295 94 0 58 0 51 313 7 0 319 73 79 68 0 535 534 534 0 254 535 540 536 510 525 531 536 649 281 25 24 722 530 0 10 454 1153 116 338 693 339 916 2828 243 499 5638 216 310 0 19 357 223 198 0 0 0 0 0 7 0 0 0 0 23 30 9 0 163 10 61 0 73 0 0 115 100 47 0 0 0 0 6 50 0 188 737 0 0 546 0 303 89 229 15
352 551 635 488 553 1669 448 810 3635 1784 4740 909 922 734 934 1113 409 274 274 272 0 0 0 1 3589 0 0 409 820 2988 820 2364 900 819 706 723 692 1119 1376 939 1855 969 2839 274 1670 402 2161 2686 1105 1551 1717 1289 983 181 0 1631 1659 1660 0 1659 1659 1647 1653 1635 1623 1637 1656 1487 623 86 127 363 671 46 5311 3557 4390 49 2801 605 530 1905 6724 1245 2723 10221 1007 2519 77 639 1267 0 550 706 0 268 432 515 20 537 121 594 492 25 32 5 1669 76 28 0 0 0 71 0 1024 109 273 783 0 0 0 0 4 0 703 1844 0 112 1075 509 782 921 1611 146
0 0 0 0 0 0 0 2 0 0 0 0 0 0 0 0 0 320 320 319 1 0 0 1 0 0 0 0 2 0 2 1 2 0 0 0 0 0 0 0 0 2 0 0 0 0 0 4 0 0 0 0 0 5 0 54 55 55 0 55 55 40 55 0 0 54 55 43 0 0 0 0 0 0 0 0 0 0 0 0 16 1 0 0 0 0 0 5 0 0 2 0 6 0 0 0 0 0 0 0 0 0 0 3 4 2 0 0 95 0 0 0 0 0 0 0 0 0 0 0 0 0 0 0 0 3 0 0 0 0 0 0 0 1
7 7 8 4 4 24 2 17 38 19 52 9 10 8 9 33 57 74 74 62 0 0 0 1 82 0 0 6 5810 31 5811 2608 0 5808 7 7 4 9 22 7 249 39 29 0 25 0 0 6 20 44 62 0 1 98 131 226 178 178 0 180 184 255 194 168 278 187 185 1368 51 81 56 5487 2966 0 114 83 108 39 86 0 48 2828 50 68 63 84 0 40 0 0 1579 0 61 0 0 0 0 0 1 0 0 0 0 17 23 3 0 35 0 0 0 0 0 0 257 0 1 0 0 5 0 0 1 0 21 105 0 0 27 0 12 22 23 13
0 0 0 0 0 0 0 0 0 0 0 0 0 0 0 0 0 0 0 0 0 0 0 0 0 0 0 0 0 0 0 0 0 0 0 0 0 0 3 0 1 0 1 0 0 0 0 0 0 2 0 0 0 66523 0 0 0 0 0 0 0 0 0 0 0 0 0 0 7 0 0 0 4 0 0 0 0 0 54 0 0 0 0 0 0 0 0 0 0 0 0 0 0 0 0 0 0 0 0 0 0 0 0 0 0 0 0 0 0 0 0 0 0 0 1 0 0 0 0 0 0 0 0 0 0 1 0 0 0 0 1 0 0 0
24 1 1 66 15 14 27 93 7 4 4 1 0 6 2 64 79 152 152 122 0 0 0 0 184 0 0 9 165 31 165 152 43 156 28 28 27 46 78 21 19 89 110 0 56 0 0 120 141 0 81 0 128 8 45 57 58 57 0 58 58 60 58 47 52 58 58 81 42 3 0 0 141 0 669 182 419 0 52 0 25 97 169 31 143 349 0 630 0 0 283 0 230 0 0 50 39 0 2 0 996 53 40 8 8 6 56 0 0 0 0 0 90 0 161 20 69 0 0 146 0 0 111 0 401 1426 0 121 0 0 1017 587 415 15
105 321 202 129 243 99 84 316 458 98 581 117 442 133 704 329 743 0 0 0 0 0 0 0 1527 0 0 38 772 920 772 1187 335 769 356 237 309 436 404 267 192 302 364 0 1693 110 502 902 363 97 681 396 697 76 0 520 0 485 0 510 528 529 525 500 510 525 527 573 72 122 192 336 540 0 2059 1506 847 264 544 0 503 838 530 398 1484 598 255 2232 0 214 553 0 452 45 0 38 93 122 3 98 82 95 44 45 46 40 202 316 2547 352 0 0 2752 2049 412 2784 2508 8301 0 0 0 0 19 0 378 2172 0 37 192 0 682 690 612 1
217 5 5 125 29 25 26 163 10 6 18 3 0 13 3 57 0 267 267 157 22 16 4 14 256 0 0 69 47 143 47 163 179 46 151 111 135 201 377 95 172 159 243 34 622 80 719 1705 520 984 702 92 671 11 0 15 0 3 0 6 8 8 10 8 9 13 9 21 296 121 199 0 308 62 689 254 216 305 350 86 102 106 104 79 256 160 727 4550 0 0 1316 130 311 0 0 123 90 105 4 109 117 27 0 7 9 3 805 1317 2227 0 0 0 138 1065 8313 0 27 0 629 0 0 0 0 0 6594 4274 0 1430 7335 549 2300 3818 1968 977
565 719 2135 1183 1520 5373 6830 620 0 4093 3564 152 1841 4219 2085 810 4330 1276 1276 1276 110 112 56 357 1096 0 0 6 1129 1422 1129 1111 246 1129 695 450 611 840 730 142 460 236 619 70 567 131 1008 2939 827 964 856 309 1228 35 9 50 37 39 0 40 41 54 43 35 58 55 41 273 10 98 147 1097 918 604 918 1088 845 967 1574 32 251 1273 213 405 813 145 1168 597 122 31 315 242 1115 898 37 408 558 667 17 695 60 765 624 21 27 8 1572 2590 13554 1767 4442 886 1107 68 707 383 399 1025 2601 111 0 28505 0 5024 2463 5192 0 622 1714 915 3559 2678 4444 666
134 4581 2116 743 2905 5320 67 285 12555 1614 150 3243 107 4770 3327 1862 445 732 732 731 13 8 4 27 58 0 0 298 133 507 133 91 199 133 1053 573 891 1147 452 21 53 153 38 12 647 7 807 479 352 37 970 278 422 21 73 82 76 76 73 77 77 77 78 73 75 87 78 94 296 195 318 131 221 308 259 63 45 842 956 539 72 325 246 155 60 170 493 3897 28 138 514 198 401 104 5 554 368 440 6 459 48 508 429 14 19 5 952 2138 2643 600 1106 518 0 2239 1688 24 42 635 667 357 0 0 0 1057 600 2690 0 401 1047 449 1046 1035 1349 83
19 0 0 0 0 0 17 0 0 0 0 0 0 3 0 0 0 2506 2505 2506 194 105 52 1608 0 0 0 0 201 0 201 89 0 201 42 51 100 72 13 87 33 10 63 57 66 42 1 0 1 1 479 0 206 1 0 7 0 0 0 1 1 4 3 0 4 1 2 45 169 115 150 199 115 2 0 1 2 1 0 0 125 98 0 0 0 0 0 339 14 13 142 0 1001 13 0 0 0 0 10 0 0 0 0 24 31 14 0 0 0 0 0 558 0 0 0 0 0 0 0 399 16643 3961 0 0 0 0 0 0 0 0 582 443 767 1686
175 11 9 398 97 86 62 481 47 24 33 10 0 41 11 149 283 0 0 0 329 71 37 66 570 0 0 82 92 91 92 342 528 91 254 221 244 360 485 174 459 422 532 99 1239 157 866 1150 510 0 328 377 2299 19 0 112 101 100 0 102 103 103 105 102 103 102 104 106 511 191 303 0 366 282 1789 403 424 60 183 150 60 99 56 91 451 92 365 8696 172 870 3437 508 763 0 0 183 252 298 3 311 384 52 0 5 6 1 0 3036 4673 1834 7953 3901 457 675 4506 342 5 819 1761 2615 0 0 424 0 2738 6393 395 587 5950 2945 4324 6135 11865 624
20 18 27 47 18 17 10 13 6 3 34 2 0 7 2 119 0 8 8 7 0 0 0 0 76 0 0 1 19 124 19 50 13 18 0 0 0 0 24 0 0 0 0 12 24 18 45 0 8 25 7 0 0 2 0 24 21 0 0 3 24 11 24 21 20 24 24 23 3 0 0 0 12 0 134 0 36 3 9 2 71 71 65 38 113 68 0 378 0 7 6 0 16 0 0 53 57 0 0 0 82 0 0 0 1 0 0 59 0 0 0 0 0 0 134 0 0 0 0 0 0 0 0 0 0 428 0 804 396 0 48 77 20 102
0 0 0 0 0 0 1 0 0 0 0 0 0 0 0 0 0 5 5 0 1 0 0 0 0 0 0 17 324 0 324 117 0 267 0 0 0 0 13 0 0 3 0 9 4 4 22 0 0 0 0 0 0 4 0 21 0 0 0 0 2 0 7 0 2 2 4 79 863 0 0 0 195 0 14 0 2 1 0 10 1 158 0 1 0 1 0 0 0 84 23 0 4 0 0 0 0 0 0 0 0 0 0 2 2 0 0 0 0 0 0 0 0 0 0 0 0 0 0 0 0 0 0 0 0 0 104 0 0 0 1220 1348 472 78
199 495 374 323 325 598 1056 1262 1681 486 2170 1313 670 785 1379 541 866 0 0 0 165 147 74 472 1320 0 0 15 2163 4225 2163 1688 1414 2161 957 899 936 1421 1022 2351 4967 1234 2221 473 2262 1165 1726 1061 625 10 821 1467 4315 109 296 515 482 483 200 486 489 509 496 488 520 485 491 853 1160 68 61 1635 1369 851 9672 1266 969 132 546 31 1269 3176 1285 649 1279 855 1534 26 723 432 1244 1348 3140 0 31 1285 1003 1198 24 0 224 1289 667 18 23 3 4257 2893 2833 626 2462 2582 984 1292 4112 526 970 1322 2270 3987 253 1257 984 0 6072 0 0 627 4766 2204 7980 587 8143 1394
2 2 1 0 0 0 7 0 6 4 3 1 0 4 0 17 20 0 0 0 0 0 0 0 2 0 0 2 40 2 40 19 0 40 2 2 0 4 5 30 6 2 0 0 22 0 0 0 0 0 10 0 41 18 0 28 0 18 0 20 23 17 24 19 19 22 23 29 286 6 5 42 33 0 20 3 11 0 10 0 1 20 1 0 3 3 0 105 0 26 75 2 195 17 0 5 7 19 0 42 0 5 0 1 1 1 136 0 0 0 0 41 421 0 93 59 33 0 0 0 0 0 2 0 0 21 0 0 8 0 1228 1047 787 5
9 0 0 0 0 0 3 0 0 0 0 0 0 0 0 0 0 0 0 0 63 63 31 53 10 0 0 18 18 7 18 11 7 0 0 4 5 0 0 0 0 0 0 0 8 0 0 30 0 0 26 0 0 2 0 2 1 0 0 0 2 0 2 0 0 2 2 6 0 0 0 18 19 0 0 4 5 0 13 33 6 13 4 3 12 5 0 0 0 5 0 0 26 0 0 0 0 0 0 0 2 0 0 1 1 0 0 0 2 0 0 0 0 0 169 0 0 16 0 0 0 0 21 0 0 1312 0 0 0 0 348 124 123 107
8 0 0 0 0 0 49 0 440 192 259 29 16 182 29 41 76 0 0 0 0 0 0 0 4 0 0 4 77 3 77 35 43 29 0 14 0 7 0 68 3 28 0 0 57 0 0 0 0 0 59 0 0 2 0 5 0 0 0 0 0 0 2 0 0 1 1 19 0 0 0 78 51 0 288 0 13 0 20 0 16 40 3 3 5 3 0 350 0 27 78 21 33 0 0 0 24 0 0 0 0 0 0 23 23 22 0 77 239 0 0 0 228 0 21 13 83 376 8 0 0 0 33 0 243 2322 0 851 156 0 1468 793 1302 234
0 0 0 0 0 0 2 0 8 3 6 2 0 3 2 0 0 16 16 0 0 0 0 1 3 0 0 8 2 4 2 0 0 0 0 0 0 0 0 0 3 0 0 0 2 0 0 0 0 0 0 0 0 1 0 3 0 0 0 0 3 3 3 0 0 3 3 3 0 0 0 0 0 0 0 3 3 0 8 13 4 3 4 2 4 4 0 0 0 0 0 0 5 0 0 0 0 1 0 1 8 0 0 0 0 0 0 0 12 0 0 0 0 0 3 0 0 0 0 0 0 0 0 0 0 0 0 0 0 0 0 0 0 2
2 0 0 0 0 0 1 0 2 1 0 0 0 1 0 0 0 1 1 0 0 0 0 0 11 0 0 0 2 0 2 0 0 0 0 0 0 0 0 0 0 0 0 0 8 0 0 0 0 0 5 0 0 0 0 2 0 0 0 0 1 0 1 0 0 1 1 2 3 0 0 0 2 0 0 8 4 0 12 0 0 1 0 1 7 0 0 0 0 0 0 0 5 0 0 0 0 0 0 0 6 0 0 0 0 0 0 0 27 0 0 0 0 0 3 0 14 0 0 0 0 0 0 0 0 0 0 0 0 0 562 0 70 34
5 4 15 0 0 0 1 0 0 0 6 7 4 4 6 0 0 3380 3379 2525 0 0 0 6 23 0 0 21 14 6 14 9 0 9 0 0 0 0 0 0 7 52 0 0 7 0 0 0 0 0 653 0 0 3 0 12 10 0 0 5 11 0 11 4 4 11 11 12 0 0 0 0 32 0 0 19 28 0 41 0 174 9 5 4 20 8 0 0 0 0 0 0 36 0 0 0 0 2 10 2 2 0 0 32 42 18 0 0 11 0 0 0 0 0 0 0 4 0 0 0 0 0 0 0 0 0 0 0 0 0 87 0 0 4
0 0 0 0 0 0 0 0 0 0 0 0 0 0 0 0 0 56 56 0 0 154 62 155 0 0 0 0 0 0 0 0 0 0 0 0 0 0 0 0 0 0 0 0 0 0 0 0 0 0 1 0 0 0 0 0 0 0 0 0 0 0 0 0 0 0 0 0 0 0 0 0 0 0 0 0 0 0 0 0 0 0 0 0 0 0 0 0 0 0 0 0 0 0 0 0 0 0 0 0 0 0 0 1 1 0 0 0 0 0 0 0 0 0 0 0 0 0 0 0 0 0 0 0 0 0 0 0 0 0 0 0 0 0
