145
0 39 75 0 0 683 0 829 0 2 6536 0 1 0 0 0 0 0 0 0 0 0 0 0 0 0 0 0 0 0 0 0 0 0 1353 135 25 134 96 0 4031 43 0 19 0 12 0 0 0 0 3 0 0 0 0 0 0 0 0 0 0 0 0 0 0 0 0 0 0 0 15 0 0 0 0 91 0 0 0 0 0 0 0 0 0 0 0 0 0 0 0 0 0 0 0 0 0 0 0 0 0 0 0 0 0 0 0 0 0 0 0 1 0 0 0 0 0 0 0 0 235 0 0 0 0 0 0 0 0 0 0 0 0 0 262 0 4 7 10 0 0 0 0 0 0
0 0 921 0 0 290 0 383 118 5 0 61 191 0 4 0 0 0 0 0 0 0 0 0 0 0 0 0 0 0 0 9 0 0 428 40 9 41 61 0 49 0 3974 23 0 0 0 0 0 0 6 0 54 0 0 0 0 0 0 0 0 0 0 0 0 0 0 0 0 0 5 0 0 0 9 150 9 0 0 0 0 0 0 0 0 0 0 0 1 0 0 982 0 0 0 0 0 0 0 0 0 0 0 0 0 0 0 0 0 0 0 0 0 0 0 0 0 0 0 0 307 0 0 0 0 0 0 0 0 0 0 0 0 0 406 0 78 19 0 0 0 0 0 0 0
0 0 0 0 0 286 0 495 1697 25 1880 1328 827 0 733 0 0 0 0 0 0 0 0 0 0 0 0 0 0 0 0 81 0 1 43 4 19 3 178 0 0 0 8329 49 0 2 1 0 1 0 1 0 0 0 0 0 0 1 0 1 1 0 0 2 1 1 1 2 1 0 11 510 0 139 82 371 82 0 0 0 0 0 0 0 0 0 0 0 218 0 0 2186 0 0 0 3 0 0 0 0 0 0 0 0 0 1 9108 0 0 0 0 0 0 0 0 0 0 0 0 0 1811 0 0 0 0 0 0 0 0 0 0 0 0 0 206 0 98 1 11 0 0 0 40 0 0
14 174 593 0 0 16 0 19 10 4 0 31 30 0 10 0 42 0 0 0 0 0 0 0 1 0 0 1 0 1 1 25 0 17 36 8 501 14 842 586 29 70 45633 13809 35 132 6 8 7 1 3 0 0 0 0 0 0 1 0 1 1 0 0 1 1 1 1 1 1 0 1348 5 0 874 26 2483 26 10 1 6 6 0 1 0 3 1 1 2 2 0 0 11947 2 3 0 9 0 0 7 1 0 0 0 0 0 4 79 0 0 0 0 3 0 0 0 0 1 0 0 0 50 0 0 0 0 0 0 0 0 0 0 0 0 0 0 0 173 0 0 0 0 0 0 0 0
3 9 22 0 0 0 0 0 0 0 0 0 0 0 0 0 7 0 0 0 0 0 0 0 0 0 0 0 0 0 0 193 0 0 67 14 937 27 36785 85 55 2 1837 18 66 0 0 0 0 0 1 0 0 0 0 0 0 2 0 2 3 1 0 5 2 3 3 4 1 0 5 4025 0 239 195 310 195 0 1 0 0 0 0 0 0 0 0 0 1651 0 0 469 0 0 0 5 0 0 0 0 0 2 0 0 0 4 2 0 0 0 0 3 0 0 0 0 0 0 0 0 0 0 0 0 0 0 0 0 0 0 0 0 0 0 0 0 47 0 0 0 0 0 0 0 0
0 0 0 0 0 0 0 0 13 3 0 35 27 0 0 0 15 0 0 0 0 0 0 0 0 0 0 0 0 0 0 201 0 0 73 775 389 16 27 0 26 57126 1470 6492 26 61 5 1 6 56 73 150 34 0 0 0 0 2 0 2 3 1 0 5 2 3 3 4 1 0 15 0 0 276 204 600 204 0 1 3 3 0 0 0 1 1 1 1 5 0 0 378 0 0 0 6 0 0 2 0 0 0 0 0 0 3 45982 0 0 0 0 3 0 0 0 51 0 0 0 0 99 0 0 0 0 0 0 0 0 0 0 0 0 0 162 241 8 46 65 0 0 16 94 212 0
0 0 1 0 3 1 0 1 1 0 0 0 0 0 0 0 2 0 0 0 0 0 0 0 1 0 0 1 0 1 1 33 0 2453 1 10 8 0 33 1 0 0 49 2 1 0 8620 625 1964 31 33 39 157 5 0 0 0 0 0 0 1 0 0 1 0 1 1 1 0 0 3 0 0 983 34 105 34 2242 3 0 0 0 11 0 4 2 2 3 3 1 0 8 4 48 0 1238 40 3 14 13 0 0 0 0 0 1 0 0 0 0 0 1 0 0 0 0 77 16 984 760 0 0 0 0 0 0 0 0 0 0 0 0 0 0 0 0 5 0 0 0 0 0 0 0 0
0 0 0 0 0 0 0 0 9214 2932 657 12907 14739 2810 12386 1 103 0 0 0 0 0 0 0 0 0 0 0 0 0 0 209 0 0 16 43 234 7 0 0 11 545 2 2909 16 5575 1 1 12 94 133 332 56 0 0 0 0 2 0 2 3 0 0 6 3 3 3 4 1 0 6 200 0 191 212 352 212 0 2 20 21 0 3 0 2 1 1 1 100 0 0 0 0 0 0 8 0 0 0 0 0 0 0 0 0 0 16287 0 0 0 0 0 0 0 0 0 0 0 0 0 236 0 13 0 0 0 0 0 0 0 0 0 0 0 362 379 157 103 166 0 0 53 208 474 0
0 0 0 0 0 0 0 0 0 0 0 3 21 11 0 0 1 0 0 0 0 0 0 0 0 0 0 0 0 0 0 411 0 0 66963 2 101 3 0 4 0 225 0 47 0 0 17 0 699 0 2 0 0 0 0 0 0 4 0 4 6 2 0 11 5 7 5 8 3 0 3 873 7 151 418 546 279 0 0 0 0 0 0 0 0 0 0 0 351 0 0 0 0 0 0 11 0 0 0 0 0 0 0 0 0 0 0 0 0 0 0 0 0 0 0 0 0 0 0 0 0 0 0 0 0 0 0 0 0 0 0 0 0 0 90 0 3 0 0 0 0 0 0 0 0
0 0 0 0 0 0 0 0 1 0 0 0 4 0 0 0 675 0 0 0 0 0 0 0 8 0 0 9 0 7 9 28 1 0 0 52867 7 0 0 0 0 3 0 2 0 0 4 1 0 9 1 24 3 0 0 0 0 0 0 0 0 0 0 1 0 0 0 1 0 0 0 462 1 0 28 18 28 0 5 0 0 0 3 0 13 0 5 0 194 0 2 0 2 3 0 1 2 0 1 3 0 0 0 0 0 0 4 0 0 0 0 0 0 0 0 0 0 0 0 0 68 0 0 0 0 0 0 0 0 0 0 1 0 0 6 23 17 0 0 0 0 2 5 10 0
0 0 0 0 0 0 0 0 0 0 0 0 6 12 0 0 4 0 0 0 0 0 0 0 0 0 0 0 0 0 0 3 0 0 0 0 1 0 0 0 0 0 0 0 0 0 0 0 0 0 0 0 0 0 0 0 0 0 0 0 0 0 0 0 0 0 0 0 0 0 0 3 5 2 3 3 3 0 0 0 0 0 0 0 0 0 0 0 1 0 0 0 0 0 0 0 0 0 0 0 0 0 0 0 0 0 0 0 0 0 0 0 0 0 0 0 0 0 0 0 1782 0 0 0 0 0 0 0 2 0 0 0 0 0 0 0 65 0 0 0 0 0 0 0 0
0 0 0 0 0 0 0 0 0 0 0 0 0 0 0 0 0 0 0 0 0 0 0 0 0 0 0 0 0 0 0 1 0 0 0 0 0 0 0 0 0 0 0 0 0 0 0 0 0 0 0 0 0 0 0 0 0 0 0 0 0 0 0 0 0 0 0 0 0 0 0 7 6 0 1 1 1 0 0 0 0 0 0 0 0 0 0 0 3 0 0 0 0 0 0 0 0 0 0 0 0 0 0 0 0 0 22 0 0 0 0 0 0 0 0 0 0 0 0 0 0 0 0 0 0 0 0 0 0 0 0 0 0 0 0 0 5 0 0 0 0 0 0 0 11
0 0 0 0 0 0 0 0 0 0 0 9 0 0 25 0 3 0 0 0 0 0 0 0 0 0 0 0 0 0 0 53 0 0 1 0 13 264 0 1 1 1 0 2 1 0 90 2 8379 5 0 0 1 0 0 0 0 1 0 1 1 0 0 1 1 1 1 0 0 0 0 964 627 70 56 47 56 33 0 0 0 0 0 0 0 0 0 0 393 0 0 0 0 81 0 0 0 0 2 0 0 0 0 0 0 0 1 0 0 0 0 0 0 0 0 0 0 0 0 0 1669 0 0 0 0 0 0 0 0 0 0 0 0 0 390 0 11 0 0 0 0 0 0 11 0
33 328 737 0 0 0 0 0 0 0 0 0 2 0 0 0 219 0 0 0 0 0 0 0 0 0 0 0 0 0 0 116 0 0 2 0 29 1 0 96032 0 95 0 39 0 2 0 0 1 0 1 2 0 0 1 0 1 1 1 1 2 1 0 3 1 2 2 2 1 0 8 1 2 119 118 313 118 4 0 0 0 0 0 0 0 0 0 0 0 0 0 0 0 37 0 3 0 0 2 0 0 0 0 0 0 0 0 0 0 0 0 0 0 0 0 0 0 0 0 0 4242 0 0 0 0 0 0 0 1 0 0 1 0 0 271 54 87 19 0 0 0 11 34 76 0
0 0 0 0 0 0 0 0 0 0 0 0 0 0 0 0 0 0 0 0 0 0 0 0 0 0 0 0 0 0 0 6 0 0 0 0 2 0 0 0 0 0 0 0 0 0 0 0 108 0 0 0 0 0 0 0 0 0 0 0 0 0 0 0 0 0 0 0 0 0 0 11 0 0 6 5 6 0 0 0 0 0 0 0 0 0 0 0 5 0 0 0 0 1 0 0 0 0 0 0 0 0 0 0 0 0 45 0 0 0 0 0 0 0 0 0 0 0 0 0 0 0 0 0 0 0 0 0 0 0 0 0 0 0 0 0 1 0 0 0 0 379 0 0 0
222 1 1 0 0 2 0 0 0 43 0 0 1 773 0 0 0 2 2 2 2 0 0 0 1 59 0 0 0 0 0 376 1246 502 18 5289 116 5 1 10 12 132 8 46 9 1348 1 3 22 134 16795 28 84 77 0 0 0 4 0 4 6 2 0 10 5 6 5 7 3 0 83 50 113 284 381 328 381 472 138 253 264 1 155 0 1 0 0 1 21 1 0 86 1 7 90 268 8 20 1171 1 0 0 0 0 0 0 2248 0 0 0 0 0 0 0 0 278 13 0 0 0 4 0 0 0 0 0 0 0 0 0 0 0 0 0 395 79 0 0 2 0 0 249 31 58 0
16 204 602 0 0 0 0 0 0 0 0 0 0 0 0 0 0 0 0 0 0 0 0 0 0 0 0 0 0 0 0 54 0 0 2 1 22 1 481 0 0 413 0 156 57441 1 0 1 3 0 4 10 0 0 0 0 0 0 0 1 1 1 0 2 1 1 1 2 1 0 33 10 26 170 90 906 90 3 0 0 0 0 0 0 0 0 0 0 0 0 0 0 0 0 0 0 1 0 0 0 0 1 0 0 0 2 1 0 0 0 0 2 0 0 0 0 2 5 0 0 0 0 0 0 0 0 0 0 0 0 0 0 0 0 23 0 0 0 0 0 0 73 103 0 0
0 0 0 0 0 0 0 0 0 5280 0 0 0 0 0 0 1 0 0 98 98 0 1 0 1 0 0 0 0 0 0 8 119 224 0 0 2 0 0 0 3 0 0 2 0 2 5 0 5 0 0 0 0 9191 0 0 0 0 0 0 0 0 0 0 0 0 0 0 0 0 0 53 92 0 8 0 8 0 4 0 1 0 2 2109 0 0 0 0 22 11 0 0 0 2 0 126 0 0 0 2 1092 0 0 0 0 0 0 0 0 0 0 0 0 0 0 0 0 0 0 0 0 0 0 0 0 0 0 0 0 0 0 0 0 0 0 0 0 0 0 0 0 0 0 0 0
1 0 1 0 0 0 0 0 218 0 0 1 2 0 1 0 3 4510 0 4608 4608 0 41 32 1627 0 1 2002 0 24002 1927 14 6469 8021 1 668 14 3 4 1 95 11 4 51 1 66 179 0 262 640 2293 580 104 55 0 0 0 1 0 0 0 0 0 1 0 0 0 1 0 0 0 98 172 0 15 0 15 6854 284 973 5294 21488 422 33261 2393 2019 28672 3687 1920 412 0 0 14 122 0 4372 0 15 6089 81 41077 0 0 0 0 1 0 0 0 0 3837 3849 3851 3851 0 0 0 100 0 0 243 0 0 0 0 26 0 0 0 0 0 0 0 0 52 0 26 0 52 0 0 255 205 128 0
0 0 0 0 0 0 0 0 0 132 0 0 0 0 0 0 0 0 0 0 0 0 0 0 0 0 0 0 0 0 0 0 0 0 0 21 0 0 0 0 0 0 0 0 0 0 1 0 3 0 52 0 0 230 0 0 0 0 0 0 0 0 0 0 0 0 0 0 0 0 0 3 5 0 0 0 0 0 1 3 15 41 1 292 0 0 0 0 1 0 0 0 0 0 0 0 0 0 0 0 0 0 0 0 0 0 0 0 0 0 0 0 0 0 0 0 0 0 0 0 0 0 0 0 0 0 0 0 0 0 0 0 0 0 0 0 0 0 0 0 0 0 0 0 0
0 0 0 0 0 0 0 0 0 0 0 0 0 0 0 0 0 0 0 0 0 0 0 0 0 0 0 0 0 0 0 0 0 0 0 0 0 0 0 0 0 0 0 0 0 0 0 0 0 0 0 0 0 0 0 0 0 0 0 0 0 0 0 0 0 0 0 0 0 0 0 0 0 0 0 0 0 0 0 0 0 0 0 0 0 0 0 0 0 0 0 0 0 0 0 0 0 0 0 0 0 0 0 0 0 0 0 0 0 0 0 0 0 0 0 0 0 0 0 0 0 0 0 0 0 0 0 0 0 0 0 0 0 0 0 0 0 0 0 0 0 0 0 0 0
0 0 0 0 0 0 0 0 13 24063 0 2 2 0 1 0 0 0 0 0 0 0 2640 2629 113 428 0 139 0 174 134 0 0 0 0 0 1 0 0 0 0 0 0 22 0 0 0 0 2 4 0 0 0 41873 19539 19798 17828 19542 11608 19571 19498 19670 19798 19249 19553 19461 19526 19418 19652 0 0 94 320 0 0 0 0 0 168 0 0 0 214 346 212 141 208 241 110 0 0 151 0 0 591 6 0 0 0 1 0 75277 49 52 0 1 222 0 0 0 33169 33158 33181 33183 19798 0 0 0 0 0 0 0 0 0 0 0 0 0 0 0 0 0 0 0 0 0 0 0 0 0 0 0 0 0 0
52 36 37 32 38 38 30 24 46 21 36 65 42 31 37 108 22 0 0 0 0 0 0 22024 172 0 0 210 0 68 202 34 0 1555 4 5 9 1 1 1 4 0 1 2 1 0 105 0 27 0 0 0 0 18 32 91 0 90 0 90 90 90 91 89 90 90 90 90 90 0 702 385 675 0 35 0 35 1078 168 29 6 405 0 2126 52 212 82 5573 249 929 0 0 3 17 0 789 0 2 0 152 0 0 0 0 0 0 0 0 0 0 0 0 0 0 91 0 0 0 0 0 0 0 0 341 0 72 0 0 0 0 0 0 0 0 47 0 27 16 36 0 0 0 0 0 0
0 0 0 0 0 0 0 0 0 0 0 0 0 0 0 0 0 8 0 9 9 0 0 0 5780 3991 58068 227 44075 2001 1236 69 16 4 2 0 17 0 0 2 1 1 1 2 1 0 2 0 2 0 0 0 0 0 678 741 179 732 0 733 730 736 741 722 732 729 731 728 736 0 4156 23 23 0 68 0 68 0 0 1 0 0 0 0 0 0 0 0 8 0 0 0 0 0 0 2 0 0 0 0 0 37 0 0 0 0 0 0 0 0 9585 9601 9608 9609 741 0 0 0 0 0 0 0 0 0 0 0 0 0 0 0 0 0 0 0 0 0 0 0 0 0 48 0 0 0 0
0 0 0 0 0 0 0 0 0 0 0 0 0 0 0 0 0 0 0 0 0 0 0 0 0 0 0 0 0 0 0 0 0 0 0 0 0 0 0 0 0 0 0 0 0 0 0 0 0 0 0 0 0 0 0 0 0 0 0 0 0 0 0 0 0 0 0 0 0 1059 0 0 0 0 0 0 0 0 0 0 0 0 0 0 0 0 0 0 0 0 0 0 0 0 0 0 0 0 0 0 0 0 0 0 0 0 0 0 0 0 0 0 0 0 0 0 0 0 0 0 0 0 0 0 0 0 0 0 0 0 0 0 0 0 15 0 0 0 0 0 0 0 0 0 0
0 0 0 0 0 0 0 0 0 1 0 0 2 0 0 0 17 0 0 0 0 0 0 0 0 0 0 0 0 0 0 0 0 0 0 0 0 0 0 0 0 0 0 0 0 0 0 0 0 0 2 0 0 6 0 0 0 0 0 0 0 0 0 0 0 0 0 0 0 0 0 0 0 0 0 0 0 0 0 20 22 43 139 0 0 0 0 0 0 0 0 0 0 0 0 0 0 14 0 3 0 0 0 0 0 0 0 0 0 0 0 0 0 0 0 0 0 0 0 0 0 0 0 0 311 0 0 0 0 0 0 0 0 0 6 0 0 0 0 0 0 0 0 0 0
0 0 0 0 0 0 0 0 0 0 0 0 0 0 0 0 2 0 0 0 0 0 0 0 0 0 0 0 0 0 0 0 0 0 0 0 0 0 0 0 0 0 0 0 0 0 0 0 0 0 0 0 0 0 0 0 0 0 0 0 0 0 0 0 0 0 0 0 0 0 0 0 0 0 0 0 0 0 0 0 0 0 0 0 0 0 0 0 0 0 0 0 0 0 0 0 0 0 0 0 0 0 0 0 0 0 0 0 0 0 0 0 0 0 0 0 0 0 0 0 0 0 0 0 0 0 0 0 0 0 0 0 0 0 2 0 0 0 4 0 0 0 0 0 0
0 0 0 0 0 0 0 0 0 0 0 0 0 0 0 0 0 0 0 0 0 0 0 0 472 0 0 0 0 0 559 0 0 0 0 0 0 0 0 0 0 0 0 0 0 0 0 0 0 0 0 0 0 0 0 0 0 0 0 0 0 0 0 0 0 0 0 0 0 0 0 0 0 0 0 0 0 0 146 299 198 7 0 0 0 0 0 0 0 0 0 46 0 0 0 5 0 0 0 2 0 0 0 0 0 0 0 0 0 0 0 0 0 0 0 0 0 0 0 0 0 0 0 0 0 83 0 0 0 0 0 0 0 0 0 0 0 0 0 0 0 0 0 0 0
0 0 0 0 0 0 0 0 0 0 0 0 0 0 0 0 1 0 0 0 0 0 0 0 0 1 0 0 0 0 0 0 0 0 0 0 0 0 0 0 0 0 0 0 0 0 0 0 0 0 0 0 0 0 0 0 0 0 0 0 0 0 0 0 0 0 0 0 0 0 0 0 0 0 0 0 0 0 1 1 0 0 2 0 80 0 0 0 0 0 0 0 0 0 1 0 0 0 0 0 0 0 0 0 0 0 0 0 0 0 0 0 0 0 0 0 0 2 0 0 0 0 0 0 0 0 0 0 0 0 0 0 0 0 0 0 0 0 0 0 0 0 0 0 0
0 0 0 0 0 0 0 0 0 0 0 0 0 0 0 0 6 0 0 0 0 0 0 0 0 1 0 0 0 0 0 0 0 0 0 0 0 0 0 0 0 0 0 0 0 0 0 0 0 0 0 0 0 0 0 0 0 0 0 0 0 0 0 0 0 0 0 0 0 0 0 0 0 0 0 0 0 0 0 9 2 0 13 0 0 0 0 0 0 0 0 0 0 0 0 0 0 0 0 0 0 0 0 0 0 0 0 0 0 0 0 0 0 0 0 0 0 0 0 0 0 0 0 0 0 0 0 0 0 0 0 0 0 0 0 0 0 0 0 0 0 0 0 0 0
0 0 0 0 0 0 0 0 192 0 0 0 2 0 0 0 17 0 0 0 0 0 0 0 0 1 0 0 0 0 0 2 0 0 0 0 0 0 0 0 0 0 0 0 0 1 0 0 0 0 0 0 0 4 0 0 0 0 0 0 0 0 0 0 0 0 0 0 0 0 3 13 24 0 2 0 0 0 48 27 82 0 164 0 0 0 0 0 1688 0 0 0 0 0 0 2 3 0 0 0 0 0 0 0 0 0 0 0 0 0 0 0 0 0 0 0 0 0 0 0 0 0 0 0 0 0 0 0 0 0 0 0 0 0 0 0 0 0 0 0 0 0 0 0 0
0 0 0 0 0 0 0 0 0 0 0 0 0 0 0 0 0 0 0 0 0 0 0 0 1 1 0 0 0 0 0 0 0 0 0 0 12 0 0 0 0 0 0 0 0 0 0 0 0 0 1 0 0 6 0 0 0 0 0 0 0 0 0 0 0 0 0 0 0 0 0 2 3 0 4 0 3 0 0 78 83 205 659 0 0 0 0 0 0 0 0 0 1 0 1 0 0 4 0 41 0 0 1 1 1 0 0 0 1 1 0 0 0 0 0 0 0 0 0 0 0 0 0 0 0 0 0 0 0 0 0 0 0 0 4 0 0 0 0 0 0 0 0 0 0
0 0 0 0 0 0 0 0 1 0 0 0 0 0 0 0 23 0 0 0 0 0 0 0 2 3 0 0 0 0 0 1 0 0 0 5 0 1 0 0 1 0 0 2 0 0 0 0 0 0 19 0 0 0 0 0 0 0 0 0 0 0 0 0 0 0 0 0 0 0 0 0 0 0 0 0 0 0 82 185 203 58 0 0 0 0 0 0 0 0 0 29 1 0 0 0 0 0 0 19 0 0 0 0 0 0 0 0 0 0 0 0 0 0 0 0 0 0 0 0 0 0 0 0 0 0 0 0 0 0 0 0 0 0 12 0 0 0 0 0 0 0 0 0 0
0 0 0 0 0 0 0 0 1 0 0 0 0 0 0 0 0 0 0 0 0 0 0 0 1 2 0 0 0 0 0 8 77 0 0 0 15 2 0 0 1 0 0 0 12 0 0 0 0 0 0 0 0 1 0 0 0 0 0 0 0 0 0 0 0 0 0 0 0 0 0 20 35 8 0 4 6 0 0 83 115 0 117 0 0 0 0 0 7 0 0 67 0 0 0 0 12 5 0 19 0 0 0 0 0 0 0 0 0 0 0 0 0 0 0 0 0 4 0 0 0 0 0 0 0 0 0 0 0 0 0 0 0 0 5 0 2 1 0 0 0 0 0 0 0
0 0 0 0 0 0 0 0 0 0 0 0 0 0 0 0 0 0 0 0 0 0 0 0 0 0 0 0 0 1 0 22 0 4 0 3 15 0 0 0 14 0 0 192 0 181 0 0 0 1 11 0 3 0 0 0 0 0 0 0 0 0 0 0 0 0 0 0 0 0 0 0 0 0 23 40 23 0 0 0 0 0 0 0 0 0 1 0 2 0 0 0 0 0 0 3 0 5 0 0 0 0 0 0 0 0 0 0 0 0 0 0 0 0 0 0 14 27 0 0 0 0 0 34 6 4 0 0 0 0 0 0 0 0 5 0 31 0 6 0 0 16 10 0 0
0 0 0 0 0 0 0 0 0 0 0 0 0 0 0 0 0 0 0 0 0 0 0 0 0 0 0 0 0 0 0 0 0 0 0 0 0 0 0 0 0 0 0 0 0 0 0 0 0 0 1 0 0 0 0 0 0 0 0 0 0 0 0 0 0 0 0 0 0 0 0 0 0 0 1 0 0 0 0 0 0 0 0 0 0 0 0 0 0 0 0 0 0 0 0 0 0 0 0 0 0 0 0 0 0 0 0 0 0 0 0 0 0 0 0 0 0 0 0 0 17 0 0 0 0 0 0 0 0 0 0 0 0 0 3 0 22 0 0 0 0 0 0 0 0
0 0 0 0 0 0 0 0 0 0 0 0 0 0 0 0 0 0 0 0 0 0 0 0 0 0 0 0 0 0 0 0 0 0 0 0 0 0 0 0 0 0 0 0 0 0 0 0 0 0 0 0 0 0 0 0 0 0 0 0 0 0 0 0 0 0 0 0 0 0 0 0 0 0 0 0 0 0 0 0 0 0 0 0 0 0 0 0 0 0 0 0 0 0 0 0 0 0 0 0 0 0 0 0 0 0 0 0 0 0 0 0 0 0 0 0 0 0 0 0 0 0 0 0 0 0 0 0 0 0 0 0 0 0 1 0 0 0 0 0 0 0 0 0 0
0 0 0 0 0 0 0 0 0 0 0 0 0 0 0 0 0 0 0 0 0 0 0 0 0 0 0 0 0 0 0 4 0 0 0 1 2 0 0 0 0 0 0 12 0 9 0 0 0 0 2 0 0 0 0 0 0 0 0 0 0 0 0 0 0 0 0 0 0 0 0 0 0 0 5 16 5 0 0 0 0 0 0 0 0 0 0 0 1 0 0 0 0 0 0 1 0 1 0 0 0 0 0 0 0 0 0 0 0 0 0 0 0 0 0 0 9 29 0 0 32 0 0 7 3 2 0 0 0 0 0 0 0 0 2 0 14 0 0 0 0 0 0 0 0
0 0 0 0 0 0 0 0 8639 3867 0 0 2727 335 0 0 0 0 0 0 0 0 0 0 0 0 0 0 0 0 0 99 1 0 8 7 75 813 0 0 2716 17 36 37 1720 1 0 0 0 0 1 0 1 0 0 0 0 1 0 1 1 1 0 2 1 2 1 2 1 0 48 15 18 48 101 0 99 0 0 0 0 0 5 0 0 0 0 0 3 0 0 45 0 0 0 3 0 0 0 0 0 0 0 0 0 0 0 0 0 0 0 0 0 0 0 0 0 8 0 0 1974 0 0 0 17 15 0 0 0 0 0 0 0 0 5 0 11 0 11 0 0 0 12 2 0
2078 12 48 0 0 7 0 29 0 1 0 2 0 0 1 0 311 0 0 0 0 0 0 0 0 1 0 0 0 6 0 68 0 0 471 235 1353 2048 55 0 2165 24 84 341 710 320 3 0 0 16 10 0 22 0 0 0 0 1 0 1 1 0 0 0 1 1 1 1 0 0 53 8 12 0 69 144 67 0 0 3 3 0 0 0 12 0 7 0 10 0 0 27 0 0 2 2 0 2 0 0 0 0 0 0 0 0 0 0 0 0 0 1 0 0 0 0 2 8 0 0 804 0 0 0 6 4 0 5 0 0 0 0 0 0 21 39 93 0 0 0 0 53 158 140 0
0 0 16 0 0 0 0 0 7 5 0 0 0 5 0 0 97 0 0 0 0 0 0 0 0 0 0 0 0 4 0 461 0 0 0 6 225 6 0 0 0 0 0 1487 344 1299 0 0 0 0 11 0 11 0 0 0 0 5 0 5 7 3 0 6 5 8 6 9 3 0 3 84 116 297 468 500 468 0 0 22 22 0 0 0 8 0 4 0 39 0 0 0 0 0 0 12 0 1 0 0 0 0 0 0 0 0 0 0 0 0 0 0 0 0 0 0 0 0 0 0 105 0 0 0 7 6 0 0 0 0 0 0 0 0 1 0 1 0 0 0 0 0 3 0 0
0 16 18 0 0 0 0 0 0 0 0 0 0 0 0 0 0 0 0 0 0 0 0 0 0 0 0 0 0 0 0 82 0 0 70 57 341 459 0 0 1283 0 0 245 571 0 0 0 0 18 6 0 0 0 0 0 0 1 0 1 1 0 0 0 1 1 1 2 1 0 1 1 2 0 84 129 84 0 0 0 0 0 0 1 0 0 0 0 1 0 0 12 0 0 0 2 0 0 0 3 0 0 0 0 0 0 0 0 0 0 0 0 0 0 0 0 0 1 0 0 425 0 0 0 0 0 0 0 0 0 0 0 0 0 2 0 4 0 0 0 0 0 6 3 0
231 0 0 0 0 0 0 0 545 325 11175 462 793 368 255 0 300 0 0 0 0 0 0 0 0 0 0 0 0 5 0 113 0 10 271 158 1143 2082 0 0 178 13 0 6742 189 508 15 0 12 186 33 172 134 0 0 0 0 1 0 1 2 1 0 0 1 2 2 2 1 0 15 37 42 148 115 542 115 0 0 10 159 0 0 0 11 0 6 0 21 0 0 219 1 1 0 12 1 29 0 0 0 0 1 0 0 0 4 0 0 0 0 0 1 1 0 0 15 84 0 0 3599 0 0 0 10 7 0 0 0 0 0 0 0 0 107 0 127 0 54 0 0 199 460 151 0
0 0 0 0 0 0 0 0 0 0 0 0 0 0 0 0 0 0 0 0 0 0 0 0 0 0 0 0 0 4 0 59 0 11 0 0 97 0 0 0 0 0 0 0 0 22 0 0 0 0 1 0 0 0 0 0 0 1 0 1 1 0 0 0 1 1 1 1 0 0 0 10 17 0 60 162 60 0 0 2 2 0 26 0 5 0 4 0 8 0 0 4 0 0 0 3 0 0 0 0 0 0 0 0 0 0 0 0 0 0 0 0 0 0 0 0 0 50 0 0 1075 0 0 0 0 7 0 0 0 0 26 0 0 0 23 20 26 0 0 0 0 49 350 63 0
34 1 2 0 0 0 0 0 7 6 0 0 0 5 0 0 0 0 0 0 0 0 0 0 0 0 0 0 0 2 0 6 0 0 20 12 71 122 0 0 0 0 0 65 0 63 0 0 0 0 3 0 6 0 0 0 0 0 0 0 0 0 0 0 0 0 0 0 0 0 0 0 0 0 6 16 6 0 0 0 0 0 0 0 3 0 2 0 2 0 0 0 0 0 1 0 0 1 0 0 0 0 0 0 0 0 0 0 0 0 0 0 0 0 0 0 4 58 0 0 627 0 0 0 10 6 0 0 0 0 0 0 0 0 19 0 27 0 0 0 0 0 108 2 0
0 0 0 0 0 0 0 0 0 0 0 0 0 0 0 0 0 0 0 0 0 0 0 0 0 0 0 0 0 0 0 0 0 0 0 0 95 0 0 0 0 648 0 0 0 0 0 0 0 0 0 0 0 0 0 0 0 0 0 0 0 0 0 0 0 0 0 0 0 0 0 1 0 0 0 0 0 0 0 0 0 0 0 0 0 0 0 0 0 0 0 0 0 0 0 0 0 0 0 0 0 0 0 0 0 0 0 0 0 0 0 0 0 0 0 0 0 0 0 0 0 0 0 0 0 0 0 0 0 0 0 0 0 0 1 3 4 0 0 0 0 0 0 0 0
13 8 0 0 1 0 0 0 0 0 0 2 0 4 0 0 334 0 0 0 0 0 0 0 0 118 0 0 0 0 0 119 2094 54 24 16 100 53 73 0 49 3 0 156 23 21 0 10999 175 367 153 0 569 16 0 18 30 19 0 19 19 15 18 6 19 20 19 20 19 0 0 298 527 1286 108 305 122 0 318 78 87 94 135 0 0 0 3 0 124 0 0 197 2277 1575 139 403 69 39 1806 35 0 0 0 0 0 1 0 0 0 0 0 0 0 0 14 0 0 78 0 0 0 0 0 364 0 9 0 0 0 0 0 0 0 0 152 140 61 9 83 0 0 194 350 1022 0
0 1 3 0 1 0 0 0 2 0 0 0 0 0 0 0 0 124 84 121 125 196 88 93 0 95 18 0 0 0 0 28 7 697 5 60 18 16 16 0 549 6 0 3 0 0 0 0 86 22 196 0 32 3 0 0 8 1 0 0 1 0 0 0 0 1 1 1 0 0 0 0 0 0 27 52 29 381 0 1 2 74 67 0 1 0 1 1 1 0 12 0 3 159 141 554 2 4 0 59 0 0 0 0 0 0 3 0 0 0 2 0 7 7 0 0 20 0 0 0 386 0 0 0 19 130 234 0 0 0 0 0 0 0 130 0 121 33 171 0 0 0 0 0 0
0 0 0 0 0 0 0 0 0 1 0 1 0 0 0 0 0 0 0 0 0 0 0 0 0 18 0 0 0 0 0 302 594 407 0 1 74 1 4 7 4 2 0 9 5 0 0 0 0 173 50 0 0 1 0 0 0 4 0 4 5 1 0 7 4 5 4 6 2 0 0 164 18 209 292 271 307 305 0 34 21 0 0 0 0 0 0 0 66 0 0 0 536 1112 20 1021 1159 506 388 2 0 0 0 129 153 0 0 0 0 0 36 34 36 36 0 0 0 0 0 0 0 0 0 0 0 0 0 0 0 0 0 0 0 0 0 0 26 0 0 0 0 0 0 0 0
0 2 449 0 0 0 0 0 6 0 0 0 0 0 0 0 33 275 0 286 291 0 370 374 13 4179 0 15 0 4 15 42 1232 102 0 625 56 64 16 0 88 0 0 4 34 64 0 0 0 0 1244 0 518 0 0 14 27 15 0 14 14 14 14 0 14 15 14 14 14 0 0 21 0 0 0 27 34 0 69 201 78 408 13 0 0 0 9 18 43 0 0 23 5288 1633 6266 414 206 53 1126 118 0 0 0 0 0 0 3110 0 0 0 0 0 0 0 0 0 0 0 0 0 0 0 0 0 0 0 0 0 0 0 0 0 0 0 100 0 0 0 0 0 0 10 17 304 0
0 0 0 0 0 0 0 0 0 0 0 0 0 0 0 0 0 11 0 0 15 3 2 4 0 0 0 0 0 0 0 0 0 8 0 0 0 0 0 0 0 0 0 0 0 0 0 0 0 0 0 0 0 0 0 0 0 0 0 0 0 0 0 0 0 0 0 0 0 0 0 0 0 0 0 0 0 0 0 0 0 0 0 0 0 0 0 0 0 0 0 0 0 0 0 0 0 0 0 0 0 0 0 0 0 0 0 0 0 0 0 0 0 0 0 0 0 86 0 0 0 0 0 16 0 0 0 0 0 0 0 0 0 0 0 0 0 0 0 0 0 3 0 0 0
56 53 39 9 71 0 0 0 5 0 0 0 1 0 0 0 0 75 0 60 77 42 20 24 0 88 0 0 0 10 0 565 251 564 141 162 661 1076 110 17 2381 55 0 360 760 33 145 102 32 1682 1867 0 8794 15 0 36 29 42 0 42 44 39 35 0 42 45 43 46 39 0 1480 45 69 0 561 565 575 0 1420 325 209 782 487 0 0 0 22 4 47 0 0 1256 1697 811 4 485 275 159 321 163 0 0 108 0 74 0 24 84 0 0 12 0 16 16 32 0 0 287 0 0 0 0 0 91 0 175 72 0 0 0 0 0 0 0 415 0 152 252 0 0 0 98 103 0 0
14 0 12 4 19 0 0 0 11 0 0 0 0 0 0 0 3 65 0 63 66 55 10 29 59 8 0 72 0 8 68 203 277 85 0 23 72 0 0 0 0 72 0 277 0 726 0 0 103 0 2204 0 0 8 0 12 14 15 0 14 15 12 12 0 15 16 15 11 14 0 0 2 3 0 213 178 216 0 119 0 0 0 222 0 0 0 0 0 37 0 0 100 0 13 0 163 63 80 0 63 0 31 140 46 125 0 46 133 0 0 0 0 0 0 7 0 0 0 0 0 0 0 0 0 0 151 0 0 0 0 0 0 0 0 802 0 191 497 0 0 0 672 340 0 0
0 0 0 0 0 0 0 0 0 0 0 0 0 0 0 0 0 0 0 0 0 0 0 0 0 0 0 0 0 13448 0 0 0 0 0 0 0 0 0 0 0 0 0 0 0 0 0 0 0 0 0 0 0 0 0 0 0 0 0 0 0 0 0 0 0 0 0 0 0 0 0 0 0 0 0 0 0 0 0 0 0 0 0 8124 0 0 16059 0 0 0 0 0 0 0 0 0 0 0 0 0 0 0 0 0 0 0 0 0 0 0 0 0 0 0 0 0 0 0 0 0 0 0 0 0 0 0 0 0 0 0 0 0 0 0 0 0 0 0 0 0 0 0 0 0 0
87 24 44 1 20 8 12 37 5 3 0 0 1 0 0 11 280 41 40 41 41 0 0 0 24 2 0 29 0 6 28 1 23 2 16 11 43 37 26 0 2120 25 5 61 15 23 85 71 39 55 27 186 89 9 0 2002 1916 1976 1954 1979 1756 1989 1435 1944 1835 1631 1955 1964 1348 302 0 0 0 0 1 0 0 0 224 13 19 0 294 11 24 28 7 24 48 22 0 163 24 3 4 10 76 73 21 128 0 1 245 1218 161 0 56 0 4253 466 78 79 78 78 2002 0 65 0 0 0 8 0 5292 0 0 0 0 80 630 0 0 0 10 0 152 0 214 84 23 0 0 243 267 206 0
0 0 0 0 0 0 0 0 0 0 0 0 0 0 0 0 0 0 0 0 0 0 0 0 0 0 0 0 0 0 0 0 0 0 0 0 0 0 0 0 0 0 0 0 0 0 0 0 0 0 0 0 0 0 0 0 0 0 0 0 0 0 0 0 0 0 0 0 0 0 0 0 0 0 0 0 0 0 0 0 0 0 0 0 0 0 0 0 1 0 0 0 0 0 0 0 0 0 0 0 0 0 0 0 0 0 0 0 0 0 0 0 0 0 0 0 0 0 0 0 0 0 0 0 0 0 0 0 0 0 0 0 0 0 0 0 0 0 0 0 0 0 0 0 0
504 715 42 19 171 47 66 315 0 1 0 0 0 0 0 1351 12 239 226 240 240 0 443 0 13495 27495 24061 232 1317 12516 1971 357 1 616 102 7 3 7 37 0 1642 34 6 26 1 9 0 0 89 0 1 0 0 4 0 0 0 0 0 0 0 0 0 0 0 0 0 0 0 0 0 0 0 0 0 0 0 0 79 28 32 0 143 27 89 39 51 72 30 0 0 50 0 41 1 0 17 459 0 37 0 63 13 0 1426 7 117 0 0 0 111 111 111 111 0 0 258 0 0 0 0 0 0 0 0 0 0 2116 265 0 0 0 0 0 165 0 0 15 0 100000 99952 0 0 0 940
0 0 0 0 0 0 0 0 0 0 0 0 0 0 0 0 83 0 0 0 0 0 0 0 0 0 0 0 0 0 0 0 0 0 0 0 0 0 0 0 0 0 0 0 0 0 0 0 0 0 0 0 0 0 0 0 0 0 0 0 0 0 0 0 0 0 0 0 0 0 0 0 0 0 0 0 0 0 0 0 0 0 0 0 0 0 0 0 0 0 0 0 0 0 0 0 0 0 0 0 0 0 0 0 0 0 0 0 122 0 0 0 0 0 0 0 1 0 0 0 1 0 0 0 0 0 0 0 0 0 0 0 0 0 4 0 2 2 0 0 0 0 0 0 0
5558 2001 3648 96 5268 2254 769 1037 30 5 0 1 8 0 1 1330 586 283 283 283 283 0 1774 1128 145 11 140 178 4 41 172 46 4096 1633 354 316 106 268 31 6 40 15 122 226 98 67 598 390 339 481 205 233 303 27 0 35 363 37 0 36 0 35 0 34 0 0 17 36 0 524 0 324 0 0 44 7 41 1488 947 2438 312 2331 2226 245 128 179 47 176 350 520 229 724 1001 83 20 1113 171 413 3901 437 0 0 0 0 0 26463 0 0 0 0 0 0 0 0 35 3683 379 0 0 296 406 6097 20507 1207 16428 21238 0 1695 168 0 1 0 85 204 611 406 171 298 132 0 0 332 149 692 0
0 0 0 0 0 0 0 0 0 0 0 0 0 0 0 0 0 0 0 0 0 0 0 0 0 0 0 0 0 0 0 0 0 0 0 0 0 0 0 0 0 0 0 0 0 0 0 0 0 0 0 0 0 0 0 0 0 0 0 0 0 0 0 0 0 0 0 0 0 0 0 0 0 0 0 0 0 0 0 0 0 0 0 0 0 0 0 0 0 0 0 0 0 0 0 0 0 0 0 0 0 0 0 0 0 0 0 0 0 0 0 0 0 0 0 0 0 0 0 0 0 0 0 0 0 0 0 0 0 0 0 0 0 0 0 0 0 0 0 0 0 0 0 0 0
0 0 0 0 0 0 0 0 0 0 0 0 0 0 0 0 0 0 0 0 0 0 0 0 0 0 0 0 0 0 0 0 0 0 0 0 0 0 0 0 0 0 0 0 0 0 0 0 0 0 0 0 0 0 0 217 207 214 179 214 0 215 0 204 74 0 195 213 0 0 0 0 0 0 0 0 0 0 0 0 0 0 0 0 0 0 0 0 0 0 0 0 0 0 0 0 0 0 0 0 0 0 0 0 0 0 0 0 0 0 0 0 0 0 217 0 0 0 0 0 0 0 0 0 0 0 0 0 0 0 0 0 0 0 0 0 0 0 0 0 0 0 0 0 0
4 1 0 0 0 0 25 0 0 0 0 0 0 0 0 0 0 1 1 1 1 0 0 0 0 0 0 0 0 0 0 0 3 25 0 0 0 0 0 0 0 0 0 0 0 0 0 0 0 0 0 0 0 0 0 0 0 0 0 0 0 0 0 0 0 0 0 0 0 0 0 0 0 0 0 0 0 0 0 5 0 0 0 30 0 0 0 0 6 41 0 0 3 4 0 14 0 0 0 12 0 0 0 0 0 0 1 6 0 0 44 44 44 44 0 0 16 0 0 0 81 0 0 0 1072 0 0 0 0 0 0 0 3 0 38 0 43 22 56 0 0 0 58 81 0
0 0 0 0 0 0 0 0 0 0 0 0 0 0 0 0 0 0 0 0 0 0 0 0 0 0 0 0 0 0 0 0 0 0 0 0 0 0 0 0 0 0 0 0 0 0 0 0 0 0 0 0 0 0 0 570 545 563 532 564 345 566 0 554 420 222 543 559 0 0 0 0 0 0 0 0 0 0 0 0 0 0 0 0 0 0 0 0 0 0 0 0 0 0 0 0 0 0 0 0 0 0 0 0 0 0 0 0 0 0 0 0 0 0 570 0 0 0 0 0 0 0 0 0 0 0 0 0 0 0 0 0 0 0 0 0 0 0 0 0 0 0 0 0 0
0 0 0 0 0 0 0 0 0 0 0 0 0 0 0 0 0 0 0 0 0 0 0 0 0 0 0 0 0 0 0 455 1 5 7 150 112 3 0 8 0 2 3 15 8 0 0 5 0 104 497 393 276 0 0 0 5 5 0 5 0 2 0 0 0 0 0 8 0 0 2916 6040 0 0 458 311 458 0 0 0 0 0 0 0 0 0 0 0 2541 17 0 0 0 0 0 16 167 354 2 0 0 776 320 2897 3181 14 884 2162 0 0 0 0 0 0 0 0 0 0 0 0 0 0 0 0 0 0 0 0 0 0 0 0 0 0 0 0 0 0 0 0 0 0 0 0 0
0 0 0 0 0 0 0 0 0 4 0 0 0 0 0 0 0 105 105 105 105 0 0 0 0 0 0 0 0 0 0 0 0 0 0 0 0 0 0 0 0 0 0 0 0 0 0 0 0 0 0 0 0 7 0 143 136 141 106 141 0 142 0 134 0 0 122 140 0 0 0 0 0 0 0 0 0 0 0 0 0 0 0 0 0 0 0 0 0 0 0 0 0 0 0 0 0 0 0 0 0 0 0 0 10 0 6 11 0 0 1176 1175 1176 1176 143 0 0 0 0 0 0 0 0 0 0 0 0 0 0 0 0 0 0 0 0 0 0 0 0 0 0 0 0 0 0
0 0 0 0 0 0 0 0 0 9 0 0 0 0 0 0 0 233 233 233 233 0 0 0 0 0 0 0 0 0 0 0 0 0 0 0 0 0 0 0 0 0 0 0 0 0 0 0 0 0 0 0 0 17 0 338 324 334 300 335 120 336 0 322 194 0 315 332 0 0 0 0 0 0 0 0 0 0 0 0 0 0 0 0 0 0 0 0 0 0 0 0 0 0 0 0 0 0 0 0 0 0 0 0 38 0 14 30 0 0 2533 2531 2533 2533 339 0 0 0 0 0 0 0 0 0 0 0 0 0 0 0 0 0 0 0 0 0 0 0 0 0 0 0 0 0 0
0 0 0 0 0 0 0 0 0 0 0 0 0 0 0 0 0 12 12 12 12 0 0 0 0 0 0 0 0 0 0 0 0 0 0 0 0 0 0 0 0 0 0 0 0 0 0 0 0 0 0 0 0 1 0 19 18 19 0 19 0 19 0 13 0 0 0 19 0 0 0 0 0 0 0 0 0 0 0 0 0 0 0 0 0 0 0 0 0 0 0 0 0 0 0 0 0 0 0 0 0 0 0 0 0 0 1 0 0 0 133 133 133 133 19 0 0 0 0 0 0 0 0 0 0 0 0 0 0 0 0 0 0 0 0 0 0 0 0 0 0 0 0 0 0
0 0 0 0 0 0 0 0 0 0 0 0 1 0 0 0 0 0 0 0 0 0 0 0 0 0 0 0 0 0 0 0 0 0 0 0 0 0 0 0 0 0 0 0 0 0 0 0 0 0 0 0 0 4 0 0 0 0 0 0 0 0 0 0 0 0 0 0 0 0 0 0 0 0 0 0 0 0 458 419 490 269 496 0 0 0 0 0 0 0 0 358 0 6 0 16 0 0 0 0 0 0 0 0 0 0 0 0 0 0 0 0 0 0 0 0 0 0 0 0 0 0 0 0 0 0 0 0 0 0 0 0 0 0 0 0 0 0 0 0 0 0 0 0 0
0 0 0 0 0 0 0 0 0 5 0 0 0 0 0 0 0 129 129 129 129 0 0 0 0 0 0 0 0 0 0 0 0 0 0 0 0 0 0 0 0 0 0 0 0 0 0 0 0 0 0 0 0 9 0 643 615 635 603 635 418 638 77 622 493 296 615 630 0 0 0 0 0 0 0 0 0 0 0 0 0 0 0 0 0 0 0 0 0 0 0 0 0 0 0 0 0 0 0 0 0 0 0 0 15 0 8 14 0 0 1307 1306 1307 1307 643 0 0 0 0 0 0 0 0 0 0 0 0 0 0 0 0 0 0 0 0 0 0 0 0 0 0 0 0 0 0
0 0 0 0 0 0 0 0 0 0 0 0 0 0 0 0 0 0 0 0 0 0 0 0 0 0 0 0 0 0 0 0 0 0 0 0 0 0 0 0 0 0 0 0 0 0 0 0 0 0 0 0 0 0 0 0 0 0 0 0 0 0 0 0 0 0 0 0 0 0 0 0 0 0 0 0 0 0 0 0 0 0 0 0 0 0 0 0 0 0 0 0 0 0 0 0 0 0 0 0 0 0 0 0 0 0 0 0 0 0 0 0 0 0 0 0 0 0 0 0 0 0 0 0 0 0 0 0 0 0 0 0 0 0 0 0 0 0 0 0 0 0 0 0 0
0 0 0 0 0 0 0 0 0 33 0 0 0 0 0 0 0 1332 1324 1339 1340 225 0 0 0 16 6 0 0 3 0 100 5 1180 1 19 31 1 0 0 0 0 0 35 1 1 42 8 175 246 81 0 267 57 4 5 9 7 3 7 7 7 6 0 7 8 7 8 7 0 0 13 20 0 100 89 96 938 0 5 7 0 0 0 0 0 0 0 15 0 0 10 56 636 26 683 377 5 6 67 0 0 0 0 0 0 1 0 0 0 0 0 0 0 6 0 0 0 0 0 0 0 0 0 0 0 0 0 0 0 0 0 0 0 0 0 0 0 0 0 0 80 0 81 0
495 156 0 0 0 31 154 0 0 0 0 0 0 0 0 0 0 0 0 0 0 0 0 0 0 0 0 0 0 0 0 0 0 0 23 6 0 1 0 0 0 0 0 0 0 0 0 0 0 0 7 0 0 0 105 182 177 183 0 184 182 171 183 0 183 181 183 182 181 0 0 0 0 0 0 0 0 0 0 0 0 0 0 0 0 0 0 0 1058 0 0 0 0 0 0 0 0 44 0 0 0 0 0 0 0 0 0 0 0 0 0 0 0 0 0 0 0 0 0 0 0 0 0 0 0 0 0 0 0 0 0 0 0 0 0 0 3 0 0 0 0 0 0 0 0
4161 3698 348 340 1177 2224 2503 823 0 0 0 0 0 0 0 0 0 0 0 0 0 0 0 0 0 0 0 0 0 0 0 0 0 0 308 285 5 27 0 0 0 0 0 0 0 0 0 0 0 215 68 0 0 0 4315 4402 4215 4347 4056 4353 4335 4351 4393 4280 4347 4325 4344 4321 4361 0 0 15727 0 3486 1 30 0 148 12 0 1 0 0 0 0 0 0 0 8823 0 0 0 0 0 3 0 0 334 24 0 0 0 0 0 0 1 3 0 0 0 0 1 0 0 4402 0 0 0 0 0 0 0 0 0 0 0 0 0 0 0 0 0 0 0 0 0 12 0 0 0 0 0 0 0 0
515 969 0 0 0 0 0 0 0 1883 0 16 0 0 3 0 0 1343 1323 1365 1366 538 449 475 19267 227 8 23729 1 779 22845 3439 1972 0 131 1273 1040 219 0 3 0 83 0 2137 99 1286 0 791 0 3677 4781 1960 2042 3388 381 402 420 440 279 438 450 421 402 144 442 456 446 464 425 1889 11409 10156 0 0 3481 3091 3492 0 6500 1633 1587 0 9947 544 2114 23844 927 1931 5721 1279 1008 5223 2 3314 337 563 199 140 2071 1563 19 819 131 928 290 13 1690 425 289 134 347 346 348 348 397 470 287 0 0 0 196 0 0 0 3270 7673 3605 0 0 0 0 0 0 0 3637 511 772 89 0 0 0 315 165 3990 0
0 0 0 0 0 0 0 0 0 0 0 0 0 0 0 0 0 0 0 0 0 0 0 0 0 0 0 0 0 0 0 0 891 287 0 0 0 0 0 0 0 0 0 0 0 0 0 0 0 44 23 0 0 0 0 0 333 10 0 3 2 1 0 0 2 3 2 1 1 0 0 0 0 0 0 39 0 0 0 0 0 0 0 0 0 0 0 0 0 0 0 0 0 0 0 7778 0 0 801 0 0 0 0 0 0 0 0 0 0 0 0 0 0 0 0 0 0 0 0 0 0 0 0 0 0 0 0 0 0 0 0 0 0 0 0 0 0 0 0 0 0 0 0 0 0
0 0 0 0 0 0 0 0 0 0 0 0 0 0 0 0 0 238 188 245 245 177 275 247 1 1 1 1 0 0 0 0 8 0 0 0 18 0 521 0 0 0 0 0 0 1 0 0 0 0 4 0 0 8 16 78 35 78 0 78 76 78 76 0 77 76 77 77 75 0 0 6 0 0 0 0 3 0 0 0 0 0 0 0 0 0 0 0 1 0 0 0 0 0 0 0 0 0 0 7 0 0 0 0 0 0 0 0 0 0 0 0 0 0 66 0 0 0 0 0 0 0 0 0 0 0 0 0 0 0 0 0 0 0 0 0 0 0 0 0 0 466 44 124 0
0 0 0 0 0 0 0 0 0 0 0 0 0 0 0 0 0 0 0 0 0 0 0 0 26 0 0 31 0 34 29 0 2 0 0 25 0 0 0 0 0 0 0 0 0 0 0 0 0 0 83 0 0 0 3 4 3 4 0 4 4 4 4 0 4 4 4 4 4 0 0 14 1 0 1 0 0 0 0 13 0 0 0 0 0 0 26 0 1222 0 0 0 11 0 0 23 0 261 0 7 0 0 0 0 0 0 0 0 0 0 0 0 0 0 4 0 0 0 0 0 0 0 0 0 0 0 0 0 0 0 0 0 0 0 0 0 2 0 0 0 0 0 0 0 0
137 92 79 0 70 1 0 22 42 4 0 1 0 0 0 0 0 632 0 846 846 258 0 401 283 79 90 348 5 90 335 1148 2090 5383 38 42 431 54 136 35 24 80 12 3535 55 111 834 0 0 1487 487 387 778 11 99 106 138 119 0 118 121 89 104 110 118 122 120 126 111 3294 0 22 0 847 827 1207 1162 0 45 110 136 1497 139 0 359 323 105 392 354 221 0 161 3387 1527 73 3324 0 1615 1992 565 0 0 129 0 0 0 56 17 0 0 67 68 67 67 0 3154 327 2 0 0 0 0 0 1135 1107 2923 323 0 196 0 0 0 0 0 243 0 86 66 0 0 0 43 108 337 0
0 1 2 0 0 0 0 0 7 0 0 0 0 0 0 0 0 0 0 0 0 0 0 7 8 450 0 0 0 2 0 191 0 168 42 59 179 183 2 10 53 4 76 262 21 4 0 356 166 0 117 0 0 9 0 12 0 15 0 15 16 8 12 16 15 16 15 0 14 0 40 4 0 0 144 183 194 0 0 349 389 0 0 0 0 0 0 0 0 0 0 8823 3040 159 694 305 630 211 5 305 0 0 0 0 0 0 0 0 0 0 0 0 0 0 0 46 0 0 0 0 11 0 0 0 0 0 0 0 0 0 0 0 0 0 185 0 0 0 0 0 0 21 15 0 0
0 0 0 0 0 0 0 0 0 0 0 0 0 0 0 0 0 0 0 0 0 0 0 0 0 0 0 0 0 0 0 0 0 0 0 0 0 0 0 0 0 0 0 0 0 0 0 0 0 0 0 0 14 0 0 0 0 0 0 0 0 0 0 0 0 0 0 0 0 0 0 0 0 0 1 0 0 0 0 0 0 0 0 0 0 0 0 0 0 0 50 0 0 0 0 3 0 0 0 10 0 0 0 0 0 0 0 0 0 0 0 0 0 0 0 2964 0 0 0 0 0 0 0 0 0 0 0 0 0 0 0 0 0 0 0 0 0 0 0 0 0 0 0 0 0
0 0 0 0 0 0 0 0 0 0 0 0 0 0 0 0 0 0 0 0 0 0 0 0 0 0 0 0 0 0 0 0 0 0 0 0 0 0 0 0 0 0 0 0 0 0 0 0 0 0 0 0 1 1 0 0 0 0 0 0 0 0 0 0 0 0 0 0 0 0 0 0 0 0 0 0 0 0 0 183 0 0 0 196 0 0 0 0 0 0 0 0 0 0 0 0 0 0 0 1 0 0 0 0 0 0 0 0 0 0 0 0 0 0 0 226 0 0 0 0 0 0 0 0 0 0 0 0 0 0 0 0 0 0 0 0 0 0 0 0 0 0 0 0 0
0 0 0 0 0 0 0 0 1 0 0 0 11 0 0 0 0 0 0 0 0 1 0 0 10 0 0 0 0 3 10 0 0 75 6 1 80 2 0 7 4 2 3 13 6 0 0 0 3 0 2 0 28 28 0 20 19 24 0 24 25 21 20 29 24 26 25 0 22 0 0 2 4 216 330 277 323 0 270 859 5107 0 2550 0 12 10 4 13 10 402 56 264 42 24 0 60 0 33 4 10 0 0 0 0 0 0 0 0 0 0 0 0 0 0 20 5707 0 0 0 0 0 0 0 0 0 0 0 0 0 0 0 0 0 0 0 0 0 0 0 0 0 90 0 0 0
0 0 1 0 0 0 0 0 0 0 0 0 11 0 0 0 0 0 0 0 0 0 6 29 265 0 0 297 0 0 0 0 6 0 9 17 30 247 0 0 25 3 17 0 9 0 0 0 20 0 39 0 0 31 0 4 0 5 0 5 5 3 4 6 5 5 5 0 4 0 4 3 0 0 10 18 8 0 1240 3129 9439 0 0 0 0 0 0 0 0 0 0 1113 895 161 451 0 208 103 0 129 0 0 0 0 0 0 0 0 0 0 0 0 0 0 2 534 0 0 0 0 0 0 0 0 0 0 0 0 0 0 0 0 0 0 0 0 0 0 0 0 0 4 20 180 0
0 0 0 0 0 0 0 0 7 0 0 0 7 0 0 0 75 0 0 0 3 0 0 160 53 2997 0 65 0 18 62 10 669 529 0 8 2 0 0 0 0 0 0 2 0 0 4 13 40 129 190 544 774 0 0 0 0 2 0 1 1 0 0 2 1 1 1 1 1 798 6 15 26 0 10 28 10 584 1296 125 0 3 1972 0 75 0 0 0 49 1363 0 840 1 22277 4526 415 9802 9590 642 0 5 28 100 82 95 0 22 0 72 53 0 57 212 225 0 7761 532 2 0 0 0 0 0 0 0 0 0 0 173 0 0 0 0 0 12 0 0 0 0 0 0 0 4 45 0
0 0 0 0 0 0 0 0 45 0 0 0 1 0 0 0 1 0 0 0 0 0 0 0 0 95 0 0 0 37 0 97 287 8 0 1 24 1 5 0 0 0 0 0 0 0 0 0 5 11 43 20 164 30 0 1 0 3 0 2 2 1 1 3 2 3 2 2 2 0 74 11 19 0 99 88 75 0 318 20 26 0 302 0 0 0 43 0 130 26531 0 17 1292 1744 2 70 66 71 267 877 0 0 0 0 0 0 0 0 0 0 0 0 0 0 0 0 0 0 0 0 0 0 0 0 0 0 0 0 0 0 0 0 0 0 1 0 0 0 0 0 0 0 0 0 0
0 0 0 0 0 0 0 0 43 5 0 0 1 0 0 0 2 0 0 0 0 0 0 0 871 321 0 487 0 40 1033 87 250 19 2 2 22 1 5 2 1 1 1 5 2 0 2 13 13 21 67 161 404 29 0 0 0 3 0 2 2 1 0 3 2 2 2 2 1 0 71 10 17 0 88 76 57 0 648 11 16 0 104 150 168 0 48 0 137 0 0 423 1666 428 440 91 162 58 0 789 0 0 3 0 0 0 0 0 0 0 0 0 1 1 0 0 0 0 0 0 0 0 0 0 0 0 0 0 0 0 0 0 0 0 3 0 0 0 0 0 0 0 0 0 0
0 0 0 0 0 0 0 0 2 0 0 0 0 0 0 0 0 0 0 0 0 0 0 0 0 7 0 0 0 1345 0 15 2 0 0 0 4 0 0 0 0 0 0 0 0 0 0 0 0 0 3 0 8 0 0 0 0 0 0 0 0 0 0 0 0 0 0 0 0 0 9 2 2 0 16 13 0 0 1 1 2 0 26 199 0 0 0 0 1 0 0 0 123 36 0 1 4 0 0 53 0 0 122 0 0 0 0 0 0 0 0 0 0 0 0 0 0 0 0 0 0 0 0 0 0 0 0 0 0 0 0 0 0 0 0 0 0 0 0 0 0 0 0 0 0
0 0 0 0 0 0 0 0 95 9 0 0 1 0 0 0 2 0 0 0 0 0 0 0 0 409 0 0 0 65 0 135 38 3 2 1 33 1 3 3 2 1 0 6 2 0 2 0 5 0 38 0 74 52 0 0 0 5 0 3 3 1 0 4 2 3 3 3 1 0 120 17 28 0 137 128 112 0 297 41 61 0 202 2050 272 0 78 0 225 0 730 12 1646 5400 559 58 51 81 29 1974 0 7 32 21 0 0 0 0 10 0 3 3 3 3 0 0 1 0 0 0 0 0 0 0 0 0 0 0 0 0 0 0 0 0 2 0 0 0 0 0 0 0 0 0 0
0 0 0 0 0 0 0 0 0 0 0 0 0 0 0 0 0 0 0 0 0 0 0 0 2 78 0 2 0 1 0 0 0 0 0 0 0 0 0 0 0 0 0 0 0 0 0 0 0 0 8 0 0 3 0 0 0 0 0 0 0 0 0 0 0 0 0 0 0 279 0 0 0 0 1 0 0 0 79 4 4 0 288 0 0 0 0 0 0 0 0 0 610 0 70 16 23 7 0 50 0 88 0 414 482 0 0 0 345 251 0 0 0 0 0 0 0 0 0 0 0 0 0 0 0 0 0 0 0 0 0 0 0 0 1 0 0 0 0 0 0 0 0 0 0
0 0 0 0 0 0 0 0 635 0 0 0 7 0 0 0 64 0 0 2 2 1227 0 254 3815 583 0 4699 0 1438 4524 4 548 417 0 5 2 0 0 0 0 0 0 1 0 0 9 9 23 229 115 191 363 11 0 14 9 18 0 16 15 0 14 0 15 16 15 14 15 0 4 15 13 0 7 22 7 0 1185 5 58 0 2049 0 0 4337 1562 2992 4758 0 0 400 2837 4283 879 0 1149 3803 522 2567 4 93 179 582 164 0 27 0 146 90 121 103 124 124 12 1068 48 0 0 0 0 0 0 0 0 0 0 0 0 0 0 0 0 0 1 0 0 0 0 0 0 0 0 0 0
237 186 118 19 20 12 29 63 351 0 0 0 7 0 0 50 115 883 720 887 887 1801 406 570 810 895 3 980 1 252 950 564 757 852 251 206 948 1947 75 18 670 152 80 864 2150 925 375 0 508 513 378 632 464 29 120 242 208 256 0 250 251 233 242 257 249 252 250 245 246 4888 304 59 106 0 612 639 606 300 2040 0 36 0 2583 304 235 227 250 0 930 5592 0 1580 0 2854 1306 628 3818 2809 733 6844 0 4 78 45 78 0 124 80 0 0 2 0 3 3 0 0 139 15 0 0 29 0 0 7474 238 757 3 0 0 0 136 0 0 0 424 0 21 103 0 0 0 58 89 231 0
27 0 0 0 0 0 0 21 11 8 10 27 6 1 15 0 0 242 110 241 242 0 68 194 66 115 1 0 0 17 31 13 0 0 3 11 15 21 0 0 12 0 0 0 36 3 0 40 14 0 38 0 0 25 0 26 0 27 0 26 26 23 26 26 26 26 26 0 26 2172 0 37 65 0 13 13 13 0 0 156 145 0 0 0 0 0 17 0 26 0 0 0 170 198 205 0 0 370 26 112 0 36 177 10 66 0 43 71 0 0 0 0 0 0 0 0 0 0 0 0 0 0 0 0 0 20 46 0 0 0 0 0 0 0 35 0 32 12 0 0 0 4 10 29 0
1 0 0 0 0 0 0 0 0 0 0 0 0 0 0 0 1 0 0 0 0 0 0 0 0 31 0 0 0 0 0 0 0 0 0 0 0 0 0 0 0 22 0 0 0 0 0 0 0 0 9 0 1 0 0 0 0 0 0 0 0 0 0 0 0 0 0 0 0 0 0 0 0 0 0 0 0 0 0 4 1 0 0 0 0 0 0 0 0 0 0 0 0 0 0 0 27 7 0 1 0 0 0 0 0 0 0 0 0 0 0 0 2 2 0 0 0 0 0 0 0 0 0 0 0 0 0 0 0 0 0 0 0 0 35 0 112 10 0 0 0 0 0 0 0
4 5 3 0 5 0 0 1 49 0 0 0 0 0 0 0 7 0 0 1 1 7 0 4 273 8471 0 328 0 86 317 44 685 5 4 5 12 10 0 1 8 268 0 2 3 0 0 0 0 0 60 0 0 0 0 0 0 1 0 1 1 0 0 1 1 1 1 0 0 473 0 60 53 0 43 41 42 0 0 27 61 0 0 0 0 0 0 0 320 0 0 0 3049 0 11859 271 2247 965 624 294 0 59 255 182 240 0 44 251 90 0 697 691 698 698 0 363 0 0 0 0 0 0 0 111 0 10 0 0 0 0 0 0 0 0 371 0 0 5 0 0 0 0 0 0 0
14 15 9 3 13 2 6 6 7 0 0 0 0 0 0 0 0 59 44 59 59 0 21 24 37 11354 3 45 0 13 43 0 570 34 1 0 1 0 0 0 0 324 0 1 0 0 0 0 0 0 68 0 373 1 0 0 0 1 0 0 0 0 0 0 0 0 0 0 0 0 0 5 0 0 0 5 0 0 0 28 32 0 0 0 0 0 6 0 0 0 0 0 1903 0 0 362 403 453 501 52 0 0 0 0 0 0 3 0 0 0 0 0 1 1 0 0 1 1 0 0 0 2 0 0 137 44 19 303 0 297 0 29 0 834 486 0 160 0 0 0 0 227 654 250 0
0 0 0 0 0 0 0 0 0 0 0 0 0 0 0 0 2 0 0 0 0 0 0 0 1 6 0 0 0 0 0 5 769 6 0 0 1 0 0 0 0 0 0 0 0 1 0 0 0 0 14 0 0 4 0 0 53 2 0 1 1 0 0 0 1 1 1 0 0 0 0 0 0 0 0 12 0 0 0 0 0 0 348 0 0 0 0 0 0 715 0 160 52 0 0 0 0 0 507 4 0 0 0 0 0 0 0 0 0 0 0 0 0 0 0 0 0 0 0 0 0 0 0 0 0 0 0 0 0 0 0 0 0 0 0 0 171 0 0 0 0 0 0 0 0
22 23 15 5 22 3 0 11 0 0 0 0 0 0 0 0 0 113 101 113 113 9 30 31 0 10 0 0 0 0 0 487 40 0 8 2 123 3 1 7 6 74 0 19 7 0 0 0 0 0 9 0 0 0 0 0 0 5 0 5 7 3 0 0 6 8 7 9 4 0 0 16 36 0 506 408 499 46 0 0 0 0 0 0 0 0 0 0 0 0 0 2 0 0 0 11 0 548 32 1 0 0 15 0 0 0 26 113 0 0 38 30 39 39 0 0 0 0 0 0 0 0 0 0 0 38 35 0 0 0 0 0 0 0 0 0 11 0 0 0 0 0 12 0 0
1 0 0 2 0 0 0 3 1 0 0 0 0 0 0 0 51 0 0 0 0 0 0 0 0 0 0 0 0 6 0 0 15 0 0 0 0 0 0 0 0 0 0 0 0 0 0 0 0 0 1 0 0 0 0 0 0 0 0 0 0 0 0 0 0 0 0 0 0 0 0 0 0 0 1 1 0 0 0 0 0 0 0 0 0 0 1 0 0 0 0 0 0 0 0 0 0 0 11 7 0 0 10 0 0 0 29 0 0 0 5 0 6 6 0 0 0 0 0 0 0 186 0 0 0 709 2533 0 0 0 0 0 0 0 6 0 188 0 0 0 0 0 0 0 0
35 35 10 0 13 0 0 2 0 0 0 0 0 0 0 0 7 38 0 153 153 526 214 226 247 30 22 304 1 2 293 51 282 73 37 32 133 667 1 0 38 199 16 78 13 39 0 345 0 0 22 0 13 1 0 4 9 5 0 5 5 1 4 0 5 5 5 4 4 0 0 39 0 0 0 45 48 0 0 394 48 0 108 0 0 66 1 0 23 0 0 0 8 0 0 0 0 0 0 49 29 313 522 777 1000 0 206 1029 729 542 0 0 0 0 0 78 64 0 0 0 0 0 0 0 0 4 1391 0 198 0 0 0 0 29 13 0 73 383 176 0 0 0 0 0 0
0 0 0 0 0 0 0 0 0 0 0 0 0 0 0 0 0 0 0 0 0 0 0 0 1 0 0 0 0 0 0 0 0 0 0 3 1 0 0 0 0 0 0 0 0 0 0 0 0 0 10 0 0 0 0 0 0 0 0 0 0 0 0 0 0 0 0 0 0 290 0 1 2 0 1 0 0 0 0 0 0 0 0 0 0 0 0 0 0 0 0 0 0 0 0 0 0 0 0 0 0 0 0 0 0 0 0 3 0 0 0 0 0 0 0 0 0 0 0 0 0 0 0 0 0 1 0 0 0 0 0 0 0 0 0 0 0 0 0 0 0 0 0 0 0
349 291 97 24 3 62 108 67 16 0 0 0 5 0 0 33 0 0 0 67 436 382 750 750 111 543 12 133 1 7 128 0 27 649 55 424 163 284 26 1 1682 21 44 157 69 3 432 1137 86 282 1316 1079 673 12 349 358 339 354 355 354 353 355 358 141 352 349 353 352 354 0 2 2 7 0 0 56 0 623 651 1273 1323 995 1473 0 27 134 9 33 20 0 330 509 1544 281 819 372 388 314 0 324 0 0 0 0 0 0 0 0 7445 5643 0 0 0 0 292 14 74 19 0 91 317 3279 0 44 23 71 122 266 327 0 15 0 72 40 309 16 0 307 81 0 0 243 262 353 0
20 17 5 0 0 2 6 4 1 0 0 0 0 0 0 2 0 26 25 26 26 0 44 0 811 32 1 998 0 0 961 0 1 38 3 25 10 17 1 0 99 1 2 9 4 0 25 61 5 17 78 22 0 1 0 23 0 23 22 23 22 20 23 0 17 10 22 22 16 0 0 0 0 0 0 3 0 24 39 75 78 59 87 0 1 1001 1 0 0 0 0 0 91 0 42 22 12 12 0 18 0 0 0 0 0 0 0 0 441 335 0 0 0 0 0 0 4 0 0 0 0 11 0 0 0 3 0 0 0 0 0 0 0 0 18 0 0 6 1 0 0 0 6 11 0
14 12 4 1 0 2 4 3 465 0 0 0 0 0 0 1 0 18 18 18 18 0 30 30 5 22 0 6 0 0 5 0 1 26 2 17 7 12 1 0 68 1 0 6 3 0 18 12 3 11 54 0 0 1 0 8 0 8 8 8 8 8 8 0 6 3 8 8 6 0 115 0 0 0 0 2 0 0 27 52 54 41 60 0 1 0 0 0 1796 0 0 0 62 0 15 15 0 0 0 11 0 0 0 0 0 0 0 0 303 229 0 0 0 0 0 0 3 0 0 0 0 8 0 2 4 3 0 0 0 0 0 0 0 0 13 0 0 0 0 0 0 0 0 0 0
50 42 14 3 0 9 16 10 2 0 0 0 1 0 0 5 0 63 63 63 63 0 109 109 16 79 2 20 0 1 19 0 3 94 8 61 24 41 4 0 243 3 4 23 10 0 63 104 0 1116 407 39 0 2 0 56 12 56 56 56 56 47 56 0 34 8 53 55 30 0 0 0 1 0 0 7 0 59 112 185 192 144 217 0 1 7 1 0 0 0 0 0 223 0 101 54 35 42 0 45 0 0 0 0 0 0 0 0 1079 817 0 0 0 0 0 0 11 0 0 0 0 27 0 6 14 10 0 0 0 0 0 0 0 0 45 0 0 3 0 0 0 0 16 29 0
22 19 6 2 0 4 7 4 1 0 0 0 0 0 0 2 0 28 28 28 28 1 48 48 7 35 1 8 0 0 8 0 1 42 4 28 22 19 468 1 109 1 1 10 5 0 28 3 0 18 85 0 0 1 0 13 0 13 13 13 13 3 13 0 0 0 11 13 0 0 0 3 4 0 0 4 0 2 42 82 85 64 94 0 2 9 1 2 0 0 0 0 99 0 33 24 9 0 0 19 0 0 0 0 0 0 0 0 479 363 0 0 0 0 0 0 5 0 0 0 0 12 0 3 6 5 0 0 0 0 0 0 0 0 20 0 0 0 0 0 0 0 0 0 0
0 0 0 0 0 0 0 0 39 0 0 0 0 0 0 0 0 1 0 1 1 0 1 1 0 1 0 0 0 0 0 0 0 1 0 1 0 0 0 0 2 0 0 0 0 0 0 1 0 0 2 1 1 0 2 2 0 2 0 2 2 2 2 0 2 2 2 2 2 0 0 0 0 0 0 0 0 0 1 2 2 1 2 0 0 0 0 0 345 0 0 1 2 0 1 1 0 0 0 0 0 0 0 0 0 0 0 0 10 8 0 0 0 0 2 0 0 0 0 0 0 0 0 0 0 0 0 0 0 0 0 0 0 0 0 0 0 0 0 0 0 0 0 0 0
0 0 0 0 0 0 0 0 12 0 0 0 0 0 0 0 0 0 0 0 0 0 1 1 0 1 0 0 0 0 0 0 0 1 0 0 0 0 0 0 2 0 0 0 0 0 0 0 0 0 1 0 0 0 0 0 0 0 0 0 0 0 0 0 0 0 0 0 0 0 0 0 0 0 0 0 0 0 1 1 1 1 0 0 0 0 0 0 60 0 0 0 1 0 0 0 0 0 0 0 0 0 0 0 0 0 0 0 8 6 0 0 0 0 0 0 0 0 0 0 0 0 0 0 0 0 0 0 0 0 0 0 0 0 0 0 0 0 0 0 0 0 0 0 0
21 18 6 1 0 3 6 4 1 0 0 0 0 0 0 2 0 26 26 26 26 26 45 45 6 33 1 8 0 0 8 0 2 39 4 26 20 17 402 1 102 1 3 9 5 0 26 30 5 17 80 0 0 1 5 5 4 5 5 5 5 0 5 0 0 0 3 5 0 0 0 2 3 0 0 4 0 0 39 77 80 60 89 0 2 8 1 2 2 0 0 0 83 0 37 22 0 19 0 0 0 0 0 0 0 0 0 0 449 341 0 0 0 0 0 0 4 1 0 0 0 11 0 3 6 4 8 24 0 0 0 0 0 4 19 9 0 0 0 0 0 15 16 0 0
125 105 35 8 1 22 39 24 6 0 0 0 2 0 0 12 0 156 156 156 156 158 269 269 40 195 4 48 0 2 46 0 9 233 20 152 59 102 9 0 604 7 15 56 25 1 155 356 31 101 473 281 122 5 0 179 58 0 178 177 176 55 179 174 177 176 177 176 178 0 1 1 3 0 0 20 0 213 234 457 475 357 528 0 8 37 3 0 0 0 91 114 553 0 279 133 113 107 0 115 0 0 0 0 0 0 0 0 0 0 0 0 0 0 179 0 28 3 0 0 0 71 0 17 37 27 2 0 0 0 0 0 0 0 117 0 0 74 0 0 0 0 81 116 0
186 155 52 13 1 33 58 36 9 0 0 0 3 0 0 18 0 232 232 232 232 234 400 399 60 289 6 71 0 4 68 0 14 346 29 226 87 151 14 1 896 11 23 84 37 1 230 567 46 151 702 498 272 7 0 233 196 177 232 231 230 210 233 227 231 230 230 229 232 0 1 1 4 0 0 30 0 325 347 678 705 531 785 0 12 64 5 2 0 0 155 223 822 11 426 198 189 163 0 171 0 0 0 0 0 0 0 0 13798 0 0 1 0 0 233 0 158 39 0 0 389 401 0 95 209 153 241 503 591 0 0 0 110 0 661 0 0 633 268 0 0 439 551 746 0
0 0 0 0 0 0 0 0 0 2 0 0 0 0 0 0 0 14 0 14 14 0 23 0 0 2 0 0 0 0 0 0 0 0 0 2 1 1 0 0 6 0 0 1 0 0 2 0 0 1 5 0 2 5 0 0 0 0 0 0 0 0 0 0 0 0 0 0 0 0 0 0 0 0 0 0 0 0 3 5 5 4 6 443 0 0 0 0 0 0 0 2 4 0 2 0 0 0 0 1 0 0 0 0 0 0 0 0 0 0 0 186 186 0 0 0 0 0 0 0 0 0 0 0 0 0 0 0 0 0 0 0 0 0 0 0 0 0 0 0 0 0 0 0 0
0 0 0 0 0 0 0 0 0 0 0 0 0 0 0 0 0 0 0 0 0 0 0 0 2 13 0 3 0 0 3 0 0 0 1 10 4 7 0 0 39 0 0 4 1 0 8 20 0 6 31 9 15 1 0 0 0 0 0 0 0 0 0 0 0 0 0 0 0 0 0 0 0 0 0 1 0 0 15 30 31 23 34 0 1 3 0 0 1 0 4 12 34 0 18 1 0 1 0 7 0 0 0 0 0 0 0 0 0 0 0 0 0 0 0 1 0 0 0 0 0 0 0 0 0 0 0 0 0 0 0 0 0 0 0 0 0 0 0 0 0 0 0 0 0
0 0 0 0 0 0 0 0 0 0 0 0 0 0 0 0 0 0 0 0 0 0 0 0 0 0 0 0 0 0 0 0 0 0 0 0 0 0 0 0 0 0 0 0 0 0 0 0 0 0 0 0 0 0 0 0 0 0 0 0 0 0 0 0 0 0 0 0 0 0 0 0 0 0 0 0 0 0 0 0 0 0 0 0 0 0 0 0 0 0 0 0 0 0 0 0 0 0 0 0 0 0 0 0 0 0 0 0 0 0 0 0 0 0 0 0 0 0 0 0 0 0 0 0 0 0 0 0 0 0 0 0 0 0 0 0 0 0 0 0 0 0 0 0 0
0 0 0 0 0 0 0 0 0 0 0 0 0 0 0 0 0 0 0 0 0 0 0 0 0 0 0 0 0 0 0 0 0 0 0 0 0 0 0 0 0 0 0 0 0 0 0 0 0 0 0 0 0 0 0 0 0 0 0 0 0 0 0 0 0 0 0 0 0 0 0 0 0 0 0 0 0 0 0 0 0 0 0 0 0 0 0 0 0 0 0 0 0 0 0 0 0 0 0 0 0 0 0 0 0 0 0 0 0 0 4880 5062 5066 0 0 0 0 0 0 0 0 0 0 0 0 0 0 0 0 0 0 0 0 0 0 0 221 0 0 0 0 0 0 0 0
6 6 4 0 0 1 2 1 15 0 0 0 0 0 0 1 0 0 0 0 0 0 0 0 104 526 12 127 0 6 122 0 9 183 30 403 158 273 4 1 0 4 41 146 66 2 0 1 4 8 1217 0 0 1 0 0 0 0 0 0 0 0 0 0 0 0 0 0 0 0 0 640 0 0 0 0 0 70 615 2 1282 0 0 1 23 128 7 32 375 0 66 481 0 280 794 118 29 306 8 314 0 271 1065 686 849 0 191 881 0 0 1 1 1 1 0 0 130 0 0 0 0 0 0 0 96 127 218 0 0 0 0 0 0 105 479 0 0 0 0 0 0 418 463 520 0
2 181 24 105 134 0 70 163 60 5 1 9 9 0 5 0 5 330 329 329 330 1726 777 778 353 717 7 417 2 100 401 154 372 242 69 75 242 342 8 4 344 20 26 23 122 28 2 210 38 227 212 568 722 26 101 180 154 181 0 181 181 181 180 59 181 181 181 181 181 7467 81 18 134 0 156 149 156 0 0 0 0 0 0 0 594 421 120 552 558 0 328 480 258 0 1074 219 229 206 0 328 0 569 2004 2671 3100 0 330 3191 2470 1799 2 0 2 2 180 0 188 36 232 0 248 1421 0 2428 184 605 412 1806 1903 0 0 0 1019 96 774 0 1244 299 235 0 0 848 235 567 0
41 4 10 0 1 1 0 1 52 4 27 0 70 9 0 0 0 321 313 321 321 973 626 635 1 1 4 0 0 81 0 2 67 0 0 0 6 0 46 0 1343 36 0 112 0 23 53 0 27 18 20 69 44 2 0 0 0 0 0 1 1 0 0 1 1 1 1 1 1 0 1 1 0 0 1 40 2 0 74 103 109 41 196 0 336 0 97 0 275 0 0 92 0 71 0 67 307 186 0 72 0 0 0 0 0 0 0 0 0 0 0 0 0 0 0 0 0 64 0 0 0 0 5783 25 0 0 0 668 127 0 0 0 0 0 0 0 0 95 17 0 0 219 0 258 0
19 0 4 0 14 1 0 1 122 17 9 115 1709 169 22 81 0 3 0 3 3 9 1 4 24 0 0 29 0 6 28 0 107 0 0 0 0 0 0 0 2 0 0 0 0 0 0 32 20 41 0 0 141 8 70 85 27 84 54 84 84 85 85 83 84 84 84 84 85 0 0 3 2 9 0 2 0 0 66 188 28 182 130 0 22 30 8 28 24 0 0 48 413 33 0 10 358 14 82 37 0 0 0 7 6 0 3 0 0 0 0 0 0 0 51 0 0 0 177 197 84 94 55 0 3 7 8 0 70 0 0 0 0 109 287 0 0 0 0 0 0 0 175 66 0
1493 65 342 226 478 38 0 134 1845 7476 1410 8064 10108 2578 4310 1074 945 3174 3169 3174 3174 264 205 234 7619 11 6 9379 1 1484 9030 1755 1717 3684 2271 2126 8950 11569 28964 134 3428 18936 5067 15051 1006 5655 6575 5461 2163 5535 3610 5828 1083 12424 616 700 697 720 290 716 719 708 700 735 716 721 717 723 709 4363 958 5925 293 2520 1782 2840 1782 3509 5891 3583 4038 5410 5414 10573 9698 9460 1786 7563 12561 528 7303 5758 11 1973 7 2492 4555 5120 1906 7518 742 3560 610 2555 2462 7 2326 5154 1273 1846 2678 2682 2679 2678 618 0 1207 0 0 1476 2231 2121 0 0 1417 2361 3959 1302 5017 0 149 0 0 1913 1304 0 419 214 668 0 0 777 2014 1240 0
1044 33 169 89 188 25 0 65 237 1004 916 4628 8263 1014 2555 358 467 609 599 609 609 76 36 63 255 3 2 311 0 76 300 677 547 1455 134 252 1938 218 15022 62 3109 1379 180 10531 1916 3204 3193 4318 1843 1945 1207 2443 2170 1500 44 92 70 98 0 99 101 96 92 109 100 103 101 104 97 2439 399 2379 2185 1311 688 1386 688 1253 1968 564 288 307 994 371 502 318 96 394 1460 42 299 1637 4704 413 1 908 533 596 504 367 0 273 584 767 903 3 184 529 619 184 351 353 351 351 92 145 92 0 0 0 1668 910 0 162 236 783 1109 223 11 0 0 0 0 0 473 0 182 83 239 0 0 194 356 389 0
0 0 0 0 43 0 38 0 20 0 0 0 0 0 0 0 24 110 0 110 110 254 117 117 47 102 6 58 0 19 56 142 256 1065 16 0 547 0 0 0 0 0 0 0 0 53 206 0 21 11 252 208 1687 2 0 0 4 0 0 2 2 0 0 4 2 2 2 3 1 652 116 64 137 0 144 139 144 788 0 199 121 121 207 51 74 58 23 66 156 210 0 108 235 119 85 604 153 353 93 150 0 52 174 83 79 0 167 832 335 0 104 104 104 104 0 0 95 0 0 0 0 0 0 118 246 230 4286 1132 35 0 0 0 0 342 825 759 453 534 471 0 0 1163 533 0 0
760 4 7 3 33 15 6 20 641 34 115 124 311 48 68 2 1 664 661 664 664 700 493 493 3609 5 1 4445 0 1135 4279 17 544 13 36 14 26 23 26 1 13 33 8 46 1 342 8 200 22 241 87 100 88 37 854 888 880 711 0 878 875 881 888 864 877 873 876 871 882 286 20 214 387 50 17 32 17 30 62 202 577 76 277 1531 5303 4478 1356 6062 5454 1970 143 10 187 14 0 806 30 0 279 152 0 0 0 0 0 0 0 0 0 0 0 0 0 0 556 0 0 0 0 0 35 0 0 170 0 1 1074 0 9 0 1 16 0 0 0 0 90 0 0 0 0 18 4 10 0
1821 57 194 109 272 54 303 0 3130 1272 755 2429 6619 1251 1341 819 792 10 10 10 10 1 6 3 3151 216 0 3879 1 2095 3735 442 2493 2582 286 1986 969 1045 1887 32 1367 458 4998 4493 163 1116 3165 2768 1541 3551 6835 4443 4176 380 0 3 43 17 0 13 15 8 3 24 13 16 14 17 9 668 3011 3986 28 753 449 917 449 1738 5429 5732 8252 3925 9137 3553 2414 3916 2512 5639 3082 617 2744 5638 6554 1619 330 3252 1898 2295 2495 2944 340 2403 2573 3805 4419 2 1577 4554 3214 2063 2991 2990 2991 2991 3 3001 0 0 311 401 1695 1592 0 80 901 1522 3221 3721 609 0 0 0 0 126 1166 0 549 564 521 0 0 749 699 944 0
4 0 1 0 0 0 0 0 399 22 0 0 0 0 0 0 0 0 0 0 0 0 0 1271 0 15 16 0 1 1019 0 49 163 50 0 0 15 0 13 1 1 3 29 51 1 15 0 26 16 54 0 0 34 40 16 93 99 93 0 92 92 92 93 92 92 92 92 92 92 0 0 23 42 20 50 50 50 0 899 1 1626 5 82 0 4244 0 1217 1 3463 11 0 271 0 0 22 336 147 183 45 151 0 431 0 0 0 0 0 0 0 0 3043 3041 3043 3043 14 0 0 4841 0 0 0 0 0 0 0 0 0 0 0 0 0 0 0 0 0 0 0 0 0 0 0 0 0 0 92
11 0 0 0 1 0 0 0 7 13 7 1 2 0 0 1 2 59 34 59 59 33 22 21 43 0 0 52 0 16 50 8 130 40 0 10 2 0 0 0 0 0 0 3 0 1 18 0 29 277 130 65 347 23 77 78 84 77 0 77 77 0 78 76 77 77 77 77 77 0 37 65 115 0 8 10 8 0 44 62 96 51 94 144 273 53 19 577 65 5 0 3 71 14 0 233 336 395 144 34 0 330 0 0 0 0 0 0 0 0 0 0 0 0 0 0 95 0 0 0 0 0 0 2 0 36 0 0 204 0 0 0 0 0 127 0 61 32 0 0 0 12 44 0 0
0 0 0 0 0 0 0 0 0 0 0 0 0 0 0 0 0 1 0 1 1 0 0 0 0 0 0 0 0 0 0 0 0 0 0 0 0 0 0 0 0 0 0 0 0 0 0 0 0 2 1 0 0 2 0 0 0 0 0 0 0 0 0 0 0 0 0 0 0 0 0 0 1 0 0 0 0 0 1 0 1 0 1 1247 0 0 0 0 0 0 0 0 0 0 0 1 0 0 0 0 0 0 0 0 0 0 0 0 0 0 0 0 0 0 0 0 0 0 0 0 0 0 0 0 0 0 0 0 0 0 0 0 0 0 2 0 0 0 0 0 0 0 0 0 0
11 1 1 17 41 1 17 1 43 40 7 0 18 12 0 4 28 63 61 63 63 117 77 81 5 4 0 6 0 2 6 4 19 24 2 3 37 2 250 2 2 63 2 229 3 363 54 0 4 217 87 0 97 4 6 10 10 0 10 10 10 10 10 10 10 10 10 10 10 0 9 45 80 0 5 4 5 0 18 7 16 7 13 6 9 6 2 8 27 1 0 0 258 9 0 18 0 0 0 6 0 24 72 36 55 0 21 0 0 0 1353 1352 1353 1353 0 0 51 0 0 0 0 0 0 33 120 197 0 0 0 0 0 0 0 0 318 0 215 0 0 0 0 244 129 0 0
296 12 39 14 44 7 53 12 193 352 176 759 1483 236 419 117 255 872 867 872 872 539 922 927 783 17 22 964 1 241 928 73 706 442 26 149 295 62 254 0 72 42 1434 678 37 88 833 417 220 508 616 766 717 623 0 362 0 331 0 360 359 350 362 356 359 358 359 358 360 3960 34 861 1013 34 74 174 74 139 1048 933 757 781 1786 644 1457 973 289 1196 1836 102 83 1147 1817 186 0 1368 427 509 655 507 0 580 54 489 607 0 394 0 317 0 270 270 270 270 362 0 0 396 0 0 0 499 0 115 6382 8706 10969 0 0 0 0 0 0 0 378 0 157 0 0 0 0 17 209 0 0
26 35 73 24 163 11 60 45 20 3 0 0 0 0 0 14 57 194 174 194 194 114 58 99 65 1883 9 79 0 20 76 115 67 142 33 30 124 162 11 0 458 21 13 2 260 69 140 258 46 299 304 474 1096 7 0 80 0 74 0 80 80 42 80 81 80 80 80 81 80 443 40 159 284 52 119 117 115 0 37 289 313 224 27 0 112 77 22 93 184 31 4 14 137 37 1385 82 141 235 0 167 0 208 526 282 364 0 150 378 145 0 666 666 666 666 80 0 0 0 0 0 0 0 0 933 0 305 541 326 0 0 0 0 0 0 779 0 488 110 0 0 0 610 1022 100 0
795 707 930 194 776 440 717 352 251 71 83 452 63 1 250 233 384 1971 1971 1971 1971 1326 886 886 452 4 65 552 2 55 532 728 1364 1116 596 811 1992 3044 356 27 1908 176 307 830 493 15 436 3284 481 1116 1892 1745 2470 64 630 693 600 693 402 694 694 669 693 695 694 694 694 694 694 1110 2304 1006 1060 841 738 752 738 1129 329 446 326 3092 232 1830 267 559 67 552 513 527 1066 268 5026 418 0 1009 1619 1757 1329 1121 122 1103 2569 3289 3814 1 725 3926 2790 1882 191 191 191 191 693 1591 789 70 602 1129 353 3375 735 1861 1267 2124 3468 2667 1546 0 689 0 3143 147 2007 0 0 753 92 0 0 1925 1587 2123 0
40 28 10 0 0 4 0 3 3 12 0 0 1 0 0 33 77 170 170 170 170 427 187 188 2 375 37 1 1 1 1 53 107 101 53 86 180 282 4 2 55 9 24 0 53 37 130 182 74 282 254 149 138 23 34 50 8 50 0 50 50 24 50 51 50 50 50 51 50 0 278 45 80 70 54 53 54 35 146 112 32 66 303 55 1 2 1 2 19 45 0 57 210 66 542 156 115 109 96 93 0 32 511 316 368 0 22 379 266 160 38 38 38 38 11 17 66 187 0 77 64 0 537 130 377 1023 591 323 49 0 0 0 29 0 138 0 0 51 0 0 0 98 107 117 0
27 39 30 28 32 7 1 29 12 0 5 3 2 0 2 39 34 386 386 386 386 13 9 11 43 0 8 53 0 19 51 194 74 94 152 102 474 593 94 5 293 24 61 108 79 3 43 434 86 85 94 191 294 7 50 59 56 60 6 60 61 60 59 63 61 61 61 62 60 248 74 48 85 172 197 184 197 97 39 54 57 318 35 432 76 53 22 82 79 277 100 42 1013 47 0 76 143 666 73 106 8 85 288 236 274 0 50 284 201 134 48 48 48 48 42 78 55 16 23 108 220 0 156 38 274 216 387 256 257 7978 3925 0 78 25 224 108 127 21 0 0 0 130 155 162 0
0 25 16 5 22 11 21 10 3 0 0 0 0 0 0 4 11 1 1 1 1 1 1 1 6 69 0 8 0 3 7 30 145 61 7 59 67 27 7 21 14 4 17 60 67 23 47 109 92 27 70 110 293 1 0 1 2 1 0 1 1 0 1 2 1 1 1 1 1 832 60 29 34 35 30 32 30 45 51 46 77 53 47 8 9 8 3 12 22 48 12 39 102 63 76 63 94 85 111 59 0 15 65 36 134 0 12 218 36 0 28 28 28 28 1 0 101 260 30 354 255 46 55 247 116 4 184 338 390 0 0 0 0 106 244 0 149 181 73 0 0 163 236 399 0
0 1 2 0 0 0 1 0 13 0 0 0 1 0 0 191 0 5 5 5 5 5 3 3 0 35 10 0 0 0 0 117 41 129 70 84 60 261 11 6 68 102 72 258 31 996 291 469 468 196 215 284 761 2 9 26 27 24 0 27 27 22 26 29 27 27 27 28 27 2486 46 281 473 180 119 124 119 71 134 2 1 0 185 5 1 1 1 1 115 6 254 100 96 57 0 86 162 172 0 356 0 148 441 381 447 0 100 0 308 96 61 62 62 61 0 0 79 0 0 24 0 282 0 48 230 76 643 258 841 0 34 0 0 0 440 0 385 39 0 0 0 156 505 0 0
0 0 0 0 0 0 0 0 0 0 0 0 0 0 0 0 0 0 0 0 0 0 0 0 0 0 0 0 0 0 0 0 0 0 0 0 0 0 0 0 0 0 0 0 0 0 0 0 0 0 2 0 0 0 0 0 0 0 0 0 0 0 0 0 0 0 0 0 0 306 0 0 0 0 0 0 0 0 0 0 0 0 0 0 0 0 0 0 0 0 0 0 0 0 0 0 13 0 0 0 0 0 0 0 0 0 0 0 0 0 0 0 0 0 0 0 1 0 0 0 0 189 0 0 0 0 0 0 0 0 0 0 0 0 0 0 0 0 0 0 0 0 0 0 0
203 240 87 20 89 0 73 0 86 0 0 0 7 0 0 0 100 828 675 828 828 992 400 399 891 1245 155 1081 19 219 1041 333 796 600 157 160 592 827 81 0 4076 51 16 0 38 0 0 431 55 476 625 958 2383 20 210 278 274 276 0 279 279 230 278 281 279 280 279 280 279 1105 238 811 916 0 338 355 338 366 2596 57 77 3 2054 0 942 1090 256 790 874 204 466 2153 3372 460 1531 491 977 1006 759 681 0 610 2098 1517 1769 0 404 0 1262 670 426 426 426 426 32 3028 121 651 676 453 0 71 387 1708 861 3085 1825 2192 2660 16 106 0 286 1212 2522 0 1192 889 114 0 0 1190 1843 894 0
0 0 0 0 0 0 0 0 0 0 0 0 0 0 0 4 8 12 0 12 12 4 0 5 2 17 0 2 0 1 2 1 16 0 0 0 6 0 0 0 0 0 0 0 0 0 0 0 0 9 48 0 0 0 0 1 4 0 0 4 4 0 4 4 4 4 4 4 4 0 11 0 0 0 5 3 0 0 25 4 12 9 8 3 2 2 1 2 3 17 0 0 0 16 0 0 0 0 0 13 1 2 5 6 17 0 3 44 7 5 14 14 14 0 3 0 23 81 0 0 0 0 0 0 0 9 0 0 0 1 3 0 0 0 232 0 0 1 0 0 0 97 0 0 0
0 0 0 1 5 0 6 0 0 0 0 0 0 0 0 6 0 184 138 184 184 3 0 3 0 7 0 0 0 0 0 0 4 0 1 0 0 0 0 0 0 0 0 0 0 0 0 0 0 0 15 0 0 0 0 0 0 0 0 0 0 0 0 0 0 0 0 0 0 505 0 0 0 0 0 0 0 0 0 0 0 0 0 0 0 0 0 0 0 0 0 0 0 0 1 2 43 25 0 0 0 0 78 0 80 0 5 84 0 0 31 31 31 31 0 0 0 127 0 0 0 225 0 0 0 9 185 22 0 0 0 0 0 0 562 0 0 0 8 0 0 185 50 0 0
0 30 0 23 16 0 0 0 67 28 53 35 29 34 17 0 67 0 0 0 0 0 0 0 8 145 0 10 0 11 10 488 194 134 0 14 178 4 0 5 0 27 0 427 214 227 0 0 26 49 132 161 494 1 0 0 4 4 0 5 7 0 0 13 6 8 6 9 3 0 547 36 85 381 495 451 495 62 667 18 39 28 33 13 92 9 14 15 17 32 79 582 411 256 1 151 170 78 0 120 0 0 30 162 76 0 7 31 3 0 28 28 28 28 0 0 0 120 0 0 0 1198 0 0 167 949 2468 499 389 0 276 68 0 225 1205 0 399 0 0 0 0 1234 516 472 0
0 0 0 0 0 0 0 0 3 4 0 0 0 0 10 0 0 0 0 0 0 0 0 0 0 0 3 0 1 1 0 0 0 0 0 6 0 0 0 0 0 0 0 0 0 0 0 0 0 0 0 0 0 0 0 0 0 0 0 0 0 0 0 0 0 0 0 0 0 0 0 0 0 0 0 0 0 0 0 0 0 0 0 0 0 0 0 0 0 0 0 0 0 0 0 0 0 0 0 0 0 0 0 0 0 0 29 0 0 0 0 0 0 0 0 0 0 0 0 0 0 0 0 0 0 0 0 0 0 0 0 0 0 0 0 0 0 0 0 0 0 0 0 0 0
0 0 0 0 0 0 0 0 7 5 0 0 0 0 13 0 0 0 0 0 0 0 0 0 0 0 4 0 1 1 0 0 0 0 0 8 0 0 0 0 0 0 0 0 0 0 0 0 0 0 0 0 0 0 0 0 0 0 0 0 0 0 0 0 0 0 0 0 0 0 0 0 0 0 0 0 0 0 0 0 0 0 0 0 0 0 0 0 0 0 0 0 0 0 0 0 0 0 0 0 0 0 0 0 0 0 38 0 0 0 0 0 0 0 0 0 0 0 0 0 0 0 0 0 0 0 0 0 0 0 0 0 0 0 0 0 0 0 0 0 0 0 0 0 0
86 30 0 8 40 0 0 0 15 0 0 0 0 0 0 0 0 41 0 41 41 585 243 243 77 76 0 95 0 34 91 96 64 62 0 10 569 144 0 0 110 3 0 0 26 29 0 278 20 0 0 0 0 0 0 33 20 23 0 34 34 34 33 35 34 34 34 35 34 0 0 2 2 0 97 0 97 0 0 305 341 0 0 0 142 95 41 151 113 18 0 0 416 47 0 35 35 88 39 53 0 43 194 125 100 0 27 0 43 0 32 32 32 32 0 0 0 8 0 0 0 0 0 35 0 61 0 0 0 0 0 0 0 0 372 0 0 0 0 0 0 0 0 0 267
3 2 0 0 2 0 0 0 1 0 0 0 0 0 0 0 0 1 0 1 1 10 5 5 2 20 0 2 0 1 2 33 23 14 0 6 108 75 0 0 0 0 0 0 0 15 0 27 3 0 108 0 0 0 0 6 6 3 0 6 6 0 6 7 6 6 6 6 6 0 1 1 1 0 33 0 33 0 0 61 24 0 0 0 17 2 1 3 3 0 0 0 88 11 0 9 0 33 9 10 0 0 88 0 8 0 8 0 0 0 12 12 12 12 0 0 17 0 0 0 0 0 0 3 0 262 0 0 0 0 0 0 0 0 67 0 13 0 0 0 0 85 0 0 0
22 14 8 1 1 0 0 0 3 0 0 0 0 0 0 0 54 274 0 274 274 666 376 376 7 143 0 8 0 25 8 68 144 79 39 2 1272 123 0 0 31 0 0 0 0 2 0 337 25 0 56 41 287 1 0 43 42 37 0 43 43 0 43 43 43 43 43 43 43 0 0 2 2 0 66 0 66 0 6 313 359 0 0 0 12 9 3 11 11 4 0 0 338 55 0 43 115 10 134 64 0 0 33 0 3 0 13 2943 0 0 19 19 19 19 0 0 0 0 0 0 74 0 0 0 256 639 257 667 0 0 0 0 0 70 431 0 77 160 0 0 0 469 374 0 22
192 42 342 14 8 22 33 87 4 35 0 0 0 0 0 418 0 201 201 201 200 1546 677 676 0 885 9252 112 406 1554 317 547 119 1550 492 32 92 32 240 9 72 3853 252 40 49 894 296 194 759 85 97 295 260 62 14 13 0 19 14 17 17 14 13 21 16 18 17 18 15 0 1 33 59 257 273 259 273 117 61 28 25 11 67 0 35 0 17 1 28 41 61 97 0 337 95 2658 6 127 118 61 1 7 3 5 1 0 2 0 1 1 5 5 5 5 13 0 1 0 0 0 3 10 39 0 9 8 4 4 3 0 15 1 0 1 101 4 0 8 18 0 0 0 0 0 0
