144
0 0 0 0 0 0 1 39 0 15 0 0 1 0 27 36 0 0 0 0 0 41 0 5 0 0 1 1 2 0 0 2 3 2 1 4305 15 0 0 103 30 0 1698 43 443 70 0 35 0 21 52 0 0 0 0 1 8 0 8 5 1 0 0 10 0 0 1 0 4 5 8 7 0 6 34 36 43 0 41 0 0 1 3 0 2 0 2 0 0 0 2 0 0 0 0 0 0 0 0 0 0 0 0 0 0 6 6 0 0 0 0 0 0 6 4 0 0 0 0 0 0 0 0 0 0 0 0 0 0 0 0 0 0 0 0 0 0 3 0 3 0 4 23 1
8 0 231 2 0 11 12 124 613 127 25 439 38 0 181 559 154 87 88 87 81 270 46 126 6 0 355 109 16 6 0 45 90 419 54 0 84 84 90 541 98 7 341 91 2032 222 23 290 18 80 184 0 48 0 13 82 187 0 70 106 109 0 46 110 87 103 106 80 111 127 108 62 0 0 0 0 869 474 639 0 121 178 120 55 146 5 252 7 168 5 259 78 0 105 0 21 26 0 3 20 0 0 0 0 0 29 118 0 2 0 0 0 11 48 32 0 0 0 166 0 0 85 44 0 0 0 0 0 0 0 0 0 14 0 69 238 0 25 0 0 94 49 204 385
9 0 0 5 3 21 18 257 3603 899 2831 1628 12 2817 141 3218 122 56 57 58 55 442 0 91 12 0 208 79 11 2 0 30 37 210 20 0 136 129 148 893 112 35 193 142 3415 356 3 247 32 210 271 0 0 197 10 15 86 0 57 62 38 0 8 73 38 31 38 26 58 110 69 45 0 0 192 0 209 183 286 0 126 235 80 23 104 3 169 4 103 0 178 50 0 74 0 13 0 0 0 6 0 0 0 0 0 37 43 0 0 0 0 0 7 41 26 0 0 0 131 0 0 0 9 0 0 0 0 0 0 0 0 51 0 0 80 176 0 33 0 0 69 67 194 270
23 0 0 0 0 16 41 427 15 55 35 46 58 8 264 74 736 207 204 207 213 935 571 604 15 671 446 387 71 669 670 637 536 541 243 0 245 247 290 1529 265 395 522 251 6135 5459 45 1313 549 410 1449 64 111 0 170 108 324 0 262 297 188 0 151 398 193 177 188 148 255 278 359 254 70 712 0 254 1210 945 1189 0 561 528 729 158 602 146 431 297 213 142 987 203 0 381 0 73 40 0 12 24 0 0 0 0 0 76 270 0 5 0 0 0 437 209 145 0 0 0 1001 0 95 901 150 0 0 0 0 26 35 28 0 237 267 0 191 944 0 92 59 145 384 240 830 1264
130 0 0 1 0 3 71 399 39 12 0 36 52 40 198 62 189 97 97 98 95 812 15 131 5 326 377 114 20 325 323 309 247 453 112 0 50 36 31 314 23505 5 506 90 1265 119 28 384 100 444 565 31 45 425 34 92 218 0 85 125 136 0 91 127 111 123 132 98 132 130 126 79 0 430 0 66 1097 581 1554 0 154 174 320 59 166 94 264 78 171 76 270 83 0 110 0 29 26 0 0 28 0 0 0 0 0 97 188 0 4 0 0 0 114 82 43 0 0 0 239 0 0 53 43 0 37 0 599 0 0 0 0 129 57 0 175 254 0 46 2 39 71 81 533 400
121 0 0 0 0 0 59 50 0 0 0 35 37 0 150 32 108 50 50 50 48 96 0 70 1 138 109 30 10 136 109 130 86 103 68 0 3 0 0 156 73 0 360 24377 100 60 0 117 86 46 187 5 0 0 0 0 23 0 29 31 14 0 0 48 14 7 15 4 22 31 43 30 0 728 0 24 364 61 190 0 87 71 111 0 78 21 106 39 24 26 125 39 0 69 0 22 0 0 0 0 0 0 0 0 0 208 292 0 2 0 0 0 52 862 170 0 0 0 146 0 0 31 0 0 0 0 0 0 0 0 0 0 45 0 32 136 0 9 0 11 64 31 86 186
0 0 0 0 0 0 0 61 0 0 0 0 0 0 11 0 0 0 0 0 0 14 0 0 0 1 1 0 0 1 0 0 1 0 0 6 0 0 0 0 0 0 9 0 0 0 0 7 2134 52 35 0 0 0 0 0 1 0 18 25 0 0 0 68 0 0 0 0 6 12 77 21 0 25 0 31 2 0 207 0 0 0 0 0 0 0 3 0 0 0 1 0 0 0 0 0 0 0 0 0 0 0 0 0 0 0 0 0 0 0 0 0 0 19 4 0 0 0 0 0 0 0 0 0 0 0 0 0 0 0 0 0 0 0 0 0 0 0 0 0 0 0 0 1
0 0 0 0 0 0 0 0 0 978 0 1887 0 0 53 0 272 113 90 114 111 385 110 240 13 161 147 0 0 137 154 118 106 107 0 0 0 0 0 0 156 0 76 0 0 666 0 6852 279 0 307 0 0 118 0 0 30 0 97 72 24 0 12 119 0 23 25 11 0 158 107 26 0 52 0 0 35 5 111 0 49 24 76 0 135 0 89 0 0 0 205 5 0 31 0 0 0 0 0 0 0 0 0 0 0 0 0 0 0 0 0 0 113 217 179 0 0 0 298 0 0 49 0 0 0 0 0 0 0 0 0 0 59 0 0 248 0 0 0 0 72 3 320 218
206 0 0 0 0 169 69121 84 0 0 67 1839 0 2941 399 17248 176 106 107 106 94 224 135 116 6 0 272 127 17 7 0 55 104 77 115 0 68388 2 67 0 0 0 424 88 0 0 0 471 82 57 344 0 0 0 46 244 259 0 62 132 170 0 141 129 116 170 163 123 139 175 130 61 0 1183 370 39 1820 869 872 0 2970 727 137 84 179 0 292 7 16 7 301 18 0 124 10 25 60 0 35 44 0 6 0 0 0 142 308 0 1 0 0 0 13 53 33 0 0 0 74 0 0 20 75 0 122 0 708 1 0 0 0 22 0 0 11 363 0 16 0 0 103 40 181 465
0 0 0 0 0 198 28 0 66 0 36 257 131 41 323 202 277 176 175 180 166 220 177 164 102 487 386 254 26 488 488 506 429 155 230 4 3 45556 59 16 0 0 550 0 0 0 0 723 331 105 921 108 166 143 103 323 396 0 106 211 254 0 216 254 206 252 244 186 222 231 266 108 0 1504 473 250 2637 1244 1853 41 236 266 523 132 463 42 402 118 293 124 399 145 0 167 49 43 91 0 61 1687 0 17 0 0 0 584 1043 0 9 0 0 0 163 343 96 0 3 27 714 205 88 190 119 0 160 0 970 317 62 7 0 61 126 23 69 400 0 21 31 0 135 75 189 16
380 0 0 0 2 266 363 79 0 0 0 2795 126 0 668 128 168 0 4 4 11 322 153 140 3 0 302 36 11 6 0 75 115 100 155 0 226 198 38592 182 0 0 677 217 0 0 0 555 96 0 216 32 0 0 69 442 405 0 116 180 269 0 200 164 149 241 258 176 205 187 166 76 0 604 235 104 2564 1016 1107 0 2 41 101 111 35 0 323 7 22 1 328 30 0 144 37 56 79 0 50 64 0 0 0 0 0 434 498 0 0 0 0 0 2 68 32 0 0 0 416 0 77 290 105 0 195 0 788 31 0 0 0 85 89 40 63 348 0 20 28 0 119 63 177 7
53 0 0 0 0 0 0 0 0 0 0 0 2340 0 9 0 0 0 0 2 4 155 0 0 6 0 423 8 12 5 0 42 92 519 65 0 0 0 0 1917 0 0 395 0 0 0 0 277 63 0 110 0 0 0 0 117 228 0 52 111 133 0 86 111 63 127 128 92 121 119 110 55 0 566 206 0 1213 499 761 0 0 14 55 18 17 0 284 0 0 0 293 6 0 116 0 17 0 0 0 9 0 0 0 0 0 18 217 0 0 0 0 0 1 8 0 0 0 0 0 0 0 0 0 0 0 0 680 0 0 0 0 0 56 0 43 222 0 13 17 0 95 0 56 541
0 0 0 0 0 0 1 91 182 0 0 0 0 4 4 252 4 0 0 1 3 59 0 27 0 0 0 0 0 0 0 0 43 0 0 0 6 0 0 0 0 0 0 0 0 0 0 43 185 0 75 0 546 0 0 0 2 0 16 28 0 0 0 37 0 0 1 0 10 31 40 0 0 27 22 0 10 0 35 0 0 18 4 0 10 0 0 0 0 0 1803 0 0 0 0 0 0 0 0 0 0 0 0 0 0 3 5 0 0 0 0 0 0 16 3 0 0 0 33 0 0 0 0 0 0 0 0 0 0 0 0 15 0 0 0 43 0 4 0 6 14 0 35 27
192 94 0 0 0 163 129 78 0 0 48 279 0 0 526 196 229 158 159 159 152 182 108 138 8 458 574 258 28 458 458 500 376 783 194 0 105 57 54 372 0 61284 790 0 0 0 0 618 273 49 587 11 140 17 45 365 541 0 128 247 283 0 183 228 252 236 273 177 284 256 237 101 88 1371 469 146 2227 1061 1545 0 208 294 607 115 245 38 405 125 318 137 385 190 0 164 0 46 81 0 60 126 0 0 0 0 0 389 774 0 14 0 0 0 155 168 61 0 0 0 373 0 0 311 88 0 187 0 907 16 0 0 0 0 15 0 62 346 0 20 25 0 132 74 169 550
0 0 0 0 0 0 0 0 0 0 0 0 0 0 0 0 0 0 0 0 0 56 0 22 0 0 1 2 2 0 0 0 5 0 0 0 0 0 0 0 0 0 0 0 0 0 0 0 0 14 33 0 0 0 0 0 0 0 6 4 0 0 0 3 0 0 0 0 1 3 7 0 0 0 14 0 0 0 9 0 0 4 2 0 0 0 0 0 0 0 0 0 0 0 0 0 0 0 0 0 0 0 0 0 0 0 0 0 0 0 0 0 5 6 5 0 0 0 85 0 0 0 0 0 0 0 0 0 0 0 0 5 10 0 0 5 0 0 0 1 20 0 31 0
0 0 0 0 0 0 1 22 0 0 0 5 0 0 1 0 0 158 166 162 140 12 0 2 0 1 2 5 3 1 0 0 11 0 0 0 0 0 0 0 0 0 7 0 0 0 0 30 0 94 8 0 2132 1198 0 13 5 0 9 6 2 0 0 14 0 1 2 0 1 10 16 5 0 3 0 0 6 0 10 0 0 0 9 0 0 0 3 0 0 0 0 0 0 0 0 0 0 0 0 76 0 0 0 0 0 10 11 0 0 0 0 0 0 914 785 0 0 0 0 0 0 0 0 0 0 0 0 0 0 0 0 0 0 0 0 0 0 6 0 0 0 0 1 2
110 0 0 0 0 0 38 0 0 0 0 47 0 0 276 62 0 0 0 0 1 23 0 0 0 0 6 70 0 0 0 4 2 122 12 0 0 0 0 0 1 0 242 56 0 0 52081 0 0 0 41 0 0 0 0 16 73 0 9 27 29 0 0 15 24 0 43 0 25 27 21 7 0 659 0 114 302 142 134 0 26 20 208 0 13 5 36 4 0 0 62 14 0 0 0 0 0 0 0 0 0 0 0 0 0 155 241 0 0 0 0 0 0 90 21 0 0 0 0 0 0 239 0 0 0 0 0 0 0 0 0 0 12 2 0 0 0 0 0 0 0 5 0 3
2 0 0 0 0 0 1 0 0 0 1 0 34 0 10510 0 0 0 7 60 55 3 0 0 0 1327 203 79 224 1352 1285 1293 1262 0 60 118 0 0 0 0 97 0 90 61 0 29 0 131 0 0 0 0 0 0 0 25 532 0 337 326 20 0 0 1013 20 0 26 0 180 403 899 341 0 162 8 0 104 40 33 0 0 349 851 9237 6484 0 136 0 10322 33 88 15699 0 0 0 0 0 0 0 0 30030 0 0 0 0 73 139 0 24 0 0 0 0 212 45 5503 0 0 285 0 0 0 0 0 0 0 0 0 0 0 0 0 18 0 0 94 0 42 0 0 198 5 9 0
0 0 0 0 0 0 0 0 0 0 0 0 2 0 47 0 0 0 0 14 21 2 0 1 0 122 0 1014 26 122 100 102 84 0 0 0 0 0 0 0 6 0 16 20 0 0 0 0 0 0 0 0 0 0 0 1534 195 0 17 10 0 0 0 24 0 0 1 0 0 9 20 0 0 21 66 0 8 0 23 0 0 56 70 0 176 0 69 0 0 0 87 0 0 0 0 0 0 0 0 0 12877 0 0 0 0 0 6 0 0 0 0 0 0 15 4 694 0 0 2 0 0 0 0 0 0 0 0 0 0 0 0 0 0 0 0 0 0 0 0 0 0 0 0 0
0 0 0 0 0 0 0 0 0 0 0 0 0 0 0 0 0 0 0 0 0 0 0 0 0 10 0 0 0 9 0 7 6 0 0 0 0 0 0 0 3 0 0 13 0 0 0 0 0 0 0 0 5 0 0 2 1 0 2 1 0 0 0 1 0 0 0 0 0 2 3 0 0 0 0 0 0 0 2 0 0 3 0 0 0 0 0 0 0 0 0 0 0 0 0 0 0 0 0 0 0 0 0 0 0 0 1 0 0 0 0 0 0 1 0 0 0 0 0 0 0 0 0 0 0 0 0 0 0 0 0 0 0 0 0 0 0 0 0 0 0 0 0 62
0 0 0 0 0 0 0 0 0 0 0 0 0 0 20 0 0 0 0 7 0 0 0 0 0 53 0 2362 44 52 0 55 72 0 0 0 0 0 0 0 0 0 1 2 0 0 0 0 0 0 0 0 0 0 0 3554 24 0 4 6 0 0 0 4 0 0 0 0 0 6 10 0 0 15 0 0 11 0 19 0 0 10 32 122 301 0 0 0 0 0 0 0 0 0 0 0 0 0 0 0 0 0 0 0 0 0 10 0 0 0 0 0 0 25 5 0 0 0 539 0 0 0 0 0 0 0 0 0 0 0 0 0 0 0 0 0 0 0 0 0 0 0 0 0
0 0 0 0 0 0 0 0 0 0 0 0 0 0 0 0 0 0 0 0 192 0 0 0 0 0 61 0 0 0 0 0 715 143 0 0 0 0 0 0 0 0 0 0 0 0 0 0 0 0 20 0 0 8 0 0 37508 52169 17958 34691 46876 51047 48339 18531 43771 48003 46829 49314 40041 26976 21495 34019 0 273 79 32194 142 325 3259 0 0 0 0 0 0 0 0 0 0 0 0 0 0 10 0 0 0 0 0 0 0 0 0 0 0 0 0 0 0 0 0 0 0 140 1129 0 0 0 0 0 0 0 0 0 0 0 0 0 0 0 0 0 0 0 0 0 0 0 0 0 0 0 18 0
25542 0 60 0 0 523 27 0 0 0 0 201 155 0 865 94 36 297 280 301 838 883 0 6043 26458 4590 523 586 357 4560 4544 3977 3171 462 241 34 0 44 0 205 728 122 300 1814 111 853 562 1182 105 0 691 66 1596 210 1 572 433 69 5367 835 438 0 439 1421 537 435 451 430 589 893 1003 2627 815 699 8243 709 326 415 920 0 7094 7510 2831 2746 3009 25552 954 1023 731 529 1589 7205 0 743 0 127 53 0 104 380 0 70383 0 0 0 94 210 0 2 0 0 53641 8988 11225 14363 45522 0 0 713 0 0 0 0 0 27113 0 0 0 0 0 0 73 145 0 0 326 40 204 33 59 288 24 410 7404
0 0 0 0 0 0 0 0 0 0 0 1265 0 0 0 0 0 0 0 0 11 0 0 0 0 0 3 4 0 0 0 0 44 6 0 0 0 0 0 0 0 0 0 0 0 0 0 0 0 0 0 0 0 0 0 37 2099 2514 1007 1942 2622 1813 2699 1041 2427 2685 2620 2745 2241 1570 1209 1862 0 0 0 1364 10 1 183 0 0 0 0 0 0 0 0 0 0 0 0 107 0 0 0 0 0 0 0 0 0 0 0 0 0 0 0 0 0 0 0 0 0 0 63 0 0 0 0 0 0 0 0 0 0 0 0 0 0 0 0 0 0 0 0 0 0 0 0 0 0 0 0 0
0 0 0 0 0 0 0 0 0 0 0 0 2 0 0 0 0 4 10 12 10 0 0 0 0 0 9 14 8 0 0 13 7 56 11 0 0 0 0 39 0 0 1 0 0 0 0 0 0 0 0 0 0 0 0 0 196 84 94 181 244 0 250 95 207 249 246 0 205 546 113 13 0 0 0 0 5 40 21 0 0 0 11 0 0 0 0 0 1 0 0 0 0 0 0 0 0 0 0 0 0 0 0 0 0 20 1 0 0 0 0 3 54 15 5996 0 0 0 0 0 0 0 0 0 0 0 0 0 0 0 0 0 0 0 0 0 0 0 0 0 0 0 0 0
0 0 0 0 0 0 0 0 0 0 0 0 0 0 0 0 0 0 0 0 0 0 0 0 0 0 0 0 0 0 0 0 0 0 0 0 0 0 0 0 0 0 0 0 0 0 0 0 0 0 0 0 0 0 0 0 0 0 1 5 0 0 0 4 0 0 0 0 0 4 0 0 0 6 0 0 1 1 2 0 0 0 0 0 0 0 0 0 0 0 0 0 0 0 0 0 0 0 0 0 0 0 0 0 0 0 0 0 0 0 0 0 0 0 0 0 0 0 0 0 0 0 0 0 0 0 0 0 0 0 0 0 0 0 0 0 0 0 0 0 0 0 0 0
0 0 0 0 0 0 0 0 0 0 0 0 3 0 0 0 0 0 25 37 37 0 0 0 0 1 0 2 0 0 0 0 1 0 0 0 0 0 0 0 0 0 5 0 0 0 0 0 0 0 0 0 0 0 0 1 1 0 89 1 0 0 0 0 0 0 0 0 0 3 2 0 0 0 0 0 1 0 6 0 0 0 0 0 0 357 0 0 0 0 0 0 0 0 0 0 0 0 0 0 0 0 0 0 0 0 1 0 0 0 0 0 0 4 16 0 0 0 0 0 0 0 0 0 0 0 0 0 0 0 0 0 0 0 0 0 0 0 0 0 0 0 0 0
0 0 0 0 0 0 1 92 0 0 0 0 9 0 0 0 0 0 0 18 0 60 0 0 0 1738 0 0 17 1693 1663 1305 787 0 0 0 0 0 0 0 1 0 0 0 0 0 0 0 0 1 9 0 0 0 0 0 34 0 81 52 9 0 0 0 0 4 10 0 10 71 201 0 0 49 28 0 29 259 42 0 0 64 1103 0 0 0 0 0 0 6911 0 0 0 0 0 0 0 0 0 0 0 0 0 0 0 6 28 0 0 0 0 0 0 85 27 0 0 0 0 0 0 0 0 0 0 0 0 0 0 0 0 0 15 0 0 0 0 2 0 5 13 0 38 0
0 0 0 0 0 0 1 5 0 0 0 0 0 0 0 0 19 0 0 1 0 46 0 10 0 0 0 0 0 0 0 0 37 0 0 0 0 0 0 0 3 0 4 0 0 0 0 0 0 18 28 0 0 562 0 6 2 0 15 15 2 0 0 3 0 2 2 0 0 15 19 0 0 8 0 0 4 0 7 0 0 0 0 0 0 0 0 0 0 0 1360 0 0 0 0 0 0 0 0 0 0 0 2 0 0 0 1 0 0 0 0 0 0 4 7 0 0 0 0 0 0 0 0 0 0 0 0 0 0 0 0 0 13 0 3 0 0 2 0 1 2 3 0 0
0 0 0 0 0 0 0 0 0 0 0 0 2 0 0 0 0 0 0 0 0 29 0 0 0 0 0 0 0 0 0 0 16 0 0 0 0 0 0 0 2 0 2 1 0 0 0 0 0 0 9 0 0 0 0 0 1 0 13 7 1 0 0 37 0 1 1 0 0 8 13 0 0 9 0 0 2 0 8 0 0 0 0 0 0 0 0 721 0 0 0 0 0 0 0 0 0 0 0 0 0 0 0 0 0 0 0 0 0 0 0 0 0 15 3 0 0 0 0 0 0 0 0 0 0 0 0 0 0 0 0 0 6 1 1 0 0 1 0 1 0 0 0 0
5 0 8 0 0 0 0 0 1 0 2 5 11 0 5 1 57 0 0 71 30 78 0 49 0 77 27 0 86 74 0 70 51 0 0 0 0 1 0 5 40 0 3 21 0 0 0 0 0 0 0 0 0 0 0 26 97 0 111 156 19 0 0 394 0 5 21 0 0 217 450 76 0 188 101 0 97 52 80 0 53 131 0 0 0 0 15072 0 0 0 0 0 0 27 0 0 0 0 0 0 0 0 0 0 0 0 0 1 0 0 0 0 0 93 32 0 0 0 43 0 0 0 0 0 0 0 0 0 0 0 0 0 30 9 20 0 0 5 0 6 38 21 3 1
0 0 0 0 0 0 0 0 0 0 0 0 2 0 4205 0 0 0 0 0 0 54 0 20 0 0 1 0 3 0 0 0 5 0 0 0 0 0 0 0 9 0 0 0 0 0 0 0 0 0 29 0 0 0 0 0 20 0 17 24 5 0 0 35 0 3 5 0 0 37 27 0 0 9 61 0 16 108 15 0 0 0 0 0 0 0 0 0 4075 0 0 0 0 0 0 0 0 0 0 0 0 0 0 0 0 0 0 0 0 0 0 0 0 11 7 0 0 0 0 0 0 0 0 0 0 0 0 0 0 0 0 0 2 0 0 0 0 0 0 1 0 0 0 0
0 0 0 0 0 0 0 0 0 0 0 0 0 0 0 0 0 0 0 0 0 0 0 0 0 2 0 0 0 0 0 0 0 0 0 0 0 0 0 0 0 0 3 0 0 0 0 0 0 0 0 0 0 0 0 0 0 0 1 0 0 0 0 0 0 0 0 0 0 2 0 0 0 0 0 0 0 0 1 0 0 0 0 0 0 0 0 0 0 0 0 59 0 0 0 0 0 0 0 0 0 0 0 0 0 0 0 0 0 0 0 0 0 0 5 0 0 0 0 0 0 0 0 0 0 0 0 0 0 0 0 0 0 0 0 0 0 0 0 0 0 0 0 0
0 0 0 0 0 0 0 0 0 0 0 0 4 0 13 1 0 128 247 274 234 0 0 0 0 11 29 30 22 22 7 30 91 0 0 0 0 0 0 0 0 0 5 0 0 0 0 0 0 0 1 0 0 0 0 0 10 0 28 33 4 0 0 0 0 3 5 0 18 39 66 0 0 4 0 0 6 0 7 0 0 1 5 817 1484 0 2 0 0 0 0 208 0 0 0 0 0 0 0 0 0 0 0 0 0 4 12 0 0 0 0 0 0 28 15 0 0 0 0 0 0 0 0 0 0 0 0 0 0 0 0 0 0 0 0 0 0 1 0 0 0 0 0 0
0 0 0 0 0 0 0 4 0 0 0 0 5 0 6 4 0 0 17 36 67 60 0 63 0 1196 92 111 54 1188 1174 1009 721 100 0 0 0 0 0 0 9 0 7 4 0 0 0 1 0 10 33 0 110 0 0 11 24 0 78 70 12 0 0 166 0 10 15 4 50 77 141 60 0 17 49 0 7 0 16 0 1009 2367 683 2598 424 0 0 0 0 0 0 0 0 0 0 0 0 0 0 0 0 0 0 0 0 5 31 12 0 0 0 0 1022 26 24 0 0 0 0 0 0 0 0 0 0 0 0 0 0 0 0 0 0 0 0 0 0 11 0 0 0 0 22 8
0 36 34 16 13 48 0 20 56 0 73 43 22 49 38 69 99 0 77 82 74 140 0 84 15 409 1222 127 14 400 409 348 264 3497 41 0 0 0 0 0 0 0 1825 103 0 44 87 111 18 0 57 2 0 0 1 100 187 0 36 95 37 0 0 81 0 19 40 16 107 93 89 0 0 1836 0 35 147 0 39 0 264 182 304 259 689 0 86 0 22 0 83 189 0 23 0 1 0 0 0 121 0 0 43 36 0 10 28 1 7 0 11 5 82 39 25 0 0 0 95 0 0 3 0 0 0 0 22 0 0 0 20 41 49 14 24 94 0 28 6 13 37 18 91 5
0 0 0 0 0 0 1085 129 0 0 0 9 0 0 56 7 78 27 31 31 32 165 30 64 2 116 79 45 8 114 115 101 74 50 24 0 0 0 0 0 0 0 37 136 0 87 0 145 19 109 136 0 0 0 0 2 14 0 29 25 8 0 0 39 0 7 8 2 17 26 36 14 0 64 114 0 23 63 45 0 67 62 101 15 59 0 92 0 45 0 110 26 0 42 0 1 0 0 0 0 0 0 36 59 0 9 12 0 0 55 26 8 62 37 30 0 0 5 171 0 0 607 0 0 0 0 140 0 0 0 0 36 29 8 11 108 0 27 18 80 91 31 82 171
0 0 0 0 0 21 6 119 0 0 0 45 4 0 79 16 97 35 44 44 43 240 0 77 2 0 140 68 9 1 0 18 25 133 36 79 3 0 0 0 0 0 135 168 0 97 0 198 26 61 184 9 0 0 0 0 28 0 33 34 15 0 0 49 0 14 16 3 26 38 44 18 0 203 138 2 96 114 117 0 32 81 51 26 76 0 124 0 74 1 139 40 0 51 0 4 0 0 0 0 0 0 57 73 0 73 75 0 1 56 1 13 77 80 47 0 0 0 167 0 0 430 0 0 0 0 240 0 0 0 0 70 78 0 48 134 0 39 17 89 66 0 175 217
48 0 0 0 0 23 39 121 0 0 0 114 21 0 183 26 116 47 63 62 60 244 84 99 1 0 234 79 9 2 0 26 45 256 58 0 19 10 0 35 22 0 212 263 0 78 0 242 39 75 151 23 0 0 0 56 91 0 39 62 54 0 39 72 24 49 53 32 58 70 69 11 0 251 194 41 427 278 249 0 86 110 71 40 107 0 177 0 109 0 187 53 0 71 0 3 10 0 0 11 0 0 55 98 0 53 34 0 0 94 38 20 112 68 54 0 0 0 203 0 0 414 0 0 0 0 390 0 0 0 0 66 75 6 38 173 0 17 15 60 75 33 169 5
0 0 0 0 0 0 5 720 16 0 0 0 7316 0 155 21 152 45 72 72 70 233 0 111 0 0 285 87 9 3 0 37 67 328 67 240 97 35 0 0 0 0 321 90 0 3 0 465 66 684 988 7 11 0 0 22 154 0 50 90 78 0 24 95 13 67 78 46 91 100 94 2 0 339 184 0 607 344 405 0 11 239 91 46 116 0 209 0 130 0 215 60 0 75 0 8 0 0 0 0 0 0 23 89 0 40 29 0 0 94 0 23 121 78 61 0 0 0 270 0 0 460 0 0 12 0 465 0 0 0 0 54 20 0 0 144 0 19 56 33 96 9 153 6
0 0 0 0 0 0 48 0 959 243 480 243 382 504 31 960 0 0 0 0 1 18 0 8 3 0 0 0 0 0 0 0 1 4 0 42 26 105 0 576 0 0 79 201 0 408 1937 0 0 48 84 0 0 0 0 0 32 0 17 16 12 0 0 12 0 8 14 5 16 22 15 0 0 100 0 0 63 15 210 0 0 62 15 0 0 0 0 0 0 0 0 0 0 0 0 0 0 0 0 0 0 0 0 0 0 34 37 0 0 0 0 0 0 27 5 0 0 0 0 0 0 0 0 0 0 0 0 0 0 0 0 6 16 0 0 0 0 1 0 32 0 0 22 5
101 0 0 0 0 179 212 284 129 535 1199 494 542 0 211 130 376 84 89 89 91 575 0 118 9 273 308 114 17 271 273 267 200 365 87 439 228 304 240 639 260 0 479 411 0 381 1753 373 57 267 523 0 35 0 0 73 181 5 95 113 108 0 58 117 72 97 106 77 116 132 117 69 0 489 272 69 706 414 522 0 20 153 289 56 143 3 231 2 152 8 232 80 0 100 0 18 29 0 20 33 0 0 118 96 91 88 93 0 264 112 3 25 133 124 89 0 0 0 259 0 62 1620 35 0 77 0 507 0 0 0 0 158 196 18 78 213 0 141 162 294 124 176 652 360
0 0 0 0 0 0 0 0 0 0 0 0 10 0 3 0 0 0 0 0 0 23 0 0 0 0 0 0 0 0 0 0 0 0 0 0 0 0 0 0 0 0 0 0 0 66 332 0 0 0 0 0 0 0 0 0 4 0 2 2 1 0 0 0 0 1 2 0 3 2 2 0 0 0 0 0 5 0 11 0 0 0 0 0 0 0 0 0 0 0 0 0 0 0 0 0 0 0 0 0 0 0 0 0 0 2 1 0 0 0 0 0 0 2 0 0 0 0 0 0 0 49 0 0 0 0 0 0 0 0 0 0 0 0 0 0 0 0 0 8 0 0 3 1
0 0 0 0 0 0 18 33 0 28 0 25 117 37 11 55 0 0 0 0 0 72 0 26 0 0 3 4 1 0 0 3 7 0 0 0 0 0 0 0 0 0 36 0 0 693 0 0 0 3 41 0 0 0 0 0 12 0 15 12 1 0 0 13 0 3 6 0 8 11 14 0 0 90 48 0 46 30 57 0 0 12 0 0 0 0 0 0 0 0 6 0 0 0 0 0 0 0 0 0 0 0 0 0 0 19 34 0 0 0 0 0 9 91 21 0 0 0 2 0 0 0 0 0 0 0 0 0 0 0 0 9 11 0 0 0 0 4 0 10 11 6 37 24
0 0 0 0 0 0 1423 94 7935 5405 6 9542 10431 6526 428 7314 703 147 167 166 170 238 0 209 60 482 418 200 31 475 480 483 308 473 124 497 1662 3194 3833 10525 1136 291 646 4022 0 6593 0 621 179 0 799 0 107 0 0 47 288 0 193 203 102 0 16 227 35 65 104 47 198 566 224 111 0 839 483 277 713 534 912 0 0 543 525 98 389 54 373 0 241 14 361 129 0 148 0 15 15 0 7 0 0 0 58 157 0 270 262 1 335 177 3 37 202 343 160 0 0 0 604 0 0 1573 49 0 72 64 691 0 0 0 0 34 59 0 0 472 0 149 175 408 305 310 429 561
0 0 0 0 0 0 12 0 555 257 633 333 55 230 14 509 159 0 20 19 31 116 0 46 5 47 18 22 4 46 29 46 44 11 15 0 0 0 0 0 0 0 0 0 0 0 0 163 0 0 431 0 0 0 0 0 21 0 83 35 14 0 0 50 0 15 16 7 29 43 48 20 0 50 52 0 21 35 60 0 0 50 54 0 13 0 26 0 0 0 60 5 0 6 0 0 0 0 0 0 0 0 0 0 0 7 18 1 0 0 0 3 34 27 19 0 0 0 140 0 0 2329 0 0 0 0 0 0 0 0 0 0 0 0 0 0 0 0 18 102 11 99 123 114
24 0 0 0 0 2 363 79 232 152 411 150 2777 220 68 276 0 12 41 41 47 139 0 73 3 77 32 39 8 76 51 76 57 18 30 0 344 482 1017 2482 0 0 0 220 85 506 0 138 30 50 297 0 0 0 0 0 53 0 59 47 24 0 0 58 0 23 31 12 43 48 54 34 0 98 143 36 97 68 120 0 58 59 80 0 62 0 56 0 0 0 87 4 0 3 0 3 0 0 0 0 0 0 4 0 0 43 41 2 0 0 0 5 33 54 32 0 0 0 157 0 0 0 0 0 0 0 0 0 0 0 0 17 62 0 0 91 0 30 33 134 35 41 115 120
0 0 0 0 0 0 0 0 0 0 0 0 0 0 23 0 73 0 12 4 31 254 0 61 1 108 65 77 2 103 30 68 68 34 0 0 0 0 0 0 72 0 25 64 0 0 0 0 0 20 0 0 0 0 0 0 13 0 32 25 5 0 0 38 0 9 10 4 17 25 36 11 0 31 109 0 13 54 30 0 47 6 24 0 53 28 152 0 0 0 131 0 0 27 0 0 0 0 0 0 0 0 0 0 0 0 4 0 0 0 0 0 55 32 29 0 0 0 38 0 0 0 0 0 0 0 0 0 0 0 0 66 74 0 23 0 0 10 0 5 0 0 164 4
40 0 0 0 0 0 0 0 0 0 0 0 0 0 80 10 331 27 26 32 53 91 0 33 3 42 42 3 1 41 20 44 82 12 26 0 0 0 0 0 27 0 114 12 0 39 0 831 0 0 2659 74 0 724 0 0 24 0 266 214 16 0 0 562 18 15 17 9 73 131 627 197 0 224 74 0 24 45 1470 0 80 0 34 0 81 0 47 0 0 0 35 0 0 0 0 0 17 0 0 1135 0 0 0 0 0 5 13 4 0 0 0 0 2 142 42 0 0 0 94 0 0 0 0 0 0 0 0 0 0 0 0 0 11 0 0 56 0 59 0 150 209 55 441 36
0 0 0 0 0 0 0 3739 0 0 76 12 15 0 0 0 68 432 415 430 405 64 58 182 11 32 70 0 0 7 24 20 54 1 0 48 0 0 0 0 0 0 43 0 29 48 0 0 807 0 215 0 18 0 0 248 39 0 216 64 18 0 3 133 0 14 18 0 0 70 131 12 0 2 0 0 28 50 149 0 0 106 0 0 63 0 0 0 0 0 0 27 0 27 0 0 0 0 5 0 0 0 0 113 0 0 2 17 0 0 0 0 60 44 42 0 987 45 10 552 0 1 0 0 0 279 615 21 0 0 0 0 0 0 0 41 0 60 0 153 131 350 526 72
0 0 0 0 0 0 0 0 0 0 0 0 0 0 0 0 0 81 95 95 86 0 0 17 2 5 7 0 0 0 4 0 7 0 0 0 0 0 0 0 0 0 33 0 0 0 0 1463 0 0 0 0 0 0 0 0 4 0 31 10 2 0 0 16 0 2 2 0 2 12 22 7 0 0 9 0 6 4 31 0 0 0 0 0 0 0 0 0 0 0 0 0 0 0 0 0 0 0 0 0 0 0 0 0 0 0 1 3 0 0 0 0 19 19 16 0 0 0 0 0 0 0 0 0 0 0 0 0 0 0 0 0 0 0 0 0 0 0 0 0 0 0 32 15
5 21 0 0 0 0 9 74 23 0 0 0 18 0 74 96 185 330 326 356 645 220 0 114 2 369 58 69 81 367 355 364 333 41 55 0 1 0 0 0 70 39 41 91 0 196 62 177 0 95 204 0 5244 1064 68 3 47 0 198 138 27 0 22 253 47 24 31 19 98 154 269 114 0 203 187 0 73 73 148 0 0 391 322 39 85 0 114 23 5 22 155 69 0 41 0 0 0 0 92 3415 0 0 0 0 0 43 77 0 19 0 0 0 6 176 85 0 0 0 92 0 0 0 156 0 0 0 0 0 0 0 0 26 37 0 8 80 0 79 22 37 72 89 351 116
186 0 5 0 0 275 172 6 53 0 83 286 0 0 290 0 197 157 146 0 151 202 0 203 10 512 641 544 39 514 511 519 570 798 0 686 162 317 237 0 230 0 902 545 0 76 199 464 100 0 156 0 0 4937 0 759 387 0 99 235 240 0 0 210 208 233 232 174 242 258 218 54 0 958 536 0 2057 1025 1287 0 194 805 501 112 284 7 429 4 279 4 417 130 0 144 0 16 35 0 0 20 0 0 0 0 0 33 511 0 3 0 0 0 171 86 55 0 0 0 7894 0 0 0 15 0 103 0 1007 0 0 0 0 0 81 0 0 289 0 16 0 17 154 0 171 609
113 20 0 35 0 75 618 0 158 0 424 276 1339 0 124 0 45 95 91 83 116 0 0 204 5 916 86 135 0 881 864 758 505 66 137 171 604 1415 3743 1619 903 1222 261 1106 2294 2984 1062 321 0 2 211 0 0 0 1781 202 98 0 179 120 39 0 0 207 0 25 40 5 55 129 199 103 0 270 357 0 248 0 311 0 36 423 547 597 0 0 34 0 0 0 0 30 0 158 87 0 224 0 0 668 0 0 0 0 0 119 110 41 0 0 0 24 47 107 92 0 56 0 143 0 0 63 0 0 0 0 0 0 0 0 0 0 0 0 0 429 0 80 0 54 0 0 185 57
31 0 0 0 0 6 77 97 0 0 0 45 193 0 64 15 105 159 152 155 231 163 0 134 2 146 133 220 25 146 129 173 215 42 102 0 68 90 3 216 113 83 53 176 204 272 155 326 3 2 204 0 272 0 0 226 42 0 609 244 39 0 25 344 64 40 40 32 124 229 336 193 0 301 383 0 61 107 246 0 147 243 168 86 182 35 247 0 23 11 173 60 0 61 0 0 0 0 0 0 0 0 81 124 0 14 29 145 0 73 71 29 113 103 104 0 0 390 480 0 517 0 0 0 0 0 91 0 0 0 0 679 111 0 0 2146 0 638 838 308 995 128 772 248
0 0 0 0 0 0 0 0 0 0 0 0 10 0 1380 0 0 0 0 0 0 6 0 0 1 46 0 2 0 52 0 49 47 57 0 0 0 5 0 0 68 0 327 2 0 0 59 168 36 0 993 0 0 0 0 0 424 0 575 174 284 0 0 0 192 282 271 153 175 157 113 0 0 653 191 0 2631 944 1613 0 37 41 104 0 0 3035 0 0 1286 0 49 18 0 2 0 0 0 0 0 0 0 0 0 0 0 3 9 0 0 0 0 515 1629 1843 2275 0 0 0 0 0 0 0 0 0 0 0 0 0 0 0 0 0 4 0 0 0 0 0 0 0 1 0 0 1
0 0 0 0 0 0 0 0 0 0 0 0 0 0 0 0 0 0 0 0 0 0 0 0 0 0 0 0 0 0 0 0 0 0 0 0 0 0 0 0 0 0 0 0 0 0 0 0 0 0 0 0 0 0 0 0 0 0 0 0 0 0 0 0 0 0 0 0 0 0 0 0 0 0 0 0 0 0 0 0 0 0 0 0 0 0 0 0 0 0 0 0 0 0 0 0 0 0 0 0 0 0 0 0 0 0 0 0 0 0 0 0 0 0 0 0 0 0 0 0 0 0 0 0 0 0 0 0 0 0 0 0 0 0 0 0 0 0 0 0 0 0 0 0
1082 163 143 6 131 314 137 70 151 32 158 298 120 77 297 173 3 198 187 214 226 0 0 0 0 460 592 669 51 462 454 484 537 608 132 542 103 214 166 80 181 0 587 496 29 84 608 410 90 66 197 63 129 151 38 806 1043 0 610 941 1179 1167 1165 640 1036 1122 1176 1194 998 814 697 734 0 595 502 540 877 588 689 29 240 237 461 393 1263 24 424 222 243 115 424 146 0 158 0 12 21 0 21 136 0 0 50 199 0 56 81 48 417 235 63 39 224 188 173 0 0 148 410 0 0 0 327 3466 1033 46 130 33 68 181 0 29 72 0 0 414 0 152 54 26 190 201 242 567
0 0 0 0 0 0 0 0 0 0 0 0 0 0 0 0 0 0 0 0 0 0 0 0 0 0 0 0 0 0 0 0 0 0 0 0 0 0 0 0 0 0 0 0 0 0 0 0 0 0 0 0 0 0 0 0 0 0 0 0 0 0 0 0 0 0 0 0 0 0 0 0 0 0 0 0 0 0 0 0 0 0 0 0 0 0 0 0 0 0 0 0 0 0 0 0 0 0 0 0 0 0 0 0 0 0 0 0 0 0 0 0 0 0 0 0 0 0 0 0 0 0 0 0 0 0 0 0 0 0 0 0 0 0 0 0 0 0 0 0 0 0 0 0
0 0 0 0 0 0 0 0 0 0 0 0 0 0 0 0 0 0 0 0 0 0 0 0 0 0 0 0 0 0 0 0 10 0 0 0 0 0 0 0 0 0 0 0 0 0 0 0 0 0 0 0 0 0 0 0 8 0 4 0 10 0 0 0 0 0 10 0 0 6 5 0 0 0 0 0 0 0 1 0 0 382 0 0 0 0 0 0 0 0 0 0 0 0 0 0 0 0 0 0 0 0 0 0 0 0 12 0 0 0 0 0 0 0 0 0 0 0 0 0 0 0 0 0 0 0 0 1587 0 0 0 0 0 0 0 0 0 0 0 0 0 0 0 0
0 0 0 0 0 0 0 0 0 0 0 0 1 0 0 0 0 0 0 0 0 0 0 0 0 0 0 0 0 0 0 0 0 0 0 0 0 0 0 0 0 0 0 0 0 0 0 0 0 0 0 0 0 0 0 0 0 0 0 0 0 0 0 0 0 0 0 0 0 0 0 0 0 0 0 0 0 0 0 0 0 0 0 0 0 0 0 0 0 0 0 0 0 0 0 0 0 0 0 0 0 0 0 0 0 0 0 0 0 0 0 0 0 0 0 0 0 0 0 0 0 0 0 0 0 0 0 0 0 0 0 0 0 0 0 0 0 0 0 0 0 0 0 0
2214 5494 4832 2032 5506 5283 280 507 3911 1052 2361 2421 160 3459 543 3740 4447 838 822 869 896 0 622 0 349 2672 1351 1414 111 2636 2665 2510 1966 619 657 798 112 215 116 254 276 34 411 764 110 257 254 632 120 110 292 695 180 182 113 749 176 0 620 303 71 0 31 507 66 0 77 30 172 740 465 116 0 462 418 0 167 1221 235 107 1501 4095 2347 1343 1973 609 628 738 415 268 942 1122 0 342 6 57 91 0 128 236 0 0 0 0 0 1000 286 0 10 0 0 0 1471 715 546 14 6299 669 615 322 0 156 7586 6617 2029 1430 2768 0 800 82 0 80 174 10 88 1093 0 215 156 80 282 151 417 602
7 0 0 0 0 17 15 0 0 0 0 0 31 0 93 10 32 2 1 5 14 0 0 0 0 457 28 209 17 449 451 375 252 36 0 3 7 17 0 0 59 0 29 138 0 66 50 97 2 0 27 0 663 21 0 83 30 0 85 43 48 0 0 59 0 0 48 15 2 48 67 0 0 40 57 0 13 0 30 0 187 197 267 144 220 173 125 239 76 80 145 332 0 4 0 0 0 0 0 0 0 0 0 0 0 11846 13 0 0 0 0 0 0 23 13 6950 0 0 4 0 0 0 0 0 0 0 0 0 0 0 0 0 0 0 0 0 0 7 0 0 0 0 14 1
0 0 0 0 0 0 0 0 0 0 0 0 0 0 0 0 0 0 0 0 0 0 0 0 0 0 78 506 0 0 0 0 8 168 0 0 0 0 0 0 0 0 126 0 0 0 0 0 0 0 0 0 0 0 0 1042 28 0 5 8 13 0 0 0 0 0 13 0 0 10 8 0 0 104 0 0 9 0 9 0 0 0 0 0 0 0 0 0 0 0 0 0 0 0 0 0 0 0 0 0 0 0 0 0 0 0 3 0 0 0 0 0 0 2 2 0 0 0 0 0 0 0 0 0 0 0 0 0 0 0 0 0 0 0 0 0 0 0 0 0 0 0 0 0
15 0 0 0 0 0 13 136 0 0 0 0 64 0 90 23 0 0 62 66 65 0 0 0 0 51 47 19 39 62 9 73 168 24 9 2 0 8 0 0 14 0 69 2572 0 45 40 40 0 164 153 0 0 139 0 0 70 0 173 94 79 0 35 154 0 14 81 67 44 81 136 11 0 89 803 0 43 1 157 0 275 3416 33 0 26 375 0 7 59 95 0 120 0 0 0 0 0 0 0 0 0 0 0 0 0 24 47 24 9 0 0 686 995 1080 1204 0 0 0 0 0 0 0 0 0 0 0 0 0 0 0 0 99 40 0 0 0 0 88 0 65 0 23 231 4
0 0 0 0 0 0 0 0 0 0 0 0 0 0 0 0 0 0 0 0 0 0 0 0 0 0 0 0 0 0 0 0 1 0 0 0 0 0 0 0 0 0 0 0 0 0 0 0 0 0 0 0 0 0 0 0 55 0 27 42 69 30 41 16 0 0 69 60 11 40 32 0 0 0 0 0 0 0 5 0 0 0 0 0 0 0 0 0 0 0 0 0 0 0 0 0 0 0 0 0 0 0 0 0 0 0 0 0 0 0 0 0 0 0 2 0 0 0 0 0 0 0 0 0 0 0 0 0 0 0 0 0 0 0 0 0 0 0 0 0 0 0 0 0
0 0 0 0 0 0 0 0 0 0 0 0 0 0 0 0 0 0 0 0 0 0 0 0 0 0 0 0 0 0 0 0 0 0 0 0 0 0 0 0 0 0 0 0 0 0 0 0 0 0 0 0 0 0 0 0 0 0 0 0 0 0 0 0 0 0 0 0 0 0 0 0 0 0 0 0 0 0 0 0 0 0 0 0 0 0 0 0 0 0 0 0 0 0 0 0 0 0 0 0 0 0 0 0 0 0 0 0 0 0 0 0 0 0 0 0 0 0 0 0 0 0 0 0 0 0 0 0 0 0 0 0 0 0 0 0 0 0 0 0 0 0 0 0
2 0 0 0 0 0 5 0 0 0 0 0 5 0 15 0 4 73 74 72 64 0 0 0 99 533 11 37 5 519 528 425 243 25 0 0 0 0 0 0 0 0 14 30 0 0 0 0 0 1 18 0 0 0 0 0 16 0 11 6 14 0 0 5 0 0 14 0 0 15 17 0 0 18 25 0 4 0 8 0 0 10 301 0 0 0 19 2 6 0 24 2 0 0 0 0 0 0 0 0 0 0 0 0 0 1 4 2 21 0 0 4 0 23 26 0 0 0 0 0 0 0 0 0 0 0 30 0 0 0 0 0 0 0 0 0 0 0 0 0 0 0 0 0
0 0 0 0 0 0 0 6 0 0 0 0 0 0 0 0 0 0 17 22 16 0 0 0 0 2612 2 0 17 2544 2519 2076 1169 0 0 0 0 0 0 0 0 0 0 0 0 0 0 0 0 19 0 0 0 0 0 0 48 0 21 30 49 0 0 8 0 0 49 34 0 32 26 0 0 0 0 0 0 0 5 0 0 0 1474 0 0 0 0 0 0 0 0 0 0 0 0 0 0 0 0 0 0 0 0 0 0 0 8 0 0 0 0 0 0 9 14 0 0 0 0 0 0 0 0 0 0 0 0 0 0 0 0 0 0 0 0 0 0 0 0 0 0 0 0 0
0 0 0 0 0 0 0 0 0 0 0 0 0 0 0 0 0 0 0 0 0 0 0 0 0 0 0 0 0 0 0 0 0 0 0 0 0 0 0 0 0 0 0 0 0 0 0 0 0 0 0 0 0 0 0 0 0 0 0 0 0 0 0 0 0 0 0 0 0 0 0 0 0 0 0 0 0 0 0 0 0 0 0 0 0 0 0 0 0 0 0 0 0 0 0 0 0 0 0 0 0 0 0 0 0 0 0 0 0 0 0 0 0 0 0 0 0 0 0 0 0 0 0 0 0 0 0 0 0 0 0 0 0 0 0 0 0 0 0 0 0 0 0 0
0 0 0 0 0 0 0 0 0 0 0 0 0 0 0 0 0 0 0 0 0 0 0 0 0 11 0 0 0 0 0 0 4 0 0 0 0 0 0 0 0 0 0 0 0 0 0 0 0 0 0 0 0 0 0 0 0 0 0 0 0 0 0 0 0 0 0 0 0 0 0 0 0 0 0 0 0 0 0 0 0 0 0 0 0 0 0 0 0 0 0 0 0 0 0 0 0 0 0 0 0 0 0 0 0 0 0 169 0 0 0 0 0 0 0 0 0 0 0 0 0 0 0 0 0 0 0 0 0 0 0 0 0 0 0 0 0 0 0 0 0 0 0 0
0 0 0 0 0 0 0 0 0 0 0 0 39 0 0 0 0 0 42 56 48 0 0 0 0 58 870 186 1 43 0 34 59 2623 0 72 0 0 0 0 40 0 1448 13 0 0 0 0 0 0 0 0 0 0 0 162 252 0 72 152 168 0 100 88 0 105 168 142 153 132 108 0 0 1376 0 0 110 17 41 0 0 15 61 0 0 0 0 0 0 0 0 0 0 0 0 0 0 0 0 0 0 0 0 0 0 6 20 33 0 0 0 0 0 13 19 0 0 0 0 0 0 0 0 0 0 0 0 0 0 0 0 0 0 0 0 0 0 0 0 0 0 0 0 0
596 179 170 0 212 1161 748 188 293 181 514 1245 1038 0 1383 343 707 885 910 887 819 628 0 1066 62 2144 2719 2394 200 2314 2145 2267 2286 4896 2836 2836 775 1824 1409 923 1768 408 8207 2208 52 164 1648 2264 1334 135 2385 795 891 440 424 6729 7517 308 828 3010 4853 86 3908 2324 3757 4791 4643 3629 3763 3153 2651 701 0 12990 6218 512 44038 17723 26695 17694 1291 1582 3332 1233 2045 187 1898 175 1479 62 2532 782 0 897 1114 493 1597 606 486 1058 0 144 307 659 5220 450 3348 0 2429 1058 260 199 979 834 514 0 0 380 1678 377 448 0 274 0 659 179 0 62 0 0 0 208 343 75 228 1819 0 27 10 75 507 162 757 2389
0 45 21 0 0 0 0 0 0 0 0 0 0 0 1 0 0 0 0 5 0 0 0 3 3 0 2 0 0 0 0 0 8 0 0 0 0 0 0 0 0 0 1 0 0 0 0 0 0 0 17 0 0 0 0 0 2 0 21 8 2 0 0 0 0 2 2 0 1 5 20 0 0 0 103 0 0 0 32 0 0 0 0 0 0 0 0 0 0 0 0 0 0 0 0 0 0 0 0 0 0 0 0 0 0 0 0 0 0 0 0 0 0 9 8 0 0 0 0 0 0 0 0 0 0 0 0 0 0 0 0 0 0 0 0 0 0 0 0 0 0 0 0 0
0 2480 0 618 3027 204 5 237 0 0 0 0 0 0 0 59 5 0 0 10 18 0 0 29 23 2 69 0 17 2 0 0 46 149 0 122 0 0 0 0 12 0 137 0 0 0 0 0 0 228 0 0 0 0 0 0 11 0 112 38 2 0 0 149 0 1 2 0 11 43 106 85 0 0 0 0 15 0 176 0 0 0 0 0 0 0 0 0 0 0 0 0 0 0 0 0 0 0 0 0 0 0 0 0 0 0 2 1 0 0 0 0 0 0 14 0 0 0 0 0 0 0 0 0 0 0 0 0 0 0 0 0 0 0 0 0 0 4 0 0 0 0 11 0
0 181 307 0 0 0 0 154 0 0 0 63 26 0 62 114 0 168 195 213 225 0 0 0 47 86 73 650 85 97 27 108 235 115 193 0 0 0 0 3 127 0 74 25 0 244 0 84 1061 175 188 222 930 600 314 996 280 0 406 380 312 87 280 531 130 269 312 307 296 307 482 361 0 164 1607 0 165 62 585 0 556 409 78 202 925 0 8 525 0 0 0 3 0 163 0 73 0 0 0 167 0 0 0 0 0 15 31 81 441 0 0 0 285 121 98 0 0 0 0 0 0 0 0 0 0 0 0 0 0 0 0 0 0 0 0 485 0 258 41 0 0 78 694 19
0 0 0 0 0 0 0 0 0 0 0 0 0 0 48 0 0 0 0 0 0 0 0 0 0 0 0 0 0 0 0 0 4 0 0 0 0 0 0 0 0 0 0 0 0 0 0 0 0 0 0 0 0 0 0 0 0 0 1 3 0 0 0 0 0 0 0 0 0 3 4 0 0 2 0 0 0 0 1 0 0 0 0 0 0 0 0 0 20 0 105 5 0 0 0 0 0 0 0 0 0 0 0 0 0 0 1 0 0 0 0 0 0 1 0 0 0 0 2 0 0 0 0 0 0 0 0 0 0 0 0 0 0 0 0 0 0 0 0 0 0 0 0 0
21 0 0 0 0 0 2 0 0 0 0 0 91 0 7 11 0 0 5 10 8 0 0 0 0 0 54 0 13 1 0 0 26 179 8 399 0 0 0 0 0 0 141 0 0 0 0 0 0 0 0 0 0 456 0 0 72 0 39 34 45 0 26 38 0 44 44 31 38 423 39 0 0 171 153 0 417 0 276 0 0 0 3 0 0 0 0 0 0 0 0 0 0 0 0 0 0 0 0 0 0 0 0 0 0 79 310 0 0 0 0 0 0 64 194 0 0 0 0 0 0 0 0 0 0 0 0 0 0 0 0 0 0 0 0 0 0 15 0 4 62 0 0 0
0 0 0 0 0 0 0 0 0 0 0 0 0 0 0 0 0 0 0 0 0 0 0 0 0 0 0 0 0 0 0 0 0 0 0 0 0 0 0 0 0 0 0 0 0 0 0 0 0 0 0 0 0 0 0 0 0 0 0 0 0 0 0 0 0 0 0 0 0 0 0 0 0 0 0 0 0 0 0 0 0 0 0 0 0 0 0 0 0 0 0 0 0 0 0 0 0 0 0 0 0 0 0 0 0 0 0 0 0 0 0 0 0 0 0 0 0 0 0 0 0 0 0 0 0 0 0 0 0 0 0 0 0 0 0 0 0 0 0 0 0 0 0 0
630 141 167 939 92 107 308 568 116 0 168 194 881 44 274 166 624 2714 3299 3200 2945 756 350 879 27 306 311 383 102 316 304 396 560 170 1778 44 387 1058 1426 1214 1159 1615 258 673 2081 3887 2523 1608 787 591 4140 767 696 2245 1863 262 201 0 972 423 47 0 10 876 93 24 53 12 250 474 845 430 0 645 1298 364 324 348 745 0 1563 408 536 738 809 98 144 83 148 124 461 303 559 2176 2067 1617 1565 2680 1354 4043 0 0 225 175 0 194 239 123 74 96 209 142 634 593 503 0 406 29 350 1876 1335 474 99 1519 633 115 345 192 540 651 60 228 232 175 420 1494 0 430 131 580 361 452 1541 282
3 0 0 0 0 0 29 0 0 0 0 5 23 0 29 29 0 209 578 631 560 133 0 37 17 8 158 36 122 58 0 101 451 94 0 0 0 0 0 0 111 0 31 39 87 1453 0 0 0 108 38 83 0 0 0 0 39 0 56 144 22 0 0 121 0 19 23 3 119 143 139 32 0 81 9 0 38 34 55 0 0 0 0 0 0 0 20 0 0 0 0 0 0 109 0 179 64 0 0 166 0 0 0 0 0 15 51 26 0 0 0 0 25 65 43 0 90 141 0 0 0 0 0 0 0 0 0 0 0 0 0 16 5 0 0 78 0 21 2 22 0 4 37 16
0 0 0 0 0 0 0 0 0 0 0 0 0 0 0 1 0 0 0 0 0 158 0 31 0 1 27 0 7 7 0 4 81 0 0 0 0 0 0 0 0 0 8 0 0 0 0 0 11 0 78 0 0 0 0 0 6 0 39 0 5 0 0 25 0 5 6 0 16 17 21 0 0 8 46 0 2 4 18 0 15 0 0 0 0 0 0 0 0 0 0 0 0 0 0 195 0 0 0 0 0 0 0 0 0 0 11 4 0 0 0 0 0 21 21 0 0 0 0 0 0 0 0 0 0 0 0 0 0 0 0 8 33 0 0 0 0 24 0 58 7 0 73 37
0 0 0 0 0 0 0 0 0 0 0 0 0 0 0 0 0 0 0 2 0 90 0 37 0 1608 5 0 16 1567 1464 1224 737 0 0 0 0 0 0 0 0 0 2 12 0 0 0 0 0 7 39 0 0 0 0 0 10 0 19 13 5 0 0 19 0 4 6 0 0 15 13 0 0 7 38 0 2 0 16 0 52 135 0 0 0 0 0 0 0 0 0 0 0 0 0 0 0 0 0 0 0 0 0 0 0 0 0 0 0 0 0 0 0 32 32 0 0 0 177 0 0 0 0 0 0 0 0 0 0 0 0 0 1 0 0 0 0 0 0 2 6 0 33 0
105 0 0 0 0 16 1 103 0 0 0 0 11 0 43 15 58 0 7 82 0 318 0 192 53 239 301 113 67 258 214 329 349 0 0 0 0 0 0 0 47 0 15 109 0 9 14 101 4 88 155 0 0 0 0 27 71 0 200 128 25 0 0 430 11 11 28 5 88 145 341 189 0 38 106 0 31 68 34 0 29 37 148 0 457 0 93 15 35 0 108 0 0 38 0 0 0 0 0 0 0 0 0 0 0 60 86 0 15 0 0 49 160 163 155 0 4126 0 422 0 0 0 0 0 38 0 43 0 0 0 0 33 20 0 0 10 0 44 0 23 59 15 169 147
0 0 0 0 0 0 2 0 0 0 0 0 0 0 11 8 0 0 0 9 0 153 0 158 30 2344 87 214 64 2315 2190 1906 1288 0 0 0 0 0 0 0 0 0 10 2 0 0 0 0 0 0 53 0 0 17 0 373 56 0 122 102 43 0 0 136 0 39 45 22 82 94 162 75 0 35 64 0 15 4 46 0 399 1821 1301 0 0 0 0 1991 0 0 0 16 0 0 0 0 0 0 0 0 0 0 0 0 0 5 41 31 0 0 0 0 94 59 27 0 288 0 0 0 0 0 0 0 0 0 0 0 0 0 0 0 0 0 0 0 0 17 0 1 0 0 68 17
4 0 0 0 0 0 2 34 1 0 1 16 20 0 47 14 0 2792 2822 2772 2700 813 0 893 43 18 0 172 55 27 12 78 172 37 1325 15 3 1 5 4 31 0 71 16 0 12 61 0 1 48 27 46 0 41 0 0 102 0 2672 238 29 0 0 446 0 15 32 10 111 254 367 1112 0 228 61 45 106 192 264 0 17 19 192 1302 69 0 334 0 0 0 0 2897 4362 246 1665 291 173 522 1479 760 0 0 0 0 0 73 101 113 20 0 0 0 30 291 441 0 828 30 12 0 0 0 0 0 0 0 0 0 0 0 0 0 0 0 0 0 0 3 0 0 3 0 0 12
0 0 0 0 0 0 0 0 0 0 0 0 6 0 12 0 0 0 0 67 65 81 0 22 0 16 11 73 108 15 0 35 91 0 146 0 0 0 0 0 14 0 9 16 0 0 0 0 0 2 44 0 0 0 0 5 111 0 151 179 21 0 0 535 7 5 24 0 108 254 600 158 0 227 47 0 91 88 85 0 0 148 137 0 30 0 0 0 0 0 24 4752 0 0 0 0 0 0 0 516 0 0 0 0 0 66 93 1 41 0 0 0 8 127 28 0 0 0 3 0 0 0 0 0 0 0 0 0 0 0 0 0 0 0 0 0 0 0 0 0 0 0 0 6
2 0 0 0 0 0 3 132 0 0 0 3 23 0 14 5 0 165 192 240 289 278 0 41 2 117 17 58 35 0 116 121 487 8 925 23 3 6 7 21 31 0 24 30 109 995 7 34 2 236 119 0 0 413 301 21 31 0 419 212 10 0 0 913 0 6 13 0 102 207 708 412 0 260 48 0 75 79 178 0 158 133 170 0 0 370 65 0 9 0 0 4873 0 109 1023 125 287 125 715 0 0 0 0 0 0 15 61 23 12 0 0 0 4 357 91 0 0 2 0 0 0 0 0 0 0 0 0 0 0 0 0 16 22 0 0 0 0 9 0 0 7 0 101 5
8 0 0 0 0 0 1 2 0 0 0 9 4 0 5674 4 61 0 16 49 45 171 0 61 0 87 40 108 9 85 86 0 59 2 30 0 0 0 0 0 39 0 8 86 0 12 1 69 18 62 114 0 0 51 0 0 35 0 44 46 12 0 0 67 0 9 13 0 31 64 71 30 0 27 114 11 0 69 30 0 52 78 106 0 59 25 68 0 0 0 0 51 0 31 0 0 0 0 0 0 0 0 47 28 0 17 24 0 22 0 0 4 49 42 31 0 0 0 93 0 0 0 0 0 0 0 21 0 0 0 0 41 53 0 21 81 0 9 0 10 32 23 116 1
1 0 0 0 0 0 2 67 0 0 0 2 15 0 19 9 67 0 86 137 133 217 0 58 4 36 27 0 16 35 34 42 42 7 1143 8 0 0 2 3 28 0 12 55 0 11 13 67 23 108 151 0 0 35 0 40 95 0 256 163 26 0 0 714 0 12 29 5 102 209 579 266 0 193 99 27 96 99 88 0 45 49 148 0 51 6 135 0 16 0 0 174 0 41 1346 164 128 0 60 0 0 0 32 13 0 60 82 30 45 0 0 7 38 267 77 0 344 21 52 0 0 0 0 0 0 0 0 0 0 0 0 46 68 0 0 60 0 16 0 15 25 28 152 3
0 0 0 0 0 0 0 0 0 0 0 0 0 0 2100 1 0 0 0 41 82 34 0 12 1 11 12 21 0 32 8 23 503 1 133 0 0 0 0 0 23 0 8 0 0 0 0 0 0 19 33 0 0 1621 0 0 22 0 230 218 5 0 0 518 3 3 8 0 98 223 458 217 0 250 30 41 0 53 102 0 2 114 37 0 94 126 0 6969 1961 1362 0 446 0 0 0 75 0 0 0 46 0 0 0 0 0 1 57 42 0 0 0 0 0 189 57 0 0 0 0 0 0 0 0 0 0 0 0 0 0 0 0 11 10 0 0 0 0 3 0 3 5 0 0 0
0 0 0 0 0 0 0 0 0 0 0 0 5 0 14 5 0 0 118 186 168 150 0 0 9 31 37 73 13 30 30 19 0 0 297 0 0 0 0 0 8 0 7 23 0 0 0 32 11 0 29 0 0 0 0 0 24 0 89 32 10 0 0 58 0 6 10 0 20 41 49 39 0 34 66 0 0 39 29 0 28 45 46 38 0 0 0 0 0 0 0 0 0 64 286 0 0 237 98 0 0 0 9 24 0 18 25 75 0 0 0 0 0 55 50 0 1157 0 41 0 0 0 128 0 0 0 0 0 0 0 0 13 7 0 0 0 0 5 0 5 17 1 44 3
1178 281 199 400 221 256 334 196 253 108 320 380 429 273 474 283 312 4142 4202 4117 3695 1286 1557 1913 23 1002 523 1375 180 982 983 961 903 371 1535 363 342 494 453 532 656 616 381 682 864 2175 1143 834 250 140 794 1009 762 516 428 1664 327 148 780 528 190 112 161 863 232 168 198 167 384 593 821 484 158 702 549 264 274 461 459 0 625 1982 966 1093 1306 0 1022 914 361 34 817 1390 0 1528 1478 765 1339 1863 2460 2231 0 0 418 479 0 151 224 534 379 556 822 320 843 947 835 15 0 775 690 395 493 206 168 131 1214 958 2811 245 303 428 0 84 149 10 92 1151 0 338 130 114 353 234 503 593
5 0 0 0 0 0 3 0 0 0 0 0 6 0 3 6 5 63 74 76 82 0 0 107 0 6 19 4 2 6 0 8 22 5 126 0 0 0 0 0 39 0 13 43 0 0 0 0 4 0 55 0 0 0 0 0 13 0 104 37 13 0 0 52 5 13 14 2 22 37 48 29 0 269 19 0 135 82 119 0 0 5 114 0 11 0 5 0 0 0 3 0 0 0 0 263 0 0 0 0 0 0 0 111 0 4 6 105 0 0 0 0 0 53 62 0 0 0 17 0 0 0 0 0 0 0 0 0 0 0 0 24 0 0 0 0 0 208 139 45 61 49 142 10
102 14 22 28 7 33 14 98 0 0 0 42 36 24 74 48 171 2141 2167 2121 1879 351 588 754 15 111 101 311 28 114 100 132 178 33 3964 13 10 5 7 33 83 47 34 153 59 229 44 277 87 58 230 99 104 0 123 300 115 36 296 240 76 0 67 320 78 69 78 68 158 269 314 164 0 267 210 71 109 153 158 0 266 80 241 146 181 0 45 0 43 0 200 0 0 1668 0 306 515 896 895 127 76 36 1354 1905 0 55 79 1662 103 792 1090 821 1408 1329 1498 0 0 679 161 0 0 79 572 0 84 12 106 94 98 676 0 57 63 0 500 722 0 206 114 71 134 239 705 168
11 0 0 0 0 0 6 44 0 0 0 0 8 0 19 11 29 45 36 50 79 106 0 64 3 86 106 30 10 86 80 94 96 16 1015 0 0 0 0 0 26 0 22 31 0 155 0 76 33 18 123 42 0 156 163 5 41 0 252 115 33 0 28 156 36 32 34 29 70 104 154 91 0 159 107 0 54 31 118 0 0 0 114 106 31 0 73 0 0 0 0 44 0 0 0 0 1464 299 444 246 0 0 37 23 0 20 35 20 1 8 19 0 20 48 45 0 96 155 85 0 0 0 0 0 0 0 0 0 0 1884 0 21 39 0 315 0 0 309 45 65 52 306 299 90
68 0 6 0 0 68 22 68 0 0 0 10 27 0 92 21 170 619 626 589 557 231 0 270 5 226 141 256 22 224 221 212 164 105 307 68 10 25 0 0 80 0 88 203 0 59 66 273 0 53 141 12 0 0 47 182 65 0 158 135 47 0 43 171 62 44 48 33 90 131 166 102 0 195 234 49 58 132 125 0 0 233 227 31 148 0 82 0 77 0 219 12 0 636 0 0 0 80 1162 0 0 0 86 113 0 26 36 23 93 119 68 185 391 353 388 0 57 60 242 0 0 0 18 0 30 0 204 0 0 0 0 43 50 0 0 409 0 392 116 1564 114 237 299 306
252 175 156 230 156 430 178 169 72 27 68 579 192 143 464 123 367 1354 1373 1353 1244 494 729 954 43 767 803 917 71 759 757 747 649 724 353 615 148 305 296 194 302 72 629 811 188 299 280 745 25 119 316 136 231 205 143 948 231 63 423 277 130 39 100 433 154 116 131 105 213 325 398 247 0 688 639 219 481 615 439 0 394 382 777 498 499 0 758 0 418 257 831 0 0 296 0 0 0 0 1208 107 7 5 216 486 0 108 147 88 620 453 221 168 714 490 445 0 227 0 988 510 507 106 183 3013 185 1891 2274 97 308 311 0 151 156 0 126 577 0 266 87 94 312 248 781 1262
101 0 25 0 6 150 58 100 0 0 0 66 36 0 166 33 1487 646 660 643 570 343 0 441 15 315 240 453 32 311 314 307 263 182 78 164 28 51 25 14 131 0 146 344 0 66 135 382 35 0 187 0 24 68 21 435 82 0 117 131 29 0 3 190 40 22 30 19 90 279 184 89 0 221 312 51 89 225 110 0 132 179 342 55 211 0 262 0 143 0 279 0 0 260 0 0 0 0 0 0 0 0 91 153 0 62 86 0 144 171 64 20 189 153 118 0 0 0 444 0 0 0 3395 0 55 2100 3179 0 114 0 0 51 75 0 0 585 0 0 23 3 120 71 326 1072
51 0 0 0 0 12 9 215 0 0 0 0 51 0 157 0 167 757 760 765 695 186 0 183 6 97 128 224 22 99 87 151 233 39 150 0 8 1 0 23 61 0 49 157 19 112 24 226 0 100 124 0 0 0 30 192 70 0 268 174 33 0 20 359 59 26 35 5 103 200 383 157 0 189 197 0 73 99 187 0 0 554 181 35 186 0 0 113 55 25 0 205 0 201 0 0 61 0 38 0 0 0 64 225 0 41 62 39 64 84 147 8 131 126 104 0 610 164 203 0 0 0 168 0 15 0 127 36 0 0 0 61 59 0 27 689 0 194 357 194 282 440 1068 196
45 54 26 41 36 37 29 107 43 30 112 52 59 111 57 49 88 0 0 643 560 344 456 455 3 115 49 160 17 117 114 112 115 30 67 28 19 43 43 63 71 50 71 3913 143 121 72 107 134 109 169 76 553 286 75 108 71 71 112 103 70 74 71 157 80 68 71 69 86 105 138 107 124 178 175 123 77 145 97 38 117 147 144 274 268 110 94 549 48 57 264 42 63 34 0 32 20 0 27 43 0 0 0 0 0 47 67 0 4 2858 3122 0 90 210 90 3 10 58 79 57 170 70 88 28 19 13 53 19 39 44 0 69 66 54 57 154 0 61 66 56 54 77 159 76
19 25 14 13 16 32 14 249 0 0 7 31 31 31 39 24 38 356 362 354 315 480 0 189 29 83 50 105 25 84 82 79 72 41 41 28 11 24 17 28 39 18 30 71 22 62 43 108 60 274 218 41 282 340 32 19 40 30 63 57 38 38 40 81 15 37 38 37 47 58 74 57 0 50 92 74 18 57 39 8 69 80 91 134 138 81 65 260 34 32 145 25 13 36 0 17 2 0 11 22 0 0 0 0 0 9 14 0 2 1387 1658 69 155 142 155 0 0 28 66 0 66 33 49 0 9 0 65 1 9 3 43 115 88 70 67 93 0 32 25 39 33 39 218 3200
13 37 19 27 25 5 28 158 27 19 67 10 34 71 17 36 2327 460 465 455 406 428 379 377 1 27 17 66 0 55 19 36 70 10 21 0 0 0 0 0 26 0 10 8 0 44 0 19 92 143 201 53 359 293 0 42 59 0 89 83 63 71 66 118 51 63 64 55 70 78 103 88 0 36 95 90 15 80 51 0 70 65 53 103 172 103 23 431 0 0 32 0 0 3 0 0 0 0 0 0 0 0 0 0 0 10 16 0 3 2333 2815 0 65 52 38 0 0 0 3 0 16 0 65 0 2 4 1 0 0 0 0 7 0 0 0 0 0 0 0 44 0 0 132 16
14 22 13 15 16 23 4 133 11 6 36 20 22 40 29 16 71 257 254 265 239 320 169 168 1 66 23 68 24 66 5 44 55 7 8 0 0 0 0 0 31 0 10 37 0 7 308 35 42 0 162 30 203 173 0 61 59 0 77 87 38 38 36 171 15 34 39 18 62 103 186 79 0 83 82 43 39 57 50 0 60 46 68 33 39 59 4315 176 0 0 67 0 0 0 0 0 0 0 0 0 0 1 0 0 0 25 33 0 12 1072 1436 0 46 59 33 0 0 0 0 0 0 0 39 0 9 0 29 0 0 0 0 18 10 0 0 0 0 0 0 0 11 0 73 62
1 0 1 2 1 0 0 134 4 0 8 11 16 2 1 5 17 5 4 5 5 28 15 15 0 954 2 32 11 931 955 765 430 3 4 37 1 2 9 15 4 0 16 6 4 4 3 21 8 150 21 3 2 16 4 36 5 2 5 5 2 1 2 8 4 2 2 2 4 5 7 6 0 3 26 7 2 7 6 0 13 9 547 3 15 4 4 9 1 1 20 3 0 7 0 1 0 0 0 1 0 0 0 0 0 0 3 0 0 21 22 0 9 5 3 0 0 2 20 1 2 2 2 0 1 0 0 0 0 2 4 8 10 10 7 20 1 2 2 2 8 6 20 18
0 0 0 0 0 0 0 39 0 0 0 0 0 0 2 0 0 0 8 8 8 11 0 9 0 460 1 0 5 448 398 357 207 0 0 0 0 0 0 0 0 0 0 0 0 0 0 7 0 31 6 0 0 0 0 0 3 0 3 1 1 0 0 4 0 1 1 0 2 3 4 0 0 2 9 0 1 0 3 0 0 6 263 0 0 0 0 0 0 0 0 0 0 0 0 0 0 0 0 0 0 0 0 0 0 0 2 0 0 13 8 0 5 6 6 0 0 0 8 0 0 0 0 0 0 0 0 0 0 0 0 0 0 0 0 0 0 0 0 0 1 0 1 13
0 0 0 0 0 0 0 8 0 0 0 0 0 0 0 0 0 0 0 0 0 4 0 1 0 170 0 0 0 164 91 123 76 0 0 0 0 0 0 0 0 0 0 0 0 0 0 0 0 0 0 0 0 0 0 0 1 0 1 0 0 0 0 0 0 0 0 0 0 1 1 0 0 0 0 0 0 0 1 0 0 0 90 0 0 0 0 0 0 0 0 0 0 0 0 0 0 0 0 0 0 0 0 0 0 0 0 0 0 0 0 0 0 0 0 0 0 0 0 0 0 0 0 0 0 0 0 0 0 0 0 0 0 0 0 0 0 0 0 0 0 0 0 3
0 0 0 0 0 0 0 0 0 0 0 1 0 0 0 0 0 0 0 0 0 0 0 0 1380 0 0 0 0 0 0 0 0 7562 0 0 0 0 0 5 0 0 0 0 0 0 0 0 0 0 0 0 0 0 0 0 0 0 0 1 0 0 0 0 0 0 1 0 176 0 0 0 117 0 0 0 0 0 1 0 0 0 36 15 0 0 0 0 1 0 0 0 0 0 0 0 0 0 0 0 0 0 0 0 0 0 0 0 0 0 0 0 0 0 0 0 0 0 0 0 0 0 1 0 2 0 34 0 0 0 0 0 0 0 0 0 0 0 0 0 0 0 0 0
0 0 1 0 0 0 0 37 0 0 0 1 2 0 1 2 18 0 23 26 18 43 0 31 0 1176 3 1 13 1146 1140 941 532 1 4 0 0 0 0 1 5 0 1 12 0 7 6 32 7 33 28 0 0 3 0 2 8 0 10 10 4 0 1 13 0 4 5 0 7 9 13 9 0 6 38 0 2 14 10 0 15 16 677 0 18 0 0 0 0 0 13 3 0 6 0 0 0 0 0 0 0 0 0 0 0 0 5 0 0 101 93 3 22 15 14 0 0 0 30 0 0 0 2 0 0 0 0 0 0 0 0 11 14 2 4 32 0 3 3 3 13 9 29 29
45 69 37 39 36 71 21 49 40 29 118 77 56 113 80 45 82 733 741 725 642 178 400 398 18 181 95 221 29 182 131 167 149 61 73 1 0 0 0 0 77 0 47 151 0 86 45 85 115 12 100 78 818 49 0 170 62 0 99 97 55 59 55 156 2 53 56 36 76 101 138 100 0 94 198 77 32 165 76 0 150 161 170 124 284 59 145 510 15 33 297 15 0 78 0 0 0 0 0 0 0 0 0 0 0 0 29 1 0 0 0 189 410 348 371 0 0 0 87 0 0 0 83 0 34 5 141 0 0 0 0 13 0 0 0 0 0 0 0 42 60 24 95 1737
77 89 51 28 81 56 10 60 98 53 220 82 67 168 63 99 84 848 856 839 762 181 478 476 3 183 71 206 23 185 150 170 195 26 74 0 0 0 0 22 82 0 26 109 0 164 61 92 157 16 110 113 902 88 0 155 81 0 218 146 77 83 78 231 56 76 78 68 109 157 212 145 0 107 186 97 36 158 107 0 158 182 186 280 330 65 134 633 21 49 273 20 0 65 0 0 0 0 0 0 0 0 0 0 0 0 37 1 0 11835 0 366 698 602 676 0 0 138 177 0 578 0 330 0 74 119 62 0 12 0 0 0 0 0 0 23 0 129 202 197 133 185 193 159
36 0 0 0 0 0 0 37 0 0 0 0 1 0 8 1 0 71 71 71 70 107 0 83 0 178 162 539 20 176 171 160 105 154 32 0 0 0 0 0 3 0 81 4 0 0 0 14 34 23 75 22 0 0 0 0 21 0 31 28 10 10 9 44 0 9 10 0 13 28 38 25 0 99 155 17 12 6 38 0 88 81 96 0 129 12 6 0 0 0 3 32 0 35 0 0 0 0 0 0 2 0 0 0 0 2 9 0 0 0 0 0 26 95 108 0 0 0 0 0 0 0 34 0 0 0 0 0 0 0 0 9 0 0 0 93 0 0 0 3 0 0 0 1
0 0 0 0 0 0 0 0 0 0 0 0 3 0 0 0 0 78 78 78 74 135 0 115 0 281 113 181 19 280 236 218 159 349 0 0 0 0 0 0 19 0 249 0 0 0 0 0 0 0 0 0 0 0 0 0 130 0 40 62 82 0 60 68 0 80 79 33 62 55 61 14 0 338 270 0 646 206 416 0 0 107 144 0 0 0 0 0 0 0 15 34 0 46 0 0 0 0 0 0 0 0 0 0 0 0 7 0 0 0 0 0 0 184 223 0 0 0 0 0 0 0 0 0 0 0 0 0 0 0 0 0 0 0 0 0 0 0 0 0 0 0 0 1
0 0 0 0 0 0 0 0 0 0 0 0 0 0 0 0 0 0 0 0 0 0 0 2 0 0 0 0 0 0 0 0 1 0 0 0 0 0 0 0 0 0 0 0 0 0 0 0 0 0 0 0 0 0 0 0 2 0 5 3 2 0 0 0 0 2 2 0 0 3 5 0 0 0 4 0 0 0 6 0 0 0 0 0 0 0 0 0 0 0 0 0 0 0 0 0 0 0 0 0 0 0 0 0 0 0 0 0 0 0 0 0 0 0 6 0 0 0 109 0 0 0 0 0 0 0 0 0 0 0 0 0 0 0 0 0 0 0 0 0 0 0 0 0
0 0 0 0 0 0 0 0 0 0 0 1 0 0 0 0 0 0 0 0 0 0 0 0 0 0 0 0 0 0 0 0 0 0 0 0 0 0 0 0 0 0 3 0 0 0 0 0 0 0 0 0 0 0 0 0 0 0 0 0 0 0 0 0 0 0 0 0 0 0 0 0 0 0 0 0 0 0 0 0 0 0 0 0 0 0 0 0 0 0 0 0 0 0 0 0 0 0 0 0 0 0 0 0 0 0 0 0 0 0 0 0 0 0 0 0 0 0 0 0 0 0 0 0 0 0 0 0 0 0 0 0 0 0 0 0 0 0 0 0 0 0 0 0
135 35 38 13 44 203 125 53 37 20 54 201 126 33 220 47 149 0 0 179 97 164 0 156 15 363 445 405 29 363 363 354 289 526 122 487 105 218 190 84 164 36 568 386 49 77 152 315 89 51 133 59 251 105 53 530 243 25 80 139 150 0 0 148 135 143 145 113 144 156 146 82 55 600 425 93 1193 661 765 19 184 185 360 85 209 35 297 105 195 84 300 92 0 124 1 26 50 4 31 51 0 10 79 137 0 36 231 6 3 816 792 84 258 194 189 0 793 49 291 45 57 33 83 36 99 37 694 43 25 34 0 53 72 17 52 305 0 23 48 25 115 62 145 436
1179 414 208 225 243 294 123 165 139 0 281 409 155 154 236 154 253 1301 1336 1287 1215 1505 2904 2888 51 733 606 683 55 722 730 812 580 358 260 302 116 274 178 165 266 120 311 576 198 443 290 425 61 0 253 252 445 0 400 663 275 4 550 420 192 0 141 581 273 171 194 159 261 491 493 297 315 553 522 158 395 480 433 0 0 284 819 0 0 0 454 19 86 0 542 0 227 173 125 0 0 0 63 0 0 26 2643 1909 1 135 171 1703 603 2575 3296 322 773 630 682 0 0 550 524 0 0 227 1585 0 1220 277 835 36 757 1685 0 494 284 2731 71 2485 0 1552 708 556 649 658 496 553
110 340 160 161 227 137 44 114 106 0 101 441 78 51 110 202 201 279 289 325 326 395 1235 1345 729 262 270 288 24 258 252 308 414 106 83 110 0 65 55 51 180 5 97 304 1 150 147 308 47 0 121 102 176 126 0 207 57 0 247 129 52 0 42 229 73 51 54 49 88 150 181 120 0 134 274 15 46 110 126 0 0 144 310 136 202 0 232 0 86 0 285 91 0 76 0 0 0 232 100 0 0 0 74 151 0 49 78 84 67 141 0 10 173 300 254 0 0 0 416 0 60 0 56 4407 34 0 250 0 0 0 0 0 0 0 0 345 0 234 71 146 109 67 0 384
27 0 0 0 0 0 1 0 0 0 0 11 0 0 0 27 10 0 0 25 0 81 0 50 1 51 15 7 5 51 0 28 51 5 6 0 0 0 0 0 1 0 3 0 0 0 0 0 0 0 28 0 0 0 0 29 37 0 82 47 44 0 0 54 30 45 44 39 34 43 51 52 0 16 61 41 0 0 31 0 39 48 0 0 49 0 0 30 0 0 61 0 0 0 0 0 0 0 0 0 0 0 0 2 0 0 3 3 0 0 0 21 95 0 53 0 0 0 0 0 0 0 0 0 0 0 0 0 0 0 0 0 11 0 0 24 0 0 0 1 0 0 62 71
303 444 409 145 287 416 932 11 566 0 171 1114 1827 1160 702 637 441 1896 2008 1988 2120 436 965 1585 73 1198 932 3403 222 1197 1177 1291 1290 527 809 730 948 1295 1173 1937 2026 577 695 2379 1510 1784 955 1346 1658 0 1967 941 1416 1892 419 4687 934 592 3018 1222 926 0 862 1722 991 917 935 918 1057 1115 1580 1473 0 982 2235 1182 402 477 1296 0 1354 1229 1284 1644 1537 827 2079 1161 601 1045 3034 854 0 3007 284 530 484 0 362 842 0 16 141 391 0 237 320 53 338 473 51 458 1067 1107 1040 0 7974 1212 554 0 705 0 0 0 175 0 918 0 403 0 0 0 0 0 0 1590 170 338 107 752 119 164 559 602
188 210 227 0 159 298 242 729 18 0 0 563 900 356 369 117 276 870 945 925 897 512 825 1023 90 542 448 1554 102 543 532 609 546 236 433 455 191 449 496 869 1119 0 331 613 347 616 576 701 482 303 1193 426 604 939 0 2052 471 369 697 554 458 19 417 680 491 446 461 453 504 509 639 603 0 397 985 499 177 291 500 0 759 659 634 741 869 557 749 617 324 449 1242 443 0 1099 19 269 90 0 222 188 0 0 0 167 0 127 163 4 228 157 0 165 509 462 444 0 5891 0 375 0 0 0 64 0 115 0 464 0 0 0 0 0 0 51 0 762 107 274 70 611 174 162 510 410
19 0 3175 0 0 0 40 0 0 0 0 29 76 0 121 37 0 11023 11243 10929 9544 273 605 627 5 128 144 195 21 129 123 165 233 42 159 0 0 0 0 0 9 0 0 270 0 0 810 256 2745 0 253 38 126 0 311 155 242 49 627 490 98 0 65 805 144 74 105 71 297 579 877 339 34 560 228 283 235 212 511 0 187 181 359 161 270 73 330 136 89 86 520 129 0 161 0 42 43 0 72 1907 0 0 95 121 0 148 224 227 142 295 202 86 310 864 677 0 0 377 312 81 46 0 44 148 48 135 148 1216 631 0 0 3435 698 0 493 1011 726 558 413 534 770 749 2869 212
67 0 0 0 0 53 47 88 0 0 0 4 55 0 106 38 207 753 838 835 768 413 280 290 6 303 211 365 29 299 289 311 318 146 26 85 15 47 14 4 90 0 114 214 0 65 66 293 85 47 196 0 0 127 15 331 72 0 367 137 59 0 60 214 77 57 60 50 97 345 193 159 0 167 355 136 44 192 137 0 190 175 313 105 296 215 232 123 79 88 322 0 0 132 0 19 0 0 0 0 0 0 0 0 0 34 58 0 0 0 0 0 151 120 88 0 0 0 255 420 0 0 0 0 0 0 236 0 0 0 0 187 102 0 0 468 0 0 72 0 108 53 239 349
256 217 213 189 138 287 463 360 168 42 304 232 449 296 382 247 286 250 237 263 542 331 441 451 56 681 530 556 73 678 676 723 769 247 440 185 473 1224 641 535 543 444 239 559 610 1026 378 564 525 255 707 688 2620 580 539 594 246 0 2130 431 244 0 253 820 271 246 249 230 335 412 716 605 296 362 629 465 146 201 576 0 395 437 681 2080 894 314 346 368 349 331 358 228 0 358 24 181 185 0 40 358 0 3 275 187 0 103 145 440 91 232 146 296 1106 614 635 0 2221 0 392 5302 1871 0 226 0 186 0 359 0 0 0 0 0 36 0 116 805 0 423 383 314 342 457 460 313
1271 40 47 12 0 213 86 76 0 0 0 74 64 0 209 23 200 366 370 364 326 526 0 350 10 402 387 422 31 397 398 376 299 386 82 325 42 91 28 0 141 0 337 414 0 68 123 347 32 74 176 49 0 16 32 435 115 0 85 132 87 0 82 152 98 84 87 78 113 146 142 107 0 315 346 131 241 248 205 0 205 211 353 0 224 7 339 4 177 3 333 93 0 136 0 18 0 0 0 0 0 0 0 0 0 25 39 0 328 0 0 10 225 156 135 0 0 0 2844 0 0 0 27 0 0 0 619 0 0 0 0 0 49 0 4 314 0 19 1 19 125 56 184 508
441 136 128 47 111 683 419 128 132 34 231 590 417 51 706 189 405 373 370 377 378 550 570 576 30 1054 1328 1311 83 1038 1054 995 864 1507 200 1718 359 700 625 229 533 9 1446 1151 0 128 313 879 40 0 341 186 638 150 86 1541 386 0 391 374 149 0 119 599 195 127 150 36 297 535 611 330 0 998 735 258 184 696 260 0 460 460 885 241 545 227 1147 309 600 896 867 247 0 358 0 82 72 0 0 5 0 9 0 0 0 79 179 0 11 0 0 7 375 225 112 0 0 334 805 96 179 0 180 26 372 0 2113 11 449 0 0 58 153 0 17 982 0 65 63 40 263 126 298 1236
36 3 19 0 0 73 9 61 0 0 0 0 4 0 57 12 128 55 53 56 58 188 55 140 6 165 63 174 15 163 165 143 110 10 40 0 0 0 0 0 56 0 9 171 0 32 5 80 8 0 120 25 0 1 0 155 18 0 67 39 18 0 13 73 25 17 18 0 30 42 63 51 7 41 197 43 12 72 53 0 99 66 144 0 114 12 116 54 0 32 172 30 0 72 0 11 0 0 0 0 0 0 0 0 0 4 10 0 1 0 0 0 90 40 27 0 0 0 184 0 0 0 0 0 0 0 0 0 0 0 0 0 60 2 34 265 0 15 16 13 68 36 125 243
181 15 32 0 23 254 148 102 0 0 0 202 139 0 277 63 228 238 237 239 265 326 401 407 10 556 541 563 42 550 556 521 396 540 147 480 113 260 184 97 205 12 526 535 25 125 201 481 119 0 257 111 226 108 272 645 179 0 376 0 114 37 101 257 123 109 112 91 148 194 233 50 0 546 465 155 675 517 529 0 249 257 490 140 309 63 436 140 247 127 479 158 0 298 0 65 53 0 81 0 0 0 124 201 0 39 63 12 430 286 66 82 335 237 226 0 0 1 414 532 139 0 126 27 97 0 889 0 0 0 0 0 184 0 0 730 0 238 0 79 284 626 112 608
248 147 75 0 74 76 220 252 53 0 106 149 191 13 119 107 369 1442 1470 1476 1319 413 248 355 43 402 406 426 41 398 399 479 585 193 169 83 212 1302 145 232 289 262 146 416 253 540 193 357 183 218 428 380 1305 263 404 434 343 0 249 382 255 0 240 403 291 239 259 244 359 537 421 316 338 255 375 270 100 166 185 0 223 275 443 634 337 223 315 157 115 124 442 239 0 228 0 88 54 0 0 79 0 0 128 135 0 113 188 66 92 163 0 130 371 385 364 0 0 297 2386 0 1803 0 3537 1690 257 0 13278 3621 0 0 0 270 141 0 0 501 0 263 94 112 197 499 263 244
465 46 19 0 15 29 65 138 71 0 45 85 73 57 95 98 144 283 303 318 473 241 314 421 18 190 278 187 21 189 182 244 381 55 144 1 61 149 61 110 127 134 77 221 104 305 162 211 133 66 202 91 305 151 772 168 91 0 1321 281 93 0 47 496 126 98 96 89 173 270 454 310 180 243 216 230 67 116 315 0 170 151 247 146 178 31 331 98 81 82 276 121 0 0 0 0 14 0 39 79 0 0 176 128 0 27 60 202 2 137 39 313 587 528 613 0 0 1204 1262 3069 1892 322 38 1024 459 631 675 4 375 0 739 992 904 0 332 1139 605 968 221 626 823 52 768 291
160 178 121 1 15 77 125 260 157 20 54 464 159 214 56 197 156 1148 1232 1218 1223 704 1107 1230 432 115 221 183 26 117 102 175 342 80 207 0 119 250 60 202 327 72 70 272 254 546 217 298 494 265 358 239 590 278 131 182 170 123 1189 326 167 43 168 583 147 168 170 164 221 417 513 386 91 253 358 341 83 110 365 0 299 599 222 429 359 274 840 726 29 285 179 121 158 277 111 178 204 26 148 352 6 0 613 1172 0 47 83 874 2 470 798 114 326 323 318 1 114 668 509 3070 2029 32 2489 70 133 375 697 187 323 0 0 1270 784 1622 0 847 0 471 129 429 4411 413 679 73
85 102 0 0 0 51 3 82 0 0 0 17 0 35 0 45 60 113 272 275 268 79 0 137 63 0 50 9 7 1 0 26 78 16 14 0 0 0 0 0 0 0 6 0 0 49 0 0 23 179 31 0 31 1 0 0 50 0 215 87 55 0 45 116 0 56 55 54 18 81 110 93 0 32 151 86 12 11 70 0 0 0 10 0 10 24 12 0 0 0 0 0 0 0 0 0 0 0 0 0 0 0 0 0 0 7 19 415 0 0 34 0 67 46 58 0 0 193 1139 371 120 0 0 460 32 0 182 29 0 0 0 0 0 0 0 139 0 60 0 255 65 95 82 16
29 0 135 0 0 0 4 0 90 0 0 0 13 0 0 171 0 0 158 162 168 131 0 538 2705 0 41 0 0 0 0 0 38 12 10 0 0 0 0 0 0 0 5 0 0 26 0 0 0 26 25 0 0 35 0 0 37 0 168 71 41 0 28 101 0 41 42 39 46 67 88 63 0 40 7 54 11 10 48 0 0 0 0 0 8 18 57 0 0 0 0 0 0 11 0 0 0 0 0 0 0 0 84 0 0 3 10 148 0 28 149 185 280 263 333 0 0 87 0 286 316 0 0 0 0 0 0 0 0 0 0 3967 0 0 0 66 0 201 0 114 400 53 67 15
170 227 465 5 274 49 9 186 75 0 0 30 61 75 31 97 0 205 269 269 310 190 245 369 12 0 93 7 2 0 0 51 134 29 76 0 0 337 0 62 97 0 38 23 98 273 65 47 117 215 277 12 144 170 637 0 59 40 524 188 63 0 63 241 41 65 65 62 58 191 229 146 0 163 22 133 48 35 150 0 28 77 42 118 73 27 197 16 5 8 63 69 0 108 17 72 69 4 45 56 0 0 134 60 0 18 34 696 0 152 172 108 201 193 229 0 0 696 2552 1353 0 922 174 221 166 8 0 212 397 674 0 596 30 0 917 1339 0 492 686 1389 1075 873 1331 56
59 0 0 0 0 0 9 9 0 0 0 0 35 0 13 15 14 27 146 152 212 134 354 531 22 2 89 44 0 0 0 35 100 26 82 0 0 0 0 14 18 0 27 16 7 138 0 0 40 53 97 0 56 71 192 48 74 11 493 216 83 0 76 266 46 86 84 83 131 199 255 169 0 193 70 121 45 42 153 0 29 45 48 25 71 121 66 52 0 0 319 104 0 354 0 0 156 0 84 0 0 0 257 136 0 10 24 266 0 103 134 90 184 183 240 0 0 164 298 566 639 0 75 0 0 0 0 137 114 0 802 660 384 0 0 1475 0 938 228 284 243 357 307 41
1 0 0 0 0 0 2 0 0 0 0 0 0 0 0 29 28 0 134 156 178 210 0 424 1 16 38 135 17 99 17 129 111 29 218 0 0 0 0 0 64 0 17 32 0 90 0 45 0 0 173 0 0 0 0 81 85 0 328 442 95 0 52 418 131 96 95 92 220 383 439 229 0 449 395 0 83 106 240 0 0 122 75 0 226 46 86 1 0 0 205 15 0 437 0 191 0 0 0 0 0 0 514 36 0 0 16 272 0 19 0 0 84 87 119 0 0 0 0 0 0 0 0 0 0 0 0 0 0 0 0 0 0 0 0 0 0 660 165 51 0 0 0 30
1086 370 188 111 72 112 843 2041 253 99 173 488 1864 229 219 324 398 1774 1812 1787 1655 3194 0 1 962 949 233 794 90 942 945 1010 927 203 729 5 903 2514 1847 1969 1021 551 192 1407 1889 2003 471 1702 739 2184 1497 886 1368 2397 4390 740 572 573 546 1114 569 446 580 1018 655 560 574 571 811 1063 1112 737 1130 926 672 880 365 487 614 62 885 423 914 1650 902 441 867 677 128 316 307 765 567 1441 532 1005 953 496 1012 865 16 43 1624 764 0 173 237 2780 17 1244 1837 729 1457 1310 1478 1 1722 2363 9245 0 0 0 927 1527 1137 443 1670 887 1423 0 3326 4947 2730 1215 4884 7269 0 2825 1112 2808 2250 3882 3216 200
0 0 0 0 0 0 1 171 0 0 0 0 0 0 0 0 9 0 133 132 122 56 0 125 2 0 9 0 0 0 0 3 16 0 0 0 0 0 0 0 0 0 1 0 0 1 0 0 0 0 15 0 0 0 0 0 10 0 33 19 9 0 0 25 0 9 9 8 10 35 22 14 0 12 0 0 4 0 11 0 0 0 2 0 0 0 95 0 0 0 0 0 0 0 0 0 0 0 2 0 0 0 5 21 0 3 6 470 0 8 0 302 470 439 531 0 0 0 52 0 0 0 302 0 0 0 0 0 0 0 0 0 0 0 0 0 0 0 0 0 663 0 0 5
26 1 13 0 0 15 4 98 2 0 0 0 1 0 28 27 125 116 182 181 179 179 0 96 2 80 20 61 6 79 73 70 71 11 36 0 0 0 0 0 16 0 8 56 0 0 0 94 6 61 63 0 17 59 0 56 16 0 92 30 15 0 8 55 13 15 15 14 20 53 48 37 0 21 78 0 8 37 36 0 0 65 70 31 23 21 81 30 5 16 99 27 0 0 0 0 0 0 0 0 0 0 37 43 0 4 11 66 0 20 0 45 138 109 127 0 0 0 406 0 0 0 0 0 0 0 0 44 0 0 0 42 11 0 0 0 0 352 0 74 227 0 0 99
0 46 3 0 0 0 1 35 124 69 136 13 0 188 0 128 19 108 165 162 151 43 0 30 1 0 5 0 0 0 0 0 9 6 13 0 0 0 0 0 0 0 0 0 0 0 0 0 0 0 30 0 0 0 0 0 9 0 29 17 8 0 2 20 0 8 8 7 10 20 21 13 0 16 6 17 4 0 14 0 0 0 0 0 0 9 26 0 0 0 0 0 0 0 0 0 0 0 0 0 0 0 0 2 0 2 5 8 0 0 0 0 18 18 30 0 0 0 0 0 0 0 11 0 0 0 0 0 0 0 0 0 0 0 0 0 0 352 0 0 0 0 0 32
0 0 0 0 0 0 0 0 0 0 0 0 0 0 0 6 32 0 8 20 30 44 0 69 17 12 21 0 0 12 0 14 31 4 0 0 0 0 0 0 2 0 6 0 0 0 0 46 0 0 39 0 0 27 0 0 17 0 115 70 19 0 0 74 18 20 20 17 35 65 77 44 0 62 21 5 10 0 42 0 18 0 0 0 55 0 42 0 0 0 0 0 0 0 0 0 0 0 0 0 0 0 55 0 0 0 4 96 0 0 0 29 60 53 67 0 0 0 17 0 0 0 0 0 0 0 0 0 0 0 0 0 0 0 0 354 0 0 0 56 0 0 0 8
0 0 0 0 0 0 3 0 0 0 0 12 10 0 1 18 0 0 107 111 120 132 0 162 40 0 30 9 0 0 0 3 35 15 22 0 0 61 0 0 3 0 20 0 0 0 0 107 0 0 72 0 7 8 0 10 19 0 150 46 19 0 7 73 0 20 20 18 27 49 67 45 0 40 23 0 11 5 50 0 0 53 11 0 4 7 125 5 0 0 26 0 0 0 0 0 0 0 0 0 0 0 1 22 0 3 9 85 0 0 0 25 89 53 69 0 0 0 104 0 0 0 0 0 0 0 0 0 0 0 0 0 0 0 0 165 0 275 92 46 339 0 394 32
0 0 0 0 0 0 2 0 0 0 0 0 0 0 0 0 13 0 359 366 326 0 0 92 5 0 30 0 1 0 0 15 31 8 0 0 0 0 0 0 0 0 0 0 0 0 0 0 0 0 0 0 0 0 0 3 20 0 146 64 17 0 0 77 0 17 18 12 22 67 84 45 0 30 0 0 10 6 44 0 0 0 0 0 0 9 8 0 0 0 9 0 0 0 0 0 0 0 0 0 0 0 0 0 0 0 11 75 0 0 0 57 85 72 113 0 0 39 0 0 0 0 0 0 0 0 0 0 0 0 0 0 0 0 0 395 0 67 11 131 221 0 0 12
0 0 0 0 0 0 0 0 0 0 0 0 0 0 0 0 0 14 11 0 3 2 0 12 97 0 2 1 1 0 0 0 1 1 0 0 0 0 0 0 0 0 0 0 0 0 0 0 0 0 0 0 0 0 0 0 1 0 2 1 0 0 0 4 0 0 0 0 1 1 3 0 0 0 7 0 0 1 3 0 0 0 1 0 0 0 0 0 0 0 0 0 0 0 0 0 0 0 0 0 0 0 0 0 0 0 0 0 0 0 0 0 0 1 1 0 0 0 0 0 0 0 0 0 0 0 0 0 0 0 0 0 0 0 0 0 0 0 0 0 0 0 0 0
