120
0 0 0 0 5 326 59 138 405 37 103 0 0 0 0 0 0 4 10 26 16 21 1 1 7 13 9 0 0 0 0 0 0 0 0 0 0 0 0 0 0 1 0 0 0 2 0 0 0 0 0 0 0 0 4 0 0 0 0 0 0 30 0 0 0 0 0 0 0 0 0 0 0 0 0 0 0 0 0 0 36 0 0 0 0 0 0 0 22 0 0 0 0 0 0 0 0 0 0 0 0 0 0 0 0 0 0 0 0 0 0 0 0 0 0 0 34 19 3 0
0 0 0 0 3 3010 455 613 916 482 4098 0 7 22 0 0 0 8 15 9 32 25 1 2 14 27 19 0 0 0 0 0 0 0 0 0 0 0 0 0 0 0 0 0 0 3 0 0 0 0 0 0 0 0 1 0 0 0 0 2 0 57 0 0 0 0 0 0 0 0 0 0 0 0 0 0 0 0 0 0 61 0 0 0 0 0 0 0 64 0 0 0 174 0 0 0 0 0 0 0 0 0 0 0 0 0 0 0 0 0 0 0 0 0 0 0 4 38 6 0
0 0 0 0 9 0 8 25 47 7 5 0 53 20 0 0 0 17 9 22 67 52 3 4 30 78 106 0 0 0 0 0 0 0 0 0 0 0 0 0 0 0 0 0 64 1 0 0 0 0 0 0 0 0 2 0 2 0 0 1 0 51 0 0 7 0 0 0 0 0 0 0 0 0 0 0 0 0 0 0 39 0 0 0 0 0 0 0 2 0 0 0 0 0 0 0 0 0 0 0 0 0 0 0 0 0 0 0 0 0 0 0 0 0 0 0 12 33 3 0
0 0 0 0 106 0 0 1 0 1 0 0 9 3 0 0 0 10 11 29 38 55 2 2 17 32 22 0 0 0 0 0 0 0 0 0 0 0 0 0 0 0 0 0 0 2 0 0 0 0 0 0 0 0 4 0 0 0 0 1 0 32 0 0 1 0 0 0 0 0 0 0 0 0 0 0 0 0 0 0 43 0 0 0 0 0 0 0 33 0 0 0 0 0 0 0 0 0 0 0 0 0 0 0 0 0 0 0 0 0 0 0 0 0 0 0 33 20 3 0
0 0 0 0 0 1447 250 205 107 207 1329 1 0 49 0 0 0 0 0 0 0 0 0 0 0 0 1 0 0 0 0 0 0 0 0 0 0 0 0 0 0 1 0 0 0 1 0 0 0 0 0 0 0 0 0 0 0 0 0 2 0 83 0 0 0 0 0 0 3123 0 0 0 0 0 37 0 0 0 0 0 0 0 0 0 0 0 0 0 0 0 0 0 0 0 0 0 0 0 0 0 0 0 0 0 0 0 0 0 0 0 0 0 0 0 0 0 0 30 4 0
0 0 1104 0 0 0 0 0 0 0 0 0 0 1 0 0 0 2911 0 0 0 0 0 0 0 0 0 0 0 0 0 0 0 0 0 0 0 0 0 0 0 0 0 0 0 0 0 0 0 0 0 0 0 0 0 0 0 0 0 0 0 0 0 0 0 0 0 0 0 0 0 0 0 0 0 0 0 0 0 0 0 0 0 0 0 0 0 0 0 0 0 0 0 0 0 274 0 0 0 0 0 0 0 0 0 0 0 0 0 0 0 0 0 0 0 0 0 0 0 0
0 0 0 0 0 0 0 82 0 0 0 0 101 395 0 0 0 0 2055 0 0 0 0 0 0 0 0 0 0 0 0 0 0 0 0 0 0 0 0 0 0 0 0 0 93 0 0 0 0 0 0 0 0 0 0 0 0 0 0 0 0 27 0 0 5 0 0 0 0 0 0 0 0 0 12 0 0 0 0 0 0 0 0 0 0 0 0 0 0 0 0 0 0 0 0 0 0 0 0 0 0 0 5 0 0 0 0 0 0 0 0 0 0 0 0 0 0 16 1 0
0 0 0 0 0 0 0 0 0 91 0 169 11 0 0 0 0 0 0 0 0 0 0 0 0 0 0 0 0 0 0 0 0 0 0 0 0 0 0 0 0 0 0 0 0 0 0 0 0 0 0 0 0 0 2 0 0 0 0 0 0 9 0 0 0 0 0 0 0 0 0 0 0 0 0 0 0 0 0 0 0 0 0 0 0 0 0 0 0 0 0 0 0 0 0 0 0 0 0 0 0 0 0 0 0 0 0 0 0 0 0 0 0 0 0 0 5 18 0 0
0 0 0 0 0 0 0 0 0 0 0 0 2 0 0 0 0 0 0 0 0 0 0 0 0 0 0 0 0 0 0 0 0 0 0 0 0 0 0 0 0 0 0 0 0 0 0 0 0 0 0 0 0 0 0 0 0 0 0 0 0 2 0 0 0 0 0 0 0 0 0 0 0 0 0 0 0 0 0 0 0 0 0 0 0 0 0 0 0 0 0 0 0 0 0 0 0 0 0 0 0 0 0 0 0 0 0 0 0 0 0 0 0 0 0 0 0 0 0 0
0 0 0 0 0 0 15 0 13 0 0 1 0 1 0 0 0 0 0 0 0 0 0 0 0 0 0 0 0 0 0 0 0 0 0 0 0 0 0 0 0 0 0 0 0 0 0 0 0 0 0 0 0 0 0 0 0 0 0 0 0 2 0 0 0 0 0 0 0 0 0 0 0 0 0 0 0 0 0 0 0 0 0 0 0 0 0 0 0 0 0 0 0 0 0 0 0 0 0 0 0 0 0 0 0 0 0 0 0 0 0 0 0 0 0 0 0 0 0 0
0 0 0 0 0 429 61 267 750 287 0 0 63 105 0 0 0 106 46 83 419 284 6507 27 164 0 120 0 0 0 0 0 2 0 0 0 0 0 0 0 0 16 0 0 78 6 1 1 1 0 1 1 3 2 2 4 0 0 12 49 1 33 0 1 11 0 0 0 0 0 0 0 0 0 5 0 0 0 102 0 219 2 0 3 0 0 0 3 0 0 0 0 1733 0 0 1 0 0 1 0 0 0 0 0 0 0 0 0 0 0 0 0 0 0 0 0 0 21 3 0
0 0 0 0 0 0 0 0 0 0 0 0 0 0 0 0 0 0 0 0 0 0 0 0 0 0 0 0 0 0 0 0 0 0 0 0 0 0 0 0 0 0 0 0 0 0 0 0 0 0 0 0 0 0 0 0 0 0 0 0 0 1 0 0 0 0 0 0 36 0 0 0 0 0 0 1 0 0 0 0 0 0 0 0 0 0 0 0 0 0 0 0 0 0 0 0 0 0 0 0 0 0 0 0 0 0 0 0 0 0 0 0 0 0 0 0 0 1 0 0
0 0 0 0 4 1 0 0 0 2 0 0 0 21 0 0 0 0 0 6 0 0 0 0 0 0 0 0 0 0 0 940 0 0 1 0 0 0 0 0 0 0 0 0 0 0 0 0 0 0 0 0 0 0 1 0 0 0 0 0 0 1 0 0 0 0 0 0 186 0 0 0 0 0 0 0 0 0 0 0 0 21 0 6 1 1 0 0 0 0 0 0 0 0 0 0 0 0 1 0 0 0 0 0 0 0 0 0 0 0 0 0 0 0 0 0 6 0 0 0
0 0 0 0 0 0 0 384 0 0 0 0 0 0 0 0 0 0 0 0 0 0 0 0 0 0 0 0 0 0 0 0 0 0 0 0 0 0 0 0 0 0 0 0 0 0 0 0 0 0 0 0 0 0 0 0 0 0 0 0 0 0 0 0 0 0 0 0 0 0 0 0 0 0 0 0 0 0 0 0 0 0 0 0 0 0 0 0 0 0 0 0 0 0 0 0 0 0 0 0 0 0 0 0 0 0 0 0 0 0 0 0 0 0 0 0 0 0 0 0
0 0 0 0 0 0 0 0 0 0 0 0 0 0 0 0 0 0 0 0 0 0 0 0 0 0 0 0 0 0 0 0 0 0 0 0 0 0 0 0 0 0 0 0 0 0 0 0 0 0 0 0 0 0 0 0 0 0 0 0 0 0 0 0 0 0 0 0 0 0 0 0 0 0 0 0 0 0 0 0 0 0 0 0 0 0 0 0 0 0 0 0 0 0 0 0 0 0 0 0 0 0 0 0 0 0 0 0 0 0 0 0 0 0 0 0 0 0 0 0
4 2 1 1 383 2 22 2 106 263 4 0 0 1 0 0 0 0 0 0 0 0 0 0 0 0 0 0 16 0 0 0 0 0 0 0 0 0 0 0 0 0 0 0 0 2 0 0 0 0 0 0 0 0 0 0 0 0 0 1 0 0 0 3 1 0 0 0 0 0 0 0 0 0 0 0 0 0 0 0 0 0 0 1 0 0 0 0 0 0 0 0 0 0 118 2 0 0 0 401 0 0 0 0 0 0 0 0 0 0 0 0 0 0 0 0 0 0 0 0
38 8 19 14 1 21 41 12 0 5 42 0 0 1 0 4290 0 0 0 0 0 0 0 0 0 0 0 0 0 6 0 0 7 0 0 0 0 0 0 0 0 25 28 28 0 35 268 194 200 0 9 7 10 4 6 6 0 0 77 4 0 1 0 0 1 0 0 0 0 0 0 0 0 0 0 0 0 0 0 0 0 22 0 62 156 143 0 147 0 0 0 0 0 0 0 0 0 37 62 0 0 0 0 364 0 407 0 0 0 390 0 0 11 0 7 0 0 0 1 0
0 0 0 0 0 0 0 3 0 0 0 0 0 15 2 1 0 0 0 0 0 0 0 0 0 0 0 0 0 0 0 0 0 0 0 0 0 0 0 0 0 0 0 0 0 1 0 0 1 0 0 0 0 0 0 0 0 0 0 41 0 0 0 0 0 0 0 0 0 0 0 0 0 0 0 0 0 1 0 0 6 0 0 0 1 1 0 0 13 0 0 0 0 0 0 0 0 0 0 0 0 0 0 0 0 0 0 0 0 0 0 0 0 0 0 0 0 0 1 0
0 0 0 0 0 0 0 2 0 0 0 0 1 22 2 0 0 744 0 580 2944 2126 126 189 1317 2435 1697 3109 0 0 0 0 0 0 0 0 0 0 0 0 0 0 0 0 0 4 0 0 0 0 0 0 0 0 0 0 0 0 0 8 9 28 0 0 0 0 1 0 0 0 0 0 0 0 0 0 0 0 0 0 1556 0 0 1 0 0 0 0 96 0 0 0 0 0 0 0 0 0 0 3 0 0 0 0 0 0 0 3331 0 0 0 0 0 0 0 0 0 18 7 0
0 0 0 0 0 0 0 29 0 3297 0 5831 0 10 1 0 0 1 0 0 5 4 0 0 2 12 1 3 0 0 0 0 0 0 0 0 0 0 0 0 0 0 0 0 0 0 0 0 0 0 0 0 0 0 0 0 0 0 0 0 0 0 0 0 0 0 3 0 0 0 0 0 0 0 0 0 0 0 0 0 0 0 0 0 0 0 0 0 0 0 0 0 0 0 0 0 0 0 0 0 0 0 0 0 0 0 0 0 0 0 0 0 0 0 0 0 0 0 1 0
0 0 0 0 0 0 0 26 0 0 0 0 0 124 1 0 0 0 0 0 0 0 0 0 0 0 0 0 0 0 0 0 0 0 0 0 0 0 0 0 0 0 0 0 0 0 0 0 0 0 0 0 0 0 0 0 0 0 0 15 0 0 0 0 0 0 3 0 0 0 0 0 0 0 0 0 0 0 0 0 0 0 0 0 0 0 0 0 0 0 0 0 0 0 0 0 0 0 0 0 0 0 0 0 0 0 0 0 0 0 0 0 0 0 0 0 0 0 0 0
0 0 0 0 0 39 17 40 4 5 0 0 4 181 3 2 1 0 0 0 0 0 0 0 0 0 0 0 0 0 0 0 0 0 0 0 0 0 0 0 0 0 0 0 0 0 0 0 0 0 0 0 0 0 0 0 0 0 0 1 0 0 0 0 0 0 2 0 0 0 0 0 4 0 0 0 0 0 0 0 0 0 0 0 0 0 0 0 0 0 0 0 0 0 0 0 0 0 0 0 0 0 0 0 0 0 0 0 0 0 0 0 0 0 0 0 0 0 0 0
0 0 0 0 1 24 199 283 31 21 0 0 2 453 12 4 1 0 0 1 0 1 0 0 0 0 0 0 0 0 0 0 0 0 0 0 0 0 0 0 0 1 0 0 0 3 0 0 0 0 0 0 0 0 0 0 0 0 1 2 9 0 0 0 0 0 1 0 0 0 0 0 4 0 0 0 0 0 0 0 42 0 0 0 0 0 0 0 67 0 0 0 0 0 0 0 0 0 0 6 0 0 0 0 0 0 0 0 0 0 0 0 0 0 0 0 0 0 6 0
0 0 0 0 0 0 0 11 0 0 0 0 0 53 1 1 0 0 0 0 0 0 0 0 0 0 0 0 0 0 0 0 0 0 0 0 0 0 0 0 0 0 0 0 0 0 0 0 0 0 0 0 0 0 0 0 0 0 0 0 0 0 0 0 0 0 1 0 0 0 0 0 1 0 0 0 0 0 0 0 0 0 0 0 0 0 0 0 0 0 0 0 0 0 0 0 0 0 0 0 0 0 0 0 0 0 0 0 0 0 0 0 0 0 0 0 0 0 0 0
0 0 0 0 0 11 21 11 5 3 0 0 0 8 1 0 0 0 0 0 0 0 0 0 0 0 0 0 0 0 0 0 0 0 0 0 0 0 0 0 0 0 0 0 0 0 0 0 0 0 0 0 0 0 0 0 0 0 0 0 0 0 0 0 0 0 2 0 0 0 0 0 0 0 0 0 0 0 0 0 0 0 0 0 0 0 0 0 1 0 0 0 0 0 0 0 0 0 0 0 0 0 0 0 0 0 0 0 0 0 0 0 0 0 0 0 0 0 0 0
0 0 0 0 1 298 1500 519 15 138 418 2 123 1288 146 3 0 0 0 0 1 2 0 0 0 0 0 1 0 0 0 0 0 0 0 0 0 0 0 0 0 0 0 0 0 9 0 0 0 0 0 0 0 0 1 0 0 0 1 4 31 0 0 0 2 0 6 2 1 1 0 0 10 0 0 0 0 0 0 0 188 0 0 0 0 0 0 0 297 0 0 0 0 0 0 0 0 0 0 0 0 0 0 0 0 0 0 0 0 0 0 0 0 0 0 0 4 0 19 0
0 0 0 0 0 108 163 151 7 23 0 0 4 397 23 3 1 0 0 0 0 1 0 0 0 0 0 0 0 0 0 0 0 0 0 0 0 0 0 0 0 1 0 0 0 3 0 0 0 0 0 0 0 0 0 0 0 0 1 8 8 0 0 0 1 0 2 1 1 0 0 0 14 0 0 0 0 0 0 0 34 0 0 0 0 0 0 0 81 0 0 0 0 0 0 0 0 0 0 0 0 0 0 0 0 0 0 0 0 0 0 0 0 0 0 0 0 0 0 0
0 0 0 0 1 100 131 236 4 19 90 0 3 861 29 8 4 0 0 0 0 2 0 0 0 0 0 0 0 0 0 0 0 0 0 0 0 0 0 0 0 1 0 0 0 4 0 0 0 0 0 0 0 0 1 0 0 0 1 3 15 0 0 0 1 0 12 2 1 1 0 0 19 7 1 0 0 0 0 0 74 0 0 0 0 0 0 0 133 0 0 0 0 0 0 0 0 1 0 8 0 0 0 0 0 0 0 0 0 0 0 0 0 0 0 0 3 0 9 0
0 0 0 0 0 0 0 0 0 0 0 0 0 0 2 0 0 0 1 0 0 0 0 0 0 0 0 0 0 154 9 0 5 8383 10171 0 0 0 0 0 0 69 0 0 0 23 4 2 5 2 4 6 13 7 10 19 2714 0 52 218 7 3 0 3 30 0 1 0 0 0 0 0 9 0 0 0 1 1 0 0 0 0 0 14 0 0 0 0 8 0 0 0 0 0 0 19 0 0 1 0 0 0 0 0 0 0 0 0 0 0 0 0 0 0 1 1 0 0 7 0
175 39 91 65 2 95 177 256 29 24 185 0 6 894 0 0 0 1 6 9 1 5 0 0 1 2 4 0 0 0 52 0 134 0 3 0 0 0 0 0 0 14 15 14 0 8 57 0 3 0 0 0 0 0 0 0 91 0 0 60 13 0 0 0 84 0 0 0 0 0 0 0 0 0 0 0 0 0 0 0 0 0 0 1 0 0 0 0 0 0 0 0 0 0 0 0 0 6 0 36 0 0 0 0 0 0 0 0 0 0 0 0 0 0 0 0 9 87 115 0
0 0 0 0 0 0 0 24 0 0 0 0 3 117 1 83 0 0 0 0 0 0 0 0 0 0 0 0 0 0 0 0 1 0 0 0 0 0 0 0 0 0 0 0 0 1 2 3 0 3 4 4 0 3 0 2 0 0 0 0 2 0 0 1 0 0 0 0 0 0 0 0 9 7 0 10 0 0 0 0 0 9 3 2 3 3 2 3 0 0 0 0 0 0 0 0 0 4 0 0 0 0 0 1 1 2 1 0 1 2 1 1 0 0 0 2 0 0 0 0
59 0 1 8 7 0 0 48 1 4 0 1 0 231 0 18 3 5 7 1 6 4 10 0 13 10 17 7 205 132 1 0 258 61 14 0 0 0 0 0 0 91 102 102 0 8 46 34 22 13 40 45 50 25 25 21 0 0 13 48 51 0 25 0 218 0 0 0 1 0 0 0 0 0 0 492 4 26 0 87 11 13 3 11 29 26 29 32 0 0 0 0 40 0 39 183 0 1 5 6 0 5 480 55 16 62 54 0 16 60 15 16 873 4 480 19 0 3 5 0
8 0 0 0 0 0 0 0 0 0 0 0 0 0 19 1 0 0 0 39 0 16 0 0 0 0 0 330 0 0 0 0 0 0 0 0 0 0 0 0 0 0 1 1 0 0 0 0 1 0 0 0 0 0 7 37 0 27 0 238 0 0 0 40 2 0 0 0 0 0 0 0 0 0 0 0 0 0 0 0 0 0 0 581 2 83 0 0 0 0 0 0 0 0 0 0 0 0 0 0 0 0 16 0 0 0 0 237 0 0 0 0 0 0 0 0 62 0 0 0
400 7 37 830 58 59 13 21 16 46 13 9 1 147 175 112 169 69 77 97 23 53 63 9 1163 78 74 20 0 7 0 0 34 0 16 0 0 0 0 0 0 75 67 67 0 13 80 36 8 0 0 0 3 0 6 37 0 0 19 274 0 0 11 2228 89 3 7 7 1 7 0 0 199 0 0 0 51 0 0 0 0 336 175 555 293 327 0 279 24 0 8 0 0 0 0 213 0 292 65 96 0 0 126 0 0 7 0 0 0 0 0 0 112 308 216 0 136 79 64 0
7 3 4 4 420 23 25 8 121 302 6 0 0 47 1 14 9 7 7 139 7 62 20 0 6 11 20 7 0 0 0 0 0 0 0 0 0 0 0 0 0 13 4 4 0 8 16 12 13 0 0 0 25 0 0 0 0 0 8 81 0 0 102 496 51 17 36 36 11 34 0 0 334 0 1 0 73 26 0 0 0 0 0 32 87 79 16 6 0 0 0 107 0 0 151 0 0 79 0 467 0 0 0 0 0 0 0 0 0 0 0 0 0 0 0 0 201 169 28 0
0 0 0 0 0 0 0 0 0 0 0 0 0 0 0 0 0 0 0 0 0 0 0 0 0 0 0 0 0 0 0 0 0 0 0 0 0 0 0 0 0 0 0 0 0 0 0 0 0 0 0 0 0 0 0 0 0 0 0 0 0 0 0 0 0 0 0 0 0 0 0 0 0 0 0 0 0 0 0 0 0 0 0 0 0 0 0 0 0 0 0 0 0 0 0 0 0 0 0 0 0 0 0 0 0 0 0 0 0 0 0 0 0 0 0 0 0 0 0 0
1 2 1 1 1 1 1 5 1 0 0 0 2 2 19 0 0 0 0 2 0 1 0 1 0 0 1 0 0 0 0 0 1 0 0 0 0 0 0 0 0 0 0 0 0 0 0 0 0 0 0 0 0 0 0 0 0 0 0 0 0 0 0 2 0 0 0 0 1 0 0 0 0 0 5 0 0 0 0 0 0 0 0 0 1 1 0 1 0 0 0 0 0 0 0 0 0 2 0 0 0 0 0 0 0 0 0 0 0 0 0 0 0 0 0 0 3 0 0 1
0 0 0 0 0 0 0 0 0 0 0 0 0 0 0 0 0 0 0 0 0 0 0 0 0 0 0 0 0 0 0 0 0 0 0 0 0 0 0 0 0 0 0 0 0 0 0 0 0 0 0 0 0 0 0 0 0 0 0 0 0 0 0 0 0 0 0 0 0 0 0 0 0 0 0 0 0 0 0 0 0 0 0 0 0 0 0 0 0 0 0 0 0 0 0 0 0 0 0 0 0 0 0 0 0 0 0 0 0 0 0 0 0 0 0 0 0 0 0 0
1 1 0 0 0 1 1 0 0 0 0 0 2 0 0 0 0 0 0 0 0 0 0 0 0 0 0 0 0 0 0 0 2 0 0 0 0 0 0 0 0 0 0 0 0 0 0 0 0 0 0 0 1 0 0 2 0 0 0 0 0 0 0 0 1 0 0 0 0 0 0 0 0 0 0 0 0 0 0 0 0 0 0 0 0 0 0 0 0 0 0 0 0 0 0 0 0 0 0 0 0 0 0 0 0 0 0 0 0 0 0 0 0 0 0 0 0 0 0 0
0 0 0 0 0 0 0 244 36 0 0 0 0 1120 0 0 0 0 0 0 0 1 0 0 0 0 0 0 0 0 0 0 1 0 0 0 0 0 0 0 0 0 0 0 0 20 0 0 0 0 0 0 0 0 0 0 0 0 0 0 0 0 0 0 0 0 0 0 0 0 0 0 0 0 0 0 0 0 0 0 0 0 0 0 0 0 0 0 0 0 0 0 0 0 0 0 0 0 0 0 0 0 0 0 0 0 0 0 0 0 0 0 0 0 0 0 0 0 0 0
0 0 0 0 0 0 0 0 0 0 0 0 0 0 0 0 0 0 0 0 0 0 0 0 0 0 0 0 0 0 0 0 0 0 0 0 0 0 0 0 0 0 0 0 0 0 0 0 0 0 0 0 0 0 0 0 0 0 0 0 0 0 0 0 0 0 0 0 0 0 0 0 0 0 0 0 0 0 0 0 0 0 0 0 0 0 0 0 0 0 0 0 0 0 0 0 0 0 0 0 0 0 0 0 0 0 0 0 0 0 0 0 0 0 0 0 0 0 0 0
0 3852 0 0 0 1 11 171 79 0 0 0 8 701 20 254 0 0 2 0 0 0 0 8049 0 5 0 0 0 0 0 0 8 0 0 0 0 0 0 0 0 0 0 0 0 1 1 0 0 0 0 0 0 0 0 12 0 0 0 1 0 0 0 0 1 2 2 1 1 1 0 0 87 0 0 10 0 0 0 0 0 0 0 0 0 0 0 0 0 0 0 0 0 0 0 0 0 0 0 0 0 0 0 0 0 0 0 0 0 0 0 0 0 0 0 0 0 0 4 0
0 0 0 0 0 0 0 5 0 0 0 0 0 22 0 0 0 0 0 0 0 0 4 0 0 0 0 0 0 0 0 0 0 0 0 0 0 0 0 0 0 0 0 0 0 0 0 0 0 0 0 0 0 0 0 1 0 0 0 0 0 0 0 0 0 0 0 0 0 0 0 0 0 0 0 0 0 0 0 0 0 0 0 13 0 2 0 0 0 0 0 0 0 0 0 0 0 0 0 0 0 0 0 0 0 0 0 0 0 0 0 0 0 0 0 0 0 0 0 0
0 0 0 0 0 0 0 0 0 0 0 0 0 0 0 0 0 0 0 0 0 0 0 0 0 0 0 0 0 0 0 0 0 0 0 0 0 0 0 0 0 0 0 0 0 0 0 0 0 0 0 0 0 0 0 0 0 0 0 0 0 0 0 0 0 0 0 0 0 0 0 0 0 0 0 0 0 0 0 0 0 0 0 0 0 0 0 0 0 0 0 0 0 0 0 0 0 0 0 0 0 0 0 0 0 0 0 0 0 0 0 0 0 0 0 0 0 0 0 0
50 11 0 68 3 1 0 115 0 13 0 15 130 553 64 130 237 191 200 21 70 54 777 23 152 137 257 72 235 245 1 62 131 38 13 0 0 0 0 0 0 282 305 305 0 154 161 151 102 727 0 16 10 9 5 34 0 0 383 38 60 0 3346 263 615 0 0 0 0 0 0 0 4 0 0 2052 1 2555 0 0 0 311 0 372 56 92 108 12 0 0 0 0 0 0 0 191 0 118 0 7 81 0 62 210 0 242 4 0 0 229 0 0 58 1029 503 5 9 7 75 0
0 0 0 0 0 0 0 2 0 0 0 0 0 15 0 0 0 0 0 0 0 0 0 0 0 0 0 0 0 0 0 0 1 0 0 0 0 0 0 0 0 0 0 0 0 0 0 0 0 0 0 0 0 0 0 1 0 0 0 0 30 0 0 0 0 0 0 0 0 0 0 0 0 0 0 0 0 0 0 0 0 0 0 0 0 0 29 0 0 0 0 0 0 0 0 0 0 0 0 0 0 0 0 0 0 0 0 0 0 0 0 0 0 0 0 0 0 0 0 0
0 0 0 0 0 1 0 0 0 0 0 0 0 1 0 0 0 0 7 1 1 1 2 0 0 1 1 0 0 0 0 0 9 0 0 0 0 0 0 0 0 0 1 1 0 4 0 0 12 0 0 0 8 3 0 17 0 0 2 6 9 0 0 0 25 0 0 0 0 0 0 0 0 0 0 5 0 0 0 0 0 0 0 16 8 9 0 0 0 0 0 0 0 0 0 0 0 0 0 4 0 0 0 4336 0 4346 0 0 0 4340 0 0 0 64 29 1 0 0 2 0
2 0 3 5 1 0 0 0 0 2 0 2 0 0 0 0 0 9 7 5 5 5 34 0 9 11 19 6 0 3 0 0 1 0 0 0 0 0 0 0 0 0 1 1 0 1 1023 0 196 0 0 0 0 0 0 0 0 0 2376 0 0 0 0 0 0 0 0 0 0 0 0 0 1 0 0 0 0 0 0 0 0 0 0 23 1 3 0 0 0 0 0 0 0 0 0 0 0 9 0 1 416 0 0 1400 0 1571 125 0 0 1501 0 0 0 0 0 0 0 0 0 0
0 0 0 0 0 0 0 0 0 0 0 0 0 1 0 0 0 0 0 11 0 4 0 0 0 0 0 0 0 0 0 0 0 0 0 0 0 0 0 0 0 0 0 0 0 1 0 0 0 0 0 0 0 0 2 5 0 0 8 0 0 0 0 0 2 0 1 0 0 0 0 0 2 0 0 590 0 0 0 0 0 0 0 11 1 2 0 0 0 0 0 0 0 0 0 0 0 0 0 0 0 0 0 0 0 0 0 0 0 0 0 0 0 0 0 0 10 0 0 0
21 1 8 11 1 2 0 1 0 5 0 7 0 6 0 0 633 23 16 4 13 9 78 1 21 26 44 14 0 7 0 0 122 127 142 0 0 0 0 0 0 55 60 60 0 470 4708 9301 2605 0 74 15 1710 11 12 122 0 0 4046 10 4 5 10 0 34 0 0 0 1 0 0 0 0 0 0 0 0 0 0 0 0 0 0 28 1 2 0 0 0 0 0 0 0 0 0 0 0 6 0 1 1349 0 114 7747 4 7770 574 0 0 7755 0 0 149 25 95 5 0 0 0 0
1 0 0 0 0 0 0 5 0 0 0 0 0 25 19 52 0 1 1 2 1 2 2 0 1 2 3 1 0 22 0 0 6 290 367 0 0 0 0 0 0 1 1 1 102 0 7 384 374 0 0 680 817 410 386 231 0 131 9 0 0 0 708 215 0 0 0 0 0 0 0 0 1 0 0 0 0 641 0 0 0 0 0 4 3 3 0 0 0 0 0 0 0 0 0 0 0 0 0 0 0 0 0 0 127 0 14 0 87 0 66 99 0 0 15 232 0 0 2 0
1 0 0 0 0 0 0 0 0 0 0 0 0 1 0 0 0 0 0 0 0 0 0 0 0 0 0 0 0 17 0 0 2 165 207 0 0 0 0 0 0 3 3 3 0 0 4 3123 0 0 0 0 0 3 0 0 0 0 1 0 0 0 427 0 20 0 0 0 0 0 0 0 0 0 0 0 0 475 0 0 0 0 0 0 0 0 0 0 0 0 0 0 0 0 0 0 0 0 0 0 0 0 0 0 0 0 0 0 0 0 0 0 0 0 0 0 0 0 0 0
0 0 0 0 0 0 0 1 0 0 0 0 0 5 1 2 0 0 0 0 0 0 0 0 0 0 0 0 0 2 1 0 0 0 0 0 0 0 0 0 0 0 0 0 0 0 0 6 25 0 0 10 0 6 0 1 0 0 0 0 0 0 0 3 0 0 0 0 0 0 0 0 0 0 0 0 0 0 0 0 0 0 0 0 0 0 0 0 0 0 0 0 0 0 0 0 0 0 0 0 0 0 0 0 0 0 0 0 0 0 0 0 0 0 0 0 0 0 0 0
0 0 0 0 0 0 0 0 0 0 0 0 0 0 0 0 0 0 0 0 0 0 0 0 0 0 0 0 0 1 0 0 0 42 61 0 0 0 0 0 0 0 0 0 0 0 0 0 0 0 0 0 0 0 0 0 0 0 0 0 0 0 158 0 0 0 0 0 0 0 0 0 0 0 0 0 0 125 0 0 0 0 0 0 0 0 0 0 0 0 0 0 0 0 0 0 0 0 0 0 0 931 0 0 0 0 0 0 0 0 0 0 0 0 0 0 0 0 0 0
0 0 0 0 0 0 0 0 0 0 0 0 0 3 0 0 0 0 0 0 0 0 0 0 0 0 0 0 0 0 0 0 0 0 6 0 0 0 0 0 0 0 0 0 0 0 0 9 0 0 0 19 0 11 0 5 0 0 0 0 0 0 85 0 0 0 0 0 0 0 0 0 0 0 0 0 0 57 0 0 0 0 0 0 0 0 0 0 0 0 0 0 0 0 0 0 0 0 0 0 0 0 0 0 0 0 0 0 0 0 0 0 0 0 0 0 0 0 0 0
0 0 0 0 0 0 0 75 0 0 0 0 0 364 0 0 0 0 0 0 0 0 0 0 0 0 0 1 0 1 0 0 0 0 5 0 0 0 0 0 0 0 0 0 0 0 0 4 0 0 0 8 0 2 0 0 0 0 0 0 0 0 73 12 0 0 0 0 0 0 0 0 0 0 0 0 0 23 0 0 0 0 0 0 0 0 0 0 0 0 0 0 0 0 0 0 0 0 0 0 0 0 0 0 0 0 0 0 0 0 0 0 0 0 0 0 0 0 0 0
90 18 0 59 90 128 65 81 26 68 63 10 3264 382 77 2649 1380 90 159 162 42 88 347 10 69 76 122 40 0 0 79 94 136 5024 5962 0 0 0 0 0 0 146 140 140 1347 82 803 364 487 946 434 465 664 302 327 293 0 3662 2815 515 204 518 2564 1869 206 88 236 240 50 229 28 4 6405 6250 23 1170 267 2389 0 0 214 483 0 1208 503 600 0 234 403 0 0 0 0 0 0 482 0 436 237 203 0 233 102 920 213 959 193 0 214 948 207 211 159 4391 2079 226 248 354 930 0
1418 308 1593 665 48 64 175 514 64 41 189 9 135 302 74 4071 316 16 13 55 11 29 53 8 51 52 104 12 35 93 11 5 0 124 298 0 0 0 0 0 0 96 90 95 117 376 219 146 152 529 0 100 105 64 56 145 0 0 46 64 153 0 26 1953 78 136 197 201 87 190 0 0 1898 1780 22 0 13 0 0 0 0 712 0 394 430 578 0 326 0 0 0 0 0 0 0 0 0 99 93 69 0 0 459 258 30 305 65 0 27 286 20 26 553 8 314 45 85 76 60 0
0 0 0 0 0 0 1 6 0 0 0 0 0 32 1 161 0 0 31 0 0 0 0 0 0 0 0 0 0 0 0 0 1 0 0 0 0 0 0 0 0 0 0 0 0 5 0 0 0 0 0 0 0 0 0 1 0 0 0 0 0 0 0 0 0 0 0 0 0 1 0 0 0 0 0 0 0 0 0 0 97 4 0 23 22 22 0 0 127 0 0 0 0 0 0 0 0 9 1 0 0 0 0 0 0 0 0 0 0 0 0 0 0 0 0 0 0 0 6 0
6 0 0 0 0 0 0 34 1 0 0 0 0 177 5 0 0 0 0 0 0 0 0 0 0 0 0 0 0 0 0 0 0 0 0 0 0 0 0 0 0 0 0 0 0 440 0 23 14 0 43 45 49 24 23 18 0 0 0 0 0 0 0 0 0 6 16 16 3 15 0 0 652 577 3 0 0 0 0 0 0 0 0 0 2 2 0 0 0 0 0 0 0 0 0 0 0 0 0 0 0 0 0 0 14 0 12 0 12 0 11 12 0 0 0 19 0 0 0 0
4 0 0 0 13 58 1 6 4 9 0 0 1 84 0 0 1 0 0 208 1 88 0 0 0 0 0 0 0 0 0 0 13 60 242 0 0 0 0 0 0 108 117 118 0 0 0 163 90 0 163 282 212 111 140 61 0 0 1979 21 0 179 0 14 96 0 1 0 0 0 0 0 0 0 0 1103 50 0 0 0 0 0 0 17 16 15 0 0 0 0 0 0 0 0 0 30 0 146 0 14 0 69 6 0 65 0 56 0 64 0 63 64 30 7909 3598 71 306 0 427 0
0 0 0 0 0 0 0 0 0 0 0 0 0 102 1 0 0 0 0 0 1 1 0 0 0 1 1 1 0 701 26 3 19 79 14 0 0 0 0 0 0 17 6 1 495 5 1 26 25 0 47 47 57 28 27 21 0 1019 234 47 0 0 8 10 0 1 0 0 0 0 0 0 3 0 0 0 0 0 0 0 0 0 0 3 0 0 0 0 0 0 0 0 0 0 0 0 0 0 0 1141 0 5 0 0 16 0 12 0 26 3 15 16 0 217 99 19 0 0 0 0
0 0 0 0 0 0 0 10 0 0 0 0 93 51 0 0 0 0 0 12 0 5 0 0 0 0 0 0 0 30 1 0 4 0 0 0 0 0 0 0 0 0 0 0 0 1 3 64 58 0 0 0 121 0 0 0 0 0 43 150 732 0 0 0 92 0 3 1 0 2 0 0 0 0 0 0 1173 0 0 0 0 0 220 11 0 0 0 0 0 0 0 1 0 0 0 0 0 0 0 0 0 0 0 0 0 0 0 0 0 0 0 0 0 0 0 0 12 25 9 0
0 1 0 0 2 5 0 512 1 1 0 0 0 2477 0 0 0 0 0 32 1 15 0 0 0 0 0 0 0 51 0 0 0 0 0 0 0 0 0 0 0 0 0 0 0 2 9 7 2 7 0 13 0 14 8 0 0 0 636 11 0 0 0 0 59 0 0 0 0 0 0 0 0 0 0 0 0 0 0 0 0 1056 0 17 67 36 2796 3 0 0 0 0 68 73 0 0 0 0 0 2 0 0 0 0 0 0 0 0 0 0 0 0 0 85 40 0 50 7 137 0
0 0 0 0 0 0 0 60 0 0 0 0 0 293 1 0 0 0 0 18 0 8 0 0 0 0 0 0 0 0 0 0 0 0 0 0 0 0 0 0 0 0 0 0 0 0 0 0 0 0 7 0 0 0 3 4 0 0 0 0 0 10 0 0 0 0 0 0 0 0 0 0 0 0 0 0 0 0 0 0 0 0 0 55 2 8 0 0 0 0 0 96 0 0 0 0 0 8 0 0 0 0 0 0 0 0 0 0 0 0 0 0 0 0 0 0 11 0 1 0
0 0 0 0 0 0 0 0 0 0 0 0 0 0 0 0 0 0 0 0 0 0 0 0 0 0 0 0 0 0 0 0 0 0 0 0 0 0 0 0 0 0 0 0 0 0 0 0 0 0 0 0 0 0 0 0 0 0 0 0 0 0 0 0 0 0 0 0 0 0 0 6 0 0 0 0 0 0 0 0 0 0 0 0 0 0 0 0 0 0 0 0 0 0 0 0 0 0 0 0 0 0 0 0 0 0 0 0 0 0 0 0 0 0 0 0 0 0 0 0
0 0 0 0 0 0 0 0 0 0 0 0 0 0 0 0 0 0 0 0 0 0 0 0 0 0 0 0 0 0 0 0 0 0 0 0 0 0 0 0 0 0 0 0 0 0 0 0 0 0 0 0 0 0 0 0 0 0 0 0 0 0 0 0 0 0 0 0 0 0 0 3 0 0 0 0 0 0 0 0 0 0 0 0 0 0 0 0 0 0 0 0 0 0 0 0 0 0 0 0 0 0 0 0 0 0 0 0 0 0 0 0 0 0 0 0 0 0 0 0
0 0 0 0 0 0 0 0 0 0 0 0 0 0 0 0 0 0 0 0 0 0 0 0 0 0 0 0 0 0 0 0 0 0 0 0 0 0 0 0 0 0 0 0 0 0 0 0 0 0 0 0 0 0 0 0 0 0 0 0 0 0 0 0 0 0 0 0 0 0 0 7 0 0 0 0 0 0 0 0 0 0 0 0 0 0 0 0 0 0 0 0 0 0 0 0 0 0 0 0 0 0 0 0 0 0 0 0 0 0 0 0 0 0 0 0 0 0 0 0
0 0 0 0 0 0 0 0 0 0 0 0 0 0 0 0 0 0 0 0 0 0 0 0 0 0 0 0 0 0 0 0 0 0 0 0 0 0 0 0 0 0 0 0 0 0 0 0 0 0 0 0 0 0 0 0 0 0 0 0 0 0 0 0 0 0 0 0 0 0 0 2 0 0 0 0 0 0 0 0 0 0 0 0 0 0 0 0 0 0 0 0 0 0 0 0 0 0 0 0 0 0 0 0 0 0 0 0 0 0 0 0 0 0 0 0 0 0 0 0
0 0 0 0 0 0 0 0 0 0 0 0 0 0 0 0 0 0 0 0 0 0 0 0 0 0 0 0 0 0 0 0 0 0 0 0 0 0 0 0 0 0 0 0 0 0 0 0 0 0 0 0 0 0 0 0 0 0 0 0 0 0 0 0 0 0 0 0 0 0 0 4 0 0 0 0 0 0 0 0 0 0 0 0 0 0 0 0 0 0 0 0 0 0 0 0 0 0 0 0 0 0 0 0 0 0 0 0 0 0 0 0 0 0 0 0 0 0 0 0
27 4 54 8 1 42 139 79 3 13 55 1 2 28 9 64 36 5 5 36 4 16 17 0 4 5 13 3 9 60 1 6 77 25 5 0 0 0 0 0 0 64 70 70 12 2 38 7 14 60 1 1 1 1 7 9 0 2 3 21 35 0 30 0 84 0 0 0 0 0 0 0 0 0 0 0 14 29 0 0 1 0 3 42 0 6 7 0 6 0 0 1 14 2 0 9 0 0 14 1 21 0 101 6 0 13 5 0 0 10 0 0 240 108 181 0 57 2 31 0
27 4 54 8 4 71 139 94 4 15 55 1 2 125 12 65 37 6 16 136 10 58 17 0 5 7 15 9 9 61 1 6 85 89 80 0 0 0 0 0 0 64 71 70 46 6 114 9 16 62 379 2 2 1 26 34 0 46 3 72 129 0 30 701 133 0 0 0 0 0 17780 0 0 0 0 0 55 33 0 0 44 1 14 160 0 23 26 1 90 0 0 2 44 23 2 14 0 76 55 137 21 0 102 7 0 14 6 0 0 11 0 0 240 108 181 0 217 9 204 0
37 672 141 17 3 114 373 196 8 33 148 0 4 0 1 0 0 0 0 0 0 0 0 0 0 0 0 0 0 0 0 0 0 0 0 0 0 0 0 0 0 0 0 0 0 0 0 0 0 0 0 0 0 0 0 0 0 0 0 0 0 0 0 0 0 0 0 0 0 0 0 0 0 0 69 0 0 0 0 0 0 0 0 0 0 0 0 0 0 0 0 0 0 0 0 0 0 0 0 0 0 0 0 0 0 0 0 0 0 0 0 0 0 0 0 0 0 0 0 0
117 1 10 8 3 22 11 7 1 4 4 2 4 21 1 589 333 18 38 91 12 38 59 1 14 13 33 0 24 178 0 23 666 159 20 0 0 0 0 0 0 110 212 212 105 50 326 175 296 1378 3145 6 6 5 23 25 0 0 70 0 90 214 81 2059 192 26465 63099 64405 16951 60677 11677 11675 1 0 3002 173 0 26 0 0 0 238 31 121 269 250 0 257 0 1331 0 2 0 0 0 78 0 36 0 90 0 0 861 253 0 342 32 0 0 314 0 0 2143 293 1317 0 42 144 147 0
0 0 0 0 0 0 0 0 0 0 0 0 0 1 0 9 0 0 0 0 0 0 0 0 0 0 0 0 0 0 0 0 0 0 0 0 0 0 0 0 0 0 0 0 0 0 0 0 0 0 0 0 0 0 0 0 0 0 0 0 0 0 0 0 0 0 0 0 0 0 0 0 0 0 0 0 0 0 0 0 0 0 0 0 0 0 0 0 0 0 0 0 0 0 0 0 0 0 0 0 0 0 0 0 0 0 0 0 0 0 0 0 0 0 0 0 0 0 0 0
275 64 197 116 46 357 15 45 8 18 20 0 7993 480 86 456 51 15 16 1073 21 453 3 0 4 14 5 18 25 163 0 0 92 9 106 0 0 0 0 0 0 0 29 28 0 61 0 618 0 420 2821 927 1177 543 712 812 0 2273 105 49 0 339 11 1004 333 916 4020 411 582 397 814 778 1 0 42 0 54 0 0 0 10 3921 5483 6496 324 1084 20 337 59 13839 133 0 2918 0 0 192 0 4096 153 278 0 414 6 0 396 56 352 0 391 35 387 393 75 28 63 413 1779 312 365 0
1 0 0 0 30 19 2 23 8 20 1 0 133 128 2172 163 67 2 7 15 5 9 2 0 2 6 8 5 0 6 1 0 10 0 0 0 0 0 0 0 0 12 12 12 0 36 57 74 84 171 21 22 25 20 21 28 0 0 35 209 0 6 0 81 22 2 5 6 1 5 0 0 154 105 0 0 0 17 0 0 0 0 1086 211 1466 1256 2960 0 0 0 0 0 0 3999 255 0 0 2565 602 48 0 0 0 3 0 13 0 0 0 8 0 0 0 0 0 0 26 0 57 0
101 22 51 36 4 60 102 42 11 16 110 0 9 31 26 273 157 0 2 8 7 8 11 0 3 12 21 8 0 8 0 0 6 41 0 0 0 0 0 0 0 20 1 1 0 12 56 29 52 35 0 0 44 0 0 0 0 74 19 105 311 209 189 18 71 1 4 3 1 0 0 0 56 0 0 310 0 0 0 0 0 131 1002 345 503 474 979 484 0 0 0 0 0 0 0 1 0 611 172 12 0 0 0 0 0 0 0 0 0 0 0 0 0 0 0 0 9 0 19 0
504 13281 614 867 957 162 24 15 124 441 0 234 1561 223 6 1418 4817 1932 2261 652 1281 1037 7924 278 1756 2773 4782 1382 1948 1723 88 134 830 3343 3747 2 1 0 0 1 0 4422 3712 3718 2675 820 2067 2904 1643 3777 5835 2798 1987 610 1020 1953 4489 4066 7846 3444 2967 5565 2095 3516 1004 28 52 1 17 2 6 3 3456 3417 2 4507 1501 1922 0 8221 2936 958 0 831 3090 2743 5712 0 3978 0 0 653 2290 1993 3578 2382 0 1626 1785 1167 325 451 1117 2995 1905 3006 1868 1391 1925 3021 1921 1924 1331 15 748 1930 590 3459 2393 0
6526 1829 695 5272 8021 13363 7591 3002 507 3882 5293 3482 16810 216 5270 21706 20127 811 3140 2850 2041 3375 1466 210 5577 1964 1667 1511 98 2082 82 0 1661 1886 1839 1 0 0 0 0 0 1030 1054 1053 6982 1116 2881 3294 4239 2791 2675 4006 6179 2485 2520 1335 1541 1740 509 4050 1674 4118 160 2027 1990 4421 1571 245 665 206 821 824 5381 5346 15 2646 1792 461 0 0 5022 1335 0 2221 1905 2254 12856 0 6307 0 862 431 377 0 873 683 0 1486 1789 1033 465 2399 2505 2536 1227 2569 1362 1446 1238 2556 1227 1229 3739 469 2260 1235 2769 1234 2377 0
0 0 0 0 66 62 4 7 18 46 0 1 21 133 11 131 106 0 0 662 16 287 0 0 5 0 0 0 24 47 2 0 20 52 136 0 0 0 0 0 0 46 44 41 3 26 79 30 32 117 19 28 27 15 141 28 0 150 0 92 119 254 42 145 144 1 2 1 1 3 0 0 97 14 0 0 54 36 0 0 0 289 49 176 190 184 854 117 318 0 67 182 0 0 33 28 0 270 125 556 1 0 0 39 4 51 3 0 2 47 3 4 16 168 87 8 1071 167 400 0
13 0 19 27 49 5 2 4 13 33 0 0 0 18 99 299 0 55 519 40 23 31 67 1 48 56 79 22 86 27 0 0 62 0 21 0 0 0 0 0 0 85 51 51 0 17 18698 27 8 143 144 109 104 22 29 56788 0 0 0 140 1 12 54 0 199 0 0 0 0 0 0 0 0 0 0 0 758 0 0 0 0 0 0 112 1262 1070 0 0 0 0 0 24 0 0 393 103 0 13 197 52 0 0 0 30829 69172 30843 60951 0 69251 30837 69305 69307 0 20 14 69375 60 431 14 0
171 9 277 390 212 22 11 51 55 196 0 105 203 258 198 7629 2754 806 7332 188 309 266 941 20 674 790 1107 300 1133 263 0 0 182 0 99 0 0 0 0 0 0 361 27 27 252 151 208 241 469 590 212 469 526 237 196 258 478 232 304 1154 441 96 0 587 644 1 1 1 1 1 0 0 125 0 0 0 0 0 1337 762 0 884 0 741 1689 1566 385 895 219 0 0 1 0 0 2839 1122 0 379 655 227 64 182 23 309 45 320 55 298 39 312 44 46 66 282 170 49 152 1814 71 0
0 0 0 5 0 6 0 0 0 1 0 0 0 0 178 0 0 0 0 0 0 0 0 0 0 0 0 0 0 0 0 0 0 0 0 0 0 0 0 0 0 0 0 0 0 0 0 0 0 0 0 0 1 0 0 201 0 0 0 173 0 0 0 0 0 0 0 0 0 0 0 0 2 0 0 0 0 0 0 0 0 0 0 0 230 649 0 0 0 0 0 0 0 0 0 0 0 0 0 0 0 0 0 0 0 0 0 0 0 0 0 0 0 0 0 0 3 0 1 0
0 0 0 0 0 0 0 0 0 0 0 0 0 2 0 0 0 0 0 0 0 0 0 0 0 0 0 0 0 0 0 0 0 0 0 0 0 0 0 0 0 0 0 0 0 0 0 0 0 0 0 0 0 0 0 0 0 0 0 0 0 0 0 0 0 0 0 0 0 0 0 0 0 0 0 0 0 0 0 0 0 0 0 0 0 0 0 0 0 0 0 0 0 0 0 0 0 0 0 0 0 0 0 0 0 0 0 0 0 0 0 0 0 0 0 0 0 0 0 0
0 0 0 0 0 0 0 0 0 0 0 0 0 2 0 0 0 0 0 0 0 0 0 0 0 0 0 0 0 0 0 0 0 0 0 0 0 0 0 0 0 0 0 0 0 0 0 0 0 0 0 0 0 0 0 0 0 0 0 0 0 0 0 0 0 0 0 0 0 0 0 0 0 0 0 0 0 0 0 0 0 0 0 0 0 0 0 0 0 0 0 0 0 0 0 0 0 0 0 0 0 0 0 0 0 0 0 0 0 0 0 0 0 0 0 0 0 0 0 0
14 1 8 12 1 12 2 8 5 5 7 7 0 35 0 6 31 28 23 45 36 41 58 2 30 57 101 41 0 10 0 0 49 125 0 0 0 0 0 0 0 15 16 16 0 0 25 35 16 36 26 35 35 16 23 32 36 148 157 30 116 168 0 0 28 0 0 0 0 0 0 0 118 89 0 0 0 0 0 0 0 481 0 259 9 42 0 0 0 0 0 0 0 0 0 3 0 0 0 0 0 0 46 0 7 7 10 7 6 3 5 7 141 175 159 12 58 144 59 0
195 357 192 450 158 86 7 98 36 212 0 218 1 535 0 0 0 537 929 179 124 137 627 675 680 249 292 39 238 290 0 0 244 0 0 0 0 0 0 0 0 452 0 0 0 163 24 21 36 18 34 2809 2144 58 99 137 0 0 325 1483 48 593 1 0 548 0 0 0 0 0 0 0 1 0 0 0 28944 0 14648 1813 0 1516 0 57 1209 1055 1314 0 130 0 0 0 0 0 17767 346 0 663 527 135 0 0 0 0 1 1 9 21 1 0 8 9 4 4 12 12 168 15726 79 0
0 0 0 0 56 124 17 20 16 41 6 0 13 250 13 287 157 0 0 173 4 80 0 0 0 0 0 0 0 42 6 14 66 0 64 0 0 0 0 0 0 56 21 20 20 36 52 52 44 92 132 48 51 27 63 83 0 313 0 330 188 207 21 135 5794 2 4 4 1 4 0 0 813 677 0 0 71 0 0 0 0 124 0 781 318 383 251 0 0 427 70 141 0 0 165 25 0 415 125 123 0 0 80 39 11 54 17 0 8 48 10 11 101 55 84 17 291 0 110 0
500 112 284 231 241 497 577 273 87 241 538 15 147 767 9 744 141 134 172 246 70 146 533 17 110 154 246 74 340 109 7 210 182 21 75 0 0 0 0 0 0 157 171 171 228 57 280 151 225 196 1789 474 576 90 187 64 330 271 5 337 2133 199 179 1187 163 21 57 58 13 55 11 11 941 0 6 0 3807 228 1588 263 278 1243 4340 291 933 794 455 1040 0 0 14805 0 1766 0 1105 505 0 2899 406 369 41 61 94 201 38 210 43 51 36 206 35 37 205 91 155 40 395 1979 265 0
161 35 83 60 24 113 171 131 19 38 181 0 30 375 9 113 104 3 9 64 3 29 6 0 2 6 10 3 41 48 2 25 18 0 56 0 0 0 0 0 0 27 19 19 47 10 36 10 29 31 29 13 40 22 35 31 32 179 9 481 149 55 31 97 95 4 15 15 2 14 3 3 387 388 0 0 50 64 40 0 0 27 454 330 173 190 144 170 0 0 0 0 0 279 67 40 0 296 77 48 0 3 5 11 1 18 0 0 0 15 0 0 32 55 44 3 82 41 45 0
0 0 0 0 3 0 0 16 1 2 0 0 0 77 0 0 0 0 0 0 0 0 0 0 0 0 0 0 0 0 0 0 13 11 0 0 0 0 0 0 0 0 0 0 0 0 1 1 0 1 2511 0 0 0 10 0 12 16 3 2 2 0 0 1484 0 0 0 0 0 0 0 0 0 0 0 10 19 10 0 0 0 0 0 0 0 0 0 0 0 20215 13315 0 0 0 98 298 0 0 0 3 0 0 0 0 0 0 0 0 0 0 0 0 0 0 0 0 0 0 0 0
7 0 18 25 99 210 8 5 43 110 0 7 29 213 7 349 209 59 752 722 24 313 39 7 42 16 61 19 279 307 187 0 181 305 329 0 0 0 0 0 0 177 103 103 945 113 1085 74 125 145 53 67 73 35 172 156 17 530 84 3615 2292 483 136 0 749 7 21 22 5 20 0 0 854 787 1 0 404 293 0 0 883 1015 424 1491 952 1027 111 627 1512 0 228 1 0 0 381 274 0 842 456 427 94 2 220 133 22 142 40 0 19 137 20 21 222 793 483 24 1154 405 1430 0
285 80 358 468 1365 140 202 44 375 1007 70 115 205 155 908 4241 1904 963 913 225 485 388 4102 128 823 1017 1701 505 2248 323 7 48 113 282 258 0 0 0 0 0 0 328 86 86 197 129 166 201 183 316 782 312 309 141 180 212 1230 84 211 1162 8316 512 90 0 1002 11 28 29 7 27 0 0 842 814 1 201 0 204 0 1057 330 430 1137 315 1571 1384 757 739 574 4526 0 105 671 0 1423 2157 0 980 743 1497 50 94 140 139 137 145 137 513 133 140 136 138 142 742 418 141 88 0 175 0
60 18 26 29 2073 74 145 44 579 1433 10 4 59 169 260 0 26 42 18845 76 60 66 73 3 45 490 151 65 258 34 1 0 35 3 0 0 0 0 0 0 0 70 30 30 81 32 34 95 9404 28 269 194 193 82 96 85 22 108 103 293 80 392 250 285 157 10 23 23 6 22 0 0 785 756 0 17 0 211 0 0 0 0 0 146 406 368 457 0 0 0 0 0 0 0 0 297 1302 185 183 2199 0 61 27 15 77 21 68 50 70 14 71 72 37 291 154 75 81 0 63 0
0 0 0 0 33 0 2 9 9 23 0 0 0 46 0 0 0 1 1 22 85 13 1 0 11 4 32 76 0 31 1 0 2 0 18 0 0 0 0 0 0 37 40 40 0 2 48 66 38 64 94 78 66 35 32 28 0 29 75 7 0 0 0 160 71 0 1 0 0 0 0 0 1 0 0 0 83 0 0 0 0 0 0 1 1 1 0 0 0 0 0 0 0 0 0 0 0 1 540 35 3 17 0 67 24 75 21 0 23 71 22 23 0 53 25 26 33 40 14 0
594 144 2119 454 1877 714 929 410 528 1418 446 81 1349 1651 71 2713 611 5286 661 1679 1147 1398 249 135 888 1219 870 101 2279 452 18 120 445 1149 599 0 0 0 0 0 0 328 124 123 989 212 486 857 1035 733 1421 1284 1741 713 891 845 524 1730 318 6352 3730 1433 728 2394 977 32 78 78 22 73 12 3 3667 3659 9 5144 1602 1097 769 1810 801 2043 916 2607 3153 3078 597 2659 715 2481 1824 2372 123 69 0 2378 0 1418 1682 2314 290 702 495 329 428 337 423 71 408 319 411 413 520 91 329 411 2313 1558 634 0
37 10 20 21 3 20 29 11 3 12 48 10 159 34 1072 0 0 4 5 24 5 11 16 11 15 2 7 0 9 0 0 0 11 0 0 0 0 0 0 0 0 2 5 5 0 6 2 0 2 0 13 5 6 2 6 4 0 0 0 49 0 46 3 8 0 0 0 0 0 0 0 0 85 0 0 0 0 0 0 0 0 0 0 9 23 20 92 0 0 0 0 5 0 0 0 0 0 0 0 0 0 0 0 0 0 0 0 0 0 0 0 0 20 0 13 1 21 13 14 0
2 0 0 2 34 32 2 48 10 24 0 0 0 262 1 11 0 4 6 237 11 102 7 0 5 7 14 10 0 27 0 0 13 0 42 0 0 0 0 0 0 20 17 16 2 7 68 43 36 13 51 60 55 26 70 41 0 0 0 390 32 61 28 72 40 1 3 3 1 3 0 0 184 26 0 0 0 0 0 0 0 0 0 64 91 98 58 0 0 0 0 23 0 0 0 0 0 143 0 91 18 7 1 36 27 43 23 0 26 40 25 26 10 80 43 29 368 24 93 0
548 421 287 332 25 1564 845 170 21 207 787 0 0 144 0 0 1 1 0 131 2 55 0 0 0 4 21 0 0 0 0 0 0 0 0 0 0 0 0 0 0 1 2 0 0 0 0 0 0 0 1 1 1 1 25 1 0 0 0 0 0 0 0 0 0 0 0 0 0 0 0 0 0 0 0 0 0 0 0 0 0 0 0 0 0 0 32 0 0 0 0 0 0 0 0 0 0 158 0 0 0 0 0 0 0 0 0 0 0 0 0 0 0 0 0 0 172 0 289 0
37 26 17 37 8 15 10 12 8 23 19 31 20 26 7 146 70 28 24 18 15 14 22 35 49 17 16 8 12 15 3 15 85 203 236 35 35 35 35 35 35 38 38 40 0 13 10 0 281 0 691 638 617 356 386 215 48 62 43 32 38 20 570 9 28 20 35 35 14 36 0 0 192 68 2 39 15 559 0 0 0 51 0 21 21 20 4 14 4 0 7 19 0 0 3 0 0 20 0 15 0 347 119 12 183 20 170 0 181 17 180 181 132 20 82 182 10 16 24 12
41 28 18 41 9 16 11 14 9 25 21 34 23 29 8 163 102 31 27 20 16 16 24 39 55 19 18 9 13 29 0 0 94 227 256 39 39 39 39 39 39 43 44 44 62 14 23 417 316 40 348 706 681 0 418 237 0 48 48 11 0 0 660 52 32 22 39 39 16 39 16 15 213 212 2 0 25 606 0 0 22 53 0 23 23 22 15 16 20 0 0 21 0 0 0 0 0 23 0 17 0 0 0 0 126 0 68 0 100 0 84 103 105 0 71 175 12 18 26 14
25 18 11 25 6 10 0 8 6 15 12 21 14 17 5 99 54 18 16 12 9 9 14 24 34 11 10 5 8 15 2 0 0 0 155 24 24 24 23 24 24 25 26 26 0 8 15 252 192 0 460 425 419 240 261 143 0 0 30 21 0 13 391 31 19 13 23 23 9 23 0 0 124 0 1 0 15 343 0 0 1 34 0 14 14 14 0 7 0 0 0 12 0 0 0 11 0 5 0 10 0 104 0 0 98 0 74 0 96 0 87 95 77 0 49 117 8 9 16 8
29 20 13 29 7 12 8 10 6 18 15 24 16 21 6 153 0 23 20 15 12 11 18 27 39 14 13 6 9 20 0 0 67 96 186 28 28 28 28 28 28 31 32 32 0 10 0 0 223 0 548 500 497 286 310 171 0 0 34 25 30 15 482 37 23 16 28 28 11 29 0 0 155 0 2 0 0 376 0 0 0 0 0 16 17 16 5 5 0 0 0 15 0 0 0 0 0 15 0 12 0 266 88 0 145 12 132 0 143 7 141 142 105 14 65 146 2 8 19 10
8 6 3 8 2 3 2 3 2 5 4 7 5 6 2 33 18 5 5 4 3 3 5 8 11 4 3 2 2 6 0 0 18 35 43 8 8 8 8 8 8 8 9 9 5 3 2 83 62 0 0 140 134 79 79 46 0 0 10 0 0 0 128 10 6 4 8 8 3 8 3 2 41 41 0 0 4 109 0 0 0 0 0 5 5 5 0 0 0 0 0 4 0 0 0 0 0 3 0 3 0 0 0 0 0 0 0 0 0 0 0 0 7 0 8 27 0 3 5 3
13 9 5 13 3 5 4 4 3 8 7 11 7 9 2 57 0 8 8 6 5 5 7 12 17 6 5 3 4 8 0 0 29 0 74 12 12 12 12 12 12 13 13 14 0 4 0 0 92 0 233 209 213 122 134 73 0 0 15 10 13 7 201 16 10 7 12 12 5 12 0 0 65 0 1 0 0 111 0 0 0 0 0 7 7 7 0 0 0 0 0 6 0 0 0 0 0 5 0 5 0 98 27 0 59 0 52 0 58 0 57 58 43 4 27 62 0 0 8 4
12 9 5 12 3 5 2 4 3 7 6 10 6 9 2 74 16 7 8 6 5 5 7 12 17 5 5 2 2 8 0 0 21 39 72 11 11 11 11 11 11 13 13 13 0 4 5 0 96 0 0 358 211 123 126 70 0 0 15 0 0 0 206 16 9 6 11 11 5 11 0 0 62 0 1 0 3 180 0 0 0 0 0 7 7 7 0 0 0 0 0 6 0 0 0 0 0 4 0 5 0 0 0 0 25 0 0 0 14 0 7 16 25 0 18 50 2 5 8 4
59 36 23 68 12 20 14 17 11 31 27 43 28 38 10 169 131 38 0 19 20 19 30 49 92 24 22 11 17 35 4 14 0 285 324 49 49 49 49 49 49 54 55 55 16 17 34 515 395 51 962 888 859 495 538 298 80 125 60 44 51 27 828 64 39 27 48 48 20 49 18 17 262 253 3 162 26 771 0 0 28 61 0 28 29 28 0 0 44 0 17 26 7 0 0 17 0 28 16 21 10 495 172 25 257 32 240 0 254 28 252 253 185 29 115 254 19 20 33 17
10 8 5 12 3 5 3 4 3 7 6 10 7 10 3 128 27 7 7 5 4 4 6 11 16 5 4 2 3 6 0 0 21 40 50 12 12 12 11 12 12 9 10 10 7 4 4 106 81 4 0 167 175 103 104 59 0 0 13 0 0 0 139 15 7 5 9 9 4 11 4 3 50 48 2 0 7 119 0 0 0 0 0 6 7 7 0 0 0 0 1 5 0 0 0 0 0 5 0 5 0 0 0 0 12 0 0 0 0 0 0 2 8 0 8 39 1 5 7 4
20 14 8 21 4 8 5 7 4 12 10 17 11 16 5 200 0 12 12 10 7 7 11 20 28 9 8 4 6 12 0 0 44 30 116 19 19 19 19 19 19 20 21 21 0 6 0 0 147 0 358 314 332 190 207 112 0 0 24 16 16 0 309 24 14 10 18 18 7 18 0 0 95 0 3 0 0 212 0 0 0 0 0 11 11 11 0 2 0 0 0 10 0 0 0 0 0 9 0 8 0 169 51 0 94 5 85 0 93 0 91 93 67 8 42 97 0 3 13 7
12 9 5 13 3 4 3 4 3 7 6 10 6 11 4 187 24 7 7 6 4 4 7 12 17 5 5 2 2 7 0 0 24 49 59 11 11 11 11 11 11 11 12 12 12 3 4 117 93 5 0 199 203 118 118 63 0 0 15 0 0 0 180 12 8 6 10 10 4 11 4 4 51 50 1 0 6 157 0 0 0 0 0 6 7 7 0 0 0 0 1 5 0 0 0 0 0 4 0 5 0 0 0 0 19 0 0 0 7 0 0 9 16 0 13 46 2 5 7 4
10 7 4 11 2 4 3 4 2 6 5 9 5 9 3 104 21 6 6 5 3 3 6 10 14 4 4 2 1 6 0 0 19 38 47 9 9 9 9 9 9 9 9 9 8 3 3 99 78 2 0 168 170 99 98 52 0 0 12 0 0 0 144 10 6 5 8 8 3 9 3 3 43 43 1 0 5 123 0 0 0 0 0 5 6 6 0 0 0 0 0 4 0 0 0 0 0 4 0 4 0 0 0 0 10 0 0 0 0 0 0 0 8 0 8 36 1 4 6 3
4 3 2 5 1 2 1 2 1 3 2 4 3 4 1 65 0 3 3 2 1 1 2 5 6 2 2 1 1 2 0 0 7 0 17 4 4 4 3 4 4 3 3 3 0 1 2 41 33 0 70 66 74 41 44 22 0 0 5 4 0 2 48 4 2 2 4 4 1 4 0 0 17 0 0 0 2 24 0 0 0 2 0 3 3 3 0 0 0 0 0 1 0 0 0 2 0 0 0 2 0 0 0 0 0 0 0 0 0 0 0 0 0 0 1 15 0 0 3 2
7 7 3 10 2 3 2 3 2 5 4 8 4 8 3 112 22 5 5 4 2 2 5 9 13 3 3 1 2 4 1 0 11 0 23 8 8 8 8 8 8 6 6 6 0 2 0 84 70 0 47 137 153 88 86 40 0 0 11 8 0 0 50 0 4 3 8 8 2 8 0 0 29 0 1 0 4 86 0 0 0 0 0 5 6 6 0 0 0 0 0 2 0 0 0 0 0 1 0 3 0 66 2 0 39 0 33 0 38 0 37 38 13 0 10 42 0 0 5 3
2 2 1 2 0 1 0 1 0 1 1 2 1 2 1 29 0 1 1 1 1 0 1 2 3 1 1 0 0 1 0 0 4 0 4 2 2 2 1 2 2 2 2 2 0 1 0 20 16 0 0 27 34 19 18 10 0 0 3 2 0 0 7 0 1 1 2 2 1 2 0 0 8 0 0 0 1 12 0 0 0 0 0 1 1 1 0 0 0 0 0 1 0 0 0 0 0 0 0 1 0 0 0 0 0 0 0 0 0 0 0 0 0 0 0 6 0 0 1 1
3 2 1 3 1 1 1 1 1 2 1 2 2 3 1 37 4 2 2 1 1 1 2 3 4 1 1 0 0 1 0 0 5 0 5 3 3 3 3 3 3 2 2 2 0 1 0 27 21 0 0 44 45 28 22 13 0 0 3 0 0 0 34 3 2 1 3 3 1 3 1 1 11 11 0 0 1 20 0 0 0 0 0 2 2 2 0 0 0 0 0 1 0 0 0 0 0 0 0 1 0 0 0 0 0 0 0 0 0 0 0 0 0 0 0 0 0 1 2 1
0 0 0 0 10 2 3 0 3 8 3 0 0 54 2 34 9 1 1 191 2 81 1 0 1 0 1 0 0 0 0 2 0 0 0 0 0 0 0 0 0 8 7 7 0 3 15 2 0 13 4 7 7 5 39 4 0 0 2 38 0 16 0 0 0 1 3 3 1 2 0 0 103 0 0 0 0 0 0 0 0 0 0 0 27 25 0 0 0 0 0 113 0 0 0 0 0 0 0 0 0 0 0 0 0 5 0 0 0 2 0 0 0 51 25 2 0 0 31 0
0 0 0 0 0 7 0 0 5 15 0 0 0 13 0 0 0 1 0 27 5 15 2 0 2 2 25 4 0 0 0 0 8 0 0 0 0 0 0 0 0 2 0 0 0 48 7 4 10 6 0 1 1 0 6 1 0 0 6 28 10317 2995 0 0 868 0 0 0 0 0 0 0 1 0 0 0 162 17 0 0 0 0 0 9 10 9 0 0 168 0 0 36 0 891 210 0 0 0 0 24 0 0 0 0 0 0 0 0 0 0 0 0 1 20 11 0 29 0 0 0
0 0 0 0 0 0 0 55 0 0 0 0 0 275 0 0 0 0 0 0 2 2 0 0 0 0 10 0 0 0 0 0 4 0 0 0 0 0 0 0 0 0 0 0 0 31 0 0 5 2 0 0 0 0 0 0 0 0 0 0 0 1721 0 0 0 0 0 0 0 0 0 0 0 0 0 0 0 0 0 0 0 0 0 0 0 0 0 0 0 0 0 0 0 0 0 0 0 0 0 0 0 0 0 0 0 0 0 0 0 0 0 0 0 0 0 0 0 1505 0 0
0 0 0 0 0 0 0 0 0 0 0 0 0 0 0 0 0 0 0 0 0 0 0 0 0 0 0 0 0 0 0 0 0 0 0 0 0 0 0 0 0 0 0 0 0 0 0 0 0 0 0 0 0 0 0 0 0 0 0 0 0 0 0 0 0 0 0 0 0 0 0 0 0 0 0 0 0 0 0 0 0 0 0 0 0 0 0 0 0 0 0 0 0 0 0 0 0 0 0 0 0 0 0 0 0 0 0 0 0 0 0 0 0 0 0 0 0 0 0 0
