136
0 1 0 0 0 0 10 2 14 107 302 39 33 0 14 1 0 0 0 0 0 0 0 0 0 0 0 0 0 11 0 5 0 0 0 1311 0 166 0 0 170 0 0 16 0 0 0 0 0 0 4 0 0 0 0 0 0 0 0 0 0 0 0 3 0 0 0 0 0 4 0 0 0 0 0 0 0 0 0 0 0 0 0 0 0 0 0 0 0 0 0 0 0 0 107 0 0 0 0 0 0 0 0 0 0 0 0 0 0 0 0 0 0 0 0 0 0 0 0 0 0 0 0 0 0 0 0 0 0 0 0 0 0 0 0 0
0 0 1212 0 0 0 2 0 164 20 0 95 82 0 10 0 0 0 0 0 0 0 0 0 0 0 0 0 0 18 11 21 7 8 0 357 58 0 1 0 2 73 66 94 0 0 0 0 0 0 2 0 0 0 0 0 0 0 0 0 0 0 0 2 0 0 0 0 0 0 0 0 0 0 0 0 0 0 0 0 0 0 0 0 0 0 0 295 0 0 0 0 0 0 0 0 1 0 0 0 0 0 0 0 0 0 0 0 0 0 0 0 0 1 0 0 0 0 0 0 0 0 0 0 0 0 0 0 0 0 0 0 0 0 0 0
72 0 0 58 16 214 280 60 2165 88 164 2748 578 1151 1710 0 0 0 0 0 0 0 0 0 0 0 0 0 0 107 54 143 3 6 0 82 30 8466 0 0 3 65 60 85 0 19 0 2 0 0 1 0 0 0 0 0 0 0 0 0 0 0 0 3 0 0 0 0 0 0 0 0 0 0 0 0 0 0 0 0 1 0 0 0 0 2 0 260 13 0 0 0 0 0 0 0 1 0 6 0 0 0 0 0 0 0 0 0 0 0 0 0 0 2 0 2 0 0 0 0 0 0 0 0 0 0 0 0 0 0 0 0 0 2 0 0
16 1 0 0 0 48 74 37 6 0 0 293 118 0 10 119 6 0 1 1 4 2 0 0 0 110 0 110 0 3 0 1 0 0 154 33 0 1878 2306 0 47 18 107 397 0 13 0 0 1 0 10 2 180 0 7 0 1 1 2 7 5 2 1 266 0 0 0 0 609 0 0 0 0 0 0 0 0 0 0 1 0 0 1 0 0 0 0 0 4 0 0 0 0 0 0 0 5 0 5 0 0 0 0 0 0 0 1 0 0 0 363 0 0 1 0 1 0 0 0 0 0 0 0 0 0 0 0 27 82 0 0 0 0 16 82 0
329 13 0 17 0 94 85 11 7 0 0 231 23753 0 6 0 0 0 0 0 0 23 0 0 0 0 0 0 0 4 2 8 0 41705 0 37 5 533 0 0 6 0 94 156 0 8 0 0 0 0 12 0 28 0 1 0 0 0 1 1 1 0 0 12 0 0 0 0 84 0 0 0 0 0 0 0 0 0 0 0 0 0 0 0 0 0 0 66 2 0 0 0 0 0 0 0 1 0 3 0 0 0 0 0 0 0 0 0 0 0 45 0 0 895 33 9 0 0 0 0 0 0 0 0 0 0 0 0 10 0 0 0 0 1 0 0
32 0 0 0 0 0 13 3 2 0 0 54 12 0 1 0 34 0 0 0 0 1 2 0 0 0 0 0 0 41 6 36 0 1 0 57 71946 0 0 0 6 26 47 105 0 3 0 0 0 0 0 0 0 0 0 0 0 0 0 0 0 0 0 1 0 0 0 0 0 0 0 0 0 0 0 0 0 0 0 0 0 0 0 0 0 0 0 100 1 0 0 0 0 0 0 0 0 0 0 0 0 0 0 0 0 0 0 0 0 0 38 0 0 578 0 0 0 0 0 0 0 0 0 0 0 0 0 0 6 0 0 0 0 0 0 0
0 0 0 0 0 0 0 0 0 0 0 0 0 0 0 0 0 1 1 1 1 1 0 0 0 0 0 0 0 0 0 0 0 0 0 0 0 0 0 0 0 0 0 0 0 0 0 0 0 0 0 0 0 0 0 0 0 0 0 0 0 0 0 0 0 0 0 0 0 0 0 15 0 0 33 0 0 0 0 0 0 0 0 0 0 0 0 0 0 0 0 0 0 0 0 0 0 0 0 0 0 0 0 0 0 0 0 0 0 0 0 0 0 0 0 0 0 0 0 0 0 0 0 0 0 0 0 0 0 0 0 0 0 0 0 0
0 0 0 0 0 0 1 0 900 755 1121 1711 294 0 2202 67 0 0 0 0 1 2 0 0 0 0 0 0 0 34 14 38 0 0 0 19 0 0 0 0 0 0 68 236 0 2 0 0 0 0 8 1 35 0 2 0 0 1 1 2 1 1 0 0 3 22 0 0 0 0 0 0 0 0 0 0 0 0 0 0 0 0 0 0 0 0 0 0 0 0 0 0 0 0 0 0 2 0 1 0 0 0 0 0 0 0 0 0 0 0 169 0 0 4 0 0 0 0 0 0 0 67 0 0 0 0 0 21 0 0 0 0 0 0 51 0
0 0 0 0 0 0 0 0 0 0 0 698 3363 14035 63 42 21 0 0 0 1 0 0 0 0 0 0 0 0 896 628 1490 39 6 6 0 0 0 0 0 0 0 1 261 0 0 0 0 0 0 0 0 0 0 0 0 0 0 0 0 0 0 0 0 0 0 0 0 0 0 0 0 0 0 0 0 0 0 0 0 1 0 0 0 0 0 5 2 0 0 0 0 0 0 0 0 9 0 0 0 0 0 0 0 0 0 0 0 0 0 0 0 0 37 0 0 0 0 0 0 0 0 0 0 25 0 0 0 0 0 0 0 0 0 0 0
0 0 0 5 1 11 14 0 165 0 13 836 1010 301 6 99 207 0 0 0 2 6 0 0 0 0 0 0 1 64 77968 91 3 15 0 0 0 0 3 0 64 91 137 493 0 1 0 1 1 0 0 0 1 0 0 0 0 2 0 0 0 1 0 5 0 27 0 0 12 0 0 0 2 0 40 0 0 0 0 0 0 0 0 0 0 0 0 1145 385 0 0 0 0 0 0 0 6 0 1 0 0 0 0 0 0 0 12 6 0 0 323 0 0 10 0 0 0 0 0 0 0 0 0 0 0 0 21 34 8 0 0 0 0 4 14 0
0 4 0 10 3 5 113 0 106 0 0 373 1473 109 33 68 13 0 0 0 1 18 0 0 0 0 0 0 0 349 203 26183 22 24 18 11 40 57 1 0 0 1 3 0 0 31 0 0 0 0 0 0 0 0 0 0 0 0 0 0 0 0 0 0 0 0 0 0 0 0 1 0 1 0 5 0 0 0 0 0 0 0 0 0 0 1 0 99 52 0 0 0 0 0 0 0 5 0 0 0 0 0 0 0 0 0 0 0 0 0 0 0 0 16 8 3 0 0 0 0 0 0 0 0 0 0 0 0 0 0 0 0 0 0 0 0
0 0 0 0 0 0 0 0 0 0 0 0 0 0 0 0 0 0 0 0 0 2 0 0 0 0 0 0 0 0 0 1 0 0 0 0 0 0 0 0 0 0 0 0 0 0 0 0 0 0 0 0 0 0 0 0 0 0 0 0 0 0 0 0 0 0 0 0 0 0 0 0 0 0 0 0 0 0 0 0 0 0 0 0 0 0 0 0 0 0 0 0 0 0 0 0 6 0 0 0 0 0 0 0 0 0 0 0 0 0 0 0 0 0 0 0 0 0 0 0 0 0 0 0 0 0 0 0 0 0 0 0 0 0 0 6
0 0 0 0 0 0 2 0 0 0 0 125 0 0 538 0 0 0 0 0 0 2 0 0 0 0 0 0 0 2 0 1 176 0 0 0 0 0 0 0 0 46 80 0 0 4 0 0 0 0 23 0 15 0 1 0 0 0 0 1 1 0 0 0 18 68 0 0 0 0 0 0 0 0 0 0 0 0 0 0 0 0 0 0 0 0 0 0 0 0 0 0 0 0 0 0 2 0 1 0 0 0 0 0 0 0 0 0 0 0 200 0 0 0 0 0 0 0 0 0 0 0 0 0 0 0 0 0 37 0 0 0 0 0 0 0
570 192 0 84 77 57 804 83 0 0 0 1642 467 0 64 456 145 0 2 2 8 41 0 0 0 35 0 35 0 8 22 51 4 79 84157 194 20 0 17 0 245 689 1002 2675 0 83 10 21 7 0 9 0 1 0 0 0 1 9 1 1 1 4 2 8 19 45 0 0 0 0 2 1 0 0 5 0 0 1 0 0 0 0 0 0 0 0 0 3372 80 0 0 0 0 0 0 0 17 0 27 0 0 0 0 0 0 60 54 0 0 0 1477 0 0 7 36 23 0 0 0 0 0 1917 0 0 10 0 96 156 130 0 0 0 19 20 55 0
0 0 0 0 0 0 0 0 0 0 0 0 0 0 0 0 0 0 0 0 0 0 0 0 0 0 0 0 0 0 0 0 0 0 0 0 0 0 0 0 0 0 0 0 0 0 0 0 0 0 0 0 0 0 0 0 0 0 0 0 0 0 0 0 0 0 0 0 0 0 0 0 0 0 0 0 0 0 0 0 0 0 0 0 0 0 0 0 0 0 0 0 0 0 0 0 0 0 0 0 0 0 0 0 0 0 0 0 0 0 0 0 0 0 0 0 0 0 0 0 0 0 0 0 0 0 0 0 0 0 0 0 0 0 0 0
0 0 0 0 0 5 9 0 0 0 0 2 4 0 1 0 1 2 44 47 174 8 0 0 0 10 32923 9 0 1 1 2 1 3 0 49 1 0 4 3 2 97 97 161 2866 27158 2755 0 2 0 2 0 26 0 1 0 0 1 0 1 0 0 0 15 6 33 0 38 0 0 7 7 0 2 0 14 0 2 0 2 0 0 3 24 0 0 0 0 0 0 0 0 0 0 0 1284 873 0 2845 0 0 0 0 0 372 0 0 0 0 0 0 0 0 3 0 0 0 0 0 0 0 0 0 0 0 0 0 0 0 0 0 0 0 9 8 0
82 28 14 0 2 0 18 23 0 0 0 200 36 0 17 0 0 0 0 0 0 3 0 0 0 0 0 0 0 0 0 0 0 0 0 0 0 0 0 6703 0 0 0 0 0 6 0 0 0 0 0 0 2 0 0 0 0 1 0 0 0 0 0 0 0 0 0 0 0 0 1 0 0 0 0 0 0 0 0 0 0 0 0 39 0 0 0 52 0 0 0 0 0 0 0 0 2 0 2 0 0 0 0 0 0 0 1 0 0 0 293 0 0 2 0 0 0 0 0 0 0 0 0 0 0 0 0 0 0 0 0 0 0 1 0 0
0 0 0 0 0 2 0 1 0 0 0 1 0 0 2 0 0 0 0 5 5 6 0 0 0 0 0 0 0 0 0 0 0 0 0 0 0 0 0 0 0 0 0 0 0 0 0 0 12 0 0 0 1 0 0 0 0 0 0 0 0 0 0 0 0 0 0 0 0 0 1 0 21 73 0 0 0 0 0 0 1 0 0 0 0 0 0 0 0 0 0 0 0 0 0 0 0 0 1 0 0 0 0 0 0 0 0 0 0 0 0 0 0 0 0 0 0 0 0 0 0 0 0 0 0 0 0 0 0 0 0 0 0 0 0 0
0 0 0 0 0 0 0 0 0 0 0 0 1 0 0 0 0 2702 0 3177 3344 4813 0 0 0 0 0 0 0 0 0 0 0 0 0 0 0 0 0 0 0 0 0 0 0 20 0 0 46725 0 0 0 0 0 0 0 0 0 0 0 0 0 0 0 17 37 0 0 0 0 0 0 0 0 0 29 22 102 26 77 89 0 0 0 0 0 0 0 0 0 0 0 0 0 0 0 260 0 3610 0 0 0 0 0 0 0 0 0 0 0 0 0 0 0 0 0 0 0 0 0 0 0 0 0 0 0 0 0 0 0 0 0 0 0 0 0
0 0 0 0 0 0 0 0 0 0 0 0 0 0 0 0 0 0 0 0 0 0 0 0 0 0 0 0 0 0 0 0 0 0 0 0 0 0 0 0 0 0 0 0 0 0 0 0 0 0 0 0 0 0 0 0 0 0 0 0 0 0 0 0 0 0 0 0 0 0 0 0 0 0 0 0 0 0 0 0 0 0 0 0 0 0 0 0 0 0 0 0 0 0 0 0 0 0 0 0 0 0 0 0 0 0 0 0 0 0 0 0 0 0 0 0 0 0 0 0 0 0 0 0 0 0 0 0 0 0 0 0 0 0 0 0
0 0 0 0 0 0 0 0 0 0 0 0 0 0 0 0 0 0 0 0 0 0 0 0 0 0 0 0 0 0 0 0 0 0 0 0 0 0 0 0 0 0 0 0 0 0 0 0 0 0 0 0 0 0 0 0 0 0 0 0 0 0 0 0 0 0 0 0 0 0 0 0 0 0 0 0 0 0 0 0 0 0 0 0 0 0 0 0 0 0 0 0 0 0 0 0 0 0 0 0 0 0 0 0 0 0 0 0 0 0 0 0 0 0 0 0 0 0 0 0 0 0 0 0 0 0 0 0 0 0 0 0 0 0 0 0
0 0 0 0 0 0 0 0 0 0 0 0 0 0 0 0 0 0 0 0 0 0 0 0 0 0 0 0 0 0 0 0 0 0 0 0 0 0 0 0 0 0 0 0 0 0 0 0 0 0 0 0 0 0 0 0 0 0 0 0 0 0 0 0 0 0 0 0 0 0 0 0 0 0 0 0 0 0 0 0 0 0 0 0 0 0 0 0 0 0 0 0 0 0 0 0 0 0 0 0 0 0 0 0 0 0 0 0 0 0 0 0 0 0 0 0 0 0 0 0 0 0 0 0 0 0 0 0 0 0 0 0 0 0 0 0
0 0 0 15 14 0 0 0 0 2 1 0 0 2 0 0 0 6 6 6 6 0 0 21071 529 0 0 0 0 2 1 3 0 0 0 0 0 0 0 0 1 11 17 16 0 1 0 0 0 71737 2560 75913 8343 70741 70603 39194 74841 49913 72052 71161 73580 65016 71524 2233 3656 9913 16428 5 2135 0 8 5 5 0 0 0 0 0 0 0 0 0 0 0 0 4 0 2 0 0 0 0 0 0 0 4203 694 0 9380 0 0 0 1 0 106 0 0 0 1917 25 0 59 0 0 0 0 0 12 0 0 0 0 0 71 0 1 0 0 0 0 0 0 0 1 0 0
1 0 0 224 81 81 1 37 26 9 4 22 52 17 16 30 7 182 184 149 160 178 0 0 7313 3 84 2 34 11 1 9 8 62 8 28 11 8 51 31 43 7 8 2502 40 140 46 0 1610 0 340 0 1018 0 6 3396 0 0 0 0 0 8 0 271 475 1383 0 46 0 1261 1516 198 198 230 657 4 15 8 5 13 1160 1 0 23 0 1 0 0 40 0 0 31647 0 0 0 59 119 0 549 0 0 5 3 0 5716 0 0 0 0 0 0 0 0 12798 0 0 0 0 0 0 215 776 0 0 0 0 0 0 0 13 30 0 0 0 49 0
0 0 0 0 0 7 0 2 1 0 0 0 3 0 1 0 257 107 107 110 106 1 0 0 0 0 0 0 0 1 0 1 0 6 0 0 3 1 0 2 4 1 1 3 0 21 8 0 0 0 543 1 6 0 3 0 0 0 0 1 2 1 0 0 531 67 50 519 0 1 9 4 1 0 5 1 2 2 2 4 2 0 0 0 0 0 0 0 0 0 0 0 0 0 0 1 1 0 11 0 0 91470 91426 91388 0 0 0 0 0 0 0 0 0 0 0 0 0 0 0 0 0 0 0 0 0 0 0 0 0 0 0 0 0 0 0 0
0 0 0 0 0 0 0 0 0 0 0 0 0 0 0 0 0 3 3 3 3 0 0 0 0 0 11 0 0 0 0 0 0 1 0 0 0 0 0 0 0 0 0 0 4 11 0 0 1 0 7 0 38 0 0 0 0 1 0 0 0 0 0 1 7 21 0 1 0 0 54 4718 9 199 0 0 0 0 0 0 0 0 0 0 0 0 0 0 0 0 0 0 0 0 0 0 0 0 2 0 0 0 0 0 4 0 0 0 0 0 0 0 0 24 0 0 0 0 0 0 0 0 0 0 0 0 0 0 0 0 0 0 0 0 0 0
0 0 0 0 0 0 0 0 0 0 0 0 0 0 0 0 0 1 2 2 2 2 0 0 0 0 0 0 0 0 0 1 0 0 0 0 0 0 0 0 0 0 0 0 0 0 0 0 2 0 0 0 1 0 0 0 0 0 0 0 0 0 0 0 0 0 0 0 0 0 2 1 0 0 121 0 0 0 0 146 0 0 0 0 0 0 0 0 0 0 0 0 0 0 0 0 0 0 0 0 0 0 0 0 0 0 0 0 0 0 0 0 0 0 0 0 0 0 0 0 0 0 0 0 0 0 0 0 0 0 0 0 0 0 0 0
0 0 0 0 0 0 0 0 0 0 0 0 0 0 0 0 0 6 7 7 6 0 0 0 0 0 19 0 0 0 0 0 0 0 0 0 0 0 0 0 0 0 0 0 20 19 0 0 2 0 1 0 162 0 0 0 0 2 0 0 0 1 0 1 1 4 0 1 0 0 239 0 2 872 0 0 0 0 0 0 0 0 0 0 0 0 0 0 0 0 0 0 0 0 0 1 1 1 4 0 0 0 0 0 29 0 0 0 0 0 0 0 0 9 0 0 0 0 0 0 0 0 0 0 0 0 0 0 0 0 0 0 0 0 0 0
0 0 0 0 0 0 0 0 0 0 0 0 1 0 0 2 0 64 64 66 63 26 30 0 3 21 99 21 0 0 0 0 0 0 0 0 0 0 1 0 0 0 1 1 16 83 0 0 0 0 1 1 1 0 3 0 0 0 2 1 1 1 0 1 1 3 0 4 0 0 0 1740 0 0 0 0 0 0 0 0 0 14 0 4 11 4 0 0 0 2 0 0 0 0 0 4 4 5 16 0 0 0 0 0 141 0 0 0 0 0 0 0 0 9 0 0 0 0 0 0 0 11 0 0 0 0 0 0 0 0 0 0 1 1 142 0
0 0 0 0 0 0 0 0 0 0 0 0 0 0 0 0 1 0 0 0 0 5 0 0 0 0 0 0 0 0 0 0 0 0 0 0 0 0 0 0 0 0 0 0 0 0 0 0 0 0 0 0 0 0 0 0 0 0 0 0 0 0 0 0 0 0 0 0 0 0 0 0 0 0 0 0 0 0 0 0 0 0 0 0 0 0 0 0 0 0 0 0 0 0 0 0 1 0 0 0 0 0 0 0 0 0 0 0 0 0 198 0 0 1 0 2 0 0 0 0 0 0 0 0 0 0 0 0 0 0 0 0 0 0 0 0
0 0 0 2 0 0 9 0 0 0 0 42 15 0 1 0 5 0 0 0 0 5 0 0 0 0 0 0 0 2 0 0 0 0 0 5 0 0 0 0 0 2 2 4 0 1 0 0 0 0 0 0 0 0 0 0 0 0 0 0 0 0 0 0 0 0 0 0 0 0 0 0 0 0 0 0 0 0 0 0 0 0 0 0 0 0 0 6 0 0 0 0 0 0 0 2 3 0 0 0 0 0 0 0 0 0 0 0 0 0 726 0 0 2 0 2 0 0 0 0 0 0 0 0 0 0 6 0 58 0 0 0 23 1 1 0
0 0 0 0 0 0 0 0 0 0 0 0 0 0 0 0 1 0 0 0 0 1 0 0 0 0 0 0 0 0 0 0 0 0 0 0 0 0 0 0 0 0 0 0 0 0 0 0 0 0 0 0 0 0 0 0 0 0 0 0 0 0 0 0 0 0 0 0 0 0 0 0 0 0 0 0 0 0 0 0 0 0 0 0 0 0 0 0 0 0 0 0 0 0 0 0 0 0 0 0 0 0 0 0 0 0 0 0 0 0 74 0 0 0 0 0 0 0 0 0 0 0 0 0 0 0 0 0 0 0 0 0 0 0 0 0
2 0 0 1 0 1 5 26 0 0 0 819 0 0 5 0 26 415 415 428 411 4 0 0 0 0 1 0 0 1 0 0 0 0 0 18 88 0 0 0 0 11 6340 21 0 12 0 0 0 0 5 3 21 0 7 0 0 0 8 7 4 3 0 0 5 8 0 3 0 0 0 0 0 0 0 0 0 1 0 0 0 0 0 0 0 0 0 0 0 0 0 0 0 0 0 0 2 0 7 0 0 0 0 0 0 0 0 0 0 0 356 0 0 5 0 0 0 0 0 0 0 0 0 0 0 0 0 0 26 0 0 0 0 1 1 0
32 0 0 1 0 0 24 1 0 0 0 100 1003 0 3 0 970 7 7 8 7 16 1 0 0 0 8 0 0 41 2 21 1150 0 1185 4202 0 0 0 0 9 157 407 213 0 31 0 0 0 0 4 1 36 0 2 0 0 5 2 2 1 3 0 553 2 0 0 588 0 0 52 4 0 0 0 0 0 2 0 0 0 0 0 0 0 0 0 0 0 0 0 0 0 0 0 4 7 0 11 0 0 0 0 0 0 0 0 0 0 0 0 0 0 39 0 2 0 0 0 0 0 0 0 0 0 0 0 249 0 0 0 0 0 0 0 0
385 141 753 0 7 28 53 24 0 63 0 434 404 0 47 0 1251 7 7 8 7 998 0 0 0 0 5 0 0 4724 149 1128 2148 0 0 1129 0 718 0 3453 1 64 267 86 0 14 0 0 3 0 7 0 1 0 0 0 0 5 1 1 0 2 1 34 8 22 0 0 0 0 0 1 0 0 0 0 0 1 0 1 0 7 0 0 0 0 0 0 13 0 0 0 0 0 15 9 13 0 4 0 0 0 0 0 0 0 0 0 0 0 935 0 0 14 2087 11 0 0 0 0 0 0 0 0 11 0 280 507 302 0 1 0 37 46 169 0
0 0 0 0 0 0 3 0 27 23 0 13 91 0 0 0 91 0 1 1 1 3 0 0 0 0 1 0 0 1 0 2 0 0 0 0 0 0 180 0 100 0 0 0 0 0 0 0 0 0 0 0 0 0 0 0 0 1 0 0 0 0 0 0 0 0 0 39 0 0 0 0 0 0 0 0 0 0 0 0 0 0 0 0 0 0 0 0 0 0 0 0 0 0 0 0 0 0 0 0 0 0 0 0 0 0 0 0 0 0 18 0 0 5 0 0 0 0 0 0 0 0 0 0 0 0 0 0 0 0 0 0 0 0 0 0
13 0 0 0 0 0 9 0 30 3 0 46 17 0 12 0 33 0 0 0 0 3 0 0 0 0 3 0 0 69 4 33 0 15 552 180 0 0 0 552 37 68 68 93 0 3 0 0 0 0 2 0 0 0 0 0 0 0 0 0 0 0 0 0 0 0 0 0 0 0 0 0 0 0 0 0 0 0 0 0 0 0 0 0 0 0 0 0 0 0 0 0 0 0 0 0 2 0 1 0 0 0 0 0 0 0 0 0 0 0 419 0 0 45 0 0 0 0 0 0 0 0 0 0 0 0 0 0 35 0 0 0 0 0 1 0
0 28 0 0 0 239 306 93 7035 10655 0 8007 6424 3783 5996 17 1255 5 5 5 5 43 0 0 0 0 9 0 0 3292 4 1305 2880 2541 0 294 3331 0 3052 59 2 299 200 231 3 40 0 0 0 0 28 0 3 0 0 0 0 0 1 0 0 0 0 10 28 63 0 31 0 0 3 56 1 0 0 0 0 2 0 0 1 0 0 0 0 0 0 0 17 0 0 0 0 0 2 22 23 0 23 0 0 0 0 0 0 0 0 0 0 0 3274 0 0 140 0 17 0 0 0 0 0 0 0 0 16 0 35 16 466 0 0 0 341 36 42 0
1 0 3 0 1 2 10 20 2 0 0 105 44 0 2 0 569 3 3 3 3 30 0 0 0 0 0 0 0 9 5 9 10 38 5 0 4 0 0 0 1 0 103 8 0 4 0 0 1 0 0 0 0 0 0 0 0 2 0 0 0 1 0 5 0 0 0 0 0 0 0 0 0 0 0 0 0 0 0 0 0 0 0 0 0 0 0 0 0 0 0 0 0 0 0 0 12 0 1 0 0 0 0 0 0 0 0 0 0 230 2668 0 0 7 0 11 0 0 0 0 0 0 0 0 0 0 0 83 0 0 0 0 0 14 8 0
22 3 13 10 6 27 40 12 205 244 1 149 133 148 5 0 0 3 3 3 3 31 0 0 0 0 1 0 0 228 13 115 152 128 0 340 0 0 7 0 0 10 130 24 0 4 0 0 0 0 1 0 0 0 0 0 0 2 0 0 0 1 0 0 1 1 0 0 0 0 0 0 0 0 0 0 0 0 0 0 0 0 2 0 0 0 0 0 0 0 0 0 0 0 0 3 11 0 1 0 0 0 0 0 0 0 0 0 0 0 1474 0 0 6 0 5 0 0 0 0 0 0 0 0 0 0 0 142 254 0 0 0 0 3 4 0
0 0 0 0 0 0 0 1 1 0 0 1 0 0 0 0 0 0 0 0 0 1 0 0 0 52 8 52 0 0 0 0 0 0 0 0 0 0 0 0 0 0 0 28 0 0 0 0 0 0 0 0 0 0 0 0 0 0 0 0 0 0 0 0 0 0 0 0 0 0 0 0 0 0 0 0 0 0 0 0 0 0 0 0 0 0 0 0 0 0 0 0 0 0 0 0 0 0 1 0 0 0 0 0 0 0 0 0 0 0 0 0 0 0 0 0 0 0 0 0 0 0 0 0 0 0 0 0 0 0 0 0 0 0 3 0
0 0 0 0 4 0 739 195 23 0 0 13 0 0 22 0 1152 96 97 100 97 39 0 0 0 46 1 45 269 9 0 4 0 0 0 11266 0 0 39 0 263 0 27672 2765 228 37 0 0 2 0 73 6 207 0 12 0 0 5 9 12 10 6 3 0 92 272 110 150 954 46 12 24 4 27 0 5 0 4 0 23 5 0 9 0 0 19 11 243 0 320 0 0 0 0 0 10 23 2 72 0 0 0 0 0 0 0 9 0 0 0 68 0 0 47 0 39 0 0 0 0 0 0 0 0 0 0 0 39 69 0 0 0 0 41 1285 0
10 0 0 0 0 0 7 0 0 0 0 19 0 0 14 0 66 68 68 71 69 14 0 0 0 26 3 26 0 34 0 16 0 0 0 35 0 0 0 0 0 0 0 0 0 6 0 0 0 0 49 1 9 0 2 0 0 1 2 2 2 1 0 0 49 146 0 6 0 0 9 3 0 2 0 0 0 0 0 0 0 0 0 0 0 0 0 0 0 0 0 0 0 0 0 0 7 10 17 0 0 0 0 0 0 0 47 0 0 0 0 0 0 2 0 31 0 0 0 0 0 0 0 0 0 0 0 1 0 0 0 0 0 28 366 0
0 0 0 0 0 0 4 0 0 0 55 25 368 0 299 0 1 86 86 89 86 3 0 0 0 11 2 11 0 2 0 0 0 0 0 17 0 0 0 0 0 0 503 0 0 28 0 0 0 0 4 1 12 0 2 0 0 1 2 2 1 1 0 0 14 38 0 7 0 0 3 2 0 0 0 0 0 0 0 0 1 0 0 0 0 0 0 24 0 0 0 0 0 0 0 0 3 2 23 0 0 0 0 0 0 0 1 0 0 0 0 0 0 1 0 0 0 0 0 0 0 0 0 0 0 0 0 0 0 0 0 0 0 14 220 0
2 1 1 251 76 56 17 10 2 2 1 69 38 11 26 0 26 76 79 82 90 107 1 0 0 0 4363 0 0 26 4 16 22 66 1 25 22 0 260 74 169 0 23 4 0 3312 0 0 7 0 43 1 979 0 3 0 0 8 3 3 2 4 2 195 58 174 0 112 0 274 1453 392 83 257 0 0 0 3 0 0 0 0 324 139 92 124 82 13 6 0 0 0 0 0 0 353 228 0 491 0 0 0 0 0 148 0 23 11 0 38 0 14 0 98 0 0 0 0 0 0 0 0 111 0 0 0 0 0 0 0 0 188 8 30 660 0
1 0 0 0 0 0 1 0 0 0 0 0 0 0 0 0 0 7 0 8 8 0 0 0 0 0 0 0 0 0 0 0 0 0 0 1316 0 0 0 0 117 0 0 0 0 0 5812 0 0 0 7 0 12 0 0 0 0 0 0 0 0 0 0 163 8 26 0 13 0 0 10 11 0 0 0 0 0 0 0 0 0 0 0 0 0 0 0 0 0 0 0 0 0 0 0 286 51 0 716 0 0 0 0 0 0 0 0 158 0 0 0 0 0 35 0 0 0 0 0 0 0 0 0 0 0 0 0 0 0 0 0 0 68 0 0 1
125 72 59 960 38 1566 121 107 25 4 67 482 813 0 102 0 2779 9 4 13 25 113 6 0 0 575 6 570 22 374 29 196 468 1056 642 736 206 1381 3369 1631 1498 309 317 918 281 0 0 0 20 0 668 5 1946 0 13 0 0 45 12 18 11 22 0 114 662 2002 0 354 327 903 2692 1404 160 409 0 0 0 8 0 12 0 0 199 127 74 206 106 14 0 197 0 0 0 0 3 546 205 27 1020 0 0 0 0 0 0 0 5 29 0 0 573 0 0 159 4 306 5 0 0 0 0 0 0 0 0 0 0 45 57 0 60 150 11 79 82 0
4 1 0 40 7 10 45 16 3 0 2 64 43 0 3 22 18 40 41 41 42 50 3 0 0 658 21 657 0 365 30 202 349 61 14 50 25 231 145 102 239 25 111 81 110 453 390 0 54 0 191 2 46 0 5 0 6 80 12 14 8 35 16 0 186 564 78 111 0 2 36 26 0 19 0 0 0 2 0 0 0 0 0 0 0 0 0 9 0 0 0 0 0 0 0 52 61 4 44 0 0 0 0 0 0 0 631 201 96 261 360 0 0 18 35 128 0 0 0 0 223 1867 0 0 0 573 86 355 223 182 208 28 3132 763 215 0
0 0 0 0 0 0 0 0 2 0 0 0 3 0 1 0 0 0 0 46 48 69 2 0 0 0 0 0 0 0 0 0 0 6 0 0 3 1 0 1 5 0 1 2 0 28 0 0 0 0 2 1 1 0 1 0 0 0 0 0 0 1 0 13 23 63 597 842 0 1 0 2 2 50 5227 0 0 1312 0 0 1 0 0 0 0 0 0 0 0 0 0 0 0 0 0 2 4 0 59 0 0 0 0 0 0 0 0 0 0 0 0 0 0 7 0 0 0 0 0 0 0 0 0 0 0 0 0 0 0 0 0 0 0 0 0 0
910 956 1121 745 1787 2840 128 1527 501 246 863 415 3509 446 132 5928 12815 86 116 115 215 715 0 194 271 316 410 316 1542 118 52 148 40 11 17 1120 37 55 181 98 138 51 133 103 352 357 1400 13 104 0 66 0 110 13 27 130 11 0 0 0 0 61 0 21 60 9 26 17 318 167 33 215 47 257 0 96 476 45 44 129 25 289 98 16 8 53 30 48 116 953 0 0 0 0 43 348 582 9 237 0 0 0 0 0 0 1262 595 200 0 358 15 0 1925 1814 161 182 0 1005 417 0 0 445 0 0 16 0 637 294 269 355 368 89 258 350 1242 0
0 0 0 0 0 0 0 0 0 0 0 0 0 0 0 0 1 0 0 0 0 2 0 0 0 0 0 0 0 0 0 0 0 0 0 0 0 0 0 0 0 0 0 0 0 0 0 0 0 0 0 0 0 0 0 0 0 0 0 0 0 0 0 0 0 0 0 0 0 0 0 0 0 0 0 0 0 0 0 0 0 0 0 0 0 0 0 0 0 0 0 0 0 0 0 0 0 0 0 0 0 0 0 0 0 0 0 0 0 0 0 0 0 0 0 0 1 0 0 0 0 0 0 0 0 0 0 0 0 0 0 0 0 0 0 0
0 0 0 0 0 0 0 0 0 0 0 0 0 0 0 0 0 0 0 0 0 0 0 33 0 0 0 0 0 0 0 0 0 0 0 0 0 0 0 0 0 0 0 0 0 0 0 0 0 113 4 0 14 101 117 58 119 0 0 0 87 108 82 0 6 16 21 0 0 0 0 0 0 0 0 0 0 0 0 0 0 0 0 0 0 0 0 0 0 0 0 0 0 0 0 6 2 0 16 0 0 0 0 0 0 0 0 0 0 0 0 0 0 0 0 0 42691 0 0 0 0 0 0 0 0 0 0 0 0 0 0 0 0 0 0 0
0 0 0 0 0 0 0 0 0 0 0 0 0 0 0 0 0 0 0 0 0 0 0 0 0 0 0 0 0 0 0 0 0 0 0 0 0 0 0 0 0 0 0 0 0 0 0 0 0 0 0 0 0 0 0 0 0 0 0 0 0 0 0 0 0 0 0 0 0 0 0 0 0 0 0 0 0 0 0 0 0 0 0 0 0 0 0 0 0 0 0 0 0 0 0 0 0 0 0 0 0 0 0 0 0 0 0 0 0 0 0 0 0 0 0 0 0 0 0 0 0 0 0 0 0 0 0 0 0 0 0 0 0 0 0 4
428 787 872 252 2067 4292 52 513 299 77 112 390 735 902 108 2385 2831 2243 2259 2325 2288 1463 0 41 60 89 98 89 529 73 39 79 32 11 24 113 24 94 127 858 85 2 22 25 245 102 39 4 14 0 150 0 505 0 50 15 0 0 0 0 0 23 0 0 147 151 57 89 45 60 728 104 241 223 0 9 39 11 33 31 6 115 25 1245 0 0 0 75 138 458 0 0 0 0 20 10797 463 2 40 0 0 0 0 0 0 235 111 1 0 85 21 3166 207 1205 2475 3733 0 0 0 0 0 74 0 0 0 0 0 27 41 33 46 16 9 0 117 0
0 0 0 0 0 0 0 0 0 0 0 0 0 0 0 0 0 0 0 0 0 0 0 0 0 0 0 0 0 0 0 0 0 0 0 0 0 0 2 0 0 0 0 0 0 0 0 0 0 0 0 0 0 0 0 0 0 0 0 0 0 0 0 0 0 0 0 0 0 0 0 0 0 0 0 0 0 0 0 0 0 0 0 0 0 0 0 0 0 0 0 0 0 0 0 0 0 0 0 0 0 0 0 0 0 0 0 0 0 0 0 0 0 0 0 0 0 0 0 0 0 0 0 0 0 0 0 0 0 0 0 0 0 0 0 0
10 4 10 15 5 11 60 38 9 1 13 176 76 46 29 24 41 443 449 453 438 47 0 0 98 1 340 1 13 61 4 30 78 69 36 181 53 395 2209 426 34 559 144 309 283 429 606 155 326 0 744 0 3615 0 32 0 0 0 0 0 0 6 0 0 736 2219 0 3 363 1534 5307 332 103 261 244 76 395 527 592 151 163 730 0 0 0 0 0 0 116 0 0 0 0 0 37 145 15 9 208 20 1 19 18 0 0 0 0 0 0 0 0 0 0 46 0 0 0 0 0 0 0 0 0 0 0 0 0 0 0 0 0 0 0 0 2 0
0 0 0 0 0 0 0 0 6 0 0 0 13 0 3 1 5 0 0 0 0 0 0 14 0 0 0 0 0 0 0 0 2 54 3 2 21 7 4 18 34 6 14 25 0 201 76 0 0 0 287 0 3 3 11 0 0 0 0 0 0 5 0 3127 283 2939 514 685 17 8 10 6 13 10 0 11 19 12 14 32 13 0 0 0 0 0 0 0 0 0 0 0 0 0 0 29 5 0 67 0 0 0 0 0 0 0 0 0 0 0 0 0 0 0 0 0 0 0 0 0 0 0 0 0 0 0 0 0 0 0 0 0 0 0 0 0
0 0 0 0 0 0 0 0 0 0 0 0 0 0 0 0 0 189 242 209 211 174 0 87 3 0 0 0 0 0 0 0 0 0 0 0 0 0 0 0 0 0 0 0 0 1 0 0 1687 212 12 284 41 324 342 191 362 0 0 166 333 315 322 7 18 50 52 0 0 0 0 0 0 0 0 1 3 4 2 5 4 0 0 0 0 0 0 0 0 0 0 0 0 0 3 38 13 1 177 0 0 363 363 352 0 0 0 0 0 0 0 0 0 0 0 0 0 0 0 0 0 0 0 0 0 0 0 0 0 0 0 0 0 0 0 0
0 0 1 0 0 0 0 0 0 0 0 0 0 0 0 0 0 1663 2129 1836 1857 1527 0 429 7 0 0 0 0 0 0 0 0 0 0 0 0 0 0 0 0 0 0 0 0 9 0 0 14793 1469 53 1452 176 1426 1469 799 1530 680 0 1219 1492 1346 1439 26 83 224 331 0 34 0 0 0 0 0 0 11 22 37 17 39 34 0 0 0 0 0 0 0 0 0 0 0 0 0 30 251 100 9 1349 0 0 3206 3202 3203 0 0 0 0 0 0 0 0 0 0 0 0 0 0 0 0 0 0 0 0 0 0 0 0 0 0 0 0 0 0 0 0
0 0 0 0 0 0 0 0 0 0 0 0 0 0 0 0 0 288 370 319 322 266 0 70 0 0 0 0 0 0 0 0 0 0 0 0 0 0 0 0 0 0 0 0 0 1 0 0 2579 233 9 156 31 217 256 126 257 0 0 0 233 235 222 0 14 38 44 0 0 0 0 0 0 0 0 1 2 6 2 6 6 0 0 0 0 0 0 0 0 0 0 0 0 0 5 42 17 2 235 0 0 552 550 548 0 0 0 0 0 0 0 0 0 0 0 0 0 0 0 0 0 0 0 0 0 0 0 0 0 0 0 0 0 0 0 0
0 0 0 0 0 0 0 0 0 0 0 0 0 0 0 0 0 36 47 40 41 34 0 6 0 0 0 0 0 0 0 0 0 0 0 0 0 0 0 0 0 0 0 0 0 0 0 0 329 16 1 0 4 9 33 8 27 0 0 0 0 30 0 0 2 4 0 0 0 0 0 0 0 0 0 0 0 1 0 1 1 0 0 0 0 0 0 0 0 0 0 0 0 0 1 4 2 0 30 0 0 68 67 65 0 0 0 0 0 0 0 0 0 0 0 0 0 0 0 0 0 0 0 0 0 0 0 0 0 0 0 0 0 0 0 0
0 0 0 0 0 0 0 0 0 0 0 0 0 0 0 0 0 0 0 0 0 0 0 0 0 0 0 0 0 0 0 0 0 0 0 0 0 0 0 0 0 0 0 0 0 0 0 0 0 0 0 0 0 0 0 0 0 0 0 0 0 0 0 0 0 0 0 0 0 0 0 0 0 0 0 0 0 0 0 0 0 0 0 0 0 0 0 0 0 0 0 0 0 0 0 0 0 0 0 0 0 0 0 0 0 0 0 0 0 0 0 0 0 0 0 0 0 0 0 0 0 0 0 0 0 0 0 0 0 0 0 0 0 0 0 0
0 0 0 0 0 0 0 0 1 0 0 0 2 0 0 0 0 0 1 0 1 0 0 9 0 0 0 0 0 0 0 0 0 6 0 0 3 1 0 2 4 0 1 3 0 26 1 0 4 4 5729 0 4 31 35 19 36 0 0 0 3 32 0 470 5670 216 223 293 0 1 0 1 2 1 0 387 2 2 2 171 2 0 0 0 0 0 0 0 0 0 0 0 0 0 0 5 1 0 13 0 0 0 0 0 0 0 0 0 0 0 0 0 0 0 0 0 0 0 0 0 0 0 0 0 0 0 0 0 0 0 0 0 0 0 0 0
0 0 0 0 0 0 8 0 27 0 2 17 46 0 21 0 0 36 37 52 50 0 0 0 56 0 2 0 0 0 0 5 0 0 0 132 2 0 0 3 7 397 26 2787 0 0 0 137 0 0 44 19 1820 12 76 20 0 0 0 61 56 14 0 0 0 0 78 118 10663 0 0 4 0 0 0 0 0 0 0 0 0 0 0 379 661 386 159 447 0 0 0 0 0 0 0 19 4 0 51 0 0 0 0 0 0 0 10 0 0 0 0 0 0 0 0 0 0 0 0 0 0 0 0 0 0 0 0 0 0 0 0 0 0 0 56 0
503 1234 438 69 1327 9 712 0 0 0 0 22 0 0 0 0 2 4 0 5 5 0 0 0 0 0 0 0 0 10 4 10 0 0 0 42 9 0 512 0 0 0 0 0 0 0 0 0 0 0 0 0 0 0 0 0 0 0 0 0 0 0 0 22 0 0 0 0 0 0 0 24 0 0 0 0 0 0 0 0 0 0 0 0 0 0 0 0 0 0 0 0 0 0 17 0 0 12217 0 0 0 0 0 0 0 0 0 0 0 0 0 0 0 0 0 0 0 0 0 0 0 0 0 0 0 0 0 0 0 0 0 0 0 0 0 0
1303 12304 5193 2295 7233 377 5897 0 6 0 14 57 0 0 80 0 11 22 0 24 23 0 0 0 0 0 0 0 0 90 35 94 0 6 0 406 97 0 33 0 1 0 0 0 0 0 0 0 0 0 0 0 1 0 2 0 0 0 0 0 0 0 0 115 0 0 0 0 0 0 0 212 0 0 0 0 0 0 0 0 0 0 0 0 0 0 0 0 0 0 0 0 0 0 60 0 0 0 2 0 0 0 0 0 0 0 0 0 0 0 0 0 0 0 0 0 0 0 0 0 0 0 0 0 0 0 0 0 0 0 0 0 0 1 2 0
844 254 650 334 1506 66 1274 450 645 1364 596 1233 680 999 834 160 66 83 64 84 85 116 0 75 0 613 6344 612 444 337 47 210 373 158 70 8 178 575 1081 391 3535 0 32 909 1605 5458 878 0 0 0 6752 0 1075 0 21 157 0 0 0 0 2 17 0 0 6686 10 0 6430 23 1767 1501 1215 662 5073 0 0 1486 223 0 269 110 0 0 2063 466 1014 0 740 214 2129 0 0 0 0 46 432 213 1 791 0 0 0 0 0 0 0 573 0 0 0 131 0 0 24 98 92 0 0 0 0 0 0 0 18 392 0 0 62 0 57 70 131 0 233 1838 0
12 7 8 9 4 30 8 0 7 5 9 14 5 4 10 0 1 0 0 0 0 0 0 0 0 0 0 0 0 52 16 65 0 0 9 0 0 0 0 7 7 0 0 0 0 0 0 0 0 0 15 0 0 0 0 0 0 0 0 0 0 0 0 0 12 30 0 0 0 0 0 0 0 0 0 0 0 0 0 0 0 0 0 0 0 0 0 0 0 0 0 0 0 0 0 0 0 0 1 0 0 0 0 0 0 0 0 0 0 0 0 0 0 0 0 0 0 0 0 0 0 0 0 0 0 0 0 0 0 0 0 0 0 0 0 0
49 18 18 0 0 51 398 2893 10 0 32 136 18 0 48 275 933 428 419 443 434 48 0 30 56 68 186 68 3260 149 11 79 105 141 45 100 13 222 526 664 163 0 147 805 176 166 0 614 11 0 1 4 104 0 14 0 0 11 0 5 9 14 4 0 2 5 0 0 0 0 106 317 46 151 0 8 0 10 1 32 32 0 195 207 172 93 242 1426 139 1516 0 0 0 0 2 139 176 167 98 0 0 0 0 0 0 3149 242 0 0 62 106 0 0 157 0 46 0 0 0 0 0 0 0 0 81 0 0 0 0 0 0 149 0 0 41 0
0 1 6 186 35 23 169 400 6 1 1 138 278 5 4 0 28 587 589 605 583 69 4 0 0 66 55 65 394 32 21 17 26 415 63 3 17 121 2503 10 29 0 45 27 0 92 0 0 0 0 31 7 150 0 16 0 0 0 15 16 10 5 0 153 29 89 0 720 348 0 17 75 0 0 0 0 0 4 0 0 0 0 707 339 135 175 416 705 149 165 0 0 0 0 0 320 403 21 71 0 0 0 0 0 20 169 91 0 0 0 27 0 0 14 0 8 0 0 0 0 0 0 0 0 135 0 0 0 0 0 0 671 0 18 2 0
0 0 0 0 0 0 0 897 0 0 0 2 2 0 0 0 0 0 1 1 2 176 0 0 0 0 0 0 948 1 1 3 1 0 0 0 1 0 4 1 2 0 0 0 0 0 0 0 3 0 2 0 1120 0 0 0 0 8 0 1 1 3 0 4 1 4 0 2 0 0 0 0 0 0 0 0 0 0 0 0 0 0 0 0 5 426 0 8 0 0 0 0 0 0 0 1 28 13 7 0 0 0 0 0 0 752 0 0 0 0 24 0 0 65 0 56 0 0 0 0 0 0 0 0 0 0 0 0 10 0 0 0 0 0 92 0
0 0 0 0 0 0 0 74 0 0 0 0 0 0 0 0 0 19 86 89 85 1 0 0 0 0 0 0 0 0 0 0 0 0 0 0 0 0 0 0 0 0 0 0 0 0 0 0 0 0 2 1 121 0 1 0 0 0 1 1 1 1 0 0 0 0 0 1 0 0 115 0 0 0 0 0 0 0 0 0 0 0 0 0 0 0 0 0 0 0 0 0 0 0 0 0 0 14 1 0 0 0 0 0 0 0 0 0 0 0 0 0 0 12 0 0 0 0 0 0 0 0 0 0 0 0 0 0 0 0 0 0 0 0 22 0
0 0 0 0 0 2 0 7289 2 0 0 13 8 1 0 8 0 0 17 18 25 5 0 0 0 0 0 0 7711 0 0 8 0 6 0 2 3 0 2 2 5 0 8 12 0 60 0 0 0 0 55 1 10 0 2 0 0 0 1 2 1 1 0 137 54 168 0 49 0 42 68 609 0 0 0 0 0 6 0 0 0 0 48 0 0 0 0 0 0 0 0 0 0 0 0 28 82 120 38 0 0 0 0 0 0 6929 0 0 0 0 0 0 0 344 0 0 0 0 0 0 0 0 0 0 0 0 0 0 0 0 0 0 158 0 46 0
41 17 55 12 8 11 4 734 10 11 14 48 42 0 37 0 4 0 29 26 27 21 4 0 0 0 6 0 731 1 0 18 24 27 0 3 59 4 4 4 8 0 0 11 0 37 0 0 0 0 90 1 1596 0 2 0 0 3 2 2 1 2 0 18 91 271 0 61 0 781 2370 6450 1450 0 0 0 522 0 0 0 0 0 0 31 75 66 0 110 6 0 0 0 0 0 1 0 8 28 65 0 0 0 0 0 0 0 5 0 0 0 0 0 0 119 0 0 0 0 0 0 0 0 0 0 0 0 0 3 0 0 0 0 0 12 131 0
2 1 2 69 12 8 0 3055 10 0 0 22 34 0 5 46 95 2190 1506 1495 1460 402 254 0 0 92 0 92 3216 12 1 9 17 89 4 20 31 12 27 228 59 37 26 60 1682 280 172 44 0 19 876 32 508 40 61 0 18 24 59 54 39 33 17 1225 937 2875 1339 1975 515 114 660 490 2269 31 0 523 0 0 0 0 16551 0 0 0 0 0 0 0 140 0 0 0 0 0 0 156 194 66 317 0 0 0 0 0 283 3091 45 0 0 2 0 0 0 43 157 73 0 0 0 0 0 0 0 0 89 0 0 0 0 39 0 0 0 4 31 0
0 0 0 0 0 0 0 17 1 0 0 2 4 0 0 0 1 68 0 5 5 1 1 0 0 0 7 0 18 8 1 3 5 3 0 2 3 3 7 7 14 0 1 3 17 21 1 5 27 0 3 0 113 0 1 0 0 0 0 0 0 0 0 117 5 16 152 401 0 0 169 102 3 57 0 0 0 1 0 0 1409 0 0 0 139 0 276 0 4 0 0 0 0 0 0 8 9 8 61 21 0 1 0 0 129 0 0 0 0 0 0 0 0 5 0 0 0 0 0 0 0 0 0 0 0 0 0 0 0 0 0 0 0 0 1 0
1 0 1 1 0 2 3 21 2 0 0 23 14 0 1 6 7 54 0 48 51 13 3 0 0 0 17 0 21 32 2 15 30 67 2 13 17 87 26 42 156 14 22 37 80 70 153 277 8 0 22 1 324 0 1 0 0 0 0 0 0 1 0 127 30 90 0 401 24 232 166 321 47 0 363 1 0 3 0 0 284 1918 0 386 828 341 564 2124 1903 6427 0 0 0 0 203 0 12 49 212 0 0 2 0 1 229 0 48 0 0 0 0 0 0 7 0 0 0 0 0 0 0 0 0 0 0 0 0 0 0 0 0 0 0 1 4 0
0 0 0 0 0 0 0 23 0 0 0 0 0 0 0 0 0 7 0 9 10 13 0 0 0 0 2 0 24 0 0 0 0 0 0 0 0 0 0 0 1 0 0 0 0 4 0 0 0 0 1 0 16 0 0 0 0 0 0 0 0 0 0 15 4 11 0 52 0 0 23 2 0 9 316 0 0 0 0 0 2 0 0 0 0 0 0 20 0 0 0 0 0 0 0 0 7 8 10 0 0 0 0 0 48 0 0 0 0 0 0 0 0 10 0 0 0 0 0 0 0 0 0 0 0 0 0 0 0 0 0 0 0 0 0 0
0 0 0 0 0 0 0 115 1 0 0 4 3 0 0 0 8 20 0 22 23 17 1 0 0 0 19 0 121 4 1 2 2 7 1 2 3 2 4 5 9 3 5 10 49 36 7 33 24 0 12 0 13 0 1 0 0 0 0 0 0 0 0 84 19 54 84 240 0 7 16 16 16 21 452 0 0 1 0 0 22 837 59 6 2097 444 617 81 430 167 0 0 0 0 0 42 43 63 86 0 0 1 0 0 284 0 42 0 0 0 0 0 0 0 0 0 0 0 0 0 0 0 0 0 4 0 0 0 0 0 0 0 0 0 2 0
0 0 0 0 0 0 0 86 1 0 0 7 2 0 0 0 1 34 0 33 36 23 1 0 0 0 0 0 89 4 1 2 2 0 0 1 3 0 5 5 9 0 10 20 15 26 0 8 45 0 11 0 269 0 0 0 0 0 0 0 0 0 0 17 22 63 0 37 0 26 193 175 27 177 14 2 473 980 309 0 135 0 14 39 0 54 34 173 582 4234 0 0 0 0 367 0 13 87 241 0 0 1 0 0 120 0 0 0 0 0 0 0 0 10 0 5 0 0 0 0 0 0 0 0 0 0 0 0 0 0 0 0 0 0 0 0
0 0 0 0 0 0 0 57 0 0 0 2 1 0 0 0 1 0 0 15 17 8 4 0 0 0 6 0 60 2 0 1 2 30 0 2 8 0 6 23 14 0 0 0 63 16 3 0 0 0 8 0 18 0 0 0 0 0 0 0 0 0 0 7 11 24 0 6 0 3 20 12 40 9 0 0 0 0 0 0 0 0 0 97 370 53 18 1265 647 82 3 0 0 29 0 33 41 156 39 50 26 0 0 0 364 0 18 0 0 0 0 340 0 0 0 0 0 0 0 0 0 0 0 0 0 0 0 0 0 0 0 0 0 0 0 0
60 47 31 710 130 74 633 26 18 1 90 221 120 20 86 941 1555 754 720 735 725 260 12 0 57 403 499 391 0 219 17 121 323 156 0 306 62 117 582 1539 209 735 688 1503 1931 564 219 112 66 0 143 26 1466 0 37 0 16 69 42 45 34 45 27 364 151 456 829 1136 814 739 1956 366 1057 1540 136 220 0 194 0 415 747 0 289 1472 1671 1230 1371 3144 3630 0 0 0 0 0 210 417 390 353 365 106 0 1 1 0 856 0 585 181 0 0 0 0 0 1140 169 675 6 0 0 0 0 10 0 0 241 0 0 0 0 157 21 169 0 58 1320 0
741 0 1 0 593 325 2824 18 10 17 151 450 87 71 381 0 2 90 3 2 4 78 2 88 124 0 0 0 0 85 9 45 82 47 26 82 38 2 208 0 234 0 490 1 0 12 0 150 11 0 125 0 609 0 0 59 0 0 0 0 0 0 0 64 126 7 5 194 0 0 910 789 0 1 43 925 1 650 0 0 1948 0 0 0 0 576 0 0 1 0 14 0 0 0 162 33 48 42 82 0 225 0 0 0 0 0 0 9 0 0 106 238 0 1625 0 699 310 70 0 0 0 251 0 0 1 0 0 30 32 0 0 0 65 60 0 0
3 2 2 21 6 5 3 1 1 0 0 17 14 1 316 0 0 90 95 94 93 29 2 0 81 0 136 0 0 35 4 19 62 12 0 31 3 4 43 62 32 3 33 57 0 107 0 153 8 0 3 4 20 0 5 14 3 12 6 6 5 7 4 0 4 11 0 111 0 0 17 13 17 0 31 11 0 5 0 0 0 0 47 0 0 189 0 0 0 0 0 0 0 0 0 98 111 46 65 0 0 9 9 0 39 0 3 0 0 0 0 0 0 35 0 0 70 0 0 0 0 0 0 0 490 0 0 0 12 0 6 33 56 59 0 0
1 0 3 639 192 143 44 12 5 7 131 122 60 35 69 225 476 2327 2338 2399 2317 164 27 1211 1828 278 530 280 0 73 10 44 54 60 25 64 25 38 168 63 227 106 104 158 0 479 0 123 29 0 38 34 93 32 57 790 22 47 70 63 45 46 24 0 47 135 0 497 0 0 0 31 48 0 833 0 0 22 0 92 0 0 204 1672 0 716 1036 836 1312 294 113 21 67 58 0 363 380 723 331 225 167 10 10 0 1715 0 238 0 0 52 0 364 0 176 6 101 183 0 838 0 0 89 0 637 1657 0 0 20 40 45 75 187 11 210 789 0
1 0 0 36 18 21 4 4 1 2 0 12 27 4 1 2 133 185 190 192 188 46 0 0 142 313 61 315 0 37 10 26 28 30 2 26 10 7 48 42 66 0 24 32 0 58 0 151 25 0 16 27 80 5 29 26 23 52 32 33 30 38 31 0 16 46 0 87 0 0 0 13 17 0 59 90 0 7 0 0 0 0 0 0 0 0 675 160 416 615 8 0 0 0 0 59 64 9 104 114 43 1 0 0 192 0 6 0 0 0 0 0 0 58 0 3 210 0 0 0 0 233 0 722 0 0 0 0 6 53 80 65 0 331 1014 0
8 17 9 50 15 12 6 136 0 0 9 14 18 0 1 50 631 1184 1190 1221 1178 74 0 216 371 210 129 209 131 42 6 22 32 24 11 29 12 17 102 37 112 0 62 59 0 155 0 27 10 0 24 33 177 16 41 171 24 28 48 44 35 33 24 0 27 80 120 685 0 0 203 88 2 26 185 0 0 10 0 0 0 0 53 383 0 0 0 0 1478 0 18 0 7 2 0 57 45 10 134 95 0 111 111 23 235 0 0 0 0 0 0 0 0 282 6 60 85 0 41 0 0 55 0 4 0 0 51 2 0 0 15 34 0 131 395 0
33 0 0 188 0 0 12 54 0 0 0 252 78 0 65 1573 0 477 486 500 506 106 0 96 152 70 120 70 96 38 0 86 66 589 0 51 143 57 123 83 154 0 11 0 0 100 0 0 17 0 5 5 38 0 10 9 4 24 13 13 8 14 6 0 6 16 0 6 0 0 0 23 48 0 10 14 0 0 0 0 0 0 22 43 0 0 5 0 165 0 0 0 0 0 2 66 113 3 80 0 0 1 1 0 16 0 5351 611 0 9 0 0 0 8 1 51 0 0 0 0 0 0 0 0 9 0 0 0 9 20 45 5 0 21 308 0
0 0 0 0 0 0 5 3 0 0 0 17 36 0 0 900 2068 116 132 131 166 2022 3 0 34 4 19 4 0 36 5 7 15 2 0 36 2 0 8 13 43 62 144 34 0 93 24 17 0 0 0 2 7 0 3 0 1 3 3 3 2 3 1 22 2 3 0 2 0 0 8 8 5 0 0 0 0 1 0 0 0 0 0 97 0 0 0 0 0 0 0 0 0 0 0 442 625 1 46 0 0 0 0 0 0 0 0 0 0 0 0 4811 0 138 3270 5803 3409 0 0 0 0 823 0 494 1246 0 78 0 0 0 0 0 0 25 3147 16105
20 33 20 981 177 100 859 21 8 0 10 74 52 20 3 488 1634 493 507 512 510 619 11 90 279 457 237 431 0 144 18 76 121 32 36 226 58 129 415 44 167 0 613 144 58 193 0 141 19 0 91 9 1266 0 14 109 4 28 15 17 12 18 9 1 96 285 0 314 0 0 1415 139 114 566 176 12 0 10 0 0 0 383 189 84 0 0 292 70 76 0 528 423 241 480 1 369 389 17 461 997 947 1 1 0 465 0 33 0 0 44 0 100 0 370 685 1514 365 31 0 0 0 929 0 84 1976 2 0 178 172 19 49 171 357 934 1344 0
287 79 67 961 161 210 237 80 126 95 179 77 123 647 177 130 88 1432 1444 1487 1436 70 102 56 66 42 935 39 68 70 18 62 106 102 22 578 46 76 250 119 234 686 274 482 171 816 140 103 44 26 131 32 160 38 49 21 22 16 9 39 35 30 20 68 132 478 98 142 289 84 145 142 285 329 83 85 1628 180 132 1155 0 90 0 147 0 0 0 66 113 0 0 2 0 0 13 200 222 0 121 1358 1349 0 0 0 0 0 82 5 0 29 69 34 0 96 8 23 0 0 0 0 0 83 0 0 0 0 62 183 132 0 0 238 10 114 726 0
826 228 191 2 462 604 681 230 361 273 514 221 349 1857 510 374 254 4148 3917 4276 4129 200 292 0 173 94 2688 90 212 193 50 175 303 292 64 1659 131 215 680 343 674 2001 797 1402 491 2345 413 339 123 77 376 93 461 107 140 99 60 46 23 113 101 88 58 192 380 1375 276 408 866 315 424 410 836 1015 335 378 4950 522 503 3709 44 546 444 491 0 138 79 265 322 0 0 0 0 0 38 576 639 1 348 3882 3856 0 0 0 0 0 233 62 0 235 390 354 0 275 90 71 0 0 54 0 10 304 0 0 102 0 270 597 433 0 35 721 78 329 1574 0
376 104 90 186 210 275 310 104 164 125 234 100 158 846 232 171 116 4025 4031 4149 3997 105 133 74 87 34 1223 31 95 89 23 80 138 133 29 755 60 98 312 157 307 900 354 639 223 1069 185 149 58 45 172 58 219 70 95 64 32 27 105 95 68 53 27 88 173 627 150 186 385 117 191 187 376 471 125 122 2143 195 190 493 9 167 84 212 0 5 0 100 149 0 1 5 0 0 18 268 291 0 171 1705 1694 0 0 0 0 0 107 37 0 77 159 167 0 126 61 34 0 49 0 0 0 119 0 0 0 0 147 225 192 0 0 313 9 148 599 0
368 102 88 182 206 269 303 102 161 122 229 98 155 828 227 167 113 3956 3963 4078 3929 103 130 72 85 38 1197 36 94 87 22 78 135 130 29 739 59 96 306 153 300 881 336 622 221 1046 181 146 56 27 168 57 214 68 94 30 31 23 73 88 66 52 26 87 170 613 131 182 378 117 188 183 369 411 126 123 2106 236 190 1439 0 158 205 210 0 9 0 101 145 0 1 4 0 0 17 262 285 0 167 1784 1772 0 0 0 0 0 104 0 0 61 164 162 0 123 59 33 0 0 16 0 0 110 0 0 0 0 150 234 189 0 8 315 2 146 665 0
0 0 0 0 0 11 12 0 0 0 0 3 3 2 9 0 0 3 3 3 3 1 0 0 0 0 2 0 0 3 0 2 5 0 0 19 0 0 1 0 1 1 0 1 0 2 0 0 0 0 7 0 0 0 0 0 0 0 0 0 0 0 0 0 0 0 0 0 0 0 0 7 0 0 0 0 0 9 0 0 2 0 0 9 0 0 0 0 0 0 0 0 0 0 0 5 8 0 0 0 0 0 0 0 0 0 0 0 0 0 0 0 0 0 0 0 0 0 0 0 0 0 0 0 0 0 0 0 0 0 0 3 0 0 0 0
13 3 0 1 6 9 11 2 1 2 2 6 4 8 8 0 1 64 65 67 64 3 0 0 0 0 42 0 0 2 0 2 0 0 0 25 0 0 59 0 10 0 6 11 0 0 0 0 0 0 6 0 7 0 2 0 0 0 0 0 0 1 0 0 6 21 0 6 0 0 0 6 0 6 0 0 20 2 0 22 0 0 0 0 0 0 0 0 0 0 0 0 0 0 0 0 9 0 5 0 0 0 0 0 0 0 0 0 0 0 0 0 0 0 0 0 0 0 0 0 0 0 0 0 0 0 0 0 0 0 0 0 0 2 18 0
1 0 0 0 0 0 0 0 0 0 0 0 0 0 0 0 0 7 0 7 7 0 0 0 0 0 2 0 0 0 0 0 0 0 0 0 0 0 0 0 0 0 0 0 0 0 0 0 0 0 0 0 0 0 0 0 0 0 0 0 0 0 0 0 0 0 0 0 0 0 0 0 0 0 0 0 0 0 0 0 0 0 0 0 0 0 0 0 0 0 0 0 0 0 0 0 0 0 0 0 0 0 0 0 0 0 0 0 0 0 0 0 0 0 0 0 0 0 0 0 0 0 0 0 0 0 0 0 0 0 0 0 0 0 0 0
1 0 0 0 0 0 0 0 0 0 0 0 0 0 0 0 0 0 0 0 0 0 0 0 0 0 0 0 0 0 0 0 0 0 0 0 0 0 0 0 0 0 0 0 0 0 0 0 0 0 0 0 0 0 0 0 0 0 0 0 0 0 0 0 0 0 0 0 0 0 0 0 0 0 0 0 0 0 0 0 0 0 0 0 0 0 0 0 0 0 0 0 0 0 0 0 0 0 0 0 0 0 0 0 0 0 0 0 0 0 0 0 0 0 0 0 0 0 0 0 0 0 0 0 0 0 0 0 0 0 0 0 0 0 0 0
0 0 0 0 0 0 0 0 0 0 0 0 0 0 0 0 0 0 0 3 3 4 0 0 0 0 0 0 0 0 0 0 0 0 0 0 0 0 0 0 0 0 0 0 0 0 0 0 0 0 0 0 0 0 0 0 0 0 0 0 0 0 0 0 0 0 0 0 0 0 0 0 0 0 0 0 0 0 0 0 0 0 0 0 0 0 0 0 0 0 0 0 0 0 0 0 0 0 0 0 0 0 0 0 0 0 0 0 0 0 0 0 0 0 0 0 0 0 0 0 0 0 0 0 0 0 0 0 0 0 0 0 0 0 0 0
247 68 57 226 138 181 204 69 108 82 154 66 105 557 153 112 76 1243 1247 1282 1238 338 88 48 57 22 805 17 56 64 17 53 93 86 19 497 39 64 207 103 202 569 202 410 147 703 110 79 38 17 113 28 138 33 42 0 19 19 44 40 31 26 18 58 114 412 65 122 231 21 120 122 234 205 37 0 1205 155 35 592 0 0 10 66 0 0 0 20 98 0 0 0 0 0 7 109 196 0 95 0 0 0 0 0 0 0 74 0 0 0 0 116 0 87 623 23 0 0 0 0 0 41 0 0 0 0 88 112 108 0 0 212 0 104 456 0
358 99 83 177 200 261 295 101 156 119 223 98 163 805 221 162 109 1794 1801 1851 1802 196 133 70 83 110 1164 105 86 88 33 92 148 127 35 721 62 95 303 150 292 845 314 599 212 1018 168 130 55 33 164 40 203 50 61 0 30 56 67 62 47 50 31 98 164 593 121 177 352 73 179 177 349 348 110 47 176 227 118 1126 0 35 0 150 0 0 39 65 159 0 0 0 0 0 12 192 371 2 141 5318 0 0 0 0 0 0 397 94 0 423 519 631 286 438 224 123 9 69 335 0 0 552 0 0 0 0 595 1025 786 45 83 0 163 568 1847 0
0 0 0 0 0 0 0 0 0 0 0 0 0 0 0 0 0 2 3 2 3 4 0 0 0 0 0 0 0 0 0 0 0 0 0 0 0 0 0 0 0 0 0 0 0 0 0 0 9 0 0 0 1 0 0 0 0 0 0 0 0 0 0 1 1 2 1 0 0 0 1 0 1 2 212 0 0 0 0 0 5 0 0 0 0 0 0 0 0 0 0 0 0 0 0 0 0 0 3 0 0 0 0 0 348 0 0 0 0 0 0 0 0 0 1 0 0 0 0 0 0 0 0 0 0 0 0 0 0 0 0 0 0 0 0 0
0 0 0 0 0 0 0 0 1 0 0 0 2 0 0 0 1 1 0 1 1 1 0 0 0 0 0 0 0 0 0 0 0 9 0 0 3 1 1 3 5 1 2 4 0 32 12 0 3 0 139 1 7 1 2 0 0 0 0 0 0 1 0 62 137 497 108 144 4 9 12 9 22 26 50 1 1 2 1 4 11 0 0 0 0 0 0 0 0 0 0 0 0 0 0 5 1 0 11 0 0 0 0 0 733 0 0 0 0 0 0 0 0 0 0 0 0 0 0 0 0 0 0 0 0 0 0 0 0 0 0 0 0 0 0 0
305 84 70 151 169 225 247 10 129 100 188 116 218 681 184 125 47 15 6 4 7 52 1 56 0 31 313 31 0 173 24 120 279 251 53 1072 109 203 655 2 637 316 127 6 124 282 53 45 8 3 2934 1 1757 3 4 21 1 0 0 0 0 5 2 1362 2903 6 3 0 467 8 2499 2179 2 1 271 0 0 1 0 1 255 337 0 221 91 108 0 1 155 247 0 2 0 0 13354 2484 605 7750 6825 1720 0 2625 2624 0 0 2 106 39 0 0 205 167 0 216 60 32 0 56 126 25 41 165 0 24 175 0 0 0 0 26 28 0 0 150 494 0
98 27 23 48 54 72 81 3 45 31 61 38 67 218 61 0 29 177 178 182 179 38 0 0 7 0 379 0 0 43 10 33 71 65 5 312 33 51 157 79 165 206 93 165 0 376 66 43 3 52 251 56 209 56 60 27 52 32 1 51 57 49 50 118 247 899 200 273 734 0 68 65 130 163 0 0 0 0 0 0 0 0 96 0 0 0 0 0 32 0 0 3 0 0 5 122 137 10 67 810 804 0 0 0 0 0 51 18 0 0 75 0 0 58 25 15 0 0 0 0 0 65 0 0 40 0 0 111 0 0 0 117 19 71 288 0
274 40 25 1066 199 114 956 3488 19 6 101 472 211 0 285 1006 1150 281 258 261 283 1059 780 3230 4441 982 861 982 3648 285 45 164 275 221 66 395 56 164 651 437 415 526 1085 853 155 865 497 235 77 0 681 287 167 0 311 2243 279 217 285 280 282 259 272 203 697 2100 57 551 0 0 0 1067 0 48 0 623 769 466 501 2872 737 725 4699 478 476 408 113 31 454 1523 620 580 744 1186 1441 2220 2830 512 1186 2220 2174 0 1 0 341 0 207 0 0 0 1213 87 0 7965 516 1052 128 0 289 0 0 405 3457 173 0 0 6594 3051 3181 90 65 4678 602 3079 810 0
19 7 6 0 2 2 0 0 1 0 10 2 2 0 0 0 0 27 29 29 39 124 52 214 298 30 1 30 0 1 0 1 1 10 0 8477 3 0 1 1 2 0 0 0 0 4 0 0 1 0 0 0 2 0 3 138 0 0 1 1 0 0 0 0 1 47 0 13 0 0 0 1 2 0 0 6 0 6 0 13 0 0 0 0 0 0 6 0 6 0 0 0 0 0 0 62 159 1082 19 0 0 0 0 0 0 0 0 403 0 0 0 0 0 11 0 8 0 0 0 0 0 569 0 0 0 0 873 94 97 0 0 0 0 0 196 0
34 54 61 16 151 312 5 104 25 0 12 35 76 7 14 830 58 5 8 7 19 87 4 11 10 92 80 68 108 4 3 22 2 6 7 116 6 19 34 15 26 103 119 172 0 0 0 0 44 0 260 13 184 0 15 10 16 64 19 21 17 34 23 4 255 307 56 91 47 15 220 28 71 83 0 54 111 86 72 293 33 0 0 95 10 45 37 0 99 500 0 0 0 17 0 58 69 39 40 22 0 0 0 0 0 44 0 0 30 58 0 0 0 0 114 177 23 0 0 0 0 0 0 0 82 0 0 0 1 137 149 59 0 110 155 0
1933 1634 1839 8340 3714 2899 1049 5663 205 51 1470 3680 5309 661 1453 5864 8003 5753 5538 5649 5555 1295 0 2425 2829 1171 0 1169 5748 130 1140 8803 16873 7953 270 2821 1561 6930 4430 6516 6041 97 7668 378 324 2783 7772 0 2812 690 4532 968 9638 984 1088 1831 908 1593 1160 1206 1070 1259 1001 5214 4509 27933 23386 30773 6537 8976 12355 12318 9416 11651 2207 10243 3590 2595 3094 401 7408 6646 702 10509 2233 2262 2478 2414 2861 5392 12295 13762 1127 8151 7354 2418 1390 704 5844 14556 8554 305 303 262 3949 5535 826 0 0 1533 4153 0 0 887 1851 2022 73 0 723 0 0 562 0 3213 3486 0 552 674 3982 2946 2967 691 710 637 3532 0
393 410 285 1315 395 292 83 1279 9 1 257 239 159 45 177 764 486 234 231 240 251 239 0 105 146 234 213 234 1341 22 23 42 32 131 24 108 18 4 0 283 67 76 145 193 0 192 1 0 32 0 29 3 109 0 6 69 3 37 8 10 6 18 8 76 29 83 16 135 0 215 147 147 29 93 0 84 35 33 35 370 128 83 713 80 0 21 231 0 41 0 0 0 0 0 18 482 653 2 100 56 0 2 3 0 68 718 60 0 0 0 0 0 0 465 0 71 0 0 0 0 0 205 0 0 1159 0 0 25 65 66 88 697 0 71 1196 0
33 21 22 0 0 0 5 0 1 0 2 25 0 0 66 68 0 124 126 128 126 133 24 182 250 395 55 395 0 0 0 0 0 31 0 0 0 0 0 0 45 0 76 93 0 71 0 0 39 0 59 12 61 0 16 122 12 37 17 18 15 23 16 72 58 174 0 215 0 0 0 27 36 55 1 51 23 20 21 225 27 23 0 161 18 97 206 50 250 290 0 0 0 0 1 96 112 112 152 131 0 3 3 0 0 0 285 19 0 1 0 0 0 43 111 72 423 0 0 0 0 580 0 219 637 0 1242 545 389 16 54 0 1201 537 0 0
10 6 17 107 20 14 98 22 6 1 5 52 38 0 4 635 82 7079 7107 7305 7076 1048 0 248 213 172 160 172 14 166 49 201 186 46 9 69 72 107 42 13 27 90 178 13 0 278 126 32 418 77 222 422 282 0 463 316 400 696 538 525 459 548 433 1352 211 627 1383 1742 107 20 216 676 136 868 1374 174 194 143 165 729 0 317 0 178 0 56 114 802 0 0 0 0 0 0 0 655 980 3 199 0 0 0 0 0 534 0 183 21 1006 63 136 0 0 134 436 250 0 0 258 0 13 314 0 207 329 0 0 0 0 1255 1281 21 286 46 189 0
1724 1136 1328 1118 1718 4814 870 1699 1560 1608 2761 2480 1962 1406 1338 7098 1165 922 945 922 1006 2328 321 124 180 590 8353 590 1679 5240 423 3124 4376 1638 603 4000 1036 2997 3559 2786 1271 2322 2047 3458 2180 7384 1359 1644 2338 0 4311 11 2299 0 120 163 201 3104 333 451 244 1289 597 3652 4119 90 832 1085 2433 1481 2160 2918 7140 3213 2397 985 2297 5130 2354 1477 1532 1517 161 2037 1244 1250 1057 1404 468 1555 947 509 23 314 862 853 945 879 1321 980 0 47 47 45 253 834 2478 501 6178 1793 588 280 0 1263 1120 1332 476 1721 104 0 0 0 0 951 977 0 1209 154 556 8861 8877 181 855 505 1387 0
0 0 0 0 0 0 0 0 0 0 0 1 0 0 0 0 0 469 63 484 466 3 868 0 2 0 0 0 0 0 0 0 0 0 0 0 0 0 0 0 0 0 0 0 0 0 0 0 0 0 13 298 35 0 329 0 291 179 158 261 287 256 278 4 16 42 0 2 0 0 0 0 0 0 0 0 0 0 0 0 0 0 0 0 0 0 0 0 0 0 0 0 0 0 0 15 3 1 43 0 0 0 0 0 0 0 0 948 0 0 0 0 0 0 0 0 0 0 0 0 0 0 0 0 0 0 0 0 0 0 0 0 0 0 0 0
20 17 13 5 0 72 27 300 19 13 0 41 130 0 16 315 11448 35 38 38 41 2088 265 63 87 21 1484 21 308 121 17 57 104 190 0 2555 42 64 9 42 50 94 87 323 466 1255 0 0 12 0 115 65 81 0 75 53 65 74 66 66 66 69 66 87 115 349 0 28 50 72 54 143 340 239 0 247 48 52 407 107 10 0 7 40 0 22 0 0 0 0 0 0 0 0 1 80 46 0 145 0 0 0 0 0 0 0 58 0 0 7 0 0 0 19 0 28 0 0 0 0 0 0 0 0 0 0 0 0 0 0 47 0 0 0 0 0
1 1 0 0 0 2 3 21 3 2 0 4 4 0 2 28 1901 1 8 8 9 25 62 16 26 3 61 3 20 0 0 8 3 0 0 260 4 0 0 0 1 0 0 34 16 55 0 0 6 0 15 9 16 0 12 16 10 23 11 11 10 15 12 16 14 44 0 4 0 0 0 20 11 54 0 1 1 1 0 0 0 0 0 3 0 0 0 0 0 0 0 0 0 0 0 6 8 0 10 0 0 0 0 0 0 0 0 0 0 0 0 0 0 4 0 0 0 0 0 0 0 0 0 0 0 0 0 0 0 0 0 0 0 0 0 0
0 0 0 12 4 3 1 2 1 0 0 4 4 0 1 92 121 46 45 46 46 131 89 24 31 70 22 70 0 6 3 7 7 3 1 7 2 2 11 26 16 15 19 80 60 23 0 27 11 0 0 0 14 9 11 18 7 17 8 8 7 11 8 23 8 23 4 32 4 14 9 23 7 16 31 26 13 10 11 117 47 0 0 0 0 0 0 26 0 0 9 2 5 3 0 20 30 7 15 13 0 18 18 11 7 0 35 0 0 20 0 11 0 18 75 92 0 235 0 0 0 0 0 0 0 0 70 0 92 8 24 0 0 105 0 0
383 601 543 1410 430 332 139 767 39 2 1532 1271 758 5 911 3298 1460 82 69 50 147 13410 0 529 457 324 3874 324 704 806 169 594 754 557 126 729 287 798 700 1944 863 810 1075 1621 1038 3707 1395 799 741 0 1645 666 2249 401 745 629 799 1328 827 846 807 999 872 740 1616 4873 2648 3378 546 1082 2503 1904 2202 2758 1172 856 441 351 390 3765 1273 633 0 895 172 531 274 921 93 0 255 210 0 38 17 939 1431 31 850 137 0 4 5 0 24 35 2931 10192 2149 1130 140 1245 0 1001 17707 24207 0 0 252 0 0 0 0 0 359 0 1353 0 0 2339 2363 70 618 166 507 0
9 6 7 226 69 51 24 139 6 4 7 26 49 14 5 209 336 169 170 173 178 346 54 15 16 724 92 724 128 23 21 48 41 48 21 160 16 20 122 145 109 384 477 413 253 128 49 1246 73 0 32 12 109 16 20 17 19 109 26 29 21 54 31 66 29 85 127 173 151 153 90 94 66 92 20 58 28 24 25 247 68 85 56 11 0 225 0 15 56 131 131 0 32 0 0 160 224 145 102 126 0 22 22 0 65 0 444 253 0 576 144 0 0 1285 528 436 508 0 0 255 1282 5384 0 217 36 0 0 637 247 235 266 95 932 1428 1153 0
1249 433 1351 807 1438 4756 4819 1244 2203 1117 625 6070 1153 2480 4986 2666 1873 308 332 327 374 1758 23 306 383 1633 3543 1633 1240 1700 217 1042 1658 1067 299 626 615 1202 2032 1216 2268 49 66 1991 1140 3272 661 1034 337 710 1433 797 1483 765 768 602 799 873 808 815 806 829 809 1075 1421 4282 458 343 1931 882 1491 1145 1347 957 1062 539 1557 442 1006 515 191 1367 1023 1763 848 960 1306 1442 663 1779 992 1070 695 1028 1228 1127 1228 158 1191 1856 1748 6 6 0 547 1176 1922 734 937 1785 2791 3033 392 1104 2010 2416 1407 1882 0 0 5968 0 0 196 0 0 905 154 337 997 1011 1079 3006 986 3428 0
200 530 244 91 505 848 42 339 301 52 7 382 173 391 259 625 529 121 124 125 133 425 138 0 75 339 755 339 353 657 60 208 352 244 26 403 62 246 354 296 116 1102 1231 632 209 699 56 0 53 3 304 151 428 135 153 113 151 166 155 156 154 157 153 134 301 907 51 20 427 172 494 116 144 489 221 27 206 219 209 55 77 238 108 315 223 201 279 278 119 18 38 0 271 183 9 187 214 900 244 366 230 2 2 0 69 259 259 917 50 283 343 0 265 154 538 1040 259 353 0 0 0 9982 0 0 0 0 0 0 4 159 178 183 315 264 905 0
44 27 34 103 59 34 75 0 20 12 43 64 54 0 45 451 808 102 105 107 111 518 21 0 17 234 266 234 0 231 99 72 58 40 10 251 17 42 44 36 133 726 974 801 45 65 53 0 10 0 79 35 112 0 37 27 34 32 37 37 36 34 33 66 79 237 166 218 317 52 78 72 71 62 42 30 21 30 25 85 28 0 0 284 0 0 0 142 0 0 0 0 0 0 2 53 53 796 77 0 0 1 1 0 0 0 0 50 0 0 0 0 26 35 990 554 44 82 0 243 0 0 40 0 0 227 0 0 0 0 0 0 311 348 1037 0
15 6 26 932 283 218 78 1193 26 19 11 350 471 62 13 770 777 11821 11859 12191 11840 2344 51 484 611 4270 803 4270 1134 1067 982 607 526 561 291 520 229 321 2286 406 2118 84 6789 73 0 1082 703 3776 665 216 255 212 1387 286 331 402 189 1017 457 452 309 568 290 482 203 3287 794 1180 2334 575 1097 858 1029 840 40 343 174 160 114 1435 232 972 8346 2049 890 1009 856 992 602 2715 481 122 328 549 4888 4494 6168 16113 885 1321 1541 17 20 16 48 0 2667 17309 1872 9199 5818 3105 6495 16178 1176 145 664 3073 2131 2495 4776 0 0 6813 1034 3065 1029 1292 1556 2697 2698 8346 4012 3326 9365 0
6 2 5 16 6 6 9 143 3 1 2 53 51 2 2 56 33 53 53 53 57 132 0 59 71 1262 114 1262 122 83 62 86 95 43 21 69 34 76 286 3 224 176 213 176 29 164 91 614 105 24 212 30 124 25 37 52 38 169 43 50 41 88 57 97 206 610 0 0 93 42 103 66 26 85 75 17 25 29 16 198 69 144 41 962 0 0 0 412 0 0 214 218 262 225 297 285 345 0 195 347 327 8 8 0 66 0 456 332 0 271 0 0 0 85 42 17 167 103 0 0 2096 8910 0 0 629 0 1393 395 227 396 415 277 597 946 985 0
0 0 1 18 12 11 2 100 0 1 1 136 43 0 57 15 7 257 255 260 252 116 1269 391 497 131 369 130 91 62 6 35 64 18 0 7 17 0 99 6 65 8 14 54 114 400 49 17 44 0 457 127 125 133 185 280 121 102 130 128 126 118 119 107 464 1369 0 333 0 0 139 93 68 119 0 48 71 172 0 1183 115 0 0 0 0 329 1275 0 0 0 0 0 276 319 533 590 600 0 396 455 47 6 6 0 0 38 76 0 0 0 0 0 0 15 92 71 158 0 0 3862 3642 28664 0 0 0 0 0 0 0 0 18 0 7619 0 157 0
1545 1760 1185 1246 1471 1895 8566 1259 448 248 1164 9276 2047 1322 7730 614 699 308 307 300 332 825 0 637 769 7627 1470 7627 1083 1657 188 1115 1710 1050 286 6182 208 1750 2779 931 3817 2550 67 60 258 1683 389 0 439 10 1994 249 805 203 265 504 270 758 316 335 292 461 340 1246 1959 5843 354 1142 1346 1211 723 1300 1411 1195 1261 153 1093 558 241 679 607 848 1269 1991 914 975 1415 1285 1649 0 818 972 1116 805 978 1135 1349 1 921 1168 1301 42 42 9 1718 97 1518 11979 441 1190 988 644 278 2313 617 986 748 781 1522 1054 3375 0 0 1294 2914 0 730 1083 733 1679 1704 1253 1471 1224 4213 0
5 1 3 592 184 134 20 251 10 0 2 40 120 0 6 220 362 582 585 599 584 287 104 100 71 581 316 581 252 8 0 42 14 180 0 303 8 0 380 139 949 701 532 697 40 305 83 0 101 0 18 195 184 158 196 134 196 259 206 208 201 222 205 113 17 45 136 343 449 1058 87 100 89 95 101 69 34 30 29 293 96 171 0 181 94 68 0 213 0 202 0 0 0 0 0 117 118 1171 92 0 0 39 39 39 1507 0 0 1005 0 95 0 194 0 31 464 227 0 0 814 0 213 2723 0 0 443 0 0 0 0 386 386 0 92 0 265 0
0 0 0 0 4 5 1 0 1 0 0 7 6 0 0 27 38 43 44 44 45 110 34 15 24 160 73 160 0 2 2 25 5 0 0 5 4 0 0 0 112 0 0 15 2 67 0 0 9 0 5 8 61 0 10 15 8 17 10 10 9 12 10 32 5 13 0 108 33 15 74 33 20 0 14 20 10 7 6 89 14 2 0 41 0 18 0 17 42 0 0 0 0 0 0 34 56 9 45 0 0 1 1 1 0 0 0 394 0 0 0 10 0 111 181 1 140 3 0 0 82 487 0 0 145 0 343 0 0 33 0 0 730 0 150 0
0 0 0 0 0 0 2 0 39 0 32 21 0 0 9 26 90 53 53 54 54 257 43 19 32 90 79 90 29 5 0 6 0 3 0 17 0 0 127 0 100 0 15 32 3 71 0 0 6 0 1 6 17 0 9 14 6 8 7 8 7 7 7 17 1 6 70 90 44 91 0 12 11 11 21 235 14 29 20 75 22 4 0 0 0 0 61 0 40 0 0 0 0 0 0 58 97 40 20 0 0 15 15 15 309 0 0 0 0 0 0 269 0 9 69 301 0 457 0 0 0 574 0 0 178 0 706 194 0 11 0 0 1398 70 0 0
64 26 24 25 33 65 34 0 31 18 46 52 34 42 30 42 64 157 49 49 49 69 1 0 33 44 474 41 0 190 48 200 74 16 14 64 18 46 48 30 38 136 59 77 40 412 31 0 28 0 77 23 119 0 24 28 23 28 25 26 25 25 24 66 76 231 0 26 195 118 85 259 210 316 0 1 1 1153 1 2 2428 0 0 21 0 0 15 0 33 0 36 2 42 18 51 48 26 23 91 46 0 4 4 0 97 0 40 0 0 0 0 0 0 34 11 77 0 0 0 0 0 113 0 0 31 0 0 0 0 0 21 0 0 47 113 16
30 12 11 10 15 30 13 24 14 5 21 24 15 4 12 20 28 67 24 24 24 32 20 0 15 18 200 16 26 86 22 91 32 0 0 28 8 21 18 10 17 54 27 34 145 174 0 0 23 0 33 10 49 0 12 13 10 12 11 11 11 11 11 30 34 104 0 12 43 50 23 108 87 126 77 1021 303 462 1 1 973 0 0 0 0 0 0 0 11 0 3 0 2 0 11 21 12 11 43 9 0 2 2 0 36 0 18 0 0 0 0 0 0 16 0 7 0 0 0 0 0 37 0 0 0 0 0 11 29 0 0 0 0 21 48 7
26 11 10 10 14 27 11 22 13 10 19 21 13 24 11 16 26 49 22 22 22 27 17 10 13 18 160 18 23 76 20 82 28 7 7 24 7 18 19 12 16 40 23 31 0 140 0 0 30 0 28 9 32 0 10 11 9 11 10 10 9 10 9 26 30 89 0 11 0 0 34 77 14 94 77 658 201 294 405 724 637 0 0 0 0 0 0 0 15 0 0 0 0 0 0 8 10 10 36 0 25 1 1 1 0 0 16 0 0 0 11 0 0 13 28 43 10 0 0 0 0 20 0 0 38 0 0 25 17 15 15 0 14 15 43 7
97 28 44 9 43 99 404 166 25 7 15 100 697 0 238 174 77 245 237 240 235 694 2 180 249 12 102 12 0 46 0 59 4 1132 0 140 472 0 255 218 407 70 94 141 0 0 0 0 91 0 84 2 46 0 6 120 2 30 9 9 5 14 6 74 85 254 192 295 60 30 43 377 0 50 388 83 301 433 231 943 314 813 0 0 0 4 27 13 29 0 0 0 0 0 4 43 48 0 477 45 0 133 133 60 0 0 561 178 0 70 0 0 0 72 1292 583 237 0 0 0 0 0 0 0 0 0 0 0 0 44 67 0 0 0 0 2
0 0 0 0 0 0 0 37 0 0 0 4 7 0 0 0 0 0 0 0 5 11 0 0 0 2469 0 2469 0 2 0 0 0 1 0 1 2 0 0 0 0 0 0 0 0 0 0 0 2 0 1 8 7 1 8 4 8 6 7 8 8 7 9 5 0 0 0 2 8 0 2 4 1 0 0 19 0 3 1 5 2 0 0 0 0 0 0 0 0 0 0 0 0 0 0 0 9 0 1 0 0 0 0 0 0 0 11 0 0 0 0 0 0 3 14 64 0 0 0 0 0 0 0 0 19 0 77 37 0 0 0 0 3932 0 0 0
1 1 5 0 0 0 1 0 0 0 0 7 3 0 5 0 9 7 7 7 7 18 3 0 3 22 7 22 0 14 0 8 0 1 0 10 0 0 0 0 0 0 0 0 0 9 0 0 1 0 4 1 5 0 1 0 1 2 1 1 1 1 1 0 1 0 0 7 0 0 0 0 0 0 0 0 0 0 0 2 1 0 1 10 0 0 0 0 0 0 0 0 0 0 0 0 5 0 4 0 0 1 1 0 0 0 0 0 0 0 170 0 0 1 22 12 3 0 0 0 0 0 0 0 0 0 0 0 95 0 0 0 194 89 0 0
0 0 0 0 0 0 0 0 0 0 0 0 0 0 0 0 0 20 20 21 20 0 49 43 54 0 0 0 0 0 0 0 0 0 0 0 0 0 0 0 0 0 0 0 0 0 0 0 0 2 0 2 0 4 5 29 2 1 3 2 2 2 2 0 0 1 17 21 0 0 0 0 0 0 0 0 0 0 0 0 0 9 0 0 0 1 0 0 0 0 0 0 0 0 0 0 0 0 4 0 0 0 0 0 0 0 0 0 0 0 0 0 0 0 0 0 0 0 0 0 0 0 0 0 0 0 0 0 0 0 0 0 0 0 0 0
