116
0 0 0 0 35 173 79 15 74 70 78 0 0 0 0 0 0 0 0 0 0 0 0 0 0 0 0 0 0 0 0 0 0 0 0 0 0 0 0 0 0 0 0 0 0 0 0 1 0 0 0 0 0 0 0 0 0 0 0 0 0 0 0 0 0 0 0 0 0 0 0 0 0 0 0 0 0 0 0 0 0 0 0 0 0 0 0 0 0 0 0 0 0 0 0 0 0 0 0 0 0 0 0 0 0 0 0 0 0 0 0 0 0 0 0 0
0 0 0 0 2 1069 551 563 1427 570 1864 113 0 0 0 0 0 0 0 0 0 0 0 0 0 0 0 0 0 1 0 0 0 0 0 0 0 0 0 0 0 0 0 0 0 0 0 5 0 0 0 0 0 0 0 0 0 0 0 0 0 0 0 0 0 0 0 0 0 0 0 0 0 0 0 0 0 0 0 0 0 0 0 0 0 0 0 0 0 0 0 0 0 0 0 0 0 0 0 0 0 0 0 0 0 0 0 0 0 0 0 0 0 0 0 0
0 0 0 1 12 18 38 27 22 33 19 0 14 0 0 0 0 0 2223 823 492 291 0 251 0 0 3700 3093 1 49 0 0 8 0 0 0 0 0 0 0 0 0 0 0 0 0 0 2 1844 0 0 0 0 0 0 0 0 0 0 0 0 0 0 0 4920 0 0 0 0 0 0 0 0 0 0 0 0 0 0 19 18 0 0 0 0 0 0 0 15 0 0 0 0 0 0 660 0 2 1 18 5 0 0 0 0 0 0 0 0 0 0 0 1 3 0 0
0 0 0 0 3 0 0 0 0 0 0 0 1 0 0 0 0 0 486 123 101 61 14164 0 0 0 379 125 0 10 0 0 11 0 0 0 0 0 0 0 0 0 0 0 0 0 0 3 0 0 0 0 0 0 0 0 0 0 0 0 0 0 0 0 1073 0 0 0 0 0 0 0 0 0 0 0 0 0 0 0 0 0 0 0 0 0 0 0 0 0 0 0 0 0 0 40 0 3 0 0 0 0 0 0 0 0 0 0 0 0 0 0 0 0 0 0
0 0 0 0 0 109 2731 904 2425 2345 3182 377 33 0 0 0 0 0 1357 490 299 177 0 145 0 0 1949 1376 0 146 0 0 5 0 0 0 0 0 0 0 0 0 0 0 0 0 0 16 672 0 0 0 0 0 0 0 0 0 0 0 0 0 0 0 3279 0 0 0 0 0 0 0 0 0 0 0 0 0 0 0 0 0 0 0 0 0 0 0 0 0 0 0 0 0 0 255 0 0 0 64 49 0 0 0 0 0 0 0 0 0 0 0 0 0 0 0
0 0 0 0 0 0 0 0 0 0 0 4 0 0 0 0 0 0 33554 0 0 0 0 0 0 0 0 0 0 0 0 0 198 0 0 0 0 0 0 0 0 0 0 0 6190 0 0 3 0 0 0 0 0 0 0 0 0 0 0 0 0 0 0 0 0 0 0 0 0 0 0 0 0 0 0 0 0 0 0 0 0 0 0 0 0 0 0 0 0 0 0 0 0 0 0 885 0 0 0 0 0 0 0 0 0 0 0 0 0 0 0 0 0 0 0 0
0 0 0 0 0 0 0 0 0 0 0 0 0 0 0 0 0 0 0 34460 0 0 0 0 0 0 0 0 0 0 0 0 9 0 0 0 0 0 0 0 0 0 0 0 0 0 0 1 1680 0 0 0 0 0 0 0 0 0 0 0 0 0 0 0 0 0 0 0 0 0 0 0 0 8 0 0 0 0 0 0 0 0 0 0 0 0 0 0 0 0 0 0 0 0 0 6 0 0 0 0 0 0 0 0 0 20911 0 0 0 0 0 0 0 0 0 0
0 0 0 0 0 0 0 0 0 0 0 0 0 0 0 0 0 0 0 0 33023 0 0 0 0 0 0 0 0 38 0 0 23 0 0 0 0 0 0 0 0 0 0 0 0 0 0 0 0 0 0 0 0 0 0 0 0 0 0 0 0 0 0 0 0 0 0 0 0 0 0 0 0 0 0 0 0 0 0 0 49 0 0 0 0 0 0 0 32 0 0 0 0 0 0 0 0 19 0 37 15 0 0 0 0 0 0 0 0 0 0 0 0 0 0 0
0 0 0 0 0 0 0 0 0 0 0 0 0 0 0 0 0 0 0 0 0 14446 0 0 0 0 0 0 0 14 0 0 16 0 0 0 0 0 0 0 0 0 0 0 0 0 0 0 0 0 0 0 0 0 0 0 0 0 0 0 0 0 0 0 0 0 0 0 0 0 0 0 782 0 0 0 0 0 0 0 11 0 0 0 0 0 0 0 0 0 0 0 39 0 0 0 0 0 0 5 0 0 0 0 0 0 0 0 0 0 0 0 0 0 0 0
0 0 0 0 0 3 120 10 26 0 0 222 0 0 0 0 0 0 0 0 0 0 0 0 0 0 0 0 0 50 0 0 0 0 0 0 0 0 0 0 0 0 0 0 0 0 0 1 0 0 0 0 0 0 0 0 0 0 0 0 0 0 0 0 0 0 0 0 0 0 0 0 0 0 0 0 0 0 0 0 69 0 0 0 0 0 0 0 16 0 0 0 0 0 0 2093 0 0 0 0 0 0 0 0 0 0 0 0 0 0 0 0 0 0 0 0
0 0 0 1 0 132 168 4 721 186 0 1 0 0 0 0 0 0 392 145 87 51 0 8559 0 0 0 0 0 0 0 0 8 0 0 0 0 0 0 0 0 0 0 0 0 0 0 4 0 0 0 0 0 0 0 0 0 0 0 0 0 0 0 0 917 0 0 0 0 0 0 0 0 0 0 0 0 0 0 0 0 0 0 0 0 0 0 0 0 0 0 0 0 0 0 110 0 0 0 0 0 0 0 0 0 0 0 0 0 0 0 0 2 1 0 0
0 0 0 17 0 0 0 0 0 0 0 0 0 0 0 0 0 0 0 0 0 0 0 0 0 0 0 0 0 0 0 0 0 0 0 0 0 0 0 0 0 0 0 0 0 0 0 0 0 0 0 0 0 0 0 0 0 0 0 0 0 0 0 0 0 0 0 0 0 0 0 0 0 0 0 0 0 0 0 0 0 0 0 0 0 0 0 0 0 0 0 0 0 0 0 0 0 0 0 0 0 0 0 0 0 0 0 0 0 0 0 0 19 0 0 0
18 12 0 0 0 13 17 14 17 15 12 1 0 0 0 0 0 0 30 24 15 5 16 19 0 0 56 43 5 0 0 0 0 13 0 5 0 0 0 0 0 0 0 0 6 131 0 0 0 0 0 0 0 0 5 1 0 0 0 0 0 5 0 0 0 0 0 0 0 0 0 0 0 0 0 0 0 0 0 0 0 0 0 0 0 0 0 0 0 0 0 0 0 0 0 884 0 0 0 5 0 0 0 150 0 0 0 0 154 0 158 138 0 0 0 0
1 1 0 17 22 0 0 0 0 0 0 0 0 0 0 0 0 0 0 0 0 0 0 135 0 0 15 0 306 218 0 0 0 0 0 0 0 0 0 0 0 0 0 0 0 9421 0 0 0 0 0 0 0 0 0 0 0 0 0 0 0 0 0 0 0 0 0 0 0 0 0 0 0 0 0 0 0 0 0 0 0 0 0 0 0 0 0 0 101 0 0 0 0 0 0 0 0 7 0 88 18 0 0 11143 0 0 0 0 11151 0 11153 9857 15 0 0 0
0 0 0 0 0 0 0 0 0 0 0 0 0 0 0 1 0 0 0 0 0 0 0 0 0 0 0 0 0 0 0 0 0 0 0 0 0 1 1 1 1 1 1 1 0 0 0 0 0 0 127 0 0 0 0 0 0 1269 0 0 0 0 0 0 0 0 0 0 0 0 0 0 0 0 0 0 0 0 0 0 0 0 0 0 0 0 0 0 0 0 0 0 0 0 0 0 0 0 0 0 0 0 0 0 0 0 0 0 0 0 0 0 0 0 0 0
1 2 1 0 2 1 1 0 1 1 1 0 0 0 0 0 0 0 0 0 0 0 0 0 0 0 0 0 0 0 0 0 0 0 0 0 0 5 5 5 5 5 5 35 0 0 0 0 0 0 0 0 0 0 0 0 0 0 0 0 0 0 0 0 0 0 0 0 0 0 0 0 0 0 0 0 0 0 0 0 0 0 0 0 0 0 0 0 0 0 0 0 0 0 0 0 0 2 0 0 0 0 0 0 0 0 0 0 0 0 0 0 0 0 0 0
0 0 0 0 4 0 0 0 0 0 0 0 0 0 5 193 0 939 0 0 0 0 0 0 0 0 0 1 0 0 0 0 0 0 0 0 0 4 4 4 4 4 4 4 0 0 0 1 0 119 430 400 0 0 0 0 1 1 0 0 0 0 1 0 0 0 0 0 0 0 0 0 0 0 0 0 0 0 0 0 0 0 0 0 0 0 0 0 0 0 0 0 0 0 0 0 0 5 0 0 0 0 0 0 0 0 0 0 0 0 0 0 0 0 0 0
2 2 2 0 4 4 2 3 3 2 2 2 0 0 4 23 0 0 6 5 3 2 5 5 9 0 11 12 1 0 0 0 0 0 0 0 0 2 2 2 2 2 2 5 0 10 0 155 0 669 3013 0 1092 0 0 0 0 0 0 0 0 0 1 0 0 0 0 0 0 0 0 0 0 0 0 0 0 0 0 0 0 0 0 0 0 0 0 0 0 0 0 0 0 0 0 0 0 5 0 0 0 0 0 10 0 0 0 0 17 0 24 18 0 0 0 0
1 0 0 0 0 0 0 0 0 0 0 0 0 2 0 0 0 0 0 0 0 0 0 0 4 0 0 0 0 31 0 0 0 0 0 0 0 0 0 0 0 0 0 0 0 138 0 0 0 0 0 0 0 0 0 0 0 0 0 0 0 0 0 0 0 0 0 0 0 0 0 0 0 0 0 0 0 0 0 0 0 0 0 3 3 1 0 0 0 0 0 0 0 0 0 0 0 0 0 9 0 0 0 144 0 0 0 0 149 0 156 135 0 0 0 0
5 3 0 0 0 0 0 0 0 0 0 0 0 12 0 0 0 0 204 0 40 26 0 183 6 0 0 93 0 315 0 0 1 0 0 0 0 0 0 0 0 0 0 0 0 1002 0 0 0 0 0 0 0 0 0 0 0 0 0 0 0 0 0 0 370 0 0 0 0 0 0 0 0 0 0 0 0 0 0 0 138 0 0 1 2 1 0 0 273 0 0 0 0 0 0 0 0 9 0 84 2 0 0 1161 0 153 0 0 1169 0 1175 1035 35 0 0 0
1 0 0 0 0 0 0 0 0 0 0 0 0 1 0 0 0 0 13 0 0 1 0 891 0 0 0 0 0 1306 0 0 0 0 0 0 0 0 0 0 0 0 0 0 0 84 0 0 0 0 0 0 0 0 0 0 0 0 0 0 0 0 0 0 0 0 0 0 0 0 0 0 0 0 0 0 0 0 1 0 1474 0 0 0 1 0 0 0 1596 0 0 0 0 0 0 0 0 2 0 12 0 0 0 77 0 0 0 0 77 0 89 75 7 0 0 0
0 0 0 0 0 0 0 0 0 0 0 0 0 5 0 0 0 0 2 0 0 0 0 1 0 0 0 0 0 33 0 0 0 0 0 0 0 0 0 0 0 0 0 0 0 33 0 0 0 0 0 0 0 0 0 0 0 0 0 0 0 0 0 0 0 0 0 0 0 0 0 0 0 0 0 0 0 0 0 0 0 0 0 10 0 0 0 0 0 0 0 0 0 0 0 0 0 0 0 6 0 0 0 21 0 0 0 0 27 0 31 24 0 0 0 0
1 1 0 0 4 130 1224 338 460 995 421 2 0 4 0 0 0 0 2062 763 457 271 0 0 820 0 1589 1316 0 38 0 0 10 0 0 0 0 0 0 0 0 0 0 0 0 287 0 18 0 0 0 0 0 0 0 0 0 0 0 0 0 6 0 0 4748 0 0 0 0 0 0 0 0 0 0 0 0 0 0 0 0 0 0 2 3 1 0 0 0 0 0 0 0 0 0 0 0 4 0 25 0 0 0 320 0 0 0 0 319 0 330 288 5 0 0 0
8 4 0 47 0 273 5820 1950 2247 4720 0 2 0 0 0 0 0 0 141 0 0 0 273 0 1556 0 561 0 0 565 0 0 5 0 0 0 0 0 0 0 0 0 0 0 0 640 0 0 0 0 0 0 0 0 0 0 0 0 0 0 0 8 0 0 111 0 0 0 0 0 0 0 0 0 0 0 0 0 0 0 648 0 0 5 11 3 0 0 437 0 0 0 0 0 0 0 0 23 0 148 17 0 0 732 0 0 0 0 747 0 743 652 107 0 0 0
0 0 0 0 0 0 0 0 0 0 0 0 0 0 0 0 0 0 0 0 3 1 0 0 0 0 0 8 0 3 0 0 0 0 0 0 0 0 0 0 0 0 0 0 0 18 0 0 0 0 0 0 0 0 0 0 0 0 0 0 0 2 0 0 28 0 0 0 0 0 0 0 0 0 0 0 0 0 0 0 0 1 0 0 1 1 0 0 0 0 0 0 0 0 0 0 0 0 0 0 0 0 0 6 0 0 0 0 13 0 17 13 0 0 0 0
0 0 0 3 1 41 385 106 144 313 132 0 0 1 0 0 0 0 14 5 3 2 1 27 13 0 0 22 2 16 0 0 0 0 0 0 0 0 0 0 0 0 0 0 0 59 0 0 0 0 0 0 0 0 0 0 0 0 0 0 0 0 0 0 0 0 0 0 0 0 0 0 77 0 0 0 0 0 0 0 0 0 0 1 2 1 0 0 0 0 0 0 0 0 0 0 0 1 0 4 0 0 0 54 0 0 0 0 59 0 65 55 0 0 0 0
19 11 0 0 0 4379 25172 7043 9623 22533 4941 777 0 0 0 0 0 0 8194 1438 683 480 0 0 76 407 0 1833 0 1230 0 0 62 0 0 0 0 0 0 0 0 0 0 0 866 314 0 210 0 0 0 0 0 0 0 0 0 0 0 0 0 1 0 0 7796 0 0 0 0 0 0 0 636 0 0 0 0 0 0 0 1659 0 0 8 23 8 0 0 1299 0 0 0 0 0 0 0 0 56 10 335 47 0 0 350 0 293 0 0 360 0 362 317 265 110 0 0
16 10 0 0 0 1598 3101 3312 3429 2821 3459 0 0 32 0 0 0 0 98 0 12 17 0 632 0 0 0 0 0 1029 0 0 27 0 0 0 0 0 0 0 0 0 0 0 0 357 0 117 0 0 0 0 0 0 0 0 0 0 0 0 0 7 0 0 0 0 0 0 0 0 0 0 0 0 0 0 0 0 0 0 1354 0 0 9 15 5 0 0 1041 0 0 0 0 0 0 0 0 50 18 281 41 0 0 406 0 0 0 0 412 0 417 366 226 88 0 0
11 7 0 144 38 1344 1612 2327 3305 1617 4104 0 0 0 0 0 0 0 4607 979 589 281 5 911 45 0 2778 1216 0 926 0 0 266 0 0 0 0 0 0 0 0 0 0 0 499 176 20 68 0 0 0 0 0 0 0 0 0 0 0 0 0 27 0 0 4136 0 0 0 0 0 0 0 1 0 0 0 0 0 0 0 485 0 0 6 15 4 0 0 556 0 0 0 0 0 0 0 0 0 7 224 37 0 0 185 0 125 0 0 198 0 193 165 158 89 0 0
0 0 0 0 0 0 0 0 0 0 0 0 0 0 0 0 0 0 0 0 0 0 0 0 0 0 0 0 0 0 0 0 0 0 0 0 0 0 0 0 0 0 0 0 0 0 0 0 413 0 0 0 0 0 0 0 0 0 0 0 0 0 0 0 0 0 0 0 0 0 0 0 0 0 0 0 0 0 0 0 0 0 0 3 9 6 0 0 0 0 0 0 0 0 0 0 0 0 0 0 0 0 0 0 0 0 0 0 0 0 0 0 0 0 0 0
12 7 13 0 1 1 9 3 4 7 4 0 2 0 0 0 0 0 3 6 0 476 0 1 0 0 0 2665 7 0 0 5353 823 2308 0 776 3133 8 8 8 8 8 8 2 0 2 0 1 0 1 0 0 0 0 0 0 0 0 0 2279 0 72 0 0 0 0 0 0 0 0 0 0 0 1 0 0 0 0 0 0 0 0 0 0 0 0 0 0 0 0 0 0 0 0 0 1 0 0 0 21 0 0 0 0 0 0 0 0 0 0 0 0 0 0 0 0
0 0 0 5 1 0 0 0 0 0 0 2 4 5 0 41 0 12 24 19 11 6 6 107 6 10 77 35 9 156 0 0 5 8 65 0 0 0 0 0 0 0 0 0 16 103 0 8 0 6 7 10 8 8 16 13 3 3 2 0 0 211 0 0 0 0 0 0 0 0 0 0 0 26 0 0 7 0 0 0 0 0 0 2 0 0 0 0 0 0 0 0 0 0 0 0 0 0 0 40 0 0 0 100 0 0 0 0 106 0 114 98 0 0 39 0
0 0 0 0 0 0 0 0 0 0 0 0 1 0 0 0 0 0 0 0 0 0 0 0 0 0 0 0 0 0 0 0 0 0 0 0 0 6 6 6 6 6 6 32 0 0 0 0 0 0 0 0 0 0 0 0 0 0 0 0 0 23 0 0 0 0 0 0 0 0 0 0 0 0 0 0 0 0 0 0 0 0 0 0 0 0 0 0 0 0 0 0 0 0 0 0 0 0 0 0 0 0 0 0 0 0 0 0 0 0 0 0 0 0 0 0
17 11 64 1 36 15 17 15 18 14 19 2 0 39 7 4 4 17 182 169 98 94 258 659 241 7 498 274 249 1247 0 0 30 0 10407 2168 0 0 0 0 0 0 0 0 2249 771 0 89 0 238 68 0 0 14 1794 1220 7 0 7 0 0 1200 582 939 344 0 0 0 57603 0 0 0 0 1 0 0 126 93 0 0 449 32 0 66 20 0 0 9 368 0 0 0 0 0 0 0 0 39 0 42 31 0 3 856 0 35 0 0 862 0 867 766 0 129 0 0
3 2 0 32 0 0 0 0 0 0 0 0 2 0 1 0 0 0 2 4 0 341 3 1 0 4 0 1908 0 0 34 0 0 0 0 3324 2174 0 0 0 0 0 0 0 2861 0 0 5 0 2 0 0 0 0 2381 0 0 0 2 258 0 0 51 0 0 0 0 0 0 0 0 0 0 1 0 0 0 0 0 0 0 0 0 4 0 0 0 0 0 0 0 0 0 0 0 0 0 0 0 0 0 0 0 0 51 2 0 0 0 0 0 0 35 0 0 0
9 5 5 42 11 1 5 1 2 4 2 4 0 102 2 26 13 7 12 25 143 11 19 41 16 12 28 20 35 13 0 5 109 0 0 0 0 0 0 0 0 0 0 0 0 41 0 22 0 25 0 0 0 36 0 0 10 0 3 0 0 25 233 7 0 0 0 0 0 0 0 0 0 6 0 0 4 0 0 0 0 0 0 9 0 1 0 0 0 0 62 0 0 0 0 23 0 10 0 20 4 0 31 31 0 0 0 0 34 0 38 36 48 10 11 0
36 22 0 445 43 0 0 0 1 1 0 0 107 819 16 133 38 50 49 70 42 49 422 173 13 595 123 99 129 56 0 175 344 26 0 258 0 0 0 0 0 0 0 0 143 186 0 394 0 33 0 0 0 46 196 0 245 0 146 0 0 217 81 24 2 36 16 0 0 18 4 0 0 59 30 0 270 0 0 0 0 14 0 38 13 21 0 0 0 0 0 0 0 0 0 123 0 44 16 58 35 4 92 192 3935 2064 0 0 196 0 201 187 523 149 38 0
0 0 0 0 0 0 0 0 0 0 0 0 0 0 0 0 0 0 0 0 0 0 0 0 0 0 0 0 0 0 0 0 0 0 0 0 0 0 0 0 0 0 0 0 0 0 0 0 0 0 0 0 0 0 0 0 0 0 0 0 0 0 0 0 0 0 0 0 0 0 0 0 0 0 0 0 0 0 0 0 0 0 0 0 0 0 0 0 0 0 0 0 0 0 0 0 0 0 0 0 0 0 0 0 0 0 0 0 0 0 0 0 0 0 0 0
0 0 0 0 0 0 0 0 0 0 0 0 0 0 0 0 0 0 0 0 0 0 0 0 0 0 0 0 0 0 0 0 0 0 0 0 0 0 0 0 0 0 0 0 0 0 0 0 0 0 0 0 0 0 0 0 0 0 0 0 0 0 0 0 0 0 0 0 0 0 0 0 0 0 0 0 0 0 0 0 0 0 0 0 0 0 0 0 0 0 0 0 0 0 0 0 0 0 0 0 0 0 0 0 0 0 0 0 0 0 0 0 0 0 0 0
0 0 0 0 0 0 0 0 0 0 0 0 0 0 0 0 0 0 0 0 0 0 0 0 0 0 0 0 0 0 0 0 0 0 0 0 0 0 0 0 0 0 0 0 0 0 0 0 0 0 0 0 0 0 0 0 0 0 0 0 0 0 0 0 0 0 0 0 0 0 0 0 0 0 0 0 0 0 0 0 0 0 0 0 0 0 0 0 0 0 0 0 0 0 0 0 0 0 0 0 0 0 0 0 0 0 0 0 0 0 0 0 0 0 0 0
0 0 0 0 0 0 0 0 0 0 0 0 0 0 0 0 0 0 0 0 0 0 0 0 0 0 0 0 0 0 0 0 0 0 0 0 0 0 0 0 0 0 0 0 0 0 0 0 0 0 0 0 0 0 0 0 0 0 0 0 0 0 0 0 0 0 0 0 0 0 0 0 0 0 0 0 0 0 0 0 0 0 0 0 0 0 0 0 0 0 0 0 0 0 0 0 0 0 0 0 0 0 0 0 0 0 0 0 0 0 0 0 0 0 0 0
0 0 0 0 0 0 0 0 0 0 0 0 0 0 0 0 0 0 0 0 0 0 0 0 0 0 0 0 0 0 0 0 0 0 0 0 0 0 0 0 0 0 0 0 0 0 0 0 0 0 0 0 0 0 0 0 0 0 0 0 0 0 0 0 0 0 0 0 0 0 0 0 0 0 0 0 0 0 0 0 0 0 0 0 0 0 0 0 0 0 0 0 0 0 0 0 0 0 0 0 0 0 0 0 0 0 0 0 0 0 0 0 0 0 0 0
0 0 0 0 0 0 0 0 0 0 0 0 0 0 0 0 0 0 0 0 0 0 0 0 0 0 0 0 0 0 0 0 0 0 0 0 0 0 0 0 0 0 0 0 0 0 0 0 0 0 0 0 0 0 0 0 0 0 0 0 0 0 0 0 0 0 0 0 0 0 0 0 0 0 0 0 0 0 0 0 0 0 0 0 0 0 0 0 0 0 0 0 0 0 0 0 0 0 0 0 0 0 0 0 0 0 0 0 0 0 0 0 0 0 0 0
0 0 0 0 0 0 0 0 0 0 0 0 0 0 0 0 0 0 0 0 0 0 0 0 0 0 0 0 0 0 0 0 0 0 0 0 0 0 0 0 0 0 0 0 0 0 0 0 0 0 0 0 0 0 0 0 0 0 0 0 0 0 0 0 0 0 0 0 0 0 0 0 0 0 0 0 0 0 0 0 0 0 0 0 0 0 0 0 0 0 0 0 0 0 0 0 0 0 0 0 0 0 0 0 0 0 0 0 0 0 0 0 0 0 0 0
1 1 0 12 0 0 0 0 0 0 0 0 0 0 9 5 2 229 7 3 2 8 3438 42 0 4885 0 52 0 4 16 0 2555 0 0 146 0 0 0 0 0 0 0 0 0 6 851 2610 3313 40 134 90 294 17 92 239 1652 1958 1185 0 94 36 267 34 0 0 0 0 0 0 0 0 0 1 0 0 0 0 0 0 0 0 0 558 0 0 0 0 0 0 0 0 0 0 0 0 0 0 0 1193 0 0 0 0 3 0 0 0 0 0 0 0 11 0 35 0
2783 968 532 7 75 116 115 80 1084 180 1690 8 0 0 2 0 0 0 0 0 0 0 0 0 0 0 0 0 0 0 0 0 0 0 0 0 0 0 0 0 0 0 0 0 0 0 0 15 0 0 9 8 0 0 0 0 0 0 0 0 0 0 0 0 0 0 448 0 0 0 0 0 0 1 0 0 0 0 0 0 0 0 0 0 0 0 0 0 0 0 0 0 0 0 0 0 0 0 0 0 0 0 0 0 0 0 0 0 0 0 0 0 0 0 3 0
5778 2008 1099 36 213 240 238 136 2241 373 3506 61 85 375 23 225 545 1886 65 115 84 54 3179 399 4 4383 120 297 0 172 1622 168 1353 1869 3259 563 305 4 4 4 4 4 4 34 0 358 0 15116 2811 535 1513 868 2329 273 363 4882 1876 1895 1060 277 634 200 529 1763 0 577 0 0 0 0 0 0 4 19 110 0 792 0 0 0 0 0 0 29 0 0 0 0 0 0 0 22 0 33 0 1244 0 15 89 3248 64 0 276 268 140 110 0 0 277 0 276 274 19 30 1034 0
0 0 0 0 0 0 0 0 0 0 0 0 0 0 0 0 0 0 0 0 0 0 0 0 0 0 0 0 0 0 0 0 0 0 0 0 0 0 0 0 0 0 0 0 0 0 0 0 0 0 0 0 0 0 0 0 0 0 0 0 0 0 0 0 0 0 0 0 0 0 0 0 0 0 0 0 0 0 0 0 0 0 0 0 0 0 0 0 0 0 0 0 0 0 0 0 0 0 0 8 0 0 0 0 0 0 0 0 0 0 0 0 0 0 0 0
8 5 0 8 0 3 0 14 13 7 15 8 549 288 108 810 325 647 601 487 302 215 1355 521 167 1473 968 1056 217 0 194 201 128 38 100 256 328 1 1 1 1 1 1 35 0 2627 0 710 0 178 499 306 237 104 169 194 535 634 361 203 1303 1223 1800 0 760 0 0 0 0 0 0 0 0 246 0 0 1173 499 0 0 0 118 230 542 4 5 37 0 0 0 0 0 0 0 0 0 0 9 0 43 0 91 91 2967 14 155 69 85 2974 83 2980 2643 0 0 9 0
0 0 0 0 7 0 0 0 0 0 0 0 0 1 0 0 0 0 1 2 0 1 2 47 0 0 19 1 21 65 0 0 7 0 0 0 0 0 0 0 0 0 0 0 0 0 0 4 0 0 0 27 0 0 0 0 0 0 0 0 0 0 0 0 0 0 0 0 0 0 0 0 0 10 0 0 0 0 0 0 0 0 0 0 0 0 0 0 0 0 0 0 0 0 0 0 0 7 0 32 2 0 1 0 0 0 0 0 0 0 1 0 0 0 26 0
0 0 0 0 1 0 0 0 0 0 0 0 0 0 0 7 0 0 0 0 0 32 0 7 0 0 2 177 0 10 3 0 4 0 4 6 280 0 0 0 0 0 0 0 0 0 0 431 0 136 0 92 0 3 0 0 0 0 0 110 309 244 0 0 0 0 0 0 0 0 0 0 0 8 0 20 0 0 0 0 0 0 0 0 0 0 0 0 0 0 0 0 0 0 0 0 0 1 0 33 0 0 0 0 0 0 0 0 0 0 0 0 0 0 4 0
0 0 0 0 17 0 0 0 0 0 0 0 0 2 82 206 0 22888 0 0 0 10 71 37 0 102 13 35 0 51 1 0 9 12 33 47 10 0 0 0 0 0 0 0 0 0 0 502 0 0 0 0 0 0 23 4 28 0 25 0 0 515 20 0 0 0 3 0 0 269 0 0 0 80 0 0 0 0 0 0 0 0 0 3 0 0 45 0 0 0 0 0 0 0 0 0 0 11 0 0 11 0 0 0 0 0 0 0 0 0 0 0 0 0 48 0
0 77 24 0 12 20 37 32 37 33 42 2 0 5 2 12 9 0 147 112 68 59 447 94 0 101 261 356 26 7 3 0 14 133 45 171 172 0 0 0 0 0 0 0 0 612 0 15 0 219 2324 531 0 25 103 241 27 26 19 0 0 0 20 67 0 0 0 0 0 0 0 0 7 10 145 0 0 0 9 0 0 0 0 0 0 0 0 0 0 0 0 0 0 0 0 0 0 12 38 0 6 0 32 732 0 17 0 0 734 0 739 656 0 0 34 0
0 0 0 0 3 0 0 0 0 0 0 0 0 0 22 40 19 0 0 0 0 0 0 2 0 0 1 0 7 2 1 0 8 0 0 0 0 0 0 0 0 0 0 0 0 0 0 54 0 10 0 31 0 0 0 0 0 0 0 0 120 492 0 45 0 0 158 0 0 0 0 0 0 924 0 0 0 0 0 0 0 0 0 0 0 0 0 0 0 0 0 0 0 0 0 0 0 3 0 0 0 0 0 0 0 0 0 0 0 0 0 0 0 0 0 0
0 0 0 0 1 0 0 0 0 0 0 0 0 0 4 0 0 1 0 0 0 4 3 0 0 4 0 20 0 1 0 0 452 0 0 5 0 0 0 0 0 0 0 0 0 164 0 68 0 22 45 0 0 0 0 0 0 0 1 0 0 5 46 0 0 0 2 0 0 0 0 0 0 45 0 0 0 0 0 0 0 0 0 1 0 0 0 0 0 0 0 0 0 0 0 0 0 1 0 0 0 0 0 0 0 0 0 0 0 0 0 0 0 0 0 0
0 0 0 0 2 0 0 0 0 0 0 0 0 1 5 2 0 14 1 3 0 202 38 1 0 54 1 1121 1 240 60 0 5 0 24 825 1459 0 0 0 0 0 0 0 0 159 0 73 0 50 432 0 0 275 452 0 49 8 13 0 766 157 1173 428 0 0 0 0 0 0 0 0 0 114 0 0 1 0 0 0 0 0 0 2 0 0 0 0 0 0 0 0 0 0 0 0 0 2 0 0 0 0 264 0 0 0 0 0 0 0 0 22 0 0 0 0
0 0 0 0 1 0 0 0 0 0 0 0 0 0 2 0 0 0 0 0 0 0 0 0 0 0 0 2 0 0 0 0 0 0 6 0 0 0 0 0 0 0 0 0 0 0 0 15 0 1 1 0 0 23 1 0 0 0 0 0 0 1 2 0 0 12608 0 0 0 0 0 0 0 18 0 0 0 0 0 0 0 0 0 0 0 0 0 0 0 0 0 0 0 0 0 0 0 1 0 0 0 0 12 0 0 0 0 0 0 0 0 0 0 0 0 0
0 0 0 0 7 0 0 0 0 0 0 0 0 0 0 2 0 5 1 1 0 102 6 1 0 8 0 570 0 1 30 0 2 523 74 76 486 0 0 0 0 0 0 0 0 4 0 32 0 12 9 24 0 164 35 0 20 0 2 0 209 14 29 51 0 0 0 0 0 0 0 0 0 124 0 0 0 0 0 0 0 0 0 0 0 0 0 0 0 0 0 0 0 0 0 0 0 7 0 0 0 0 137 0 0 0 0 0 0 0 0 4 0 0 0 0
0 0 0 0 0 0 0 0 0 0 0 0 0 0 2 0 0 0 0 0 0 0 0 0 0 0 0 0 0 0 0 0 1 0 0 0 0 0 0 0 0 0 0 0 0 0 0 8 0 1 0 0 0 0 0 0 0 0 0 0 0 67 0 0 0 0 72 0 0 0 0 0 0 48 0 0 0 0 0 0 0 0 0 0 0 0 0 0 0 0 0 0 0 0 0 0 0 0 0 0 0 0 0 0 0 0 0 0 0 0 0 0 0 0 0 0
1542 838 1454 63 86 147 1365 382 516 1110 473 5 279 1540 64 318 43 1022 73 175 1234 192 89 146 55 71 166 1049 19 62 0 15 316 2774 0 777 1565 18 18 18 18 18 18 560 488 283 0 135 0 316 0 362 201 5050 1697 1889 1522 1621 80 0 1363 4738 1383 1536 117 2218 443 0 0 0 306 272 0 1574 0 0 791 963 0 0 0 6 0 264 15 24 68 12 0 0 95 0 0 156 0 2 0 39 52 122 40 27 5096 237 28 96 10 22 240 22 243 805 58 156 56 0
35 15 140 18 19 1 9 4 5 8 5 11 174 121 96 154 150 170 62 49 29 16 28 53 49 12 110 118 39 50 120 143 148 39 141 14 344 0 0 0 0 0 0 0 0 402 0 51 0 104 0 102 102 0 58 0 58 0 5 0 0 275 76 1277 0 62 0 0 0 0 0 0 0 13 114 0 603 0 0 0 0 0 0 282 6 2 213 0 0 0 0 0 0 0 0 0 0 0 0 29 12 79 73 297 0 0 44 70 305 73 307 278 0 0 7 0
21 11 129 1 1 16 17 13 21 15 25 14 0 0 40149 606 412 0 0 0 0 0 0 0 0 0 0 0 0 0 0 0 0 0 0 0 0 212 212 212 212 212 212 10471 0 8 0 14 0 30060 0 0 24745 0 0 0 0 0 0 0 0 0 0 0 0 0 0 0 0 0 0 0 0 0 0 0 0 0 0 0 0 0 0 0 0 0 0 0 0 0 0 0 0 0 0 1 0 0 0 0 0 40947 0 0 0 0 40910 40938 0 40936 0 0 0 0 0 0
0 0 0 0 0 0 0 0 0 0 0 5 38 0 0 88 0 0 0 0 0 0 0 0 0 0 0 0 0 0 0 0 0 0 0 0 0 0 0 0 0 0 0 0 0 0 0 0 0 0 0 0 0 0 0 0 0 0 0 0 0 13 0 0 0 0 12 0 0 0 0 0 0 65 0 0 0 0 0 0 0 0 0 0 0 0 0 6278 0 0 0 0 0 0 0 0 0 0 0 0 0 0 0 0 0 0 0 0 0 0 0 0 0 0 0 0
0 0 0 0 11 0 0 0 0 0 0 0 0 0 34 58 32 0 0 0 0 0 0 0 0 0 0 0 0 0 1 0 10 0 0 0 0 0 0 0 0 0 0 0 0 0 0 5 3 26 0 0 0 0 0 0 0 0 0 0 0 608 0 0 0 0 0 0 0 0 0 0 0 0 0 0 371 0 0 0 0 1 0 0 109 120 0 0 0 0 0 0 0 0 0 0 0 12 0 0 4 20 0 0 0 0 0 12 0 12 0 0 0 0 0 0
45 18 0 0 0 107 14 17 35 14 0 0 544 178 197 2132 1006 424 94 0 28 102 0 0 0 326 0 126 0 271 65 765 48 0 326 155 0 0 0 0 0 0 0 0 154 693 378 898 0 1226 231 269 424 130 154 145 133 165 82 0 185 27 428 405 0 0 0 0 0 0 0 0 21 26 639 0 582 340 257 0 170 196 0 124 1 1 0 0 198 0 62 25 0 0 0 5 0 2 60 129 0 185 120 771 34 40 162 178 778 177 784 705 127 253 166 0
2 1 8 0 0 0 1 1 1 1 1 0 0 0 0 12 7 25 15 15 4 22 48 10 89 42 33 52 8 8 74 77 67 21 23 77 0 0 0 0 0 0 0 0 91 244 0 44 20 5 11 15 19 129 99 56 0 85 11 0 0 148 0 0 0 0 2 0 17 31 0 0 0 6 0 0 0 0 0 5 0 1 0 0 0 0 0 0 0 0 0 0 0 0 0 0 0 0 0 0 0 0 118 266 13 0 0 0 275 0 282 261 0 0 0 0
135 102 113 41 26 24 93 56 198 90 283 0 85 115 71 192 106 381 35 56 34 20 226 175 324 243 185 203 101 70 97 110 183 30 141 7 0 37 37 37 37 37 37 2 9 0 74 133 344 56 79 0 81 0 0 12 71 31 0 0 57 24 0 213 46 0 0 0 0 0 33 72 15 0 750 0 0 0 25 0 84 29 0 12 1 1 30 0 0 0 0 8 0 0 6 0 0 23 0 21 8 48 76 113 0 0 18 42 127 39 134 125 49 0 56 0
2330 1731 1929 575 433 407 1557 970 3255 1512 4647 2 535 1572 1075 2871 1615 6475 2606 1695 1033 585 3557 3179 5684 3694 4282 2315 1745 1190 895 1132 1694 457 1509 159 300 246 246 246 246 246 246 742 125 2071 871 1698 3144 1231 1764 3478 2534 1172 411 9778 1715 2179 898 14 607 88 299 790 5840 731 0 0 0 0 199 479 264 1 13015 0 550 0 409 0 1418 395 48 196 1 2 0 0 0 0 941 65 0 0 39 374 0 381 58 339 341 1031 1131 2377 122 423 948 1008 2404 1002 2423 2268 680 481 877 0
31 23 25 11 6 5 18 13 42 20 60 0 23 32 18 124 26 83 8 12 7 5 54 38 72 60 23 14 22 15 40 53 78 0 35 4 10 51 51 51 51 51 51 71 3 26 17 30 50 16 19 11 25 28 2 16 20 23 14 4 22 17 0 95 15 0 0 0 0 0 7 17 0 0 155 1 12 0 5 0 0 9 2 3 0 0 9 0 0 0 0 2 0 0 1 0 0 5 0 6 0 0 0 0 0 0 0 0 0 0 0 0 13 11 14 0
172 128 142 51 32 30 115 71 240 111 342 0 82 145 89 237 133 474 44 69 43 25 282 447 414 303 192 77 126 86 141 171 269 37 153 17 0 1 1 1 1 1 1 1 12 151 85 147 257 42 66 0 72 119 9 124 98 118 70 20 83 15 0 279 86 0 0 0 0 0 26 62 19 0 914 0 53 0 31 0 0 38 13 15 1 1 26 0 0 0 0 9 0 0 7 0 0 28 0 28 4 57 95 147 0 0 35 60 164 56 171 161 61 0 71 0
316 235 262 81 62 55 211 132 442 205 631 7 67 210 145 386 217 879 82 130 80 45 480 411 772 497 246 137 250 170 111 131 215 62 199 7 0 617 617 617 617 617 617 105 17 281 85 231 389 157 229 384 319 154 38 133 252 277 115 0 67 350 67 79 149 127 0 0 0 0 0 0 38 0 1808 0 77 0 59 0 109 54 0 28 0 0 0 0 0 0 0 9 0 0 1 23 0 55 0 47 42 123 141 306 0 30 82 112 314 111 323 299 96 0 125 0
497 366 389 456 314 82 314 196 657 307 937 10 100 379 215 574 323 1306 151 253 119 171 713 1046 1147 739 531 220 1371 855 178 205 329 92 296 20 22 872 872 872 872 872 872 153 30 417 321 342 602 236 343 594 473 230 87 223 488 516 171 0 221 454 187 117 229 360 0 0 0 0 88 0 54 0 2662 0 436 0 331 0 1151 213 61 158 1 1 0 0 264 0 0 49 0 0 61 63 0 309 41 271 296 195 215 468 12 64 157 184 476 183 484 451 543 376 706 0
182 135 153 1 5 32 123 77 0 120 369 0 39 0 21 7 177 864 5 9 5 2 85 20 46 0 0 36 0 3 55 8 6 41 3 13 43 6 6 6 6 6 6 0 6 20 0 39 83 43 3 416 0 148 32 43 52 56 26 19 20 0 82 87 0 17 0 0 157 0 0 0 0 472 0 0 0 70 0 0 0 17 0 0 0 0 0 0 0 0 0 0 0 0 0 1 0 0 0 0 0 7 142 5 0 0 0 0 12 0 18 31 0 0 0 0
0 0 0 0 0 0 0 0 0 0 0 0 0 0 0 541 0 0 0 0 0 0 0 0 0 0 0 0 0 0 0 0 1 0 0 0 0 155 155 155 155 155 155 1 0 0 0 0 0 0 0 0 0 0 0 0 0 0 0 0 0 38 0 0 0 0 0 0 0 0 0 0 0 0 0 0 0 0 0 0 0 0 0 0 0 0 0 0 0 0 0 0 0 0 0 0 0 0 0 0 0 0 0 0 0 0 0 0 0 0 0 0 0 0 0 0
3106 1623 3475 212 1808 314 1436 912 929 1242 929 8 522 20 16 92 45 86 106 84 49 33 75 1499 59 94 587 154 107 300 117 66 49 98 64 4688 0 1 1 1 1 1 1 70 4942 441 0 77 134 24 58 3 0 100 4146 7915 85 125 18 15 0 101 0 268 0 86 0 0 0 0 0 0 34 74 0 0 105 0 0 0 419 20 12 16 1 2 7 0 99 0 0 30 0 0 0 429 0 1769 178 275 1761 2 141 501 6 15 0 0 509 0 515 470 227 112 278 0
1010 487 1217 2226 906 50 357 143 171 306 160 60 1333 817 2668 3235 1783 124 222 221 83 305 631 913 166 683 593 311 1448 1174 374 886 1083 645 1480 496 598 14 14 14 14 14 14 2208 506 767 622 674 588 1832 0 4165 1574 723 540 678 375 406 164 4411 2066 440 67 1916 388 235 2165 2782 0 4640 3983 3733 2 1191 8059 0 1621 89 0 906 1732 442 39 409 3 2 0 461 1449 0 9103 45 2753 180 290 0 3894 896 1107 1181 906 2488 795 898 344 213 2470 2482 901 2484 903 890 2641 770 234 0
238 104 53 623 75 28 25 214 66 37 26 16 0 0 2194 153 161 402 117 96 59 21 1 89 31439 0 214 171 19 0 1 0 11 0 0 0 0 194 194 194 194 194 194 198 2 501 0 23 0 1664 1 249 1394 0 0 0 0 0 0 0 0 588 457 0 0 0 680 0 0 0 0 0 0 215 0 0 0 421 0 4 0 4 3130 8 0 0 0 0 0 0 0 137 0 5161 0 0 0 71 88 222 71 2195 0 569 0 0 2103 2171 586 2193 577 505 715 0 348 0
249 225 109 30 8 142 167 186 248 160 296 1 3000 1020 44 1522 187 1325 19 24 6 171 1015 66 3276 1463 44 289 217 105 3337 2717 1618 0 1583 960 573 8726 8726 8726 8726 8726 8726 2361 952 227 97 845 0 632 204 723 350 236 1328 1597 1511 1604 382 0 1166 670 9 5752 0 1508 116 626 1488 996 1298 1117 0 59 634 0 0 0 215 0 0 119 120 0 96 93 5620 0 0 0 0 6 0 31 0 306 0 1 0 5 0 35 228 54 134 68 27 33 57 32 59 78 0 252 41 0
15 9 0 183 241 0 0 0 0 3 0 121 940 1137 23 21 20 1 9 21 0 888 2005 5494 0 2893 1500 4514 544 640 2216 2056 1780 6639 2726 1293 6158 101 101 101 101 101 101 6588 12 9947 137 36 2062 31 25866 290 0 17207 8 948 981 1178 703 4599 1993 4176 5 3979 0 0 0 0 0 0 0 0 0 1 253 12 3724 0 0 0 0 0 0 108 8406 8741 0 5699 283 0 560 2 0 0 0 2 0 188 88 1305 247 0 17253 11717 351 158 0 0 11728 0 11724 12363 200 221 291 0
92 56 0 1126 205 84 105 95 285 4374 243 77 4980 3912 17 45 6386 3302 3819 1429 842 885 19851 1147 3 28631 4998 3390 326 1180 13486 14838 9921 840 6587 3823 2429 797 797 797 797 797 797 18205 3575 1 947 2847 20241 1706 1720 1963 4572 91 3085 5686 9704 11651 38615 1186 4704 9825 6 22790 8811 0 930 14586 1209 1042 2782 1234 122 3327 1701 0 0 898 13 0 883 2412 0 231 0 2296 0 0 940 0 958 268 0 674 0 4 0 167 240 1950 218 0 0 0 871 409 0 0 0 0 0 0 1331 1120 1046 0
111 94 0 805 125 2 4 0 0 0 10 36 21 157 67 76 193 395 195 0 0 774 82 0 35 96 0 0 0 251 292 146 275 0 223 91 284 20 20 20 20 20 20 139 121 175 980 156 22 8 136 132 166 57 172 153 100 134 32 26 1240 299 348 24 0 92 0 0 48 63 0 0 16 14 0 0 868 208 820 0 0 528 451 839 4 2 0 29 0 0 0 71 0 255 252 0 0 205 178 304 205 5 54 103 295 236 0 0 124 2 109 97 963 873 0 0
28 16 16 160 17 1 8 4 5 7 4 7 696 292 267 379 592 31 72 110 83 333 37 83 0 60 69 6 109 134 21 109 27 0 18 3 0 77 77 77 77 77 77 294 26 9 469 250 0 214 114 24 220 163 3 23 21 34 15 0 32 58 9 0 0 0 0 0 0 0 0 0 0 106 0 0 0 0 283 0 0 0 0 345 0 0 0 0 0 0 285 36 0 0 47 9 0 0 86 43 14 260 162 0 4 44 235 253 5 256 5 22 182 130 12 0
245 132 255 166 29 23 132 64 69 111 65 40 1164 1065 48 9599 2936 713 747 1128 828 1218 596 497 515 616 626 306 1228 630 171 509 484 275 300 31 89 428 428 428 428 428 428 695 151 318 1484 79 0 98 191 522 130 60 21 202 315 298 140 123 1376 523 9 27 532 177 61 0 0 0 55 0 72 120 0 0 0 0 1072 971 0 938 0 1127 0 0 1742 0 5 0 147 0 0 0 95 9 0 0 51 142 21 30 54 344 338 739 6 24 350 27 350 315 186 616 32 0
2 1 0 29 0 0 0 0 0 0 0 0 0 0 1100 0 9 0 0 0 0 0 0 0 0 0 0 0 0 0 0 0 0 0 0 0 0 59 59 59 59 59 59 0 0 0 0 0 0 833 0 0 691 0 0 0 0 0 0 0 0 0 1 0 0 0 0 0 0 0 0 0 0 1 0 0 0 363 0 0 0 0 0 0 0 0 0 0 0 0 0 0 0 0 0 0 0 0 0 0 0 1111 0 0 0 0 1089 1105 0 1109 0 0 27 0 0 0
0 0 0 0 1930 1 1 0 1 21 0 8 0 0 0 0 0 0 0 0 0 0 0 0 0 0 0 0 0 0 0 0 0 0 0 0 0 0 0 0 0 0 0 0 0 0 0 0 0 0 0 0 0 0 0 0 0 0 0 0 0 0 0 0 0 0 0 0 0 0 0 0 0 0 0 0 0 0 0 0 0 539 5829 2113 0 0 0 0 98 0 0 0 85 0 0 0 0 1980 0 0 1980 0 0 0 0 0 0 0 0 0 0 0 0 8 0 0
0 0 0 0 0 0 0 0 0 0 0 0 0 0 0 0 0 0 0 0 0 0 0 0 0 0 0 0 0 0 0 0 0 0 0 0 0 0 0 0 0 0 0 0 0 0 0 0 0 0 0 0 0 0 0 0 0 0 0 0 0 0 0 0 0 0 0 0 0 0 0 0 0 0 0 0 0 0 0 0 0 1 683 226 0 0 55 0 0 0 0 0 10 0 0 0 0 0 0 0 0 0 0 0 0 0 0 0 0 0 0 0 0 0 0 0
7 5 0 91 23 0 0 0 0 0 0 5 0 22 17 92 43 31 28 23 13 45 80 22 16 95 49 70 39 64 11 19 46 11 73 29 90 1 1 1 1 1 1 35 19 131 146 247 0 6 71 0 7 166 718 100 79 104 27 0 0 87 57 88 37 50 0 20 0 0 41 24 87 11 0 10 95 0 93 44 8 49 0 39 92 0 0 27 0 53 386 75 5 83 109 0 106 23 53 128 16 5 158 116 148 69 0 0 122 0 128 130 48 141 0 0
137 75 126 27 18 13 123 34 46 100 42 45 99 162 37 513 146 407 37 123 14 201 122 30 15 162 28 28 521 20 156 219 204 0 86 75 20 5 5 5 5 5 5 315 92 9 308 84 122 64 192 210 93 182 105 97 84 160 40 0 267 167 0 451 13 44 359 192 217 423 301 228 69 142 17 0 30 45 0 361 0 178 166 210 1646 1019 0 0 0 0 0 0 0 254 86 0 0 7 0 580 14 24 193 0 72 78 0 17 7 21 6 26 21 14 17 0
90 56 0 358 140 6 56 0 5 0 21 3 426 0 81 524 175 320 79 0 0 165 237 0 121 194 0 0 0 247 489 465 513 0 442 214 537 8 8 8 8 8 8 140 168 447 180 218 160 39 211 132 136 85 235 181 128 166 56 51 353 531 213 419 0 84 1060 142 777 980 727 0 143 621 0 0 602 143 0 0 114 40 0 281 0 2 183 149 0 0 0 356 0 249 1139 319 0 200 149 448 206 25 83 478 3743 1920 0 0 497 23 484 432 429 1311 0 0
391 872 771 372 40 2173 2281 1358 2932 2080 3627 123 80 12226 964 2033 1225 2298 471 706 347 16629 1501 2113 334 1591 1289 1206 2451 8709 1231 915 4485 725 1978 308 340 331 331 331 331 331 331 1281 865 1632 23861 2120 3171 594 946 20688 539 534 537 2535 962 1916 366 19301 18191 1248 25274 904 798 671 3155 8435 0 0 11061 6019 132 3571 1291 40885 3178 22172 38060 2419 1770 15545 14670 17887 4467 3388 0 812 785 0 3660 5305 1123 964 41 1 14147 31 1034 1020 27 234 527 1710 1311 915 224 231 1713 230 1716 1577 212 618 600 0
691 377 655 207 115 65 567 171 221 463 202 34 1 463 20 615 219 266 99 93 44 173 218 1326 15 176 637 192 380 1847 244 200 269 198 257 0 55 126 126 126 126 126 126 415 28 394 86 98 160 155 109 174 220 38 22 161 139 162 41 0 346 475 198 118 0 121 1136 0 245 2290 1859 767 30 933 85 0 340 51 0 0 1705 0 0 192 9 11 0 54 134 0 0 27 0 603 0 0 0 100 0 156 94 9 31 428 34 33 0 4 433 2 437 389 0 0 46 843
0 0 0 0 5 0 0 0 0 0 0 11 0 6 0 0 0 0 25 52 1 3283 1 7 1 0 4 18337 175 0 378 1 1 17101 383 5307 23065 0 0 0 0 0 0 0 20 0 0 0 419 7 7 0 9 0 16 2 0 0 0 17181 6 0 0 0 0 0 0 0 0 0 0 0 0 2 0 0 0 0 0 0 0 0 7 10 11 5 0 115 0 0 0 0 0 0 0 0 0 5 0 0 0 0 0 0 134 60 0 0 0 0 0 0 0 0 0 0
130 124 176 794 824 86 25 9 0 31 26 4 252 625 235 1421 1124 586 815 1019 292 897 986 2526 515 859 1772 1174 9408 2971 2455 3880 5414 505 1243 680 959 338 338 338 338 338 338 2438 609 2232 2062 2210 1161 280 282 342 264 406 1214 995 671 858 242 161 2862 3360 643 1362 1232 579 581 457 240 765 727 607 24 407 101 0 2303 1562 1514 8748 4199 1185 1066 909 0 0 0 417 3618 0 2715 772 0 2424 424 2 1089 435 1122 1206 836 121 391 2549 363 222 0 36 2567 106 2552 2288 1008 2040 3318 0
31 12 207 4 62 2 3 2 4 4 5 4 470 74 214 10005 1072 275 209 291 75 113 82 95 95 49 151 83 277 0 7 1 54 16 94 76 58 4 4 4 4 4 4 105 146 101 0 297 49 225 101 207 255 5 96 23 19 26 12 0 676 403 0 75 65 4 303 62 72 796 166 79 31 63 23 0 0 0 225 0 0 202 539 102 1 0 0 0 0 0 0 14 0 0 87 47 0 45 207 70 57 202 0 81 945 624 176 195 92 200 89 77 1 495 19 0
9 11 63 43 38 8 5 11 7 6 6 0 0 14 52 443 103 96 3635 1373 819 509 46 404 2 63 4500 2410 142 227 400 105 46 54 438 204 650 5 5 5 5 5 5 280 121 22 1364 3025 90 77 91 59 83 102 188 132 70 96 15 45 263 508 6697 53 8395 73 0 0 0 0 0 0 2 0 286 0 11 5789 1401 84 0 0 0 95 6 1 0 0 0 0 1009 302 0 0 0 2 0 39 0 12 39 38 97 2 6134 3190 11 31 11 35 9 18 20 580 127 0
0 0 0 0 0 0 0 0 0 0 0 24 0 0 0 0 0 0 0 0 0 0 0 0 0 0 0 0 0 0 0 0 0 0 0 0 0 0 0 0 0 0 0 0 2 0 0 0 0 0 0 0 0 0 0 0 0 0 0 0 0 0 0 0 0 0 0 0 0 0 0 0 0 0 0 0 0 0 0 0 0 0 0 0 0 0 0 0 0 0 0 0 0 0 0 0 0 0 0 0 0 0 0 0 0 0 0 0 0 0 0 0 0 0 0 0
1247 694 1017 2683 451 99 826 263 335 681 302 66 542 573 2497 5895 1804 602 427 2198 7608 1023 1124 1127 1869 1227 1028 783 2971 1168 1287 2933 2519 456 983 373 995 575 575 575 575 575 575 2146 330 923 1609 1186 1284 1935 191 66 1708 1803 1502 3998 2114 1525 295 142 2288 1949 1623 1706 412 2531 1431 717 461 1059 898 736 21 896 1810 0 1459 2176 1790 1688 1010 1143 851 1087 5873 7652 0 507 784 0 5866 5630 0 1453 138 1 0 422 1528 2593 434 2520 1827 968 4214 3354 2491 2512 974 2516 974 1071 3180 1644 1025 0
5 0 0 0 1139 5 7 0 2 17 6 1 7 0 0 0 0 0 0 0 0 25 0 0 0 0 0 0 17 0 1 0 1 0 0 0 0 0 0 0 0 0 0 0 1 0 0 35 0 0 0 0 0 0 0 0 0 0 0 0 10 0 0 0 0 0 0 0 0 0 0 0 0 0 0 0 0 0 0 0 0 6 0 28 0 0 0 0 0 0 0 0 0 0 0 0 0 0 0 19 1219 0 0 0 0 0 0 0 0 0 0 0 0 0 56 0
6 3 0 71 111 0 0 0 0 1 0 0 10 13 1 18 14 26 21 5 5 29 16 42 6 24 0 0 0 82 11 15 22 9 32 13 0 0 0 0 0 0 0 0 23 14 0 64 26 15 25 14 0 5 18 12 10 15 6 0 120 428 18 35 0 2 190 0 22 245 56 0 9 70 0 0 0 50 0 0 0 0 0 22 0 0 0 21 0 0 263 11 0 0 35 0 0 80 0 29 114 0 1 6 72 29 0 0 15 0 12 10 0 0 34 0
32 20 0 384 0 0 0 0 0 0 0 7 0 0 0 1 1 1 0 0 0 0 0 0 0 0 0 0 0 0 0 0 4 0 1 0 0 0 0 0 0 0 0 0 0 0 0 0 0 0 0 0 0 3 9 2 3 3 0 0 0 2 0 0 0 4 0 0 0 0 0 0 0 1 0 0 0 0 0 0 0 0 0 0 0 0 0 0 0 0 0 0 0 0 0 82 0 0 0 0 10 0 0 0 0 0 0 0 0 0 0 0 427 35 441 0
6 3 0 7 0 6 7 0 3 5 7 0 4 0 3 13 2 5 8 0 9 5 5 0 7 9 0 0 0 2 11 10 11 0 11 0 0 12 12 12 12 12 12 11 7 7 0 8 2 0 9 0 0 19 12 9 11 22 5 0 0 14 3 0 8 12 0 0 48 0 0 0 8 77 0 0 0 2 0 0 0 0 0 1 0 3 0 0 0 0 0 1 0 0 0 4 0 0 0 0 0 0 19 0 0 0 0 0 5 0 4 4 0 0 6 4
11 9 11 29 13 9 11 10 11 10 11 0 8 14 7 24 11 17 15 20 18 18 14 40 11 14 25 15 40 44 15 19 17 14 17 8 0 19 19 19 19 19 19 18 2 9 1 12 0 9 15 13 10 7 14 13 16 39 5 0 0 0 5 0 0 19 0 0 62 0 0 0 0 57 0 0 0 0 22 38 0 0 0 0 7 6 0 0 0 0 0 9 0 0 0 8 0 13 13 33 10 0 25 5 8 6 0 0 7 0 10 11 34 12 18 6
7 5 7 10 4 6 7 6 7 7 7 0 5 7 4 14 1 10 9 11 10 8 9 10 7 10 10 9 7 6 10 4 12 0 13 0 0 13 13 13 13 13 13 12 6 7 0 8 0 0 6 3 0 20 11 0 0 0 5 0 0 14 3 9 0 0 0 0 27 0 0 0 0 44 0 0 6 0 0 7 0 0 0 3 4 3 0 0 0 0 0 6 0 1 0 5 0 4 0 3 0 0 0 0 0 0 0 0 0 0 0 0 5 0 7 4
14 11 15 19 10 13 15 14 15 14 15 0 0 0 7 25 13 0 0 0 0 0 0 0 0 0 0 0 0 22 20 0 22 0 20 0 0 27 27 27 27 27 27 24 12 14 0 16 0 6 18 14 0 26 19 20 20 35 9 0 0 25 7 18 0 0 0 0 81 0 0 0 0 76 0 0 0 0 0 22 0 1 0 8 10 7 0 0 0 0 0 13 0 0 0 10 0 10 0 17 1 0 18 0 4 0 0 0 6 0 11 10 15 5 14 8
12 9 11 34 12 9 11 10 12 11 12 2 8 13 6 26 12 18 26 20 36 23 27 36 12 22 22 13 33 41 45 47 31 15 0 15 0 19 19 19 19 19 19 19 0 10 0 14 0 10 18 14 13 56 40 18 21 51 9 0 0 28 5 16 0 0 10 0 78 8 0 0 13 249 0 0 36 0 0 0 0 0 0 11 7 6 0 0 0 0 0 0 0 0 0 8 0 12 0 30 3 0 47 0 0 0 0 0 2 0 7 11 38 0 0 6
19 14 17 57 21 15 0 16 20 17 22 8 4 21 11 40 19 26 38 0 40 36 38 64 25 34 0 24 0 74 65 59 45 0 0 11 0 30 30 30 30 30 30 29 16 17 0 22 0 16 26 22 0 86 62 31 33 95 13 0 7 42 8 25 0 10 4 0 116 0 0 0 18 425 0 0 32 0 0 0 0 0 0 18 12 9 0 0 0 0 0 0 0 0 0 12 0 21 0 53 10 0 76 1 7 0 0 0 8 0 14 20 45 0 11 9
32 24 29 100 42 25 29 27 30 28 31 2 21 38 17 62 31 47 51 48 63 62 62 118 31 35 70 36 137 149 54 56 54 32 38 29 14 52 52 52 52 52 52 52 26 28 36 35 0 24 37 37 31 58 45 48 41 77 16 0 0 0 13 8 0 46 0 0 198 0 0 0 17 279 20 0 0 0 64 131 144 0 0 0 18 13 20 2 102 0 7 25 175 0 0 20 0 42 40 103 39 10 76 27 27 28 0 8 30 7 32 36 118 33 61 15
17 13 16 49 21 14 16 15 16 15 17 1 12 20 9 33 17 25 27 27 37 32 32 60 17 20 37 20 67 73 28 30 29 18 20 15 1 29 29 29 29 29 29 28 10 14 10 19 0 13 21 20 16 20 23 23 23 39 8 0 0 0 7 0 0 26 0 0 101 0 0 0 0 134 4 0 0 0 33 65 36 0 0 0 10 7 3 0 9 0 0 14 0 0 0 11 0 21 20 51 18 2 37 11 12 11 0 0 14 0 16 18 58 17 31 8
8 6 9 15 4 7 8 8 9 8 9 1 0 0 5 17 8 0 0 0 0 0 0 0 0 0 0 0 0 7 16 0 15 0 12 0 0 16 16 16 16 16 16 14 10 9 0 10 0 3 10 9 0 25 15 16 12 24 6 0 0 16 4 11 0 0 0 0 35 0 0 0 0 88 0 0 0 0 0 10 0 0 0 2 1 1 0 0 0 0 0 8 0 0 0 5 0 3 0 3 0 0 17 0 0 0 0 0 0 0 5 5 11 0 11 5
18 14 18 39 16 15 18 16 18 17 18 1 13 19 9 34 17 27 27 27 39 28 32 44 19 22 32 21 47 49 29 31 29 20 23 15 2 32 32 32 32 32 32 30 10 16 5 21 0 13 23 20 16 22 23 24 24 44 10 0 0 0 8 0 0 27 0 0 115 0 0 0 2 132 7 0 0 0 23 45 0 0 0 0 11 8 5 0 0 0 0 16 0 0 0 11 0 16 15 35 13 3 40 13 14 13 0 0 16 0 18 20 46 15 26 10
4 3 4 12 5 4 4 4 4 4 4 0 0 0 2 9 4 0 0 0 0 0 0 0 0 0 0 0 0 15 8 0 8 0 6 0 0 8 8 8 8 8 8 7 5 4 0 5 0 0 5 5 0 12 7 8 6 12 3 0 0 8 2 6 0 0 0 0 0 0 0 0 0 40 0 0 0 0 0 14 0 0 0 4 2 2 0 0 0 0 0 4 0 0 0 3 0 5 0 10 0 0 3 0 0 0 0 0 0 0 0 0 7 0 7 2
6 5 6 15 6 5 6 5 6 5 6 0 0 0 3 11 5 0 0 0 0 0 0 0 0 0 0 0 0 19 10 0 10 0 8 0 0 10 10 10 10 10 10 10 6 6 0 7 0 0 7 6 0 15 9 0 5 0 4 0 0 11 3 8 0 0 0 0 12 0 0 0 0 51 0 0 0 0 0 17 0 0 0 4 3 2 0 0 0 0 0 5 0 0 0 4 0 6 0 13 0 0 5 0 0 0 0 0 0 0 1 0 10 0 9 3
34 21 0 422 16 0 0 0 1 0 0 0 0 0 0 0 0 23 0 0 0 6 0 0 4 10 0 0 0 10 41 43 52 12 0 0 0 0 0 0 0 0 0 0 0 5 0 2 5 4 11 14 6 7 9 9 14 16 3 0 1 0 33 38 0 14 0 0 0 0 0 0 1 0 0 0 0 17 0 0 0 0 0 0 5 2 0 0 0 0 813 48 0 0 0 0 0 16 110 0 4 0 0 0 0 0 0 0 0 0 0 0 0 0 5 0
3 2 0 39 55 1 1 0 1 1 0 0 0 1 1 249 80 59 79 59 62 25 38 15 0 77 0 0 0 165 171 141 341 0 104 0 0 0 0 0 0 0 0 0 41 7 0 110 22 45 47 43 15 84 724 109 155 141 22 0 60 171 66 465 0 190 108 0 0 62 14 0 1 133 0 0 135 0 0 0 0 0 0 9 0 0 0 0 0 0 114 4 0 0 0 0 0 36 14 0 55 0 80 0 1 54 0 0 4 0 2 10 8 0 18 0
0 0 0 0 1 0 0 0 0 0 0 41 0 0 0 0 0 0 1 2 0 0 0 265 0 0 100 1 29 374 0 0 1 0 1 0 0 0 0 0 0 0 0 0 0 0 0 0 0 0 0 0 0 0 0 0 0 0 0 0 0 62 0 0 0 0 0 0 0 0 0 0 0 0 0 0 0 0 0 0 338 0 0 0 0 0 43 0 141 0 0 0 0 0 0 9 0 0 0 0 0 0 0 0 23 0 0 0 0 0 0 0 0 0 0 0
0 0 0 0 0 0 0 0 0 0 0 0 0 0 0 0 0 0 0 0 0 0 0 0 0 0 0 0 0 0 0 0 0 0 0 0 0 0 0 0 0 0 0 0 0 0 0 0 0 0 0 0 0 0 0 0 0 0 0 0 0 0 0 0 0 0 0 0 0 0 0 0 0 0 0 0 0 0 0 0 0 0 0 0 0 0 0 0 0 0 0 0 0 0 0 0 0 0 0 0 0 0 0 0 0 0 0 0 0 0 0 0 0 2464 0 0
