149
0 9 19 3 1196 6582 17 308 2792 9056 215 482 244 0 129 53 0 1 0 0 0 0 0 0 0 0 0 1 1 1 12 1 2 26 19 3 24644 16 6511 1 2 407 5 0 39 0 32 0 0 60 11 128 107 0 0 0 79 83 914 7 20 139 524 104 232 486 1092 0 12 0 0 1477 2111 2080 2065 0 2 2 5 2 0 0 0 1 0 0 3 1 0 0 1 2 0 250 0 0 7 0 0 0 0 0 0 0 1 0 0 0 0 0 0 0 0 1 0 0 0 0 0 0 0 0 7 0 0 0 0 0 0 0 0 0 0 0 14 0 0 0 0 3 0 0 0 0 0 0 3 0 0
0 0 36 0 0 14 0 22 4 0 6 14 0 0 0 0 0 0 0 0 0 0 0 0 0 0 0 0 0 0 0 0 0 0 15 0 0 0 0 0 0 0 0 0 0 0 0 0 0 0 1 0 1 0 0 0 0 1 0 1 1 1 1 1 0 0 0 0 0 0 0 0 0 0 0 0 0 0 0 0 0 0 0 0 0 0 0 0 0 0 0 0 0 0 0 0 0 0 0 0 0 0 0 0 11 0 0 0 0 0 0 0 0 0 0 0 0 0 2 1 81 64 0 0 0 0 0 0 0 0 0 0 0 0 0 0 0 0 0 0 0 0 0 0 0 0 0 0 0
0 0 0 0 0 0 0 666 33 69 228 66 122 3 0 0 0 0 0 0 0 0 0 0 0 0 0 0 0 0 0 0 0 0 0 0 0 0 0 0 0 0 0 0 0 0 0 0 0 0 1 0 1 0 0 0 0 1 0 1 1 1 1 1 0 1 1 0 0 0 0 0 0 0 0 0 0 0 0 0 0 0 0 0 0 0 0 0 0 0 0 0 0 0 0 0 0 0 0 0 0 0 0 0 13 0 0 0 0 0 0 0 0 0 0 0 0 0 3 1 83 0 0 0 0 0 0 0 0 0 0 0 0 0 3 0 0 0 0 0 0 0 0 0 0 0 0 0 0
0 5 12 0 2 3104 1061 1 1 4 98 10 0 0 836 163 13 6 13 0 0 0 0 0 0 0 0 7 21 0 1 0 0 62 2 1580 0 0 3059 2233 0 11 0 4 109 0 20 0 0 2 2 0 2 0 0 0 0 2 0 2 2 2 2 2 1 1 1 0 12 0 0 8 29 1 3 0 0 0 2 1 0 0 1 0 1 1 1 4 0 2 0 0 0 0 0 0 34 0 0 0 0 1 0 0 4 0 0 0 0 0 0 0 0 0 0 0 0 0 4 10 0 130 1436 0 0 1 0 0 0 0 0 0 0 0 0 0 0 49 0 172 181 55 0 0 0 0 109 131 0
0 0 1 0 0 328 1 2 1 1 14 6 1 0 66 13 2 1 2 0 0 0 0 0 0 0 0 1 4 0 0 0 0 0 186 0 0 0 240 0 0 1 0 0 1 0 0 0 0 0 2 0 2 0 0 0 0 3 1 3 3 3 2 3 1 1 12 0 1 0 0 0 1 0 0 0 0 0 0 0 0 0 0 0 0 0 0 0 0 0 0 0 0 0 0 0 4 0 0 0 0 0 0 11 10 0 0 11 0 0 0 0 0 0 0 0 0 0 1 0 56 46 134 0 0 0 0 0 0 0 0 0 0 0 0 0 0 0 0 14 4 0 0 0 0 0 7 11 0
0 0 0 0 0 0 0 0 0 0 0 0 0 0 0 7 0 0 0 0 0 0 0 0 0 0 0 1 2 0 0 0 0 0 0 0 0 0 0 0 0 0 0 0 0 0 1 0 0 0 0 0 0 0 0 0 0 0 0 0 0 0 0 0 0 0 0 0 0 0 0 0 0 0 0 0 0 0 0 1 0 0 0 0 0 0 0 0 0 0 0 0 0 0 0 0 0 0 0 0 0 0 0 0 2 0 0 0 0 0 0 0 0 0 0 0 0 0 1 2 3 7 0 0 0 0 0 0 0 0 0 0 0 0 0 0 0 0 0 0 0 0 0 0 0 0 0 0 0
0 0 0 0 0 0 0 890 931 1492 649 333 0 10 32 0 22 1 22 1 0 3 4 0 0 1 0 733 1628 63 0 0 0 0 0 0 0 0 0 0 0 0 0 0 0 0 77 0 0 1 4 0 4 0 0 0 0 4 0 5 5 5 4 5 2 2 2 0 0 0 0 0 0 0 0 0 0 11 34 18 34 0 0 0 0 0 0 0 0 0 0 0 0 0 0 0 8 1 0 0 0 0 0 0 5244 0 0 0 0 0 0 0 0 0 0 0 11 0 0 98 76 83 56 0 0 0 0 0 0 0 0 0 0 0 0 0 0 0 0 0 0 0 0 0 0 0 1 4 0
0 0 0 0 0 0 0 0 36 10 285 1673 1194 1 239 0 1 0 1 0 0 0 0 0 0 0 0 0 0 0 95020 1 2 151 0 0 0 1 0 0 0 0 0 2 357 0 1 0 0 1639 0 0 0 0 0 0 0 0 0 0 0 0 0 0 0 0 0 0 25 3 0 0 58 0 5 0 0 0 0 0 0 0 0 0 0 0 0 0 0 0 4 0 0 154 0 0 0 0 0 0 0 0 0 0 25 0 0 0 0 0 0 0 0 0 0 0 0 0 17 3 19 21 0 0 0 0 0 0 0 0 0 0 0 0 0 0 0 282 0 0 0 0 0 0 0 0 0 0 0
0 0 0 0 0 0 0 0 0 0 61 11 1 0 0 264 11 1 11 0 0 0 0 0 0 4 0 0 423 8 1 40502 0 0 0 0 1 1 0 0 0 1 0 3 6 0 14 502 9 3 1 5 5 0 0 0 2 4 41 0 75 6 24 5 11 22 49 0 11 1 0 0 108 94 94 0 0 2 8 4 0 0 2 3 1 1 2 1 0 0 0 0 0 0 0 0 34 1 0 0 0 0 0 0 100 0 0 0 0 0 0 0 0 0 0 0 4 0 2 318 33 23 30 2 0 0 0 0 3 1 0 0 0 7 0 0 0 0 0 2 0 0 0 0 0 0 0 9 0
0 0 0 0 0 0 0 0 0 0 967 29 0 0 16 0 1 0 1 0 0 0 0 0 0 0 0 0 0 0 0 0 39088 0 0 0 0 0 0 0 0 0 0 0 5 0 0 0 0 0 0 0 0 0 0 0 0 0 0 0 34 0 0 0 0 0 0 0 1 0 0 0 13 0 1 0 0 0 0 0 0 0 0 0 0 0 0 0 0 0 0 0 0 0 0 0 0 0 0 0 0 0 0 0 107 0 0 0 0 0 0 0 0 0 0 0 0 0 2 2 0 55 0 0 0 1 0 0 0 0 0 0 0 0 0 0 0 0 0 0 0 0 0 0 0 0 0 0 0
0 0 0 0 0 0 0 0 0 0 0 0 0 0 0 0 5 0 5 0 0 0 0 0 0 0 0 0 0 0 0 0 0 0 0 0 0 0 0 0 0 0 0 0 0 0 0 0 0 0 0 0 0 0 0 0 0 0 0 0 0 0 0 0 0 0 0 0 0 0 0 0 0 0 0 0 0 0 0 0 0 0 0 0 0 0 0 0 0 0 0 0 0 0 0 0 0 0 0 0 0 0 0 0 104 0 0 0 0 0 0 0 0 0 0 0 0 0 0 0 0 0 0 0 0 0 0 0 0 0 0 0 0 0 0 0 0 0 0 0 0 0 0 0 0 0 0 0 0
0 0 0 0 0 0 0 0 0 0 4 0 0 6 0 0 0 0 0 51 0 0 69 0 0 0 0 0 0 0 0 0 0 432 2 0 1 0 0 0 0 0 105 0 0 0 1 0 0 3 1 0 10 3 0 0 20 76 45 1 2 5 25 14 87 22 37 0 1 13 791 0 55 69 69 0 0 0 1 1 0 0 0 0 0 0 0 0 0 0 0 0 0 0 0 0 0 0 0 0 0 0 0 0 0 0 0 0 0 0 0 0 0 0 583 0 0 0 0 0 4 8 190 0 0 0 0 0 0 0 0 0 0 0 0 0 0 4 0 0 0 0 0 0 0 0 1 0 0
0 18 0 1 0 0 9950 0 0 4 141 0 0 0 0 53 9 0 9 0 0 0 0 0 0 0 0 0 43 1 0 0 0 0 0 16461 0 0 0 0 0 0 0 14 0 0 3 28 0 2 0 1 1 0 0 0 0 1 1 0 0 1 5 1 2 5 10 0 20 1 0 0 39 19 21 0 0 0 1 1 0 0 0 0 0 0 0 0 0 0 0 0 0 0 0 0 0 0 0 0 0 0 0 0 14 0 0 0 0 0 0 0 0 0 0 0 1 0 2 1 0 0 94 1 0 0 6 3 0 0 0 0 0 0 0 0 0 0 0 17 0 0 0 0 0 47 0 28 0
0 0 0 0 0 0 0 0 0 0 0 0 0 0 0 0 2 0 2 0 0 0 0 0 0 0 0 13 306 39 0 0 0 0 0 0 0 0 0 0 0 0 0 0 0 0 0 0 0 0 0 0 0 0 0 0 0 0 0 0 0 0 0 0 0 0 0 0 0 0 0 0 0 0 0 0 1 1 5 2 1 0 0 0 0 0 0 0 0 0 0 0 0 0 0 0 0 0 0 0 0 0 0 0 26 0 0 0 0 0 0 0 0 0 0 0 0 0 0 89 0 0 0 0 0 0 0 0 0 0 0 0 0 0 0 0 0 0 0 0 0 0 0 0 0 42 0 0 0
0 0 0 0 0 33 0 0 120 0 1 1 151 0 0 9 16 3 16 6 20 32 27 492 276 81 105 25 105 15 0 0 0 2 0 5 6 2 0 0 0 0 0 0 0 0 2 0 0 7 2 2 4 0 0 0 0 5 24 2 5 3 6 8 11 20 6 0 1 0 0 4 0 8 8 0 21 34 12 18 0 0 278 120 206 187 181 291 0 0 0 0 0 0 0 35 0 187 0 0 0 0 0 0 0 0 11 0 0 0 0 0 0 0 0 0 377 0 0 4 0 0 0 0 0 0 0 0 0 0 0 0 0 0 0 0 0 1 0 0 0 0 0 0 0 0 0 0 0
0 7 4535 0 0 0 4 1 0 1 44 2 0 0 0 0 1 1 1 0 0 1 1 0 0 1 0 18 232 0 1 0 0 227 1 0 2 2 0 0 14856 0 0 0 460 0 4 0 0 4 1 5 6 0 0 0 0 5 49 0 1 8 30 6 13 28 63 0 19 1 0 0 0 95 120 0 0 1 5 3 0 0 0 0 0 0 0 0 0 0 0 0 0 0 0 0 2 0 0 0 0 0 0 0 1 0 0 0 0 0 0 0 0 0 0 0 3 0 0 30 0 0 0 0 0 0 0 0 0 0 0 0 0 0 0 0 0 0 0 0 12 0 0 0 0 93 133 0 0
0 0 0 0 0 0 0 0 0 0 0 0 0 0 0 0 0 0 0 0 0 0 0 0 0 0 0 0 0 0 0 0 0 0 0 0 0 0 0 0 0 0 0 0 0 0 0 0 0 5199 80 0 0 0 0 0 0 0 0 0 0 0 0 0 0 0 0 0 21 5089 15 2 0 0 0 0 0 0 0 0 0 87 0 0 0 0 0 7 0 0 0 0 0 14 0 0 44 0 682 199 0 0 0 0 0 0 0 0 0 0 0 0 0 0 0 0 1053 0 0 0 0 0 0 0 0 0 0 0 0 0 0 0 0 0 0 0 0 0 0 0 0 0 0 0 0 0 0 0 0
0 0 0 0 0 0 0 0 0 0 0 0 0 0 0 0 0 0 0 0 0 0 0 0 0 0 0 0 0 0 0 0 0 0 0 0 0 0 0 0 0 0 0 0 0 0 0 0 0 0 0 0 0 0 0 0 0 0 0 0 0 0 0 0 0 0 0 0 0 0 0 0 0 0 0 0 0 0 0 0 0 0 0 0 0 0 0 0 0 0 0 0 0 0 0 0 0 0 0 0 0 0 0 0 0 0 0 0 0 0 0 0 0 0 0 0 0 0 0 0 0 0 0 0 0 0 0 0 0 0 0 0 0 0 0 0 0 0 0 0 0 0 0 0 0 0 0 0 0
0 0 0 0 0 0 0 0 0 0 0 0 0 0 0 0 0 0 0 0 0 0 0 0 0 0 0 0 0 0 0 0 0 0 0 0 0 0 0 0 0 0 0 0 0 0 0 0 0 0 0 0 0 0 0 0 0 0 0 0 0 0 0 0 0 0 0 0 0 0 0 0 0 0 0 0 0 0 0 0 0 0 0 0 0 0 0 0 0 0 0 0 0 0 0 0 0 0 0 0 0 0 0 0 0 0 0 0 0 0 0 0 0 0 0 0 0 0 0 0 0 0 0 0 0 0 0 0 0 0 0 0 0 0 0 0 0 0 0 0 0 0 0 0 0 0 0 0 0
0 0 0 0 0 0 0 0 0 0 1 0 0 7 0 0 64 1 64 0 2182 2 1 0 5 0 1 0 0 0 0 0 0 1 0 0 0 0 0 0 0 0 0 0 0 0 0 0 0 20 0 2 1 0 0 0 0 1 0 0 0 1 3 1 3 4 6 0 3 0 0 0 0 12 12 0 0 1 3 0 0 0 0 0 0 0 0 0 0 0 0 0 0 86 0 0 1 0 0 0 0 0 0 0 0 0 0 0 0 0 0 0 0 0 1 0 226 0 0 0 0 0 0 0 0 0 0 0 0 0 0 0 0 0 0 0 0 0 0 0 0 0 0 0 0 0 0 0 0
0 1046 1 0 0 2 2 0 0 0 1 0 0 0 0 0 0 2 0 0 0 9 4 0 0 0 0 5 55 3 3 0 0 1 0 1 2 1225 0 2 2 2 0 1 1 0 0 0 4 1 4 1 3 0 0 0 0 1 0 0 0 1 1 3 7 5 1 0 12 0 0 0 0 0 0 0 0 0 5 14 0 0 0 10 11 5 4 4 0 0 0 0 0 0 0 0 0 5 0 4740 0 0 0 0 0 5 0 0 0 0 0 0 0 0 0 0 179 0 3 1 3 2 0 0 0 0 0 0 0 0 0 0 0 0 0 0 0 0 0 0 5 0 0 0 0 0 0 0 0
0 0 0 0 0 0 0 0 0 0 0 0 0 0 0 0 1 0 1 0 0 0 0 0 0 0 0 0 0 0 0 0 0 0 0 0 0 0 0 0 0 0 0 0 0 0 0 0 0 0 29 0 0 0 0 0 0 0 0 0 0 0 0 0 0 0 0 0 0 0 0 0 0 0 0 0 0 0 0 0 0 0 0 0 0 0 0 81 0 0 0 0 0 0 0 0 0 0 0 0 0 0 0 0 0 0 0 0 0 0 0 0 0 0 0 0 0 0 0 0 0 0 0 0 0 0 0 0 0 0 0 0 0 0 0 0 0 0 0 0 0 0 0 0 0 0 0 0 0
0 0 0 0 0 0 0 0 0 0 0 0 0 0 0 0 0 0 0 0 0 0 0 0 0 0 0 0 0 0 0 0 0 0 1 0 1 1 0 0 0 0 0 0 0 0 0 0 0 2 0 4 4 0 0 0 0 3 0 0 0 5 21 4 9 0 44 0 0 0 0 0 83 84 83 0 0 6 0 0 0 0 0 0 0 0 0 0 0 0 0 0 0 0 0 0 0 0 0 0 0 0 0 0 0 0 0 0 0 0 0 0 0 0 0 0 0 0 0 0 0 0 0 0 0 0 0 0 0 0 0 0 0 0 0 0 0 0 0 0 0 0 0 0 0 0 0 0 0
0 0 0 0 0 0 0 0 0 0 0 0 0 0 0 0 0 0 0 0 0 0 0 0 0 0 0 1 3 0 0 0 0 0 0 0 0 0 0 0 0 0 0 0 0 0 2 2 0 2 957 0 1 0 0 1 0 1 1 1 5 0 1 3 3 1440 2 0 0 2 4 1 0 0 0 0 0 3 1 0 2 2643 0 0 0 0 16646 0 0 0 0 0 0 0 0 0 0 0 0 0 0 0 0 0 0 0 1 0 0 0 0 3 0 5 1 0 0 0 0 0 1 0 0 0 0 0 0 0 0 0 0 0 0 0 0 0 0 1 0 0 0 0 0 0 0 0 0 0 0
0 0 0 0 0 0 0 0 0 0 0 0 0 0 0 0 0 0 0 0 0 0 0 0 0 0 0 0 0 0 0 0 0 0 0 0 0 0 0 0 0 0 0 0 0 0 0 0 0 0 0 0 0 0 0 0 0 0 0 0 0 0 0 0 0 0 0 0 0 0 0 0 0 0 0 0 0 0 0 0 0 0 23 0 0 0 0 0 0 0 0 0 0 0 0 0 0 0 0 0 0 0 0 0 0 0 1 0 0 0 0 0 0 0 0 0 0 0 0 2 0 0 0 0 0 0 0 0 0 0 0 0 0 0 0 0 0 0 0 0 0 0 0 0 0 0 0 0 0
0 0 0 0 0 0 0 0 0 0 0 0 0 0 0 0 0 0 0 0 0 0 0 0 0 0 0 0 0 0 0 0 0 0 0 0 0 0 0 0 0 0 0 0 0 0 0 0 0 0 0 0 0 0 0 0 0 0 0 0 0 0 0 0 0 0 0 0 0 0 0 0 0 0 0 0 0 0 0 0 0 0 0 0 0 0 0 111 0 0 0 0 0 0 0 0 0 0 0 0 0 0 0 0 0 0 0 0 0 0 0 0 0 0 0 0 0 0 0 0 0 0 0 0 0 0 0 0 0 0 0 0 0 0 0 0 0 0 0 0 0 0 0 0 0 0 0 0 0
0 0 0 0 0 0 0 0 0 0 0 0 0 0 0 0 0 0 0 0 0 0 4 0 0 0 0 1 5 0 1 0 0 1 2 0 3 2 0 0 0 0 0 0 0 0 2 0 0 10 3 0 28 0 0 0 0 13 0 1 5 16 54 14 58 1539 109 0 25 0 1 0 190 177 195 0 0 8 5 0 0 0 0 0 0 0 17014 1087 0 0 0 0 0 0 0 0 0 0 0 0 0 0 0 0 1 0 1 0 0 0 0 0 0 0 0 0 0 0 0 0 0 0 0 0 0 0 0 0 0 0 0 0 0 0 0 0 0 2 0 0 0 0 0 0 0 0 0 0 0
0 0 0 0 0 0 0 144 22 2 0 0 45 0 0 0 1 29 1 1 0 321 20 0 2 6 0 0 0 0 0 0 0 1 0 0 0 0 0 0 0 0 0 0 0 0 55 0 0 51 276 277 318 223 449 0 299 367 150 456 430 408 317 437 132 155 167 0 0 15 29 0 0 0 5 0 0 7 25 0 1150 0 0 0 0 0 0 9 0 0 0 0 0 0 0 0 0 0 0 0 0 0 0 0 0 0 0 0 0 0 0 0 0 0 0 0 0 0 0 0 0 0 0 0 0 0 0 0 0 0 0 0 0 0 0 0 0 0 0 0 0 0 0 0 341 0 0 0 0
0 0 0 0 0 0 0 1 0 1 2 0 0 0 0 0 0 30 0 0 0 394 711 0 2 11 0 785 0 74 0 0 0 1 0 0 0 0 0 0 0 0 0 0 0 0 123 21 0 3 0 0 2 0 0 0 0 1 0 0 0 1 2 159 2 0 4 0 0 0 0 0 0 0 7 0 0 775 779 598 0 0 0 0 0 0 0 0 0 0 0 0 0 0 0 0 0 0 0 0 0 0 0 0 0 0 0 0 0 0 0 0 0 0 0 0 0 0 0 0 0 0 0 0 0 0 0 0 0 0 0 0 0 0 0 0 0 0 0 0 0 0 0 0 0 0 0 0 0
0 4 10 13 7 67 0 5 0 3 692 30 0 0 0 43 0 23 0 34 0 8 481 0 2 11 0 39 0 0 1 0 0 3 1 0 2 15 48 0 27 0 0 0 0 0 1 0 0 24 0 36 34 0 3 0 0 14 79 2 0 17 50 17 70 72 99 0 93 9 0 0 76 127 175 0 0 400 483 0 181 0 0 0 0 0 0 10 0 0 0 0 0 4 0 0 0 0 0 0 0 0 0 0 0 0 0 0 0 0 0 0 0 0 0 0 0 0 0 0 0 0 0 0 0 0 0 0 0 0 0 0 0 0 0 0 0 0 0 0 0 0 0 0 0 0 0 0 0
0 0 0 0 0 58 0 0 0 0 1 0 0 0 0 0 0 0 0 0 0 0 0 0 0 0 0 4 4 0 0 0 0 0 0 0 9 0 0 0 0 0 0 0 0 0 0 0 0 0 0 0 0 0 0 0 0 0 0 0 0 0 0 0 0 0 0 0 0 0 0 0 0 0 0 0 0 0 0 0 0 0 0 0 0 0 0 0 0 0 0 0 0 0 0 0 0 0 1 0 0 6 1 0 0 0 0 1 0 0 0 0 0 0 0 0 0 0 0 0 0 0 0 0 0 3 6 0 0 0 0 0 0 0 0 1 0 0 0 0 35 0 0 0 0 271 0 9 0
0 1 1 0 2 592 2 0 0 0 16 1 0 0 0 0 0 0 0 0 0 0 0 0 0 0 0 2 3 0 1 0 0 0 2 0 28 0 467 5 0 0 0 1 0 0 0 0 0 0 0 0 0 0 0 0 0 0 0 0 0 0 0 0 0 0 0 0 0 0 0 0 5 0 0 0 0 0 0 0 0 0 0 0 0 0 0 0 0 0 0 0 0 0 0 0 0 0 8 0 0 19 2 0 0 1 0 3 0 0 0 0 0 0 0 0 0 0 0 0 0 0 2021 0 0 1 7 1 0 0 0 0 0 0 3 1 0 0 0 0 17 0 0 0 0 73 9 18 0
0 0 1 0 0 464 1 0 0 0 50 1 0 0 0 0 0 0 0 0 0 0 0 0 0 0 0 1 1 0 1 0 0 0 1 0 0 0 338 4 0 0 0 1 0 0 0 0 0 0 0 0 0 0 0 0 0 0 0 0 0 0 0 0 0 0 0 0 0 0 0 0 3 0 0 0 0 0 0 0 0 0 0 0 0 0 0 0 0 0 0 0 0 0 0 0 0 0 17 0 2 38 5 0 0 2 0 5 0 0 0 0 0 0 0 0 0 0 0 0 0 0 1250 0 0 1 0 0 0 0 0 0 0 0 2 0 0 0 0 0 13 0 0 0 0 56 5 6 0
0 0 2 0 3 0 0 0 0 0 7 0 0 0 0 0 0 0 0 0 0 0 0 0 0 0 0 0 0 0 0 0 0 0 1 0 70 0 0 0 0 0 0 0 0 0 0 0 0 3 0 5 5 0 0 0 0 1865 35 0 0 6 24 5 1307 22 49 0 0 0 0 0 80 78 94 0 0 0 0 0 0 0 0 0 0 0 0 0 0 0 0 0 0 10 0 0 0 0 0 0 0 39 4 0 0 0 0 5 0 0 0 0 0 0 16873 0 0 0 0 0 0 0 0 0 0 3 0 0 0 0 0 0 0 0 0 0 0 0 0 0 0 0 0 0 0 78 0 0 0
0 0 21 0 0 0 0 3 3 0 0 0 0 0 2 0 0 1 0 0 0 0 0 0 0 0 0 102 51 0 0 0 0 0 0 0 0 0 0 0 62 0 0 0 0 0 0 0 0 0 10 10 11 12 6 0 6 8 4 16 0 13 11 12 4 6 1 0 0 0 0 0 0 0 0 0 0 0 1 0 0 0 0 0 0 0 0 0 0 0 0 0 0 0 0 12 0 0 8 0 0 31 5 0 1 1 14 7 0 0 2 2 2 2 1 1 8 0 0 0 0 0 24 0 0 1 0 0 0 0 0 0 0 21 0 1 0 0 0 15 55 0 4 3 12 6 0 0 0
0 27 126 0 288 3447 12212 106 151 10 264 8 0 0 0 0 0 19 0 1 0 0 1 0 6 9 1 40 88 8 170 132 135 6004 37 0 5773 0 0 97 30 0 0 21 8807 0 4 0 0 15 2 22 18 3 2 0 0 287 90 1 0 22 87 18 231 81 178 0 20 1 0 37 387 341 344 0 0 2560 5 2 0 0 0 0 0 0 0 0 0 0 0 0 0 23 0 13 209 0 0 0 0 15 0 0 0 0 0 3 0 0 3 3 3 3 2510 0 16 0 0 0 0 0 1607 9 0 2 3 0 0 0 0 0 0 0 0 0 0 45 0 0 362 0 0 0 0 167 1000 353 0
0 0 5 0 2 26 43 0 0 0 1 0 0 0 0 0 0 0 0 0 0 0 0 0 0 0 0 4 17 0 0 0 0 0 0 0 0 0 0 26 0 0 0 0 0 0 0 0 0 0 1 0 2 0 0 0 0 2 3 2 0 2 3 2 1 2 3 0 0 0 0 0 0 6 6 0 0 0 0 0 0 0 0 0 0 0 0 0 0 0 0 0 0 0 0 0 0 0 0 0 0 8 0 0 0 0 0 0 0 0 1 1 1 1 0 0 0 0 0 0 0 0 0 0 0 0 0 0 0 0 0 0 0 0 0 0 0 0 0 0 4 0 0 0 0 0 0 0 0
0 4457 21 0 3 511 1062 0 0 1 41 1 6 0 0 0 0 0 0 0 0 0 0 0 0 0 0 1 1 0 1 0 0 7 0 1614 45 0 0 1747 77 0 0 0 0 0 0 0 0 1 1 0 0 0 0 0 0 0 0 0 0 0 1 0 1 1 1 0 0 0 0 0 17 4 5 0 0 0 0 0 0 0 0 0 0 0 0 0 0 0 0 0 0 0 0 1 0 0 0 0 0 24 1 0 0 16 0 1 0 0 0 0 0 1 1 0 0 0 0 0 0 0 53 0 0 0 0 0 0 0 0 0 0 0 0 0 0 0 0 0 0 0 0 0 0 0 0 0 0
0 39820 360 0 0 40845 2574 42729 41069 29 14139 55022 12269 23 24 4058 1 3 1 326 0 0 462 0 0 0 0 18 26 0 94 0 0 2541 146 237 789 46228 0 16595 0 3 0 24 0 0 21 0 70 32 18 92 60 17 0 0 211 450 64 3 5 22 125 86 531 111 161 0 113 99 5627 0 609 278 308 0 0 2 5 5 0 0 3 0 2 1 4 2 0 7 0 0 0 51 0 9 0 0 0 253 0 76 21 6 19 200 226 26 25 28 6 10 6 14 3413 0 12 0 0 0 24 0 12320 0 0 7 0 0 3 0 0 0 0 0 40 13 0 87 0 955 389 5131 0 0 0 800 700 727 0
0 0 4 0 0 115 21 0 0 1 62 2 0 0 1 2235 0 3 0 0 0 0 0 0 0 0 0 22 26 2 4 0 0 1 9 0 0 0 0 0 0 0 0 17 0 0 2 0 0 2 1 0 0 0 0 0 0 0 0 0 0 0 0 0 0 1 0 0 9 1 0 0 26 0 3 0 0 0 2 1 0 0 0 0 0 0 0 0 0 6 2 0 0 0 0 4 0 0 0 0 0 23 11 0 11 0 169 10 0 0 9 9 9 9 0 0 31 130 16 4626 968 1987 7422 3 0 9 0 0 0 0 0 0 0 0 0 21 0 73 0 0 173 0 0 0 0 85 0 353 0
0 9 4601 1 22 1884 141 1 0 2 86 6 1 0 1 0 1 5 1 0 0 0 0 0 0 0 0 54 206 0 3 1 1 11 0 0 422 0 1095 10 0 0 0 3 0 0 4 0 1 2 0 1 2 0 0 0 0 3 0 0 0 2 9 2 6 9 18 0 19 1 0 0 50 34 37 0 0 1 4 2 0 0 0 0 1 0 0 0 0 0 0 0 0 0 0 40 0 0 0 0 0 152 29 0 12 5 182 28 0 0 11 11 11 11 28 0 58 0 0 0 0 0 3655 21 0 3 0 0 0 0 0 0 0 0 27 0 0 23 0 0 291 0 13 12 0 69 16 97 0
0 0 0 0 0 0 0 0 0 0 0 0 0 0 0 0 0 0 0 0 0 0 0 0 0 0 0 0 0 0 0 0 0 0 0 0 0 0 0 0 0 0 0 0 2 0 0 0 0 0 8 0 0 0 0 0 0 0 0 0 0 0 0 0 0 3 0 0 0 0 0 0 0 0 0 0 0 0 0 0 0 0 18 7 25 12 30 14 0 0 0 0 0 0 0 1 0 12 0 0 0 9 2 0 0 0 1 1 0 0 6 6 6 6 1 0 0 0 0 0 0 0 0 9 0 0 0 0 0 0 0 0 0 0 0 0 0 0 0 0 0 0 0 0 0 0 0 0 0
0 26 40 451 97 37 189 31 68 80 14 0 73 0 450 1347 29 450 29 70 4 93 176 2134 1195 375 453 610 2467 464 18 6 6 5385 191 35 31 50 22 56 141 1787 0 18 11058 146 349 1481 691 84 167 181 173 188 181 29 237 193 201 191 128 201 273 197 198 208 324 0 222 92 2202 1008 483 500 492 3367 470 225 416 127 1820 111 30 59 45 48 139 147 0 73 27 10 28 116 417 2292 3496 46 0 0 0 11 0 0 0 0 0 0 0 0 0 1 0 2 1 189 0 353 170 3189 0 0 456 0 0 1808 547 551 0 0 0 0 0 15 76 120 0 267 62 849 549 4373 281 280 155 1056 1050 890 0
8 21 7 0 1 56 3 0 0 191 77 28 0 0 60 3 4 3 5 8 0 10 24 182 103 27 39 15 57 12 1 0 0 23 1 0 10 21 0 0 0 1 0 0 0 0 1 0 0 2 7 0 2 0 0 0 0 4 0 0 0 0 3 4 12 3 2 0 0 4 247 0 2 1 3 0 0 210 5 4 0 16 0 0 0 0 10 0 0 0 0 0 0 0 0 85 0 0 0 84 161 160 166 0 25 148 0 94 206 173 1 1 1 1 9 0 0 0 314 75 0 0 0 0 0 0 0 59 0 0 0 0 0 0 0 3 0 0 0 0 0 0 20 19 0 9 63 0 0
0 21 16 0 0 41 56 0 0 0 2 0 0 0 51 0 0 362 0 7 0 83 185 634 356 105 136 56 200 40 18 3 5 7964 25 0 77 30 29 25 56 0 0 5057 0 0 55 0 0 26 19 76 71 15 4 0 29 35 172 8 13 37 101 42 145 146 192 0 0 4 204 0 316 302 336 0 36 228 188 94 165 14 0 0 1 0 200 471 0 0 0 0 0 105 264 580 557 0 0 161 16 43 43 0 39 38 0 25 26 1 15 15 15 15 8 0 0 134 143 161 0 0 0 52 0 2 0 0 0 0 0 0 0 0 0 0 0 0 0 222 15 570 30 30 0 185 156 2507 0
0 2 3 66 25 55 43 44 129 41 405 20 187 0 192 70 9 118 9 9 6 274 698 829 3334 988 1272 78 237 57 2 1 1 26 12 39 253 10 54 44 9 8 0 25 47 0 4690 3481 53 47 8 43 42 5 0 0 8 17 35 1 7 12 29 15 93 79 48 0 144 17 257 0 62 0 73 0 430 577 691 31 463 0 26 67 34 53 146 147 0 0 20 0 0 23 0 417 1639 48 0 0 0 0 0 0 12574 0 1 0 0 0 0 1 0 2 6 0 0 2343 53 72 82 88 33 39 0 35 0 0 0 0 0 0 0 0 169 0 0 0 0 22 38 0 7 7 0 0 22 0 0
0 0 0 0 26 0 0 0 0 0 0 0 0 0 0 0 2 0 3 0 0 0 0 0 0 0 0 0 0 0 2 1 0 1 5 0 571 0 0 0 0 48 0 0 0 0 0 3060 0 19 9 90 93 12 0 0 0 25 0 2 0 17 24 11 188 125 30 0 70 0 0 0 17 15 19 0 0 0 2 0 0 0 2 5 0 0 0 1 0 0 0 0 0 0 0 0 0 0 0 0 0 0 0 0 28 0 0 0 0 0 0 1 0 1 0 0 0 0 0 1292 0 0 0 0 0 143 0 0 0 0 0 0 0 101 0 0 0 0 0 0 0 0 0 0 0 152 0 0 0
3 540 219 259 36 2471 6543 6 0 103 188 116 0 0 61 144 3 240 4 28 3 175 2391 0 14 143 2 55 0 35413 19 10 8 449 53 10010 676 628 1104 1006 600 3164 0 524 621 0 0 0 17312 133 92 151 218 27 85 0 109 184 447 87 79 198 476 207 382 497 864 0 0 20 785 1143 1551 1544 1538 0 1379 3441 2439 304 1099 0 44 0 47 729 123 136 0 319 549 0 0 156 0 63 667 723 0 0 0 62 0 0 33 0 0 33 99 97 0 4 0 10 157 94 0 7 45 2115 0 0 107 0 51 196 0 151 0 0 0 0 0 189 0 78 39 226 339 200 568 0 187 185 53 315 230 148 0
1 4 11 55 6 25 43 5 0 64 5 6 11 0 83 17 6 57 6 9 0 56 127 337 192 9 73 162 355 48 10 7 7 196 0 32 6 8 0 94 0 2448 0 93 218 0 190 0 0 21 96 112 116 135 137 0 130 139 0 139 134 143 167 133 97 124 193 0 0 15 271 226 262 236 270 0 38 898 116 68 84 0 0 0 2 0 45 133 0 435 141 0 0 0 0 43 42 49 0 112 33 81 65 0 53 48 1 36 113 115 0 0 0 1 117 139 0 0 509 204 402 0 0 0 0 20 0 88 0 0 0 0 0 512 111 129 702 429 582 161 1054 0 211 207 41 1622 0 0 0
0 0 0 0 0 0 0 0 0 0 0 0 0 0 0 0 0 0 0 0 0 0 0 0 0 0 0 0 0 0 0 0 0 0 0 0 0 0 0 0 0 0 0 0 0 0 0 0 0 0 559 0 0 0 0 0 0 0 0 0 0 0 0 0 1 0 0 0 0 0 0 0 0 0 0 0 0 0 0 0 0 1527 0 0 0 0 0 2 0 0 0 0 0 0 0 0 0 0 0 0 0 0 0 0 0 0 0 0 0 0 0 0 0 3 0 0 0 0 0 0 0 0 0 0 0 0 0 0 0 0 0 0 0 0 0 0 0 0 0 0 0 0 0 0 0 0 0 0 0
0 0 0 0 0 0 0 0 0 0 0 0 0 0 0 0 0 8 0 0 0 0 5 0 1 2 0 0 10 4 0 0 0 0 0 0 0 0 0 0 0 0 0 0 0 0 0 0 0 0 0 0 1 0 0 0 0 0 0 0 0 0 0 0 0 4 0 0 0 0 0 0 0 11 17 0 0 184 5 0 225 0 0 0 0 0 0 0 0 0 0 0 0 0 0 0 0 0 0 0 0 0 0 0 0 0 0 0 0 0 0 0 0 0 0 0 0 0 0 0 0 0 0 0 0 0 0 0 0 0 0 0 0 0 0 0 0 0 0 0 0 0 0 0 0 0 0 0 0
0 1 2 0 5 1 9 1 0 4 1 0 0 0 0 0 0 2 0 0 0 5 0 549 21 0 11 0 51 0 0 0 0 0 0 0 62 1 0 7 0 3 0 369 0 0 0 0 0 2 74 0 81 112 0 74 0 0 30 0 0 0 60 0 27 41 0 0 0 0 0 0 0 0 2 0 0 0 3 0 0 0 0 0 0 0 16 0 0 0 0 0 0 0 0 0 49 1 0 0 0 17 1 0 1 0 0 0 6 0 0 0 0 1 0 79 0 0 26 1 0 0 0 0 0 0 0 0 0 0 0 0 0 0 0 310 0 0 0 6 0 0 0 0 96 0 2 0 0
0 0 0 0 0 0 0 0 0 0 0 0 0 0 0 0 0 0 0 0 0 0 0 0 0 0 0 0 0 0 0 0 0 0 0 0 0 0 0 0 0 0 0 0 0 0 0 0 0 0 0 0 0 0 0 0 0 0 0 0 0 0 0 0 0 0 0 0 0 0 0 0 0 0 0 0 0 0 0 0 0 0 0 0 0 0 0 0 0 0 0 0 0 0 0 0 0 0 0 0 0 0 0 0 0 0 0 0 0 0 0 0 0 0 0 0 0 0 0 0 0 0 0 0 0 0 0 0 0 0 0 0 0 0 0 0 0 0 0 0 0 0 0 0 0 0 0 0 0
7 17 35 65 71 1 81 17 17 98 10 0 12 0 77 3 7 2 7 0 37 459 52 1899 959 322 259 0 1589 25 0 0 0 2 0 0 923 6 0 8 0 11 0 1 0 0 0 0 0 3 1 0 0 0 0 0 0 0 0 0 0 0 0 0 0 0 0 0 0 0 0 0 0 0 0 0 0 17 81 12 57 0 0 1 2 2 1 0 0 0 0 0 0 0 0 330 82 6 0 0 0 6 1122 0 0 0 23 5 6 0 0 0 0 2 0 0 0 0 65 49 0 0 0 0 0 0 0 0 68611 1402 131 0 0 0 0 0 0 94 0 3012 0 0 3135 3132 0 2763 0 0 0
140 67 210 1589 408 6 509 115 51 227 65 327 163 0 241 3 0 1 0 11 510 14 4 225 62 12 11 0 2 0 0 0 0 3 0 0 0 45 1 6 3 3 0 5 0 4 3 0 0 1 1393 1329 1509 2080 0 1766 0 1732 808 261 0 1738 1472 1265 624 762 747 0 0 67 26 571 0 13 25 0 0 2 5 0 0 0 0 0 0 0 0 0 0 14 1 0 0 0 0 0 95 0 0 0 0 0 0 0 0 0 0 0 0 0 0 0 0 1 0 2184 18 0 58 6 0 0 13 0 0 0 17 0 0 0 0 0 0 0 0 0 0 0 0 16 0 0 4 2 2156 0 6 14 0
2480 850 3590 1724 8822 313 2342 2174 671 1078 986 6073 2388 1 3074 47859 1 280 1 322 1403 2353 387 0 1631 475 572 5334 122 660 4 2 2 81 125 254 264 239 255 457 99 149 0 116 114 239 291 305 144 126 15 0 21 13 0 0 0 0 52 0 0 0 12 0 23 53 0 0 0 0 0 0 0 119 121 0 105 1665 427 1710 3557 0 3 228 131 136 163 384 0 236 192 0 0 0 116 441 1577 146 0 0 0 13 0 13261 0 0 0 0 0 0 2387 2365 2390 2380 677 0 1464 2183 2008 235 0 548 288 7317 7524 0 13771 15701 0 0 0 0 34 594 289 8461 228 389 0 153 615 16 641 633 0 156 267 1044 0
0 44 15 72 17 24 359 5 0 11 8 0 6 0 0 537 0 119 0 494 5391 340 2119 288 86 63 4 0 61 23 4 2 1 7 0 504 5 53 0 27 15 12 0 3 0 0 104 0 0 106 2717 2912 3122 4060 2334 3552 0 3380 1655 2580 0 3609 2936 2977 1616 1747 1520 0 635 117 0 897 0 54 77 0 364 856 2121 494 1914 0 0 312 129 170 37 244 0 323 1 0 0 0 0 61 194 181 0 0 0 0 0 51062 0 0 0 0 0 0 0 0 0 1 2 4219 12639 0 7 0 0 0 0 0 0 0 431 138 0 0 0 0 0 0 0 0 0 0 0 0 0 0 0 0 4207 0 0 0 0
0 0 0 0 0 0 0 0 0 0 0 0 0 0 0 0 0 0 0 0 0 0 0 0 0 0 0 0 0 0 3 2 1 0 0 0 0 0 0 1 0 0 0 0 0 0 0 0 0 31 15 68 154 22 0 78 0 0 55 0 0 0 5 0 306 201 0 0 456 0 0 0 0 0 0 0 0 0 0 0 0 0 0 0 0 0 0 0 0 231 0 0 0 0 0 0 0 0 0 0 0 0 0 0 0 0 0 0 0 0 754 736 757 755 207 0 0 0 0 0 0 0 0 0 0 0 0 0 0 0 0 0 0 0 0 0 0 0 0 0 0 0 0 0 0 0 0 0 0
0 60 32 5 0 187 43 0 0 8 10 0 0 0 0 0 1 41 1 935 4425 443 197 0 3018 602 483 0 388 0 1 1 0 0 0 0 0 68 0 94 89 0 0 3 0 0 9 0 46 18 16 0 13 4 0 0 0 0 0 0 0 0 0 0 23 16 0 0 0 0 0 0 0 0 0 0 0 459 235 53 356 0 0 8 137 95 3 647 0 10 1 0 0 0 0 10 85 150 0 0 0 4 4 0 1 0 2 2 7 0 348 340 350 349 105 0 0 0 39 0 0 0 0 0 0 0 0 0 0 0 0 0 0 0 0 0 0 0 0 13 0 0 0 0 0 0 1 47 0
0 0 0 0 0 0 0 0 0 0 0 0 0 0 0 0 0 0 0 0 0 0 0 0 0 0 0 0 0 0 0 0 0 0 0 0 0 0 0 0 0 0 0 0 0 0 0 0 0 0 1242 1167 1341 1855 0 1571 0 1550 719 0 0 1528 1308 1080 548 674 666 0 0 62 34 515 0 10 22 0 0 0 0 0 0 0 0 0 0 0 0 0 0 0 0 0 0 0 0 0 0 0 0 0 0 0 0 0 0 0 0 0 0 0 0 0 0 0 0 1949 0 0 0 0 0 0 0 0 0 0 0 0 0 0 0 0 0 0 0 0 0 0 0 0 0 0 0 0 1919 0 0 0 0
0 0 0 0 0 0 0 0 0 0 0 0 0 0 0 0 0 6 0 9 2 0 22 0 0 0 0 0 0 1 68 41 14 25 114 94 9 49 0 38 30 0 0 3 0 0 59 0 0 813 2957 6693 6704 4411 2164 5722 755 4337 3257 2251 0 4125 3666 3112 9078 6616 2588 0 14979 123 297 1350 0 463 481 0 0 0 1 0 0 0 0 12 9 14 11 33 0 6101 3 0 0 0 0 0 7 0 0 0 0 0 0 0 2 0 0 3 0 0 0 0 0 2 0 4022 22 0 0 0 0 0 0 0 0 0 0 0 0 0 0 0 0 0 0 0 0 0 0 0 0 0 0 0 4000 0 0 0 0
0 0 0 0 0 0 0 0 0 0 0 0 0 0 0 0 0 0 0 0 0 0 0 0 0 0 0 0 0 0 1 1 0 0 0 0 0 0 0 0 0 0 0 0 0 0 0 0 0 11 133 85 193 200 0 178 0 148 95 0 0 0 122 0 161 140 32 0 102 0 0 0 0 7 10 0 0 0 0 0 0 0 0 0 0 0 0 0 0 83 0 0 0 0 0 0 0 0 0 0 0 0 0 0 0 0 0 0 0 0 0 0 0 0 0 194 0 0 0 0 0 0 0 0 0 0 0 0 0 0 0 0 0 0 0 0 0 0 0 0 0 0 0 0 173 0 0 0 0
0 0 0 0 0 0 0 0 0 0 0 0 0 0 0 0 0 0 0 0 0 0 0 0 0 0 0 0 0 0 0 0 0 0 0 0 0 0 0 0 0 0 0 0 0 0 0 0 0 0 17 0 23 32 0 0 0 0 7 0 0 0 0 0 6 11 0 0 0 0 0 0 0 0 0 0 0 0 0 0 0 0 0 0 0 0 0 0 0 0 0 0 0 0 0 0 0 0 0 0 0 0 0 0 0 0 0 0 0 0 0 0 0 0 0 18 0 0 0 0 0 0 0 313 0 0 2219 1148 0 0 0 0 0 0 0 743 0 0 0 0 0 0 0 0 5 0 0 0 0
0 0 0 0 0 0 0 0 0 0 0 0 0 0 0 0 0 0 1 0 0 0 0 0 0 0 0 0 0 0 0 0 0 0 0 0 0 0 0 0 0 0 0 0 0 0 0 0 0 525 255 174 276 380 0 46 0 303 134 0 0 196 250 0 110 133 103 0 0 521 0 0 0 0 5 0 0 0 0 0 0 0 0 0 0 0 0 0 0 0 0 0 0 0 0 0 0 0 0 0 0 5 4 0 4 0 1 1 0 0 6901 6870 6904 6869 1901 347 0 0 0 0 0 0 0 0 0 0 0 0 0 0 0 0 0 0 0 0 0 0 0 0 0 0 0 0 373 0 0 0 0
0 0 0 0 0 0 0 0 0 0 0 0 0 0 0 0 0 0 0 0 0 0 0 0 0 0 0 0 0 0 0 0 0 0 0 0 0 0 0 0 0 0 0 0 0 0 0 0 0 0 1 0 7 4 0 0 0 0 0 0 0 0 0 0 0 6 0 0 0 0 0 0 0 0 1 0 0 0 0 0 0 0 0 0 0 0 0 0 0 0 0 0 0 0 0 0 0 0 0 0 0 0 0 0 0 0 0 0 0 0 0 0 0 0 0 0 0 0 0 0 0 0 0 0 0 0 0 0 0 0 0 0 0 0 0 0 0 0 0 0 0 0 0 0 0 0 0 0 0
0 0 0 0 0 0 0 0 0 0 0 0 0 0 0 0 0 3 0 0 0 19 107 0 0 3 0 0 1 0 0 0 0 0 0 0 0 0 0 0 0 0 0 0 0 0 0 0 0 2 0 0 1 1 0 0 0 0 0 0 0 0 0 0 0 0 0 0 0 0 0 0 0 0 0 0 0 50 126 21 63 0 0 0 0 0 0 0 0 0 0 0 0 0 0 0 0 0 0 0 0 0 0 0 0 0 0 0 0 0 0 0 0 0 0 0 0 0 0 0 0 0 0 0 0 0 0 0 0 0 0 0 0 0 0 0 0 0 0 0 0 0 0 0 0 0 0 0 0
0 0 0 0 0 0 0 0 0 0 0 0 0 0 0 0 0 0 0 0 0 0 0 0 0 0 0 0 0 0 2 2 0 0 0 0 0 0 0 1 0 0 0 0 0 0 0 0 0 35 27 121 158 54 0 44 0 30 69 0 0 0 44 0 276 189 0 0 202 0 0 0 0 13 14 0 0 0 0 0 0 0 0 0 0 0 0 0 0 206 0 0 0 0 0 0 0 0 0 0 0 0 0 0 0 0 0 0 0 0 0 0 0 0 0 12 0 0 0 0 0 0 0 0 0 0 0 0 0 0 0 0 0 0 0 0 0 0 0 0 0 0 0 0 11 0 0 0 0
0 0 0 0 0 0 0 0 0 0 0 0 0 0 0 0 0 0 0 0 0 0 0 0 0 0 0 0 0 0 0 0 0 0 0 0 0 0 0 0 0 0 0 0 0 0 0 0 0 0 0 0 0 0 0 0 0 0 0 0 0 0 0 0 0 0 0 0 0 0 0 0 0 0 0 0 0 0 0 0 0 0 0 0 0 0 0 0 0 0 0 0 0 0 0 0 0 0 0 0 0 0 0 0 0 0 0 0 0 0 0 0 0 0 0 0 0 0 0 0 0 0 0 0 0 0 0 0 0 0 0 0 0 0 0 0 0 0 0 0 0 0 0 0 0 0 0 0 0
0 0 0 0 0 0 0 0 0 0 0 0 0 0 0 0 0 108 0 0 0 19 0 844 239 11 0 3 2 0 9 4 1 239 19 0 7 4 0 0 0 0 0 55 372 0 0 170 492 96 45 463 437 64 12 245 0 0 297 9 0 0 186 61 868 637 0 0 0 0 0 247 390 393 390 14061 107 0 4 1 0 0 0 25 10 0 13 82 0 646 0 115 43 844 116 4 104 0 0 0 0 0 0 0 0 0 0 0 0 0 0 0 0 0 0 0 0 0 0 0 0 0 0 0 0 4 0 0 0 0 0 0 0 0 0 0 0 0 0 0 0 0 0 0 0 0 0 0 0
728 308 433 121 1363 2 3 0 0 5 4 0 0 0 317 0 0 1 0 67 0 0 0 0 0 4 0 0 1 0 1 0 0 1 51 0 69 8 0 0 0 0 0 0 0 0 10 0 0 11 2 54 56 8 0 21 0 17 29 0 0 4 13 0 112 75 11 0 212 0 0 0 0 12 12 0 41 0 0 0 0 0 0 0 0 0 0 0 0 0 0 0 0 0 0 0 0 0 0 0 0 0 0 0 0 0 0 0 0 0 0 0 0 0 0 0 0 0 0 0 0 0 0 0 0 0 0 0 0 0 0 0 0 0 0 0 0 0 0 13 0 0 0 0 0 0 21 0 0
3071 4124 8312 21139 12008 7 99 173 33 953 622 0 96 0 116 0 0 6 0 312 3 0 835 0 0 19 0 0 4 2 7 4 2 5 684 4 319 176 0 6 1 2 0 0 0 0 67 0 0 72 40 429 376 70 0 260 396 197 278 0 0 54 172 150 1020 469 110 0 1127 87 0 36 52 63 63 0 185 0 4 6 0 0 0 0 0 0 0 0 0 455 0 0 0 0 0 0 0 0 0 0 0 0 0 0 0 0 0 0 0 0 0 0 0 1 0 0 0 0 0 0 0 0 0 0 0 0 0 0 0 0 0 0 0 0 0 0 0 0 0 96 0 0 0 0 0 0 0 0 0
0 382 87 0 2 335 135 109 218 164 87 7 46 2 0 302 0 624 2 183 61 262 324 0 3505 603 1314 4480 109 1194 41 6 6 952 77 0 120 495 62 566 257 643 0 801 1768 4104 11307 0 0 368 337 421 373 64 0 58 0 297 3175 0 0 419 1804 287 817 1728 3762 0 0 138 0 0 6999 7190 7125 0 1210 7469 446 245 1436 994 13 28694 1666 490 478 1050 0 35 439 470 782 1177 291 2060 712 587 0 1869 0 286 83 4 168 105 5 142 508 39 1 0 2 17 76 0 0 486 1255 5 0 0 73 0 0 0 114 37 0 0 0 0 0 0 309 31 0 5 0 265 438 3686 95 95 0 746 169 887 0
0 0 0 0 0 1 3 0 0 0 0 0 0 0 1 51 1165 27 1165 17 221 613 0 31 25 16 0 82 12 0 0 0 0 0 0 0 4 0 0 0 0 0 0 0 0 0 0 0 0 1013 294 320 335 463 471 272 367 389 180 479 11 424 336 369 138 169 164 0 0 4 0 0 0 6 9 0 0 48 3 2 0 0 0 0 0 0 1 0 0 9 0 0 0 0 0 57 82 1 0 0 0 5 0 0 0 0 0 1 1 0 2 2 2 2 7 457 0 65 9 4 0 0 0 0 0 74 0 0 0 0 0 0 0 0 0 79 0 0 0 0 0 0 9 8 461 1 298 32 0
0 0 0 0 0 4 2 0 0 0 0 0 0 0 0 0 0 10 0 0 1 46 0 530 52 2 0 437 2626 0 0 0 0 0 0 0 0 0 0 3 0 1 0 0 0 6 0 0 0 1 0 0 1 2 0 0 0 2 1 0 0 0 1 0 0 1 0 0 0 0 0 0 0 0 1 0 0 301 44 27 0 0 0 253 0 0 4 0 0 3 16 0 0 0 0 62 29 4 0 0 0 0 0 0 0 0 0 0 0 0 0 0 0 0 0 0 0 159 79 9 0 17 0 0 31 194 0 59 0 0 0 0 0 0 0 291 0 0 0 0 0 0 41 41 0 0 0 0 0
0 0 0 0 0 0 0 0 0 0 0 0 0 0 0 0 0 0 0 0 0 0 0 0 0 0 0 0 0 0 0 0 0 0 0 0 0 0 0 0 0 0 0 0 0 0 0 0 0 0 0 0 0 0 0 0 0 0 0 0 0 0 0 0 0 0 0 0 0 0 0 0 0 0 0 0 0 0 0 0 0 0 0 0 0 0 0 0 0 0 0 0 0 0 0 0 3 0 1354 22046 5467 8077 7904 45 1854 7472 7200 3377 0 0 0 0 0 0 0 0 179 0 0 0 0 0 0 0 0 0 0 0 0 0 0 0 0 0 0 0 0 0 0 0 0 0 0 0 0 0 0 0 0
34 45 568 246 96 1125 1928 18 37 604 306 243 45 0 305 484 56 2862 81 278 9 649 825 410 4477 1690 1703 3716 291 1102 47 29 28 1678 62 2440 691 67 931 2626 1766 965 0 2315 2279 1260 665 2207 1175 501 683 537 517 507 444 398 479 611 668 513 507 584 846 591 622 821 1164 0 0 378 2419 1411 1829 1829 1823 0 4147 1414 711 504 3164 626 173 949 655 1098 1558 6741 0 200 465 1508 1607 2588 2422 0 3054 1101 0 346 325 170 166 0 85 143 503 105 285 282 0 3 1 7 814 508 0 3533 3728 47 0 0 311 114 610 4956 43 330 0 142 242 0 0 111 107 1774 47 118 0 195 240 0 486 486 470 398 248 978 0
0 47 3 7 1 200 2 313 585 24 32 7 795 0 0 19 9 682 9 2 2 1 14 0 31 1264 2 348 435 57 6 1 1 5 22 1 16 63 200 2725 5 0 0 1393 0 0 14 0 0 185 7 63 52 3 5 0 0 41 104 4 10 66 248 52 116 210 515 0 0 0 0 0 976 966 970 0 0 0 17 7 0 0 0 0 6 3 60 4 0 17 181 0 5792 92 217 383 564 7 0 0 0 8 5 0 2 0 0 3 0 0 0 0 0 2 0 0 0 582 463 0 0 0 0 9 0 10 0 0 0 0 0 0 0 0 261 0 0 0 0 0 0 44 46 45 0 177 0 82 0
0 0 0 0 0 0 0 0 0 0 0 0 0 0 0 0 6 37 6 0 1 64 0 0 4 14 0 0 0 0 0 0 0 0 0 0 0 0 0 0 0 0 0 0 0 0 18 0 0 221 0 1 1 0 0 0 0 1 0 0 0 1 4 17 3 0 8 0 1 213 11 0 0 0 15 0 124 0 1 101 0 0 0 6 53 0 0 94 0 0 0 0 0 0 0 15 0 0 0 0 0 58 60 0 27 18 0 34 0 0 0 1 1 2 0 0 0 1453 0 0 0 0 0 0 0 1 0 0 0 0 0 0 0 0 0 0 0 0 0 0 0 0 0 0 0 0 0 0 0
0 0 0 0 0 0 0 0 0 0 0 0 0 0 0 0 0 1 0 0 0 1 34 0 0 0 0 0 0 0 0 0 0 0 0 0 0 0 0 0 0 0 0 0 0 0 0 0 0 0 0 0 0 0 0 0 0 0 0 0 0 0 0 1 0 0 0 0 0 0 0 0 0 0 0 0 0 0 0 0 0 0 0 0 0 0 0 0 0 0 0 0 0 0 0 0 0 0 0 0 0 0 0 0 0 0 0 0 0 0 0 0 0 0 0 0 0 0 0 0 0 0 0 0 0 0 0 0 0 0 0 0 0 0 0 0 0 0 0 0 0 0 0 0 0 0 0 0 0
0 0 0 0 0 0 0 0 0 0 0 0 0 0 0 0 1 351 1 0 0 10967 282 0 14 65 0 41 0 191 0 0 0 0 0 0 0 0 0 0 0 0 0 0 0 0 4 0 0 19 3 10 27 0 0 0 0 2 0 1 0 3 2 2612 5 0 3 0 0 0 0 0 0 0 0 0 0 0 248 0 0 0 0 0 1 0 0 0 0 0 0 0 0 0 0 0 0 0 0 0 0 0 0 0 0 0 0 0 0 0 0 0 0 1 0 0 0 8006 0 0 0 0 0 0 0 0 0 0 0 0 0 0 0 0 0 0 0 0 0 0 0 0 0 0 0 0 0 0 0
17 4 18 6 3 0 0 26 38 55 48 10 1 0 27 29 18 308 18 12 6 2932 17211 0 25 94 0 0 339 0 1 1 0 20 7 0 1 5 0 0 0 1 0 558 0 0 374 0 0 419 0 5 45 0 21 0 0 31 0 23 27 28 38 737 65 0 45 0 47 42 289 0 53 34 57 0 338 1933 17177 4368 0 0 0 555 0 0 0 29 0 25 10 0 0 0 0 175 165 1 0 0 0 0 0 0 0 0 0 0 0 0 0 2 0 3 0 18 0 6285 0 0 0 0 0 0 0 0 0 0 0 0 0 0 0 0 0 0 0 0 0 35 0 0 6 5 0 0 0 0 0
0 69 1 22 4 30 8 73 73 113 27 23 52 0 54 15 0 3680 91 6 38 2544 176 0 3630 1046 1384 348 515 122 20 24 3 19 221 13 20 107 14 111 20 116 0 0 0 12 45 106 24 0 6847 104 94 103 107 79 110 98 3 111 107 103 93 660 84 85 72 0 70 31 190 0 32 21 38 0 120 102 398 3706 318 0 4 0 0 0 0 2751 17212 10 907 4355 352 864 3807 10091 2 16 0 0 0 78 80 0 49 54 8 63 144 0 0 103 62 167 31 108 13 6446 18 0 80 0 0 0 0 13 0 0 0 0 0 0 0 0 0 35 0 0 0 0 0 0 35 34 108 0 0 14 0
0 1 0 0 0 0 7 0 0 0 0 0 0 0 0 1 0 2 0 0 0 0 13 0 0 0 0 1 1 0 2 1 1 4 2 11 3 2 0 4 0 0 0 3 0 0 0 0 24 8 2 22 19 1 2 0 4 11 251 1 15 14 48 14 41 56 96 0 15 0 1 0 176 178 177 0 0 95 21 2 7 0 0 0 2 0 2 6691 0 0 2 304 0 373 0 0 1670 0 0 0 0 0 0 0 0 0 123 1 0 0 0 0 0 1 5 0 0 0 19 11 0 0 0 0 0 0 0 0 0 0 0 0 0 0 0 0 0 0 0 0 0 0 0 0 0 0 0 0 0
0 2 0 0 1 90 21 0 0 0 3 0 0 0 0 3 0 106 0 0 0 0 44 0 0 9 0 3 2 1 28 23 23 313 5 31 11 3 83 21 1 0 0 22 1 0 0 5 352 4 20 0 5 0 1 0 0 49 0 2 0 4 10 4 40 11 17 0 0 0 5 0 30 0 31 0 82 0 52 1 0 38 1 0 3 0 0 945 0 0 140 196 35 602 0 27 407 0 0 0 0 0 0 0 0 0 0 0 0 0 0 0 0 1 422 0 0 0 272 18 0 0 0 0 0 0 0 0 0 0 0 0 0 0 0 0 0 0 0 0 0 0 0 0 0 0 0 0 0
0 0 0 0 0 0 0 0 0 0 0 0 0 0 0 0 0 2 0 0 0 0 0 0 0 0 0 0 0 0 0 0 0 1 0 1 1 0 0 0 0 0 0 0 0 0 1 0 0 3 10 5 5 0 0 0 0 3 0 1 0 3 12 8 11 16 25 0 0 0 0 0 41 39 42 0 0 0 1 0 1 11 0 0 0 0 0 81 0 0 0 0 0 0 0 0 0 0 0 0 0 0 0 0 0 0 2 0 0 0 0 0 0 1 1 0 0 0 2 2 0 0 0 0 0 0 0 0 0 0 0 0 0 0 0 0 0 0 0 0 0 0 0 0 0 0 0 0 0
0 2 0 0 0 1 19 0 0 0 0 0 0 0 0 3 0 10 0 0 0 0 0 0 0 0 0 0 0 0 3 2 1 10 10 30 2 4 0 11 1 0 0 2 0 0 9 0 110 8 68 20 15 0 2 0 0 11 0 3 0 12 39 12 38 51 79 0 27 1 9 0 134 133 135 0 0 6 26 5 3 163 1 0 7 0 0 294 0 11 5 3391 377 700 0 23 24 24269 0 0 0 0 0 3 3 0 4 3 0 0 0 2 0 2 14 1 0 0 1059 17 5 0 0 0 0 0 0 0 0 0 0 0 0 0 0 0 0 0 0 0 0 0 0 0 1 0 0 0 0
0 0 0 0 0 0 4 0 0 0 0 0 0 0 0 0 0 26 0 0 0 0 18 0 0 0 0 1 1 0 2 2 0 3 11 6 0 2 0 1 0 0 0 0 0 0 0 0 0 1 15 0 0 0 0 0 0 0 0 0 0 0 0 1 1 46 0 0 0 0 0 0 0 0 1 0 0 18 31 5 0 33 0 230 448 171 0 95 0 0 125 0 0 11 0 9 193 0 0 0 879 88 91 0 31 65 0 50 0 0 0 0 0 0 3 0 0 0 12 4 0 0 0 0 0 0 0 0 0 0 0 0 0 0 0 0 0 0 0 0 0 0 0 0 0 0 0 0 0
0 0 0 0 0 0 5 0 0 0 33 0 0 0 0 1 0 330 0 1 0 0 2 0 0 0 0 0 1 0 1 1 0 2 1046 8 0 1 0 4 0 0 0 319 0 0 0 0 0 0 122 4 10 12 11 0 0 10 0 13 0 12 10 12 6 8 65 0 0 1 11 0 1 0 4 0 0 0 21 7 0 0 0 0 0 0 0 0 0 0 245 2151 93 0 321 60 42 0 0 0 0 27 5 67 46 32 4 70 0 0 0 0 0 1 2 0 0 0 66 2 0 0 0 0 0 0 0 1 0 0 0 0 0 0 0 0 0 0 0 0 0 0 14 0 0 0 0 0 0
29 681 193 562 91 688 765 130 217 4891 1387 799 257 0 552 429 285 3134 285 52 167 2521 531 0 13 4114 5243 2010 4376 628 104 80 66 2220 179 910 571 854 682 3396 583 63 262 613 1452 2087 1268 1981 763 338 1957 840 824 776 791 423 869 1011 1463 806 807 905 1238 1122 988 1514 1673 5672 521 147 1506 1377 2542 2558 2551 1031 2165 810 658 2348 3025 0 498 5734 2252 3065 3925 13997 0 323 551 1162 489 1470 2767 8536 4627 3925 0 1038 1064 549 561 4 237 511 214 327 939 775 0 7 0 16 1962 800 0 7622 1787 549 0 0 103 0 0 3000 375 1116 0 177 0 0 0 34 244 62 18 481 0 514 291 0 517 517 800 331 177 520 0
270 218 268 0 159 0 731 178 366 3558 2953 1125 465 0 1160 479 1038 15 1038 31 33 711 1105 0 0 2596 3476 1 0 3328 4 3 4 315 5 466 165 283 0 0 189 0 0 148 460 240 647 0 0 181 1 0 0 0 0 0 0 0 0 0 0 0 0 1 1 130 0 0 0 98 0 0 0 0 0 0 0 1 1115 3 0 0 130 1199 599 0 1505 3542 0 0 0 0 0 310 0 0 0 0 0 1661 1313 276 287 1 367 258 11 164 450 310 1 1 1 2 83 0 2 0 0 187 0 0 0 171 0 1973 0 208 0 0 0 0 0 63 0 0 0 0 0 0 0 0 0 0 0 103 5 0 0
0 3 0 0 0 2 0 0 0 0 0 0 0 0 5 0 0 2 0 0 0 5 2 67 0 2 0 1 1 0 0 0 0 1 0 0 9 4 2 0 0 2 0 2 19 0 21 0 0 3 1 0 0 0 0 0 0 0 0 0 0 0 0 0 1 0 0 0 71 8 4 0 0 0 182 0 0 15 11 20 0 0 0 0 0 0 0 0 0 4029 0 0 0 145 0 0 0 0 0 0 0 8 0 0 0 0 0 0 3 1 1 1 1 1 1 0 0 0 165 95 375 212 0 0 0 2 0 0 0 0 4492 0 0 37 0 2 5772 0 292 419 0 0 0 0 0 0 0 0 0
0 84 9 65 14 41 87 33 93 1774 301 198 133 0 271 347 114 80 114 56 80 1198 468 0 2618 870 998 882 3323 711 2 1 0 10 7 103 29 105 39 77 29 72 0 28 17 286 468 383 197 127 178 179 175 170 173 143 230 174 184 175 173 175 194 406 201 207 181 0 0 87 1700 0 186 205 206 0 1158 1098 418 1560 928 0 0 0 100 0 400 0 0 313 1 0 364 1730 0 0 255 186 0 5481 2740 1794 1861 6 1181 1694 44 1063 3086 3118 5 6 5 7 2 0 0 0 2219 21 0 131 65 1245 0 681 292 728 184 323 0 0 24 172 60 76 320 0 0 0 222 0 455 455 160 406 400 283 0
0 39 16 38 56 60 77 20 20 1 4 0 13 0 117 72 7 371 7 9 1 96 100 0 1 17 0 144 574 109 2 1 0 8 22 81 908 48 59 57 50 121 0 29 8 45 151 146 146 43 167 127 127 121 120 98 129 115 131 120 121 123 132 129 132 129 136 0 0 29 273 0 77 150 157 0 0 121 102 155 149 0 22 0 39 0 45 0 0 225 3 0 0 3129 310 393 264 45 0 644 334 206 211 0 148 188 381 121 254 211 0 0 0 1 1 120 0 163 727 320 0 672 0 124 0 149 14 4 0 148 1152 0 69 578 243 43 45 0 0 166 28 0 311 311 106 196 483 263 0
0 72 8 40 8 31 24 0 81 1443 6 80 123 0 115 36 0 204 1 0 0 89 107 0 990 300 353 26 70 0 2 1 0 0 9 0 10 80 0 20 9 33 0 5 0 0 102 0 190 31 191 207 207 179 208 89 141 201 94 225 34 221 236 198 187 200 229 0 0 17 556 0 247 273 275 0 0 116 81 22 162 0 0 0 45 0 0 146 0 0 0 0 0 0 0 887 0 40 60 860 1123 447 456 0 227 417 4 281 754 695 62 62 62 62 17 21 0 158 80 29 0 59 0 0 0 109 0 46 0 0 0 0 0 0 0 0 125 0 0 0 100 0 35 34 201 17 135 0 0
49 6 43 241 51 54 85 25 69 457 2058 1701 98 0 446 81 9 28085 0 8 5 937 274 0 1561 460 595 1611 157 1374 3 2 6 62 9 15 5 35 51 85 45 63 0 68 0 227 427 203 278 34 85 90 92 102 103 0 35 100 162 104 100 114 154 293 77 175 206 0 0 17 241 0 304 313 321 0 0 327 502 1316 468 0 78 140 165 243 693 0 0 74 752 329 0 24 0 576 0 241 0 193 128 59 35 0 171 262 3 166 124 32 51 51 51 51 29 104 0 280 16350 534 0 0 0 0 3813 9 240 187 0 350 38 0 0 58 0 4357 0 0 0 411 85 0 593 593 89 375 140 146 0
0 0 0 6 10 1 3 6 4 0 0 0 2 0 0 133 5 6 5 0 3 127 3 0 1624 460 620 141 357 28 0 0 0 3 0 0 170 0 0 0 0 0 0 0 0 0 4 0 0 0 5 2 4 0 4 0 0 4 0 5 5 4 2 4 2 2 2 0 0 0 10 0 0 0 0 1 0 0 12 8 0 0 0 0 0 0 0 0 0 2 3 22 0 0 0 0 0 0 0 0 0 0 0 0 0 0 0 0 0 0 0 0 0 0 0 0 0 0 268 811 0 0 0 157 0 0 1106 2301 185 0 0 0 0 0 0 0 0 5 0 378 0 0 98 98 0 0 0 0 0
0 9 2 0 0 4 0 17 0 68 2 4 29 0 18 0 0 2852 0 0 0 8 3 129 72 7 27 103 210 32 4 0 1 95 3 0 1 11 2 10 5 4156 0 612 0 0 67 0 0 3 2 0 2 0 0 0 0 2 0 3 0 3 4 3 2 3 4 0 0 3 6 0 0 0 0 0 0 48 72 23 0 0 0 0 0 0 0 0 0 55 3 0 0 4 2191 202 0 0 0 0 0 10 5 0 3 1 0 3 0 0 0 0 0 1 0 0 0 466 424 87 0 0 178 24 0 83 246 550 0 0 0 0 0 370 0 46 0 0 0 276 946 0 209 209 0 762 1208 703 0
0 0 0 0 0 0 0 0 0 0 0 0 0 0 0 0 0 12 0 0 0 0 0 0 0 0 0 0 0 0 0 0 0 0 0 0 0 0 0 0 0 0 0 12 0 0 1673 0 0 0 0 0 0 0 0 0 0 0 0 0 2 0 0 1 0 182 0 0 1 0 0 0 0 0 0 0 0 0 0 0 0 0 207 0 865 0 1929 1067 0 0 0 0 0 0 0 0 0 0 0 0 0 0 0 0 0 0 8 0 0 0 0 0 0 0 0 0 0 0 0 0 0 0 0 0 0 0 0 0 0 0 0 0 0 0 0 0 0 0 0 0 0 0 0 0 0 0 0 0 0
92 70 31 29 43 114 71 88 82 182 17 45 178 0 42 54 0 44 1 14 318 219 152 1854 522 271 100 1186 3920 450 0 0 0 13 0 88 397 70 114 70 53 11 121 24 23 126 996 350 148 69 3 85 82 70 68 77 86 73 96 67 69 72 85 108 105 107 94 0 105 51 406 104 117 119 0 109 132 422 190 315 418 265 11 743 72 100 196 33 55 55 123 12 45 0 31 84 42 100 0 2 0 1 0 0 0 0 0 1 18 17 0 0 0 1 27 67 0 27 78 36 39 108 18 20 33 19 36 12 6 64 56 23 21 4 71 0 23 50 24 60 120 45 56 56 57 63 40 45 0
90 69 30 28 42 114 70 88 81 182 17 45 177 0 40 54 0 44 0 13 0 203 152 1021 288 156 55 1171 3845 448 2 1 1 32 1 86 401 38 0 56 41 11 119 0 0 125 993 189 0 68 130 81 81 45 64 75 84 72 85 66 67 71 84 74 104 106 92 0 104 51 404 0 117 118 0 0 111 247 188 313 413 38 11 889 72 99 51 0 0 0 120 0 0 0 0 82 25 100 0 0 0 1 0 0 0 0 0 1 10 8 0 0 0 1 7 0 0 0 78 36 0 0 0 13 0 0 0 0 0 0 0 0 0 0 0 0 0 0 0 0 10 0 0 0 0 0 0 0 0
80 61 27 25 37 100 62 78 72 159 15 40 156 0 40 48 0 39 0 12 285 193 134 1664 468 243 89 1033 3384 394 1 0 0 25 0 76 353 67 81 49 24 9 106 0 0 111 875 160 0 61 115 66 71 44 58 67 75 64 85 58 60 63 74 93 92 93 82 0 92 45 357 6 103 104 0 0 97 213 166 275 365 23 10 784 23 89 0 14 0 0 106 0 0 0 0 72 29 88 0 2 0 1 0 0 0 0 0 0 13 14 0 1 0 1 26 0 0 0 0 25 34 95 0 18 0 16 32 15 0 17 0 0 0 0 0 0 0 0 0 0 0 0 0 0 0 0 0 0 0
2 1 0 0 0 2 0 1 1 3 0 1 2 0 2 1 0 1 0 0 5 3 2 28 0 0 0 19 66 7 0 0 0 0 0 0 0 0 0 0 0 0 0 0 0 0 15 0 0 1 2 0 1 0 0 0 1 1 0 1 1 1 1 0 2 2 1 0 2 1 6 0 0 1 0 0 0 0 3 5 6 0 0 13 1 1 0 0 0 0 0 0 0 0 0 0 0 1 0 0 0 0 0 0 0 0 0 0 0 1 0 0 0 0 0 0 0 0 1 1 0 0 0 0 0 0 0 0 0 0 0 0 0 0 0 0 0 0 0 0 0 0 0 0 0 0 0 0 0
2 1 1 0 1 2 1 2 1 3 0 1 3 0 1 1 0 1 0 0 1 3 3 8 0 0 0 20 67 8 0 0 0 0 0 0 5 0 0 0 0 0 2 0 0 2 17 6 0 1 2 0 1 0 0 1 1 1 0 1 1 1 1 0 2 2 2 0 2 1 7 0 2 2 0 0 0 0 3 5 7 0 0 15 1 2 0 0 0 0 2 0 0 0 0 1 0 2 0 0 0 0 0 0 0 0 0 0 0 0 0 0 0 0 0 0 0 0 1 1 0 2 0 0 0 0 1 0 0 0 0 0 0 0 0 0 0 0 0 0 0 0 0 0 0 0 0 0 0
3 2 1 1 0 4 2 3 3 6 1 2 6 0 2 2 0 2 0 0 70 14 5 407 114 57 21 41 133 15 0 0 0 1 0 1 14 3 0 2 0 0 4 1 0 3 33 8 5 2 4 3 3 2 2 0 0 2 3 2 0 2 3 2 4 4 3 0 3 2 13 0 0 4 0 0 4 15 7 10 14 8 0 30 1 0 7 0 0 0 4 0 0 0 0 3 1 3 0 0 0 0 0 0 0 0 0 0 0 0 0 0 0 0 1 0 0 1 2 1 0 0 0 1 0 0 0 0 0 0 0 0 0 0 1 0 0 1 0 0 3 0 1 1 1 2 1 1 0
0 0 0 0 0 0 0 0 0 0 0 0 0 0 1 0 0 1 0 0 1 3 2 5 0 0 0 16 54 6 0 0 0 0 0 0 5 0 0 0 0 0 1 0 0 0 0 0 0 0 2 0 1 1 0 1 0 1 0 1 0 1 1 0 1 1 1 0 1 1 5 0 2 2 0 0 0 0 3 4 5 0 0 12 0 0 0 0 0 0 0 0 0 0 0 1 0 1 0 0 0 0 0 0 0 0 0 0 0 0 0 0 0 0 0 0 0 0 1 1 0 0 0 0 0 0 0 0 0 0 0 0 0 0 0 0 0 0 0 0 0 0 0 0 0 0 0 0 0
9 7 3 3 4 12 7 9 8 18 2 5 18 0 4 5 0 4 0 1 0 19 15 0 0 1 0 118 389 45 0 0 0 1 0 8 40 0 0 3 0 0 12 0 0 13 101 32 0 7 13 8 8 7 6 7 8 7 5 7 6 7 8 7 11 11 9 0 10 5 41 0 12 12 0 0 13 0 19 32 42 0 1 90 7 9 0 0 0 0 10 0 0 0 0 8 0 10 0 0 0 0 0 0 0 0 0 0 1 0 0 0 0 0 3 0 0 0 8 4 3 11 0 1 0 2 2 1 0 0 0 0 0 0 0 0 0 0 0 0 0 0 0 0 0 0 0 0 0
0 0 0 0 0 0 0 0 0 0 0 0 0 0 0 0 0 0 0 0 0 1 0 0 0 0 0 0 0 0 0 0 0 0 0 0 0 0 0 0 0 0 0 0 0 0 0 0 0 0 1 0 0 0 0 0 0 0 0 0 0 0 0 0 0 0 1 0 0 0 0 0 1 1 0 0 1 0 0 1 2 0 0 3 0 0 0 0 0 0 0 0 0 0 0 0 0 0 0 0 0 0 0 0 0 0 0 0 0 0 0 0 0 0 0 0 0 0 0 0 0 0 0 0 0 0 0 0 0 0 0 0 0 0 0 0 0 0 0 0 0 0 0 0 0 0 0 0 0
1 1 1 0 0 2 1 2 1 3 0 1 3 0 1 1 0 1 0 0 26 6 3 149 42 0 7 21 70 8 0 0 0 0 0 0 5 0 0 0 0 0 2 0 0 1 17 0 0 0 2 1 1 0 0 1 1 1 0 1 0 1 2 0 2 2 2 0 1 1 7 0 0 2 0 0 0 0 3 5 6 0 0 16 0 0 0 0 0 0 1 0 0 0 0 1 0 1 0 0 0 0 0 0 0 0 0 0 0 0 0 0 0 0 1 0 0 0 1 0 0 0 0 0 0 0 0 0 0 0 0 0 0 0 0 0 0 0 0 0 0 0 0 0 0 0 0 0 0
200 153 66 62 93 0 154 194 179 398 31 98 390 0 88 117 0 22 0 30 301 33 259 923 495 270 95 2531 10 965 2 2 2 69 2 190 881 169 0 134 96 23 1 0 0 277 2176 0 0 104 0 0 0 0 0 0 0 7 0 0 0 0 0 0 5 39 0 0 2 107 1 0 0 0 0 0 255 804 276 13 4 0 22 0 158 220 299 59 0 0 0 0 0 0 0 182 77 220 0 0 0 1 0 0 0 0 1 0 0 0 0 0 0 0 64 0 0 0 177 81 80 1 0 46 0 43 84 38 0 0 0 0 0 0 0 0 0 0 0 0 0 0 103 102 0 83 60 65 0
297 227 98 92 139 0 229 288 266 593 46 146 579 0 129 176 0 131 0 44 404 645 495 0 666 371 127 3793 40 1446 6 4 3 104 11 284 1314 254 0 206 149 34 4 0 0 411 3233 0 0 168 192 176 179 202 211 194 246 211 270 214 206 216 257 341 167 233 282 0 5 166 1322 0 382 386 384 0 386 1250 414 944 7 53 32 2903 235 327 519 96 0 0 0 0 0 0 0 272 119 327 0 0 0 0 0 0 1 0 1 1 169 0 0 1 0 2 95 214 0 0 998 460 285 5 0 261 0 244 472 216 0 0 0 0 0 0 0 98 0 0 0 0 0 0 0 0 155 871 472 0 0
0 0 0 0 0 0 0 0 0 0 0 0 0 0 0 0 1 0 1 0 3 0 0 0 0 0 0 50 167 8 0 0 0 0 0 0 0 0 0 0 0 0 0 0 0 0 0 0 0 3 101 3 4 5 6 0 5 0 0 6 6 6 4 0 2 2 2 0 1 3 0 0 0 0 0 0 0 0 3 1 0 187 0 0 0 0 0 370 0 0 0 0 0 0 0 0 0 0 1 16 0 0 0 0 0 0 0 0 0 0 0 0 1256 1249 346 6 3 0 0 0 0 0 0 0 0 0 0 0 0 0 0 0 0 0 0 0 0 0 0 0 0 0 0 0 0 0 0 0 0
0 0 0 0 0 0 0 0 0 0 0 0 0 0 0 0 2 0 2 0 15 0 0 0 0 0 0 6 21 1 0 0 0 0 0 0 0 0 0 0 0 0 0 0 0 0 0 0 0 2 26 16 18 24 26 0 22 0 0 26 24 24 18 0 8 9 10 0 0 4 0 0 0 0 0 0 0 0 0 0 0 0 0 0 0 0 0 46 0 0 0 0 0 0 0 0 0 0 3 43 0 0 0 0 0 0 0 0 0 0 3516 0 4769 4744 1315 26 20 0 0 0 0 0 0 0 0 0 0 0 0 0 0 0 0 0 0 0 0 0 0 0 0 0 0 0 9 0 0 0 0
0 0 0 0 0 0 0 0 0 0 0 0 0 0 0 0 0 0 0 0 5 0 0 0 0 0 0 6 21 1 0 0 0 0 0 0 0 0 0 0 0 0 0 0 0 0 0 0 0 0 10 0 1 0 2 0 2 0 0 2 2 2 1 0 1 1 1 0 0 0 0 0 0 0 0 0 0 0 0 0 0 0 0 0 0 0 0 47 0 0 0 0 0 0 0 0 0 0 0 1 0 0 0 0 0 0 0 0 0 0 0 0 0 0 0 1 3 0 0 0 0 0 0 0 0 0 0 0 0 0 0 0 0 0 0 0 0 0 0 0 0 0 0 0 0 0 0 0 0
0 0 0 0 0 0 0 0 0 0 0 0 0 0 0 0 0 0 0 0 0 0 0 0 0 0 0 0 0 0 0 0 0 0 0 0 0 0 0 0 0 0 0 0 0 0 0 0 0 0 0 0 0 0 0 0 0 0 0 0 0 0 0 0 0 0 0 0 0 0 0 0 0 0 0 0 0 0 0 0 0 0 0 0 0 0 0 0 0 0 0 0 0 0 0 0 0 0 0 0 0 0 0 0 0 0 0 0 0 0 0 0 0 0 0 0 0 0 0 0 0 0 0 0 0 0 0 0 0 0 0 0 0 0 0 0 0 0 0 0 0 0 0 0 0 0 0 0 0
0 8 0 0 1 1 1 0 0 0 0 0 0 0 0 0 0 0 0 0 0 0 0 0 0 0 0 4 11 1 0 0 0 0 0 0 14 0 0 1 0 0 0 0 0 0 4 0 0 0 2 1 2 2 2 0 0 0 0 3 1 2 2 0 1 1 1 0 0 0 0 0 0 0 0 0 0 0 0 0 0 0 0 0 0 0 0 0 0 0 0 0 0 0 0 0 0 0 0 0 0 0 0 0 5 0 0 0 0 0 0 0 0 0 0 0 0 0 0 0 0 0 0 0 0 0 0 0 0 0 0 0 0 0 0 0 0 0 0 0 0 0 0 0 0 0 0 0 0
2 1924 3 15 222 0 99 4 4 3 4 0 1 0 4 0 79 7 79 5 18 196 112 0 0 1 0 2662 8 531 5 4 3 92 0 141 4448 2254 0 85 7 230 0 22 42 153 286 0 0 9 4 0 37 5 0 12 0 22 37 0 0 0 0 0 80 101 0 0 137 1 66 20 0 26 28 0 3 4 127 317 0 0 226 1151 681 0 563 1628 0 87 124 231 0 0 0 37 166 0 0 1558 1403 24109 24634 9 1939 22863 41892 14334 0 0 0 0 0 1 91 0 78 0 206 14 0 0 0 155 0 0 171 0 0 0 0 0 0 455 0 0 0 0 0 0 0 0 63 62 0 1070 0 0 0
0 0 0 0 0 0 0 0 0 0 0 0 0 0 0 0 0 0 0 0 0 0 93 0 0 0 0 1352 1784 230 2 0 0 7 0 0 3 3 0 0 0 0 96 5 10 0 38 137 51 14 5 43 34 5 0 0 0 32 226 4 0 32 126 38 98 124 239 0 1 12 1129 321 450 453 0 3 5 9 38 19 8 0 45 229 135 288 112 0 9 0 2 6 4 56 0 0 1 290 0 0 0 0 0 0 0 0 2 0 575 583 0 0 0 0 0 0 0 0 3 0 6 2 0 0 2 13 2 1 0 1 2 0 0 6 3 6 1 4 0 0 12 9 0 0 0 16 11 20 0
24 10 6 32 4 18 30 5 10 190 176 64 13 2 197 70 28 26 28 7 20 129 87 0 1247 370 476 1365 3383 433 0 0 0 9 1 12 26 15 5 0 5 101 0 57 0 0 65 0 96 24 61 44 56 52 59 0 60 63 48 72 69 68 63 67 38 53 50 8666 11 20 176 0 0 0 44 0 0 0 57 0 0 0 4 110 41 14 143 189 0 26 33 36 0 0 0 11 0 111 0 207 224 158 162 0 50 145 6 92 271 186 1 1 1 1 5 72 1 0 139 33 0 0 0 0 0 630 0 61 0 0 0 0 0 11 0 44 0 0 0 136 128 0 192 192 67 144 64 0 0
0 0 0 0 0 0 58 0 0 0 1 0 0 0 20 1 1 2992 0 0 0 17 17 0 0 1 0 17 13 9 0 6 0 137 0 100 6 0 0 0 0 0 0 0 0 0 11 0 0 1 0 0 0 0 0 0 0 20 0 0 0 0 0 4 14 0 0 0 1 0 1 0 0 0 0 0 0 7 41 32 27 0 0 0 0 0 0 0 0 4 0 0 0 0 0 0 0 0 0 0 37 0 0 0 0 0 0 0 0 0 0 0 0 0 184 0 0 0 0 47 0 0 0 0 0 0 0 0 0 0 0 0 0 0 0 0 0 0 0 0 0 0 0 0 0 0 0 0 0
0 0 0 0 0 0 0 0 0 0 0 0 0 0 0 0 0 0 0 0 0 7 4 0 0 0 0 1 1 462 0 0 0 0 0 0 0 0 0 0 0 0 0 0 0 0 0 0 0 2 4 0 7 0 0 0 2 2 3 0 1 1 1 3 15 10 2 0 28 0 1 0 0 0 0 0 2 16 5 12 6 10 0 0 0 0 0 0 0 0 0 0 0 0 0 0 0 0 0 0 0 0 0 0 0 0 0 28 0 0 0 0 0 0 0 0 0 0 0 0 0 0 0 0 90 0 11 4 0 0 0 0 0 0 0 165 0 3 0 0 0 0 0 0 0 0 0 0 0
720 0 0 159 0 0 0 0 0 3168 1462 0 437 2 1251 1743 3327 1765 3328 2389 0 1065 6147 0 21 322 3 7198 128 8711 52 53733 56134 2388 118 35 70 47 0 0 15 5 2643 7939 4728 0 4879 872 0 3237 6421 7963 8156 9575 9667 7711 8764 8350 9833 9801 10125 9230 8072 8120 5602 5912 6042 0 4510 3746 249 5388 4185 4200 4257 2284 3235 4849 6284 1709 34 0 69345 8 9 0 316 15 1458 3168 0 650 1138 1406 1347 5068 1703 0 0 73 0 37 0 5 4 0 2759 6 0 0 11276 11256 11276 11224 3109 9768 0 2427 4654 168 0 1096 2180 79 0 18 1894 967 219 0 163 0 253 3032 0 1775 1757 842 0 203 806 2035 1257 1256 9808 1576 1928 1838 0
0 0 3525 0 0 0 0 0 0 0 2603 0 4712 2 867 2314 0 745 0 2 0 379 1524 0 12 214 2 136 103 63 17 7 4 2542 83720 12 3 78 2 0 8 11 6275 10563 4848 0 6654 2630 3131 195 869 523 513 615 506 0 889 609 437 633 611 567 526 695 579 566 5029 0 91 114 9496 3 9 0 10 1042 2150 1226 784 617 2663 1302 212 350 416 531 3619 1156 358 318 0 0 0 0 279 1855 3530 523 0 6325 0 15 0 5500 3371 0 8 5125 0 0 0 3 0 6 0 490 0 1016 1064 446 0 0 9214 213 0 211 887 442 44 0 0 0 0 123 0 998 0 816 0 852 846 4680 333 332 542 1290 1351 1887 0
0 28 36 0 0 103 0 0 0 0 6 0 0 1 312 47 10 75 10 7 0 123 92 0 1 21 0 272 1656 44 56 0 0 85 0 0 33 0 0 0 0 57 0 175 109 0 110 0 494 30 56 88 83 12 0 0 31 31 64 2 15 21 44 44 172 176 76 0 301 2 36 0 105 106 108 0 145 169 122 203 258 135 30 86 95 144 578 219 0 344 147 0 5 63 1 257 0 144 0 80 109 127 79 9 101 257 6 75 247 133 102 102 102 102 62 0 16 167 351 112 0 0 0 7 151 77 402 128 677 844 0 0 0 405 0 387 352 515 0 480 852 893 996 995 0 1942 367 280 0
2 72 1 31 4 67 9 0 0 3 3 1 0 0 67 25 1 237 1 8 24 1558 757 0 2 5344 7209 605 1181 180 4 2 2 29 4 0 28 88 55 0 0 0 50 170 0 0 131 173 16 207 506 67 99 11 7 0 56 48 257 3 19 47 0 60 213 223 284 0 275 148 258 303 490 434 501 0 0 49 764 159 993 1387 11 88 44 80 118 1 97 0 88 0 0 92 236 0 0 80 0 0 0 2 0 0 0 0 0 1 0 0 0 2 0 4 35 0 4 1 50 3 0 0 0 0 0 31 434 186 0 0 30 0 26 0 0 59 0 77 0 0 209 0 1300 1300 0 230 6 67 0
452 1430 708 334 419 1946 1101 767 969 1840 365 411 254 1 823 328 0 631 0 192 20 3349 3147 0 4258 872 813 10341 197 271 60 45 45 1472 44 1477 1838 1627 1923 2586 1493 1020 1626 2292 1817 2286 6562 0 1132 386 1178 526 867 947 954 0 960 945 591 959 937 903 37 1502 801 651 527 0 687 309 2255 448 197 0 267 0 414 414 3050 4650 3535 1534 75 3027 2581 1461 298 1358 818 397 1272 446 432 780 0 842 2809 1462 0 4490 1256 903 932 6 970 853 4 535 1481 1142 1842 1841 1842 1838 1366 962 0 1165 1015 0 924 515 0 62 0 330 136 880 0 0 0 0 0 0 0 387 0 277 0 416 528 428 2882 2882 940 683 326 524 0
0 0 0 0 0 0 0 0 0 0 0 0 0 0 0 0 4 0 4 0 1151 2928 0 0 9319 5289 5355 0 0 0 0 0 0 0 0 0 0 0 0 0 0 0 0 0 0 0 0 0 0 0 1045 1076 1129 1560 1603 519 1364 1306 607 1626 1532 1455 1129 1243 464 568 593 0 0 53 37 446 0 0 19 0 0 0 0 0 0 0 0 0 0 0 0 0 0 0 0 0 0 0 0 0 0 0 0 31 0 0 0 0 0 0 0 0 0 0 190 190 190 189 48 691 0 0 0 7373 0 0 0 0 0 0 0 0 0 0 0 0 0 0 0 0 0 0 0 0 0 0 0 0 1634 0 0 0 1
31 320 96 23 326 295 43 35 45 62 19 17 0 0 205 287 0 159 0 50 1 691 464 653 186 34 35 148 2203 160 0 0 0 89 3 0 6916 363 190 145 148 180 0 57 97 171 1523 347 213 1082 250 105 94 16 0 0 0 50 121 3 18 22 0 194 233 145 84 0 296 1032 1539 0 110 30 121 0 290 270 376 1052 560 688 100 125 128 1236 88 28 0 141 397 0 0 40 0 0 0 1241 0 1056 0 2 0 0 1 0 4 1 0 0 0 1 0 2 60 0 0 23 339 0 0 0 0 0 0 1058 0 0 0 0 0 0 0 58 0 1029 0 0 0 0 0 0 1376 1374 0 0 0 0 0
1 96 9 2 77 37 11 5 7 11 3 3 0 0 69 229 0 19 0 8 1 193 105 1031 290 11 55 66 738 20 0 0 0 14 0 8 1637 111 22 32 14 10 0 0 21 23 158 0 0 23 132 137 138 151 136 0 0 136 91 153 149 143 0 164 119 100 80 0 107 17 383 0 8 0 35 0 64 68 86 256 188 80 1 7 4 5 0 0 0 0 86 0 0 0 0 0 0 5 0 37 0 1 0 0 0 0 0 0 0 0 0 0 0 0 4 66 0 0 55 0 0 0 0 0 0 236 168 0 0 0 0 0 0 0 0 343 0 0 0 0 42 0 382 381 109 0 0 0 0
0 61 327 143 29 28 58 1 0 1 7 0 2 0 98 101 0 173 0 7 1 171 824 985 556 246 211 299 1127 243 2 0 1 176 9 14 41 77 0 327 1053 1118 52 261 199 34 256 307 641 120 393 348 351 0 393 359 376 356 382 395 384 393 405 363 282 324 406 0 206 85 230 375 467 478 479 74 934 343 832 209 469 381 9 25 16 25 81 158 176 258 880 0 7 78 26 0 97 24 0 412 265 101 92 0 89 0 2 53 142 86 628 627 628 626 207 365 0 145 526 98 0 0 0 203 63 197 495 477 0 5238 100 0 0 472 4 236 208 645 0 685 381 197 8220 8220 386 1301 336 241 0
49 213 365 211 51 374 394 2 0 654 144 137 2 1 203 419 3 289 3 71 5 1025 1316 2651 1491 458 568 3858 73 3271 16 10 10 346 13 497 224 241 340 368 993 277 186 710 346 500 985 781 800 190 1404 1219 1268 0 1673 775 1554 1456 903 1720 1634 1574 1330 1585 718 851 873 0 142 187 2210 684 424 398 466 0 206 289 1177 1427 1689 764 109 336 218 339 1018 1840 0 208 651 0 0 144 0 481 91 338 0 1219 0 152 150 0 275 132 11 86 107 252 220 221 220 223 286 1649 0 73 1024 2904 270 518 0 2320 518 215 15282 8007 0 0 0 0 0 159 0 3264 0 277 248 89 106 0 7277 7276 1686 410 211 0 0
9 158 51 309 82 220 212 53 152 376 39 79 220 0 187 209 90 191 90 35 52 438 655 3035 1642 508 626 364 1370 293 4 2 1 129 18 188 489 191 214 307 143 635 149 540 212 167 201 319 2469 75 242 173 213 0 184 17 262 233 245 255 246 250 266 298 176 220 260 0 57 56 1026 255 307 311 312 0 379 542 610 494 649 146 42 138 88 138 433 605 185 1365 0 256 0 98 0 311 331 139 0 1100 674 249 218 0 248 195 4 125 237 371 36 36 36 38 28 256 0 171 1350 840 0 633 130 0 297 2197 522 431 0 554 0 308 953 2931 0 606 296 947 0 715 749 824 966 965 217 2265 927 833 0
1080 1293 1064 793 926 1053 1182 1875 1166 702 1899 427 799 3 997 654 7 735 7 98 1694 3378 1938 0 10 3331 3266 4347 5045 147 37 27 22 690 59 901 565 1520 1044 925 814 685 786 1320 782 643 3719 1559 2238 890 1874 1614 1615 1477 1485 1277 1563 1438 1053 1490 1499 1455 1292 1664 1719 1397 942 0 2109 743 2959 724 513 512 516 980 942 1287 1834 2738 2291 2475 236 6770 1087 3396 424 745 1221 1546 9 258 198 553 573 1082 1285 3406 0 2928 1788 1150 1135 7 631 1037 14 653 1838 1605 4050 4046 4050 4040 1507 1383 93 2196 3087 1250 3337 2728 77 3209 113 1055 1730 1803 193 1461 0 0 6895 0 4305 314 0 1068 264 1779 1260 1283 1558 1558 1460 3250 1282 2153 0
559 351 528 303 1028 189 136 822 270 16 321 15 530 1 455 421 4 161 4 28 197 400 227 1262 2540 500 485 433 3996 106 6 5 4 251 48 46 22 122 182 131 165 28 232 449 402 94 1387 336 207 81 243 270 274 244 223 0 273 243 80 246 248 239 208 250 310 228 135 0 375 37 911 50 42 41 44 193 180 438 226 283 1207 218 6 250 246 298 31 151 236 310 328 0 0 120 97 330 1 297 0 149 683 214 210 0 36 3202 22 120 308 88 1264 1261 1264 1258 420 158 11 319 778 3124 0 563 7 0 1668 764 1647 2793 44 554 0 0 0 0 0 1750 0 179 0 212 171 0 608 608 210 522 210 366 0
16 80 28 58 20 109 92 5 0 21 10 6 0 0 87 28 0 34 0 2 10 276 145 0 2366 675 903 32 102 22 4 3 2 84 0 72 42 94 92 40 45 111 0 76 67 29 0 0 0 43 167 58 65 59 45 0 63 64 99 61 62 67 84 79 71 99 105 0 60 32 73 71 150 151 151 0 13 67 143 145 152 361 43 178 258 270 254 451 0 0 0 0 0 21 0 314 0 271 0 92 82 36 34 0 18 31 6 20 49 8 410 409 410 408 149 0 0 0 162 44 0 0 0 768 58 36 0 5962 0 0 0 2114 7794 0 0 0 0 0 0 0 0 0 53 52 24 0 0 21 0
0 153 0 186 59 0 145 11 32 10 4 0 46 0 73 83 1 183 1 19 3 314 293 1702 955 288 364 260 1018 208 0 0 0 11 6 152 542 187 0 142 0 58 0 307 22 0 126 449 0 21 111 89 93 84 102 0 125 107 102 119 113 113 115 161 72 92 103 0 6 14 571 0 109 59 114 0 0 448 273 381 329 15 25 76 48 2326 232 157 0 464 435 0 0 100 76 190 2 2341 0 329 250 196 178 0 86 156 2 102 296 299 3 4 3 5 13 116 0 1625 1785 5144 2032 9036 771 599 182 1054 804 5 0 751 726 0 572 944 0 261 574 719 795 514 1334 1882 881 881 117 1219 927 1774 0
35 24 20 320 65 0 121 19 57 51 1 3 82 0 67 52 0 14 0 6 0 236 108 0 1266 386 483 172 671 141 0 0 0 37 0 57 100 22 0 0 6 108 0 0 55 95 71 0 0 28 5 0 23 4 2 0 15 10 13 1 4 4 0 38 52 60 6 0 83 21 188 0 0 0 0 0 208 462 105 217 2 0 38 116 75 118 355 304 0 7 0 0 0 61 0 0 0 119 9 498 468 195 202 0 114 181 2 115 260 0 12 12 12 12 14 0 0 0 311 0 0 0 0 0 0 4 0 0 0 0 0 0 0 55 0 0 0 0 0 0 0 0 87 86 0 125 0 0 0
10 90 19 33 6 96 77 3 7 118 11 26 8 0 60 21 72 148 72 22 33 59 141 350 199 131 75 75 249 57 3 1 1 55 6 92 25 110 84 751 33 222 25 279 60 39 131 0 0 45 196 180 180 196 186 0 210 189 264 199 194 206 243 190 164 227 284 0 78 28 584 274 378 388 395 0 497 507 106 72 224 183 47 143 92 144 440 624 0 3257 0 0 0 0 3 84 235 145 0 676 522 253 233 0 150 210 11 133 338 103 15 16 15 17 33 146 0 162 603 510 0 59 0 115 86 217 496 89 0 203 0 311 630 1854 0 366 0 677 0 73 265 0 455 454 158 739 624 229 0
0 5 1 0 10 11 26 0 10 0 97 0 5 1 0 10 2166 363 2166 60 39 80 238 0 2 50 0 134 515 99 5 2 2 158 10 0 9 14 0 0 0 4 0 75 139 54 248 0 0 196 117 146 151 0 129 0 176 153 304 146 144 169 251 168 171 210 351 0 73 159 671 0 533 515 560 0 468 144 196 131 243 48 3 6 4 5 18 3 0 310 840 11 1223 658 156 0 43 5 0 229 281 138 142 0 58 125 0 81 124 242 6 6 6 7 27 114 0 297 55 0 0 0 0 0 0 10 187 54 0 0 0 0 0 206 0 41 0 0 0 201 0 0 55 54 80 308 0 0 0
112 369 212 63 337 812 832 1254 553 5838 3703 2417 601 2 540 387 154 1005 154 193 721 918 769 0 3828 970 730 535 740 118 33 23 23 815 57 957 5600 477 733 2085 425 2934 0 3377 1009 504 1489 0 0 383 1021 952 933 747 709 364 837 798 1129 720 748 802 971 838 1180 1141 1168 0 1366 265 1502 985 1536 1552 1557 1015 2517 1419 700 1064 1313 1475 285 3054 1481 976 809 3076 1201 2662 0 920 1417 1064 708 1956 371 976 0 4149 3768 1425 1351 6 897 1230 63 774 2204 2286 146 148 146 152 486 584 0 2064 3379 10843 1416 1706 527 800 995 3580 2392 4408 198 0 627 0 1778 3455 0 1221 2513 1366 0 0 549 251 0 0 663 4893 2574 0 0
0 17 16 0 0 35 823 2 0 3 14 0 0 0 153 19 22 49 22 4 0 68 69 0 1 28 0 360 1729 194 19 5 5 38 0 1279 20 14 0 107 38 36 0 14 0 0 178 0 0 7 11 0 5 0 0 0 3 5 0 4 4 6 12 21 6 13 20 0 4 0 0 0 34 33 36 0 290 34 101 116 0 0 2 8 10 13 35 51 0 76 0 51 0 44 0 0 0 13 0 25 104 206 469 2 143 1005 19 88 186 175 912 910 912 907 254 4 123 0 161 523 0 0 0 555 0 7 106 18 0 0 0 0 0 118 0 16 0 0 228 0 0 0 189 189 4 449 14 8 0
0 44 1 0 0 58 17 1 3 0 3 0 4 0 24 0 64 57 64 4 0 87 229 0 1 17 0 900 3699 823 0 0 0 780 0 0 0 33 0 0 0 92 0 52 0 0 75 0 0 33 85 65 79 46 51 0 83 191 95 89 87 92 106 99 141 91 122 0 33 22 54 0 152 121 167 0 4 125 291 163 86 68 9 24 21 25 114 80 0 201 51 0 0 0 0 19 0 32 0 0 63 68 50 0 22 35 3 42 93 94 8 8 8 9 1000 88 0 0 12 1775 0 0 0 0 0 101 45 0 0 0 0 0 0 250 0 28 0 415 0 160 0 38 136 136 89 682 0 0 0
44 2041 125 0 62 0 237 1175 1480 1319 126 112 953 0 693 833 25 395 25 127 19 781 1267 0 1330 389 507 292 527 729 10 1 1 34 33 338 583 2369 0 143 290 4 0 27 0 329 686 700 201 114 313 438 417 316 273 0 489 362 715 300 314 369 587 512 624 591 814 0 466 47 3922 0 1276 1286 1275 246 0 860 984 1061 1577 295 172 65 123 104 113 174 526 1304 38 1121 79 1367 275 217 1597 108 0 990 930 433 383 1 192 358 11 242 659 660 618 617 618 618 166 294 0 505 1799 591 0 0 0 3192 0 9 938 4155 0 1484 0 0 3171 4742 0 11 1393 1265 0 238 0 0 1627 1627 278 10469 2403 584 9
14 34 13 0 9 30 17 18 19 87 16 11 55 0 12 9 4 12 4 1 1 32 13 647 184 8 37 92 224 12 17 3 4 24 0 16 10 37 4 37 0 20 0 0 0 0 32 0 0 9 25 3 17 0 0 0 17 22 21 23 22 21 21 21 11 32 19 0 1 7 16 0 0 0 20 0 0 32 17 15 0 0 94 40 230 0 225 0 0 19 7 0 0 0 0 0 0 0 0 26 45 30 29 0 19 22 15 14 0 46 13 13 13 13 27 0 0 0 51 21 0 0 0 0 0 5 0 0 0 0 0 0 0 0 0 0 0 0 36 0 0 0 0 0 0 0 0 0 3
14 35 14 0 10 31 18 19 20 89 16 12 57 0 14 10 5 13 5 1 1 32 14 646 184 9 37 99 243 13 18 3 4 25 0 17 10 38 5 38 0 21 0 0 0 0 34 0 0 12 27 17 30 0 0 0 22 26 27 24 25 25 24 23 37 49 23 0 48 8 16 0 0 0 21 0 0 33 18 15 0 0 95 105 234 0 229 947 0 38 8 0 0 0 0 0 0 0 0 28 47 31 30 0 19 23 15 15 0 47 13 13 13 14 28 0 0 0 53 22 0 0 0 0 0 5 0 0 0 0 0 0 0 0 0 0 0 0 37 0 0 0 1 0 0 0 0 0 3
19 43 17 11 11 0 23 24 35 111 20 15 78 0 22 24 6 16 6 2 6 41 18 0 235 11 47 0 300 18 25 7 8 32 0 37 15 49 0 70 25 27 0 19 15 50 40 0 0 12 20 0 23 30 0 15 0 29 27 0 0 0 0 0 11 43 0 0 1 10 21 28 0 25 26 0 62 46 22 19 21 0 122 139 310 0 303 1221 0 25 44 0 0 0 0 10 54 0 0 50 71 39 39 0 24 31 19 19 58 0 11 0 15 17 33 31 0 0 101 30 0 0 26 64 0 0 111 0 0 0 0 0 0 0 0 22 0 0 0 0 0 0 26 25 0 73 27 64 4
51 25 17 32 34 41 45 82 72 114 41 33 0 0 11 0 3 37 3 3 8 110 149 463 161 7 43 671 1816 195 0 0 0 0 0 0 6 37 0 0 0 6 0 0 0 23 0 0 0 18 62 50 65 0 35 0 55 61 56 52 53 54 56 69 82 69 54 0 99 8 85 0 0 48 56 0 0 79 178 163 174 74 8 31 46 48 48 69 0 0 50 0 0 0 0 70 0 48 0 69 64 54 50 0 26 40 1 30 0 0 29 29 29 29 84 0 0 0 218 66 0 0 0 0 0 15 7 21 0 0 0 0 0 85 0 0 0 0 0 0 0 0 44 40 0 0 0 0 1
0 2 5 0 0 45 0 9 9 2 12 0 9 0 20 0 0 27 0 6 13 62 72 807 452 136 173 3 69 6 4 0 0 50 2 0 2 2 0 9 0 253 0 0 0 0 71 0 940 8 24 0 30 11 0 0 33 36 0 29 29 33 47 36 38 41 62 0 16 0 4 0 0 87 97 0 4 56 61 43 79 10 25 9 18 15 19 26 0 0 110 0 0 0 0 54 0 16 0 19 124 41 17 0 12 12 2 10 0 0 2 2 2 7 46 29 0 0 227 129 0 0 0 0 0 16 40 278 0 0 0 0 0 49 0 47 0 137 0 0 216 0 131 130 0 1996 0 12 0
11 39 122 0 0 22 0 0 0 104 92 19 0 1 45 80 14 37 14 3 181 2665 101 0 1 9522 12844 297 893 793 0 0 0 183 2 0 3 37 0 0 0 42 0 90 0 1857 56 0 60 27 33 9 37 36 0 0 37 64 0 46 44 44 45 52 43 34 43 0 7 21 49 0 0 1 50 0 0 71 118 99 64 0 3 8 7 9 38 34 0 154 81 0 0 38 0 4 0 9 0 26 58 27 21 0 14 15 0 13 0 36 51 51 51 51 230 46 0 63 323 5 0 0 0 0 0 1 386 157 0 168 0 0 0 0 0 156 0 105 205 0 107 0 331 329 0 598 0 0 0
0 0 0 0 0 0 0 0 0 0 0 0 0 0 0 0 38982 467 38993 8766 3 44 0 0 393 0 0 0 0 0 0 0 0 0 0 0 0 0 0 0 0 0 0 0 0 0 0 0 0 0 0 0 0 0 0 0 0 0 0 0 0 0 0 0 0 0 0 0 0 0 0 0 0 0 0 0 0 0 0 0 0 0 0 0 0 0 0 0 0 0 0 0 0 159 0 0 0 0 0 0 0 0 0 0 0 0 0 0 0 0 0 0 0 0 0 0 0 0 0 0 0 0 0 0 0 0 0 0 0 0 0 0 0 0 0 0 0 0 0 0 0 0 0 0 0 0 0 0 0
