162
0 0 0 0 0 0 0 0 150 136 81 98 104 79 4 0 0 0 0 0 0 0 0 0 0 0 0 0 0 84 37 43 128 138 47 1110 183 189 0 0 0 0 0 0 0 0 0 0 0 0 0 0 0 0 0 0 0 0 0 0 0 0 0 0 0 0 0 3 0 0 0 0 0 0 0 0 0 0 0 0 0 0 0 0 0 0 0 0 0 0 0 0 0 0 1 0 0 0 0 0 0 0 142 0 0 0 1 0 0 0 0 0 0 0 0 0 0 0 0 0 0 0 0 0 0 0 0 0 0 0 0 0 0 0 0 0 0 0 0 0 0 0 0 0 0 0 0 0 0 0 0 0 0 0 0 0 0 0 0 0 0 0
0 0 0 0 0 0 0 5 380 174 16 237 255 147 0 0 0 0 0 0 0 0 0 0 0 0 0 0 0 861 382 442 1311 1421 479 1237 1880 1737 3 1 0 0 0 0 0 0 0 0 1 0 0 1 0 0 0 1 0 0 0 1 0 1 0 1 0 0 0 38 0 0 0 1 0 2 0 0 0 0 0 0 0 0 0 0 0 0 0 0 0 1 0 0 0 0 10 0 0 0 0 0 0 1 0 0 0 0 7 0 0 0 0 0 0 0 0 0 0 0 0 9 0 0 1 0 0 0 0 0 0 0 0 0 0 0 0 0 0 0 0 0 0 0 0 0 0 0 0 0 0 0 0 0 0 0 0 0 0 0 0 5 0 0
0 0 0 0 0 0 0 14 5902 1249 1428 3578 3849 3811 124 1 0 0 0 1 0 0 0 0 0 0 0 0 0 1621 720 833 2469 2676 904 2330 3541 3271 9 3 0 0 0 1 0 0 0 0 3 1 0 3 1 0 0 1 1 0 1 1 1 2 1 2 1 1 0 83 0 0 0 2 3 4 0 0 0 1 0 0 0 0 0 0 0 0 0 0 0 2 0 0 0 0 23 1 0 0 0 0 0 4 1 0 0 0 14 0 0 0 0 0 0 0 0 0 0 0 0 199 1 0 3 0 1 0 0 0 0 0 0 0 0 0 2 0 0 0 0 0 0 0 0 0 0 0 0 0 0 0 0 0 0 0 0 0 0 0 0 24 2 0
0 0 0 0 0 0 0 3 8 32 20 12 11 11 0 0 0 0 0 0 0 0 0 0 0 0 0 0 0 2357 1047 1213 3593 3895 1313 3388 5152 4762 7 1 0 0 0 0 0 0 0 0 1 0 0 1 0 0 0 0 0 0 0 0 0 0 0 1 0 0 0 79 15 0 0 1 8 3 0 0 0 0 0 0 0 0 0 0 0 0 0 0 0 2 0 0 0 0 30 0 0 0 0 0 0 5 1 0 0 0 20 0 0 0 0 0 0 0 0 0 0 0 0 0 0 0 0 0 0 0 0 0 0 0 0 0 0 0 2 0 0 0 0 0 0 0 0 0 0 0 0 0 0 0 0 0 0 0 0 0 0 0 0 3 0 0
0 0 0 0 0 0 0 8 0 0 0 10 10 0 0 0 0 0 0 1 0 0 0 0 0 0 0 0 0 119 52 60 179 194 66 170 257 236 4 2 0 0 0 0 0 0 0 0 4 1 0 2 2 0 0 2 1 0 2 2 1 2 1 3 1 1 0 47 0 0 0 2 0 2 0 0 0 0 0 0 0 0 0 0 0 0 0 0 0 0 0 0 0 0 1 1 0 0 0 0 0 0 0 0 0 0 1 0 0 0 0 0 0 0 0 0 0 0 0 29 0 0 1 30 6 0 0 0 0 0 0 0 0 0 0 0 0 0 0 0 0 0 0 0 0 0 0 0 0 0 0 0 0 0 0 0 0 0 0 8 1 0
0 0 0 0 0 0 0 0 0 0 0 0 0 0 0 0 0 0 0 0 0 0 0 0 0 0 0 0 0 0 0 0 0 0 0 0 6379 186 0 0 0 0 0 0 0 0 0 0 0 0 0 0 0 0 0 0 0 0 0 0 0 0 0 0 0 0 0 3 0 0 0 0 0 0 0 0 0 0 0 0 0 0 0 0 0 0 0 0 0 0 0 0 0 0 19 0 0 0 0 0 0 104 0 0 0 0 3223 0 0 0 0 0 0 0 0 0 0 0 0 0 0 0 0 0 0 0 0 0 0 0 0 0 0 0 0 0 0 0 0 0 0 0 0 0 0 0 0 0 0 0 0 0 0 0 0 0 0 0 0 0 0 0
0 0 0 0 0 0 0 0 0 0 0 1 1 0 0 0 0 0 0 0 0 0 0 0 0 0 0 0 0 56 25 29 86 93 31 81 123 114 0 0 0 554 7 0 13 53 81 70 0 0 0 0 0 0 0 0 0 0 0 0 0 0 0 0 0 0 0 13 2 2 1 0 2 1 3 0 0 0 0 0 0 0 0 0 0 0 0 0 0 0 0 0 0 0 12 0 0 0 0 0 0 0 0 0 0 0 1 0 0 0 0 0 0 0 0 0 0 0 0 3 0 0 0 1 0 0 0 0 0 0 0 0 0 0 0 0 0 0 0 0 0 0 0 0 0 0 0 0 0 0 0 0 0 0 0 0 0 0 0 1 0 0
0 0 0 0 0 0 0 0 2204 192 0 1306 1406 1331 365 0 120 0 0 0 0 0 0 0 0 0 0 0 0 0 0 0 0 0 9 1 0 0 0 0 1841 0 161 77 0 0 0 0 0 0 0 0 0 0 0 0 0 0 0 0 0 0 0 0 0 0 0 0 0 0 0 0 0 0 0 0 0 0 0 0 0 0 0 0 0 0 0 0 0 0 0 0 0 0 0 0 0 0 0 0 0 0 76 0 0 0 0 0 0 0 0 0 0 0 0 0 0 0 0 0 0 0 0 0 0 0 0 0 0 0 0 0 0 0 0 0 0 0 0 0 0 0 0 0 0 0 0 0 0 0 0 0 0 0 0 0 0 0 0 0 0 0
0 0 0 0 0 0 0 0 0 0 0 0 0 0 5 0 0 0 0 0 0 0 0 0 0 0 0 0 0 3775 0 0 0 0 0 0 0 0 0 0 0 0 0 364 0 0 0 0 0 0 0 0 0 0 0 0 0 0 0 0 0 0 0 0 0 0 0 2 0 0 0 0 0 0 0 0 0 0 0 0 0 0 0 0 0 0 0 0 0 0 0 0 0 0 0 0 0 0 0 0 0 0 0 0 0 0 1 0 0 0 0 0 0 0 0 0 0 0 0 0 0 0 0 0 0 0 0 0 0 0 0 0 0 0 15 0 0 0 0 0 0 0 0 0 0 0 0 0 0 0 0 0 0 0 0 0 0 0 0 0 0 0
0 0 0 0 0 0 0 0 0 0 0 0 0 0 0 0 0 0 0 0 0 0 0 0 0 0 0 0 0 0 60088 0 0 0 0 0 0 0 0 0 0 0 0 553 0 0 0 0 0 0 0 0 0 0 0 0 0 0 0 0 0 0 0 0 0 0 0 34 3 0 0 0 4 1 0 0 0 0 0 0 0 0 0 0 0 0 0 0 0 0 0 0 0 0 0 0 0 0 0 0 0 2 0 0 0 0 8 0 0 0 0 0 0 0 0 0 0 0 0 0 0 0 0 0 0 0 0 0 0 0 0 0 0 0 0 0 0 0 0 0 0 0 0 0 0 0 0 0 0 0 0 0 0 0 0 0 0 0 0 0 0 0
0 0 0 0 0 0 0 4 0 0 0 161 162 0 0 0 0 0 0 1 0 0 0 0 0 0 0 0 0 26 8 9394 21 0 0 33 0 0 0 0 0 7 0 250 0 0 0 0 1 0 0 16 1 0 0 0 0 0 1 1 0 0 0 0 0 0 0 32 1 0 0 0 5 1 0 0 4 6 6 0 0 0 0 0 0 0 0 0 0 0 0 0 0 2 5 1 0 0 0 0 0 1 1 0 0 0 9 0 0 0 0 0 0 0 0 3 0 0 0 30 6 0 22 21 4 0 0 0 0 0 0 0 0 0 2 0 1 0 0 0 0 0 0 2 3 0 0 10 0 0 0 0 0 0 2 0 4 2 0 8 1 0
0 0 0 0 0 0 0 0 0 0 0 0 0 0 0 0 0 0 0 0 0 0 0 0 0 0 0 0 0 0 0 0 2926 0 0 0 0 0 0 0 0 0 0 61 0 0 0 0 0 0 0 0 0 0 0 0 0 0 0 0 0 0 0 0 0 0 0 0 0 0 0 0 0 0 0 0 0 0 0 0 0 0 0 0 0 0 0 0 0 0 0 0 0 0 0 0 0 0 0 0 0 0 0 0 0 0 1 0 0 0 0 0 0 0 0 0 0 0 0 0 0 0 0 0 0 0 0 0 0 0 0 0 0 0 0 0 0 0 0 0 0 0 0 0 0 0 0 0 0 0 0 0 0 0 0 0 0 0 0 0 0 0
0 0 0 0 0 0 0 0 0 54 0 3 0 0 125 0 0 0 0 0 0 0 0 0 0 0 0 0 0 0 0 0 0 0 0 0 0 0 0 0 0 0 0 8 0 0 0 0 0 0 0 0 0 0 0 0 0 0 0 0 0 0 0 0 0 0 0 0 0 0 0 0 0 0 0 0 0 0 0 0 0 0 0 0 0 0 0 0 0 0 0 0 0 0 0 0 0 0 0 0 0 0 0 0 0 0 0 0 0 0 0 0 0 0 0 0 0 0 0 0 0 0 0 0 0 0 0 0 0 0 0 0 0 0 0 0 0 0 0 0 0 0 0 0 0 0 0 0 0 0 0 0 0 0 0 0 0 0 0 0 0 0
0 0 0 0 0 0 0 0 212 156 0 196 134 0 0 0 0 0 0 0 0 0 0 0 0 0 0 0 0 2040 907 1050 3110 2407 36716 2932 4314 0 0 0 0 0 0 152 0 0 0 0 0 0 0 0 0 0 0 0 0 0 0 0 0 0 0 0 0 0 0 261 58 48 35 0 40 12 0 0 0 0 0 0 0 0 0 0 0 0 0 0 36 4 0 0 0 0 76 0 0 0 0 0 0 28 4 1 0 0 66 0 0 0 2 1 0 0 0 0 0 0 0 0 0 0 0 0 0 0 0 0 0 0 0 1 11 0 35 0 0 0 0 0 0 0 0 0 0 0 0 0 0 0 0 0 0 0 0 0 0 0 0 0 0 0
0 0 0 0 0 0 0 0 0 0 0 0 0 0 0 0 0 0 0 0 0 0 0 0 0 0 0 0 0 0 0 0 0 0 0 0 0 0 0 0 0 4 0 0 14 1 0 0 0 0 0 0 0 0 0 0 0 0 0 0 0 0 0 0 0 0 0 0 0 0 0 0 0 0 268 0 0 0 0 0 4 119 6 12 0 3 6 0 0 0 0 0 0 0 10 0 0 0 0 0 0 0 0 0 0 0 0 0 0 0 0 0 0 0 0 0 0 0 0 0 0 0 0 0 0 0 0 0 0 0 0 0 0 0 0 0 0 0 0 0 0 0 0 0 0 0 0 0 0 0 0 0 0 0 0 0 0 0 0 0 0 0
0 0 0 54 0 0 0 47 25 25 13 17 17 12 0 0 0 1 0 5 130 56 36 48 35 25 134 55 26 1 1 1 2 2 1 2 2 0 8 10 0 15 0 6 2893 5246 3504 33 3 1 0 1 1 0 0 1 1 0 1 1 1 1 1 2 1 1 0 27 1 0 5 56 57 48 223 0 3 3 0 0 0 82 5 10 0 8 1 0 0 6 0 0 0 0 7 0 0 0 0 0 0 7 9742 0 0 0 15 0 0 0 0 0 0 0 0 0 0 0 0 0 0 0 0 0 0 0 0 0 0 0 0 0 0 0 0 0 9 0 0 0 0 0 0 0 2 0 0 0 0 0 0 0 0 0 0 0 0 0 0 4 0 0
0 0 0 0 0 0 0 0 0 0 0 0 0 0 0 0 0 0 0 0 0 0 0 0 0 0 0 0 0 0 0 0 0 0 0 0 0 0 0 4230 0 0 0 0 0 0 0 0 0 0 0 0 0 0 0 0 0 0 0 0 0 0 0 0 0 0 0 19 4 0 0 2 2 3 0 0 0 0 0 0 0 0 0 0 0 0 0 0 0 0 0 0 0 0 0 0 0 0 0 0 0 0 0 0 0 0 5 0 0 0 0 0 0 0 0 0 0 0 0 237 0 0 0 0 0 0 0 0 0 0 0 0 0 0 0 0 0 0 0 0 0 0 0 0 0 0 0 0 0 0 0 0 0 0 0 0 0 0 0 0 2 0
0 0 0 0 0 0 0 0 0 0 0 0 0 0 0 0 0 0 0 0 0 0 0 0 0 0 0 0 0 0 0 0 0 0 0 0 0 0 0 0 0 0 0 0 0 0 0 0 0 0 0 0 0 0 0 0 0 0 0 0 0 0 0 0 0 0 0 0 0 0 0 0 0 0 0 0 0 0 0 0 0 0 0 0 0 0 0 0 0 0 0 0 0 0 0 0 0 0 0 0 0 0 0 0 0 0 0 0 0 0 0 0 0 0 0 0 0 0 0 0 0 0 0 0 0 0 0 0 0 0 0 0 0 0 0 0 0 0 0 0 0 0 0 0 0 0 0 0 0 0 0 0 0 0 0 0 0 0 0 0 0 0
0 0 0 0 0 0 0 0 0 0 0 0 0 0 0 0 0 0 0 0 0 0 0 0 0 0 0 0 0 0 0 0 0 0 0 0 0 0 0 0 0 0 0 0 0 0 0 0 0 0 0 0 0 0 0 0 0 0 0 0 0 0 0 0 0 0 0 0 0 0 8 8 9 9 0 0 0 0 0 0 0 0 0 0 0 0 0 0 0 0 0 0 0 0 0 0 0 0 0 0 0 0 0 0 0 0 0 0 0 0 0 0 0 0 0 0 0 0 0 0 0 0 0 0 0 0 0 0 0 0 0 0 0 0 0 0 0 0 0 0 0 0 0 0 0 0 0 0 0 0 0 0 0 0 0 0 0 0 0 0 0 0
0 0 0 0 0 0 0 0 0 0 0 0 0 0 0 0 0 0 0 0 0 0 0 0 0 0 0 0 0 0 0 0 0 0 0 0 0 0 0 0 0 0 0 0 0 0 0 0 0 0 0 0 0 0 0 0 0 0 0 0 0 0 0 0 0 0 0 0 0 0 0 0 0 0 0 0 0 0 0 0 0 0 0 0 0 0 0 0 0 0 0 0 0 0 0 0 0 0 0 0 0 0 0 0 0 0 0 0 0 0 0 0 0 0 0 0 0 0 0 0 0 0 0 0 0 0 0 0 0 0 0 0 0 0 0 0 0 0 0 0 0 0 0 0 0 0 0 0 0 0 0 0 0 0 0 0 0 0 0 0 0 0
0 0 0 0 0 0 0 0 0 0 0 0 0 0 0 0 0 0 0 0 0 0 0 0 0 0 0 0 0 0 0 0 0 0 0 0 0 0 0 0 0 0 0 0 0 0 0 0 0 0 0 0 0 0 0 0 0 0 0 0 0 0 0 0 0 0 899 0 0 0 0 0 0 0 0 0 0 0 0 0 0 0 0 0 0 0 0 0 0 0 0 0 0 0 0 0 0 0 0 0 0 0 0 0 0 0 0 0 0 0 0 0 0 0 0 0 0 0 0 0 0 0 0 0 0 0 0 0 0 0 0 0 0 0 0 0 0 0 0 0 0 0 0 0 0 0 0 0 0 0 0 0 0 0 0 0 0 0 0 0 0 0
0 0 0 0 0 0 0 0 0 0 0 0 0 0 0 0 0 0 0 0 0 0 0 0 0 0 0 0 0 0 0 0 0 0 0 0 0 0 0 0 0 0 0 0 0 7 8 0 101 31 11 0 6 0 0 23 7 4 30 8 13 14 13 15 4 11 0 11 0 0 0 0 1 0 0 0 0 285 0 0 0 0 0 0 36855 0 0 0 0 0 0 0 0 0 0 0 0 0 0 0 0 0 0 0 0 0 4 0 0 0 0 0 0 0 0 0 0 1 0 0 0 0 0 0 0 0 0 0 0 0 0 0 0 0 0 12 0 0 0 0 0 0 0 0 0 0 0 0 0 0 0 0 0 0 0 0 0 0 0 0 0 0
0 0 0 0 0 0 0 0 0 0 0 0 0 0 0 0 0 0 0 0 0 0 0 0 0 0 0 0 0 0 0 0 0 0 0 0 0 0 0 0 0 0 0 0 0 3 0 0 5 1 0 1 0 0 0 1 0 0 1 0 1 1 1 1 0 0 0 0 0 0 0 0 0 0 0 0 0 0 0 0 0 0 0 0 0 1326 0 0 0 0 0 0 0 0 0 0 0 0 0 0 0 0 0 0 0 0 0 0 0 0 0 0 0 0 0 0 0 0 0 0 0 0 0 0 0 0 0 0 0 0 0 0 0 0 0 0 0 0 0 0 0 0 0 0 0 0 0 0 0 0 0 0 0 0 0 0 0 0 0 0 0 0
0 0 0 0 0 0 0 0 0 0 0 0 0 0 0 0 0 0 0 0 0 0 0 0 0 0 0 0 0 0 0 0 0 0 0 0 0 0 0 0 0 0 0 0 0 0 0 0 2 1 0 0 0 0 0 0 0 0 1 0 0 0 0 0 0 0 0 0 0 0 0 0 0 0 0 0 0 0 0 0 0 13431 0 0 0 0 0 0 0 0 0 0 0 0 0 0 0 0 0 0 0 829 0 0 0 0 0 0 0 0 0 0 0 0 0 0 0 0 0 0 0 0 0 0 0 0 0 0 0 0 0 0 0 0 0 1 0 0 0 0 0 0 0 0 0 0 0 0 0 0 0 0 0 0 0 0 0 0 0 0 0 0
0 0 0 0 0 0 0 0 0 0 0 0 0 0 0 0 0 0 0 0 0 0 0 0 0 0 0 0 0 0 0 0 0 0 0 0 0 0 0 0 0 0 0 0 0 0 0 0 0 0 0 0 0 0 0 0 0 0 0 0 0 0 0 0 0 0 0 0 0 0 0 0 0 0 0 0 0 0 0 0 0 0 0 0 0 0 0 0 0 0 0 0 0 0 0 0 0 0 0 0 0 0 0 0 0 0 0 0 0 0 0 0 0 0 0 0 0 0 0 0 0 0 0 0 0 0 0 0 0 0 0 0 0 0 0 0 0 0 0 0 0 0 0 0 0 0 0 0 0 0 0 0 0 0 0 0 0 0 0 0 0 0
0 0 0 0 0 0 0 0 0 0 0 0 0 0 0 0 0 0 0 0 0 0 0 0 0 0 0 0 0 0 0 0 0 0 0 0 0 0 0 0 0 0 0 0 0 1 2 0 15 4 2 2 3 0 0 5 2 2 5 3 3 4 2 5 2 3 0 0 0 0 0 10 7 0 0 0 2 6 0 1 0 0 0 0 0 21347 1795 0 0 0 0 0 0 0 0 0 0 0 0 0 0 0 0 0 0 0 0 0 0 0 0 0 0 0 0 0 0 1 0 0 0 0 0 0 0 0 0 0 0 0 0 0 0 0 0 0 0 0 0 0 0 0 0 0 0 0 0 0 0 0 0 0 0 0 0 0 0 0 0 0 0 0
0 0 0 0 0 0 0 166 0 0 0 233 233 0 0 0 0 1 0 0 0 0 0 0 0 0 0 0 248 0 1 0 0 0 0 0 8 0 0 0 5 0 0 0 0 16 0 0 83 5 0 27 0 0 0 4 2 3 5 30 2 4 181 3 1 2 0 8 16 72 0 4 0 0 0 0 22 27 307 558 0 0 0 2 0 0 3048 0 0 0 3147 0 0 0 0 0 37 364 0 0 0 0 8 0 0 398 27 645 0 785 784 783 0 0 0 0 0 0 0 0 0 0 10 0 0 0 3 22 0 0 0 0 0 0 0 2 0 0 0 0 0 0 0 0 0 0 0 10 0 0 0 0 0 0 0 0 2 0 0 1 0 0
0 0 0 0 0 0 0 147 0 0 0 207 208 0 0 0 1 0 0 0 0 0 0 0 0 0 879 0 551 1 1 0 0 0 0 0 7 0 0 0 4 1 0 0 0 113 50 0 36 5 0 65 6 0 0 6 3 4 6 70 3 7 429 6 3 3 0 24 3 12 0 166 170 0 0 0 694 734 769 0 0 30 40 23 21 39 373 0 0 0 2802 0 0 0 0 0 0 70 0 0 0 0 7 0 0 162 24 0 697 616 615 614 0 0 0 0 0 0 0 0 0 0 5 0 0 0 0 12 0 0 0 0 0 0 0 3 0 0 0 0 0 0 0 2 3 0 0 18 0 0 0 0 0 0 7 0 11 1 0 1 0 0
0 0 0 0 0 0 0 0 0 0 0 0 0 0 0 0 61 0 0 0 0 0 0 0 0 0 0 0 0 279 124 143 425 460 155 400 609 557 10 15 0 0 0 0 0 2 0 0 36 4 2 1 3 0 0 5 2 3 5 4 3 4 6 6 2 3 0 36 35 154 0 132 138 0 0 0 70 105 0 123 0 0 0 4 0 0 2383 0 0 0 0 0 0 0 0 0 0 0 0 0 0 0 0 0 0 58 3 0 0 0 0 0 0 0 0 0 0 0 0 0 0 0 0 0 0 0 0 0 0 0 0 0 0 0 0 0 0 0 0 0 0 0 0 0 0 0 0 3 0 0 0 0 0 0 0 0 1 0 0 0 0 0
0 0 0 0 0 0 0 1 0 0 0 2 2 0 0 0 77 0 0 1 0 0 0 0 0 0 0 0 0 0 0 21 142 342 116 69 411 0 0 609 0 0 0 0 0 0 0 0 0 0 0 0 0 0 0 0 0 0 0 0 0 0 0 0 0 0 0 0 3 3 2 0 1 0 0 0 0 0 0 0 0 0 0 0 0 0 0 0 0 0 0 0 0 0 0 0 0 0 0 0 0 0 0 0 0 0 5 0 0 0 0 0 0 0 0 0 0 0 0 336 0 0 0 0 0 0 0 0 0 0 0 0 0 0 0 0 0 0 0 0 0 0 0 0 0 0 0 0 0 0 0 0 0 0 0 0 0 0 0 0 0 0
0 0 0 0 0 0 0 4 0 0 0 5 5 0 0 0 165 0 0 1 0 0 0 0 0 0 0 0 0 344 0 186 586 719 243 524 933 0 0 1390 0 0 0 0 0 0 0 0 0 0 0 1 0 0 0 0 0 0 0 0 0 0 0 0 0 0 0 0 4 5 4 0 3 1 0 0 0 0 0 0 0 0 0 0 0 0 0 0 0 0 0 0 0 0 0 1 2 0 0 0 0 1 1 0 0 0 10 0 0 0 0 0 0 0 0 0 0 0 0 706 0 0 1 0 0 0 0 0 0 0 0 0 0 0 0 0 0 0 0 0 0 0 0 0 0 0 0 0 0 0 0 0 0 0 0 0 0 0 0 20 0 0
0 0 0 0 0 0 0 1 0 0 0 1 1 0 0 0 23 0 0 0 0 0 0 0 0 0 0 0 0 0 0 0 41 142 48 5 166 0 0 0 0 0 0 0 0 0 0 0 0 0 0 0 0 0 0 0 0 0 0 0 0 0 0 0 0 0 0 0 1 1 1 0 1 0 0 0 0 0 0 0 0 0 0 0 0 0 0 0 0 0 0 0 0 0 0 1 10 0 0 16 0 0 1 0 0 0 9 0 0 0 0 0 0 0 0 0 0 0 0 113 0 0 0 0 0 0 0 0 0 0 0 0 0 0 0 0 0 0 0 0 0 0 0 0 0 0 0 0 0 0 0 0 0 0 0 0 0 0 0 0 0 0
0 0 0 0 0 0 0 1 0 0 0 0 1 0 0 0 44 0 0 0 0 0 0 0 0 0 0 0 0 0 0 0 0 288 97 0 315 0 0 0 0 0 0 0 0 0 0 0 0 0 0 0 0 0 0 0 0 0 0 0 0 0 0 0 0 0 0 0 2 3 2 0 1 0 0 0 0 0 0 0 0 0 0 0 0 0 0 0 0 0 0 0 0 0 0 0 9 0 0 0 0 0 1 0 0 0 11 0 0 0 0 0 0 0 0 0 0 0 0 0 0 0 0 0 0 0 0 0 0 0 0 0 0 0 0 0 0 0 0 0 0 0 0 0 0 0 0 0 0 0 0 0 0 0 0 0 0 0 0 0 0 0
0 0 0 0 0 0 0 3 1985 1900 1029 1307 1388 0 0 0 131 0 0 1 0 2 4 3 1 2 3 4 0 0 0 0 0 0 41 0 0 0 0 1963 0 0 5 334 0 1 0 0 8 1 2 2 2 0 0 2 1 0 2 2 1 2 3 3 1 2 0 0 2 4 40 40 42 42 0 0 53 4 3 0 0 0 0 0 0 3 0 0 0 0 0 0 0 0 0 3 3 0 0 0 0 0 3 0 0 6 12 0 0 12 12 8 0 0 0 0 0 0 0 473 0 0 1 0 0 0 0 0 0 0 0 0 0 0 0 0 0 0 0 0 0 0 0 0 0 0 0 0 0 0 0 0 0 0 0 0 0 0 0 0 0 0
0 0 0 0 0 0 0 0 6 1335 458 142 118 0 2 0 36 0 0 1 1 2 3 3 1 3 0 1 0 0 0 0 0 0 0 0 0 0 0 0 0 0 0 0 0 0 0 0 0 0 0 0 0 0 0 0 0 0 0 0 0 0 1 0 0 0 0 0 0 0 0 0 0 0 0 0 0 1 0 0 0 0 0 0 0 0 0 0 0 0 0 0 0 0 0 5 0 0 0 0 0 0 0 0 0 0 4 0 0 13 13 5 0 0 0 0 0 0 0 520 0 0 0 0 0 0 0 0 0 0 0 0 0 0 0 0 0 0 0 0 0 0 0 0 0 0 0 0 0 0 0 0 0 0 0 0 0 0 0 0 0 0
0 0 0 0 0 0 0 0 0 0 0 0 0 0 0 0 13 0 0 0 0 0 1 1 0 1 1 1 0 0 0 0 100 380 128 0 441 0 0 798 51 0 0 0 0 0 0 0 0 0 0 0 0 0 0 0 0 0 0 0 0 0 0 0 0 0 0 0 2 3 2 0 1 0 0 0 0 0 0 0 0 0 0 0 0 0 0 0 0 0 0 0 0 0 0 1 1 0 0 0 0 0 1 0 0 0 6 0 0 4 4 2 0 0 0 0 0 0 0 29 0 0 0 0 0 0 0 0 0 0 0 0 0 0 0 0 0 0 0 0 0 0 0 0 0 0 0 0 0 0 0 0 0 0 0 0 0 0 0 0 0 0
0 0 0 0 0 0 0 0 283 271 122 187 198 0 1 0 17 0 0 0 0 0 0 0 0 0 0 0 0 0 0 0 0 71 78 0 0 0 0 424 0 0 0 0 0 0 0 0 0 0 0 0 0 0 0 0 0 0 0 0 0 0 0 0 0 0 0 0 1 1 0 0 0 0 0 0 0 0 0 0 0 1 0 0 0 0 0 0 0 0 0 0 0 0 0 0 1 0 0 0 0 0 2 0 0 0 5 0 0 0 0 0 0 0 0 0 0 0 0 53 0 0 0 0 0 0 0 0 0 0 0 0 0 0 0 0 0 0 0 0 0 0 0 0 0 0 0 0 0 0 0 0 0 0 0 0 0 0 0 0 0 0
0 0 0 0 0 0 0 21 29352 21343 10421 18631 20108 9141 1445 13 862 0 1 5 2 26 57 22 5 12 4 2 0 6984 2386 26549 11142 7428 3618 5999 9672 0 0 2130 0 21 113 1978 0 13 0 0 35 7 10 9 11 6 0 13 8 5 11 13 8 14 7 21 7 9 0 198 38 67 283 241 282 261 0 0 8 195 3 2 34 26 0 4 0 3 3 0 0 0 7 0 0 0 0 12 13 0 0 0 0 25 36 9 0 105 93 0 0 31 32 25 0 0 0 0 0 0 0 969 0 0 5 0 0 0 0 0 0 0 0 0 0 0 0 0 37 0 0 0 0 0 0 0 0 0 0 0 0 0 0 0 0 0 0 0 0 0 0 0 0 0
0 0 0 0 0 0 0 38 13114 9700 5634 8356 9021 4376 1 0 1250 0 0 8 2 6 4 17 2 3 2 3 0 2079 919 1066 3166 3426 1606 2991 4221 2655 0 5164 2 17 181 3672 0 16 0 0 10 3 3 4 4 0 0 5 3 0 4 5 3 5 4 7 3 3 0 0 28 43 445 441 470 462 0 0 5 4 3 0 0 2 0 1 0 1 0 0 0 0 70 0 0 0 0 6 0 0 0 0 0 1 26 0 0 79 52 0 0 44 45 25 0 0 0 0 0 0 0 4234 0 0 8 0 0 0 0 0 0 0 0 0 0 0 0 0 95 0 0 0 0 0 0 0 0 0 0 0 0 0 0 0 0 0 0 0 0 0 0 0 13 0
0 0 0 0 0 0 0 7 4802 6 1964 2889 3093 3070 0 0 0 0 0 3 1 5 11 8 3 10 12 18 0 0 0 7898 28 0 313 0 0 0 0 0 0 0 0 509 5 2 0 0 6 2 2 2 3 0 0 3 2 0 3 3 2 3 2 5 2 2 0 0 3 10 61 57 63 60 0 0 0 0 0 0 0 1 0 1 0 1 0 0 0 0 0 0 0 0 0 14 33 0 0 32 0 0 26 0 0 85 49 0 0 58 58 49 0 0 0 0 0 0 0 885 0 0 2 0 0 0 0 0 0 0 0 0 0 0 0 0 2 0 0 0 0 0 0 0 0 0 0 0 0 0 0 0 0 0 0 0 0 0 0 0 0 0
0 0 0 0 0 0 0 0 0 0 0 1 1 0 0 0 0 0 0 0 0 0 0 7 0 0 0 0 3 0 0 0 0 0 0 0 0 0 0 0 0 0 0 0 0 0 0 0 0 0 0 0 0 0 0 0 0 0 0 0 0 0 0 0 0 0 0 0 0 0 0 0 0 0 0 0 0 0 0 0 4 20 4 5 1 5 3 0 0 0 0 0 0 0 0 4 3 0 0 0 0 0 1 0 0 0 7 0 0 112 112 107 0 0 0 0 0 0 0 0 0 0 0 0 0 0 0 0 0 0 0 0 0 0 0 0 0 0 0 0 0 0 0 0 0 0 0 0 0 0 0 0 0 0 0 0 0 0 0 0 0 0
0 3 1 5 2 2 0 0 3 2 0 6 6 1 0 0 440 0 21 1 190 0 0 0 0 0 0 0 0 5 3 2 6 2 442 7 9 0 0 11 28 0 37318 3974 97 124 221 1116 4 1 1 0 1 0 0 1 1 0 1 1 1 1 1 2 1 1 0 0 43 75 143 116 145 128 38 0 2 4 2 5 0 96 2 12 1 8 9 0 0 0 0 0 481 0 432 3 0 0 0 0 0 0 0 0 0 0 6 0 0 0 0 0 0 0 0 14 4 0 0 149 0 0 9 0 0 0 0 0 0 0 0 0 0 0 0 0 0 0 0 0 0 0 0 0 0 0 0 0 0 0 0 0 0 0 0 0 0 0 10 0 0 0
2 14 7 26 12 11 0 0 10 9 0 36 37 4 6 3 86 0 8 11 55 0 0 0 0 0 91 147 112 13 7 6 16 0 16 16 23 0 0 49 1 0 0 0 88 25 0 27 17 4 4 5 4 0 0 5 3 4 5 5 3 5 11 6 2 3 0 42 76 347 65 93 97 97 0 0 61 23 19 36 194 16 1 8 0 2 225 0 36 516 246 3 140 106 0 4 0 0 0 0 0 0 22 0 0 0 4 0 0 1 1 1 0 0 147 7 0 0 0 51 0 0 3 0 0 45 0 0 0 0 0 0 0 0 0 0 0 0 0 77 82 77 54 56 83 72 91 106 73 72 87 90 74 65 85 45 87 79 107 48 92 0
0 0 0 0 0 0 0 0 0 0 0 0 0 0 0 0 72 0 16 19 14 0 0 0 0 0 0 0 0 0 1 0 0 0 1590 3 3 0 0 0 0 0 92 0 0 1 0 0 0 0 0 0 0 0 0 0 0 0 0 0 0 0 0 0 0 0 0 0 0 3 0 0 0 0 0 0 1 0 0 0 0 0 0 0 0 0 0 0 0 0 0 0 23 7 0 0 0 0 0 0 0 0 2 0 0 0 6 0 0 3 3 3 0 0 0 0 0 0 0 0 0 0 0 0 0 0 0 0 0 0 0 0 0 0 0 0 0 0 0 0 0 0 5 0 0 0 0 2 0 0 0 0 0 0 0 0 7 0 21 0 0 0
7 61 37 117 56 46 0 16 51 50 25 49 51 21 0 0 204 1 0 1 0 3292 0 10536 1097 2056 247 373 260 104 102 48 106 174 358 94 138 213 516 0 20 0 0 264 0 9996 1783 0 37 5 4 8 7 0 0 8 5 0 7 9 5 8 10 11 5 6 0 0 14 136 0 34 42 36 0 0 978 327 98 59 18 171 88 76 66 233 246 0 0 0 0 0 17 185 2234 228 0 0 0 0 0 10 1883 6 0 0 19 0 0 0 0 0 0 0 0 6 0 0 0 114 0 0 24 0 16 0 0 0 0 0 0 0 0 0 0 0 0 0 5 1428 1166 564 368 667 1135 1271 401 461 337 395 533 600 528 444 467 407 471 436 0 69 132 0
0 0 0 0 0 0 0 0 0 0 0 0 0 0 0 0 0 0 0 0 0 0 0 0 0 0 0 0 0 1 2 0 0 0 1 0 1 0 0 0 15 0 0 0 0 0 1250 0 7 2 3 3 3 0 0 4 2 0 3 3 3 4 2 6 2 2 0 0 0 0 0 3 3 0 0 0 0 0 0 0 0 12 0 32 0 8 0 0 0 0 0 0 0 0 0 0 0 0 0 0 0 0 0 0 0 0 6 0 0 0 0 0 0 0 0 0 0 0 0 0 0 0 31 0 0 0 0 0 0 0 0 0 0 0 0 0 0 0 0 0 0 0 0 0 0 0 0 0 0 0 0 0 0 0 0 0 0 0 0 0 0 0
5 48 29 91 43 37 0 33 40 39 21 57 58 18 3 0 42 0 2 10 3 0 0 0 0 0 3 0 1997 292 1985 93 67 489 589 17 10 174 1247 1138 509 0 105 352 0 0 0 2753 57 10 14 20 16 2 0 17 12 0 15 22 12 18 50 23 12 13 0 0 37 149 0 150 159 154 13 179 1442 822 94 90 32 348 0 110 82 34 62 0 0 716 0 133 83 135 0 9492 0 0 0 0 0 13 213 56 0 0 61 0 0 25 26 10 0 36 0 7 0 0 0 19 0 0 38 0 104 0 0 0 0 0 0 0 0 0 32 0 104 24 57 807 861 920 637 522 820 832 1069 968 851 959 894 1042 1063 881 821 893 826 775 117 9 0 0
0 4 2 7 3 3 0 78 3 3 1 93 89 2 11 0 16 0 0 31 0 0 0 0 0 0 139 133 63 36 20 14 41 48 32 44 59 82 213 209 445 0 0 10 68 399 0 0 102 31 48 47 51 31 0 57 41 44 50 62 42 59 86 77 39 45 30 211 210 938 1006 1130 1171 1172 0 57 291 221 132 131 44 95 0 43 32 50 99 0 0 505 7 0 86 76 0 91 80 417 227 250 220 23 382 244 377 3 230 295 227 43 43 40 0 115 0 37 3 0 0 0 0 0 24 0 1 0 0 0 0 251 662 0 0 0 278 0 376 384 114 4 3 12 0 10 15 0 0 22 0 0 6 0 0 0 12 0 14 9 1877 0 57 0
0 0 0 0 0 0 0 0 0 0 0 0 0 0 0 0 0 0 0 0 0 0 0 0 0 0 0 0 0 0 0 0 0 0 0 0 0 0 0 0 0 0 0 0 0 0 0 0 0 0 0 0 0 0 0 0 0 0 0 0 0 0 0 0 0 0 0 0 0 0 0 0 0 0 0 0 0 0 0 0 0 0 0 0 0 0 0 0 0 0 0 0 0 0 0 0 0 0 0 0 0 0 0 0 0 0 0 0 0 0 0 0 0 0 0 0 0 0 0 0 0 0 0 0 0 0 0 0 0 0 0 0 0 0 0 0 0 0 0 0 0 0 0 0 0 0 0 0 0 0 0 0 0 0 0 0 0 0 0 0 0 0
0 0 0 0 0 0 0 0 0 0 0 0 0 0 0 0 0 0 0 0 0 0 0 0 0 0 0 0 0 0 0 0 0 0 0 0 0 0 0 0 0 0 0 0 0 0 0 0 6 0 0 2 2 0 0 2 0 0 2 0 0 2 1 0 2 0 0 0 6 27 0 0 0 0 0 0 0 0 0 0 0 0 0 0 0 0 0 0 0 0 0 0 0 0 0 0 0 0 0 0 0 0 0 0 0 0 0 0 0 0 0 0 0 0 0 0 0 0 0 0 0 0 0 0 0 0 0 0 0 0 0 0 0 0 0 0 0 0 0 0 0 0 0 0 0 0 0 0 0 0 0 0 0 0 0 0 0 0 0 0 0 0
11 159 60 56 166 52 1 22 39 31 21 27 30 14 123 11 267 0 4 5 6 0 4 11 7 0 15 8 0 0 0 0 0 0 0 0 0 0 0 0 0 0 0 0 0 0 0 0 1 2958 0 5618 6032 0 5683 5967 5928 6012 6009 5407 5790 5955 3372 5773 6146 5754 50 0 129 384 289 295 0 16 0 0 0 0 0 0 0 1 0 1 0 0 0 0 0 1 0 279 0 0 0 0 0 0 0 0 0 0 49 23 0 3 56 0 0 58 58 59 0 0 0 0 0 0 0 0 14 0 0 0 200 0 0 0 0 0 16 0 0 0 0 0 2 1 0 0 0 0 0 0 0 0 0 0 0 0 15 0 0 0 0 0 0 0 0 0 0 0
0 0 0 0 0 0 0 1 0 0 0 0 0 0 0 0 0 0 0 0 0 0 0 0 0 0 0 0 0 0 0 0 0 0 0 0 0 0 0 0 0 0 0 0 0 0 0 0 0 0 0 0 0 0 0 1 0 0 1 0 0 1 0 0 1 0 0 0 0 0 0 0 0 0 0 0 0 0 0 0 0 0 0 0 0 0 0 0 0 0 0 0 0 0 0 0 0 0 0 0 0 0 0 0 0 0 0 0 0 0 0 0 0 0 0 0 0 0 0 0 0 0 0 0 0 0 0 0 0 0 0 0 0 0 0 0 0 0 0 0 0 0 0 0 0 0 0 0 0 0 0 0 0 0 0 0 0 0 0 0 0 0
0 0 0 0 0 0 0 776 0 0 0 0 0 0 0 0 0 0 0 0 0 0 0 0 0 0 24 0 0 0 0 0 0 0 0 0 0 0 0 0 0 0 0 0 0 0 0 0 2 0 0 7 0 0 0 0 0 0 0 0 0 0 53 0 0 0 0 0 0 0 0 0 0 0 0 0 0 0 58 0 0 0 0 0 0 0 0 0 0 0 0 0 0 0 0 0 0 0 0 0 0 0 0 0 0 0 0 0 0 0 0 0 0 0 0 0 0 0 0 0 0 0 0 0 0 1308 0 0 0 0 0 0 0 0 0 0 0 0 0 0 0 0 0 0 0 0 0 0 0 0 0 0 0 0 0 0 0 0 0 0 0 0
723 160 106 171 156 2554 956 2957 122 39 165 103 83 98 865 118 352 9531 1038 1425 349 18 7 54 7 316 2 27 25 6 1 0 5 0 5 2 3 0 5 2 3 4 2 11 6 62 0 0 36 3874 1702 7315 7855 0 7527 7770 7774 7835 7824 7090 7630 7755 4391 7533 8003 7587 2 0 226 735 406 403 0 43 26 0 44 18 0 16 0 32 26 16 5 45 0 0 0 3 0 1 0 1 17 24 0 0 0 0 0 324 764 0 0 0 3089 1446 0 0 0 0 0 0 0 0 0 0 0 0 30 0 0 0 0 0 0 0 0 0 0 0 0 0 0 0 4 5 0 6 0 0 0 11 13 0 0 0 0 0 0 0 0 0 0 0 0 0 0 0 21 2
417 6261 2401 2207 6587 2046 43 258 1517 1214 861 1017 1086 552 1711 499 5181 1 586 410 16 627 812 356 127 40 2734 6056 398 22 16 9 25 31 40 25 34 82 306 115 125 15 10 119 424 149 180 4 49 215 0 420 434 0 0 431 240 411 432 246 108 431 361 368 438 94 394 0 53 245 181 183 43 167 58 51 753 95 255 155 28 71 193 102 73 89 284 0 0 65 185 71 17 14 106 34 0 0 0 0 0 44353 14 0 0 0 6 0 0 0 0 0 0 367 19 293 0 0 0 26 1747 1066 0 7141 2894 0 0 0 0 0 395 0 0 0 0 0 151 164 89 41 34 18 0 27 40 6 0 31 0 402 404 364 289 159 128 89 82 74 87 0 0 0
0 0 0 0 0 0 0 0 0 0 0 0 0 0 0 0 0 0 0 0 0 0 0 0 0 0 0 0 0 0 0 0 0 0 0 0 0 0 0 0 0 0 0 0 0 0 0 0 0 0 0 0 0 0 0 0 0 0 0 0 0 0 0 0 0 0 0 0 0 0 0 0 0 0 0 0 0 0 0 0 0 0 0 0 0 0 0 0 0 0 0 0 0 0 0 0 0 0 0 0 0 0 0 0 0 0 0 0 0 0 0 0 0 0 0 0 0 0 0 0 0 0 0 0 0 0 0 0 0 0 0 0 0 0 0 0 0 0 0 0 0 0 0 0 0 0 0 0 0 0 0 0 0 0 0 0 0 0 0 0 0 0
0 0 0 0 0 0 0 0 0 0 0 0 0 0 0 0 0 0 0 0 0 0 0 0 0 0 0 0 0 0 0 0 0 0 0 0 0 0 0 0 774 0 0 0 0 0 0 0 0 93 0 180 194 0 0 192 0 172 194 5 0 192 109 130 198 0 0 0 4 12 4 9 0 0 0 0 0 0 0 0 0 0 0 0 0 0 0 0 0 0 0 0 0 0 0 0 0 0 0 0 0 0 0 0 0 0 1 0 0 0 0 0 0 0 0 0 0 0 0 0 0 0 0 0 0 0 0 0 0 0 0 0 0 0 0 0 0 0 0 0 0 0 0 0 0 0 0 0 0 0 0 0 0 0 0 0 0 0 0 0 0 0
2 23 8 8 24 8 0 1 6 5 3 4 4 2 0 0 0 0 0 0 0 0 12 75 23 0 0 0 0 1 1 0 1 0 1 1 1 0 11 4 0 1 0 1 0 2 13 0 1 9 0 20 21 0 0 22 0 0 22 0 0 22 13 0 22 0 8 0 3 12 0 1 0 0 0 3 71 3 0 0 0 0 0 4 0 0 15 0 0 0 0 0 0 0 0 0 0 0 0 0 0 4 4 0 0 5 5 0 0 302 301 301 187 0 0 0 0 0 0 0 0 0 0 0 0 0 0 0 0 0 0 0 0 0 0 0 0 0 0 0 0 0 0 0 0 0 0 0 0 0 0 0 0 0 0 0 0 0 0 0 0 0
0 0 0 0 0 0 0 0 0 0 0 0 0 0 0 0 0 0 0 0 0 0 0 0 0 0 0 0 0 0 0 0 0 0 0 0 0 0 0 0 0 0 0 0 0 0 0 0 0 0 0 0 0 0 0 0 0 0 0 0 0 0 0 0 0 0 0 0 0 0 0 0 0 0 0 0 0 0 0 0 0 0 0 0 0 0 0 0 0 0 0 0 0 0 0 0 0 0 0 0 0 0 0 0 0 0 0 0 0 0 0 0 0 0 0 0 0 0 0 0 0 0 0 0 0 0 0 0 0 0 0 0 0 0 0 0 0 0 0 0 0 0 0 0 0 0 0 0 0 0 0 0 0 0 0 0 0 0 0 0 0 0
0 0 0 0 0 0 0 0 0 0 0 0 0 0 0 0 0 0 0 0 0 0 0 0 0 0 0 0 0 0 0 0 0 0 0 0 0 0 0 0 0 0 0 0 0 0 0 0 4 83 0 160 164 0 0 171 0 152 172 0 0 171 96 116 175 0 0 0 4 14 0 12 0 2 0 0 0 0 0 0 0 0 0 0 0 0 0 0 0 0 0 0 0 0 0 0 0 0 0 0 0 0 0 0 0 0 1 0 0 1336 1334 1332 733 0 0 0 0 0 0 0 0 0 0 0 0 0 0 0 0 0 0 0 0 0 0 0 0 0 0 0 0 0 0 0 0 0 0 0 0 0 0 0 0 0 0 0 0 0 0 0 0 0
0 483 0 0 0 0 0 0 0 0 0 0 0 0 0 0 0 0 0 0 0 0 0 0 0 0 0 0 0 0 0 0 0 0 0 0 0 0 0 0 0 0 0 0 0 0 0 0 2 159 0 301 324 0 0 320 132 302 323 125 0 320 181 256 330 0 0 0 9 21 6 16 0 0 0 0 0 0 0 0 0 0 0 0 0 0 0 0 0 0 0 0 0 0 0 0 0 0 0 0 0 7 6 0 1 10 4 0 0 59 58 59 0 0 0 0 0 0 0 0 0 0 0 0 0 0 0 0 0 0 0 0 0 0 0 0 0 0 0 0 0 0 0 0 0 0 0 0 0 0 0 0 0 0 0 0 0 0 0 0 0 0
0 0 0 0 0 0 0 0 0 0 0 0 0 0 98 0 0 9 0 0 0 0 0 0 0 0 0 0 0 0 0 0 0 0 0 0 0 0 0 0 0 0 0 0 0 0 0 0 0 0 0 0 0 0 0 0 0 0 0 0 0 0 0 0 0 0 0 0 0 0 0 0 0 0 0 0 0 0 0 0 0 0 0 0 0 0 0 0 0 0 0 0 0 0 0 0 0 0 0 0 0 0 0 0 2 11 0 0 0 0 0 0 0 0 0 0 0 0 0 0 33 0 0 23 17 0 0 0 0 0 0 0 0 0 0 0 0 0 0 0 0 0 0 0 0 0 0 0 0 0 0 0 0 0 0 0 0 0 0 0 0 0
0 0 0 0 0 0 0 0 0 0 0 0 0 0 0 0 0 0 0 0 0 0 0 0 0 0 0 0 0 0 0 0 0 0 0 0 0 0 0 0 0 0 0 0 0 0 0 0 0 0 0 0 0 0 0 0 0 0 0 0 0 0 0 0 0 0 0 0 0 0 0 0 0 0 0 0 0 0 0 0 0 0 0 0 0 0 0 0 0 0 0 0 0 0 0 0 0 0 0 0 0 0 0 0 0 0 0 0 0 0 0 0 0 0 0 0 0 0 0 0 0 0 0 0 0 0 0 0 0 0 0 0 0 0 0 0 0 0 0 0 0 0 0 0 0 0 0 0 0 0 0 0 0 0 0 0 0 0 0 0 0 0
0 0 0 0 0 0 0 0 0 0 0 0 0 0 0 0 0 0 0 0 0 0 0 0 0 0 0 0 0 0 0 0 0 0 0 0 0 0 0 0 0 0 0 0 0 0 0 0 0 26 0 52 57 0 0 56 0 36 56 0 0 56 32 0 58 0 0 0 1 4 0 3 0 0 0 0 0 0 0 0 0 0 0 0 0 0 0 0 0 0 0 0 0 0 0 0 0 0 0 0 0 0 0 0 0 0 0 0 0 1 0 1 0 0 0 0 0 0 0 0 0 0 0 0 0 0 0 0 0 0 0 0 0 0 0 0 0 0 0 0 0 0 0 0 0 0 0 0 0 0 0 0 0 0 0 0 0 0 0 0 0 0
0 0 0 0 0 0 0 0 0 0 0 0 0 0 0 0 0 0 0 0 0 0 0 0 0 0 0 0 0 0 0 0 0 0 0 0 0 0 0 0 0 0 0 0 0 0 0 0 0 0 0 0 0 0 0 0 0 0 0 0 0 0 0 0 0 0 0 0 0 0 0 0 0 0 0 0 0 0 0 0 0 0 0 0 0 0 0 0 0 0 0 0 0 0 0 0 0 0 0 0 0 0 0 0 0 0 0 0 0 0 0 0 0 0 0 0 0 0 0 0 0 0 0 0 0 0 0 0 0 0 0 0 0 0 0 0 0 0 0 0 0 0 0 0 0 0 0 0 0 0 0 0 0 0 0 0 0 0 0 0 0 0
0 0 0 0 0 0 0 0 0 0 0 0 0 0 0 0 0 0 0 0 0 0 0 0 0 0 0 0 0 0 0 0 0 0 0 0 0 0 0 0 0 0 0 0 0 0 0 0 2 163 0 313 337 0 0 334 146 315 336 138 14 333 188 269 343 0 0 0 8 24 12 19 0 4 0 0 0 0 0 0 0 0 0 0 0 0 0 0 0 0 0 0 0 0 0 0 0 0 0 0 0 0 0 0 0 0 1 0 0 0 0 0 0 0 0 0 0 0 0 0 0 0 0 0 0 0 0 0 0 0 0 0 0 0 0 0 0 0 0 0 0 0 0 0 0 0 0 0 0 0 0 0 0 0 0 0 0 0 0 0 0 0
0 0 0 0 0 0 0 0 0 0 0 0 0 0 0 0 0 0 0 0 0 0 0 0 0 0 0 0 0 0 0 0 0 0 0 0 0 0 0 0 0 0 0 0 0 0 0 0 0 0 0 0 0 0 0 0 0 0 0 0 0 0 0 0 0 0 0 0 0 0 0 0 0 0 0 0 0 0 0 0 0 0 0 0 0 0 0 0 0 0 0 0 0 0 0 0 0 0 0 0 0 0 0 0 0 0 0 0 0 0 0 0 0 0 0 0 0 0 0 0 0 0 0 0 0 0 0 0 0 0 0 0 0 0 0 0 0 0 0 0 0 0 0 0 0 0 0 0 0 0 0 0 0 0 0 0 0 0 0 0 0 0
0 0 0 0 0 0 0 22 0 0 0 25 29 0 0 0 0 1 24 24 115 0 0 2610 1047 2030 0 0 0 101 80 38 84 110 457 92 133 0 838 340 0 802 0 1353 405 258 2159 0 1348 339 387 397 545 169 187 638 377 430 512 544 385 668 356 986 348 406 0 0 8 202 4158 4275 4426 4463 5470 68 98 113 103 257 614 2396 29 1291 0 323 710 367 173 1193 0 0 27 540 729 0 39 243 138 188 129 84 3 0 0 0 54 243 277 258 259 258 0 0 0 199 0 0 0 0 0 0 540 0 0 0 0 0 0 0 0 0 0 0 0 0 0 0 7353 0 0 0 0 0 0 0 0 0 0 0 0 0 0 0 0 0 0 0 0 0 255 0
4 36 18 0 24 57 0 0 7 0 0 4 5 0 0 0 0 0 0 0 0 149 314 561 172 23 0 0 0 0 0 0 0 0 0 0 0 0 0 0 0 0 0 0 0 0 0 0 0 0 0 0 0 0 0 0 0 0 0 0 0 0 0 0 0 0 0 0 0 1 0 0 0 0 0 0 0 0 0 0 0 1 0 2 4 0 0 0 0 0 0 0 0 0 0 0 0 0 0 0 0 0 7 0 0 0 0 0 0 0 0 0 0 0 0 0 0 0 0 0 0 0 3 0 0 0 0 0 0 0 0 0 0 0 0 0 0 0 0 0 0 0 0 0 0 0 0 0 0 0 0 0 0 0 0 0 0 0 0 0 0 0
54 487 335 142 303 680 0 40 85 43 3 52 57 0 4 7 6 0 0 0 0 317 665 2013 505 48 0 0 0 0 0 0 0 0 0 0 0 0 0 0 0 0 0 0 0 0 0 0 0 0 0 0 0 0 0 0 0 0 0 0 0 0 0 0 0 0 0 0 0 0 0 0 0 0 0 0 0 0 0 0 0 0 0 4 4 1 0 0 0 0 0 0 0 0 0 0 0 0 0 0 0 0 14 0 0 0 0 0 0 0 0 0 0 0 0 0 0 0 0 0 0 0 0 0 0 0 0 0 0 0 0 0 0 0 0 0 0 0 0 0 0 0 0 0 0 0 0 0 0 0 0 0 0 0 0 0 0 0 0 0 0 0
62 561 390 169 351 780 0 91 98 52 6 119 124 0 16 0 98 1 0 7 0 457 821 12009 2018 210 2492 4743 802 0 0 0 0 0 4 0 2 0 0 0 2 0 0 17 1175 1316 511 0 197 23 0 23 5 0 0 17 0 19 22 9 0 11 96 8 3 0 0 0 15 63 0 4 0 0 0 152 432 358 193 890 1207 525 9310 1485 493 353 800 0 0 161 508 0 5 471 0 66 146 1977 0 654 115 173 908 305 0 10 495 828 371 1173 1172 1171 0 1938 0 591 0 0 0 0 0 0 26 0 0 0 0 0 0 0 0 0 0 0 0 0 68 0 0 950 905 535 372 461 726 771 273 322 269 521 1200 1686 1095 717 642 669 591 566 0 0 81 0
0 0 0 0 0 0 0 0 0 0 0 0 0 0 0 0 0 0 0 0 0 0 0 0 0 0 0 0 0 0 0 0 0 0 0 0 0 0 0 0 0 0 0 0 0 0 0 0 0 0 0 0 0 0 0 0 0 0 0 0 0 0 0 0 0 0 0 0 0 0 0 0 0 0 0 0 0 0 0 0 0 0 0 0 0 0 0 0 0 0 0 0 0 0 0 0 0 0 0 0 0 0 0 0 0 0 0 0 0 0 0 0 0 0 0 0 0 0 0 0 0 0 0 0 0 0 0 0 0 0 0 0 0 0 0 0 0 0 0 0 0 0 0 0 0 0 0 0 0 0 0 0 0 0 0 0 0 0 0 0 0 0
1 555 0 0 3 12 0 2 1 0 0 2 3 0 16 0 0 0 0 0 0 0 16 10 10 0 7 0 0 0 0 0 0 0 1 0 0 0 0 0 0 0 0 0 0 0 0 0 63 104 93 114 122 67 0 121 123 122 122 108 122 121 68 118 125 119 278 0 63 9 4 6 0 0 0 0 0 0 0 0 0 0 0 0 0 0 0 0 0 0 0 0 0 0 0 1 0 0 0 0 0 0 0 0 0 0 0 0 0 2 2 2 0 0 0 0 0 0 0 0 0 0 7 0 0 0 0 0 0 0 0 0 0 0 0 0 0 0 0 0 0 0 0 0 0 0 0 0 0 0 0 0 0 0 0 0 0 0 0 0 0 0
0 0 0 0 0 0 0 40 0 0 0 56 56 0 376 0 0 0 0 2 0 3107 3972 2068 2555 196 610 1173 14 0 0 0 0 0 2 0 2 0 0 0 2 0 0 0 0 0 0 0 6 1 0 3 0 0 0 1 0 1 1 0 0 1 16 0 0 0 0 0 4 26 1 1 0 0 0 0 104 18 37 0 0 39 119 132 62 118 79 0 0 0 506 0 1 22 0 133 23 142 0 203 75 6 403 0 0 25 7 135 0 74 74 74 0 635 0 393 0 0 0 0 0 5 795 3107 12 0 0 0 0 9 0 0 0 0 0 0 0 0 0 368 352 200 161 172 264 265 54 173 0 2474 2224 2156 1957 1170 736 1045 478 463 0 0 0 0
18 165 104 317 165 125 0 83 135 133 66 188 195 45 0 0 512 3 37 32 69 330 685 556 207 206 2112 1857 862 303 299 134 265 2339 656 226 332 475 1206 898 82 0 12 2440 1776 243 0 133 226 43 58 54 67 0 0 78 49 55 65 89 50 81 150 115 45 55 32 0 155 691 2287 2350 2435 2453 0 738 287 385 298 398 0 3459 198 417 53 180 508 0 177 725 1126 0 4581 3390 2846 90 0 0 0 0 0 53 139 20 0 36 41 0 0 9 10 10 0 0 264 2088 61 0 0 0 0 0 913 0 36 0 0 0 0 0 0 0 0 0 0 0 0 0 29 519 554 601 400 345 542 522 670 645 534 586 576 654 637 535 538 509 543 505 216 50 112 0
4 32 19 62 29 25 1 4 27 27 11 19 20 12 3 9 18 2 0 1 1 550 1138 680 280 344 362 17 14 625 81 40 77 140 88 65 95 167 350 261 0 20 0 3 557 156 0 0 381 7 10 8 11 2 0 12 8 0 9 18 7 13 21 15 7 8 0 0 3 26 0 251 260 251 0 0 16 41 27 0 0 23 0 5 0 2 0 0 0 260 0 2 0 113 0 16 0 0 0 0 0 0 14 3 0 0 17 0 0 15 16 14 0 0 0 587 0 0 0 7 0 0 0 0 8 0 0 0 0 0 0 0 0 0 0 0 0 0 0 0 0 0 0 0 0 0 0 0 0 0 0 0 0 0 0 0 0 0 0 11 0 0
0 0 0 0 0 0 0 16 0 0 0 23 23 0 1 0 0 0 0 0 0 3 11 33 6 0 0 0 0 2 0 0 0 0 0 0 1 0 0 0 1 0 0 0 0 0 0 0 4 1 1 3 1 0 0 2 1 0 1 4 1 2 12 1 1 1 0 0 0 0 0 1 1 0 0 0 0 0 9 0 0 0 0 0 0 0 0 0 0 2 0 0 0 0 0 4 0 0 0 0 0 0 9 0 0 0 9 0 0 7 7 4 0 0 0 0 0 0 0 0 0 0 0 0 4 0 0 0 0 0 0 0 0 0 0 0 0 0 22 0 0 0 0 0 0 0 0 0 0 0 0 0 0 0 0 0 0 0 0 0 0 0
0 0 0 0 0 0 0 20 0 0 0 28 28 0 0 0 0 0 0 0 0 0 8 1 1 0 0 0 0 0 0 0 0 0 0 0 1 0 0 0 1 0 0 0 0 0 0 0 19 2 1 13 2 0 0 2 1 0 1 14 1 1 80 1 1 1 0 0 0 0 0 1 0 0 0 0 432 0 0 0 0 0 0 0 0 0 0 0 0 0 0 0 0 0 0 0 0 0 0 0 0 0 4 205 0 0 7 0 0 12 12 9 0 0 0 0 0 0 0 0 0 0 0 0 0 0 0 0 0 0 0 0 0 0 0 0 0 0 0 0 0 0 0 0 0 0 0 0 0 0 0 0 0 0 0 0 0 0 0 0 0 0
0 1 0 3 1 1 0 192 1 1 0 270 271 1 2 38 0 0 0 0 0 65 136 346 57 11 0 0 341 1 1 0 0 0 7 0 9 0 0 2 9 0 0 0 0 0 0 0 214 43 57 1009 0 11 0 35 24 61 46 1046 17 57 6691 24 25 25 0 0 1 6 0 9 8 0 0 0 0 72 0 0 0 0 0 0 0 0 0 0 0 0 3616 1 0 0 0 16 0 0 0 0 0 0 53 7 35 2 78 0 0 50 50 44 0 0 1640 0 0 0 0 0 0 0 30 0 0 0 0 0 0 0 0 0 0 0 0 0 0 0 0 0 0 0 0 0 0 0 0 0 0 0 0 0 0 0 0 0 0 0 0 0 0 0
1 11 6 21 10 8 0 9 9 9 2 18 19 4 1 1 2 0 0 0 0 12 39 33 16 0 0 935 0 218 28 14 27 20 31 23 34 0 119 91 0 0 0 2 0 36 0 0 478 14 17 91 16 0 0 17 11 15 14 102 9 19 543 14 11 11 0 0 8 34 0 34 35 9 0 766 3317 10501 1050 0 0 0 1690 1 0 0 24 0 0 76 0 0 100 14 0 1 0 89 0 0 0 0 47 615 0 0 24 0 0 16 16 11 0 0 0 7 0 0 0 0 0 0 0 0 0 0 0 0 0 0 0 0 0 0 0 0 0 0 0 113 120 141 79 83 131 102 128 159 104 99 127 128 97 88 126 53 130 116 0 7 3 0
0 0 0 14 2 0 2 35 0 0 0 45 44 0 0 5 7 7 48 30 120 1367 2612 2616 1187 858 200 100 123 2 1 1 2 3 13 2 1 0 12 11 0 14 0 84 0 32 0 0 221 65 34 67 20 12 0 52 22 96 65 60 33 36 269 37 15 28 36 0 8 68 0 62 66 19 181 20 131 72 557 76 0 129 0 75 0 20 3093 1594 4579 7329 594 0 2887 1967 0 518 0 0 0 0 0 0 6 0 0 2 25 0 0 0 0 23 0 0 0 76 36 0 0 0 0 0 9 0 0 0 0 0 0 0 0 0 0 0 0 0 0 0 0 0 0 0 0 0 0 0 0 0 0 0 0 0 0 0 0 0 0 0 0 0 0 0
0 0 0 0 0 0 0 1 0 0 0 1 1 0 0 0 0 0 0 0 1 38 79 0 110 24 0 0 0 0 0 0 0 0 0 0 0 0 0 0 0 0 0 5 0 0 0 0 7 2 0 0 1 0 0 2 1 0 2 1 1 1 1 2 1 1 0 0 0 0 0 14 14 0 0 0 33 24 2 2 0 0 0 0 0 0 1170 0 0 0 0 0 0 0 91 0 0 0 0 0 0 115 0 0 0 0 0 0 0 0 0 0 0 0 0 0 0 0 0 0 0 0 0 0 0 0 0 0 0 0 0 0 0 0 0 0 0 0 0 0 0 0 0 0 0 0 0 0 0 0 0 0 0 0 0 0 0 0 0 0 0 0
0 0 0 3 0 0 0 3 0 0 0 3 3 0 0 0 1 1 2 1 28 392 810 513 244 246 11 0 8 3 2 1 4 5 6 4 6 8 22 22 0 0 0 26 0 13 19 12 54 13 7 6 6 0 0 13 6 8 14 8 8 10 9 13 4 7 0 0 1 17 0 140 145 0 0 84 83 222 10 0 223 33 0 18 0 4 2248 0 0 2509 0 0 545 368 179 631 0 0 0 0 0 0 0 0 0 0 3 0 0 2 2 0 0 0 0 14 0 0 0 0 0 0 1 0 0 0 0 0 0 0 0 0 0 0 0 0 0 0 0 0 0 0 0 0 0 0 0 0 0 0 0 0 0 0 0 0 0 0 0 0 0 0
0 0 0 0 0 0 0 0 0 0 0 0 0 0 0 0 0 0 0 0 0 0 0 32 48 0 0 0 0 0 0 0 0 0 0 0 0 0 0 0 0 0 0 0 0 0 0 0 0 0 0 0 0 0 0 0 0 0 0 0 0 0 0 0 0 0 0 0 0 0 0 0 0 0 0 0 0 0 0 0 0 0 0 0 0 0 0 0 0 0 0 0 0 0 0 0 0 0 0 0 0 0 0 0 0 0 0 0 0 0 0 0 0 0 0 0 0 0 0 0 0 0 0 0 0 0 0 0 0 0 0 0 0 0 0 0 0 0 0 0 0 0 0 0 0 0 0 0 0 0 0 0 0 0 0 0 0 0 0 0 0 0
0 0 0 0 0 0 0 8 0 0 0 11 11 0 0 1 1 0 1 1 13 0 311 361 178 94 4 0 14 0 0 0 0 0 2 0 0 0 1 0 0 0 0 14 0 6 0 0 26 8 4 1 3 0 0 7 3 1 8 3 4 5 4 6 2 4 0 25 0 0 0 39 40 0 0 0 3 3 4 1 72 2 0 4 0 1 88 0 90 84 0 0 9 41 0 236 0 0 0 0 0 0 2 0 0 0 4 0 0 2 2 2 0 0 22 1 0 0 0 0 0 0 2 0 0 0 0 0 0 0 0 0 0 0 0 0 0 0 0 0 0 0 0 0 0 0 0 0 0 0 0 0 0 0 0 0 0 0 0 0 0 0
0 0 0 0 0 0 0 1 0 0 0 1 1 0 0 0 0 0 0 0 0 2 0 128 68 0 0 0 1 0 0 0 0 0 0 0 0 0 0 0 0 0 0 4 0 0 0 0 1 0 0 0 0 0 0 0 0 0 0 0 0 0 0 0 0 0 0 0 0 0 0 0 0 0 0 0 13 14 1 8 0 0 0 0 0 0 0 0 0 20 0 0 0 16 0 0 0 0 0 0 0 0 0 0 0 0 0 0 0 0 0 0 0 0 0 0 0 0 0 0 0 0 0 0 0 0 0 0 0 0 0 0 0 0 0 0 0 0 0 0 0 0 0 0 0 0 0 0 0 0 0 0 0 0 0 0 0 0 0 0 0 0
0 0 0 2 0 0 0 16 0 0 0 21 21 0 0 0 2 0 59 23 10 162 158 81 68 0 0 0 0 0 0 0 0 0 3 0 1 0 0 0 0 0 0 17 0 0 0 0 36 11 6 12 5 0 0 10 5 0 12 11 7 7 45 8 4 6 1 0 2 20 0 7 7 0 0 8 34 18 92 0 0 0 0 35 0 18 0 1066 1322 1753 0 0 1962 346 0 0 0 0 0 0 0 0 5 6 0 1 10 0 0 10 9 14 0 0 10 44 0 0 0 0 13 0 2 0 0 0 0 0 0 0 0 0 0 0 13 0 0 0 0 0 0 0 0 0 0 0 0 0 0 0 0 0 0 0 0 0 0 0 0 0 0 0
61 557 380 962 725 425 8 155 442 427 206 457 481 127 16 129 453 6 532 314 2601 6203 0 11728 4054 3881 51 6387 2821 208 201 92 176 1716 311 147 221 357 759 558 214 134 1298 667 744 435 387 36 320 135 169 206 157 146 96 186 157 203 196 205 166 173 448 176 151 163 551 0 39 413 107 437 449 437 661 128 1484 258 783 680 0 1787 2744 1465 1272 2493 0 0 8322 7091 2178 256 4484 2291 1360 7710 199 1077 963 1043 951 163 2137 943 1506 642 935 1246 1282 749 749 755 0 929 1706 658 269 0 0 0 0 0 0 0 198 0 0 0 0 0 0 0 14 0 82 0 29 18 0 5679 5726 5516 4626 3385 5344 5619 7113 6409 0 6625 6408 0 0 6363 5737 4372 5759 5428 0 1364 244 0
36 121 36 232 436 220 1 44 11 14 5 32 35 0 8 29 3 12 81 48 258 6919 0 2843 1903 4340 1322 1129 490 26 22 12 27 45 72 25 39 57 290 126 28 49 0 65 2291 214 185 21 92 125 223 226 227 217 170 228 227 227 228 230 227 227 249 227 227 227 680 0 45 378 277 311 312 308 0 148 344 245 259 232 0 254 424 177 0 291 0 0 0 1211 201 345 569 285 10 40 143 743 505 257 208 49 718 269 416 8 246 311 353 9 10 10 0 1683 0 926 0 0 0 0 3 0 623 0 285 0 0 0 0 0 0 0 0 0 0 0 0 0 0 164 172 186 124 111 174 163 208 209 164 175 181 201 190 162 171 146 173 160 0 0 5 0
0 0 0 0 0 0 0 15 0 0 0 1 1 0 19 0 31 0 0 0 0 0 0 2475 1351 0 2 2 3 5 3 3 7 9 5 6 10 12 36 41 0 4 0 7 222 41 0 0 1 0 0 0 0 0 0 0 0 0 0 0 0 0 0 1 0 0 0 0 0 1 0 10 10 8 0 0 0 2 3 0 0 22 0 11 0 0 0 0 0 0 0 0 24 27 0 1 0 0 0 0 0 0 3 0 0 0 0 0 0 0 0 0 0 0 0 0 0 0 0 0 0 0 40 144 21 0 0 0 0 0 0 0 0 0 0 0 0 0 0 0 0 0 0 0 0 0 0 8 0 0 0 0 0 0 0 0 0 0 40 0 23 0
2 15 9 28 14 12 0 13 13 12 7 13 13 7 0 126 402 3 0 5 0 0 0 0 0 0 0 0 1900 9 14 4 3 14 25 2 1 0 0 402 242 114 0 41 67 250 329 0 75 8 7 5 7 2 0 10 5 6 8 9 6 10 5 13 5 6 99 124 5 11 0 220 226 0 0 2 361 206 0 260 0 362 252 163 31 548 466 0 0 169 0 189 0 0 68 9 125 713 575 601 521 50 592 597 916 60 560 798 0 0 0 0 0 0 0 0 0 0 0 0 863 0 1372 450 328 0 0 0 0 0 0 0 0 0 55 9 0 0 0 36 30 34 19 29 45 16 19 63 15 3 47 34 0 6 49 0 53 44 33 37 0 0
0 0 0 2 0 0 0 4 0 0 0 3 2 0 0 0 31 0 0 5 0 0 0 0 0 0 24 40 22 15 17 5 6 67 47 7 8 9 10 61 0 4 0 0 9 10 0 104 5 2 0 4 4 0 0 4 3 4 4 4 3 4 4 5 3 4 0 32 1 5 22 23 24 24 28 0 3 4 0 2 42 348 37 52 33 34 55 0 0 0 0 0 0 0 0 0 0 0 0 0 0 20 12 5 0 33 8 0 0 8 8 8 0 0 0 0 0 0 0 0 80 0 376 0 31 0 0 0 0 0 0 0 0 0 27 0 0 40 0 3 2 9 0 9 14 0 0 20 0 0 5 0 0 0 11 0 13 8 63 0 0 0
0 1 0 1 1 1 0 35 1 1 0 5 8 0 160 12 15 1 3 3 7 0 0 0 0 0 36 56 38 2 1 1 3 3 2 2 4 6 14 14 0 0 0 0 0 21 0 0 3 2 3 6 4 1 0 4 4 3 4 6 4 4 15 4 4 4 1 0 1 4 0 7 7 0 0 26 0 25 42 0 0 6 0 3 0 10 0 0 0 0 16 905 0 944 90 25 0 0 0 0 0 0 30 0 0 0 2 0 0 3 3 4 0 0 0 0 628 0 0 0 0 0 18 0 672 0 0 0 0 0 0 0 94 4 0 0 0 114 0 111 119 134 80 78 123 107 136 147 109 112 124 133 118 102 120 82 122 111 0 0 3 0
0 1 0 2 0 1 0 516 1 1 0 3 4 0 71 1 807 1 0 1 0 634 1312 367 157 395 63 60 23 0 0 0 0 1 0 1 0 0 0 2 2 1 0 0 0 3 0 0 2 3 3 5 5 0 0 5 5 5 5 5 5 4 3 5 5 5 1 0 2 24 0 2 2 0 0 0 2 9 11 0 0 3 0 13 0 0 0 0 0 0 8 361 0 0 858 63 0 0 0 0 0 0 11 0 0 3 2 0 0 4 4 4 0 0 0 4 18 0 0 0 4297 0 171 0 276 827 0 0 0 0 0 0 0 0 0 0 0 0 0 35 22 6 27 17 27 15 18 44 17 15 49 49 29 27 46 9 44 41 0 0 0 0
0 0 0 0 0 0 0 69 2 2 0 38 42 0 0 0 440 2 0 0 0 1270 2627 2276 1052 790 0 1602 645 41 19 19 54 61 43 49 79 54 244 306 603 0 38 78 0 257 373 44 53 20 14 27 23 0 0 31 25 29 31 28 26 28 30 33 24 26 42 0 15 99 41 234 241 234 0 19 437 34 38 111 441 0 0 93 86 79 1443 0 0 984 0 883 0 0 0 21 29 151 52 121 85 14 273 114 183 1 112 145 110 19 19 20 0 56 0 106 1 0 0 0 311 0 2885 823 1352 0 0 0 0 0 21 0 0 0 0 0 0 113 0 571 610 655 458 372 584 596 763 687 607 687 620 742 761 630 582 642 585 550 105 364 74 0
0 0 0 0 0 0 0 1 0 0 0 2 2 0 0 0 0 0 0 0 0 0 0 0 0 0 0 0 2 0 0 0 0 0 0 0 0 0 0 0 0 0 0 0 0 252 0 0 64 18 5 5 3 0 0 13 4 6 17 5 8 8 8 9 2 6 0 5 1 2 0 0 0 0 0 0 0 0 0 0 0 5856 0 4349 0 9828 4467 0 0 0 0 0 0 0 0 0 0 0 0 0 0 411 0 0 0 0 3 0 0 0 0 0 0 0 0 0 0 0 0 0 0 0 0 0 0 0 0 0 0 0 0 0 0 0 0 0 0 0 0 0 0 0 0 0 0 0 0 0 0 0 0 0 0 0 0 0 0 0 0 0 0 0
0 4 3 6 18 0 0 5 5 3 3 6 6 1 8 1 7 5 8 8 19 35 68 22 51 14 0 27 38 1 0 0 0 0 8 0 0 0 19 0 0 9 3 12 16 41 12 0 11 9 8 19 17 11 17 18 17 17 18 20 10 18 34 17 17 17 0 0 1 1206 0 15 14 0 8 11 24 24 43 39 80 9 110 388 8 17 4 0 0 16 0 1 11 7 0 4 0 1 0 0 0 5 4 1 0 0 1 200 202 0 0 0 0 0 0 0 0 0 0 0 0 0 17 0 0 4 0 0 0 0 0 0 0 0 0 0 4 0 0 8 9 13 3 8 13 5 0 4 0 20 14 10 0 0 0 0 0 0 0 4 0 0
0 17 10 24 77 1 0 17 22 11 12 22 23 5 32 2 27 1 31 34 78 135 276 96 77 55 0 0 150 13 12 5 11 14 41 10 15 6 77 26 21 34 13 45 40 153 19 0 36 32 12 70 60 56 59 61 60 57 62 70 56 61 124 60 60 60 0 0 0 26 0 47 45 0 14 33 88 7 138 0 313 31 430 30 30 67 13 0 0 56 0 0 43 27 0 14 0 0 0 0 0 2 13 5 0 0 2 385 379 7147 7109 7119 0 0 0 0 0 0 0 0 17 0 64 0 0 14 0 0 0 0 0 0 0 0 0 0 13 0 0 36 38 51 18 32 50 27 0 17 0 90 58 48 0 0 0 0 1 0 0 15 10 0
1 3469 30 68 213 3 0 50 60 30 32 63 66 15 89 7 77 0 87 94 218 394 771 269 214 154 547 1057 427 36 35 12 30 56 124 31 42 80 272 108 65 99 39 135 151 444 160 0 104 96 131 206 179 178 180 181 179 187 183 207 178 180 363 178 179 180 0 0 23 128 3 147 143 62 88 131 271 261 521 448 907 93 1233 86 89 189 51 0 0 166 0 19 123 77 0 41 0 6 0 0 0 6 38 16 0 0 6 1166 1175 0 0 0 0 0 0 0 18 0 0 15 49 0 194 47 28 46 47 0 0 0 0 0 0 0 0 0 49 0 13 150 160 176 113 102 160 150 72 60 56 377 212 226 0 0 23 0 24 20 0 42 46 0
0 26 16 37 114 2 0 26 32 16 17 33 35 8 47 3 40 1 46 50 116 209 410 147 117 82 191 303 227 15 7 0 768 12 57 8 7 7 135 0 16 51 19 69 70 228 71 0 53 49 19 104 90 90 90 92 90 88 93 105 85 91 185 90 90 91 0 0 9 57 0 72 69 0 38 60 136 132 245 210 474 47 648 45 46 100 20 0 0 85 0 5 64 39 0 21 0 3 0 0 0 3 20 8 0 0 3 583 588 0 0 0 0 0 0 0 0 0 0 0 26 0 102 25 14 23 0 0 0 0 0 0 0 0 0 0 24 0 0 71 76 87 50 51 81 67 23 30 18 178 103 104 0 0 8 0 10 6 0 22 6 0
1 49 30 69 214 3 0 48 60 30 32 62 65 15 88 7 75 0 86 94 216 391 765 270 215 153 604 1096 424 36 34 12 30 56 122 30 42 79 269 104 63 97 39 131 952 442 176 0 98 89 123 191 165 165 166 168 165 167 170 192 162 167 341 164 165 166 0 0 18 111 0 129 125 0 83 125 259 250 498 410 890 88 1208 84 87 188 50 0 0 156 0 17 120 78 0 38 0 5 0 0 0 6 37 15 0 0 5 981 989 0 0 0 0 0 0 0 12 0 0 22 48 0 189 46 26 43 0 0 0 0 0 0 0 0 0 0 44 0 12 143 153 169 108 98 153 143 68 58 53 360 202 216 0 0 22 0 23 19 0 41 41 0
0 0 0 0 11 0 0 3 3 0 0 3 4 0 3 0 2 0 5 5 12 20 42 0 12 8 37 60 22 0 0 0 0 2 7 0 2 0 0 1 2 1 1 4 0 20 0 0 5 5 5 11 9 0 0 9 9 0 9 10 0 9 19 9 9 9 0 0 1 5 0 7 7 0 0 6 14 13 23 21 43 0 64 5 4 10 0 0 0 7 0 0 6 4 0 0 0 0 0 0 0 0 2 0 0 0 0 55 44 1132 1131 1129 477 0 0 0 0 0 0 0 1 0 10 0 1 1 0 0 0 0 0 0 0 0 0 0 1 0 0 0 0 0 0 1 0 0 0 0 0 0 0 0 0 0 0 0 0 0 0 0 0 0
0 0 0 0 1 0 0 0 0 0 0 0 0 0 0 0 0 0 0 0 1 2 4 1 1 1 0 0 1 0 0 0 0 0 0 0 0 0 0 0 0 0 0 0 0 2 0 0 0 0 0 1 1 0 0 1 1 0 1 1 0 1 2 1 1 1 0 0 0 0 0 1 0 0 0 0 0 0 0 0 0 0 4 0 0 1 0 0 0 0 0 0 0 0 0 0 0 0 0 0 0 0 0 0 0 0 0 0 0 94 94 84 0 0 0 0 0 0 0 0 0 0 0 0 0 0 0 0 0 0 0 0 0 0 0 0 0 0 0 0 0 0 0 0 0 0 0 0 0 0 0 0 0 0 0 0 0 0 0 0 0 0
0 4 2 5 18 0 0 4 5 2 3 5 6 0 8 0 6 0 7 8 19 16 66 23 18 13 114 100 28 3 2 0 1 4 10 2 3 0 21 4 4 8 1 11 0 36 0 0 8 8 0 16 14 13 10 14 14 9 15 17 11 14 29 14 14 14 0 3 2 10 0 11 11 10 0 0 17 0 0 0 67 6 91 7 6 15 0 0 0 13 0 0 9 7 0 3 0 0 0 0 0 0 3 0 0 0 0 76 50 1642 1641 1638 0 0 0 0 0 0 0 0 4 0 16 2 2 0 0 0 0 0 0 0 0 0 0 0 0 0 0 0 0 6 0 5 8 0 0 1 0 0 3 0 0 0 0 0 0 0 0 3 0 0
0 3 2 4 12 0 0 3 3 2 2 3 4 1 5 0 4 0 5 5 12 22 43 15 12 9 74 93 24 2 2 1 2 3 7 2 2 5 15 7 4 5 2 7 7 23 10 0 5 5 9 11 9 9 9 9 9 1 9 11 0 0 19 9 9 9 0 6 1 7 7 7 7 7 5 8 15 14 0 24 50 5 67 5 5 10 3 0 0 9 0 1 7 4 0 2 0 0 0 0 0 0 2 1 0 0 0 53 54 265 265 264 0 0 0 0 1 5 6 0 3 5 11 3 1 2 3 0 0 0 0 0 0 0 0 0 3 0 2 0 0 1 0 2 4 0 0 0 0 0 0 0 0 0 0 0 0 0 2 2 0 0
0 0 0 0 0 0 0 0 0 0 0 0 0 0 0 0 0 0 24 0 0 8 0 0 0 0 0 0 0 0 0 0 0 0 0 0 0 0 0 0 0 0 0 0 1 12 1 0 0 0 0 0 0 0 0 0 0 0 0 0 0 0 0 0 0 0 0 0 0 4 0 0 0 0 0 0 0 0 0 0 0 0 0 0 0 0 0 0 0 0 0 0 0 0 0 0 0 0 0 0 0 0 0 0 0 0 0 0 0 0 0 0 0 0 0 0 0 0 0 0 0 0 0 0 0 0 0 0 0 0 0 0 0 0 0 0 0 0 0 0 0 0 0 0 0 0 0 0 0 0 0 0 0 0 0 0 0 0 0 0 0 0
0 0 0 0 0 0 0 0 0 0 0 0 0 0 0 0 0 0 0 0 0 0 0 0 0 0 0 0 0 0 0 0 0 0 0 0 0 0 0 0 0 0 0 0 0 0 0 0 0 0 0 0 0 0 0 0 0 0 0 0 0 0 0 0 0 0 0 0 0 0 0 0 0 0 0 0 0 0 0 0 0 0 0 0 0 0 0 0 0 0 0 0 0 0 0 0 0 0 0 0 0 0 0 0 0 0 0 0 0 18 18 18 0 0 0 0 0 0 0 0 0 0 0 0 0 0 0 0 0 0 0 0 0 0 0 0 0 0 0 0 0 0 0 0 0 0 0 0 0 0 0 0 0 0 0 0 0 0 0 0 0 0
0 26 16 37 115 2 0 50 33 16 18 21 23 8 4 3 136 2 46 48 116 210 412 144 114 82 0 191 222 17 18 8 16 29 64 14 20 29 130 50 35 50 19 68 64 229 64 0 46 46 31 100 88 0 88 88 88 81 89 102 88 88 182 87 88 88 0 0 7 54 0 69 67 0 35 56 132 128 231 202 154 47 648 45 45 99 23 0 0 83 0 35 65 41 0 0 0 0 0 0 0 0 61 0 0 0 1 0 0 0 0 0 0 0 0 0 12 0 0 0 83 0 340 82 45 79 0 0 0 0 0 0 0 0 0 0 0 0 34 273 293 317 213 182 286 281 146 107 114 691 383 418 29 23 44 4 46 40 0 68 102 0
2 114 69 160 500 7 0 264 141 70 76 88 97 35 18 12 730 2 202 209 504 911 1784 623 496 357 2200 0 961 34 61 13 9 64 255 2 0 111 609 262 153 217 84 296 279 992 375 0 205 200 322 433 375 347 378 378 378 381 384 435 379 376 786 366 377 377 0 0 36 227 0 296 289 83 170 302 601 573 1189 969 1875 202 2814 195 205 431 122 0 0 154 0 231 9 182 0 0 0 0 0 0 0 0 350 0 0 0 8 9465 0 25413 25386 25353 21888 0 0 340 87 0 0 0 445 0 1822 442 241 427 0 19 0 0 50 0 223 0 0 0 0 0 0 1533 1643 1744 1234 993 1559 1611 922 589 152 0 2121 2370 368 280 272 274 274 256 0 365 557 0
0 0 0 0 0 0 0 0 0 0 0 0 0 0 0 0 0 0 0 0 0 0 0 0 0 0 0 0 0 0 0 0 0 0 0 0 0 0 0 0 0 0 0 0 0 0 0 0 28 20 0 0 0 0 0 0 0 0 0 0 0 0 0 0 0 0 0 0 27 0 0 0 0 0 0 0 0 0 0 0 16 0 0 0 0 0 0 0 0 0 0 0 0 0 0 0 0 0 0 0 0 0 0 0 0 0 0 0 0 0 0 0 0 0 0 0 0 0 0 0 0 0 0 0 0 0 0 0 0 0 0 0 0 0 0 0 0 0 0 0 0 0 0 0 0 0 0 0 0 0 0 0 0 0 0 0 0 0 0 0 0 0
0 0 0 0 0 0 0 0 0 0 0 0 0 0 0 0 0 0 0 0 0 0 0 0 0 0 0 0 0 0 0 0 0 0 0 0 0 0 0 0 0 0 0 0 0 1 0 0 7 5 0 0 0 0 0 0 0 0 0 0 0 0 0 0 0 0 0 0 6 0 0 0 0 0 0 0 0 0 0 0 45 0 0 0 0 0 0 0 0 0 0 0 0 0 0 0 6 0 0 0 0 0 0 0 0 0 0 0 0 0 0 0 0 0 0 0 0 0 0 0 0 0 0 0 0 0 0 0 0 0 0 0 0 0 0 0 0 0 0 0 0 0 0 0 0 0 0 0 0 0 0 0 0 0 0 0 0 0 0 0 0 0
0 2 1 3 9 0 0 0 3 1 1 2 2 0 0 0 0 0 0 0 0 0 0 0 0 0 0 0 0 2 2 1 2 0 0 0 3 0 0 0 0 0 0 0 3 43 0 0 1 0 0 0 0 0 0 0 0 0 0 0 0 0 3 0 0 0 0 0 0 0 0 0 0 0 0 0 0 0 0 0 0 0 4 0 0 1 0 0 0 0 0 0 0 0 0 0 2 0 0 0 0 0 0 0 0 0 0 0 0 0 0 0 0 0 0 0 0 0 0 0 0 0 0 0 0 0 0 0 0 0 0 0 0 0 0 0 0 0 0 0 0 0 0 0 0 0 0 0 0 0 0 0 0 0 0 0 0 0 0 0 0 0
2 123 75 174 542 8 0 173 153 76 82 189 196 35 310 19 440 0 351 379 879 1589 3112 1087 865 622 4639 6134 1725 165 162 69 148 258 557 137 197 398 1228 511 192 508 186 655 480 4548 1856 397 1067 91 60 537 122 61 81 135 78 0 118 0 18 150 3193 183 71 89 0 1841 271 1536 1309 2518 2602 2551 1951 1734 3168 3151 6757 5435 1184 808 3743 313 272 581 96 257 901 1645 512 80 325 210 311 142 2614 6193 12708 10291 9898 0 11692 7343 13924 17481 8079 3479 0 0 1 1 0 0 460 108 67 342 385 47 173 0 600 169 94 152 19 188 0 0 7 0 0 0 50 137 20 0 0 547 585 630 430 362 568 564 304 216 235 1379 763 837 77 60 92 29 95 85 0 149 155 0
52 467 292 905 453 354 10 59 386 381 192 301 318 134 116 35 458 0 0 13 1 177 359 952 127 114 1349 2094 1259 51 35 22 59 77 73 60 84 135 327 296 26 93 15 75 2 71 0 0 30 63 101 117 119 99 0 119 118 116 119 117 118 119 104 120 118 119 90 182 31 88 0 104 100 0 54 36 143 89 81 27 76 97 52 29 30 98 151 0 0 160 190 67 11 63 0 70 79 406 298 537 498 23 920 476 761 8 442 582 310 474 473 479 334 0 0 0 0 0 0 248 12 0 19 137 194 0 0 0 0 0 0 0 0 0 0 0 150 0 0 2365 2491 2652 1862 1544 2427 2353 3032 2914 2418 2659 2624 2989 2923 2453 2442 2357 2465 2297 232 203 802 0
27 152 94 340 203 177 1 1469 13 15 8 1586 1590 9 11 325 444 2 16 74 99 2702 5587 4222 2798 1689 500 789 2865 144 96 45 131 199 271 157 237 391 1299 549 194 679 0 383 119 276 383 325 283 107 192 306 192 177 0 194 184 192 192 304 184 197 906 201 183 186 216 423 133 641 101 835 858 146 0 361 201 2614 0 1390 45 355 189 133 0 162 0 0 546 3435 18166 1626 28 724 194 955 293 1538 1446 2330 2190 86 1778 2206 3295 207 2064 2808 2815 91 92 95 0 657 0 0 129 0 0 0 133 0 0 751 1457 466 1386 277 0 448 707 78 278 954 692 255 509 784 499 1646 1727 1778 1284 1038 1635 1683 2115 1905 1676 1904 1772 2077 2129 1761 1620 1802 1629 1533 489 512 574 0
1 10 3 22 9 8 0 86 9 8 0 46 50 3 1633 4 9 1 109 117 102 66 137 35 37 10 3 7 15 14 8 5 16 18 14 17 23 28 75 73 2 0 0 0 0 2 0 0 2 55 83 106 110 100 0 109 112 108 110 103 111 108 69 107 112 111 4 0 4 29 0 9 1 0 0 0 6 17 23 0 0 4 0 11 0 3 0 0 0 7 133 1297 401 0 0 33 10 62 22 45 19 1 216 57 97 1 62 5 0 74 74 75 0 160 23 0 382 0 0 0 0 371 122 0 1027 0 0 0 0 0 0 0 581 0 0 0 114 0 0 656 701 752 520 427 670 674 866 792 689 774 725 842 853 708 668 711 673 631 0 0 0 0
5 40 22 79 37 31 1 57 34 33 8 43 45 12 30 1036 64 0 3 3 4 2 3 0 0 0 298 639 47 8 4 3 9 9 8 10 13 11 35 37 22 0 2 4 56 36 97 0 32 31 46 63 58 54 13 59 57 58 59 64 58 59 93 61 57 58 0 12 39 71 107 114 115 76 0 33 364 41 119 92 0 165 444 258 176 189 123 0 90 640 60 5 0 0 0 11 0 1 0 0 0 10 55 6 0 0 8 0 0 4 4 4 0 242 0 0 0 0 0 0 0 0 0 0 29 0 0 0 0 0 0 0 0 2 173 0 0 0 0 224 212 107 69 103 159 163 18 67 0 1192 1240 0 0 557 374 491 231 230 0 0 0 0
524 4602 2712 2843 4144 3507 120 3118 3860 3714 1134 3550 3724 1557 1215 585 3743 6 0 51 0 0 0 0 0 0 104 148 11604 1420 1055 645 1681 2276 2714 1605 2316 3765 9428 7431 916 310 5492 3295 1225 4888 5579 1363 1390 991 1823 1937 1840 1715 1646 1886 1773 1822 1847 2066 1780 1895 3114 2003 1759 1797 8425 3589 414 1645 15027 15294 15778 15869 6265 2976 6147 6519 4746 3671 5161 5399 2747 1612 1582 5175 6437 3551 3499 1488 3968 2092 4531 5154 12296 468 737 3885 285 2103 1995 461 4305 2206 0 33 1835 2515 2517 0 3 5 0 3624 2749 2242 713 0 0 8167 1681 0 4120 1072 1782 3418 0 556 0 0 50 0 1724 342 499 1063 655 461 720 3923 3568 2885 6154 2206 6510 5224 1872 1794 1641 2673 1104 1288 71 10632 3711 0 11439 10124 1671 1230 1080 0
12804 2236 1920 2649 2017 249 174 2382 1563 1308 4707 2189 1426 14938 3442 1059 4566 4 658 1453 129 2423 4243 10102 3812 1985 1795 3024 6598 206 106 97 216 3099 1202 292 293 233 301 6567 4 92 3085 45 748 8150 2716 1076 637 585 1046 991 1050 1004 1011 1064 1033 1047 1053 1047 1037 1064 973 1092 1029 1041 2718 906 11021 6691 6552 6674 6871 6917 3249 1518 1785 770 916 1988 2252 2511 1787 639 564 4071 1799 1368 2640 2648 1614 785 2049 3067 280 332 223 3114 1125 2769 285 647 1998 323 0 141 485 1222 1053 0 1 2 0 1834 310 1092 537 181 0 1141 86 16 3111 2299 1450 3037 0 371 0 125 500 0 0 451 1369 0 226 127 1366 5338 5158 3252 2561 3240 4303 3150 648 681 271 2635 1116 1307 5942 5518 3596 2037 3461 2870 1414 722 1096 0
2 0 0 15 0 12 0 102 13 13 0 109 107 7 96 14 0 2 141 173 168 0 0 0 0 0 300 479 368 0 0 0 22 0 0 0 0 0 0 0 57 0 0 182 0 58 0 70 39 20 35 35 36 23 0 38 33 33 36 39 33 38 44 45 32 34 13 241 16 90 74 395 408 296 104 0 23 46 54 53 100 249 159 90 93 302 186 50 102 96 818 234 63 237 81 2677 5 19 0 1 0 17 171 64 102 1 71 69 67 88 88 89 0 0 160 192 5 0 0 0 8 0 257 176 219 61 4149 123 0 230 721 0 13 883 571 0 159 0 143 383 408 438 301 250 393 390 499 464 398 443 421 486 487 406 390 401 387 367 1179 0 0 0
0 1 0 4 1 1 0 15 2 1 0 20 20 1 174 2 9 2 1468 7 0 7458 0 3555 6016 4668 303 258 110 80 8 4 10 15 10 11 12 13 36 23 4 14 15 1 3 39 40 6 48 15 0 24 23 0 0 25 20 23 24 25 20 0 34 29 20 20 10 194 6 508 98 133 136 57 6 8 69 12 49 176 350 24 37 19 20 29 0 30 0 22 0 0 133 0 0 494 5 0 0 0 0 0 53 0 0 0 2 0 0 0 0 1 0 0 0 23 10 0 0 0 0 0 324 162 28 0 0 0 0 0 96 0 0 0 12 0 0 0 0 220 235 254 171 145 228 223 286 271 228 252 244 279 276 230 227 223 229 213 0 0 5 0
35 307 186 598 287 233 7 1553 255 251 122 2023 2035 97 2650 142 739 2 0 86 0 8646 0 4179 2562 2594 23 16266 591 11249 1182 574 1266 2066 1487 1217 1537 2207 4777 4164 742 1418 713 1594 1702 7022 2960 1485 746 509 767 1608 940 855 0 939 902 942 942 1491 900 838 4520 962 900 910 59 2563 268 1131 491 463 444 0 1805 1153 2554 3784 8799 2544 2428 1129 2326 3618 1593 284 1640 1294 1682 1594 1036 1628 922 1026 1381 12 344 1832 474 855 783 178 2021 986 0 2 814 1063 1068 4832 4831 4826 4480 463 1004 0 336 7791 0 363 697 0 8553 1319 1645 60 0 123 0 0 0 0 0 0 218 0 1095 35 81 1996 2113 2199 1599 1266 1989 2063 2678 2376 2107 2389 2181 2571 2674 2209 1996 2285 2007 1896 637 375 510 0
0 0 0 1 0 0 0 12 0 0 0 17 17 0 1 4 0 1 0 0 0 2552 5277 1285 975 401 0 0 22 0 0 0 0 0 0 0 1 0 0 0 0 0 0 0 0 0 0 0 0 66 54 126 135 36 105 134 135 135 135 123 133 134 76 130 138 132 0 0 0 17 0 7 0 0 0 8 7 15 0 10 0 0 0 0 0 0 0 21 0 0 0 0 0 0 0 1 0 0 0 0 0 0 0 0 0 0 2 0 0 83 83 83 0 0 55 0 326 0 0 0 0 0 0 0 0 0 0 0 0 0 0 0 0 0 0 0 0 0 0 0 0 0 0 0 0 0 142 305 0 0 7 0 0 0 0 0 0 0 0 0 0 0
1 9 5 17 0 7 0 28 8 8 0 22 23 4 38 8 11 1 0 3 0 0 0 0 0 0 6 44 12 17 9 7 20 24 27 21 29 43 108 106 196 81 80 115 151 399 106 37 30 78 143 140 145 145 0 145 145 144 145 140 145 0 118 145 145 145 1 169 25 73 31 32 27 0 85 6 10 32 82 35 123 288 84 66 466 37 15 99 158 0 0 49 114 39 0 388 141 716 0 0 0 15 35 0 0 0 3 0 0 0 0 0 0 0 0 63 10 0 0 0 0 0 163 0 243 0 0 0 0 0 0 0 0 0 0 0 0 0 0 140 149 164 107 95 149 138 176 178 140 151 155 172 160 136 146 123 0 137 0 0 0 0
0 0 0 1 0 0 0 3 0 0 0 2 2 0 4 0 0 0 0 0 0 0 0 0 0 0 0 1 0 1 0 0 1 1 1 1 1 0 2 2 3 9 5 8 0 8 0 0 2 5 0 10 11 7 0 11 11 10 11 10 10 0 8 11 11 11 0 17 1 5 1 2 2 0 0 0 0 1 1 2 3 2 2 1 1 0 1 0 0 0 0 0 0 0 0 1 2 15 0 0 0 0 5 0 0 0 0 0 0 0 0 0 0 0 0 0 0 0 0 0 0 0 9 0 0 0 0 0 0 0 0 0 0 0 0 0 0 0 0 4 4 12 0 17 19 0 0 22 0 0 5 0 0 0 11 0 13 8 0 0 0 0
0 1 1 3 1 1 0 3493 1 1 0 50 53 0 1 0 100 1 21 27 20 416 860 406 889 255 163 255 171 10 3 1 8 7 9 15 12 2 31 18 58 14 0 23 8 33 35 28 17 17 24 31 0 30 31 33 31 31 32 32 31 33 26 35 31 31 15 121 5 35 91 95 97 97 48 22 32 68 20 28 24 29 11 8 6 19 40 46 21 140 5 882 3 0 74 1352 0 0 0 0 0 0 26 0 0 0 2 0 0 5 5 5 0 7 0 28 35 0 0 0 14 0 52 368 678 0 0 0 0 103 301 0 0 0 200 0 0 0 62 101 107 119 75 70 110 97 126 132 100 104 0 122 110 95 107 80 109 100 1107 0 0 0
19 163 99 340 153 123 4 8497 135 132 60 1635 1639 50 15443 68 5609 5 16 85 29 4628 0 4291 5055 2892 0 0 7801 515 347 126 458 563 1067 558 587 593 1967 1250 300 298 174 207 972 1644 1453 245 281 284 496 592 506 473 405 523 485 507 518 493 490 523 310 561 480 495 196 1602 231 1077 3305 3401 3517 3320 864 171 508 271 309 172 2740 1332 848 547 510 1519 2739 564 841 115 101 331 11 1091 1898 10313 31 167 0 28 0 88 258 50 0 8 103 71 69 205 207 206 0 4 0 1847 1431 7223 75 0 16656 18383 6178 14905 4276 10426 0 416 0 0 0 0 0 0 139 293 796 18 6 471 462 416 338 278 442 458 554 516 421 465 453 531 542 451 421 501 418 403 85 0 33 0
5 42 22 80 37 33 1 267 36 35 17 214 218 17 162 70 959 1 67 73 221 3126 6467 4557 2778 1904 0 0 3712 223 195 94 225 357 678 218 301 486 1156 920 143 678 174 341 347 277 528 525 170 107 187 217 198 146 113 202 189 194 198 224 190 201 339 217 188 192 91 657 40 252 1109 1115 1152 1132 436 646 741 637 467 420 349 549 341 217 203 620 876 332 533 563 177 755 160 177 438 291 135 711 420 336 301 64 996 344 499 6 313 345 0 0 1 4 0 734 0 373 202 0 0 0 5 0 1963 539 686 105 0 0 150 703 1954 0 0 0 262 0 0 13 102 1634 1736 1820 1307 1038 1632 1695 2168 1917 1725 1966 1792 2114 2194 1810 1633 1880 1640 1546 1826 375 301 0
71 633 402 1216 640 481 12 1215 521 513 254 780 786 171 988 657 977 4 125 316 148 3677 0 2808 1549 623 4789 2240 294 510 481 209 472 846 1817 456 632 1004 2389 1782 794 1149 933 1920 1863 2444 1097 174 341 962 1869 1853 1869 1875 1854 1865 1875 1867 1868 1841 1875 1864 1712 1855 1877 1873 239 1727 218 776 446 446 388 365 1194 600 1528 1094 1498 691 1208 1188 3952 863 1722 257 496 1178 1470 3602 1546 1257 1402 1195 523 757 632 3220 1954 2882 2779 225 3200 2533 3985 16 2342 3356 3423 1415 1416 1416 1341 1191 895 1391 510 1199 1416 564 4995 815 119 796 1213 1208 1128 0 0 1881 0 0 1196 101 479 0 2724 605 777 1607 1688 1731 1217 1009 1592 1657 2024 1797 1607 1828 1670 1967 2036 1682 1526 1738 1533 1445 1132 563 1084 0
60 532 321 1001 477 403 15 219 443 432 229 389 409 201 595 943 997 1 115 117 167 154 318 121 55 25 329 1228 110 39 20 13 43 59 58 48 63 80 210 189 91 135 64 198 255 409 105 0 49 33 61 72 63 57 30 64 62 62 63 67 62 64 85 65 62 62 1 156 28 135 13 17 15 0 150 87 375 92 122 254 81 59 166 127 113 9 66 155 120 305 230 579 6 37 64 127 18 97 248 190 181 8 193 169 265 6 170 217 175 168 168 169 148 190 0 236 398 283 0 0 7 533 850 277 607 0 151 0 0 0 0 109 561 0 40 0 94 2 0 468 499 533 369 304 477 481 617 564 491 551 516 599 609 505 475 508 478 449 0 58 155 0
2 17 10 32 15 13 0 125 14 14 6 83 87 7 44 6 12 1 0 4 0 0 0 0 0 0 251 415 247 30 16 9 31 35 37 38 45 58 154 138 23 77 58 102 1503 13 22 0 17 4 0 14 5 2 0 5 3 5 5 10 4 5 36 7 3 4 0 66 7 24 83 97 101 58 115 31 91 87 83 46 94 116 84 94 71 78 129 95 121 92 66 979 43 71 0 31 7 42 22 30 20 8 87 37 54 2 35 12 0 62 62 62 0 117 0 413 198 0 0 0 0 6 105 27 737 0 1 0 535 26078 0 0 821 0 12 0 43 0 4 210 222 238 160 138 217 210 267 258 213 233 230 261 255 214 215 203 217 202 0 0 118 0
1 5 2 11 5 4 0 1342 5 4 1 903 898 0 795 37 53 1 0 134 0 494 1023 620 467 297 329 514 469 195 125 39 165 201 512 203 210 159 616 353 91 800 556 1169 143 374 645 1800 75 56 100 173 102 91 93 103 96 100 103 117 96 104 167 110 96 98 47 385 36 106 519 513 539 532 621 193 274 241 301 153 248 767 470 274 276 876 605 743 1022 3373 1942 2649 267 301 244 1336 20 103 75 101 97 50 200 99 141 2 136 113 120 170 172 171 156 441 0 4101 4993 3532 201 4773 551 993 197 4302 2003 990 2083 1908 1411 0 3680 0 2338 2607 1478 901 1856 505 287 473 489 490 365 295 465 477 606 553 473 529 501 584 597 496 461 502 464 438 175 4314 5654 0
1 9 1 17 9 8 0 4779 9 1 1 223 248 0 2104 40 229 2 717 896 538 0 0 0 8826 11240 233 404 429 66 43 23 62 90 121 76 99 122 352 295 14 240 87 94 109 394 229 3495 109 178 99 375 350 345 264 347 352 350 348 374 349 347 518 341 352 350 112 112 22 784 208 232 223 205 169 110 570 382 661 629 109 312 184 102 105 362 291 0 424 291 1481 7724 0 251 296 724 54 284 233 239 218 31 397 236 349 15 224 256 0 281 281 281 170 1735 0 0 320 0 14 0 63 1004 223 4766 6220 6732 714 132 0 0 0 0 0 651 42 0 73 165 0 607 641 672 475 390 613 620 788 722 624 701 660 767 778 646 608 649 612 574 29 0 0 0
2 14 8 28 13 11 0 756 12 11 5 54 50 5 1395 5 75 1 41 90 75 0 0 0 0 0 255 404 269 42 28 18 50 64 63 50 69 112 272 256 8 3 98 139 92 86 117 541 46 61 116 117 117 114 111 117 116 117 117 118 116 117 122 118 116 117 63 106 25 102 224 233 237 236 16 98 299 201 145 182 80 115 77 55 54 165 222 117 585 1362 47 227 0 93 42 422 69 356 243 266 240 24 374 252 391 9 229 271 333 361 360 360 221 332 0 34 0 0 0 0 692 1465 3298 280 190 1216 538 126 0 166 881 0 0 0 313 113 613 156 352 221 234 252 170 145 228 222 284 271 226 248 243 277 272 228 226 219 228 213 65 0 94 0
1 3 0 0 4 2 0 38 0 0 0 51 45 0 12 33 158 0 127 176 333 1302 2674 0 0 977 237 351 256 48 30 20 59 72 50 60 85 26 249 233 498 156 287 134 98 212 0 0 230 199 258 239 273 245 136 279 260 262 270 269 241 282 215 305 258 265 51 563 1515 2561 2761 2846 2856 2956 274 5 312 228 154 190 116 160 4 40 12 36 0 0 422 3262 0 0 531 1584 35 20 149 214 441 614 611 51 552 604 696 0 414 504 389 42 42 42 0 13 0 95 0 0 0 0 0 0 17 5 8 0 0 0 0 0 0 0 0 0 0 0 213 0 0 147 114 43 0 70 122 122 0 13 94 0 6 0 0 0 10 0 11 8 0 0 0 0
112 994 588 1912 938 761 23 1836 837 409 385 785 836 49 766 581 2033 7 1170 1122 2031 0 0 0 0 6119 0 0 6112 2023 1693 850 11468 2678 1918 735 952 743 101 1976 2902 1708 1435 3676 3198 3421 4299 4978 771 752 1397 1666 1394 1375 1367 1386 1395 1407 1396 1699 1393 1390 3454 1356 1397 1391 37 9 481 2324 2123 2275 2314 2248 38 3308 3046 4184 5847 3339 1718 1254 3299 1529 767 554 2126 1040 35 145 0 1954 936 3965 1896 37 922 4787 4184 3588 3460 330 5563 3327 4969 267 2948 4199 4249 0 2 8 0 3405 0 5798 25974 0 4770 1036 1118 480 122 3642 3197 2578 0 2948 2674 2958 4943 0 1815 0 5341 0 0 1148 791 6218 6628 6989 4986 3965 6234 6478 0 7302 6593 0 6832 0 0 0 6227 2107 6255 5896 6338 3568 4810 0
1 18 3 21 1 7 0 82 19 30 0 55 56 22 78 0 34 0 8 13 15 236 288 299 199 63 213 392 231 16 3 18 18 14 38 33 33 0 0 0 29 16 7 44 11 95 0 0 15 8 0 16 15 0 0 16 14 11 15 17 14 13 24 18 14 14 39 100 2 12 0 30 30 8 21 30 17 30 35 14 62 32 52 20 22 54 147 0 41 122 318 167 65 38 23 101 0 0 0 0 0 0 37 14 0 0 10 5 4 173 173 173 0 0 0 0 76 0 0 0 504 0 47 268 229 35 0 27 0 0 0 0 0 0 0 26 0 0 0 98 83 46 141 42 125 122 111 142 226 57 27 47 0 15 20 19 22 19 0 0 0 0
7 57 30 111 46 46 1 222 50 49 20 118 120 24 71 64 340 0 86 94 222 1085 2247 1290 700 640 95 150 103 96 52 42 117 141 110 124 171 211 546 588 386 143 124 136 39 136 0 0 43 12 0 17 10 0 0 14 8 11 13 15 8 14 30 19 7 9 63 199 9 72 303 317 330 331 158 55 175 93 59 14 456 459 306 179 184 584 461 0 145 793 62 0 0 387 0 9 52 274 349 290 267 40 333 263 418 31 248 310 358 676 675 675 579 257 0 485 1182 0 0 1 105 0 411 24 5 253 0 0 0 0 9 0 0 0 552 0 27 0 135 400 408 403 300 246 389 397 481 447 384 432 421 489 491 407 385 408 387 363 222 0 218 0
4 33 13 72 25 29 0 154 32 31 8 209 211 12 57 172 244 1 1 4 3 718 1486 759 421 437 249 412 240 69 16 22 82 73 73 105 123 28 199 292 36 28 36 135 0 34 0 0 20 14 21 41 26 15 0 27 24 21 26 27 24 11 22 30 24 25 1 0 8 39 196 195 201 203 0 17 0 25 28 18 35 295 30 41 27 29 46 5 50 328 0 75 73 169 74 10 1 10 0 2 0 18 110 15 0 1 22 0 22 287 287 288 175 40 0 524 127 0 0 0 543 0 172 15 122 0 0 0 0 4 0 0 42 0 32 0 33 0 0 550 409 161 503 230 372 406 535 569 449 549 733 858 806 661 615 667 616 579 81 102 12 0
12 10 9 12 8 10 2 16 6 12 2 12 11 10 14 6 12 0 5 7 5 40 83 30 19 18 20 16 8 443 200 232 665 724 253 631 949 878 18 16 9 17 0 17 0 21 0 0 21 23 27 37 37 0 0 38 37 38 39 37 36 37 37 38 37 37 42 55 12 25 0 20 18 0 0 17 7 38 32 0 331 205 373 232 199 218 249 0 0 25 0 0 0 0 0 12 0 0 0 0 0 12 337 2 5 10 17 0 0 24 24 27 0 0 0 0 0 0 0 0 0 0 28 0 0 0 0 0 0 0 0 0 0 0 0 0 0 0 0 0 0 700 0 586 930 0 0 1260 0 0 19 0 0 0 606 0 736 359 0 0 2 11
13 11 10 13 9 11 3 18 7 14 4 13 12 11 15 7 13 0 6 8 6 44 91 32 20 20 28 27 11 403 183 212 604 658 231 573 861 797 20 526 10 19 0 19 0 23 0 0 22 25 31 41 40 4 0 42 40 42 43 41 40 41 41 41 40 41 46 60 13 28 0 22 20 0 0 19 9 42 26 0 353 219 398 248 212 233 266 0 0 28 0 0 0 0 0 13 0 0 0 0 0 13 370 2 6 11 18 0 0 26 26 30 0 0 0 0 0 0 0 0 0 0 31 0 0 0 0 0 0 0 0 0 0 0 0 0 0 0 0 52 0 800 0 655 1040 0 0 1397 0 0 75 0 0 0 695 0 832 430 0 0 4 13
8 7 6 7 5 7 2 10 4 8 2 8 7 7 9 3 8 0 3 5 3 26 51 19 12 12 19 19 8 11 8 8 10 13 566 13 12 11 17 10 6 12 0 4622 0 14 0 0 13 15 21 25 25 17 0 26 25 25 26 25 24 25 25 25 25 25 28 28 6 14 0 13 12 0 0 11 14 25 21 0 216 134 246 153 130 142 162 0 0 10 0 0 0 0 0 7 0 0 0 0 0 4 209 0 0 6 10 0 0 15 15 17 0 0 0 0 0 0 0 0 0 0 18 0 0 0 0 0 0 0 0 0 0 0 0 0 0 0 0 0 0 0 0 207 335 0 0 593 0 0 0 0 0 0 0 0 125 0 0 0 0 7
16 14 13 16 11 14 3 22 8 16 6 15 15 14 19 8 16 0 7 10 7 54 111 39 33 24 35 33 14 22 15 16 20 26 16 24 23 21 20 21 10 24 0 0 0 36 0 4 40 40 62 62 61 57 24 65 62 66 67 61 63 63 57 63 61 63 64 59 13 30 0 27 25 0 0 22 17 49 42 0 856 516 967 598 513 565 641 0 0 43 0 6 0 0 0 16 0 0 0 0 0 37 408 10 12 14 18 0 0 33 33 37 0 0 0 0 0 0 0 0 0 0 38 0 5 0 0 0 0 0 0 0 0 0 4 0 0 0 0 598 595 1215 0 841 1330 0 0 1680 0 0 661 0 0 0 1067 0 1171 840 0 0 18 16
3 2 2 3 2 2 1 4 1 3 0 3 3 2 3 1 3 0 1 2 1 9 18 7 4 4 1 0 1 4 2 3 3 4 3 4 4 3 3 3 2 4 0 1 0 5 0 0 5 5 4 9 9 0 0 9 9 9 9 9 8 8 9 9 9 9 10 9 2 5 0 5 3 0 0 4 5 9 6 0 78 48 88 55 47 51 58 0 0 0 0 0 0 0 0 3 0 0 0 0 0 0 75 0 0 2 3 0 0 5 5 6 0 0 0 0 0 0 0 0 0 0 6 0 0 0 0 0 0 0 0 0 0 0 0 0 0 0 0 0 0 0 0 0 5 0 0 125 0 0 0 0 0 0 0 0 0 0 0 0 0 3
4 4 3 4 3 4 1 6 2 5 0 4 4 4 5 0 4 0 2 3 2 15 29 11 7 7 1 0 1 6 4 4 6 7 157 7 7 5 7 5 3 6 0 1262 0 9 0 0 9 10 8 15 15 0 0 16 15 15 16 15 14 15 15 15 15 15 16 15 3 8 0 7 5 0 0 6 8 14 10 0 171 104 193 120 102 111 128 0 0 0 0 0 0 0 0 4 0 0 0 0 0 1 117 0 0 4 5 0 0 9 9 10 0 0 0 0 0 0 0 0 0 0 10 0 0 0 0 0 0 0 0 0 0 0 0 0 0 0 0 0 0 0 0 0 0 0 0 187 0 0 0 0 0 0 0 0 0 0 0 0 0 4
20 17 16 19 14 17 4 26 10 20 9 19 18 17 23 6 20 0 9 12 8 65 134 47 29 30 48 50 19 27 18 20 25 32 24 29 29 27 29 26 14 28 0 32 0 31 0 6 28 33 47 55 54 48 0 55 54 55 56 54 53 54 57 55 54 54 65 69 15 35 0 31 28 0 0 21 20 63 45 0 369 235 414 259 222 243 279 0 0 47 0 8 0 0 0 19 0 0 0 0 0 15 564 10 13 16 21 0 0 38 38 44 0 0 0 0 0 0 0 0 0 0 46 0 6 0 0 0 0 0 0 0 0 0 0 0 0 0 0 915 918 1742 100 1188 1879 0 0 2360 24 0 1007 0 0 0 1530 0 1616 1225 0 0 23 18
26 23 20 25 18 22 5 35 13 27 8 25 24 22 30 18 27 0 11 16 11 86 178 63 38 39 64 66 26 35 24 27 33 43 31 39 38 36 40 36 19 37 0 42 0 38 0 9 33 40 67 68 67 66 44 68 67 68 69 68 66 67 73 68 67 67 84 91 19 46 0 41 40 0 0 28 28 84 59 0 334 221 374 236 202 221 255 0 0 62 0 12 0 0 0 25 5 8 0 0 0 20 767 24 24 21 27 0 0 50 50 58 0 0 0 0 0 0 0 0 0 0 0 0 9 0 0 0 0 0 0 0 0 0 12 25 0 0 0 1397 1417 2465 321 1650 2609 257 0 3251 288 0 1534 245 0 0 2166 0 2341 1770 0 0 47 24
3 2 1 3 2 3 1 4 2 3 0 3 3 3 4 1 3 0 1 2 1 10 20 7 4 5 0 0 0 4 2 3 4 5 2 5 5 2 2 4 2 4 0 0 0 4 0 0 4 5 7 8 8 7 0 8 8 7 8 8 7 8 9 8 8 8 10 9 2 5 0 5 5 0 0 4 5 10 4 0 37 25 42 27 22 24 28 0 0 0 0 0 0 0 0 3 0 0 0 0 0 0 91 0 0 2 3 0 0 6 6 7 0 0 0 0 0 0 0 0 0 0 0 0 0 0 0 0 0 0 0 0 0 0 0 0 0 0 0 0 0 0 0 0 0 0 0 0 0 0 0 0 0 0 0 0 0 0 0 0 0 3
20 17 16 19 14 17 4 27 10 21 9 20 19 17 23 13 21 0 9 12 9 67 139 49 30 30 49 50 20 28 19 21 26 34 26 31 30 29 32 28 15 29 0 34 0 33 0 7 30 36 61 61 60 60 54 62 60 62 63 60 60 61 62 61 60 60 69 72 15 37 0 34 33 5 0 23 22 65 47 0 413 262 469 292 249 275 311 38 0 51 0 9 0 0 0 19 4 6 0 0 0 22 560 18 18 16 21 0 0 39 39 45 0 0 0 0 8 0 0 0 0 0 20 0 7 0 0 0 0 0 0 0 0 0 0 0 0 0 0 893 895 1719 82 1175 1859 0 0 2337 0 0 984 0 0 0 1509 0 1647 1205 0 0 33 19
32 28 26 31 23 27 7 43 16 33 18 30 30 27 37 18 32 0 14 19 14 106 218 77 47 48 83 87 33 44 30 33 41 53 40 48 46 45 50 43 23 46 0 55 0 52 0 21 48 55 56 91 89 88 0 92 90 93 94 90 89 90 94 91 89 90 107 113 24 57 0 51 40 0 0 37 40 102 79 0 664 419 745 466 399 438 502 0 0 84 0 22 0 0 0 31 0 0 0 0 0 20 911 6 14 26 34 0 32 62 62 72 0 0 0 0 0 0 0 0 0 0 75 0 19 0 0 0 0 0 0 0 0 0 20 45 0 0 0 2180 2254 3253 1006 2079 3282 1176 1183 4006 1205 0 2377 1380 0 0 2866 0 3029 2457 0 0 50 30
13 11 10 12 9 11 3 3136 6 13 2 12 11 11 14 7 13 0 5 7 5 41 85 48 19 18 16 8 6 17 11 12 15 20 15 19 17 16 16 15 8 18 0 17 0 19 0 0 17 20 0 34 33 24 0 34 33 33 34 34 32 33 36 34 33 33 40 43 9 22 0 20 6 0 0 18 7 40 23 0 190 123 214 134 115 126 144 0 0 24 0 0 0 0 0 12 0 0 0 0 0 1 358 0 2 10 13 0 0 24 24 28 0 0 0 0 0 0 0 0 0 0 0 0 0 5277 0 0 0 0 0 0 0 0 0 0 0 0 0 0 0 735 0 621 987 0 0 1340 0 0 0 0 0 0 637 0 777 371 0 0 2 12
25 21 19 23 17 21 5 32 12 25 10 23 23 21 28 15 25 0 11 15 10 81 166 89 39 37 50 44 19 20 16 18 10 18 23 17 5 6 36 32 17 35 0 39 0 37 0 8 32 39 22 65 65 48 0 66 64 66 67 65 64 64 70 66 64 65 79 85 18 43 0 39 26 0 0 26 25 78 56 0 372 241 417 262 224 246 283 44 0 58 0 8 0 0 0 24 0 0 0 0 0 13 705 9 14 19 25 0 0 47 47 54 0 0 0 0 15 0 0 0 0 0 29 0 7 0 0 0 0 0 0 0 0 0 3 27 0 0 0 1178 1186 2201 165 1494 2363 57 0 2963 86 0 1297 0 0 0 1933 0 2103 1556 0 0 16 23
41 36 33 39 29 35 8 44 21 42 23 26 25 35 47 26 42 0 18 24 17 135 279 103 62 61 103 106 41 54 37 42 50 67 50 59 56 58 58 54 29 58 0 71 0 60 0 31 51 63 72 107 106 104 0 109 106 108 109 108 106 107 116 108 106 107 131 144 30 72 0 65 54 0 0 50 55 132 104 0 523 346 587 370 316 346 399 79 0 109 2 32 0 0 0 40 18 51 2 23 3 37 1191 47 43 32 42 0 0 78 78 91 0 0 0 0 26 0 0 0 0 0 93 0 30 0 0 0 0 0 0 0 0 0 20 57 7 0 0 3173 3302 4451 1707 2788 4400 2084 2290 5319 2117 886 3453 2488 0 601 3926 0 4110 3431 0 0 87 38
30 26 24 29 22 25 6 40 15 31 16 29 28 26 35 18 31 0 13 18 13 100 206 75 45 45 74 75 29 42 28 31 38 50 38 45 43 43 46 41 21 43 0 52 0 45 0 21 39 47 64 81 79 78 0 81 79 81 82 81 79 80 86 81 79 80 98 107 22 54 0 48 43 0 0 36 39 98 75 0 411 270 462 291 249 272 313 0 0 79 0 21 0 0 0 29 13 38 0 16 1 28 875 35 32 24 31 0 0 58 58 67 0 0 0 0 0 0 0 0 0 0 70 0 19 0 0 0 0 0 0 0 0 0 13 40 0 0 0 2162 2240 3165 1050 2010 3174 1246 1295 3863 1273 191 2356 1472 0 0 2789 0 2939 2406 0 0 63 28
7 6 5 6 4 6 1 9 3 7 0 6 6 6 8 4 7 0 3 4 3 22 44 18 11 10 1 0 1 9 6 7 8 11 8 10 8 9 9 8 5 9 0 7 0 10 0 0 9 11 7 19 19 17 0 20 19 19 20 19 18 19 20 19 19 19 22 23 5 12 0 11 8 0 0 10 12 22 17 0 111 72 127 79 67 73 84 0 0 7 0 0 0 0 0 6 1 1 0 0 0 6 189 6 6 5 7 0 0 13 13 15 0 0 0 0 0 0 0 0 0 0 15 0 0 0 0 0 0 0 0 0 0 0 0 0 0 0 0 0 0 15 0 192 310 0 0 542 0 0 0 0 0 0 0 0 125 0 0 0 6 6
49 42 39 47 35 41 10 65 25 50 31 46 45 41 56 31 49 0 21 29 21 161 332 119 72 73 132 141 52 67 45 50 62 80 61 73 70 71 77 67 35 70 0 89 0 75 0 47 66 79 119 133 131 130 0 135 131 135 136 133 131 133 141 134 131 132 159 173 36 87 0 78 72 0 0 62 72 157 129 0 795 512 894 561 479 526 603 0 0 138 31 48 0 0 0 16 23 68 20 36 21 53 1402 57 52 39 51 0 0 94 94 108 0 0 0 0 0 22 0 0 0 0 112 0 44 0 0 0 0 0 0 0 0 0 33 0 0 0 0 4340 4551 5613 2740 3416 5387 3468 4077 6422 3499 2687 4709 4199 2148 2285 4958 0 5123 4449 0 0 105 45
6 5 4 5 4 5 1 7 3 6 0 5 5 5 6 2 6 0 2 3 2 18 36 14 23 8 0 0 0 7 5 6 7 9 5 8 7 6 6 7 4 8 0 0 0 8 0 0 7 9 8 15 15 13 0 15 15 14 15 15 14 15 16 15 15 15 18 18 4 10 0 9 7 0 0 8 10 18 13 0 75 64 85 54 46 49 57 0 0 4 0 0 0 0 0 5 0 0 0 0 0 5 164 4 5 4 6 0 0 11 11 12 0 0 0 0 0 0 0 0 0 0 12 11918 0 0 0 0 0 0 0 0 0 0 0 0 0 0 0 0 0 0 0 112 185 0 0 398 0 0 0 0 0 0 0 0 0 0 0 0 4 5
8 7 6 8 5 7 2 10 4 8 0 8 7 7 9 3 8 0 3 5 3 26 54 20 12 12 6 0 3 11 7 8 10 13 10 12 10 10 10 10 5 11 0 9 0 12 0 0 10 13 14 21 21 20 0 22 21 21 22 21 20 21 23 22 21 21 26 27 6 14 0 13 10 0 0 11 1 25 20 0 112 74 127 80 68 75 86 0 0 11 0 0 0 0 0 8 2 3 0 0 0 7 229 7 7 6 8 0 0 15 15 18 0 0 0 0 0 0 0 0 0 0 18 0 0 0 0 0 0 0 0 0 0 0 0 0 0 0 0 0 0 253 0 318 508 0 0 760 0 0 0 0 0 0 211 0 330 0 0 0 10 7
5 42 22 76 36 32 1 53 35 34 18 85 87 17 166 13 776 0 0 1 0 0 0 0 0 0 45 49 12 50 25 21 62 69 39 66 88 102 297 311 0 0 0 0 37 26 0 0 65 33 37 71 60 51 0 62 55 57 60 72 55 62 126 70 55 57 1 297 27 112 160 166 170 171 0 86 199 213 100 139 155 148 140 153 122 127 190 14 48 0 0 0 80 11 0 24 61 345 281 281 258 25 363 266 0 3 240 297 67 471 471 471 366 0 0 230 53 0 0 0 13 0 300 126 97 0 0 0 0 20 221 0 0 0 104 0 4 0 0 363 386 411 282 236 372 369 469 438 374 416 398 459 458 382 368 377 371 347 0 0 0 0
0 0 0 0 0 0 0 172 0 0 0 104 106 0 4 0 46 0 0 10 0 0 0 0 0 0 0 0 0 33 0 15 70 40 15 71 93 27 12 263 574 38 0 64 0 161 0 319 14 48 87 94 94 12 64 94 94 93 94 88 94 93 53 94 94 94 4 89 14 44 16 138 138 118 0 0 1 5 6 0 70 252 84 45 43 57 102 0 94 819 0 957 95 387 0 401 0 0 0 0 0 14 13 0 0 0 17 0 0 0 1 1 0 0 0 177 36 0 0 193 1 0 42 12 813 82 502 0 0 0 206 0 170 288 89 0 27 98 0 39 39 59 25 30 40 30 18 40 67 82 50 69 37 49 58 29 55 53 591 0 67 0
0 0 0 0 0 0 0 76 0 0 0 22 24 0 14 1 0 2 0 26 0 2 7 2 2 2 4 6 7 13 1 6 21 21 14 28 30 4 0 10 13 75 0 133 0 64 0 0 16 23 33 36 36 0 6 36 36 35 36 35 36 35 33 36 36 36 29 0 12 11 0 33 33 21 0 5 37 27 22 0 51 27 25 21 18 45 40 0 0 0 30 1515 0 28 0 14 13 0 0 0 0 0 18 5 1 0 20 0 0 55 55 55 0 0 0 158 47 0 0 21 0 0 20 18 1149 9 0 0 0 0 0 0 420 0 41 0 331 0 0 0 0 3 0 9 18 0 0 8 0 0 0 0 0 0 0 0 0 0 20 0 0 0
0 0 0 0 0 0 0 0 0 0 0 0 0 0 0 0 0 0 0 0 0 0 0 0 0 0 0 0 0 0 0 0 0 0 0 0 0 0 0 0 0 0 0 0 0 0 0 0 0 0 0 0 0 0 0 0 0 0 0 0 0 0 0 0 0 0 0 0 0 0 0 0 0 0 0 0 0 0 0 0 0 0 0 0 0 0 0 0 0 0 0 0 0 0 0 0 0 0 0 0 0 0 0 0 0 0 0 0 0 0 0 0 0 0 0 0 0 0 0 0 0 0 0 0 0 0 0 0 0 0 0 0 0 0 0 0 0 0 0 0 0 0 0 0 0 0 0 0 0 0 0 0 0 0 0 0 0 0 0 0 0 0
