136
0 0 0 0 0 0 0 326 22 706 39 135 6 296 0 0 0 0 0 0 0 0 0 0 14 6 6 31 0 43 64 47 48 0 0 0 0 0 0 0 0 0 0 0 0 0 0 0 0 0 0 0 0 0 0 0 0 0 0 0 0 0 0 0 0 0 0 0 0 0 0 0 0 0 0 0 0 0 0 0 0 0 0 0 0 5 2 0 0 0 0 0 0 0 0 0 0 0 10 0 0 0 0 0 0 0 0 0 0 0 0 0 0 41 0 1 0 0 0 0 0 0 0 0 0 0 0 0 0 0 0 0 0 0 0 0
0 0 0 0 0 0 2004 2376 2090 1460 76 2577 1907 648 0 0 0 0 0 0 0 0 0 5 27 12 12 59 0 83 122 158 91 0 0 0 0 0 0 0 0 0 0 0 0 0 0 0 0 0 0 0 0 0 0 0 0 0 0 0 0 0 0 0 0 0 0 0 0 0 0 0 0 0 0 0 0 0 0 0 0 0 0 0 0 18 5 0 0 0 0 0 0 0 0 0 0 0 54 0 0 0 0 0 0 0 0 0 0 0 0 0 0 74 0 12 0 0 0 0 0 0 1 0 0 0 0 0 0 1 1 1 1 0 0 0
0 0 0 0 1 0 5 32 3 15 10 0 2 17 0 0 0 0 0 0 0 0 0 7 36 16 15 78 0 110 161 265 325 0 0 0 0 0 0 0 0 0 0 0 0 0 0 0 0 0 0 0 0 0 0 0 0 0 0 0 0 0 0 0 0 0 0 0 0 0 0 0 0 0 0 0 0 0 0 0 0 0 0 0 0 0 0 0 0 0 0 0 0 0 0 0 0 0 18 0 0 0 0 0 0 0 0 0 0 0 0 0 0 20 0 1 0 0 2 1 2 0 3 0 0 0 0 0 0 4 4 6 5 0 0 0
0 0 0 0 1 0 0 0 0 0 47 0 2 3 0 0 0 0 0 0 0 0 0 4 20 9 9 61 0 63 92 125 68 0 0 0 0 0 0 0 0 0 0 0 0 0 0 0 0 0 0 0 0 0 0 0 0 0 0 0 0 0 0 0 0 0 0 0 0 0 0 0 0 0 0 0 0 0 0 0 0 0 0 0 0 0 0 0 0 0 0 0 0 0 0 0 0 0 12 0 0 0 24 12 0 0 0 0 0 0 0 0 0 15 0 0 0 7 1 0 1 0 1 0 0 0 0 0 0 2 1 2 2 0 0 0
0 7 0 0 0 0 0 0 0 0 0 0 0 3 0 0 0 0 0 0 0 0 0 0 0 0 0 0 0 0 681 0 0 0 0 0 0 0 0 0 0 0 0 0 0 0 0 0 0 0 0 0 0 0 0 0 0 0 0 0 0 0 0 0 0 0 0 0 0 0 0 0 0 0 0 0 0 0 0 0 0 0 0 0 0 0 0 0 0 0 0 0 0 0 0 0 0 0 0 0 0 0 0 0 0 0 0 0 0 0 0 0 0 0 0 0 0 0 0 0 1 0 1 0 0 0 0 0 0 1 1 1 1 0 0 0
0 0 0 0 0 0 0 4470 373 198 21 24 3985 2480 0 0 0 0 0 0 0 0 0 0 18 8 0 40 5 56 82 34 112 0 13 3 0 0 0 0 0 0 0 0 0 0 0 0 0 0 0 0 0 0 0 0 0 0 0 0 0 0 0 0 0 1 0 0 0 0 0 0 0 0 0 0 0 0 0 0 4 0 0 0 0 5 2 0 0 0 0 0 0 0 2 2 0 0 0 0 0 0 0 0 0 0 0 0 0 0 0 0 0 13 0 0 0 6 1 0 1 0 2 0 0 0 0 4 4 2 2 3 3 0 0 0
763 0 0 2 5 3321 0 207 438 38 328 0 56 13 0 0 0 0 0 0 0 1 0 5032 0 0 0 0 0 0 0 0 0 0 0 0 90 0 1 0 0 4 0 0 2 5 5 6 3 0 0 0 0 0 0 0 0 0 1 0 0 0 0 0 0 0 0 0 0 0 0 0 3017 0 0 0 0 0 0 1 0 0 0 0 0 0 0 0 0 0 0 0 0 0 0 0 9 0 0 0 0 0 0 0 0 0 0 0 0 0 0 0 0 0 0 0 0 0 2 1 3 0 4 0 0 0 0 0 0 6 5 7 7 0 0 0
0 0 0 0 0 0 0 0 0 3 8 0 0 32 0 0 0 0 0 0 0 0 0 0 779 0 0 0 0 0 0 0 0 0 0 0 0 0 0 0 0 0 0 0 0 0 0 0 0 0 0 0 0 0 0 0 0 0 3 0 0 0 0 0 0 0 0 0 0 0 0 0 0 0 0 0 0 0 0 0 0 0 0 0 0 0 0 0 0 0 0 0 0 0 0 0 16 0 0 0 0 0 0 0 0 0 0 0 0 0 0 0 0 0 0 0 0 0 0 0 0 0 1 0 0 0 0 0 0 1 1 1 1 0 0 0
0 0 0 0 0 0 0 0 0 0 1 0 0 5 0 0 0 0 0 0 0 0 0 0 0 64 0 0 0 0 0 0 0 0 0 0 0 0 0 0 0 0 0 0 0 0 0 0 0 0 0 0 0 0 0 0 0 0 0 0 0 0 0 0 0 0 0 0 0 0 0 0 0 0 0 0 0 0 0 0 0 0 0 0 0 0 0 0 0 0 0 0 0 0 0 0 0 0 34 0 0 0 54 27 0 0 0 0 0 0 0 0 0 31 0 4 0 0 0 0 0 0 0 0 0 0 0 0 0 0 0 0 0 0 0 0
0 0 0 0 0 0 0 0 0 0 5 0 0 0 0 0 0 0 0 0 942 0 0 0 0 0 1302 0 0 0 0 0 0 0 0 0 0 0 2 0 0 0 0 0 0 0 0 0 0 0 0 0 0 0 1111 0 0 0 0 0 0 0 0 0 0 0 0 0 0 0 0 0 0 0 0 0 0 0 0 0 0 0 0 0 0 0 0 0 0 0 0 0 0 0 0 0 0 0 1 0 0 0 21 11 0 0 0 0 0 0 0 0 0 0 0 0 0 0 0 0 0 0 0 0 0 0 0 0 0 0 0 0 0 0 0 0
0 0 0 0 0 0 0 0 0 0 0 0 31 9 0 0 0 0 0 0 0 0 0 0 0 0 0 0 0 0 0 0 0 0 0 0 0 0 0 0 0 0 0 0 0 0 0 0 0 0 0 0 0 0 0 0 0 0 0 0 0 0 0 0 0 0 0 0 0 0 0 0 0 0 0 0 0 0 0 0 0 0 0 0 0 0 0 0 0 0 0 0 0 0 0 0 0 0 0 0 0 0 0 0 0 0 0 0 0 0 0 0 0 0 0 0 0 0 0 0 0 0 0 0 0 0 0 0 0 0 0 0 0 0 0 0
0 0 105 81 21 0 894 256 6 1099 628 0 2 0 1 0 0 0 0 0 0 4 0 6 23 10 10 31 17509 73 52 0 0 0 0 1 0 0 7 21 0 14 0 0 6 16 18 22 12 0 1 0 0 2 0 0 0 1 7 0 0 0 0 0 0 0 0 0 0 0 0 0 0 0 0 0 0 0 0 5 8 0 0 0 0 16 4 0 0 0 0 0 0 0 0 0 30 0 0 0 0 0 0 0 0 0 0 0 0 0 0 0 0 0 0 0 0 0 6 3 8 1 11 0 0 0 0 0 0 15 13 19 18 0 0 0
0 0 0 0 0 0 0 0 0 0 0 0 0 0 0 0 0 0 0 0 0 0 0 0 0 0 0 0 0 0 0 0 0 0 0 0 0 0 0 0 0 0 0 0 0 0 0 0 0 0 0 0 0 0 0 0 0 0 0 0 0 0 0 0 0 0 0 0 0 0 0 0 0 0 0 0 0 0 0 0 0 0 0 0 0 0 0 0 0 0 0 0 0 0 1 0 0 0 0 0 0 0 0 0 0 0 0 0 0 0 0 0 0 0 0 0 0 0 0 0 0 0 0 0 0 0 0 1 1 0 0 0 0 0 0 0
0 0 0 0 0 0 0 0 0 10 0 15 0 0 3 32 1 0 17 1 0 4 0 0 0 0 0 2 0 1 3 0 23 0 13 0 36 227 2223 776 0 103 106 106 104 103 102 101 104 106 1069 106 0 0 0 2149 0 0 1 0 0 8 5 0 0 5 239 4 8 940 4 0 0 0 0 0 5 0 44 0 0 0 0 0 0 0 33 0 0 0 1 0 0 0 0 0 0 0 0 0 0 0 4 5 0 0 0 0 0 0 0 0 0 0 0 0 0 0 0 0 1 0 1 1 2 0 0 4 4 1 1 1 1 0 0 0
1 1 0 0 0 0 0 0 0 1 3 0 0 0 0 2 0 0 2 2 1 22 0 0 0 0 0 12 0 0 0 0 0 2600 0 0 0 0 0 0 0 0 0 0 0 0 0 0 0 0 0 0 0 0 0 0 0 0 0 0 0 3 2 0 0 0 0 0 0 0 0 0 0 0 0 0 0 0 0 0 0 0 0 0 0 0 0 0 0 0 0 0 0 0 0 0 0 1 36 0 0 0 0 46 0 0 0 0 0 0 0 0 0 0 0 0 0 0 0 0 0 0 0 0 0 0 0 0 0 0 0 0 0 0 0 0
0 0 0 0 0 0 0 0 0 0 0 0 0 0 0 0 0 0 0 0 0 0 0 0 0 0 0 0 0 0 0 0 0 0 0 0 0 0 0 0 0 0 0 0 0 0 0 0 0 0 0 0 0 0 0 0 0 0 0 0 0 0 0 0 0 0 0 0 0 0 0 0 0 0 0 0 0 0 0 0 0 29876 0 0 0 0 0 0 0 0 0 0 0 0 0 0 0 0 0 0 0 0 0 0 0 0 0 0 0 0 0 0 0 0 0 0 0 0 0 0 0 0 0 0 0 0 0 0 0 0 0 0 0 0 0 0
13 2 0 0 0 25 0 1 3 1 22 0 0 0 0 113 0 8 79 25 24 179 20 33 11 5 12 111 40 16 23 34 25 22 3 3 3 30 13 7 0 1 0 0 0 1 1 1 0 0 4 0 0 0 9 13 0 7 6 47 14 92 68 17 0 0 127 1087 1073 422 583 0 34 2 0 3 0 12 0 9 0 0 5164 0 0 0 0 0 0 0 232 0 0 770 0 0 56 0 19 2 0 252 0 0 0 83 0 0 0 3 0 0 0 0 0 73 54 0 20 9 23 3 34 123 98 1 67 57 63 46 40 58 56 27 0 8
0 0 0 0 0 0 0 0 0 0 0 0 0 0 0 0 0 0 0 0 3 0 0 0 0 0 0 0 0 0 0 0 0 0 3 0 2 1 0 0 0 346 359 359 349 345 340 336 350 359 217 353 0 0 0 0 0 0 1 2 0 0 1 0 0 0 0 0 0 0 0 0 0 0 0 0 358 1 149 0 0 0 0 0 0 0 0 0 0 0 0 0 0 0 0 0 0 0 0 0 0 0 0 0 0 0 0 0 0 0 0 0 0 0 0 0 0 0 0 0 0 0 0 0 0 0 0 0 0 0 0 0 0 0 0 0
0 0 0 0 0 0 0 0 0 0 0 0 0 0 0 7427 0 0 0 0 0 0 0 0 0 0 0 1 0 0 0 0 0 0 1 0 0 0 0 0 0 7 7 7 4 7 0 7 7 7 0 0 0 0 0 0 0 0 0 0 0 1 0 0 0 0 9120 0 0 0 0 0 0 0 0 0 0 0 0 0 0 0 0 0 0 0 0 0 0 0 48 0 0 0 0 0 0 0 0 0 0 0 0 0 0 0 0 0 0 0 0 0 0 0 0 0 0 0 0 0 0 0 0 0 0 0 0 0 0 0 0 0 0 0 0 0
0 0 0 0 0 0 0 0 0 0 0 0 0 0 0 2 0 0 0 0 0 0 0 0 0 0 0 0 0 0 0 0 0 0 0 0 0 0 0 0 0 1 1 1 0 1 0 1 1 1 0 1 0 0 0 0 0 0 0 10 0 0 0 0 0 0 0 0 792 0 0 0 0 0 0 0 0 0 0 0 0 0 0 0 0 0 0 0 0 0 4 0 0 0 0 0 0 0 0 0 0 0 0 0 0 0 0 0 0 0 0 0 0 0 0 0 0 0 0 0 0 0 0 0 0 0 0 0 0 0 0 0 0 0 0 0
6 5 857 51 95 0 49 114 0 0 2 50 0 5 0 91 0 0 79 68 0 1470 37 0 0 0 0 807 0 7 0 0 0 0 4 0 1 0 29 0 0 152 157 157 150 151 149 92 153 155 94 156 0 0 0 0 0 0 0 0 25 751 551 0 339 0 82 0 102 0 152 0 0 0 0 0 146 88 64 0 1 0 0 0 0 0 0 0 0 0 0 0 0 26 0 0 0 0 0 0 0 0 45 0 0 0 0 0 0 0 0 0 0 0 0 0 4 0 1 0 1 0 2 4 3 0 2 3 3 2 2 3 3 0 0 2
0 0 0 0 10 0 0 0 0 1 0 0 0 0 0 17 0 0 14 8 0 0 33 0 0 0 0 440 0 0 0 0 0 0 0 0 0 0 0 0 0 12 12 12 0 12 11 11 12 12 0 9 0 0 0 0 0 0 0 0 0 503 380 0 0 50 20 30 21 28 49 0 0 0 0 0 0 16 0 0 0 0 0 0 0 0 0 0 0 0 15 0 0 0 0 0 0 0 0 0 0 0 0 0 0 0 0 0 0 0 0 0 0 0 0 0 0 0 0 0 0 0 0 0 0 0 0 0 0 0 0 0 0 0 0 0
87 1 35 14 222 0 1 0 0 1 0 0 1 51 0 1 0 1 1 1 0 0 0 0 0 0 0 12 0 2 0 0 0 0 0 0 0 0 0 0 0 0 0 0 0 0 0 0 0 0 0 0 0 0 0 0 0 0 0 0 0 13 9 0 0 0 1 0 1 0 0 0 0 0 0 0 0 0 0 0 0 0 0 0 0 0 0 0 0 0 0 0 0 0 0 0 0 0 0 0 0 0 0 0 0 0 0 0 0 0 0 0 0 0 0 0 0 0 0 0 0 0 0 0 0 0 0 0 0 0 0 0 0 0 0 0
366 0 0 0 6 597 0 37 78 8 86 0 0 0 336 0 0 0 0 0 0 0 0 0 30 13 12 78 4 141 138 73 102 71 1 2 2 0 0 0 0 1 0 0 0 1 0 1 1 0 0 0 0 0 1 1 0 2 1 0 0 0 0 0 0 0 0 0 0 0 0 0 534 0 0 0 0 0 0 0 296 0 0 0 0 0 0 0 0 0 0 0 0 0 0 0 64 65 988 67 176 164 0 15 48 0 0 0 0 0 0 0 0 91 0 87 45 65 26 13 31 5 45 4 3 1 3 2 2 61 53 77 74 332 0 40
0 0 0 0 0 0 0 0 0 0 4 0 0 0 27 0 0 0 0 0 0 0 0 0 0 1 0 11 0 21 24 0 13 0 0 0 0 0 0 0 0 0 0 0 0 0 0 0 0 0 0 0 0 0 0 0 0 0 0 0 0 0 0 0 0 0 0 0 0 0 0 0 0 0 0 0 0 0 0 0 27 0 0 0 0 0 0 0 0 0 0 0 0 0 0 0 0 0 77 6 0 14 0 0 0 0 0 0 0 0 0 0 0 0 0 7 4 0 3 1 4 1 5 0 0 0 0 0 0 7 6 9 9 26 0 4
0 0 0 0 0 0 0 0 0 0 1 0 0 0 3 0 0 0 0 0 0 0 0 0 0 0 0 2 0 4 5 0 2 0 0 0 0 0 0 0 0 0 0 0 0 0 0 0 0 0 0 0 0 0 0 0 0 0 0 0 0 0 0 0 0 0 0 0 0 0 0 0 0 0 0 0 0 0 0 0 4 0 0 0 0 0 0 0 0 0 0 0 0 0 0 0 0 0 12 0 0 1 0 0 0 0 0 0 0 0 0 0 0 1 0 0 0 0 0 0 0 0 0 0 0 0 0 0 0 0 0 1 1 2 0 0
0 0 0 0 3 30 0 0 0 0 10 0 0 0 74 0 0 0 0 0 74 0 0 0 13 6 0 36 0 60 70 0 50 43 7 2 1 0 0 0 0 0 0 0 0 0 0 0 0 0 0 0 0 0 84 0 0 1 0 0 0 0 0 0 0 1 0 0 0 0 0 0 0 0 0 0 0 0 0 0 80 0 0 0 0 0 0 0 0 0 0 0 0 0 0 0 0 0 251 16 71 40 0 3 0 0 0 0 0 0 0 0 0 18 0 24 11 16 9 4 10 2 15 1 1 0 1 0 0 20 18 26 25 74 0 11
0 0 0 0 362 0 58 38 3 31 2 0 0 0 0 0 0 0 0 0 0 0 0 0 0 0 0 0 0 7 7 0 0 0 0 0 0 0 0 0 0 0 0 0 0 0 0 0 0 0 0 0 0 0 0 0 0 0 0 0 0 0 0 0 0 0 0 0 0 0 0 0 0 0 0 0 0 0 0 0 0 0 0 0 0 0 0 0 0 0 0 0 0 0 0 0 0 0 0 0 0 0 0 0 0 0 0 0 0 0 0 0 0 0 0 0 0 0 0 0 0 0 0 0 0 0 0 0 0 0 0 0 0 0 0 0
36 39 10 9 6 0 1390 5930 497 1950 218 0 31 66 416 0 0 0 0 0 1 1 0 0 32 14 11 87 0 165 139 235 109 69 2 3 3 0 0 0 0 3 0 0 0 4 0 5 3 0 0 0 0 0 1 2 0 3 2 0 0 0 0 0 0 0 0 0 0 0 0 0 0 0 0 0 0 0 0 0 390 0 1 1 0 17 6 0 0 0 0 0 0 0 0 0 0 0 1550 111 526 209 13 18 117 0 0 0 0 0 0 0 0 82 0 119 58 39 37 18 44 7 63 5 4 1 4 2 3 86 74 108 105 424 17 54
0 0 0 0 0 0 0 0 0 0 0 0 0 0 0 0 0 0 0 0 0 0 0 0 0 0 0 0 0 0 0 0 0 0 0 0 0 0 0 0 0 0 0 0 0 0 0 0 0 0 0 0 0 0 0 0 0 0 0 0 0 0 0 0 0 0 0 0 0 0 0 0 0 0 0 0 0 0 0 0 0 0 0 0 0 0 0 0 0 0 0 0 0 0 0 0 0 0 0 0 0 0 0 0 0 0 0 0 0 0 0 0 0 0 0 0 0 0 0 0 0 0 0 0 0 0 0 0 0 0 0 0 0 0 0 0
0 0 0 0 0 0 125 92 7 74 5 0 4 0 1 0 0 0 0 0 0 0 0 0 0 0 0 0 0 4 0 0 0 0 0 0 0 0 0 0 0 0 0 0 0 0 0 0 0 0 0 0 0 0 0 0 0 0 0 0 0 0 0 0 0 0 0 0 0 0 0 0 0 0 0 0 0 0 0 0 0 0 0 0 0 1 0 0 0 0 0 0 0 0 0 0 0 0 0 0 0 0 0 0 0 0 0 0 0 0 0 0 0 0 0 0 0 0 0 0 0 0 0 0 0 0 0 0 0 0 0 0 0 0 0 0
0 0 0 0 169 0 7747 52 1564 4262 260 534 3126 1088 128 0 0 0 0 0 50 0 0 0 201 73 45 364 0 540 765 0 590 0 2 1 1 0 0 0 0 1 0 0 0 1 0 1 1 0 0 0 0 1 57 1 0 6 6 0 0 0 2 0 0 0 0 0 0 0 0 0 57 0 0 0 0 0 0 0 125 0 1 1 1 30 10 0 0 0 0 0 0 0 6 0 0 0 281 43 106 60 0 3 0 0 0 0 0 0 0 0 0 45 0 26 17 18 14 7 17 2 24 1 1 0 1 7 7 32 28 41 40 116 0 16
0 0 0 0 1 0 426 416 45 232 17 54 0 0 25 0 0 0 0 0 0 0 0 0 0 0 0 6 0 22 11 0 0 0 0 1 0 0 0 0 0 0 0 0 0 0 0 0 0 0 0 0 0 0 0 0 0 3 2 0 0 0 0 0 0 0 0 0 0 0 0 0 0 0 0 0 0 0 0 0 45 0 0 0 0 2 1 0 0 0 0 0 0 0 0 0 0 0 96 11 0 18 0 0 0 0 0 0 0 0 0 0 0 7 0 0 4 3 6 3 8 1 11 0 0 0 0 2 2 14 13 18 18 29 0 2
67 19 5 2 4 147 1137 1413 390 667 87 361 0 22 0 0 0 0 0 0 80 0 0 0 137 37 0 236 0 352 470 645 393 0 1 1 1 0 0 0 0 1 0 0 0 1 0 1 1 0 0 0 0 2 91 2 0 9 8 0 0 0 0 0 0 0 0 0 0 0 0 0 91 0 0 0 0 0 0 0 188 0 0 0 0 6 2 0 0 0 0 0 0 0 1 1 0 0 484 54 171 78 0 8 0 0 0 0 0 0 0 0 0 60 0 25 23 36 17 8 20 3 29 2 2 0 2 9 9 39 34 49 48 205 11 22
0 0 0 0 8 0 3 2 0 1 11 1 0 0 14 0 0 0 0 0 0 0 3 0 0 0 0 1 0 1 6 0 0 0 0 68 30 0 0 9 0 1 0 0 0 1 0 1 0 0 0 0 1 0 0 1 0 1 1 0 0 0 1 0 0 19 4 0 3 2 0 0 0 0 0 0 0 0 0 1 3 0 0 0 0 0 0 0 0 0 0 0 0 0 0 1 0 0 0 0 0 0 0 0 0 0 0 0 0 0 0 0 0 84 0 18 6 0 4 2 5 1 6 1 1 0 0 6 6 9 8 11 11 1 0 42
0 0 0 1 64 0 0 0 0 0 0 0 0 0 0 0 0 0 0 0 0 0 0 0 0 0 0 0 0 0 0 0 0 0 0 0 0 0 0 0 0 0 0 0 0 0 0 0 0 0 0 0 0 0 0 0 0 0 0 0 0 0 0 0 0 0 0 0 0 0 0 0 0 0 0 0 0 0 0 0 0 0 0 0 0 0 0 0 0 0 0 0 0 0 0 0 0 0 0 0 0 0 0 0 0 0 0 0 0 0 0 0 0 0 0 0 0 0 0 0 0 0 0 0 0 0 0 0 0 0 1 0 0 0 0 0
0 0 0 0 11 0 0 0 0 0 0 0 0 0 0 0 0 0 0 0 0 0 0 0 0 0 0 0 0 0 1 0 0 0 0 0 0 0 0 0 0 0 0 0 0 0 0 0 0 0 0 0 0 0 0 0 0 0 0 0 0 0 0 0 0 0 0 0 0 0 0 0 0 0 0 0 0 0 0 0 0 0 0 0 0 0 0 0 0 0 0 0 0 0 5 0 0 0 0 0 0 0 0 0 0 0 0 0 0 0 0 0 0 0 0 0 1 0 0 0 0 0 1 0 0 0 0 4 4 1 1 1 1 1 0 0
6 1 1 0 18 7 15 10 2 8 2 4 5 0 1 6 0 0 3 5 18 9 43 10 1 0 1 2 11 3 3 4 14 7 0 7 15 0 635 502 0 2231 2261 2261 2251 2226 2228 2221 2233 2259 1599 2260 3 0 1 492 0 0 4 105 37 93 44 7 13 2 52 0 2 209 0 0 0 0 0 0 2254 7 917 156 7 0 0 0 0 0 1 0 0 0 1 0 0 1845 0 0 0 0 0 45 0 0 0 0 0 0 0 0 0 0 0 0 2 19 0 0 41 0 3 1 3 0 4 94 107 0 0 7 7 6 5 7 7 5 0 2
10 0 0 0 0 16 0 1 2 0 2 0 0 0 0 9 0 0 7 1 0 0 1 24 1 0 1 1 8 1 2 4 53 3 40 15 1 0 0 1253 0 183 189 189 182 183 177 179 185 189 98 189 0 0 1 0 0 0 0 6 0 2 2 0 0 6 347 0 16 2 10 0 0 0 0 0 149 0 76 6 0 0 0 0 0 0 0 0 0 0 0 0 0 0 0 160 0 0 0 0 0 3029 0 0 0 0 0 0 0 0 0 0 0 0 0 0 0 0 0 0 0 0 0 4 4 0 0 0 0 0 0 0 0 44 0 0
35 2 2 0 95 55 7 13 8 10 21 0 5 0 14 4 0 0 3 0 8 11 54 79 4 1 5 8 25 8 9 14 20 11 0 6 11 0 0 0 0 232 239 239 233 232 226 227 234 239 129 239 919 0 4 2 0 1 1 0 34 113 78 4 10 8 24 0 5 19 0 0 12 0 0 0 210 6 95 3 17 0 2 1 1 0 2 2 0 0 11 0 0 0 0 1 0 0 0 0 0 61 0 1 0 0 0 0 0 0 0 0 0 138 0 56 49 42 11 5 13 2 19 3 3 1 1 11 11 26 23 32 31 0 0 33
107 6 3 2 4 173 9 16 22 9 90 3 0 418 0 242 17 0 183 232 140 1106 166 254 24 7 22 610 284 53 95 129 185 176 570 162 121 229 265 605 0 65 59 59 63 65 67 69 63 59 123 59 0 33 26 232 151 158 159 244 233 838 644 136 196 214 242 182 113 223 273 254 238 88 1 11 59 255 32 37 63 136 1048 333 345 4 1115 402 336 429 160 131 250 17 112 2 0 13 21 258 350 40 9 54 231 153 56 114 687 139 13 0 0 16 46 300 1717 93 30 14 37 5 52 434 329 1 239 302 323 70 61 88 85 778 69 300
0 0 0 0 0 0 0 0 0 0 0 0 0 0 0 0 0 0 0 0 0 0 0 0 0 0 0 0 0 0 0 0 0 0 0 0 0 0 0 0 0 0 0 0 0 0 0 0 0 0 0 0 0 0 0 0 0 0 0 0 0 0 0 0 0 0 0 0 0 0 0 0 0 0 0 0 0 0 0 0 0 0 0 0 0 0 0 0 0 0 0 0 0 0 0 0 0 0 0 0 0 0 0 0 0 0 0 0 0 0 0 0 0 0 0 0 0 0 0 0 0 0 0 0 0 0 0 0 0 0 0 0 0 0 0 0
0 0 0 0 10 0 0 0 0 0 0 0 0 0 0 0 0 0 0 0 0 0 0 0 0 0 0 0 0 0 0 0 0 0 0 0 0 0 0 0 0 0 0 0 0 0 0 0 0 0 0 0 0 0 0 0 0 0 0 0 0 0 0 0 0 0 0 0 0 0 0 0 0 0 0 0 0 0 0 0 0 0 0 0 0 0 0 0 0 0 0 0 0 0 0 0 0 0 0 0 0 0 0 0 0 0 0 0 0 0 0 0 0 0 0 0 0 0 0 0 0 0 0 0 0 0 0 0 0 0 0 0 0 0 0 0
0 0 0 0 0 0 0 0 0 0 0 0 0 0 0 0 0 0 0 0 0 0 0 0 0 0 0 0 0 0 0 0 0 0 0 0 0 0 0 0 0 0 0 0 0 0 0 0 0 0 0 0 0 0 0 0 0 0 0 0 0 0 0 0 0 0 0 0 0 0 0 0 0 0 0 0 0 0 0 0 0 0 0 0 0 0 0 0 0 0 0 0 0 0 0 0 0 0 0 0 0 0 0 0 0 0 0 0 0 0 0 0 0 0 0 0 0 0 0 0 0 0 0 0 0 0 0 0 0 0 0 0 0 0 0 0
1 0 0 0 0 2 0 0 0 0 0 0 0 0 0 3 0 0 0 1 0 18 19 3 0 0 0 14 1 0 0 0 1 1 0 0 0 0 0 0 0 0 0 0 0 0 0 0 0 0 0 0 0 0 0 1 0 0 0 0 0 25 34 0 0 0 0 0 3 0 0 0 0 0 0 0 0 8 0 6 0 0 0 0 0 0 0 0 0 0 1 0 0 192 0 0 0 0 0 0 0 0 0 0 0 0 0 0 0 0 0 0 0 0 0 0 0 0 68034 85111 62247 94525 47489 4 4 38896 0 0 0 28681 38246 10438 13392 0 0 0
0 0 0 0 0 0 0 0 0 0 0 0 0 0 0 0 0 0 0 0 0 0 0 0 0 0 0 0 0 0 0 0 0 0 0 0 0 0 0 0 0 0 0 0 0 0 0 0 0 0 0 0 0 0 0 0 0 0 0 0 0 0 0 0 0 0 0 0 0 0 0 0 0 0 0 0 0 0 0 0 0 0 0 0 0 0 0 0 0 0 0 0 0 0 0 0 0 0 0 0 0 0 0 0 0 0 0 0 0 0 0 0 0 0 0 0 0 0 0 0 0 0 0 0 0 0 0 0 0 0 0 0 0 0 0 0
47 1 0 0 0 75 0 5 10 1 11 0 0 0 0 10 0 0 0 0 0 0 0 112 6 2 1 7 71 9 14 31 39 35 1 0 0 0 0 0 0 43 44 44 43 44 0 42 44 0 3462 44 0 0 0 1 0 2 2 0 0 0 0 0 0 0 9 5 34 16 0 0 64 0 0 0 43 1 17 5 0 0 0 0 0 46816 0 0 0 0 22 0 0 0 0 0 0 0 124 0 0 0 0 0 0 0 0 0 0 0 0 0 0 0 0 0 0 0 0 0 0 0 0 3 3 0 0 0 0 0 0 0 0 0 0 1
0 0 0 0 0 29 0 0 0 0 1 0 0 0 0 0 0 0 0 0 0 0 1 0 0 0 74 0 0 0 0 0 0 0 0 0 0 0 0 0 0 2 2 2 2 2 0 0 2 0 0 2 1 0 63 0 0 0 0 0 0 0 0 0 0 0 0 0 0 0 0 0 0 0 0 0 1 0 0 0 0 0 0 0 0 0 0 0 0 0 0 0 0 0 0 0 0 0 0 0 0 0 0 3 0 0 0 0 0 0 0 0 0 0 0 0 0 0 0 0 0 0 0 0 0 0 0 0 0 0 0 0 0 0 0 0
0 0 0 0 0 0 0 0 0 0 0 0 0 0 0 0 0 0 0 0 0 0 0 0 0 0 0 0 0 0 0 0 0 0 0 0 0 0 0 0 0 0 0 0 0 0 0 0 0 0 0 0 0 0 0 0 0 0 0 0 0 0 0 0 0 0 0 0 0 0 0 0 0 0 0 0 0 0 0 0 0 0 0 0 0 0 0 0 0 0 0 0 0 0 0 0 0 0 0 0 0 0 0 0 0 0 0 0 0 0 0 0 0 0 0 0 0 0 0 0 0 0 0 0 0 0 0 0 0 0 0 0 0 0 0 0
0 0 0 0 0 0 0 0 0 0 0 0 0 0 0 0 0 0 0 0 0 0 0 0 0 0 0 0 0 0 0 0 0 0 3 0 2 0 0 0 0 309 321 321 312 309 260 299 313 0 169 321 0 0 0 0 0 0 1 0 0 0 0 0 0 0 0 0 0 0 0 0 1 0 0 0 321 1 133 0 0 0 0 0 0 0 0 0 0 0 0 0 0 0 0 0 0 0 0 0 0 0 0 0 0 0 0 0 0 0 0 0 0 0 0 0 0 0 0 0 0 0 0 0 0 0 0 0 0 0 0 0 0 0 0 0
0 0 0 0 0 0 0 0 0 0 0 0 0 0 0 0 0 0 1 0 0 12 136 0 0 0 0 11 0 0 857 0 1 0 7 5 22 0 0 0 0 24 25 25 23 24 0 22 24 0 0 25 0 86 551 2680 0 201 204 0 0 5 6 0 0 0 2 0 0 92 0 0 49 0 45 0 10 54 169 2 0 105 5 77 1 4286 22 0 0 0 3 0 0 0 0 0 0 0 0 0 0 0 0 0 0 0 0 0 0 0 0 0 0 0 0 0 0 0 1258 0 973 0 326 2 14 457 238 53 52 88 177 32 41 0 0 0
0 0 0 0 0 0 0 0 0 0 0 0 0 0 0 42 0 0 22 0 0 0 27 0 0 0 0 2 0 0 2 0 0 0 0 0 0 0 0 0 0 0 0 0 0 0 0 0 0 0 0 0 0 0 36 6 0 0 0 0 0 2 1 0 0 0 48 0 0 0 0 0 0 0 0 0 0 0 0 1 0 0 0 0 0 0 0 0 0 0 0 0 0 0 0 0 0 0 0 0 0 0 0 0 0 0 0 0 0 0 0 0 0 0 0 0 0 0 0 0 0 0 0 0 1 0 0 0 0 0 0 0 0 0 0 0
0 0 0 0 0 0 0 0 0 0 0 0 0 0 0 0 0 0 0 0 0 0 0 0 0 0 0 0 0 0 0 0 0 0 0 0 0 0 0 0 0 0 0 0 0 0 0 0 0 0 0 0 0 0 0 0 0 0 0 0 0 0 0 0 0 0 0 0 0 0 0 0 0 0 0 0 0 0 0 0 0 0 0 0 0 0 0 0 0 0 0 0 0 0 0 0 0 0 0 0 0 0 0 0 0 0 0 0 0 0 0 0 0 0 0 0 0 69 0 0 0 0 0 0 0 0 0 0 0 0 0 0 0 0 0 0
4 1 0 0 7 4 0 0 0 0 1 0 0 2 0 114 38 5 168 198 1 2 9 5 0 0 1 0 2 1 1 0 4 0 71 24 5 106 75 116 0 9 3 3 7 10 5 14 8 3 0 3 0 0 0 32 18 18 18 1097 13 3 3 2 8 68 74 5 67 18 93 18 22 37 11 1 0 63 1 6 0 0 1 0 0 0 0 2 0 0 0 0 0 0 0 0 0 0 0 0 0 140 0 0 0 0 0 0 0 0 0 0 0 0 0 0 0 16 0 0 0 0 0 1 1 5 7 0 0 0 0 0 0 169 0 17
0 0 0 0 1815 0 0 0 0 0 0 0 0 0 0 0 0 3 0 0 0 0 0 0 0 0 0 0 0 0 0 0 0 0 0 0 0 0 0 0 0 0 0 0 0 0 0 0 0 0 0 0 0 0 0 0 0 0 0 0 0 0 0 0 0 0 0 0 0 0 0 0 0 0 0 0 0 0 0 0 0 0 0 0 0 0 20 1 0 0 0 0 0 0 0 0 0 0 0 0 0 0 0 0 0 0 0 0 0 0 0 0 0 0 0 0 0 0 0 0 0 0 0 0 0 0 0 0 0 0 0 0 0 0 0 0
117 84 12 2 16457 0 26 18 1 12 1 5 19 0 0 0 0 8 1 1 0 0 0 0 0 0 0 0 0 0 0 0 0 0 0 0 0 0 0 0 0 0 0 0 0 0 0 0 0 0 0 0 0 0 0 0 0 0 0 0 0 0 0 0 0 0 0 0 0 0 0 0 0 0 0 0 0 0 0 0 0 0 0 0 0 0 0 1 0 0 0 0 0 0 0 0 0 0 0 0 0 0 0 0 0 0 0 0 0 0 0 0 0 0 0 0 0 0 0 0 0 0 0 0 0 0 0 0 0 0 0 0 0 0 0 0
6639 4728 677 138 18655 170 1449 1035 104 683 91 282 1059 4520 22 88 38 77 107 61 42 88 254 249 14 4 21 42 138 51 53 57 77 59 672 369 4 3410 1029 646 0 95 31 31 96 94 135 156 63 31 126 31 195 0 35 718 0 676 685 214 187 146 148 66 349 153 110 931 133 343 92 30 160 89 3 0 11 52 13 19 79 58 1011 180 81 12 485 88 177 176 209 254 6 302 53 0 0 0 53 55 282 21 6 4 302 12 7 0 1 0 0 9 4 1340 0 152 61 2009 22 11 27 4 38 36 44 4 94 93 86 52 46 65 63 194 16 401
0 0 0 0 0 0 0 0 0 0 0 0 0 0 0 0 0 0 0 0 0 0 0 0 0 0 0 0 0 0 0 0 0 0 0 0 0 0 0 0 0 0 0 0 0 0 0 0 0 0 0 0 0 0 0 0 0 0 0 0 0 0 0 0 0 0 0 0 0 0 0 0 0 0 0 0 0 0 0 0 0 0 0 0 0 0 0 0 0 0 0 0 0 0 0 0 0 0 0 0 0 0 0 0 0 0 0 0 0 0 0 0 0 0 0 0 0 0 0 0 0 0 0 0 0 0 0 0 0 0 0 0 0 0 0 0
0 0 0 0 0 0 0 0 0 0 0 0 0 0 0 0 0 0 0 0 0 0 0 0 0 0 0 0 0 0 0 0 0 0 0 0 0 0 0 0 0 0 0 0 0 0 0 0 0 0 0 0 0 0 0 0 0 0 0 0 0 0 0 0 0 0 0 0 0 0 0 0 0 0 0 0 0 0 0 0 0 0 0 0 0 0 0 0 0 0 0 0 0 0 0 0 0 0 0 0 0 0 0 0 0 0 0 0 0 0 0 0 0 0 0 0 0 0 0 0 0 0 0 0 0 0 0 0 0 0 0 0 0 0 0 0
56 8 8 1 176 78 87 54 14 43 29 26 20 12 205 8 0 0 1 0 6 3 20 115 8 2 7 17 75 16 16 28 38 28 18 6 8 0 0 18 0 553 570 570 554 552 432 537 559 569 342 570 0 0 5 8 0 19 19 0 0 5 7 0 0 4 7 0 2 6 0 0 76 0 0 0 530 42 238 24 5 0 1 1 0 0 1 2 0 0 1 0 0 444 113 0 0 0 0 155 2072 2147 0 32 0 0 75 0 0 0 0 0 16 98 0 52 2 76 29 14 36 5 50 24 24 7 14 134 131 68 59 85 82 14 0 31
5 2 2 1 93 6 16 10 2 8 5 5 7 3 0 54 0 0 59 120 0 15 682 9 1 0 1 9 11 4 4 7 9 11 5 0 5 0 3 0 0 657 681 681 650 656 646 639 665 681 411 681 67 0 1 2 0 1 2 20 0 9 9 0 0 0 0 0 0 1 0 0 0 0 0 0 661 3 283 35 6 0 0 0 0 0 0 0 0 0 0 0 0 0 0 0 0 0 0 0 0 0 0 1 0 0 0 0 0 0 0 0 0 0 0 0 0 0 6 3 7 1 10 22 26 0 1 36 35 13 11 17 16 0 0 0
0 0 0 0 2 0 0 1 0 0 0 0 0 0 0 0 0 2 0 0 0 0 0 0 0 0 0 1 0 0 0 0 0 0 0 0 0 0 0 0 0 2 3 3 0 2 2 2 3 2 0 0 0 0 0 0 0 0 0 0 0 0 0 0 0 0 0 0 0 0 0 0 0 0 0 0 0 0 0 0 0 0 0 0 0 0 0 0 0 0 0 0 0 0 0 0 0 0 0 0 0 0 0 0 0 0 0 0 0 0 0 0 0 0 0 0 0 0 3 1 3 0 5 0 0 0 0 0 0 7 6 8 8 0 0 0
0 0 0 0 1 0 0 0 0 0 0 0 0 0 0 0 0 0 1 0 0 0 0 0 0 0 0 0 0 0 0 0 0 0 0 0 0 0 0 0 0 2 2 2 0 2 2 1 2 1 0 0 0 0 0 0 0 0 0 0 0 4 0 0 0 0 0 0 0 0 0 0 0 0 0 0 0 1 0 0 0 0 0 0 0 0 0 0 0 0 0 0 0 0 0 0 0 0 0 0 0 0 0 0 0 0 0 0 0 0 0 0 0 0 0 0 0 0 0 0 0 0 0 0 0 0 0 0 0 0 0 0 0 0 0 0
0 0 0 0 9 0 0 0 0 0 1 0 0 1 0 5 0 20 22 29 98 623 38 0 0 0 0 184 0 0 0 0 0 0 37 0 8 0 2 0 0 1171 1212 1212 1175 1168 1152 1140 1185 1212 732 1211 0 0 0 0 0 0 2 20 11 172 156 0 0 2 1 0 0 5 0 0 0 0 0 0 1200 740 504 29 0 0 0 0 0 0 0 0 0 0 0 0 0 5669 0 0 0 0 0 0 0 0 0 0 0 0 0 0 0 0 0 0 0 0 0 0 0 0 0 0 0 0 0 21 23 0 2 2 2 0 0 0 0 93 0 0
19 12 13 1 46 5 151 90 8 75 12 50 64 33 0 12 9 22 8 9 0 233 335 7 2 0 1 79 10 3 4 6 7 9 21 4 6 0 53 0 0 605 626 626 596 604 595 589 612 626 379 626 0 0 1 3 0 3 2 38 202 527 1779 296 0 1 0 0 0 2 0 0 0 0 0 0 587 150 260 29 3 0 0 0 0 1 0 0 0 0 0 0 0 79 0 0 0 0 0 0 0 0 0 0 0 0 0 0 0 0 0 0 3 0 0 21 6 0 22 11 26 4 38 85 70 1 40 40 43 52 45 65 63 0 0 7
0 0 0 0 163 0 1 1 0 1 0 0 0 0 0 0 0 4 1 0 2 0 1 0 0 0 0 0 0 0 0 0 0 0 0 0 2 0 0 0 0 239 248 248 241 239 235 233 242 248 128 248 0 0 0 0 0 0 0 0 5 1 1 0 0 0 0 0 0 0 0 0 0 0 0 0 233 12 103 0 0 0 0 0 4 0 0 9 0 0 0 0 0 0 0 0 0 0 0 0 0 1 0 0 0 0 0 0 0 0 0 0 0 0 0 0 0 0 0 0 0 0 0 2 2 0 0 0 0 1 1 0 1 0 0 0
0 0 0 0 2 0 0 0 0 0 0 0 0 0 0 33 0 0 0 0 0 0 0 1 0 0 0 0 1 0 1 1 1 1 0 0 0 0 0 0 0 4 4 4 1 4 0 4 4 4 0 0 0 0 0 0 0 0 0 0 0 7 6 0 1 0 0 0 0 0 0 0 0 0 0 0 0 3 1 5 0 0 0 0 0 0 0 0 0 0 0 0 0 0 0 0 0 0 0 0 0 0 0 0 0 0 0 0 0 0 0 0 0 0 0 0 0 0 0 0 0 0 0 5 5 0 0 0 0 0 0 0 0 0 0 0
4 1 1 0 26 4 12 8 1 7 4 4 0 0 0 4 0 0 11 5 4 0 60 7 2 1 1 3 8 4 5 10 12 19 2 1 1 26 15 35 0 89 90 90 85 89 0 88 90 90 58 90 348 0 0 6 0 1 2 82 88 28 82 2 23 9 6 0 4 3 0 32 43 7 1 0 83 191 39 4 0 0 1 0 0 0 0 2 0 0 0 0 0 0 0 0 0 0 0 0 0 0 0 0 0 0 0 0 0 0 0 0 0 0 0 0 0 0 0 0 0 0 1 5 5 1 2 0 0 1 1 1 1 0 0 0
0 0 0 0 2 0 0 0 0 0 1 0 0 0 0 0 0 0 0 0 0 0 0 0 0 0 0 0 0 0 0 0 0 0 0 0 0 0 0 0 0 0 0 0 0 0 0 0 0 0 1 0 0 0 0 1 0 0 0 0 1 1 0 0 0 0 0 0 0 1 0 0 0 0 0 0 0 1 0 0 0 0 0 0 0 0 0 0 0 0 0 0 0 0 0 0 0 0 0 0 0 0 0 0 0 0 0 0 0 0 0 0 0 0 0 0 0 0 0 0 0 0 0 0 0 0 0 0 0 0 0 0 0 0 0 0
0 0 0 0 9 0 0 0 0 0 0 0 0 0 0 0 0 0 0 0 0 0 0 0 0 0 0 0 0 0 0 0 0 0 0 0 0 0 0 0 0 25 26 26 22 25 0 24 25 26 0 19 99 0 0 0 0 0 0 0 0 0 0 0 0 0 0 0 0 0 0 0 0 0 0 0 7 0 11 0 0 0 0 0 0 0 0 3 0 0 0 0 0 0 0 0 0 0 0 0 0 0 0 0 0 0 0 0 0 0 0 0 0 0 0 0 0 0 0 0 0 0 0 0 0 0 0 0 0 0 0 0 0 0 0 0
0 0 0 0 3 0 1 0 0 0 3 0 0 0 0 2 0 0 7 2 0 0 6 0 0 0 0 0 0 0 0 0 1 1 2 1 0 7 0 7 0 47 48 48 43 47 23 47 48 48 33 16 312 0 0 8 0 0 0 20 39 44 53 2 31 9 3 71 123 51 0 0 0 2 0 0 33 42 20 1 0 0 105 1 1 0 0 4 0 0 26 0 0 0 0 0 0 0 0 0 0 0 0 1 0 0 0 0 0 0 0 0 0 0 0 0 0 0 0 0 0 0 0 4 4 1 1 0 0 0 0 0 0 0 0 0
45 18 20 1 128 40 150 98 14 73 11 39 44 61 78 176 14 1 86 102 13 30 42 58 5 1 4 18 52 12 17 22 29 28 27 12 35 256 99 105 0 8 0 0 5 8 12 15 5 0 25 0 2 0 3 53 0 13 12 325 102 72 24 30 29 93 55 0 49 82 29 0 122 79 0 2 0 127 5 11 21 5 36 17 18 1 38 29 0 0 39 0 0 763 0 1 0 0 0 6 17 3332 28 74 0 0 0 0 0 0 0 0 0 3 0 0 124 4 12 6 17 2 21 7 8 1 2 56 55 28 26 35 34 0 0 3
4 1 9 0 80 5 0 2 1 1 1 0 2 7 7 39 0 11 26 38 5 13 27 0 1 0 0 5 6 1 4 0 4 0 2 3 14 145 13 0 0 3 0 0 1 3 0 7 2 0 0 0 0 0 0 14 0 2 2 0 29 23 22 12 6 11 11 0 9 18 17 0 0 17 0 0 0 40 3 0 2 4 27 5 5 0 30 69 0 0 5 0 0 0 18 0 0 0 0 261 0 280 0 0 0 0 0 0 0 0 0 0 0 37 0 0 0 0 3 1 5 0 5 1 1 1 1 30 29 8 8 8 8 0 0 19
16 8 8 0 277 17 85 55 6 45 28 31 2574 1105 39 1 0 0 4 1 11 0 2 16 9 2 15 3 11 4 6 9 6 22 9 2 0 2 35 25 0 0 0 0 0 0 0 0 0 0 6 0 0 0 12 13 0 0 1 23 4 0 1 0 0 1 3 0 0 6 0 0 0 0 0 0 0 0 0 0 0 0 1 0 1 0 1 1 0 0 2 0 0 0 0 0 0 0 0 10 0 0 3 14 0 0 0 0 0 0 6 0 0 55 0 117 165 0 0 0 0 0 0 12 9 4 12 7 8 0 0 0 0 4 0 2
57 44 48 0 1107 1 531 336 27 275 15 192 142 104 88 13 1 1 13 22 5 10 79 1 7 1 1 7 15 9 4 3 3 4 1 3 1 10 37 20 0 1 0 0 0 1 1 1 1 0 0 0 1 0 1 21 0 3 2 37 64 15 18 14 13 2 4 0 1 9 2 29 226 1 0 13 0 57 0 0 41 0 2 1 1 3 3 4 0 0 3 0 0 0 18 0 39 35 1 0 597 1405 582 1086 55 54 161 89 25 21 11 0 0 0 0 2 8 0 16 8 19 3 27 5 4 76 96 37 36 38 33 47 45 43 22 36
6 5 5 0 678 0 55 35 33 29 4 20 0 29 1 7 0 1 34 8 1 1 7 0 3 0 0 2 1 2 1 1 0 1 1 1 1 0 6 3 0 0 0 0 0 0 0 1 0 0 1 0 0 0 0 3 0 2 2 80 4 1 12 1 1 0 1 0 1 2 0 0 15 6 0 0 0 158 1 0 2 0 0 0 0 0 0 1 0 0 0 0 0 3 16 0 0 0 11 166 91 156 15 5 48 5 682 20 9 0 3 0 0 95 0 11 0 0 6 3 7 1 10 4 3 2 5 19 18 14 12 18 17 22 7 20
31 26 25 0 339 3 268 172 14 140 34 98 0 0 650 239 11 0 48 102 0 85 10 5 23 1 2 55 28 4 6 8 7 13 40 26 1 0 0 0 0 1 0 0 0 1 0 0 1 0 0 0 0 1 1 33 0 21 20 0 0 91 58 0 0 0 8 0 5 0 0 34 39 1 0 0 0 9 11 0 1 0 0 0 0 1 0 1 0 0 8 0 0 70 105 2 0 0 0 0 0 0 0 55 0 0 163 10 0 0 0 41 0 103 0 125 388 0 11 5 13 2 18 2 2 0 2 85 83 25 22 31 30 46 0 1
0 0 0 0 27 0 1 1 0 1 0 0 0 2 0 0 0 0 0 0 0 0 0 0 0 0 0 0 0 0 0 0 0 0 0 0 0 0 0 0 0 0 0 0 0 0 0 0 0 0 0 0 0 0 0 1 0 0 0 0 0 0 0 0 0 0 0 0 0 0 0 0 0 1 0 0 0 0 0 0 0 0 0 0 0 0 0 0 0 0 0 0 0 0 0 0 0 0 0 0 0 0 0 0 0 0 0 0 0 0 0 0 0 20 0 0 0 0 1 1 3 0 2 0 0 0 0 38 37 5 5 5 5 0 0 0
0 0 0 0 0 0 0 0 0 0 0 0 0 0 0 18 19 0 19 23 0 11 1 0 0 0 0 8 0 0 0 0 0 0 0 0 0 0 0 0 0 1 0 0 0 1 0 0 0 0 0 0 0 0 0 0 0 0 0 0 0 6 4 0 0 0 0 0 0 0 0 0 0 0 0 0 0 0 0 0 0 0 0 0 0 0 0 0 0 0 0 0 0 0 0 0 0 0 0 50 0 0 0 0 6 0 0 0 0 0 0 25 0 0 0 0 0 0 0 0 0 0 0 0 0 0 0 0 0 0 0 0 0 0 0 0
1 0 0 0 3601 1 0 0 0 0 7 0 0 1 0 2 0 0 1 0 1 15 0 1 0 0 0 11 0 0 0 0 1 0 0 0 0 0 0 0 0 0 0 0 0 0 0 0 0 0 0 0 449 0 0 0 0 0 0 0 0 7 6 0 0 23 0 0 3 3 0 0 0 0 0 0 0 0 0 0 0 0 0 0 0 0 0 7 0 0 2 0 0 0 1 0 0 0 0 3 0 0 0 0 0 0 0 0 0 0 0 0 0 0 0 2 5 0 1 0 2 0 2 1 1 1 0 2 2 3 3 3 3 0 0 0
5 9 10 0 18 0 15 9 14 26 1 0 17 8 519 491 5 0 330 2 0 0 0 0 0 0 0 15 0 9 1 0 0 0 0 4 2 0 0 0 0 4 4 4 4 4 4 4 4 4 3 4 229 0 1 2 0 4 1 0 0 0 1 0 0 1111 589 1190 507 885 1895 0 0 5 0 0 0 20 2 25 0 0 0 0 0 0 0 0 0 0 487 0 0 0 68 1 0 0 0 279 0 266 81 42 0 0 0 0 0 0 0 0 0 0 0 0 15 0 42 20 53 7 72 6772 5011 1 3876 3409 3781 97 84 123 118 160 55 21
0 0 2 0 0 0 0 0 0 0 0 0 0 0 0 0 0 0 0 0 0 0 0 0 0 0 0 0 0 0 0 0 0 0 0 0 0 0 0 0 0 0 0 0 0 0 0 0 0 0 0 0 0 0 0 0 0 0 0 0 0 0 0 0 0 0 0 0 0 0 0 0 0 0 0 0 0 0 0 0 0 0 0 0 0 0 0 0 0 0 0 0 0 0 0 0 0 0 0 0 0 0 0 0 0 0 0 0 0 0 0 0 0 0 0 0 0 0 0 0 0 0 0 0 0 0 0 0 0 0 0 0 0 0 0 0
0 0 0 0 0 0 0 0 0 0 0 0 0 0 0 0 0 0 0 0 0 0 0 0 0 0 0 0 0 0 0 0 0 0 0 0 0 0 0 0 0 0 0 0 0 0 0 0 0 0 0 0 0 0 0 0 0 0 0 0 0 0 0 0 0 0 0 0 0 0 0 0 0 0 0 0 0 0 0 0 0 0 0 0 0 0 0 0 0 0 0 0 0 0 0 0 0 0 0 0 0 0 0 0 0 0 0 0 0 0 0 0 0 0 0 0 0 0 0 0 0 0 0 0 0 0 0 0 0 0 0 0 0 0 0 0
0 0 1 0 0 0 0 0 0 0 0 0 0 0 0 0 0 0 0 0 0 0 0 0 0 0 0 0 0 0 0 0 0 0 0 0 0 0 0 0 0 0 0 0 0 0 0 0 0 0 0 0 0 0 0 0 0 0 0 0 0 0 0 0 0 0 0 0 0 0 0 0 0 0 0 0 0 0 0 0 0 0 0 0 0 0 0 0 0 0 0 0 0 0 0 0 0 0 0 0 0 0 0 0 0 0 0 0 0 0 0 0 0 0 0 0 0 0 0 0 0 0 0 0 0 0 0 0 0 0 0 0 0 0 0 0
0 0 0 0 0 0 0 0 0 0 0 0 0 0 0 0 0 0 0 0 0 0 0 0 0 0 0 0 0 0 0 0 0 0 0 0 0 0 0 0 0 0 0 0 0 0 0 0 0 0 0 0 0 0 0 0 0 0 0 1 0 0 0 0 0 0 0 0 0 0 0 0 0 0 0 0 0 0 0 0 0 0 0 0 0 0 0 0 0 0 0 0 0 0 0 0 0 0 0 0 0 0 0 0 0 0 0 0 0 0 0 0 0 0 0 0 0 0 0 0 0 0 0 0 0 0 0 0 0 0 0 0 0 0 0 0
0 0 1 0 0 0 0 0 0 0 0 0 0 0 0 0 0 0 0 0 0 0 0 0 0 0 0 0 0 0 0 0 0 0 0 0 0 0 0 0 0 0 0 0 0 0 0 0 0 0 0 0 0 0 0 0 0 0 0 0 0 0 0 0 0 0 0 0 0 0 0 0 0 0 0 0 0 0 0 0 0 0 0 0 0 0 0 0 0 0 0 0 0 0 0 0 0 0 0 0 0 0 0 0 0 0 0 0 0 0 0 0 0 0 0 0 0 0 0 0 0 0 0 0 0 0 0 0 0 0 0 0 0 0 0 0
0 0 0 0 0 0 0 0 0 0 0 0 0 0 0 0 0 0 0 0 0 0 0 0 0 0 0 0 0 0 0 0 0 0 0 0 0 0 0 0 0 0 0 0 0 0 0 0 0 0 0 0 0 0 0 0 0 0 0 0 0 0 0 0 0 0 0 0 0 0 0 0 0 0 0 0 0 0 0 0 0 0 0 0 0 0 0 0 0 0 0 0 0 0 0 0 0 0 0 0 0 0 0 0 0 0 0 0 0 0 0 0 0 0 0 0 0 0 0 0 0 0 0 0 0 0 0 0 0 0 0 0 0 0 0 0
0 0 0 0 0 0 0 0 0 0 0 0 0 0 0 0 0 0 0 0 0 0 0 0 0 0 0 0 0 0 0 0 0 0 0 0 0 0 0 0 0 0 0 0 0 0 0 0 0 0 0 0 0 0 0 0 0 0 0 0 0 0 0 0 0 0 0 0 0 0 0 0 0 0 0 0 0 0 0 0 0 0 0 0 0 0 0 0 0 0 0 0 0 0 0 0 0 0 0 0 0 0 0 0 0 0 0 0 0 0 0 0 0 0 0 0 0 0 0 0 0 0 0 0 0 0 0 0 0 0 0 0 0 0 0 0
41 26 4711 3 858 2 53 6 530 222 8 347 476 497 280 65 150 0 113 284 142 1275 105 1 7 2 7 672 83 11 19 32 45 42 150 38 16 88 240 61 0 3 0 0 2 3 4 4 2 0 94 0 0 3 5 212 0 12 12 152 101 682 524 159 185 14 16 53 8 97 18 21 9 3 1 3 0 115 1 18 0 0 0 0 0 1 0 0 0 0 3 0 0 0 3 0 0 0 75 40 0 225 38 36 0 0 10 0 0 0 0 0 0 0 0 0 119 51 0 0 0 0 0 42 122 1 50 90 88 1 1 0 0 33 0 41
68 22 3935 5 717 58 1091 1450 450 599 267 372 398 436 1973 54 125 0 95 237 121 1065 88 84 6 2 6 562 70 11 17 30 39 36 128 32 15 75 201 51 0 309 318 318 311 309 305 302 312 318 272 318 0 2 4 177 0 10 11 128 85 570 439 133 155 12 14 44 7 81 14 10 56 8 2 9 318 97 133 16 0 0 0 0 0 6 2 0 4186 0 3 0 9 0 629 10 0 0 750 247 0 1647 565 264 0 0 228 0 0 0 137 0 0 0 0 1131 874 398 0 0 2 0 0 241 815 2 359 656 641 4 3 2 2 318 110 268
1 0 0 0 0 2 0 0 0 0 1 0 0 0 2 0 0 0 0 0 0 0 0 3 0 0 0 0 3 1 1 1 1 1 0 0 0 0 0 0 0 0 0 0 0 0 0 0 0 0 0 0 0 0 0 0 0 0 0 0 0 0 0 0 0 0 0 0 0 0 0 0 0 0 0 0 0 0 0 0 0 1 11 0 0 0 12 0 0 0 0 0 0 0 0 0 1 0 0 0 0 4 0 1 0 0 0 0 0 0 0 0 0 0 0 0 2 0 0 0 1 0 1 1 2 0 1 2 2 1 1 1 1 0 0 0
83 3 2 3 1 137 0 9 17 3 212 0 0 0 201 41 105 1067 32 186 131 877 105 200 20 4 23 522 168 171 46 73 92 87 77 26 33 36 144 47 0 2335 2420 2420 2357 2331 2296 2273 2365 2420 1513 2420 0 6 12 132 0 28 22 67 139 490 388 156 185 5 51 663 62 133 215 124 167 9 2 14 2412 87 1008 13 859 202 1528 540 559 6 1673 632 4285 5491 44 0 15 0 539 8 446 618 626 3 2213 1390 477 223 0 0 52 60 0 34 105 100 0 4 0 911 737 320 142 68 168 25 241 200 684 7 310 555 542 328 284 414 400 263 766 92
47 29 39 20 195 17 299 195 22 157 15 111 166 224 127 210 6 2 164 24 11 63 28 25 6 2 5 42 19 24 24 38 43 69 159 37 8 15 68 35 0 15 15 15 15 15 15 16 15 15 33 15 0 4 2 56 0 5 5 46 22 57 48 22 18 248 240 194 116 176 590 15 43 4 0 6 13 335 8 6 41 9 8 14 3 2 7 6 6 0 85 0 0 0 48 0 6 0 0 47 292 14 43 58 0 0 0 0 0 0 0 31 6 96 0 12 32 0 5 2 6 1 8 118 88 1 63 94 100 11 10 14 13 68 0 259
317 233 512 9 869 11 585 332 35 304 276 161 545 386 943 114 0 0 91 30 0 1072 90 63 12 3 19 631 82 237 42 47 32 71 175 54 20 0 372 291 0 54 43 43 0 54 61 64 49 43 155 43 3 4 6 288 0 24 18 0 108 593 686 0 0 409 175 212 124 287 301 0 122 4 58 0 0 299 22 108 1286 36 270 196 202 4 298 112 196 120 95 4 31 0 378 4 0 503 233 42 0 0 1267 1461 0 275 287 0 295 0 746 0 0 239 0 1256 1032 137 97 46 120 17 166 423 344 39 244 475 486 231 202 286 277 1009 65 221
102 79 88 0 349 0 999 591 48 494 26 323 0 73 0 1328 12 15 922 12 110 833 21 0 1 2 6 425 0 2423 0 0 7 0 311 58 0 13 167 116 0 2 0 0 1 2 2 3 2 0 68 0 0 0 5 149 0 0 0 0 51 392 285 228 22 29 1653 3 2036 66 3079 92 0 3 0 0 0 190 20 0 0 30 241 98 101 6 235 159 0 0 62 0 0 0 0 7 0 0 0 0 0 107 0 0 0 0 0 0 0 0 0 0 0 0 0 0 0 0 0 0 2 0 0 393 290 16 245 1667 1650 3 4 1 2 939 0 113
39 0 9 2 0 0 3 1 18 38 3 2 15 28 0 22 0 0 15 0 3 16 132 0 0 0 0 1 0 2 37 0 4 0 0 1 182 0 0 0 0 0 0 0 0 0 0 0 0 0 0 0 0 0 11 8 0 0 0 0 63 360 78 0 0 6 27 0 0 55 30 0 217 0 60 0 0 0 0 1 0 18 36 94 0 0 296 22 57 0 29 0 238 0 0 0 0 0 0 0 0 0 0 0 0 0 0 0 0 0 0 0 0 0 0 0 0 0 0 0 0 0 0 0 26 37 64 13 10 0 1 0 0 0 0 0
9 55 2 7 1 2511 0 0 0 19 582 0 0 229 952 8 0 0 47 561 5281 259 884 0 354 74 6529 336 682 709 1675 773 1556 1383 57 36 7270 39 373 376 208 2164 2229 2229 2178 2163 2132 2112 2189 2229 1433 2229 0 162 5556 228 254 350 331 699 893 2009 1875 651 627 7 72 3 20 87 8081 697 703 1983 0 1 2194 940 933 101 2749 539 0 0 901 0 2389 0 10141 0 0 0 0 6127 1209 5 0 1657 2129 0 0 0 0 300 55 0 0 0 2504 370 179 0 0 0 0 2461 1274 1537 421 201 501 74 717 53 61 14 568 972 947 974 844 1228 1186 796 42 343
1836 1994 9564 1388 175 305 1720 4018 2054 2339 2544 1334 1852 3079 0 3741 1374 303 3010 559 526 641 1699 0 125 85 417 1312 230 582 623 403 684 1834 249 1418 1069 155 1457 636 0 702 714 714 702 703 694 691 708 714 1012 714 0 18 437 1328 180 284 263 1250 1185 1368 593 402 1681 2037 4575 2013 930 1477 5930 524 516 18 0 138 709 1533 353 11 958 206 1610 631 86 175 496 68 433 480 664 0 217 0 3995 70 0 0 1381 0 0 0 688 4856 0 156 951 0 319 498 0 264 0 0 0 1098 675 1127 387 185 459 68 658 904 669 12 532 3656 3622 893 774 1127 1088 2447 639 147
0 0 0 0 17 8 33 20 0 0 59 9 113 37 0 32 0 0 23 2 20 195 24 0 0 0 0 116 0 66 67 0 0 0 42 45 338 18 37 19 0 11 10 10 11 11 0 11 11 10 19 10 796 1 2 29 0 5 4 29 22 100 75 19 25 23 44 33 20 39 106 17 38 4 0 0 7 49 6 16 284 7 43 14 12 1 114 20 0 0 42 0 33 0 29 0 0 0 0 127 660 272 65 37 0 0 0 0 0 52 0 0 0 474 0 251 0 128 14 7 18 3 24 99 78 1 51 67 71 34 30 42 41 264 0 56
8 0 0 1 1 14 2 2 2 1 48 1 0 53 13 32 0 0 21 39 14 41 10 0 0 0 0 69 0 9 9 0 0 0 13 20 9 0 24 2 0 5 5 5 5 5 5 6 5 5 10 5 642 1 2 19 0 7 2 0 10 68 99 16 52 11 5 3 2 10 5 0 0 0 0 0 1 13 0 0 0 0 0 0 0 0 0 0 0 0 1 0 0 0 46 0 220 23 0 0 222 183 11 7 0 558 0 12 0 23 0 0 0 0 36 231 0 24 70 34 83 12 119 110 82 2 65 90 96 162 141 204 197 0 0 0
173 21 21 3 295 251 379 140 42 342 217 1473 55 484 127 9 2 4 16 6 248 1311 222 0 25 5 0 1054 0 374 160 0 37 0 226 241 481 1408 807 297 0 70 43 43 70 70 88 95 57 43 325 43 240 12 38 689 0 96 14 0 141 1020 906 501 254 43 44 32 58 302 13 0 274 49 0 0 18 104 19 30 1871 3 21 5 5 5 24 12 5 7 20 0 0 334 784 5 3600 1851 0 0 0 1760 0 11 457 1061 0 0 83 0 11 0 0 470 76 854 0 0 1150 549 1359 203 1954 261 203 27 172 753 751 2651 2295 3347 3233 79 0 238
0 0 0 0 0 0 0 0 0 0 0 0 0 0 0 9 0 1 2 2 118 20 22 0 0 0 0 0 0 0 0 0 0 0 106 0 110 41 0 0 0 15958 16552 16552 16115 15927 15683 15501 16164 16551 9993 16552 0 0 1 1 0 0 28 0 24 32 38 0 20 0 0 0 0 0 1 0 0 0 0 0 16099 45 6894 0 0 0 0 0 0 0 0 0 0 0 0 0 0 0 0 23 1 0 0 0 0 0 0 0 0 0 0 0 0 0 0 0 0 0 1 0 0 0 0 0 0 0 0 12 0 0 6 0 0 0 0 0 0 0 0 0
14 2 1 0 7 28 2 6 0 0 12 1 1 0 181 18 4 0 13 1 0 46 9 1 32 7 19 191 0 43 54 53 46 1 18 42 48 104 36 19 0 376 388 388 380 376 371 366 380 388 245 388 0 6 22 42 0 39 7 2 12 30 36 42 27 9 22 7 7 62 6 0 37 0 0 0 331 23 162 1 0 4 27 0 0 0 0 0 0 0 28 0 0 0 48 0 1180 0 0 0 244 181 0 10 421 0 0 0 0 0 0 0 0 0 18 0 0 0 460 220 543 81 782 82 62 11 59 80 84 1061 918 1340 1294 24 0 0
0 0 0 0 0 0 0 0 0 0 0 0 0 0 0 0 0 0 0 0 1 4 1 0 1 0 0 11 0 2 2 0 0 0 1 2 3 1 1 0 0 15 16 16 15 15 15 0 15 16 10 16 0 0 1 2 0 2 0 0 0 1 2 2 2 0 0 0 0 0 0 0 1 0 0 0 0 1 6 0 0 0 1 0 0 0 0 0 0 0 0 0 0 0 1 0 0 0 0 0 0 9 0 0 0 0 0 0 0 0 0 0 0 0 0 0 0 0 26 13 31 5 45 10 7 1 6 6 6 61 52 76 74 0 0 0
34 40 25 6 471 70 5 231 7 20 196 35 0 26 0 47 11 0 38 14 37 279 238 0 47 11 8 150 0 28 36 0 26 198 83 32 6 3 46 13 0 11 10 10 10 11 11 11 11 10 16 10 0 3 33 22 0 6 7 122 120 203 404 77 138 88 57 52 35 52 140 2 100 1 0 0 10 118 0 28 20 0 1 0 0 0 1 1 0 1 30 18 11 0 63 1 0 8 23 1256 0 203 0 4593 0 0 0 0 63 0 6 253 35 0 0 906 0 59 0 0 0 0 0 28 28 3 10 57 56 0 1 0 0 243 14 69
47 39 93 14 19 48 75 40 114 100 29 37 85 163 610 68 0 0 50 5 79 367 140 36 175 17 84 1099 97 204 173 125 79 139 203 325 283 33 100 40 0 112 114 114 113 112 111 110 113 114 101 114 0 28 79 186 0 242 44 80 95 362 298 166 191 180 92 78 51 93 224 32 125 52 0 0 22 137 51 1 402 7 52 12 12 1 55 5 12 15 43 23 54 0 717 53 8665 0 186 0 0 1861 4259 7365 22506 0 41 0 63 247 83 73 137 824 227 48 0 32 2765 1321 3265 488 4699 509 385 62 364 834 849 6372 5515 8049 7773 498 29 335
180 92 102 6 336 111 1128 617 66 533 419 306 18 353 273 110 28 8 101 142 18 62 94 160 22 4 18 124 69 86 172 62 69 64 38 52 738 11 47 43 0 15 15 15 15 16 15 15 15 15 26 15 0 5 12 47 0 31 14 0 62 62 66 31 37 43 64 48 31 55 146 19 134 35 0 0 0 76 8 77 315 11 85 25 26 6 91 32 0 0 129 0 74 0 326 8 401 0 235 568 929 0 348 276 866 0 0 246 341 1712 0 361 0 1858 0 1802 287 17 237 113 283 42 403 365 289 9 193 420 431 548 475 691 668 927 0 420
101 64 71 2 604 31 809 463 42 393 51 239 503 346 140 30 44 25 39 37 11 15 33 44 23 3 19 147 62 183 62 42 54 64 138 79 126 97 87 27 0 33 31 31 32 33 33 34 32 31 48 31 0 18 11 82 1 37 11 62 39 45 38 33 23 32 23 80 20 77 12 35 63 101 0 0 0 69 6 59 910 38 287 118 122 5 312 67 111 94 68 0 40 160 153 2 805 447 96 0 267 908 84 159 340 147 0 0 517 0 1068 154 0 2297 0 85 0 0 367 175 437 65 625 265 211 10 142 238 247 849 736 1071 1035 409 0 786
85 46 51 7 1014 48 559 332 32 277 557 178 159 531 620 14 11 5 14 11 28 392 63 64 9 3 13 225 83 119 58 56 79 92 176 121 111 245 112 28 0 189 190 190 190 189 189 189 189 190 147 190 0 8 5 70 0 2 2 99 65 184 91 44 108 50 13 88 76 114 11 37 91 2 0 0 179 100 82 100 574 14 111 88 91 3 114 152 78 29 96 5 84 0 857 105 0 0 469 7 0 2832 480 828 0 0 0 0 0 38 0 0 0 0 0 2652 220 622 0 0 2 0 0 336 273 1 160 825 822 1 2 1 1 25 0 290
34 5 4 1 0 63 2 4 8 3 15 1 1 0 0 86 0 454 136 192 41 120 65 69 36 12 34 147 87 80 81 68 59 25 233 104 135 75 17 63 0 110 112 112 111 110 110 110 111 112 96 112 69 14 27 73 36 67 54 103 63 112 113 59 49 88 84 78 91 116 129 32 109 162 0 59 80 120 50 87 205 43 351 137 141 1 345 46 101 97 174 0 143 225 82 1 0 0 0 0 1352 476 1447 729 3877 0 0 2306 0 0 0 759 0 947 0 0 0 0 190 91 225 34 323 249 206 9 123 163 172 438 380 553 535 21 0 167
9 5 517 79 71 4 20 40 4 104 409 38 0 43 124 185 10 2 90 39 29 264 72 11 4 2 40 218 15 800 210 18 49 30 25 15 849 9 58 58 0 179 185 185 180 179 176 175 181 185 135 185 0 2 1 51 8 10 11 70 58 147 117 42 36 56 140 108 66 110 347 23 27 0 0 0 184 90 80 57 4623 8 59 27 28 0 63 51 3 0 74 0 38 0 3646 369 0 3799 3096 1035 0 0 377 5 0 0 498 0 35 96 0 0 0 0 0 2020 724 385 0 0 3 0 1 205 165 4 102 3011 2943 1 2 1 1 152 346 2117
149 21 165 26 18 217 4 24 29 14 111 9 0 207 554 137 16 0 90 27 116 901 96 318 142 21 77 1214 444 221 284 322 398 527 132 328 173 159 160 174 204 8 3 3 7 8 11 12 6 3 55 3 0 267 122 304 0 169 24 109 110 517 389 173 216 79 163 108 69 150 352 102 281 1370 261 1239 0 182 0 1663 69 15 116 47 48 1 126 57 47 58 80 0 0 1290 27 0 5902 0 262 895 2875 16 619 212 0 0 0 0 786 0 33 0 17214 0 1323 338 151 17 2023 966 2393 357 3439 1226 1325 86 219 126 138 4663 4038 5889 5688 161 140 1225
27 12 38 5 1 39 5 6 13 12 218 4 0 203 107 36 3 1 33 6 9 6 2 57 35 6 24 202 47 200 82 90 104 164 14 42 47 0 4 8 117 702 727 727 709 701 691 684 711 727 444 727 0 7 14 21 0 53 20 0 45 11 11 0 0 21 41 11 22 11 87 87 40 491 99 460 727 4 333 13 762 379 800 267 274 68 2192 0 165 39 165 160 0 745 1031 31 1231 571 457 5635 6973 4439 974 660 0 0 1219 566 3197 3748 318 0 0 0 549 1036 100 994 475 227 563 84 807 344 256 37 241 998 996 1095 949 1382 1335 2171 274 1439
0 0 0 0 33 0 880 29 0 297 61 82 60 33 0 8 1 0 21 34 2 11 2 0 3 0 0 43 0 8 28 0 0 0 0 13 57 0 22 0 0 3 2 2 3 3 2 3 2 2 8 2 30 8 11 42 0 90 83 0 7 27 21 9 18 34 8 7 7 15 16 0 0 0 10 0 0 0 0 15 2 0 1 1 1 3 2 3 1 1 4 0 0 0 4 0 354 0 0 76 0 1 0 0 1 0 0 0 6 0 19 1 108 0 0 202 0 84 113 54 134 20 192 70 65 66 114 30 32 261 226 329 318 129 0 0
339 188 201 5 1342 683 2256 1333 130 1116 96 720 1150 982 1335 744 446 224 863 664 1179 806 582 248 90 18 1356 613 177 661 1546 201 279 156 575 177 7602 84 612 453 0 1195 1228 1228 1201 1194 1178 1166 1208 1228 988 1228 0 28 1133 569 7 64 38 750 564 638 684 433 368 798 742 1569 725 737 613 411 198 66 5 57 1205 838 519 588 3166 62 476 170 176 13 513 524 157 139 469 208 259 3019 6115 1533 1011 2415 6747 0 0 0 0 9784 654 0 3750 198 1883 72 1861 0 0 8022 0 0 2095 3618 407 194 502 72 695 1511 1260 20 683 5484 5420 948 829 1188 1150 7341 1581 2636
0 0 0 2 8 7 20 14 0 8 393 7 0 116 0 164 0 0 70 24 9 59 182 0 0 0 0 36 0 55 56 0 9 0 0 15 233 21 29 0 0 1 0 0 1 1 0 1 1 0 11 0 0 0 1 23 0 4 4 0 78 43 29 7 0 70 101 16 35 38 174 11 15 0 0 0 0 17 7 0 272 3 6 2 2 1 15 0 2 0 41 0 0 0 200 34 0 0 0 0 0 534 52 28 0 0 0 0 0 10 0 0 0 0 116 0 0 117 0 0 1 0 0 15 12 0 10 168 164 0 0 0 0 28 0 442
0 0 35 8 5 1 1 4 0 4 266 3 0 1 2 2 0 0 1 0 0 2 2 0 0 0 0 3 0 3 2 0 0 0 0 1 0 0 1 0 0 4 4 4 4 4 4 4 4 4 3 4 238 0 0 1 0 0 0 0 0 4 3 1 0 2 2 1 1 1 5 0 0 0 0 1 0 1 2 0 0 0 0 0 0 0 0 0 0 0 0 0 0 0 3 1 0 0 1 112 175 401 81 0 144 118 0 47 0 57 0 0 0 1806 0 1062 0 377 0 0 1 0 1 36 26 0 20 20 22 1 1 1 1 176 0 0
171 166 190 0 0 0 2196 745 71 917 95 477 116 188 27 73 0 0 50 0 2 4 40 0 2 0 0 2 0 8 6 0 0 0 1 12 9 4 18 0 0 0 0 0 0 0 0 0 0 0 9 0 0 0 0 20 0 25 26 0 26 7 4 3 4 7 91 4 11 14 15 0 10 6 5 10 0 7 6 21 9 6 14 5 6 10 37 0 0 0 14 0 17 0 13 0 0 0 0 0 0 3 4 16 0 0 0 8 0 3 0 0 0 0 0 0 0 0 0 0 0 0 0 42 37 3 27 29 31 0 0 0 0 300 0 55
0 0 0 0 0 0 0 0 0 0 0 0 0 0 0 0 0 0 0 0 0 0 0 0 0 0 0 0 0 0 0 0 0 0 0 0 0 0 0 0 0 0 0 0 0 0 0 0 0 0 0 0 0 0 0 0 0 0 0 0 0 0 0 0 0 0 0 0 0 0 0 0 0 0 0 0 0 0 0 0 0 0 0 0 0 0 0 0 0 0 0 0 0 0 0 0 0 0 0 0 0 0 0 0 0 0 0 0 0 0 0 0 0 0 0 0 0 0 0 0 2 0 0 0 0 0 0 0 0 0 2 0 0 0 0 0
0 0 0 0 0 0 0 0 0 0 0 0 0 0 0 0 0 0 0 0 0 0 0 0 0 0 0 0 0 0 0 0 0 0 0 0 0 0 0 0 0 0 0 0 0 0 0 0 0 0 0 0 0 0 0 0 0 0 0 0 0 0 0 0 0 0 0 0 0 0 0 0 0 0 0 0 0 0 0 0 0 0 0 0 0 0 0 0 0 0 0 0 0 0 0 0 0 0 0 0 0 0 0 0 0 0 0 0 0 0 0 0 0 0 0 0 0 0 0 0 2 0 0 0 0 0 0 0 0 1 1 0 0 0 0 0
0 0 0 0 0 0 0 0 0 0 0 0 0 0 0 0 0 0 0 0 0 0 0 0 0 0 0 0 0 0 0 0 0 0 0 0 0 0 0 0 0 0 0 0 0 0 0 0 0 0 0 0 0 0 0 0 0 0 0 0 0 0 0 0 0 0 0 0 0 0 0 0 0 0 0 0 0 0 0 0 0 0 0 0 0 0 0 0 0 0 0 0 0 0 0 0 0 0 0 0 0 0 0 0 0 0 0 0 0 0 0 0 0 0 0 0 0 0 0 0 0 0 0 0 0 0 0 0 0 0 0 0 0 0 0 0
0 0 0 0 0 0 0 0 0 0 0 0 0 0 0 0 0 0 0 0 0 0 0 0 0 0 0 0 0 0 0 0 0 0 0 0 0 0 0 0 0 0 0 0 0 0 0 0 0 0 0 0 0 0 0 0 0 0 0 0 0 0 0 0 0 0 0 0 0 0 0 0 0 0 0 0 0 0 0 0 0 0 0 0 0 0 0 0 0 0 0 0 0 0 0 0 0 0 0 0 0 0 0 0 0 0 0 0 0 0 0 0 0 0 0 0 0 0 0 0 1 0 0 0 0 0 0 0 0 0 1 0 0 0 0 0
0 0 0 0 0 0 0 0 0 0 0 0 0 0 0 0 0 0 0 0 0 0 0 0 0 0 0 0 0 0 0 0 0 0 0 0 0 0 0 0 0 0 0 0 0 0 0 0 0 0 0 0 0 0 0 0 0 0 0 0 0 0 0 0 0 0 0 0 0 0 0 0 0 0 0 0 0 0 0 0 0 0 0 0 0 0 0 0 0 0 0 0 0 0 0 0 0 0 0 0 0 0 0 0 0 0 0 0 0 0 0 0 0 0 0 0 0 0 0 0 2 0 0 0 0 0 0 0 0 0 1 0 0 0 0 0
0 0 0 0 0 0 0 0 0 0 0 0 0 0 0 0 0 0 0 0 0 0 0 0 0 0 0 0 0 0 0 0 0 0 0 0 0 0 0 0 0 0 0 0 0 0 0 0 0 0 0 0 0 0 0 0 0 0 0 0 0 0 0 0 0 0 0 0 0 0 0 0 0 0 0 0 0 0 0 0 0 0 0 0 0 0 0 0 0 0 0 0 0 0 0 0 0 0 0 0 0 0 0 0 0 0 0 0 0 0 0 0 0 0 0 0 0 0 0 0 2 0 0 0 0 0 0 0 0 2 4 1 1 0 0 0
0 0 0 0 0 0 0 0 0 0 0 0 0 0 0 0 0 0 0 0 0 0 0 0 0 0 0 0 0 0 0 0 0 0 0 0 0 0 0 0 0 0 0 0 0 0 0 0 0 0 0 0 0 0 0 0 0 0 0 0 0 0 0 0 0 0 0 0 0 0 0 0 0 0 0 0 0 0 0 0 0 0 0 0 0 0 0 0 0 0 0 0 0 0 0 0 0 0 0 0 0 0 0 0 0 0 0 0 0 0 0 0 0 0 0 0 0 0 0 0 4 0 1 0 0 0 0 0 0 1 3 1 1 0 0 0
0 0 0 0 0 0 0 0 0 0 0 0 0 0 0 0 0 0 0 0 0 0 0 0 0 0 0 0 0 0 0 0 0 0 0 0 0 0 0 0 0 0 0 0 0 0 0 0 0 0 0 0 0 0 0 0 0 0 0 0 0 0 0 0 0 0 0 0 0 0 0 0 0 0 0 0 0 0 0 0 0 0 0 0 0 0 0 0 0 0 0 0 0 0 0 0 0 0 0 0 0 0 0 0 0 0 0 0 0 0 0 0 0 0 0 0 0 0 0 0 1 0 0 0 0 0 0 0 0 2 2 1 1 0 0 0
0 0 0 0 0 0 0 0 0 0 0 0 0 0 0 0 0 0 0 0 0 0 0 0 0 0 0 0 0 0 0 0 0 0 0 0 0 0 0 0 0 0 0 0 0 0 0 0 0 0 0 0 0 0 0 0 0 0 0 0 0 0 0 0 0 0 0 0 0 0 0 0 0 0 0 0 0 0 0 0 0 0 0 0 0 0 0 0 0 0 0 0 0 0 0 0 0 0 0 0 0 0 0 0 0 0 0 0 0 0 0 0 0 0 0 0 0 0 0 0 2 0 0 0 0 1 0 0 0 2 3 1 2 0 0 0
0 0 0 0 0 0 0 0 0 0 0 0 0 0 0 0 0 0 0 0 0 0 0 0 0 0 0 0 0 0 0 0 0 0 0 0 0 0 0 0 0 0 0 0 0 0 0 0 0 0 0 0 0 0 0 0 0 0 0 0 0 0 0 0 0 0 0 0 0 0 0 0 0 0 0 0 0 0 0 0 0 0 0 0 0 0 0 0 0 0 0 0 0 0 0 0 0 0 0 0 0 0 0 0 0 0 0 0 0 0 0 0 0 0 0 0 0 0 0 0 2 0 0 0 0 1 0 0 0 6 7 3 4 0 0 0
0 0 0 0 0 0 0 0 0 0 0 0 0 0 0 0 0 0 0 0 0 0 0 0 0 0 0 0 0 0 0 0 0 0 0 0 0 0 0 0 0 0 0 0 0 0 0 0 0 0 0 0 0 0 0 0 0 0 0 0 0 0 0 0 0 0 0 0 0 0 0 0 0 0 0 0 0 0 0 0 0 0 0 0 0 0 0 0 0 0 0 0 0 0 0 0 0 0 0 0 0 0 0 0 0 0 0 0 0 0 0 0 0 0 0 0 0 0 0 0 2 0 0 0 0 1 0 0 0 3 4 1 2 0 0 0
0 0 0 0 0 0 0 0 0 0 0 0 0 0 0 0 0 0 0 0 0 0 0 0 0 0 0 0 0 0 0 0 0 0 0 0 0 0 0 0 0 0 0 0 0 0 0 0 0 0 0 0 0 0 0 0 0 0 0 0 0 0 0 0 0 0 0 0 0 0 0 0 0 0 0 0 0 0 0 0 0 0 0 0 0 0 0 0 0 0 0 0 0 0 0 0 0 0 0 0 0 0 0 0 0 0 0 0 0 0 0 0 0 0 0 0 0 0 0 0 0 0 0 0 0 0 0 0 0 0 0 0 0 0 0 0
0 0 0 0 0 0 0 0 0 0 0 0 0 0 0 0 0 0 0 0 0 0 0 0 0 0 0 0 0 0 0 0 0 0 0 0 0 0 0 0 0 0 0 0 0 0 0 0 0 0 0 0 0 0 0 0 0 0 0 0 0 0 0 0 0 0 0 0 0 0 0 0 0 0 0 0 0 0 0 0 0 0 0 0 0 0 0 0 0 0 0 0 0 0 0 0 0 0 0 0 0 0 0 0 0 0 0 0 0 0 0 0 0 0 0 0 0 0 0 0 1 0 0 0 0 0 0 0 0 1 0 0 0 0 0 0
0 0 0 0 0 0 0 0 0 0 0 0 0 0 0 0 0 0 0 0 0 0 0 0 0 0 0 0 0 0 0 0 0 0 0 0 0 0 0 0 0 0 0 0 0 0 0 0 0 0 0 0 0 0 0 0 0 0 0 0 0 0 0 0 0 0 0 0 0 0 0 0 0 0 0 0 0 0 0 0 0 0 0 0 0 0 0 0 0 0 0 0 0 0 0 0 0 0 0 0 0 0 0 0 0 0 0 0 0 0 0 0 0 0 0 0 0 0 0 0 0 0 0 0 0 0 0 0 0 0 0 0 0 0 0 0
0 0 0 0 0 0 0 0 0 0 0 0 0 0 0 0 0 0 0 0 0 0 0 0 0 0 0 0 0 0 0 0 0 0 0 0 0 0 0 0 0 0 0 0 0 0 0 0 0 0 0 0 0 0 0 0 0 0 0 0 0 0 0 0 0 0 0 0 0 0 0 0 0 0 0 0 0 0 0 0 0 0 0 0 0 0 0 0 0 0 0 0 0 0 0 0 0 0 0 0 0 0 0 0 0 0 0 0 0 0 0 0 0 0 0 0 0 0 0 0 0 0 0 0 0 0 0 0 0 0 0 0 0 0 0 0
51 29 26 0 106 11 15 222 16 61 4 103 64 772 0 10 0 4 9 5 3 8 8 0 0 0 0 9 0 8 5 0 0 0 0 73 0 0 0 7 0 0 0 0 0 1 0 1 0 0 4 0 0 0 7 9 0 2 2 0 8 9 20 0 14 9 11 9 11 4 17 3 14 0 0 0 0 15 5 2 0 10 34 13 13 1 33 24 0 0 11 0 0 0 0 22 0 0 0 17 0 148 0 158 0 0 0 0 0 0 0 0 0 0 0 0 0 0 5 2 7 1 8 27 21 0 14 18 19 11 10 14 14 0 0 38
15 0 41 12 2 30 10 23 3 34 221 12 0 151 65 293 13 2 210 26 32 179 94 15 8 6 14 106 0 25 43 38 40 0 142 77 73 37 58 40 0 240 248 248 242 240 237 235 243 248 169 248 0 3 13 43 0 13 13 62 68 180 92 29 12 56 360 50 65 74 86 21 47 24 0 0 240 69 105 40 0 9 74 28 28 0 75 43 8 0 66 0 34 0 56 1 0 0 724 404 116 35 38 146 0 0 230 41 65 20 0 0 0 247 0 1048 391 58 6 3 7 1 10 263 204 0 137 164 176 14 12 17 16 18928 0 189
2 1 0 0 0 1 9 3 1 4 35 1 7 106 352 14 0 0 6 7 0 4 0 0 0 0 0 4 0 6 14 0 0 0 0 3 57 0 6 0 0 2 2 2 2 2 0 2 2 2 3 2 119 0 0 4 0 2 2 0 1 7 8 2 0 8 6 4 3 6 12 0 0 0 0 0 0 1 1 19 0 1 8 3 3 0 9 2 0 0 12 0 0 0 0 0 0 0 0 61 0 0 93 55 0 0 0 0 0 0 0 0 0 539 0 0 448 0 1 1 3 0 2 321 242 1 177 153 171 4 3 4 4 0 0 0
