176
0 8 19 0 0 95 482 13 183 1103 1998 335 133 169 416 40 37 1 0 1 3 3 1 2 2 2 0 111 50 0 0 1594 230 3 368 0 1594 1594 31 51 38 27 0 2 36306 35 1001 115 6 231 0 15 87 17 196 43 38 177 7 0 24 2 13 0 5 78 5 15 31 11 18 3 22 40 32 26 0 77 0 632 0 370 273 418 185 0 48 50 364 7 0 0 85 1 2 2 1 2 0 5 4 0 6 18 0 0 9 0 0 0 0 0 0 0 199 2 0 342 0 0 0 2 0 50 4 1533 7 0 0 624 3 0 0 0 0 0 0 0 0 0 0 0 0 0 0 0 0 0 0 4 0 5 0 0 0 0 0 0 0 363 0 0 0 227 0 0 0 0 0 0 0 0 12 15 0 0
0 0 524 0 0 14 9 9 1188 304 65 1044 371 280 43 10 117 154 154 154 131 194 144 152 1 1 0 122 0 0 0 0 0 9 0 0 0 0 49 53 126 3 8 126 13 69 3173 292 13 8 0 12 0 523 11 154 166 48 2 0 6 0 6 0 4 16 4 7 11 6 8 4 8 10 11 7 0 51 79 0 161 170 69 61 46 0 1 0 57 0 0 0 343 1 0 1 1 1 0 24 4 0 1 4 0 0 0 9709 0 0 0 0 0 0 68 1 0 51 0 0 0 1 0 5 3 0 2 0 0 2485 0 0 183 0 0 0 0 0 0 0 0 0 0 0 0 0 0 58 0 15 0 0 0 0 518 9705 0 0 0 0 0 0 9704 0 9706 9705 9703 9705 0 9703 0 0 146 0 0 0
0 0 0 0 0 25 50 0 0 315 2105 74 785 1776 994 6 38 48 48 48 42 32 46 46 1 1 0 229 143 0 0 0 0 16 81 0 0 0 56 60 149 2 2 142 16 79 3759 340 12 705 0 13 1 0 0 0 0 42 2 0 6 0 6 0 4 16 3 6 9 5 7 4 7 8 9 7 0 59 74 0 193 225 74 152 49 0 0 142 84 0 0 0 226 0 1 1 1 0 0 0 4 0 0 4 0 0 0 0 0 0 0 0 0 0 17 1 0 36 0 0 0 1 0 124 2 0 0 0 0 1659 0 0 114 0 0 0 0 0 0 0 0 0 0 0 0 0 0 40 0 0 0 0 0 0 5683 0 0 0 0 80 0 0 0 0 0 0 0 0 0 0 0 0 83 80 0 0
0 0 0 0 0 0 18 4 23 39 30 100 122 20 23 184 154 230 231 231 212 267 221 237 59 33 37 114 228 0 180 0 811 43 600 211 0 0 61 66 153 15 23 804 47 87 3812 3022 26 739 391 426 1034 557 695 128 185 94 7 47 172 60 64 0 63 271 59 71 69 70 66 62 80 69 69 108 0 438 246 0 175 198 448 413 448 90 130 228 473 5 216 10 545 198 232 229 238 252 0 42 196 0 9 112 0 38 100 0 0 0 0 0 0 1 130 13 1 160 0 0 0 3 0 3 9 0 0 0 0 2842 0 0 1093 0 0 0 0 0 0 0 0 0 0 0 0 396 0 0 0 50 0 70 231 177 0 0 0 233 232 599 0 236 0 810 0 0 0 0 178 0 0 178 146 109 137 15
2 0 0 3 0 0 81 0 22 0 9 46 29 32 10 41 0 19 19 19 18 39 19 23 18 0 4 108 0 0 16 0 64 3 0 21 0 0 12 12 31 184 20023 36 240 14 2043 104 4 195 56 116 158 124 56 21 30 6 2 0 38 0 22 0 23 85 21 25 22 24 22 22 27 21 22 37 0 102 0 0 0 76 1967 108 1714 0 21 0 13 0 0 0 15 21 20 21 19 20 0 5 62 0 0 32 0 0 20 0 0 0 0 0 0 0 3 4 0 14 0 0 0 0 0 1 1 0 0 0 0 0 0 0 3 0 0 0 0 0 0 0 0 0 0 0 0 0 0 0 0 0 0 0 16 12 0 0 0 18 17 0 0 12 0 63 0 0 0 0 13 0 0 14 0 0 0 0
0 0 0 0 0 0 26 0 17 0 0 49 25 15 9 34 0 31 31 31 29 36 30 31 9 0 5 106 30 0 24 1028 0 0 103 28 977 1028 28 25 5 25 14 57 60 29508 330 65 38 157 85 54 153 83 0 31 32 114 5 11 18 0 18 0 13 42 13 18 29 16 21 14 22 35 30 24 0 18 2447 0 0 318 180 361 104 0 31 30 173 18 31 0 21 28 31 30 32 33 0 0 30 0 11 30 2 0 17 0 0 0 0 0 0 0 155 0 2 946 0 0 0 13 4 0 31 1009 0 0 0 5 0 0 6 0 0 0 0 0 0 0 0 0 0 0 0 0 0 0 0 0 0 3 27 19 0 0 13408 29 28 101 0 26 0 0 0 0 0 0 21 0 13407 21 36 12 0 0
0 0 0 0 0 0 0 0 0 0 0 0 0 0 1 0 0 0 0 0 0 3 0 5 14 0 1 156 0 0 0 0 0 0 0 0 0 0 0 0 0 0 0 0 6 0 0 0 0 0 677 24 0 0 0 0 0 0 0 0 74 31 28 0 30 30 0 32 29 31 0 29 34 29 29 0 0 11 0 0 1469 1070 0 173 365 0 0 0 0 0 0 0 0 0 0 0 0 0 0 0 0 0 0 9 0 0 0 0 0 0 0 0 0 0 0 0 0 3 0 0 0 0 0 0 0 0 0 0 0 0 0 0 0 0 0 0 0 0 0 0 0 0 0 0 0 590 0 0 0 0 0 0 0 0 0 0 0 0 0 0 0 0 0 0 0 0 0 0 0 0 0 0 0 0 0 0
0 0 10 0 22 1 39 0 5076 156 792 145 2968 55 1570 484 1 37 37 38 47 64 37 40 25 0 15 110 3 0 0 199 2 30 0 1 165 198 13 16 37 6 0 44 24 18 716 334 6 3940 113 184 250 6 0 0 0 29 3 0 48 21 24 0 25 106 22 28 28 27 26 23 30 28 28 48 0 96 127 0 33 126 235 113 211 0 0 0 38 0 0 0 7 0 0 21 0 0 0 2 45 0 3 17 0 0 0 0 0 0 0 0 0 0 71 3 0 88 0 0 0 2 0 194 5 170 0 0 0 59 0 0 131 0 0 0 0 0 0 0 0 0 0 0 0 205 0 0 0 0 0 0 0 0 0 0 0 0 0 0 0 0 0 1 0 0 0 0 0 0 0 0 0 5 14 0
0 0 66 0 0 0 69 0 0 0 68 2194 1592 3248 217 234 0 30 25 27 25 19 28 24 1 0 1 126 0 28 24 0 0 0 0 0 0 0 38752 0 664 0 0 523 596 559 35 0 301 632 63 17 209 73 2 134 33 524 5 2 5 55 13 0 21 19 19 15 26 19 24 74 16 44 27 6 0 21 249 310 605 4079 228 1110 74 0 30 3 93 22 41 0 32 34 32 36 34 1 0 0 0 0 3 154 20 0 43 0 0 0 0 0 0 177 729 0 0 679 0 0 0 31 1 21 160 0 0 0 0 989 0 0 0 0 0 0 0 19 0 0 0 0 0 0 0 290 0 0 0 0 0 0 27 18 0 0 0 30 28 0 27 25 0 0 0 0 0 0 20 0 0 21 28 0 0 1
0 0 0 0 5 4 37 0 21 0 0 375 693 0 2 261 644 80 79 80 74 526 78 92 14 72 12 113 0 95 59 0 312 0 0 60 0 0 17 60551 484 5 0 237 501 0 1183 0 248 686 356 127 568 408 270 248 127 416 4 16 23 40 15 15 15 201 13 21 19 20 19 44 48 31 20 50 0 360 466 813 199 2985 1079 4503 322 28 97 1 256 73 86 8 254 76 81 73 96 79 0 0 40 0 14 146 26 29 13548 0 0 0 0 0 0 257 2383 3 1 8884 0 0 0 186 10 3 616 0 12 0 0 2191 29 36 534 0 0 80 0 315 0 0 0 0 0 0 0 281 0 0 0 0 0 0 75 51 0 0 0 79 76 0 93 85 0 309 0 0 0 0 54 0 0 55 52 52 8 1
0 0 0 0 0 3 264 0 0 28 0 260 560 32 0 23 34 35 31 34 30 23 32 32 2 1 1 109 0 0 0 1235 0 0 0 0 1230 1232 1 3 5 2 0 0 0 16 0 0 0 14 0 7 0 0 1 0 0 113 4 0 18 0 9 0 3 61 0 11 23 7 13 2 16 29 24 20 0 60 134 503 67 165 157 62 129 0 0 0 94 74 0 0 0 0 0 0 0 0 0 0 0 0 0 4 0 0 2 0 0 0 0 0 0 0 107 0 0 278 0 0 0 3 0 0 9 1116 3 0 0 0 0 0 241 0 0 0 0 93 0 0 0 0 0 0 0 0 0 3 0 15 0 0 0 0 0 0 0 0 0 0 0 0 0 0 0 0 0 0 0 0 0 0 26 0 0 1
0 0 0 0 0 0 0 0 0 0 0 0 8 0 0 23 0 50 51 51 45 34 48 49 1 0 0 129 0 64 42 0 0 377 0 0 0 0 0 1 0 493 0 0 9 0 0 0 0 8 4 7 59 0 1 0 0 38 0 0 4 1 1 0 1 13 0 2 3 2 2 1 2 1 3 5 0 12 40 122 310 258 39 39 31 0 34 0 5 0 36 0 37 0 58 0 67 0 0 0 0 0 0 0 0 0 0 0 0 0 0 0 0 0 165 0 0 4 0 0 0 0 0 0 0 0 6 0 0 0 0 0 0 0 0 0 0 53 0 0 0 0 0 0 0 13 0 0 0 0 0 0 53 34 0 0 0 56 54 0 63 57 0 0 0 0 0 0 37 0 0 38 0 0 0 377
0 0 0 0 0 0 16 0 0 0 0 0 0 0 1314 3 0 11 15 15 14 22 14 15 1 0 0 103 22 7 8 0 0 0 0 0 0 0 0 0 0 0 0 30 0 0 0 0 0 2 0 0 79 35 0 0 0 1 0 0 6 0 0 0 0 5 0 0 0 0 0 0 1 0 0 0 0 0 10 0 0 1 3 4 9 0 0 18 2 0 15 0 13 0 10 0 15 0 0 0 0 0 0 0 0 0 0 0 0 0 0 0 0 0 1 0 0 5 0 0 0 0 0 165 0 0 0 0 0 0 0 0 0 0 0 0 0 0 0 0 0 0 0 0 0 0 0 0 0 0 0 0 15 10 0 0 0 17 15 0 10 10 0 0 0 0 0 0 12 0 0 13 0 0 0 0
0 0 0 0 0 0 399 0 0 2 0 54 4 0 3 69 155 52 52 52 49 59 51 52 11 0 7 106 0 51 36 0 181 3 0 39 0 0 29 6 27 16 0 33221 61 0 0 0 0 195 192 93 1067 90 157 37 32 153 2 0 3067 3 5 0 7 39 0 6 10 7 8 7 7 15 10 16 0 44 69 497 0 238 192 414 116 0 14 0 90 9 0 0 32 38 49 45 54 49 0 0 25 0 12 31 0 0 58 0 0 0 0 0 0 0 164 0 4 593 0 0 0 6 1 0 2 0 0 0 0 0 0 0 762 0 0 0 0 121 0 0 0 0 0 0 0 357 0 0 0 0 0 0 44 29 0 0 0 47 45 0 50 47 0 179 0 0 0 0 32 0 0 32 46 15 0 2
0 0 0 0 0 0 0 0 0 0 0 0 0 0 0 1 0 11 12 12 10 17 11 12 1 0 0 106 0 0 8 0 0 0 0 0 0 0 0 0 0 0 0 0 2 0 0 0 0 2 5 12 34 44 0 0 0 4 0 0 3 0 0 0 0 13 0 1 1 0 0 0 1 1 1 4 0 10 6 113 34 32 34 10 30 0 12 0 3 0 11 0 54 0 7 0 2 0 0 0 0 0 0 9 0 0 0 0 0 0 0 0 0 0 2 0 0 2 0 0 0 0 0 0 0 0 0 0 0 350 0 0 0 0 0 0 0 0 0 0 0 0 0 0 0 6 0 0 0 0 0 0 3 3 0 0 0 5 4 0 0 0 0 0 0 0 0 0 5 0 0 5 20 0 0 0
0 0 0 0 0 0 14 0 0 0 0 0 0 0 0 0 0 18 48 48 39 36 45 47 2 0 1 111 2 0 0 0 270 6 0 0 0 0 0 0 0 24 89 0 23 0 0 0 0 50 0 26 0 0 223 158 0 4 0 0 12 0 6 0 7 27 5 7 6 7 6 4 7 6 6 13 0 0 22 212 159 135 77 40 64 0 0 0 10 0 0 0 0 0 0 0 0 0 0 0 0 0 0 1 0 0 42 0 0 0 0 0 0 0 14 0 0 20 0 0 0 0 0 0 1 0 0 0 0 0 0 0 0 0 0 0 0 0 0 0 0 0 0 0 0 0 0 0 0 0 0 0 0 0 0 0 0 0 0 0 0 0 0 269 0 0 0 0 0 0 0 0 0 0 0 0
0 0 0 0 10 11 70 0 41 0 0 2 9 0 1 28 0 17 17 17 17 27 17 20 2 0 0 110 0 0 18 863 74 0 0 23 863 863 8 1 3 0 0 0 16 23 0 0 26669 102 0 112 0 24 64 0 20 157 23 0 55 25 28 0 26 123 26 32 40 30 34 25 36 47 40 61 0 387 627 1225 128 227 345 206 273 0 24 0 192 7 1 0 62 23 16 24 21 22 0 3 0 0 4 12 0 0 0 0 0 0 0 0 0 6 68 5 3 372 0 0 0 23 1 17 17 847 0 0 0 359 0 0 952 0 0 0 0 0 0 0 0 0 0 0 0 0 0 0 0 0 0 0 16 11 0 0 31 19 17 0 0 11 0 71 0 0 0 0 13 0 30 14 6 22 0 0
0 0 0 0 0 0 763 0 0 0 0 0 0 0 0 0 0 0 13 15 28 51 19 16 6 0 3 0 38 0 0 0 0 0 0 0 0 0 2 2 2 8 47 3 12 2 3 1 2 5 11 25 0 0 0 49 0 1033 163 0 2 0 2 0 1 20 0 3 10 2 0 0 7 4 9 0 0 0 51 91 0 5 59 87 31 0 0 35 14 539 685 0 0 0 0 0 0 0 0 0 0 0 0 1815 0 0 475 0 32476 0 0 0 0 0 6 0 0 32 0 0 0 6 0 6 2 0 0 0 0 3 0 0 0 0 0 0 0 0 0 0 0 0 0 0 0 9 0 0 0 0 0 0 0 0 0 0 0 0 0 5 0 0 0 0 0 0 0 0 0 0 0 0 0 0 0 0
0 0 0 0 0 0 0 0 0 0 0 0 0 0 0 0 0 0 0 2 2 228 2 10 4 0 0 0 0 0 0 0 0 0 0 0 0 0 0 0 0 1 3 1 0 5 3 0 22 18 1 0 0 0 0 3 0 14437 20824 0 0 0 0 0 0 0 0 0 0 0 0 0 0 0 0 0 0 0 490 8 0 104 19 108 4 0 0 0 186 5 0 0 0 0 0 0 0 0 0 0 0 0 0 0 0 0 0 0 0 0 0 0 0 0 0 0 0 357 0 0 0 20427 1 20186 0 0 0 0 0 0 0 0 0 0 0 0 0 0 0 0 0 0 0 0 0 0 0 0 0 0 0 0 0 0 0 0 0 0 0 0 0 0 0 0 0 0 0 0 0 0 0 0 0 0 0 0
0 0 0 0 0 0 0 0 0 0 0 0 0 0 0 0 0 0 0 0 0 0 0 0 0 0 0 0 0 0 0 0 0 0 0 0 0 0 0 0 0 0 0 0 0 0 0 0 0 0 0 0 0 0 0 0 0 0 0 0 0 0 0 0 0 0 0 0 0 0 0 0 0 0 0 0 0 0 0 0 0 0 0 0 0 0 0 0 0 0 0 0 0 0 0 0 0 0 0 0 0 0 0 0 0 0 0 0 0 0 0 0 0 0 0 0 0 0 0 0 0 0 0 0 0 0 0 0 0 0 0 0 0 0 0 0 0 0 0 0 0 0 0 0 0 0 0 0 0 0 0 0 0 0 0 0 0 0 0 0 0 0 0 0 0 0 0 0 0 0 0 0 0 0 0 0
0 0 0 0 0 0 31 0 0 0 0 0 0 0 0 0 0 0 0 0 0 4 1 0 1 0 0 0 0 0 0 0 572 0 0 0 0 0 0 0 0 10 29 0 1 0 2 0 0 10 0 10 0 0 452 0 0 185 270 0 0 0 0 0 0 3 0 0 1 0 0 0 1 0 1 0 0 0 17 2 0 5 8 5 6 0 0 0 8 12 0 0 0 0 0 0 0 206 0 0 0 0 0 0 0 0 0 0 0 0 0 0 0 0 11 0 0 36 0 0 0 265 0 261 2 0 0 0 0 1 0 0 0 0 0 0 0 0 0 0 0 0 0 0 0 0 0 0 0 0 0 0 0 0 0 0 0 0 0 0 0 0 0 576 0 0 0 0 0 0 0 0 0 0 0 0
0 0 0 0 0 0 0 0 0 0 0 0 0 0 0 0 0 0 0 0 0 0 0 0 0 0 0 0 0 0 0 0 0 0 0 0 0 0 0 0 0 0 0 0 0 0 0 0 0 0 0 0 0 0 0 0 0 0 3 0 0 0 0 0 0 0 0 0 0 0 0 0 0 0 0 0 0 0 0 0 0 0 0 0 0 0 0 0 0 0 0 0 0 0 0 0 0 0 0 0 0 0 0 0 0 0 0 0 0 0 0 0 0 0 0 0 0 0 0 0 0 0 0 0 0 0 0 0 0 0 0 0 0 0 0 0 0 0 0 0 0 0 0 0 0 0 0 0 0 0 0 0 0 0 0 0 0 0 0 0 0 0 0 0 0 0 0 0 0 0 0 0 0 0 0 0
0 0 0 0 0 0 0 0 0 0 0 0 0 0 0 0 0 0 0 0 0 0 0 0 0 0 0 0 0 0 0 0 0 0 0 0 0 0 0 0 0 0 0 0 0 0 0 0 0 0 0 0 0 0 0 0 0 0 0 0 0 0 0 0 0 0 0 0 0 0 0 0 0 0 0 0 0 0 0 0 0 0 0 0 0 0 0 0 0 0 0 0 0 0 0 0 0 0 0 0 0 0 0 0 0 0 0 0 0 0 0 0 0 0 0 0 0 0 0 0 0 0 0 0 0 0 0 0 0 0 0 0 0 0 0 0 0 0 0 0 0 0 0 0 0 0 0 0 0 0 0 0 0 0 0 0 0 0 0 0 0 0 0 0 0 0 0 0 0 0 0 0 0 0 0 0
0 0 0 0 0 0 0 0 0 0 0 0 0 0 0 0 0 0 0 0 0 0 0 0 0 0 0 0 0 0 0 0 0 0 0 0 0 0 0 0 0 0 0 0 0 0 0 0 0 0 0 0 0 0 0 0 0 0 0 0 0 0 0 0 0 0 0 0 0 0 0 0 0 0 0 0 0 0 0 0 0 0 0 0 0 0 0 0 0 0 0 0 0 0 0 0 0 0 0 0 0 0 0 0 0 0 0 0 0 0 0 0 0 0 0 0 0 0 0 0 0 0 0 0 0 0 0 0 0 0 0 0 0 0 0 0 0 0 0 0 0 0 0 0 0 0 0 0 0 0 0 0 0 0 0 0 0 0 0 0 0 0 0 0 0 0 0 0 0 0 0 0 0 0 0 0
0 0 0 0 0 0 0 0 0 0 0 0 0 0 0 0 0 0 0 0 0 0 0 132 0 0 66 54 0 4 0 0 0 0 0 0 0 0 0 0 0 0 23 0 0 0 0 0 0 0 0 0 0 0 0 209 0 0 1418 19216 15293 19285 18978 18933 19092 10077 19122 18709 17728 18805 18836 19159 17982 18095 17757 17366 0 193 0 25 0 2 1023 3 2239 0 0 0 0 0 0 0 0 0 0 0 0 0 0 0 19 0 0 0 0 0 15 0 0 0 0 0 0 0 0 39 0 1 0 0 0 0 0 0 0 0 0 0 0 0 0 0 0 0 0 5 0 0 0 0 0 0 0 0 0 0 0 0 0 0 0 0 0 0 0 0 0 0 0 0 4 0 0 0 0 0 0 0 0 0 0 0 0 0 0 0
0 0 0 0 16 9 2 0 16 0 0 1 6 7 0 14 1 11 14 14 20 66 16 17 109 0 1148 29048 440 2007 8 491 89 1 0 32 479 453 71 4 5 85 46 28 31 28 28 10 20 32 1 8 15 18 68 0 0 1698 2361 5 68 47 51 0 49 109 0 64 57 59 55 48 96 58 57 118 0 0 1823 1366 0 258 317 124 232 0 217 434 70 66 0 0 8 38 19 14 17 75 0 13 0 0 0 621 0 0 565 0 0 49696 0 0 0 0 17 1 0 157 0 0 47992 2389 104 2285 393 465 1901 0 0 2 0 0 0 0 0 1696 0 0 0 0 0 0 0 0 0 10 0 0 13 12 0 0 14 2 0 0 13 17 15 0 2006 12 0 87 0 0 0 0 4 0 12 5 45 0 0 0
0 0 0 0 0 0 0 0 0 0 0 0 0 0 0 0 0 0 0 0 0 0 0 0 0 0 0 0 0 0 0 0 0 0 0 0 0 0 0 0 0 0 0 0 0 0 0 0 0 0 0 0 0 0 0 0 0 0 0 0 0 0 0 0 0 0 0 0 0 0 0 0 0 0 0 0 0 0 0 0 0 0 0 0 0 0 0 0 0 0 0 0 0 0 0 0 0 0 0 0 0 0 0 0 0 0 0 0 0 0 0 0 0 0 0 0 0 0 0 0 0 0 0 0 0 0 0 0 0 0 0 0 0 0 0 0 0 0 0 0 0 0 0 0 0 0 0 0 0 0 0 0 0 0 0 0 0 0 0 0 0 0 0 0 0 0 0 0 0 0 0 0 0 0 0 0
0 0 0 0 0 0 0 0 0 0 0 0 0 0 0 0 0 0 6 7 6 4 6 8 0 0 0 0 0 0 0 0 0 0 0 0 0 0 0 0 0 0 0 0 0 0 0 0 0 0 0 0 0 0 0 0 0 0 0 154 853 178 172 159 177 92 119 173 164 20 151 0 172 167 164 90 0 0 0 0 0 0 0 0 21 0 0 0 0 0 0 0 0 0 0 0 0 0 0 0 0 0 0 0 0 0 0 0 0 0 0 0 0 0 0 0 0 0 0 0 0 0 0 0 0 0 0 0 0 0 0 0 0 0 0 0 0 0 0 0 0 0 0 0 0 0 0 0 0 0 0 0 0 0 0 0 0 0 0 0 0 0 0 0 0 0 0 0 0 0 0 0 0 0 0 0
0 0 0 0 0 0 0 0 0 0 0 0 0 0 0 0 0 0 0 0 0 0 0 0 0 0 0 0 0 0 0 0 0 0 0 0 0 0 0 0 0 0 0 0 0 0 0 0 0 0 0 0 0 0 0 0 0 0 0 0 0 0 0 0 0 0 0 0 0 0 0 0 0 0 0 0 787 0 0 0 0 0 0 0 0 0 0 0 0 0 0 0 0 0 0 0 0 0 0 0 0 0 0 0 0 0 0 0 0 0 0 0 0 0 0 0 0 0 0 0 0 0 0 0 0 0 0 0 0 0 0 0 0 0 0 0 0 0 0 0 0 0 0 0 0 0 0 0 0 0 0 0 0 0 0 0 0 0 0 0 0 0 0 0 0 0 0 0 0 0 0 0 0 0 0 0
0 0 0 0 0 0 11 0 0 0 0 0 0 0 0 0 0 12 12 12 10 8 11 12 0 0 0 106 0 0 0 0 0 0 0 0 0 0 0 0 0 16 47 0 2 0 6 3 0 2 0 16 9 0 0 0 0 1 0 0 7 3 3 0 3 14 3 3 3 3 3 3 4 3 3 7 0 5 5 135 52 0 40 9 34 0 0 0 0 0 2 0 0 0 0 0 0 1 0 0 0 0 0 0 0 0 0 0 0 0 0 0 0 0 0 0 0 0 0 0 0 0 0 0 0 0 0 0 0 0 0 0 0 0 0 0 0 0 0 0 0 0 0 0 0 0 0 0 0 0 0 0 0 0 0 0 0 0 0 0 0 0 0 0 0 0 0 0 0 0 0 0 0 0 0 0
0 0 0 0 0 0 12 0 0 0 0 0 0 0 0 1 0 30 29 30 28 37 28 30 1 0 0 107 137 0 0 0 143 0 680 0 0 0 1 1 1 17 48 76 4 1 8 49 20 3 11 0 50 83 91 30 0 7 1 13 25 13 13 13 13 37 12 14 14 14 13 13 15 13 14 17 0 15 14 1 60 45 45 38 53 0 0 136 442 82 167 0 0 0 0 0 0 44 0 0 0 0 5 17 0 0 5 0 0 0 157 19 0 2 6 2 0 20 75 4 17 1 7 0 8 0 0 0 0 3 0 0 0 0 0 0 0 0 0 0 0 0 0 0 0 0 0 0 0 0 0 0 0 0 0 0 0 0 0 679 0 0 0 143 0 0 0 0 0 0 0 0 0 0 0 0
0 0 0 0 0 0 10 0 0 0 0 0 9 0 0 0 0 34 34 34 30 40 32 33 1 0 0 105 46 0 0 0 0 0 253 0 0 0 0 1 0 16 48 84 0 0 1 0 22 117 12 43 51 90 2 26 0 4 1 10 19 10 10 10 10 18 0 10 10 0 10 10 10 10 10 12 0 0 8 100 0 30 42 17 35 0 35 0 167 0 0 0 0 0 0 0 0 0 0 0 17 0 6 16 5 12 0 0 11 0 230 0 0 0 0 0 0 8 0 0 0 0 7 0 0 0 0 0 0 1 1 1 0 0 0 0 0 0 0 0 0 0 0 0 0 0 0 0 0 0 0 0 0 0 0 0 0 0 0 245 0 0 0 0 0 0 0 0 0 0 0 0 0 0 0 0
0 0 0 0 0 0 11 0 0 0 0 0 2 0 0 0 0 7 7 7 0 14 6 8 2 0 0 106 54 0 0 563 0 0 0 0 400 239 0 1 2 17 48 44 4 6 3 27 9 8 1 37 36 0 0 3 0 54 3 9 16 9 13 9 10 31 9 14 19 0 14 9 16 21 19 12 0 0 6 0 0 54 45 31 45 0 34 54 43 39 18 0 0 0 0 0 0 34 41 0 0 0 4 13 2 0 5 0 0 0 0 0 0 0 0 1 0 104 0 0 2 1 3 0 3 503 0 0 0 0 0 0 0 0 0 0 0 0 0 0 0 0 0 0 0 0 0 0 0 0 0 0 0 0 0 0 0 0 0 0 0 0 0 0 0 0 0 0 0 0 0 0 0 0 0 0
0 0 0 0 0 0 4 0 0 0 0 0 7 0 0 0 0 40 40 40 37 47 38 40 1 0 0 104 148 0 0 0 0 0 342 0 0 0 1 1 1 16 20 90 0 0 7 0 21 122 0 43 62 80 2 33 0 6 1 11 21 11 11 11 11 19 7 11 11 11 11 10 11 11 11 14 0 12 12 134 0 0 41 13 35 0 7 143 225 0 103 0 1 1 2 1 0 1 0 0 0 0 3 15 0 0 0 0 4 22 314 45 8 2 3 0 0 13 113 17 24 1 9 0 9 0 0 0 0 2 0 0 0 1 0 0 0 0 0 0 0 0 0 0 0 11 0 25 3 0 0 0 0 0 0 0 0 0 0 341 0 0 0 0 0 0 0 0 0 0 0 0 0 0 5 0
0 0 0 0 0 0 13 0 0 0 0 0 11 0 0 1 0 32 40 40 36 46 38 40 1 0 0 107 62 0 0 0 0 0 0 0 0 0 1 1 1 16 47 95 2 1 6 45 26 129 6 0 50 77 2 0 0 5 1 10 18 10 10 10 10 11 8 11 11 11 11 10 11 11 11 10 0 13 16 1 56 45 14 17 14 0 40 61 0 0 0 0 0 1 1 1 0 112 0 0 0 4 4 17 5 15 10 0 12 23 309 41 2 2 2 0 0 10 112 26 23 1 9 0 9 0 0 0 0 2 0 0 0 0 0 0 0 0 0 0 0 0 0 0 0 12 0 0 0 0 0 0 0 0 0 0 0 0 0 334 0 0 0 0 0 0 0 0 0 0 0 0 0 0 0 0
0 0 0 0 0 0 12 0 0 0 0 0 15 0 0 1 0 23 55 55 49 38 52 55 1 0 0 106 73 0 0 0 309 0 554 0 0 0 1 1 1 17 48 126 6 1 9 76 36 159 16 0 72 0 261 49 0 6 1 0 32 13 13 0 13 46 0 14 14 14 13 13 16 13 14 19 0 73 21 1 0 43 56 48 66 0 55 61 361 109 0 0 2 0 3 3 1 0 0 6 0 0 0 23 0 23 0 0 0 0 502 0 246 0 8 2 0 28 0 0 33 2 19 0 20 0 0 0 0 0 0 0 0 0 0 1 0 0 0 0 0 0 0 0 0 0 0 0 0 0 0 0 0 0 0 0 0 0 0 552 0 0 0 308 0 0 0 0 0 0 0 0 0 0 0 0
0 0 1 14 59 0 76 0 62 33 0 3 127 47 1 2 0 391 395 393 333 271 366 380 16 0 12 107 101 0 34 0 0 21 204 0 0 0 2 3 269 2 49 79 73 3 8 0 22 109 12 42 50 86 139 32 23 38 27 18 26 18 19 18 18 29 7 19 28 0 19 18 22 20 27 21 0 0 48 130 6 54 50 28 42 0 0 0 145 580 0 0 0 0 0 0 0 303 0 0 21 0 6 16 5 11 0 0 11 0 171 0 0 0 60 1 1 44 0 0 0 0 8 0 0 0 0 0 0 4 13 11 0 0 0 0 0 0 0 12 0 0 0 0 0 0 0 0 0 0 0 0 29 17 0 0 46 36 32 197 0 28 0 157 0 0 0 0 22 0 45 24 0 0 0 21
0 0 0 0 0 0 12 0 2 23 0 5 3 1 0 30 0 1 0 1 6 27 4 3 28 0 38 109 0 0 50 0 0 37 783 63 0 0 1 1 1 2 49 108 100 2 12 0 30 140 19 46 63 114 281 164 35 29 34 24 39 23 23 24 24 51 12 25 24 0 23 24 26 24 24 27 0 0 41 0 12 52 60 62 67 0 0 0 518 1 0 0 0 0 0 0 0 0 0 0 20 0 9 24 7 93 0 0 15 0 373 0 79 0 193 2 1 37 0 0 0 0 10 0 0 0 0 0 1 7 22 31 0 0 0 1 0 0 0 30 0 0 0 0 0 0 0 0 0 0 0 0 54 34 0 0 0 62 57 776 0 71 0 319 0 0 0 0 39 0 0 41 0 0 0 37
0 0 0 0 0 0 13 0 0 0 0 12 6 0 0 3 0 0 0 0 0 0 0 1 2 0 0 109 0 0 0 0 0 0 0 0 0 0 0 0 16 0 50 0 12 7 0 0 0 23 0 10 14 0 0 0 0 17 0 3 9 4 3 1 3 21 0 3 3 2 3 4 3 4 3 10 0 0 14 265 117 203 76 49 60 0 0 0 4 0 0 0 0 0 0 0 0 0 0 0 0 0 0 5 0 0 0 0 0 0 0 0 0 2 21 0 0 20 0 0 0 1 0 0 4 0 0 0 0 33 0 0 0 0 0 0 0 0 0 0 0 0 0 0 0 0 0 0 0 0 0 28 0 0 0 0 0 0 0 0 0 0 0 0 0 0 0 0 0 0 0 0 32 0 0 0
0 0 0 0 0 0 12 0 2 0 0 0 5 0 0 2 0 0 0 0 0 0 0 1 2 0 0 107 0 0 0 0 0 0 0 0 0 0 0 0 3 0 0 0 2 0 0 0 0 12 0 11 2 0 0 0 0 7 0 2 9 3 3 0 3 19 0 3 3 2 2 2 3 3 3 9 0 0 10 241 60 108 79 89 58 0 0 0 4 0 0 0 0 0 0 0 0 0 0 0 0 0 0 2 0 0 0 0 0 0 0 0 0 1 41 0 0 175 0 0 0 3 0 0 12 0 0 0 0 0 0 0 0 0 0 0 0 0 0 0 0 0 0 0 0 0 0 0 0 0 0 0 0 0 0 0 0 0 0 0 0 0 0 0 0 0 0 0 0 0 0 0 0 0 0 0
0 0 0 0 0 0 21 0 0 0 0 0 2 0 0 3 0 0 0 0 0 0 0 0 2 0 0 107 0 0 0 0 0 0 0 0 0 0 0 0 0 0 22 0 8 0 0 0 0 2 0 12 0 0 0 0 0 23 0 2 8 3 3 0 3 17 0 3 3 0 3 3 4 4 3 8 0 0 60 202 53 85 59 38 48 0 0 0 2 0 0 0 0 0 0 0 0 0 0 0 0 0 0 3 0 0 0 0 0 0 0 0 0 0 4 0 0 21 0 0 0 0 0 0 0 0 0 0 0 0 0 0 0 0 0 0 0 0 0 0 0 0 0 0 0 0 0 0 0 0 0 0 0 0 0 0 0 0 0 0 0 0 0 0 0 0 0 0 0 0 0 0 0 0 0 0
0 0 0 0 0 0 11 0 14 0 0 0 15 0 0 0 21 0 0 0 0 1 0 0 3 0 0 111 0 0 0 0 0 0 0 0 0 0 222 312 178 0 0 0 65 0 2508 0 63 106 0 616 0 0 0 0 0 749 0 0 8 2 22 0 14 24 0 25 38 0 27 0 25 3 39 0 0 0 428 171 154 148 82 216 56 0 0 0 42 0 0 0 0 0 0 0 0 0 0 0 0 0 0 20 0 0 0 0 0 0 0 0 0 0 0 0 0 3 0 0 0 0 0 0 0 0 0 0 0 0 0 0 0 0 0 0 0 0 0 0 0 0 0 0 0 14 0 0 0 0 0 0 0 0 0 0 0 0 0 0 0 0 0 0 0 0 0 0 0 0 0 0 0 0 0 0
3 0 0 0 0 0 82 37 672 185 544 38 120 419 3 0 22 0 0 1 0 2 1 2 0 0 0 110 8 0 0 0 0 0 0 0 0 0 0 32 0 646 0 13 374 0 299 0 838 0 0 0 0 0 0 0 0 63 0 0 51 13 12 0 14 54 0 15 16 0 7 0 16 13 16 0 0 0 63 380 63 125 326 0 323 0 0 0 0 0 0 0 0 0 0 0 0 0 0 0 0 0 0 0 0 0 0 0 0 0 0 0 0 0 0 0 0 44 0 0 30 0 0 0 0 0 0 0 0 0 0 0 59 0 0 0 0 0 0 0 0 0 0 0 0 42 0 0 0 0 0 0 0 0 0 0 0 0 0 0 0 0 0 0 3 0 3 4 0 3 0 0 0 0 0 0
0 0 0 0 0 0 25 0 0 0 219 29 0 0 0 0 98 0 0 0 0 1 1 1 2 0 0 107 1 0 0 0 0 0 0 0 0 0 26 12 18 44 0 0 129 0 0 34 277 10 0 24 51 0 0 0 0 20 0 6 126 8 8 4 8 21 0 8 8 0 8 6 8 8 8 11 0 0 36 174 13 69 68 42 68 0 0 0 7 0 0 0 0 0 0 0 0 0 0 0 0 0 0 0 0 0 0 0 0 0 0 0 0 0 5 0 0 33 0 0 0 0 0 0 0 0 0 0 0 0 0 0 0 0 0 0 0 0 0 0 0 0 0 0 0 0 0 0 0 0 0 0 0 0 0 0 0 0 0 0 0 0 0 0 0 0 0 0 0 0 0 0 0 0 0 0
0 0 0 0 0 0 0 0 0 0 1 0 0 0 0 0 0 0 0 0 0 0 0 1 0 0 0 96 0 0 0 6 0 0 0 0 0 0 0 0 0 0 0 0 0 0 0 0 126 9 0 13 0 0 0 0 0 9 0 0 8 3 3 0 3 19 0 4 4 0 2 0 4 3 4 6 0 0 7 219 174 156 58 0 61 0 0 0 1 0 0 0 0 0 0 0 0 0 0 0 0 0 0 0 0 0 0 0 0 0 0 0 0 0 0 0 0 7 0 0 0 0 0 0 0 0 0 0 0 0 0 0 0 0 0 0 0 0 0 0 0 0 0 0 0 0 0 0 0 0 0 0 0 0 0 0 0 0 0 0 0 0 0 0 0 0 0 0 0 0 0 0 0 0 0 0
0 0 0 0 0 0 13 0 0 11 0 14 7 94 0 0 0 0 0 0 0 0 0 1 3 0 0 107 0 0 0 0 0 3 0 0 0 0 0 20 5 250 35 50 84 0 0 267 45 20 0 12 0 0 0 0 0 23 0 5 19 6 6 4 6 24 0 6 6 2 6 5 6 6 6 13 0 0 107 294 65 68 84 37 68 0 0 0 5 0 0 0 0 0 0 0 0 0 0 0 0 0 0 1 0 0 0 0 0 0 0 0 0 0 6 0 0 34 0 0 0 0 0 0 0 0 0 0 0 0 0 0 0 0 0 0 0 0 0 0 0 0 0 0 0 0 0 0 0 0 0 0 0 0 0 0 0 0 0 0 0 0 0 0 0 0 0 0 0 0 0 0 0 0 0 0
0 0 0 0 0 0 74 0 0 0 2195 1094 975 546 932 45 344 0 0 1 0 4 3 3 9 0 2 107 1 0 0 0 0 0 0 0 0 0 762 336 1013 0 0 46 45 366 0 887 0 24 0 19 93 0 0 0 0 57 0 0 39 6 6 0 6 59 0 8 9 0 4 0 10 9 10 15 31 0 259 412 0 201 233 85 199 0 0 0 31 0 0 0 0 0 0 0 0 0 0 0 0 0 0 3 0 0 0 0 0 0 0 0 0 0 52 0 0 164 0 0 0 0 0 106 3 0 0 0 0 95 0 0 772 0 0 0 0 0 0 0 0 0 0 0 0 0 0 0 0 0 0 0 0 0 0 0 0 0 0 0 0 0 0 0 0 0 0 0 0 0 0 0 3 2 0 0
0 0 0 0 0 0 24 0 408 264 3 21 19 236 1 6 172 0 0 0 2 9 2 4 10 0 1 108 1 0 0 155 0 23 0 0 120 87 2 5 42 331 6 0 3 0 0 0 0 9 0 51 235 0 0 0 0 50 0 15 41 14 20 0 20 85 0 23 22 0 19 12 25 23 23 32 24 2 44 380 0 62 124 78 186 0 0 0 18 0 0 0 0 0 0 0 0 0 0 0 0 0 0 7 0 0 0 0 0 0 0 0 0 0 9 0 0 52 0 0 0 0 0 0 0 55 0 0 0 97 0 0 0 0 0 0 0 0 0 0 0 0 0 0 0 0 0 0 0 0 0 36 0 0 0 0 0 0 0 0 0 0 0 0 0 0 0 0 0 0 0 0 0 63 0 0
0 0 0 0 0 0 21 0 0 0 16 3 6 64 1 5 0 0 0 1 0 2 1 2 4 0 0 108 1 1 0 0 0 0 0 0 0 0 280 58 778 0 0 0 0 0 335 134 0 11 0 39 153 0 0 0 0 24 2 24 29 25 24 16 25 37 0 25 24 9 24 25 24 24 24 29 0 0 77 273 45 110 96 70 79 0 0 0 11 0 0 0 0 0 0 0 0 0 0 0 0 0 5 5 0 0 0 0 0 0 0 0 0 0 15 0 0 41 0 0 0 0 0 0 1 0 0 0 0 33 0 0 195 0 0 0 0 0 0 0 0 0 0 0 0 0 0 0 0 0 0 46 0 0 0 0 0 0 0 0 0 0 0 1 0 0 0 0 0 0 0 0 0 9 0 0
0 0 0 0 0 0 9 0 0 0 0 0 0 0 0 0 0 0 0 0 0 0 0 0 1 0 0 107 0 0 0 0 0 0 0 0 0 0 0 0 0 0 50 0 0 0 0 0 0 0 0 19 0 0 0 0 0 1 0 0 8 4 4 0 4 17 0 4 4 0 2 0 4 3 4 6 0 0 9 188 1 41 48 10 45 0 0 0 0 0 0 0 0 0 0 0 0 0 0 0 0 0 0 0 0 0 0 0 0 0 0 0 0 0 0 0 0 0 0 0 0 0 0 0 0 0 0 0 0 0 0 0 0 0 0 0 0 0 0 0 0 0 0 0 0 0 0 0 0 0 0 0 0 0 0 0 0 0 0 0 0 0 0 0 0 0 0 0 0 0 0 0 0 0 0 0
154 44 7 0 0 0 0 0 0 0 3 0 23 0 0 5 463 0 0 0 7 68 4 5 15 0 11 108 0 140 0 0 0 13 0 0 0 0 5 9 12 205 211 12 47 3 26 35 3 175 0 8447 1929 113 22 432 5 55 1 19 42 23 25 14 24 120 0 27 31 17 20 21 36 24 29 49 0 143 252 602 0 55 416 298 298 0 44 0 48 18 78 0 0 0 0 0 0 0 0 35 0 0 0 81 131 17 787 7 0 0 0 0 0 0 11 1 0 40 0 0 0 0 0 0 0 0 0 0 0 117 0 0 0 0 0 92 0 0 0 0 0 0 0 0 0 6452 0 0 0 40 0 92 0 0 1 37 0 0 0 3 140 0 35 4 17 17 22 32 0 31 0 0 190 46 287 0
0 0 0 0 0 0 0 0 0 0 0 0 9 0 0 0 0 0 3 4 0 6 4 4 5 0 7 107 19 0 0 0 0 0 1 0 0 0 0 0 0 0 5 0 0 0 0 0 0 0 0 0 0 0 0 0 0 4 0 0 9 4 3 0 4 19 0 4 5 0 0 0 5 4 5 0 0 0 0 137 0 37 50 0 48 0 0 0 0 0 0 0 0 0 0 0 0 0 0 14 13 0 0 0 0 0 0 0 0 0 0 0 0 0 0 0 0 6 0 0 0 0 0 0 0 0 0 0 0 0 0 0 0 0 0 0 0 0 0 0 0 0 0 0 0 69 0 0 0 0 0 0 0 0 0 0 0 0 0 0 0 0 0 0 0 0 0 0 0 0 0 0 0 0 0 0
0 14 0 0 0 0 42 0 0 0 55 0 0 0 0 1 32 20 39 39 35 46 41 44 39 0 5 117 70 0 0 0 0 0 0 0 0 0 0 0 37 31 841 0 33 6 0 0 0 58 0 160 0 0 0 0 22 38 0 52 79 61 61 47 62 146 14 65 62 25 57 45 68 60 62 71 0 45 121 0 332 268 247 211 262 53 0 57 18 0 0 0 0 0 0 0 0 9 0 21 0 0 0 136 251 0 21 0 0 0 0 0 0 0 10 0 0 28 0 0 0 0 8 0 0 0 0 0 0 162 0 0 0 0 0 0 0 0 0 0 0 0 0 0 0 59 0 0 0 59 0 0 0 0 0 0 0 0 0 0 0 0 0 0 0 0 0 0 0 0 0 0 14 70 308 0
0 0 4 0 0 0 14 0 0 0 11 33 0 0 0 83 0 59 60 69 69 837 74 96 7 0 8 109 198 9 0 0 407 0 0 4 0 0 16 17 6 35 103 31 19 13 31 22 30 43 0 49 5 0 256 177 8 30 3 20 30 21 25 0 23 64 5 26 28 12 27 21 29 25 28 32 0 0 98 334 0 92 138 144 98 0 0 140 197 11 0 0 0 0 0 0 0 0 0 14 0 0 0 22 0 0 1111 0 0 0 0 0 0 0 30 4 0 141 0 0 0 0 1 0 0 0 0 433 0 22 0 0 0 0 0 0 0 0 0 0 0 0 0 0 0 0 0 0 0 0 0 0 0 0 1 8 7 0 0 29 9 9 7 456 0 8 0 7 1 1 6 0 0 0 0 0
0 0 10 0 0 22 12 15 0 0 0 0 9 0 0 0 0 31 34 33 0 50 32 37 17 0 9 107 47 78 0 0 102 0 0 0 0 0 547 309 425 196 245 130 184 142 91 80 34 211 0 65 76 0 0 897 0 69 37 19 58 20 19 18 20 116 15 22 21 0 20 20 25 21 21 47 14 29 156 777 0 133 281 187 135 0 39 45 34 105 43 0 158 0 0 0 25 46 0 0 6 0 0 31 0 0 16 0 0 0 0 0 0 3 0 4 2 110 0 0 0 36 0 33 7 0 0 0 0 995 0 0 0 0 0 0 0 0 0 0 0 0 0 0 0 12 0 0 0 0 0 0 32 28 8 0 23 34 33 0 77 22 0 101 0 0 0 0 29 0 23 29 36 0 0 0
0 0 1 0 0 0 43 17 0 0 27 21 19 0 6 0 2 0 0 3 19 67 9 10 0 6 41 106 1005 29 0 0 0 0 9 0 0 0 245 247 770 1007 590 415 194 331 747 555 329 704 0 191 397 0 0 0 3452 125 6 42 116 62 65 57 65 151 51 59 70 26 68 63 72 67 70 84 13 107 1027 597 0 192 378 600 298 0 346 988 199 136 130 0 0 0 0 0 0 5 0 167 106 0 41 142 1 0 174 16 0 0 0 0 0 0 75 9 9 362 0 0 1 4 2 0 10 4 0 0 0 66 0 0 0 0 0 0 0 0 0 0 0 0 84 0 0 150 0 0 0 100 3 87 0 0 0 7 8 0 0 43 28 0 6 9 0 3 0 4 0 0 7 0 71 99 122 0
0 0 1 0 0 0 39 0 0 0 6 19 97 0 11 24 0 235 235 238 215 175 228 234 23 0 15 108 136 8 0 6 10 7 4 4 0 0 43 25 19 234 184 44 27 20 181 101 98 102 0 165 0 0 62 0 0 47 7 42 64 44 46 25 45 114 14 46 57 44 46 45 51 52 57 65 109 103 535 646 0 110 239 163 209 0 20 126 76 21 39 0 41 0 0 0 0 632 0 1038 0 0 0 54 3 0 0 0 0 0 4 0 0 0 33 4 5 157 0 0 28 0 2 0 4 0 0 0 0 536 0 0 0 0 0 0 0 0 0 0 0 0 604 0 0 61 0 674 0 366 334 154 0 0 0 0 0 0 0 2 7 0 0 9 0 0 0 0 0 0 0 0 593 26 331 0
0 0 0 0 0 0 528 0 0 0 0 0 0 0 0 0 0 0 0 0 0 5 3 0 1 0 0 0 1 0 0 0 0 0 0 0 0 0 0 0 0 0 0 0 0 0 0 0 0 0 0 0 0 0 0 0 0 0 0 0 0 0 0 0 0 2 0 0 1 0 0 0 0 1 1 0 0 0 9 0 0 3 0 4 0 0 0 0 0 0 0 372 0 0 0 0 0 43 0 0 0 0 0 0 0 0 0 0 0 0 0 0 0 0 0 0 0 2 0 0 0 0 0 0 0 0 0 0 0 0 0 0 0 0 0 0 0 0 0 0 0 0 0 0 0 0 0 0 0 0 0 0 60 0 0 0 0 62 62 0 0 0 0 0 0 0 0 0 0 0 0 0 0 0 0 0
0 0 0 0 0 0 9 0 0 0 0 0 0 0 0 0 0 0 0 1 0 0 1 2 0 0 0 93 0 0 0 0 0 0 0 0 0 0 0 0 0 16 47 1 4 0 5 5 0 2 0 14 2 0 0 0 0 1 0 0 15 0 7 0 7 33 0 0 6 0 5 0 8 7 6 0 0 0 3 305 22 13 83 10 73 0 0 0 0 0 0 0 0 0 0 0 0 0 0 0 0 0 0 0 0 0 0 0 0 0 0 0 0 0 0 0 0 0 0 0 0 0 0 0 0 0 0 0 0 0 0 0 0 0 0 0 0 0 0 0 0 0 0 0 0 0 0 0 0 0 0 0 0 0 0 0 0 0 0 0 0 0 0 0 0 0 0 0 0 0 0 0 0 0 0 0
14 27 39 0 30 0 1 69 0 0 15 1 35 12 1 26 166 7 7 7 12 11 9 11 0 0 43 0 0 47 0 0 0 0 0 21 0 0 0 0 0 15 26 0 32 0 2 0 0 2 0 9 0 0 0 0 0 3 27 0 376 316 458 382 463 260 350 0 431 0 435 188 437 439 431 298 91 0 7 152 0 12 64 0 94 0 0 0 1 0 0 0 0 9 0 0 0 1 0 11 0 0 0 0 0 0 23 19 0 0 0 0 0 0 2 0 0 6 0 0 0 0 0 0 0 0 0 0 0 0 0 0 0 0 0 0 0 17 0 0 0 0 0 0 0 5 0 0 0 40 0 0 0 0 30 16 0 0 0 0 46 0 15 0 16 14 9 15 0 12 0 0 0 7 26 0
0 0 0 0 0 0 0 0 0 0 0 0 0 0 0 0 0 0 1 1 0 1 1 1 0 0 0 0 0 0 0 0 0 0 0 0 0 0 0 0 0 0 0 0 0 0 0 0 0 0 0 0 0 0 0 0 0 0 0 0 0 0 0 0 0 0 0 0 0 0 0 0 0 0 0 0 0 0 0 0 0 0 0 0 0 0 0 0 0 0 0 0 0 0 0 0 0 0 0 0 0 0 0 0 0 0 0 0 0 0 0 0 0 0 0 0 0 1 0 0 0 0 0 0 0 0 0 0 0 0 0 0 0 0 0 0 0 0 0 0 0 0 0 0 0 0 0 0 0 0 0 0 0 0 0 0 0 0 0 0 0 0 0 0 0 0 0 0 0 0 0 0 0 0 0 0
0 99 19 0 2 0 0 0 0 0 5 0 3 0 0 1 0 0 0 0 0 1 0 1 0 0 0 0 0 0 0 0 0 0 0 0 0 0 0 0 0 0 0 0 0 0 0 0 0 0 0 0 0 0 0 0 0 0 4 0 120 0 147 68 150 79 36 0 139 0 126 0 141 142 140 9 0 0 0 0 0 0 3 0 18 0 0 0 25 0 0 0 0 0 19 0 7 0 0 0 0 0 0 0 0 87 0 0 0 0 0 0 0 0 120 0 0 0 0 0 0 0 0 0 16 0 0 0 0 0 0 0 0 0 0 0 0 12 38959 49 0 0 0 0 0 0 0 0 0 40 0 0 0 0 0 0 0 0 0 0 0 0 0 0 0 0 0 0 0 0 0 0 0 0 0 0
0 0 0 0 0 0 0 0 0 0 0 0 0 0 0 0 0 0 0 0 0 0 0 0 0 0 0 0 0 0 0 0 0 0 0 0 0 0 0 0 0 0 0 0 0 0 0 0 0 0 0 0 0 0 0 0 0 0 0 0 3 0 0 0 2 3 0 0 2 0 0 0 2 2 2 0 0 0 0 4 0 2 0 0 4 0 0 0 0 0 0 0 0 0 0 0 0 0 0 0 0 0 0 0 0 0 0 0 0 0 0 0 0 0 0 0 0 0 0 0 0 0 0 0 0 0 0 0 0 0 0 0 0 0 0 0 0 0 0 0 0 0 0 0 0 0 0 0 0 0 0 0 0 0 0 0 0 0 0 0 0 0 0 0 0 0 0 0 0 0 0 0 0 0 0 0
156 1141 345 64 563 419 37 274 225 0 91 166 168 231 3 178 259 18 17 18 30 54 25 19 0 5 55 0 199 311 0 0 0 0 0 81 0 0 0 0 0 46 26 0 10 0 15 0 0 11 0 9 0 64 0 0 0 18 1 0 71 0 81 0 82 68 0 0 83 0 61 0 82 88 83 0 97 12 45 170 0 21 62 0 59 0 0 169 14 5 0 0 0 69 0 4 35 34 0 37 6 0 0 175 0 0 385 1139 0 0 0 0 0 0 17 0 0 25 0 0 0 0 0 0 0 0 25 0 0 0 0 0 0 453 0 0 314 7040 0 0 0 0 0 0 0 27 0 0 0 32 0 0 0 0 339 1136 427 0 0 0 311 38 1134 0 1135 1133 1129 1135 0 1132 425 0 0 0 33 0
0 0 0 0 0 0 0 0 0 0 0 0 0 0 0 0 0 0 0 0 0 0 0 0 0 0 0 0 0 0 0 0 0 0 0 0 0 0 0 0 0 0 0 0 0 0 0 0 0 0 0 0 0 0 0 0 0 0 0 0 0 0 0 0 0 0 0 0 0 0 0 0 0 0 0 0 0 0 0 0 0 0 0 0 0 0 0 0 0 0 0 0 0 0 0 0 0 0 0 0 0 0 0 0 0 0 0 0 0 0 0 0 0 0 0 0 0 0 0 0 0 0 0 0 0 0 0 0 0 0 0 0 0 0 0 0 0 0 0 0 0 0 0 0 0 0 0 0 0 0 0 0 0 0 0 0 0 0 0 0 0 0 0 0 0 0 0 0 0 0 0 0 0 0 0 0
0 0 0 0 0 0 0 0 0 0 0 0 0 0 0 0 0 0 0 0 0 0 0 1 0 0 0 0 0 0 0 0 0 0 0 0 0 0 0 0 0 0 0 0 0 0 0 0 0 0 0 0 0 0 0 0 0 0 0 0 7 0 0 0 0 0 0 0 0 0 0 0 1 0 0 0 0 0 0 0 0 42 0 0 48 0 0 0 0 0 0 0 0 0 0 0 0 0 0 0 0 0 0 0 0 0 0 0 0 0 0 0 0 0 0 0 0 0 0 0 0 0 0 0 0 0 0 0 0 0 0 0 0 0 0 0 0 0 0 0 0 0 0 0 0 0 0 0 0 0 0 0 0 0 0 0 0 0 0 0 0 0 0 0 0 0 0 0 0 0 0 0 0 0 0 0
0 0 0 0 0 0 13 0 0 0 2 2 19 0 1 0 0 52 52 52 57 76 52 54 0 7 56 0 1207 0 0 2 0 0 0 8 0 0 2 1 1 16 341 1 8 0 59 11 12 4 72 72 0 0 0 0 0 1429 2038 0 107 0 112 34 115 112 0 0 111 0 92 0 112 112 111 0 341 40 85 351 0 85 155 8 146 0 164 1167 27 0 0 272 0 0 8 35 0 237 0 35 58 0 0 70 0 0 192 0 0 0 0 0 0 0 10 0 3 70 0 0 9 2002 143 1970 136 13 0 0 0 0 0 0 7 0 0 0 0 0 0 0 0 0 0 0 0 87 0 0 0 141 0 80 16 0 0 0 0 18 13 0 0 0 0 0 0 0 0 0 0 0 0 0 0 1 53 0
0 0 0 0 0 0 0 0 0 0 0 0 0 0 0 0 0 0 0 0 0 0 0 5 0 0 0 0 0 0 0 0 0 0 0 0 0 0 0 0 0 0 0 0 0 0 0 0 0 0 0 0 0 0 0 0 0 0 48 301 599 609 741 666 748 394 639 0 695 0 717 482 705 709 696 556 0 0 0 0 0 0 29 0 88 0 0 0 0 0 0 0 0 0 0 0 0 0 0 0 0 0 0 0 0 0 0 0 0 0 0 0 0 0 0 0 0 0 0 0 0 0 0 0 0 0 0 0 0 0 0 0 0 0 0 0 0 0 0 0 0 0 0 0 0 0 0 0 0 0 0 0 0 0 0 0 0 0 0 0 0 0 0 0 0 0 0 0 0 0 0 0 0 0 0 0
0 0 0 0 0 0 0 0 0 0 0 0 0 0 0 0 0 0 0 0 0 0 0 0 0 0 0 0 0 0 0 0 0 0 0 0 0 0 0 0 0 0 0 0 0 0 0 0 0 0 0 0 0 0 0 0 0 0 0 0 0 0 0 0 0 0 0 0 0 0 0 0 0 0 0 0 0 0 0 0 0 0 0 0 0 0 0 0 0 0 0 0 0 0 0 0 0 0 0 0 0 0 0 0 0 0 0 0 0 0 0 0 0 0 0 0 0 0 0 0 0 0 0 0 0 0 0 0 0 0 0 0 0 0 0 0 0 0 0 0 0 0 0 0 0 0 0 0 0 0 0 0 0 0 0 0 0 0 0 0 0 0 0 0 0 0 0 0 0 0 0 0 0 0 0 0
0 0 0 0 0 0 0 0 0 0 0 0 5 0 0 0 0 0 0 0 0 4 0 104 0 0 1 0 0 0 0 268 18 0 0 0 259 253 0 0 17 38 111 162 198 0 7 993 0 48 0 20 0 0 9 0 0 29 127 1382 1948 1662 1779 1749 1812 2830 1693 1097 1668 0 1747 1528 1840 1704 1670 1859 0 3455 50 0 926 717 2517 1748 3195 0 0 0 20 0 0 0 0 0 0 0 0 0 0 0 2 0 0 142 0 0 54 0 0 0 0 0 0 0 4 102 0 52 0 0 456 912 9561 15 9007 440 0 0 0 0 0 0 0 0 0 0 0 0 0 0 0 0 0 0 0 4 0 0 0 0 0 0 0 0 0 0 0 0 0 0 0 0 0 25 0 0 0 0 0 0 0 0 0 0 0 0
0 0 0 0 0 0 248 0 0 0 0 0 3 0 0 0 0 8 10 10 8 6 9 10 0 0 0 0 0 0 0 0 0 0 0 0 0 0 0 0 0 0 0 0 0 0 0 0 0 0 0 2 0 0 0 0 0 1 0 0 20 0 19 0 22 20 0 0 20 0 0 0 21 21 20 0 0 0 2 60 0 86 19 0 23 0 0 0 0 0 0 0 0 0 0 0 0 0 0 0 0 0 0 0 0 0 0 0 0 0 0 0 0 0 0 0 0 0 0 0 0 0 0 0 0 0 0 0 0 0 0 0 0 0 0 0 0 0 0 0 0 0 0 0 0 0 0 0 0 0 0 0 0 0 0 0 0 0 0 0 0 0 0 0 0 0 0 0 0 0 0 0 0 0 0 0
0 0 0 0 0 0 0 0 0 0 0 0 130 0 0 0 0 520 525 523 442 333 485 507 0 0 0 445 1 0 0 0 0 0 0 0 0 0 0 0 0 35 91 0 2 0 8 0 0 1 0 27 0 0 0 0 0 11 23 0 229 126 270 191 274 173 160 0 256 0 249 0 261 261 257 132 0 4 21 286 0 32 95 0 106 0 0 0 2 0 0 0 0 0 0 0 0 0 0 5 1 0 0 0 0 0 0 0 0 0 0 0 0 7 6 0 0 8 0 0 57 5 36 6 34 0 0 0 0 0 0 0 0 0 0 0 54 502 0 0 0 0 0 0 0 0 0 0 0 4 0 0 0 0 0 0 0 0 0 0 0 0 0 0 0 0 0 0 0 0 0 0 0 0 0 0
0 0 0 0 0 0 0 0 0 0 0 0 0 0 0 0 0 0 0 0 0 0 0 0 0 0 0 0 0 0 0 0 0 0 0 0 0 0 0 0 0 0 0 0 0 0 0 0 0 0 0 0 0 0 0 0 0 0 0 0 0 0 0 0 0 0 0 0 0 0 0 0 0 0 0 0 0 0 0 0 0 0 0 0 0 0 0 0 0 0 0 0 0 0 0 0 0 0 0 0 0 0 0 0 0 0 0 0 0 0 0 0 0 0 0 0 0 0 0 0 0 0 0 0 0 0 0 0 0 0 0 0 0 0 0 0 0 0 0 0 0 0 0 0 0 0 0 0 0 0 0 0 0 0 0 0 0 0 0 0 0 0 0 0 0 0 0 0 0 0 0 0 0 0 0 0
0 0 0 0 0 0 0 0 0 0 0 0 0 0 0 0 0 0 0 0 0 0 0 0 0 0 0 0 0 0 0 0 0 0 0 0 0 0 0 0 0 0 0 0 0 0 0 0 0 0 0 0 0 0 0 0 0 0 0 0 0 0 0 0 0 0 0 0 0 0 0 0 0 0 0 0 0 0 0 0 0 0 0 0 0 0 0 0 0 0 0 0 0 0 0 0 0 0 0 0 0 0 0 0 0 0 0 0 0 0 0 0 0 0 0 0 0 0 0 0 0 0 0 0 0 0 0 0 0 0 0 0 0 0 0 0 0 0 0 0 0 0 0 0 0 0 0 0 0 0 0 0 0 0 0 0 0 0 0 0 0 0 0 0 0 0 0 0 0 0 0 0 0 0 0 0
0 0 0 0 0 0 0 0 0 0 0 0 0 0 0 0 0 0 0 0 0 0 0 0 0 0 0 0 0 0 0 0 0 0 0 0 0 0 0 0 0 0 0 0 0 0 0 0 0 0 0 0 0 0 0 0 0 0 0 0 0 0 0 0 0 0 0 0 0 0 0 0 0 0 0 0 0 0 0 0 0 0 0 0 0 0 0 0 0 0 0 0 0 0 0 0 0 0 0 0 0 0 0 0 0 0 0 0 0 0 0 0 0 0 0 0 0 0 0 0 0 0 0 0 0 0 0 0 0 0 0 0 0 0 0 0 0 0 0 0 0 0 0 0 0 0 0 0 0 0 0 0 0 0 0 0 0 0 0 0 0 0 0 0 0 0 0 0 0 0 0 0 0 0 0 0
0 0 0 0 0 0 1832 0 0 0 0 0 2 0 0 0 0 2 8 8 6 22 7 10 0 0 1 0 0 0 0 0 0 0 0 0 0 0 0 0 0 1 6 0 0 0 0 0 0 0 0 0 0 0 0 0 0 910 1303 0 111 0 123 46 127 91 9 0 118 0 102 0 121 120 118 0 0 0 0 79 0 77 54 0 87 0 0 0 5 0 0 0 0 0 0 0 0 0 0 0 0 0 0 39 0 0 45 0 0 0 0 0 0 0 0 0 0 23 0 0 0 1274 0 1265 0 0 0 0 0 0 0 0 0 0 0 0 0 0 0 0 0 0 0 0 0 0 0 0 0 0 0 0 0 0 0 0 0 0 0 0 0 0 0 0 0 0 0 0 0 0 0 0 0 0 0 0
0 0 0 0 0 0 0 0 0 0 0 0 0 0 0 0 0 0 0 0 0 0 0 0 0 0 0 0 0 0 0 0 0 0 0 0 0 0 0 0 0 0 0 0 0 0 0 0 0 0 0 0 0 0 0 0 0 0 0 0 0 0 0 0 0 0 0 0 0 0 0 0 0 0 0 0 0 0 0 0 0 0 0 0 0 0 0 0 0 0 0 0 0 0 0 0 0 0 0 0 0 0 0 0 0 0 0 0 0 0 0 0 0 0 0 0 0 0 0 0 0 0 0 0 0 0 0 0 0 0 0 0 0 0 0 0 0 0 0 0 0 0 0 0 0 0 0 0 0 0 0 0 0 0 0 0 0 0 0 0 0 0 0 0 0 0 0 0 0 0 0 0 0 0 0 0
0 0 0 0 0 0 0 0 0 0 0 0 7 0 0 30 0 20 59 59 52 73 56 63 0 2 22 105 63 0 0 2204 64 0 0 0 2200 2139 621 350 495 759 207 157 167 169 137 0 27 239 0 52 0 116 0 0 0 304 28 2 70 20 37 0 26 141 0 33 65 0 36 0 53 73 66 28 99 0 71 842 0 241 100 167 314 0 0 0 165 115 0 0 0 0 0 0 0 0 0 0 0 0 0 25 0 0 0 0 0 0 0 0 0 0 57 0 0 485 44 0 0 16 0 9 0 2115 0 0 0 625 0 0 0 0 0 0 0 0 0 0 0 0 0 0 0 30 0 0 0 0 0 0 22 18 0 0 0 18 8 0 0 18 0 97 0 0 0 0 15 0 0 14 0 0 0 0
158 0 0 0 186 0 143 0 0 0 0 0 0 0 0 0 0 0 0 0 0 1 1 3 9 0 2 67 0 0 0 0 0 0 0 0 0 0 0 0 0 0 0 0 0 0 0 0 0 0 0 10 0 0 0 0 0 0 0 0 52 5 5 0 6 124 0 6 5 0 0 0 6 5 5 20 0 0 0 2011 0 29 366 0 325 0 0 0 0 0 0 0 0 0 0 0 0 0 0 0 0 0 0 0 0 0 0 119 0 0 0 0 0 0 0 0 0 2 0 0 0 0 0 0 0 0 0 0 0 0 0 0 0 0 0 0 255 0 0 0 0 0 0 0 0 0 0 0 0 0 0 0 0 0 115 121 4 0 0 0 0 0 120 0 121 120 112 121 0 119 4 0 0 0 0 0
0 2290 2791 7296 2814 49 1777 232 0 0 0 0 21 0 0 0 0 0 0 7 0 23 8 14 0 0 31 169 0 0 0 0 0 0 0 0 0 33 0 0 0 0 0 0 0 0 0 0 0 0 0 0 50 0 0 0 0 4 0 0 170 8 0 0 12 204 0 9 11 1 0 0 13 11 11 0 0 0 0 0 0 59 1363 0 1198 0 0 0 0 0 0 0 0 0 0 0 0 0 0 0 5 0 0 0 0 0 0 2443 0 0 0 0 0 0 0 0 0 43 0 0 0 1 0 0 0 32 0 0 0 0 0 0 0 0 0 0 0 0 0 0 0 0 0 0 0 4 0 0 0 0 0 0 0 0 2984 2443 304 0 0 0 0 0 2443 0 2443 2443 2414 2443 0 2443 523 0 0 0 0 0
109 0 0 0 83 93 0 0 0 0 0 0 46 24 0 0 0 32 38 38 40 55 38 58 53 26 48 139 125 0 0 12 70 18 0 55 0 0 0 0 0 0 0 0 0 0 5 183 0 0 293 30 0 15 40 151 39 10 0 134 256 142 139 128 146 481 37 155 137 0 9 97 165 139 138 138 1404 628 50 1845 0 98 0 0 909 0 10 0 0 0 117 0 0 25 0 0 0 0 0 0 76 0 0 0 0 0 0 10 0 0 0 0 0 0 7 0 303 58 0 0 13 0 0 0 0 0 0 0 0 0 0 0 0 0 0 0 0 0 0 0 0 0 0 0 0 338 0 218 55 0 0 768 0 0 81 11 93 0 0 0 0 0 10 67 5 5 6 10 0 4 91 0 0 0 99 0
0 0 0 0 0 0 0 0 0 0 0 0 0 0 0 0 0 0 0 0 0 1 0 0 0 0 0 0 0 200 0 0 0 4 0 0 0 0 0 0 0 0 0 0 0 0 0 0 0 0 0 0 0 0 0 0 0 0 0 0 0 0 0 0 0 0 0 0 1 0 0 0 0 0 1 0 0 0 0 0 0 0 0 0 0 0 0 0 0 0 0 0 0 0 0 0 0 0 0 0 0 0 0 0 0 0 0 0 0 0 0 0 0 0 0 0 0 1 0 0 0 0 0 0 0 0 0 0 0 10 0 0 0 0 0 46 0 0 0 0 0 0 0 0 0 0 0 0 0 0 0 0 0 0 0 0 0 0 0 0 207 0 0 0 0 0 0 0 0 0 0 0 0 0 0 0
0 0 0 0 0 0 1070 0 0 0 0 0 0 0 0 0 0 0 0 0 0 0 0 7 0 0 1 2754 0 0 0 0 0 0 0 0 0 0 0 0 0 0 0 0 0 0 0 0 0 0 0 0 0 0 0 0 0 2 0 0 45 0 0 0 6 95 0 0 4 0 0 0 19 5 4 0 0 0 0 0 154 673 0 0 251 0 0 0 0 0 0 0 0 0 0 0 0 0 0 0 0 0 0 0 0 0 0 0 0 0 0 0 0 0 0 0 0 0 0 0 0 0 0 0 0 0 0 0 0 0 0 0 0 0 0 0 0 0 0 0 0 0 0 0 0 0 0 0 0 0 0 0 0 0 0 0 0 0 0 0 0 0 0 0 0 0 0 0 0 0 0 0 0 0 0 0
0 0 0 0 0 0 0 0 0 0 0 0 0 0 0 0 0 0 0 0 0 0 0 2 0 0 0 13471 0 0 0 0 0 0 0 0 0 0 0 0 0 0 1760 0 8 0 0 0 0 0 0 809 0 0 0 0 0 0 0 52 92 68 64 17 66 122 0 70 61 0 52 50 82 63 61 83 0 0 192 1826 1260 1080 388 0 459 0 0 0 0 0 0 0 0 0 0 0 0 0 0 0 0 0 0 0 0 0 0 53 0 0 0 0 0 0 0 0 0 1 0 0 0 0 0 0 0 0 0 0 0 0 0 0 0 0 0 0 0 0 0 0 0 0 0 0 0 0 0 0 0 0 0 0 0 0 0 51 0 0 0 0 0 0 51 0 50 50 46 53 0 49 0 0 0 0 0 0
0 0 0 0 0 0 0 0 0 0 0 0 0 0 0 0 0 0 0 0 0 0 0 0 0 0 0 0 0 0 0 0 0 0 0 0 0 0 0 0 0 0 0 0 0 0 0 0 0 0 0 0 0 0 0 0 0 4 0 0 0 0 0 0 0 0 0 0 0 0 0 0 0 0 0 0 0 0 0 0 0 4 0 0 0 0 0 0 0 0 0 0 0 0 0 0 0 0 0 0 0 0 0 0 0 0 0 0 0 786 2959 303 2374 0 1851 1704 1065 286 0 0 918 0 0 0 0 0 78 0 0 0 0 0 0 0 0 0 0 0 0 0 0 0 0 0 0 0 0 0 0 0 0 0 0 0 0 0 0 0 0 0 0 0 0 0 0 0 0 0 0 0 0 0 0 0 0 0
152 141 135 0 206 64 390 451 72 0 122 223 524 123 136 107 603 1632 1649 1643 1422 1177 1534 1605 61 197 306 120 357 1537 32 831 165 27 10 141 829 755 599 544 1717 0 7 940 263 324 1025 1704 1702 378 649 77 0 536 161 368 214 202 41 209 322 207 214 206 212 416 71 224 230 80 204 206 237 233 230 199 2448 464 396 10 156 370 356 375 525 0 1128 335 163 308 568 94 70 125 37 70 89 447 714 254 0 1330 1586 1174 0 953 0 161 0 32 0 3 0 9 110 0 2 488 88 106 70 28 41 33 61 814 21 0 0 443 0 0 0 98 0 1490 0 217 47 325 27 0 108 41 19 637 226 0 253 0 115 432 32 29 160 157 77 35 32 11 1537 88 156 164 157 156 153 156 31 154 76 31 207 292 0 2
0 0 11 0 0 0 119 25 0 0 7 0 101 0 0 13 0 469 471 472 530 427 447 465 102 0 17 111 11 0 0 0 0 0 0 0 1 1 34 34 20 207 478 94 31 24 341 759 39 46 0 126 54 169 0 0 0 143 12 66 94 72 81 61 74 157 0 81 92 78 81 73 89 97 93 92 0 125 104 346 0 110 260 182 251 0 0 0 1 16 0 0 0 0 0 0 0 0 0 53 292 0 365 262 147 25 256 0 0 0 0 0 0 0 46 6 0 245 0 0 0 4 1 0 7 0 0 403 0 15 0 0 0 0 0 1 0 0 0 0 0 0 0 0 0 0 0 0 0 0 0 0 0 0 8 0 3 0 0 0 0 0 0 2 0 0 0 0 0 0 3 0 0 28 0 0
0 0 0 0 0 0 12 2 0 0 4 9 0 1 1 32 0 0 1 1 31 30 28 6 20 0 3 110 3446 0 0 229 0 0 0 0 174 275 14 46 81 583 48 36 23 8 134 46 10 149 45 116 0 0 0 0 0 108 11 29 58 24 32 0 30 126 0 35 37 34 35 29 38 39 37 58 0 83 81 791 41 134 263 104 240 0 2 0 0 23 0 0 0 0 0 0 0 0 0 3 88 0 347 25 0 0 0 0 0 0 0 0 0 0 35 4 0 152 0 0 3 8 3 6 6 105 0 1941 0 3 0 0 0 0 0 0 0 0 0 0 0 0 0 0 0 0 0 0 0 0 0 37 0 0 0 0 0 0 0 0 0 0 0 0 0 0 0 0 0 0 0 0 0 0 0 0
0 0 0 0 0 0 7 0 0 0 0 0 0 0 0 0 0 0 0 1 0 7 3 1 1 0 0 110 89 0 0 0 0 0 145 0 0 0 0 0 0 0 31 0 0 0 0 0 0 2 0 10 0 0 0 0 0 5 0 0 6 0 3 0 3 16 0 3 3 0 3 0 4 4 3 0 0 0 16 123 137 113 42 21 35 0 0 17 0 0 0 0 0 0 0 0 0 0 0 0 0 0 0 0 0 0 98 0 0 0 0 0 0 0 1 0 0 8 0 0 0 0 1 0 0 0 0 0 0 147 0 0 0 0 0 0 0 0 0 0 0 0 0 0 0 0 0 0 0 0 0 0 0 0 0 0 0 0 0 363 0 0 0 0 0 0 0 0 0 0 0 0 0 0 0 0
0 0 0 0 2 0 11 2 0 0 0 29 11 0 2 7 0 0 0 6 0 55 28 8 68 0 79 115 39 62 0 0 0 57 25 0 0 0 3 6 2 3 47 11 3 11 3 3 8 10 0 13 1 0 0 0 0 136 12 27 28 25 39 0 30 61 26 36 97 30 39 28 59 46 91 37 0 0 43 138 177 147 45 25 40 0 0 0 26 0 932 0 0 0 0 0 0 0 0 0 7 0 0 7 0 0 0 0 0 0 0 0 0 0 24 1 0 182 0 0 0 0 9 0 0 0 0 1103 0 490 0 0 0 0 0 0 0 0 0 0 0 0 0 0 0 0 0 0 0 0 0 0 0 0 0 0 0 0 0 23 62 0 0 0 0 0 0 0 0 0 0 0 0 0 0 0
2 9 16 0 2 0 65 3 0 0 7 0 0 10 0 13 0 0 9 10 91 70 39 15 129 93 92 113 2198 0 0 81 0 0 307 1662 130 77 7 10 38 174 294 30 29 21 59 44 11 48 0 71 33 27 0 0 0 106 16 78 96 85 93 44 90 132 71 93 105 91 95 89 98 103 105 104 0 47 90 531 0 90 209 84 195 0 417 2171 271 0 0 0 0 1583 0 0 0 84 0 3 40 0 53 68 0 0 0 0 0 0 0 0 0 0 43 3 0 185 0 0 4 9 3 7 10 0 0 1010 0 10 0 0 0 0 0 0 0 0 0 0 0 0 0 0 0 17 0 0 0 17 0 0 0 0 13 4 0 0 0 373 0 0 3 0 0 4 0 3 0 2 0 0 0 2 0 0
0 7 22 0 28 6 119 34 7 0 8 106 307 12 4 58 26 1045 1105 1102 1134 965 1122 1075 196 463 566 114 498 7 310 1341 53 12 1 518 1407 1325 16 249 355 185 291 139 123 141 82 90 226 206 68 73 123 297 58 157 63 0 54 70 95 72 92 42 77 177 0 91 151 85 98 80 113 140 149 92 593 347 507 312 48 241 270 410 203 0 95 476 300 1042 635 0 351 111 125 315 157 1572 3836 48 739 2029 523 312 2198 2644 833 7 0 0 0 0 0 4 140 9 17 644 91 0 51 10 13 30 54 1331 17 1682 140 688 0 0 0 0 0 14 0 0 0 0 14 0 0 0 0 50 0 100 0 16 0 0 191 306 18 2 8 193 191 0 7 315 1 52 0 0 0 0 308 0 7 308 48 20 0 11
0 0 0 0 0 0 12 0 0 0 2 0 0 0 0 36 0 1 0 0 109 114 38 9 2 0 0 108 327 0 7765 532 0 0 0 0 502 486 56 47 157 656 409 57 94 27 162 41 13 22 12 114 87 122 0 8 0 155 30 30 59 9 38 29 32 156 31 40 68 38 40 32 54 54 66 58 123 87 298 379 133 146 272 212 248 0 14 317 85 3 56 0 0 0 0 0 0 4946 0 0 58 149 146 183 0 0 885 0 0 0 0 0 0 4 40 6 11 206 0 0 1 24 0 20 11 513 0 0 0 50 0 0 0 0 0 0 0 0 0 0 0 0 0 0 0 0 0 0 0 0 0 0 0 7762 0 0 0 0 0 0 0 0 0 0 0 0 0 0 7764 0 0 7764 0 0 0 0
0 0 0 0 0 0 94 8 0 0 4 2 56 0 1 26 0 186 219 219 301 239 218 218 33 0 25 108 292 1 34 533 1 0 0 9563 533 469 53 45 151 486 281 71 78 50 194 370 42 176 25 87 86 100 11 183 186 149 25 0 58 16 33 0 27 148 6 34 65 31 35 26 46 51 63 59 15 183 337 830 0 135 315 220 263 0 274 277 121 65 0 0 36 0 9 0 73 1692 342 6 149 406 210 251 313 414 367 0 0 0 0 0 0 0 44 6 0 240 0 0 3 19 1 15 12 434 0 0 0 45 0 0 0 0 0 1 0 0 0 0 0 0 0 0 0 0 0 0 0 0 0 0 6 31 0 0 0 8 6 0 0 69 0 0 0 0 0 0 33 0 0 33 0 0 0 0
0 0 0 0 0 0 17 19 0 0 0 0 0 0 0 34 0 35 34 34 38 47 40 36 2 0 0 107 64 0 19 1266 48 0 0 0 1224 1196 383 218 317 162 227 108 111 22 78 55 36 25 15 62 71 111 8 33 30 111 35 15 43 0 25 8 17 92 0 26 49 22 29 17 34 49 49 39 0 38 71 702 60 171 235 88 195 0 35 63 118 83 37 0 70 0 0 0 0 94 0 0 36 0 12 28 1 0 1 0 0 0 0 0 0 5 47 3 2 312 0 0 0 29 0 26 9 1244 6 0 0 404 0 0 0 0 0 0 0 0 0 0 0 0 0 0 0 0 0 0 0 0 0 0 5250 20 0 0 0 5252 5251 0 0 41 0 47 0 0 0 0 20 0 0 21 17 8 0 0
0 0 0 0 0 0 13 0 0 0 2 0 10 0 0 20 0 39 38 38 120 87 76 42 2 0 5 107 6 0 24 365 0 0 0 0 365 298 46 37 104 372 227 38 58 26 102 31 11 17 14 64 65 60 1 9 19 108 20 17 42 0 23 0 18 109 0 23 52 21 25 18 33 38 50 43 0 154 267 687 58 108 234 112 202 0 13 5 92 45 8 0 27 0 1 0 0 287 141 0 49 653 202 143 0 48 8 0 0 0 0 0 0 1 40 4 11 178 0 0 1 15 1 12 12 337 0 55 0 48 0 0 0 0 0 109 0 0 0 0 0 0 0 0 0 0 0 0 0 0 0 0 0 22 0 0 0 0 0 0 0 8 0 0 0 0 0 0 23 0 0 24 2 0 0 0
0 0 0 0 0 0 9 6 0 0 2 0 0 0 0 17 0 11 8 9 61 51 63 11 11 0 3 107 236 0 12 354 0 0 0 0 304 260 76 47 90 66 195 33 43 31 35 82 11 11 10 54 49 42 0 9 8 83 16 13 33 0 19 0 14 79 12 19 37 14 20 15 27 36 36 34 207 53 210 598 54 105 191 73 164 0 25 232 84 36 109 0 19 0 1818 1398 0 998 0 0 64 10 193 62 17 16 69 0 0 0 5 0 0 0 47 2 5 185 0 0 10 13 0 9 14 347 1 0 0 85 0 0 0 0 0 0 0 0 0 0 0 0 0 0 0 0 0 0 0 0 0 0 1902 8 0 0 0 1904 1903 0 0 7474 0 0 0 0 0 0 10 0 0 10 7 2 0 0
0 0 0 0 0 0 46 5 0 0 2 0 27 0 0 14 0 50 105 105 0 94 115 103 137 0 50 107 32 0 0 433 0 0 0 30 0 254 114 70 114 228 130 42 14 40 67 24 21 68 8 31 0 19 0 0 0 0 12 0 25 11 15 0 12 53 0 16 24 10 17 12 19 25 24 24 69 6 100 396 19 84 135 75 110 0 15 31 66 59 0 0 0 0 0 0 0 0 0 0 49 74 29 99 1247 172 0 0 0 0 0 0 0 0 29 2 3 149 3 0 11 0 5 10 10 349 0 500 0 157 0 0 0 9 0 0 0 0 0 0 0 0 0 0 0 0 0 0 0 0 0 0 9 0 0 0 0 12 10 0 0 8 0 0 0 0 0 0 0 0 0 0 0 0 0 0
61 133 101 166 198 19 161 222 72 37 110 142 473 174 9 104 173 1532 1543 1538 1360 1199 1455 1499 166 544 550 116 1417 1424 157 21 0 4 4 484 2 4 195 74 161 674 513 268 291 70 506 802 598 230 142 180 445 669 32 432 194 155 29 220 235 223 228 214 225 277 193 228 242 226 229 225 236 236 242 234 3633 302 426 321 29 148 351 424 316 0 286 1396 150 419 679 0 13 0 35 0 190 1022 0 188 530 432 705 892 1397 1160 1162 134 0 0 7 133 1 0 82 10 26 254 174 251 149 15 57 6 74 0 45 0 335 523 0 0 0 0 0 1355 155 1263 0 0 169 0 11 0 0 183 0 307 0 231 57 52 57 154 123 130 25 59 58 15 1429 330 129 12 130 130 124 129 155 127 25 155 178 126 223 0
0 0 338 0 0 198 330 0 31 28 37 5 74 107 6 317 0 0 0 0 4 3 2 0 0 0 0 130 0 0 96 170 109 0 5 0 169 168 64 38 90 1 1 93 78 97 113 257 312 151 0 0 0 0 93 0 0 45 23 0 8 0 1 0 1 2 0 2 5 1 2 0 3 6 5 0 1614 1 41 2 37 67 6 22 2 0 0 0 27 0 0 0 112 0 103 339 0 47 0 0 0 0 0 0 0 0 0 0 120 0 8 309 2 2 17 0 83 59 323 0 1 25 37 21 37 150 11 0 0 168 0 0 0 0 0 0 8 8 0 0 0 0 0 0 0 10 0 0 0 0 0 0 100 94 359 0 201 103 99 7 0 0 0 110 0 0 0 0 95 0 200 97 0 0 0 0
0 0 0 0 0 0 141 0 12 0 40 13 34 0 52 103 23 87 85 88 89 84 90 92 0 179 187 106 13 48 2 0 4 59 3 6 0 0 25 24 31 510 47 31 25 9 139 61 117 73 51 0 68 14 0 0 262 66 0 7 46 12 14 0 14 142 0 17 25 0 13 0 27 19 25 32 0 226 208 0 0 33 269 528 237 10 0 0 39 0 0 0 0 0 0 0 0 0 0 528 0 727 0 0 57 0 0 1 287 0 0 291 0 0 22 0 4 62 0 0 0 0 0 0 0 0 0 62 0 130 0 0 0 0 0 0 0 0 0 0 541 0 43 0 0 88 912 0 0 512 348 112 0 0 0 0 0 0 0 0 48 8 0 20 0 0 0 0 0 0 0 0 30 242 433 53
323 31 47 66 83 56 119 99 65 18 54 184 554 116 234 78 162 1352 1362 1357 1181 932 1280 1315 264 346 347 112 100 261 84 1484 132 20 0 186 1484 1473 507 284 416 12 261 168 137 171 105 164 74 249 79 84 142 202 126 158 125 227 53 112 134 112 125 110 117 179 101 125 147 121 129 117 134 154 148 136 351 127 333 816 41 232 324 214 271 0 354 52 195 148 131 0 0 0 45 0 0 0 0 338 0 0 1729 745 484 915 110 0 653 661 188 1419 3 25 93 5 401 461 766 669 696 61 236 60 244 1450 76 0 114 624 0 0 0 558 0 248 0 127 0 10 38 0 23 0 0 0 516 0 0 52 169 66 62 81 43 39 57 63 63 0 260 220 38 131 36 37 37 39 82 38 56 83 97 242 294 1
0 0 0 0 0 0 23 0 0 0 1 0 8 0 1 9 0 4 1 4 10 27 7 7 15 6 8 109 2 10 0 0 0 0 0 39 0 0 5 5 7 46 160 15 12 4 22 29 0 21 7 50 53 0 0 0 64 11 5 49 60 53 53 46 53 85 41 53 53 53 52 53 54 52 53 67 15 35 157 579 28 75 292 507 175 0 0 0 32 14 0 0 0 0 0 0 0 0 0 102 3541 0 0 1376 119 69 163 0 0 0 0 0 0 0 7 2 0 36 0 0 0 0 1 0 1 0 0 0 0 30 0 0 0 0 0 0 0 0 0 0 353 0 0 0 0 56 0 0 0 117 0 2 0 0 0 0 0 0 0 1 9 0 0 0 0 0 0 0 0 0 0 0 0 90 0 0
0 0 0 0 0 0 0 0 0 0 0 2 4 0 0 0 0 0 37 48 21 37 46 48 4 0 14 107 22 5 0 0 0 0 0 0 0 0 0 0 0 0 58 0 1 0 0 0 0 10 0 22 0 0 0 0 0 3 0 15 25 22 19 0 22 36 0 21 22 0 21 17 22 21 22 0 89 0 36 164 16 47 65 58 63 0 0 0 4 0 0 0 0 0 0 0 0 0 0 38 143 0 0 0 2 62 0 0 0 0 0 0 0 0 4 0 0 9 0 0 0 0 6 0 0 0 0 0 0 12 0 0 0 0 0 0 0 0 0 0 0 0 0 0 0 0 0 0 0 58 0 291 0 0 0 0 0 0 0 0 5 0 0 0 0 0 0 0 0 0 0 0 0 24 0 0
7 33 36 52 47 0 61 107 0 0 11 147 139 42 9 84 8 325 324 325 318 250 326 316 92 167 172 115 6 1 6 0 0 143 0 25 0 0 11 10 37 160 176 25 19 9 85 55 17 56 0 59 0 19 0 0 0 51 10 57 67 60 61 56 60 93 26 61 71 57 62 61 64 67 71 73 118 46 198 522 40 80 171 77 150 19 0 2 63 97 3 0 43 0 0 4 0 0 0 100 0 0 0 0 0 402 0 29 34 0 0 34 0 1 43 2 0 85 0 0 9 4 12 2 20 0 0 15 0 486 0 0 0 0 276 0 69 311 0 0 57 0 0 0 0 40 0 0 0 184 0 21 0 8 33 29 3 0 0 0 0 41 28 0 21 21 23 28 9 26 3 10 39 79 258 128
10 19 27 0 48 36 109 30 25 0 7 102 129 1 3 62 2021 304 302 303 291 246 315 296 149 128 138 121 53 54 28 0 154 426 0 0 0 0 4 5 4 23 249 121 131 142 38 81 55 195 0 90 82 98 133 57 43 54 40 19 54 0 21 13 20 104 12 22 31 14 21 20 27 29 31 46 0 109 156 776 41 84 257 116 225 0 0 53 43 105 52 0 150 0 55 0 0 0 0 42 21 0 0 0 0 0 0 11 0 0 0 26 0 7 56 3 1 98 99 0 24 38 8 34 23 0 17 0 0 897 0 0 0 2356 0 15 0 2355 1746 22 0 0 0 0 0 4 0 121 0 533 7 0 53 36 15 10 41 55 54 0 53 60 9 153 11 10 7 10 37 8 41 37 34 31 169 346
0 8 4 0 0 0 36 23 0 0 0 3 64 0 0 0 160 0 188 191 154 189 190 188 0 0 35 112 345 113 0 6 0 44 0 23 4 0 18 14 7 71 53 11 8 16 30 28 0 36 0 170 0 0 0 0 56 43 3 0 24 16 12 0 16 59 0 17 28 0 18 11 24 24 28 0 54 43 172 194 77 125 111 132 85 32 0 293 0 1 54 0 0 0 0 0 0 290 0 72 51 0 0 37 30 21 0 0 0 29 6 115 8 0 30 0 37 55 31 94 106 0 0 0 0 5 0 340 50 161 0 0 67 201 0 59 38 39 0 0 0 0 35 0 0 42 5 698 0 139 397 180 8 5 0 0 5 9 5 0 112 15 0 2 0 0 0 0 3 0 3 4 159 349 169 3
0 0 0 0 0 0 35 0 1 0 2 1 1 1 0 7 0 0 0 0 3 7 1 1 5 1 1 107 16 1 197 32 79 0 0 0 32 32 0 0 10 1 108 4 16 0 9 18 27 32 0 32 11 8 66 0 18 8 4 0 14 11 11 0 11 26 11 12 12 12 11 11 13 12 12 14 215 37 0 0 0 42 38 0 41 0 0 16 7 15 20 0 173 0 121 0 0 0 0 1 0 2 6 11 0 0 22 0 0 0 0 5 0 0 3 1 0 15 0 0 18 3 1 3 2 18 0 0 0 0 0 0 0 0 0 0 0 0 0 0 0 0 0 0 0 0 0 2 0 0 0 0 121 194 0 0 0 123 122 0 0 0 0 78 0 0 0 0 195 0 0 196 0 0 0 0
273 63 40 50 69 22 115 66 54 71 101 51 162 163 13 32 36 0 537 535 379 377 502 523 245 260 259 122 245 24 12 0 162 0 0 590 0 0 137 87 151 330 416 80 143 58 172 123 82 87 180 141 78 110 151 246 60 59 22 171 185 170 170 172 171 230 166 170 169 165 169 154 170 167 169 195 34 154 137 1136 151 135 389 155 200 23 158 242 32 216 368 113 45 599 29 61 161 70 60 0 0 0 59 40 0 21 8 62 0 0 0 0 0 3 25 6 2 82 3285 2483 0 6 0 10 0 0 19 0 26 199 0 0 34 71 0 27 0 0 0 1 33 0 23 0 51 150 0 166 0 70 91 47 27 20 37 61 21 27 27 0 24 165 61 164 61 61 59 61 20 60 21 21 58 72 0 0
359 142 58 71 101 43 123 98 78 79 152 100 231 241 17 37 28 741 747 744 659 533 699 725 296 0 335 86 367 56 14 325 309 0 0 860 323 312 105 71 126 297 6 132 192 62 181 176 132 80 242 79 98 158 280 367 85 203 157 215 214 213 219 216 216 239 205 218 233 175 218 149 223 221 232 225 38 164 191 629 186 216 278 182 0 0 247 362 72 1275 563 126 54 878 48 91 267 99 12 46 105 0 86 56 54 27 0 124 0 0 0 0 0 4 38 6 3 197 4337 3229 80 100 91 132 40 339 8 0 0 206 0 0 7 154 0 0 0 0 0 0 0 0 20 0 0 112 0 0 0 62 118 87 42 25 52 135 40 45 43 0 55 272 133 309 135 135 110 135 27 132 39 28 78 113 0 0
0 0 0 0 0 0 13 0 2 0 3 1 1 1 0 1 0 2 2 2 2 2 2 3 6 4 4 59 0 0 0 0 441 0 0 0 0 0 1 1 0 15 51 1 3 1 8 4 1 4 5 15 7 0 368 0 0 1 0 5 9 5 5 5 5 17 4 5 5 5 5 5 5 5 5 10 48 13 10 154 109 72 46 11 0 11 0 0 6 1 1 1 1 8 0 1 0 1 0 0 5 0 0 2 0 0 0 0 0 0 0 0 0 1 8 0 0 22 50 48 0 0 0 0 2 0 0 0 0 4 0 0 0 0 0 0 0 0 0 0 0 0 0 0 1 4 0 0 0 0 0 1 0 0 0 0 0 0 0 0 0 0 0 439 0 0 0 0 0 0 0 0 0 0 0 0
186 0 30 37 52 9 77 50 32 43 70 21 119 115 4 24 26 403 406 405 357 285 380 395 165 180 179 110 186 9 0 153 86 0 0 403 153 140 54 39 90 242 145 55 102 37 115 80 62 63 126 39 59 83 95 183 25 58 16 95 115 109 110 110 110 137 85 110 112 102 110 81 111 111 112 122 0 43 106 640 275 218 216 106 0 0 120 176 37 167 243 30 7 435 15 31 73 30 0 0 0 0 43 29 0 0 0 0 0 0 0 0 0 2 18 3 1 88 2326 1723 0 7 0 5 4 187 17 0 0 76 0 0 0 82 0 11 0 1 0 0 0 0 0 0 0 11 0 0 0 0 1 0 11 9 26 0 7 13 12 0 8 116 0 99 0 0 0 0 8 0 6 11 34 20 0 0
1 0 0 0 0 0 18 1 8 1 17 5 2 5 1 3 0 0 0 0 0 1 0 1 2 0 0 62 0 0 0 2 435 0 0 0 2 0 4 2 2 57 60 2 5 2 17 5 1 14 2 18 12 5 363 0 0 5 1 4 8 4 4 4 4 19 3 4 4 3 4 3 4 3 4 9 0 15 13 176 117 78 52 15 0 12 0 0 7 2 3 0 3 1 0 1 1 1 0 0 7 0 0 3 0 0 0 0 0 0 0 0 0 1 8 1 0 23 4 3 0 1 0 1 2 1 0 0 0 14 0 0 0 2 0 0 0 0 0 0 0 0 0 0 0 2 0 7 0 0 0 0 0 0 0 0 0 0 0 0 0 0 0 433 0 0 0 0 0 0 0 0 0 0 1 0
19 3 1 0 4 1351 15 3 0 0 4 1 13 13 1 3 0 46 47 47 40 34 44 46 19 20 21 26 21 0 0 39 0 0 0 53 38 37 0 0 16 52 33 8 15 5 12 11 6 13 15 11 11 10 0 17 4 10 3 14 16 10 14 13 14 22 3 15 15 12 14 0 15 15 15 16 24 9 14 126 32 27 41 16 18 0 12 17 5 16 29 0 0 51 0 0 8 2 0 0 6 0 5 4 0 0 2 4 0 0 0 0 0 0 2 0 0 15 276 204 0 2 5 1 6 11 0 0 0 6 0 0 0 0 0 0 0 0 0 0 0 0 0 0 0 12 0 0 0 2 0 2 0 0 2 4 1380 0 0 0 0 14 4 0 4 4 3 4 0 4 1380 0 5 5 0 0
0 0 0 0 0 0 2 0 0 0 0 0 0 0 0 0 0 0 0 0 0 0 0 0 0 0 0 12 0 0 0 7 81 0 0 0 0 0 0 0 0 14 2 0 1 0 0 0 0 4 0 1 0 0 35 0 0 0 0 0 1 0 1 0 1 4 0 1 1 0 1 0 1 1 1 1 0 0 2 24 0 7 11 1 0 0 0 0 0 0 0 0 0 0 0 0 0 0 0 0 0 0 0 0 0 0 0 0 0 0 0 0 0 0 0 0 0 6 0 0 0 0 0 0 0 0 0 0 0 0 0 0 0 0 0 0 0 0 0 0 0 0 0 0 0 0 0 0 0 0 0 0 0 0 0 0 0 0 0 0 0 0 0 87 0 0 0 0 0 0 0 0 0 0 0 0
0 0 0 0 0 668 25 0 1 0 4 1 1 0 0 0 0 0 0 0 0 0 0 1 0 0 0 518 0 0 0 0 0 0 0 0 0 0 0 1 0 40 255 1 7 0 23 5 0 4 0 90 13 0 0 0 0 3 0 5 15 6 6 6 6 34 4 5 6 0 6 5 8 6 6 16 0 20 15 330 178 130 103 26 0 2 0 0 0 0 0 0 0 0 0 0 0 0 0 0 5 0 0 3 0 0 1 0 0 0 0 0 0 0 0 0 0 1 0 0 0 0 0 0 0 0 0 0 0 2 0 0 0 0 0 0 0 0 0 0 0 0 0 0 0 1 0 0 0 0 0 0 0 0 0 0 678 0 0 0 0 0 0 0 0 0 0 0 0 0 678 0 0 0 0 0
0 0 0 0 0 0 788 2 1 0 1 0 4 0 0 3 0 13 12 13 12 11 13 14 8 6 7 59 5 0 0 0 0 0 0 17 0 0 1 2 3 69 62 2 11 0 21 6 1 17 5 16 13 8 0 0 0 5 2 6 12 6 6 6 7 23 0 7 6 7 7 6 7 6 6 12 0 17 7 193 0 17 59 17 0 0 0 4 1 9 6 0 0 6 0 0 0 0 0 0 0 0 0 4 0 0 0 0 0 0 0 0 0 0 0 1 0 2 89 76 0 1 1 1 1 0 0 0 0 1 0 0 0 0 0 0 0 0 0 0 0 0 0 0 0 0 0 0 0 2 0 0 0 0 0 0 0 0 0 0 0 0 0 0 0 0 0 0 0 0 0 0 0 2 0 0
0 0 0 0 0 0 0 0 0 0 0 0 0 0 0 0 0 0 0 0 0 0 0 0 0 0 0 0 0 0 0 0 0 0 0 0 0 0 0 0 0 0 0 0 0 0 0 0 0 0 0 0 0 0 0 0 0 0 3 0 0 0 0 0 0 0 0 0 0 0 0 0 0 0 0 0 0 0 0 0 0 0 0 0 0 0 0 0 0 0 0 0 0 0 0 0 0 0 0 0 0 0 0 0 0 0 0 0 0 0 0 0 0 0 0 0 0 0 0 0 0 0 0 0 0 0 0 0 0 0 0 0 0 0 0 0 0 0 0 0 0 0 0 0 0 0 0 0 0 0 0 0 0 0 0 0 0 0 0 0 0 0 0 0 0 0 0 0 0 0 0 0 0 0 0 0
172 44 26 28 30 1 73 37 17 38 59 11 96 83 3 20 14 343 345 344 302 241 322 335 124 147 146 107 145 4 0 137 51 0 0 213 139 102 54 40 94 231 141 50 86 31 97 66 46 63 100 44 52 71 75 120 20 56 14 83 90 83 83 84 84 112 0 85 87 84 85 83 85 86 87 96 0 0 71 566 38 56 187 75 168 0 92 123 34 124 212 0 10 348 7 23 55 0 0 0 38 0 26 22 22 0 0 44 0 0 0 0 0 0 12 3 0 85 0 0 16 12 47 6 48 0 0 0 0 66 0 0 0 50 0 6 0 1 0 0 0 0 0 0 0 0 0 0 0 0 0 0 1 3 20 36 0 4 2 0 3 81 34 79 38 36 32 36 5 33 0 6 22 14 0 0
243 66 48 69 101 29 102 96 90 74 126 69 156 162 9 27 62 440 443 442 397 323 419 432 152 194 193 109 227 128 0 240 172 0 0 465 234 226 90 70 117 274 154 71 109 48 144 124 66 74 164 57 76 103 165 184 21 80 20 121 133 124 126 125 125 169 82 127 133 126 127 125 129 131 133 140 0 128 144 614 32 75 244 132 230 0 130 212 60 224 318 9 74 480 19 43 89 42 0 98 53 0 42 34 27 1 0 58 0 0 0 0 0 0 31 5 0 132 9575 0 28 18 98 7 100 260 0 0 75 453 0 0 0 255 0 127 0 4 0 0 6 0 0 0 0 165 0 0 0 156 241 171 12 12 43 59 26 14 12 0 127 105 58 178 60 59 47 59 13 56 26 14 169 209 160 0
0 0 0 0 0 0 36 0 0 0 0 0 1 0 0 0 0 5 5 5 4 7 4 6 5 0 0 106 0 0 0 72 0 0 0 0 70 60 0 0 24 2 0 8 17 2 9 9 1 34 5 32 14 19 0 0 0 14 8 8 18 8 8 8 8 39 0 9 9 0 8 0 10 10 9 17 0 16 6 351 0 34 104 20 0 0 1 0 7 12 0 0 0 0 0 0 0 0 0 0 12 0 0 5 0 0 0 0 3 0 0 0 0 0 1 1 0 17 0 0 0 0 11 6 0 80 0 0 0 0 0 0 0 0 0 0 0 0 0 0 0 0 0 0 0 0 0 0 0 0 0 0 0 0 0 0 0 0 0 0 0 0 0 0 0 0 0 0 0 0 0 0 0 0 0 0
0 0 0 0 0 0 12 0 0 0 0 0 0 0 0 0 0 0 0 0 0 0 0 1 4 0 0 106 0 0 0 61 0 0 0 0 37 29 0 0 17 2 110 5 13 0 5 8 0 32 3 32 22 16 0 0 0 9 4 9 12 5 9 9 9 20 0 10 10 0 9 0 10 10 10 0 0 0 7 0 42 24 33 20 33 0 0 0 5 8 0 0 0 0 0 0 0 4 0 0 14 0 2 7 0 0 6 0 0 0 0 0 0 0 0 1 0 8 0 0 35 0 20 3 15 37 0 0 0 0 0 0 0 0 0 0 0 0 0 0 0 0 0 0 0 0 0 0 0 0 0 0 0 0 0 0 0 0 0 0 0 0 0 0 0 0 0 0 0 0 0 0 0 0 0 0
0 0 0 0 0 0 12 0 0 0 0 0 0 0 0 0 0 0 0 0 0 0 0 1 3 0 0 102 0 0 0 0 0 0 0 0 0 0 1 1 1 48 98 1 5 0 16 6 0 8 1 29 0 0 0 0 0 3 0 6 14 6 6 6 6 29 0 6 6 0 5 0 7 6 6 14 0 14 5 280 39 27 81 15 71 0 0 0 0 0 0 0 0 0 0 0 0 0 0 0 3 0 0 0 0 0 0 0 0 0 0 0 0 0 0 1 0 0 0 0 0 0 0 0 0 0 0 0 0 0 0 0 0 0 0 0 0 0 0 0 0 0 0 0 0 0 0 0 0 0 0 0 0 0 0 0 0 0 0 0 0 0 0 0 0 0 0 0 0 0 0 0 0 0 0 0
0 0 0 0 0 0 38 0 0 0 0 0 0 0 0 1 0 0 0 0 0 1 0 1 5 0 0 106 1 0 0 159 0 0 0 0 135 128 0 0 41 2 114 13 19 9 0 12 2 39 4 33 27 23 0 3 5 15 1 3 7 3 4 3 3 18 0 4 5 0 4 0 6 6 5 0 0 0 7 0 40 28 35 22 36 0 3 0 12 15 0 0 0 0 0 0 0 0 0 0 12 0 1 8 0 0 5 0 0 0 0 0 0 0 2 1 0 26 0 0 0 0 2 0 0 151 0 0 0 0 0 0 0 0 0 0 0 0 0 0 0 0 0 0 0 0 0 0 0 0 0 0 0 0 0 0 0 0 0 0 0 0 0 0 0 0 0 0 0 0 0 0 0 0 0 0
0 0 0 0 0 0 38 0 0 0 0 0 0 0 0 0 0 0 0 0 0 4 0 1 12 0 14 102 0 0 0 117 0 0 0 0 115 111 0 0 32 2 110 10 18 4 0 9 0 37 2 32 1 18 0 0 0 15 5 6 15 0 7 4 7 32 0 8 9 0 7 0 9 9 9 14 0 15 8 219 48 43 79 22 64 0 0 0 9 2 0 0 0 0 0 0 0 0 0 0 4 0 0 0 0 0 3 0 8 0 0 0 0 0 1 1 0 23 0 0 42 0 0 2 0 0 0 0 0 0 0 0 0 0 0 0 0 0 0 0 0 0 0 0 0 0 0 0 0 0 0 0 0 0 0 0 0 0 0 0 0 0 0 0 0 0 0 0 0 0 0 0 0 0 0 0
0 13 38 30 29 0 62 0 54 9 0 3 25 20 1 17 0 74 75 74 71 64 71 74 23 0 25 316 166 87 8 239 0 0 7 91 239 239 59 55 132 3 122 62 54 76 107 0 30 59 64 38 46 54 44 0 33 49 8 1 13 0 3 1 1 33 0 4 10 0 4 0 8 9 10 5 0 0 43 0 1 66 58 56 59 0 135 0 32 214 81 0 0 0 0 0 0 0 19 0 12 0 29 14 30 19 0 0 231 0 525 0 0 0 297 2 783 83 353 0 0 0 191 0 61 0 0 0 36 29 0 28 0 0 0 85 0 0 0 32 0 12 16 0 0 0 0 0 0 0 0 0 0 0 23 0 0 0 0 0 85 0 0 45 0 0 0 0 0 0 0 0 0 0 0 0
0 0 0 1 13 4 14 10 0 0 0 0 18 2 1 17 0 62 63 63 54 52 59 63 18 0 8 106 17 3 8 554 35 0 0 29 538 527 162 97 144 256 139 52 57 50 81 36 23 80 17 40 44 54 31 36 21 85 16 25 41 25 29 0 26 70 26 30 35 28 31 23 32 37 35 41 0 53 39 532 42 80 166 54 0 0 22 13 47 41 17 0 27 29 0 8 0 9 0 0 25 0 5 16 2 0 13 0 0 0 0 0 0 0 17 2 47 125 527 365 14 1 18 11 10 127 0 0 0 174 0 0 0 0 0 0 0 0 0 0 1 0 6 0 2 6 0 0 0 8 27 10 6 7 0 0 4 6 6 0 3 2 0 34 0 0 0 0 7 0 4 7 25 32 0 0
815 315 204 176 350 176 332 140 145 94 179 493 339 172 320 175 157 696 698 697 677 555 726 681 2 1209 1203 108 81 2340 31 1079 99 0 38 114 1079 1079 376 254 346 642 302 166 248 181 276 242 212 201 63 173 96 0 108 196 222 283 50 203 223 228 237 113 227 256 227 236 269 222 242 225 244 266 270 235 5550 286 525 563 17 233 312 259 290 33 0 0 172 0 0 0 95 33 29 0 160 0 221 384 0 100 69 74 0 58 0 310 122 656 383 1232 1 25 150 7 673 549 1920 1765 691 38 84 62 99 1049 53 0 0 920 0 0 0 1184 0 2242 0 327 0 491 94 0 626 98 2277 139 0 2349 0 1010 305 518 29 25 199 307 184 31 27 34 2339 169 306 97 308 317 301 306 26 317 183 27 577 580 386 0
240 587 312 184 587 470 448 205 637 411 431 1055 481 431 2308 978 806 540 524 534 669 626 626 523 536 697 731 176 295 548 257 0 1450 0 2534 0 0 0 59 559 2108 1081 702 625 737 753 421 401 217 712 79 151 101 686 1270 416 136 335 183 139 226 172 179 102 177 259 158 180 223 179 182 157 194 201 223 184 108 444 678 22 71 297 319 410 322 83 32 300 1873 546 364 0 290 9 401 4 489 454 0 506 123 0 33 111 2690 1240 0 587 0 39 2353 212 1501 29 1541 10 1921 571 671 0 174 164 55 436 95 0 133 294 0 537 0 0 0 843 4687 511 0 1458 0 0 0 0 0 0 0 126 0 171 0 873 294 357 364 247 297 575 466 368 366 2530 547 458 573 1447 567 572 553 567 247 561 465 252 256 356 0 0
0 0 0 0 26 0 11 0 0 0 3 0 66 28 0 27 0 0 0 0 0 9 1 3 10 0 6 109 54 0 0 0 0 0 0 13 0 0 0 0 50 354 103 12 27 8 0 0 0 48 0 11 0 0 0 0 0 32 16 150 138 70 152 113 153 128 146 151 143 150 151 149 146 145 143 147 125 0 28 393 86 0 136 44 133 0 0 0 0 0 0 0 0 0 0 0 0 0 0 0 0 0 0 0 0 0 0 48 0 0 0 0 0 0 1 0 0 8 0 0 2 5 2 5 2 0 0 0 0 0 0 0 0 0 0 0 0 0 0 0 0 0 0 0 0 0 0 0 0 0 0 0 0 0 0 27 0 0 0 0 0 0 21 0 31 26 11 25 0 16 0 0 0 0 0 0
0 1556 1177 1203 1341 1575 887 1719 4375 0 2682 1499 4818 5676 2633 1210 2616 2060 2033 2046 2418 3562 2292 2080 398 817 863 149 2693 1739 481 0 1723 376 3064 1469 0 0 8293 948 3342 3216 2110 3535 3555 3705 4887 4267 6744 1633 2341 1906 2351 7628 2071 5605 4179 1156 315 1341 1560 1359 1377 1312 1354 1638 1343 1377 1567 1350 1384 1365 1437 1480 1566 1368 3243 3521 4127 134 131 1644 1772 3078 1690 5708 2156 2695 3216 1693 3778 3906 597 1520 605 1262 5783 2291 3343 1847 4523 2114 5179 1371 663 769 3717 1560 233 5939 2735 323 2547 173 2488 434 1983 2418 1637 1104 5772 248 586 444 749 10 140 9257 13144 1425 0 4497 7281 119 3775 1753 190 1866 143 1433 264 678 357 384 0 2723 2113 10376 1934 1606 811 6060 436 473 1128 1549 1572 440 434 3061 1738 5761 1547 1721 1549 1550 1560 1548 475 1560 1571 476 930 1277 3811 354
2627 1139 819 476 805 1033 584 684 2782 0 3470 1712 3220 2794 3343 491 1076 1276 1272 1274 1238 1329 1288 1261 437 752 753 135 1305 1310 371 0 2162 209 4325 642 0 0 4749 692 3066 3153 1341 1483 1492 1361 2447 1586 4180 995 1032 739 990 2070 2106 2051 1162 694 258 618 706 614 626 610 622 731 595 629 653 603 631 617 637 640 653 642 1813 819 1583 1287 29 803 974 1176 911 446 1219 1287 3237 783 1747 795 523 653 563 570 903 1035 704 396 1299 855 1077 469 241 318 405 1140 18 1876 4053 243 4148 69 2889 2299 2775 1473 974 401 1965 230 188 604 258 0 197 5244 143 1566 0 0 3868 82 0 1275 0 2409 0 512 0 243 87 0 0 1328 236 2213 438 1018 466 3000 536 365 793 1136 1036 539 534 4323 1309 891 1134 2160 1133 1135 1127 1135 367 1130 1036 367 642 781 1126 165
103 0 0 0 0 0 159 0 111 0 0 319 514 0 726 81 0 813 816 815 748 646 785 795 220 369 394 112 368 299 96 1934 336 35 342 150 1936 1932 632 421 580 724 0 292 107 210 0 283 0 308 61 200 203 284 328 97 432 387 75 145 176 148 165 123 152 230 0 165 210 160 173 148 178 208 212 174 484 356 557 980 38 361 408 342 336 61 161 249 513 256 312 87 293 157 120 153 371 247 9 1196 109 109 118 151 55 155 0 83 0 0 313 45 0 14 284 6 772 679 512 201 160 62 50 133 81 1902 8 73 622 1551 0 0 0 57 0 298 0 478 911 879 0 355 531 1132 0 164 792 1828 1138 1122 979 757 96 90 104 70 99 100 95 343 298 356 70 334 61 67 83 66 90 62 97 93 1068 1176 4477 16
372 134 112 6 138 160 199 62 177 81 156 346 344 165 759 87 76 786 788 788 729 594 775 767 259 116 125 110 191 241 107 1604 451 0 729 109 1611 1491 1246 696 833 1068 343 286 275 324 402 178 405 336 135 145 141 199 395 172 110 339 78 71 139 100 120 0 111 192 111 122 146 118 127 28 132 149 148 127 213 247 273 513 63 317 317 285 282 0 140 189 663 239 296 214 275 130 138 157 172 0 18 65 85 0 78 69 66 0 0 131 0 0 0 0 0 7 125 6 2 547 0 0 0 67 0 152 26 1567 23 0 0 1338 0 0 0 0 0 214 0 461 0 0 0 0 231 0 0 138 0 419 0 0 151 0 126 107 106 127 166 128 127 736 241 162 126 449 98 115 108 121 108 118 166 109 146 55 27 0
172 848 744 414 730 1029 635 490 1044 27 1176 1126 1198 1290 1046 490 551 446 678 681 725 809 714 685 317 320 329 132 1003 1329 183 2720 1549 102 1111 543 2720 2720 62 373 1772 943 692 928 833 850 1109 1179 2255 695 935 739 817 1366 1390 1297 970 597 141 346 634 588 595 327 593 702 593 614 668 606 621 519 635 661 668 611 497 729 899 711 88 391 764 737 760 171 769 991 1180 2025 1504 516 534 546 425 544 315 775 428 398 491 246 481 328 0 181 554 849 121 582 784 220 0 33 674 22 806 1069 875 456 616 102 197 196 229 2655 54 1644 0 2760 0 404 200 525 0 1181 0 867 0 2458 0 0 0 0 0 988 164 1425 0 910 935 637 410 177 736 842 1032 413 411 1108 1328 301 841 1547 833 840 835 841 179 837 1031 180 581 691 522 78
76 62 70 7 162 180 286 60 136 0 93 325 205 56 1077 111 95 426 428 427 374 347 404 422 0 0 238 111 175 5075 137 0 622 9 855 0 0 0 9 960 1172 17 529 332 354 395 99 196 96 442 0 144 201 351 455 95 110 109 126 365 399 392 408 106 410 364 408 406 388 408 405 411 397 393 389 412 15 199 171 837 123 0 392 232 386 0 0 175 599 222 146 0 123 0 175 0 174 178 0 12 60 0 14 63 16 0 0 61 0 81 0 0 0 15 370 7 951 260 0 0 137 104 61 226 76 0 61 0 0 29 0 0 0 0 0 0 0 457 0 0 0 0 0 0 0 0 0 0 0 0 0 9 170 132 66 56 181 172 171 854 5074 182 55 621 58 56 53 56 133 54 180 134 88 39 0 0
293 147 782 64 273 405 269 96 392 0 334 19 267 216 1852 115 172 281 280 281 266 277 275 277 261 165 165 127 227 825 223 0 1199 119 2462 217 0 0 13 20 1561 21 369 373 520 530 89 206 231 455 91 65 184 421 1019 188 143 176 125 58 148 113 116 0 115 156 114 117 131 116 117 0 122 127 131 121 34 180 0 154 15 116 198 202 198 12 188 227 1648 341 234 236 557 222 315 500 385 294 0 0 108 77 73 70 0 27 0 147 64 147 0 0 0 7 77 6 2 185 0 0 140 112 0 338 13 0 67 50 478 2650 0 13 154 90 241 808 0 1371 52 497 54 32 63 96 14 119 40 762 30 109 70 66 299 213 783 135 402 303 300 2458 824 372 133 1196 138 135 129 135 217 130 401 218 148 60 101 119
12 23 28 4 68 74 141 8 0 0 0 0 44 0 453 56 19 60 61 61 60 78 59 63 73 25 28 108 70 78 54 1901 252 0 265 64 1901 1900 801 455 574 784 280 189 213 214 235 87 63 252 17 65 105 183 216 55 43 296 56 0 68 0 45 0 34 125 35 47 69 42 52 0 55 75 71 60 0 114 128 898 59 256 314 154 257 0 63 51 331 147 75 12 159 66 72 71 75 77 0 0 58 0 15 45 0 0 0 23 16 31 0 0 0 7 68 4 1 455 0 0 30 48 0 99 10 1866 24 0 0 849 0 0 0 0 0 0 0 0 0 0 0 0 0 25 0 0 0 0 0 0 8 5 66 47 22 16 73 69 67 262 77 66 14 250 17 15 11 15 49 12 72 50 44 19 0 0
141 103 92 44 194 226 230 72 279 46 225 507 258 183 1123 107 119 292 292 292 288 297 290 290 242 263 262 111 196 279 131 3192 702 51 1217 152 3192 3187 648 945 1103 562 375 371 338 421 320 226 350 432 168 159 242 357 621 207 413 477 106 96 96 0 122 97 103 196 105 124 173 115 133 103 141 182 175 122 135 280 380 646 65 380 366 325 300 0 200 198 1094 298 207 62 375 159 195 180 263 256 118 401 270 4 163 135 78 0 38 98 35 83 1100 123 458 20 750 6 959 866 374 112 92 92 40 216 62 3131 71 150 62 1927 0 103 0 128 61 278 0 791 0 0 431 83 335 341 0 163 132 1127 305 591 147 145 179 128 85 94 225 181 180 1215 279 252 93 701 94 94 91 93 129 92 225 129 394 993 47 9
251 264 229 57 341 159 218 151 376 132 449 562 696 242 740 119 645 1627 1639 1636 1500 1246 1584 1593 205 188 235 119 719 898 108 0 663 61 551 237 0 0 1394 35 838 390 636 437 419 382 605 590 664 371 414 475 451 641 619 847 693 195 71 85 191 0 128 40 122 307 117 130 159 128 130 101 147 154 159 165 2944 402 506 943 63 270 543 456 506 0 455 704 515 712 602 322 107 241 132 186 351 605 95 518 326 0 298 190 150 0 247 258 0 112 373 89 0 21 315 13 505 344 425 186 186 66 71 141 101 0 23 0 286 167 0 0 0 1974 0 853 0 11994 1538 0 0 0 366 39 0 420 0 804 0 487 220 192 115 103 218 250 180 117 116 549 897 344 249 661 248 249 239 247 102 244 179 105 307 683 36 30
55 52 38 66 64 18 106 90 74 54 59 152 162 102 56 94 111 199 194 197 259 279 233 199 159 209 212 111 123 1215 39 879 38 1 0 67 879 878 357 238 308 567 273 187 166 153 247 245 188 192 128 193 72 184 111 122 785 212 44 99 178 144 160 134 153 247 141 160 197 158 163 146 172 188 198 177 329 486 472 827 57 220 382 298 346 0 119 125 199 177 144 0 132 79 40 82 91 187 0 1466 0 0 0 124 0 65 60 49 0 62 0 44 0 9 132 7 51 370 137 0 146 36 113 22 128 798 0 0 2591 721 0 521 314 19 531 1161 0 535 0 282 0 1927 1575 1004 0 137 1701 1056 908 1344 318 688 10 31 28 40 13 13 12 0 1214 66 40 36 21 27 23 34 30 30 12 34 1005 277 804 0
598 439 420 293 509 385 1014 327 762 542 269 143 630 717 823 251 583 1447 1454 1451 1322 1094 1399 1417 1066 961 960 155 1479 930 147 0 435 7 44 1200 0 0 947 550 617 323 758 375 436 356 501 614 496 422 798 656 500 477 416 461 415 196 78 417 424 427 427 413 431 476 418 428 445 428 427 429 436 435 445 429 825 549 702 26 64 274 485 614 497 23 617 1472 321 501 753 518 142 1189 134 575 207 377 433 1283 421 202 476 417 304 371 477 439 523 763 151 1623 0 35 276 16 518 544 936 823 779 54 89 133 137 0 151 376 1338 181 0 0 0 4264 69 896 0 1706 0 646 0 0 3092 2565 3509 805 0 1743 0 650 400 671 121 140 411 431 382 124 122 41 929 194 430 433 430 429 439 422 136 420 380 140 7216 766 1224 0
254 301 174 102 362 285 48 97 1323 89 74 368 137 310 60 71 216 306 306 306 289 238 300 301 120 103 105 120 152 471 0 0 0 0 0 75 0 0 87 36 59 245 157 67 77 50 126 113 90 66 97 94 54 79 13 0 0 60 19 144 158 154 156 143 155 183 91 156 156 156 156 155 155 157 156 168 95 178 164 650 157 137 246 123 236 0 43 152 62 54 106 45 258 75 20 56 2 41 0 337 0 0 55 43 11 22 0 302 0 0 0 80 0 2 69 4 0 89 109 16 32 9 15 11 25 0 0 0 104 1889 0 0 0 0 340 411 0 657 0 0 0 0 0 0 0 123 0 145 0 94 0 306 9 0 160 293 284 12 10 0 470 0 291 0 291 290 302 266 0 269 275 0 161 189 51 0
368 244 718 257 842 253 425 560 1080 114 72 220 277 353 17 161 74 383 384 384 355 319 373 377 367 566 563 352 102 497 21 1046 0 1 0 92 1046 1046 326 253 505 997 442 181 164 158 383 178 127 265 99 139 143 216 1 186 208 240 49 166 184 175 184 156 179 219 178 185 205 183 189 178 191 203 206 190 184 228 362 569 124 233 320 259 287 0 114 103 175 177 161 80 123 95 5 71 57 174 22 720 129 20 119 121 134 81 60 245 43 149 0 203 0 10 192 6 49 358 298 300 169 47 150 27 168 1019 3 0 524 822 0 241 0 29 20 420 0 0 0 0 0 0 7855 0 419 125 0 425 0 263 62 237 4 16 718 238 248 7 5 0 496 46 236 0 239 238 235 237 17 235 247 18 1374 239 217 0
251 321 832 107 948 191 602 404 565 71 65 28 223 250 30 104 20 265 264 265 271 284 271 266 276 236 236 129 167 695 16 76 13 0 0 57 55 67 181 451 103 696 459 155 97 90 343 299 121 191 191 443 381 190 63 198 686 117 23 162 188 165 168 156 168 266 164 170 185 163 169 166 178 176 186 186 619 451 461 351 94 184 362 357 357 0 59 157 179 98 141 29 21 59 8 48 76 160 83 1370 187 9 164 179 145 99 190 352 0 11 0 64 0 6 94 10 7 301 204 72 109 14 61 3 77 50 0 0 1107 81 235 616 537 204 157 664 0 2 29 509 832 0 885 0 0 207 1039 1614 1305 599 967 1612 0 3 869 352 187 0 0 0 694 56 352 6 339 352 348 352 3 345 184 8 1554 1211 1801 0
125 166 4 0 101 18 0 0 0 0 67 0 11 0 0 104 41 0 0 0 4 12 2 0 0 0 0 110 195 69 30 156 9 0 0 67 151 150 37 103 194 0 0 150 60 62 7 165 83 88 0 0 0 16 0 0 0 45 6 0 15 1 3 0 1 4 0 3 10 0 0 0 5 8 10 1 787 0 50 0 0 28 9 32 3 0 6 152 21 266 0 0 125 59 4 59 106 213 0 0 0 27 0 260 0 0 0 150 0 0 0 0 0 0 16 0 39 74 179 0 125 8 54 2 51 104 0 0 0 826 0 0 0 0 0 22 0 191 0 0 0 0 0 0 0 0 0 0 0 0 0 0 12 35 165 177 93 13 9 0 69 109 176 13 159 158 161 173 32 171 89 34 222 0 0 0
94 26 40 108 52 48 72 78 52 16 61 130 123 45 11 64 88 159 158 158 171 170 167 159 236 341 340 112 153 292 54 1070 141 30 98 113 1070 1069 444 262 333 484 169 159 112 139 221 175 105 164 94 117 109 137 158 102 715 212 43 158 166 150 168 145 162 195 157 168 191 165 172 161 174 191 192 172 1848 232 364 625 23 186 288 265 245 0 80 151 227 110 137 172 251 117 61 90 273 304 55 1210 0 0 268 381 78 234 0 25 42 134 137 216 0 9 99 5 254 360 210 147 185 32 62 21 73 1043 7 35 89 1500 0 0 0 230 0 270 0 119 0 249 0 385 1180 412 0 88 0 768 0 648 0 341 48 49 36 19 46 50 49 96 292 264 17 140 17 16 8 17 51 14 45 52 428 521 435 0
16 0 0 59 162 134 164 60 50 36 0 532 309 129 878 122 93 258 257 258 277 291 262 270 485 293 360 107 429 121 80 5031 454 0 636 95 5022 4983 1194 707 853 1086 361 381 94 387 330 403 178 416 20 126 128 257 436 46 0 941 158 222 330 263 322 167 273 596 215 318 605 294 339 288 402 520 611 332 227 929 2583 989 0 742 921 1404 775 120 132 439 943 235 489 0 155 107 241 186 384 384 0 255 1264 248 4530 676 2170 0 0 0 0 19 753 54 0 7 443 18 816 1181 418 85 314 72 41 159 67 4856 5 0 0 400 0 0 0 0 0 65 0 226 0 0 0 0 0 0 0 138 0 0 264 3348 0 116 139 84 0 0 149 145 142 654 120 325 0 451 0 0 0 0 85 0 148 91 305 0 0 0
51 305 210 96 199 151 518 392 418 28 205 123 570 338 126 342 668 1195 1200 1198 1108 1050 1163 1186 91 0 3 205 540 2401 144 128 368 0 38 658 126 122 523 72 2793 50 42 829 775 851 1910 1486 505 1259 911 716 1207 1015 434 1384 375 212 43 375 479 382 387 350 387 650 349 396 401 270 387 379 414 393 399 432 821 985 948 402 0 278 756 983 781 0 892 533 375 1236 917 383 132 647 102 298 128 1306 872 6441 599 288 1813 1555 1152 1138 1067 331 168 643 107 627 0 23 189 27 322 616 1207 1274 677 40 265 18 283 110 53 1275 1158 137 0 0 0 606 441 2313 0 1546 0 968 0 1285 3419 1603 0 904 1946 0 0 0 189 1280 97 143 222 323 154 100 95 40 2400 121 323 369 323 318 317 323 144 318 153 145 2678 2776 1092 0
0 0 1 0 29 26 61 21 33 5 0 3 48 20 5 39 41 120 148 148 139 126 146 146 54 0 102 121 32 40 22 892 103 0 44 32 875 892 297 171 16 341 5 77 84 91 74 40 36 117 0 195 0 70 94 0 0 138 23 0 25 0 8 0 4 68 0 10 23 8 12 0 16 26 24 20 157 89 105 460 412 416 169 114 137 60 21 13 122 47 0 0 102 30 27 30 40 63 0 200 0 0 0 0 0 0 0 12 0 0 48 18 0 0 40 2 0 230 104 0 70 37 173 18 170 878 0 0 0 632 0 0 0 522 0 15 0 50 0 0 0 0 0 0 0 20 0 0 183 0 0 0 16 9 20 22 26 18 11 40 39 40 22 99 22 22 22 22 22 22 19 7 1173 0 0 1
30 17 42 31 78 61 138 70 92 55 52 6 74 20 45 69 283 179 177 178 172 172 175 176 36 50 52 108 100 111 45 2644 191 0 263 63 2644 2644 702 406 521 718 271 169 180 206 183 52 57 257 9 66 39 169 175 0 0 392 61 32 81 46 67 23 50 150 43 68 118 61 77 42 84 121 120 75 376 179 319 859 43 309 337 221 271 0 19 96 403 148 29 12 310 69 63 73 80 100 0 233 0 0 40 44 23 0 0 38 0 0 250 0 0 3 204 4 311 595 109 0 37 49 28 39 44 2574 0 0 0 2011 0 0 0 0 0 95 0 0 0 0 0 0 97 0 0 34 102 1101 0 675 0 97 45 38 44 31 66 49 47 259 109 61 28 189 8 27 11 26 37 22 65 39 450 0 0 0
0 46 37 0 46 0 91 36 256 316 185 175 109 384 62 37 42 139 139 139 126 116 132 138 20 0 19 108 24 0 37 933 4 0 0 30 931 929 0 125 219 437 180 20 74 75 0 0 0 149 0 46 41 88 7 0 0 144 27 21 51 26 33 15 29 94 0 35 45 33 37 24 40 48 46 49 46 80 120 662 0 119 226 90 192 0 56 0 100 71 25 6 76 30 11 21 10 25 0 39 0 0 0 0 0 17 0 84 0 0 0 9 0 0 39 3 37 231 26 0 5 23 7 27 12 878 0 0 0 332 0 0 0 14 0 0 0 0 0 0 0 0 0 0 0 61 0 0 0 242 0 0 3 27 48 72 0 7 3 0 0 0 70 2 67 69 58 69 28 66 0 31 0 3 0 0
8 3 3 0 0 0 16 3 0 0 6 0 0 0 0 3 0 6 6 6 6 5 6 7 6 0 5 110 4 4 2 15 3 4 4 3 0 0 12 7 8 29 77 5 9 4 15 9 5 6 5 27 13 3 0 5 4 0 1 10 15 10 10 4 10 26 0 10 10 10 10 10 10 10 10 16 0 0 10 208 50 38 64 17 56 0 3 4 6 3 4 0 3 0 0 2 0 0 0 0 8 0 3 4 2 0 0 0 0 0 5 0 4 1 3 3 4 7 0 0 6 1 1 1 1 14 0 0 0 19 0 0 0 0 0 0 0 0 0 0 0 0 0 0 11 0 0 0 0 0 0 0 0 0 1 0 3 1 0 3 4 1 0 2 0 0 0 0 0 0 3 1 4 6 0 0
9 3 3 0 0 0 17 3 0 0 7 0 0 0 0 3 0 7 7 7 7 6 7 8 7 0 5 111 5 5 2 17 3 4 5 4 0 0 14 8 10 31 79 6 10 5 16 10 6 5 5 28 10 1 0 6 6 4 2 11 17 11 11 11 11 29 11 11 11 11 11 11 12 11 11 18 0 0 11 213 49 39 67 19 59 0 4 5 6 4 5 0 0 0 0 0 0 6 0 0 9 0 2 5 0 0 0 0 0 0 5 0 5 0 4 3 4 8 0 0 6 1 1 1 1 9 0 0 0 22 0 0 0 0 0 0 0 0 0 0 0 0 7 0 0 0 0 0 0 0 0 0 1 0 1 0 4 2 1 4 4 2 0 3 1 0 0 0 1 0 4 1 5 0 0 0
8 0 0 2 4 4 20 3 6 7 6 7 5 6 4 2 7 6 6 6 6 6 6 7 7 5 5 110 4 4 2 15 3 4 4 4 15 15 12 7 9 30 88 3 8 4 10 11 4 6 0 30 10 0 0 4 4 5 2 0 13 11 11 0 11 21 11 12 11 12 11 11 12 11 11 13 0 30 0 0 0 35 30 21 33 0 0 4 6 2 0 0 5 3 2 4 5 5 0 0 12 0 3 5 0 0 0 3 0 0 5 0 4 0 3 3 4 6 0 0 6 1 1 1 1 0 1 0 0 3 0 0 0 0 0 0 0 0 0 0 0 0 0 0 0 0 0 12 0 0 0 0 0 0 0 0 3 1 0 3 4 0 0 2 0 0 0 0 0 0 3 0 3 0 0 0
11 0 4 3 5 5 30 4 8 10 8 9 7 7 5 6 9 8 8 8 8 7 8 9 10 6 6 112 6 6 3 20 4 5 6 5 20 20 17 10 12 63 101 7 10 5 25 15 6 13 0 33 1 0 3 0 5 9 2 0 17 14 14 0 14 27 14 15 14 15 14 14 15 14 14 17 17 38 0 0 0 42 38 0 41 0 5 6 8 2 0 0 6 5 3 5 6 7 0 10 17 0 5 8 0 0 0 4 0 0 6 5 5 0 5 4 5 9 0 0 8 1 1 1 2 6 1 0 0 0 0 0 0 0 0 0 0 0 0 0 0 0 0 0 0 0 0 17 0 0 0 0 0 0 1 0 4 2 1 4 5 2 0 3 1 0 0 0 1 0 4 1 5 0 0 0
3 1 1 1 1 0 14 1 2 3 2 3 2 2 1 0 0 2 2 2 2 2 2 3 3 0 2 107 2 2 1 6 1 1 2 1 0 6 5 3 3 22 81 2 6 2 5 5 2 3 1 24 3 0 0 0 0 3 1 6 10 6 6 0 6 23 6 6 6 6 6 6 7 6 6 13 0 16 0 0 0 31 63 12 55 0 0 2 2 1 0 0 2 1 1 1 2 2 0 0 6 0 1 3 0 0 0 1 0 0 2 0 1 0 1 0 1 2 1 0 2 0 0 0 0 5 0 0 0 7 0 0 0 0 0 0 0 0 0 0 0 0 0 0 0 0 0 0 0 0 0 2 0 0 0 0 0 0 0 0 1 0 0 0 0 0 0 0 0 0 0 0 1 2 0 0
4 1 1 0 0 0 22 1 0 0 3 0 0 0 0 2 0 3 3 3 3 3 3 4 5 0 2 108 2 2 1 7 1 2 2 2 0 0 6 4 4 23 93 3 5 2 13 9 2 4 3 30 14 1 0 2 2 0 0 8 10 8 8 2 8 17 0 8 8 8 8 8 9 8 8 10 0 0 7 0 46 34 27 18 29 0 1 2 3 1 2 0 1 0 0 0 0 0 0 0 10 0 1 3 0 0 0 0 0 0 2 0 2 0 2 2 2 3 0 0 3 0 0 0 1 7 0 0 0 10 0 0 0 0 0 0 0 0 0 0 0 0 0 0 7 0 0 0 0 0 0 0 0 0 0 0 1 0 0 1 2 0 0 1 0 0 0 0 0 0 1 0 2 2 0 0
7 2 2 0 0 0 32 2 0 0 5 0 0 0 0 6 0 5 5 5 5 5 5 6 9 0 4 111 3 3 2 12 2 3 3 3 0 0 10 5 7 2 108 5 7 3 12 12 4 18 8 35 24 5 0 4 4 0 1 13 15 12 12 7 12 24 0 13 12 13 12 12 13 12 12 15 0 0 9 0 57 42 35 25 38 0 3 3 5 2 3 0 2 0 0 1 0 0 0 0 16 0 2 7 1 0 0 0 0 0 4 0 3 0 3 3 3 6 0 0 4 1 1 1 1 12 0 0 0 16 0 0 0 0 0 0 0 0 0 0 0 0 0 0 12 0 0 0 0 0 0 0 0 0 0 0 2 1 0 2 3 0 0 2 0 0 0 0 0 0 2 0 3 6 0 0
0 2 0 0 2 0 13 1 3 4 3 4 3 3 2 1 3 0 3 3 3 3 3 3 4 2 2 108 2 2 0 0 1 0 0 0 0 0 7 5 5 56 100 3 6 2 18 5 2 4 0 16 9 0 2 0 0 5 1 5 9 5 5 5 5 17 3 5 5 5 5 4 6 5 5 10 0 13 8 144 34 30 48 12 42 0 0 2 0 0 0 1 2 2 1 2 2 3 0 0 4 0 0 4 1 2 0 1 0 3 2 1 2 0 2 2 2 3 3 2 3 0 1 1 1 0 0 0 0 10 0 0 0 0 0 0 0 0 0 0 3 0 3 3 3 3 0 0 0 0 0 2 0 0 0 0 0 0 0 0 1 0 0 0 0 0 0 0 0 0 0 0 2 2 0 0
2 1 1 0 1 1 12 1 0 0 1 0 0 0 1 1 1 1 1 1 1 1 1 2 0 0 1 106 1 1 0 3 1 1 1 1 3 3 2 2 2 18 49 1 3 1 7 4 0 2 0 15 8 0 0 0 0 2 0 0 7 3 3 0 3 15 3 4 3 4 3 3 4 3 3 8 0 5 5 138 40 0 40 9 35 0 1 1 1 0 1 0 1 0 0 1 1 1 0 1 0 0 0 0 0 0 0 0 0 0 1 0 1 0 1 1 1 1 0 0 1 0 0 0 0 0 0 0 0 4 0 0 0 0 0 0 0 0 0 0 0 0 0 0 0 0 0 0 0 0 0 1 0 0 0 0 0 0 0 0 0 0 0 0 0 0 0 0 0 0 0 0 0 0 0 0
13 5 5 0 0 0 17 4 0 0 9 0 0 0 4 4 0 9 9 9 9 8 9 10 9 0 7 112 6 6 3 23 5 6 7 5 0 0 18 10 12 1 109 7 11 6 15 10 7 7 9 20 20 0 0 7 5 2 2 11 15 10 10 0 10 23 9 11 11 11 10 10 11 11 11 15 0 0 12 164 41 38 57 17 50 0 5 6 9 3 6 0 5 0 0 0 0 0 0 7 0 0 5 7 0 0 0 5 0 0 7 0 6 0 5 4 6 10 0 0 9 1 2 2 2 22 0 0 0 30 0 0 0 0 0 0 0 0 0 0 0 0 10 0 0 0 0 0 0 0 0 2 0 0 0 0 5 1 0 4 5 0 0 3 0 0 0 0 0 0 4 1 6 7 0 0
14 0 5 4 7 7 31 4 9 12 10 12 8 9 7 5 13 10 10 10 10 9 10 11 12 8 8 113 7 7 4 25 5 6 7 6 25 25 20 12 14 62 104 8 11 6 26 15 7 13 0 34 3 0 4 0 6 9 2 0 18 16 16 0 16 26 15 16 16 16 16 16 17 16 16 18 0 36 0 0 0 43 36 0 39 0 6 7 9 3 0 0 7 6 4 6 8 9 0 11 18 0 6 9 0 0 1 5 0 0 8 6 7 0 6 5 6 11 0 0 9 1 2 2 2 11 1 0 0 0 0 0 0 0 0 0 0 0 0 0 0 0 0 0 0 0 0 20 0 0 0 0 1 0 2 1 6 2 2 6 6 3 0 4 2 1 0 1 1 0 5 2 7 0 0 0
0 1 1 0 0 1 13 0 2 0 2 3 2 0 1 0 0 2 2 2 0 2 2 3 3 0 2 107 2 1 0 5 1 1 2 0 0 0 5 3 3 22 67 2 5 2 6 4 0 3 0 23 8 0 0 0 0 3 1 5 9 5 5 5 5 18 4 5 5 0 5 5 6 5 5 9 0 0 6 165 0 29 49 11 42 0 0 2 2 1 1 0 1 1 0 1 2 2 0 0 0 0 1 2 1 0 0 0 0 0 0 0 0 0 0 1 1 2 0 0 2 0 0 0 0 0 0 0 0 7 0 0 0 0 0 0 0 0 0 0 0 0 2 2 0 0 0 0 0 0 0 0 0 0 0 0 0 0 0 0 1 0 0 0 0 0 0 0 0 0 0 0 1 2 0 0
9 0 3 3 4 4 41 3 6 8 6 8 7 10 5 7 7 7 7 7 7 8 7 8 12 6 6 112 5 4 2 16 3 4 5 4 16 16 12 7 9 3 0 6 7 4 8 17 4 25 0 36 9 1 3 0 6 4 2 0 17 15 14 0 15 28 14 15 14 15 14 15 16 14 14 17 0 40 0 0 0 45 29 0 34 0 5 5 7 5 3 3 5 4 3 4 5 6 0 10 18 0 8 9 0 0 1 3 0 0 5 10 4 0 4 4 4 9 0 0 7 1 1 1 2 2 8 0 0 0 0 0 0 0 0 0 0 0 0 0 0 0 0 0 0 0 0 21 0 0 0 0 0 0 0 0 3 1 0 3 4 0 0 2 0 0 0 0 0 0 3 1 4 5 0 0
11 0 4 3 5 6 38 4 8 10 8 10 8 22 6 4 9 8 8 8 8 8 8 9 13 7 7 115 6 6 3 20 4 5 6 5 20 20 17 10 12 40 103 7 10 5 24 15 6 8 0 35 3 0 4 0 5 7 2 0 18 17 16 0 17 27 16 17 16 17 17 17 17 16 16 18 0 37 0 0 0 46 37 0 40 0 5 6 8 2 0 3 6 5 3 5 6 7 0 15 15 0 8 8 0 0 0 4 0 0 6 5 5 0 5 4 5 9 0 0 8 1 1 1 2 7 8 0 0 0 0 0 0 0 0 0 0 0 0 0 0 0 0 0 0 0 0 26 0 0 0 0 0 0 1 0 4 2 1 4 5 2 0 3 1 0 0 0 1 0 4 1 5 4 0 0
17 0 7 5 9 9 42 6 12 15 12 15 13 26 9 6 15 13 13 13 13 13 13 14 0 16 16 115 9 9 5 32 7 8 9 7 32 32 25 15 18 28 0 10 12 8 18 21 10 27 0 39 15 2 7 12 11 10 3 0 23 21 21 0 21 32 20 21 21 21 21 21 22 21 21 23 0 39 0 0 0 48 35 0 38 0 8 9 13 12 24 8 10 8 5 8 10 12 0 17 22 0 9 12 0 0 4 6 0 0 10 38 9 0 8 7 8 16 0 0 31 2 2 2 3 18 7 0 0 0 0 0 0 0 0 0 0 0 0 0 0 0 0 0 0 0 0 60 0 0 0 0 2 1 3 2 8 4 3 8 8 5 1 5 3 2 0 2 2 1 7 3 9 26 0 0
11 0 4 3 6 6 33 4 8 10 8 10 8 8 6 4 10 9 9 9 8 8 9 9 18 9 9 112 6 6 3 21 4 5 6 5 21 21 16 9 11 0 0 6 8 5 6 14 6 17 0 34 5 0 4 0 5 5 2 0 17 15 15 0 15 25 15 16 15 16 15 15 16 15 15 17 0 33 0 0 0 42 25 0 28 0 5 6 8 2 0 0 6 5 4 6 6 8 0 10 17 0 5 8 0 0 1 4 0 0 7 12 6 0 5 4 5 9 0 0 8 1 1 2 2 7 1 0 0 0 0 0 0 0 0 0 0 0 0 0 0 0 0 0 0 0 0 30 0 0 0 0 0 0 1 0 5 2 1 5 5 2 0 3 1 0 0 0 1 0 4 1 6 6 0 0
6 2 2 0 0 0 29 2 0 0 4 0 0 0 0 2 0 5 5 5 4 4 5 5 13 0 4 109 3 3 2 11 2 3 3 3 0 0 10 7 7 68 111 5 7 3 26 10 4 10 9 33 18 0 0 3 4 6 1 10 12 10 10 11 10 19 10 11 10 11 10 10 11 10 10 12 0 0 11 0 44 34 30 21 32 0 2 3 5 2 3 0 0 0 0 0 0 4 0 0 13 0 1 6 0 0 0 0 0 0 4 0 3 0 3 3 3 5 0 0 4 1 1 1 1 3 0 0 0 15 0 0 0 0 0 0 0 0 0 0 0 0 25 0 0 0 0 0 0 0 0 0 0 0 0 0 2 1 0 2 3 0 0 2 0 0 0 0 0 0 2 0 3 0 0 0
16 0 6 5 8 8 36 5 11 14 11 13 10 10 8 5 14 12 12 12 11 11 11 12 19 11 11 114 8 8 4 28 6 7 8 7 28 28 22 12 15 0 0 9 11 7 9 17 8 23 0 37 8 0 5 0 8 6 3 0 20 18 18 0 18 29 18 19 18 19 18 18 19 18 18 20 0 38 0 0 0 48 29 0 33 0 7 8 10 6 0 2 9 7 5 7 9 10 0 15 21 0 8 11 0 0 3 6 0 0 9 12 8 0 7 6 7 12 0 0 11 2 2 2 3 15 1 0 0 0 0 0 0 0 0 0 0 0 0 0 0 0 0 0 0 0 0 38 0 0 0 0 2 1 3 2 7 3 2 7 7 4 1 5 2 2 0 1 2 0 6 2 8 9 0 0
4 1 1 1 2 0 30 1 3 4 3 3 3 3 2 0 0 3 3 3 3 3 3 4 8 0 2 107 2 2 1 7 1 2 2 2 0 7 6 3 4 2 107 3 5 2 3 9 3 15 4 30 14 0 0 0 1 2 1 9 9 8 8 0 9 18 8 9 8 9 8 8 9 8 8 10 0 26 0 0 0 32 29 19 31 0 0 2 3 2 0 0 2 2 1 2 2 3 0 0 14 0 1 6 0 0 0 1 0 0 2 0 2 0 2 0 2 3 2 0 3 0 0 1 1 7 0 0 0 9 0 0 0 0 0 0 0 0 0 0 0 0 0 0 0 0 0 0 0 0 0 4 0 0 0 0 0 0 0 0 1 0 0 0 0 0 0 0 0 0 0 0 2 4 0 0
5 2 2 0 0 0 31 2 0 0 4 0 0 0 0 2 0 4 4 4 4 4 4 4 9 0 3 108 3 3 1 9 2 2 3 2 0 0 7 4 5 2 109 4 6 3 10 10 3 16 7 33 19 0 0 3 3 1 1 10 11 9 9 10 9 19 9 10 9 10 9 9 10 9 9 11 0 0 7 0 44 34 31 20 33 0 2 3 4 2 2 0 0 0 0 0 0 3 0 0 14 0 1 6 0 0 0 0 0 0 3 0 3 0 2 2 2 4 0 0 3 1 1 1 1 1 0 0 0 12 0 0 0 0 0 0 0 0 0 0 0 0 14 0 0 0 0 0 0 0 0 0 0 0 0 0 2 0 0 2 2 0 0 1 0 0 0 0 0 0 1 0 3 0 0 0
0 0 0 0 40 0 52 12 0 0 0 3 11 0 0 37 0 7 7 7 11 17 10 9 19 0 26 108 15 8 0 54 0 0 0 5 29 10 0 6 31 151 172 11 24 15 0 0 19 71 0 32 0 16 0 0 0 29 8 7 50 17 41 23 41 80 34 42 45 41 42 39 43 43 45 55 127 41 79 493 37 53 163 63 145 0 12 0 17 0 43 0 2 0 0 0 0 2 0 49 0 0 10 19 0 0 0 0 0 0 1 0 0 0 8 2 0 31 0 0 15 4 7 3 8 6 0 0 0 38 0 0 0 0 0 0 0 0 0 0 0 0 0 0 0 0 0 0 0 0 0 14 0 0 0 0 0 0 0 0 8 0 0 0 0 0 0 0 0 0 0 0 0 0 0 0
0 8 0 0 24 0 67 0 4 0 7 151 52 0 5 46 0 58 58 59 58 58 58 59 63 48 73 111 79 1 19 73 0 0 0 10 61 56 8 82 47 206 173 12 29 26 0 0 0 107 0 65 0 9 27 0 0 36 8 0 54 40 42 28 42 81 0 43 45 43 43 35 44 44 45 56 47 103 142 499 27 71 169 79 148 0 0 74 44 28 0 0 59 3 0 2 0 13 0 945 0 0 0 0 0 0 0 11 0 0 0 0 0 0 23 2 0 93 0 0 11 5 8 3 11 18 0 0 0 338 0 0 0 0 0 0 0 0 0 0 0 0 0 0 0 34 0 70 0 176 20 0 0 12 6 2 0 0 0 0 0 0 0 0 0 0 0 0 8 0 0 13 330 0 43 0
339 63 324 0 110 112 254 0 125 0 115 780 544 101 912 116 312 687 694 693 622 538 661 676 76 98 119 117 338 118 87 2913 402 0 328 121 2913 2908 1350 777 976 1423 516 267 347 401 386 129 135 460 0 18 0 262 359 0 0 515 95 0 75 6 28 0 12 187 0 35 93 27 43 7 57 92 95 52 49 285 474 1040 0 470 470 353 388 27 120 302 534 251 150 18 290 134 137 159 223 211 0 340 0 0 2 74 0 0 0 63 51 26 294 212 0 16 182 7 650 816 262 0 148 90 64 185 89 2784 23 0 364 1497 0 0 0 0 0 87 0 591 0 0 0 0 0 0 0 120 0 1576 0 275 306 391 124 96 317 52 115 129 124 336 117 201 46 400 36 39 6 37 90 35 111 96 820 0 0 0
572 142 121 0 291 386 275 60 0 0 0 0 69 0 2 135 0 274 274 275 246 273 261 268 101 70 71 150 241 415 225 0 1302 1024 2608 0 0 0 430 24 1704 291 434 467 472 641 171 194 143 547 34 117 228 452 1105 185 163 177 136 31 81 32 34 31 33 65 29 33 44 27 35 33 36 39 43 47 0 25 241 725 52 156 212 110 166 0 165 235 1729 328 175 0 204 7 338 12 399 321 21 16 0 0 29 75 0 0 0 152 58 135 2449 193 2214 18 1541 1 2 400 569 120 133 136 42 127 52 1 62 10 78 36 0 0 0 70 0 393 0 1451 0 0 41 32 73 106 49 52 12 196 24 0 41 20 329 221 137 147 388 331 330 2606 415 395 146 1301 148 147 145 147 222 145 388 223 161 60 55 0
