129
0 0 5 0 5 513 182 24 16 47 271 0 1 4 37 1 2 0 2 0 0 0 19 27 22 6 39 9 19 0 145 45 2 0 0 0 0 0 0 2 0 0 0 0 0 3 0 0 0 0 4 0 0 1 1 1 0 0 2 0 0 0 0 0 0 0 0 0 2 0 0 0 2 0 1 0 1 26 0 0 0 0 0 0 0 0 0 0 0 0 7 0 0 1 0 0 0 0 64 0 0 0 0 0 0 0 0 0 0 16 2 0 0 23 84 0 0 0 0 0 0 0 0 0 0 0 0 0 0
0 0 7 0 9 6890 1381 2305 99 229 4504 499 0 15 62 1 4 0 3 0 0 0 38 56 51 11 85 10 41 0 313 80 3 0 2 0 0 0 0 118 0 0 0 0 0 5 0 0 0 1 6 0 0 3 1 1 0 0 3 0 0 0 0 0 0 0 0 0 0 0 0 0 0 0 29 0 1 45 0 0 0 0 0 0 0 0 0 0 0 0 0 0 0 0 0 0 0 0 0 0 0 0 0 0 0 0 0 0 0 0 3 0 0 39 125 0 0 0 0 0 0 0 0 0 0 0 0 0 0
0 0 0 0 29 4 3 0 48 154 3 0 0 36 40 1 1 0 1 0 0 0 63 112 129 15 215 0 100 0 901 953 0 0 0 0 0 0 0 0 0 0 0 0 0 4 0 0 0 0 9 0 0 0 1 1 0 0 1 0 0 0 0 0 0 0 0 0 2 0 1 0 0 0 0 0 1 14 0 0 0 0 0 0 0 0 0 0 0 0 0 0 0 2 0 0 0 0 637 0 0 0 0 0 0 0 0 0 0 24 11 0 0 15 41 0 0 0 0 0 0 0 0 0 0 0 398 0 0
0 0 0 0 0 0 0 0 0 1 0 0 0 1 2 0 0 0 0 0 0 0 0 0 0 0 0 0 0 0 0 0 0 0 0 0 0 0 0 0 0 0 0 0 0 0 0 0 0 0 0 0 0 0 0 0 0 0 0 0 0 0 0 0 0 0 0 0 0 0 0 0 0 0 0 0 0 0 0 0 0 0 0 0 0 0 0 0 0 0 0 0 0 0 0 0 0 0 0 0 0 0 0 0 0 0 0 0 0 0 0 0 0 0 0 0 0 0 0 0 0 0 0 0 0 0 0 0 0
0 0 0 8 0 10872 2090 2584 131 281 7345 2094 0 18 10 1 1 0 1 0 0 0 6 17 17 1 30 0 15 0 33 0 0 0 0 0 0 0 0 727 0 0 0 0 0 1 0 0 0 0 2 0 0 1 0 0 0 0 0 0 0 0 0 0 0 0 0 0 0 0 0 0 0 0 74 0 0 1579 0 0 0 0 0 0 0 0 0 0 0 0 0 0 0 0 0 0 0 0 0 0 0 0 0 0 0 0 0 0 0 0 3 0 0 11 36 0 0 0 0 0 0 0 0 0 0 0 21 0 0
0 0 0 0 0 0 0 0 66 211 0 17 2516 44 0 0 0 0 0 0 0 0 19406 0 0 0 0 0 0 0 0 0 0 0 0 224 0 0 0 0 0 0 0 0 0 20 0 0 0 0 80 0 0 0 0 0 0 0 0 0 0 0 0 0 0 0 0 0 0 0 0 0 0 0 0 0 0 0 0 0 0 0 0 0 0 0 0 0 0 0 0 0 0 1 0 0 0 0 0 0 0 0 0 0 0 0 0 0 0 0 22 0 0 2 0 0 0 0 0 0 0 0 0 0 0 0 0 0 0
0 0 0 0 0 0 0 0 17 0 0 0 0 2818 0 0 0 0 0 0 0 0 0 12241 0 0 0 0 0 0 0 0 0 0 0 26 0 0 0 0 0 0 0 0 0 1 0 0 0 0 4 0 0 0 0 0 0 0 0 0 0 0 0 0 0 0 0 0 0 0 0 0 3 0 0 0 0 0 0 0 0 0 0 0 0 0 0 0 0 0 0 0 0 0 0 0 0 0 0 0 0 0 0 0 0 1 0 0 0 0 13 0 0 2 0 0 0 0 0 0 0 0 0 0 0 0 0 0 0
0 0 4 0 0 0 0 0 113 363 0 0 0 11 140 2 1 0 1 0 0 0 19 23 5685 4 0 0 35 0 0 0 0 0 7 594 2 0 0 0 0 0 0 0 0 6 0 0 0 0 4 0 0 8 8 8 0 0 0 0 0 0 0 0 0 0 0 3 22 0 0 0 17 0 16 0 5 11 0 0 0 0 0 0 0 0 1 0 0 0 22 0 0 11 12 0 0 0 0 0 0 0 0 9 0 11 0 0 0 18 13 0 0 13 26 0 0 0 0 0 0 5 0 3 0 0 0 0 0
0 0 0 0 0 0 0 0 0 21 0 0 0 0 7 0 0 0 0 0 0 0 0 0 0 0 0 0 0 0 0 0 0 0 0 0 0 0 0 0 0 0 0 0 0 0 0 0 0 0 0 0 0 0 0 0 0 0 0 0 0 0 0 0 0 0 0 0 0 0 0 0 0 0 0 0 0 0 0 0 0 0 0 0 0 0 0 0 0 0 0 0 0 0 0 0 0 0 0 0 0 0 0 0 0 0 0 0 0 0 0 0 0 0 0 0 0 0 0 0 0 0 0 0 0 0 0 0 0
0 0 0 0 0 0 49 0 0 0 0 1036 0 0 9 0 0 0 0 0 0 0 0 0 0 0 0 0 0 0 0 0 0 0 0 0 0 0 0 0 0 0 0 0 0 0 0 0 0 0 0 0 0 0 0 0 0 0 0 0 0 0 0 0 0 0 0 0 0 0 0 0 0 0 0 0 0 0 0 0 0 0 0 0 0 0 0 0 0 0 0 0 0 0 0 0 0 0 0 0 0 0 0 0 0 0 0 0 0 0 0 0 0 0 0 0 0 0 0 0 0 0 0 0 0 0 0 0 0
0 0 0 0 0 729 155 6 267 749 0 0 0 253 0 0 0 0 0 0 0 0 432 615 548 69 505 2401 386 0 0 0 0 2 4 6 0 0 0 0 0 0 0 0 0 10 0 0 0 0 40 0 0 0 0 0 0 0 0 0 0 0 0 0 0 0 0 0 0 0 3 0 0 0 58 0 0 0 0 0 0 0 0 0 0 0 0 0 0 0 0 0 0 6 0 0 0 0 2838 0 0 0 0 0 0 32 0 0 0 0 55 1 0 11 0 2 0 0 0 0 0 2 0 0 0 0 0 0 0
0 0 0 0 0 0 0 0 1 0 0 0 0 0 0 0 0 0 0 0 0 0 0 0 0 0 1 0 0 0 0 0 0 0 0 0 0 0 0 0 0 0 0 0 0 0 0 0 0 0 0 0 0 0 0 0 0 0 0 0 0 0 0 0 0 0 0 0 0 0 0 0 0 0 0 0 0 6 0 0 0 0 0 0 0 0 0 0 0 0 0 0 0 0 0 0 0 0 0 0 0 0 0 0 0 0 0 0 0 0 0 0 0 0 8 0 0 0 0 0 0 0 0 0 0 0 0 0 0
0 0 28 0 170 0 38 35 7 19 45 11 0 0 36 3 3 0 3 0 0 21 0 4 2 1 8 1 5 0 0 5 0 0 0 10 3510 2157 7 1588 0 0 0 0 0 1 8 1 0 1 7 0 28 38 65 74 46 4 0 0 0 1 26 0 0 0 0 37 4 2391 1 0 2 0 0 9 13 31483 6 0 0 0 0 216 0 0 0 98 0 0 0 39 0 12 0 6 0 0 0 0 0 0 0 0 0 51 0 0 0 3 17 12 0 14 0 0 13 0 0 0 0 0 0 0 0 0 2 0 0
0 0 0 0 0 0 0 0 174 2 0 0 0 0 1 0 2 0 1 0 0 0 0 0 0 0 0 0 0 0 0 0 0 0 0 0 0 0 0 0 0 0 0 0 0 0 0 0 0 0 1 0 0 0 0 0 0 0 0 0 0 0 0 0 0 0 0 0 0 0 0 0 0 0 0 0 0 0 0 0 0 0 0 0 0 0 0 0 0 0 0 0 0 0 0 0 0 0 0 0 0 0 0 0 0 0 0 0 0 0 0 0 0 0 0 0 0 0 0 0 0 0 0 0 0 0 0 0 0
0 0 0 0 0 0 0 0 0 0 0 0 0 0 0 0 0 0 0 0 0 0 0 0 0 0 0 0 0 0 0 0 0 0 0 0 0 0 0 0 0 0 0 0 0 0 0 0 0 0 0 0 0 0 0 0 0 0 0 0 0 0 0 0 0 0 0 0 0 0 0 0 0 0 0 0 0 0 0 0 0 0 0 0 0 0 0 0 0 0 0 0 0 0 0 0 0 0 0 0 0 0 0 0 0 0 0 0 0 0 0 0 0 0 0 0 0 0 0 0 0 0 0 0 0 0 0 0 0
0 0 0 0 0 0 0 0 0 0 0 0 0 0 0 0 0 0 0 0 0 0 0 0 0 0 0 0 0 0 0 0 0 0 0 0 0 0 0 0 0 0 0 0 0 0 0 0 0 0 0 0 0 0 0 0 0 0 0 0 0 0 0 0 0 0 0 0 0 0 0 38833 0 0 0 0 0 0 0 0 0 0 0 0 0 0 0 0 0 0 0 0 0 0 0 0 0 0 0 0 0 0 0 0 0 0 0 0 0 0 0 0 0 0 0 0 0 0 0 0 0 0 0 0 0 0 0 0 0
0 0 0 0 0 0 0 0 237 85 0 0 0 0 33 1003 0 12330 2997 0 0 0 0 0 2 36 0 0 0 0 0 0 0 0 0 0 0 0 0 0 32740 32740 32740 32740 0 74 1948 566 0 2 11 0 218 212 0 0 0 0 27 0 0 13 0 0 0 0 0 0 0 0 0 0 0 0 0 0 0 130 0 0 0 0 0 0 0 0 0 0 0 0 0 0 0 0 0 0 0 0 0 0 0 0 0 0 0 0 0 0 0 0 0 928 0 2239 120 297 147 197 145 22 55 1245 0 571 377 0 0 0 0
0 0 0 0 0 0 0 0 0 0 0 0 0 0 0 0 0 0 0 0 0 0 0 0 0 0 0 0 0 0 0 0 0 0 0 0 0 0 0 0 0 0 0 0 0 0 0 0 0 0 0 0 0 0 0 0 0 0 0 0 0 0 0 0 0 0 0 0 0 0 0 0 9 0 0 0 0 0 0 0 0 0 0 1 0 0 0 0 0 0 0 0 0 0 0 0 0 0 0 0 0 0 0 0 0 0 0 0 0 0 0 0 0 0 0 0 0 0 0 0 0 0 0 0 0 0 0 0 0
0 0 0 0 0 0 0 0 0 0 0 0 0 0 0 0 0 2 0 0 0 0 0 0 0 0 0 0 0 0 0 0 0 0 0 0 0 0 0 0 6975 6975 6975 6975 0 0 0 0 0 0 0 0 0 0 0 0 0 0 0 0 0 0 0 0 0 0 0 0 0 0 0 0 0 0 0 0 0 0 0 0 0 0 0 0 0 0 0 0 0 0 0 0 0 0 0 0 0 0 0 0 0 0 0 0 0 0 0 0 0 0 0 0 0 0 0 0 0 0 0 0 0 0 0 0 0 0 0 0 0
3 2 3 155 133 6 4 4 293 693 4 35 6 135 3 9 26 1 21 0 0 493 558 826 755 177 1087 224 500 161 4375 1280 12 0 0 0 0 58 14 0 0 0 0 0 0 97 55 599 0 27 186 0 30 306 158 1455 2087 182 92 28 67 59 636 6646 0 0 0 0 379 0 0 0 0 0 0 5 1 27 8 0 0 9 0 2428 244 0 0 0 0 0 0 0 0 11 0 4 0 0 3576 0 0 0 0 0 0 0 0 0 0 0 84 11 110 49 99 145 122 172 180 185 205 213 194 258 259 0 1535 0 0
0 0 0 43 5 1 0 0 13 17 0 8 7 0 14 0 7 0 6 110 0 321 0 0 5 3 192 0 2 262 0 0 0 0 0 1 0 2377 0 1464 0 0 0 0 0 9 91 7 0 5 27 0 114 95 173 101 0 28 3 12 9 11 99 5 0 0 0 0 75 2287 0 0 0 0 0 5 6 3 6 0 0 1 0 14 20 0 0 0 0 0 0 0 0 0 0 6 0 0 0 0 0 0 0 0 0 0 0 0 0 0 254 2 0 15 0 30 70 26 17 4 14 68 0 51 49 0 9 0 0
0 0 0 0 0 0 0 0 0 0 0 0 0 0 0 0 0 0 0 0 0 0 0 0 0 0 0 0 0 0 0 0 0 0 0 0 0 0 0 0 0 0 0 0 0 0 0 0 0 0 0 0 0 0 0 0 0 0 0 0 0 0 0 0 0 0 0 0 0 0 0 0 0 0 0 0 0 0 0 0 0 0 0 0 0 0 0 0 0 0 0 0 0 0 0 0 0 0 0 0 0 0 0 0 0 0 0 0 0 0 0 0 0 0 0 0 0 0 0 0 0 0 0 0 0 0 0 0 0
0 0 0 0 0 0 1 0 515 59 0 2 58 458 36 3 6 0 5 0 7 0 0 29 32 0 59 0 30 1 0 0 0 0 0 0 0 0 0 0 0 0 0 0 0 3 3 1 0 0 5 0 3 1 1 0 0 0 0 0 0 0 0 0 0 0 0 0 0 0 0 0 0 0 0 0 1 0 0 0 0 0 0 0 0 0 0 0 0 0 162 0 0 0 0 0 30 0 78 0 0 0 0 0 0 0 0 0 0 117 4 2 0 3 0 0 0 0 0 0 0 0 0 0 0 0 0 0 0
0 0 0 0 0 0 0 0 430 31 0 1 0 274 24 4 2 0 4 0 5 0 0 0 10 0 24 0 14 2 0 0 0 0 0 0 0 0 0 0 0 0 0 0 0 0 1 0 0 0 2 0 3 1 1 0 0 0 0 0 0 0 0 0 0 0 0 0 0 0 0 0 0 0 0 0 0 0 0 0 0 0 0 0 0 0 0 0 0 0 135 0 0 0 0 0 18 0 0 0 0 0 0 0 0 0 0 0 0 99 3 1 0 2 0 0 0 0 0 0 0 0 0 0 0 0 0 0 0
0 0 0 0 0 0 0 0 124 9 0 0 0 23 3 1 0 0 1 0 0 0 0 0 0 0 4 0 4 0 0 0 0 0 0 1 0 0 0 0 0 0 0 0 0 0 0 0 0 0 1 0 1 0 0 0 0 0 0 0 0 0 0 0 0 0 0 0 0 0 0 0 0 0 0 0 0 0 0 0 0 0 0 0 0 0 0 0 0 0 0 0 0 0 0 0 0 0 0 0 0 0 0 0 0 0 0 0 0 2 1 0 0 0 0 0 0 0 0 0 0 0 0 0 0 0 0 0 0
0 0 0 0 0 0 0 0 115 15 0 0 0 49 3 0 0 0 0 0 0 0 1 7 7 0 12 0 6 0 0 0 12 0 0 0 0 0 0 0 0 0 0 0 0 0 0 0 0 0 1 0 1 0 0 0 0 0 0 0 0 0 0 0 0 0 0 0 0 0 0 0 0 0 0 0 0 0 0 0 0 0 0 0 0 0 0 0 0 0 0 0 0 0 0 0 0 0 0 0 0 0 0 0 0 0 0 0 0 3 1 0 0 0 0 0 0 0 0 0 0 0 0 0 0 0 0 0 0
0 0 0 0 0 466 297 234 12 19 0 0 0 1 0 0 0 0 0 0 0 0 0 0 0 0 0 0 3 0 0 0 0 0 0 0 0 0 0 0 0 0 0 0 0 0 0 0 0 0 0 0 0 0 0 0 0 0 0 0 0 0 0 0 0 0 0 0 0 0 0 0 0 0 0 0 0 0 0 0 0 0 0 0 0 0 0 0 0 0 0 0 0 0 0 0 0 0 0 0 0 0 0 0 0 0 0 0 0 0 1 0 0 0 0 0 0 0 0 0 0 0 0 0 0 0 0 0 0
0 0 98 0 58 597 2385 5523 673 478 0 5 0 883 69 14 17 0 14 0 45 0 38 69 61 7 112 0 53 0 0 0 0 0 0 0 0 0 0 0 0 0 0 0 0 12 2 17 0 1 34 0 18 3 4 0 0 0 0 0 0 0 0 0 0 0 0 0 0 0 1 0 0 0 0 0 2 0 0 0 0 0 0 0 0 0 0 0 0 0 669 0 0 0 0 1 67 0 153 0 0 0 0 0 0 0 0 0 0 392 44 3 0 13 0 5 0 0 0 0 0 8 0 5 3 0 13 0 0
0 0 0 0 0 0 0 0 25 1 0 0 0 2 0 0 0 0 0 0 0 0 0 0 0 0 0 0 0 0 0 0 0 0 0 0 0 0 0 0 0 0 0 0 0 0 3454 0 0 1 0 0 0 4 10 1 0 0 0 0 0 0 0 0 0 0 0 0 0 0 0 0 4 0 0 0 0 0 0 0 0 0 0 0 0 0 0 0 0 0 0 0 0 0 0 0 0 0 0 0 0 0 0 0 0 12 0 0 0 0 1 5279 0 3756 0 0 0 0 0 0 0 0 0 0 0 0 0 0 0
0 1 14 0 5 589 373 366 232 41 423 0 0 76 6 2 2 0 1 0 0 0 0 0 7 0 17 120 8 0 50 150 67 0 0 0 0 0 0 28 0 0 0 0 0 1 0 2 0 0 2 0 0 0 0 0 0 0 0 0 0 0 0 0 0 0 0 0 0 0 0 0 0 0 0 0 0 0 0 0 0 0 0 2 0 0 0 0 0 0 0 0 0 1 0 0 0 0 0 0 0 0 0 0 0 0 0 0 0 34 3 0 0 0 0 0 0 0 0 0 0 0 0 0 0 0 104 0 0
0 0 0 3 0 14597 9445 10505 774 1118 7522 2262 330 1908 114 19 24 1 20 0 63 4 2054 1823 2985 52 804 342 387 0 0 0 0 89 0 332 808 24510 115 16555 0 0 0 0 0 46 7 35 0 35 132 0 34 21 0 19 34 2 31 0 6354 3 8 2 0 0 92 4 12 26142 12 0 29 0 145 0 79 18 0 0 0 54 0 50 297 0 0 0 0 0 959 0 0 0 2 3 113 0 2775 0 0 0 0 0 0 70 0 0 331 496 214 14 0 61 0 118 810 2946 13 0 1144 38 0 0 0 0 223 15 0
0 0 0 3 35 1685 845 1640 1047 861 322 8 0 1843 120 17 25 1 21 0 52 5 566 896 816 119 1243 178 578 0 3883 0 0 2 0 4 0 0 0 0 0 0 0 0 0 44 0 16 0 35 122 0 23 20 0 3 17 0 30 0 6 0 7 0 0 0 0 3 0 0 11 0 23 0 0 0 31 7 0 0 0 52 0 0 0 0 0 0 0 0 591 0 0 0 0 17 126 0 3951 0 0 0 0 0 0 0 0 0 0 416 52 5 0 13 0 45 2 7 0 0 0 10 0 0 0 0 391 0 0
0 0 128 2 40 502 304 636 229 302 499 1 87 2437 6 1 2 0 2 0 1 1 692 589 437 0 327 138 144 0 1171 245 0 0 0 0 0 0 0 0 0 0 0 0 0 0 1 14 0 14 52 0 0 6 10 0 0 0 6 0 2 0 1 0 0 0 0 2 0 0 3 0 3 0 0 0 7 0 0 0 0 10 0 69 0 0 0 0 0 0 609 0 0 3 0 1 0 0 832 0 0 0 0 0 0 0 0 0 0 367 17 0 0 2 0 6 0 0 0 0 0 0 0 0 0 0 42 0 0
1 2 4 5 17 1 0 0 8 22 0 3 27 5 21 1 19 0 15 9 16 7 2 9 9 2 16 3 3 28 0 0 1490 0 13131 1766 0 0 0 0 0 0 0 0 0 23 27 67 0 5 128 0 151 40 30 32 58 0 0 0 0 0 0 0 0 0 0 274 0 0 0 0 20 0 0 4 8 0 4 0 0 4 0 0 0 0 0 0 0 0 0 0 0 16 0 2 0 0 0 0 0 0 0 0 0 209 0 0 0 33 7 28 0 22 0 0 11 14 0 0 0 0 0 0 0 0 0 0 0
2 0 3 9 51 6 1 0 118 308 0 5 2 59 41 360 5 0 4 7 13 2 231 334 299 43 448 103 207 16 1771 511 4 0 0 0 0 11 12 0 0 0 0 0 0 9 11 132 0 10 39 0 13 58 8 8 13 15 5 0 2 4 4 5 0 0 2 1 6 0 4 0 0 0 0 5 8 21 3 0 0 23 0 0 40 0 0 0 0 0 0 0 0 1 0 26 0 0 0 0 0 0 0 0 0 65 0 0 0 0 33 2 0 22 43 76 32 58 54 43 62 82 41 101 100 0 19 0 0
0 0 0 0 1 0 0 0 5 5 0 1 0 3 3 23 2 0 2 2 0 6 0 1 0 1 16 0 1 7 0 0 1993 0 385 0 0 0 0 0 0 0 0 0 0 0 5 2 0 0 4 25 9 30 25 1 13 0 0 0 0 0 6 0 0 0 1 2 0 0 0 0 0 0 0 0 4 1 0 0 0 6 0 0 0 0 0 0 0 0 0 0 0 0 0 0 0 0 0 0 0 0 0 0 0 27 0 0 0 0 2 5 0 5 0 0 0 0 0 0 0 0 0 0 0 0 9 0 0
2 0 5 3 67 6 4 0 123 246 5 59 0 21 89 2058 240 5 194 345 323 579 24 59 42 100 458 43 34 410 0 91 104 181 2 74 0 420 16 1721 0 0 0 0 144 106 1562 47 0 25 129 0 355 574 435 209 307 116 14 83 0 148 196 51 0 0 0 209 136 2670 207 0 11 0 0 3 15 2491 2 0 0 0 0 2161 0 0 0 27 0 0 0 61 0 80 0 5 0 0 0 0 0 0 0 0 0 16 0 0 0 0 523 2107 0 1527 9 66 345 103 49 66 82 145 63 111 108 0 32 16 0
0 9 0 0 168 1 0 0 40 127 0 0 0 146 0 9 0 0 0 0 0 13 695 454 134 1549 70 1343 32 0 0 561 2 163 0 1536 0 0 24481 0 0 0 0 0 246 1507 76 131 0 134 330 0 16 65 37 36 0 0 1591 0 0 0 16 0 0 0 87 0 11 0 3 0 0 0 0 0 162 10 0 0 0 1 0 27 0 0 0 35 0 0 0 0 0 155 0 4 0 0 10 0 0 0 0 0 0 0 0 0 0 0 15 96 0 73 0 190 0 0 0 0 0 0 0 0 0 0 256 4 0
88 44 108 56 25 141 67 93 69 139 127 22 0 33 157 3 46 1 58 0 25 1412 12 12 2 5 1083 16 19 31 0 24 20 359 0 1 0 0 0 0 0 0 0 0 696 14 537 5 0 69 9 0 221 711 772 117 128 53 0 0 31 111 68 0 0 0 0 31 16 0 49 0 15 0 6 22 9 39 9 0 0 19 0 176 35 0 0 0 0 0 157 0 0 26 0 49 0 0 0 0 10 0 0 0 0 0 0 0 61 61 1223 54 0 74 0 69 224 0 0 0 0 264 0 164 130 0 0 54 0
0 0 62 563 0 65 35 12 578 884 44 69 0 552 540 1574 1162 24 940 22 0 39 260 342 282 117 146 483 114 0 0 391 184 142 43 30 0 1064 3924 0 0 0 0 0 696 200 45 600 34 843 701 57 78 388 167 127 56 32 87 6 0 49 1306 0 0 160 279 657 261 2 1926 432 417 435 450 284 504 200 291 320 425 105 0 158 770 0 790 20 0 0 270 4 0 49 6 211 281 0 0 0 861 404 0 168 0 345 0 448 99 125 59 16 186 82 0 1554 173 0 190 248 271 248 261 1796 295 681 677 172 0
0 0 0 0 0 0 0 0 0 0 0 0 0 0 0 0 0 0 0 0 0 0 0 0 0 0 0 0 0 0 0 0 0 0 0 0 0 0 0 0 0 0 0 0 0 0 0 0 0 0 0 0 0 0 0 0 0 0 0 0 0 0 0 0 0 0 0 0 0 0 0 0 0 0 0 0 0 0 0 0 0 0 0 0 0 0 0 0 0 0 0 0 0 0 0 0 0 0 0 0 0 0 0 0 0 0 0 0 0 0 0 0 0 0 0 0 0 0 0 0 0 0 0 0 0 0 0 0 0
0 0 0 0 0 0 0 0 0 0 0 0 0 0 0 0 0 0 0 0 0 0 0 0 0 0 0 0 0 0 0 0 0 0 0 0 0 0 0 0 0 0 0 0 0 0 0 0 0 0 0 0 0 0 0 0 0 0 0 0 0 0 0 0 0 0 0 0 0 0 0 0 0 0 0 0 0 0 0 0 0 0 0 0 0 0 0 0 0 0 0 0 0 0 0 0 0 0 0 0 0 0 0 0 0 0 0 0 0 0 0 0 0 0 0 0 0 0 0 0 0 0 0 0 0 0 0 0 0
0 0 0 0 0 0 0 0 0 0 0 0 0 0 0 0 0 0 0 0 0 0 0 0 0 0 0 0 0 0 0 0 0 0 0 0 0 0 0 0 0 0 0 0 0 0 0 0 0 0 0 0 0 0 0 0 0 0 0 0 0 0 0 0 0 0 0 0 0 0 0 0 0 0 0 0 0 1 0 0 0 0 0 0 0 0 0 0 0 0 0 0 0 0 0 0 0 0 0 0 0 0 0 0 0 0 0 0 0 0 13 0 0 0 0 0 0 0 0 0 0 0 0 0 0 0 0 0 0
0 0 0 0 0 0 0 0 0 0 0 0 0 0 0 0 0 0 0 0 0 0 0 0 0 0 0 0 0 0 0 0 0 0 0 0 0 0 0 0 0 0 0 0 0 0 0 0 0 0 0 0 0 0 0 0 0 0 0 0 0 0 0 0 0 0 0 0 0 0 0 0 0 0 0 0 0 3 0 0 0 0 0 0 0 0 0 0 0 0 0 0 0 0 0 0 0 0 0 0 0 0 0 0 0 0 0 0 0 0 79 0 0 0 0 0 0 0 0 0 0 0 0 0 0 0 0 0 0
0 0 0 0 0 0 0 0 0 1 0 0 0 0 0 0 0 0 0 0 0 0 0 0 0 0 0 0 0 0 0 0 0 0 0 0 0 0 0 0 0 0 0 0 0 0 0 0 0 0 0 0 0 0 0 0 0 0 0 0 0 0 0 0 0 0 0 0 0 0 0 0 0 20 0 0 0 0 0 0 0 0 0 0 0 0 0 0 0 0 0 0 0 0 0 0 0 0 0 0 0 0 0 0 0 0 0 0 0 0 0 0 0 0 0 0 0 0 0 0 0 0 0 0 0 0 0 0 0
0 0 0 0 0 0 0 0 0 0 0 0 0 0 1 6 0 0 0 0 0 1 0 0 2 6 1 0 0 0 0 0 47 0 0 84 0 0 0 0 0 0 0 0 3 0 0 0 0 1 8 51 1 2 1 0 0 0 0 0 0 0 1 0 0 0 0 4 0 0 0 0 0 0 0 6 1 0 3 0 0 1 0 0 0 0 0 0 0 0 0 0 0 0 0 0 0 0 0 0 0 0 0 0 0 0 0 0 0 0 0 5 0 4 0 0 0 0 0 0 0 0 0 0 0 0 0 0 0
1324 1049 423 84 2 384 113 167 4 9 210 55 0 0 4 121 0 0 0 0 0 0 0 0 2 29 0 0 0 0 0 1 0 0 0 0 0 0 0 0 0 0 0 0 29 23 0 0 0 1 7 0 0 0 0 0 0 0 0 0 0 0 0 0 0 0 0 0 0 0 0 0 0 0 0 0 0 0 0 0 0 0 0 0 0 0 0 0 0 0 0 0 0 2 0 0 0 0 0 0 0 0 0 0 0 0 0 0 0 0 0 0 0 0 0 0 0 0 0 0 0 0 0 0 0 2 0 0 0
4763 3771 1517 302 0 1353 403 596 17 35 731 199 0 11 3 79 0 0 0 0 0 0 0 2 3 41 0 0 0 0 0 0 0 0 0 0 0 0 0 0 0 0 0 0 17 38 0 0 0 2 10 0 0 0 0 0 0 0 35 0 0 3059 0 0 0 0 0 0 0 0 0 0 8 0 3 1 0 4 1 0 0 2 0 0 0 0 0 0 0 0 0 0 0 0 0 0 0 0 0 0 0 0 0 0 0 0 0 0 0 0 6 0 0 0 0 0 0 0 0 0 0 0 0 0 0 0 0 0 0
1180 935 385 102 12 294 98 139 283 138 161 56 38 77 122 86 128 3 110 809 1532 798 192 1152 1287 4413 604 359 41 1741 81 338 954 1499 70 1222 101 393 116 0 0 0 0 0 3321 4346 1103 2184 0 722 4165 193 891 1078 452 391 1145 62 4581 303 47 87 132 0 0 20 0 105 310 551 21 960 1529 436 1086 83 2533 331 103 1087 1292 2554 2285 997 55 0 111 0 0 0 0 0 0 7 0 17 0 0 0 0 0 0 0 174 0 0 0 0 130 1051 814 1058 0 771 27 25 250 91 79 12 30 111 0 49 47 0 226 0 0
0 0 0 0 0 0 0 0 0 0 0 0 0 0 0 0 0 0 0 0 0 0 0 0 0 0 0 0 0 0 0 0 0 0 0 0 0 0 0 0 0 0 0 0 0 0 0 0 0 0 0 0 0 0 0 0 0 0 0 0 0 0 0 0 0 0 0 0 0 0 0 0 0 0 0 0 0 0 0 0 0 0 0 0 0 0 0 0 0 0 0 0 0 0 0 0 0 0 0 0 0 0 0 0 0 0 0 0 0 0 0 0 0 0 0 0 0 0 0 0 0 0 0 0 0 0 0 0 0
0 0 0 0 0 0 0 0 0 0 0 0 0 0 0 0 0 0 0 0 0 0 0 0 0 0 0 0 0 0 0 0 0 0 0 0 0 0 0 0 0 0 0 0 0 0 0 0 0 0 0 0 0 0 0 0 0 0 0 0 0 0 0 0 0 0 0 0 0 0 0 0 0 0 0 0 0 0 0 0 0 0 0 0 0 0 0 0 0 0 0 0 0 0 0 0 0 0 0 0 0 0 0 0 0 0 0 0 0 0 0 0 0 0 0 0 0 0 0 0 0 0 0 0 0 0 0 0 0
23 19 26 350 300 42 26 27 647 305 31 140 106 202 91 6 19 0 16 149 123 188 914 602 437 84 190 1589 83 127 405 610 231 153 107 0 176 20 197 0 0 0 0 0 3077 0 1992 202 0 92 549 0 314 228 288 282 289 56 43 11 26 53 118 0 0 48 47 2564 747 0 16 3 82 0 18 151 135 77 226 0 0 105 0 177 469 40 474 0 0 0 8 0 0 295 1 54 501 0 148 0 0 2 0 0 0 0 0 0 0 0 252 2973 229 2172 210 244 312 380 349 284 302 278 303 326 329 5 282 13 0
39 15 35 3 0 71 40 39 11 30 55 10 0 42 0 12 0 0 0 0 0 34 0 0 0 0 32 0 0 33 0 0 0 0 0 0 0 0 0 0 0 0 0 0 0 0 11 0 0 0 1 0 0 1 0 0 0 0 0 0 1 3 0 0 0 0 0 0 0 0 0 0 0 0 0 22 5 0 19 0 0 12 0 0 0 0 0 0 0 0 0 0 0 0 0 1 0 0 0 0 0 0 0 0 0 0 0 0 0 0 33 0 0 0 0 0 0 0 0 0 0 9 0 6 3 0 0 0 0
0 0 2 0 0 0 0 0 4 9 0 0 0 0 0 0 0 0 0 0 0 2 0 0 0 0 2 0 0 1 0 0 0 0 0 0 0 0 0 0 0 0 0 0 0 0 0 0 0 0 0 0 0 0 0 0 0 0 0 0 1 5 0 0 0 0 0 0 0 0 0 0 0 0 0 13 3 2 21 0 0 11 0 0 0 0 0 0 0 0 0 0 0 0 0 0 0 0 0 0 0 0 0 0 0 0 0 0 0 0 2 0 0 0 0 0 0 0 0 0 0 4 0 5 2 0 0 0 0
0 0 0 24 16 0 0 0 10 29 0 0 0 22 3 0 6 0 5 0 0 27 0 0 0 0 2 0 0 3 472 1808 0 0 0 0 0 0 0 0 0 0 0 0 0 0 4 3 0 0 6 0 2 79 0 0 0 0 0 0 7 16 28 0 0 0 0 0 144 0 0 0 0 0 0 13 6 1 23 0 0 33 0 44 0 0 0 0 0 0 0 0 0 0 0 0 0 0 0 0 0 0 0 0 0 0 0 0 0 0 7 0 0 4 0 0 10 0 0 0 0 7 0 8 5 0 957 0 0
0 0 0 181 5 0 0 0 23 61 0 1 0 2 21 1 43 1 35 0 0 888 4 5 1 1 37 4 0 51 0 0 4 0 0 0 0 0 0 0 0 0 0 0 0 7 76 5 0 27 12 0 77 78 118 0 0 331 0 49 62 164 1077 0 0 3589 0 0 622 0 0 0 28 0 0 116 38 14 194 0 0 138 0 87 134 0 0 0 0 0 133 0 0 0 0 0 0 0 0 0 0 0 0 0 0 0 0 0 0 0 49 89 3 86 44 35 28 88 62 70 82 88 66 96 91 0 69 0 0
26 10 21 85 1 46 26 25 33 43 36 7 0 16 16 1 4 0 3 0 12 255 10 6 5 3 10 6 2 116 0 0 4 0 0 0 0 61 0 0 0 0 0 0 0 2 41 3 0 1 7 0 248 500 2473 725 0 142 0 1269 24 32 318 0 0 0 0 29 497 0 0 0 0 0 0 41 9 8 45 0 0 23 0 1090 36 0 0 0 0 0 0 0 0 0 0 0 0 0 0 0 0 0 0 0 0 0 0 0 0 0 47 57 0 56 11 29 334 88 59 8 21 44 1 52 48 0 13 0 0
0 0 0 222 7 0 0 0 49 138 0 3 0 1 0 3 13 0 11 0 0 7 12 17 4 2 35 26 22 6 0 43 25 43 0 1 0 4 0 0 0 0 0 0 0 4 576 4 0 4 13 0 14 14 11 0 0 0 2 0 67 78 0 0 0 203 4 116 145 0 0 0 695 0 0 273 812 173 491 0 0 582 0 0 204 0 7 0 0 0 0 0 0 12 0 1 0 0 0 0 0 0 0 0 0 67 0 0 0 0 28 638 0 552 0 0 0 0 0 0 0 0 0 0 0 0 82 71 0
0 0 0 4 0 0 0 0 2 5 0 1 6 0 0 0 0 0 9 0 0 4 0 18 21 15 25 1 1 0 0 0 0 47 0 9 0 0 3 0 0 0 0 0 0 9 2077 0 0 13 72 0 7 20 27 17 11 0 0 0 267 0 7 6630 0 32 0 16 42 23 8 11 27 16 14 10 1 6 0 0 30 46 0 0 0 0 0 0 0 0 0 0 0 1 0 0 0 0 0 0 0 0 0 0 0 12 0 0 0 0 43 3215 0 2294 0 0 0 55 25 0 0 0 0 0 0 0 1503 2 0
0 0 0 7 26 0 0 0 36 59 0 1 3 36 0 2 13 0 10 0 0 4 10 17 15 10 8 21 5 0 763 2765 12 136 6 13 0 24 63 0 0 0 0 0 0 16 886 16 0 18 52 0 15 16 23 0 0 172 13 0 113 1 0 716 0 661 1 204 373 0 0 0 0 0 0 54 31 0 103 0 0 102 0 23 0 0 1 0 0 0 17 0 0 4 0 2 0 0 0 0 0 0 0 0 0 86 0 0 0 0 90 1037 0 882 0 0 0 15 0 0 0 0 0 0 0 0 1678 22 0
0 0 0 3 0 0 0 0 1 2 0 0 9 0 0 0 0 0 0 0 0 0 0 0 0 0 0 0 0 0 0 0 0 9 0 7 12 3100 0 1925 0 0 0 0 0 0 1 0 0 0 2 0 0 0 0 0 0 0 0 0 0 0 0 0 0 0 8 1 0 3244 0 0 6 0 0 9 6 4 17 0 0 18 0 4 0 0 0 0 0 0 0 0 0 0 0 0 0 0 0 0 0 0 0 0 0 0 0 0 0 0 19 0 0 0 0 0 0 0 0 0 0 0 0 0 0 0 0 0 0
0 0 0 27 1 0 0 0 4 11 0 1 0 0 0 0 0 0 4 0 0 2 1 3 2 2 2 1 1 0 0 0 0 8 0 0 0 24 0 0 0 0 0 0 0 3 18 0 0 3 9 0 0 0 0 0 0 0 1 0 15 0 0 0 0 0 0 20 26 3 0 0 54 0 0 70 71 16 132 0 0 91 0 21 9 0 0 0 0 0 0 0 0 2 0 0 0 0 0 0 0 0 0 0 0 0 0 0 0 0 11 0 0 0 0 0 0 0 0 0 0 0 0 0 0 0 9 11 0
0 0 0 7 0 0 0 0 2 7 0 0 0 0 0 0 1 0 1 0 0 0 0 1 0 0 2 1 1 0 0 0 0 9 0 0 0 0 0 0 0 0 0 0 0 0 420 0 0 0 1 0 1 1 0 0 0 13 0 545 984 338 0 0 0 0 0 42 44 0 827 0 31 512 12 140 59 15 183 0 0 19 0 3 0 0 0 0 0 0 0 0 0 1 0 0 0 0 0 0 0 0 0 0 0 0 0 0 0 0 11 481 0 415 0 0 0 0 0 0 0 0 0 0 0 0 17 0 0
10 4 7 132 5 22 10 11 38 48 13 5 3 0 9 246 82 1 66 0 0 58 2 14 14 24 6 4 4 20 0 4 4 811 0 33 0 213 101 96 0 0 0 0 0 31 43 36 16 19 58 8187 57 88 78 136 67 1877 0 0 290 213 148 0 0 1431 71 391 2527 220 251 143 407 95 145 133 507 124 329 63 161 358 231 180 219 0 0 16 0 0 130 58 0 10 1 14 0 0 0 0 0 0 0 0 0 167 0 0 0 0 116 0 0 35 0 0 0 544 311 0 0 94 0 122 90 0 312 14 0
150 66 135 396 432 265 145 156 1125 624 208 40 262 233 238 4768 306 6 247 556 442 684 610 406 283 39 454 1254 106 461 490 857 313 819 62 99 1993 676 340 414 0 0 0 0 2468 103 1444 60 93 1828 304 1190 541 689 581 1000 770 12265 35 10625 6777 7440 6521 9556 0 5816 2064 2803 1792 450 8883 189 498 185 204 271 469 289 259 102 325 317 159 931 1056 0 196 0 0 0 430 0 0 448 0 26 27 0 150 0 0 4 0 23 0 855 0 0 0 24 1202 1991 1253 1678 721 950 977 3928 3281 1338 1356 1181 1402 1409 1436 4 2933 61 0
171 68 178 166 304 14 13 8 83 119 14 22 83 72 87 368 106 2 86 458 349 395 22 28 20 11 290 38 14 384 10 54 21 68 76 21 181 95 83 0 0 0 0 0 140 30 622 33 0 171 88 0 237 113 159 0 296 0 0 0 73 23 126 0 0 0 152 1380 43 61 109 494 369 640 268 1190 504 237 1210 210 276 40 0 132 233 8 0 0 0 0 31 0 0 319 0 12 0 0 0 0 0 0 0 0 0 0 0 0 0 0 452 773 0 632 357 217 186 348 322 237 248 249 252 268 272 0 45 0 0
14 17 12 2 4 21 9 6 23 71 21 128 22 0 70 1 196 4 159 315 374 562 7 9 1 2 451 11 14 435 0 1 5 5 0 0 45 0 64 0 0 0 0 0 0 57 201 8 4 3477 76 0 160 15 27 23 125 0 0 0 0 2 3 0 0 0 0 2 0 0 2 0 5 0 0 0 3 0 1 0 0 0 0 0 0 0 1 0 0 0 0 0 0 5 3 32 0 0 0 0 0 21 0 0 0 0 0 0 0 0 524 0 0 1 0 0 0 0 0 0 0 49 0 0 0 9 0 13 0
1 0 0 2 2 1 1 0 10 16 1 78 0 6 1 0 2 0 1 2 3 1 0 0 0 0 1 0 0 3 0 0 0 0 0 0 0 31 0 0 0 0 0 0 0 0 2 4 0 0 24 0 26 10 5 5 0 0 0 0 0 0 0 0 0 0 0 0 0 0 0 0 0 0 0 2 2 13 7 0 0 2 0 0 8 0 328 0 0 0 0 0 0 0 0 33 0 0 0 0 0 0 0 0 0 0 0 0 0 0 57 3 0 13 27 46 14 94 76 27 34 42 26 53 52 0 0 28 0
0 5 0 0 12 0 1 0 158 318 0 9 0 16 1 0 0 0 0 0 0 1 15 25 4 0 60 33 38 4 0 55 29 1197 0 27 0 0 0 0 0 0 0 0 0 15 7 2 0 1170 30 0 32 27 0 0 0 0 0 0 0 0 0 0 0 0 1372 5 0 0 0 0 33 0 6 32 25 86 21 0 0 0 0 0 223 0 33 263 0 0 0 490 0 0 21 333 110 0 0 0 0 0 0 0 0 0 0 0 0 0 2 4 570 8 282 343 221 399 475 552 366 464 589 579 593 0 0 0 0
410 268 369 119 82 760 483 466 307 243 548 45 0 357 477 318 344 7 278 228 0 26 69 69 42 27 82 82 44 224 0 227 145 25 1271 43 0 56 155 0 0 0 0 0 179 44 36 26 0 218 103 8 177 364 89 102 201 46 0 13 0 0 45 0 0 0 234 1310 160 0 33 0 57 0 13 68 56 57 13 0 0 9 0 227 151 0 470 18 0 0 223 17 0 79 1 198 45 0 0 0 81 105 0 0 0 54 0 64 402 190 65 59 169 85 0 248 256 0 0 199 206 180 211 223 227 213 299 972 0
0 0 0 0 0 0 0 0 1 1 0 0 0 0 1 0 2 0 2 137 134 7 0 0 0 0 0 0 0 162 0 0 0 1 0 0 0 0 0 0 0 0 0 0 0 3 1 1 0 1 1 0 82 17 31 26 72 218 0 213 145 215 0 0 0 0 0 0 8 0 0 0 0 0 0 0 0 1 0 0 0 0 0 16 0 0 0 0 0 0 0 0 0 0 0 2 0 0 0 0 0 0 0 0 0 0 0 0 0 0 123 0 0 0 0 0 0 0 0 0 0 0 0 0 0 0 14 0 0
5 25 56 98 19 5 5 15 48 41 5 37 21 31 118 0 28 1 22 226 240 146 31 26 18 10 112 55 11 271 9 55 36 45 55 21 133 57 15 0 0 0 0 0 68 14 43 5 0 47 29 0 110 31 40 37 128 2 0 651 49 28 52 0 0 0 49 23 33 28 133 0 8 0 5 1 3 18 0 1386 1775 0 0 60 0 0 13 0 0 0 0 0 0 17 0 6 2 0 0 0 0 0 0 0 0 0 0 5 0 0 177 5 0 22 27 30 65 64 45 0 0 29 0 18 13 0 55 52 0
0 0 5 14 1 1 0 0 6 5 1 5 0 4 15 20 4 0 3 17 30 46 2 2 2 1 36 2 0 36 0 0 0 0 0 0 0 6 0 0 0 0 0 0 8 2 13 0 0 5 3 0 9 1 0 0 4 0 0 55 0 0 0 0 0 0 0 2 0 0 16 0 0 0 0 0 0 4 0 171 201 0 0 1 0 0 0 0 0 0 0 0 0 0 0 1 0 0 0 0 0 0 0 0 0 0 0 0 0 0 89 0 0 0 0 0 0 0 0 0 0 0 0 0 0 0 0 0 0
6 34 69 107 27 6 7 19 58 52 6 53 24 63 161 202 41 1 33 302 322 192 38 34 24 15 150 65 14 363 5 61 44 50 56 27 118 65 15 0 0 0 0 0 0 20 65 31 0 69 46 2 143 38 44 15 164 146 0 710 37 25 0 0 0 0 72 29 44 45 151 0 10 0 6 1 4 24 1 1648 2111 0 0 68 0 0 0 0 0 0 20 29 0 25 4 9 3 0 0 0 0 6 0 0 0 0 0 65 0 19 228 6 0 28 29 39 82 78 51 0 0 36 0 20 13 0 48 42 0
0 0 49 81 0 5 5 0 46 39 0 39 17 40 120 149 30 1 24 220 235 145 27 24 18 11 107 10 10 262 0 21 13 39 39 22 74 53 0 0 0 0 0 0 30 14 40 0 0 52 34 0 101 29 35 6 113 100 0 572 44 20 0 0 0 0 40 22 0 0 122 0 7 0 0 1 3 17 1 1326 1685 0 0 55 0 0 0 0 0 0 0 0 0 12 0 6 0 0 0 0 0 3 0 0 0 0 0 0 0 0 140 4 0 21 28 30 65 65 47 0 0 28 0 17 12 0 36 51 0
0 0 0 0 0 0 0 0 0 0 0 0 0 0 0 1 0 0 0 0 0 0 0 0 0 0 0 0 0 0 0 0 0 0 0 0 0 0 0 0 0 0 0 0 0 0 1 0 0 0 0 0 0 0 0 0 0 0 0 0 0 0 0 0 0 0 0 0 0 0 0 0 0 0 0 0 0 0 0 3 2 0 0 0 0 0 0 0 0 0 0 0 0 0 0 0 0 0 0 0 0 0 0 0 0 0 0 0 0 0 0 0 0 0 0 0 0 0 0 0 0 0 0 0 0 0 0 0 0
0 0 0 0 0 0 0 0 0 0 0 0 0 0 0 0 0 0 0 0 0 0 0 0 0 0 0 0 0 0 0 0 0 0 0 0 0 0 0 0 0 0 0 0 0 0 0 0 0 0 0 0 0 0 0 0 0 0 0 0 0 0 0 0 0 0 0 0 0 0 0 0 0 0 0 0 0 0 0 0 0 0 0 0 0 0 0 0 0 0 0 0 0 0 0 0 0 0 0 0 0 0 0 0 0 0 0 0 0 0 11 0 0 0 0 0 0 0 0 0 0 0 0 0 0 0 0 0 0
0 0 0 0 0 0 0 0 1 0 0 0 0 1 3 4 0 0 1 0 0 4 0 0 0 0 3 0 0 6 0 0 1 0 0 0 0 0 0 0 0 0 0 0 3 0 0 0 0 1 1 0 0 0 0 0 0 0 0 8 0 0 0 0 0 0 1 0 0 0 0 0 0 0 0 0 0 0 0 15 0 0 0 0 0 0 0 0 0 0 0 0 0 0 0 0 0 0 0 0 0 0 0 0 0 0 0 0 0 0 2 0 0 0 0 0 0 0 0 0 0 0 0 0 0 0 0 0 0
0 0 0 23 0 0 4 0 246 0 0 288 0 0 0 0 0 0 0 0 0 10634 0 0 0 0 8134 0 64 0 2 0 0 0 0 0 0 0 0 0 13 13 13 13 0 0 3882 0 0 0 0 0 0 0 0 0 0 0 67 0 0 0 0 0 0 0 0 0 0 0 0 0 3 0 0 0 0 43 0 0 0 0 0 0 0 0 0 0 0 0 0 0 0 0 0 150 0 0 0 0 0 0 0 0 0 0 0 0 0 0 9338 317 0 1263 0 0 0 0 0 0 0 2285 0 1618 0 0 0 0 0
6 33 64 101 28 5 6 17 96 57 5 52 28 82 164 450 41 1 33 681 719 415 65 62 50 28 315 118 16 816 32 134 68 97 100 49 120 121 27 0 0 0 0 0 85 40 142 63 0 148 102 75 316 76 90 98 334 510 4 22 118 112 122 0 0 0 151 55 81 93 289 0 0 0 0 0 2 0 1 0 0 0 0 0 0 0 18 0 0 0 0 29 0 25 4 9 3 0 0 0 0 9 0 0 0 0 0 66 0 31 405 14 0 33 52 46 103 104 85 0 0 61 0 27 23 0 106 109 0
20 118 228 361 130 19 22 62 195 376 18 187 61 291 546 431 146 3 118 643 682 393 264 332 278 67 689 218 203 769 1431 561 85 89 105 46 151 115 47 0 0 0 0 0 191 51 133 63 0 142 109 1 306 81 78 4 306 241 0 1291 98 40 79 0 0 0 148 56 88 79 278 0 0 0 0 0 10 29 2 3197 0 0 0 0 0 0 106 0 0 0 129 103 0 87 15 33 12 0 1053 0 0 51 0 0 0 0 0 243 0 163 470 28 208 92 265 183 346 318 316 57 75 136 49 117 113 0 195 507 0
0 1 1 3 1 0 0 0 0 1 0 1 0 1 4 0 106 2 85 0 0 1 0 0 0 0 0 0 0 0 0 0 0 0 0 0 34 0 0 0 0 0 0 0 0 0 0 0 0 1 4 0 0 0 0 0 0 0 0 0 0 0 0 0 0 0 0 0 0 0 0 582 1639 0 1 0 0 393 0 0 0 0 0 76 0 0 0 0 0 0 0 1 0 0 0 0 0 0 0 0 0 0 0 0 0 0 0 0 0 0 0 0 0 0 0 0 0 0 0 0 0 0 0 0 0 0 0 0 0
20 65 208 187 59 19 22 63 333 130 18 104 78 302 274 5 75 2 61 337 351 471 228 207 170 83 191 425 43 361 210 512 244 353 409 183 155 594 212 345 2 2 2 2 3 94 89 217 0 264 344 13127 310 336 445 909 847 1961 31 1015 92 48 509 0 0 195 355 276 428 684 224 5590 15757 1838 1251 3928 17738 3812 3496 2572 3294 0 0 3343 0 0 28 0 0 0 0 56 0 6 8 17 0 0 0 0 0 0 0 0 0 106 0 0 0 0 233 29 0 64 109 91 360 219 184 0 3 68 0 57 51 0 312 0 0
13 29 129 77 21 13 8 41 67 43 10 37 0 49 130 441 31 0 25 0 0 1 26 45 47 29 18 50 10 0 0 3 0 5 51 10 0 0 0 0 0 0 0 0 20 28 11 74 0 60 113 0 2 32 0 0 0 73 6 0 0 0 0 0 0 0 46 6 2 0 0 0 0 0 0 1 4 14 5 964 1263 0 0 0 0 0 0 0 0 0 0 0 0 18 0 5 0 0 0 0 0 0 0 0 0 0 0 0 0 0 7 0 0 21 40 27 46 54 48 0 0 17 0 21 18 0 46 55 0
36 65 64 747 4 67 43 30 385 176 34 43 31 336 20 42 5 2 57 0 0 36 77 62 50 22 34 106 17 47 0 231 117 80 0 40 55 45 0 0 0 0 0 0 83 27 12 47 0 42 49 0 41 63 59 0 0 0 13 15 17 0 63 0 0 0 32 0 0 0 61 172 255 229 371 117 341 187 193 349 185 617 279 35 0 0 0 0 0 0 204 0 0 0 0 91 14 0 0 0 0 0 0 0 0 0 0 0 39 168 62 0 0 79 0 151 0 0 0 0 0 332 0 382 297 11 186 75 0
2686 1164 2585 8838 7284 226 228 279 838 1324 229 1342 733 155 1896 265 7042 145 5695 2366 2152 1745 184 244 155 117 1015 234 177 1255 116 653 231 391 89 8 2765 738 933 554 0 0 0 0 1 331 420 357 593 2599 553 0 1257 1085 2634 259 1766 643 67 597 455 1898 868 247 1038 0 2884 171 598 832 320 4915 4177 7985 10075 7976 5332 2238 7373 10070 3602 1311 1187 1508 10814 0 570 215 0 1620 2068 482 134 7709 215 463 4 1110 0 333 550 616 1415 6235 0 690 0 6547 1111 1400 1307 198 4153 1046 4195 2527 1942 2594 2794 4093 4258 3543 4388 4073 4087 499 1617 698 0
16 401 20 157 49 25 25 0 181 165 25 1808 256 216 70 1373 88 3 71 247 29 29 29 30 19 14 32 46 20 2 22 78 33 82 200 19 16 135 50 0 1 1 1 1 1463 28 7 22 0 35 34 0 119 102 115 133 144 0 14 0 400 6 54 8554 0 3220 0 0 0 0 47 0 31 462 17 636 28 2008 561 0 0 68 0 41 298 0 0 9 0 0 329 0 505 26 658 303 8152 0 0 0 0 399 0 889 0 82 0 0 0 116 132 19 202 62 8224 442 154 238 243 242 257 230 258 283 287 772 1952 240 0
72 107 76 141 28 108 49 66 154 63 106 110 0 2092 128 110 133 3 107 211 356 35 19 20 15 11 18 24 10 447 4 35 73 344 175 77 0 0 228 0 0 0 0 0 356 23 124 29 33 93 54 48 212 137 82 132 161 37 8 188 90 94 106 0 40 55 90 934 0 0 100 258 174 138 613 108 217 226 21 334 443 248 195 197 531 0 0 0 0 14 71 0 0 0 837 17 2251 0 0 0 0 44 0 109 0 244 0 0 0 0 38 191 215 206 306 98 695 1005 961 964 705 452 665 401 427 150 195 350 0
3294 1593 3148 1081 377 5985 3494 3456 9904 3489 4445 1933 1220 6349 3232 85 998 21 807 3453 4234 1994 3753 3357 2646 727 1559 7039 963 4471 4700 8391 12983 6353 505 13120 360 4070 1901 3154 0 0 0 0 1927 950 98 818 3910 9257 4314 5754 4263 4163 7471 6839 5964 9907 868 7647 4671 5783 12382 7319 3196 5093 9973 4750 4516 3870 14295 1747 5192 244 2389 803 1238 1091 819 1740 2206 7716 7539 5963 3266 1049 2209 158 0 2760 3563 146 193 126 0 338 2959 0 2102 138 181 2604 0 1116 0 1621 0 27 0 3754 921 125 8067 999 2879 853 3597 2124 1694 6059 4953 4841 4557 5825 5621 504 5936 1719 0
727 616 609 460 662 1670 796 678 2050 513 991 612 629 4862 287 1269 401 3330 1123 846 1168 7005 355 441 435 130 4580 282 109 1195 636 1329 999 553 6195 610 112 745 1392 298 15 15 15 15 0 202 2107 148 712 2195 866 842 1864 1284 1171 4214 1371 2374 154 1233 579 3306 3645 929 279 714 2300 761 2221 277 2981 175 599 329 356 2 325 261 1 176 153 1391 1147 1493 2208 0 303 0 0 0 912 0 0 658 3178 14786 2690 0 0 0 6 828 0 1733 0 560 0 0 0 631 5291 84 3750 224 563 696 1712 858 871 4645 4537 1263 3573 889 905 672 1155 743 0
0 1028 40 39 301 39 29 0 319 308 26 591 44 536 227 45 276 6 240 242 259 327 0 0 33 3 302 0 55 150 0 0 0 313 164 29 86 62 0 0 0 0 0 0 426 44 176 33 30 220 138 0 163 101 151 0 201 4129 16 0 33 51 122 0 0 0 230 160 379 0 102 5 77 0 29 32 150 56 75 52 0 333 148 114 0 0 0 0 0 0 0 47 0 308 0 165 567 0 0 0 0 474 0 87 0 438 0 7 595 232 337 104 0 95 0 0 0 34 0 0 0 43 0 11 0 1874 0 0 0
8 120 11 44 267 12 21 2 189 235 5 481 0 63 135 840 44 1 36 711 467 46 58 145 144 168 39 108 25 462 26 79 39 100 51 10 0 32 127 0 0 0 0 0 381 178 25 48 321 155 437 15 557 280 548 320 592 7617 175 157 79 108 154 0 229 18 93 355 0 0 162 27 266 0 8 837 540 517 535 0 0 0 0 382 283 0 346 17511 0 119 0 0 0 220 137 755 26 0 0 0 47 42 0 195 0 96 0 0 0 0 142 65 514 140 394 457 326 510 528 504 519 430 546 536 549 219 39 69 0
443 619 332 255 3138 773 436 498 2586 1967 328 4031 3024 1425 2275 1895 285 6 231 11845 7408 1514 1748 1179 769 685 646 3457 433 8060 983 1892 1665 1894 2138 1244 1351 1777 1220 1619 2 2 2 2 681 1008 1388 1355 790 802 1665 2780 4777 2168 3126 6001 6239 2385 657 2410 3963 2147 2207 889 1353 1298 753 49133 2381 1523 547 325 478 151 435 301 517 639 482 205 32 1873 1751 1925 1259 0 0 1089 0 989 39 919 0 3131 417 1101 0 0 407 0 0 0 0 485 0 2224 18693 86 144 47 1072 2095 2104 1975 2043 1909 1795 4972 4251 1757 2086 1718 1959 2123 2173 474 1373 571 0
0 0 0 3 14668 0 3 0 41 142 0 30 0 19 13 392 0 0 0 0 3 0 82 119 106 13 169 31 79 0 646 188 0 0 0 0 0 0 0 0 0 0 0 0 0 1 0 1 0 0 4 0 28 17 8 2 1 0 0 0 0 0 0 0 0 0 0 1 0 0 0 0 1 0 0 1 2 0 1 0 0 41 0 0 5 0 0 349 0 0 0 0 0 0 0 35 0 0 0 0 0 0 0 3 0 0 0 0 0 0 8 0 0 1 0 684 0 53 35 0 0 0 0 0 0 0 0 0 0
0 20 0 108 26 0 0 0 3933 79 0 20 7 455 1 0 0 0 0 88 59 11 5 11 6 18 26 9 11 18 0 18 784 37 84 186 65 37 156 0 0 0 0 0 0 19 31 35 12 2 22 0 10 15 6 10 6 4 19 4 3 26 4 0 5 8 0 6 0 0 1 7 18 0 13 0 10 5 0 0 0 0 0 16 329 0 0 0 1190 0 77 0 0 52 0 225 0 0 0 0 0 0 0 0 0 2 0 0 0 0 14 37 0 28 0 0 0 1 4949 0 0 10624 0 8 6 0 0 51 0
0 0 0 0 0 0 0 0 0 0 0 0 0 0 0 0 0 0 0 0 0 0 0 0 0 0 0 0 0 0 0 0 0 0 0 0 0 0 0 0 0 0 0 0 0 0 0 0 0 0 0 0 0 0 0 0 0 0 0 0 0 0 0 0 0 0 0 0 0 0 0 0 0 0 0 0 0 0 0 0 0 0 0 0 0 0 0 0 0 0 0 0 0 0 0 0 0 0 0 0 0 0 0 0 0 0 0 0 0 0 0 0 0 0 0 0 0 0 0 0 0 0 0 0 0 0 0 0 0
0 83 0 0 5 1 0 0 13 27 1 2 7 1 7 1 27 1 22 48 37 20 0 0 0 0 5 0 3 12 0 0 20 3 31 50 10 10 32 0 0 0 0 0 0 12 4 6 4 53 16 0 57 41 159 67 85 12 3 4 3 4 27 1 0 4267 27 10 0 0 15 0 4 0 2 0 2 1 0 0 0 18 12 87 0 0 0 0 0 0 0 0 14 2 26 30 0 0 0 0 0 0 0 0 0 255 0 85 0 0 37 2 0 4 0 0 13 51 18 0 0 0 0 0 0 0 0 14 0
159 100 163 63 849 280 191 183 1613 3651 211 3274 301 787 453 656 50 3 40 1969 1568 149 2802 3750 3250 441 4844 2015 2281 1016 18970 6196 533 703 531 379 78 303 318 221 0 0 0 0 89 127 18 224 394 472 559 217 742 471 519 634 652 643 62 318 199 242 548 389 254 8066 409 271 551 48 595 176 281 7 220 283 326 300 198 61 30 428 379 376 248 0 839 3272 1102 439 280 2174 3844 319 602 2517 12389 0 16053 0 0 443 0 687 0 500 0 0 72 77 318 39 367 217 729 642 360 540 501 384 398 345 410 410 416 64 367 164 0
0 1308 0 360 1219 89 53 54 383 500 0 316 63 1347 969 31 273 6 220 0 201 328 0 20 20 0 336 0 93 152 0 0 0 129 87 124 90 0 809 508 0 0 0 0 657 64 106 22 98 304 116 0 199 124 160 166 156 55 17 52 38 52 114 60 0 174 393 59 204 3 120 170 210 184 180 345 227 158 219 103 0 2134 2008 165 511 249 473 176 0 385 295 71 0 797 23 119 187 0 0 1214 1103 1240 0 165 1735 422 0 293 262 362 380 22 436 107 409 514 280 356 386 0 461 413 0 474 482 0 193 976 0
126 510 242 439 692 218 122 126 1188 820 171 346 442 646 1983 455 1133 23 916 1101 530 2249 367 378 278 606 329 529 206 398 396 971 787 14763 1551 588 1359 14499 887 8606 0 0 0 0 975 664 104 992 493 967 675 476 514 800 534 7798 668 1323 588 1709 491 11848 2982 253 621 728 1064 543 2253 14767 195 1510 1500 1424 1840 905 1848 832 711 1765 1975 1308 1213 426 2777 0 1083 1396 0 1435 1242 1668 175 690 235 1079 606 338 0 0 1253 2949 0 948 0 651 0 1514 0 429 350 74 722 371 1344 818 572 754 756 7883 6631 624 773 754 768 839 675 1165 0
914 737 767 193 269 1640 946 1067 309 1425 1245 977 162 1211 296 20 138 3 112 238 666 53 57 3887 43 177 67 72 41 730 77 179 188 237 131 132 112 157 0 0 96 96 96 96 395 187 114 543 108 244 84 119 369 443 325 207 349 139 178 330 273 309 79 68 130 181 247 123 208 0 31 476 557 2239 1405 2145 663 226 2806 1393 1726 1758 1732 402 367 0 360 187 0 0 1 0 357 271 54 280 388 179 0 0 0 0 0 539 0 136 0 0 0 70 108 114 210 132 223 5009 241 229 237 244 256 224 259 276 280 373 0 95 0
8 33 12 21 100 13 7 5 171 443 12 51 35 390 47 1 54 1 44 308 391 542 361 517 463 60 1114 162 323 443 2847 839 26 59 63 21 13 17 9 0 2 2 2 2 0 15 188 17 13 48 31 0 175 34 58 59 141 33 1 37 42 41 41 25 0 8 0 7 82 0 42 0 17 0 0 8 8 12 6 0 0 41 7 27 25 0 0 0 0 0 0 0 174 26 171 296 159 0 0 0 5414 0 0 0 0 0 0 0 0 0 537 2 0 15 14 27 22 28 19 6 13 77 2 31 30 0 0 0 0
146 728 604 5565 1140 253 149 156 2186 2699 197 369 638 4037 8488 1015 1420 30 1148 287 287 480 830 709 327 331 1312 1101 677 232 620 2057 1634 659 2145 849 936 457 1191 819 0 0 0 0 5353 342 152 116 585 994 546 415 516 588 535 649 428 308 90 608 373 458 966 335 652 580 1142 335 1450 228 1151 584 805 784 1172 1317 719 1089 1673 835 1088 2053 1991 555 7344 0 2880 1676 2338 6604 3585 323 409 1102 534 287 1225 490 646 390 556 1461 0 2135 1789 1296 0 791 673 1756 472 177 4320 1015 4160 5187 1897 2836 3230 4057 4153 3380 4364 4082 4154 1489 1282 2738 0
35 43 55 101 19 65 40 0 212 239 40 459 155 12 99 3 209 5 169 514 675 1129 34 36 24 7 878 38 26 759 11 91 37 128 28 5 67 127 149 0 0 0 0 0 0 24 387 13 0 203 43 9577 278 82 118 131 305 16 3 74 55 70 173 52 0 16 160 181 29 85 179 77 82 119 124 168 189 149 279 91 63 186 139 120 309 0 0 0 0 0 0 0 0 0 16 40 3043 0 0 0 0 2 0 0 75 228 0 0 0 62 1169 25 386 121 453 366 226 342 374 398 416 455 427 439 447 42 76 3 0
45 1206 83 191 213 77 54 37 653 805 59 230 91 907 1383 2414 949 21 768 349 386 616 193 282 206 110 656 269 168 377 179 564 329 175 603 89 429 264 350 575 0 0 0 0 1190 157 209 266 571 524 640 335 407 495 453 387 508 160 76 136 96 125 298 134 86 280 1009 4421 228 43 253 2603 1722 3365 2937 1893 2329 752 1615 2889 3418 5281 5224 547 587 534 892 158 25 909 15 105 617 191 127 203 6797 373 0 2444 2048 3010 0 0 0 1460 0 1163 128 536 678 19 248 82 293 493 343 504 440 286 301 306 305 314 317 2385 539 1513 0
11 79 2 18 13 25 0 0 165 152 0 24 0 162 116 1024 321 7 261 97 140 218 44 201 221 45 176 6 0 153 0 79 45 0 0 0 0 41 217 0 0 0 0 0 31 59 189 855 58 496 690 3078 92 492 191 27 224 0 0 0 16 14 19588 0 0 63 477 333 0 0 27807 152 110 466 495 0 111 312 0 7304 164 90 0 180 115 0 0 0 0 0 0 0 0 4 0 4 0 0 0 0 0 50 0 0 0 0 0 0 0 0 206 43 0 127 226 21 68 124 85 0 0 53 4295 41 37 59 43 0 0
1781 5080 2144 1351 5174 2715 1252 1826 4156 5364 2577 2423 1754 6724 9484 1918 10975 227 8880 3258 1955 2264 6252 4582 3174 2956 2883 8405 1302 1894 2170 4243 2713 2629 6429 1447 5011 1635 2741 2542 4 4 4 4 7990 3211 4366 5144 3798 4648 5600 1189 2317 3293 2490 3572 2972 1800 2806 3087 1572 1402 1782 974 553 2002 4217 1605 2695 855 967 4328 5077 5790 4896 8504 5516 1961 8259 4171 5376 11899 11751 2688 2839 359 4314 3686 2834 7602 5194 1381 0 5237 2288 16321 5386 1741 1804 4947 3304 4960 994 5247 1218 5571 0 1447 3429 3419 2364 5403 2534 4365 2296 7066 2189 2348 2385 2468 2536 2196 2667 2530 2572 8956 5251 3692 0
16 606 42 639 263 33 26 21 390 523 25 362 106 336 1146 164 7329 151 5928 188 1488 132 263 319 255 71 436 191 220 1594 1346 637 136 201 87 10 2392 60 266 0 0 0 0 0 6027 224 69 52 164 1077 151 615 738 139 115 373 74 177 32 76 76 139 226 110 49 28 1079 106 216 0 109 0 254 0 73 184 271 169 164 0 0 580 449 18 597 0 2442 3208 0 823 0 3669 0 228 567 940 0 1067 0 0 1308 191 0 989 0 289 0 0 0 402 105 66 458 127 276 538 245 418 455 514 524 476 543 580 586 64 183 182 0
6 242 23 41 57 83 52 20 864 2437 60 36 76 185 120 55 156 3 126 37 46 13 113 215 55 6 654 107 407 17 0 427 200 26 13 13 80 35 0 0 0 0 0 0 654 32 3 15 0 145 135 21 84 93 149 139 82 34 12 38 26 31 66 23 122 191 279 108 386 0 73 171 412 396 686 374 302 86 308 249 171 1039 922 6 0 0 410 199 2169 379 0 34 0 210 8 19 1087 0 0 116 115 273 0 675 0 182 0 595 0 38 27 1 65 42 145 246 72 74 53 152 180 177 154 192 183 437 0 174 0
0 1865 0 44 13 6 3 0 113 64 8 16 0 36 122 686 46 1 37 9 9 16 0 0 0 0 16 0 9 0 0 0 0 0 38 26 6 24 0 0 0 0 0 0 110 69 10 10 0 75 51 0 39 22 41 49 32 22 11 23 29 25 33 13 0 18 49 21 30 0 25 6 102 0 0 28 118 37 11 0 0 731 596 5 0 0 0 10 0 0 0 53 0 11 7 75 17 0 0 0 0 11 0 0 0 111 0 0 0 0 12 4 0 15 5 43 36 48 38 15 33 64 9 78 75 3790 0 6074 0
0 0 0 0 0 0 0 0 0 0 0 0 0 0 0 0 0 0 0 0 0 0 0 0 0 0 0 0 0 0 0 0 0 0 0 0 0 0 0 0 0 0 0 0 0 0 0 0 0 0 0 0 0 0 0 0 0 0 0 0 0 0 0 0 0 0 0 0 0 0 0 0 0 0 0 0 0 0 0 0 0 0 0 0 0 0 0 0 0 0 0 0 0 0 0 0 0 0 0 0 0 0 0 0 0 0 0 0 0 0 0 0 0 0 0 0 0 0 0 0 0 0 0 0 0 0 0 0 0
0 3 0 6 1 0 2 1 16 22 0 2 0 2 6 8 0 3 4 0 0 6 0 0 3 3 3 0 0 4 0 0 2 0 0 0 0 0 0 0 2 2 2 2 3 0 2 5 0 6 4 0 7 8 5 0 0 0 0 0 242 202 0 72 0 0 4 0 0 0 225 0 7 0 0 13 3 35 0 0 0 6 0 1 16 0 0 0 0 0 0 0 0 1 0 2 0 0 0 0 0 0 0 0 0 0 0 0 0 0 63 0 0 7 9 31 0 11 0 0 0 47 0 57 47 10 29 0 0
73 217 86 574 60 54 83 97 970 1299 73 70 84 113 192 965 80 78 104 0 62 87 99 92 105 96 90 81 114 132 62 109 92 101 31 92 1 113 1063 0 76 76 76 76 230 107 60 155 51 175 95 0 90 105 83 0 68 2048 136 1277 1214 1606 798 996 0 3449 142 12 0 0 1113 91 204 140 84 131 169 2123 135 33 0 215 9 13 2612 0 0 0 0 0 1138 0 0 48 42 62 135 0 0 0 0 38 0 0 0 147 0 0 0 67 203 327 0 1901 6470 3860 1529 2854 2948 3197 3655 4105 3117 5120 5096 244 357 245 62
0 0 0 2 0 0 0 0 12 16 0 1 0 1 3 6 0 1 2 0 0 2 0 0 1 1 1 0 0 1 0 0 0 0 0 0 0 0 0 0 1 1 1 1 2 0 1 2 0 2 2 0 0 1 0 0 0 0 0 0 60 58 0 0 0 0 0 0 0 0 58 0 0 0 0 4 1 27 0 0 0 2 0 0 0 0 0 0 0 0 0 0 0 0 0 1 0 0 0 0 0 0 0 0 0 0 0 0 0 0 29 0 0 0 0 0 0 0 0 0 0 0 0 0 0 0 7 0 0
0 0 0 135 0 14 22 0 256 344 18 0 24 30 50 240 0 21 28 0 0 24 25 24 28 25 24 18 30 34 4 22 21 30 0 21 0 1476 205 630 20 20 20 20 58 27 16 40 0 40 25 0 18 23 17 0 0 574 25 384 363 469 236 231 0 0 39 0 0 1346 329 0 47 0 0 40 46 567 44 0 0 54 0 0 420 0 0 0 0 0 177 0 0 12 7 17 34 0 0 0 0 0 0 0 0 0 0 0 0 0 98 0 0 427 0 426 0 0 0 0 0 720 0 873 671 0 93 8 17
7 24 7 40 5 5 6 5 90 123 0 7 1 12 18 62 0 9 11 0 0 12 8 8 11 10 10 0 12 11 0 0 0 8 0 6 0 0 0 0 8 8 8 8 16 10 6 15 0 16 10 0 4 6 7 0 0 337 7 302 264 306 178 75 0 0 12 0 0 0 243 0 16 0 0 22 15 202 25 0 0 19 0 0 0 0 0 0 0 0 1 0 0 0 1 7 9 0 0 0 0 0 0 0 0 0 0 0 0 0 91 0 0 129 0 0 0 0 0 0 0 163 0 190 70 0 41 0 6
16 38 16 73 13 8 16 19 206 285 3 17 0 19 34 114 0 18 22 0 0 23 19 18 22 20 19 1 25 24 0 0 12 0 0 2 0 7 0 0 18 18 18 18 31 20 13 31 0 32 20 0 19 24 0 0 0 779 14 597 543 655 359 278 0 0 24 0 0 0 480 0 30 0 0 38 28 468 37 0 0 37 0 0 343 0 0 0 0 0 97 0 0 10 4 14 0 0 0 0 0 0 0 0 0 0 0 0 0 0 119 41 0 398 1012 704 0 384 244 121 323 814 0 1011 960 0 102 9 0
11 36 11 98 9 8 14 14 164 219 4 12 14 18 33 165 0 13 18 0 0 15 15 14 17 16 15 7 19 21 0 0 9 0 0 13 0 1323 10 447 13 13 13 13 39 16 10 18 0 25 16 0 9 12 6 0 0 244 0 0 201 231 100 0 0 0 15 0 0 1102 74 0 24 0 0 27 31 357 22 0 0 35 0 0 144 0 0 0 0 0 0 0 0 0 0 10 0 0 0 0 0 0 0 0 0 0 0 0 0 0 54 0 0 281 341 375 0 0 0 0 0 527 0 650 556 0 48 0 9
19 63 21 159 16 14 22 26 264 353 15 19 27 32 54 267 0 22 29 0 0 25 26 24 29 27 25 17 31 36 0 11 21 8 0 23 0 2073 125 0 21 21 21 21 63 28 17 37 0 42 26 0 19 23 17 0 0 494 0 199 343 420 202 0 0 0 37 0 0 1896 232 0 48 0 0 42 51 576 40 0 0 59 0 0 413 0 0 0 0 0 96 0 0 0 0 17 0 0 0 0 0 0 0 0 0 0 0 0 0 0 94 27 0 478 978 767 0 271 0 0 82 945 0 1169 1071 15 89 0 16
27 107 33 284 116 21 31 29 544 1026 24 27 31 161 88 486 0 31 44 0 0 35 500 692 626 114 930 244 456 60 3646 1114 36 40 0 29 0 42 260 0 29 29 29 29 112 48 24 77 0 64 58 0 28 33 20 0 0 528 47 356 342 440 225 61 0 0 57 0 0 0 310 48 89 77 45 55 78 806 51 24 0 98 19 7 686 0 0 0 0 0 283 0 0 20 8 25 50 0 2640 0 0 0 0 0 0 20 0 0 0 0 122 74 0 682 1593 1161 0 514 225 0 376 1372 0 1697 1590 88 106 57 23
22 80 26 211 18 17 26 21 311 412 20 22 25 42 68 358 0 25 35 0 0 30 34 33 37 8863 37 32 37 46 0 35 31 30 0 22 0 35 193 0 24 24 24 24 83 8616 20 50 0 51 30 0 19 24 1529 0 0 522 9322 357 343 438 224 98 0 0 44 0 0 0 302 29 71 49 28 44 60 670 42 10 0 75 0 2 492 0 0 0 0 0 254 0 0 13 4 20 41 0 0 0 0 0 0 0 0 84 0 0 0 0 76 44 0 551 1063 871 0 2121 0 0 0 1085 0 1339 2763 38 95 31 20
3 10 3 27 2 2 3 0 55 75 0 4 1 6 11 44 0 5 6 0 0 6 3 3 6 5 5 0 7 5 0 0 0 3 0 2 0 4 0 0 5 5 5 5 11 6 3 8 0 9 5 0 0 0 0 0 0 120 2 108 103 122 67 0 0 0 0 0 0 0 91 0 4 0 0 9 10 123 0 0 0 11 0 0 0 0 0 0 0 0 0 0 0 1 0 4 6 0 0 0 0 0 0 0 0 0 0 0 0 0 25 0 0 57 0 0 0 0 0 0 0 0 0 0 0 0 15 0 0
34 124 41 316 111 26 39 39 613 1085 29 34 40 157 103 537 1 38 53 0 2 44 455 623 567 114 834 223 418 70 3229 996 43 49 0 36 0 53 366 0 36 36 36 36 125 56 30 88 1 77 64 0 36 43 30 0 0 815 60 545 519 667 341 256 0 0 70 0 0 0 471 60 107 94 58 67 90 1007 65 34 0 114 31 16 922 0 0 0 0 0 360 0 0 24 13 31 63 0 2246 0 0 0 0 0 0 0 0 0 0 0 156 106 0 862 2224 1532 41 797 526 331 745 1763 0 2185 2078 105 151 77 29
4 14 5 45 9 4 5 0 77 108 2 5 3 18 15 77 0 6 8 0 0 7 5 5 8 7 7 0 9 9 191 786 2 4 0 3 0 6 0 0 6 6 6 6 18 8 4 12 0 12 9 0 0 0 0 0 0 105 3 84 87 105 55 0 0 0 6 0 0 0 73 0 12 0 0 10 13 161 0 0 0 16 0 0 0 0 0 0 0 0 0 0 0 2 0 5 9 0 0 0 0 0 0 0 0 0 0 0 0 0 20 0 0 79 0 0 0 0 0 0 0 15 0 0 0 0 429 0 5
6 21 7 62 10 5 8 0 105 145 4 7 6 20 21 104 0 8 11 0 0 9 8 8 11 10 10 0 12 13 145 618 5 7 0 5 0 10 0 0 8 8 8 8 25 11 6 17 0 16 11 0 0 0 0 0 0 176 6 129 129 2316 83 0 0 0 11 0 0 0 112 0 19 0 0 14 18 226 13 0 0 22 0 0 0 0 0 0 0 0 16 0 0 3 0 7 12 0 0 0 0 0 0 0 0 0 0 0 0 0 32 0 0 137 0 0 0 0 0 0 0 141 0 157 0 0 351 0 7
22 3417 21 11 121 45 31 27 330 639 26 20 38 2192 36 44 98 2 79 39 35 15 491 704 631 88 964 204 445 34 3827 1131 4 10 36 4 44 3 67 0 0 0 0 0 0 20 0 16 23 21 41 0 32 31 47 51 46 5 10 5 5 3 21 1 0 7 0 7 32 0 10 401 510 539 430 468 627 180 724 424 388 1099 980 144 0 0 0 0 0 0 0 0 0 16 6 4 695 0 144 0 0 70 0 0 0 0 0 0 0 0 94 0 0 26 6 43 16 21 0 0 0 61 0 72 64 0 0 0 0
3 886 0 4 0 15 9 3 90 96 12 2 0 419 86 3 177 4 143 0 0 5 3 5 5 2 30 0 18 0 0 0 0 2 0 0 0 0 2 0 0 0 0 0 310 8 3 1 0 34 9 0 10 19 0 0 0 0 0 0 1 0 0 0 0 0 27 64 20 0 0 0 10 0 0 7 11 3 11 0 0 41 0 0 0 0 0 0 0 0 358 0 0 23 2 80 2 0 0 0 134 15 0 0 0 0 0 0 254 16 14 0 0 0 0 0 0 0 0 0 0 0 0 0 0 1523 0 23 0
41 41 93 35 5 77 55 37 96 68 50 187 5 869 198 61 27 1 25 48 57 15 23 29 19 11 27 6 15 68 0 57 24 70 3 29 0 0 0 0 0 0 0 0 0 25 34 17 40 45 49 0 44 26 50 29 23 0 0 0 3 0 18 0 0 4879 0 0 0 0 20 0 33 0 0 40 59 34 19 0 0 427 136 0 0 0 0 0 0 0 632 0 0 4 0 18 0 0 0 0 0 115 0 0 0 204 0 0 0 0 103 49 0 54 0 45 0 92 43 0 0 55 0 65 57 22 0 0 0
0 0 0 311 0 0 0 0 20 3 0 0 0 1 0 0 4551 18428 4480 0 0 498 0 0 0 1 686 0 1550 0 15 40 4 0 0 0 1 0 0 0 2916 2916 2916 2916 0 59 620 0 0 0 0 1 23 22 1 1 1 0 27 0 0 0 0 0 0 0 0 0 0 1 0 0 16 0 21 182 72 9 0 0 0 0 0 0 10 0 0 0 0 0 0 1 0 0 0 144 0 0 0 0 0 0 0 0 0 5 49 0 0 0 437 595 0 424 0 0 5 0 0 0 0 43 0 0 0 0 0 0 0
