135
0 0 0 0 0 0 1 1 124 50 123 39 24 52 35 0 0 0 0 0 0 0 0 0 0 1 1 0 0 0 5 6 3 3 4 3 16 0 23 4 0 0 0 0 2 0 1 0 0 0 0 0 0 0 0 0 0 0 0 0 0 0 0 0 0 0 0 0 0 0 0 0 0 0 0 0 0 0 0 0 0 2 0 0 0 0 0 0 0 0 0 0 0 0 0 0 0 5 3 0 0 0 0 0 35 0 0 0 0 0 0 0 0 0 0 0 0 0 4 0 0 0 0 0 0 0 0 0 0 0 0 0 0 0 34
0 0 9 5 0 0 0 23 1276 277 47 242 150 243 2 2 2 0 0 0 0 0 0 0 0 0 0 0 0 0 96 108 60 51 80 57 294 2 430 77 2 0 0 0 0 0 1 0 0 0 0 0 0 0 1 1 1 0 0 4 0 0 1 0 0 4 19 1 0 0 2 0 1 0 0 0 3 1 0 0 2 15 0 0 10 0 0 0 0 0 0 10 3 0 0 0 0 2 11 0 0 0 0 0 441 0 0 0 0 0 0 0 14 0 0 1 0 0 27 0 0 0 0 0 0 0 0 0 0 0 0 0 0 0 625
0 0 0 0 0 0 0 28 3811 1161 2941 1758 845 3385 648 2 6 2 0 2 0 0 0 0 0 0 0 0 0 0 110 91 53 37 65 36 254 0 321 0 0 2 0 0 90 0 0 0 0 0 0 0 0 0 4 4 3 2 0 5 0 0 3 0 0 17 20 5 0 0 1 0 1 0 0 0 6 4 4 0 4 14 0 3 69 0 0 0 0 0 0 155 3 0 0 0 0 102 98 17 0 0 0 1 443 0 0 0 0 0 0 0 4 0 0 4 0 0 495 0 0 0 0 0 0 0 0 0 0 0 0 0 0 0 414
0 0 9 0 0 0 0 108 272 265 74 195 165 23 4 0 8 7 0 2 1 0 0 0 0 0 0 0 1 0 716 821 467 385 629 415 2357 7 4183 4961 0 1 0 0 2 0 0 0 0 0 0 2 0 0 2 3 2 1 0 6 0 0 2 0 0 12 30 4 14 0 2 1 1 0 0 0 18 4 4 1 32 160 0 2 48 0 0 0 7 0 4859 111 5 0 12 0 1249 11 54 49 0 0 0 0 5294 0 0 0 11 0 0 0 63 0 0 4 0 0 137 0 0 0 0 0 0 0 0 0 0 0 0 0 0 0 4902
0 0 15 11 0 0 0 206 0 0 0 334 11212 0 4 19 13 9 0 5 1 0 0 0 0 0 0 0 1 0 363 361 201 173 3948 192 969 6 1956 263 11 4 0 0 0 0 11 0 0 0 0 1 0 7 7 8 6 4 0 13 0 0 6 0 0 32 56 9 0 0 2 0 2 0 0 0 9 9 9 0 6 20 0 5 131 0 0 0 3208 0 3 343 43 0 0 0 0 0 145 0 0 0 0 0 1877 0 0 0 34 0 0 0 82 0 0 12 0 0 0 0 0 0 0 0 0 0 7 0 0 0 91 72 0 0 2046
0 0 0 0 0 0 94 0 0 0 0 0 0 0 0 0 0 0 0 0 245 0 0 0 0 80 73 0 0 0 0 0 0 0 0 0 0 1 0 0 0 0 0 0 0 4 75 0 0 0 0 0 0 0 0 0 0 0 0 0 0 0 0 0 0 0 0 1 0 0 0 0 0 0 0 0 1 0 0 0 2 12 0 0 0 0 0 0 0 0 0 0 1 0 0 0 0 0 17 0 0 0 0 0 0 0 0 0 0 0 0 0 0 0 0 0 0 0 0 0 0 0 0 0 0 0 0 0 0 0 0 0 0 0 0
0 0 0 0 0 0 0 1 0 0 0 5 4 0 0 0 1 1 0 0 0 0 0 0 0 0 0 0 0 0 17 19 12 9 13 10 52 0 68 10 0 0 69 0 0 0 0 0 0 0 0 0 0 0 0 0 0 0 0 0 0 0 0 0 0 1 0 0 0 0 0 0 0 0 0 0 0 0 0 0 0 0 0 0 0 0 0 0 0 0 0 9 0 0 0 0 0 0 0 0 0 0 0 0 0 0 0 0 0 0 0 0 0 0 0 0 0 0 0 0 0 0 0 0 0 5 0 142 0 0 0 4 3 0 109
0 0 0 0 0 0 0 0 9779 501 2331 2652 1315 4953 3638 0 19 13 1 3 0 0 779 0 0 2 2 14 20 0 134 115 72 17 10 0 364 0 452 1058 0 614 2252 22 5893 0 8 0 0 0 0 0 0 0 4 4 4 2 0 0 0 0 4 0 0 20 0 8 0 0 1 0 1 0 0 0 11 0 0 0 19 93 0 0 69 0 0 0 0 0 0 200 5 0 10 0 0 66 177 30 0 0 0 1 737 0 0 0 0 0 0 0 0 0 0 0 0 0 23 0 0 0 0 0 0 0 0 3452 0 0 0 0 0 0 755
0 0 0 0 0 0 0 0 0 0 0 21 18 0 19 0 0 0 0 3745 0 0 0 0 0 0 0 0 0 0 2077 0 0 0 0 0 0 0 0 0 0 0 0 0 108 0 7 0 0 0 0 0 0 0 0 0 0 0 0 0 0 0 0 0 0 0 10 0 0 0 0 0 0 0 0 0 0 0 0 0 0 0 0 1 0 0 0 0 72 0 0 1 0 0 0 0 0 0 260 0 0 0 0 0 0 0 0 0 3 0 0 0 1 0 0 4 0 0 0 0 0 0 0 0 0 0 0 0 0 0 0 0 0 0 0
0 0 0 0 0 0 0 0 0 0 0 230 92 0 0 0 102 0 0 0 0 0 0 2 0 1 0 0 0 0 0 36103 1 0 0 0 0 0 0 0 0 0 0 0 29 0 31 0 0 0 0 0 0 0 0 0 0 0 0 0 0 0 0 0 0 0 27 9 8 0 0 0 0 0 0 0 5 4 0 0 4 22 0 0 0 0 0 0 78 0 0 0 1 0 0 0 0 0 712 0 0 0 0 0 0 0 0 0 38 0 0 0 0 0 0 11 0 0 0 0 0 0 0 0 11 0 0 0 0 0 0 0 0 0 2
0 0 0 0 0 1 8488 0 0 0 0 126 111 0 0 0 12 24 1 6 3 39 0 38 20 7217 6611 2 8 0 76 25 18982 10 0 0 11 0 0 0 0 3 1 10 0 3999 6952 0 0 0 0 5 0 0 6 7 6 4 0 8 0 0 6 0 0 31 34 10 0 0 0 0 0 0 10 0 7 8 8 0 6 18 0 7 130 0 4 0 19 0 2 352 63 0 0 0 0 0 1591 0 0 0 0 0 0 0 0 0 71 0 0 0 147 10 0 17 1 1 0 0 93 0 0 0 65 79 0 2 0 45 0 153 904 0 2
0 0 0 0 0 0 0 0 0 0 0 0 13 0 0 0 0 1 0 1 0 0 0 0 0 0 0 0 0 0 0 0 0 19175 0 0 0 0 0 0 0 0 0 0 0 0 0 0 0 0 0 0 0 0 1 1 1 0 0 0 0 0 1 0 0 3 9 1 0 0 0 0 0 0 0 0 0 0 0 0 0 0 1834 0 0 0 0 0 0 0 0 16 0 0 0 0 0 0 82 0 0 0 0 0 0 0 0 0 0 0 0 0 0 0 0 0 0 0 0 0 0 0 0 0 0 0 0 0 0 0 0 0 0 0 0
0 0 0 0 0 0 0 0 0 0 0 0 0 0 1447 0 0 0 0 0 0 0 0 0 0 0 0 0 0 0 0 0 0 0 0 0 0 0 0 0 0 0 0 0 0 0 0 0 0 0 0 0 0 0 0 0 0 0 0 0 0 0 0 0 0 1 2 0 0 0 0 0 0 0 0 0 0 0 0 0 0 0 0 0 0 0 0 0 0 0 0 0 0 0 0 0 0 0 0 0 0 0 0 0 0 0 0 0 0 0 0 0 0 0 0 0 0 0 0 0 0 0 0 0 0 0 0 0 0 0 0 0 0 0 0
0 0 0 0 0 0 0 0 100 184 5 458 234 0 0 0 29 0 0 0 7 0 0 3 0 1 0 0 0 0 445 528 298 256 251 8714 1497 0 164 0 0 0 0 0 37 0 7 0 0 0 0 0 0 0 0 0 0 0 0 0 0 0 0 0 0 0 6 1 0 0 0 0 0 0 0 0 6 3 3 0 7 34 2473 0 0 0 0 0 18 0 14 3 0 0 0 0 0 13 179 2 0 0 0 0 3344 0 0 0 9 0 0 0 2 1 0 3 0 0 0 0 0 0 0 0 1 0 0 0 0 0 0 0 0 0 3194
0 0 0 0 0 0 0 0 0 0 0 8 0 3 0 0 0 1 0 0 1 0 0 0 0 0 0 0 0 0 5 1 1 0 0 0 1 0 0 0 0 18 0 0 260 0 0 0 0 0 0 0 0 0 0 0 0 0 0 0 0 0 0 0 0 2 0 1 0 0 0 0 0 0 0 0 0 0 0 0 0 0 0 0 0 0 0 0 125 0 0 2 0 0 0 0 0 0 0 0 0 0 0 0 0 0 0 0 0 0 0 0 0 0 0 7 0 1 1 0 0 0 0 0 0 0 0 0 0 0 0 6 0 0 0
0 0 0 170 0 1 9474 64 589 221 475 196 127 221 3027 0 83 64 50 42 2 100 0 822 794 8180 7463 118 143 493 6 0 1938 0 0 0 353 1 0 0 318 12 0 0 651 4990 7928 1106 0 0 0 4 0 0 1 5 1 1 0 4 0 0 1 0 0 13 67 2217 0 0 526 524 526 467 3435 32 53 49 0 57 13 24 14 0 32 5048 0 0 46 325 18 39 560 0 0 0 0 5 2375 72 0 0 0 0 0 0 0 0 0 0 0 0 0 0 0 12 0 205 17 0 0 0 0 2362 0 0 0 0 0 0 0 175 4083 114 6
0 0 0 0 0 0 0 0 2 0 0 3 3 0 0 0 0 0 0 0 0 0 0 0 0 0 0 0 1033 0 0 0 0 0 0 0 0 0 0 0 1040 0 0 0 0 0 0 0 0 0 0 0 0 0 0 0 0 0 0 0 0 0 0 0 0 0 1 0 0 0 1 0 0 0 0 0 0 0 0 0 0 0 0 0 0 0 0 0 1 0 0 0 6 0 0 0 0 0 31 0 0 0 0 0 0 0 0 0 0 0 0 0 0 0 0 0 0 0 0 0 0 0 0 0 0 0 0 0 0 0 0 0 0 0 0
0 13 0 0 0 0 0 0 3 1 0 0 0 1 0 0 1 0 0 0 0 0 1 0 0 0 0 30 33 116 0 0 0 0 0 0 0 0 0 0 87 0 0 0 0 0 11 58 0 0 0 0 0 0 0 0 0 0 0 102 0 0 0 0 0 0 130 11 0 0 130 128 130 0 0 0 1 28 0 25 0 0 0 0 0 0 0 0 0 0 0 0 4 0 0 0 0 0 0 0 0 0 0 0 0 0 0 0 0 0 0 0 0 0 0 0 0 0 0 0 0 0 0 0 0 0 0 4 0 3 0 0 0 0 1
0 4 2 0 2 0 4 0 1 0 0 0 0 0 0 0 0 0 0 0 0 0 0 0 0 0 3 0 0 0 0 0 0 0 0 0 0 0 0 0 0 0 0 0 0 0 3 0 0 0 0 0 0 0 0 0 0 0 0 0 0 0 0 0 0 0 0 0 0 0 0 0 0 0 0 0 0 0 0 0 0 0 0 0 0 0 0 0 0 0 0 0 0 30255 0 0 0 0 0 0 0 0 0 0 0 0 0 0 0 0 0 0 0 0 0 0 0 0 0 0 0 0 0 0 0 0 0 0 0 0 0 0 0 0 0
0 0 0 0 0 0 0 0 0 0 0 0 0 0 0 0 0 0 0 0 0 0 0 0 0 0 0 0 0 0 0 0 0 0 0 0 0 0 0 0 0 0 0 0 0 0 0 0 0 0 0 0 0 0 0 0 0 0 0 0 0 0 0 0 0 0 0 0 0 0 0 0 0 0 0 0 0 0 0 0 0 0 0 0 0 0 0 0 0 0 0 0 0 5971 0 0 0 0 0 0 0 0 0 0 0 0 0 0 0 0 0 0 0 0 0 0 0 0 0 0 0 0 0 0 0 0 0 0 0 3 0 0 0 0 0
0 0 0 0 0 0 0 0 0 0 0 0 0 0 0 0 0 0 0 0 0 0 0 0 0 0 0 0 0 0 0 0 0 0 0 0 0 0 0 0 0 0 0 0 0 0 0 0 0 296 478 416 479 287 465 359 465 373 479 320 479 479 378 479 479 291 8 3 8 0 0 0 0 0 0 0 0 0 0 0 0 0 0 0 0 0 0 0 1 0 0 0 0 0 0 0 0 0 0 0 0 0 0 0 0 3974 0 0 0 0 0 0 0 0 0 0 0 0 0 0 0 0 0 0 0 0 0 0 0 0 0 0 0 0 0
0 0 0 0 0 0 0 0 0 0 0 0 0 0 0 0 0 0 0 0 0 0 0 0 0 0 0 0 0 0 0 0 0 0 0 0 0 0 0 0 0 0 0 0 0 0 0 0 0 0 0 0 0 0 0 0 0 0 0 0 0 0 0 0 0 0 0 0 0 0 0 0 0 0 0 0 0 0 0 0 0 0 0 0 0 0 0 0 0 0 0 0 0 0 0 0 0 0 0 0 0 0 0 0 0 0 0 0 0 0 0 0 0 0 0 0 0 0 0 0 0 0 0 0 0 0 0 0 0 0 0 0 0 0 0
0 0 0 0 0 0 0 0 0 0 0 0 0 0 0 0 0 0 0 0 0 0 0 0 0 0 0 0 0 0 0 0 0 0 0 0 0 0 0 0 0 0 0 0 0 0 0 0 0 2473 2638 2291 2637 2372 2561 1978 2561 2052 2638 1764 2633 2637 1566 2638 2638 1602 46 17 74 0 0 0 0 0 0 2 2 3 3 3 0 0 0 0 0 0 0 0 13 1 0 0 2 0 0 0 0 0 0 0 0 0 0 0 0 0 0 0 0 0 0 0 0 0 0 0 0 0 0 0 0 0 0 0 0 0 7 0 0 0 0 0 0 0 0
0 0 0 0 0 0 0 0 0 0 0 0 0 0 0 0 0 5 0 0 0 0 0 0 0 0 0 0 0 0 0 0 0 0 0 0 0 0 0 0 0 0 1610 0 0 0 0 0 0 0 0 0 0 0 16 3 7 5 0 5 0 0 6 0 0 900 0 0 0 0 0 0 0 0 0 0 64 84 60 17 0 0 0 0 2182 0 0 0 0 0 0 0 26 0 20086 0 0 0 0 0 0 0 0 0 0 0 0 0 0 0 0 0 0 0 0 0 0 0 0 0 0 0 0 0 0 0 0 0 0 0 0 0 0 0 0
0 3 0 0 0 0 0 0 0 0 0 0 0 0 0 0 0 1907 0 0 0 0 0 11 0 2 0 0 0 0 0 0 0 0 0 0 0 0 0 0 0 0 0 0 0 0 0 0 0 0 0 0 0 0 1 0 1 0 0 1 0 0 0 0 0 0 0 0 0 0 0 0 0 0 0 0 0 0 0 0 0 3518 0 0 0 0 0 0 0 19 0 0 0 0 0 0 0 0 0 0 0 0 0 0 0 0 0 0 0 0 0 0 0 0 0 0 0 0 0 0 0 0 0 0 0 0 0 0 0 0 0 0 0 0 0
0 0 0 0 0 0 0 0 0 0 0 0 0 0 0 0 0 1 2136 0 0 0 0 0 0 0 0 0 0 0 0 0 0 0 0 0 0 24 0 0 0 0 0 0 0 0 0 0 0 0 0 771 0 0 7 1 3 2 0 2 0 0 3 0 0 379 0 1 0 0 0 0 0 0 0 0 28 37 28 0 0 0 0 6710 0 0 0 0 0 0 0 0 11 0 0 0 0 0 0 0 0 0 0 0 0 0 0 0 0 0 0 0 0 0 0 0 0 0 0 0 0 0 0 0 0 0 0 0 0 0 0 0 0 0 0
0 0 0 0 0 0 0 0 0 0 0 0 0 0 0 0 0 705 0 0 0 0 0 0 0 0 0 0 0 0 0 0 0 0 0 0 0 302 0 0 0 0 0 0 0 0 0 0 0 0 0 0 0 0 0 0 0 0 0 0 0 0 0 0 0 11 0 0 0 0 0 0 0 0 0 0 1 1 0 0 0 0 0 0 0 360 0 0 0 0 0 0 0 0 0 0 0 0 0 0 0 0 0 0 0 0 0 0 0 0 0 0 0 0 0 0 0 0 0 0 0 0 0 0 0 0 0 0 0 0 0 0 0 0 0
0 2 1 0 1 0 13 0 0 1 0 1 1 0 1 0 0 0 0 0 0 0 0 0 0 11 10 0 0 0 2 1 1 2 0 0 1 30 0 4 2 0 0 0 0 0 11 0 0 0 0 0 0 0 0 0 0 0 0 0 0 0 0 0 0 1 0 3 5 0 4 1 4 0 0 0 0 0 0 0 0 0 0 0 0 0 0 0 0 0 0 0 5 0 0 0 0 0 0 0 0 0 0 0 0 0 0 0 0 0 0 0 0 0 0 0 0 0 0 0 0 0 0 0 0 0 0 0 0 0 0 0 0 4 3
0 5 0 0 0 0 832 0 1 3 0 3 5 0 11 0 0 0 1 2 0 3 0 0 0 707 646 453 0 81 309 0 0 0 0 0 34 0 0 0 234 1 0 0 0 0 683 1007 0 0 0 0 0 0 0 0 0 0 0 0 0 0 0 0 0 2 34 194 0 0 246 243 246 0 0 228 846 1077 0 0 3 0 0 0 0 22 0 0 0 2 19 0 115 0 0 0 0 0 176 0 0 0 0 0 0 0 0 0 0 0 0 0 0 0 0 0 0 24 0 0 0 0 0 177 0 0 0 0 0 0 0 0 0 72 26
0 260 145 22 205 2 83 18 44 25 41 24 41 16 330 0 95 0 14 21 0 0 0 0 0 71 65 323 0 0 607 117 121 163 31 151 149 1136 77 322 1245 3 0 0 49 0 232 135 0 0 4 9 4 0 5 0 5 4 4 0 4 4 4 4 0 25 120 185 3579 0 1481 1480 1481 1434 0 707 541 983 0 1125 0 0 0 33 0 7 1133 0 0 20 628 0 98 0 0 0 0 0 12 0 0 0 0 0 0 0 0 0 0 0 0 0 0 0 0 0 0 2 17 0 0 0 0 0 0 0 0 0 0 0 0 44 0 12 310
0 0 0 0 0 0 0 0 0 0 0 27 28 0 0 0 8 4 0 96 0 0 0 0 0 0 0 0 0 0 0 35 10 0 0 0 277 0 0 0 0 0 0 0 0 0 0 0 0 0 0 1 0 0 1 1 1 1 0 0 0 0 1 0 0 7 0 2 0 0 0 0 0 0 0 0 0 0 0 0 6 15 0 0 0 0 0 0 0 0 0 48 8 0 0 0 0 0 7 0 0 0 0 0 0 0 0 0 0 0 0 0 5 0 0 0 0 0 0 0 0 0 0 0 0 7 0 0 0 38 0 37 0 0 606
0 0 0 0 0 0 0 0 0 0 0 41 38 0 0 32 11 6 0 1 1002 0 0 0 0 0 0 0 519 0 0 0 0 0 0 0 145 0 0 0 0 1 0 0 0 0 0 0 0 0 0 1 0 0 3 1 2 1 0 0 0 0 2 0 0 10 9 3 0 0 0 0 0 0 0 0 120 38 0 13 187 967 0 0 36 0 0 0 0 0 0 63 12 0 0 0 0 0 0 0 0 0 0 0 0 0 0 0 0 0 0 0 168 0 0 0 0 868 0 0 0 0 0 0 0 66 0 1 0 62 0 69 0 0 321
0 0 0 0 0 0 0 0 0 0 0 15 14 0 0 0 4 1 0 0 0 0 0 0 0 0 0 0 44 0 0 17 0 0 0 0 135 0 0 0 0 0 0 0 0 0 0 0 0 0 0 0 0 0 1 0 1 0 0 0 0 0 0 0 0 3 1 1 0 0 0 0 0 0 0 0 0 0 0 0 2 1 0 0 6 0 0 0 0 0 0 0 3 0 0 0 0 0 0 0 0 0 0 0 0 0 0 0 0 0 0 0 23 0 0 0 0 0 0 0 0 0 0 0 0 11 0 0 0 13 0 12 0 0 296
0 0 0 0 0 0 0 0 0 1 0 0 69 0 0 48 22 8 1 2 0 0 0 0 0 0 0 0 274 0 208 247 131 0 0 0 759 0 0 0 0 2 0 0 0 0 0 0 0 0 0 2 0 0 3 2 2 2 0 0 0 0 3 0 0 14 15 4 0 0 0 0 0 0 0 0 3 2 0 0 3 7 125 0 48 0 0 0 0 0 1 37 16 0 0 0 0 0 23 0 0 0 0 0 1230 0 0 0 0 0 0 0 237 0 0 0 0 0 0 0 0 0 0 0 0 133 0 1 0 91 0 75 0 0 1618
0 0 0 0 0 0 0 0 377 146 373 226 169 0 1 17 12 0 1 1 1 0 0 1 1 1 1 3 66 0 684 847 463 224 0 262 2507 0 3264 247 20 1 0 0 34 0 0 0 0 0 0 1 0 0 1 1 1 1 0 0 0 0 1 0 0 4 12 3 0 0 19 19 19 15 0 0 28 3 0 7 4 18 0 0 16 0 0 0 16 1 4 0 6 0 0 0 0 0 43 0 0 0 0 0 5320 0 0 0 0 0 0 0 69 0 0 1 0 0 8 0 0 0 0 0 0 0 0 22 0 39 0 29 0 0 5363
0 0 0 0 0 0 0 380 774 480 1163 743 551 0 9 89 102 16 2 5 778 2 0 8 2 2 0 23 207 0 254 260 137 22 0 0 792 0 0 0 0 3 0 0 34 0 12 0 0 0 0 3 0 0 5 5 4 3 0 0 0 0 4 0 0 23 37 7 0 0 0 0 0 0 0 0 144 11 0 90 28 133 6744 0 91 0 0 0 37 2 34 219 27 0 0 0 0 0 416 0 0 0 0 0 1296 0 0 0 0 0 0 0 435 0 0 4 0 0 21 0 0 0 0 0 84 222 0 3 0 167 0 134 0 0 1686
0 0 0 0 0 0 0 0 0 0 0 1 1 0 0 0 0 0 0 0 0 0 0 0 0 0 0 0 0 0 0 0 0 0 0 0 0 0 0 0 0 0 0 0 0 0 0 0 0 0 0 0 0 0 0 0 0 0 0 0 0 0 0 0 0 0 0 0 0 0 0 0 0 0 0 0 0 0 0 0 0 0 0 0 0 0 0 0 0 0 0 0 0 0 0 0 0 0 0 0 0 0 0 0 0 0 0 0 0 0 0 0 0 0 0 0 0 0 0 0 0 0 0 0 0 0 0 0 0 0 0 0 0 0 65
0 0 1 0 0 0 0 13 268 104 267 102 67 102 1 0 5 2 0 0 0 0 0 0 0 0 0 0 45 0 48 50 28 21 24 239 141 0 292 497 61 0 0 0 4 0 0 0 0 0 0 1 0 0 1 1 1 0 0 0 0 0 1 0 0 3 3 1 0 0 0 0 0 0 0 0 2 1 0 0 3 0 0 0 0 0 0 0 1 0 519 33 4 0 0 0 0 0 9 0 0 0 0 0 130 0 0 0 0 0 0 0 36 0 0 0 0 0 0 0 0 0 0 0 0 26 0 0 0 15 0 23 0 0 299
0 0 0 0 0 0 0 0 20552 3732 1375 2844 2227 0 1275 247 102 33 9 1628 6 10 0 16 8 7 6 9 276 0 1050 2181 2484 1762 0 887 1347 0 0 0 232 10 301 0 1076 239 21 0 0 0 1 1 1 0 15 0 13 9 1 0 1 1 13 1 0 66 230 52 0 0 498 498 498 467 54 0 40 28 0 41 34 137 732 0 205 0 0 0 380 0 2446 582 84 0 0 0 0 403 415 23 0 0 0 1 2385 0 0 0 0 0 0 0 1232 0 0 8 0 0 679 0 120 0 0 12 115 721 0 586 0 511 0 385 0 0 2919
0 0 145 0 0 0 0 0 2482 338 2639 772 590 54 16 109 78 32 5 9 1 2 1 4 7 4 4 0 366 0 488 495 275 61 0 74 1450 0 128 0 245 8 267 0 905 0 6 0 0 0 1 10 1 0 12 3 11 8 1 0 1 1 12 1 0 57 37 21 0 0 413 412 413 250 0 0 23 0 0 0 29 122 0 0 215 6 0 0 385 1 3461 306 67 0 0 0 0 0 78 0 0 0 0 0 2222 0 0 0 0 0 0 0 1333 0 0 0 0 0 71 0 0 0 0 0 499 563 0 536 0 406 0 563 0 0 3058
0 0 10 29 0 0 4 45 1041 114 1140 287 221 155 2 0 0 0 4 320 1 2 0 3 3 4 3 0 0 0 177 384 462 257 0 269 232 0 0 0 0 2 0 0 101 11 0 0 0 0 0 0 0 0 4 0 3 2 0 0 0 0 3 0 0 17 36 9 0 0 56 56 56 27 0 0 14 0 0 0 22 77 60 0 23 0 0 0 13 0 463 112 25 0 0 0 0 0 46 0 0 0 0 0 0 0 0 0 0 0 0 0 299 0 0 0 0 2 26 0 0 0 0 0 11 169 0 68 0 139 0 125 0 0 484
0 0 0 0 0 0 2 0 0 0 0 3 3 0 0 0 0 1 1 1 0 2 11092 0 3 2 2 1 0 0 3 0 0 0 0 0 1 0 0 0 0 0 0 0 0 0 0 0 0 0 0 0 0 0 0 0 0 5 0 0 0 0 4 0 0 1 0 5 0 0 0 0 0 0 0 0 0 0 0 0 14 70 0 0 0 0 0 0 0 0 0 0 2 0 0 0 0 0 0 0 0 0 0 0 0 0 0 0 0 0 0 0 0 0 0 0 0 1 0 0 0 0 0 0 0 0 0 0 0 0 0 0 0 0 0
0 11 59 263 6 0 0 0 2 2 0 119 108 0 30 123 71 89 64 63 16 1 24 0 386 78 28 77 80 99 164 30 34 121 7821 19 134 44 0 0 66 53 0 8691 320 0 78 82 117 0 23 30 23 0 29 29 28 22 23 0 23 23 24 23 21 60 41 131 63 0 126 125 126 114 310 181 18 22 0 75 16 0 19 24 0 0 36 0 738 105 69 309 122 0 0 0 0 0 69 0 0 0 0 0 0 0 0 0 0 0 0 0 1034 0 0 149 0 104 0 0 0 0 0 96 267 266 41 8853 0 271 0 951 1 36 33
0 109 68 16 73 1 36 0 21 8 0 29 27 8 8 116 44 21 63 11 1 2 30 10 9 35 36 68 65 22 43 13 57 63 780 13 49 1360 21 60 25 40 0 0 28 94 44 0 0 35 84 93 84 0 83 64 83 66 84 101 84 84 67 84 84 106 23 20 93 0 16 16 16 7 0 3 124 64 40 115 845 65 0 151 20 102 1405 0 0 437 71 0 238 0 0 0 0 46 12 0 0 0 0 5 0 0 0 0 96 117 0 0 46 0 0 8 0 32 59 0 0 0 0 0 0 0 0 97 0 192 0 82 55 15 36
0 29 0 0 29 0 0 0 0 0 5 18 16 0 0 0 26 36 33 38 2 0 0 1 0 0 2 2 2 0 11 2 7 1 0 0 3 0 0 0 0 0 0 0 0 0 2 0 0 0 0 0 0 0 1 1 1 1 0 1 0 0 1 0 0 5 0 1 0 0 0 0 0 0 0 0 1 0 0 0 0 0 0 0 16 24 0 0 1586 0 5 0 2 0 0 0 0 0 0 0 0 0 0 0 0 0 0 0 0 0 0 0 0 105 0 10 25 0 3 0 0 0 0 0 0 0 0 0 0 2 0 0 0 0 3
0 249 147 16 206 0 2686 20 44 29 0 30 27 16 5772 0 23 67 44 30 3 93 1 252 159 2328 2201 126 69 23 238 23 2318 41 13 26 56 91 0 80 0 70 26 0 74 0 1489 0 30 0 1 9 1 0 2 16 2 1 1 4 1 1 2 1 1 28 89 682 0 0 24 23 24 0 0 138 674 286 75 140 49 26 33 53 57 71 0 0 588 744 129 44 138 0 0 0 0 0 653 0 0 0 0 0 0 0 0 0 11 64 0 0 0 0 0 23 0 25 28 0 0 0 0 763 36 26 0 0 0 0 0 41 4871 505 48
0 0 155 14 0 0 3 0 0 0 0 9 11 0 124 0 4 0 0 3 3 12 73 2 2 3 25 0 0 0 8 6 11 5 1 0 5 0 0 0 13 56 0 0 0 0 0 3690 0 0 11 10 11 0 12 0 12 9 11 0 11 11 10 11 4 10 303 8253 0 0 25 25 25 8 0 0 1 2 0 0 2 0 0 0 0 16 0 0 47 51 4 26 995 0 0 0 0 0 2084 0 0 0 0 0 0 0 0 0 0 0 0 0 203 0 0 0 0 0 0 0 0 0 0 9334 360 13 0 0 0 0 260 243 23 0 9
0 146 78 60 87 1 17 61 17 5 16 105 143 4 235 0 173 0 5 55 2 17 422 26 14 19 27 89 0 0 730 263 456 260 119 280 163 5 267 457 303 362 0 70 169 326 0 0 201 217 390 344 390 0 384 260 383 307 390 0 390 390 313 390 361 267 109 576 302 0 149 149 149 125 0 482 1895 1392 0 0 38 164 48 0 54 32 0 46 108 157 455 268 214 0 0 0 0 0 152 0 0 0 0 3 0 0 0 0 0 0 0 0 182 0 0 0 0 11 9 0 0 0 0 530 18 254 315 0 0 128 0 223 535 102 295
1 357 391 148 269 6 83 84 58 20 25 124 109 22 9 10 196 27 3 12 1 1 162 33 44 77 67 78 72 24 85 39 39 30 11 23 107 8 14 32 29 284 0 23 122 0 844 0 0 0 16 20 16 0 22 20 21 16 16 23 16 16 18 16 16 42 31 121 46 0 20 19 20 0 0 0 145 38 0 10 222 1112 0 0 0 0 0 0 82 2 54 273 73 0 0 0 0 3 52 100 0 0 0 0 0 0 0 0 32 0 0 0 335 0 0 27 0 108 65 181 0 0 0 0 319 287 0 125 0 621 0 433 173 0 15
6 355 609 92 963 18 204 275 27 17 27 229 238 4 27 307 416 587 56 60 0 35 0 179 121 198 553 121 127 9 129 199 150 136 38 135 138 69 139 334 62 167 41 0 301 163 228 0 74 0 22 0 22 0 30 47 28 0 22 22 0 21 0 22 22 77 41 325 0 0 0 0 0 0 0 111 62 73 54 61 32 0 60 77 157 8 61 0 75 45 252 411 108 0 0 0 0 0 126 0 0 0 0 4 0 329 24 22 731 0 0 0 20 0 7370 0 0 0 356 0 368 0 12595 0 51 400 0 0 45 282 0 130 866 141 129
0 0 0 0 0 17 0 5 0 0 0 0 0 0 0 0 0 0 0 0 0 0 0 0 0 0 0 0 0 0 0 0 0 0 0 0 0 0 0 0 0 0 0 0 0 0 0 0 0 0 0 0 0 0 0 0 0 0 0 0 0 0 0 0 0 0 0 0 0 0 0 0 0 0 0 0 0 0 0 0 0 0 0 0 0 0 0 0 0 0 0 0 0 0 0 0 0 0 0 0 0 0 0 0 0 0 0 0 0 0 0 0 0 0 0 0 0 0 0 0 0 0 0 0 0 0 0 0 0 0 0 0 0 0 0
0 2 0 0 0 0 0 9641 0 0 0 12 3 0 0 0 28 1 1 1 0 0 0 5 2 0 0 0 0 0 0 0 0 0 0 0 0 0 0 0 7 9 0 0 0 0 0 0 0 267 308 0 307 0 299 226 299 0 308 204 265 305 13 307 307 187 4 2 0 0 0 0 0 0 0 0 0 0 0 0 0 0 0 0 0 0 0 0 1 0 0 1 1 0 0 0 0 0 0 0 0 0 0 0 0 0 0 0 0 0 0 0 0 0 0 0 0 0 11693 0 0 0 0 0 0 0 0 0 0 25 0 0 150 0 0
0 0 0 0 0 0 0 0 0 0 0 0 0 0 0 0 0 0 0 0 0 0 0 0 0 0 0 0 0 0 0 0 0 0 0 0 0 0 0 0 0 0 0 0 0 0 0 0 0 0 0 0 0 0 0 0 0 0 0 0 0 0 0 0 0 0 0 99 0 0 0 0 0 0 0 0 0 0 0 0 0 0 0 0 0 0 0 0 0 0 0 0 0 0 0 0 0 0 0 0 0 0 0 0 0 0 0 0 0 0 0 0 0 0 0 0 0 0 0 0 0 0 0 0 0 0 0 0 0 0 0 0 0 0 0
34 2129 3612 52 0 107 284 430 162 33 175 249 273 23 45 1562 242 378 103 97 0 20 0 2182 351 294 391 680 883 116 373 322 320 221 91 218 398 174 247 614 116 266 123 41 1797 398 276 45 273 3328 3388 2722 3388 0 3357 2596 3347 2227 3388 2355 3340 3385 2481 3388 3388 2159 145 148 93 0 46 46 46 35 0 589 805 402 654 440 66 116 168 174 267 153 120 0 304 573 441 544 1169 0 0 0 0 0 4327 0 0 0 0 0 0 631 224 423 728 0 0 0 95 1515 0 863 0 1346 606 0 196 0 3760 0 72 518 39 43 143 171 0 243 703 861 205
0 0 0 0 0 0 0 0 0 0 0 0 0 0 0 0 0 0 0 0 0 0 0 0 0 0 0 0 0 0 0 0 0 0 0 0 0 0 0 0 0 0 0 0 0 0 0 0 0 0 0 0 0 0 0 0 0 0 0 0 0 0 0 0 0 0 0 0 0 0 0 0 0 0 0 0 0 0 0 0 0 0 0 0 0 0 0 0 0 0 0 0 0 0 0 0 0 0 0 0 0 0 0 0 0 0 0 0 0 0 0 0 0 0 0 0 0 0 0 0 0 0 0 0 0 0 0 0 0 0 0 0 0 0 0
0 0 0 0 0 0 0 0 0 1 0 0 0 0 0 0 0 0 0 0 0 0 0 0 0 0 0 1 1 246 0 0 1 0 0 0 0 0 9 0 213 0 0 0 0 0 22 0 0 0 5 0 5 0 5 0 5 0 5 178 0 4 0 5 5 4 847 20 383 0 287 287 287 267 0 0 2 2 0 0 0 0 0 0 0 0 0 0 0 0 0 0 0 0 0 0 0 0 0 0 0 0 0 0 0 448 0 0 0 0 0 0 0 0 0 0 0 0 0 0 0 0 0 0 0 0 0 0 0 0 0 0 0 0 0
0 0 0 0 0 0 0 0 0 0 0 0 0 0 0 0 0 0 0 0 0 0 0 0 0 0 0 0 0 0 0 0 0 0 0 0 0 0 0 0 0 0 0 0 0 0 0 0 0 0 0 0 0 0 0 0 0 0 0 0 0 0 0 0 0 0 0 0 0 0 0 0 0 0 0 0 0 0 0 0 0 0 0 0 0 0 0 0 0 0 0 0 0 0 0 0 0 0 0 0 0 0 0 0 0 0 0 0 0 0 0 0 0 0 0 0 0 0 0 0 0 0 0 0 0 0 0 0 0 0 0 0 0 0 0
0 0 0 0 0 0 0 0 0 0 0 0 0 0 0 0 0 0 0 0 0 0 0 0 0 0 0 0 0 0 0 0 0 0 0 0 0 0 0 0 0 0 0 0 0 0 0 0 0 422 464 164 463 0 451 344 451 0 464 309 422 461 0 464 464 282 6 3 0 0 0 0 0 0 0 0 0 0 0 0 0 0 0 0 0 0 0 0 2 0 0 0 0 0 0 0 0 0 0 0 0 0 0 0 0 0 0 0 0 0 0 0 0 0 0 0 0 0 0 0 0 0 0 0 0 0 0 0 0 0 0 0 0 0 0
0 0 0 0 0 0 0 0 0 0 0 0 0 0 0 0 0 0 0 0 0 0 0 0 0 0 0 0 0 0 0 0 0 0 0 0 0 0 0 0 0 0 0 0 0 0 0 0 0 0 0 0 0 0 0 0 0 0 0 0 0 0 0 0 0 0 0 0 0 0 0 0 0 0 0 0 0 0 0 0 0 0 0 0 0 0 0 0 0 0 0 0 0 0 0 0 0 0 0 0 0 0 0 0 0 0 0 0 0 0 0 0 0 0 0 0 0 0 0 0 0 0 0 0 0 0 0 0 0 0 0 0 0 0 0
0 0 0 0 0 0 0 0 0 0 0 2 3 0 0 0 5 0 0 0 0 0 0 0 0 0 0 6 4 10791 2 19 22 16 0 6 5 0 164 136 10269 0 5 0 0 0 288 371 0 0 1 0 1 0 2 0 2 0 1 0 0 0 0 1 0 7 3468 420 3426 0 13888 13888 13888 13880 0 21 30 40 0 27 0 0 0 0 0 0 0 0 11 2 0 2 0 0 185 0 0 0 0 0 0 0 0 0 0 0 0 0 0 0 0 0 0 0 0 0 0 0 0 0 0 0 0 0 0 0 0 0 0 0 0 2 0 0 1
0 0 0 0 0 0 0 0 0 0 0 0 0 0 0 0 0 30 29 33 0 0 0 0 0 0 0 0 0 0 0 0 0 0 0 0 0 0 0 0 0 0 0 0 0 0 0 0 0 23 46 0 45 0 48 29 47 0 46 34 0 44 0 45 46 28 0 0 0 0 0 0 0 0 0 0 0 0 0 0 0 0 0 0 0 0 0 0 0 0 0 1 0 0 0 0 0 0 217 0 0 0 0 87 0 2 0 0 0 0 0 0 0 0 0 0 0 0 0 0 0 0 0 0 0 0 0 0 0 0 0 0 0 0 0
0 0 0 0 0 0 0 1 0 0 0 0 0 0 0 0 0 6 5 6 0 0 0 0 0 0 0 0 0 0 0 0 0 0 0 0 0 0 0 0 0 12 0 0 0 0 0 0 0 0 1 0 1 0 3 0 3 0 1 2 0 0 0 1 1 1 0 0 0 0 0 0 0 0 0 0 0 0 0 0 0 0 0 0 0 0 0 0 0 0 0 0 0 0 0 0 0 0 59 0 0 0 0 31 0 2 0 0 0 0 0 0 0 0 0 0 0 0 0 0 0 0 0 0 0 0 0 0 0 0 0 0 0 0 0
0 0 0 0 0 0 0 0 0 0 0 0 0 0 0 0 0 2103 2019 2279 0 0 0 0 0 0 0 0 0 0 0 0 0 0 0 0 0 0 0 0 0 0 0 0 0 0 0 0 0 223 264 0 263 0 257 194 257 261 264 176 221 261 0 264 264 162 2 2 0 0 0 0 0 0 0 0 0 0 0 0 0 0 0 0 0 0 0 0 15 0 0 0 0 0 0 0 0 0 0 3 0 0 0 2459 0 0 0 0 0 0 0 0 0 0 0 0 0 0 0 0 0 0 0 0 0 0 0 0 0 0 0 0 0 0 0
0 0 0 0 0 0 0 0 0 0 0 0 0 0 0 0 0 0 0 0 0 0 0 0 0 0 0 0 0 0 0 0 0 0 0 0 0 0 0 0 0 0 0 0 0 0 0 0 0 0 0 0 0 0 0 0 0 0 0 0 0 0 0 0 0 0 0 0 0 0 0 0 0 0 0 0 0 0 0 0 0 0 0 0 0 0 0 0 0 0 0 0 0 0 0 0 0 0 0 0 0 0 0 0 0 0 0 0 0 0 0 0 0 0 0 0 0 0 0 0 0 0 0 0 0 0 0 0 0 0 0 0 0 0 0
0 0 0 0 0 0 0 0 0 0 0 0 0 0 0 0 0 0 0 0 0 0 0 0 0 0 0 20 17 51 29 0 0 0 0 0 0 0 6 2 52 0 0 0 0 0 0 0 0 0 0 0 0 0 0 0 0 0 0 46 0 0 0 0 0 0 58 5 131 0 60 60 60 51 0 16 78 77 33 36 0 0 0 0 0 0 0 0 0 0 0 0 4 0 0 0 0 0 0 0 0 0 0 0 0 2 0 0 0 0 0 0 0 0 0 0 0 0 0 0 0 0 0 0 0 0 0 0 0 0 0 0 0 0 0
0 0 0 0 0 0 0 0 0 0 0 0 0 0 0 0 0 0 0 0 0 0 0 0 0 0 0 0 0 0 0 0 0 0 0 0 0 0 0 0 0 0 0 0 0 0 0 0 0 0 0 0 0 0 0 0 0 0 0 0 0 0 0 0 0 0 0 0 0 0 0 0 0 0 0 0 0 0 0 0 0 0 0 0 0 0 0 0 0 0 0 0 0 0 0 0 0 0 0 0 0 0 0 0 0 0 0 0 0 0 0 0 0 0 0 0 0 0 0 0 0 0 0 0 0 0 0 0 0 0 0 0 0 0 0
0 0 0 0 0 0 1 182 0 0 0 0 0 0 3 0 0 0 1 1 0 0 0 93 59 2 2 7 0 0 12 0 0 0 0 0 0 0 0 0 0 0 0 0 1481 0 0 0 0 0 3 0 2 0 3 0 3 0 3 0 2 3 0 3 0 2 0 8 0 0 0 0 0 0 0 0 99 3 0 0 1 0 0 0 0 0 0 0 0 0 0 0 7 0 0 0 0 0 0 0 0 0 0 0 0 0 0 0 0 0 0 0 0 0 0 0 0 0 0 0 0 0 0 0 0 0 0 0 0 0 0 0 0 0 1
0 0 0 0 0 0 0 0 0 0 0 0 0 0 0 0 0 0 0 0 0 0 0 12 9 0 0 0 0 0 0 0 0 0 0 0 0 0 0 0 0 0 0 0 0 0 0 0 0 0 0 0 0 0 0 0 0 0 0 0 0 0 0 0 0 0 0 0 0 0 0 0 0 0 0 0 0 0 0 0 0 0 0 0 0 0 0 0 0 4 0 0 0 0 0 0 0 0 0 0 0 0 0 0 0 0 0 0 0 0 0 0 0 0 0 0 0 0 0 0 0 0 0 0 0 0 0 0 0 0 0 0 0 0 0
15 3248 2913 0 5806 70 2 1589 248 0 244 1649 1472 33 28 347 141 38 22 72 0 1 0 182 112 5 3 0 41 0 1166 242 159 115 35 86 159 4 6 939 108 53 0 0 6935 26 87 0 0 3 2 74 1 0 102 0 90 46 2 0 0 2 84 2 0 486 506 135 0 0 23 23 23 18 0 99 82 106 0 122 42 0 35 0 1903 0 61 43 55 53 43 5448 5 0 0 0 0 0 140 0 0 0 0 0 0 0 0 0 92 298 0 0 0 0 0 147 0 6 427 0 1843 3293 0 0 13 5483 0 0 4151 0 0 31 16 0 19
18 3887 3443 370 6675 85 4678 1214 313 158 15 246 450 50 1161 1860 209 151 607 226 26 159 83 817 549 4070 3836 7054 4020 13531 5930 1062 4383 759 183 666 1041 344 1126 2520 11798 150 2042 148 8491 9296 5336 4507 2809 1280 1684 1684 1684 1125 1652 3069 1647 1338 1684 5153 1683 1684 1360 1684 1681 1503 20148 1460 7885 0 14991 14991 14991 14952 7152 7683 6598 7282 2003 23131 592 1100 5837 0 566 10736 384 2381 1374 1044 2253 421 2020 0 3310 0 0 0 1285 105 0 0 0 3 643 959 273 0 0 196 0 0 0 347 0 0 250 1338 494 0 0 356 0 903 0 129 0 3006 0 599 0 1951 7729 1132 1056
0 0 0 0 0 0 0 0 0 0 0 0 0 0 0 0 0 0 0 0 0 0 0 0 0 0 0 0 0 0 0 0 0 0 0 0 0 0 0 0 0 0 0 0 0 0 0 0 0 0 0 0 0 0 0 0 0 0 0 0 0 0 0 0 0 0 0 0 0 0 0 0 0 0 0 0 0 0 0 0 0 0 0 0 0 0 0 0 0 0 0 0 0 0 0 0 0 0 0 0 0 0 0 0 0 0 0 0 0 0 0 0 0 0 0 0 0 0 0 0 0 0 0 0 0 0 0 0 0 0 0 0 0 0 0
0 0 0 0 0 3 0 1 0 0 1 0 0 0 28 0 5 0 2 2 0 0 0 6 3 2 3 0 0 0 0 0 1 0 0 0 1 0 0 0 0 0 0 0 11 0 0 0 0 0 0 0 0 0 0 0 0 0 0 0 0 0 0 0 0 0 2 0 0 0 0 0 0 0 0 0 2 1 0 0 2 0 0 0 0 0 0 0 0 2 0 0 0 0 0 0 0 0 0 0 0 0 0 0 0 0 0 0 0 0 0 0 0 0 0 0 0 4 0 0 0 0 0 0 0 0 0 0 0 0 0 1 0 3 0
0 0 0 0 0 0 0 0 0 8 0 0 0 0 0 0 95 0 0 0 0 0 0 0 0 0 0 0 0 0 0 0 0 0 0 0 0 0 0 0 0 0 0 0 0 0 0 0 0 0 0 0 0 0 0 0 0 0 0 0 0 0 0 0 0 0 0 0 0 0 0 0 0 0 0 0 0 0 0 0 0 0 0 0 0 0 0 0 0 0 0 0 0 0 0 0 0 0 0 0 11061 0 0 0 0 0 0 0 0 0 0 0 0 0 0 0 0 0 0 0 0 0 0 0 0 0 0 0 0 0 0 0 0 0 0
123 394 572 370 260 42802 4 195 429 390 90 161 87 109 1204 0 1972 270 42 52 1723 925 3 126 23 70 347 2198 498 0 65 12 23 19 0 16 221 326 0 0 0 66 0 0 1256 26 0 0 46 10 10 10 9 0 11 0 17 10 10 0 10 10 10 10 0 10 186 47 0 0 20 20 20 0 0 1674 368 97 92 125 27 62 0 0 0 14 5 0 3 88 43 0 40 0 0 0 0 0 768 3202 5782 0 0 596 0 0 0 0 227 0 0 0 59 0 143 0 490 10808 116 0 0 0 478 0 57 30 0 63 0 0 0 44 134 186 20
0 610 126 42 152 2 108 192 35 182 0 234 278 8 11 0 846 530 543 463 197 335 304 509 525 171 112 778 727 591 1038 361 365 247 148 220 439 1247 0 178 463 305 0 280 183 259 301 522 390 274 312 352 312 139 318 401 316 339 312 337 312 312 338 312 311 472 512 168 336 0 584 583 584 531 0 1605 542 865 813 992 574 387 563 586 655 4728 1249 803 538 739 777 363 1856 0 0 0 181 366 228 650 98 0 0 24 24 704 337 0 665 10 0 0 465 0 0 1067 36 318 83 83 0 0 0 108 0 459 0 0 0 106 0 850 201 1199 0
0 267 101 8 135 1 105 13 30 40 22 19 33 7 184 0 4 3 4 19 1 1 0 72 146 84 84 184 0 0 1005 61 87 93 17 87 163 2 81 141 32 73 0 0 30 0 77 0 49 0 12 11 12 0 12 9 12 9 12 0 12 11 10 12 0 11 122 27 0 0 21 20 21 0 0 0 12 13 0 0 13 27 0 0 0 0 0 0 1 113 62 0 184 0 0 0 0 0 36 5 0 0 0 1 0 0 0 0 0 0 0 0 0 0 0 0 0 117 16 0 0 0 0 0 0 0 0 2 0 0 0 34 4 94 95
0 0 0 0 0 0 0 0 0 0 0 1 1 0 13 0 1 0 0 0 0 0 0 0 0 0 0 13 0 0 32 0 0 0 0 0 1 0 0 0 0 18 0 0 0 0 0 0 0 0 0 0 0 0 0 0 0 0 0 0 0 0 0 0 0 0 0 0 0 0 0 0 0 0 0 0 0 0 0 0 0 0 0 0 0 0 0 0 0 2 0 0 6 0 0 0 0 0 0 0 0 0 0 1 0 0 0 0 0 0 0 0 0 0 0 0 0 2 0 0 0 0 0 0 0 0 0 0 0 0 0 0 0 12 0
0 0 0 0 0 0 0 340 0 0 0 1 2 0 1 0 2 0 0 0 0 0 0 0 1 0 0 92 0 0 27 0 0 0 0 0 9 0 0 254 155 0 0 0 2457 0 0 0 0 0 0 0 0 0 0 0 0 0 0 0 0 0 0 0 0 1 0 0 0 0 0 0 0 0 0 0 171 0 0 0 1 0 0 0 0 0 0 0 2 0 0 0 5 0 0 0 0 0 0 0 0 0 0 2 0 0 0 0 0 0 0 0 0 0 0 0 0 14 0 0 0 0 0 0 0 0 0 0 0 0 0 1 0 373 1
0 1 0 0 0 0 13 370 0 18 0 898 806 0 69 30 83 84 15 41 15 0 0 0 20 0 11 2053 779 320 663 113 94 96 25 79 561 16 15 151 93 101 1 0 17 0 67 3870 58 0 1 47 1 0 57 63 50 32 1 32 1 1 50 1 0 270 294 80 241 0 25 24 25 0 0 163 144 159 0 0 28 0 0 0 403 0 0 0 59 36 53 3024 124 0 0 0 0 0 78 71 0 0 0 3 0 0 0 605 0 110 0 0 0 0 0 236 0 776 0 0 717 833 0 0 29 3006 0 0 1469 0 0 50 0 3104 25
0 78 28 0 35 0 44 2 8 8 2 7 10 0 25 0 3 0 1 3 0 0 0 0 36 14 34 175 424 0 221 0 14 14 0 0 45 70 0 17 202 23 0 0 9 0 35 108 0 0 2 2 2 0 3 720 3 2 2 0 2 2 2 2 0 67 22 21 0 0 3 2 3 0 0 145 566 2196 501 0 70 0 1954 0 0 0 0 0 2 47 25 11 133 0 0 0 0 0 0 0 0 0 0 1 0 0 0 0 0 0 0 0 0 0 0 0 0 298 0 0 0 0 0 0 0 0 0 0 0 0 0 5 0 189 18
0 0 0 0 0 0 0 0 0 0 0 0 0 0 0 0 1 5 5 5 0 0 0 90 95 14 1 1 0 0 0 0 0 0 0 0 0 0 0 0 0 0 0 0 0 0 0 0 0 0 0 0 0 0 0 0 0 0 0 0 0 0 0 0 0 0 0 0 0 0 0 0 0 0 0 0 2 0 0 0 0 18 0 0 0 0 0 0 0 23 0 0 0 0 0 0 0 0 0 0 0 0 0 0 0 0 0 0 0 0 0 0 0 0 0 0 0 0 0 0 0 0 0 0 0 0 0 0 0 0 0 0 0 0 0
0 0 0 0 0 0 4 0 0 0 0 0 0 0 639 0 0 13 3 0 1 0 0 14 0 5 4 14 10 29 0 0 0 0 0 0 4 8224 0 0 0 0 3 0 2 0 1 0 0 2 52 47 52 0 53 40 52 41 52 37 52 52 42 52 52 153 9 2 1 0 32 23 32 0 0 0 66 62 3 29 0 0 0 6 0 0 8517 0 54 6 0 0 13 0 0 0 0 0 4 0 3 0 0 0 0 0 0 0 0 0 0 0 0 0 0 5 0 7 0 0 0 0 0 0 0 0 0 0 0 0 0 0 0 0 0
0 35 18 1 25 0 9 5 6 24 2 0 10 0 1272 0 3 11 17 5 5 1 66 79 77 19 10 313 245 30 205 14 21 0 7 0 222 1788 0 87 0 92 0 0 11 0 6 0 877 0 69 65 69 0 70 1619 68 54 69 49 69 69 55 69 68 207 95 15 0 0 49 49 49 33 0 265 259 759 74 0 149 2 0 21 0 0 1904 0 1093 206 146 1 78 0 0 0 0 0 0 0 0 0 0 3 0 19 0 0 0 0 0 0 0 0 0 53 0 315 1 0 0 0 0 0 0 0 0 5 0 0 0 5 0 169 46
0 0 0 0 0 0 6 355 0 10 0 897 801 0 5 54 77 180 5864 38 1 1 0 141 105 0 6 26 60 0 666 138 84 71 23 71 89 22 8 129 68 31 0 0 12 0 57 15 143 0 5 2162 5 0 79 72 61 42 5 74 5 5 61 5 4 1310 262 83 282 1031 9 9 9 7 0 117 201 170 138 164 36 0 0 0 1112 0 40 0 38 134 27 3061 166 0 0 0 0 0 70 0 0 0 0 0 0 11 0 0 0 0 0 0 0 0 0 57 0 11 0 0 844 1752 0 0 0 3076 24 0 2237 0 0 19 0 170 8
0 0 0 0 0 0 26 0 0 59 0 11 17 0 81 0 5 41 6 2 5 1 1 0 519 94 31 165 157 65 17 0 0 0 0 0 67 91 0 0 0 23 11991 0 0 0 15 0 1441 0 27 37 27 0 123 42 67 53 27 49 27 27 60 27 27 5510 298 42 0 0 50 50 50 34 0 454 482 634 0 513 3 0 0 0 0 0 103 0 621 652 152 59 827 0 0 0 0 0 100 0 0 0 0 3 0 65 0 0 0 0 0 0 0 0 0 51 0 98 0 0 0 0 0 0 0 0 0 6 0 26 0 0 0 791 12
0 0 0 0 0 0 3 2 0 5 0 3 3 0 319 0 1 988 5122 1 1 1 0 90 70 12 0 44 0 0 21 1 4 2 0 1 17 1000 4 0 12 3 1729 0 0 0 0 0 113 0 5 1855 5 0 40 1218 19 15 5 14 5 5 18 5 5 2066 48 11 39 0 4 4 4 0 0 160 238 317 239 240 282 0 3690 16115 3242 0 1029 113 138 66 11 9 242 0 0 0 0 0 0 51 0 0 0 1 0 0 0 0 0 0 0 0 0 0 0 11 0 25 0 0 0 0 0 0 0 0 0 0 0 0 0 1 2 70 2
0 37 6 9 2 1 4265 8 2 35 0 7 7 1 119 15 129 33 7 2 11 15 10 16 7 3600 3015 227 235 0 37 1 3 1 0 0 102 154 97 6 8 131 0 0 4 176 3489 248 619 0 2 4 2 0 2 3 2 2 2 2 2 2 2 2 1 9 89 3 0 0 2 2 2 0 0 63 125 100 406 131 115 0 0 0 0 0 0 0 1081 327 65 6 55 0 0 0 28 31 806 141 133 1 0 6 0 51 39 0 0 0 0 0 0 1012 0 73 846 133 0 0 0 0 0 0 0 0 0 1 0 0 0 28 0 564 8
2 1959 621 44 854 7 590 163 177 138 163 189 174 47 38 624 431 1016 1647 529 116 134 7 1275 1181 702 639 452 498 303 129 109 3500 108 71 103 263 8290 121 219 232 505 13088 389 297 8206 550 0 1341 534 659 1014 659 173 675 1462 659 526 659 465 659 659 538 659 658 1912 306 303 0 0 268 267 268 229 0 428 262 263 26 205 3828 166 1158 3397 26 0 7241 0 497 318 358 383 857 0 288 0 962 1322 594 2059 489 866 1256 50 0 1191 244 272 642 894 0 0 0 0 0 1328 0 275 168 778 0 0 0 309 0 341 0 16427 0 56 0 206 7173 3476 142
0 4 0 0 0 0 0 5 0 0 0 12 13 0 0 0 0 2 0 3 0 0 0 0 0 0 1 5 13 32 9 12 10 11 0 0 17 0 0 0 0 70 0 13 0 0 0 0 0 0 0 0 0 0 1 0 1 0 0 0 0 0 0 0 0 3 6 1 0 0 44 44 44 0 0 0 2 0 0 0 7 0 0 0 0 0 0 0 0 0 14 0 21 0 0 0 15 89 21 333 0 146 111 174 0 0 0 0 0 0 0 0 0 0 0 9 0 0 1 0 0 0 0 0 0 0 0 0 0 11 0 67 0 0 20
0 14 8 1 7 0 1 11 2 11 0 8 7 0 81 0 13 62 20 23 15 2 0 6 0 2 20 2 0 0 1 0 1 0 0 0 2 2 6 0 0 12 0 0 2 0 0 0 0 0 14 2 14 0 13 8 13 11 14 0 14 13 11 14 13 8 11 0 0 0 0 0 0 0 0 0 0 0 0 0 0 0 0 0 0 0 0 0 161 0 0 0 3 0 0 0 0 0 0 108 11 0 0 16 0 15 0 0 0 0 0 0 0 0 0 0 0 8 18 0 0 0 595 0 0 0 0 0 0 0 0 3 0 0 0
0 3 1 0 0 1 0 1121 0 981 0 16 13 0 2 0 14 147 38 37 37 56 4 80 59 10 66 28 0 0 100 1 1 0 0 0 6 0 0 0 0 22 0 0 0 0 0 0 0 0 7 7 8 0 7 5 8 8 8 5 8 7 8 8 7 6 3430 1 0 0 7 7 7 0 0 0 23 38 0 0 30 0 0 0 0 0 0 0 0 289 0 0 28 0 0 0 0 0 0 99 0 0 0 28 0 104 0 0 0 0 0 0 0 4580 0 37 3386 116 1959 0 0 0 0 0 0 0 0 0 0 759 0 18 0 5 2
0 0 0 0 0 0 0 0 0 1 0 0 12 0 0 0 125 10 1 8 8 0 395 1 1 0 2 9 45 36 0 0 9 0 100 0 66 0 0 0 0 314 0 111 25 0 0 0 0 0 0 0 0 0 1 0 1 0 0 0 0 0 1 0 0 3 21 1 0 0 51 51 51 11 0 11 25 0 0 0 47 241 0 0 0 0 0 0 25 9 340 0 36 0 0 0 0 0 0 0 0 0 0 0 27 0 0 0 0 49 0 0 122 0 0 77 0 2 0 0 0 41 0 0 0 0 0 116 0 115 0 174 0 0 147
0 0 0 0 0 0 0 0 0 0 0 0 0 0 0 0 0 0 0 0 0 0 0 0 0 0 0 0 0 0 0 0 0 0 0 0 0 0 0 0 0 0 0 0 0 0 0 0 0 0 0 0 0 0 0 0 0 0 0 0 0 0 0 0 0 0 0 0 0 0 0 0 0 0 0 0 0 0 0 0 0 0 0 0 0 0 0 0 0 0 0 0 0 0 0 0 0 0 0 0 0 0 0 0 0 0 0 0 0 0 0 0 0 0 0 0 0 0 0 0 0 0 0 0 0 0 0 0 0 0 0 0 0 0 0
0 254 96 140 219 1 1972 137 524 58 731 278 350 37 73 89 181 1946 0 0 312 1741 592 1488 1258 1890 1582 1284 1300 1227 450 604 809 446 512 419 1044 230 551 850 1034 568 1032 580 289 1325 1784 1157 697 2106 2132 2006 2132 2060 2089 3575 2093 1666 2132 1940 2043 1985 1678 2132 2132 1930 521 350 1524 467 1212 1212 1212 1201 1004 419 537 688 1623 1203 2709 36 6117 1286 1031 1419 209 492 578 628 853 466 403 0 38 0 0 0 589 87 0 249 252 0 0 176 2313 0 322 183 0 0 609 0 0 220 0 1301 37 0 127 0 282 140 114 463 0 615 230 962 0 464 1369 0 386
0 35 5 0 29 0 313 0 80 3 115 44 47 4 11 12 20 444 476 479 51 280 94 0 169 300 252 227 221 261 81 96 137 80 76 62 168 38 44 110 234 90 170 86 44 227 237 212 99 440 446 413 446 433 436 515 437 348 446 0 292 327 345 445 435 376 109 60 335 0 289 289 289 224 39 79 101 130 310 232 451 2 1015 212 167 208 3 0 58 97 120 72 62 0 0 0 0 0 93 13 0 65 66 352 0 0 303 0 40 12 0 0 94 0 0 38 0 204 3 0 0 0 22 0 21 73 0 92 0 0 0 77 183 10 61
1 347 128 180 288 2 2573 175 688 80 960 357 452 48 99 206 198 3702 3786 3844 401 2246 776 1282 1648 2462 2061 1522 1560 1033 527 786 999 582 691 546 1349 288 688 1096 867 742 1379 727 388 1603 2291 1188 892 2023 2085 2005 2085 2047 2048 4046 2053 1631 2085 1804 2081 2077 1656 2085 2085 2063 518 431 1253 613 953 953 953 942 1136 472 586 742 1704 1298 3417 52 7653 1607 1313 1447 240 35 681 794 1063 585 536 156 46 0 21 3 771 116 0 196 199 0 0 234 3287 0 373 180 0 0 749 272 0 278 206 1724 29 1 0 0 0 188 148 576 0 832 0 557 0 585 1412 0 506
0 48 17 0 42 0 393 26 104 11 143 56 70 7 14 12 25 580 594 599 63 351 118 300 259 377 316 277 277 319 97 120 169 88 99 82 210 47 110 168 270 113 211 25 56 280 360 219 70 411 519 482 519 496 507 796 508 405 519 484 515 513 405 519 519 446 127 74 377 70 326 326 326 151 0 79 111 138 299 254 559 1 1213 246 169 170 0 0 0 87 95 80 79 9 13 0 0 0 118 18 0 73 57 0 0 28 288 0 0 0 0 0 62 44 0 49 34 269 0 0 0 0 0 0 0 78 0 113 0 24 0 95 232 0 77
0 0 0 0 24 0 217 0 58 6 81 31 28 0 8 0 12 316 324 327 34 192 65 164 142 208 174 140 142 130 49 67 89 49 42 0 115 15 0 60 99 63 118 0 32 144 196 66 0 186 230 216 230 224 226 390 226 180 230 209 230 230 176 230 230 210 57 38 161 39 129 129 129 68 0 26 46 53 109 103 298 4 613 143 51 32 0 0 0 28 58 33 44 11 6 0 1 0 65 10 0 29 30 0 0 19 109 0 0 0 0 0 7 25 0 25 19 147 5 0 0 0 0 0 0 27 0 62 0 0 0 51 103 0 43
0 0 0 0 0 0 46 0 0 0 0 0 7 0 1 0 0 69 70 72 7 42 12 23 15 42 38 26 0 0 0 1 14 0 0 0 24 0 0 0 0 12 0 0 5 0 0 0 0 0 46 43 47 0 46 82 46 36 47 41 0 0 1 46 47 43 1 8 0 0 25 24 25 0 0 0 10 2 0 4 59 0 125 0 0 0 0 0 0 3 11 1 10 0 0 0 0 0 0 0 0 0 0 99 0 0 0 0 0 0 0 0 0 0 0 0 0 31 0 0 0 0 0 0 0 0 0 12 0 0 0 9 0 0 8
0 2 0 0 4 0 33 0 9 1 10 5 6 0 1 0 2 48 50 50 5 29 10 25 22 32 27 21 19 20 8 10 14 7 7 3 18 3 0 8 14 9 7 7 5 18 27 17 0 27 35 33 35 3 35 60 35 28 35 32 34 33 0 35 35 32 8 6 19 0 20 20 20 0 0 0 9 9 0 16 46 0 82 22 12 0 0 0 0 0 0 8 7 0 0 0 0 0 8 0 0 0 0 1 0 0 0 0 5 0 0 0 0 0 0 4 2 22 1 0 0 0 0 0 0 0 0 10 0 0 0 8 0 0 7
0 30 11 16 25 0 223 14 62 7 83 32 40 4 9 18 13 316 324 329 36 198 69 174 148 215 179 140 140 116 47 68 88 51 60 48 120 25 60 95 97 66 120 67 34 142 200 102 50 123 185 177 185 182 182 360 182 145 185 166 185 185 138 185 185 182 41 39 127 56 112 112 0 0 0 28 43 56 75 98 56 0 637 136 56 85 0 0 46 0 99 52 47 14 3 0 2 0 68 10 0 24 26 0 0 20 241 0 0 11 70 0 0 23 0 16 17 151 0 0 0 0 0 0 0 33 0 71 0 0 5 52 104 0 45
0 84 28 48 60 0 537 92 144 17 201 116 131 10 25 67 101 770 783 797 84 465 162 396 344 513 430 299 310 146 110 168 203 126 147 115 282 59 141 233 127 164 301 28 133 320 1309 465 106 290 350 344 350 344 345 769 346 274 350 288 350 350 279 350 350 378 91 87 173 100 122 122 122 89 15766 77 101 121 257 204 699 11 1513 327 226 22830 0 0 0 106 202 147 1124 0 0 0 0 0 176 19 0 0 0 238 88 29 743 0 26 0 0 0 0 79 0 84 52 358 0 0 0 0 0 0 0 147 0 172 0 581 23 154 472 0 109
0 230 41 193 63 0 565 141 152 18 211 253 256 11 83 77 234 869 827 850 109 490 171 421 361 541 465 325 346 156 224 235 233 200 161 143 314 73 154 280 148 277 305 142 93 340 515 243 168 314 368 369 368 371 372 819 372 294 368 314 368 368 302 368 368 440 146 104 235 582 128 128 128 112 152 142 137 140 287 226 747 61 1598 349 418 266 10 0 0 129 224 621 184 0 0 0 0 0 179 21 0 80 0 223 94 228 3748 0 418 0 0 0 619 276 0 278 217 388 0 0 0 0 0 0 81 641 0 191 0 2297 101 638 1145 0 132
0 0 0 0 0 0 0 0 0 0 0 0 0 0 0 0 0 0 0 0 0 0 0 0 0 0 0 0 0 0 0 0 0 0 0 0 0 0 0 0 0 0 0 0 0 0 0 0 0 0 0 0 0 0 0 0 0 0 0 0 0 0 0 0 0 0 0 0 0 0 0 0 0 0 0 0 0 0 0 0 0 0 0 0 0 0 0 0 0 0 0 0 0 0 0 0 0 0 0 0 0 0 0 0 0 2807 0 0 0 0 0 0 0 0 0 0 0 0 0 0 0 0 0 0 0 0 0 0 0 0 0 0 0 0 0
0 0 0 0 0 2 2372 0 705 51 983 194 298 0 45 161 31 65 114 133 7 32 727 42 25 2121 1953 1560 1409 2256 130 345 448 0 0 0 154 0 0 0 1721 599 440 300 244 1072 2252 2451 481 1055 1186 1078 1186 964 1163 1434 1160 928 1186 1929 1186 1186 943 1186 1186 935 846 463 3214 0 2725 2725 2725 2721 0 643 1118 1447 3852 2854 2276 13 1779 357 290 406 185 499 315 189 1047 0 303 316 974 96 220 322 1003 2681 153 0 0 160 0 367 610 0 0 0 0 0 135 0 0 82 0 10 41 0 0 0 0 396 20 101 7 396 0 136 0 87 773 42 457
0 72 12 63 18 0 1508 52 42 2 58 85 103 3 26 33 52 13688 13119 14824 0 42 147 30 10 1286 1177 39 64 3941 77 175 103 138 144 116 73 6 376 326 3417 162 157 52 23 37 1552 536 85 0 0 4 0 0 5 0 4 3 0 1874 0 0 2 0 0 23 1208 401 5275 0 4526 4524 4526 4225 0 28 33 36 27 32 14 18 0 0 0 3 0 0 48 0 0 98 64 0 183 0 0 0 347 0 0 0 0 0 0 0 0 0 2 91 0 0 131 0 0 86 25 31 1 0 0 0 0 51 0 47 0 175 0 369 32 207 147 0 100
1 996 316 105 339 3 331 59 70 106 67 34 43 18 27 171 862 245 262 214 106 693 201 149 103 305 261 373 465 229 58 86 68 98 65 93 1214 437 143 165 118 60 196 72 227 34 299 122 89 0 18 33 18 0 20 79 24 150 18 88 18 18 138 18 18 111 229 111 176 0 118 117 118 71 0 74 130 138 80 98 188 191 178 246 163 195 0 0 447 227 196 17 373 0 0 0 0 0 66 186 0 0 0 4 0 16961 0 0 160 0 0 0 440 0 0 10 18 771 65 77 0 0 0 17 210 0 0 80 0 0 35 403 10 0 103
2 2639 803 586 697 6 695 742 145 480 77 701 669 96 187 1195 1860 1652 1456 1243 647 373 1061 4099 4492 1254 654 1791 2059 950 4155 444 756 3528 367 403 793 1235 504 364 777 1646 695 581 354 714 430 691 664 0 118 282 118 0 154 448 148 128 118 456 118 118 137 118 118 694 1569 421 1121 525 746 745 746 608 630 7693 547 1154 0 810 1942 2271 1038 1286 1166 522 657 0 1447 2435 1528 1508 11198 542 199 1011 1591 1779 1005 1033 5766 2746 2576 4 407 5360 2514 0 6289 5526 614 1422 3426 149 0 6175 120 693 426 1647 869 0 224 724 9273 1323 0 445 0 2305 0 2351 833 8238 255
0 49 2 0 0 0 280 696 0 0 0 1796 1624 0 10 280 160 485 304 169 8 2 273 657 372 278 241 190 343 147 1473 347 255 239 83 177 328 226 264 870 314 318 33 0 889 0 367 263 0 0 74 231 74 0 184 183 170 121 74 239 74 73 158 74 74 623 533 269 0 4139 141 139 141 0 0 216 342 449 15 367 53 27 30 226 2104 403 263 0 425 455 669 5917 157 0 0 0 44 69 265 0 560 0 0 4 235 0 0 0 0 643 0 0 0 0 0 113 0 30 11 0 1340 1052 34 0 0 5807 0 94 4014 39 0 132 0 44 327
2 1061 633 54 882 8 251 114 190 57 149 87 70 72 46 283 121 25 231 22 4 1 380 342 54 222 202 102 138 172 99 32 42 39 13 2 67 202 98 257 162 323 317 0 725 0 224 167 5 630 1327 1232 1327 767 1293 1158 1291 1034 1327 966 1327 1327 1050 1327 1327 985 70 196 0 0 183 182 183 143 0 78 246 133 0 151 23 105 469 373 320 276 177 0 417 162 218 0 415 0 0 0 938 828 156 1238 0 818 515 10 56 0 79 0 0 0 0 0 0 0 0 0 0 82 190 0 0 0 0 0 0 0 0 148 0 0 0 64 0 185 138
15 6365 1105 1475 1053 188 3883 4437 2625 2525 8009 2330 2023 1980 5667 4621 9894 3187 2494 1509 540 4191 4862 4653 2450 5436 3928 6754 8767 5956 3984 2764 4302 6676 2995 3450 6377 4068 2909 3996 5042 4341 3698 3091 6348 5438 3929 5376 4063 11318 11867 10824 11867 11106 11609 9668 11614 9422 11867 8691 11867 11867 9566 11867 11864 8562 2536 6846 2846 363 6025 6024 6025 5939 2819 4960 6788 4057 4099 4110 1217 4053 3671 4038 2913 4806 4027 2483 2560 4340 3864 1274 4942 16115 12056 1014 1493 177 6839 668 0 2725 1817 37309 2784 4179 2556 0 3049 1231 0 512 1909 2735 591 2587 3908 13747 4209 0 0 0 2286 7566 0 1028 426 2948 0 886 62 1860 4772 2310 3068
1093 874 750 512 554 6 3065 1649 696 880 1666 1833 4381 3216 1664 1872 3260 2087 1493 1245 379 2224 2277 1988 2473 2835 2471 1710 2639 1356 2429 763 821 1547 2621 1378 3256 3370 1664 2606 2270 1523 1818 1593 1562 334 2913 1287 1652 4548 5034 4550 5034 4435 4942 4351 4943 4546 5034 4154 5034 5034 4561 5034 5033 3897 781 1272 2357 48 1087 1086 1087 1016 739 2930 2986 1277 1524 4045 7363 1382 2136 1612 1561 2903 3417 1197 1568 2120 2863 606 2158 775 2365 1826 4270 669 3196 5106 272 2742 1656 534 1080 980 1002 0 995 1347 0 0 609 466 0 1128 608 1369 1813 0 0 0 1143 1009 0 322 0 1527 0 13 0 677 228 1230 1234
0 0 0 0 0 0 63 681 0 5 0 128 120 0 21 110 207 124 81 85 155 974 161 50 51 65 60 115 117 37 0 0 0 0 0 0 155 0 0 0 0 399 0 0 15 14 0 0 0 0 23 15 23 0 30 42 35 130 23 29 23 23 123 23 23 63 175 40 40 75 51 51 51 0 0 8 54 74 30 97 122 578 27 28 171 41 21 86 113 156 98 0 71 0 0 0 0 0 43 250 8 87 0 16 0 0 0 0 189 57 0 0 0 0 0 210 31 138 834 430 0 0 0 0 0 213 0 127 0 229 0 75 0 0 0
0 98 31 63 13 0 125 121 1 2 0 152 157 0 14 325 107 1048 759 838 61 10 10 2973 3186 586 295 486 550 602 4227 133 87 2581 69 89 119 18 116 137 500 682 94 51 0 27 144 106 152 986 1550 1363 1550 0 1512 1199 1510 1209 1550 1063 1550 1544 1229 1550 1549 1030 377 71 85 0 599 598 599 441 24 6598 126 341 36 298 792 275 349 109 222 93 0 259 204 1825 0 337 901 692 10 0 0 0 268 3 0 0 0 0 15 400 84 0 302 218 0 0 92 0 0 199 8547 151 70 0 161 0 127 41 27 307 37 89 0 198 0 0 0 63 89
2 4782 911 200 1215 11 3441 1186 212 163 204 1108 1641 39 181 3403 796 435 1685 789 127 29 1018 2199 1396 3094 2749 1993 2398 560 1643 3568 2518 2632 1081 2717 1343 696 2732 3523 879 2151 1912 977 1966 1500 3093 2465 1565 0 5730 5600 5731 1642 5643 4701 5626 4499 5731 4410 5730 5726 4586 5731 5730 4520 1367 622 1859 2468 361 357 361 0 994 890 964 1491 3720 1186 858 916 1922 4976 2479 1463 617 2442 2778 2034 3547 2866 2897 2541 921 4149 5718 7127 2206 11382 6004 10084 9900 1933 2525 1797 588 2004 1930 1414 0 548 464 295 0 1474 0 1003 763 0 866 1418 0 500 268 1764 708 1382 1713 1067 0 1468 872 4151 2530
0 0 0 0 0 0 0 7 0 0 0 6 8 0 0 0 5 294 90 102 326 2 0 219 120 12 8 33 34 14984 2 13 17 11 0 0 5 207 0 103 12700 3 0 0 0 0 108 675 0 263 536 466 536 0 522 403 522 418 536 352 536 531 424 536 536 331 5 4 0 451 17239 17237 17239 11464 0 1055 22 30 0 15 1 0 0 0 0 0 0 0 0 59 0 0 8 0 0 0 0 0 6 0 0 0 0 19 0 0 0 0 0 1005 0 0 0 0 0 0 0 0 0 0 0 0 0 0 0 0 0 3 0 0 0 0 0 0 0
0 38 17 35 21 0 29 79 5 366 0 110 118 2 2 69 4221 84 24 26 104 214 328 18 13 27 43 14 78 14 111 138 122 140 42 141 134 41 275 511 86 29 215 92 0 41 37 12 58 4321 4864 4235 4864 1835 4728 3664 4727 4054 4864 3284 4864 4857 4086 4864 4864 3083 135 41 226 0 14 13 14 0 0 197 22 29 16 25 29 9 49 61 398 9 0 108 120 69 0 248 131 1281 280 0 0 0 30 0 0 0 0 0 226 0 0 0 141 25 0 0 0 0 60 658 0 15 13 0 0 0 301 0 0 199 0 1 0 0 0 0 0 39 254
0 1 0 2 0 0 0 2 0 27 0 3 3 0 0 0 307 2 0 1 5 18 27 1 0 0 1 0 0 0 3 0 3 3 0 1 3 1 3 8 0 0 0 0 2 0 1 0 0 28 245 212 245 0 238 184 238 213 245 165 245 243 213 245 245 150 6 2 0 0 1 0 1 0 0 0 0 0 0 0 2 0 0 0 0 0 0 0 1 0 0 0 1 0 0 0 0 0 0 0 0 0 0 0 0 0 0 0 0 0 0 0 0 0 0 11 0 0 0 0 0 0 0 0 0 0 0 0 0 0 0 11 0 0 5
0 0 0 0 13 0 5 0 3 1 2 25 22 1 0 0 11 9 3 3 3 9 0 4 3 6 4 9 9 0 20 5 3 3 0 0 6 7 0 0 0 34 1 0 0 0 6 0 0 0 15 0 22 0 22 20 22 18 22 17 22 20 18 22 22 23 14 4 0 0 6 6 6 0 0 0 2 15 1 2 9 3 0 6 31 6 2 0 0 0 0 78 9 0 0 0 14 0 7 0 1 23 5 187 0 0 0 0 0 0 0 0 0 0 0 11 0 4 0 0 0 0 0 0 0 0 0 0 0 0 0 0 0 0 3
1 906 249 490 337 3 291 2503 70 86 54 1153 1096 17 0 949 1121 3381 2705 3070 151 201 531 4410 4480 958 777 459 542 4941 904 1382 5553 580 285 5591 419 679 1786 5353 4550 1291 3819 3417 6900 12095 641 1083 0 660 1121 921 1121 755 1130 965 1124 895 1121 2913 1121 1096 920 1121 1121 997 193 143 6174 1772 5618 5616 5617 5442 0 339 737 815 901 742 510 110 1699 442 968 168 450 0 3905 2448 5377 1896 1043 881 136 0 911 588 796 2920 291 1566 1341 213 502 5143 0 0 2749 1686 11331 15954 0 4865 2862 797 6141 1011 1711 0 710 0 3476 0 0 426 0 5417 0 0 0 8493 10634 0 539
0 343 100 1616 29 2 317 593 34 27 0 233 224 11 117 420 503 360 208 168 336 1057 652 128 132 294 274 410 466 398 340 133 129 88 14 20 691 447 0 26 272 1005 179 286 628 176 331 101 322 0 56 86 56 0 68 117 73 148 56 75 56 55 143 56 56 173 184 221 0 405 352 352 352 322 217 891 365 362 0 280 287 946 184 0 378 251 350 565 699 307 202 558 579 0 46 324 449 607 255 1191 348 766 331 446 8 295 579 0 0 1135 48 1056 651 0 0 2164 51 524 629 0 0 0 0 259 0 238 0 549 0 299 0 1035 400 0 142
4 7251 1357 430 1574 16 1799 1007 334 256 49 200 412 65 654 1283 1760 1543 1240 1329 997 3116 5603 3409 1997 1759 1608 2123 1894 477 634 1044 1195 2250 1459 974 838 342 770 1367 419 1334 1328 1419 827 1141 1766 944 1149 1609 2054 1879 2054 1489 2006 2020 2022 5472 2054 1835 2054 2054 5139 2054 2054 1735 962 362 0 0 323 323 323 287 1256 1750 1288 1070 0 803 545 1457 1779 0 1148 1078 164 802 1500 4780 2011 0 1317 488 316 1538 2430 3051 953 3033 848 4425 4037 76 1158 3356 1840 538 0 5079 119 145 2111 9363 0 4080 7808 1332 1245 68 472 0 110 314 3423 0 2044 1310 0 281 0 805 853 4264 1325
1 1298 578 144 710 6 346 740 151 72 139 324 290 47 31 663 143 187 209 63 238 840 1452 412 252 325 319 261 287 42 352 129 186 499 207 98 109 124 187 359 91 1023 345 255 355 289 346 218 1541 0 153 207 153 0 166 217 168 1182 153 177 153 149 1091 153 153 311 216 80 253 504 10 6 10 0 25 372 532 242 305 466 244 864 229 549 588 173 34 498 366 0 331 762 352 0 0 371 417 561 155 238 827 739 387 25 75 133 409 0 0 2031 0 0 410 0 292 843 0 414 823 0 16 0 0 0 1254 0 534 269 0 484 86 539 268 297 166
2 26 54 47 32 0 161 288 39 51 4 85 76 5 49 0 626 42 24 20 10 39 505 39 51 146 128 42 0 139 78 40 26 27 37 26 27 36 0 29 162 92 0 59 32 0 0 0 800 71 455 403 455 294 446 354 446 760 455 334 455 455 729 455 455 310 90 133 99 0 199 199 199 173 0 16 49 93 60 49 33 93 12 33 94 47 34 0 79 76 34 227 143 0 4 0 89 134 84 148 96 68 91 453 0 0 0 0 140 32 0 0 23 0 0 49 133 68 306 62 0 0 671 0 0 223 0 1268 0 674 0 69 54 0 21
0 294 48 300 16 1 44 149 5 0 0 190 187 0 157 105 166 66 25 21 74 388 190 472 487 109 45 101 128 14 126 95 38 176 310 0 160 46 0 0 0 424 0 462 206 0 0 0 0 0 12 20 12 0 21 35 23 95 12 3 11 11 90 12 11 74 209 44 0 67 9 8 9 0 108 57 102 42 0 31 125 555 50 32 228 37 49 4 356 170 74 253 652 0 0 0 74 110 86 109 137 110 0 11 0 57 0 0 474 1258 381 1362 296 0 0 234 133 176 67 475 913 0 0 40 0 481 4297 331 0 412 0 667 104 14 0
3 1524 719 145 933 11 0 1361 276 112 0 158 136 107 144 1468 286 69 6 11 15 9 10 14 13 8 36 53 58 13 0 0 0 0 66 0 17 0 0 0 0 679 0 139 302 0 0 0 0 0 11 13 11 0 17 16 16 12 11 16 11 11 14 11 11 36 31 13 0 0 10 9 10 0 0 8 113 28 0 17 162 797 2 0 45 0 10 0 67 56 24 268 219 0 0 0 0 0 20 7 0 0 0 5 0 0 4 0 0 160 0 0 0 0 0 85 0 48 1876 0 0 286 272 0 0 0 0 164 0 219 0 640 7 410 51
3 627 785 2393 0 0 7 1552 3 31 3 515 460 0 2 85 448 115 12 32 14 1 0 158 167 36 15 372 334 222 610 156 66 140 23 51 68 27 154 162 256 1693 0 206 13 11 123 0 708 79 104 114 104 0 130 111 126 96 104 152 104 104 107 104 104 196 1486 46 214 911 205 204 205 122 366 334 1427 660 513 715 1342 6899 18 0 534 114 35 936 1554 1599 175 724 764 262 68 1365 1277 1569 201 1550 487 2291 2203 104 0 621 3191 638 1253 1822 0 956 1977 0 0 347 188 235 1650 3755 4089 0 0 105 0 1058 0 863 0 2428 3659 2261 61 0 63
0 11 7 45 5 0 0 0 2 1 0 5 5 0 62 23 13 0 3 1 0 0 0 6 6 1 1 4 3 2 1 0 3 0 0 0 1 2 0 0 0 1 0 0 6 0 0 18 0 32 54 47 54 0 52 41 52 42 54 34 54 54 42 54 54 35 130 1 5 0 5 4 5 0 1139 0 11 6 4 8 18 20 0 7 0 1953 0 0 0 2 5 0 88 0 0 0 0 0 0 0 0 0 0 0 0 0 0 0 0 0 0 0 0 0 0 0 0 0 8 0 0 0 0 0 0 0 0 0 0 88 0 10 0 0 0
14 14406 5168 737 6970 59 733 1152 1536 543 1192 1461 1682 451 547 697 810 648 430 728 319 184 2737 744 420 680 635 3506 2960 765 1403 2425 1860 2294 1672 1924 3552 441 1524 2617 656 3094 724 1938 2299 902 862 640 1436 0 333 405 333 0 380 493 373 501 333 546 333 333 503 333 332 594 1004 443 0 2373 447 446 447 404 677 1536 2343 934 0 815 3669 18033 1264 0 1253 466 345 975 2139 2558 3114 2905 2115 0 65 162 494 631 658 1034 488 771 304 65 2006 371 1161 728 0 5439 1726 2547 1857 417 0 3315 415 3631 1331 766 1562 3362 283 382 1046 2643 10869 1581 0 2406 0 2643 827 3472 2142
0 329 72 26 72 1 16 193 25 7 0 24 22 6 1 228 73 0 2 0 3 3 17 42 45 22 17 23 22 59 0 0 0 0 0 0 21 0 0 0 0 93 0 0 0 0 19 0 0 0 4 0 6 0 7 7 7 5 6 6 6 6 6 6 6 7 25 8 0 0 62 58 62 13 0 12 27 13 12 4 55 249 2 3 0 12 12 0 0 29 0 0 62 0 25 0 0 55 27 299 287 0 0 95 0 0 172 0 0 67 0 0 0 0 0 36 93 20 39 127 0 0 0 0 0 0 0 0 0 0 0 0 123 16 0
0 5065 7269 67 0 1 6 2590 5 2 937 4646 4146 34 1 599 727 952 70 188 64 35 2815 74 3792 20 69 1314 1920 2009 3578 2981 3774 696 812 1391 1717 31702 2363 2593 1737 163 2754 472 115 2519 0 2200 1459 8723 8728 7813 8728 8711 8778 6906 8725 9248 8728 6173 8728 8728 9225 8728 8728 8295 1273 3367 1934 13842 2003 2003 2003 1940 6149 807 880 856 1974 655 594 2406 516 262 9358 5451 32955 2044 406 1737 3252 14905 1007 824 1 283 132 59 1405 5 0 0 0 1 2886 0 0 13048 2610 1545 0 349 8925 649 357 955 471 63 1562 1032 5181 11731 0 3358 5367 15172 0 669 13861 3381 0 3037 1725 16799 2068
0 33 50 98 0 0 0 2143 10 2 0 6 9 3 0 0 50 11 0 1 3 0 0 2 0 1 6 0 4 0 0 0 0 0 0 0 13 0 0 0 0 65 0 0 11 0 0 0 0 0 0 0 0 0 1 0 1 0 0 0 0 0 1 0 0 3 1 1 0 0 0 0 0 0 0 0 18 0 0 0 56 292 0 0 5 0 0 0 0 0 0 0 1 0 0 0 0 0 0 0 0 0 0 0 0 0 0 0 0 0 0 0 0 272 0 16 2 0 2671 0 0 0 0 0 0 0 0 0 0 4190 0 0 0 0 0
18 19 8 32 30 161 0 60 26 16 0 17 15 9 51 0 66 123 116 121 50 276 271 257 261 28 4 116 73 14 20 45 29 28 20 42 66 45 32 54 17 31 0 0 29 0 0 0 0 0 0 0 0 0 1 8 3 192 0 2 0 0 174 0 0 14 53 11 0 0 10 6 10 0 0 0 20 40 14 37 80 18 15 36 27 0 42 0 14 70 63 8 12 0 0 0 0 0 21 348 0 0 0 447 0 0 0 0 40 5 0 0 72 27 0 85 28 140 66 0 0 0 0 0 0 0 0 21 0 0 0 74 0 0 0
0 54 112 327 8 0 42 95 3 3 0 43 38 1 46 0 3267 8 1 3 0 1 7 1 1 37 34 0 0 0 79 41 26 10 10 11 9 0 7 20 12 162 0 0 6 0 88 0 461 0 7 8 7 0 9 8 9 7 7 7 7 7 7 7 7 14 32 28 1 0 0 0 0 0 0 0 0 0 0 0 55 296 0 0 0 0 0 0 106 72 0 13 200 89 0 19 126 86 27 105 102 37 31 43 0 31 27 0 0 0 0 0 1474 0 0 21 0 24 73 31 106 0 0 53 0 0 825 71 0 0 0 711 3795 0 0
0 0 0 0 0 0 0 0 0 0 0 6 16 0 3734 0 249 0 0 0 0 0 0 0 0 0 0 0 0 0 0 0 0 0 0 0 0 0 0 0 0 0 0 0 0 0 0 0 0 0 0 0 0 0 0 0 0 0 0 0 0 0 0 0 0 0 0 0 0 0 0 0 0 0 340 0 359 0 0 0 45 232 0 0 0 0 0 0 0 9 0 0 422 0 0 0 0 0 0 0 0 0 0 0 0 0 0 0 0 0 0 0 2031 0 0 1 0 0 0 0 0 0 0 0 272 0 0 5 0 30 0 539 5 5 0
