155
0 0 0 0 0 2 1 0 0 49 178 7 11 37 7256 32 6 0 0 0 0 0 0 0 494 0 0 0 0 0 0 0 0 0 41 1 0 0 0 0 19653 0 3342 0 0 0 0 0 4 0 0 0 0 0 0 0 0 0 0 0 0 0 0 0 0 0 0 0 0 0 3 0 0 0 521 529 0 110 0 0 0 0 1 0 0 0 0 0 0 0 0 0 0 0 0 0 0 0 0 0 0 0 0 0 0 0 0 0 0 0 0 0 0 0 0 0 19 0 0 0 0 0 0 0 0 0 0 0 0 0 0 0 0 0 0 0 3 0 0 0 0 0 0 0 0 0 0 0 0 0 0 0 0 0 0
0 0 10 0 0 0 0 5 0 0 0 24 8 0 0 0 0 10 8 0 1 1 0 0 2 0 0 0 0 0 0 0 10 0 0 0 0 64 0 0 0 0 3 1 1 0 0 0 0 0 1 0 0 13 65 70 40 81 87 0 81 83 77 82 87 86 85 87 83 0 10 0 0 0 7 9 0 8 0 0 0 2 2 0 0 0 0 0 0 0 0 0 0 5 0 0 0 0 0 0 0 0 0 0 0 0 0 0 0 0 0 0 0 0 0 0 0 0 0 426 20 0 0 0 1 0 0 0 0 0 0 0 0 0 0 0 17 0 0 0 0 0 0 0 0 0 0 0 0 0 0 0 0 2 0
129 0 0 85 120 463 43 87 5430 664 1361 806 869 1749 382 128 69 1 1 0 1 1 0 0 540 0 0 0 0 0 0 0 1744 0 16 34 9 88 0 7 2 0 3655 1 1 0 0 0 4 0 0 0 0 1 77 95 44 70 96 0 104 105 105 106 101 103 103 101 104 0 3 0 0 0 470 477 0 11 0 0 0 1 1 0 0 0 0 0 0 0 0 0 0 0 0 0 0 0 0 0 0 0 0 0 0 0 0 0 0 0 0 0 0 0 0 0 4 0 0 0 0 12 0 0 0 0 0 0 0 0 0 0 0 0 0 0 24 0 8 4 2 4 8 3 1 0 1 3 1 7 6 0 4 0 15
0 0 0 0 0 1 0 0 0 11 20 5 0 9 2 0 0 9 9 0 2 2 0 0 233 0 0 0 0 0 0 777 0 0 0 1 0 142 0 810 0 5 1571 1973 2 0 0 0 2 0 0 0 0 1 125 158 72 138 159 0 176 174 173 176 167 170 172 168 173 0 2 0 0 0 234 240 0 42 0 0 0 0 1 0 0 0 0 0 0 0 0 0 0 0 0 0 0 0 0 0 0 0 0 0 0 0 0 0 0 0 0 0 0 0 0 0 0 1 0 0 21 107 0 0 0 0 0 0 0 0 0 0 0 0 0 0 15 0 0 0 0 0 0 0 0 0 0 0 0 0 0 0 0 4 69
0 0 0 0 0 0 0 0 0 16 9 6 220 20 4 0 0 14 15 0 3 3 0 0 10 0 0 0 0 0 0 0 0 832 0 2 0 239 0 1 1 10 62 2 3 0 55 1 1 0 7 0 0 1 216 274 121 273 266 0 299 292 296 296 280 285 288 281 291 0 1 0 0 0 50 52 0 48 50 0 0 0 0 0 0 0 0 0 0 0 0 0 4 0 0 0 0 0 0 0 0 0 0 0 0 0 0 0 0 0 0 0 0 0 0 0 0 1 0 0 0 191 0 0 0 0 0 0 0 0 0 0 0 0 18 0 5 0 20 25 13 14 20 13 10 0 10 13 10 18 17 5 8 42 6
0 0 0 0 0 0 0 0 0 43 6 16 0 32 7 0 0 4681 5057 0 0 0 0 0 0 0 0 0 2 0 0 0 0 0 13 1 0 27 4610 0 46 27483 2 3 0 0 0 0 2 0 0 0 7 37 36 464 32 0 68 0 21 38 23 33 58 51 46 58 41 0 1 0 0 0 4671 4660 4942 5335 67 0 34 16 0 0 0 16 0 14 9 21 13 0 5982 0 0 0 14 0 0 46 0 0 0 0 0 0 0 0 0 0 0 0 0 0 0 0 0 0 0 0 0 0 0 0 0 0 0 0 0 0 0 0 0 3 0 0 8 0 0 0 0 0 0 0 0 0 0 0 0 0 0 0 0 0 0
0 0 0 0 0 0 0 0 17 18 4 2942 3 26 4 0 1 6 6 0 0 0 0 0 31 0 0 0 0 0 0 0 0 0 0 1 0 7 0 0 0 4 209 0 0 0 0 0 0 0 0 0 0 0 6 8 4 5 8 0 8 9 7 9 8 9 9 8 9 0 0 0 0 0 31 33 0 7 0 0 0 0 0 0 0 0 0 0 0 0 0 0 0 0 0 0 0 0 0 0 0 0 0 0 0 0 0 0 0 0 0 0 0 0 0 0 0 0 0 0 0 0 0 0 0 0 0 0 0 0 0 0 0 2 0 0 1 0 0 0 0 0 0 0 0 0 0 0 0 0 0 0 0 0 0
15 0 0 10 13 56 11 0 331 270 822 109 159 427 74 0 0 2 2 0 2 5 0 0 1172 0 0 159 0 0 0 0 0 0 5 8 2 367 0 3 1 1 7932 5 5 23606 64 0 11 0 164 115 0 1 328 401 185 0 407 0 459 448 454 454 430 437 441 430 446 0 6 0 0 0 1046 1060 161 50 129 0 0 1 3 0 0 1 0 0 0 2 0 0 0 0 0 2 0 0 0 0 0 0 0 0 0 0 0 0 0 0 0 0 0 0 0 0 52 0 0 0 17 542 0 0 0 0 0 0 0 0 0 0 0 0 270 0 54 0 59 64 34 56 60 55 53 44 52 55 53 58 58 21 19 114 1754
8 0 0 11 18 90 0 0 0 21 56 10 0 5 3 0 0 0 0 0 0 0 0 0 0 0 0 0 0 0 0 0 0 0 48378 10 2 1 0 2 0 0 0 0 0 0 38 1 166 0 0 0 0 0 0 0 0 0 0 0 0 0 0 0 0 0 0 0 0 0 1 0 0 0 132 136 0 147 0 0 0 0 0 0 0 0 0 0 0 0 0 0 0 0 0 0 0 0 0 0 0 0 0 0 0 0 0 0 0 0 0 0 0 0 0 0 0 0 0 30 95 0 0 0 0 0 0 0 0 0 0 0 0 0 0 0 96 0 1 0 0 0 2 0 0 0 0 0 0 0 0 0 0 0 0
0 0 0 0 0 0 0 0 0 0 0 0 0 0 0 0 0 0 0 0 0 0 0 0 0 0 0 0 0 0 0 0 0 0 0 79902 0 0 0 0 0 0 0 0 0 0 0 0 2 0 0 0 0 0 0 0 0 0 0 0 0 0 0 0 0 0 0 0 0 0 1 0 0 0 246 252 0 271 0 0 0 0 0 0 0 0 0 0 0 0 0 0 0 0 0 0 0 0 0 0 0 0 0 0 0 0 0 0 0 0 0 0 0 0 0 0 0 0 0 28 35 0 0 0 0 0 0 0 0 0 0 0 0 0 0 0 10 0 0 0 0 0 0 0 0 0 0 0 0 0 0 0 0 0 0
0 0 0 0 0 0 0 0 0 0 0 3 0 0 0 0 0 2 1 0 0 0 0 0 0 0 0 0 0 0 0 0 0 0 0 0 62913 0 0 0 0 0 0 0 0 0 0 0 2 0 0 0 0 2 0 0 1 0 2 0 0 1 0 0 1 1 1 1 1 0 3 0 0 0 280 285 0 308 0 0 0 1 1 0 0 0 0 0 0 0 0 0 0 1 0 0 0 0 0 0 0 0 0 0 0 0 0 0 0 0 0 0 0 0 0 0 0 0 0 53 25 0 0 0 0 0 0 0 0 0 0 0 0 0 0 0 8 0 0 0 0 0 0 0 0 0 0 0 0 0 0 0 15 76 59
0 0 0 0 0 0 0 0 0 0 0 0 0 0 0 0 0 0 0 0 0 0 0 0 0 0 0 0 0 0 0 0 0 0 0 0 0 0 0 0 0 0 0 0 0 0 0 0 0 0 0 0 0 0 0 0 0 0 0 0 0 0 0 0 0 0 0 0 0 0 0 0 0 0 0 0 0 0 0 0 0 0 0 0 0 0 0 0 0 0 0 0 0 0 0 0 0 0 0 0 0 0 0 0 0 0 0 0 0 0 0 0 0 0 0 0 0 0 0 0 0 0 0 0 0 0 0 0 0 0 0 0 0 0 0 0 0 0 0 0 0 0 0 0 0 0 0 0 0 0 0 0 0 0 104
0 0 0 8 0 58 0 0 411 76 216 1320 0 840 2720 0 0 0 0 0 0 0 0 0 0 0 0 0 0 0 0 0 0 0 4 8 2 1178 0 7 0 0 0 0 0 0 0 0 0 0 0 0 0 0 0 0 0 0 0 0 0 0 0 0 0 0 0 0 0 0 0 0 0 0 3 5 0 5 0 0 0 0 0 0 0 0 0 0 0 0 0 0 0 0 0 0 0 0 0 0 0 0 0 0 0 0 0 0 0 0 0 0 0 0 0 0 0 0 0 0 0 115 0 0 0 0 0 0 0 0 0 0 0 0 31 0 78 0 30 19 11 25 30 23 20 7 20 23 20 28 27 0 0 4 877
0 0 0 0 0 0 0 0 0 75 67 7 0 0 0 0 0 1 1 0 0 0 0 0 0 0 0 0 0 0 0 0 0 0 1 1 0 0 0 32891 0 0 0 0 0 0 0 0 1 0 0 0 0 1 0 0 1 0 1 0 0 0 0 0 1 1 1 1 0 0 1 0 0 0 116 119 0 128 0 0 0 1 2 0 0 0 0 0 0 0 0 0 0 0 0 0 0 0 0 0 0 0 0 0 0 0 0 0 0 0 0 0 0 0 0 0 0 0 0 0 34 0 0 0 0 0 0 0 0 0 0 0 0 0 0 0 13 0 0 0 0 0 0 0 0 0 0 0 0 0 0 0 0 0 0
0 0 0 0 0 0 0 0 0 0 0 0 0 0 0 0 0 0 0 0 0 0 0 0 0 0 0 0 0 0 0 0 0 0 0 0 0 0 0 0 0 0 0 0 0 0 0 0 0 0 0 0 0 0 0 0 0 0 0 0 0 0 0 0 0 0 0 0 0 0 0 0 0 0 0 0 0 0 0 0 0 0 0 0 0 0 0 0 0 0 0 0 0 0 0 0 0 0 0 0 0 0 0 0 0 0 0 0 0 0 0 0 0 0 0 0 0 0 0 0 0 6 0 0 0 0 0 0 0 0 0 0 0 0 0 0 0 0 0 0 1 0 0 0 0 0 0 0 0 0 0 0 0 0 0
0 140 0 1399 132 488 70 91 822 559 1539 174 395 561 93 0 10 73 79 0 0 0 0 356 30 1239 2446 7231 5 356 132 1513 0 0 21 25 14 4 74 118 62 55 204 96 9 0 18 1 116 1009 6899 0 0 2 0 4 1 0 3 0 0 1 0 0 2 2 1 2 1 0 11 16 13 0 96 96 84 81 636 62 125 78 1 72 368 1340 197 216 308 323 138 0 0 0 0 3 1 0 6 10 0 0 0 0 0 0 0 0 0 0 0 0 0 0 0 0 0 0 0 0 0 0 0 0 0 0 0 0 0 0 0 0 0 0 0 0 52 0 0 0 0 0 0 0 0 0 0 0 0 0 0 2 0 0 0
0 0 0 122 7 60 0 21 28 21 4 4 280 5 1 0 0 1 0 0 0 0 0 0 0 29333 0 0 0 0 0 121 0 0 8 0 0 0 0 0 0 0 1 0 39410 0 0 0 0 0 1075 0 0 1 0 0 0 0 1 0 0 0 0 0 1 1 0 1 0 0 1 0 0 0 42 42 2 46 0 0 0 1 1 0 0 0 0 0 0 0 0 0 0 0 0 0 0 0 0 0 0 0 0 0 0 0 0 0 0 0 0 0 0 0 0 0 0 0 0 0 0 323 0 0 0 0 0 0 0 0 0 0 0 0 188 0 15 0 0 59 0 0 0 0 0 0 0 0 0 0 0 77 73 0 0
0 0 0 0 0 0 0 0 0 0 0 0 0 0 0 0 0 0 1 0 0 0 0 0 0 0 0 13 7 0 0 0 0 0 0 0 0 0 0 0 0 0 0 0 0 0 0 0 0 0 29 0 0 0 0 0 4 0 0 0 0 0 0 0 0 0 0 0 0 0 0 0 0 0 0 0 0 0 0 0 0 0 14 0 0 0 0 0 0 0 0 0 0 0 0 0 0 0 0 0 1466 0 0 0 0 0 0 0 0 0 0 0 0 0 0 0 0 0 0 0 0 0 0 0 0 0 0 0 0 0 0 0 0 0 0 0 0 0 0 0 0 0 0 0 0 0 0 0 0 0 0 0 0 0 0
0 0 0 0 0 0 0 0 0 0 0 0 0 0 0 0 0 0 0 0 0 0 0 0 1 0 0 0 0 0 0 0 0 0 0 0 0 0 0 0 0 0 9 0 0 0 0 0 0 0 0 0 0 0 0 0 0 0 0 0 0 0 0 0 0 0 0 0 0 0 0 0 0 0 0 0 0 0 0 0 0 0 0 0 0 0 0 0 0 0 0 0 0 0 0 0 0 0 0 0 995 0 0 0 0 0 0 0 0 0 0 0 0 0 0 0 0 0 0 0 0 0 0 0 0 0 0 0 0 0 0 0 0 0 0 0 0 0 0 0 0 0 0 0 0 0 0 0 0 0 0 0 0 0 0
1 68 13 840 39 2186 3 321 46 38 11 352 53 67 1863 406 43 26354 28473 0 327 705 0 662 49630 2079 940 289 87283 662 769 862 11 38 169 304 69 48556 33720 320 270 18651 304 451 8741 71 561 24 165 326 356 1112 326 22235 49003 58318 68240 56155 53481 58859 60096 58744 59741 59555 56452 57350 57932 56535 58522 1 9363 4190 22129 18966 30777 30565 33027 32292 19438 2194 4922 278 5459 620 457 1559 327 3582 335 510 1039 156 33890 0 1318 270 6253 228 6 5626 0 0 0 0 0 0 0 0 0 0 0 0 0 0 0 0 176 3 2 110 93 0 704 127 378 0 0 992 1586 151 0 0 0 0 68 0 1366 0 73 31 163 67 73 64 61 46 61 65 61 70 69 0 300 6 1739
0 0 0 0 0 0 0 0 0 0 0 13 4 0 0 1 0 10 10 0 0 182 0 0 9 18 0 323 3 0 1802 0 0 0 72 65 59 10 6 57 46 20 61 35 244 67 34 25 25 11 345 374 6 11 8 0 6 7 13 0 0 4 3 0 9 3 2 10 4 0 2 0 0 97 13 0 0 0 0 308 376 444 286 443 32 150 0 987 0 0 1760 0 0 0 0 1 0 6 0 1 0 14975 0 0 0 0 0 0 0 0 0 0 0 0 0 0 0 0 0 197 0 0 0 0 2439 0 0 0 0 0 0 0 0 0 1 0 2 0 0 0 0 0 0 0 0 0 0 0 0 0 0 0 0 0 0
0 0 0 0 0 0 0 0 0 0 0 0 0 0 0 0 0 633 580 0 0 0 0 0 23326 0 0 0 3291 0 0 0 0 0 0 1 1 151 72 0 0 39 0 0 0 0 1 0 0 0 0 0 0 1 137 102 1731 176 167 0 0 184 189 180 177 174 176 177 183 0 982 28 7 0 70 0 24 0 0 0 4 2 0 0 0 23 0 343 20 1 1 0 0 0 0 0 0 0 0 1 0 0 0 0 0 0 0 0 0 0 2647 2647 2647 2647 2647 2618 0 0 0 0 0 0 0 0 0 0 0 0 0 0 0 0 0 0 0 0 0 0 0 0 0 0 0 0 0 0 0 0 0 0 0 0 0 0 0
0 0 0 2 0 3 0 1 0 0 0 1 0 0 3 1 0 1984 1786 0 5 5 0 1 780 1 1 0 5038 1 1 2 0 0 0 2 5 289 12 2 0 3 1 2 5 0 0 0 0 0 0 0 0 0 261 334 2678 336 319 349 362 352 358 357 337 343 346 338 350 0 15 3 1 131 38 38 13 41 0 13 16 4 0 7 4 11 1 1442 67 1 2 0 0 0 0 0 0 0 0 5 0 0 0 0 0 31 0 0 0 0 11 11 11 11 11 0 134 0 0 0 0 0 1 0 7 0 0 0 0 0 0 0 0 0 0 0 0 0 0 0 0 0 0 0 0 0 0 0 0 0 0 0 0 0 4
0 0 0 0 0 0 0 0 0 0 0 0 0 0 0 0 0 0 0 0 0 0 0 0 0 0 0 0 0 0 0 0 0 0 0 0 0 0 0 0 0 0 0 0 0 0 0 0 0 0 0 0 0 0 0 0 0 0 0 0 0 0 0 0 0 0 0 0 0 0 0 0 0 0 0 0 0 0 0 0 0 0 0 0 0 0 0 0 0 0 0 0 0 0 0 0 0 0 0 0 0 0 0 0 0 0 0 0 0 0 0 0 0 0 0 0 0 0 0 0 0 0 0 0 0 0 0 0 0 0 0 0 0 0 0 0 2 0 0 0 0 0 0 0 0 0 0 0 0 0 0 0 0 0 0
0 0 0 0 0 0 0 0 0 0 0 0 0 0 0 0 0 1 0 0 0 0 0 0 0 0 0 0 0 0 5 0 0 0 0 0 0 0 1 0 0 0 0 0 0 0 0 0 0 0 0 0 0 0 0 0 0 0 0 0 0 0 0 0 0 0 0 0 0 0 0 0 0 0 1 1 0 0 0 0 13 10 83 0 0 4 0 0 0 0 5 0 0 0 0 0 0 0 1 0 0 0 0 0 0 0 0 0 0 0 0 0 0 0 0 0 0 0 0 0 0 0 0 0 0 0 0 0 0 0 0 0 0 0 0 0 3 0 0 0 0 0 0 0 0 0 0 0 0 0 0 0 0 0 0
0 0 0 0 0 0 0 0 0 0 0 0 0 0 0 0 0 0 0 0 0 0 0 0 0 0 0 0 0 0 0 0 0 0 0 0 0 0 0 0 0 0 0 0 0 0 0 0 0 0 0 0 0 0 0 0 0 0 1 0 0 0 0 0 1 0 0 0 0 0 7 0 0 0 0 0 0 0 0 9 35 1758 8 76 0 0 0 0 4104 0 0 0 0 0 0 0 0 0 0 5 0 0 0 0 0 0 0 0 0 0 0 0 0 0 0 0 0 0 0 0 0 0 0 0 0 0 0 0 0 0 0 0 0 0 0 0 0 0 0 0 0 0 0 0 0 0 0 0 0 0 0 0 0 0 0
0 0 0 0 0 0 0 0 0 0 0 0 0 0 0 0 0 3 3 0 0 0 0 0 0 0 0 0 0 0 52 0 0 0 0 0 0 0 2 0 0 1 0 0 0 0 0 0 0 0 1 0 0 0 0 0 0 0 1 0 0 0 0 0 0 0 0 0 0 0 3 0 0 0 0 0 0 0 0 3 26 4 2 64 0 0 0 0 0 4530 15 0 0 0 0 0 0 0 0 15 0 0 0 0 0 0 0 0 0 0 0 0 0 0 0 0 0 0 0 0 0 0 0 0 0 0 0 0 0 0 0 0 0 0 0 0 0 0 0 0 0 0 0 0 0 0 0 0 0 0 0 0 0 0 0
0 0 0 0 0 0 0 0 0 0 0 0 0 0 0 0 0 0 20 0 0 0 0 0 0 0 0 0 0 0 10 0 0 0 0 0 0 0 0 0 0 0 0 0 0 0 0 0 0 0 0 0 0 0 0 0 0 0 0 0 0 0 0 0 0 0 0 0 0 0 22 0 0 0 17 0 0 0 0 37 13 6 5 0 0 49 0 0 0 0 8 0 0 0 0 0 0 0 0 2 0 0 0 0 0 0 0 0 0 0 0 0 0 0 0 0 0 0 0 0 0 0 0 0 0 0 0 0 0 0 0 0 0 0 0 0 0 0 0 0 0 0 0 0 0 0 0 0 0 0 0 0 0 0 0
0 0 0 0 0 0 0 0 0 0 0 0 0 0 0 0 0 0 0 0 0 0 0 0 0 1838 3647 0 0 0 0 0 0 0 0 0 0 0 0 0 0 0 0 0 0 0 0 0 0 0 0 0 0 0 1 0 1 0 0 0 0 0 0 0 1 1 1 0 0 0 4 0 0 0 0 0 0 0 0 10 65 11 5 167 0 1935 0 0 0 0 0 0 0 0 0 0 0 0 0 6 0 0 0 0 0 0 0 0 0 0 0 0 0 0 0 0 0 0 0 0 0 0 0 0 0 0 0 0 0 0 0 0 0 0 0 0 0 0 0 0 0 0 0 0 0 0 0 0 0 0 0 0 0 0 0
0 0 0 0 0 0 0 0 0 0 0 0 0 0 0 0 0 0 0 0 0 0 0 17047 0 0 0 0 0 0 44 0 0 0 0 0 0 0 0 0 0 0 0 0 0 0 0 0 0 0 1 0 0 0 1 0 1 0 2 0 0 0 0 0 1 1 1 0 1 0 6 0 0 0 0 0 0 0 0 5 65 6 6 179 0 0 0 6980 0 0 15 0 0 0 0 0 0 0 0 7 0 0 0 0 0 0 0 0 0 0 0 0 0 0 0 0 0 0 0 0 0 0 0 0 0 0 0 0 0 0 0 0 0 0 0 0 0 0 0 0 0 0 0 0 0 0 0 0 0 0 0 0 0 0 0
0 0 0 0 0 0 0 0 0 0 0 0 0 0 0 0 0 20 21 0 0 0 0 0 0 0 0 0 0 0 0 0 0 0 0 0 0 0 22 0 0 12 0 0 0 0 0 0 0 0 5 0 0 0 0 0 0 0 1 0 0 0 0 0 1 1 0 0 0 0 23 0 0 0 0 16 19 16 0 7 33 76 2 77 0 0 0 0 0 0 218 0 20 0 0 0 0 2 1 22 0 0 0 0 0 0 0 0 0 0 0 0 0 0 0 0 0 0 0 0 0 0 0 0 0 0 0 0 0 0 0 0 0 0 0 0 0 0 0 0 0 0 0 0 0 0 0 0 0 0 0 0 0 0 0
2 0 5 0 2 9 2 3 69 39 56 6 13 35 3 0 0 20 19 0 2 0 0 33 0 21 41 91 3 33 1733 0 0 0 2 1 1 1 0 2 1 3 0 2 0 0 0 0 80 0 121 0 0 0 0 0 0 0 0 0 0 0 0 0 0 0 0 0 0 0 2 0 7 0 0 3 0 3 0 0 113 91 539 0 0 23 0 19 0 59 1686 0 0 0 0 0 0 13 0 0 0 0 0 0 0 0 0 0 0 0 0 0 0 0 0 0 0 0 0 2 2 0 0 0 0 0 0 0 0 0 0 0 0 0 0 0 4 0 0 0 16 0 0 0 0 0 0 0 0 0 0 28 45 109 1
0 0 0 1 0 1 0 0 1 1 2 1 1 1 0 78 0 445 480 0 1 0 0 101 1 73 144 429 1 101 184 1 0 0 6 1 3 2 364 5 8 312 3 61 1 0 4 0 91 1 414 336 2 7 4 41 4 0 5 0 0 2 0 1 7 5 4 6 3 0 35 0 0 0 420 420 407 481 95 2029 4 2814 786 0 334 1046 142 62 130 269 181 98 561 0 19 1 1 0 32 8 0 0 0 0 0 0 0 0 0 0 0 0 0 0 0 0 0 1 0 4 4 0 0 0 0 0 0 0 0 0 0 0 0 2 0 0 10 0 48 0 19 44 48 43 41 32 41 43 41 47 46 60 65 134 2
18 1 41 34 0 83 10 37 563 340 0 115 240 308 57 131 392 6 5 0 0 0 0 19 26 101 24 1 1 19 535 23 0 0 49 10 35 14 0 18 12 10 169 23 119 0 0 0 31 0 15 0 1 4 2 0 2 1 4 0 0 1 0 1 4 3 2 4 2 0 784 0 0 0 21 23 0 1 0 230 269 302 6 300 0 227 0 11 0 34 519 0 0 0 0 0 0 0 0 14 0 0 0 0 0 0 0 0 0 0 0 0 0 0 0 0 0 1 1 7 6 0 0 0 0 0 0 0 0 2 0 0 0 0 0 0 4 0 0 15 53 0 0 0 0 0 0 0 0 0 0 14 18 41 0
0 0 0 0 0 0 0 0 0 0 0 0 0 0 0 0 0 28 31 0 0 0 0 0 6 0 0 0 0 0 0 0 0 0 0 0 0 1 0 0 8 0 0 0 0 0 0 1 904 0 0 0 0 0 0 0 0 0 0 0 0 0 0 0 0 0 0 0 0 0 0 0 0 0 43 40 33 29 0 0 0 0 0 0 0 0 0 0 0 0 0 0 0 0 0 0 0 0 0 0 0 0 0 0 0 0 0 0 0 0 0 0 0 0 0 0 0 2 0 0 0 462 0 0 0 0 0 0 0 0 0 0 0 0 0 0 0 0 15 17 86 0 12 0 0 0 0 0 0 0 0 5 0 62 6
0 0 0 0 0 0 0 0 0 0 0 0 0 0 0 0 0 0 0 0 0 0 0 0 247 4 0 0 0 0 0 0 0 0 0 0 0 0 0 0 44 0 1601 0 1 0 0 0 2 0 0 0 0 0 0 0 0 0 0 0 0 0 0 0 0 0 0 0 0 0 1 0 0 0 253 251 59 44 0 0 0 0 0 0 0 0 0 0 0 0 0 0 0 0 0 0 0 0 0 0 0 0 0 0 0 0 0 0 0 0 0 0 0 0 0 0 19 0 0 0 0 126 0 0 0 0 0 0 0 0 0 0 0 0 0 0 0 0 5 10 12 0 4 0 0 0 0 0 0 0 0 33 1 73 2
0 0 0 0 0 0 0 0 0 0 0 0 0 0 0 0 0 0 0 0 0 0 0 0 12 0 0 0 0 0 0 0 0 0 0 0 0 0 0 0 0 0 0 0 0 0 0 0 0 0 0 0 0 0 0 0 0 0 0 0 0 0 0 0 0 0 0 0 0 0 0 0 0 0 50 48 10 31 0 0 0 0 0 0 0 0 0 0 0 0 0 0 0 0 0 0 0 0 0 0 0 0 0 0 0 0 0 0 0 0 0 0 0 0 0 0 0 1 0 0 0 41 0 0 0 0 0 0 0 0 0 0 0 0 0 0 0 0 36 64 50 23 34 4 0 0 0 7 3 24 21 0 0 41 0
0 0 0 0 0 0 0 0 0 0 0 0 0 0 0 0 0 480 518 0 0 0 0 0 3 2 0 0 0 0 0 0 0 0 0 0 0 0 21 0 0 326 0 0 0 0 1 34 2827 0 0 0 0 4 4 0 3 3 6 0 0 1 0 0 4 0 0 4 0 0 0 0 0 0 467 0 576 477 0 0 4 2 0 0 0 1 0 2 1 2 4 0 346 0 0 0 5 0 0 7 0 0 0 0 0 0 0 0 0 0 0 0 0 0 0 0 0 0 0 0 0 0 0 0 0 0 0 0 0 0 0 0 0 0 68 0 0 0 61 125 42 57 63 49 46 22 45 50 47 58 57 10 0 6 0
182 1256 175 720 350 0 190 159 33 29 945 198 375 47 203 0 563 797 848 0 0 0 0 0 0 2104 0 219 0 0 0 747 0 445 83 15 86 0 0 0 7 314 0 81 2823 0 0 0 17 14 317 30 0 6 34 0 20 36 43 0 0 30 0 30 0 33 33 40 0 0 0 0 0 0 682 665 866 739 0 0 5 3 0 0 0 0 0 0 0 5 4 0 894 0 0 0 0 0 1 0 0 0 0 0 0 0 0 0 0 0 0 0 0 0 0 0 0 1 0 0 0 0 0 0 0 0 0 0 0 0 0 0 0 0 200 0 0 0 19 38 17 17 22 17 15 6 14 17 14 20 19 0 23 13 43
0 0 0 0 0 0 0 0 0 0 0 0 0 0 0 0 0 86 93 0 0 0 0 0 150 377 0 0 0 0 0 0 0 0 1734 184 1444 616 122 0 2011 0 392 0 355 0 0 0 1 0 16 0 0 1 30 9 17 38 37 0 0 40 5 38 39 37 37 38 40 0 0 0 0 0 251 246 119 0 0 0 1 0 0 0 0 0 0 0 0 0 0 0 109 0 0 0 0 0 3 0 0 0 0 0 0 0 0 0 0 0 0 0 0 0 0 0 15 3 0 0 0 411 0 0 0 0 0 0 0 0 0 0 0 0 297 0 0 0 0 141 125 0 0 0 0 0 0 0 0 0 0 0 137 443 21
0 0 0 0 0 0 0 0 0 0 0 0 0 0 0 0 0 0 0 0 0 0 0 0 2 5 0 0 0 0 0 0 0 0 0 0 0 1 0 0 0 0 0 7 0 0 0 0 0 0 0 0 0 0 9 0 5 0 11 0 7 12 0 12 9 11 12 11 10 0 0 0 0 0 3 0 0 0 0 0 0 0 0 0 0 0 0 0 0 0 0 0 0 0 0 0 0 0 0 0 0 0 0 0 0 0 0 0 0 0 0 0 0 0 0 0 0 0 0 0 0 75 0 0 0 0 0 0 0 0 0 0 0 0 0 0 0 0 0 29 29 0 0 0 0 0 0 0 0 0 0 0 54 32 71
0 0 0 0 0 0 0 0 0 0 0 0 0 0 0 0 0 171 185 0 0 0 0 0 217 31 0 72 0 0 0 0 0 0 7 3 22 0 0 1900 135 0 0 1525 42 0 0 0 1 0 82 0 0 1 1 2 1 1 2 0 0 0 0 0 0 1 0 1 0 0 0 0 0 0 400 404 263 213 0 0 1 1 0 0 0 0 0 0 0 1 1 0 69 0 0 0 0 0 0 0 0 0 17 0 0 0 155 0 37 21 54 54 54 54 54 0 0 1 0 0 0 0 0 0 0 0 0 0 0 0 0 0 0 0 68 0 0 0 28 42 22 23 29 17 14 0 14 18 15 25 24 0 0 51 695
0 0 0 0 0 0 0 0 2 2 6 16 6 0 2 0 0 15 0 0 0 0 0 0 599 54 0 0 0 0 0 8 0 0 643 0 489 368 36 0 123 731 0 1503 0 0 0 0 16 37 7 0 0 9 31 0 21 34 42 0 0 36 0 33 40 37 36 39 36 163 9 0 0 0 556 558 113 0 0 0 1 28 2 0 0 0 0 0 3 0 1 0 0 1 0 0 0 0 2 0 0 0 0 0 0 0 0 0 0 0 0 0 0 0 0 0 1146 18 158 0 0 1107 0 0 0 0 0 0 0 0 0 0 0 86 878 0 63 0 0 257 147 0 0 0 0 0 0 0 0 0 0 113 159 175 1
0 0 0 0 0 0 0 0 0 0 0 0 0 0 0 0 0 2 2 0 0 0 0 0 10 0 0 0 0 0 0 0 0 0 1 0 1 51 0 0 0 0 0 0 0 0 0 0 0 0 0 0 0 0 46 0 26 59 57 0 0 63 26 60 60 58 59 59 62 0 0 0 0 0 39 16 0 0 0 0 0 0 0 0 0 0 0 0 0 0 0 0 0 0 0 0 0 0 2 0 0 0 0 0 0 0 0 0 0 0 0 0 0 0 0 0 0 55 21 0 0 10021 0 0 0 0 0 0 0 0 0 0 0 0 6622 0 35 0 26 19 30 13 24 0 0 0 0 0 0 13 10 0 212 95 216
0 0 0 0 0 0 0 0 0 0 0 0 0 0 0 0 0 0 0 0 0 0 0 0 30 17 0 0 0 0 0 0 0 0 29 0 24 140 0 0 86 0 132 0 0 0 0 0 0 0 1 0 0 0 118 71 66 152 145 0 146 159 153 156 153 149 149 0 158 0 0 0 0 0 43 33 9 6 0 0 0 0 0 0 0 0 0 0 0 0 0 0 0 0 0 0 0 0 2 0 0 0 0 0 0 0 0 0 0 0 0 0 0 0 0 0 0 0 0 0 0 15 0 0 0 0 0 0 0 0 0 0 0 0 0 0 0 0 4 1 3 0 3 0 0 0 0 0 0 0 0 0 0 0 0
0 0 0 0 0 0 0 0 0 0 0 0 0 0 0 0 0 0 0 0 0 0 0 0 0 0 0 0 0 0 0 0 0 0 0 0 0 1 0 2 1 0 0 2 0 0 0 0 0 0 2 0 0 0 1 0 0 1 1 0 0 1 1 0 1 0 0 1 1 0 0 0 0 0 0 0 0 0 0 0 0 0 0 0 0 0 0 0 0 0 0 0 0 0 0 0 0 0 0 0 0 0 0 0 0 0 0 0 0 0 0 0 0 0 0 0 0 0 0 0 0 0 0 0 0 0 0 0 0 0 0 0 0 0 0 0 0 0 0 0 0 0 0 0 0 0 0 0 0 0 0 0 0 0 0
10 9 8 435 0 50 13 0 0 54 130 0 42 74 3 0 93 871 796 0 0 0 0 0 0 0 0 4 0 0 0 444 0 32 3 1 3 0 91 6 2 47 2 19 10 987 0 20456 1541 0 4 0 0 3 2 0 2 0 4 0 0 1 0 1 0 2 2 3 0 0 0 0 0 0 152 150 102 144 0 55 18 9 3 23 0 22 0 49 29 3 6 0 87 0 0 1 2053 392 117 770 0 0 0 0 0 0 0 0 0 0 0 0 0 0 0 0 209 0 0 0 0 31 0 0 125 0 12 0 0 0 0 0 0 0 0 0 93 0 0 5 146 0 0 0 0 0 0 0 0 0 0 13 68 701 123
0 0 0 0 0 0 0 1 0 0 0 8 2 0 0 0 0 122 106 0 0 0 0 0 1 0 0 0 0 0 0 0 0 0 0 0 0 0 0 0 0 0 4 0 0 0 0 0 0 0 0 0 0 5 3 0 3 3 6 0 0 2 0 1 4 3 3 4 2 0 0 0 0 0 0 0 0 0 0 0 1 1 0 0 1 0 0 0 4 0 1 1 0 2 0 0 49 64 84 0 0 0 78 0 0 0 33 21 82 71 56 56 56 56 56 27 5 2 0 0 0 0 0 0 1 0 12 0 0 0 0 0 0 0 0 0 23 0 0 37 34 0 0 0 0 0 0 0 0 0 0 0 55 173 23
0 0 0 0 0 0 0 0 0 0 0 0 0 0 0 0 0 2 2 0 0 0 0 0 0 0 0 5 0 0 1 0 0 0 0 0 0 0 0 0 0 0 0 0 0 0 0 98 0 0 4 0 0 0 0 0 0 0 0 0 0 0 0 0 0 0 0 0 0 0 0 0 0 0 16 0 0 0 0 0 0 0 0 0 0 0 0 1 0 0 1 0 0 0 0 0 40 183 65 0 0 0 0 0 0 0 0 0 0 0 0 0 0 0 0 0 0 0 0 0 0 0 0 0 0 0 0 0 0 0 0 0 0 0 0 0 4 0 0 4 0 0 0 0 0 0 0 0 0 0 0 0 4 35 10
10 65 9 854 73 211 28 183 13 11 2 28 38 18 11 0 30 378 334 0 0 0 0 9 2 13 18 3005 0 9 6 874 0 78 10 2 9 3 0 31 17 4 0 187 5 26 16 0 61 0 2833 1836 144 8 6 0 6 6 10 0 0 3 0 2 0 6 5 8 0 23 11 0 0 0 12 0 0 0 0 22 90 22 2 4 0 49 24 31 1289 104 68 0 0 4 0 338 4 59 181 2466 0 0 0 0 0 0 576 0 0 0 0 0 0 0 0 0 391 17 18 0 129 0 0 0 1 0 0 0 0 0 0 0 0 0 63 0 123 0 26 4 9 0 20 0 0 0 0 0 0 0 0 47 104 853 2
0 0 0 0 0 0 0 0 0 0 0 0 0 0 0 0 0 0 1 0 0 0 0 0 0 0 0 0 0 0 0 0 0 0 0 0 0 0 0 0 0 0 0 0 0 0 0 0 0 0 0 1060 0 0 0 0 0 0 0 0 0 0 0 0 0 0 0 0 0 0 105 0 0 0 0 0 0 0 0 0 0 0 0 0 0 0 0 0 0 0 0 0 0 0 0 1 0 0 0 1 0 0 0 0 0 0 0 0 0 0 0 0 0 0 0 0 0 0 0 0 0 0 0 0 0 0 0 0 0 0 0 0 0 0 0 0 0 0 0 0 0 0 0 0 0 0 0 0 0 0 0 0 0 0 0
15 43 11 432 15 423 13 0 37 24 119 34 96 29 20 17 27 287 305 0 0 37 0 26 70 65 29 13 0 26 14 377 0 14 80 9 67 38 0 1228 285 141 470 1121 80 5734 180 164 1630 0 0 0 2785 26 28 0 33 35 45 0 0 24 0 21 16 30 28 34 14 504 0 682 608 44 331 163 303 31 8 696 2373 1108 2018 212 0 376 0 68 132 61 19 358 272 38 0 306 325 202 54 736 0 0 0 0 0 0 0 91 0 0 0 0 0 0 0 0 27 239 502 0 14 9 0 0 136 0 159 0 0 0 0 0 29 0 174 0 280 0 146 163 159 96 142 0 0 0 0 0 0 85 71 84 110 313 20
0 2 1 3 1 0 1 7 4 1 1 32 7 1 1 95 9 56 42 0 0 5 0 11 10 10 16 21 1 11 7 3 0 0 48 5 40 16 34 9 8 22 55 28 5 965 46 2 1 0 16 0 0 27 17 0 16 14 27 0 0 7 0 5 0 15 12 19 0 30 0 68 22 13 36 14 0 0 0 0 0 5 48 0 0 4 0 2 0 26 8 0 0 0 0 94 819 6 67 62 0 0 72 0 55 0 80 10 31 24 1 1 1 1 1 0 0 87 0 0 0 0 0 0 7 0 7 25 0 0 0 0 497 0 132 0 1416 0 505 2824 273 513 533 504 498 451 498 507 501 524 521 1586 648 718 44
0 0 0 0 0 0 0 0 0 0 0 0 0 0 0 0 0 0 0 0 0 0 0 808 68 59 118 0 21 805 328 0 0 0 0 0 0 0 0 0 0 0 0 0 0 0 0 0 0 0 7 0 0 0 0 0 11 0 0 0 0 0 0 0 0 0 0 0 0 0 0 0 0 0 0 0 0 0 0 0 3 6 0 12 2079 64 205 483 99 161 322 0 0 0 0 0 0 0 0 0 0 0 0 0 0 0 0 0 0 0 0 0 0 0 0 0 0 0 0 0 0 0 0 0 0 0 0 0 0 0 0 0 0 0 0 0 0 0 0 0 0 0 0 0 0 0 0 0 0 0 0 0 0 0 0
1 0 0 0 0 0 0 0 1 1 3 0 1 0 1 0 0 0 0 0 0 0 0 0 0 0 0 0 0 0 14 4 0 0 0 0 0 0 0 0 0 0 0 0 0 0 0 0 0 0 0 0 0 0 0 0 0 0 0 0 0 0 0 0 0 0 0 0 0 1 0 0 0 0 0 0 0 0 0 0 0 0 0 0 0 0 0 0 0 0 14 0 0 0 0 0 0 0 0 0 0 0 0 0 0 0 0 0 0 0 0 0 0 0 0 0 0 0 0 0 0 0 0 0 0 0 0 0 0 0 0 0 0 0 0 0 0 0 0 0 0 0 1 0 0 0 0 0 0 0 0 17 0 0 0
3 0 0 0 0 0 0 0 16 8 40 10 76 8 3 0 41 15 13 0 68 0 0 5 1 5 8 6 0 5 1 7 0 4 9 34 8 5315 39 0 391 0 0 29 0 45 47 10 8 1 8 27 20 26 4861 0 2715 6254 5948 5930 6711 6545 6652 6100 6262 5925 6025 6290 6482 42 0 108 27 0 652 0 166 660 12 127 5 14 1 199 0 65 12 18 4 10 4 0 0 1 0 23 5 7 0 0 0 0 0 0 0 0 0 1 0 0 0 0 0 0 0 0 6 131 42 0 0 0 0 76 0 0 0 0 0 0 0 0 24 0 38 0 71 0 0 34 128 0 0 0 0 0 0 0 0 0 0 110 95 408 0
0 0 0 0 0 0 0 0 0 0 0 0 0 0 0 0 0 0 0 0 0 0 0 0 5 0 0 0 0 0 0 0 0 0 0 0 0 0 0 0 0 0 0 0 0 0 0 0 0 0 0 0 0 0 0 0 0 0 0 0 0 0 0 0 0 0 0 0 0 0 0 0 0 0 0 0 0 0 0 0 0 0 0 0 0 0 0 0 0 0 0 0 0 0 0 0 0 0 0 0 0 0 0 0 0 0 0 0 0 0 0 0 0 0 0 0 0 0 0 0 0 0 0 0 0 0 0 0 0 0 0 0 0 0 0 0 0 0 0 0 0 0 0 0 0 0 0 0 0 0 0 0 0 0 0
22 0 0 0 0 260 0 291 49 31 95 48 68 50 36 442 15 13 8 0 0 0 0 1 10391 3 7 0 11 0 1 29 26 0 0 2 1 0 0 0 3 0 0 0 0 0 0 0 0 0 1 0 0 6 6 0 28 0 19 0 0 2 0 0 6 0 0 6 0 177 2 0 0 0 0 0 0 0 0 0 6 10 0 0 0 6 1 10 2 2 2 0 0 0 0 0 0 0 535 2 0 0 0 0 0 0 0 0 0 0 0 0 0 0 0 0 193 291 124 0 63 0 0 0 0 0 101 0 8398 0 0 0 0 0 29 0 0 0 65 0 0 66 70 64 63 53 62 65 63 68 68 1437 0 0 0
0 0 0 0 0 0 0 0 0 0 0 0 0 0 0 0 0 0 0 0 0 0 0 0 12 0 0 0 1412 0 0 0 0 0 0 0 0 0 0 0 0 0 0 0 0 0 0 0 0 0 0 0 0 0 0 0 710 0 0 0 0 0 0 0 0 0 0 0 0 0 0 0 0 0 0 0 0 0 0 0 0 0 0 0 0 0 0 1 0 0 0 0 0 0 0 0 0 0 0 0 0 0 0 0 0 0 0 0 0 0 0 0 0 0 0 0 0 0 0 0 0 0 0 0 0 0 0 0 0 0 0 0 0 0 0 0 0 0 0 0 0 0 0 0 0 0 0 0 0 0 0 0 0 0 0
1241 2627 2171 2728 3014 338 340 2122 2463 915 2378 631 6814 2582 1126 1446 397 69 56 0 698 517 0 70 75 53 48 519 1 70 68 2916 2271 3340 69 41 48 729 29 620 499 51 469 707 297 88 252 45 76 541 499 658 5 27 642 0 377 836 799 0 867 849 866 273 828 340 380 828 821 36 16 106 31 1500 199 0 88 100 391 119 1470 112 1024 368 70 86 127 1884 123 155 82 0 0 401 0 234 204 137 184 79 0 0 0 0 0 4161 0 0 0 0 0 0 0 0 0 0 1336 305 39 0 321 0 4258 16077 4948 857 1876 0 0 0 0 0 48 0 121 78 308 0 0 15 24 0 0 0 0 0 0 0 0 0 0 145 36 673 0
1 0 0 0 0 0 0 0 35 23 100 7 20 22 3 1 0 240 259 0 214 26 0 5079 23 1570 3089 6517 14 5083 4508 1 0 0 37 4 24 36 256 238 0 338 120 141 0 150 27 29 19 77 6306 2066 13 7 5 0 4 4 7 0 0 0 2 0 6 0 0 6 0 0 1122 15 17 270 251 0 292 213 367 614 682 1492 1023 403 212 1942 35372 3034 7929 3990 4406 0 124 0 0 4 17 22 0 120 0 0 0 0 0 44473 0 0 0 0 0 0 0 0 0 0 0 0 0 0 16 0 0 0 0 9550 5970 0 0 12 0 0 0 0 0 0 0 0 0 0 0 0 0 0 0 0 0 0 0 0 0 0 0 0 0
0 0 0 0 0 0 0 0 0 0 0 0 0 0 0 0 0 10 10 0 0 0 0 0 0 0 0 0 0 0 0 0 0 0 0 0 0 0 0 0 0 6 0 0 0 0 0 0 0 0 0 0 0 0 1 0 1 0 2 0 0 0 1 0 1 0 0 1 0 0 320 0 0 0 9 0 7 0 0 0 0 0 0 0 0 0 0 0 0 0 0 0 0 0 0 0 0 0 0 0 1 49 11 0 10 0 3 1 0 0 0 0 0 0 0 0 0 0 0 0 0 0 0 0 0 0 0 0 0 0 0 0 0 0 0 0 0 0 0 0 0 0 0 0 0 0 0 0 0 0 0 0 0 0 0
1 0 0 0 0 0 0 0 1 1 11 3 4 8 1 0 0 127 137 0 0 0 0 0 856 7 0 39 1 0 716 4 0 1 7 1 5 2 116 0 1743 98 35 0 0 0 22 16 17 2 52 39 73 2 2 0 1 1 3 0 0 0 0 0 2 0 0 2 0 0 0 1 0 0 139 0 154 88 0 186 459 25 0 17 20 87 1 8 1 1 701 0 0 0 0 1 2 0 0 2 0 0 0 0 0 0 0 0 0 0 0 0 0 0 0 0 0 0 0 0 1 9 0 0 0 0 0 0 0 0 0 0 0 0 69 0 0 0 0 8 22 0 3 0 0 0 0 0 0 1 1 0 0 0 0
0 0 0 0 0 0 0 0 0 0 0 0 0 0 0 0 0 0 0 0 4 0 0 0 0 0 0 0 0 0 0 0 0 0 0 3 0 464 0 0 0 0 0 0 0 0 0 0 0 0 0 0 0 0 422 0 235 542 516 0 585 568 579 0 546 65 105 547 540 0 0 2 1 0 56 0 10 9 0 0 0 0 0 0 0 0 0 0 0 0 0 0 0 0 0 0 0 0 0 0 0 0 0 0 0 0 0 0 0 0 0 0 0 0 0 0 0 0 0 0 0 0 0 0 0 0 0 0 0 0 0 0 0 0 0 0 0 0 0 0 0 0 0 0 0 0 0 0 0 0 0 0 0 0 0
0 0 0 0 0 0 0 0 0 0 0 0 0 0 0 0 0 187 202 0 0 0 0 0 0 0 0 23 0 0 0 0 0 0 0 0 0 0 187 0 0 130 0 0 0 0 8 0 0 18 22 0 32 1 1 0 1 0 2 0 0 0 0 0 0 0 0 0 0 0 14791 7 6 0 177 0 218 150 0 0 0 1 0 0 0 0 0 1 2 1 1 17 63 0 15 2 0 0 39 2 0 0 0 0 0 0 0 0 0 0 0 0 0 0 0 0 0 0 0 0 0 0 0 0 0 0 0 0 0 0 0 0 0 0 0 0 1 0 0 0 0 0 0 0 0 0 0 0 0 0 0 0 0 0 0
0 0 0 0 0 0 0 0 0 0 0 0 0 0 0 0 0 16 14 0 0 0 0 0 0 0 0 0 0 0 0 0 0 0 0 2 0 392 0 0 0 0 0 0 0 0 0 0 0 0 0 0 0 6 360 0 200 456 438 0 492 481 490 0 462 0 38 463 455 0 0 1 0 0 47 0 5 0 0 0 0 0 0 0 0 0 0 0 0 0 0 0 0 0 0 0 0 0 0 0 0 0 0 0 0 0 0 0 0 0 0 0 0 0 0 0 0 0 0 0 0 0 0 0 0 0 0 0 0 0 0 0 0 0 0 0 0 0 0 0 0 0 0 0 0 0 0 0 0 0 0 0 0 0 0
0 0 0 0 0 0 0 0 0 0 0 0 0 0 0 0 0 28 25 0 0 0 0 0 0 0 0 0 0 0 0 0 0 0 0 2 0 365 0 0 0 0 0 0 0 0 0 0 0 0 0 0 0 11 336 0 186 425 408 0 459 448 456 0 430 0 0 431 421 0 0 1 0 0 44 0 5 0 0 0 0 0 0 0 0 0 0 0 1 0 0 0 0 0 0 0 0 0 0 0 0 0 0 0 0 0 0 0 0 0 0 0 0 0 0 0 0 0 0 0 0 0 0 0 0 0 0 0 0 0 0 0 0 0 0 0 0 0 0 0 0 0 0 0 0 0 0 0 0 0 0 0 0 0 0
0 0 0 0 0 0 0 0 0 0 0 0 0 0 0 0 0 0 0 0 0 0 0 13 2 5 11 0 2 12 1 0 0 0 0 0 0 0 0 0 0 0 0 0 106 0 0 0 0 0 0 0 0 987 241 0 2 0 1 0 0 0 0 0 0 0 0 0 0 0 0 0 0 0 0 0 0 0 0 127 17 22 5 135 0 72 19 8 9 15 1 0 0 0 0 0 0 0 0 0 0 0 0 0 0 0 0 0 0 0 0 0 0 0 0 0 0 0 0 0 0 0 0 0 0 0 0 0 0 0 0 0 0 0 0 0 0 0 0 0 0 0 0 0 0 0 0 0 0 0 0 0 0 0 0
0 0 0 0 0 0 0 0 0 0 0 0 0 0 0 0 0 142 153 0 0 0 0 0 0 0 0 12 0 0 0 0 0 0 0 0 0 19 131 0 0 98 0 0 0 0 5 0 0 11 12 0 7 2 21 0 12 23 25 0 25 25 26 0 26 0 0 26 0 0 3654 5 5 0 136 0 165 103 0 0 0 1 0 0 0 0 0 0 2 1 1 0 0 0 0 1 0 0 19 1 0 0 0 0 0 0 0 0 0 0 0 0 0 0 0 0 0 0 0 0 0 0 0 0 0 0 0 0 0 0 0 0 0 0 0 0 0 0 0 0 0 0 0 0 0 0 0 0 0 0 0 0 0 0 0
0 0 0 0 0 0 0 0 0 0 0 0 0 0 0 0 0 0 0 0 0 0 0 0 0 0 0 0 0 0 0 0 0 0 0 0 0 0 0 0 0 0 0 0 0 0 0 0 0 0 0 0 0 0 0 0 0 0 0 0 0 0 0 0 0 0 0 0 0 0 0 0 0 0 0 0 0 0 0 0 0 0 0 0 0 0 0 0 0 0 0 0 0 0 0 0 0 0 0 0 0 0 0 0 0 0 0 0 0 0 0 0 0 0 0 0 0 0 0 0 0 0 0 0 0 0 0 0 0 0 0 0 0 0 0 0 0 0 0 0 0 0 0 0 0 0 0 0 0 0 0 0 0 0 0
0 0 0 0 0 0 0 0 0 0 0 0 0 0 0 0 0 1 120 0 0 0 0 1 0 0 0 0 0 0 0 0 0 0 1 0 0 9 131 0 1 77 0 1 0 0 82 3 3418 0 0 22 28 0 2 5 4 0 0 0 0 0 2 1 0 2 2 2 0 48 0 8 0 141 67 110 131 126 3389 0 1 0 0 1 0 4 0 6 0 10 18 0 0 0 0 18 34 42 0 25 0 0 0 0 0 0 0 0 0 0 0 0 0 0 0 0 0 40 39 0 0 0 0 0 0 0 0 0 0 0 0 0 0 0 0 0 0 0 0 0 0 0 0 0 0 0 0 0 0 0 0 0 0 0 0
370 874 298 209 787 3 715 3 37 30 18 400 258 46 325 0 13 11 12 0 0 0 0 0 1 7 0 82 0 0 0 208 326 767 8 2 5 0 11 6 10 9 5 44 27 0 0 0 153 33 78 0 0 0 0 0 0 0 0 0 0 0 0 0 0 0 0 0 0 2 0 0 0 0 0 0 5 0 0 0 0 0 0 0 0 0 0 81 3 1 0 0 0 0 0 0 0 0 2 81 0 0 0 0 0 0 0 0 0 0 0 0 0 0 0 0 0 0 0 0 0 0 0 0 226 0 0 0 0 0 0 0 0 0 0 0 0 0 0 0 6 0 0 0 0 0 0 0 0 0 0 0 0 0 0
1360 10194 3378 2 2727 1238 8392 121 310 243 224 4661 1059 353 1223 0 91 67 72 0 0 0 0 0 5 44 0 471 0 0 0 0 3719 2777 48 11 31 11 81 39 58 59 33 267 189 0 5 1 845 350 451 0 0 1 1 0 1 1 1 0 0 0 0 0 0 0 0 1 0 9 75 8571 0 0 80 63 83 60 0 0 1 1 0 0 0 1 1 583 20 6 2 0 0 0 0 0 0 0 19 501 0 0 0 0 0 0 0 0 0 0 0 0 0 0 0 0 4 1 0 0 0 10 0 0 1636 0 0 0 0 0 0 0 0 0 0 0 0 0 0 0 38 0 0 0 0 0 0 0 0 0 0 0 0 0 0
5 0 11 3 4 17 6 6 0 0 0 637 1440 0 258 237 51 7 4 0 0 198 0 212 1 124 172 0 1 212 54 0 0 0 242 29 185 96 15 410 70 182 4 0 169 261 3 253 0 0 5 0 0 460 119 0 41 10 30 0 0 6 2 2 12 8 7 11 6 128 0 5715 0 0 6 0 0 0 0 1989 1353 925 1107 0 0 1015 1345 130 122 190 57 0 0 43 592 539 956 21 489 4 0 0 0 0 0 0 24 0 6 0 20 20 20 20 20 0 3 621 7 90 50 0 0 0 0 0 0 21 0 0 0 0 0 0 30 0 0 0 0 65 0 0 0 0 0 0 0 0 0 0 0 0 175 0 0
0 0 0 0 0 0 0 0 0 0 0 1 0 0 1 0 0 11 11 0 0 0 0 2111 0 1 6 0 78 2113 41292 0 0 0 0 0 0 0 0 0 0 0 0 0 0 0 0 0 0 0 816 0 0 1 1 0 0 0 1 0 0 0 0 0 0 0 0 0 0 1 0 4 0 0 0 0 7 0 0 0 129 0 328 15 0 0 0 1257 0 2 40344 0 0 0 0 0 9 1 0 0 0 0 0 0 0 0 0 0 0 0 0 0 0 0 0 0 0 0 0 0 0 0 0 0 0 0 0 0 0 0 0 0 0 0 0 0 0 0 0 0 0 0 0 0 0 0 0 0 0 0 0 0 0 0 0
0 0 0 0 0 0 0 0 0 0 0 0 0 0 0 0 0 7 6 0 132 79 0 0 0 0 0 0 0 0 0 0 0 0 0 0 0 305 0 0 150 0 0 0 0 2 0 2 28 3 16 0 0 0 697 232 388 897 852 766 716 930 820 897 724 868 881 901 800 1 0 74 0 163 89 0 25 37 0 0 0 0 13 0 0 0 0 0 0 0 0 0 0 0 0 0 121 8 0 153 0 0 0 0 0 0 0 0 0 0 0 0 0 0 0 0 0 0 0 0 0 0 0 0 0 0 0 0 0 0 0 0 0 0 0 0 7 0 3 13 1 0 5 0 0 0 0 0 0 2 1 0 7 42 0
38 210 17 287 165 0 184 0 238 182 126 161 154 128 176 0 0 8 8 0 38 0 0 3 2 2 0 5 0 3 0 352 0 185 0 0 0 0 0 0 19 0 0 18 0 1 0 1 34 20 26 0 9 6 6 0 5 6 9 0 0 0 0 0 0 0 0 8 0 1 0 0 0 99 0 0 0 0 0 0 73 1 180 0 0 0 0 0 0 6 0 0 0 0 0 0 77 3 0 3 0 0 0 0 0 0 204 13 0 0 0 0 0 0 0 0 0 1 0 0 0 0 0 0 0 0 0 0 0 0 0 0 0 0 0 0 0 0 0 4 1 0 0 0 0 0 0 0 0 0 0 0 0 16 0
0 0 0 0 0 0 0 0 0 0 0 0 0 0 0 0 0 67 69 0 822 758 0 18 22 16 11 194 0 18 0 0 0 0 0 0 0 0 0 70 159 0 106 211 0 8 0 24 795 599 205 0 324 5 41 0 24 51 51 0 0 42 0 0 0 1 5 52 0 7 0 95 0 2576 59 0 56 0 0 0 1101 1 2724 253 0 31 13 10 67 42 0 0 25 0 0 166 1140 112 0 336 0 0 0 0 0 0 117 7 0 0 0 0 0 0 0 0 2105 1 0 0 0 0 0 0 0 0 0 0 0 0 0 0 0 0 0 0 940 0 28 171 23 25 30 24 23 13 22 25 22 28 28 69 21 391 0
27 82 19 741 0 0 231 0 56 38 163 164 79 45 33 0 121 879 807 0 93 89 0 188 223 556 258 109 1 181 164 757 0 52 669 72 555 229 173 1765 437 82 1489 3607 1109 612 288 133 646 470 124 0 1620 120 57 0 88 32 80 0 0 28 13 20 40 36 33 40 26 25 0 1682 1608 184 363 363 214 136 0 2991 584 679 2395 1189 0 1574 230 2412 309 691 207 479 124 1023 429 1432 1415 4444 1031 1957 0 0 0 0 0 0 0 437 0 0 64 64 64 64 64 19 2114 1242 0 0 0 0 98 0 6433 606 2538 2637 0 0 0 0 0 0 123 0 269 0 95 36 180 80 96 47 39 0 38 52 46 80 75 12 40 863 74
24 172 22 4399 224 474 1372 1105 65 57 12 787 151 92 35 0 35 107 113 0 0 3 0 0 2 0 0 0 0 0 0 4517 0 0 13 3 11 0 122 249 5 74 80 1514 1 0 0 0 23 0 75 0 19 17 14 0 18 10 20 0 0 7 0 4 16 14 11 0 7 0 21 92 89 0 95 99 116 28 0 0 4 13 0 0 0 2114 0 2 0 0 4 0 124 5 0 0 44 70 140 301 0 0 0 0 0 0 0 193 0 0 0 0 0 0 0 0 487 124 0 0 0 0 0 0 1 0 0 0 0 0 0 0 0 0 0 0 133 0 16 10 27 11 28 0 0 0 0 0 0 14 10 0 2 29 37
0 0 0 0 0 0 0 0 0 0 0 1 0 0 0 0 0 1 1 0 0 0 0 0 0 0 0 0 0 0 0 0 0 0 0 0 0 0 0 0 0 0 0 3 0 0 0 0 3 0 1 0 0 0 2 0 2 0 4 0 0 1 0 1 1 2 2 0 0 0 0 0 0 0 0 0 0 0 0 0 0 0 0 0 0 0 0 0 0 0 0 0 0 0 0 45 4 0 0 43 0 0 0 0 0 0 0 117 0 0 0 0 0 0 0 0 3138 0 0 0 0 0 0 0 0 0 0 0 0 0 0 0 0 0 0 0 0 0 15 1 43 0 14 0 0 0 0 0 0 0 0 0 0 72 4
0 0 0 0 0 0 0 0 0 0 0 0 0 0 0 0 0 0 0 0 0 0 0 0 0 0 0 0 0 0 0 0 0 0 0 0 0 0 0 0 0 0 0 0 0 0 0 0 0 0 0 0 0 0 0 0 0 0 0 0 0 0 0 0 0 0 0 0 0 0 0 0 0 0 0 0 0 0 0 0 35 0 0 0 0 0 0 0 0 968 0 0 0 0 0 0 0 0 0 0 0 0 0 0 0 0 0 130 0 0 259 259 259 259 259 89 55 0 0 0 0 0 0 0 0 0 0 0 0 0 0 0 0 0 0 0 0 0 0 0 0 0 0 0 0 0 0 0 0 0 0 0 0 0 0
0 0 0 0 0 0 0 0 0 0 0 0 0 0 0 0 0 0 1 0 0 53 0 0 0 0 0 0 0 0 0 0 0 0 0 0 0 0 1 0 0 0 0 0 0 0 0 0 3 0 7 0 0 6 29 0 24 9 50 0 0 14 1 8 38 30 23 0 17 0 0 0 0 0 0 0 0 0 0 18 63 13158 0 4594 0 196 0 0 0 0 0 0 0 0 0 0 0 0 0 1 0 0 0 0 0 0 0 1102 0 0 0 0 0 0 0 0 2481 0 0 0 0 0 0 0 0 0 0 0 0 0 0 0 0 0 0 0 17 0 0 0 0 0 0 0 0 0 0 0 0 0 0 0 0 0 0
782 433 968 874 170 661 93 378 58 50 11 65 120 81 685 0 26 20 21 0 0 40 0 3 8 0 0 30 0 0 0 898 971 0 5 2 1 8 23 1 2 133 39 2 0 0 0 0 292 0 58 0 6 0 22 0 18 13 36 0 0 10 0 6 27 22 17 0 12 0 0 237 228 47 0 8 8 0 0 1244 3048 7464 0 0 0 711 92 0 0 0 2 0 23 0 0 14 65 174 47 71 0 0 0 0 0 0 206 254 165 108 0 0 0 0 0 0 4142 8 0 0 0 0 0 0 0 0 0 0 0 0 0 0 0 0 0 0 0 0 13 18 0 0 10 0 0 0 0 0 0 0 0 0 13 185 6
8 82 58 214 39 93 49 47 83 78 53 31 26 58 6 0 6 45 51 0 0 191 0 2122 7 1700 2381 2 9 2115 1886 218 0 38 19 3 13 20 54 17 13 35 15 243 683 0 21 0 33 155 55 17 33 0 118 27 22 21 34 0 0 26 0 25 27 28 27 29 25 64 6 1 0 138 54 54 50 45 96 59 367 100 1224 316 0 1412 2164 1213 2029 3457 1420 7255 36 303 1435 978 3916 5524 3482 2386 0 0 0 0 0 0 0 0 0 0 0 0 0 0 0 0 2317 260 90 0 5 0 0 0 0 0 0 0 0 0 0 0 0 0 0 0 0 0 0 0 0 0 0 0 0 0 0 0 0 0 0 0 1 31 0
0 1 0 0 0 0 0 0 1 1 0 0 0 0 0 0 0 16 18 0 0 0 0 3 0 2271 4556 0 0 0 403 0 0 0 5 1 3 0 17 4 3 12 3 6 1 0 0 0 1 0 9 0 0 0 0 0 0 0 1 0 0 0 0 0 0 0 0 0 0 3 0 0 0 0 7 9 16 0 0 0 33 16 0 0 0 0 0 0 0 0 379 0 16 0 0 0 148 0 0 293 0 0 0 0 0 0 0 1 0 0 0 0 0 0 0 0 0 0 0 0 0 0 0 0 0 0 0 0 0 0 0 0 0 0 0 0 0 0 0 0 1 0 0 0 0 0 0 0 0 0 0 0 0 0 0
0 14 7 28 6 3 5 5 10 11 8 4 3 8 0 0 1 19 21 0 17 0 0 47 14 33 58 6 0 46 155 28 0 5 23 3 18 5 20 5 15 14 92 20 5 0 1 0 2 0 9 242 340 0 1 0 2 0 2 0 0 0 0 0 0 1 0 0 0 6 5 0 0 0 30 28 20 0 0 51 39 70 1 0 0 53 0 28 1 0 120 939 17 6 0 474 330 44 337 246 0 0 0 0 0 0 0 3 0 0 0 0 0 0 0 0 0 33 0 0 0 0 0 0 0 0 0 0 0 0 0 0 0 0 0 0 0 0 0 0 4 0 0 0 0 0 0 0 0 0 0 0 0 3 0
0 0 0 0 0 0 0 0 1 1 0 0 0 0 0 0 0 3 3 0 0 0 0 3187 0 2 4 17 914 0 4 0 0 0 1 0 0 0 1 0 0 1 0 1 0 0 0 0 0 0 16 0 0 0 0 0 460 0 0 0 0 0 0 0 0 0 0 0 0 1 0 0 0 0 0 2 1 0 0 0 8 0 0 0 0 1 0 0 0 0 0 0 0 0 0 5 1 0 0 0 0 0 0 0 0 0 0 1 0 0 0 0 0 0 0 0 0 0 0 0 0 0 0 0 0 0 0 0 0 0 0 0 0 0 0 0 0 0 0 0 0 0 0 0 0 0 0 0 0 0 0 0 0 0 0
0 4 2 2 1 0 0 0 4 4 2 1 1 3 0 0 0 9 9 0 6 0 0 10 1 0 12 5 0 10 9 1 0 1 2 0 2 0 5 2 2 6 0 3 0 0 0 0 0 0 5 0 11 0 0 0 4 0 3 0 0 0 0 0 0 0 0 0 0 2 0 0 0 0 8 7 4 0 0 1 4 3 0 0 0 7 0 6 0 0 0 0 0 0 0 188 90 0 24 3 0 0 0 0 0 0 0 4 0 0 0 0 0 0 0 0 0 72 0 0 0 0 0 0 0 0 0 0 0 0 0 0 0 0 0 0 0 0 0 0 1 0 0 0 0 0 0 0 0 0 0 0 0 2 0
0 1 1 1 0 0 0 0 1 1 1 0 0 1 0 0 0 1 1 0 2 0 0 495 0 12 0 1 0 496 30 0 0 0 0 0 0 0 0 0 0 0 0 0 0 0 0 0 0 0 2 0 0 0 0 0 0 0 1 0 0 0 0 0 0 0 0 0 0 2 0 0 0 0 0 0 0 0 0 1 36 0 1 21 0 9 195 289 187 0 0 0 0 1 0 53 24 0 61 95 0 0 60 0 0 0 0 6 0 0 0 0 0 0 0 0 0 2 0 0 0 0 0 0 0 0 0 0 0 0 0 0 0 0 0 0 0 0 0 0 0 0 0 0 0 0 0 0 0 0 0 0 0 0 0
0 11 5 8 3 0 0 2 11 11 5 1 2 7 0 0 1 1 1 0 0 0 0 29 0 19 0 0 0 0 0 0 0 0 0 0 0 0 0 0 0 0 0 0 1 0 0 0 0 0 3 0 0 0 0 0 1 0 1 0 0 0 0 0 0 0 0 0 0 4 0 0 0 0 0 24 3 17 0 0 3 2 8 0 0 0 0 13 20 20 0 0 0 2787 0 164 45 44 59 4 0 0 0 0 0 0 0 0 0 0 0 1 1 2 2 0 0 14 0 0 0 0 0 0 0 0 0 0 0 0 0 0 0 0 0 0 0 0 0 0 0 0 0 0 0 0 0 0 0 0 0 0 0 1 0
15 48 12 908 48 85 285 219 81 53 391 201 96 64 34 157 59 327 343 0 378 304 0 407 81 1097 540 263 1 405 328 740 0 42 709 75 586 431 342 308 441 368 513 2973 1146 1030 14 0 321 665 292 0 20 208 91 71 36 51 61 42 22 50 49 49 0 54 52 55 15 58 452 801 787 637 374 368 356 272 0 52 304 43 114 164 0 314 0 283 15 416 82 0 303 1000 921 2297 923 1171 1999 1264 0 731 1065 536 2365 56 378 159 7769 569 23288 23288 23288 23288 23288 23249 2877 199 63 0 0 273 0 0 122 0 4 0 0 0 0 0 0 0 327 0 407 27 229 0 59 207 230 161 149 35 148 167 160 206 200 0 45 500 5
3 18 10 36 0 0 4 14 4 3 2 17 10 4 4 339 72 184 163 0 1096 1043 0 4 0 416 4 19 0 3 0 42 0 13 152 40 112 0 0 0 657 0 5 0 1588 448 0 220 469 450 57 0 288 3899 1086 158 94 181 180 130 0 170 31 183 0 179 181 178 1 184 78 230 215 0 15 21 2 0 0 0 2 2 0 0 0 0 0 29 43 12 5 0 0 0 0 620 17 0 0 0 0 0 0 0 0 0 10 3 0 0 0 0 0 0 0 0 0 295 24 0 0 0 0 0 83 184 242 0 0 0 0 0 0 0 29 56 0 55 0 0 57 0 0 0 0 0 0 0 0 0 0 0 35 0 0
0 0 0 0 0 0 0 1 0 0 0 5 0 0 0 0 0 10 5 4 2 5 0 0 1 0 0 0 0 0 0 0 0 0 0 0 0 1 4 0 0 2 0 0 0 0 1 0 0 0 0 0 2130 4 3 0 6 1 7 0 1 2 1 1 4 3 3 4 2 34 2 0 0 0 17 17 5 19 0 0 0 1 0 0 0 0 0 0 0 0 0 0 1 0 0 0 0 0 0 0 0 0 0 0 0 0 0 0 0 0 0 0 0 0 0 0 0 61 30 0 108 0 0 0 0 0 0 0 0 0 0 0 0 0 0 0 0 0 157 16 151 153 163 152 148 129 147 152 148 159 158 0 0 0 0
7 6 4 156 6 39 6 16 25 20 257 25 36 27 11 609 38 761 813 0 1560 1569 3 2391 9 2401 4745 1657 12 2392 1668 158 0 12 73 12 52 113 900 689 57 533 63 760 99 234 61 8 400 181 1617 2218 276 151 133 169 107 47 150 52 92 122 132 119 0 126 125 129 52 11 94 162 158 0 749 740 888 787 0 3463 298 241 5484 240 0 4011 2636 1665 2598 8737 1436 0 926 3713 0 10842 1289 1126 2384 502 0 0 178 89 260 2 159 1437 115 112 17607 17607 17607 17607 17607 17599 0 896 1 0 0 0 1587 0 670 278 1111 847 6 0 0 0 0 0 0 2083 0 0 213 6 845 213 219 211 209 195 209 211 209 216 215 41 388 961 118
0 0 0 0 0 0 0 0 0 0 0 0 0 0 0 0 0 26 26 0 0 0 0 0 0 0 0 0 0 0 0 0 0 0 0 0 0 0 15 0 0 9 0 0 1 0 0 0 0 0 0 0 0 0 0 0 0 0 0 0 0 0 0 0 0 0 0 0 0 0 0 0 0 0 171 116 36 0 0 28 0 2 0 0 0 14 0 0 0 0 0 0 0 19361 0 0 0 36 123 18 0 0 0 0 0 0 0 0 0 0 0 0 0 0 0 0 0 1 0 0 0 0 0 0 6 0 0 0 0 0 0 0 0 0 0 0 0 0 0 0 0 0 0 0 0 0 0 0 0 0 0 0 3 28 2
0 0 0 0 0 0 0 1 0 0 0 5 1 0 0 0 0 9 6 0 10 13 0 0 1 0 0 0 0 0 0 0 0 0 0 0 0 0 3 0 0 2 3 0 0 0 0 0 0 0 0 0 0 3 2 0 4 2 5 0 0 1 0 1 2 2 2 3 1 13 0 131 129 0 0 0 0 0 0 0 0 0 0 0 0 0 0 0 0 0 0 0 0 1 0 136 0 23 0 0 0 0 0 0 0 0 0 0 0 0 0 0 0 0 0 0 20 40 13 0 0 138 0 0 0 0 0 0 0 0 0 0 0 0 0 0 0 0 19 5 458 21 28 20 17 4 17 20 17 25 24 31 173 320 16
106 55 38 0 55 224 22 199 14 13 44 55 103 23 96 39 8 392 352 0 0 0 0 13 0 21 32 77 0 13 0 0 4 27 1 1 11 11 3 1 0 2 5 5 16 1 0 0 0 0 74 0 0 73 59 0 367 27 237 0 0 44 12 20 33 31 35 41 25 133 0 4 3 0 0 0 0 0 0 0 2 57 330 0 0 112 0 10 31 56 0 0 0 2 0 0 0 0 277 1 0 0 0 0 0 0 4 0 0 0 4 4 4 4 4 0 0 4535 0 0 0 0 0 0 11 2953 8473 325 0 0 0 0 0 0 0 0 20 0 67 31 14 64 69 62 60 48 59 63 60 67 66 0 6 59 37
10 8 4 35 5 11 8 14 5 3 1 5 3 3 9 0 103 571 514 0 0 0 0 1 0 1 0 1 0 1 0 35 0 5 1 0 1 3 0 0 0 1 0 0 0 15 0 0 0 0 1 0 0 25 10 0 12 0 10 0 4 5 4 4 0 5 5 5 0 54 5 0 0 0 2 2 2 2 0 0 1 3 2 0 0 3 0 1 0 0 0 0 2 0 0 0 23 0 0 0 0 0 0 0 0 0 0 0 0 0 0 0 0 0 0 0 0 170 0 0 0 0 102 0 0 994 3486 1191 0 0 0 0 0 0 0 0 6 0 0 0 0 0 0 0 0 0 0 0 0 0 0 0 0 0 0
3 0 8 2 2 0 2 3 67 43 137 11 27 45 5 0 186 18 19 0 0 0 0 0 5 0 0 0 0 0 0 0 0 0 21 3 18 0 13 56 1 29 33 125 20 0 0 978 201 0 0 0 0 1 1 1 1 0 1 0 0 0 0 0 0 1 1 0 0 0 0 0 0 0 14 0 0 0 0 0 0 1 0 0 0 0 0 87 0 0 0 0 19 0 0 0 95 0 0 0 0 0 0 0 0 0 0 0 0 0 0 0 0 0 0 0 283 4 0 0 0 0 82 0 245 1685 4421 296 0 61 0 34 342 0 0 0 2509 0 0 740 281 0 0 0 0 0 0 0 0 0 0 506 478 496 31
47 59 18 69 29 112 49 22 29 19 73 30 26 54 43 5 23 0 0 11 11 11 0 25 1 16 30 69 0 25 9 69 16 29 4 1 3 2 42 9 42 28 6 20 2 21 19 17 16 42 66 28 9 1 1 4 2 1 2 0 0 0 0 1 2 1 1 2 1 5 30 5 5 11 38 38 43 42 22 35 44 35 53 94 55 32 108 17 33 63 9 17 44 488 4 3 5 10 11 8 0 0 0 0 0 0 0 0 0 0 0 0 0 0 0 0 2 15 5 6 9 10 6 4 5 0 1 2 8 11 5 1 4 5 10 6 20 4 15 13 17 10 14 10 15 15 15 10 8 13 12 20 16 60 6
204 255 76 297 125 482 213 94 124 82 314 128 114 235 186 20 20 151 161 48 0 37 0 108 4 69 129 306 0 108 38 300 68 123 18 4 15 11 183 39 183 122 29 88 7 92 85 73 72 186 293 126 41 6 5 16 8 6 10 2 2 0 2 3 7 6 5 7 4 20 131 20 22 47 164 164 182 183 94 150 192 150 229 392 235 140 464 73 141 288 40 0 190 2231 15 12 20 44 45 35 0 0 0 0 0 0 0 0 5490 5480 0 0 0 0 0 0 7 64 21 26 39 41 26 1 22 3 6 8 34 46 12 5 16 21 42 24 80 3 65 37 73 53 64 52 47 27 46 52 47 60 58 86 162 592 55
50 63 19 73 31 119 52 23 30 20 77 31 28 58 46 5 25 37 39 13 13 13 0 25 1 16 30 85 0 25 9 74 17 30 5 1 4 3 44 11 50 0 8 24 2 25 23 0 19 50 81 35 0 2 1 3 2 1 3 0 0 0 0 1 2 1 1 2 1 5 32 5 5 8 36 36 44 40 24 38 49 39 59 105 55 34 109 7 34 0 8 0 22 7 0 3 5 11 10 9 0 0 0 0 0 0 0 0 789 3323 0 0 0 0 0 0 0 16 5 6 11 0 6 0 6 3 2 0 0 0 0 0 0 0 11 0 9 0 15 0 19 6 16 9 7 0 7 10 6 14 13 23 0 40 10
1434 1788 530 2081 875 3380 1496 660 870 577 2202 891 798 1648 1306 150 46 1045 1113 371 367 364 0 718 33 466 863 2423 3 718 252 2105 474 865 137 30 118 80 1268 305 1419 818 217 680 55 712 643 378 546 1442 2323 983 239 40 34 106 51 34 67 7 7 12 11 15 44 36 30 43 24 142 909 136 154 333 1020 1013 1028 1007 674 1094 1404 1099 1676 2501 1568 977 3098 492 960 1901 263 0 1307 202 0 91 156 320 305 271 0 0 0 0 0 0 0 0 17670 17638 0 0 0 0 0 0 42 456 147 0 303 172 183 0 158 71 48 30 73 94 179 0 0 0 308 0 653 137 486 404 555 480 487 480 478 467 478 481 478 485 484 670 357 1313 335
208 259 77 302 127 490 217 96 126 84 319 130 116 239 189 22 7 152 161 55 54 54 0 103 5 67 124 358 0 103 36 305 69 125 20 4 17 12 183 45 209 77 33 100 8 105 94 83 80 212 343 146 0 7 5 16 8 5 11 1 1 0 1 2 7 6 5 7 4 21 132 20 22 41 166 165 185 184 100 160 205 160 245 438 225 142 445 71 138 244 37 0 176 2225 0 13 23 47 43 40 0 0 0 0 0 0 0 0 2863 2858 0 0 0 0 0 0 0 66 21 29 45 45 27 0 23 11 7 8 0 53 0 0 0 0 45 0 91 0 65 0 81 62 70 64 61 50 61 64 61 68 67 99 5 53 1
38 48 14 55 23 90 40 18 23 15 59 24 21 44 35 4 4 28 30 8 8 8 0 21 1 13 25 52 0 21 7 56 13 23 3 1 3 2 34 7 32 22 5 15 1 16 15 11 13 32 50 22 5 1 1 3 1 1 2 0 0 0 0 1 1 1 1 1 1 4 25 4 4 6 27 27 28 31 17 27 35 27 42 22 45 26 89 14 27 55 8 0 35 4 0 2 4 8 9 6 0 0 0 0 0 0 0 0 982 2868 0 0 0 0 0 0 1 12 4 4 7 0 5 0 4 2 1 1 0 0 0 0 0 0 8 0 14 0 12 8 13 9 11 9 8 3 7 9 7 11 10 15 30 117 31
9 11 3 13 5 21 9 4 5 4 14 6 5 10 8 1 2 6 7 2 2 2 0 4 0 3 5 15 0 4 2 13 3 5 1 0 1 0 8 2 9 0 1 4 0 4 4 0 3 0 15 6 0 0 0 0 0 0 0 0 0 0 0 0 0 0 0 0 0 1 6 1 1 0 6 6 0 0 4 7 9 7 10 0 10 6 19 3 6 0 1 0 0 1 0 1 1 0 1 2 0 0 0 0 0 0 0 0 129 585 0 0 0 0 0 0 0 3 1 1 0 0 1 0 1 0 0 0 0 0 0 0 0 0 2 0 2 0 1 0 3 0 1 0 0 0 0 0 0 0 0 4 0 4 14
0 0 0 0 0 0 0 0 0 0 0 0 0 0 0 0 0 0 0 0 0 0 48471 0 0 0 0 0 0 0 0 0 0 0 0 0 0 0 0 0 0 0 0 0 0 0 0 0 0 0 0 0 0 0 0 0 0 0 0 0 0 0 0 0 0 0 0 0 0 0 0 0 0 410 0 0 0 0 0 0 0 0 0 0 0 0 0 0 0 0 0 0 0 0 0 0 0 0 0 0 0 0 0 0 0 0 0 0 0 0 0 0 0 0 0 0 0 0 0 0 0 0 0 0 0 0 0 0 0 0 0 0 0 0 0 0 0 0 0 0 0 0 0 0 0 0 0 0 0 0 0 0 0 0 0
55 68 20 79 33 129 57 25 33 22 84 34 30 63 50 6 13 40 42 15 15 15 0 27 1 17 32 98 0 27 9 80 18 33 5 1 5 3 48 12 57 0 9 27 2 29 25 0 22 58 94 36 0 2 1 4 2 1 3 0 0 1 0 1 2 1 1 2 1 6 35 5 6 0 51 51 48 19 21 43 55 43 65 0 65 37 115 18 36 57 9 0 44 1449 0 4 6 12 11 11 0 0 0 0 0 0 0 0 0 0 0 0 0 0 0 0 0 19 6 10 13 0 7 0 6 3 2 0 0 0 0 0 0 0 13 0 25 0 19 6 23 10 18 9 6 0 5 10 6 16 14 28 0 14 21
81 101 31 117 49 191 84 39 58 32 124 54 46 93 73 9 42 62 64 22 22 22 0 39 2 26 47 145 0 39 14 118 27 49 8 2 7 5 71 18 84 0 15 40 5 42 38 0 32 85 139 55 0 5 4 6 9 4 10 0 0 2 0 1 5 4 3 5 3 33 53 8 9 7 57 57 68 26 36 63 81 64 97 0 97 55 169 37 53 92 14 0 67 13 0 5 9 18 16 16 0 0 0 0 0 0 0 0 6323 0 0 0 0 0 0 0 0 103 33 39 71 0 42 0 36 17 12 0 0 0 0 0 0 0 71 0 151 0 112 86 130 103 111 102 99 83 98 103 99 109 107 159 27 111 167
0 0 0 0 0 0 0 0 0 0 0 0 0 0 0 0 0 0 0 0 0 0 0 0 0 0 0 0 0 0 1 0 0 0 0 0 0 0 0 0 0 0 0 0 0 0 0 0 0 1 0 0 0 2 0 0 0 0 0 0 0 0 0 0 0 0 0 0 0 0 0 0 0 0 0 0 0 0 0 0 0 0 0 0 161 0 0 0 0 0 0 0 0 0 0 0 0 0 0 0 0 0 0 0 0 0 0 0 0 0 0 0 0 0 0 0 0 0 0 0 0 0 0 0 0 0 0 0 0 0 0 0 0 0 0 0 0 0 0 0 0 0 0 0 0 0 0 0 0 0 0 0 0 0 0
0 0 0 0 0 0 0 0 0 0 0 0 0 0 0 0 0 0 0 0 0 0 0 0 0 0 0 0 0 0 1 0 0 0 0 0 0 0 0 0 0 0 0 0 1 0 0 0 0 1 0 0 0 3 1 0 0 0 0 0 0 0 0 0 0 0 0 0 0 0 0 0 0 0 0 0 0 0 0 0 0 0 0 0 180 0 0 0 0 0 0 0 0 0 0 0 0 0 0 0 0 0 0 0 0 0 0 0 0 0 0 0 0 0 0 0 0 0 0 0 0 0 0 0 0 0 0 0 0 0 0 0 0 0 0 0 0 0 0 0 0 0 0 0 0 0 0 0 0 0 0 0 0 0 0
0 0 0 0 0 0 0 0 0 0 0 0 0 0 0 0 0 0 0 0 0 0 0 0 0 0 0 0 0 0 0 0 0 0 0 0 0 0 0 0 0 0 0 0 0 0 0 0 0 0 0 0 0 0 0 0 0 0 0 0 0 0 0 0 0 0 0 0 0 0 0 0 0 0 0 0 0 0 0 0 0 0 0 0 83 0 0 0 0 0 0 0 0 0 0 0 0 0 0 0 0 0 0 0 0 0 0 0 0 0 0 0 0 0 0 0 0 0 0 0 0 0 0 0 0 0 0 0 0 0 0 0 0 0 0 0 0 0 0 0 0 0 0 0 0 0 0 0 0 0 0 0 0 0 0
0 0 0 0 0 0 0 0 0 0 0 0 0 0 0 0 0 0 0 0 0 0 0 0 0 0 0 0 0 0 0 0 0 0 0 0 0 0 0 0 0 0 0 0 0 0 0 0 0 0 0 0 0 0 0 0 0 0 0 0 0 0 0 0 0 0 0 0 0 0 0 0 0 0 0 0 0 0 0 0 0 0 0 0 0 0 0 0 0 0 0 0 0 0 0 0 0 0 0 0 0 0 0 0 0 0 0 0 0 0 0 0 0 0 0 0 0 0 0 0 0 0 0 0 0 0 0 0 0 0 0 0 0 0 0 0 0 0 80 0 0 64 82 72 68 52 68 73 67 79 78 0 0 0 0
2 0 8 0 1 4 2 5 0 0 0 0 0 0 0 1 649 0 0 2 0 0 0 0 0 0 0 0 0 0 0 0 0 0 3 0 0 0 0 0 0 0 0 0 0 0 0 0 0 0 0 0 0 0 0 0 0 0 0 0 0 0 0 0 0 0 0 0 0 0 0 0 0 0 0 0 0 0 0 0 0 0 0 0 0 0 0 0 0 0 0 0 0 0 0 0 0 0 0 0 4 0 0 0 0 0 10 0 0 0 0 0 0 0 0 0 0 0 0 0 0 0 0 0 0 0 0 0 0 0 0 0 0 0 0 0 0 0 0 0 0 0 0 0 0 0 0 0 0 0 0 0 0 0 0
0 0 0 0 0 0 0 0 0 0 0 0 0 0 0 0 2 192 208 29 29 0 4 18 1 12 22 126 0 18 11 0 0 0 4 1 4 14 237 10 47 85 7 22 2 23 36 0 29 98 121 57 16 5 14 32 9 16 19 14 14 15 14 15 18 17 16 18 16 1 154 24 27 9 185 184 232 211 0 171 218 0 260 467 81 92 79 12 31 50 12 0 247 0 0 6 10 19 19 20 0 22 2811 2072 2722 61 1760 82261 273 273 0 0 0 0 0 0 3 4 1 2 4 0 1 0 0 1 0 0 0 0 0 0 0 0 3 0 5 0 0 0 5 0 2 0 0 0 0 0 0 0 0 6 0 0 1
0 119 0 128 80 251 76 0 44 24 41 92 57 29 98 399 152 92 74 0 552 561 0 1452 5 1017 2017 32 6 1453 820 150 38 79 4 0 2 13 68 0 5 21 0 9 81 1 0 0 10 0 42 0 146 60 29 0 42 0 56 0 0 25 14 20 38 33 30 38 26 94 49 2 0 0 57 40 34 0 0 0 0 0 0 0 0 1079 1995 1180 1741 3501 783 0 69 32 160 52 0 50 173 0 0 0 5 0 5 0 4 0 3 2 0 0 0 0 0 0 0 364 0 0 0 13 3 0 927 0 91 0 781 1758 0 9 351 1139 269 681 994 0 1138 400 719 1133 1138 1131 1128 1116 1128 1131 1128 1136 1135 1376 743 1472 213
0 0 1 0 0 820 0 3 8 7 1 23 13 11 2 659 80 20 7 0 0 0 0 0 2 0 0 0 0 0 0 0 0 0 0 1 0 3 0 0 323 0 0 0 0 0 4 0 3 0 1 0 0 19 27 0 211 0 142 0 1 23 1 8 32 20 21 29 17 337 0 0 0 0 1 1 0 0 0 0 4 4 34 0 0 0 0 2 0 0 0 0 0 0 0 0 0 0 0 0 0 0 0 0 0 0 0 0 0 0 0 0 0 0 0 0 0 0 177 0 0 0 0 10429 4 0 30 0 81 0 0 0 77 0 126 0 0 0 725 179 444 704 726 670 659 567 658 675 667 707 702 0 287 1873 1
7 343 15 4 5 25 1 9 348 0 525 14 2 0 0 50 16 21 10 0 0 0 0 0 2 0 0 0 0 0 0 0 0 0 0 2 0 0 6 0 2 3 0 0 88 0 24 10 1 0 2 0 6 16 11 0 19 0 25 0 0 6 0 3 15 12 10 15 7 28 0 299 62 0 4 5 6 5 231 191 1560 124 1108 491 0 88 377 391 0 107 0 0 0 0 0 1 0 14 330 2 0 0 0 0 0 0 0 0 0 0 0 0 0 0 0 0 12 0 0 0 0 0 0 0 833 0 1 0 0 0 0 0 0 0 0 0 0 0 6 0 1 8 13 6 3 0 3 6 3 11 10 813 0 0 0
286 0 598 175 274 875 334 437 0 0 0 904 11023 15386 1 505 347 7039 6354 0 0 22 0 736 567 1488 2333 0 16 730 1389 0 0 0 7356 726 1557 3726 1277 796 2027 1459 3744 2331 624 2 3937 2562 55 172 94 2886 7720 1259 2036 1827 1672 2100 2760 1798 1993 2172 1980 2085 2361 2310 2252 2395 2181 468 404 5360 5202 0 1596 1602 1077 1313 2132 1237 2166 1956 3368 1670 7300 1995 1444 470 1039 7477 1426 1548 1046 214 49 72 224 1232 3467 7165 0 0 0 6842 0 0 0 0 0 0 0 0 0 0 0 0 3836 9527 320 0 3225 688 639 1893 72 2403 2641 6343 1502 3347 0 380 1054 0 1992 9853 1878 1687 744 534 1198 771 780 758 753 716 752 760 755 773 770 1703 3906 3696 1
2 0 6 0 3 16 14 0 0 0 0 10529 8 0 0 571 398 2054 2109 0 10 1 0 0 93 14536 22737 14039 43 0 0 0 0 0 418 43 317 146 2408 10479 8800 1233 436 8469 13305 3 2225 7105 53 0 13551 0 3004 34614 8456 97 73 0 91 0 0 23 0 12 8 46 37 58 15 688 40 7709 4226 0 1736 1733 1913 1885 2807 4100 2728 701 1016 1267 0 13982 13 375 37 179 38 1010 1895 0 99 50 668 945 2305 7545 0 0 0 0 0 0 59106 0 0 0 0 0 0 0 0 0 795 420 74 0 0 3454 740 1552 1012 780 861 3719 27 152 0 0 504 0 2606 470 1729 0 903 1250 1590 935 943 919 915 876 914 921 918 935 933 1379 1425 2865 1
1 1 0 0 0 2 0 0 1 0 0 38 0 0 0 340 0 877 916 192 962 971 0 328 21 540 1050 102 4 328 412 5 1 0 0 0 0 190 1040 0 0 435 0 0 0 1003 0 39 53 65 154 0 420 93 102 127 83 106 133 74 87 97 0 92 112 106 102 111 99 398 296 2 0 274 769 766 937 861 66 138 213 141 664 332 200 644 611 221 523 2138 411 0 990 56 442 6 0 392 584 201 0 0 171 0 0 8 567 434 301 235 298 298 298 298 298 296 0 505 93 0 0 0 0 0 63 133 110 5721 1192 0 0 415 865 0 268 1485 10517 0 1544 938 2744 1536 1545 1526 1522 1489 1521 1528 1524 1539 1537 2648 3443 4324 13
13 43 11 340 26 63 105 85 8 7 8 62 17 10 12 75 13 722 779 0 183 182 0 179 16 116 228 79 1 176 89 349 12 27 118 13 95 103 885 12 66 569 109 39 138 0 137 95 4 7 78 123 19 503 176 123 36 66 74 0 62 70 69 69 73 72 71 73 70 5 6 242 235 346 705 702 403 790 0 11 131 361 122 434 2659 131 219 136 196 352 95 249 908 168 0 249 53 615 0 0 0 0 0 0 0 0 0 0 0 0 0 0 0 0 0 0 0 56 9 0 0 245 0 0 75 115 91 0 0 0 0 0 85 0 171 0 204 0 92 0 50 83 94 65 60 12 59 68 63 85 82 111 39 160 4
2088 2923 1593 5539 20 7010 1321 1545 940 796 2470 921 702 560 1868 725 301 705 742 0 222 197 3 1413 593 631 526 5737 2 1411 231 5670 1692 0 2260 455 3453 1746 905 4051 6327 2189 4008 3712 872 4257 4786 1715 2902 619 5506 2403 1893 1135 557 0 240 350 411 0 349 362 347 355 378 371 367 377 363 167 3998 3561 1523 199 1344 1351 982 953 1299 1164 1841 2098 8030 2231 3483 832 854 1267 955 655 252 2263 864 2235 1873 6490 2087 1239 2046 2563 0 0 1448 2182 3002 86 3121 1721 1287 1263 4622 4622 4622 4622 4622 4621 2501 0 189 0 0 1709 345 0 1168 0 664 2492 0 65 0 0 0 0 1270 225 690 0 509 304 655 497 507 482 477 435 476 484 480 499 496 557 696 1749 68
0 0 0 0 0 0 0 0 0 0 0 0 0 0 0 1 0 1 1 0 0 341 0 0 0 0 0 0 0 0 0 0 0 0 0 1 0 178 5 1 0 0 0 1 271 0 0 0 0 0 0 0 0 23 167 164 91 208 198 0 219 218 225 221 209 212 214 209 217 269 0 0 0 1685 21 22 5 23 0 0 0 0 0 0 0 0 0 1171 0 0 0 0 0 0 0 0 0 0 0 0 0 0 0 0 0 0 0 3 0 0 29 29 29 29 29 27 0 0 0 0 0 0 0 0 0 0 0 0 0 0 0 0 0 0 0 0 0 0 0 0 0 0 0 0 0 0 0 0 0 0 0 0 0 0 1
62 175 71 180 80 837 35 57 38 32 82 40 58 29 57 151 118 146 154 285 2666 2694 1 264 43 563 1094 6444 2 263 58 184 74 82 135 16 111 216 187 62 7588 214 295 140 299 246 171 41 163 356 6150 1700 135 667 319 205 96 119 202 0 0 208 236 209 207 207 208 207 208 1 986 1053 1013 2385 233 234 189 222 0 105 154 202 879 370 1472 634 280 645 1755 438 61 141 0 96 0 421 144 0 0 0 276 0 0 0 0 0 0 0 0 0 0 0 0 0 0 0 14 53 4 0 0 0 0 84 1367 0 24 0 0 0 0 0 0 0 32 45 116 0 93 0 27 73 97 59 52 0 52 63 57 84 80 38 15 138 6
1 2 1 3 1 7 1 1 1 1 2 1 1 0 1 4 5 4 5 174 169 172 0 1 1 1 1 69 0 1 1 4 1 1 1 0 1 4 5 2 230 7 4 3 3 2 0 0 5 5 66 0 0 1 3 3 2 0 4 0 0 4 6 4 4 4 4 4 4 0 39 28 27 184 31 31 10 33 0 3 5 5 27 16 13 3 2 13 2 2 1 0 0 2974 0 12 3 0 0 0 0 0 0 0 0 0 0 0 0 0 0 0 0 0 0 0 0 0 0 0 0 0 0 0 34 0 0 0 0 0 0 0 0 0 0 0 8 0 0 0 0 0 0 0 0 0 0 0 0 0 0 0 0 0 1
2 13 2 149 14 38 5 36 4 3 2 14 10 4 2 48 25 267 284 0 667 674 0 15 5 69 31 112 0 15 14 153 2 14 73 8 59 52 320 36 41 205 36 126 89 1464 0 5 207 30 111 116 0 44 37 28 29 35 45 30 30 34 37 32 38 36 35 38 34 41 352 124 120 0 258 257 314 290 0 186 116 276 109 171 105 104 21 45 22 60 17 57 293 231 0 464 163 0 0 0 0 0 29 0 0 0 29 10 11 1 1600 1600 1600 1600 1600 1599 28 201 42 0 0 0 94 0 97 68 262 0 0 0 0 0 0 0 55 0 457 170 277 560 91 282 315 286 279 233 279 289 281 306 303 429 228 282 10
166 582 206 1849 243 672 99 420 58 46 384 128 192 68 159 200 114 713 750 0 825 830 18 166 159 412 320 752 2 165 132 1896 219 248 586 68 481 790 857 784 855 819 1070 967 580 2630 1106 572 862 341 736 646 335 870 749 713 351 0 704 218 694 713 718 714 705 708 710 705 712 1418 265 596 572 352 870 870 860 838 315 246 777 437 768 608 1582 293 216 180 231 602 142 432 733 657 0 1785 435 741 786 302 0 0 13 0 209 10 555 33 118 70 323 323 323 323 323 320 0 0 1394 0 0 0 1354 678 216 3645 4723 4991 0 0 0 0 185 0 82 0 728 0 306 225 133 304 312 293 289 257 288 295 291 306 304 448 571 430 155
1 4 2 6 2 4 1 14 4 2 2 49 12 2 1 114 52 304 302 0 307 306 1 166 28 336 399 754 2 166 136 5 0 0 118 14 95 88 338 596 418 237 187 1159 318 229 1407 7 1329 65 731 510 793 94 70 65 104 0 125 27 0 68 55 59 85 77 73 84 68 648 49 460 448 214 305 305 330 324 257 388 223 188 1727 190 94 388 229 644 219 799 140 454 303 782 1103 1392 1282 936 226 0 0 0 389 0 0 3 390 117 135 65 1463 1463 1463 1463 1463 1460 0 893 650 0 0 108 0 0 1531 77 110 30 279 0 395 181 1825 0 336 1381 1259 0 1212 699 579 1210 1221 1202 1198 1166 1197 1204 1200 1215 1213 1605 0 1674 30
1194 1995 1234 3269 1479 138 5264 1622 144 1482 2166 4127 1464 1623 1546 825 294 599 575 304 1633 1635 24 420 144 400 615 2801 3 420 109 3331 1269 1499 862 107 698 843 598 1157 645 854 960 1635 468 3568 2011 1043 1665 1194 2688 1199 848 824 727 590 478 696 782 604 660 683 671 670 705 692 688 703 682 1101 3771 1365 1313 298 662 659 600 565 1064 1144 2140 1142 1987 1121 681 869 1376 918 1119 462 133 1433 529 1165 998 3783 920 1181 1071 355 0 0 2047 0 3656 54 2028 133 1568 1530 460 460 460 460 460 458 650 2567 1123 757 724 25 5454 78 1857 935 1310 2637 833 0 0 587 0 410 899 9 1960 0 1044 1024 702 1092 1101 1082 1078 1047 1077 1084 1080 1095 1093 2503 1186 4572 24
297 865 355 586 611 3706 54 171 690 218 122 154 279 524 299 182 91 49 42 331 285 286 7 34 16 16 9 485 0 34 6 589 346 615 98 17 80 89 25 43 19 30 107 152 88 86 269 153 349 143 464 166 24 24 60 32 55 88 85 48 65 69 68 67 73 71 70 73 69 1092 286 187 180 328 40 39 25 19 135 105 343 57 104 281 126 55 37 325 53 19 9 166 16 165 186 503 111 123 123 0 0 0 359 197 288 1 50 378 133 124 64 64 64 64 64 64 0 265 1078 0 37 0 1 848 856 432 975 715 194 0 0 0 0 0 100 0 221 0 0 135 0 0 0 0 0 0 0 0 0 0 0 202 112 414 0
38 53 31 407 53 214 12 150 42 25 125 26 55 32 39 121 19 250 264 78 83 84 1071 130 22 93 161 105 1 130 47 417 31 54 190 21 132 87 272 199 81 182 149 160 37 945 124 68 295 54 103 0 0 51 51 0 37 51 58 0 48 50 48 48 51 50 50 51 50 64 174 72 69 84 330 328 290 314 47 96 188 152 173 123 660 140 110 120 141 225 49 94 237 11685 107 345 39 82 399 0 0 0 175 25 187 0 109 70 83 56 88 88 88 88 88 87 0 0 64 0 0 0 0 94 119 168 127 107 0 0 3247 2502 0 0 0 0 161 0 61 0 0 122 133 112 107 73 106 114 108 126 124 12 0 258 3
0 3 0 13 1 0 0 51 2 1 2 195 31 2 1 124 57 400 269 55 126 128 0 27 35 47 73 78 4 27 15 9 0 1 33 4 25 44 237 182 175 151 0 608 113 279 334 785 240 102 85 197 632 172 132 39 215 193 265 7 17 93 42 67 163 135 117 161 99 4874 232 127 118 44 204 204 234 221 211 254 265 174 143 158 193 177 44 415 60 159 29 176 229 423 179 339 249 85 343 111 0 0 485 431 775 7 382 54 336 301 363 363 363 363 363 361 0 1889 4839 1276 2875 1123 212 56 1121 165 31 299 972 812 0 38 1638 0 1875 1038 2239 419 1391 1201 1433 1406 1422 1384 1377 1424 1376 1388 1380 1409 1406 1624 1182 6250 142
61 196 86 239 0 384 61 0 220 222 60 38 0 112 48 197 0 0 0 0 0 0 0 368 0 410 672 958 3 368 690 325 94 107 15 210 248 0 0 0 52 0 0 0 84 271 125 150 191 0 931 0 0 72 19 0 4 0 8 0 0 2 0 1 6 5 4 6 3 193 944 200 349 0 11 11 3 12 0 141 333 502 567 808 128 445 497 241 365 1241 675 0 0 377 190 593 607 5 557 451 0 0 0 0 0 0 0 2542 0 0 0 0 0 0 0 0 0 0 102 0 0 0 0 0 59 0 1019 0 0 0 0 0 162 0 0 0 0 0 0 0 0 0 0 0 0 0 0 0 0 0 0 426 0 0 0
2 1 2 17 2 6 1 8 6 4 28 16 7 4 2 82 12 225 224 137 160 161 0 5 26 20 11 89 0 5 4 17 1 2 129 14 105 54 250 258 48 204 162 622 47 427 102 16 182 100 86 44 770 24 20 23 33 20 37 0 6 15 11 12 22 19 17 21 15 246 81 474 457 123 227 226 250 235 112 65 149 74 171 109 245 36 8 113 17 24 7 127 0 163 0 751 407 258 310 62 0 0 838 584 1013 14 668 192 438 396 348 348 348 348 348 346 0 378 252 0 0 0 169 0 308 0 3 2649 23 0 0 107 1957 0 159 0 2705 0 586 2 366 568 587 541 531 454 530 545 537 572 567 1059 1729 1651 205
0 0 0 0 0 0 0 0 0 0 0 0 0 0 0 0 0 84 91 0 0 1 89 0 0 2 5 15 0 11 11 0 0 0 6 5 10 2 103 10 1 60 0 0 2 21 0 0 0 0 15 0 0 4 2 0 1 1 2 0 0 1 1 1 0 1 1 2 1 0 48 0 0 4 67 0 51 0 0 0 8 6 0 10 38 6 5 7 3 37 11 0 108 30 7 59 24 0 0 0 0 0 0 0 0 0 0 65 0 0 1 1 1 1 1 0 0 0 0 0 0 0 0 0 0 0 0 0 0 0 0 0 0 0 1 0 0 0 0 0 0 57 98 41 30 0 30 46 37 79 73 0 0 0 0
637 3294 594 2031 1222 3330 1079 716 1752 965 2936 1060 1358 947 717 594 207 50 18 1392 3998 4045 66 2331 574 1799 3181 2414 8 2332 967 2056 524 1219 2725 310 2255 1711 86 3399 15548 331 3840 7 1393 8301 3075 1013 801 273 2348 911 3174 1561 1120 858 706 1031 1087 843 952 971 984 956 973 962 965 969 964 5719 3228 6073 5651 1409 816 825 196 290 2402 4749 2618 3152 4666 4013 1197 3899 4207 4647 1852 2677 970 0 0 11349 909 5402 1352 3424 2851 542 0 0 4383 0 4473 82 2965 1977 1917 1887 2435 2435 2435 2435 2435 2433 1333 4576 5755 0 128 421 2077 1207 9148 1901 4557 0 2346 293 3125 620 3318 0 1381 7275 2458 0 1471 577 1372 1508 1519 1494 1489 1448 1489 1496 1492 1510 1508 4757 3971 1525 236
0 3 0 5 0 4 0 0 0 3 1 4 0 2 0 67 25 6 4 0 3 3 0 2 0 2 3 18 0 2 7 5 0 1 0 0 0 0 0 1 1 0 3 0 0 1 5 4 4 0 17 0 0 3 3 4 3 0 6 4 4 5 0 4 6 5 5 6 5 9 20 0 0 2 2 0 2 0 0 0 0 8 7 0 9 9 3 1 1 8 7 0 3 0 0 10 0 0 52 14 0 0 0 0 0 0 0 1 0 0 4 4 4 0 4 0 0 0 0 0 0 0 0 0 0 0 6 0 0 0 0 24 0 0 18 0 122 0 0 2 0 278 284 276 273 259 273 277 273 282 281 133 0 36 0
0 0 0 1 0 1 0 0 0 0 0 3 0 0 0 15 0 6 5 0 0 0 0 18 0 14 27 33 0 18 43 1 0 0 0 0 0 0 0 0 0 0 0 0 0 3 0 0 0 0 33 0 0 2 1 0 1 2 2 0 0 1 0 1 2 2 1 2 1 25 19 1 0 0 1 0 0 0 0 0 0 0 0 0 88 13 28 41 21 78 41 8 2 0 0 9 0 0 10 0 0 0 45 0 5 0 4 4 0 0 16 16 16 16 16 13 0 0 21 0 0 0 77 0 87 88 14 0 0 0 0 0 41 0 9 0 455 0 0 0 87 0 0 0 0 0 0 0 0 0 0 235 0 141 0
0 0 0 0 0 0 0 0 0 0 0 15 0 0 0 101 33 12 5 0 0 0 0 0 1 0 0 0 0 0 0 0 0 0 0 0 0 0 0 0 0 0 0 0 0 0 0 0 0 0 1 0 0 9 6 0 5 7 11 0 0 3 0 2 8 7 5 8 4 0 7 0 0 0 0 0 0 0 0 0 0 2 1 0 0 0 0 0 0 0 0 0 0 0 0 16 0 0 43 0 0 0 0 0 0 0 0 0 0 0 0 0 0 0 0 0 0 0 0 0 0 0 0 0 1 0 1 0 0 0 0 51 659 0 53 0 1197 0 1089 0 0 1156 1173 1115 1105 1178 1104 1120 1115 1153 1148 1934 221 1406 1
12 8 0 15 0 36 7 0 4 7 11 7 0 7 12 8 10 6 6 0 8 8 4 33 2 33 56 68 0 32 17 15 0 6 1 3 0 0 0 12 11 0 13 0 4 13 14 7 7 6 66 0 0 8 4 5 4 0 6 5 5 5 1 5 5 5 5 5 5 6 21 7 7 8 6 1 4 0 0 0 2 43 25 31 95 40 25 22 39 50 17 0 6 0 0 9 0 0 13 9 0 0 0 0 0 0 10 14 0 0 20 20 20 0 20 16 0 0 0 0 0 0 0 0 8 0 14 0 0 0 0 10 0 0 11 0 0 0 0 9 0 0 6 0 0 0 0 0 0 4 3 0 0 0 9
3 2 0 3 0 8 1 0 0 1 2 2 0 2 3 1 2 1 1 0 2 2 1 7 0 7 13 15 0 7 4 3 0 1 0 0 0 0 0 3 2 0 3 0 0 3 2 1 1 0 14 0 0 2 0 1 1 0 1 1 1 1 0 1 1 1 1 1 1 1 2 1 1 2 1 0 0 0 0 0 0 8 5 0 21 9 5 5 8 11 4 0 1 0 0 1 0 0 1 2 0 0 0 0 0 0 0 3 0 0 2 2 2 0 2 0 0 0 0 0 0 0 0 0 2 0 0 0 0 0 0 2 0 0 2 0 0 0 0 2 0 0 0 0 0 0 0 0 0 0 0 0 0 0 2
16 10 0 19 0 46 8 0 6 8 14 10 0 9 15 10 11 8 7 0 11 11 5 93 4 96 176 210 0 92 54 19 0 8 24 10 0 0 0 24 16 0 29 9 8 25 11 8 8 55 202 21 0 10 6 5 7 0 10 5 5 6 2 6 7 7 7 7 6 9 14 8 8 11 9 3 5 0 0 15 26 108 59 106 305 116 75 59 125 148 53 0 6 0 0 11 0 0 11 11 0 0 0 0 0 0 10 18 0 0 12 12 12 0 12 8 0 0 0 0 0 0 0 0 11 0 22 0 0 0 0 15 0 0 23 0 0 0 0 10 0 2 8 0 0 0 0 0 0 6 5 0 0 0 22
20 13 0 25 0 60 11 0 8 11 18 13 0 12 19 13 14 10 9 0 14 14 7 106 5 110 200 239 1 106 61 25 0 10 30 13 1 0 0 29 20 0 34 15 11 31 14 10 10 67 230 45 0 13 8 7 8 0 12 7 7 8 4 8 9 9 9 9 8 11 18 11 10 13 11 5 7 0 0 22 33 124 68 123 346 133 86 69 143 169 61 0 7 0 0 13 0 0 14 13 0 0 0 0 0 0 14 23 0 0 16 16 16 0 16 12 0 0 0 0 0 0 0 0 14 0 26 0 0 0 0 19 0 0 27 0 0 0 0 13 0 5 11 3 0 0 0 3 0 9 8 0 0 0 26
43 27 8 53 2 126 23 0 22 22 39 28 0 25 40 28 29 21 18 0 31 29 15 246 12 256 469 561 1 246 143 54 0 23 89 36 50 0 0 64 43 6 78 70 29 69 30 22 21 191 540 314 0 28 19 15 19 0 26 15 15 17 12 16 20 19 18 20 18 24 37 22 22 29 25 19 17 0 43 92 98 289 158 313 117 310 201 159 336 395 142 0 16 0 0 30 0 0 30 29 0 0 4 0 0 0 33 48 10 0 32 32 32 0 32 28 0 0 9 0 0 0 0 0 31 9 62 0 0 0 0 41 0 0 62 0 63 0 0 27 0 19 26 17 14 0 14 18 14 23 22 94 0 205 59
21 13 0 27 0 63 12 0 9 11 19 14 0 13 20 13 14 10 9 0 15 14 7 107 5 111 202 240 1 107 62 26 0 11 31 14 2 0 0 29 21 0 35 16 11 31 15 11 10 68 231 47 0 14 8 7 9 0 12 7 7 9 4 8 10 9 9 10 9 11 18 11 11 14 11 6 7 0 0 22 33 125 69 124 349 134 87 69 144 171 61 0 8 0 0 14 0 0 14 14 0 0 0 0 0 0 15 24 0 0 16 16 16 0 16 12 0 0 0 0 0 0 0 0 15 0 27 0 0 0 0 19 0 0 28 0 0 0 0 14 0 6 12 4 1 0 0 4 0 9 8 1 0 0 26
15 9 0 19 0 44 8 0 5 8 14 10 0 9 14 10 10 7 6 0 11 10 5 84 4 87 160 192 0 84 49 18 0 7 21 9 0 0 0 22 15 0 27 6 7 24 10 8 7 48 184 6 0 10 6 5 7 0 9 5 5 6 2 6 7 7 6 7 6 8 13 8 8 10 8 3 5 0 0 11 22 99 54 95 277 106 68 54 114 135 49 0 5 0 0 10 0 0 10 10 0 0 0 0 0 0 10 17 0 0 11 11 11 0 11 7 0 0 0 0 0 0 0 0 11 0 20 0 0 0 0 14 0 0 21 0 0 0 0 10 0 2 8 0 0 0 0 0 0 5 4 0 0 0 20
21 13 0 26 0 61 11 0 9 11 19 13 0 12 20 12 14 10 9 0 14 14 7 93 5 95 172 203 0 92 52 26 0 11 26 12 0 0 0 27 20 0 31 10 11 29 15 11 10 55 196 16 0 13 8 7 8 0 12 7 7 8 4 8 9 9 9 9 8 11 19 11 11 13 11 5 7 0 0 16 27 107 60 103 296 114 75 60 122 146 52 0 8 0 0 13 0 0 14 13 0 0 0 0 0 0 15 23 0 0 17 17 17 0 17 13 0 0 0 0 0 0 0 0 14 0 24 0 0 0 0 18 0 0 25 0 0 0 0 13 0 5 12 3 0 0 0 4 0 9 8 0 0 0 23
6 4 0 8 0 19 4 0 0 3 6 4 0 4 6 4 4 3 3 0 5 4 2 36 2 38 69 83 0 36 21 8 0 3 0 1 0 0 0 10 7 0 12 0 0 10 5 3 3 5 80 0 0 4 1 2 3 0 4 2 2 3 0 2 3 3 3 3 3 4 6 3 3 4 3 0 1 0 0 0 0 43 23 30 120 46 29 23 49 58 21 0 2 0 0 4 0 0 4 4 0 0 0 0 0 0 2 7 0 0 5 5 5 0 5 1 0 0 0 0 0 0 0 0 5 0 7 0 0 0 0 6 0 0 9 0 0 0 0 4 0 0 2 0 0 0 0 0 0 0 0 0 0 0 9
8 5 0 10 0 24 4 0 1 4 8 5 0 5 8 5 6 4 3 0 6 6 3 44 2 46 84 100 0 44 26 10 0 4 4 2 0 0 0 12 8 0 14 0 2 13 6 4 4 12 96 0 0 5 2 3 3 0 5 3 3 3 0 3 4 4 3 4 3 5 7 4 4 5 4 0 2 0 0 0 3 52 28 40 144 55 35 28 59 70 25 0 3 0 0 5 0 0 6 5 0 0 0 0 0 0 4 9 0 0 6 6 6 0 6 2 0 0 0 0 0 0 0 0 6 0 10 0 0 0 0 8 0 0 11 0 0 0 0 5 0 0 4 0 0 0 0 0 0 1 0 0 0 0 11
7 7 6 24 0 46 6 0 59 43 71 20 31 33 8 0 0 73 74 197 217 217 8 6 13 17 8 142 0 6 3 0 0 0 0 0 45 0 82 86 47 78 0 123 21 61 0 37 384 0 137 0 0 18 0 0 15 0 31 0 27 28 29 28 30 30 29 30 29 6 132 89 86 74 55 45 75 0 0 55 165 153 176 157 153 75 7 9 8 14 5 91 1 123 0 182 0 80 50 0 0 0 0 0 0 0 0 0 0 0 0 0 0 0 0 0 0 24 0 0 0 0 0 0 12 0 7 0 0 0 0 0 0 0 0 0 287 0 0 0 0 47 68 10 0 0 0 16 7 48 43 0 0 0 0
0 2 0 8 0 6 1 0 3 2 0 18 5 2 0 20 0 22 14 0 5 5 0 0 2 0 0 7 0 0 0 0 0 0 0 0 2 1 0 0 0 5 0 0 1 2 0 0 0 0 8 0 0 13 9 0 8 0 15 0 2 6 2 4 11 10 8 11 7 7 10 5 4 0 8 0 8 0 0 0 19 6 5 0 0 5 0 2 1 1 1 0 0 41 0 0 0 0 166 0 0 0 22 0 0 0 5 0 0 0 7 7 7 7 7 7 0 0 22 0 0 0 0 0 4 0 48 0 0 1928 0 0 21 0 101 0 380 0 198 25 0 235 267 234 227 174 227 238 230 257 253 1256 0 933 1
0 0 1 0 0 0 0 0 0 0 0 15 0 0 1 20 13 15 9 0 36 37 0 1 1 1 2 0 0 1 2 0 0 0 0 0 0 0 0 0 0 0 0 0 0 0 0 0 0 0 1 0 0 9 5 0 6 4 11 0 0 3 1 2 8 6 5 8 4 1 6 0 0 23 4 0 0 0 0 0 0 3 6 0 0 0 0 1 0 2 0 0 3 17 0 0 0 0 2 0 0 0 0 0 0 0 0 0 0 0 0 0 0 0 0 0 0 0 4 0 0 0 0 0 0 0 0 0 0 0 0 0 0 0 73 0 320 0 0 0 0 80 151 24 3 0 2 37 21 108 97 391 0 0 0
0 0 0 0 0 0 0 0 0 0 0 0 0 0 0 0 0 182 164 0 15850 16018 0 0 0 0 0 0 1 0 0 0 0 0 0 0 0 11 0 0 0 0 0 0 1 0 0 0 0 0 0 0 0 5 14 5 8 2 15 0 17 17 185 17 16 17 17 16 17 0 0 1 1 794 2 2 0 2 0 0 0 0 0 0 0 0 0 0 6 0 0 0 0 0 0 0 0 0 0 0 0 0 0 0 0 0 0 0 0 0 0 0 0 0 0 0 0 0 0 0 0 0 0 0 0 0 0 0 0 0 0 0 0 0 0 0 0 0 0 0 0 0 0 0 0 0 0 0 0 0 0 0 0 0 0
