132
0 0 0 0 0 0 0 1062 7085 92 2153 2075 1171 910 0 0 0 0 0 0 0 0 0 0 0 0 0 0 0 0 0 0 0 0 0 0 0 0 0 54627 0 4 0 0 0 0 0 0 0 617 539 16 0 0 0 0 0 0 0 0 0 0 0 0 4 0 0 0 0 0 0 0 9 8 9 0 10 0 0 0 0 0 0 0 0 0 0 0 0 0 0 0 0 0 0 0 0 0 0 0 0 0 0 0 0 0 57 0 32 0 0 0 0 0 0 0 0 0 0 0 0 0 0 0 0 0 0 0 2 112 0 9
0 0 0 0 0 0 0 5329 150 2228 11643 525 1417 3040 0 350 0 0 0 0 0 0 0 0 0 0 0 0 0 0 0 0 0 0 0 0 0 0 0 0 0 10203 0 0 151 0 0 0 0 0 0 0 0 0 0 0 0 0 0 0 0 0 0 0 0 0 0 0 0 0 0 0 0 0 0 0 0 0 0 0 0 0 0 0 0 0 0 0 0 0 0 0 0 0 0 0 0 0 0 0 0 0 0 0 0 0 0 0 0 0 0 0 0 0 0 0 0 0 0 0 0 0 0 0 0 0 0 0 2971 43 0 1
0 0 0 0 0 0 0 21 34 25 445 83 12 70 0 6 0 0 0 0 0 0 0 0 0 0 0 0 0 0 0 0 0 0 0 0 0 0 7395 0 0 16418 39383 0 0 0 0 0 0 0 0 0 0 0 0 0 0 0 0 0 0 0 0 0 1067 0 0 0 0 0 0 0 0 0 0 0 0 0 0 0 0 0 0 0 0 0 0 0 0 0 0 10 0 0 0 0 0 0 0 0 0 0 0 0 0 0 1448 1070 1399 1913 0 0 0 0 0 0 0 0 0 0 0 0 0 0 0 0 0 690 19932 401 288 588
0 0 0 0 0 0 0 0 0 0 0 0 0 0 0 0 0 0 0 0 0 0 0 0 0 0 0 0 0 0 0 0 0 0 0 0 0 36713 0 0 0 8 0 0 0 0 0 0 0 0 0 0 0 0 0 0 0 0 0 0 0 0 0 0 17597 0 0 0 0 0 0 0 0 0 0 0 0 0 0 0 0 0 0 0 0 0 0 0 0 0 0 0 0 0 0 0 0 0 0 0 0 0 0 0 0 0 0 0 0 0 0 0 0 0 0 0 0 0 0 0 0 0 0 0 0 0 0 0 0 0 0 0
0 0 0 0 0 0 0 23 19 0 374 22 4 0 0 0 0 0 0 0 0 0 0 0 0 0 0 0 0 0 0 0 0 0 0 0 0 0 0 0 10802 0 24 0 0 0 0 0 0 0 0 0 0 0 0 0 0 0 0 0 0 0 0 0 0 0 0 0 0 0 0 0 0 0 0 0 0 0 0 0 0 0 0 0 0 0 0 0 0 0 0 0 0 0 0 0 0 0 0 0 0 0 0 0 0 0 0 0 0 0 0 0 0 0 0 0 0 0 0 0 0 0 0 0 0 0 0 0 0 0 0 0
0 0 0 0 0 0 0 0 0 0 0 0 0 0 0 0 0 0 0 0 0 0 0 0 0 0 0 0 0 0 0 0 0 0 0 0 0 0 0 0 0 0 0 0 0 0 0 0 0 0 0 0 0 0 0 0 0 0 0 0 0 0 0 0 1 0 0 0 0 0 0 0 0 0 0 0 0 0 0 0 0 0 0 0 0 0 0 0 0 0 0 0 0 0 0 0 0 0 0 0 0 0 0 0 0 0 0 0 0 0 0 0 0 0 0 0 0 0 0 0 0 0 0 0 0 0 0 0 0 0 0 0
0 0 0 0 0 0 0 4967 2963 1431 0 1856 5758 8866 692 236 0 0 0 0 0 0 0 91 0 0 0 0 0 0 0 0 0 0 0 0 0 0 0 0 0 0 2821 0 495 0 0 0 0 29 0 0 0 0 0 0 0 0 0 0 0 0 0 0 477 0 0 108 0 150 0 0 0 0 0 0 12 0 0 0 0 0 0 0 0 0 0 0 0 0 0 10 0 0 0 0 0 0 0 0 0 0 0 0 0 0 0 0 0 0 0 0 0 0 0 0 0 0 0 0 20 0 0 0 0 909 493 7 373 551 398 399
0 0 0 0 0 0 0 0 0 0 182 414 314 0 0 0 0 0 0 0 0 0 0 0 0 0 0 0 0 0 0 0 0 88073 0 0 0 0 0 0 0 0 0 0 0 0 0 1004 0 0 0 0 0 0 0 0 0 0 0 0 0 0 0 0 0 0 0 0 0 0 0 0 0 0 0 0 0 0 0 0 0 0 0 0 0 0 0 0 0 0 0 0 0 0 0 0 0 0 0 0 0 0 0 0 0 0 0 0 0 0 0 0 0 423 0 0 420 0 0 0 0 0 0 0 0 0 0 0 0 0 0 0
0 0 0 0 0 0 0 25 0 0 0 130 16 0 0 0 0 0 0 0 0 0 0 5 0 0 0 0 0 0 0 0 0 0 97465 0 0 0 0 0 0 0 0 0 0 0 11 30 0 0 0 0 0 0 0 0 0 0 0 0 0 0 0 0 0 0 0 0 0 0 0 0 0 0 0 0 0 0 0 0 0 0 0 0 0 0 0 0 0 0 0 0 0 0 0 0 0 0 0 0 0 0 0 0 0 0 0 0 0 3 0 0 3 0 0 0 0 0 0 0 0 0 0 0 0 0 0 0 24 0 1 0
0 0 0 0 0 0 0 93 70 0 247 2986 184 0 0 98 0 0 0 0 0 0 0 0 0 0 0 0 0 0 0 0 0 0 0 5587 0 0 0 0 0 0 0 0 0 0 0 0 0 0 0 0 0 0 0 0 0 0 0 0 0 0 0 0 15 0 3 0 4 5 0 0 0 0 0 0 0 0 0 0 0 0 0 0 0 0 0 0 0 0 0 4 0 0 0 0 0 0 0 0 0 0 0 0 0 0 0 0 0 6022 0 0 0 89 24 0 0 0 0 0 0 48 101 2533 404 0 0 0 169 0 0 0
0 0 0 0 0 0 0 0 0 0 0 0 0 0 0 0 0 0 0 0 0 0 0 0 0 0 0 0 0 0 0 0 0 0 0 0 0 0 0 0 0 0 0 0 0 0 0 0 0 0 0 0 0 0 0 0 0 0 0 0 0 0 0 0 0 0 0 0 0 0 0 0 0 0 0 0 0 0 0 0 0 0 0 0 0 0 0 0 0 0 0 0 0 0 0 0 0 0 0 0 0 0 0 0 0 0 0 0 0 0 0 0 7 0 0 0 0 0 0 0 0 0 0 0 0 0 0 0 0 0 0 33
0 0 0 0 0 0 0 0 0 0 84 0 0 121 0 0 0 0 0 0 0 0 0 0 0 0 0 0 0 0 0 0 0 0 0 0 22641 0 0 0 0 0 0 0 0 0 0 0 0 0 0 0 0 0 0 0 0 0 0 0 0 0 0 0 0 0 0 0 0 0 0 0 0 0 0 0 0 0 0 0 0 0 0 0 0 0 0 0 0 0 0 0 0 0 0 0 0 0 0 0 0 0 0 0 0 0 0 0 0 0 0 0 0 0 0 0 0 0 0 0 0 0 0 0 0 0 0 0 0 0 0 0
0 0 0 0 0 0 0 0 0 0 9 12 0 0 0 0 0 0 0 0 0 0 0 0 0 0 0 0 0 0 0 0 0 0 0 0 0 0 33491 0 0 0 0 0 0 9 32 87 0 0 0 0 0 0 0 0 0 0 0 0 0 0 0 0 0 0 0 0 0 0 0 0 0 0 0 0 0 0 0 0 0 0 0 0 0 0 0 0 0 0 0 0 0 0 0 0 0 0 0 0 0 0 0 0 0 0 0 0 0 10 0 0 0 142 0 0 0 0 0 0 0 0 0 0 0 0 0 0 71 0 2 0
0 0 0 0 0 0 0 0 0 0 0 0 0 0 0 0 0 0 0 0 0 0 0 0 0 0 0 0 0 0 0 0 0 0 0 0 0 0 0 0 0 0 0 0 0 0 0 0 0 0 0 0 0 0 0 0 0 0 0 0 0 0 0 0 0 0 0 0 0 0 0 0 0 0 0 0 0 0 0 0 0 0 0 0 0 0 0 0 0 0 0 0 0 0 0 0 0 0 0 0 0 0 0 0 0 0 0 0 0 0 0 0 1 0 0 0 0 0 0 0 0 0 0 0 0 0 0 0 666 0 0 0
64 3 45 2 215 283 0 501 1062 0 0 0 819 0 0 33 73 73 73 73 0 0 0 0 0 0 0 0 0 0 0 0 0 0 0 0 0 59 50 0 7 57 0 23 0 8 3 5 1170 15870 0 0 0 0 0 0 0 0 0 0 0 0 0 0 97 0 0 87 194 198 131 0 0 43 0 0 0 0 0 0 0 0 0 0 0 0 0 0 0 9 45 399 0 0 0 0 0 123 0 0 0 0 0 0 0 12 0 0 0 0 69 0 0 0 0 0 0 0 0 0 0 16 32 420 30 0 139 54 101 81 29 0
0 0 0 0 0 2 0 0 0 0 0 0 0 0 0 0 0 0 0 0 0 0 0 0 0 0 0 0 0 0 0 0 0 0 0 0 0 0 0 0 0 0 0 8866 0 0 0 0 0 0 0 0 0 0 0 0 0 0 0 0 0 0 0 0 229 0 0 50 149 154 85 0 0 0 0 0 0 0 0 0 0 0 0 0 0 0 0 0 0 0 0 14 0 0 0 0 0 0 0 0 0 0 0 0 0 0 42 0 0 2028 0 0 0 0 0 0 0 0 0 0 0 0 12 60 0 91 0 62 879 635 0 0
0 0 0 0 0 0 0 0 0 0 0 0 0 0 0 0 0 0 0 0 0 0 0 0 0 0 0 0 0 0 0 0 0 0 0 0 0 0 0 0 0 0 0 0 0 0 0 0 0 0 0 0 0 0 0 0 0 0 0 0 0 0 0 0 0 0 0 0 0 0 0 0 0 0 0 0 0 0 0 0 0 0 0 0 0 0 0 0 0 0 0 0 0 0 0 0 0 0 0 0 0 0 0 0 0 0 0 0 0 0 0 0 0 0 0 0 0 0 0 0 0 0 0 0 0 0 0 0 0 0 0 0
0 0 0 0 0 0 0 0 0 0 0 0 0 0 0 0 0 0 0 0 0 0 0 0 0 0 0 0 0 0 0 0 0 0 0 0 0 0 0 0 52788 8 0 0 31 1211 0 0 0 0 0 0 0 0 0 0 0 0 0 0 0 0 0 0 0 0 34 46519 46870 47463 46837 993 0 0 0 0 0 6623 55 0 1 1266 69 0 775 0 0 0 0 0 0 0 0 0 0 0 0 0 0 0 0 0 0 0 0 0 0 0 0 0 7484 0 0 0 0 0 0 0 0 0 0 0 0 0 0 0 0 0 0 0 0 0
0 0 0 0 0 0 0 0 0 0 0 0 0 0 0 0 123 123 0 123 0 0 0 12 0 0 0 0 0 0 0 0 0 0 0 0 0 0 0 0 1896 1 0 0 6 60 0 0 0 3554 243 0 0 0 0 0 0 0 0 0 0 0 0 0 0 0 4 961 1313 1905 1279 1203 0 2 249 19927 322 0 0 0 0 0 0 0 0 0 0 0 0 0 0 0 55066 0 0 0 0 0 0 0 0 0 0 0 0 0 0 0 0 0 0 0 0 0 0 0 0 0 0 0 0 0 0 0 0 0 0 0 0 0 0 0
0 0 0 0 0 0 0 0 0 0 0 0 0 0 0 0 0 0 0 0 0 0 0 0 0 0 0 0 0 0 0 0 0 0 0 0 0 0 0 0 16 0 0 0 0 0 0 0 0 0 0 0 0 0 0 0 0 0 0 0 0 0 0 0 0 0 0 0 0 21 0 9 0 0 0 0 0 0 0 0 0 0 0 0 0 0 0 0 0 0 0 0 0 0 0 0 0 0 0 0 0 0 0 0 0 0 0 0 0 0 0 0 0 0 0 0 0 0 0 0 0 0 0 0 0 0 0 0 0 0 0 0
0 0 0 0 0 0 0 0 0 0 0 0 0 0 0 0 0 0 0 0 0 0 122 0 0 0 0 0 0 0 0 0 0 0 0 0 0 0 4 0 0 0 0 1 0 0 0 0 0 1 0 0 62410 62412 62411 62412 61016 62332 62412 62412 62412 62412 62412 62412 443 5 1365 22 28 29 21 0 0 0 0 33 0 0 0 0 0 0 0 0 0 0 0 0 0 0 0 0 0 0 0 0 0 0 0 0 0 0 0 0 0 0 0 0 0 0 0 0 0 0 0 0 0 0 0 0 0 0 0 0 0 0 0 0 0 0 0 0
0 0 0 0 0 0 0 0 0 0 0 0 0 0 1 2 0 0 0 0 2473 0 9324 104 0 1 0 0 0 0 0 0 0 0 0 0 0 0 12 0 0 0 0 4 0 0 0 0 0 2 0 0 4 7 4 7 0 0 7 7 7 7 7 7 10241 100 28105 450 450 455 451 19158 0 0 0 65 0 412 0 0 0 0 0 0 1 0 0 0 45 0 0 0 0 88526 0 0 0 0 0 0 0 0 0 0 0 9 14 8 15 0 0 0 0 0 0 0 0 7 0 0 7 99 0 139 0 4 12 0 0 101 0 0
0 0 0 0 2 0 0 0 0 0 0 0 0 0 0 0 12 12 12 12 0 0 0 0 2998 11328 2807 17308 1885 98746 11559 646 38718 0 0 0 0 0 0 0 1 0 0 0 0 0 0 0 0 0 0 0 0 0 0 0 0 0 0 0 0 0 0 0 5132 26042 78 174 174 179 175 0 0 1 0 0 0 0 0 0 0 0 0 0 0 0 0 0 0 0 0 2 0 33 0 0 0 0 0 0 0 0 0 0 0 0 0 0 0 0 0 0 0 0 0 0 0 0 0 0 0 0 0 0 0 0 0 0 0 0 0 0
0 0 0 0 0 0 0 0 0 0 0 0 0 0 0 0 0 0 0 0 0 0 0 0 0 0 0 0 0 0 0 0 0 0 0 0 0 0 0 0 0 0 0 0 0 0 0 0 0 0 0 0 0 0 0 0 0 0 0 0 0 0 0 0 0 0 0 0 0 0 0 0 0 0 0 0 0 0 0 0 0 0 0 0 0 0 0 0 0 0 0 0 0 0 0 0 0 0 0 0 0 0 0 0 0 0 0 0 0 0 0 0 0 0 0 0 0 0 0 0 0 0 0 0 0 0 0 0 0 0 0 0
0 0 0 0 0 0 0 0 0 0 0 0 0 0 3 6 1 1 1 1 0 0 0 414 0 14 0 3 0 1 0 0 0 0 0 0 0 0 10 0 0 0 0 8 0 8 2 2 0 0 0 0 0 0 0 0 0 0 0 0 0 0 0 0 0 0 1 0 0 0 0 0 0 31 3522 122 136 0 0 0 0 1032 0 0 0 0 0 0 0 0 0 1 0 0 0 0 0 0 0 0 0 0 1 1 0 0 0 0 0 0 38 0 0 0 0 0 0 0 0 0 0 0 0 0 0 0 0 0 0 0 0 0
0 0 0 0 0 0 0 0 0 0 0 0 0 0 0 0 0 0 0 0 0 0 0 22 0 0 0 0 0 0 0 0 0 0 0 0 0 0 42 0 0 0 0 0 0 0 0 0 0 0 0 0 0 0 0 0 0 0 0 0 0 0 0 0 0 0 0 0 0 0 0 0 0 0 0 0 0 0 0 0 0 0 0 0 0 0 0 0 0 0 0 0 0 0 0 0 0 0 0 0 0 0 5 4 0 0 0 0 0 0 169 0 0 0 0 0 0 0 0 0 0 0 0 0 0 0 0 0 0 0 0 0
0 0 0 0 0 0 0 0 0 0 0 0 0 0 0 0 0 0 0 0 0 0 0 0 0 0 0 0 0 0 0 0 0 0 0 0 0 0 0 0 0 0 0 0 0 0 0 0 0 0 0 0 0 0 0 0 0 0 0 0 0 0 0 0 0 0 0 0 0 0 0 0 55 2 0 9 10 0 0 168 0 0 0 39 0 0 0 0 0 0 0 0 0 0 0 0 0 0 0 0 0 0 0 0 0 0 0 0 0 0 1 0 0 0 0 0 0 0 0 0 0 0 0 0 0 0 0 0 0 0 0 0
0 0 0 0 0 0 0 0 0 0 0 0 0 0 0 0 2 2 2 2 0 0 0 204 0 13 0 0 0 0 0 0 0 0 0 0 0 0 23 0 0 0 0 19 0 20 5 6 0 0 0 0 0 0 0 0 0 0 0 0 0 0 0 0 0 0 0 0 0 0 0 0 0 0 0 0 0 0 946 0 0 0 0 0 0 0 0 0 0 0 1 2 0 0 0 0 0 0 0 0 0 0 3 2 0 0 1 0 0 1 92 0 0 0 0 0 0 0 0 0 0 0 0 0 0 0 0 0 0 0 0 0
0 0 0 0 0 0 0 0 0 0 0 0 0 0 0 0 0 0 0 0 0 0 0 144 0 59 0 1 0 0 0 0 0 0 0 0 0 0 283 0 0 0 1 0 0 0 0 0 0 0 0 0 0 0 0 0 0 0 0 0 0 0 0 0 0 0 0 0 0 0 0 0 0 0 0 0 303 0 0 0 0 0 0 2435 0 0 0 0 4 0 0 0 0 0 0 0 0 0 0 0 0 0 31 31 0 0 0 0 0 0 1144 0 0 0 0 0 0 0 0 0 0 0 0 0 0 0 0 0 0 0 0 0
0 0 0 0 0 0 0 0 0 0 0 0 0 0 0 0 0 0 0 0 0 0 0 178 0 7 0 0 0 0 0 0 0 0 0 0 0 0 3 0 0 0 0 0 0 0 0 1 0 0 0 0 0 0 0 0 0 0 0 0 0 0 0 0 0 0 0 0 0 0 0 0 0 4 18 0 1 0 0 0 0 0 0 0 0 0 0 0 0 0 0 0 0 0 0 0 0 0 0 0 0 0 0 0 0 0 0 0 0 0 11 0 0 0 0 0 0 0 0 0 0 0 0 0 0 0 0 0 0 0 0 0
0 0 0 0 0 0 0 0 0 0 0 0 0 0 0 0 0 0 0 0 0 0 0 94 0 1 0 0 0 0 0 0 0 0 0 0 0 0 0 0 0 0 0 0 0 0 0 0 0 0 0 0 0 0 0 0 0 0 0 0 0 0 0 0 0 68 0 0 0 0 0 0 0 0 0 0 0 0 0 0 0 0 0 0 0 0 0 0 0 0 0 0 0 0 0 0 0 0 0 0 0 0 0 0 0 0 0 0 0 0 0 0 0 0 0 0 0 0 0 0 0 0 0 0 0 0 0 0 0 0 0 0
0 0 0 0 0 0 0 0 0 0 0 0 0 0 28 0 0 0 0 0 0 0 0 300 0 1 0 0 0 0 27 0 13 0 0 0 0 0 0 0 0 0 0 0 0 0 0 0 0 0 0 0 0 0 0 0 0 0 0 0 0 0 0 0 0 0 0 0 0 0 0 0 0 0 0 0 104 0 0 0 0 0 0 0 0 0 0 0 0 0 0 0 0 0 0 0 0 0 0 0 0 0 0 0 0 0 0 0 0 0 0 0 0 0 0 0 0 0 0 0 0 0 0 0 0 0 0 0 4 0 0 0
0 0 0 0 0 0 0 0 0 0 0 0 0 0 0 0 0 0 0 0 0 0 0 42 0 0 0 0 0 0 1 0 0 0 0 0 0 0 0 0 0 0 0 0 0 0 0 0 0 0 0 0 0 0 0 0 0 0 0 0 0 0 0 0 0 341 0 0 0 0 0 0 0 0 0 0 0 0 0 0 0 0 0 0 0 0 0 0 0 0 0 0 0 0 0 0 0 0 0 0 0 0 0 0 0 0 0 0 0 0 0 0 0 0 0 0 0 0 0 0 0 0 0 0 0 0 0 0 0 0 0 0
0 0 0 0 0 0 0 0 0 0 1 0 0 0 0 0 0 0 0 0 0 0 0 0 0 0 0 0 0 0 0 0 0 0 0 0 0 0 0 0 0 12 0 0 0 0 0 0 0 0 0 0 0 0 0 0 0 0 0 0 0 0 0 0 0 0 0 0 0 0 0 3 0 0 0 0 0 0 0 0 0 0 0 0 4 0 0 0 0 0 0 0 0 0 0 0 0 0 0 0 0 0 0 0 0 0 0 0 0 2573 0 0 0 0 0 0 0 0 0 0 0 0 0 0 16 111 0 74 1920 0 197 0
0 0 0 0 0 0 0 0 0 0 1 0 0 0 0 0 0 0 0 0 0 0 0 0 0 0 0 0 0 0 0 0 0 0 0 0 0 0 0 0 0 5 0 0 0 0 0 0 0 0 0 0 0 0 0 0 0 0 0 0 0 0 0 0 0 0 0 0 0 0 0 1 0 0 0 0 0 0 0 0 0 0 0 0 1 0 0 0 0 0 0 0 0 0 0 0 0 0 0 0 0 0 0 0 0 0 0 0 0 517 0 0 0 0 0 0 0 0 0 0 0 0 0 0 10 110 0 22 102 0 30 0
0 0 0 0 0 0 0 2 1 0 7 1 1 0 0 0 0 0 0 0 0 0 0 0 0 0 0 0 0 0 0 0 0 0 0 0 0 0 0 0 0 38 0 0 0 1 0 0 0 0 0 0 0 0 0 0 0 0 0 0 0 0 0 0 0 0 0 0 0 0 0 0 0 0 0 0 0 0 0 0 0 0 0 0 0 0 0 0 0 0 0 0 0 0 0 0 0 0 0 0 0 0 0 0 0 0 0 0 0 6189 0 0 0 0 0 0 0 0 0 0 0 0 0 0 3 20 0 245 1088 0 267 0
0 0 0 0 0 0 0 0 0 0 1 0 0 0 0 0 0 0 0 0 0 0 0 0 0 0 0 0 0 0 0 0 0 0 0 0 0 0 0 0 0 5 0 7 0 0 2540 0 0 0 0 0 0 0 0 0 0 0 0 0 0 0 0 0 0 0 0 0 1 1 0 0 0 0 0 0 0 0 0 0 0 0 0 0 0 0 0 0 0 0 0 29 0 0 0 0 0 0 0 0 0 0 0 0 0 0 0 0 0 752 0 0 0 0 0 0 0 0 0 0 0 0 0 0 3 51 0 29 894 0 33 0
0 0 0 0 0 0 9 0 1482 2 0 0 528 0 0 0 0 0 0 0 0 0 0 10 0 0 0 0 0 0 0 0 0 0 0 0 0 0 3683 0 0 630 2 3480 0 0 0 0 7 0 0 0 0 0 0 0 0 0 0 0 0 0 0 0 2878 0 1 992 998 998 998 0 0 0 0 0 0 0 0 0 0 0 0 0 0 0 0 0 0 0 0 0 0 0 0 0 0 0 0 0 0 0 0 0 0 0 859 0 0 0 0 0 0 0 0 0 0 0 0 0 0 0 0 0 0 0 0 0 0 82 0 0
0 0 0 0 0 0 0 0 0 0 0 0 0 0 0 0 0 0 0 0 0 0 0 4 0 0 0 0 0 0 0 0 0 0 0 0 0 0 0 0 0 0 0 0 0 0 4 0 0 0 0 0 0 0 0 0 0 0 0 0 0 0 0 0 0 0 0 0 0 0 0 0 0 0 0 0 0 0 0 0 0 0 0 0 0 0 0 0 0 0 0 0 0 0 0 0 0 0 0 0 0 0 0 0 0 0 0 5 0 347 1 0 0 0 0 0 0 0 0 0 0 0 0 0 36 0 0 0 117 1231 228 0
0 0 0 0 0 0 2 28 23 36 0 0 8 0 0 80 0 0 0 0 0 0 0 0 0 0 0 0 0 0 0 0 0 0 0 0 0 0 2741 0 0 1501 615 2590 0 0 0 0 0 0 0 0 0 0 0 0 0 0 0 0 0 0 0 0 0 0 0 250 256 258 232 0 22 20 23 0 26 0 0 0 0 0 0 0 0 0 0 0 0 0 0 0 0 0 0 0 0 0 0 0 0 0 0 0 0 0 0 0 0 1782 0 0 0 17 7 0 0 0 0 0 0 0 0 0 0 4 0 1774 0 0 0 0
0 0 0 0 0 0 0 1 0 0 1 0 11 0 0 0 0 0 0 0 0 0 0 0 0 0 0 0 0 0 0 0 0 0 0 0 0 0 4360 0 0 0 0 197 41 0 0 0 0 0 0 0 0 0 0 0 0 0 0 0 0 0 0 0 0 0 0 0 23 24 20 0 0 0 0 0 0 0 0 0 0 0 0 0 0 0 0 0 0 0 0 0 0 0 0 0 0 0 0 0 0 0 0 0 0 0 0 0 0 79 126 0 0 0 0 0 0 0 0 0 0 0 0 0 0 15 0 28 0 0 0 2
0 0 0 0 0 0 91 7133 7914 11284 16851 5274 2640 4400 0 701 0 0 0 0 0 0 0 28 0 1 0 0 0 0 0 0 0 0 0 0 0 0 542 0 384 0 5253 59 0 10 1 0 0 0 182 0 0 0 0 0 0 0 0 0 0 0 0 0 5 10 384 0 174 175 144 0 0 0 0 0 0 0 0 0 0 0 0 0 0 0 0 0 0 0 0 0 0 0 0 0 0 0 0 0 0 0 0 0 2 0 2087 0 249 1719 0 0 0 0 0 0 0 0 0 0 0 0 0 3 77 463 0 187 2322 4639 214 0
0 0 0 0 0 0 0 0 0 0 0 0 0 0 0 0 0 0 0 0 0 0 0 0 0 0 0 0 0 0 0 0 0 0 0 0 0 0 0 0 24 0 0 0 0 0 0 0 0 0 0 0 0 0 0 0 0 0 0 0 0 0 0 0 24 0 0 0 13 16 0 0 0 0 0 0 0 0 0 0 0 0 0 0 0 0 0 0 0 0 0 0 0 0 0 0 0 0 0 0 0 0 0 0 113 0 0 47 0 0 249 0 0 0 0 0 0 0 0 15 169 60 181 545 76 94 0 0 0 1173 0 0
0 0 0 0 0 0 0 307 255 0 0 0 91 0 0 0 0 0 0 0 0 0 0 4 0 0 0 0 0 0 0 0 0 0 0 0 0 0 258 0 0 0 0 0 0 0 2 0 0 0 0 0 0 0 0 0 0 0 0 0 0 0 0 0 0 0 0 0 0 0 0 0 0 0 0 0 0 0 0 0 0 0 0 0 0 0 0 0 0 0 0 1 0 0 0 0 0 0 0 0 0 0 0 0 0 0 0 0 0 1717 3 0 1 0 3 0 0 0 0 0 0 0 0 1 58 118 0 109 0 0 0 0
0 0 0 0 0 0 0 0 0 0 0 0 0 0 0 0 0 0 0 0 0 0 0 0 0 0 0 0 0 0 0 0 0 0 0 0 0 0 0 0 0 0 0 0 0 0 0 0 0 0 0 0 0 0 0 0 0 0 0 0 0 0 0 0 0 0 0 0 0 0 0 0 0 0 0 0 0 0 0 0 0 0 0 0 0 0 0 0 0 0 0 0 0 0 0 0 0 0 0 0 0 0 0 0 0 0 0 0 0 868 0 0 0 0 0 0 0 0 0 0 0 0 0 0 0 16 0 0 0 0 0 0
3 0 56 31 69 47 72 1 1 0 2 0 0 0 0 384 18 0 0 17 1 0 1 6 0 1 0 0 0 0 0 0 1 0 0 0 0 7 6 0 0 0 0 0 0 0 30667 2980 28 0 206 54 0 0 0 0 0 0 0 0 0 0 0 0 0 0 44 0 601 603 547 467 124 0 0 18 40 0 1 0 0 0 2 1 16 758 2248 1768 2820 321 284 1803 0 0 0 0 0 0 0 0 0 0 0 0 172 0 293 0 0 188 0 0 98 0 44 0 0 42 0 0 18 0 130 630 99 397 156 1685 501 462 1652 0
21 0 8 4 10 7 11 0 0 0 124 7 0 32 0 10 33 33 33 33 4 5 5 26 0 1 0 0 0 0 0 0 0 0 0 1 0 0 0 51 54 0 0 0 0 0 0 0 0 38 0 0 0 0 0 0 0 0 0 0 0 0 0 0 13 0 50 0 15 16 0 0 0 15 6 0 16 0 0 0 0 0 0 1 0 470 220 471 182 17 129 44 0 0 2 0 0 0 0 7 0 0 10 10 0 162 38 51 218 0 0 0 0 0 138 0 0 0 0 0 7 0 54 155 5 561 153 706 470 905 882 0
0 0 17 9 21 14 23 0 0 0 0 0 0 0 0 13 32 32 32 32 2 2 2 15 0 0 0 0 0 0 0 0 0 0 0 0 0 0 1 24 3 0 0 0 0 0 634 0 0 22 0 2 0 0 0 0 0 0 0 0 0 0 0 0 0 0 2 0 12 13 0 0 0 4 1 0 1 0 0 0 0 0 0 2 0 130 281 162 743 76 140 320 0 0 0 0 0 0 0 0 0 0 9 9 23 0 0 0 255 0 87 0 0 0 0 0 0 0 0 0 35 0 53 121 0 285 46 174 161 336 546 0
0 3 53 0 0 8 178 0 1 41 23 0 2 0 0 60 0 0 0 0 0 0 0 22 0 0 0 0 0 0 1 0 1 0 0 0 0 0 95 5 118 0 560 96 31 0 25 76 0 7395 3577 61 0 0 0 0 0 0 0 0 0 0 0 0 312 0 80 0 29 51 0 0 0 175 53 0 23 0 0 0 0 0 0 0 340 0 28 15 17 121 357 3270 0 0 0 0 0 0 0 0 0 0 0 0 0 41 100 108 205 46 0 0 402 0 0 0 0 0 0 0 0 307 79 335 0 77 96 40 882 0 0 0
0 0 0 0 0 0 0 0 0 0 0 0 0 0 0 0 0 0 0 0 0 0 0 0 0 0 0 0 0 0 0 0 0 0 0 0 0 0 0 3 0 0 0 0 0 0 0 0 0 0 0 0 0 0 0 0 0 0 0 0 0 0 0 0 0 0 0 0 0 0 0 0 0 0 0 0 0 0 0 0 0 0 0 0 0 0 0 0 0 0 0 0 0 0 0 0 0 0 0 0 0 0 0 0 0 0 2357 0 0 0 0 0 158 0 0 0 0 0 0 0 836 0 0 0 0 0 0 0 806 0 0 0
0 0 55 179 51 21 30 5 2 47 191 88 4 50 18 66 11 11 0 11 13 12 13 184 0 0 0 0 0 0 0 0 3 0 0 2 2 0 588 2 8 0 2156 198 0 0 277 624 0 0 0 6886 0 0 0 0 0 0 0 0 0 0 0 0 747 30 827 0 358 359 353 0 0 81 53 363 3 28 0 0 0 66 18 5 0 84 585 477 329 109 207 1072 0 0 0 11314 0 19 14425 15 0 0 3 3 0 14 819 268 0 0 43 0 75 0 91 0 161 0 134 169 396 0 1253 1076 551 542 575 609 431 580 454 0
0 0 8 142 0 58 22 0 1 3 10 0 1 0 44 0 68 68 68 68 5 2 3 242 0 1 0 0 0 0 1 0 0 0 0 2 2 0 11 0 1 42 20 17 1033 0 69 0 0 48 0 0 0 103 103 103 31 101 103 103 0 103 103 103 25 14 255 0 147 147 61 0 0 3 2 79 2 5 1 0 0 0 0 4 0 0 231 205 148 0 66 1077 0 0 32 11 0 234 18 53 54 2 0 0 0 0 211 0 0 0 124 0 9 0 93 0 107 0 0 113 2760 0 1332 3210 1157 1153 1836 597 3296 2413 47 0
15 2 143 478 672 472 2757 74 37 568 157 452 38 71 188 1776 35 35 35 35 0 0 2 19 0 1 0 0 0 0 0 0 0 0 0 6 5 0 8 82 12 6 74 15 137 237 101 69 181 39 245 33 0 6047 6047 6047 6026 4554 5779 6047 5715 5833 6024 6047 0 0 25 0 11 11 0 0 27 0 2 5 39 3 62 835 9 50 89 29 511 2 242 408 54 75 248 677 118 7 1178 106 0 617 133 0 340 186 0 77 1496 390 304 0 0 0 1288 10621 112 0 0 0 2235 544 0 332 1412 213 270 1812 421 2379 753 822 0 2445 2287 0
0 0 0 0 0 0 0 0 0 0 0 0 0 0 0 0 0 0 0 0 0 0 0 0 0 1 0 0 0 0 0 0 0 0 0 0 0 0 0 0 0 0 0 0 0 0 0 0 0 0 0 0 0 0 0 0 0 0 0 0 0 0 0 0 0 0 0 0 0 0 0 0 0 0 0 0 0 0 0 0 0 0 0 0 0 0 0 0 0 0 0 0 0 0 0 0 0 0 0 0 0 0 0 0 0 0 0 0 0 0 0 0 0 0 0 0 0 0 0 0 0 0 0 0 0 0 0 0 0 0 0 0
0 0 9 4 32 11797 89 0 0 10 1 0 0 0 424 5 83 83 83 83 0 0 2 0 4157 86641 1575 1711 3546 0 22090 29588 18702 0 0 0 0 1 0 13 0 0 1 0 5 2 0 0 5 0 6 0 0 0 0 0 0 0 0 0 0 0 0 0 0 0 0 0 0 0 0 0 2 4 8 1 4 3 14 21 1 11 3 0 0 0 7 3 2 0 335 0 0 0 0 0 0 0 0 3 0 0 0 7 16 0 0 0 0 0 1 0 0 0 0 20354 181 0 0 0 0 0 0 19 0 473 4 0 2 0 0 1
0 0 0 0 0 0 0 0 0 0 0 0 0 0 0 4 0 0 0 0 0 0 0 6 0 0 0 0 0 0 0 0 0 0 0 0 0 0 0 0 0 0 0 0 0 0 0 0 0 0 0 0 0 0 0 0 0 0 0 0 0 0 0 0 0 0 0 0 0 0 0 0 0 0 0 0 0 0 0 0 0 0 0 0 0 0 0 0 54 0 0 137 0 0 0 0 0 0 0 0 27 1 0 0 0 0 0 0 0 0 2 0 0 0 0 0 0 0 0 0 0 0 0 0 0 12 6 1 0 0 13 1
65 10 464 4584 8437 1576 2331 364 97 607 1347 888 635 540 709 318 21 21 21 21 0 695 702 1642 0 21 1 1 0 0 7 3 3 0 0 34 63 0 522 59 52 299 726 190 1107 1058 438 416 384 11 8 0 0 21 21 21 0 0 0 21 0 0 0 21 57 0 0 217 1109 1109 1047 0 192 1838 173 1383 637 469 46 926 27 125 213 599 471 151 126 216 892 12 412 2446 0 0 0 0 46565 0 0 0 0 0 0 0 3792 623 136 0 126 539 3235 4944 542 19328 19149 0 910 0 0 0 788 156 1168 744 422 348 274 419 0 136 676 0
0 0 0 0 0 0 0 0 0 0 0 0 0 0 0 2 0 0 0 0 0 61 67 1320 0 2 0 1 0 0 1 2 2 0 0 58 169 8 532 69 1029 280 584 343 1311 141 59 52 7 4 1 0 0 1493 1493 1493 1472 0 1225 1493 1161 1279 1470 1493 2915 110 43 0 0 0 0 1144 4284 6041 7414 3324 4274 10869 0 0 0 0 0 2430 0 0 0 0 1766 0 65 5641 0 0 0 0 3797 0 0 0 0 0 0 0 0 0 0 0 0 0 83 140 0 0 0 0 0 0 0 0 0 0 0 0 0 4 3 0 0 0 7 0
0 0 0 0 0 0 0 0 0 0 0 0 0 0 0 0 0 0 0 0 0 0 0 0 0 0 0 0 0 0 0 0 0 0 0 0 0 0 0 0 0 0 0 0 0 0 0 0 0 0 0 0 0 268 268 268 247 0 0 268 0 53 245 268 0 0 0 0 0 0 0 0 0 0 0 0 0 0 0 0 0 0 0 0 0 0 0 0 0 0 0 0 0 0 0 0 0 0 0 0 0 0 0 0 0 0 0 0 0 0 0 0 0 0 0 0 0 0 0 0 0 0 0 0 0 0 0 0 0 0 0 0
0 0 0 0 0 0 0 0 0 0 0 0 0 0 0 0 0 0 0 0 0 0 0 0 0 0 0 0 0 0 0 0 0 0 0 0 0 0 0 0 0 0 0 0 0 0 0 0 0 0 0 0 0 0 0 0 0 0 0 0 0 0 0 0 0 0 0 0 0 0 0 88 0 0 0 0 0 0 0 0 0 0 0 0 0 0 0 0 531 0 0 88 0 0 0 0 0 0 0 0 0 0 0 0 0 0 0 0 0 0 0 0 0 0 0 0 0 0 0 0 0 0 0 7 0 29 5 53 0 164 34 0
0 0 0 0 0 0 0 0 0 0 0 0 0 0 0 0 0 0 0 0 0 0 0 14 0 0 0 0 0 0 0 0 0 0 0 0 0 0 0 0 0 0 0 0 0 0 0 0 1166 1040 300 369 0 332 332 332 311 0 64 332 0 118 309 332 0 12 1206 450 1342 1343 1280 0 0 0 0 0 0 0 0 0 0 0 0 0 0 0 0 0 0 122 935 0 0 0 0 0 0 0 0 0 0 0 0 0 0 0 0 0 0 0 0 0 0 0 0 0 0 0 0 0 0 0 0 0 0 0 0 0 0 0 0 0
0 0 0 0 0 0 0 0 0 0 0 0 0 0 0 0 155 155 155 155 0 0 0 0 0 0 0 0 0 0 0 0 0 0 0 0 0 0 0 0 0 0 0 0 0 0 0 0 0 0 0 0 0 214 214 214 193 0 0 214 0 0 192 214 0 0 0 0 0 0 0 0 0 0 0 0 0 0 0 0 0 0 0 0 0 0 0 0 0 0 0 0 0 0 0 0 0 0 0 0 0 0 1029 1130 0 0 0 0 0 0 0 0 0 0 0 0 0 0 0 0 0 0 0 0 0 0 0 0 0 0 0 0
0 0 0 0 0 0 0 0 0 0 0 0 0 0 0 0 7 7 7 7 0 0 0 0 0 0 0 0 0 0 0 0 0 0 0 0 0 0 0 0 0 0 0 0 0 0 0 0 0 0 0 0 0 23 23 23 2 0 0 23 0 0 0 23 0 0 0 0 0 0 0 0 0 0 0 0 0 0 0 0 0 0 0 0 0 0 0 0 0 0 0 0 0 0 0 0 0 0 0 0 0 0 0 67 0 0 0 0 0 0 0 0 0 0 0 0 0 0 0 0 0 0 0 0 0 0 0 0 0 0 0 0
0 0 0 0 0 0 0 0 0 0 0 0 0 0 0 0 0 0 0 0 0 0 0 0 0 0 0 0 0 0 0 0 0 0 0 0 0 0 0 0 0 0 0 0 0 0 0 0 0 0 0 0 0 0 0 0 0 0 0 0 0 0 0 0 0 0 0 0 0 0 0 461 0 0 0 0 0 0 0 0 0 0 0 0 0 0 0 0 478 0 0 1233 0 0 0 0 0 0 0 0 0 0 0 0 0 0 0 0 0 0 0 0 0 0 0 0 0 0 0 0 0 0 0 0 0 0 0 0 0 0 0 0
0 0 0 0 0 0 0 0 0 0 0 0 0 0 0 0 477 477 477 456 0 0 0 112 0 4 0 0 0 0 0 0 0 0 0 0 0 0 0 0 0 0 0 0 0 87 0 251 0 0 0 0 0 0 0 0 0 0 0 0 0 0 0 0 0 0 0 79 79 79 74 8889 0 0 0 0 0 2 0 0 0 0 0 0 0 182 755 489 423 145 8 0 0 0 0 0 0 0 0 0 0 0 0 0 0 0 0 0 0 0 0 0 4 0 0 0 0 0 0 0 0 0 0 0 0 0 0 0 12 0 43 0
0 0 0 0 13 96 0 0 0 0 0 0 0 0 10 0 0 0 0 0 0 0 0 0 0 0 0 0 0 0 0 0 0 0 0 0 0 0 0 0 25 0 3 0 0 0 1 0 2 0 0 0 0 0 0 0 0 0 0 0 0 0 0 0 0 0 0 0 0 0 0 0 1 0 0 3 7 0 0 0 0 0 0 0 0 0 6 0 0 0 0 2 0 0 0 0 0 0 0 0 0 0 0 0 0 0 5 0 0 0 0 0 0 0 0 0 0 0 0 0 0 0 0 0 0 0 0 0 95 0 0 0
2139 928 682 2801 2401 1145 1391 0 0 0 0 0 0 0 0 22 0 0 0 0 0 0 0 71 0 2 0 0 0 0 0 0 0 0 0 0 0 0 0 0 125 0 15 92 1 0 0 0 0 2 0 0 0 4 4 4 0 0 4 4 0 4 4 4 3058 0 0 0 122 122 122 0 0 0 0 14 0 0 0 0 0 0 0 0 0 0 30 0 0 0 0 2 0 0 0 0 0 0 0 0 0 0 0 0 0 0 29 0 0 0 0 0 0 0 0 0 0 0 0 0 0 0 0 0 0 12 0 0 560 412 2005 0
0 0 0 341 2 355 0 99 147 265 414 51 62 94 0 0 943 0 0 922 0 0 0 327 0 7 0 2 0 0 10 5 5 0 0 122 150 0 406 0 420 241 1195 292 307 2129 452 44 3620 3238 590 1843 882 893 893 893 0 893 893 893 0 893 893 893 0 102 430 0 4744 4745 4712 149 66 165 160 16 714 574 62 2388 45 0 119 94 962 1382 639 1553 335 257 1355 162 182 61 112 1 0 311 2 1093 176 77 30 30 0 253 1 0 0 0 137 0 4 0 0 0 82 0 6 24 20 0 25 2120 162 232 326 0 92 302 0 7
0 0 0 4 8 2390 167 0 0 0 1 11 0 0 0 0 592 0 0 571 0 0 0 0 92819 0 95586 80735 94564 1206 65468 69592 42097 0 0 0 0 0 2 0 0 0 0 1 0 0 0 0 0 1 0 0 0 1 1 1 0 1 1 1 0 1 1 1 0 0 0 0 0 1 0 0 0 12 1 1 0 1 0 0 0 0 0 0 0 0 9 17 10 1 2 0 0 0 0 0 0 0 0 0 4 3 0 0 0 12 9 0 0 0 0 0 103 0 0 0 0 0 0 3 0 0 0 0 0 0 0 0 102 0 0 0
0 0 0 0 0 0 0 0 0 0 0 0 0 0 0 0 0 0 0 0 0 0 0 0 0 0 0 0 0 0 0 0 0 0 0 0 0 0 0 0 0 0 0 0 0 0 0 0 0 0 0 0 0 1 1 1 0 1 1 1 0 1 1 1 0 0 0 0 0 0 0 0 0 0 0 0 0 0 0 0 0 0 0 0 0 0 0 0 0 0 0 0 0 0 0 0 0 0 0 0 0 0 0 0 0 0 0 0 0 0 0 0 0 0 0 0 0 0 0 0 0 0 0 0 0 0 0 0 0 0 0 0
0 0 0 197 59 5 1207 20 3 13 57 55 23 0 0 0 625 0 0 604 0 0 0 30 0 0 0 0 0 0 0 0 0 0 0 2 4 0 59 0 0 0 57 21 4 0 11 13 404 8 0 0 51 63 63 63 0 63 63 63 0 63 63 63 0 0 0 0 32 33 0 1971 0 211 20 16 733 225 25 109 48 0 133 28 68 59 654 77 3129 26 256 1154 6587 815 5831 336 6 0 526 195 17 10 0 0 1377 320 65 0 0 0 96 0 88 0 102 0 272 0 98 86 150 0 94 1883 0 100 302 0 309 48 403 0
94 0 29 3 7 25 118 66 79 304 5476 880 190 1430 0 134 0 0 0 0 0 0 0 464 0 9 0 2 0 1 7 1 2 0 0 53 83 2 620 201 359 348 40 1260 1974 0 722 2910 71 234 373 777 244 250 250 208 128 0 250 0 250 250 250 0 0 13 453 0 1478 1480 0 0 277 55 97 13 180 379 45 127 10 83 284 429 812 46 257 181 136 1679 2993 7361 0 0 0 0 0 0 0 0 0 0 0 0 3699 802 6 0 411 0 0 0 1176 0 88 1 407 0 0 0 214 0 427 770 324 292 165 534 515 427 1074 0
0 0 0 1 0 2 1 0 0 0 0 0 1 0 0 0 1 1 1 1 0 0 0 82 0 2 0 1 0 0 6 1 2 0 0 0 0 0 1691 0 15 290 971 0 0 0 10 0 138 135 25 22 0 0 0 0 0 0 0 0 0 0 0 0 185 0 9 0 291 293 271 0 0 0 1 1 0 0 0 0 0 0 0 0 226 0 0 0 2 134 212 1064 0 0 0 0 0 0 0 0 0 0 0 0 1786 99 0 0 33 0 208 0 0 0 0 0 0 0 0 0 37 128 46 249 63 53 66 69 0 86 0 0
0 0 0 0 0 0 0 0 0 0 0 0 0 0 0 0 0 0 0 0 0 0 0 0 0 0 0 0 0 0 0 0 0 0 0 0 0 0 0 0 0 0 1 0 0 0 0 0 0 0 0 0 0 0 0 0 0 0 0 0 0 0 0 0 0 0 0 0 0 0 0 0 0 0 0 1 0 0 0 0 0 0 0 0 0 0 0 1 0 2 1 14 0 0 0 0 0 0 0 0 0 0 0 0 1678 0 0 61 24 0 51 0 0 0 0 0 0 0 0 0 0 0 0 0 0 19 0 38 0 0 0 0
0 0 0 0 0 0 0 0 0 0 0 0 0 0 0 0 0 0 0 0 0 0 0 0 0 0 0 0 0 0 0 0 0 0 0 0 0 0 0 0 0 0 0 0 0 0 0 0 0 0 0 0 0 0 0 0 0 0 0 0 0 0 0 0 0 0 0 0 0 0 0 0 0 3 0 0 0 0 0 0 0 0 0 0 0 0 0 0 0 0 0 0 0 0 0 0 0 0 0 0 0 0 1 0 0 0 0 0 0 0 0 0 0 0 0 0 0 0 0 0 0 0 0 0 0 0 0 0 0 0 0 0
0 0 0 0 0 0 0 0 0 0 0 0 0 0 0 0 0 0 0 0 0 0 0 31 0 0 0 0 0 0 2 0 1 0 0 0 0 0 0 0 0 0 0 0 0 0 0 0 0 0 0 0 0 0 0 0 0 0 0 0 0 0 0 0 0 0 0 0 0 0 0 0 0 0 9319 0 6381 0 0 0 0 0 0 0 1839 0 2 0 0 0 0 88 0 0 0 0 0 0 0 0 0 0 0 0 2685 0 0 0 0 0 0 0 0 0 0 0 0 0 0 0 0 0 0 0 0 0 0 0 0 0 0 0
0 0 0 0 0 0 0 2 1 0 15 1 0 4 0 0 0 0 0 0 1 0 0 9 0 0 0 0 0 0 0 0 0 0 0 0 0 0 0 0 55 38 0 0 0 0 0 0 0 12 0 0 0 0 0 0 0 0 0 0 0 0 0 0 4 0 64 0 1 5 0 0 8 49 169 0 0 0 0 12 0 0 0 0 0 0 0 0 0 8 5 31 0 0 0 0 0 0 0 0 0 0 1 0 405 1 0 0 0 0 0 0 0 0 0 0 0 0 0 0 0 0 0 0 0 2 7 0 0 10 22 0
0 0 0 0 0 0 0 0 0 0 0 0 0 0 0 0 29 0 29 29 19 0 9 698 0 4 0 1 0 0 2 1 2 0 0 0 0 0 0 0 0 0 0 0 0 13 0 5 3 0 0 0 0 0 0 0 0 0 0 0 0 0 0 0 0 0 0 0 0 0 0 0 0 224 63 0 563 0 2 0 0 0 0 483 2738 280 1414 255 125 916 2862 4938 0 0 0 0 0 0 0 0 0 0 0 0 1634 238 221 23 3 0 0 0 0 0 0 0 0 0 0 0 0 0 0 7 0 0 0 8 0 9 397 0
0 0 0 0 0 0 0 0 0 0 0 0 0 0 0 0 0 0 0 0 0 0 0 8 0 0 0 0 0 0 0 0 0 0 0 0 0 0 0 0 0 0 0 0 0 0 0 0 0 0 0 0 0 0 0 0 0 0 0 0 0 0 0 0 0 0 0 0 0 0 0 0 0 0 2 0 0 0 0 0 0 0 0 3049 0 0 0 0 0 0 0 0 0 0 0 0 0 0 0 0 0 0 0 0 0 0 0 0 0 0 0 0 0 0 0 0 0 0 0 0 0 0 0 0 0 0 0 0 0 0 0 0
0 0 0 0 0 0 0 0 0 0 0 0 0 0 0 0 3 3 3 3 0 0 0 23 0 1 0 0 0 0 0 0 0 0 0 0 0 4 0 0 0 1 0 0 0 3 6 1 0 0 68 345 0 0 0 0 0 0 0 0 0 0 0 0 0 0 0 0 0 0 0 0 7 3 10 0 0 14 0 0 0 0 0 615 0 0 0 0 0 78 61 84 0 0 0 0 0 0 0 0 0 0 0 0 0 50 0 4 0 0 0 0 0 0 0 0 0 0 0 0 0 0 0 2 0 0 0 0 0 0 0 0
0 0 0 0 0 0 0 0 0 0 0 0 0 0 0 0 0 0 0 0 0 0 0 0 0 0 0 0 0 0 0 0 0 0 0 0 0 0 0 0 0 0 0 0 0 0 0 0 0 1 0 10 0 0 0 0 0 0 0 0 0 0 0 0 0 0 0 0 0 0 0 0 0 1 0 0 0 3 0 0 0 0 0 15 0 0 0 0 0 2 0 0 0 0 0 0 0 0 0 0 0 0 0 0 0 1 0 0 0 0 0 0 0 0 0 0 0 0 0 0 0 0 0 0 0 0 0 0 0 0 0 0
0 0 0 0 0 0 0 0 0 0 0 0 0 0 0 0 1 0 1 1 0 0 0 15 0 1 0 0 0 0 0 0 0 0 0 0 0 0 0 0 0 0 0 0 0 2 0 1 0 2 0 29 0 0 0 0 0 0 0 0 0 0 0 0 0 0 0 1281 1345 1346 1298 0 0 0 0 0 0 20 0 0 0 0 0 48 965 0 0 0 0 5 93 7 0 0 0 0 0 0 0 0 0 0 0 0 141 111 0 0 0 0 0 0 0 0 0 0 0 0 0 0 0 0 0 2 0 0 0 0 0 0 1 0
0 0 0 0 0 0 0 0 0 0 0 0 0 0 0 0 0 0 0 0 0 0 0 5 0 0 0 0 0 0 0 0 0 0 0 0 0 0 0 0 0 0 0 0 0 0 0 0 0 1 0 4 0 0 0 0 0 0 0 0 0 0 0 0 0 0 0 0 0 0 0 0 1 5 5 0 5 43 8 1732 545 938 0 515 392 0 0 0 0 24 359 473 0 0 0 0 0 0 0 0 0 0 0 0 0 4 2 3 0 0 0 0 0 0 0 0 0 0 0 0 0 0 0 0 0 0 0 0 0 0 0 0
0 0 0 0 0 0 0 0 0 0 0 0 0 0 0 0 2 2 2 2 4 1 1 89 0 0 0 0 0 0 0 0 0 0 0 0 0 19 0 0 181 0 0 13 0 0 0 0 2 1 0 0 0 0 0 0 0 0 0 0 0 0 0 0 0 0 0 0 0 0 0 0 0 0 0 0 0 0 0 0 0 0 0 0 0 0 0 0 0 59 218 9 0 0 0 0 0 0 0 0 0 0 0 0 127 28 26 2 0 0 0 0 0 0 0 0 0 0 0 0 0 0 0 1 0 0 0 0 0 0 0 0
122 20 66 161 171 89 325 4 5 1 382 35 12 100 18 90 204 0 159 203 1 0 1 1067 0 9 0 3 0 1 8 1 3 0 0 21 30 12 42 23 5 49 959 1012 1 0 199 344 0 399 90 89 0 234 185 234 0 234 234 234 234 234 234 234 18 0 95 0 28 35 0 0 0 258 29 0 225 0 377 1070 75 0 0 3064 0 179 644 338 423 1007 2846 3572 0 0 156 46 0 378 70 201 240 109 2 2 4657 29 183 0 0 0 372 0 590 0 250 0 177 0 0 0 26 0 261 657 103 466 145 64 61 188 318 0
0 0 2 52 7 0 2 0 0 0 0 0 0 58 32 11 60 60 60 60 1 1 1 12 0 0 0 0 0 0 0 0 0 0 0 6 11 0 11 40 203 3 0 40 44 0 0 0 152 67 0 173 0 7 7 7 0 7 7 7 7 7 7 7 0 0 0 0 60 64 0 0 19 4 4 0 9 0 27 28 3 20 153 45 0 0 352 703 560 0 324 96 206 17 51 66 1 672 345 319 308 185 623 623 0 3 0 0 21 50 0 0 113 0 0 6 0 19 133 55 583 0 2175 412 0 509 107 29 0 316 192 0
0 0 0 0 53 1 0 0 0 0 16 1 1 0 19 0 0 0 0 0 0 0 0 295 0 5 0 1 0 0 2 1 2 0 0 0 0 0 20 0 0 0 0 0 0 0 0 0 0 105 0 0 0 0 0 0 0 0 0 0 0 0 0 0 0 0 0 0 0 0 0 0 50 0 0 0 0 0 66 63 7 34 372 221 0 0 0 0 1689 0 0 0 0 1 6 1898 0 0 5323 7 9 6 323 323 0 0 3 0 0 0 0 0 154 0 76 0 0 0 0 0 200 0 0 0 0 0 0 0 0 0 0 0
0 0 0 0 14 0 0 0 0 0 0 0 0 0 8 0 0 0 0 0 0 0 0 10 0 0 0 0 0 0 0 0 0 0 0 0 0 0 8 0 3 0 0 0 0 0 0 0 0 16 0 0 0 0 0 0 0 0 0 0 0 0 0 0 0 0 0 0 0 0 0 0 34 0 0 0 1 0 205 26 8 28 74 39 0 0 138 0 4590 0 0 0 0 5 20 54 0 0 65 23 29 18 0 0 0 0 0 0 0 0 0 0 79 0 0 0 0 0 0 0 626 0 0 0 0 0 0 0 0 0 0 0
0 0 1 0 5 0 1 0 0 0 0 0 0 0 5 0 0 0 0 0 1 0 1 35 0 0 0 0 0 0 0 0 0 0 0 0 0 0 11 0 3 0 0 0 19 0 0 0 0 22 0 0 0 0 0 0 0 0 0 0 0 0 0 0 0 0 1 0 0 0 0 0 0 76 40 0 61 0 13 11 2 7 101 122 0 0 0 0 0 0 0 0 0 0 0 27 0 0 75 0 0 0 3246 3187 0 4 0 10 0 0 0 0 218 0 51 0 0 0 0 0 0 0 0 0 0 0 0 0 0 0 0 0
0 0 0 0 3 0 0 0 0 0 0 0 0 0 0 2 2 2 2 2 24 29 28 253 0 2 0 1 0 0 2 1 2 0 0 0 0 0 0 0 0 0 0 0 0 0 0 0 0 0 0 148 0 1 0 1 0 0 1 1 0 1 1 1 0 0 0 0 0 0 0 0 0 0 0 0 0 0 0 0 0 0 0 0 0 33 155 69 75 0 2923 1321 0 0 0 0 0 0 0 0 0 0 0 0 0 7465 322 0 382 0 0 0 0 4745 2203 0 0 67 0 0 225 0 427 641 403 80 6 200 0 248 5791 0
0 0 0 0 0 0 0 0 0 0 0 0 0 0 0 82 0 0 0 0 0 0 0 50 0 2 0 0 0 0 0 0 0 0 0 0 0 0 0 0 0 0 0 0 0 0 0 0 0 0 0 0 0 0 0 0 0 0 0 0 0 0 0 0 0 0 0 0 0 0 0 0 0 0 0 0 0 0 0 0 0 0 0 0 0 0 0 0 0 0 0 230 0 0 0 0 0 0 0 0 0 0 0 0 0 107 0 0 0 0 530 0 0 76 1117 0 0 4 0 0 0 0 0 15 0 838 8 0 0 0 693 41949
0 0 0 0 0 0 0 2 1 0 0 0 4 0 0 0 2 2 2 2 2 1 0 54 0 2 0 0 0 0 2 0 0 0 0 15 0 0 1095 0 140 412 24 0 14 0 0 0 0 1 0 0 0 1 1 0 0 0 1 0 1 1 1 0 1 0 0 0 0 8 0 0 0 0 3 0 0 0 0 0 0 0 0 0 0 0 296 136 420 0 0 0 0 0 26 29 0 422 7 96 66 0 1 1 0 298 111 0 0 0 0 0 1 0 108 0 0 0 98 0 0 0 0 7 0 183 308 691 24 0 1 0
0 0 0 1 6 10 408 405 214 553 369 207 879 448 35 77 139 139 0 139 1 1 1 1548 1 85 2 9 0 3 16 4 7 0 0 7 9 6 154 28 296 102 436 133 123 328 91 110 174 599 134 64 0 17 16 17 17 17 17 17 17 16 17 17 27 20 0 0 6 6 0 357 26 23 26 252 69 27 4 28 14 2 40 110 23 0 0 0 46 62 214 660 0 0 0 0 0 0 0 0 5300 4907 0 0 0 191 0 152 40 421 2479 55 17 0 15 0 390 0 0 0 305 364 424 922 94 686 775 881 1351 1219 894 346
0 0 0 0 1 3 6 104 55 142 95 53 225 115 9 20 76 76 76 76 1 0 0 275 0 3 0 1 0 0 6 1 5 0 0 2 2 2 42 8 80 28 118 36 33 92 25 30 72 157 35 40 0 7 5 7 7 7 7 7 7 7 7 7 23 16 0 0 2 2 0 95 8 7 8 74 20 8 1 8 6 1 20 1 43 0 0 0 13 18 61 216 0 0 0 0 0 0 0 0 2193 1351 0 0 16 49 26 0 169 110 701 0 0 0 8 4 130 0 0 19 84 114 118 227 48 179 202 225 314 320 232 106
0 0 0 0 1 1 3 53 28 72 48 27 115 59 5 10 32 32 32 32 0 0 0 399 0 16 0 2 0 1 4 1 2 0 0 1 1 1 21 4 40 14 59 18 17 46 0 13 32 80 5 0 0 4 2 4 4 4 4 4 4 4 4 4 7 6 0 0 2 2 0 48 4 3 4 36 6 6 2 9 3 1 15 1 0 0 0 0 6 9 30 0 0 0 0 0 0 0 0 0 1095 674 0 0 0 25 0 20 0 0 357 0 2 17 6 0 44 0 0 0 13 0 29 112 0 79 103 115 166 159 117 45
0 0 0 0 0 0 0 0 0 0 0 0 0 0 0 0 0 0 0 0 0 0 0 10 0 0 0 0 0 0 0 0 0 0 0 0 0 0 0 0 0 0 0 0 0 0 0 0 0 44 0 0 0 0 0 0 0 0 0 0 0 0 0 0 2 1 0 0 0 0 0 0 0 0 0 0 0 0 0 0 0 0 0 0 0 0 0 0 0 0 0 0 0 0 0 0 0 0 0 0 0 0 0 0 0 0 0 0 0 0 0 0 0 0 0 0 0 0 0 0 0 0 0 0 0 3 0 0 0 0 0 0
0 0 0 0 0 0 1 17 9 23 16 9 37 19 1 3 7 7 7 7 0 0 0 63 0 2 0 0 0 0 1 0 0 0 0 0 0 0 7 1 13 4 19 6 5 14 4 5 8 25 6 9 1 1 0 1 0 0 1 1 1 1 1 1 4 2 0 0 1 1 0 15 1 1 1 11 3 3 0 2 3 0 3 0 11 0 0 0 2 3 9 39 0 0 0 0 0 0 0 0 341 182 0 0 6 8 5 6 28 21 114 0 1 5 2 3 24 10 10 6 15 22 21 39 12 29 33 37 56 52 38 289
0 0 0 0 0 0 0 7 3 9 6 3 14 7 0 1 2 2 2 2 0 0 0 21 0 0 0 0 0 0 0 0 0 0 0 0 0 0 2 0 5 2 7 2 2 5 1 2 3 9 0 0 0 0 0 0 0 0 0 0 0 0 0 0 3 1 0 0 0 0 0 6 0 0 0 4 1 1 0 1 1 0 1 0 0 0 0 0 1 1 3 0 0 0 0 0 0 0 0 0 127 78 0 0 0 3 2 2 12 0 43 1 0 2 1 0 0 0 0 2 0 0 0 2 0 0 12 14 22 6 14 0
0 0 0 0 0 0 0 0 0 1 0 0 1 0 0 0 0 0 0 0 0 0 0 0 0 0 0 0 0 0 0 0 0 0 0 0 0 0 0 0 0 0 0 0 0 0 0 0 0 1 0 0 0 0 0 0 0 0 0 0 0 0 0 0 0 0 0 0 0 0 0 0 0 0 0 0 0 0 0 0 0 0 0 0 0 0 0 0 0 0 0 0 0 0 0 0 0 0 0 0 8 5 0 0 0 0 0 0 1 0 3 0 0 0 0 0 0 0 0 0 0 0 0 0 0 0 0 0 1 0 1 0
0 0 0 0 0 1 2 35 19 48 32 18 76 39 3 7 11 11 11 11 0 0 0 0 0 0 0 0 0 0 0 0 0 0 0 1 1 1 13 2 26 9 38 12 11 28 0 7 15 52 0 0 0 0 0 0 0 0 0 0 0 0 0 0 0 0 0 0 0 0 0 31 2 2 2 22 2 0 0 0 0 0 0 0 0 0 0 0 4 5 18 0 0 0 0 0 0 0 0 0 687 423 0 0 0 17 9 13 0 0 233 0 1 11 4 0 10 0 0 0 0 0 1 73 0 52 67 76 117 101 76 31
0 0 0 0 1 2 4 74 39 101 68 38 161 82 6 14 19 19 19 19 0 0 0 187 0 9 0 1 0 0 2 1 2 0 0 1 1 1 26 5 3095 18 75 23 21 56 7 18 27 103 15 0 0 3 2 0 3 3 3 3 3 3 3 3 7 4 0 0 0 1 0 61 4 4 4 42 10 282 1 4 2 0 6 0 0 0 0 0 8 10 36 0 0 0 0 0 0 0 0 0 0 0 0 0 0 35 0 28 137 0 491 0 3 23 8 0 54 0 0 0 15 0 37 162 0 116 141 161 251 218 162 57
0 0 0 1 6 10 23 418 221 570 381 213 907 462 36 79 28 28 28 28 0 0 0 292 0 11 0 1 0 0 4 1 2 0 0 2 2 2 39 7 75 26 111 34 31 83 15 27 40 153 24 0 0 4 3 0 4 4 4 4 4 4 4 4 14 6 0 0 0 1 0 91 6 6 6 63 15 5 1 5 3 1 8 0 0 0 0 0 12 16 54 98 0 0 0 0 0 0 0 0 7371 0 0 0 0 197 110 156 773 213 2769 0 17 127 47 33 553 54 0 0 340 435 474 961 211 704 797 910 1418 1259 921 299
0 0 0 0 0 0 0 0 0 0 0 0 0 0 0 0 0 0 0 0 0 0 0 20 0 0 0 0 0 0 0 0 0 0 0 0 0 0 0 0 0 0 0 0 0 0 0 0 0 0 0 0 24 101 94 101 101 101 101 101 101 0 34 101 0 0 0 0 0 0 0 0 0 0 0 0 0 0 0 0 0 0 0 0 0 0 0 0 0 0 0 0 0 0 0 0 0 0 0 0 0 0 0 4 0 0 0 0 0 0 0 0 0 0 0 0 0 0 0 0 0 0 0 0 0 0 0 0 0 0 0 0
0 0 0 0 0 0 1 13 7 17 12 6 27 14 1 2 0 0 0 0 23 24 24 331 0 0 0 0 0 0 3 1 1 0 0 16 21 15 383 0 737 0 0 0 0 0 0 0 0 0 0 0 0 0 0 0 0 0 0 0 0 0 0 0 0 48 0 0 0 0 0 0 64 56 62 0 172 0 1 1 0 0 0 3 0 0 0 0 0 0 0 0 34 2 15 420 0 6 605 16 610 0 0 0 0 15 8 0 0 0 208 0 0 10 4 0 27 0 0 0 21 0 32 73 0 0 0 0 106 93 0 0
33 13 6 224 166 24 33 0 1 0 102 6 1 27 43 29 925 925 925 925 38 34 34 1131 0 10 0 3 0 0 5 1 4 0 0 0 0 5 21 0 23 0 0 19 1 0 6 0 36 49 2915 12 0 0 0 0 0 0 0 0 0 0 0 0 60 0 0 115 102 115 0 0 0 0 40 0 0 0 33 52 8 0 210 0 0 25 115 90 58 22 1349 136 91 0 172 36 0 281 55 209 261 139 1 1 0 72 51 0 0 0 1220 0 121 0 25 0 477 0 176 0 145 0 141 457 0 705 470 420 166 415 0 0
0 0 0 0 0 0 0 0 0 0 0 0 0 0 0 120 0 0 0 0 0 0 0 273 0 4 0 1 0 0 1 0 2 0 0 0 0 0 0 0 0 0 0 0 0 159 0 76 0 0 0 140 0 199 187 196 0 152 199 153 199 199 199 199 0 0 0 0 0 0 0 0 0 0 0 0 0 0 0 0 0 0 0 0 0 0 0 0 0 0 0 0 0 0 0 0 0 0 0 0 0 0 0 0 0 0 1713 0 980 0 0 3730 113 391 0 0 1355 0 0 0 913 0 1083 737 573 0 322 0 1820 0 1008 0
0 3 0 1402 343 0 630 0 0 0 0 0 24 0 221 0 0 0 0 0 1 0 0 99 0 1 0 0 0 0 1 0 0 0 0 254 0 0 0 431 1735 0 1266 0 0 0 0 54 0 0 0 0 0 31 18 31 0 18 31 31 31 31 31 31 1529 0 0 0 0 0 0 0 223 0 184 0 195 0 5 610 28 65 0 0 0 520 0 991 1745 0 1045 0 195 0 38 0 0 0 0 0 50 0 0 0 0 0 0 0 0 57 4 0 0 0 9 649 0 0 0 0 0 0 158 410 0 0 0 0 18 923 0 0
7068 0 0 0 3239 1814 850 0 0 1480 5455 0 0 0 957 1334 177 177 177 177 0 0 0 1485 0 10 0 3 0 0 15 3 11 0 0 0 2486 5161 0 3744 0 0 0 6416 2941 11605 0 5653 0 9604 0 11428 4915 5608 5608 5607 4831 5492 5608 5608 5608 5608 5608 5608 0 0 0 2921 3042 3045 2766 2774 5203 0 7512 0 5832 0 0 0 75368 8209 0 0 3374 9210 0 4689 0 777 4272 4625 0 3664 0 0 0 0 0 0 0 0 37308 37308 7417 1837 488 0 5083 299 0 0 896 1987 2855 2834 1312 817 0 691 2317 0 9423 3397 2250 1298 810 3051 2193 6394 2655 0
0 0 0 700 0 461 408 1413 0 3008 0 0 0 0 107 373 0 0 0 0 0 0 0 1087 0 7 0 2 0 0 10 2 8 0 0 579 0 3382 1421 2244 1325 0 1072 0 0 3985 0 0 0 0 938 26 412 1032 1032 1012 0 694 1032 1032 1032 1032 1032 1032 4597 43 0 367 534 536 267 0 0 0 1393 173 100 0 940 0 0 574 0 0 56 0 3480 158 0 0 498 569 0 0 459 0 0 0 0 106 0 0 229 229 534 0 51 0 0 3336 593 0 8580 375 0 533 0 0 0 0 163 0 413 771 0 516 224 915 339 1104 129 0
0 280 0 53 39 6241 20 7 0 0 537 70 0 2650 235 0 231 231 231 231 93 119 119 688 0 3 0 0 0 0 2 1 2 0 0 0 0 19 0 0 0 0 501 0 0 0 392 315 0 296 281 2034 3 107 107 98 0 99 107 78 107 107 107 107 504 37 963 564 748 752 646 226 8144 1474 25 295 56 257 121 118 14 85 8977 130 551 0 70 76 60 169 1368 4098 0 0 30 17 0 1553 86 610 524 0 97 97 1305 546 0 0 0 0 2839 0 175 612 303 3972 1904 0 1535 327 3422 0 2934 5197 1200 1788 2754 0 10678 4683 553 0
2 0 1 0 49 2 0 4 5 0 56 12 11 15 0 60 773 0 706 773 6 3 2 339 0 0 0 0 0 0 2 0 3 0 0 32 32 1 0 1 0 70 0 0 13 58 33 0 15 66 0 0 0 0 0 0 0 0 0 0 0 0 0 0 425 0 31 0 103 194 0 115 0 0 457 227 488 223 43 123 10 80 274 0 0 58 20 35 17 51 0 318 0 0 0 0 0 0 0 0 0 0 0 0 0 1 0 78 0 0 0 0 53 0 0 44 0 141 0 16 867 0 0 121 0 0 432 0 16 311 446 0
653 692 353 956 2365 336 564 191 275 150 914 210 139 243 595 346 50 50 50 50 0 0 0 355 0 4 0 1 0 0 39 4 5 0 0 9 8 34 818 177 497 617 1970 613 8439 2377 1415 1794 1352 4868 1118 3044 0 44 43 44 0 0 44 44 44 44 44 44 12319 71 937 1148 999 1173 861 757 1642 1832 3036 499 3237 1476 274 1690 594 1447 480 1063 1514 8 402 361 326 842 1198 2228 0 229 609 215 0 0 635 709 901 171 471 467 4932 0 116 235 3689 349 5466 0 563 1086 1587 0 402 0 0 0 516 128 2855 2310 1102 1658 1062 1339 65 2134 1314 0
0 0 0 0 0 0 0 0 0 0 0 0 0 0 0 0 1973 1973 1973 1973 87 29 29 103 0 2 0 0 0 0 0 0 0 0 0 0 0 0 0 0 0 0 0 0 0 0 0 0 0 0 0 0 0 138 138 138 0 105 138 138 138 138 138 138 0 0 0 0 0 0 0 0 0 0 0 0 0 0 0 0 0 0 0 0 0 0 0 0 0 0 0 0 0 1 0 0 0 0 1 0 0 0 100 99 0 0 12188 0 0 0 0 0 0 0 0 0 0 0 0 0 0 0 0 0 0 0 0 0 2 0 0 0
139 7 29 0 0 82 16 0 165 0 527 144 0 151 210 364 859 859 859 859 23 20 22 129 0 4 0 0 0 0 1 0 0 0 0 0 1 46 58 0 38 169 131 67 696 48 32 301 2842 730 59 341 1377 1377 1377 1377 0 1234 1377 1377 1377 1377 1377 1377 3426 3 601 243 314 334 140 138 135 137 261 215 490 569 173 74 13 530 92 10 204 95 243 135 136 0 0 614 453 41 0 0 0 0 0 0 0 0 0 0 292 0 1 0 0 0 4848 0 591 0 12 0 1667 0 0 0 180 0 254 505 83 275 94 126 5 200 246 1
3 0 1 0 0 1 1 23 7 0 18 14 7 10 20 39 312 312 312 312 8 7 8 25 0 0 0 0 0 0 0 0 0 0 0 0 0 0 13 0 9 5 21 0 31 0 0 61 74 44 0 0 185 185 185 185 0 130 185 185 185 185 185 185 916 0 105 34 46 67 0 0 34 25 44 41 131 41 1 4 0 2 0 1 0 12 0 12 0 0 0 0 0 0 0 0 0 0 0 0 0 0 0 0 0 24 0 0 165 0 739 0 74 0 0 14 0 0 0 0 41 1 171 164 0 118 54 0 1 0 59 0
0 4 15 7 287 446 103 63 107 26 0 1 292 0 45 74 426 426 426 426 114 146 146 153 0 2 0 0 0 0 2 0 1 0 0 1 1 1 6 0 44 16 69 96 700 90 40 482 35 169 57 603 135 180 0 178 181 181 181 181 181 181 181 181 164 0 154 2031 2182 2182 2179 0 109 46 164 13 100 95 30 32 3 23 173 111 313 0 23 32 28 58 134 1972 34 0 26 30 0 156 46 34 39 0 750 745 326 209 0 0 0 0 0 73 98 373 0 0 3141 0 0 0 1492 0 1856 1940 864 1246 430 286 3 1238 559 0
61 19 21 129 13 64 54 0 5 0 1032 175 13 270 41 120 343 343 343 343 45 54 54 2038 0 6 0 1 0 2 9 2 6 0 0 0 0 2 23 15 58 14 407 65 545 99 70 141 677 237 0 0 0 304 0 287 0 294 304 302 304 304 304 304 20 17 340 0 34 41 0 0 69 157 121 35 173 124 13 14 1 0 75 38 0 3630 26 37 26 69 101 525 0 0 0 12 0 284 15 0 0 0 16 0 0 0 764 0 66 0 1869 0 47 0 995 0 0 0 0 0 28 0 76 241 0 101 18 0 272 1311 0 0
0 0 175 94 89 137 87 92 157 50 316 142 427 83 78 177 416 416 416 416 0 0 0 449 0 1 0 0 0 0 2 0 2 0 0 93 90 34 145 58 66 117 380 374 63 0 427 350 3759 184 316 3563 0 193 191 189 130 127 193 180 193 193 193 193 419 2 2150 593 622 622 616 83 66 33 40 130 41 12 103 108 11 78 592 247 578 0 248 256 207 0 0 4802 369 14 150 114 0 989 117 191 226 0 369 350 723 329 845 0 2120 369 0 31 1367 294 280 49 1882 0 3185 1831 10341 0 10895 3873 3147 2119 1225 2136 6886 5030 1938 0
336 4 69 3077 1344 333 1166 434 154 0 2763 98 200 721 309 311 1220 1220 1220 1220 587 552 552 1737 0 12 0 1 0 0 16 1 3 0 0 62 57 956 433 35 661 260 186 278 777 1018 959 366 607 1442 0 962 346 905 901 902 646 904 905 899 905 905 905 905 461 72 2090 0 41 50 0 717 281 366 274 24 271 165 462 3138 123 1670 453 271 750 0 280 308 444 420 1871 0 1016 96 748 97 0 2069 124 883 1109 263 48 27 0 846 780 870 347 0 2033 137 1773 866 746 136 2110 0 0 2515 0 4327 4455 3572 0 3038 1246 1792 5156 3526 1315 0
108 2 16 2190 487 1 127 118 22 0 291 2 83 76 154 61 743 743 743 743 149 139 140 227 0 3 0 0 0 0 2 1 1 0 0 15 14 255 31 2 61 61 0 75 40 380 398 132 90 557 0 0 0 214 213 210 48 212 214 184 214 214 214 214 58 16 1070 0 0 3 0 177 61 142 29 3 166 20 8 212 35 180 18 75 383 0 234 175 163 108 510 1275 13 0 310 659 0 0 1397 369 461 144 35 24 1749 178 2555 0 888 0 0 532 292 1048 1499 247 978 0 0 0 0 252 1159 945 528 664 421 1039 1392 745 584 0
6 0 6 70 10 0 0 1 1 0 11 1 1 3 14 6 124 124 124 124 4 0 5 516 0 4 0 1 0 0 2 0 2 0 0 6 5 80 38 2 35 20 0 15 114 0 0 0 1 0 0 0 0 48 48 41 0 44 48 48 48 48 48 48 30 0 103 0 26 37 0 0 0 22 25 1 20 25 103 145 35 157 367 169 0 0 0 0 18 0 377 117 0 0 0 40 0 82 49 9 0 0 7 0 0 0 28 0 0 0 0 0 14 0 0 0 0 0 1333 3116 0 0 0 154 0 24 0 0 224 0 0 1
4 1 14 274 108 1 4 15 25 0 0 1 69 0 0 32 237 237 237 237 3 0 4 854 0 1 0 0 0 0 2 1 2 0 0 0 0 35 9 0 19 3 0 4 500 204 304 205 0 85 42 918 0 94 94 90 0 92 94 92 94 94 94 94 142 0 21 24 211 212 41 27 0 14 12 62 12 24 16 16 1 6 92 20 141 810 880 787 676 9 393 1742 0 0 40 56 0 241 115 81 66 0 24 24 818 683 3353 206 6309 1033 2045 0 259 367 0 152 1217 82 0 0 2465 0 2573 1860 1353 1107 1144 1370 2306 2543 2525 0
7 2 0 4 2 0 0 0 0 0 0 3 1 0 0 0 59 59 59 59 8 0 11 985 0 2 0 0 0 0 1 0 1 0 0 0 0 4 3 0 18 2 0 1 110 0 0 0 0 19 0 0 0 40 40 29 0 35 40 32 40 40 40 40 52 0 119 0 86 88 0 0 0 7 5 12 5 17 5 4 0 3 27 12 0 0 206 293 167 0 71 325 0 0 0 7 0 102 9 0 0 0 6 0 0 0 0 0 0 0 333 0 12 0 0 0 0 0 0 0 782 0 0 535 0 212 0 0 230 0 0 0
0 0 0 3 2 0 0 2 1 0 135 1 2 35 0 0 51 51 51 51 3 0 4 245 0 4 0 1 0 0 1 0 0 0 0 0 0 0 0 0 2 0 0 0 5 0 0 0 0 8 0 0 0 8 0 0 0 4 8 0 8 8 8 8 11 1 705 0 33 37 0 0 0 2 2 4 2 0 0 0 0 0 0 0 0 0 97 104 44 0 0 0 0 0 0 1 0 0 0 0 0 0 0 0 0 0 0 0 0 0 0 0 0 0 0 0 0 0 0 0 0 0 0 0 0 0 0 0 0 0 0 0
46 15 0 24 18 2 1 73 18 0 1371 141 38 358 0 12 192 192 192 192 71 22 67 3417 0 26 1 4 0 0 29 3 8 0 0 0 0 44 0 0 27 0 0 0 723 0 0 41 132 133 0 0 0 151 151 143 0 148 151 141 151 151 151 151 840 0 453 0 297 302 51 0 0 7 14 80 18 104 18 66 5 14 26 38 0 573 696 614 802 0 459 175 0 0 63 73 0 316 115 92 96 0 30 8 1332 0 765 0 260 0 888 0 97 0 209 0 364 0 810 0 781 0 1390 1179 0 264 177 0 628 0 0 0
1 3 6 6 3 0 0 5 6 2 8 1 6 1 4 0 1 1 1 1 0 0 1 76 0 1 0 0 0 0 0 0 1 0 0 0 0 2 12 0 0 0 0 0 0 0 0 0 0 19 0 0 0 5 0 0 0 0 5 0 5 5 5 5 213 4 0 0 8 9 0 0 0 0 7 9 0 4 3 2 5 1 15 6 0 0 23 19 18 0 0 0 0 0 0 0 0 36 27 0 0 0 13 13 0 16 99 0 0 0 583 0 0 0 0 0 0 0 0 0 0 0 0 150 0 0 0 0 67 0 0 0
0 0 0 0 0 0 0 0 0 0 0 0 0 0 0 0 0 0 0 0 0 0 0 17 0 0 0 0 0 0 1 0 0 1 1 0 2 1 5 0 1 4 16 2 6 0 0 0 0 7 0 0 0 0 0 0 0 0 0 0 0 0 0 0 109 5 0 0 4 7 0 0 0 0 3 2 0 1 1 0 1 0 4 1 0 0 15 15 11 0 0 0 0 0 0 2017 0 0 2697 0 0 0 0 0 0 0 123 0 0 0 0 0 10 0 0 0 0 0 0 0 65 0 45 275 0 52 0 0 262 0 0 0
0 0 0 0 0 0 0 99 58 2 55 35 87 14 0 0 1 1 1 1 2 1 3 17 0 1 0 0 0 0 0 0 0 0 0 0 0 0 49 0 0 0 195 0 90 0 0 0 0 24 0 0 0 9 9 0 0 5 9 0 9 9 9 9 102 0 0 117 314 314 166 0 0 0 0 0 0 0 1980 184 81 214 730 312 0 0 13 21 13 0 67 0 0 0 0 3960 0 0 2406 0 0 0 44 27 0 25 78 0 0 26 294 0 0 0 41 0 19 0 0 0 370 0 414 1388 790 828 163 0 990 54 0 2
0 0 0 0 36 0 0 0 0 0 0 1 0 0 0 0 0 0 0 0 0 1 0 40 0 0 0 0 0 0 0 0 0 0 0 0 0 0 0 0 2 0 1 1 2 0 0 0 0 0 0 0 0 0 0 0 0 0 0 0 0 0 0 0 0 0 0 0 0 7 0 0 0 0 0 1 0 1 34 35 12 37 124 50 0 0 1 1 1 2 3 0 0 0 0 0 0 0 0 0 0 0 0 0 0 0 0 0 0 0 0 0 0 0 0 0 0 0 0 0 0 0 0 11 0 0 0 0 0 0 0 0
0 0 0 4 1 0 0 10 4 0 0 0 1 0 0 0 3 3 3 3 0 0 0 91 0 3 0 0 0 0 1 0 1 0 0 0 0 0 0 0 0 0 0 0 12 0 0 0 622 9 0 0 0 7 5 0 0 2 7 0 7 7 7 7 10 0 0 0 15 15 0 0 0 4 1 1 0 0 0 0 0 0 0 0 0 0 36 40 26 0 8 1 0 0 0 1 0 0 0 0 0 0 2 0 0 106 0 0 0 0 0 0 1 0 2 0 0 0 0 0 145 0 619 405 526 246 272 0 2062 0 0 0
7 9 0 3 1 1628 0 0 0 2 987 23 0 258 0 0 803 803 803 803 2 3 3 23 0 2 0 0 0 0 1 0 1 0 0 0 0 23 0 15 165 0 23 7 12 0 0 0 1075 0 0 0 0 0 0 0 0 0 0 0 0 0 0 0 0 0 0 20 20 20 0 0 0 8477 5 7 0 0 5 1691 0 0 24 8 0 0 8 19 13 0 0 0 0 0 0 0 0 0 0 0 0 0 48525 48525 520 0 6 0 0 0 0 0 0 0 0 0 679 0 0 0 184 0 1826 1259 402 460 530 2918 16 1674 0 0
0 0 0 0 0 0 0 0 0 0 0 0 0 0 0 0 900 900 900 900 64 195 196 56 0 0 0 0 0 0 0 0 0 0 0 0 0 0 0 0 0 0 0 0 0 0 0 0 0 0 0 0 0 0 0 0 0 0 0 0 0 0 0 0 0 0 0 0 0 0 0 0 0 0 0 0 0 0 0 0 0 0 0 0 0 0 0 0 0 0 0 0 0 0 0 0 0 0 0 0 0 0 0 0 0 0 0 0 0 0 0 0 0 0 0 0 0 0 0 0 0 0 0 0 0 0 0 0 0 0 0 0
