139
0 0 0 0 0 0 0 0 59 423 1 35 118 63 23 3 4 0 0 0 0 0 0 0 0 0 0 0 0 0 0 0 0 0 0 0 6 0 0 480 1 20 0 0 45 0 0 0 0 17 0 0 0 0 0 0 0 0 0 0 0 0 0 0 0 5 0 0 0 0 0 0 0 0 0 0 0 0 0 4 0 0 0 14 0 0 0 0 0 0 0 0 0 0 0 0 0 0 0 0 0 0 0 13 0 0 0 0 0 0 0 7 0 1 1 0 0 0 0 0 0 0 0 0 0 0 0 0 0 0 0 11 0 1 0 0 0 0 2
1 0 127 0 0 0 0 0 405 240 78 235 278 180 55 0 1 0 0 1 0 0 0 0 0 0 1 1 2 0 0 0 0 1 5 1 33 1 1 2 2 399 0 0 11 1 0 1 0 0 0 0 0 1 0 1 1 0 0 1 1 0 1 1 1 2 1 1 1 1 0 2 0 0 0 1 0 0 0 2 0 0 0 194 2 0 0 1 0 0 0 0 0 0 0 0 0 0 0 0 0 0 0 66 0 0 0 0 0 0 0 0 0 7 6 0 0 0 0 0 0 0 0 0 0 0 0 0 0 0 3 59 0 33 8 0 3 0 10
13 0 0 0 5 5 3 5 17399 1583 5931 7462 2330 5345 3603 0 22 0 0 3 0 0 0 0 0 0 4 2 7 0 0 0 0 33 380 7 1071 44 53 67 94 9234 14 0 58 26 0 23 0 1 0 0 1 2 0 2 2 0 0 2 2 0 2 2 2 6 2 2 2 3 0 28 3 0 0 44 0 5 4 30 9 0 0 4452 42 15 23 30 19 0 0 0 0 1 0 0 1 0 0 0 0 0 0 76 0 0 0 0 0 0 0 0 0 18 15 0 0 0 0 0 0 0 0 0 0 0 0 0 0 0 3 85 0 61 5 0 18 33 8
2 1 1 0 1 1 1 1 24 52 107 126 113 26 33 335 170 1 41 20 49 0 0 0 0 0 4 3 45 0 0 0 0 1 6 0 18 4 16 10 2 1434 895 2 41 103 0 5 0 6 0 0 1 3 3 4 5 1 0 10 4 0 3 4 4 8 5 4 5 3 0 922 1 0 0 10 62 0 1 7 1 0 0 696 0 3 6 5 2 0 1 0 3 3 0 1 24 0 0 0 0 0 0 22 0 0 0 0 0 0 0 10 49 10 81 0 0 0 0 0 0 0 0 1 0 0 0 0 0 0 8 53 0 111 15 67 120 57 157
1 0 0 0 0 0 0 0 55 24 46 67 128 138 13 25 48 0 7 4 9 0 0 0 0 0 0 5 1 0 0 0 0 0 2 0 9 1035 0 1 1 360 0 0 12 1 0 0 0 1 0 0 0 5 0 4 5 8275 0 0 5 0 5 5 5 1066 5 5 4 4 0 1 0 0 0 0 0 0 0 2 0 0 0 176 0 0 0 0 0 0 0 0 0 0 0 0 0 0 0 0 0 0 0 17 0 0 0 0 0 0 0 1 4 8 6 0 0 0 0 0 0 15 4 0 0 0 0 0 0 0 5 17 0 21 2 0 0 0 32
1 0 0 0 0 0 0 0 30 31 11 129 37 10 0 149 3 0 17 5 22 0 0 0 0 0 2 0 11 0 0 0 0 0 0 0 16 2 0 1 45807 0 8 0 23 3 0 5 0 5 0 0 2416 0 0 0 0 0 0 0 0 0 0 0 0 3 0 0 0 0 0 7 0 0 0 4 58 0 0 4 0 0 1 2 1 0 1 0 1 5 0 0 1 1 0 0 9 0 0 0 0 0 155 789 0 0 0 0 0 0 0 0 22 4 3 0 0 0 0 0 0 0 0 0 0 0 0 0 0 0 0 26 0 0 3 12 41 23 168
0 0 0 0 0 0 0 0 0 0 0 0 0 0 0 0 11 0 2 0 3 0 0 0 0 0 0 0 0 0 0 0 0 0 0 0 0 0 0 0 0 0 0 0 0 1885 37 0 0 1 0 0 0 0 0 0 0 0 0 0 0 0 0 0 0 0 0 0 0 0 0 0 0 0 0 0 0 0 0 0 0 0 0 0 0 10 0 0 0 0 0 0 0 1 0 0 1 0 0 0 0 0 0 18 0 8 0 0 0 0 0 1 3 0 0 0 0 0 0 0 0 0 0 0 0 0 0 0 0 0 0 4 0 2 0 0 0 0 0
0 0 0 0 0 0 0 0 0 0 1 3553 1613 0 2489 17 122 1 15 7 18 0 9 9 0 0 1 8 13 0 0 0 0 1 2 3 438 7 2 2 3 31 0 0 0 16 0 0 0 46 0 0 0 8 0 7 8 1 0 8 8 0 8 8 8 6 8 7 8 6 0 0 3 0 0 0 0 0 0 0 0 0 0 16 0 0 0 0 0 6 0 0 0 0 0 0 4 0 0 0 0 0 0 29200 0 0 0 0 0 0 0 58 18 2 2 0 0 0 0 3 0 0 0 0 0 0 0 0 0 0 9 190 0 104 20 0 12 6 195
0 0 0 0 0 0 2 3 0 23 109 28 214 171 0 0 15 0 1 9 0 0 0 0 0 0 39 0 21 0 0 0 0 75424 0 1 0 0 0 8 0 0 3 0 42 0 2 349 0 1 0 0 0 0 0 0 0 0 0 1 0 0 0 0 0 4 0 0 0 0 0 102 15 2061 0 61 0 0 0 3 0 0 0 0 0 0 0 108 0 0 0 0 0 0 4 0 1 0 0 0 0 0 0 146 0 0 0 0 0 0 0 0 0 34 27 0 0 0 0 0 0 0 0 0 0 0 0 0 0 0 1 334 0 0 0 0 0 0 0
0 0 0 0 0 0 3 4 0 0 112 13 24 36 0 0 672 0 1 9 0 0 0 0 0 1 32 0 19 0 0 0 0 0 87038 0 0 0 0 106 0 0 2 0 34 115 7 34 15 358 217 7 0 0 0 0 0 0 0 1 0 0 6037 0 0 2 0 0 0 0 0 93 12 29 0 60 0 10 3 3 2 44 0 0 0 222 0 1 1 0 0 0 0 0 3 0 11 0 0 0 0 0 104 563 670 0 0 0 0 0 0 177 0 23 1006 0 0 76 0 0 0 0 0 0 0 0 0 0 10 0 0 35 0 0 8 0 0 0 7
0 0 0 0 0 0 0 0 0 0 0 1 60 0 0 0 0 0 0 0 0 0 0 0 0 0 0 0 0 0 0 0 0 0 270 86386 0 0 0 15 0 0 0 0 0 0 0 1 0 0 0 0 0 0 0 0 0 0 0 0 0 53 0 0 1017 0 0 0 0 0 0 3 0 0 0 0 0 0 0 0 0 0 0 0 0 0 0 0 0 0 0 0 0 0 0 0 0 0 0 0 0 0 0 613 0 0 0 0 0 0 0 0 0 0 5 0 0 0 0 0 0 0 1 0 0 0 0 0 0 0 2 27 0 26 4 0 0 0 11
0 0 0 0 0 0 0 0 0 0 0 0 0 0 0 0 0 0 0 0 0 0 0 0 0 0 0 0 0 0 0 0 0 0 0 0 0 0 0 0 0 0 0 0 0 0 0 0 0 0 0 0 0 0 0 0 0 0 0 0 0 0 0 0 0 0 0 0 0 0 0 0 0 0 0 0 0 0 0 0 0 0 0 0 0 0 0 0 0 0 0 0 0 0 0 0 0 0 0 0 0 0 0 579 0 0 0 0 0 0 0 0 0 0 0 0 0 0 0 0 0 0 0 0 0 0 0 0 0 0 0 0 0 0 0 0 0 0 0
0 0 0 0 0 0 0 0 0 0 0 0 0 0 1 0 0 0 0 0 0 0 0 0 0 4 0 0 0 4 2 0 0 0 0 0 1200 0 0 0 0 0 0 0 1 151 4 5 0 0 0 0 0 0 0 0 0 0 0 0 0 0 0 36 0 0 0 189 0 304 0 0 8 13 0 0 0 0 2 0 2 0 0 0 0 0 0 0 0 0 0 0 0 0 0 0 0 0 0 0 0 0 0 13 0 0 0 0 0 0 0 0 0 0 0 0 0 648 0 0 0 0 0 0 0 0 0 0 0 0 1 275 0 5 2 0 0 0 6
0 0 0 0 0 0 1 1 0 0 39 5 12 0 0 24 1099 0 5 61 0 0 0 0 0 2 52 0 138 2 0 0 0 0 0 0 0 0 89111 2 0 0 0 0 41 3266 90 94 0 5 15 0 0 0 0 0 0 0 0 1 0 0 0 0 0 4 0 0 5348 0 0 138 20 39 0 57 0 16 3 5 4 2 0 25 0 17 11 31 0 0 0 0 0 0 8 0 24 0 0 0 0 0 0 93 0 29 0 0 0 0 0 0 0 15 15 0 0 1469 0 0 0 4 6 0 0 0 0 0 0 0 6 43 0 46 16 0 0 0 27
0 0 0 0 0 0 0 0 0 0 0 0 0 0 0 0 0 0 0 0 0 0 0 0 0 0 0 0 0 0 0 0 0 0 0 0 0 0 0 17 0 0 0 0 0 0 0 0 0 0 0 0 0 0 0 0 0 0 0 0 0 0 0 0 0 0 0 0 0 0 0 0 0 0 0 0 0 0 0 0 0 9 0 0 0 0 0 0 0 0 0 0 0 0 0 0 0 0 0 0 0 0 0 145 0 0 0 0 0 0 0 0 0 0 161 0 0 0 0 0 0 0 0 0 0 0 0 0 0 0 0 0 0 0 0 0 0 0 0
0 0 0 0 0 0 20 0 2 1 1 6 0 0 6 0 61 2 63 9 78 0 0 1 0 14 15 0 11 13 0 0 0 0 0 1 0 0 1 7 0 3 2 4 1 0 0 2 0 5223 2001 0 0 0 0 4 0 3 0 1 0 0 0 0 1 1 0 0 0 0 0 14 0 0 0 29 0 7 17 10 6 2 0 152 10 27 22 11 21 0 0 0 0 0 0 1 91 0 0 0 0 0 0 14260 0 0 0 0 0 0 0 2189 0 12 23 0 0 0 2 0 0 0 0 0 0 0 0 0 0 0 6 97 0 0 7 0 70 4 24
0 0 0 0 0 0 0 0 0 0 7 1 2 0 0 0 0 0 1 9 1 0 0 0 0 0 12 0 0 0 0 1 1023 0 0 0 0 0 0 1 0 0 0 6360 2 167 0 12 0 0 0 0 0 0 0 0 0 0 0 0 0 0 0 0 0 0 0 0 0 1 0 23 8 0 0 0 0 874 0 11 0 0 0 0 3 7 4 8 5 0 0 0 0 0 0 0 0 0 0 0 0 0 0 1 0 0 0 0 0 0 0 0 0 1 10 0 0 27 0 0 0 0 0 0 0 0 0 0 0 0 0 6 0 0 0 0 28 24 0
0 0 0 0 0 0 0 0 0 0 0 0 0 0 0 0 0 0 0 0 0 0 0 0 0 0 0 0 0 0 0 0 0 0 0 0 0 0 0 0 0 0 0 0 0 0 0 0 0 0 0 0 0 0 0 0 0 0 0 0 0 0 0 0 0 0 0 0 0 0 0 0 0 0 0 0 0 0 0 0 0 0 0 0 0 0 0 0 0 0 0 0 0 0 0 0 0 0 0 0 0 0 0 0 0 0 0 0 0 0 0 0 0 0 0 0 0 0 0 0 0 0 0 0 0 0 0 0 0 0 0 0 0 0 0 0 0 0 0
0 0 0 0 0 0 0 0 0 0 0 7 0 0 0 0 0 0 0 6 0 0 0 0 0 0 0 0 0 0 0 0 0 0 0 0 0 0 0 0 0 0 0 0 0 0 0 0 0 3 0 0 5863 0 0 0 0 0 0 0 0 0 0 0 0 0 0 0 0 0 0 0 0 0 0 0 0 0 0 0 0 0 0 0 0 0 0 0 0 0 0 0 0 0 0 0 0 0 0 0 0 0 0 0 0 0 0 0 0 0 0 0 0 0 0 0 0 0 0 0 0 0 0 0 0 0 0 0 0 0 0 0 0 0 0 0 0 0 0
0 0 0 0 0 0 0 0 0 0 0 0 0 0 0 0 0 0 0 0 0 0 0 0 0 0 0 0 0 0 0 0 0 0 0 0 0 0 0 0 0 0 0 0 0 0 0 0 0 0 0 0 0 0 0 0 0 0 0 0 0 0 0 0 0 0 0 0 0 0 0 0 0 0 0 0 0 0 0 0 0 0 0 0 0 0 0 0 0 0 0 0 0 0 0 0 0 740 0 0 0 0 0 0 0 0 0 0 0 0 0 0 0 0 0 0 0 0 0 0 0 0 0 0 0 0 0 0 0 0 0 0 0 0 0 0 0 0 0
0 0 0 0 0 0 0 0 0 0 0 0 0 0 0 0 0 0 0 0 0 0 0 0 0 0 0 0 0 0 0 0 0 0 0 0 0 0 0 0 0 0 0 0 0 0 0 0 0 0 0 0 0 0 0 0 0 0 0 0 0 0 0 0 0 0 0 0 0 0 0 0 0 0 0 0 0 0 0 0 0 0 0 0 0 0 0 0 0 0 0 0 0 0 0 0 0 0 0 0 0 0 0 0 0 0 0 0 0 0 0 0 0 0 0 0 0 0 0 0 0 0 0 0 0 0 0 0 0 0 0 0 0 0 0 0 0 0 0
1 24 7 200 720 1077 3 2053 19 7 11 495 1 19 38913 312 74 9 5 64 0 0 0 0 0 721 40254 0 0 721 1742 0 338 57 7 45 1055 36775 148 305 578 5 14 76 0 84 74 70 158 943 99 120 32765 0 86 281 116 278 0 380 69 0 0 86 140 123 101 137 106 105 0 6720 62082 40326 39385 43198 9325 304 1635 2819 1357 610 337 77 175 61 57 165 101 22 80 26 237 3303 71 5 1850 0 0 0 0 0 0 4 0 0 0 0 0 0 0 16 2 16 36 57 0 0 7001 168 5486 923 17362 417 1486 0 0 0 0 0 9 2855 0 83 27 168 40 234 119
0 0 0 0 65 0 0 0 0 0 4 3 0 0 1 6 0 0 3 38 0 731 0 905 0 7302 59 3 0 7302 251 0 202 18 26 99 14 116 22 10 10 14 16 10 20 2 2 1 7 52 92 55 2053 3 0 126 5 6 0 0 4 0 5 5 33 7 5 6 6 6 0 187 49 72 0 0 77 188 237 651 174 6690 698 7 0 0 0 0 853 0 0 0 2 45 0 423 83 0 9275 0 0 0 0 0 0 0 0 0 0 0 0 91 0 0 1 1 0 0 0 0 0 0 0 0 0 0 0 0 0 0 0 0 0 0 0 0 0 0 0
0 0 0 0 0 0 0 0 0 0 0 0 0 0 0 0 0 0 0 1 0 0 0 0 0 0 0 957 0 0 0 0 0 0 0 0 0 0 0 0 0 0 0 0 0 0 0 0 0 0 0 0 0 957 934 782 950 97 694 868 953 808 895 929 903 738 951 828 895 754 0 0 0 0 0 0 0 0 0 0 0 0 0 0 0 0 0 0 0 0 0 0 0 0 0 0 0 0 0 0 0 0 0 0 0 0 0 0 0 0 0 0 0 0 1 1 0 0 0 0 0 0 0 0 0 0 0 0 0 0 0 0 0 0 0 0 0 0 0
0 0 0 0 0 0 0 0 0 0 0 0 0 0 0 0 0 0 0 0 0 0 0 0 0 0 0 5 0 0 0 0 0 0 0 0 0 0 0 0 0 0 0 0 0 0 0 0 0 0 0 0 0 5 0 4 5 0 0 4 5 4 4 4 4 0 0 4 4 3 0 0 0 0 0 0 0 0 0 0 0 0 0 0 0 0 0 0 0 0 0 0 0 0 0 0 0 0 0 0 0 0 0 0 0 0 0 0 0 0 0 0 0 0 0 0 0 0 0 0 0 0 0 0 0 0 0 0 0 0 0 0 0 0 0 0 0 0 0
0 0 0 0 3 0 0 0 0 0 2 0 0 0 0 0 1830 0 0 0 0 0 0 0 0 0 0 0 0 0 0 0 0 0 0 0 0 0 2 0 0 0 0 9 0 0 0 0 0 0 0 0 0 0 0 173 1 7 0 0 1 0 0 1 39 1 1 1 0 0 0 0 0 0 0 12 0 0 1 0 0 37 0 0 0 0 0 1 0 0 0 0 0 0 0 0 0 0 0 0 0 0 0 0 0 0 0 0 0 0 0 146 0 11 0 0 0 0 0 0 0 0 0 0 0 0 0 0 0 0 0 0 0 0 0 0 0 0 0
0 0 0 0 0 0 0 0 0 0 0 5 0 0 0 0 0 0 3 38 0 0 0 0 0 4152 0 0 14 4166 794 0 39 0 0 0 0 0 0 0 0 0 0 4 0 0 0 0 0 0 0 0 0 6 5 5 6 1 0 0 6 5 5 0 0 4 6 0 3 4 0 0 0 0 0 53 0 0 736 1 0 3845 0 0 0 0 0 15 0 0 0 0 0 0 13 12 0 0 0 0 0 0 0 0 0 0 0 0 0 0 0 184 0 66 2 0 0 0 0 0 0 0 0 0 0 0 0 0 0 0 0 0 0 0 0 0 3 0 0
0 0 0 0 0 0 0 0 0 0 0 5 0 0 1 2 0 0 3 34 0 0 0 0 0 5484 49 0 11 5484 0 0 34 0 0 0 2 81 0 0 0 0 0 2 0 2 45 0 0 0 48 0 0 3 0 2 3 0 0 0 0 0 0 3 0 0 0 3 3 0 0 0 0 87 0 49 0 0 0 27 61 5063 0 0 0 0 0 13 0 0 3 0 0 0 4 11 110 0 0 0 0 0 0 0 0 0 0 0 0 0 0 132 0 32 1 0 0 0 0 0 0 0 0 0 0 0 0 0 0 0 0 0 0 0 0 0 0 0 0
0 0 0 0 0 0 0 0 0 0 1 0 0 0 0 0 1535 0 1 9 0 0 0 0 0 819 0 0 0 820 343 0 1 0 0 0 0 0 0 0 0 0 0 0 0 0 0 8 0 0 0 0 0 0 0 0 0 0 0 1 0 0 0 0 0 0 0 0 0 0 0 15 0 0 0 7 0 0 303 0 1 760 0 0 0 0 0 3 88 0 0 0 0 0 0 0 0 0 0 0 0 0 0 0 0 0 0 0 0 0 0 90 0 26 0 0 0 0 0 0 0 0 0 0 0 0 0 0 0 0 0 0 0 0 0 0 0 0 0
0 0 0 0 13 0 0 0 1 0 0 3 0 0 4 0 0 0 0 0 0 0 0 0 0 133 0 0 0 0 63 0 0 0 1 0 2 38 2 0 0 0 0 14 0 0 0 0 0 0 0 0 0 0 0 0 0 9 0 0 0 0 0 0 0 2 0 0 0 0 0 0 0 97 0 0 0 0 66 82 0 159 0 0 0 0 0 3539 114 0 0 0 0 0 0 0 0 0 0 0 0 0 0 0 0 0 0 0 0 0 0 50 0 7 0 0 0 0 0 0 0 0 0 0 0 0 0 0 0 0 0 0 0 0 0 0 0 0 0
0 83 50 0 85 92 414 270 37 28 6 0 0 20 0 241 1975 0 0 0 0 0 0 0 0 7 0 0 0 0 0 0 0 0 1 0 4 0 0 3 1 0 0 3 0 0 0 0 0 9 0 0 0 0 0 0 0 1 0 0 0 0 0 0 0 0 0 0 0 1 10 0 0 1 0 0 0 0 0 0 7 9 0 0 0 0 0 0 0 0 0 0 0 0 0 0 0 0 0 0 0 0 0 0 0 0 0 0 0 0 0 2 0 0 1 0 0 0 0 0 0 2 0 0 0 0 0 0 0 0 0 64 0 21 0 19 0 5 0
0 195 118 142 114 96 234 112 4 4 13 0 0 3 0 113 0 0 0 2 0 1 0 0 1 1 5 0 4 1 41 0 9 0 1 0 9 0 0 8 3 8 0 8 0 2 0 0 0 209 0 0 0 0 0 0 0 3 0 0 0 0 0 0 0 0 0 1 0 2 2 1 0 0 0 0 0 0 0 0 0 0 0 0 0 0 0 0 0 0 0 0 0 0 0 0 0 0 0 0 0 0 0 0 0 0 0 0 0 0 0 133 0 0 1 0 0 0 0 0 182 0 0 0 0 0 0 0 0 0 7 137 0 37 55 0 6 116 504
0 0 0 0 439 307 0 1969 110 79 325 117 60 48 0 945 0 0 9 0 12 0 0 0 2 0 0 0 0 1 1 0 0 0 19 0 18 0 1 1 2 0 0 23 0 0 0 5 0 0 0 0 0 0 0 0 0 0 0 0 0 0 0 0 0 0 0 0 0 0 2 0 0 0 0 0 0 0 0 1 0 1 0 0 0 0 0 3 0 0 0 0 0 0 0 0 0 0 0 0 0 0 0 0 0 0 0 0 0 0 0 0 0 0 0 0 0 0 0 0 355 0 0 0 0 0 0 0 0 0 0 21 0 18 0 0 0 0 0
0 0 0 0 0 0 0 0 0 38 122 30 24 29 16 0 0 0 0 4 0 0 0 0 0 0 0 0 11 0 0 0 0 0 7 0 4 0 0 145 0 45 21 0 45 0 0 523 0 1 0 0 0 0 0 0 0 0 0 0 0 0 0 0 0 5 0 0 0 0 0 1 0 1 0 1 0 0 0 4 0 65 0 36 0 0 0 176 0 0 0 0 0 0 8 2 0 0 0 0 0 0 0 0 0 0 0 0 0 0 0 0 0 6 1206 0 0 864 0 0 0 0 1 9 0 0 0 0 0 0 0 0 0 0 0 7 35 31 78
0 0 0 0 0 0 0 0 95 0 0 71 56 67 37 0 1 0 1 7 0 0 0 0 0 0 1 0 22 0 0 0 0 0 0 0 0 0 0 41 0 126 47 0 104 0 0 1060 0 2 0 0 0 0 0 0 0 0 0 0 0 0 20 0 0 11 0 0 0 0 0 3 0 0 0 2 0 0 0 9 0 16 0 95 1 1 1 357 0 0 0 0 0 0 15 3 2 0 0 0 0 0 0 0 2 0 0 0 0 0 0 0 0 13 321 0 0 852 0 0 0 0 1 0 0 0 0 0 0 0 0 0 0 36 0 20 7 37 61
0 0 0 0 0 0 0 0 0 0 0 0 0 0 0 0 0 0 0 0 0 0 0 0 0 0 0 0 1 0 0 0 0 0 0 0 0 0 0 0 0 0 0 0 2 0 0 0 0 0 0 0 0 0 0 0 0 0 0 0 0 0 0 0 0 0 0 0 0 0 0 0 0 0 0 0 0 0 0 0 0 0 0 0 0 0 0 0 0 0 0 0 0 0 0 0 0 0 0 0 0 0 0 0 0 0 0 0 0 0 0 0 0 0 0 0 0 137 0 0 0 1 0 0 0 0 0 0 0 0 0 0 0 0 0 0 0 0 4
0 0 0 0 0 0 0 0 51 59 165 48 0 43 25 0 0 0 0 6 0 0 0 0 0 0 7 0 18 0 0 0 0 0 0 0 0 0 0 106 0 0 10 0 72 0 42 55 0 1 0 0 0 0 0 0 0 0 0 0 0 0 0 409 0 8 0 2157 0 3462 0 1 0 0 0 6 0 0 0 6 0 31 0 28 0 0 1 0 0 0 0 0 0 0 0 4 0 0 0 0 0 0 0 89 0 0 0 0 0 0 0 0 0 11 854 0 0 0 0 0 0 0 0 0 0 0 0 0 0 0 0 0 0 0 0 12 23 9 20
0 0 0 0 0 0 0 0 812 1167 225 55 29 320 29 0 262 0 1 13 0 0 0 0 0 52 0 0 20 0 120 0 1 1 15 4 159 0 21 1170 4 0 0 0 82 0 0 9 0 2 0 0 0 0 0 0 0 142 0 0 0 0 0 0 0 27 0 7 0 36 0 0 0 0 0 0 0 0 112 7 2 57 0 0 0 0 1 31 0 0 0 0 0 0 0 4 4 0 0 0 0 0 0 1 0 0 0 0 0 0 0 0 0 12 28 0 0 0 0 0 0 0 0 1 0 0 0 0 0 0 0 4 0 0 12 83 0 36 1
0 0 0 0 0 0 0 0 27 31 60 20 13 0 10 0 120 0 1 15 0 0 0 0 0 0 0 0 25 0 0 0 0 0 3 0 3 0 0 1 0 0 35 0 76 0 0 0 0 1 0 0 0 0 0 0 0 0 0 0 0 0 0 0 0 8 0 0 0 0 0 0 0 0 0 0 0 0 0 6 0 0 0 0 0 0 0 0 0 0 0 0 0 0 1 6 0 0 0 0 0 0 0 0 0 0 0 0 0 0 0 0 0 11 9 0 0 465 0 0 0 13 3 28 0 0 0 0 0 0 0 34 0 263 42 0 0 95 708
0 0 0 0 0 0 0 0 0 0 0 0 0 0 0 0 0 0 0 1 0 0 0 0 0 0 0 0 2 0 0 0 0 0 0 0 0 0 0 0 0 0 145 0 115 0 0 0 0 0 0 0 0 0 0 0 0 0 0 0 0 0 0 0 0 13 0 0 0 0 0 0 0 0 0 0 0 0 0 9 0 0 0 0 0 0 0 0 0 0 0 0 0 0 0 0 0 0 0 0 0 0 0 0 0 0 0 0 0 0 0 0 0 0 1 0 0 0 0 0 0 0 0 0 0 0 0 0 0 0 0 1 0 0 0 0 0 0 0
0 0 0 0 0 0 0 0 109 91 271 72 54 560 38 0 0 0 1 7 0 0 0 0 0 0 4 0 23 0 0 0 0 0 16 1 30 0 14 100 0 0 0 132 214 0 0 292 0 0 0 0 102 0 0 0 0 3 0 0 0 0 0 0 0 24 0 3 1 5 0 2 0 0 0 3 0 0 0 18 0 0 0 0 0 0 0 99 0 0 0 0 0 0 4 1 0 0 0 0 0 0 3 0 0 0 0 0 0 0 0 0 0 16 10 0 0 0 0 0 0 0 0 0 0 0 0 0 0 0 0 0 0 0 0 9 0 19 10
0 0 0 0 0 3 2 0 6478 10690 85 4220 7014 3358 2037 0 991 0 4 51 0 0 0 0 0 202 64 151 45 196 19 0 8 0 0 33 2444 183 50 315 2584 0 14878 350 734 38 0 1125 19 14 0 3 133 151 133 123 150 1057 105 125 150 128 142 201 142 329 150 417 142 579 40 30 19 33 0 88 0 0 24 398 7 175 1 3009 29 11 18 390 14 0 0 0 2 4 17 25 402 0 0 0 0 0 0 12 0 0 0 0 0 0 0 375 0 1187 79 0 0 2079 0 0 0 0 7 384 0 0 0 0 0 0 1 141 4 130 0 430 79 260 342
1 0 0 0 0 0 0 0 0 0 24 4 3 2 1 0 6344 0 63 20 78 0 0 2 0 2 36 111 82 2 4 78 2 0 0 27 0 1 0 0 7 0 0 5 3 0 0 0 0 2 0 0 0 112 0 91 111 295 0 0 111 70 104 109 106 123 111 100 105 94 31 52 4 4 0 36 0 0 4 4 5 2 0 372 0 7 0 19 0 0 0 0 0 0 0 0 0 0 0 26 4 11 0 26 0 24 0 0 0 0 0 0 79 0 1 0 64 489 0 15 0 23 8 0 0 0 0 35 11 0 43 5 0 7 199 0 240 3 41
0 0 0 0 0 0 0 0 93 120 88 20 16 45 11 0 0 0 0 6 0 0 0 0 0 0 0 0 3 0 0 0 0 0 3 11 8 3 2 149 0 0 0 0 35 0 0 39 0 0 0 0 0 0 0 0 0 18 0 0 0 0 0 2 0 6 0 8 0 13 2 1 0 0 0 1 0 0 0 4 0 0 0 128 1 1 1 20 0 0 0 0 0 0 0 2 2 0 0 0 0 0 0 0 0 0 0 0 0 0 0 0 0 4 4 0 0 508 0 0 0 0 4 0 0 0 0 0 0 0 0 0 0 126 3 59 0 22 2
0 0 0 0 0 0 0 0 0 0 0 1 0 0 1 0 0 0 0 0 0 0 0 0 0 0 0 0 0 0 0 0 0 0 0 0 0 0 0 0 0 0 0 0 0 0 0 0 0 0 0 0 0 1 0 1 1 1 0 0 1 0 1 1 1 7 1 1 1 0 0 0 0 0 0 0 0 0 0 5 0 0 0 18 0 1 0 6 0 0 0 0 0 0 0 0 0 0 0 1 0 0 0 7 0 1 0 0 0 0 0 0 0 0 0 0 0 0 0 0 0 0 0 0 0 0 0 0 0 0 0 0 0 0 0 0 380 0 139
0 0 0 0 0 0 0 0 22 0 131 21 0 0 8 9 0 1 4 57 0 0 0 0 0 70 123 0 135 71 3 0 228 0 7 2 9 35 1 41 2 0 0 6 49 0 9613 2263 472 42 299 0 0 2 0 2 3 2 59 0 2 0 2 0 0 7 2 0 2 4 3 0 22 41 0 125 0 210 7 14 7 85 0 41 7 62 29 775 16 0 0 21 0 0 299 78 236 0 0 0 0 0 0 0 0 63 0 0 0 0 0 366 0 85 337 0 0 0 0 0 0 0 0 7 45 0 0 0 0 0 3 1 0 0 0 337 42 0 64
171 156 98 70 16 3 0 47 0 0 5 8 0 0 0 1 2189 741 123 413 0 0 0 1 0 36 115 0 42 37 62 0 3 0 0 2 0 742 0 42 7 41 19 0 35 0 0 249 0 11 0 219 1 2 0 3 3 0 0 0 3 0 2 0 0 6 3 0 1 13 1 0 422 817 0 149 74 0 76 16 23 66 0 28 0 3 7 269 9 0 0 0 0 0 0 11 284 0 0 8 12 16 0 7 21 23 0 0 0 0 0 0 0 526 265 0 0 0 0 0 0 0 115 0 0 31 0 81 22 0 88 408 0 27 46 217 375 231 2804
0 0 0 0 9 0 0 0 0 0 0 0 0 0 0 0 0 154 106 79 104 0 0 0 0 31 219 12 0 32 219 103 0 0 0 1 0 0 1 21 0 0 2 0 5 0 0 0 0 1 0 0 8 57 23 50 58 20 30 0 57 15 53 0 0 47 58 0 52 47 0 0 47 91 0 237 0 0 203 37 40 33 0 0 0 0 0 3648 96 0 0 0 0 0 55 55 0 0 0 0 49 0 0 8 0 30 0 0 0 0 0 0 77 0 4 0 0 0 0 0 0 129 59 33 9 0 0 0 0 0 0 0 0 2343 2 0 0 192 5
2 3 2 147 32 5 19 83 1 0 2 6 0 0 1 69 256 959 2627 542 3106 0 0 0 0 87 29 33 52 93 773 3097 227 1 1 9 22 11 2 67 1 0 138 53 106 0 165 190 0 4950 3110 96 7 44 0 39 44 20 0 0 44 0 41 0 0 48 44 0 36 40 10 48 6 10 0 45 0 0 740 168 71 134 0 10 7 9 12 95 45 0 10 0 24 19 188 0 1299 0 0 0 0 0 0 1989 0 0 0 0 0 0 0 3839 3022 159 290 0 0 45 677 0 0 16 1 0 75 0 0 0 0 0 48 141 0 53 27 5 52 122 1383
0 0 0 0 0 0 0 0 0 0 0 0 0 0 0 0 0 0 0 3 0 0 0 0 0 0 4 8 1 0 0 0 0 0 0 1 0 0 0 848 0 0 0 0 7 0 0 0 0 0 1107 0 1 10 0 9 11 1 0 0 11 6 9 10 7 9 10 9 10 8 19 212 0 0 0 5 0 0 0 1 0 56 0 0 0 0 0 1 0 0 0 0 0 0 0 3 0 0 0 0 0 0 0 26 0 0 0 0 0 0 0 1312 0 91 1037 0 0 0 0 0 0 0 0 0 0 0 0 0 146 0 0 0 0 0 0 0 300 0 0
14 24 7 276 7 53 21 17 2 0 21 23 3 0 5 0 591 1 112 125 132 0 0 0 0 149 253 0 140 238 2849 8 773 1 4 8 295 550 33 943 138 752 329 798 183 0 213 1997 0 0 0 11027 16 86 0 82 89 414 0 0 88 74 81 93 82 140 88 120 85 139 18 11 285 553 0 397 0 495 3378 840 214 349 0 530 0 16 161 728 29 0 132 23 327 190 161 113 185 0 0 31 0 6 0 35 25 29 0 0 2 2 2 7714 0 463 1546 0 145 425 0 0 0 0 102 174 0 0 0 788 213 0 1074 824 0 433 254 268 372 470 760
3 45 12 21 17 11 17 10 24 0 42 16 1 18 1 31 68 108 81 176 69 0 0 5 0 88 150 109 292 89 210 68 57 1 6 8 123 157 1 93 6 0 243 29 573 11 0 204 0 105 0 0 16 110 3 93 110 17 0 0 110 75 103 110 104 149 110 113 103 115 142 0 89 172 0 139 0 2 823 121 96 121 0 0 0 0 0 83 17 0 0 61 0 22 19 64 0 0 0 34 14 22 0 58 33 33 0 0 0 0 0 167 0 908 696 0 253 0 0 0 0 0 67 119 0 0 0 1224 593 0 1991 1503 0 1024 441 0 1660 791 551
0 0 0 0 11 0 0 0 0 0 6 0 0 0 0 0 0 1 0 0 0 0 0 0 0 0 0 0 0 0 0 0 0 0 0 0 0 0 0 0 0 0 0 0 0 0 0 0 0 0 0 0 0 0 0 1322 3 0 0 8 2 1 0 1 292 0 0 2 2 0 0 0 0 0 0 1 0 0 0 0 0 0 1550 0 0 0 0 0 142 0 0 0 0 0 0 0 0 0 0 0 0 0 0 0 0 0 0 0 0 0 0 0 0 0 0 0 0 0 0 0 0 0 0 0 0 0 0 0 0 0 0 0 0 0 0 0 0 0 0
0 0 0 0 0 0 0 0 0 0 0 0 0 0 0 0 0 0 0 0 0 0 0 0 0 0 0 0 0 0 0 0 0 0 0 0 0 0 0 0 0 0 0 0 0 0 0 0 0 0 0 0 0 0 0 0 0 0 0 0 0 0 0 0 0 0 0 0 0 0 0 0 0 0 0 0 0 0 0 0 0 0 0 0 0 0 0 0 0 0 0 0 0 0 0 0 0 0 0 0 0 0 0 0 0 0 0 0 0 0 0 0 0 0 0 0 0 0 0 0 0 0 0 0 0 0 0 271 0 0 0 0 0 0 0 0 0 0 0
2 2 1 0 3 2 0 10 4 2 5 9 4 1 10 1 5931 1 296 130 360 0 13 0 9 88 0 5897 212 88 44 361 70 1 2 6 21 2 2 256 8 0 351 21 921 9 18 0 45 119 178 0 6 5900 0 4837 5860 604 5686 5498 5681 5753 4735 5727 657 3993 4161 5107 5516 4610 431 0 3 5 0 34 0 0 47 99 57 98 0 87 427 169 156 291 73 0 17 0 28 7 0 28 0 0 0 0 0 0 0 2 0 0 0 0 0 0 0 255 365 1415 304 127 0 6 407 3974 0 0 0 13132 814 383 0 657 292 0 140 581 0 157 125 67 950 399 1118
0 0 0 0 0 0 0 0 0 0 0 0 0 0 0 0 0 0 0 0 0 0 0 0 0 0 0 0 0 0 0 0 0 0 0 0 0 0 0 0 0 0 0 0 0 0 0 0 0 0 0 0 0 0 0 0 0 0 0 0 0 0 0 0 0 0 0 0 0 0 0 0 0 0 0 0 0 0 0 0 0 0 0 0 0 0 0 0 0 0 0 0 0 0 0 0 0 0 0 0 0 0 0 0 0 0 0 0 0 0 0 0 0 0 0 0 0 0 0 0 0 0 0 0 0 0 0 0 0 0 0 0 0 0 0 0 0 0 0
0 0 0 0 0 0 0 0 0 0 0 0 0 0 0 0 0 0 0 0 0 0 0 0 0 0 0 0 0 0 0 0 0 0 0 0 0 0 0 0 0 0 0 0 0 0 0 0 0 0 0 0 0 0 0 0 0 0 0 0 0 0 0 0 0 0 0 0 0 0 0 0 0 0 0 0 0 0 0 0 0 0 0 0 0 0 0 0 0 0 0 0 0 0 0 0 0 0 0 0 0 0 0 0 0 0 0 0 0 0 0 0 0 0 0 0 0 0 0 0 0 0 0 0 0 0 0 0 0 0 0 0 0 0 0 0 0 0 0
0 0 0 0 0 0 0 0 0 0 0 0 0 0 0 0 0 0 0 0 0 0 0 0 0 0 0 0 0 0 0 0 0 0 0 0 0 0 0 0 0 0 0 0 0 0 0 0 0 0 0 0 0 0 0 0 0 0 0 0 0 0 0 0 0 0 0 0 0 0 2 0 0 0 0 0 0 0 0 0 0 0 0 0 0 0 0 0 0 0 0 0 0 0 0 0 0 0 0 0 0 0 0 0 0 0 0 0 0 0 0 0 0 0 0 0 0 0 0 0 0 0 0 0 0 0 0 0 0 0 0 0 0 0 0 0 0 0 0
2679 7394 5830 2029 9849 11066 643 5316 525 171 592 421 2208 793 74 2283 1516 8 624 86 779 284 245 0 1 64 251 129 151 65 276 779 30 3 37 7 89 159 5 58 13 0 465 29 1073 0 9 0 247 187 128 76 14 131 0 109 132 20 0 0 0 27 0 128 0 0 0 119 124 76 253 485 164 169 0 232 0 0 269 113 126 64 55 9 47 24 17 50 205 0 3 0 0 2851 58 216 278 0 0 0 0 0 1715 0 0 0 0 0 0 0 0 206 778 876 74 0 0 47 15264 0 0 5350 5743 0 119 0 0 238 201 0 310 335 0 154 50 32 214 57 527
0 0 0 0 27 0 0 0 0 0 4 4 0 0 0 0 0 2 0 6 0 0 54 0 0 110 11 250 0 111 591 0 189 0 0 1 14 21 1 11 11 0 2 19 153 16 1 2 2122 1035 300 195 0 253 0 223 253 31 116 0 62 149 0 241 0 0 0 221 238 164 9 155 12 21 0 17 0 113 573 182 84 106 855 0 0 0 0 0 418 0 0 0 0 497 0 0 0 0 0 0 0 0 74298 0 0 0 0 0 0 0 0 411 0 3 6 0 0 0 0 0 0 2963 1902 0 0 0 0 43 0 0 0 0 0 0 0 0 0 0 0
0 0 0 0 0 0 0 0 0 0 0 0 0 0 0 0 0 0 0 0 0 0 0 0 0 0 0 193 0 0 0 0 0 0 0 0 0 0 0 0 0 0 0 0 0 0 0 0 0 0 0 0 0 196 0 160 195 20 61 0 0 89 0 189 0 0 0 169 183 113 0 0 0 0 0 1 0 0 0 0 0 0 0 0 0 0 0 0 0 0 0 0 0 0 0 0 0 0 0 0 0 0 0 0 0 0 0 0 0 0 0 0 0 0 0 0 0 0 0 0 0 0 0 0 0 0 0 0 0 0 0 0 0 0 0 0 0 0 0
15 23 6 150 2624 4 617 3887 40 35 0 83 49 87 37 15 18 5 1 12 0 42 138 0 0 5 0 103 11 5 193 0 44 0 12 0 16 79 1 1 3 0 0 16 6 8 0 0 1369 0 0 0 0 106 0 86 105 12 0 0 0 0 0 102 0 0 0 92 99 47 90 0 45 85 0 3 0 0 184 17 7 8 0 0 0 26 17 1 70 0 0 0 0 1797 0 1 8 0 0 0 0 0 0 2 0 0 0 0 46722 46718 46722 1570 0 342 6 0 0 113 0 0 0 0 0 503 0 0 0 234 0 0 91 168 0 545 15 235 0 138 625
0 0 0 0 0 0 0 0 0 0 0 0 0 0 0 0 0 0 0 1 0 0 0 0 0 0 0 785 0 0 0 0 0 0 0 0 0 0 0 0 0 0 0 0 0 0 0 0 0 0 0 0 0 787 0 644 782 80 653 531 601 683 0 764 0 0 0 681 736 581 0 0 0 0 0 4 0 0 0 0 0 0 0 0 0 0 0 0 0 0 0 0 0 0 0 0 0 0 0 0 0 0 0 0 0 0 0 0 0 0 0 0 0 0 1 0 0 0 0 0 0 0 0 0 0 0 0 0 0 0 0 0 0 0 0 0 0 0 0
0 0 0 0 0 0 0 0 0 0 0 0 0 0 0 0 0 0 0 0 0 0 0 0 0 0 60 0 0 0 0 0 0 0 0 0 0 76 0 0 0 0 0 0 0 21 175 244 814 0 0 0 0 0 0 1 2 0 0 0 0 0 0 0 0 0 0 1 1 0 0 685 46 87 0 58 0 0 1 6 2 1 0 0 0 0 0 92 0 0 0 0 0 0 0 0 0 0 0 0 0 0 0 0 0 0 0 0 0 0 0 0 0 0 3 0 0 0 0 0 0 0 0 0 0 0 0 0 0 0 0 0 0 0 0 0 0 0 0
0 0 0 0 0 0 0 0 0 0 0 0 0 0 0 0 0 0 0 4 0 0 0 0 0 0 79 4932 0 0 0 0 0 0 0 0 3 103 0 0 0 0 0 0 0 3 40 15 124 0 0 0 0 4935 0 4040 4908 502 4746 4592 4734 4804 3872 4794 0 3186 3295 4275 4619 3851 0 3535 61 116 0 100 0 0 0 1 0 0 0 0 0 0 0 20 0 0 0 0 0 0 0 0 0 0 0 0 0 0 0 0 0 0 0 0 0 0 0 0 0 1 6 0 0 0 0 0 0 0 0 0 0 0 0 0 0 0 0 0 0 0 0 0 0 0 0
0 0 0 0 0 0 0 0 0 0 0 0 0 0 0 0 0 2 0 2 0 0 0 0 21 0 0 662 0 0 0 0 0 0 0 0 0 0 0 0 0 0 0 0 0 0 0 0 0 0 0 0 33 664 0 543 660 67 433 433 510 577 14 644 0 0 0 574 621 491 0 0 0 0 0 2 0 0 0 0 0 0 0 0 0 0 0 0 0 0 0 0 0 0 0 0 0 0 0 0 0 0 0 0 0 0 0 0 0 0 0 0 0 0 0 0 0 0 0 0 0 0 0 0 0 0 0 0 0 0 0 0 0 0 0 0 0 0 0
0 0 0 0 0 0 0 0 0 0 0 0 0 0 0 0 0 3 0 3 0 0 0 0 28 0 0 1712 0 0 0 0 0 0 0 0 0 0 0 0 0 0 0 0 0 0 0 0 0 0 0 0 89 1714 0 1402 1703 174 1558 1418 1513 1597 821 1663 0 662 0 1483 1603 1309 0 0 1 0 0 9 0 0 0 0 0 0 0 0 0 0 0 0 0 0 0 0 0 0 0 0 0 0 0 0 0 0 0 0 0 0 0 0 0 0 0 0 0 0 1 0 0 0 0 0 0 0 0 0 0 0 0 0 0 0 0 0 0 0 0 0 0 0 0
0 0 0 0 0 0 0 0 0 0 0 0 0 0 0 0 0 0 0 0 0 0 0 0 0 0 7 0 0 0 0 0 0 0 0 0 0 0 0 0 0 0 0 0 0 2 24 7 179 0 0 0 0 0 0 0 0 0 0 0 0 0 0 0 0 0 0 0 0 0 0 113 9 15 0 11 0 0 0 1 0 0 0 0 0 0 0 16 0 0 0 0 0 0 0 0 0 0 0 0 0 0 0 0 0 0 0 0 0 0 0 0 0 0 1 0 0 0 0 0 0 0 0 0 0 0 0 0 0 0 0 0 0 0 0 0 0 0 0
0 0 0 0 0 0 0 0 0 0 0 1 0 0 0 0 0 0 2 23 0 0 0 0 0 507 0 0 0 507 2682 0 855 0 0 0 0 2 0 0 0 0 0 0 0 0 0 0 0 0 0 0 0 0 0 1 0 0 0 0 0 0 0 0 0 0 0 0 0 0 0 4 2 2 0 2 0 777 2488 703 358 468 0 0 0 0 0 0 6 0 0 0 0 1 0 0 0 0 0 0 0 0 0 0 0 0 0 0 0 0 0 0 0 0 0 0 0 0 0 0 0 0 0 0 0 0 0 0 0 0 0 0 0 0 0 0 0 0 0
0 0 0 0 0 0 0 0 0 0 0 0 0 0 0 0 0 0 0 0 0 0 0 0 0 0 0 39 0 0 0 0 0 0 0 0 0 0 0 0 0 0 0 0 0 0 0 0 0 0 0 0 1 42 0 34 41 4 0 0 0 0 0 40 0 0 0 36 39 0 0 0 0 0 0 0 0 0 0 0 0 0 0 0 0 0 0 0 0 0 0 0 0 0 0 0 0 0 0 0 0 0 0 0 0 0 0 0 0 0 0 0 0 0 0 0 0 0 0 0 0 0 0 0 0 0 0 0 0 0 0 0 0 0 0 0 0 0 0
0 0 0 0 0 0 0 0 0 0 0 0 0 0 0 0 0 0 0 0 0 0 0 0 0 0 0 0 0 0 0 0 0 0 0 0 0 0 0 0 0 0 0 0 0 0 0 0 0 0 0 0 0 0 0 0 0 0 0 0 0 0 0 0 0 0 0 0 0 0 0 0 0 0 0 0 0 0 0 0 0 0 0 0 0 0 0 0 0 0 0 0 0 0 0 0 0 0 0 0 0 0 0 0 0 0 0 0 0 0 0 0 0 0 0 0 0 0 0 0 0 0 0 0 0 0 0 0 0 0 0 0 0 0 0 0 0 0 0
0 0 0 0 0 0 0 2 0 0 0 413 1 0 21 0 0 1 1 23 0 0 0 138 2 66 136 23 0 102 26 0 73 0 0 0 0 5 0 3 0 0 0 0 0 372 19 2433 0 0 0 405 82 23 7 21 25 3 0 0 24 14 20 0 0 18 21 0 0 19 129 0 3 0 129 126 9998 0 56 18 30 97 0 0 0 23 17 928 17 113 9 468 47 29 925 376 901 0 0 0 0 0 0 2 0 0 0 0 0 0 0 809 0 35 51 0 0 0 0 0 0 0 0 0 0 0 0 0 0 0 0 1 0 0 0 0 184 0 315
0 0 0 0 0 0 0 0 0 0 0 0 0 0 0 0 0 0 0 0 0 0 0 0 1 0 0 0 0 0 0 0 0 0 0 0 0 0 0 0 0 0 0 0 0 0 0 0 0 0 0 0 0 0 0 0 0 0 0 0 0 0 0 0 0 0 0 0 0 0 4 0 0 0 0 0 0 0 0 0 0 0 0 0 0 0 0 0 0 0 0 0 0 0 0 0 0 0 0 0 0 0 0 0 0 0 0 0 0 0 0 0 0 0 0 0 0 0 0 0 0 0 0 0 0 0 0 0 0 0 0 0 0 0 0 0 10 0 6
254 2919 1059 542 1054 27 2477 13 0 0 50 27 0 0 20 6 16 0 3 0 3 0 0 54 4 0 4 0 0 0 0 3 2 0 2 2 2 0 0 2 0 0 0 1 0 0 0 0 0 1 0 0 6 2 0 2 2 0 0 0 2 0 1 0 0 1 0 0 0 1 11 68 0 0 0 3 0 0 0 0 0 11 0 0 0 0 14 1 0 0 0 0 0 0 0 0 0 0 0 0 0 0 0 3 1 0 0 0 0 0 0 0 0 0 10 0 0 0 0 0 0 0 0 0 0 0 0 0 0 0 0 0 0 0 0 0 123 5 72
281 127 209 130 494 4 915 5 853 2064 2758 1098 668 660 514 181 680 4 174 205 199 0 149 205 35 6831 3930 688 158 6845 2885 194 3631 6 161 7 487 2031 15 42 151 507 505 253 2106 4571 3299 283 3280 5298 1604 2838 7912 742 734 648 751 359 529 759 747 744 692 674 624 849 746 690 704 666 1827 0 1001 2184 0 3537 881 3215 2881 1409 1478 6327 1614 895 12677 2294 646 1474 1482 458 8 194 38 0 522 698 0 0 237 11 139 26 0 161 62 1309 57 0 0 0 0 2110 120 2849 75 0 0 114 456 0 11 312 90 509 0 0 0 104 20 0 183 2644 0 819 330 0 656 732 11971
1 0 0 0 3941 0 0 8 0 0 1 1 22 0 0 0 0 25 9 13 8 0 602 650 0 0 0 0 0 1 3 3 1 0 0 0 0 1 0 4 0 0 0 0 1 0 0 0 0 0 0 0 0 0 0 0 0 8 0 0 0 0 0 0 0 0 0 0 0 0 0 0 0 0 0 0 0 0 1 0 1 2 0 0 0 0 0 0 0 0 0 0 0 0 0 0 0 15 0 0 49 0 0 1257 0 8 0 0 12 12 12 0 0 16 8 0 0 0 43 0 0 0 0 0 0 0 0 0 0 0 0 0 0 0 0 0 92 0 15
12 8 5 0 58 0 203 66 52 48 244 164 54 37 40 15 393 1735 919 1022 1006 0 0 0 0 555 905 214 295 559 356 1006 1453 3 20 6 591 376 11 263 5 674 138 1435 56 187 0 1265 1797 174 411 1257 57 332 329 306 334 212 100 243 333 50 311 341 323 288 334 378 284 404 3185 0 201 390 0 927 0 1173 422 274 432 568 0 369 48 58 66 647 533 61 11 218 18 48 1358 947 1257 0 0 74 61 66 0 66 72 70 17 0 28 28 28 746 884 27 185 0 0 110 0 0 0 23 88 171 197 114 0 189 102 0 378 525 0 354 76 301 295 233 1402
1 0 0 310 40 10 471 207 8 0 20 21 2 0 6 0 0 812 329 610 224 0 0 12 0 541 359 39 64 542 35 203 20521 2 4 12 36 49 10 7 16 162 2345 8 22 0 267 42 647 446 0 0 8 73 4 168 75 356 42 0 74 26 68 71 94 105 74 69 0 65 6 144 1 4 0 358 0 0 40 55 94 521 513 145 0 89 87 287 71 230 51 536 46 96 579 368 703 0 0 0 0 0 0 0 0 0 0 0 6 6 6 273 177 898 27 0 0 0 190 0 0 0 0 8 0 0 0 0 0 0 75 426 0 97 45 0 1 55 41
0 0 0 0 0 0 0 0 0 0 0 2 0 0 0 0 2 4 1207 23 1521 0 0 0 0 0 0 1 0 0 2019 1484 1 0 0 0 1 0 0 0 0 0 0 0 1 0 0 0 0 0 0 0 0 2 0 1 2 0 0 0 2 0 2 0 1 1 2 1 0 1 0 0 0 0 0 0 0 0 0 0 29 1 0 0 0 0 0 0 0 0 0 57 54 0 0 8 0 0 0 0 0 0 0 0 0 0 0 0 6 6 6 0 1460 0 2 0 0 0 171 0 0 22 21 0 0 0 0 0 0 0 0 0 0 29 0 19 27 0 185
0 0 0 0 0 0 0 0 0 0 0 0 0 0 0 0 0 0 37 0 47 0 0 0 0 45 0 0 0 0 231 27 0 0 0 0 0 0 0 0 0 0 0 0 0 0 0 0 0 0 0 0 0 0 0 2 0 0 0 0 0 0 0 0 0 0 0 0 0 0 0 0 0 0 0 0 0 0 213 0 61 43 0 0 0 0 13 2 0 0 0 0 0 0 0 0 0 0 0 0 0 0 0 0 0 0 0 0 4 4 4 0 0 0 1 0 0 0 11 0 0 0 0 0 0 0 0 0 0 0 0 0 0 0 0 0 0 0 19
1 1 0 0 0 0 1 1 0 0 0 0 0 0 0 0 8 6 3647 33 4596 0 0 42 1 36 1 0 0 38 0 4535 1 0 0 0 1 0 0 1 0 0 0 1 1 0 0 0 0 0 0 0 0 0 0 1 0 0 0 0 0 0 0 0 0 0 0 0 0 0 0 0 0 0 0 0 0 0 0 0 0 36 0 0 0 1 0 3 0 0 0 0 0 0 0 0 0 0 0 0 0 0 0 0 0 0 0 0 21 21 21 0 4331 0 4 0 0 0 613 0 0 0 0 0 0 0 0 0 0 0 0 0 0 0 0 0 269 0 44
27 16 31 4 4 2 4 11 6 0 34 23 1 0 0 0 13 43 578 19 720 0 0 50 1 0 0 0 0 0 0 720 0 0 0 0 0 0 0 0 36 0 0 0 1 0 0 0 0 0 0 0 2 0 0 0 0 21 0 0 0 0 0 0 0 3 0 2 0 3 2 0 0 0 0 0 0 0 0 0 0 0 0 0 0 0 0 0 0 0 0 0 0 0 0 0 0 0 0 0 0 0 0 39 0 42 0 0 2 2 2 0 506 0 0 0 0 0 53 0 0 0 0 0 0 0 0 0 0 0 0 0 0 0 0 0 0 6 147
2 2 1 45 335 0 67 30 1 1 23 18 0 2 1 17 24 3757 2474 1918 2324 0 0 0 0 6 13 25 2 211 160 2323 12 0 1 0 1 1 0 9 0 0 162 5 46 10 10 63 32 32 23 73 0 25 14 114 33 3 0 0 30 20 23 29 49 30 32 29 29 23 772 6 1 3 0 25 12 0 160 29 921 284 0 12 0 0 0 0 4009 4961 14 1621 15 0 2498 2333 493 0 0 0 0 0 0 0 0 0 0 0 727 727 727 59 2236 1191 147 0 0 0 306 0 39 0 6 0 0 0 0 0 0 0 3 4 0 0 0 4 0 2 33
0 0 0 0 0 0 0 0 199 41 0 390 28 0 537 0 0 33 98 17 118 0 0 0 0 90 54 19 0 87 390 114 0 0 0 0 0 1 0 1 0 0 0 0 0 0 0 13 0 21 0 27 4 19 0 19 23 2 0 20 22 9 18 20 21 18 23 20 21 17 160 0 0 0 0 51 0 0 366 130 5 74 0 0 0 0 0 1 0 220 0 919 0 7 130 149 0 0 0 0 0 0 0 0 0 0 0 0 18 18 18 20 94 63 15 0 0 0 0 0 0 0 0 0 0 0 0 0 0 0 0 1 0 0 0 0 0 0 4
0 0 0 2 173 0 13 6 4 1 8 10 1 0 10 0 0 651 275 347 207 0 0 0 0 51 38 27 0 51 80 207 100 0 0 0 0 1 0 4 0 0 29 0 420 0 10 3 0 16 11 922 3 27 0 36 28 3 0 29 27 27 25 27 29 68 28 24 26 22 20 18 0 1 0 37 0 14 135 138 5 64 129 3 0 4 0 0 2257 453 0 247 0 0 37 51 525 0 0 0 0 0 0 0 0 0 0 0 113 113 113 4 183 386 35 0 0 0 17 0 0 0 0 0 0 0 0 0 0 0 0 1 0 3 0 0 0 6 12
0 0 0 0 4 0 0 0 18 0 9 35 2 0 50 0 0 41 146 21 176 0 0 0 0 16 5 1 0 16 52 176 0 0 0 0 0 0 0 0 0 0 0 0 0 0 0 1 0 2 0 15 1 2 0 8 3 0 0 5 2 0 2 2 4 2 3 2 2 2 0 0 0 0 0 5 0 0 49 0 0 16 12 0 0 0 0 1 45 0 0 14 0 0 21 23 2 0 0 0 0 0 0 0 0 0 0 0 24 24 24 2 157 1 1 0 0 0 0 0 0 0 0 0 0 0 0 0 0 0 0 0 0 0 0 0 0 0 0
0 0 0 0 15 0 1 0 96 21 19 190 13 0 260 0 0 202 197 112 206 0 0 0 0 15 22 9 0 15 11 206 7 0 0 1 0 0 0 1 0 0 1 0 5 0 0 12 0 9 0 88 2 11 0 144 13 1 0 20 12 0 10 12 42 11 13 12 12 10 8 0 0 0 0 24 0 0 18 0 13 19 145 1 0 2 0 0 190 587 0 1799 6 10 93 234 21 0 0 0 0 0 0 0 0 0 0 0 139 139 139 9 36 582 14 0 0 0 38 0 0 0 0 0 0 0 0 0 0 0 0 2 0 2 0 0 0 0 6
0 0 0 0 22 0 0 0 0 0 1 8 1 0 12 0 0 38 142 20 171 0 0 0 0 0 0 0 0 0 0 171 0 0 0 0 0 0 0 1 0 0 0 0 0 0 0 0 0 0 0 0 0 1 0 3 2 0 0 0 2 0 1 0 0 1 2 0 1 1 270 0 0 0 0 0 0 0 1 0 0 1 34 0 391 0 338 0 283 0 0 0 0 0 0 0 0 0 0 0 0 0 0 0 0 0 0 0 31 31 31 0 75 47 8 0 0 0 0 0 0 0 16 0 0 0 0 0 0 0 0 0 0 0 0 0 0 0 1
0 0 0 0 39 0 1 0 0 0 2 2 0 0 0 0 0 339 604 172 690 0 0 0 0 14 0 1 0 0 39 690 9 0 0 0 0 0 0 1 0 0 10 0 107 0 0 0 0 7 0 0 0 1 0 59 2 0 0 0 2 0 1 1 14 14 2 1 0 1 89 0 0 1 0 3 0 0 40 18 134 55 0 7 0 0 0 0 0 0 0 485 0 0 1298 527 33 0 0 0 0 0 0 0 0 0 0 0 130 130 130 16 624 82 39 0 0 0 330 0 0 0 0 0 0 0 0 0 0 0 0 0 0 0 0 0 0 0 0
1 1 0 6 192 0 11 0 113 100 935 247 129 87 120 77 346 1606 2210 900 2440 0 109 109 0 376 402 204 20 386 761 2439 259 3 57 17 258 14 4 152 28 87 1803 977 614 286 28 583 222 230 171 386 60 204 21 335 207 49 152 200 206 172 191 203 232 231 206 213 175 218 4726 0 10 12 0 369 0 0 737 114 479 427 0 0 0 146 0 1264 1875 0 336 601 479 353 1443 1188 545 0 25 152 177 186 0 132 189 172 120 88 0 0 0 291 2273 1591 605 0 0 0 29 0 0 94 176 51 0 0 0 69 0 0 340 375 0 646 33 0 191 81 366
0 0 0 0 4 0 0 0 47 43 135 47 30 37 1 108 145 10 6 17 6 0 0 1 0 10 21 0 25 11 10 5 22 0 9 49 84 2 1 58 5 7 131 65 108 27 73 11 0 29 0 38 1 5 0 7 5 10 0 4 5 2 5 6 2 17 5 16 5 25 6 0 2 6 0 54 0 0 22 25 17 18 0 14 10 10 7 94 42 0 0 0 0 0 97 228 0 0 46 34 28 19 1 148 156 138 108 104 0 0 0 33 0 101 95 0 0 0 0 0 0 0 0 0 0 0 155 541 212 0 1011 107 0 110 0 0 148 84 0
5 7 3 79 47 9 15 47 3 2 52 37 4 1 7 0 46 455 521 251 560 0 22 23 0 11 5 39 6 12 17 560 32 0 3 0 20 2 2 18 6 15 18 18 31 0 14 9 2 45 0 0 2 57 51 84 57 12 54 57 57 54 54 56 60 49 57 53 53 51 457 0 1 3 0 31 0 0 0 14 19 23 0 0 0 0 0 567 0 0 548 0 641 289 581 159 517 0 163 192 302 316 0 342 323 290 197 141 0 0 0 39 297 506 28 0 0 0 0 0 0 0 0 222 138 146 0 0 0 1 1676 8 0 306 14 0 0 62 624
0 0 0 0 3 0 0 1 20 17 16 203 0 16 5 12 171 23 48 39 57 0 0 0 0 12 3 8 51 13 18 56 38 0 1 0 2 1 0 27 1 0 24 6 22 4 31 13 0 9 0 26 3 16 0 16 16 6 6 13 16 7 15 13 6 15 16 14 14 17 20 0 3 9 0 50 0 0 0 28 26 26 0 96 8 22 0 41 24 0 1674 0 0 523 149 401 0 0 13 9 13 13 0 15 13 12 10 8 0 0 0 6 45 232 198 0 0 0 0 0 0 0 0 0 0 596 65 232 156 0 774 316 0 23 0 0 72 235 1
0 0 0 0 8 0 0 0 0 2 78 15 0 3 1 8 387 2301 299 1161 22 0 0 1 0 48 48 6 27 49 106 22 2 0 4 0 2 0 0 9 1 0 50 1 41 3 50 5 0 3 0 0 2 10 0 15 10 2 0 0 10 0 10 8 2 13 10 9 0 12 115 0 0 1 14 50 0 0 101 30 20 101 25 0 6 7 0 61 104 0 159 0 0 0 422 762 0 0 0 0 0 0 0 0 0 0 0 0 0 0 0 6 17 146 97 0 0 0 0 0 0 0 0 0 0 0 0 39 34 0 194 181 0 61 0 0 29 68 0
12 11 10 71 13 4 7 40 0 0 1 4 1 0 0 49 36 25 56 76 60 0 27 37 0 41 0 0 32 42 18 60 76 0 0 0 0 6 0 28 0 0 36 0 41 0 20 0 0 53 0 0 3 25 1 23 25 3 0 23 25 21 23 18 23 23 25 20 22 20 153 0 5 10 0 23 0 0 9 34 171 55 0 0 0 0 0 51 0 0 0 0 0 0 0 618 67 0 0 7 0 0 0 48 44 41 0 0 0 0 0 31 24 1931 490 0 0 0 0 0 165 0 23 97 0 0 0 0 0 0 50 86 0 237 0 0 87 40 97
0 0 0 0 0 0 0 0 0 0 0 0 0 0 0 0 16 0 0 0 1 0 0 0 0 0 0 0 0 0 0 1 0 0 0 0 0 0 0 0 0 0 0 0 1 0 0 0 6 0 0 0 0 0 0 0 0 0 0 0 0 0 0 0 0 0 0 0 0 0 4 0 0 0 0 0 0 0 0 0 0 0 0 0 0 0 0 0 0 0 0 0 0 0 0 0 0 0 0 0 0 0 0 0 0 0 0 0 0 0 0 0 0 0 7 0 0 0 11 0 59 0 37 0 0 0 0 0 0 0 0 0 0 70 0 0 0 0 0
1 0 0 0 0 0 0 0 0 0 3 33 0 0 0 0 9 183 40 179 324 0 0 17 0 185 276 0 96 191 732 324 94 495 0 6 31 0 0 48 18 0 3 0 4 0 0 58 0 84 0 197 9 42 32 35 43 5 0 4 43 0 39 39 35 34 42 42 24 46 70 0 4 20 364 410 0 0 658 32 40 206 0 23 0 0 0 23 0 0 1811 0 1082 1239 0 7 0 0 0 2 0 1 0 10 0 7 0 0 0 0 0 111 311 1085 441 0 0 108 2 0 0 124 372 0 0 0 0 15 0 0 670 2886 0 670 212 937 36 154 1507
15 6 4 5 4 3 25 5 4 3 16 2 3 10 3 2 25 0 3 0 4 9 15 15 0 56 18 18 5 56 24 4 18 0 1 0 7 8 0 30 1 5 15 6 18 26 8 12 25 99 25 16 0 18 18 17 18 4 18 18 18 18 17 17 17 16 18 16 17 15 22 10 4 9 18 0 9 18 23 16 75 53 59 6 68 8 9 51 4 9 0 17 0 3 9 9 7 0 0 0 0 0 0 0 0 0 140 139 0 0 0 13 4 16 14 1 5 11 1 3 24 3 1 3 0 5 3 7 3 2 6 13 1 15 7 9 14 9 26
195 81 46 66 56 41 325 61 51 45 205 26 36 125 35 31 234 1 45 29 54 117 0 197 0 746 232 230 33 746 314 54 236 1 13 5 89 107 2 405 16 66 166 86 229 341 93 143 343 1325 290 143 2 230 230 229 231 52 232 233 231 227 215 227 228 209 231 214 217 203 29 135 58 110 0 184 33 235 307 216 989 653 801 81 900 110 117 683 49 0 0 0 0 44 97 112 70 0 0 0 0 0 0 1 0 3 1676 1667 0 0 0 301 0 197 179 0 0 0 7 0 304 0 13 18 0 0 0 69 17 0 67 162 0 127 75 98 173 116 320
7 3 2 2 2 2 12 2 2 2 8 1 1 5 1 1 10 0 2 2 2 4 7 7 0 25 9 9 3 25 11 2 8 0 0 0 3 4 0 13 1 2 0 3 0 10 0 1 10 44 0 0 0 9 8 9 9 2 9 9 9 9 8 9 9 8 9 8 9 8 19 5 2 4 0 1 0 8 10 7 34 23 27 3 30 4 4 23 2 0 0 0 0 2 0 4 0 0 0 0 0 0 0 0 0 0 57 57 0 0 0 6 0 10 9 0 0 0 0 0 15 2 1 0 2 0 0 0 2 0 0 6 0 0 0 0 0 6 11
28 12 7 10 8 6 47 9 7 6 29 4 5 18 5 4 33 0 7 6 8 17 28 28 0 107 33 33 10 107 45 8 34 0 2 1 13 15 0 58 2 10 0 12 25 13 0 0 49 189 6 0 0 33 24 33 33 7 33 33 33 30 31 33 33 30 33 31 31 29 1 20 8 15 0 0 0 34 44 31 141 29 114 12 129 16 17 98 7 0 0 0 0 6 7 16 2 0 0 0 0 0 0 0 0 0 248 247 0 0 0 0 0 29 26 0 0 0 1 0 44 6 2 0 0 0 0 0 0 0 4 21 0 0 0 0 23 17 44
21 9 5 7 6 5 36 7 6 5 23 3 4 14 4 3 5 0 5 4 6 13 22 22 0 82 26 25 8 82 35 6 26 0 1 1 10 12 0 45 2 7 0 9 17 11 0 5 38 146 0 0 0 25 24 25 25 6 25 26 25 22 24 25 25 23 25 24 24 22 0 15 6 11 0 22 0 26 34 24 109 4 88 9 99 12 13 75 5 0 0 0 0 5 6 12 0 0 0 0 0 0 0 0 0 0 184 183 0 0 0 0 0 22 20 0 0 10 1 0 34 4 1 0 0 0 4 0 4 0 8 15 0 0 0 0 15 13 36
50 21 12 17 14 0 84 16 13 0 53 7 9 32 9 8 120 0 12 10 14 27 51 51 0 192 60 59 18 192 81 14 61 0 3 1 23 27 1 104 0 8 51 22 61 87 26 38 88 341 85 53 0 59 59 59 59 13 0 0 59 58 55 58 58 54 59 55 56 52 18 34 15 29 54 42 29 61 79 56 255 179 206 21 232 28 30 176 13 31 0 57 1 11 29 29 20 0 0 0 0 0 0 0 0 1 422 420 0 0 0 90 13 50 46 0 11 0 1 3 75 9 3 9 31 14 7 22 10 6 19 42 0 46 23 25 45 30 82
0 0 0 0 0 0 0 0 0 0 0 0 0 0 0 0 0 0 0 0 0 0 0 0 0 1 0 0 0 1 0 0 0 0 0 0 0 0 0 0 0 0 0 0 0 0 0 0 0 0 0 0 0 0 0 0 0 0 0 0 0 0 0 0 0 0 0 0 0 0 1 0 0 0 0 0 0 0 0 0 1 0 1 0 1 0 0 1 0 0 0 0 0 0 0 0 0 0 0 0 0 0 0 0 0 0 2 2 0 0 0 0 0 0 0 0 0 0 0 0 0 0 0 0 0 0 0 0 0 0 0 0 0 0 0 0 0 0 0
10 4 2 3 3 2 17 3 3 0 11 1 2 7 9 2 18 0 2 2 3 5 10 10 0 39 12 12 4 39 17 3 13 0 0 2 5 0 0 21 1 3 11 5 13 18 0 0 18 70 0 0 0 12 12 12 12 3 12 12 12 9 11 12 12 11 12 11 12 11 0 6 20 0 0 11 0 12 16 1 52 37 42 4 48 6 6 36 3 0 0 0 0 2 0 6 0 0 0 0 0 0 0 0 0 0 2 2 0 0 0 19 0 11 10 0 0 0 0 0 16 2 5 0 7 0 1 0 13 2 4 5 0 0 0 0 1 6 17
6 2 1 1 2 1 0 2 2 0 6 1 0 0 1 1 11 0 1 1 2 2 6 6 0 22 7 7 2 22 9 2 7 0 0 0 3 3 0 12 0 2 0 3 0 0 0 0 10 40 0 0 0 7 7 7 7 2 7 7 7 4 6 7 7 6 7 6 6 6 0 0 2 2 0 0 0 7 9 6 29 0 24 2 27 3 3 20 1 0 0 0 0 1 0 3 0 0 0 0 0 0 0 0 0 0 48 47 0 0 0 0 0 6 5 0 0 0 0 0 0 0 0 0 0 0 0 0 1 0 0 2 0 0 0 0 0 3 7
94 39 23 32 27 20 158 30 25 22 99 13 18 61 17 15 86 0 22 19 26 57 96 96 0 363 113 111 35 363 153 26 115 0 6 2 44 52 1 198 8 33 67 42 108 166 25 65 167 645 124 61 1 111 77 159 112 25 112 112 112 50 104 110 121 101 112 103 105 98 4 66 28 53 0 101 0 115 149 105 481 274 331 40 438 54 57 332 24 0 0 0 0 21 42 54 30 0 0 0 0 0 0 0 0 0 0 0 0 0 0 0 0 100 91 0 0 0 4 0 155 19 7 9 27 0 0 0 0 0 31 80 0 46 28 0 85 59 161
139 58 33 48 40 30 233 44 36 32 147 19 26 90 25 22 49 0 37 79 39 85 141 141 0 536 166 165 199 536 226 39 170 1 10 4 65 77 2 331 12 48 116 63 166 247 49 94 247 956 207 112 1 165 158 234 165 37 166 166 165 150 154 163 178 150 165 153 155 145 6 98 41 80 45 150 11 169 220 156 711 457 489 58 648 79 86 491 35 0 0 0 0 32 69 80 51 0 0 0 0 0 0 0 0 0 3867 0 0 0 0 0 0 556 500 0 0 120 20 0 869 107 38 93 318 82 0 194 92 0 204 462 0 474 243 243 496 328 918
0 0 0 0 0 0 0 0 0 0 0 0 0 0 0 0 0 0 2 0 3 0 0 0 0 0 0 0 0 0 0 3 0 0 0 0 0 0 0 0 0 0 0 0 0 0 0 0 0 0 0 0 0 0 0 0 0 0 0 0 0 0 0 0 0 0 0 0 0 0 0 0 0 0 0 0 0 0 0 0 0 0 0 0 0 0 0 0 0 0 0 0 0 0 0 0 0 0 0 0 0 0 0 0 0 0 0 0 0 0 0 0 3 0 0 0 0 0 0 0 0 0 0 0 0 0 0 0 0 0 0 0 0 0 0 0 0 0 0
0 0 0 0 0 0 0 0 0 0 0 0 0 0 0 0 0 0 0 0 0 0 0 0 0 0 0 0 0 0 0 0 0 0 0 0 0 0 0 0 0 0 0 0 0 0 0 0 0 0 0 0 0 0 0 0 0 0 0 0 0 0 0 0 0 0 0 0 0 0 0 0 0 0 0 0 0 0 0 0 0 0 0 0 0 0 0 0 0 0 0 0 0 0 0 0 0 0 0 0 0 0 0 0 0 0 0 0 64 0 1 2 0 0 0 0 0 0 0 0 0 0 0 0 0 0 0 0 0 0 0 0 0 12 0 0 0 0 0
0 0 0 0 0 0 0 0 0 0 0 0 0 0 0 0 0 0 0 0 0 0 0 0 0 0 0 0 0 0 0 0 0 0 0 0 0 0 0 0 0 0 0 0 0 0 0 0 0 0 0 0 0 0 0 0 0 0 0 0 0 0 0 0 0 0 0 0 0 0 0 0 0 0 0 0 0 0 0 0 0 0 0 0 0 0 0 0 0 0 0 0 0 0 0 0 0 0 0 0 0 0 0 0 0 0 0 0 63 0 0 2 0 0 0 0 0 0 0 0 0 0 0 0 0 0 0 0 0 0 0 0 0 5 0 0 0 0 0
0 0 0 0 0 211 0 0 69 0 203 48 38 29 25 0 2 0 1 4 1 0 0 6 0 0 0 0 0 0 0 0 2 0 11 1 10 22 0 77 8 0 104 1 129 0 0 1 0 0 0 0 0 8 0 8 8 7 0 0 8 0 8 8 8 21 8 7 8 7 0 0 7 24 0 3 0 0 8 11 2 0 0 0 0 0 0 1 0 0 0 0 0 0 0 2 0 0 0 0 364 384 0 44 0 357 211 128 0 0 0 0 0 68 2 0 8 0 0 0 0 0 0 0 0 0 0 11 0 0 64 145 0 16 0 0 18 26 32
0 0 0 0 0 0 0 0 31 34 628 445 148 40 214 220 589 1505 1595 790 1690 0 0 0 0 180 79 0 86 181 38 1690 33 34 36 1 76 42 2 43 4 37 0 24 2 87 2 0 0 72 45 205 6 0 0 17 0 8 0 2 0 0 0 1 4 2 0 3 0 5 7219 32 23 41 0 64 0 0 0 126 0 0 0 0 0 0 0 0 0 0 3 0 0 0 0 62 0 0 66 127 201 207 0 104 206 184 166 153 0 0 0 182 0 404 198 0 0 0 92 0 15 375 311 79 101 0 0 194 137 0 863 636 60 596 91 38 352 183 492
0 0 0 0 0 0 0 0 0 0 22 1 1 0 0 0 0 0 4 10 4 0 1 1 1 0 0 0 0 0 4 1 3 0 0 0 0 0 0 36 0 0 0 0 4 0 0 11 0 0 0 0 0 1 0 1 1 0 0 0 1 0 1 0 0 1 1 1 1 1 140 0 0 0 0 0 0 0 4 3 6 9 0 0 0 0 0 0 0 0 0 0 0 0 0 16 0 0 0 0 0 0 0 0 0 0 0 0 5 5 5 0 0 0 111 0 0 0 0 0 10 0 0 0 0 0 0 0 0 0 0 3 0 0 0 0 0 0 0
0 0 0 0 0 0 0 0 0 0 0 0 0 0 0 0 0 0 0 0 0 0 0 0 925 0 0 0 0 0 0 0 0 0 0 0 0 0 0 0 0 0 0 0 0 0 0 0 0 0 0 0 0 0 0 0 0 0 0 0 0 0 0 0 0 0 0 0 0 0 162 0 0 0 0 0 0 0 0 0 0 0 0 0 0 0 0 0 0 0 0 0 0 0 0 0 0 0 0 0 0 0 0 0 0 0 0 0 0 0 0 0 0 0 0 0 0 0 0 0 0 0 0 0 0 0 0 0 0 0 0 0 0 0 0 0 0 0 0
1809 601 443 912 987 138 407 466 1518 492 942 2404 17378 5481 2342 922 2953 25 4419 3418 5224 0 0 0 82916 4191 6467 61 5106 4193 5689 5224 2361 20514 3911 6981 2110 4170 7197 801 33397 3238 10563 44 7294 3262 8512 2446 299 3321 5180 8786 1785 73 0 1218 118 4621 18 242 101 117 332 151 430 1473 111 362 538 494 4219 6778 3137 4520 6252 5838 2837 2320 5834 25641 5541 4089 7312 16556 2397 1078 2498 9006 5028 4886 5105 799 2586 1381 5139 4012 195 0 1657 254 2806 1528 166 703 1875 2300 1046 977 34 35 34 4955 5187 7255 4329 0 4788 2271 257 1484 2 3372 3448 5444 3450 3808 448 6995 2036 0 12602 66 830 2601 433 1772 2776 6074 2724
185 281 126 701 563 47 82 425 2071 2548 79 8904 7105 3413 4274 1297 6237 437 2473 629 2988 348 633 633 38 1715 10055 4018 588 1717 4647 2984 5935 1 6 210 1541 1958 147 14140 129 599 0 26493 4914 2146 2445 118 2 4044 0 0 568 4030 3806 3582 4031 10195 3864 4033 4031 4006 3769 3944 3878 4923 4029 3579 3801 3299 2358 13 432 830 9768 8964 3298 5825 4316 1200 917 1767 1343 1452 735 691 852 6179 5667 1525 2557 698 2304 1046 1812 2022 2115 0 983 569 925 948 0 890 936 849 828 664 2 2 2 0 2918 3201 2904 0 0 3458 3398 0 56083 1934 1834 3392 770 263 0 847 461 88 1404 2686 0 1655 447 1608 1456 1112 5143
0 0 0 0 8 0 0 0 10 0 42 33 0 0 85 150 0 35 306 40 377 71 1651 1651 0 137 295 34 7 155 150 361 112 0 0 0 60 154 0 44 195 0 0 0 161 629 1101 232 0 51 0 398 14 53 0 50 54 1181 0 55 53 0 50 59 52 210 54 84 50 104 630 30 4 9 0 299 0 7 111 70 193 172 30 147 48 33 72 425 100 117 80 352 849 630 225 230 0 0 13 274 188 0 20 6839 22 1467 210 0 41 41 41 97 267 276 40 0 0 0 230 0 79 755 296 1833 126 0 0 274 904 0 352 1273 333 775 160 139 408 162 17
7 13 5 3 9 3 6 12 9 22 26 9 22 14 16 0 17 0 13 3 15 0 12 12 0 15 10 5 3 15 13 15 12 21 70 0 38 28 47 10 82 11 15 6 13 18 5 6 0 3 1 9 7 5 0 5 5 217 0 4 5 4 9 6 5 33 5 10 7 13 277 4 0 1 0 0 7 0 0 0 0 0 0 14 0 0 0 8 0 0 1 7 16 9 5 0 0 0 0 0 0 0 0 0 0 0 0 0 0 0 0 11 0 77 39 0 0 0 0 0 0 0 0 0 0 0 0 0 0 0 0 26 0 1 0 0 0 0 21
3 1 0 0 287 1 1 0 2443 3429 1171 1951 2006 1355 128 536 2575 6492 2536 3517 1801 0 0 0 0 1860 501 2748 273 1862 1855 1723 996 20 120 526 2890 1393 38 4208 701 1226 0 1390 3393 87 4676 80 173 6397 2018 2844 376 2752 0 2843 2749 892 1316 2742 2751 2740 2577 2759 2744 2586 2750 2794 2588 2815 646 4060 744 1444 369 467 1000 1006 1967 1649 7782 1910 2880 1269 2263 7136 3115 1168 3744 1724 17 3012 44 35 1657 1540 1538 0 797 241 431 442 0 749 437 387 382 278 2 2 2 2146 1678 3536 864 0 299 831 1175 0 2077 1224 943 2810 0 13 0 261 196 0 566 1108 0 747 172 446 591 421 1998
12 13 9 7 20 10 3 103 1 2 7 8 16 4 6 3 23 1 15 6 18 0 34 34 0 9 26 13 2 9 1 0 0 0 1 0 19 11 0 6 36 10 14 10 12 658 25 19 4 19 14 3 4 13 6 11 13 64 5 13 13 13 12 14 13 20 13 14 13 15 19 18 1 0 0 17 19 17 46 11 3 9 0 12 0 32 0 24 23 0 11 231 178 32 0 0 139 0 0 0 0 0 0 29 0 1 0 0 0 0 0 20 0 0 5 0 0 0 2 0 0 3 2 0 0 0 0 0 0 0 38 3 0 5 0 0 0 8 20
10 11 11 4 0 61 5 14 13 6 17 15 3 0 17 87 905 1 43 63 48 0 60 65 0 214 9 299 59 216 0 48 62 14 16 0 34 63 0 1883 22 35 0 1 1 7323 101 0 0 447 29 69 52 299 293 262 299 87 0 0 299 298 281 292 287 239 299 265 281 244 44 187 36 66 0 12 0 42 0 292 310 199 790 187 47 74 319 31 9 0 31 4 41 28 51 114 0 0 1 0 0 0 0 1 0 69 0 0 0 0 0 109 0 384 13 0 0 0 8124 0 0 0 14 66 0 0 0 0 0 0 64 107 0 33 0 0 46 27 94
0 0 0 0 0 1 0 1 1 1 0 0 0 0 1 2 82 0 1 4 1 0 0 3 0 67 2 76 1 68 17 1 24 0 0 0 0 10 0 193 7 0 0 0 0 11 0 0 0 25 0 0 1 76 72 63 76 8 0 0 76 75 71 74 72 59 76 66 71 60 5 81 6 12 0 2 0 1 0 90 70 62 0 1 2 1 2 0 0 0 0 0 1 0 0 0 0 0 0 0 0 0 0 0 0 0 0 0 0 0 0 5 0 3 1 0 0 0 159 0 0 0 0 0 0 0 0 0 0 0 43 48 0 0 4 0 6 0 0
0 0 0 0 4 0 0 0 33 14 93 30 0 35 1 12 61 1 29 15 35 0 17 19 0 40 24 26 21 40 33 34 45 0 0 4 19 0 0 11 0 0 103 32 327 0 14 0 77 32 0 0 5 26 0 16 26 6 26 26 26 0 24 26 25 57 26 25 24 25 175 36 2 4 0 22 0 0 36 78 26 38 16 9 5 5 7 118 52 0 295 0 201 113 0 20 44 0 0 10 5 6 0 16 8 8 0 0 0 0 0 21 0 137 29 0 0 0 20 0 1 0 18 0 0 0 0 0 0 0 148 171 0 54 0 0 107 27 64
5 431 7 7 56 251 3 7 121 97 2245 395 346 84 193 108 820 1 240 154 287 0 170 171 0 504 361 419 168 502 5371 207 144 4 129 195 197 113 7 638 57 183 1080 323 1652 0 1246 0 0 563 167 165 4 420 0 490 419 104 0 417 419 389 393 413 432 515 419 386 394 365 3829 178 1 120 108 319 0 118 5023 411 683 691 353 242 92 93 109 789 705 48 199 0 196 77 242 228 126 3 7 0 21 26 0 115 0 31 0 0 0 0 0 367 0 835 4197 0 0 0 90 163 452 2358 2427 3266 0 0 0 0 5 0 202 290 0 104 0 0 179 73 285
0 0 0 3 16 0 0 1 98 117 479 81 80 146 40 60 322 58 161 190 174 43 72 72 1 119 164 139 357 119 156 92 256 1 29 2 44 23 2 268 12 2 182 198 221 193 0 199 122 89 0 699 20 139 0 123 139 57 16 139 139 109 130 137 134 138 139 126 131 117 428 100 10 19 111 152 0 222 230 110 165 194 6 52 29 32 53 355 203 92 134 0 0 45 50 190 80 0 145 127 89 93 0 179 95 87 60 0 1 1 1 139 28 1290 1545 0 0 246 110 0 60 136 118 524 621 0 665 2355 1854 0 2813 1217 0 1404 170 224 1396 1420 1148
109 273 176 147 185 194 662 133 360 204 340 728 84 237 427 160 505 16 337 167 405 112 101 102 4 324 73 291 336 324 639 405 223 101 167 426 183 180 188 238 93 116 222 104 196 297 347 142 155 524 65 193 81 237 163 304 291 107 207 282 291 280 283 287 296 257 291 267 285 251 1073 463 102 189 19 72 76 202 624 750 272 360 315 250 555 178 486 157 260 222 0 258 0 4 247 353 291 0 243 174 267 0 0 243 0 243 233 149 0 0 0 284 285 1337 1153 0 48 106 66 129 48 282 291 619 515 0 0 2741 96 0 870 745 0 853 73 30 865 404 1239
11 42 13 5 21 19 1 1 178 58 13 122 6 156 58 41 185 188 79 118 57 18 18 22 4 76 5 0 48 76 116 57 33 1 2 2 37 37 1 177 5 17 0 14 1 14 0 57 94 136 0 0 2 0 0 3 0 5 0 0 0 0 0 1 1 1 0 3 0 5 124 54 20 39 0 5 0 1 113 15 43 162 12 11 21 31 30 25 21 0 0 9 0 0 5 45 0 0 0 68 42 46 0 15 50 46 7 0 1 1 1 0 0 208 1620 0 0 0 8 0 172 159 193 112 29 0 0 0 0 0 31 90 0 0 0 0 69 0 121
4 8 17 8 31 7 13 13 33 0 9 6 5 2 7 28 46 2 30 24 35 15 26 27 14 55 36 28 37 55 32 35 745 18 44 260 29 9 33 9 16 25 0 14 28 65 0 41 28 0 0 0 6 3 0 36 28 10 0 16 27 28 29 28 32 26 28 28 28 29 239 24 0 9 0 32 0 689 34 294 48 51 66 74 60 87 88 109 208 0 0 54 0 0 8 150 19 0 0 0 22 0 0 0 0 0 10 0 0 0 0 33 0 148 2 0 0 0 1 0 18 44 25 947 0 0 0 14403 0 0 37 90 0 0 0 0 5 9 90
2 2 1 211 59 17 25 119 130 174 359 94 57 246 10 112 596 456 879 338 1001 63 105 107 0 254 300 288 0 254 507 999 474 2 24 6 184 72 11 947 68 324 51 321 72 45 1232 1205 337 232 420 2263 40 288 248 246 287 314 259 285 287 281 269 285 275 267 287 276 271 269 805 202 21 42 177 277 259 377 626 209 608 247 48 300 85 83 148 1159 260 469 473 0 381 194 635 679 369 0 293 247 347 356 0 273 0 311 309 236 0 0 0 412 699 420 35 212 0 1537 73 507 3 1135 16 1395 2800 1565 955 3683 2758 0 4300 3551 303 2994 1300 1817 2913 2528 8878
0 0 0 0 0 0 0 0 0 0 0 0 0 0 0 0 1 29 11 19 7 0 0 0 0 7 10 7 9 7 9 0 4 0 0 0 4 4 0 8 1 0 0 2 2 0 0 4 0 4 0 0 1 7 0 6 7 1 0 7 7 0 6 7 6 6 7 6 6 6 2404 5 0 5 0 8 0 0 13 4 5 11 0 2 0 2 1 16 10 0 0 0 0 0 0 9 0 0 0 2 0 0 0 7 0 4 0 0 0 0 0 0 0 35 65 0 0 0 1 0 0 0 0 0 0 0 0 0 0 0 0 59 0 0 0 0 8 0 0
0 0 0 0 0 0 0 0 0 0 0 5 0 0 3 0 0 27 14 14 12 0 4 4 0 8 15 4 0 8 0 0 0 0 0 0 1 0 0 0 0 0 0 0 0 0 0 18 0 5 0 0 1 4 0 4 4 0 0 4 4 0 4 4 4 3 4 4 4 3 296 0 10 20 0 9 0 0 11 4 1 8 0 0 0 0 0 7 0 0 0 0 0 0 0 0 0 0 0 0 0 0 0 2 0 0 0 0 0 0 0 0 0 0 2 0 0 0 0 0 0 0 0 0 0 0 0 0 0 0 0 0 0 0 0 0 0 0 0
36 63 29 1 155 9 256 90 1378 1146 4951 1656 1060 974 810 487 1682 924 184 831 0 571 713 713 58 2284 1593 1269 494 2285 1894 0 2894 16 315 30 2217 1628 35 11616 180 0 2684 878 4830 641 1110 1918 1709 1801 2003 4239 212 1289 1222 1204 1286 800 1217 1277 1287 1246 1207 1312 1253 1615 1286 1420 1211 1502 1068 11 881 1711 1473 1465 1144 2843 2055 1810 4838 2136 724 541 1116 815 676 1385 1668 2248 8 1786 2626 1551 1123 3338 1852 0 1741 1623 1432 1463 6 1545 1439 1277 1315 1266 22 23 22 2174 0 44 69 0 221 0 3541 1439 2710 4325 4533 775 1570 3649 4236 8523 5260 0 4375 3617 0 2745 1694 3366 6392 5823 9928
0 0 0 0 0 2 0 0 10 8 0 1 0 0 0 31 92 1 39 17 48 0 9 23 0 21 8 2 39 21 0 0 0 2 0 49 0 1 0 62 3 0 0 0 6 24 0 0 0 44 0 0 1 2 0 4 4 1 0 8 3 0 3 3 4 4 3 4 5 3 204 72 0 1 0 8 0 0 0 87 28 34 945 6 0 1 0 16 13 0 0 0 0 0 0 0 0 0 0 68 56 75 0 49 92 55 0 0 0 0 0 0 0 137 562 0 0 0 0 0 0 0 16 0 0 0 0 1589 10 0 90 239 0 0 0 0 208 35 137
0 0 0 0 0 0 3 0 4 0 0 1 0 0 0 0 23 286 63 155 17 0 0 0 0 8 10 23 28 8 23 0 2 3 5 6 3 0 0 131 2 6 0 0 1 9 0 0 0 53 0 0 4 23 0 21 23 3 0 23 23 0 22 23 23 18 23 21 23 19 489 62 1 1 0 9 0 0 52 157 26 67 4 9 3 3 7 8 15 0 12 0 20 7 13 16 0 0 0 21 7 11 0 15 16 16 0 0 0 0 0 13 0 70 1224 0 0 0 0 0 9 10 0 133 31 0 0 273 99 0 275 603 0 286 0 0 282 71 140
0 53 21 0 17 0 0 4 72 91 161 27 24 78 12 56 359 0 74 57 87 0 0 0 0 10 159 0 122 10 0 25 229 0 0 30 0 0 118 121 0 0 402 0 185 0 0 14 0 53 0 84 1 0 0 3 1 3 0 6 1 0 3 1 2 22 1 2 8 2 60 545 3 11 158 143 0 136 0 47 11 71 0 72 2 9 13 12 7 25 90 9 57 19 59 49 0 0 0 48 294 115 0 39 50 3 1 0 1 1 1 70 0 443 1136 0 0 0 943 0 22 114 274 1278 259 0 0 2948 769 0 684 1336 0 820 22 0 1615 428 1625
2 0 0 0 5 0 1 0 4 2 7 1 1 3 0 0 0 24 12 15 9 0 1 6 0 14 0 4 6 14 2 0 2 0 0 6 0 0 2 1 1 0 0 1 0 0 0 4 0 0 0 0 1 4 0 4 4 1 0 4 4 3 4 4 4 3 4 3 4 3 165 0 0 0 0 0 0 0 0 21 0 11 2 2 1 2 3 5 4 0 0 3 0 0 0 5 0 0 0 0 0 0 0 3 0 2 0 0 0 0 0 0 0 23 10 0 0 0 46 0 105 0 0 0 0 0 0 0 0 0 0 73 0 0 0 0 0 0 0
0 1 0 0 0 0 2 0 2 1 4 2 0 1 0 0 0 16 14 23 13 0 0 0 0 3 23 7 34 3 0 0 1 0 0 1 0 0 0 11 0 0 0 0 7 5 0 0 0 11 0 0 0 7 0 6 7 1 0 6 7 0 7 7 7 6 7 8 7 8 62 10 2 0 0 10 0 0 37 3 4 0 0 15 0 1 4 5 2 0 0 0 0 0 0 36 0 0 0 0 0 0 0 0 0 0 0 0 38 38 38 0 0 122 119 0 0 0 7 0 0 0 24 0 0 0 0 6 0 0 190 91 0 0 0 0 346 0 166
0 0 0 0 0 0 0 0 1 0 0 8 0 0 0 0 20 0 15 6 18 0 0 0 0 5 3 6 14 5 11 0 0 0 0 0 0 0 0 0 0 0 0 0 0 0 0 0 0 4 0 0 0 6 0 5 6 1 0 6 6 0 5 6 5 6 6 5 5 5 64 0 0 0 0 0 0 0 0 0 0 0 0 0 0 0 0 0 0 0 2 0 0 1 0 1 0 0 0 0 0 0 0 3 0 0 0 0 0 0 0 0 0 31 1 0 0 0 0 0 0 0 16 0 0 0 0 0 0 0 28 46 0 0 0 0 57 0 0
