49
0 0 232 126 230 0 65 202 0 71 0 31 577 844 0 0 119 142 101 163 0 0 16 197 0 1207 608 0 0 0 0 0 0 0 0 0 0 0 0 0 0 31 0 6 0 0 48 0 0
91 0 208 309 198 0 227 388 0 219 0 155 145 422 68 0 307 863 238 326 0 0 131 159 14 243 316 0 0 0 0 0 0 0 0 0 0 0 0 0 0 0 7 67 0 0 179 0 0
0 0 0 133 0 0 0 52 0 0 0 0 35 0 0 0 37 17 26 0 0 0 0 0 0 106 0 0 0 0 0 0 0 0 0 0 0 0 0 0 0 0 0 0 0 0 0 0 0
0 0 0 0 0 0 0 0 0 0 0 0 0 0 0 0 0 0 0 0 0 0 0 0 0 0 0 0 0 0 0 0 0 0 0 0 0 0 0 0 0 0 0 0 0 0 0 0 0
0 0 199 80 0 0 0 256 0 24 0 0 132 503 0 0 143 82 103 79 0 0 0 56 0 189 2037 0 0 0 0 0 0 0 0 0 0 0 0 0 0 0 0 0 0 0 0 0 0
2842 2497 1367 454 4044 0 1634 1930 650 823 570 587 1235 5622 1905 482 1206 2561 951 759 1483 1985 826 1460 1048 2074 3824 239 0 32 0 200 396 119 27 343 319 217 1482 370 441 478 80 468 0 339 1323 354 772
0 0 52 149 31 0 0 323 0 104 0 18 55 159 0 0 181 104 147 171 0 0 0 21 0 87 111 0 0 0 0 0 0 0 0 0 0 0 0 0 0 0 0 0 0 0 1 0 0
0 0 0 14 0 0 0 0 0 0 0 0 0 0 0 0 0 0 0 0 0 0 0 0 0 0 0 0 0 0 0 0 0 0 0 0 0 0 0 0 0 0 0 0 0 0 0 0 0
85 343 583 187 258 0 179 275 0 133 0 216 145 407 421 0 196 336 144 487 0 85 1978 225 134 227 353 0 0 0 0 0 0 0 0 0 43 22 0 44 196 81 2 5 0 0 217 0 0
0 0 32 81 0 0 0 1257 0 0 0 0 14 47 0 0 194 60 320 81 0 0 0 4 0 61 50 0 0 0 0 0 0 0 0 0 0 0 0 0 0 0 0 0 0 0 0 0 0
292 1678 287 310 489 0 461 464 410 265 0 288 185 713 1476 40 285 1689 211 540 280 245 531 423 361 360 1037 0 0 0 0 65 134 94 0 62 176 95 558 132 428 48 56 138 0 160 523 353 134
0 0 395 977 22 0 0 96 0 10 0 0 66 18 0 0 56 20 64 294 0 0 0 59 0 129 67 0 0 0 0 0 0 0 0 0 0 0 0 0 0 0 0 0 0 0 24 0 0
0 0 0 43 0 0 0 46 0 0 0 0 0 0 0 0 9 0 26 33 0 0 0 0 0 41 0 0 0 0 0 0 0 0 0 0 0 0 0 0 0 0 0 0 0 0 0 0 0
0 0 220 74 0 0 0 158 0 0 0 0 481 0 0 0 62 12 60 71 0 0 0 0 0 181 0 0 0 0 0 0 0 0 0 0 0 0 0 0 0 0 0 0 0 0 0 0 0
37 0 180 730 183 0 242 516 0 429 0 272 185 362 0 0 377 965 386 615 0 0 161 131 0 407 411 0 0 0 0 0 0 59 0 0 0 0 0 14 0 0 18 555 0 0 770 80 0
391 517 692 285 539 0 286 488 134 189 0 464 1025 1045 462 0 409 372 256 1521 0 360 387 913 238 1630 787 0 0 52 0 9 30 15 0 109 0 61 399 143 265 143 25 9 0 15 482 0 32
0 0 0 84 0 0 0 621 0 0 0 0 0 0 0 0 0 0 490 0 0 0 0 0 0 0 0 0 0 0 0 0 0 0 0 0 0 0 0 0 0 0 0 0 0 0 0 0 0
0 0 0 110 0 0 0 77 0 0 0 0 15 0 0 0 26 0 39 78 0 0 0 0 0 42 1 0 0 0 0 0 0 0 0 0 0 0 0 0 0 0 0 3 0 0 100 0 0
0 0 0 16 0 0 0 232 0 0 0 0 0 0 0 0 0 0 0 0 0 0 0 0 0 0 0 0 0 0 0 0 0 0 0 0 0 0 0 0 0 0 0 0 0 0 0 0 0
0 0 8 269 0 0 0 101 0 0 0 0 0 0 0 0 17 0 128 0 0 0 0 0 0 63 0 0 0 0 0 0 0 0 0 0 0 0 0 0 0 0 0 0 0 0 0 0 0
296 1389 338 411 662 0 600 504 14 401 0 227 236 681 1151 15 441 1802 326 481 0 130 260 267 253 377 440 0 0 0 0 0 0 0 0 0 0 0 125 0 16 0 5 141 0 0 395 0 0
74 24 360 157 1109 0 165 1036 0 113 0 73 306 1092 35 0 1109 207 753 158 0 0 50 434 0 309 1210 0 0 0 0 0 0 0 0 0 0 0 0 0 0 12 0 15 0 0 307 0 0
0 0 21 102 19 0 16 100 0 25 0 6 27 62 0 0 53 45 53 97 0 0 0 46 0 66 91 0 0 0 0 0 0 0 0 0 0 0 0 0 0 0 0 0 0 0 0 0 0
0 0 746 134 0 0 0 111 0 0 0 0 87 218 0 0 73 42 52 81 0 0 0 0 0 130 137 0 0 0 0 0 0 0 0 0 0 0 0 0 0 0 0 0 0 0 0 0 0
17 0 74 151 124 0 223 1059 0 582 0 41 53 230 159 0 403 381 241 249 0 56 49 54 0 140 179 0 0 0 0 0 0 0 0 0 0 0 0 0 0 579 1 28 0 0 152 0 0
0 0 0 22 0 0 0 54 0 0 0 0 0 0 0 0 0 0 20 0 0 0 0 0 0 0 0 0 0 0 0 0 0 0 0 0 0 0 0 0 0 0 0 0 0 0 0 0 0
0 0 86 76 0 0 0 171 0 0 0 0 71 7 0 0 101 0 105 14 0 0 0 0 0 55 0 0 0 0 0 0 0 0 0 0 0 0 0 0 0 0 0 0 0 0 0 0 0
211 1029 320 311 369 0 520 479 319 267 120 219 118 524 4192 135 294 2440 241 712 691 167 284 266 442 258 330 0 0 17 0 110 169 60 26 44 145 159 364 123 455 0 37 212 121 229 879 431 419
462 1766 124 217 357 1327 459 338 557 375 772 190 153 447 8177 477 210 3678 156 685 2072 256 230 155 537 328 320 724 0 516 183 4376 797 532 360 7152 465 486 1534 346 554 304 185 251 1472 2409 1196 832 1083
110 443 63 120 178 0 272 234 57 129 9 83 43 408 889 0 65 304 69 203 208 81 75 85 142 119 129 0 0 0 0 95 772 20 66 299 42 43 189 91 455 124 164 11 461 321 262 157 0
219 603 415 211 849 166 564 755 374 324 274 420 266 574 1214 296 408 375 299 479 534 609 424 448 429 727 488 234 0 390 0 503 1339 165 720 1266 393 610 388 576 455 419 529 0 6836 1403 601 1306 1834
106 213 87 199 129 0 170 144 41 139 0 68 53 169 381 0 108 342 98 222 62 49 99 70 116 157 135 0 0 0 0 0 0 0 0 34 55 39 0 23 269 232 42 81 0 0 182 0 0
75 184 109 185 429 0 300 180 62 99 0 193 57 248 223 0 107 280 105 291 27 80 89 133 86 645 841 0 0 0 0 47 0 0 78 234 0 0 0 201 295 71 94 78 94 0 210 219 0
22 156 37 94 45 0 77 102 0 66 0 38 50 112 0 0 51 146 59 125 45 18 120 52 39 112 70 0 0 0 0 5 4 0 0 52 20 0 0 55 219 146 27 11 0 0 62 0 42
93 224 146 158 151 0 210 176 80 127 8 91 93 192 320 60 92 306 105 254 150 92 133 95 121 221 136 0 0 0 0 26 0 14 0 53 11 0 74 206 334 69 0 0 0 0 346 286 0
59 87 47 189 67 0 70 170 70 57 0 31 46 79 92 0 74 177 98 151 9 7 65 53 32 113 103 0 0 0 0 0 0 0 0 0 0 0 20 23 78 25 0 58 0 59 32 5 0
49 167 1535 210 447 0 184 1983 0 873 0 416 319 585 4 63 1511 189 2873 2223 838 534 141 404 191 217 1286 0 0 0 0 0 135 0 0 32 0 0 11 458 162 117 0 0 0 0 1377 161 267
77 100 57 238 108 0 134 158 0 105 0 49 54 136 98 0 115 196 106 238 92 35 51 65 122 177 143 0 0 0 0 0 105 45 240 1 84 0 0 14 159 56 163 91 0 0 86 0 0
521 365 251 377 323 0 350 318 63 280 0 268 248 454 854 0 304 839 333 352 0 97 179 194 124 506 386 0 0 0 0 26 28 30 0 0 0 14 0 42 39 127 0 417 0 0 518 20 61
46 31 875 550 111 0 84 235 0 36 0 148 80 212 0 0 152 114 132 316 12 45 77 380 46 293 158 0 0 0 0 0 0 0 0 0 0 0 0 0 0 9 0 0 0 0 170 0 170
392 299 1079 5350 757 0 661 2830 0 884 0 812 1240 1410 579 0 2167 2356 2610 6979 0 173 831 731 112 2557 1605 0 0 0 0 0 0 0 0 0 0 0 0 40 0 432 37 573 0 0 392 0 0
0 127 41 167 7 0 113 252 0 50 0 29 45 48 9 0 220 214 93 138 149 0 73 8 0 83 74 21 0 0 0 0 0 0 0 0 0 0 0 0 0 0 0 5 0 0 28 1 0
0 0 26 29 26 0 17 83 0 14 0 13 28 35 0 0 27 15 43 41 0 7 18 29 0 56 55 0 0 0 0 0 0 0 10 13 4 0 21 24 0 8 0 0 0 0 3 0 0
0 0 25 81 38 0 13 85 0 25 0 5 24 40 0 0 52 0 49 106 0 0 28 17 0 56 49 0 0 0 11 0 0 0 13 0 7 0 0 11 0 0 17 0 0 0 0 212 0
984 1757 698 1245 1523 160 1681 820 1094 885 417 1501 1185 1138 1945 1374 1456 2931 983 3221 2226 780 1037 1151 782 967 913 0 0 0 0 385 0 129 3 645 248 1183 1245 789 458 388 3034 1426 0 191 2186 853 0
106 250 147 404 272 0 278 335 79 142 0 211 204 188 368 0 266 380 210 614 439 112 369 96 109 364 247 0 0 0 0 56 4 164 93 0 34 23 6 181 180 62 53 248 0 0 239 225 168
0 0 551 206 180 0 0 347 0 11 0 0 686 383 0 0 636 0 456 297 0 0 30 165 0 564 262 0 0 0 0 0 0 0 0 0 0 0 0 0 0 0 0 4 0 0 0 0 0
92 144 126 167 147 0 118 287 170 48 0 156 121 130 0 25 113 101 73 800 216 50 433 74 76 157 193 0 0 0 0 22 0 55 0 0 0 16 0 10 186 0 54 0 0 0 144 0 0
207 162 1100 1068 198 0 222 312 248 237 0 1915 510 396 58 0 354 494 226 1572 442 220 423 195 96 470 222 0 0 409 0 25 1628 0 755 48 0 43 0 0 234 112 170 768 789 0 121 816 0
