49
0 0 160 143 372 0 46 132 0 0 0 58 564 863 58 0 70 134 75 151 0 21 49 227 0 996 527 0 0 0 0 0 7 0 0 0 0 30 0 6 0 59 124 72 0 0 158 0 0
136 0 146 301 212 0 196 312 5 82 0 182 146 452 0 0 213 156 273 383 0 220 260 182 51 243 207 0 0 0 0 0 0 0 0 0 4 5 101 50 0 47 78 32 0 0 111 87 27
0 0 0 24 0 0 0 41 0 0 0 0 0 0 0 0 8 0 31 51 0 0 0 0 0 3 0 0 0 0 0 0 0 0 0 0 0 0 0 0 0 0 0 0 0 0 0 0 0
0 0 0 0 0 0 0 39 0 0 0 0 0 0 0 0 5 0 0 43 0 0 0 0 0 0 0 0 0 0 0 0 0 0 0 0 0 0 0 0 0 0 0 0 0 0 0 0 0
0 0 61 38 0 0 0 44 0 0 0 3 132 89 0 0 72 0 44 42 0 0 5 89 0 166 1114 0 0 0 0 0 0 0 0 0 0 0 0 0 0 0 4 0 0 0 0 0 0
3160 1891 717 621 3496 0 1539 981 1013 940 712 623 1426 3466 957 558 1029 1469 1059 955 1474 2307 1168 1134 1526 2316 2076 309 0 0 200 146 253 196 114 248 752 397 2481 553 456 664 484 390 360 306 857 515 958
0 0 64 103 39 0 0 294 0 60 0 44 55 72 0 0 263 34 213 162 0 0 0 46 0 59 62 0 0 0 0 0 0 0 0 0 0 0 0 0 0 0 36 5 0 0 69 0 0
0 0 0 0 0 0 0 0 0 0 0 0 0 0 0 0 0 0 208 5 0 0 0 0 0 0 0 0 0 0 0 0 0 0 0 0 0 0 0 0 0 0 0 0 0 0 0 0 0
89 0 79 313 132 0 107 121 0 59 0 193 109 160 110 0 70 131 71 472 0 126 2055 77 146 132 101 0 0 0 0 11 0 11 7 49 50 77 80 100 291 90 99 68 0 109 317 65 0
12 0 54 91 58 0 0 2679 0 0 0 59 43 125 71 0 251 60 525 66 0 54 39 41 0 61 97 0 0 0 0 0 0 0 0 0 0 0 0 21 0 0 34 2 0 0 45 0 0
381 1533 230 406 405 0 486 272 970 337 0 482 311 582 851 98 190 1404 194 1022 402 471 1034 410 595 1093 350 0 0 0 29 131 170 74 48 99 215 198 1160 317 452 212 310 235 268 178 536 1109 501
0 0 98 528 0 0 0 14 0 0 0 0 18 8 0 0 10 0 7 287 0 0 0 67 0 21 14 0 0 0 0 0 0 0 0 0 0 0 0 0 0 0 0 0 0 0 3 0 0
0 0 6 20 0 0 0 23 0 0 0 0 0 0 0 0 15 0 19 33 0 0 0 0 0 0 0 0 0 0 0 0 0 0 0 0 0 0 0 0 0 0 0 0 0 0 0 0 0
0 0 35 75 0 0 0 78 0 0 0 0 226 0 0 0 81 0 62 78 0 0 0 339 0 234 95 0 0 0 0 0 0 0 0 0 0 0 0 0 0 0 0 0 0 0 0 0 0
0 22 46 176 53 0 20 111 0 0 0 41 32 7 0 0 56 299 83 208 0 24 52 46 0 58 56 0 0 0 0 0 0 0 0 0 0 6 0 0 0 0 54 43 0 0 95 0 0
500 281 360 749 490 0 351 336 549 253 0 832 1477 938 335 0 268 190 246 2679 28 583 704 964 319 1839 477 0 0 0 19 74 68 81 27 97 202 202 728 319 444 238 206 83 81 193 394 446 648
0 0 0 0 0 0 0 1 0 0 0 0 0 0 0 0 0 0 497 15 0 0 0 0 0 0 0 0 0 0 0 0 0 0 0 0 0 0 0 0 0 0 0 0 0 0 0 0 0
0 0 40 71 34 0 0 104 0 0 0 39 46 45 0 0 35 0 140 139 0 0 6 30 0 47 69 0 0 3 7 0 0 9 13 0 0 0 0 0 0 0 0 0 0 0 0 0 0
0 0 0 19 0 0 0 0 0 0 0 0 0 0 0 0 0 0 0 0 0 0 0 0 0 0 0 0 0 0 1 0 0 0 0 0 0 0 0 0 0 0 0 0 0 0 0 0 0
0 0 0 0 0 0 0 0 0 0 0 0 0 0 0 0 0 0 11 0 0 0 0 0 0 0 0 0 0 0 0 0 0 0 0 0 0 0 0 0 0 0 0 0 0 0 0 0 0
247 984 175 345 280 0 573 478 120 227 0 328 193 347 481 0 287 1681 250 350 0 273 330 183 297 285 227 0 0 0 0 0 90 0 12 23 0 118 330 85 201 0 265 148 0 0 355 50 0
0 0 123 55 287 0 5 325 0 0 0 14 77 261 0 0 795 71 437 116 0 0 10 134 0 95 374 0 0 0 0 0 0 0 0 0 0 0 0 0 0 0 27 3 0 0 149 0 0
0 0 29 72 0 0 1 45 0 0 0 15 11 20 0 0 13 0 24 74 0 0 0 19 0 21 21 0 0 0 0 0 0 0 0 0 0 0 0 0 0 0 16 0 0 0 8 0 0
0 0 20 30 0 0 0 14 0 0 0 0 2 0 0 0 2 0 8 89 0 0 0 0 0 1 0 0 0 0 0 0 0 0 0 0 0 0 0 0 0 0 0 0 0 0 0 0 0
28 0 86 275 148 0 549 1312 0 558 0 125 92 209 176 0 347 285 640 155 0 148 80 116 0 136 120 0 0 0 0 0 8 0 0 4 0 68 0 28 0 830 156 72 0 0 169 12 0
0 0 0 13 0 0 0 41 0 0 0 0 264 0 0 0 34 0 23 46 0 0 0 0 0 0 0 0 0 0 0 0 0 0 0 0 0 0 0 0 0 0 0 0 0 0 0 0 0
0 0 13 5 0 0 0 33 0 0 0 0 14 0 0 0 15 0 17 24 0 0 0 42 0 14 0 0 0 0 0 0 0 0 0 0 0 0 0 0 0 0 0 0 0 0 0 0 0
255 762 150 886 364 0 559 347 492 423 135 334 196 451 3815 170 269 958 186 1202 633 377 618 236 923 238 174 0 0 0 45 177 165 67 166 82 162 371 613 260 476 506 354 260 348 227 533 526 848
462 1337 262 380 356 1012 496 252 593 489 846 207 269 503 3633 450 192 1817 206 1059 1778 280 283 281 761 241 214 1139 0 165 449 5246 1217 746 319 5296 471 1252 1203 432 574 350 1158 659 3377 2808 1002 836 2697
136 269 32 170 119 166 170 173 146 242 158 85 104 319 654 90 16 0 11 408 382 100 186 46 256 99 82 207 0 0 566 127 881 93 127 262 80 420 259 122 515 259 1087 0 2578 640 119 270 569
28 87 10 98 68 0 49 14 41 16 0 57 29 126 113 0 9 0 0 85 67 103 49 67 34 54 49 0 0 0 0 7 0 6 57 55 0 149 82 58 442 70 184 0 1832 78 22 170 121
46 60 35 96 46 0 48 61 0 51 0 43 40 85 94 0 23 75 41 85 14 38 40 54 32 95 58 0 0 0 0 0 42 28 13 0 34 42 39 19 239 38 180 30 0 0 111 46 0
0 36 62 138 60 0 46 80 17 32 0 52 119 109 202 0 32 46 31 1003 0 207 66 152 0 81 94 0 0 0 147 0 0 30 115 65 35 0 54 90 246 49 557 13 0 135 100 159 0
9 146 25 43 14 0 12 12 0 24 0 34 47 42 29 0 4 0 2 27 61 24 68 63 2 30 56 0 0 0 0 0 0 0 0 0 24 2 0 34 212 36 57 0 0 0 9 0 17
3 24 24 83 20 0 14 31 0 6 0 25 24 39 8 0 9 0 9 54 0 23 34 28 7 40 20 0 0 0 0 0 0 1 0 0 0 0 0 29 127 13 34 0 0 0 2 0 0
1 15 18 53 15 0 20 31 0 5 0 16 17 84 18 0 10 33 18 56 0 8 44 18 0 31 21 0 0 0 0 8 0 2 0 0 19 12 0 9 125 20 22 11 0 154 42 0 0
43 0 1423 822 373 0 37 1900 0 397 0 85 522 800 296 0 2761 106 2142 475 119 379 32 822 151 157 1184 0 0 0 49 0 0 0 24 0 0 0 282 243 0 90 59 18 0 0 465 0 83
0 0 33 61 22 0 27 43 0 37 0 16 28 39 0 0 15 29 28 80 0 7 6 43 0 31 30 0 0 0 0 0 109 0 57 0 19 0 0 23 119 23 354 2 0 0 75 7 0
25 0 182 211 192 0 102 199 0 100 0 159 218 324 253 0 151 1215 201 225 0 129 133 137 54 237 200 0 0 0 0 0 0 33 164 28 0 34 0 92 37 91 166 251 0 0 321 18 55
0 0 171 670 50 0 31 66 0 0 0 83 51 77 23 0 54 43 54 341 0 45 58 297 0 79 53 0 0 0 0 0 0 0 0 0 0 0 0 0 0 25 60 15 0 0 0 0 0
33 47 1523 1616 546 0 269 2379 0 237 0 327 1052 1124 675 0 994 2577 2295 3179 0 92 245 1030 108 1137 1559 0 0 0 0 0 0 0 0 0 73 0 0 27 0 301 600 393 0 0 804 0 0
0 0 36 74 23 0 166 189 0 39 0 33 56 34 96 0 93 80 194 235 3 5 85 30 0 66 39 0 0 0 0 0 0 0 0 0 0 0 0 0 0 0 39 0 0 0 68 0 0
0 0 80 119 0 0 0 50 0 0 0 8 27 31 0 0 15 42 43 66 0 0 0 24 0 30 20 0 0 0 0 0 0 0 0 0 0 0 0 0 0 0 0 0 0 0 30 0 0
0 0 23 49 16 0 0 37 0 0 0 23 20 17 0 0 11 22 21 53 0 0 17 27 0 27 29 0 0 13 15 0 0 15 69 0 0 0 0 0 0 4 41 0 0 0 6 273 0
309 324 405 1250 330 0 796 726 195 389 0 296 196 533 2250 0 163 3482 298 1728 777 269 282 227 519 222 281 0 0 0 0 206 502 61 395 106 683 512 634 256 414 455 3114 1079 0 295 1731 685 0
52 134 110 113 80 0 198 155 0 90 0 110 102 80 137 0 43 294 67 102 224 66 132 80 114 72 103 0 0 0 0 56 0 129 10 0 9 60 138 38 304 222 137 144 0 0 250 102 154
0 0 659 207 87 0 0 342 0 0 0 0 370 206 0 0 812 18 1563 91 0 0 0 280 0 165 412 0 0 0 0 0 0 0 0 0 0 0 0 21 0 0 0 0 0 0 0 0 0
68 0 69 149 62 0 52 160 0 35 0 104 145 73 92 0 20 121 44 489 0 50 199 26 0 131 63 0 0 0 0 0 0 31 3 7 0 0 0 33 161 72 118 0 0 0 79 0 0
69 0 100 1114 83 0 84 111 9 11 0 571 179 123 145 0 59 239 124 204 155 69 282 285 37 109 107 0 0 0 0 11 672 0 634 17 0 56 0 163 322 93 486 95 89 0 192 249 0
