49
0 0 214 95 338 0 69 103 0 13 0 81 672 711 28 0 57 105 64 136 0 0 44 251 0 1118 444 0 0 0 0 0 0 0 0 0 0 11 0 0 0 46 66 76 0 0 89 0 0
173 0 187 281 204 0 228 292 0 75 0 229 154 225 0 0 192 1845 155 315 0 164 182 177 26 260 200 0 0 0 0 0 0 0 0 0 0 7 40 91 0 0 44 57 0 0 137 0 0
0 0 0 0 0 0 0 0 0 0 0 0 0 0 0 0 0 0 0 29 0 0 0 0 0 0 0 0 0 0 0 0 0 0 0 0 0 0 0 0 0 0 0 0 0 0 0 0 0
0 0 5 0 0 0 0 42 0 0 0 0 0 0 0 0 2 0 5 37 0 0 0 2 0 0 12 0 0 0 0 0 0 0 0 0 0 0 0 0 0 0 0 0 0 0 0 0 0
0 0 91 15 0 0 0 16 0 0 0 3 183 41 0 0 81 2 17 33 0 0 3 60 0 129 762 0 0 0 0 0 0 0 0 0 0 0 0 0 0 0 0 0 0 0 0 0 0
3859 2148 1045 478 4124 0 1959 777 983 1054 857 844 1497 3022 1188 647 1126 1771 709 758 1549 2343 1081 1000 1588 2238 1816 387 0 0 233 148 301 278 129 241 893 322 2686 488 450 419 293 433 280 260 711 422 835
0 0 108 150 45 0 0 223 0 117 0 55 97 56 64 0 236 88 183 156 0 0 6 46 0 68 69 0 0 0 0 0 0 0 0 0 0 0 0 0 0 0 16 11 0 0 53 0 0
0 0 9 0 0 0 0 0 0 0 0 0 0 0 0 0 0 0 39 6 0 0 0 5 0 0 0 0 0 0 1 0 0 0 0 0 0 0 0 0 0 0 0 0 0 0 0 0 0
123 58 160 245 168 0 140 82 0 94 0 263 162 223 161 0 156 189 63 333 0 148 2254 77 133 190 115 0 0 0 0 0 4 25 2 5 15 61 52 76 282 58 43 77 0 63 231 0 0
0 0 65 79 36 0 0 1200 0 0 0 62 48 111 56 0 210 97 256 65 0 35 24 23 0 51 93 0 0 0 0 0 0 0 0 0 0 0 0 3 0 0 19 0 0 0 20 0 0
392 1589 471 340 623 0 522 187 664 323 0 517 469 703 905 51 295 1233 105 1691 156 574 839 372 588 1159 379 0 0 0 0 73 163 125 63 78 197 152 1187 185 448 70 174 181 28 128 284 748 440
0 0 482 715 0 0 0 22 0 0 0 0 43 13 0 0 23 14 17 486 0 0 0 136 0 56 27 0 0 0 0 0 0 0 0 0 0 0 0 0 0 0 0 0 0 0 61 0 0
0 0 30 15 0 0 0 21 0 0 0 0 0 0 0 0 21 0 16 14 0 0 0 1 0 0 0 0 0 0 0 0 0 0 0 0 0 0 0 0 0 0 0 0 0 0 0 0 0
0 0 183 76 0 0 0 105 0 0 0 0 392 0 71 0 111 26 58 58 0 0 0 524 0 574 173 0 0 0 0 0 0 0 0 0 0 0 0 0 0 0 0 0 0 0 0 0 0
0 29 87 176 42 0 0 114 0 0 0 79 60 0 0 0 50 324 56 168 0 32 35 57 0 69 83 0 0 0 0 0 0 0 0 0 0 0 0 0 0 0 55 81 0 0 86 0 0
541 458 603 479 539 0 393 166 438 235 0 980 1672 1090 521 0 340 207 128 2314 0 573 620 946 264 2049 449 0 0 0 23 59 97 83 30 91 127 152 652 247 426 135 126 75 0 148 244 39 358
0 0 7 0 0 0 0 257 0 0 0 0 0 0 0 0 0 0 491 13 0 0 2 5 0 0 0 0 0 0 0 0 0 0 0 0 0 0 0 0 0 0 0 0 0 0 0 0 0
0 0 17 1 0 0 0 24 0 0 0 0 5 0 0 0 7 0 11 25 0 0 0 13 0 8 10 0 0 0 8 0 0 0 0 0 0 0 0 0 0 0 0 99 0 0 50 0 0
0 0 8 0 0 0 0 0 0 0 0 0 0 0 0 0 0 0 0 0 0 0 0 4 0 0 0 0 0 0 1 0 0 0 0 0 0 0 0 0 0 0 0 0 0 0 0 0 0
0 0 0 0 0 0 0 0 0 0 0 0 0 0 0 0 0 0 4 0 0 0 0 0 0 0 0 0 0 0 0 0 0 0 0 0 0 0 0 0 0 0 0 0 0 0 0 0 0
329 1320 262 378 294 0 579 395 207 221 0 419 225 312 571 68 252 1907 178 416 0 294 276 210 353 331 250 0 0 0 0 18 57 0 17 27 0 113 405 94 235 0 177 178 0 0 265 0 0
5 0 216 72 399 0 76 327 0 0 0 22 178 302 0 0 1133 106 363 98 0 0 8 185 0 186 549 0 0 0 0 0 0 0 0 0 0 0 0 0 0 8 7 17 0 0 61 0 0
0 0 47 48 0 0 0 28 0 0 0 13 15 6 0 0 0 21 14 72 0 0 0 19 0 26 24 0 0 0 0 0 0 0 0 0 0 0 0 0 0 0 0 0 0 0 0 0 0
0 0 70 0 0 0 0 0 0 0 0 0 0 0 0 0 0 0 0 85 0 0 0 0 0 18 0 0 0 0 0 0 0 0 0 0 0 0 0 0 0 0 0 0 0 0 0 0 0
28 0 123 220 151 0 341 924 0 451 0 148 121 167 76 0 292 249 360 155 0 126 64 95 0 149 150 0 0 0 0 0 0 18 0 14 0 37 0 43 0 269 92 75 0 0 111 3 0
0 0 39 3 0 0 0 46 0 0 0 0 227 0 0 0 39 0 26 37 0 0 0 0 0 0 0 0 0 0 0 0 0 0 0 0 0 0 0 0 0 0 0 0 0 0 0 0 0
0 0 54 0 0 0 0 35 0 0 0 0 15 0 0 0 25 0 18 33 0 0 0 41 0 21 0 0 0 0 0 0 0 0 0 0 0 0 0 0 0 0 0 0 0 0 0 0 0
260 933 224 561 432 0 628 162 411 393 167 384 318 411 4502 95 217 1272 117 1020 786 351 455 216 863 278 247 0 0 0 0 187 158 84 178 70 126 251 613 189 473 150 175 297 229 163 350 419 700
554 1529 260 364 388 1291 497 161 544 453 868 314 397 536 4315 553 288 2481 101 552 1990 256 285 224 863 324 184 1394 0 253 529 5633 1300 1107 318 5372 498 1067 1746 364 578 286 653 621 3126 2815 567 741 1896
118 298 56 125 118 169 204 0 114 176 160 121 113 374 556 104 75 15 2 1080 320 112 103 27 254 111 88 209 0 0 589 123 1136 113 124 223 73 467 263 95 505 137 676 0 2118 548 36 153 136
49 118 51 99 137 0 127 0 84 60 23 138 84 312 205 0 32 0 0 173 119 165 52 25 68 107 65 28 0 0 0 56 55 0 113 84 0 161 90 63 473 69 219 0 1899 90 0 108 115
60 166 69 85 52 0 84 56 0 62 0 71 50 67 100 0 32 156 29 115 0 36 38 44 38 59 60 0 0 0 0 0 37 33 33 0 41 41 7 22 245 5 95 58 0 0 96 10 0
10 16 58 132 40 0 53 28 0 16 0 82 72 104 210 0 46 38 13 1286 0 77 33 69 18 75 55 0 0 0 0 0 0 28 46 73 0 0 0 59 309 18 340 8 0 132 44 151 0
4 133 50 56 25 0 14 7 0 33 0 43 49 51 47 0 15 50 6 40 60 21 102 28 0 56 25 0 0 0 0 0 0 0 0 40 43 3 0 15 113 35 29 0 0 0 1 0 0
5 39 26 75 26 0 32 2 0 12 0 62 27 42 16 0 17 0 5 74 0 27 37 11 6 51 22 0 0 0 0 0 0 28 0 0 0 0 0 47 125 21 0 0 0 0 0 0 24
13 33 30 51 16 0 25 17 0 5 0 30 21 43 53 0 15 34 10 54 0 9 44 13 0 32 33 0 0 0 0 12 0 0 10 0 8 7 0 6 161 7 5 9 0 175 20 0 0
9 44 322 3518 474 0 82 2986 0 900 0 501 613 1139 18 0 2894 158 1445 297 209 702 96 490 340 261 1775 0 0 0 61 0 31 0 36 0 0 0 199 380 0 44 54 26 0 155 611 62 220
0 0 35 71 31 0 34 25 0 65 0 51 41 45 13 0 19 58 19 82 0 10 7 44 0 32 38 0 0 0 0 0 146 0 95 0 14 0 0 11 69 20 143 7 0 0 56 13 0
193 0 245 237 209 0 131 173 0 91 0 226 308 277 101 0 138 1127 171 230 0 131 100 138 102 268 197 0 0 0 0 0 5 44 128 12 0 45 0 137 0 62 104 259 0 0 247 0 37
11 0 387 437 55 0 54 52 0 0 0 137 61 93 6 0 63 47 35 331 0 41 79 177 0 105 89 0 0 0 0 0 0 0 0 0 0 0 0 0 0 0 7 10 0 0 0 0 0
96 118 1879 2374 524 0 378 2977 0 292 0 439 1335 804 656 0 1523 2405 1750 3284 0 99 240 1112 177 1267 1761 0 0 0 0 0 0 0 0 0 69 0 17 142 0 256 420 465 0 0 791 0 0
0 89 52 92 50 0 238 165 0 149 0 72 49 30 261 0 80 174 108 101 267 0 130 37 0 52 55 0 0 0 0 0 0 0 0 0 0 0 0 23 0 0 29 17 0 0 58 0 0
0 0 120 58 8 0 0 18 0 0 0 19 17 29 0 0 22 21 8 36 0 0 5 17 0 29 17 0 0 0 0 0 0 0 3 0 0 0 0 0 0 0 0 0 0 0 1 0 0
0 0 30 51 13 0 0 25 0 0 0 6 21 9 0 0 16 0 11 50 0 0 3 20 0 24 20 0 0 12 15 0 0 8 67 0 0 0 0 0 0 0 21 0 0 0 2 359 0
477 642 645 905 570 0 1112 761 251 516 0 733 463 693 3443 154 548 2192 345 1677 860 465 309 666 716 366 477 0 0 0 0 227 410 134 515 195 1048 1540 580 740 448 456 3132 1101 0 334 3986 504 0
72 141 201 246 142 0 283 112 0 102 0 178 129 76 209 0 92 211 50 151 183 73 179 93 122 104 100 0 0 0 0 66 0 622 66 0 0 74 152 35 298 160 90 181 0 0 233 76 157
0 0 691 489 121 0 0 1077 0 0 0 0 213 267 0 0 1339 0 3029 109 0 0 14 337 0 115 351 0 0 0 5 0 0 0 3 0 0 0 0 71 0 0 0 0 0 0 0 0 0
127 34 78 143 92 0 61 75 245 45 0 221 161 58 81 0 55 110 24 617 69 38 428 25 0 88 63 0 0 0 0 0 0 202 84 14 0 0 82 309 159 84 185 0 0 0 23 0 0
151 141 125 1409 71 0 130 108 127 42 0 1004 502 112 112 0 66 296 60 604 309 64 292 289 152 145 111 0 0 0 0 69 1686 16 0 29 0 67 0 369 343 78 653 705 840 0 109 484 0
