49
0 0 258 65 175 0 64 159 0 70 0 20 363 637 52 0 118 107 57 107 0 0 22 248 0 1074 445 0 0 0 0 0 0 0 0 0 0 0 0 0 0 0 7 12 0 0 26 0 0
139 0 127 154 210 0 256 259 0 212 0 122 112 320 168 0 253 673 108 201 0 131 125 131 63 289 240 0 0 0 0 0 0 0 0 0 0 0 0 2 119 0 9 43 0 0 138 0 0
0 0 0 9 0 0 0 22 0 0 0 0 23 0 0 0 10 0 0 0 0 0 0 0 0 57 0 0 0 0 0 0 0 0 0 0 0 0 0 0 0 0 0 0 0 0 0 0 0
0 0 0 0 0 0 0 0 0 0 0 0 2 0 0 0 0 0 0 0 0 0 0 0 0 0 0 0 0 0 0 0 0 0 0 0 0 0 0 0 0 0 1 0 0 0 0 0 0
0 0 184 32 0 0 0 150 0 26 0 0 127 253 0 0 187 27 50 40 0 0 0 98 0 207 1657 0 0 0 0 0 0 0 0 0 0 0 0 0 0 0 0 0 0 0 0 0 0
3433 1907 943 235 3736 0 1433 1281 450 887 576 570 792 3849 1158 350 1074 1503 481 346 998 1986 774 1305 1257 2024 2763 97 0 0 0 100 341 110 35 239 258 160 2120 399 586 307 106 439 0 260 1086 86 851
0 0 49 84 29 0 0 222 0 80 0 0 62 135 0 0 200 92 81 113 0 0 4 48 0 93 97 0 0 0 0 0 0 0 0 0 0 0 0 0 0 0 0 0 0 0 0 0 0
0 0 0 2 0 0 0 0 0 0 0 0 0 0 0 0 0 0 0 0 0 0 0 0 0 0 0 0 0 0 0 0 0 0 0 0 0 0 0 0 0 0 0 0 0 0 0 0 0
109 249 849 78 227 0 184 161 0 114 0 209 136 340 206 0 152 154 71 264 0 160 2227 181 139 296 205 0 0 0 0 0 0 0 0 0 0 41 69 141 371 15 5 30 0 0 375 0 0
0 0 35 30 0 0 0 1205 0 0 0 0 34 43 0 0 154 57 135 48 0 0 0 19 0 71 46 0 0 0 0 0 0 0 0 0 0 0 0 0 0 0 0 0 0 0 0 0 0
309 1410 266 228 463 0 427 392 305 288 0 365 157 596 1464 34 294 1006 99 349 204 298 480 476 373 591 814 0 0 0 0 21 154 46 0 68 43 90 741 170 563 0 53 131 0 152 426 100 205
0 0 837 548 22 0 0 75 0 5 0 0 43 31 0 0 44 27 29 161 0 0 0 80 0 219 66 0 0 0 0 0 0 0 0 0 0 0 0 0 0 0 0 0 0 0 64 0 0
0 0 0 0 0 0 0 26 0 0 0 0 0 0 0 0 1 0 1 170 0 0 0 0 0 61 0 0 0 0 0 0 0 0 0 0 0 0 0 0 0 0 0 0 0 0 0 0 0
0 0 254 35 0 0 0 89 0 0 0 0 404 0 0 0 81 8 25 41 0 0 0 212 0 331 0 0 0 0 0 0 0 0 0 0 0 0 0 0 0 0 0 0 0 0 0 0 0
0 0 71 258 70 0 72 219 0 109 0 88 103 199 0 0 148 822 129 356 0 0 108 65 0 164 160 0 0 0 0 0 0 0 0 0 0 0 0 0 0 0 21 140 0 0 233 0 0
475 367 635 125 569 0 293 376 170 235 0 628 1097 885 247 0 410 207 112 1245 0 426 416 890 257 2405 653 0 0 59 0 0 65 33 0 112 0 61 709 314 444 81 29 50 0 11 515 0 8
0 0 0 35 0 0 0 2660 0 0 0 0 0 0 0 0 0 0 914 1 0 0 0 0 0 0 0 0 0 0 0 0 0 0 0 0 0 0 0 0 0 0 0 0 0 0 0 0 0
0 0 9 35 0 0 0 43 0 0 0 0 16 0 0 0 12 0 13 0 0 0 0 0 0 41 4 0 0 0 0 0 0 0 0 0 0 0 0 0 0 0 0 0 0 0 8 0 0
0 0 4 21 0 0 0 509 0 0 0 0 0 0 0 0 0 0 0 0 0 0 0 0 0 4 0 0 0 0 0 0 0 0 0 0 0 0 0 0 0 0 0 0 0 0 0 0 0
0 0 27 145 0 0 0 86 0 0 0 0 0 0 0 0 0 1 80 0 0 0 0 0 0 41 0 0 0 0 0 0 0 0 0 0 0 0 0 0 0 0 0 0 0 0 0 0 0
313 1312 249 208 659 0 529 363 87 321 0 262 144 601 597 45 315 1347 195 303 0 264 255 247 382 318 367 0 0 0 0 0 0 0 0 32 0 0 216 60 180 0 31 120 0 0 101 0 0
42 0 259 67 808 0 149 911 0 68 0 31 165 584 45 0 1120 101 284 88 0 0 33 345 0 240 867 0 0 0 0 0 0 0 0 0 0 0 0 0 0 0 0 9 0 0 269 0 0
0 0 11 20 12 0 0 60 0 8 0 13 37 41 0 0 39 10 11 30 0 0 0 5 0 67 54 0 0 0 0 0 0 0 0 0 0 0 0 0 0 0 0 0 0 0 0 0 0
0 0 657 25 0 0 0 57 0 0 0 0 57 0 0 0 49 1 8 31 0 0 0 0 0 48 56 0 0 0 0 0 0 0 0 0 0 0 0 0 0 0 0 0 0 0 0 0 0
15 0 79 79 98 0 147 680 0 690 0 34 74 225 60 0 358 205 152 204 0 86 52 59 0 136 131 0 0 0 0 0 0 0 0 0 0 0 0 0 0 200 14 46 0 0 143 0 0
0 0 0 4 0 0 0 33 0 0 0 0 0 0 0 0 14 0 0 0 0 0 0 0 0 0 0 0 0 0 0 0 0 0 0 0 0 0 0 0 0 0 0 0 0 0 0 0 0
0 0 116 47 0 0 0 64 0 0 0 0 64 220 0 0 93 0 35 24 0 0 0 0 0 115 0 0 0 0 0 0 0 0 0 0 0 0 0 0 0 0 0 0 0 0 0 0 0
217 1009 220 201 330 0 509 512 292 329 163 210 141 428 3873 73 313 2057 131 477 526 211 303 218 690 262 237 0 0 0 0 92 303 62 67 50 29 135 501 139 622 0 56 318 148 272 624 151 467
307 998 118 107 348 1429 368 247 410 426 720 153 182 509 3937 395 253 2195 111 367 1410 276 218 177 589 310 226 610 0 391 412 3203 903 549 325 6306 340 533 1432 578 741 243 251 286 1699 2754 1100 451 1152
103 315 56 27 223 25 246 170 47 137 30 53 60 311 483 0 66 115 22 92 161 106 82 68 201 130 217 17 0 0 0 65 1307 39 88 260 72 0 284 86 640 127 257 33 1315 408 203 104 0
201 464 305 29 1010 154 530 666 282 637 278 385 470 589 630 293 461 164 107 314 403 463 270 352 404 645 536 238 0 138 0 325 1470 234 569 913 342 475 433 463 620 386 672 152 6843 1181 667 942 1209
88 144 59 82 110 0 143 105 50 121 0 59 62 180 262 7 99 233 45 133 95 79 76 56 120 138 121 0 0 0 0 0 37 0 0 34 24 38 2 35 444 251 66 50 0 2 117 0 0
74 104 88 125 401 0 281 214 21 143 0 151 90 216 143 0 117 241 86 328 36 110 84 96 83 827 849 0 0 0 0 0 0 0 39 228 0 0 0 130 339 0 279 173 235 56 201 106 0
31 148 196 92 52 0 85 109 43 127 0 43 57 105 43 0 63 160 29 95 162 47 317 41 63 147 70 0 0 0 0 11 21 0 35 43 0 0 44 32 402 133 33 35 0 53 113 0 24
71 125 84 45 108 0 155 141 56 118 8 81 103 167 181 36 88 172 41 185 149 81 103 85 110 217 93 0 0 0 0 0 0 0 0 0 0 0 57 203 439 45 51 1 0 0 108 0 0
19 41 58 61 56 0 41 75 212 34 0 23 48 84 42 0 85 78 33 66 0 12 47 46 11 78 59 0 0 0 0 0 0 0 35 0 0 0 19 14 104 11 0 2 0 228 0 0 0
152 267 3474 1309 998 0 354 4462 145 2114 0 1115 504 2218 87 349 4636 303 3304 3341 1931 1740 153 607 623 353 1899 0 0 0 0 0 166 25 44 41 0 0 307 988 374 54 75 50 131 50 4092 122 371
51 146 124 110 90 0 114 110 0 101 0 31 62 113 63 0 88 151 52 155 48 45 41 48 91 110 109 0 0 24 0 0 401 33 351 36 18 0 0 34 253 31 83 64 0 0 34 0 0
436 49 267 303 288 0 360 317 0 286 0 268 304 521 968 0 303 789 230 363 0 146 189 228 126 412 276 0 0 0 0 0 47 0 0 0 0 12 0 48 215 98 57 233 0 0 351 0 50
37 0 604 122 87 0 62 137 0 21 0 15 78 107 5 0 128 27 21 410 0 32 53 208 18 268 110 0 0 0 0 0 0 0 0 0 0 0 0 0 0 0 0 0 0 0 43 0 249
294 0 1171 4998 718 0 678 3864 0 763 0 657 1751 1636 1112 0 2349 3139 2660 9231 0 120 847 740 172 2734 1716 0 0 0 0 0 0 0 0 0 0 0 0 32 0 265 69 448 0 0 120 0 0
50 260 49 188 297 0 642 344 0 233 53 83 69 72 186 0 171 308 203 250 619 45 53 36 0 112 78 519 0 0 0 0 72 0 0 0 0 0 0 11 0 0 0 0 0 0 91 0 0
0 0 36 0 32 0 17 56 0 22 0 9 32 34 0 0 33 5 7 15 0 8 12 21 0 67 60 0 0 0 0 0 0 0 0 13 0 0 0 45 0 3 0 0 0 0 1 0 0
0 0 30 29 23 0 16 68 0 45 0 2 30 36 0 0 40 11 19 40 0 0 18 15 0 52 37 0 0 0 0 0 0 0 0 0 0 0 0 27 0 1 18 0 0 0 0 0 0
1911 1070 2403 1728 1662 162 1479 760 744 999 450 1247 1245 1326 1968 1181 899 2905 1266 1647 1995 1015 1059 1821 773 819 1037 0 0 0 0 462 0 54 43 385 0 1511 1315 758 608 486 3327 1259 0 39 2014 517 0
52 238 635 148 195 0 179 191 301 105 0 181 199 185 262 0 140 221 169 217 287 85 265 51 106 199 146 0 0 0 0 0 0 0 334 0 0 31 60 112 252 50 42 96 0 0 103 0 145
0 0 524 176 120 0 19 662 0 13 0 0 607 303 0 0 653 0 1176 214 0 0 59 67 0 518 288 0 0 0 0 0 0 0 0 2 0 0 0 0 0 0 0 14 0 0 0 0 53
284 231 79 152 180 0 216 240 587 92 0 525 148 145 426 386 155 301 61 672 522 107 1353 67 143 262 178 0 0 0 0 234 0 204 162 25 0 182 220 52 306 113 165 288 0 33 111 0 0
236 124 399 1039 181 0 282 288 513 201 0 2144 176 229 149 0 182 405 213 933 565 108 484 116 90 428 196 0 0 1114 0 150 4159 0 2600 92 0 60 0 0 332 66 361 1131 2233 0 0 1011 0
