49
0 0 268 75 122 0 70 165 0 58 0 13 480 582 72 0 123 89 56 103 0 0 11 171 0 1127 326 0 0 0 0 0 0 0 0 0 0 0 0 0 0 15 0 9 0 0 31 0 0
133 0 170 179 222 0 238 298 0 154 0 92 109 310 166 0 286 553 115 254 0 33 106 120 37 270 250 0 0 0 0 0 0 0 0 0 0 0 0 0 0 0 0 44 0 0 145 0 0
0 0 0 24 0 0 0 28 0 0 0 0 0 0 0 0 15 0 2 0 0 0 0 0 0 8 0 0 0 0 0 0 0 0 0 0 0 0 0 0 0 0 0 0 0 0 0 0 0
0 0 0 0 0 0 0 0 0 0 0 0 0 0 0 0 0 0 0 0 0 0 0 0 0 0 0 0 0 0 0 0 0 0 0 0 0 0 0 0 0 0 0 0 0 0 0 0 0
0 0 217 32 0 0 0 171 0 11 0 0 117 294 0 0 160 15 49 35 0 0 0 51 0 217 1488 0 0 0 0 0 0 0 0 0 0 0 0 0 0 0 0 0 0 0 0 0 0
3476 2027 1116 245 3577 0 1849 1565 528 715 378 520 732 3927 1343 273 1425 1436 437 391 1094 1907 780 1064 1201 1891 2902 122 0 49 0 89 319 127 30 236 183 164 2110 419 549 280 102 438 0 333 1113 131 936
0 0 50 96 22 0 0 231 0 123 0 0 79 110 0 0 251 84 64 135 0 0 0 66 0 80 83 0 0 0 0 0 0 0 0 0 0 0 0 0 0 0 0 0 0 0 0 0 0
0 0 0 6 0 0 0 0 0 0 0 0 0 0 0 0 0 0 0 0 0 0 0 0 0 0 0 0 0 0 0 0 0 0 0 0 0 0 0 0 0 0 0 0 0 0 0 0 0
128 277 1219 83 227 0 192 189 0 111 0 205 110 295 236 0 209 151 57 158 0 115 2277 158 137 332 232 0 0 0 0 0 0 0 0 0 0 28 25 82 314 28 2 44 0 0 309 0 0
0 0 30 40 0 0 0 1302 0 0 0 0 29 46 0 0 182 55 182 48 0 0 0 21 0 61 52 0 0 0 0 0 0 0 0 0 0 0 0 0 0 0 0 0 0 0 7 0 0
342 1687 328 278 494 0 500 417 421 271 0 339 149 602 975 0 431 1065 92 314 247 276 498 416 381 492 907 0 0 18 0 29 158 77 0 67 84 84 682 181 540 0 45 139 0 198 444 241 222
0 0 991 588 29 0 11 83 0 7 0 0 60 35 0 0 45 30 48 146 0 0 0 91 0 180 68 0 0 0 0 0 0 0 0 0 0 0 0 0 0 0 0 5 0 0 89 0 0
0 0 4 18 0 0 0 22 0 0 0 0 0 0 0 0 0 0 7 179 0 0 0 0 0 189 0 0 0 0 0 0 0 0 0 0 0 0 0 0 0 0 0 0 0 0 0 0 0
0 0 267 42 0 0 0 103 0 0 0 0 398 0 0 0 82 0 26 29 0 0 0 86 0 292 0 0 0 0 0 0 0 0 0 0 0 0 0 0 0 0 0 0 0 0 0 0 0
0 0 62 302 87 0 21 198 0 120 0 62 110 191 0 0 114 663 143 268 0 0 70 66 0 164 163 0 0 0 0 0 0 0 0 0 0 0 0 0 0 0 18 125 0 0 300 0 0
489 356 890 113 529 0 344 431 190 188 10 477 911 860 275 0 512 197 108 904 0 415 406 749 269 2034 650 0 0 95 0 0 59 38 0 92 0 63 753 280 405 117 21 54 0 63 524 0 181
0 0 0 62 0 0 0 1104 0 0 0 0 6 0 0 0 0 0 1036 15 0 0 0 0 0 0 0 0 0 0 0 0 0 0 0 0 0 0 0 0 0 0 0 0 0 0 0 0 0
0 0 14 57 0 0 0 52 0 0 0 0 19 5 0 0 9 0 26 33 0 0 0 0 0 43 11 0 0 0 0 0 0 0 0 0 0 0 0 0 0 0 0 0 0 0 53 0 0
0 0 0 12 0 0 0 457 0 0 0 0 0 0 0 0 0 0 0 0 0 0 0 0 0 0 0 0 0 0 0 0 0 0 0 0 0 0 0 0 0 0 0 0 0 0 0 0 0
0 0 17 180 0 0 0 55 0 0 0 0 0 0 0 0 0 0 88 0 0 0 0 0 0 38 0 0 0 0 0 0 0 0 0 0 0 0 0 0 0 0 0 0 0 0 0 0 0
337 1765 282 275 650 0 576 388 92 334 0 259 163 569 808 29 391 1591 217 331 0 272 268 221 333 333 370 0 0 0 0 0 0 0 0 41 0 0 174 31 221 0 13 118 0 0 230 0 0
77 0 418 88 914 0 194 789 0 65 0 47 171 645 64 0 1082 108 353 93 0 0 44 297 0 254 946 0 0 0 0 0 0 0 0 0 0 0 0 0 0 0 0 18 0 0 378 0 0
0 0 26 37 19 0 11 83 0 17 0 9 40 48 0 0 41 19 27 50 0 0 0 13 0 81 68 0 0 0 0 0 0 0 0 0 0 0 0 0 0 0 0 0 0 0 0 0 0
0 0 968 44 0 0 0 72 0 0 0 0 62 0 0 0 44 3 19 43 0 0 0 0 0 89 41 0 0 0 0 0 0 0 0 0 0 0 0 0 0 0 0 0 0 0 0 0 0
28 0 82 94 118 0 345 766 0 590 0 19 64 193 135 0 379 200 134 269 0 30 43 51 0 126 143 0 0 0 0 0 0 0 0 0 0 0 0 0 0 456 5 38 0 0 136 0 0
0 0 0 10 0 0 0 36 0 0 0 0 0 0 0 0 8 0 1 0 0 0 0 0 0 0 0 0 0 0 0 0 0 0 0 0 0 0 0 0 0 0 0 0 0 0 0 0 0
0 0 79 58 0 0 0 92 0 0 0 0 44 240 0 0 96 0 52 29 0 0 0 0 0 114 0 0 0 0 0 0 0 0 0 0 0 0 0 0 0 0 0 0 0 0 0 0 0
233 1124 249 202 322 0 594 628 292 301 108 199 108 427 3707 73 325 1854 125 518 593 199 287 197 537 247 248 0 0 31 0 82 263 67 47 57 1 140 431 177 569 0 47 259 86 311 665 154 538
357 1281 135 109 303 1446 397 290 455 348 758 135 161 411 4939 391 412 2356 103 798 1493 218 180 137 455 298 235 648 0 448 405 2964 789 595 294 5712 361 483 1155 510 695 254 230 282 1487 2998 1022 734 1276
102 282 54 25 180 0 215 226 25 102 0 45 41 272 478 0 53 98 24 85 112 73 56 63 140 124 139 0 0 0 0 13 1035 23 53 217 0 0 196 73 572 102 167 8 427 326 191 92 0
226 546 432 73 858 247 604 726 352 416 285 339 322 516 723 274 502 194 147 520 498 496 254 295 452 696 493 270 0 357 0 383 1435 299 592 931 348 540 482 543 576 365 746 155 6360 1299 733 1088 1422
97 196 87 98 109 0 148 102 51 98 0 53 67 148 268 4 91 230 74 135 56 48 78 59 102 143 110 0 0 0 0 0 31 0 8 31 21 39 0 36 415 218 49 49 0 3 135 0 0
79 183 88 124 332 0 278 220 52 71 0 89 76 260 164 0 109 234 88 259 56 86 86 102 79 753 714 0 0 0 0 0 0 0 30 197 0 0 0 172 368 20 229 197 0 136 178 147 0
36 142 113 69 54 0 87 104 13 130 0 36 52 95 96 0 64 145 41 103 165 25 140 54 57 141 68 0 0 0 0 14 16 0 0 28 0 0 36 19 352 121 34 45 0 40 113 0 25
74 211 127 48 122 0 168 131 61 123 12 72 82 147 165 34 88 151 44 100 121 68 112 90 97 189 98 0 0 0 0 0 0 48 0 0 0 0 72 219 407 49 19 28 15 0 118 54 0
24 64 28 75 60 0 47 81 225 27 0 12 45 99 59 0 114 83 46 67 0 1 17 48 13 78 62 0 0 0 0 0 0 0 56 0 0 0 85 20 139 10 0 10 0 211 8 0 0
148 365 2487 1332 1140 0 281 4277 163 2186 0 1300 988 2059 87 415 4756 307 6172 5620 1684 1566 163 502 376 393 2830 0 0 55 0 0 259 9 20 38 0 0 190 832 351 103 47 59 158 44 3175 110 259
71 139 138 159 103 0 127 123 0 87 0 35 73 121 77 0 89 158 79 187 21 27 45 62 109 160 128 0 0 38 0 0 309 39 298 8 23 0 0 27 247 40 103 80 0 0 45 0 0
463 248 288 357 330 0 403 310 0 281 0 247 284 482 1028 0 329 803 254 396 0 135 171 240 95 568 336 0 0 0 0 16 20 0 0 0 0 8 0 62 190 107 52 238 0 0 435 0 156
54 37 1042 270 87 0 75 189 0 19 0 56 144 110 14 0 136 36 43 476 0 25 99 217 26 316 120 0 0 0 0 0 0 0 0 0 0 0 0 0 0 0 0 0 0 0 66 0 220
303 140 1068 5605 797 0 641 2878 0 745 0 594 1707 1657 931 0 1961 2719 2878 8363 0 33 779 860 64 2601 1684 0 0 0 0 0 0 0 0 0 0 0 0 34 0 280 35 457 0 0 195 0 0
0 447 48 207 23 0 477 205 0 88 19 34 70 60 200 0 157 372 122 329 456 34 48 24 0 110 84 312 0 0 0 0 0 0 0 0 0 0 0 5 0 0 0 9 0 0 153 0 0
2 4 40 3 31 0 20 55 0 15 0 8 27 33 0 0 28 5 17 22 0 11 18 25 0 73 56 0 0 0 0 0 0 0 0 7 0 0 0 12 0 4 0 0 0 0 11 0 0
0 0 23 37 21 0 7 64 0 10 0 0 30 31 0 0 27 4 26 52 0 0 22 18 0 50 37 0 0 0 0 0 0 0 0 0 0 0 0 10 0 0 13 0 0 0 0 0 0
1408 1598 1374 1151 1580 239 1573 830 981 954 450 1373 1787 1270 2093 1416 717 2797 1062 1204 2428 683 1170 1725 732 736 946 0 0 0 0 445 86 98 0 334 0 1558 1405 720 579 615 3854 1522 0 108 2055 762 0
53 213 235 169 219 0 175 190 147 78 0 162 167 104 226 0 194 181 86 240 300 73 254 58 66 206 144 0 0 0 0 0 0 0 496 0 0 22 34 79 230 59 23 53 0 0 74 111 141
0 0 700 254 143 0 13 239 0 0 0 0 601 258 0 0 643 0 390 343 0 0 25 79 0 482 243 0 0 0 0 0 0 0 0 0 0 0 0 0 0 0 0 10 0 0 0 0 0
239 235 174 121 149 0 214 218 483 77 0 283 145 95 60 109 118 113 69 971 441 76 1139 69 109 189 163 0 0 0 0 91 0 251 0 22 0 90 127 8 273 183 131 58 0 0 52 0 0
226 114 388 1083 173 0 268 245 305 199 0 1895 138 309 41 0 142 332 184 993 397 43 421 101 18 381 179 0 0 1206 0 131 3937 0 2415 50 0 43 0 0 303 73 383 1114 1796 0 20 929 0
