49
0 0 184 0 135 0 30 168 0 56 0 98 344 834 0 0 62 103 104 216 0 0 38 181 0 1067 292 0 0 0 0 0 0 0 0 10 0 0 0 0 0 3 0 0 0 0 8 0 0
117 0 344 98 188 0 192 792 0 257 0 344 426 373 0 0 511 1558 449 1109 0 43 292 317 71 546 496 0 0 0 0 0 0 0 0 0 0 0 77 20 0 0 33 107 0 0 88 0 0
0 0 0 0 0 0 0 0 0 0 0 0 0 0 0 0 0 0 2 0 0 0 3 0 0 48 0 0 0 1 0 0 0 0 0 0 0 0 0 0 0 0 0 0 0 0 0 0 0
3 0 24 0 8 7 10 0 5 8 3 0 13 27 0 3 0 0 10 0 0 10 8 25 10 16 21 8 0 1 1 2 3 2 2 0 48 0 0 8 0 0 4 6 0 0 0 5 0
0 0 24 0 0 0 0 2 0 33 0 0 0 174 0 0 24 0 0 0 0 0 2 91 0 25 1372 0 0 0 0 0 0 0 0 0 0 0 0 0 0 0 0 0 0 0 0 0 0
3669 2325 797 0 3190 0 1943 834 745 1310 795 738 748 2771 1026 558 925 3417 17 436 1753 2601 932 1684 1284 1328 3096 585 0 2 0 261 502 273 67 526 384 228 2776 517 308 263 109 585 0 364 1165 134 425
0 0 108 0 1 0 0 240 0 202 0 58 123 99 0 0 223 71 95 223 0 0 53 46 0 129 127 0 0 0 0 0 0 0 0 0 0 0 0 0 0 0 0 11 0 0 0 0 0
0 0 6 31 0 0 0 0 0 15 0 0 19 0 0 0 0 0 243 0 0 0 0 0 0 12 2 0 0 2 0 0 0 0 0 0 0 0 0 0 0 0 5 0 0 0 0 0 0
117 282 103 0 156 0 190 43 0 185 0 259 0 207 93 0 85 380 0 0 0 102 1820 247 126 89 320 0 0 0 0 27 0 22 0 0 0 35 0 39 106 80 24 88 0 9 301 0 0
0 0 40 0 0 0 0 0 0 0 0 23 12 11 0 0 100 0 0 0 0 0 1 3 0 25 61 0 0 0 0 0 0 0 0 0 0 0 0 0 0 0 0 17 0 0 0 0 0
242 2090 231 0 320 0 301 260 283 284 0 371 129 495 717 0 224 2035 0 241 92 298 544 499 247 373 978 0 0 0 0 92 158 113 0 135 57 65 964 213 266 0 100 201 0 86 303 173 7
0 0 160 447 1 0 0 78 0 0 0 0 102 13 0 0 32 0 82 201 0 0 1 140 0 54 52 0 0 0 0 0 0 0 0 0 0 0 0 0 0 0 0 0 0 0 10 0 0
0 0 19 0 19 0 0 0 12 0 0 0 0 34 0 0 0 0 0 0 0 0 3 0 0 0 0 0 0 1 1 0 0 0 0 0 0 0 0 0 0 0 2 0 0 0 0 0 0
0 0 54 0 0 0 0 24 0 0 0 0 0 0 0 0 1 0 0 0 0 0 4 81 0 86 0 0 0 0 0 0 0 0 0 0 0 0 0 0 0 0 0 0 0 0 0 0 0
214 103 1041 2259 410 0 389 2130 0 468 0 558 1167 784 0 0 1146 842 2480 4093 0 104 500 431 339 1297 785 0 0 0 0 0 0 13 0 82 180 93 409 105 0 320 140 367 0 0 253 17 0
319 538 265 0 405 0 242 73 180 176 1 450 59 440 136 0 130 542 0 0 0 421 363 676 216 372 555 0 0 30 0 99 86 106 0 169 0 76 702 182 0 79 31 103 0 95 673 7 0
0 0 22 363 0 0 0 1306 0 0 0 0 57 0 0 0 0 0 1948 125 0 0 0 0 0 66 0 0 0 1 0 0 0 0 0 0 0 0 0 0 0 0 7 0 0 0 0 0 0
0 0 193 625 18 0 0 565 0 5 0 80 319 116 0 0 231 0 513 1007 0 0 46 88 0 321 172 0 0 0 0 0 0 0 0 0 0 0 0 0 0 0 2 13 0 0 0 0 0
0 0 0 0 14 0 0 0 8 54 6 0 5 9 0 5 0 0 0 0 0 0 8 0 39 4 3 18 1 1 1 0 5 2 0 0 31 0 0 14 0 0 2 0 0 0 0 0 0
0 0 113 564 27 0 0 44 12 11 0 0 74 2 0 9 0 0 184 0 0 0 32 0 0 100 30 0 1 5 1 0 0 2 0 0 0 0 0 0 0 0 9 0 0 0 0 0 0
314 1732 503 267 366 0 624 900 37 520 0 567 568 824 2337 18 599 1972 574 1225 0 194 497 367 355 611 585 0 0 0 0 0 20 52 0 114 0 0 318 94 48 0 77 137 0 0 237 0 0
170 0 237 0 929 0 189 544 0 155 0 107 202 667 0 0 915 276 98 92 0 0 91 535 0 252 1210 0 0 0 0 0 0 0 0 4 0 0 0 0 0 7 0 65 0 0 717 0 0
0 0 0 0 0 0 0 6 0 0 0 0 0 0 0 0 3 0 0 0 0 0 0 13 0 13 53 0 0 0 0 0 0 0 0 0 0 0 0 0 0 0 0 0 0 0 0 0 0
0 0 382 0 0 0 0 29 0 0 0 0 44 0 0 0 14 0 19 23 0 0 0 0 0 92 111 0 0 0 0 0 0 0 0 0 0 0 0 0 0 1 0 0 0 0 0 0 0
34 0 114 0 70 0 372 504 0 933 0 105 99 133 0 0 313 287 0 202 0 2 96 81 0 157 184 0 0 0 0 0 0 12 0 36 0 0 99 19 0 120 21 81 0 28 67 0 0
0 0 0 0 0 0 0 0 0 0 0 0 210 0 0 0 0 0 0 0 0 0 0 0 0 0 0 0 0 1 0 0 0 0 0 0 0 0 0 0 0 0 4 0 0 0 0 0 0
0 0 16 0 0 0 0 0 0 0 0 0 36 37 0 0 17 0 0 0 0 0 0 0 0 9 0 0 0 0 0 0 0 0 0 0 0 0 0 0 0 0 0 0 0 0 0 0 0
286 653 432 0 352 0 563 469 244 403 7 573 212 531 3518 15 380 1124 0 307 702 231 458 486 458 393 725 0 0 0 0 205 172 149 0 144 80 218 345 208 718 73 122 309 0 210 412 166 145
501 1418 317 0 405 510 775 347 513 536 403 566 68 742 6635 350 350 1456 0 0 1343 402 450 583 602 313 569 659 0 542 0 4760 1219 1383 573 7684 194 599 1405 687 1496 398 350 468 1133 3013 709 598 812
53 240 0 0 64 0 33 0 25 34 0 74 0 108 265 0 0 102 0 0 94 112 46 67 49 0 87 9 0 0 0 12 608 67 126 302 0 0 59 84 938 42 82 47 90 231 105 46 0
406 902 302 0 830 375 632 21 745 468 370 843 0 944 812 422 183 776 0 0 1100 1146 482 698 557 281 758 514 164 568 0 1047 2217 896 1051 2696 615 976 623 995 544 419 1009 771 7018 2430 1062 1566 2257
53 66 169 0 70 0 80 260 0 94 0 160 112 138 25 0 159 263 3 295 21 3 85 135 27 183 173 0 0 0 0 0 0 0 0 0 8 0 0 50 88 191 60 61 0 0 81 17 0
92 120 218 0 253 0 83 284 12 97 0 198 125 346 138 0 207 298 0 269 0 194 161 194 65 370 633 0 0 0 0 49 0 0 0 185 0 0 21 246 136 36 59 100 0 72 170 35 0
31 56 65 0 32 0 39 63 0 27 0 106 21 75 0 0 62 158 0 0 0 34 258 64 0 63 97 0 0 0 0 24 1 0 0 67 0 0 0 76 23 75 11 78 0 0 97 0 0
146 264 368 0 250 0 262 459 105 247 27 342 243 381 298 100 356 560 73 682 249 200 297 332 179 367 414 6 0 0 0 85 18 146 0 64 15 0 80 315 204 153 117 235 0 99 215 260 0
0 1 75 44 26 0 26 243 21 26 0 45 83 41 0 0 102 129 106 262 0 0 25 66 0 100 53 0 0 0 0 24 0 0 0 0 0 0 0 52 0 25 0 47 0 84 10 0 0
86 206 431 0 275 0 146 438 23 772 0 699 96 438 0 148 478 261 0 409 647 486 64 369 54 142 875 0 0 51 0 0 338 24 0 67 0 0 77 841 0 65 18 37 0 0 2598 164 201
68 70 183 218 61 0 117 652 0 106 0 94 157 110 0 0 282 353 273 767 22 21 60 176 41 290 113 0 0 201 0 2 213 43 250 2 23 0 13 58 18 52 202 130 0 19 47 3 0
433 0 401 514 162 0 326 710 10 211 0 430 470 327 0 0 291 1555 501 1255 0 11 300 300 0 1791 342 0 0 0 0 102 0 82 0 12 0 0 0 64 0 103 31 277 0 64 128 0 0
5 0 254 0 59 0 34 45 0 6 0 200 19 105 0 0 44 111 0 18 0 74 87 416 0 281 108 0 0 0 0 0 0 0 0 0 0 0 0 0 0 0 0 23 0 0 341 0 52
276 11 1441 4922 1105 0 460 2963 0 852 0 821 1603 713 28 23 1672 1004 3104 5936 0 147 370 539 134 1799 981 0 0 0 0 0 0 0 0 68 79 0 59 174 0 277 101 333 0 2 167 0 16
0 241 36 78 16 0 142 226 0 177 2 42 61 12 0 0 229 354 77 144 103 0 59 0 0 64 52 0 0 0 0 0 0 0 0 0 0 0 0 97 0 0 5 6 0 0 72 0 0
5 0 5 0 11 0 2 0 0 4 0 32 0 21 0 0 0 0 0 0 0 7 11 27 0 0 30 0 0 0 0 0 0 0 0 23 0 0 0 36 0 0 0 5 0 0 0 0 0
3 0 41 0 0 0 0 98 0 0 0 26 33 20 0 0 41 0 35 113 0 0 20 19 0 52 31 0 0 0 0 0 0 0 0 0 0 0 0 0 0 0 0 0 0 0 0 0 0
768 637 1093 1692 837 106 1200 1355 488 628 131 2446 2437 1185 374 1143 1703 2244 1191 2201 1834 402 480 1333 567 996 788 97 0 0 0 324 384 13 167 713 45 2089 1057 1551 1435 412 2363 850 0 203 823 435 0
64 126 81 125 113 0 264 203 0 26 0 99 94 75 614 0 129 155 113 300 495 23 99 56 0 136 95 0 0 0 0 1 0 340 0 0 28 0 0 153 0 40 40 79 0 0 90 67 126
0 0 352 53 98 0 19 478 0 19 0 0 667 261 0 0 454 163 365 532 0 0 18 136 0 645 216 0 0 0 0 0 0 0 0 0 0 0 0 0 0 0 7 38 0 0 0 0 0
96 63 118 0 89 0 125 309 343 60 0 272 118 112 0 0 156 254 68 348 166 97 353 138 52 214 175 0 0 0 0 0 0 36 0 14 0 0 44 23 13 49 67 10 0 0 125 0 0
131 150 378 2642 156 0 524 281 165 66 0 1605 253 168 53 87 366 324 291 1105 337 186 192 194 34 406 180 0 0 580 0 53 1434 27 1041 41 0 43 401 0 0 68 268 925 860 0 149 1161 0
