49
0 0 303 184 89 0 36 133 0 33 0 31 846 966 0 0 54 86 132 165 0 0 18 290 0 1725 702 0 0 0 0 0 0 0 0 3 0 0 0 0 0 9 0 0 0 0 127 0 0
87 0 169 310 132 0 123 350 0 165 0 195 158 312 119 0 211 2011 173 282 0 102 179 172 0 251 372 0 0 0 0 0 0 0 0 0 0 0 0 0 0 0 0 58 0 0 65 0 0
0 0 0 57 0 0 0 5 0 0 0 0 24 0 0 0 26 48 7 0 0 0 0 0 0 65 0 0 0 0 0 0 0 0 0 0 0 0 0 0 0 0 0 0 0 0 0 0 0
0 0 0 0 0 0 0 123 0 0 0 0 0 0 0 0 0 0 0 0 0 0 0 0 0 0 6 0 0 0 0 0 0 0 0 0 0 0 0 0 0 0 0 0 0 0 0 0 0
0 0 229 76 0 0 10 257 0 21 0 3 142 514 0 0 157 83 103 15 0 0 5 150 0 256 2939 0 0 0 0 0 0 0 0 0 0 0 0 0 0 11 0 28 0 0 27 0 0
4301 2586 1447 600 3670 0 1929 1911 554 1079 616 1027 1466 5285 1015 395 1176 4343 853 1249 1606 2788 1034 1593 1301 2672 4390 134 0 9 0 216 480 170 138 414 334 189 1854 526 1013 415 83 850 0 278 1536 171 631
0 0 91 95 0 0 0 292 0 195 0 67 71 112 0 0 184 59 220 83 0 0 0 20 0 68 77 0 0 0 0 0 0 0 0 0 0 0 0 0 0 0 0 0 0 0 55 0 0
0 0 0 0 0 0 0 0 0 0 0 0 0 0 0 0 0 0 0 0 0 0 0 0 0 0 0 0 0 0 0 0 0 0 0 0 0 0 0 0 0 0 0 0 0 0 0 0 0
161 447 1236 294 170 0 243 277 0 85 0 413 188 386 0 0 154 413 136 609 85 209 3050 283 262 273 400 0 0 0 0 4 0 34 0 0 15 23 19 130 0 54 0 103 0 0 444 0 0
0 0 32 46 0 0 0 1901 0 0 0 13 11 8 0 0 317 19 439 35 0 0 0 4 0 34 32 0 0 0 0 0 0 0 0 0 0 0 0 6 0 0 0 67 0 0 47 8 0
253 3029 305 324 437 0 295 479 398 236 0 448 235 595 708 32 225 2625 224 1665 397 410 728 627 289 668 1679 0 0 0 0 31 189 140 0 99 112 54 650 224 660 38 66 250 0 31 374 334 71
0 0 601 2679 0 0 0 37 0 0 0 0 62 0 0 0 38 20 60 261 0 0 0 64 0 91 36 0 0 0 0 0 0 0 0 0 0 0 0 0 0 0 0 0 0 0 179 0 0
0 0 0 27 0 0 0 19 0 0 0 0 0 0 0 0 4 0 10 54 0 0 0 0 0 187 0 0 0 0 0 0 0 0 0 0 0 1 0 0 0 0 0 0 0 0 0 0 0
0 0 273 41 0 0 0 153 0 0 0 15 623 0 0 0 48 0 58 7 0 0 4 0 0 275 93 0 0 0 0 0 0 0 0 0 0 0 0 0 0 0 0 0 0 0 0 0 0
80 0 337 271 167 0 156 185 46 283 0 96 80 411 0 0 129 773 546 216 0 0 266 51 157 213 101 0 0 0 0 148 25 0 0 0 113 139 420 23 122 224 38 116 0 0 40 0 0
587 536 908 437 505 0 234 416 263 137 0 746 1433 913 349 0 343 428 366 2075 0 543 471 1138 276 2289 893 0 0 30 0 56 58 45 0 113 0 75 377 238 0 140 24 185 0 24 1000 0 0
0 0 0 546 0 0 0 1139 0 0 0 0 0 0 0 0 0 0 1298 0 0 0 0 0 0 0 0 0 0 0 0 0 0 0 0 0 0 0 0 0 0 0 0 0 0 0 0 0 0
0 0 0 139 0 0 0 44 0 0 0 0 20 8 0 0 12 0 102 149 0 0 0 0 0 78 0 0 0 0 0 0 0 0 0 0 0 0 0 0 0 0 0 0 0 0 0 0 0
0 0 0 81 0 0 0 469 0 0 0 0 0 0 0 0 0 0 0 0 0 0 0 0 0 0 0 0 0 0 0 0 0 0 0 0 0 0 0 0 0 0 0 0 0 0 0 0 0
0 0 208 8 0 0 0 79 0 0 0 0 0 0 0 0 138 0 104 0 0 0 0 0 0 0 0 0 0 0 0 0 0 0 0 0 0 0 0 0 0 0 0 0 0 0 0 0 0
185 1769 408 410 374 0 616 497 0 445 0 510 254 1049 3492 37 247 1790 230 330 0 244 281 263 239 318 482 0 0 0 0 7 0 0 0 0 0 0 0 34 0 0 21 79 0 0 167 0 0
103 0 459 167 828 0 161 1244 0 83 0 91 356 973 19 0 1316 206 800 113 0 0 47 411 0 362 1678 0 0 0 0 0 0 0 0 0 0 0 0 0 0 0 0 54 0 0 876 0 0
0 0 1 49 0 0 2 42 0 10 0 5 14 0 0 0 17 41 22 41 0 0 0 15 0 31 55 0 0 0 0 0 0 0 0 0 0 0 0 0 0 0 0 0 0 0 27 0 0
0 0 1030 143 0 0 0 39 0 0 0 0 69 37 0 0 35 14 14 13 0 0 0 0 0 125 111 0 0 0 0 0 0 0 0 0 0 0 0 0 0 9 0 14 0 0 0 0 0
38 70 75 72 53 0 235 1658 0 908 0 11 55 159 0 0 455 352 390 199 0 150 74 33 0 121 144 0 0 0 0 4 12 5 0 19 0 0 80 0 64 716 17 63 0 0 110 0 0
0 0 0 15 0 0 0 46 0 0 0 0 0 0 0 0 1 0 16 24 0 0 0 0 0 0 0 0 0 0 0 0 0 0 0 0 0 0 0 0 0 0 0 0 0 0 0 0 0
0 0 100 0 0 0 0 134 0 0 0 0 78 0 0 0 113 5 50 17 0 0 0 0 0 164 0 0 0 0 0 0 0 0 0 0 0 0 0 0 0 0 0 0 0 0 0 0 0
252 1191 331 2058 370 0 878 597 702 475 181 589 254 568 5565 141 369 1682 475 2851 1390 329 444 421 744 365 508 0 0 0 0 127 239 60 37 43 152 283 387 216 627 39 44 436 0 140 376 139 457
418 1393 186 187 416 523 795 322 704 625 502 352 205 980 7743 341 193 1011 203 520 1730 429 331 364 671 480 290 748 0 552 149 5600 932 1040 466 7689 248 609 1094 487 4075 404 252 569 1463 3237 735 776 1094
50 265 30 40 94 0 45 154 20 30 8 31 11 267 170 0 17 175 20 58 172 65 35 37 34 51 66 25 0 0 0 40 808 29 139 284 0 0 80 67 3060 55 282 125 482 275 61 79 0
214 439 440 239 1047 149 467 811 453 369 304 582 386 600 312 259 470 349 383 669 681 729 355 479 367 990 586 238 0 346 0 560 1945 311 850 1343 317 551 240 656 0 411 837 1147 6342 1617 935 1487 2075
4 73 73 16 20 0 42 33 0 15 0 13 52 17 0 0 5 88 33 62 0 8 43 36 0 43 12 0 0 0 0 0 0 0 0 26 0 0 0 2 0 205 26 11 0 0 46 0 0
3 112 172 33 273 0 48 121 1 25 0 148 29 219 0 0 61 124 44 66 15 105 60 68 0 842 1005 0 0 0 0 37 0 0 149 277 0 0 0 254 0 493 149 40 0 71 53 146 0
8 113 16 63 11 0 42 38 0 20 0 22 22 39 16 0 10 87 5 11 27 23 215 16 0 54 13 0 0 0 0 35 3 0 12 68 0 0 0 88 0 98 20 106 17 0 85 0 96
47 205 100 94 79 0 142 134 87 117 25 115 97 111 15 86 35 249 115 202 159 102 152 72 34 169 57 0 0 0 0 26 0 0 0 3 0 0 9 268 0 32 0 291 0 0 126 243 0
0 57 4 7 21 0 32 20 37 0 0 7 9 20 3 0 12 56 6 14 7 9 38 15 0 19 28 0 0 0 0 0 0 0 0 0 0 10 37 12 0 7 0 25 0 178 12 14 0
36 205 1726 1143 376 0 195 1826 0 1078 0 423 383 770 0 101 1827 115 2957 2360 803 580 168 424 113 235 1397 0 0 37 0 8 224 23 61 74 0 3 44 693 15 57 26 36 0 0 3446 199 161
2 63 22 24 7 0 58 13 0 6 0 1 0 11 0 0 4 46 11 33 38 29 10 4 31 108 7 0 0 70 0 1 132 42 416 0 0 0 0 22 0 10 259 100 0 4 32 0 13
657 34 274 148 222 0 444 174 0 156 0 290 259 391 0 0 83 3107 241 109 81 43 546 188 0 584 234 0 0 0 0 104 30 26 0 0 0 46 0 58 0 57 0 101 0 0 126 0 0
53 18 1074 678 53 0 49 162 0 0 0 190 111 183 0 0 94 114 90 498 0 71 92 456 27 333 102 0 0 0 0 0 0 0 0 0 0 0 0 0 0 0 0 22 0 0 446 0 122
63 143 14 206 1724 0 566 231 0 1094 0 143 187 125 0 24 66 220 168 448 1 131 46 62 0 67 204 0 0 0 0 0 0 0 0 1 0 0 1 28 0 2 1 2 0 0 76 0 0
0 204 8 21 0 0 134 344 0 152 0 22 18 12 0 0 310 207 77 57 44 11 69 0 0 19 28 0 0 0 0 0 0 0 0 0 0 0 0 14 0 0 0 1 0 0 105 31 0
0 7 25 6 18 0 13 32 19 3 0 19 17 15 0 0 10 13 9 11 0 17 19 20 0 46 29 0 0 0 0 0 0 0 7 25 0 0 11 25 0 7 0 29 0 9 16 0 0
2 0 13 15 0 0 2 23 0 0 0 4 7 1 0 0 7 31 0 21 0 0 17 0 0 14 1 0 0 0 0 0 0 0 0 0 0 0 0 0 0 0 0 0 0 0 17 0 0
705 676 862 918 1497 14 1410 591 481 417 176 1190 1603 637 246 1235 2151 2324 413 2533 2242 461 1078 1126 737 633 540 58 0 0 0 301 222 0 29 490 312 1927 1159 808 4628 487 3075 709 0 33 989 412 0
78 285 72 140 46 0 283 100 32 38 0 141 117 141 956 0 116 222 18 655 405 95 283 44 48 200 42 0 0 0 0 65 0 1 131 0 22 0 13 179 191 43 0 84 0 0 162 170 194
0 0 900 350 0 0 0 356 0 0 0 0 1089 391 0 0 941 77 776 358 0 0 0 65 0 929 159 0 0 0 0 0 0 0 0 0 0 0 0 0 0 0 0 0 0 0 0 0 0
50 186 54 79 49 0 81 420 189 0 0 190 106 46 37 26 126 110 6 883 243 33 402 34 99 122 89 0 0 0 0 29 0 88 0 0 0 5 7 4 0 0 90 201 0 0 158 0 0
127 117 890 3408 129 0 407 108 252 18 0 2382 477 216 79 2 339 236 75 1263 458 212 361 137 22 320 83 0 0 581 0 71 2041 0 731 15 0 0 72 0 5 6 236 1033 782 0 288 907 0
