49
0 0 313 121 217 0 80 125 0 41 0 90 600 536 72 0 97 116 122 167 0 0 37 335 0 1258 242 0 0 0 0 0 0 0 0 0 0 0 0 0 17 24 38 91 0 0 81 0 0
119 0 100 218 185 0 231 196 0 150 0 238 88 206 0 0 148 955 135 287 0 67 152 137 123 179 140 0 0 0 0 0 0 0 0 0 0 0 0 8 70 0 22 110 0 0 159 0 0
0 0 0 26 0 0 0 6 0 0 0 0 17 0 0 0 8 6 13 83 0 0 0 0 0 42 0 0 0 0 0 0 0 0 0 0 0 0 0 0 0 0 0 0 0 0 0 0 0
0 0 0 0 0 0 0 2 0 0 0 0 0 0 0 0 3 0 20 0 0 0 0 0 0 0 0 0 0 1 1 0 0 2 0 0 0 0 0 0 0 0 0 0 0 0 0 0 0
0 0 212 5 0 0 8 113 0 13 0 26 225 263 0 0 158 0 178 73 0 0 13 167 0 174 1087 0 0 0 0 0 0 0 0 0 0 0 0 0 0 0 0 0 0 0 0 0 0
5126 2372 1326 474 4143 0 2306 1417 988 1382 998 983 1563 4053 1893 928 1345 1990 1321 841 1953 3156 999 1454 1996 2502 2561 483 0 18 24 195 446 212 187 292 741 379 2961 620 652 607 198 714 72 359 1225 406 776
0 0 76 72 0 0 0 263 0 71 0 4 85 73 21 0 244 51 233 134 0 0 0 46 0 50 36 0 0 0 0 0 0 0 0 0 0 0 0 0 0 0 9 10 0 0 25 0 0
0 0 0 0 0 0 0 0 0 0 0 0 0 0 0 0 0 0 0 0 0 0 0 0 0 0 0 0 0 0 0 0 0 0 0 0 0 0 0 0 0 0 0 0 0 0 0 0 0
114 161 200 130 172 0 169 146 0 105 0 324 180 239 246 0 139 127 152 382 0 167 2627 158 139 208 152 0 0 0 0 31 33 0 0 26 0 91 46 69 548 55 15 112 0 3 299 0 0
0 0 70 75 0 0 0 1291 0 0 0 62 30 50 0 0 220 69 348 75 0 15 0 30 0 83 33 0 0 0 0 0 0 0 0 0 0 0 0 0 0 0 18 4 0 0 49 0 0
440 1478 408 309 529 0 542 396 536 366 0 533 339 751 750 132 400 918 277 1023 295 494 818 500 506 626 517 27 0 0 0 105 213 71 57 109 97 185 688 256 660 56 88 305 11 177 425 477 210
0 0 660 494 0 0 0 35 0 0 0 0 99 0 0 0 25 0 40 162 0 0 0 121 0 150 11 0 0 0 0 0 0 0 0 0 0 0 0 0 0 0 0 0 0 0 0 0 0
0 0 0 35 0 0 0 18 0 0 0 0 0 0 0 0 10 0 18 283 0 0 0 0 0 0 0 0 0 0 0 0 0 0 0 0 0 0 0 0 0 0 0 0 0 0 0 0 0
0 0 384 139 0 0 0 151 0 0 0 59 679 0 0 0 162 62 140 109 0 0 0 643 0 519 77 0 0 0 0 0 0 0 0 0 0 0 0 0 0 0 5 18 0 0 0 0 0
0 216 99 172 45 0 0 128 0 19 0 90 57 29 0 0 76 323 58 214 0 0 47 54 0 75 75 0 0 0 0 0 0 0 0 0 0 0 0 0 0 0 18 173 0 0 167 0 0
630 384 866 260 540 0 393 368 351 285 0 1062 1653 899 340 0 394 141 363 2341 0 566 477 1106 321 2077 555 0 0 0 0 60 99 42 22 193 0 161 503 266 613 132 64 101 0 107 388 0 42
0 0 0 0 0 0 0 308 0 0 0 0 0 0 0 0 0 0 653 0 0 0 0 0 0 0 0 0 0 0 0 0 0 0 0 0 0 0 0 0 0 0 0 0 0 0 0 0 0
0 0 0 10 7 0 0 18 0 0 0 16 11 0 0 0 14 0 20 43 0 0 0 11 0 6 0 0 0 7 9 0 0 9 0 0 0 0 0 1 0 0 4 65 0 0 68 0 0
0 0 0 0 0 0 0 54 0 0 0 0 0 0 0 0 0 0 0 0 0 0 0 0 0 0 0 0 0 0 0 0 0 0 0 0 0 0 0 0 0 0 0 0 0 0 0 0 0
0 0 0 35 0 0 0 18 0 0 0 0 0 0 0 0 2 0 12 0 0 0 0 0 0 0 0 0 0 0 0 0 0 0 0 0 0 0 0 0 0 0 0 0 0 0 0 0 0
326 1535 234 372 420 0 546 288 88 252 0 351 184 405 518 53 288 1979 218 389 0 261 290 270 356 279 212 0 0 0 0 0 29 0 0 36 0 53 272 71 354 0 79 237 0 0 159 0 0
52 0 302 86 512 0 153 675 0 0 0 57 265 492 14 0 1074 98 743 120 0 0 22 407 0 208 773 0 0 0 0 0 0 0 0 0 0 0 0 0 67 27 10 18 0 0 216 0 0
0 0 38 54 0 0 6 52 0 7 0 18 21 14 0 0 31 18 48 75 0 0 0 27 0 29 29 0 0 0 0 0 0 0 0 0 0 0 0 0 0 0 3 0 0 0 0 0 0
0 0 499 8 0 0 0 27 0 0 0 0 53 0 0 0 22 0 25 91 0 0 0 0 0 19 0 0 0 0 0 0 0 0 0 0 0 0 0 0 0 0 0 0 0 0 0 0 0
33 0 106 211 64 0 338 825 0 326 0 122 81 145 194 0 328 227 324 201 0 3 71 91 0 126 106 0 0 0 0 0 0 0 0 13 0 3 0 19 80 455 70 117 0 0 201 47 0
0 0 0 21 0 0 0 41 0 0 0 0 421 0 0 0 73 0 44 22 0 0 0 0 0 0 0 0 0 0 0 0 0 0 0 0 0 0 0 0 0 0 0 0 0 0 0 0 0
0 0 87 94 0 0 0 71 0 0 0 0 144 0 0 0 131 39 129 59 0 0 0 106 0 106 0 0 0 0 0 0 0 0 0 0 0 0 0 0 0 0 0 0 0 0 0 0 0
250 801 236 343 318 0 558 450 295 559 0 323 211 443 4608 106 286 1356 246 1416 654 265 383 229 674 245 199 0 0 0 0 130 173 57 110 63 0 230 421 150 668 5 77 575 232 333 626 394 528
436 1392 265 71 217 772 447 261 471 469 511 264 240 375 4501 368 343 919 222 558 1320 245 249 173 533 293 229 912 0 404 269 4046 1149 624 394 4777 290 962 1484 381 759 324 353 476 1944 2514 664 459 1167
123 278 140 0 244 0 214 137 84 284 48 106 134 458 539 53 68 0 74 195 288 115 92 59 181 115 142 78 0 0 389 69 1439 79 127 303 82 451 159 105 653 126 333 0 1704 442 128 124 0
163 451 454 0 497 0 440 349 299 506 229 430 391 792 606 265 248 0 284 399 434 470 169 301 335 343 435 242 0 0 0 395 959 129 536 601 468 777 154 476 684 284 672 0 4526 556 276 301 716
75 147 73 99 63 0 90 82 0 152 0 87 56 110 98 0 65 150 79 152 45 39 47 76 57 90 67 0 0 0 0 0 36 20 23 0 4 42 18 33 414 267 98 72 0 0 87 0 0
20 77 137 166 103 0 127 124 0 103 0 83 118 255 128 0 59 57 99 352 0 117 46 137 39 216 358 0 0 0 0 0 0 0 37 168 0 0 0 128 393 14 222 33 369 131 129 43 0
17 93 137 0 19 0 33 50 22 85 0 64 56 53 24 0 35 0 29 103 93 33 249 61 29 117 31 0 0 0 0 0 18 0 0 67 42 0 0 48 305 43 32 0 0 161 11 0 54
32 131 81 21 50 0 88 83 10 53 0 125 62 103 141 0 38 36 70 149 42 50 88 69 35 93 60 0 0 0 0 0 0 55 0 0 0 0 0 79 424 40 34 0 0 0 51 0 0
5 32 41 32 16 0 23 45 0 28 0 25 25 20 14 0 25 26 33 120 0 16 63 24 0 40 27 0 0 0 0 5 0 0 14 0 0 0 0 3 216 4 0 4 0 118 6 0 0
157 114 2696 2558 783 0 186 1707 129 1522 0 610 879 2020 140 178 2942 138 2711 1138 1520 928 320 834 334 280 2176 53 0 0 0 0 133 0 84 21 0 0 678 839 370 97 62 71 162 46 2208 112 358
12 51 77 99 34 0 64 66 0 237 0 62 43 57 36 0 48 71 56 142 0 20 22 60 0 62 57 0 0 0 0 0 219 1 216 4 6 0 7 16 369 34 128 72 0 0 62 0 0
133 28 161 161 122 0 113 129 0 107 0 194 282 197 257 0 130 589 206 173 0 89 100 132 13 232 179 0 0 0 0 0 12 10 65 26 0 0 0 133 110 22 49 191 0 0 203 0 0
16 0 883 117 53 0 64 83 0 13 0 235 167 90 25 0 98 0 85 665 0 57 72 440 0 148 64 0 0 0 0 0 0 0 0 0 0 0 0 0 86 6 5 0 0 0 11 0 0
0 0 1173 3479 247 0 165 2039 0 365 0 320 903 715 415 0 1146 2179 1607 5117 0 0 176 629 0 1470 1022 0 0 0 0 0 0 0 0 0 0 0 0 0 0 20 179 306 0 0 197 0 0
0 86 35 69 99 0 211 123 0 83 0 73 33 3 337 0 75 92 191 225 74 0 110 25 0 40 26 0 0 0 0 0 0 0 0 0 0 0 0 0 0 0 15 14 0 0 29 0 0
0 0 35 3 6 0 0 33 0 0 0 27 20 0 0 0 23 0 26 70 0 0 0 14 0 47 32 0 0 0 0 0 0 0 0 2 0 0 0 0 0 0 0 0 0 0 0 0 0
0 0 45 25 17 0 0 47 0 0 0 4 29 0 0 0 23 0 28 79 0 0 13 26 0 32 11 0 0 28 18 0 0 10 4 0 0 0 0 22 0 0 33 0 0 0 1 49 0
462 643 486 466 459 0 625 347 238 331 0 447 264 478 1401 193 229 1260 330 1071 535 224 259 436 324 201 260 0 0 0 0 125 0 39 250 197 0 1441 956 372 606 212 2385 1014 0 295 1716 538 0
96 228 656 241 81 0 180 134 0 167 0 150 129 99 188 0 103 193 78 217 162 112 148 76 122 248 129 0 0 0 0 92 0 0 24 0 0 60 261 49 471 95 73 218 0 0 139 25 37
0 0 385 71 8 0 0 246 0 0 0 28 363 204 0 0 379 0 890 164 0 0 25 143 0 331 171 0 0 0 0 0 0 0 0 0 0 0 0 0 0 0 27 0 0 0 0 0 0
115 264 122 116 69 0 59 191 177 40 0 363 81 43 17 39 52 204 58 627 154 36 697 55 0 119 83 0 0 0 0 137 0 192 153 29 0 6 133 153 330 107 161 0 0 0 35 0 0
266 418 175 1005 101 0 224 158 272 70 0 1010 162 160 192 0 133 362 117 747 370 101 355 277 66 157 120 0 0 731 0 91 2199 0 1543 76 0 104 95 360 518 122 437 894 1004 0 188 809 0
