49
0 0 285 106 162 0 59 186 0 49 0 14 506 763 25 0 97 98 70 119 0 0 12 160 0 1132 291 0 0 0 0 0 0 0 0 0 0 0 0 0 0 14 5 9 0 0 32 0 0
144 0 169 249 238 0 229 336 0 164 0 93 115 401 244 0 189 510 146 272 0 63 129 143 61 247 219 0 0 0 0 0 0 0 0 0 0 0 0 0 0 0 12 56 0 0 147 0 0
0 0 0 78 0 0 0 38 0 0 0 0 0 0 0 0 3 14 4 0 0 0 0 0 0 0 0 0 0 0 0 0 0 0 0 0 0 0 0 0 0 0 0 0 0 0 0 0 0
0 0 0 0 0 0 0 0 0 0 0 0 0 0 0 0 0 0 0 0 0 0 0 0 0 0 0 0 0 0 0 0 0 0 0 0 0 0 0 0 0 0 0 0 0 0 0 0 0
0 0 249 49 0 0 0 209 0 5 0 0 137 433 0 0 94 21 52 45 0 0 0 43 0 204 1139 0 0 0 0 0 0 0 0 0 0 0 0 0 0 0 0 0 0 0 0 0 0
3440 2132 1463 392 4072 0 1762 1774 554 753 522 547 873 5137 1478 318 993 1534 629 498 1125 2268 925 1267 1145 1909 2263 129 0 77 0 98 370 112 35 222 269 177 1876 357 526 379 109 456 0 346 1156 189 908
0 0 60 129 29 0 0 288 0 125 0 0 53 180 0 0 143 87 98 135 0 0 0 27 0 74 87 0 0 0 0 0 0 0 0 0 0 0 0 0 0 0 0 0 0 0 6 0 0
0 0 0 17 0 0 0 0 0 0 0 0 0 0 0 0 0 0 0 0 0 0 0 0 0 0 0 0 0 0 0 0 0 0 0 0 0 0 0 0 0 0 0 0 0 0 0 0 0
143 268 686 170 243 0 180 211 0 102 0 263 117 356 288 0 151 181 80 229 0 124 2426 191 136 353 201 0 0 0 0 0 0 0 0 0 0 49 0 85 269 37 11 37 0 0 259 0 0
0 0 24 58 0 0 0 1723 0 0 0 10 32 59 0 0 147 55 337 56 0 0 0 16 0 55 57 0 0 0 0 0 0 0 0 0 0 0 0 0 0 0 0 0 0 0 20 0 0
359 1663 331 412 519 0 483 404 349 252 0 332 147 798 1507 0 246 1134 124 322 251 291 572 425 386 493 535 0 0 21 0 24 163 66 0 50 117 101 598 161 492 26 60 158 0 182 458 190 159
0 0 880 952 34 0 5 111 0 0 0 0 63 44 0 0 34 33 54 196 0 0 0 63 0 83 82 0 0 0 0 0 0 0 0 0 0 0 0 0 0 0 0 6 0 0 69 0 0
0 0 1 27 0 0 0 33 0 0 0 0 0 0 0 0 0 0 8 126 0 0 0 0 0 259 0 0 0 0 0 0 0 0 0 0 0 0 0 0 0 0 0 0 0 0 0 0 0
0 0 271 57 0 0 0 102 0 0 0 0 349 0 0 0 40 0 40 42 0 0 0 0 0 223 0 0 0 0 0 0 0 0 0 0 0 0 0 0 0 0 0 0 0 0 0 0 0
0 0 71 390 110 0 94 289 0 200 0 98 112 180 0 0 136 728 157 328 0 0 129 74 0 186 207 0 0 0 0 0 0 14 0 0 0 0 0 3 0 0 25 194 0 0 425 0 0
479 436 815 207 583 0 345 501 180 177 12 500 1026 999 313 0 392 245 167 850 0 427 414 929 253 1889 629 0 0 107 0 0 71 25 0 63 0 85 615 235 361 143 31 61 0 53 520 0 169
0 0 0 87 0 0 0 796 0 0 0 0 8 0 0 0 0 0 860 14 0 0 0 0 0 4 0 0 0 0 0 0 0 0 0 0 0 0 0 0 0 0 0 0 0 0 0 0 0
0 0 0 80 0 0 0 75 0 0 0 0 16 14 0 0 10 0 25 61 0 0 0 0 0 42 18 0 0 0 0 0 0 0 0 0 0 0 0 0 0 0 0 0 0 0 96 0 0
0 0 0 23 0 0 0 173 0 0 0 0 0 0 0 0 0 0 0 0 0 0 0 0 0 3 0 0 0 0 0 0 0 0 0 0 0 0 0 0 0 0 0 0 0 0 0 0 0
0 0 38 233 0 0 0 92 0 0 0 0 0 0 0 0 0 0 79 0 0 0 0 0 0 56 0 0 0 0 0 0 0 0 0 0 0 0 0 0 0 0 0 0 0 0 0 0 0
363 1653 307 392 736 0 602 419 86 327 0 240 194 730 1115 77 239 1493 216 370 0 239 322 240 332 366 371 0 0 0 0 0 0 0 0 0 0 12 190 33 169 0 33 133 0 0 328 0 0
70 0 375 169 1037 0 160 875 0 59 0 53 178 868 58 0 839 115 485 110 0 0 53 330 0 272 930 0 0 0 0 0 0 0 0 0 0 0 0 0 0 0 0 22 0 0 378 0 0
0 0 26 59 10 0 1 94 0 5 0 5 31 46 0 0 29 20 34 88 0 0 0 16 0 60 58 0 0 0 0 0 0 0 0 0 0 0 0 0 0 0 0 0 0 0 0 0 0
0 0 909 87 0 0 0 88 0 0 0 0 64 88 0 0 37 6 23 73 0 0 0 0 0 142 60 0 0 0 0 0 0 0 0 0 0 0 0 0 0 0 0 0 0 0 0 0 0
43 0 75 125 114 0 359 800 0 606 0 19 57 239 201 0 292 224 175 267 0 34 51 53 0 131 146 0 0 0 0 0 0 0 0 0 0 0 0 0 0 394 12 38 0 0 149 0 0
0 0 6 16 0 0 0 46 0 0 0 0 0 0 0 0 0 0 0 0 0 0 0 0 0 0 0 0 0 0 0 0 0 0 0 0 0 0 0 0 0 0 0 0 0 0 0 0 0
0 0 71 67 0 0 0 87 0 0 0 0 73 467 0 0 79 0 36 18 0 0 0 0 0 80 0 0 0 0 0 0 0 0 0 0 0 0 0 0 0 0 0 0 0 0 0 0 0
253 1131 279 411 366 0 641 594 345 304 148 225 129 547 4381 87 282 2000 221 601 565 198 318 243 612 254 269 0 0 53 0 63 227 57 33 55 102 162 380 165 527 0 50 291 0 298 724 170 517
402 1435 157 167 348 1351 390 359 464 362 822 149 116 497 6113 360 226 2562 86 1268 1415 215 221 157 477 253 253 614 0 529 251 3511 829 584 300 5452 418 492 1155 444 650 313 215 241 1241 3251 1017 744 1113
110 334 63 79 158 0 245 191 23 106 0 64 45 298 646 0 48 165 38 132 140 81 73 65 141 120 150 0 0 0 0 4 917 13 57 212 0 15 163 76 528 139 167 46 306 340 223 73 0
226 646 467 174 918 241 596 845 397 379 301 434 256 672 870 287 383 277 159 526 580 504 296 370 443 623 583 264 0 497 0 368 1458 307 695 836 456 598 393 608 539 388 808 123 6005 1381 624 1130 1559
112 211 54 127 108 0 135 126 46 103 0 58 56 143 316 37 68 235 52 162 49 46 75 49 107 108 110 0 0 0 0 0 27 0 3 0 28 55 0 27 386 282 65 49 0 0 133 25 0
72 176 86 140 353 0 273 221 31 54 0 94 69 252 166 0 99 202 92 268 66 97 99 128 77 795 302 0 0 0 0 0 0 1 66 182 0 0 0 209 344 27 268 150 23 150 173 59 0
39 141 66 76 53 0 79 123 4 94 0 42 47 96 0 0 40 122 44 136 112 33 187 49 54 119 68 0 0 0 0 1 0 0 0 20 0 0 30 35 329 96 33 29 0 155 79 0 0
72 169 123 71 108 0 163 131 57 88 14 85 112 145 219 31 53 164 44 254 99 65 119 102 93 148 100 0 0 0 0 0 0 28 0 0 0 0 67 223 384 52 0 1 0 0 143 6 0
41 51 33 118 57 0 55 102 189 13 0 16 45 78 64 0 34 85 48 82 9 2 17 40 21 77 72 0 0 0 0 11 0 0 0 0 0 3 95 23 125 18 0 18 0 265 14 0 0
109 355 1859 401 911 0 348 3623 70 1667 0 682 923 1596 87 502 3389 287 5220 1962 1460 1184 103 349 455 421 2132 0 0 12 0 0 229 19 14 75 0 0 91 764 294 135 34 52 81 17 2720 115 344
52 105 56 146 85 0 90 122 0 44 0 25 55 99 53 0 59 117 57 155 0 9 34 47 81 102 107 0 0 0 0 0 176 23 238 0 37 0 0 0 153 39 104 51 0 0 48 0 0
404 282 268 330 279 0 322 298 41 210 0 241 228 374 834 0 225 612 208 316 0 68 174 209 92 524 328 0 0 0 0 8 28 0 0 0 0 48 0 10 170 109 58 222 0 0 375 0 105
61 54 987 573 96 0 72 211 0 13 0 49 115 146 0 0 130 71 60 916 0 43 71 359 41 309 148 0 0 0 0 0 0 0 0 0 0 3 0 0 0 0 0 0 0 0 137 0 96
394 195 1080 6131 845 0 678 3622 0 767 0 742 1716 1445 859 0 1988 2494 2593 8678 0 95 865 854 136 2613 1748 0 0 0 0 0 0 0 0 0 0 0 0 68 0 382 96 553 0 0 336 0 0
0 302 38 144 12 0 301 288 0 182 0 43 53 44 63 0 103 283 150 132 479 21 51 10 0 98 62 91 0 0 0 0 0 0 0 0 0 0 0 14 0 0 0 0 0 0 81 0 0
0 0 35 16 20 0 14 77 0 8 0 8 24 31 0 0 13 12 20 19 0 3 15 25 0 59 52 0 0 0 0 0 0 0 0 6 0 0 0 6 0 4 0 0 0 0 0 0 0
0 0 31 63 22 0 11 74 0 6 0 0 27 33 0 0 21 4 29 88 0 0 26 17 0 51 40 0 0 0 0 0 0 0 0 0 0 0 0 13 0 2 19 0 0 0 0 0 0
1943 1560 787 1067 1881 281 1497 918 1098 988 569 1889 1441 1406 2028 1424 1125 2387 1053 1619 2493 638 1297 2251 731 745 1179 82 0 0 0 305 0 66 189 304 0 1793 1489 671 526 516 3976 1540 0 185 1923 728 0
63 190 98 211 130 0 158 200 147 69 0 157 167 106 225 0 101 147 78 230 188 64 194 64 81 202 143 0 0 0 0 6 0 0 412 0 0 34 17 104 203 59 31 70 0 0 103 151 86
0 0 585 271 149 0 0 304 0 0 0 0 366 285 0 0 469 0 369 185 0 0 41 44 0 435 249 0 0 0 0 0 0 0 0 0 0 0 0 0 0 0 6 4 0 0 0 0 0
238 233 236 170 150 0 168 333 413 87 0 255 175 131 77 63 294 133 65 782 484 68 1016 74 162 184 183 0 0 0 0 0 0 266 0 5 0 96 68 111 244 94 149 116 0 0 49 0 0
223 70 561 996 163 0 209 250 222 149 0 2192 172 360 65 0 121 304 178 715 411 42 441 80 45 391 194 0 0 1245 0 57 2988 36 1812 19 0 61 0 0 279 78 311 987 1573 0 23 802 0
