49
0 0 213 95 120 0 64 96 0 52 0 75 400 508 34 0 67 100 63 110 0 0 24 266 0 1037 247 0 0 0 0 0 0 0 0 0 0 0 0 0 17 28 17 61 0 0 47 0 0
113 0 86 296 150 0 209 221 0 151 0 173 79 209 0 0 125 855 111 167 0 32 121 122 82 168 153 0 0 0 0 0 0 0 0 0 0 0 0 57 69 0 12 105 0 0 160 0 0
0 0 0 62 0 0 0 11 0 0 0 0 0 0 0 0 10 7 5 0 0 0 0 0 0 0 0 0 0 0 0 0 0 0 0 0 0 0 0 0 0 0 0 0 0 0 0 0 0
0 0 0 0 0 0 0 0 0 0 0 0 0 0 0 0 0 0 8 0 0 0 0 0 0 0 0 0 0 0 0 0 0 0 0 0 0 0 0 0 0 0 0 0 0 0 0 0 0
0 0 170 43 0 0 9 101 0 51 0 15 148 244 0 0 153 9 80 62 0 0 6 119 0 136 1010 0 0 0 0 0 0 0 0 0 0 0 0 0 0 0 0 0 0 0 0 0 0
4513 2010 985 456 3410 0 1965 1136 715 1290 758 699 1186 3445 1770 753 1019 1656 641 549 1551 2451 845 1367 1829 1754 2214 599 0 0 0 193 456 170 134 269 742 287 2907 377 565 535 114 506 68 268 1070 465 899
0 0 93 78 0 0 0 176 0 109 0 0 57 87 4 0 191 50 100 152 0 0 0 46 0 43 61 0 0 0 0 0 0 0 0 0 0 0 0 0 0 0 0 8 0 0 8 0 0
0 0 0 1 0 0 0 0 0 0 0 0 0 0 0 0 0 0 0 0 0 0 0 0 0 0 0 0 0 0 0 0 0 0 0 0 0 0 0 0 0 0 0 0 0 0 0 0 0
115 156 247 148 156 0 151 121 0 117 0 230 132 233 205 0 107 121 66 247 0 124 2238 141 153 205 153 0 0 0 0 28 32 0 0 63 0 71 86 96 477 78 0 59 0 0 281 0 0
0 0 45 78 0 0 0 1125 0 0 0 21 28 41 0 0 188 72 182 51 0 0 0 17 0 56 32 0 0 0 0 0 0 0 0 0 0 0 0 0 0 0 0 9 0 0 62 0 0
325 1079 254 260 396 0 430 286 475 354 0 352 180 562 1118 91 265 767 108 584 209 272 520 380 476 428 616 70 0 0 0 108 225 65 45 93 152 121 834 174 576 65 50 192 0 123 393 454 401
0 0 472 972 0 0 31 39 0 0 0 0 65 0 0 0 25 2 27 403 0 0 0 109 0 109 38 0 0 0 0 0 0 0 0 0 0 0 0 0 0 0 0 0 0 0 97 0 0
0 0 10 79 0 0 0 15 0 0 0 0 0 0 0 0 9 0 11 261 0 0 0 0 0 0 0 0 0 0 0 0 0 0 0 0 0 0 0 0 0 0 0 0 0 0 0 0 0
0 0 225 117 0 0 0 166 0 0 0 29 615 0 0 0 137 72 96 81 0 0 0 532 0 475 0 0 0 0 0 0 0 0 0 0 0 0 0 0 0 0 0 14 0 0 0 0 0
0 504 91 158 55 0 0 133 0 27 0 66 68 54 0 0 62 241 63 206 0 2 77 77 0 64 82 0 0 0 0 0 0 3 0 0 0 0 0 16 0 0 25 169 0 0 200 0 0
531 297 545 381 430 0 275 236 156 251 0 702 1111 741 286 0 305 131 147 2023 0 471 496 870 305 1588 531 0 0 0 0 62 100 36 0 104 0 112 686 175 495 162 24 58 0 59 375 0 178
0 0 0 7 0 0 0 942 0 0 0 0 0 0 0 0 0 0 464 0 0 0 0 0 0 0 0 0 0 0 0 0 0 0 0 0 0 0 0 0 0 0 0 0 0 0 0 0 0
0 0 0 17 0 0 0 17 0 0 0 0 10 0 0 0 9 0 8 0 0 0 0 0 0 4 0 0 0 6 9 0 0 0 0 0 0 0 0 0 0 0 8 72 0 0 60 0 0
0 0 0 0 0 0 0 269 0 0 0 0 0 0 0 0 0 0 0 0 0 0 0 0 0 0 0 0 0 0 0 0 0 0 0 0 0 0 0 0 0 0 0 0 0 0 0 0 0
0 0 0 118 0 0 0 84 0 0 0 0 0 0 0 0 32 2 79 0 0 0 0 0 0 20 0 0 0 0 0 0 0 0 0 0 0 0 0 0 0 0 0 0 0 0 0 0 0
312 1272 209 353 366 0 551 320 99 346 0 283 166 476 600 105 251 1732 188 313 0 286 269 257 433 240 293 0 0 0 0 0 2 0 0 51 0 24 311 83 291 0 46 207 0 0 165 0 0
87 0 225 118 606 0 159 703 0 20 0 57 172 562 0 0 901 120 496 101 0 0 38 329 64 170 722 0 0 0 0 0 0 0 0 0 0 0 0 0 102 42 0 27 0 0 262 0 0
0 0 26 60 0 0 4 42 0 8 0 4 20 9 0 0 26 18 27 46 0 0 0 0 0 19 31 0 0 0 0 0 0 0 0 0 0 0 0 0 0 0 0 0 0 0 0 0 0
0 0 406 92 0 0 0 45 0 0 0 0 36 0 0 0 35 3 23 73 0 0 7 0 0 21 0 0 0 0 0 0 0 0 0 0 0 0 0 0 0 0 0 0 0 0 0 0 0
31 0 82 155 8 0 83 512 0 368 0 92 74 125 77 0 242 220 148 105 0 0 62 66 0 90 99 0 0 0 0 0 0 0 0 13 0 0 0 24 0 270 26 59 0 0 88 0 0
0 0 38 21 0 0 0 43 0 0 0 0 270 0 0 0 34 0 27 0 0 0 0 0 0 0 0 0 0 0 0 0 0 0 0 0 0 0 0 0 0 0 0 0 0 0 0 0 0
0 0 50 75 0 0 0 68 0 0 0 0 240 313 0 0 132 31 82 28 0 0 0 92 0 39 0 0 0 0 0 0 0 0 0 0 0 0 0 0 0 0 0 0 0 0 0 0 0
171 717 159 402 245 0 481 262 201 379 0 250 166 348 3585 41 214 1123 126 829 619 182 303 215 594 141 207 0 0 0 0 134 225 45 42 69 56 147 531 73 558 0 57 433 9 237 603 410 526
300 1422 177 128 216 1010 372 225 413 456 759 204 218 367 5350 357 311 1017 136 347 1407 221 193 139 584 322 174 929 0 157 64 4676 1149 628 387 5576 327 749 1666 382 659 404 330 361 1374 2593 705 620 1224
82 236 74 41 190 27 153 76 66 157 55 64 81 349 524 40 36 0 19 155 217 99 51 51 176 67 146 122 0 0 203 103 1434 80 107 272 82 233 175 65 570 140 217 0 936 575 133 204 0
199 443 323 198 665 141 413 288 269 562 339 301 386 1046 554 361 310 0 126 562 477 571 204 387 389 345 542 365 0 0 0 467 1315 169 510 809 401 701 265 292 597 356 505 0 3814 813 351 782 1002
40 108 73 100 54 0 82 118 0 89 0 65 55 123 107 0 60 120 52 154 17 22 54 62 51 68 80 0 0 0 0 0 17 0 27 0 0 22 0 34 342 160 68 52 0 0 72 0 0
11 50 91 144 123 0 167 232 0 60 0 56 65 147 78 0 71 96 64 374 0 92 65 105 56 233 345 0 0 0 0 0 0 0 18 151 0 0 0 84 325 26 97 70 0 79 132 162 0
15 82 74 37 24 0 35 39 17 72 0 41 37 61 0 0 46 21 19 70 69 41 181 45 41 74 40 0 0 0 0 11 11 0 0 40 64 0 6 37 322 80 23 5 0 143 47 0 89
42 136 70 73 55 0 82 87 0 86 0 107 60 139 117 0 51 32 35 921 66 41 77 133 61 135 61 0 0 0 0 0 0 2 0 0 0 0 0 49 372 60 0 0 0 4 56 48 0
3 24 38 59 15 0 23 40 0 50 0 16 26 32 4 0 62 38 29 74 0 11 2 26 0 35 34 0 0 0 0 46 0 0 2 0 0 0 0 12 173 36 0 13 0 102 9 0 0
22 194 1528 519 589 0 246 1118 43 1359 0 528 566 1488 72 309 2687 162 2848 1099 1189 873 99 365 384 162 1189 0 0 0 0 3 136 0 79 21 0 0 318 766 302 136 34 44 0 0 1796 106 352
6 51 57 120 41 0 72 77 0 105 0 45 44 67 18 0 51 110 48 149 0 12 27 52 10 62 70 0 0 0 0 0 330 8 182 17 15 0 0 13 301 96 84 102 0 0 59 19 0
196 88 185 187 135 0 158 144 0 179 0 204 222 227 302 0 130 351 271 160 0 63 121 183 72 264 241 0 0 0 0 29 19 0 2 6 0 2 0 40 144 85 45 146 0 0 174 0 0
35 0 538 416 48 0 62 114 0 20 0 125 89 88 0 0 90 16 49 362 0 34 41 261 0 154 70 0 0 0 0 0 0 0 0 0 0 0 0 0 66 29 0 3 0 0 91 0 252
0 0 817 2208 186 0 189 1675 0 443 0 218 596 782 452 0 1020 1852 1339 3766 0 0 155 590 15 994 930 0 0 0 0 0 0 0 0 0 0 0 0 0 0 101 81 204 0 0 150 0 0
0 52 29 74 100 0 240 211 0 100 0 59 20 4 85 0 123 112 183 143 58 0 106 22 0 31 28 4 0 0 0 0 0 0 0 0 0 0 0 0 0 0 0 0 0 0 10 0 0
0 0 30 22 20 0 10 31 5 1 0 17 18 5 0 0 28 0 14 32 0 7 7 15 0 45 34 0 0 0 0 0 0 0 36 13 0 0 0 11 0 3 0 0 0 0 0 0 0
0 0 40 29 7 0 0 32 0 0 0 1 18 0 0 0 19 0 16 46 0 0 3 11 0 22 16 0 0 14 14 0 0 0 19 0 0 0 0 0 0 1 20 0 0 0 0 50 0
737 944 998 659 718 0 1230 462 297 625 197 647 594 741 1750 487 450 1714 359 1979 893 494 346 678 557 466 1215 0 0 0 0 356 117 61 267 371 28 1887 1369 403 557 452 2656 1319 0 268 1963 888 0
84 300 404 190 71 0 235 195 18 134 0 133 112 119 157 0 73 204 61 167 156 163 147 77 130 201 122 0 0 0 0 108 0 0 0 0 37 73 206 74 447 168 48 143 0 0 144 104 138
0 0 252 134 9 0 0 179 0 0 0 0 349 55 0 0 298 0 1314 132 0 0 17 85 0 217 181 0 0 0 0 0 0 0 0 0 0 0 0 0 0 0 0 4 0 0 0 0 23
84 61 64 114 47 0 67 276 57 34 0 194 113 54 1 0 46 106 42 922 116 81 572 65 77 190 118 0 0 0 0 121 0 129 0 7 0 0 200 8 301 152 30 0 0 0 30 0 0
148 311 230 1353 97 0 116 190 302 156 0 947 111 136 60 0 110 295 122 844 318 34 364 131 5 192 127 0 0 514 0 52 2812 0 2037 69 0 62 42 0 315 96 398 971 868 0 0 949 0
