49
0 0 355 237 212 0 65 126 0 37 0 90 775 1371 0 0 64 145 149 230 0 0 29 287 0 2077 782 0 0 0 0 0 1 0 0 12 0 0 0 0 0 8 0 0 0 0 55 0 0
30 0 112 285 112 0 109 288 0 160 0 183 141 322 0 0 211 1965 151 299 0 12 193 138 21 199 329 0 0 0 0 0 0 0 0 0 0 0 0 0 0 0 0 69 0 0 27 0 0
0 0 0 59 0 0 0 2 0 0 0 0 0 0 0 0 26 57 10 0 0 0 0 0 0 33 0 0 0 0 0 0 0 0 0 0 0 0 0 0 0 0 0 0 0 0 0 0 0
0 0 0 0 0 0 0 156 0 0 0 0 0 0 0 0 0 0 0 93 0 0 0 0 0 0 8 0 0 0 0 0 0 0 0 0 0 0 0 0 0 0 0 0 0 0 0 0 0
0 0 152 93 0 0 34 283 0 19 0 9 139 469 0 0 165 129 91 0 0 0 6 58 0 192 2665 0 0 0 0 0 0 0 0 0 0 0 0 0 0 5 0 7 0 0 0 0 0
4378 2730 1185 645 3913 0 2159 1893 660 1071 313 981 1383 4899 1062 349 1473 5082 847 1675 1495 2582 1013 1462 1301 2001 3841 105 0 30 0 224 449 290 107 450 327 148 1791 526 482 443 73 645 0 277 1250 192 359
0 0 88 125 0 0 0 251 0 202 0 61 74 134 0 0 249 105 218 129 0 0 32 19 0 61 79 0 0 0 0 0 0 0 0 0 0 0 0 0 0 201 0 0 0 0 1 0 0
0 0 0 0 0 0 0 0 0 0 0 0 0 0 0 0 0 0 0 0 0 0 0 0 0 0 0 0 0 0 0 0 0 0 0 0 0 0 0 0 0 0 0 0 0 0 0 0 0
94 368 203 311 179 0 232 194 0 158 0 274 160 247 85 0 141 439 120 915 14 102 2592 153 235 118 309 0 0 0 0 7 0 80 0 0 0 19 0 61 0 83 0 71 0 14 302 0 0
0 0 38 42 0 0 0 1968 0 0 0 0 17 4 0 0 374 25 491 42 0 0 0 0 0 29 38 0 0 0 0 0 0 6 0 2 0 0 0 7 0 0 0 75 0 0 34 10 0
256 3043 277 297 425 0 323 393 567 224 0 447 246 755 727 156 234 3062 186 1987 353 373 712 521 311 466 1411 0 0 10 0 44 166 204 0 126 80 62 630 257 298 72 60 218 0 50 278 296 34
0 0 376 2311 0 0 0 18 0 5 0 0 89 0 0 0 38 5 38 355 0 0 0 57 0 63 40 0 0 0 0 0 0 0 0 0 0 0 0 0 0 0 0 0 0 0 45 0 0
0 0 24 13 0 0 0 6 0 0 0 0 0 0 0 0 3 0 2 14 0 0 0 0 0 0 0 0 0 0 0 0 0 0 0 0 0 0 0 0 0 0 0 0 0 0 0 0 0
0 0 201 22 0 0 0 67 0 0 0 6 408 0 0 0 47 30 55 11 0 0 8 0 0 169 118 0 0 0 0 0 0 0 0 0 0 0 0 0 0 0 0 3 0 0 0 0 0
150 124 413 311 271 0 322 244 0 298 0 237 148 604 0 0 316 288 669 640 0 34 209 69 399 307 168 0 0 0 0 160 27 0 0 10 266 156 655 63 83 351 47 221 0 0 210 18 0
568 691 778 637 491 0 269 408 205 159 0 665 1237 879 307 0 430 612 345 2724 7 441 411 827 229 1498 860 0 0 32 0 66 71 92 0 137 0 58 337 228 0 135 17 140 0 57 773 91 0
0 0 0 695 0 0 0 1071 0 0 0 0 0 0 0 0 0 0 2162 0 0 0 0 0 0 18 0 0 0 0 0 0 0 0 0 0 0 0 0 0 0 0 0 0 0 0 0 0 0
0 0 0 160 0 0 0 34 0 0 0 0 21 0 0 0 8 0 94 182 0 0 0 0 0 105 0 0 0 0 0 0 0 0 0 0 0 0 0 0 0 0 0 0 0 0 0 0 0
0 0 0 41 0 0 0 386 0 0 0 0 0 0 0 0 0 0 0 0 0 0 0 0 0 0 0 0 0 0 0 0 0 0 0 0 0 0 0 0 0 0 0 0 0 0 0 0 0
0 0 175 0 7 0 0 92 0 0 0 0 0 0 0 0 193 0 142 0 0 0 0 0 0 0 0 0 0 0 0 0 0 0 0 0 0 0 0 0 0 24 0 0 0 0 0 0 0
185 1718 326 419 382 0 608 425 0 412 0 450 285 1089 4889 0 378 2337 217 515 0 198 323 192 232 256 428 0 0 0 0 0 10 39 0 34 0 0 0 75 0 46 34 87 0 0 186 0 0
149 0 430 212 1272 0 218 1217 0 117 0 111 391 1079 0 0 2013 371 905 163 0 0 84 480 0 358 1838 0 0 0 0 16 0 0 0 3 0 0 0 0 0 27 0 77 0 0 814 0 0
0 0 4 43 0 0 0 33 0 18 0 9 20 0 0 0 26 46 21 72 0 0 0 0 0 10 51 0 0 0 0 0 0 0 0 0 0 0 0 0 0 0 0 0 0 0 30 0 0
0 0 821 243 0 0 0 33 0 5 0 0 91 111 0 0 39 41 14 11 0 0 5 0 0 71 181 0 0 0 0 0 0 0 0 0 0 0 0 0 0 14 0 11 0 0 0 0 0
38 0 58 92 68 0 419 1540 0 974 0 7 67 166 0 0 552 373 347 304 0 85 81 28 0 104 125 0 0 0 0 4 0 15 0 21 0 0 40 0 0 652 16 68 0 21 78 0 0
0 0 0 17 0 0 0 26 0 0 0 0 578 0 0 0 0 0 6 21 0 0 0 0 0 0 0 0 0 0 0 0 0 0 0 0 0 0 0 0 0 0 0 0 0 0 0 0 0
0 0 34 0 0 0 0 90 0 0 0 0 74 0 0 0 108 15 26 34 0 0 0 0 0 73 0 0 0 0 0 0 0 0 0 0 0 0 0 0 0 0 0 0 0 0 0 0 0
217 997 241 1889 316 0 729 488 545 429 104 527 191 578 5774 160 483 1444 381 3145 1128 302 423 269 690 278 605 0 0 3 0 128 121 109 15 41 127 263 348 215 278 310 37 348 0 152 345 183 239
350 1315 162 195 420 559 874 305 587 588 365 450 223 968 11013 383 322 1435 161 339 1609 401 368 196 715 192 214 719 0 619 201 4710 1132 1459 529 6547 221 491 1001 600 1776 394 231 486 986 2952 555 626 858
37 276 40 58 120 0 41 153 26 25 0 33 9 175 185 0 15 251 19 41 136 118 38 27 42 47 54 0 0 0 0 18 668 50 120 249 1 0 82 73 1630 65 240 82 0 209 64 66 0
288 580 577 536 1442 160 636 668 490 446 213 672 525 1221 455 337 684 730 359 1465 829 935 407 516 389 939 743 342 0 540 0 750 2019 627 802 2261 461 691 451 805 0 461 873 1088 3845 1974 1161 1726 2263
4 57 48 12 25 0 33 21 0 14 0 22 58 16 0 0 5 123 25 66 46 0 27 28 0 59 16 0 0 0 0 0 0 0 0 0 0 0 0 16 0 263 39 12 0 0 31 12 0
0 62 118 24 355 0 26 77 20 16 0 104 21 350 0 0 37 116 28 111 0 156 65 64 5 326 623 0 0 0 0 51 0 0 51 142 0 0 0 220 0 0 77 38 0 36 77 74 0
2 53 9 86 5 0 40 13 0 0 0 37 24 5 2 0 11 117 13 246 0 18 318 5 0 31 12 0 0 0 0 2 13 0 0 39 0 0 0 56 0 108 4 75 0 0 54 0 0
46 142 97 103 127 0 156 83 80 131 11 149 87 132 3 97 72 266 92 437 156 97 156 71 51 123 73 0 0 0 0 49 0 55 0 0 0 0 33 257 0 39 58 242 0 45 115 320 0
0 48 2 22 29 0 41 12 23 0 0 14 27 28 0 0 11 88 13 4 0 0 6 0 0 11 16 0 0 0 0 2 0 0 22 0 0 10 13 38 0 13 0 29 0 121 18 5 0
62 157 1048 1624 277 0 103 1729 16 830 0 537 320 398 0 55 1435 175 2006 4712 344 357 50 313 37 255 1031 0 0 0 0 1 154 47 0 50 0 0 0 816 0 81 0 42 0 0 2361 140 198
30 39 28 36 19 0 89 17 0 28 0 4 1 17 0 0 4 82 16 30 54 6 0 2 46 60 12 0 0 210 0 5 267 6 332 0 11 0 0 15 0 14 189 75 0 7 6 1 0
583 143 255 152 223 0 447 164 6 147 0 290 302 422 0 0 75 2723 167 211 194 80 560 304 0 2251 235 0 0 0 0 73 23 37 0 0 10 33 0 91 0 59 0 196 0 5 107 0 0
10 1 918 557 67 0 18 89 0 0 0 242 110 143 0 0 116 155 67 469 0 49 88 350 15 180 123 0 0 0 0 0 0 0 0 0 0 0 0 0 0 0 0 22 0 0 445 0 0
124 179 11 194 1796 0 519 185 0 1253 0 152 171 143 0 154 59 243 140 332 1 130 40 52 225 64 183 0 0 0 0 0 0 1 0 1 84 0 1 24 0 2 1 3 0 0 32 0 1
0 94 6 26 0 0 0 267 0 65 0 31 44 5 0 0 234 172 52 0 0 0 55 0 0 26 31 0 0 0 0 0 15 0 0 0 0 0 0 69 0 0 2 6 0 0 84 0 0
5 3 13 9 10 0 13 111 15 3 0 20 11 15 0 0 5 23 24 10 0 8 10 9 0 24 18 0 0 0 0 0 0 0 0 25 0 0 6 39 0 0 0 21 0 0 6 0 0
16 0 14 17 0 0 6 14 0 0 0 14 3 0 0 0 3 41 3 21 0 0 1 0 0 17 8 0 0 0 0 0 0 0 0 0 0 0 0 0 0 0 0 0 0 0 0 0 0
600 602 773 547 1047 156 1227 405 441 460 134 1931 2100 1111 283 1017 1415 2152 378 472 1568 349 316 996 641 481 436 58 0 221 0 244 653 12 435 631 157 1640 826 957 2662 413 2298 665 0 213 813 382 0
62 177 44 149 101 0 257 91 0 16 0 124 66 122 882 0 114 246 15 379 362 55 78 38 0 62 65 0 0 0 0 11 0 368 0 0 42 0 0 139 122 44 40 71 0 0 94 84 138
0 0 718 346 73 0 0 382 0 0 0 0 1123 310 0 0 1090 110 635 423 0 0 0 52 0 868 191 0 0 0 0 0 0 0 0 0 0 0 0 0 0 0 0 0 0 0 0 0 0
51 97 60 27 66 0 111 46 257 0 0 230 58 48 0 0 100 163 4 193 154 71 488 28 23 74 109 0 0 0 0 0 0 67 0 0 0 0 13 50 0 40 32 66 0 0 105 0 0
144 175 480 4383 181 0 533 92 128 26 0 1376 127 208 68 39 266 343 58 2167 243 147 161 148 33 343 165 0 0 338 0 31 1003 82 589 27 0 38 196 84 0 43 203 935 443 0 146 1058 0
