49
0 0 205 103 376 0 60 81 0 0 0 78 613 872 17 0 38 110 39 126 0 44 52 231 0 901 445 0 0 0 0 0 0 0 0 0 0 6 0 23 0 33 55 65 0 0 109 0 0
162 0 158 306 224 0 229 268 0 82 0 194 170 273 59 0 165 2310 140 373 0 214 209 192 41 232 221 0 0 0 0 0 0 0 0 0 0 1 87 81 0 0 21 31 0 0 109 0 0
0 0 0 0 0 0 0 0 0 0 0 0 0 0 0 0 0 0 0 26 0 0 0 0 0 0 0 0 0 0 0 0 0 0 0 0 0 0 0 0 0 0 0 0 0 0 0 0 0
0 0 8 0 0 0 0 60 0 0 0 0 6 0 0 0 0 6 18 31 0 0 0 7 0 5 15 0 0 0 0 0 0 0 0 0 0 0 0 0 0 0 0 0 0 0 0 0 0
0 0 78 15 0 0 0 0 0 0 0 4 165 49 0 0 23 0 0 33 0 0 4 43 0 130 390 0 0 0 0 0 0 0 0 0 0 0 0 0 0 0 0 0 0 0 0 0 0
3663 2088 875 514 4026 0 1477 565 941 962 916 769 1366 3513 1042 569 796 1661 422 894 1469 2605 1007 1000 1677 2024 1792 250 0 0 209 138 237 214 131 246 743 332 2536 612 474 432 249 326 308 237 706 343 781
0 0 86 143 54 0 0 198 0 183 0 40 84 67 56 0 156 63 96 128 0 0 21 50 0 70 73 0 0 0 0 0 0 0 0 0 0 0 0 0 0 0 5 5 0 0 71 0 0
0 0 7 0 5 0 0 0 0 0 0 0 0 0 0 0 0 0 0 1 0 0 0 3 0 0 0 0 0 0 1 0 0 0 1 0 0 0 0 0 0 0 0 0 0 0 0 0 0
114 38 136 230 163 0 118 42 0 79 0 264 141 231 138 0 56 154 15 359 0 187 2174 61 101 183 111 0 0 0 0 1 0 10 4 0 0 58 62 140 280 64 37 46 0 28 249 0 0
5 0 64 68 56 0 0 980 0 0 0 68 55 149 0 0 154 82 143 54 0 38 39 26 0 65 80 0 0 0 0 0 0 0 1 0 0 0 0 30 0 0 14 0 0 0 31 0 0
385 1534 336 297 570 0 429 93 769 302 0 534 444 679 993 0 174 1060 51 2338 292 549 803 338 619 1031 287 0 0 0 13 88 117 82 51 83 229 172 1146 277 479 26 125 132 185 144 304 788 328
0 0 363 745 0 0 0 8 0 0 0 0 36 16 0 0 11 9 0 474 0 0 0 184 0 36 23 0 0 0 0 0 0 0 0 0 0 0 0 0 0 0 0 0 0 0 25 0 0
0 0 12 0 0 0 0 14 0 0 0 0 0 0 0 0 7 0 11 0 0 0 0 0 0 0 0 0 0 0 0 0 0 0 0 0 0 0 0 0 0 0 0 0 0 0 0 0 0
0 0 112 30 0 0 0 57 0 0 0 0 262 0 0 0 48 6 23 44 0 0 0 335 0 286 22 0 0 0 0 0 0 0 0 0 0 0 0 0 0 0 0 0 0 0 0 0 0
0 0 102 364 79 0 0 169 0 1 0 75 75 23 0 0 46 448 85 595 0 44 53 87 0 75 116 0 0 0 0 0 0 0 0 0 0 0 0 0 0 0 67 79 0 0 155 0 0
531 418 458 602 484 0 313 44 476 210 102 1027 1496 987 482 0 160 164 0 2372 0 593 564 877 246 1769 386 0 0 0 24 47 90 58 33 79 109 161 653 344 455 119 99 11 0 148 199 31 261
0 0 6 4 0 0 0 82 0 0 0 0 0 0 0 0 0 0 308 4 0 0 9 4 0 0 0 0 0 0 1 0 0 0 0 0 0 0 0 0 0 0 0 0 0 0 0 0 0
0 0 12 0 12 0 0 18 0 0 0 0 6 0 0 0 4 0 10 21 0 0 0 12 0 6 9 0 0 4 7 0 0 8 11 0 0 0 0 0 0 0 0 92 0 0 78 0 0
0 0 7 0 4 0 0 0 0 0 0 1 0 0 0 1 0 0 0 0 0 0 0 3 0 0 0 0 0 0 0 0 1 1 1 1 0 0 0 2 0 0 0 0 0 0 0 0 0
0 0 0 0 0 0 0 0 0 0 0 0 28 0 0 0 0 0 10 0 0 0 0 0 0 0 0 0 0 0 0 0 0 0 0 0 0 0 0 0 0 0 0 0 0 0 0 0 0
307 1196 234 343 314 0 535 332 85 262 0 381 209 343 541 7 188 1733 188 350 0 317 310 196 335 275 230 0 0 0 0 0 18 0 13 13 0 77 370 121 153 0 156 193 0 0 340 0 0
0 0 166 45 292 0 23 233 0 0 0 14 140 265 0 0 628 66 198 94 0 0 3 146 0 135 418 0 0 0 0 0 0 0 0 0 0 0 0 0 0 0 0 0 0 0 0 0 0
0 0 39 60 0 0 0 11 0 0 0 13 14 14 0 0 0 11 2 58 0 0 0 15 0 23 21 0 0 0 0 0 0 0 0 0 0 0 0 0 0 0 2 0 0 0 0 0 0
0 0 75 0 0 0 0 0 0 0 0 0 1 0 0 0 0 0 0 74 0 0 0 0 0 0 0 0 0 0 2 0 0 0 0 0 0 0 0 0 0 0 0 0 0 0 0 0 0
53 0 142 247 189 0 490 1029 0 571 0 160 179 222 158 0 268 255 295 179 0 209 92 119 0 232 151 0 0 0 0 0 0 0 0 13 0 49 0 54 0 297 82 60 0 0 142 0 0
0 0 29 0 0 0 0 28 0 0 0 0 66 0 0 0 19 0 12 36 0 0 0 7 0 0 11 0 0 0 0 0 0 0 0 0 0 0 0 0 0 0 0 0 0 0 0 0 0
0 0 55 0 0 0 0 15 0 0 0 0 35 0 0 0 9 0 0 21 0 0 0 35 0 0 0 0 0 0 0 0 0 0 0 0 0 0 0 0 0 0 0 0 0 0 0 0 0
259 1028 176 652 447 0 579 78 449 384 243 409 249 463 4723 93 193 1004 5 929 965 384 478 237 905 267 198 0 0 0 4 184 117 67 262 63 75 319 525 245 508 111 144 126 384 193 354 386 723
561 1715 308 415 455 1173 461 99 606 432 835 312 409 532 4573 471 155 2233 38 593 2084 318 295 195 860 289 213 1083 0 98 492 6141 1369 803 302 6106 436 1256 1699 427 626 282 698 471 3230 2561 749 714 1898
143 357 63 119 132 205 187 0 126 212 197 118 121 435 664 78 21 0 0 265 485 124 107 32 326 118 73 206 0 0 713 147 1114 100 150 256 56 374 289 88 564 135 680 0 4299 645 26 178 112
41 121 23 73 86 0 90 0 75 38 0 116 48 250 141 0 0 0 0 185 119 130 49 0 53 62 37 0 0 0 0 14 0 0 111 60 0 157 76 86 486 62 119 0 2230 66 0 0 0
70 148 53 85 60 0 111 39 0 72 0 71 63 83 106 0 19 132 19 101 5 51 47 52 39 70 58 0 0 0 0 0 27 33 25 0 38 52 16 40 259 0 112 47 0 0 97 11 0
26 40 53 109 44 0 68 5 13 34 0 85 101 105 227 0 20 38 0 421 0 121 49 103 23 90 49 0 0 0 132 0 0 25 81 89 0 0 6 86 347 17 317 0 63 79 48 38 0
7 151 39 30 22 0 13 0 0 38 0 44 37 55 37 0 4 0 0 28 53 31 64 29 1 70 16 0 0 0 0 0 0 0 0 31 5 2 0 28 173 35 23 0 0 0 0 0 0
3 39 27 68 24 0 23 0 0 0 0 43 33 46 1 0 10 0 0 120 0 30 40 14 5 36 22 0 0 0 0 0 0 6 0 0 0 0 0 63 124 10 0 0 0 0 0 0 0
6 26 26 43 19 0 25 4 30 6 0 28 19 60 29 0 6 23 0 49 0 17 64 12 0 42 27 0 0 0 0 15 0 0 2 0 14 7 0 12 151 9 2 0 0 186 16 0 0
1 40 523 4229 488 0 149 3004 19 1094 0 293 470 1217 133 0 2376 163 3070 432 102 852 63 444 327 274 1655 0 0 0 98 0 10 0 13 0 0 0 285 330 0 89 37 34 0 114 637 72 137
0 0 37 69 36 0 43 21 0 123 0 60 46 56 37 0 10 69 6 79 0 25 17 62 0 46 40 0 0 0 0 0 127 0 84 0 22 0 0 32 89 27 139 4 0 0 55 11 0
142 0 239 206 217 0 124 150 0 99 0 191 360 336 243 0 106 1182 161 218 0 164 123 163 65 259 216 0 0 0 0 0 0 26 127 24 0 57 0 124 0 69 110 245 0 0 322 0 87
0 0 256 496 51 0 28 12 0 0 0 61 37 78 10 0 31 20 0 313 0 25 50 110 0 70 46 0 0 0 0 0 0 0 0 0 0 0 0 0 0 0 0 0 0 0 0 0 0
171 165 2243 2274 788 0 490 3599 0 415 0 554 1553 1305 889 0 1275 2420 2614 3654 0 232 394 1444 247 1669 2308 0 0 0 0 0 0 0 0 0 176 0 50 145 0 349 497 590 0 0 1252 0 0
0 117 48 169 44 0 381 109 0 272 0 56 86 40 293 0 52 173 50 105 357 18 127 35 0 73 52 0 0 0 0 42 0 0 0 0 0 0 0 3 0 0 26 13 0 0 80 0 0
0 0 51 84 7 0 0 11 0 0 0 25 30 32 0 0 8 19 1 33 0 7 0 16 0 29 16 0 0 0 0 0 0 0 36 0 0 0 0 0 0 0 0 0 0 0 2 0 0
0 0 24 44 17 0 0 9 0 4 0 18 20 15 0 0 7 0 0 37 0 5 13 17 0 24 22 0 0 11 14 0 21 17 83 8 0 0 0 12 0 0 23 0 0 0 0 481 0
479 404 360 1265 460 0 998 706 323 437 0 539 353 553 2846 134 342 3851 350 1619 1024 317 293 851 587 257 378 0 0 0 0 195 0 132 390 142 1773 1197 573 355 440 388 3097 1370 0 576 2354 726 0
42 163 261 163 105 0 239 86 0 90 0 164 99 78 164 0 70 198 39 107 173 104 145 82 136 66 89 0 0 0 0 62 0 596 47 0 0 70 117 42 294 192 83 140 0 0 201 42 121
0 0 541 251 131 0 0 1371 0 0 0 0 176 255 0 0 1701 0 2638 81 0 39 21 274 0 141 280 0 0 0 18 0 0 6 3 0 0 0 0 45 0 0 0 0 0 0 0 0 0
82 17 91 189 59 0 65 58 342 69 0 239 249 91 60 0 39 80 18 1008 51 34 440 33 1 79 57 0 0 0 4 0 0 155 22 9 0 0 103 264 76 97 102 0 0 0 58 0 0
152 147 109 1368 94 0 131 92 213 17 0 1113 415 123 121 0 41 265 62 510 463 93 464 176 67 169 102 0 0 0 52 32 1763 36 402 31 0 145 0 443 338 76 677 621 1051 0 185 381 0
