49
0 0 223 87 234 0 65 108 0 41 0 62 483 515 42 0 79 129 98 156 0 0 37 322 0 1132 437 0 0 0 0 0 0 0 0 1 0 0 0 0 0 17 33 62 0 0 83 0 0
142 0 145 196 216 0 249 234 0 132 0 172 94 184 0 0 153 1452 156 269 0 112 170 134 71 207 185 0 0 0 0 0 0 0 0 0 0 0 18 82 61 0 46 95 0 0 144 0 0
0 0 0 0 0 0 0 0 0 0 0 0 20 0 0 0 0 0 0 66 0 0 0 0 0 0 0 0 0 0 0 0 0 0 0 0 0 0 0 0 0 0 0 0 0 0 0 0 0
0 0 24 0 0 0 0 17 0 0 0 0 0 0 0 0 5 4 26 8 0 0 0 11 0 0 0 0 0 1 2 0 0 0 0 0 0 0 0 0 0 0 0 0 0 0 0 0 0
0 0 142 15 0 0 0 79 0 0 0 11 221 153 0 0 139 6 151 63 0 0 27 104 0 221 1314 0 0 0 0 0 0 0 0 0 0 0 0 0 0 0 0 0 0 0 0 0 0
4478 2010 1061 378 4064 0 1938 1047 913 1285 954 820 1337 3196 1339 761 1136 1766 1171 1003 1854 2715 1203 1149 1776 2366 2513 373 0 0 139 175 313 211 192 282 694 333 2823 663 588 516 185 500 302 344 948 342 797
0 0 88 66 15 0 0 183 0 118 0 0 81 69 14 0 236 58 253 128 0 0 20 39 0 69 45 0 0 0 0 0 0 0 0 0 0 0 0 0 0 0 7 7 0 0 32 0 0
0 0 9 0 0 0 0 0 0 0 0 0 0 0 0 0 0 0 0 0 0 0 0 0 0 0 0 0 0 0 0 0 0 0 0 0 0 0 0 0 0 0 0 0 0 0 0 0 0
115 66 195 159 216 0 153 162 0 101 0 237 175 181 102 0 133 155 142 407 0 173 2894 137 100 250 189 0 0 0 0 11 26 0 11 29 0 57 68 101 427 70 20 76 0 22 285 0 0
0 0 54 61 1 0 0 1203 0 0 0 35 33 37 16 0 231 78 446 82 0 0 14 31 0 69 38 0 0 0 0 0 0 0 0 0 0 0 0 13 0 0 0 10 0 0 48 0 0
494 1277 407 173 603 0 501 270 494 384 0 423 374 622 663 123 297 1110 228 855 277 487 955 412 480 1006 403 0 0 0 0 114 194 76 105 104 108 181 920 255 615 19 97 215 56 137 384 571 298
0 0 435 449 0 0 2 29 0 0 0 0 51 0 0 0 22 1 39 111 0 0 0 84 0 56 15 0 0 0 0 0 0 0 0 0 0 0 0 0 0 0 0 5 0 0 14 0 0
0 0 0 23 0 0 0 16 0 0 0 0 0 0 0 0 8 0 20 202 0 0 0 0 0 0 0 0 0 0 0 0 0 0 0 0 0 0 0 0 0 0 0 0 0 0 0 0 0
0 0 251 80 0 0 0 134 0 0 0 38 568 0 0 0 138 51 136 94 0 0 8 500 0 526 233 0 0 0 0 0 0 0 0 0 0 0 0 0 0 0 0 11 0 0 0 0 0
0 188 88 134 52 0 0 99 0 0 0 65 66 53 0 0 55 321 67 165 0 0 57 65 0 87 71 0 0 0 0 0 0 0 0 0 0 0 0 0 0 0 42 91 0 0 129 3 0
555 245 637 244 594 0 378 208 364 318 0 781 1495 731 309 0 280 128 313 2527 0 563 545 911 285 1991 551 0 0 0 0 66 82 41 49 124 0 162 638 293 564 116 57 81 0 100 310 0 72
0 0 7 0 0 0 0 375 0 0 0 0 0 0 0 0 0 0 747 21 0 0 0 0 0 0 0 0 0 0 0 0 0 0 0 0 0 0 0 0 0 0 0 0 0 0 0 0 0
0 0 22 0 0 0 0 15 0 0 0 0 9 0 0 0 7 0 18 44 0 0 0 17 0 5 0 0 0 5 11 0 0 0 0 0 0 0 0 0 0 0 0 51 0 0 23 0 0
0 0 1 0 0 0 0 6 0 0 0 0 0 0 0 0 0 0 0 20 0 0 0 0 0 0 0 0 0 0 0 0 0 0 0 0 0 0 0 0 0 0 0 0 0 0 0 0 0
0 0 0 0 0 0 0 6 0 0 0 0 0 0 0 0 0 0 0 0 0 0 0 0 0 0 0 0 0 0 0 0 0 0 0 0 0 0 0 0 0 0 0 0 0 0 0 0 0
309 1687 256 400 426 0 555 312 47 321 0 320 192 410 539 21 325 2639 249 445 0 222 320 211 530 304 202 0 0 0 0 0 33 0 0 42 0 69 347 89 326 0 118 198 0 0 159 0 0
41 0 192 63 456 0 115 487 0 10 0 18 190 363 5 0 809 101 604 104 0 0 36 254 0 197 832 0 0 0 0 0 0 0 0 0 0 0 0 0 0 3 4 11 0 0 65 0 0
0 0 39 28 0 0 0 36 0 0 0 4 19 0 0 0 16 11 34 84 0 0 0 23 0 25 24 0 0 0 0 0 0 0 0 0 0 0 0 0 0 0 0 0 0 0 0 0 0
0 0 183 0 0 0 0 3 0 0 0 0 73 0 0 0 4 0 11 135 0 0 0 0 0 16 0 0 0 0 0 0 0 0 0 0 0 0 0 0 0 0 0 0 0 0 0 0 0
45 0 129 163 117 0 299 719 0 517 0 126 92 139 65 0 291 253 433 144 0 15 76 101 0 161 142 0 0 0 0 0 0 0 0 23 0 20 0 34 0 301 57 70 0 0 106 28 0
0 0 74 18 0 0 0 54 0 0 0 0 412 0 0 0 53 0 48 43 0 0 0 0 0 0 0 0 0 0 0 0 0 0 0 0 0 0 0 0 0 0 0 0 0 0 0 0 0
0 0 75 45 0 0 0 53 0 0 0 0 117 0 0 0 72 16 86 43 0 0 0 63 0 65 0 0 0 0 0 0 0 0 0 0 0 0 0 0 0 0 0 0 0 0 0 0 0
230 681 251 329 336 0 517 247 258 438 41 292 193 384 4242 85 212 1161 205 1263 578 255 500 250 746 243 217 0 0 0 0 143 163 61 262 65 81 231 579 158 625 0 90 423 366 335 565 423 836
425 1210 277 72 272 861 435 190 246 439 454 209 253 338 3265 384 331 1045 214 477 1394 208 224 197 486 298 179 704 0 118 417 4611 1027 634 470 5398 322 903 1412 279 717 252 337 458 2149 2716 615 424 1112
130 277 94 0 244 90 188 115 81 218 124 93 110 329 545 87 64 0 67 227 282 117 123 68 219 162 159 143 0 0 801 112 1459 79 155 285 145 279 208 100 659 179 342 26 2467 528 128 142 0
78 195 142 0 310 0 223 60 194 222 138 231 218 347 347 132 122 0 136 929 225 238 100 182 178 228 159 94 0 0 0 254 267 10 350 272 66 415 112 263 626 164 248 0 4132 301 109 88 230
63 103 102 86 62 0 76 90 0 62 0 62 62 85 94 0 54 171 104 116 18 32 43 67 29 81 70 0 0 0 0 0 23 0 42 0 5 24 29 19 343 44 90 60 0 0 102 0 0
72 37 144 161 88 0 92 70 0 65 0 84 89 129 170 0 61 50 61 1679 0 59 46 77 27 98 144 0 0 0 0 0 0 0 129 117 7 0 21 105 421 29 232 41 133 188 130 100 0
21 82 115 13 22 0 25 38 10 87 0 34 58 35 9 0 27 1 26 139 78 30 168 67 22 78 44 0 0 0 0 6 32 0 0 114 99 0 0 27 199 39 19 16 0 207 16 0 43
18 69 46 21 49 0 65 33 0 76 0 91 44 56 87 0 33 21 61 331 12 36 53 28 21 95 47 0 0 0 0 0 0 17 0 0 0 0 0 91 261 29 0 0 0 2 10 181 0
0 6 31 19 12 0 17 25 0 11 0 8 18 12 9 0 23 20 29 55 0 7 68 31 0 37 24 0 0 0 0 12 0 0 10 0 0 0 0 0 134 0 0 7 0 112 8 0 0
141 135 1199 2881 519 0 209 2225 55 1652 0 522 846 1816 181 57 4666 191 1987 790 953 1081 264 1098 302 274 2470 0 0 0 0 0 0 0 161 27 0 0 619 780 160 86 62 41 0 125 1997 86 279
10 23 95 81 44 0 60 62 0 154 0 38 44 50 34 0 46 98 53 100 0 21 22 49 0 68 61 0 0 0 0 0 203 7 256 13 7 0 1 7 281 28 168 65 0 0 69 5 0
117 0 199 163 170 0 125 136 0 137 0 183 197 211 162 0 140 796 191 171 0 86 94 155 23 263 172 0 0 0 0 0 0 17 88 24 0 0 0 124 32 48 59 155 0 0 158 0 0
20 0 562 262 51 0 65 82 0 0 0 87 108 32 15 0 88 17 78 1282 0 46 66 237 0 209 67 0 0 0 0 0 0 0 0 0 0 0 0 0 0 15 0 0 0 0 0 0 0
13 0 1540 3272 369 0 218 2489 0 436 0 325 1066 688 454 0 1202 2598 1691 3256 0 46 210 814 34 1473 1114 0 0 0 0 0 0 0 0 0 0 0 0 1 0 105 311 265 0 0 582 0 0
0 40 56 85 95 0 281 150 0 141 0 64 37 6 291 0 92 97 234 349 152 0 108 37 0 49 41 3 0 0 0 0 0 0 0 1 0 0 0 0 0 0 18 16 0 0 70 0 0
0 0 44 9 12 0 0 26 0 2 0 15 21 16 0 0 20 1 26 82 0 0 8 22 0 56 42 0 0 0 0 0 0 0 41 1 0 0 0 34 0 0 0 0 0 0 0 0 0
0 0 33 19 10 0 0 29 0 0 0 0 24 0 0 0 17 0 28 56 0 0 8 16 0 33 17 0 0 0 19 0 0 0 38 0 0 0 0 11 0 0 18 0 0 0 2 328 0
663 823 833 1866 704 0 959 1136 234 564 0 564 779 1072 1690 236 498 2170 738 1325 626 603 361 905 461 386 783 0 0 0 0 235 0 21 684 239 277 1758 1667 366 575 359 4500 1050 0 332 2868 569 0
79 184 491 149 130 0 212 148 0 148 0 111 130 95 183 0 103 250 96 126 157 96 126 91 132 218 150 0 0 0 0 90 0 0 0 0 0 48 133 73 395 113 97 160 0 0 147 0 118
0 0 477 247 55 0 0 359 0 0 0 0 416 229 0 0 628 0 1849 184 0 0 12 215 0 234 351 0 0 0 0 0 0 0 0 0 0 0 0 25 0 0 12 0 0 0 0 12 0
72 118 88 74 76 0 62 88 264 45 0 187 67 30 0 42 67 112 48 251 125 27 631 39 0 106 82 0 0 0 0 74 0 143 0 11 0 0 215 175 168 117 84 0 0 41 0 0 0
180 245 183 794 89 0 189 154 313 102 0 1018 192 105 165 0 116 384 119 1126 414 76 298 180 87 173 127 0 0 447 0 113 1986 0 30 59 0 69 26 239 412 100 529 667 1367 0 79 769 0
