49
0 0 220 97 215 0 62 87 0 26 0 65 541 661 38 0 68 111 82 128 0 19 41 341 0 1318 341 0 0 0 0 0 0 0 0 0 0 9 0 15 31 67 34 80 0 0 88 0 0
82 0 121 187 172 0 221 209 0 55 0 156 117 189 0 0 104 1074 117 225 0 120 140 136 14 183 176 0 0 0 0 0 0 0 0 0 0 0 0 149 0 40 34 92 0 0 122 0 0
0 0 0 0 0 0 0 0 0 0 0 0 0 0 0 0 0 0 2 58 0 0 0 0 0 0 0 0 0 0 0 0 0 0 0 0 0 0 0 0 0 0 0 0 0 0 0 0 0
0 0 21 0 0 0 0 14 0 0 0 0 0 0 0 0 1 3 22 50 0 0 0 18 0 0 0 0 0 0 2 0 0 0 0 0 0 0 0 0 0 0 3 0 0 0 0 0 0
0 0 142 13 0 0 0 78 0 0 0 8 221 161 0 0 100 0 99 65 0 0 13 112 0 183 1129 0 0 0 0 0 0 0 0 0 0 0 0 0 0 0 0 0 0 0 0 0 0
4055 2163 1209 431 3978 0 1904 1137 934 968 880 850 1568 3493 1596 779 1017 1815 1061 913 1946 2730 989 1263 1692 2152 2544 586 0 0 220 195 293 300 191 277 902 368 2825 799 561 693 211 602 398 401 979 416 859
0 0 77 91 24 0 0 188 0 107 0 10 61 28 15 0 155 68 193 166 0 0 21 42 0 56 37 0 0 0 0 0 0 0 0 0 0 0 0 0 0 0 11 12 0 0 3 0 0
0 0 0 0 0 0 0 0 0 0 0 0 0 0 0 0 0 0 44 0 0 0 0 0 0 0 0 0 0 0 0 0 0 0 0 0 0 0 0 0 0 0 0 0 0 0 0 0 0
105 100 230 197 177 0 145 163 0 72 0 259 184 205 89 0 97 145 109 534 0 194 2545 161 115 204 170 0 0 0 0 17 0 9 4 64 10 74 13 127 420 92 31 104 0 93 304 0 0
0 0 49 67 26 0 0 1446 0 0 0 50 38 82 33 0 191 83 390 53 0 49 3 29 0 49 53 0 0 0 0 0 0 0 0 0 0 0 0 5 0 0 8 15 0 0 60 0 0
387 1351 431 205 534 0 492 271 526 298 0 474 444 648 725 121 236 989 178 1422 276 617 761 450 506 785 354 42 0 0 0 122 167 99 86 99 108 188 861 308 580 171 95 233 94 150 372 646 390
0 0 521 476 0 0 0 27 0 0 0 0 64 0 0 0 21 0 31 155 0 0 0 92 0 56 26 0 0 0 0 0 0 0 0 0 0 0 0 0 0 0 0 12 0 0 22 0 0
0 0 24 12 0 0 0 15 0 0 0 0 0 0 0 0 5 0 15 119 0 0 0 0 0 0 0 0 0 0 0 0 0 0 0 0 0 0 0 0 0 0 0 0 0 0 0 0 0
0 0 252 74 0 0 0 147 0 0 0 20 592 0 0 0 107 42 105 89 0 0 0 527 0 481 101 0 0 0 0 0 0 0 0 0 0 0 0 0 0 10 0 13 0 0 0 0 0
0 269 79 129 51 0 0 77 0 0 0 65 75 48 0 0 35 281 62 157 0 11 45 66 0 75 76 0 0 0 0 0 0 0 0 0 0 0 0 0 0 0 45 103 0 0 116 0 0
522 262 732 307 570 0 334 240 349 210 0 913 1724 863 335 0 247 104 271 2513 0 692 483 1024 303 1849 520 4 0 0 0 81 72 83 49 117 71 194 623 366 545 203 64 107 0 187 356 85 224
0 0 8 0 0 0 0 319 0 0 0 0 0 0 0 0 0 0 608 23 0 0 0 2 0 0 0 0 0 0 0 0 0 0 0 0 0 0 0 0 0 0 0 0 0 0 0 0 0
0 0 20 0 9 0 0 17 0 0 0 1 12 0 0 0 4 0 17 24 0 0 0 14 0 6 0 0 0 5 10 0 0 0 0 0 0 0 0 1 0 0 14 57 0 0 10 0 0
0 0 0 0 0 0 0 0 0 0 0 0 0 0 0 0 0 0 0 0 0 0 0 0 0 0 0 0 0 0 0 0 0 0 0 0 0 0 0 0 0 0 0 0 0 0 0 0 0
0 0 0 0 0 0 0 17 0 0 0 0 0 0 0 0 0 0 11 0 0 0 0 0 0 0 0 0 0 0 0 0 0 0 0 0 0 0 0 0 0 0 0 0 0 0 0 0 0
260 1607 234 413 273 0 601 307 85 256 0 339 213 422 666 30 257 2131 209 428 0 266 313 234 312 274 213 0 0 0 0 0 50 0 3 28 0 87 335 110 306 54 124 235 0 0 259 0 0
0 0 179 62 337 0 71 388 0 0 0 10 190 320 0 0 793 73 479 94 0 0 18 232 0 185 747 0 0 0 0 0 0 0 0 0 0 0 0 0 0 40 0 11 0 0 0 0 0
0 0 47 39 0 0 0 31 0 0 0 9 22 5 0 0 10 14 36 85 0 0 0 27 0 28 24 0 0 0 0 0 0 0 0 0 0 0 0 0 0 0 0 1 0 0 0 0 0
0 0 112 0 0 0 0 3 0 0 0 0 41 0 0 0 0 0 6 220 0 0 0 0 0 0 0 0 0 0 0 0 0 0 0 0 0 0 0 0 0 0 0 0 0 0 0 0 0
46 0 122 190 133 0 294 803 0 248 0 135 109 146 164 0 256 244 473 164 0 104 81 105 0 125 159 0 0 0 0 0 0 0 0 15 0 39 0 53 0 725 66 98 0 0 142 32 0
0 0 81 18 0 0 0 51 0 0 0 0 553 0 0 0 38 0 46 24 0 0 0 4 0 0 0 0 0 0 0 0 0 0 0 0 0 0 0 0 0 0 0 0 0 0 0 0 0
0 0 80 19 0 0 0 54 0 0 0 0 82 0 0 0 69 9 90 33 0 0 0 73 0 103 0 0 0 0 0 0 0 0 0 0 0 0 0 0 0 0 0 0 0 0 0 0 0
190 793 238 330 323 0 532 238 246 334 0 326 218 481 4157 0 165 908 186 1324 551 307 412 273 740 238 212 0 0 0 0 176 121 81 217 62 123 251 493 183 593 170 93 485 298 321 574 414 735
323 1370 259 105 254 790 428 238 371 371 481 234 261 317 3640 355 239 999 165 328 1827 205 192 207 463 253 201 875 0 148 466 4949 1072 759 416 5561 310 971 1346 324 689 327 321 575 2314 2825 616 486 1152
126 306 91 2 258 75 181 160 125 167 120 105 125 417 541 93 34 0 48 276 325 143 108 60 204 121 126 212 0 0 843 126 1515 109 146 268 143 534 191 106 626 190 329 64 2971 643 150 125 0
52 138 126 0 243 0 131 98 103 103 76 173 165 418 405 62 58 0 68 747 204 213 61 110 114 169 125 70 0 0 0 183 225 20 248 291 0 343 65 198 590 199 115 0 3833 259 85 52 222
47 132 84 91 53 0 84 66 0 49 0 59 64 71 98 0 41 140 81 109 11 39 40 66 10 75 70 0 0 0 0 0 10 15 31 0 10 28 1 25 326 133 75 74 0 0 104 0 0
53 40 151 151 73 0 127 76 1 29 0 81 98 143 173 0 56 40 57 1906 0 79 37 97 12 82 132 0 0 0 0 0 0 0 98 163 0 0 0 141 394 50 94 53 246 152 119 99 0
8 65 148 24 21 0 23 48 0 41 0 39 51 45 10 0 17 3 20 211 70 33 154 60 8 93 45 0 0 0 0 0 25 0 0 79 57 0 0 37 141 60 9 25 0 0 10 0 13
7 50 47 28 36 0 49 30 0 39 0 82 41 56 60 0 22 5 29 211 0 37 51 30 0 83 40 0 0 0 0 0 0 13 0 0 0 0 0 97 196 59 0 0 0 3 13 185 35
1 30 31 27 15 0 18 24 0 5 0 11 24 18 6 0 16 20 23 35 0 9 46 18 0 36 29 0 0 0 0 1 0 0 13 0 0 5 16 8 159 37 0 12 0 114 6 3 0
46 95 737 4312 567 0 139 2120 0 1024 0 437 798 1266 131 0 3004 135 1947 741 646 828 137 668 181 252 2000 0 0 0 16 0 34 0 117 13 0 0 354 603 120 116 40 39 0 111 2320 81 242
0 25 61 51 29 0 46 33 0 106 0 29 41 49 3 0 23 42 34 78 0 15 9 31 0 49 44 0 0 0 0 0 135 7 262 0 5 0 0 8 269 75 107 37 0 0 52 8 0
113 75 223 189 188 0 151 117 0 100 0 208 223 269 277 0 85 626 237 312 0 134 94 173 41 265 194 0 0 0 0 0 5 53 124 0 0 35 0 178 54 113 73 181 0 0 145 0 26
0 0 577 216 32 0 45 72 0 0 0 119 84 49 6 0 65 0 58 396 0 50 55 226 0 113 64 0 0 0 0 0 0 0 0 0 0 0 0 0 0 0 0 0 0 0 0 0 0
0 24 1412 2958 381 0 292 1975 0 303 0 350 1256 630 554 0 1050 2638 1819 2868 0 91 186 1107 29 1317 1185 0 0 0 0 0 0 0 0 0 0 0 0 51 0 276 308 342 0 0 683 0 0
0 0 41 67 43 0 86 131 0 64 0 2 30 0 170 0 65 72 150 127 0 0 98 32 0 41 36 0 0 0 0 0 0 0 0 0 0 0 0 12 0 0 5 2 0 0 70 0 0
0 0 36 0 9 0 0 17 0 0 0 12 19 16 0 0 8 0 14 35 0 4 3 13 0 33 29 0 0 0 0 0 0 0 47 8 0 0 0 28 0 0 0 0 0 0 0 0 0
0 0 23 15 9 0 0 27 0 0 0 0 21 0 0 0 9 0 18 47 0 0 0 19 0 21 13 0 0 0 19 0 0 0 25 0 0 0 0 6 0 0 12 0 0 0 0 288 0
558 912 673 1393 551 0 1014 790 259 384 0 508 828 733 1944 161 254 2010 507 1032 642 470 361 795 390 383 1208 0 0 0 0 227 0 50 306 262 482 1615 1114 549 548 604 3549 1110 0 381 2721 529 0
54 207 409 146 124 0 189 125 0 114 0 120 188 74 255 0 80 227 64 127 91 95 123 89 103 113 136 0 0 0 0 65 0 87 0 0 0 48 93 83 332 218 76 179 0 0 114 63 74
0 0 514 327 46 0 0 586 0 0 0 0 368 370 0 0 893 0 1491 176 0 18 11 444 0 146 311 0 0 0 0 0 0 0 0 0 0 0 0 38 0 0 8 1 0 0 0 0 0
60 50 76 74 61 0 79 69 85 74 0 135 67 38 2 0 41 73 44 314 32 33 393 38 0 125 71 0 0 0 0 39 0 208 0 0 0 0 99 235 249 148 160 0 0 0 29 0 0
137 263 140 714 92 0 153 96 157 73 0 869 256 101 162 0 66 360 82 936 296 80 245 124 101 115 126 0 0 157 0 102 1552 0 0 56 0 85 0 229 395 147 453 776 973 0 50 496 0
