49
0 0 226 76 135 0 43 126 0 68 0 32 368 655 20 0 112 95 53 142 0 0 25 212 0 952 421 0 0 0 0 0 0 0 0 0 0 0 0 0 0 1 0 4 0 0 18 0 0
86 0 116 236 160 0 199 250 0 163 0 151 111 334 232 0 314 675 106 266 0 38 150 122 0 226 237 0 0 0 0 0 0 0 0 0 0 0 0 0 0 0 0 12 0 0 115 0 0
0 0 0 19 0 0 0 28 0 0 0 0 12 0 0 0 34 0 6 7 0 0 0 0 0 6 0 0 0 0 0 0 0 0 0 0 0 0 0 0 0 0 0 0 0 0 0 0 0
0 0 0 0 0 0 0 3 0 0 0 0 0 0 0 0 0 0 0 0 0 0 0 0 0 0 0 0 0 0 0 0 0 0 0 0 0 0 0 0 0 0 0 0 0 0 0 0 0
0 0 151 50 0 0 0 145 0 18 0 0 122 290 0 0 178 20 49 73 0 0 4 134 0 211 1539 0 0 0 0 0 0 0 0 0 0 0 0 0 0 0 0 0 0 0 0 0 0
3365 2117 934 293 3166 0 1384 1516 570 890 539 586 807 4125 1473 460 1190 1359 386 646 932 2069 885 1248 1114 1754 2779 85 0 0 0 97 330 91 72 240 321 157 1903 388 652 564 91 290 0 295 1070 342 743
0 0 47 103 22 0 0 266 0 61 0 5 54 119 0 0 223 91 90 159 0 0 15 45 0 72 102 0 0 0 0 0 0 0 0 0 0 0 0 0 0 0 0 0 0 0 0 0 0
0 0 0 0 0 0 0 0 0 0 0 0 0 0 0 0 0 0 0 0 0 0 0 0 0 0 0 0 0 0 0 0 0 0 0 0 0 0 0 0 0 0 0 0 0 0 0 0 0
96 308 261 116 248 0 150 159 0 102 0 199 120 331 287 0 189 161 72 293 0 137 2377 150 95 241 201 0 0 0 0 0 0 0 0 0 0 24 48 103 464 67 0 35 0 0 299 0 0
0 0 37 75 0 0 0 1263 0 0 0 21 48 70 0 0 170 61 216 94 0 0 6 31 0 79 59 0 0 0 0 0 0 0 0 0 0 0 0 0 0 0 0 0 0 0 31 0 0
282 1432 301 182 394 0 358 291 336 283 0 313 144 782 1029 35 404 781 114 501 127 301 544 372 361 544 749 0 0 0 0 43 142 37 6 81 44 108 568 169 653 58 48 90 0 163 363 407 335
0 0 579 787 10 0 0 63 0 0 0 0 66 21 0 0 51 19 35 321 0 0 3 108 0 103 69 0 0 0 0 0 0 0 0 0 0 0 0 0 0 0 0 0 0 0 104 0 0
0 0 0 14 0 0 0 20 0 0 0 0 0 0 0 0 5 0 2 101 0 0 0 0 0 0 0 0 0 0 0 0 0 0 0 0 0 0 0 0 0 0 0 0 0 0 0 0 0
0 0 225 56 0 0 0 125 0 0 0 0 342 0 0 0 124 22 57 92 0 0 0 182 0 296 0 0 0 0 0 0 0 0 0 0 0 0 0 0 0 0 0 0 0 0 0 0 0
0 0 71 329 84 0 19 236 0 150 0 63 111 161 0 0 164 984 137 595 0 0 72 60 0 162 171 0 0 0 0 0 0 0 0 0 0 0 0 5 0 0 33 89 0 0 345 21 0
485 392 638 233 458 0 254 365 222 217 0 675 956 948 295 0 483 166 128 1529 0 456 461 896 229 1846 675 0 0 32 0 15 47 7 0 103 0 62 537 245 519 145 13 23 0 0 399 0 0
0 0 0 38 0 0 0 805 0 0 0 0 0 0 0 0 0 0 356 14 0 0 0 0 0 0 0 0 0 0 0 0 0 0 0 0 0 0 0 0 0 0 0 0 0 0 0 0 0
0 0 7 38 0 0 0 42 0 0 0 0 18 0 0 0 19 0 21 16 0 0 0 1 0 33 8 0 0 0 0 0 0 0 0 0 0 0 0 0 0 0 0 0 0 0 17 0 0
0 0 0 4 0 0 0 543 0 0 0 0 0 0 0 0 0 0 0 0 0 0 0 0 0 0 0 0 0 0 0 0 0 0 0 0 0 0 0 0 0 0 0 0 0 0 0 0 0
0 0 0 184 0 0 0 73 0 0 0 0 0 0 0 0 0 0 34 0 0 0 0 0 0 0 0 0 0 0 0 0 0 0 0 0 0 0 0 0 0 0 0 0 0 0 0 0 0
296 1323 188 268 508 0 420 336 51 242 0 299 161 571 961 68 471 1419 181 469 0 302 293 211 280 273 305 0 0 0 0 0 9 0 0 38 0 0 238 78 239 0 0 97 0 0 223 0 0
25 0 168 88 619 0 123 773 0 33 0 37 157 648 42 0 1023 90 298 127 0 0 38 300 0 219 815 0 0 0 0 0 0 0 0 0 0 0 0 0 0 0 0 0 0 0 211 0 0
0 0 25 41 0 0 0 54 0 0 0 0 29 38 0 0 45 3 23 66 0 0 0 14 0 37 59 0 0 0 0 0 0 0 0 0 0 0 0 0 0 0 0 0 0 0 0 0 0
0 0 522 61 0 0 0 54 0 0 0 0 35 0 0 0 49 0 18 57 0 0 0 0 0 61 3 0 0 0 0 0 0 0 0 0 0 0 0 0 0 0 0 0 0 0 0 0 0
12 55 68 130 102 0 117 806 0 383 0 86 85 261 236 0 420 206 163 224 0 42 66 59 0 118 177 0 0 0 0 0 0 0 0 0 0 0 0 0 0 609 10 7 0 0 126 0 0
0 0 0 5 0 0 0 42 0 0 0 0 133 0 0 0 42 0 8 0 0 0 0 0 0 0 0 0 0 0 0 0 0 0 0 0 0 0 0 0 0 0 0 0 0 0 0 0 0
0 0 49 51 0 0 0 73 0 0 0 0 57 9 0 0 97 0 43 32 0 0 0 0 0 83 0 0 0 0 0 0 0 0 0 0 0 0 0 0 0 0 0 0 0 0 0 0 0
205 1088 188 275 336 0 533 386 329 335 153 267 133 489 4597 114 281 1933 134 793 560 290 364 210 579 234 277 0 0 0 0 91 157 37 85 62 25 116 538 135 666 0 53 234 102 307 606 490 492
318 1372 97 122 294 1415 376 300 454 408 610 178 239 473 6510 432 530 2183 93 1010 1156 279 187 179 504 305 213 661 0 456 564 3230 1043 536 398 5434 338 543 997 467 818 361 304 247 1767 2636 835 653 988
94 397 56 45 180 25 200 154 50 143 27 65 60 481 679 0 74 79 33 192 173 111 64 67 192 108 181 18 0 0 215 69 1428 42 96 311 58 71 152 72 668 142 301 0 1357 563 207 160 0
193 530 223 145 821 103 426 536 276 429 249 315 413 849 602 313 393 125 144 1143 377 519 239 348 314 463 427 217 0 0 0 260 1106 110 507 703 356 402 248 344 742 427 641 25 4760 938 536 610 744
88 158 63 117 98 0 103 114 26 88 0 52 60 163 132 0 95 193 60 198 80 57 71 59 75 92 123 0 0 0 0 0 5 0 5 37 0 18 0 40 403 311 47 45 0 0 85 0 0
55 134 65 125 193 0 195 143 14 74 0 77 89 272 127 0 128 181 73 1105 0 117 79 115 44 377 1066 0 0 0 0 0 0 0 61 199 0 0 0 130 391 84 189 57 0 160 188 99 0
42 165 78 66 44 0 62 95 44 126 0 60 65 110 55 0 91 123 37 136 110 45 252 54 40 143 66 0 0 0 0 17 28 0 0 60 0 0 20 46 338 137 37 20 0 284 73 0 88
79 222 71 86 97 0 101 115 40 106 0 107 84 156 200 28 97 194 63 770 124 76 109 153 90 188 104 0 0 0 0 0 0 14 0 28 0 0 15 131 490 71 118 20 12 1 199 0 0
24 62 28 98 43 0 36 85 13 32 0 24 47 87 35 0 111 104 50 109 0 22 28 34 10 73 66 0 0 0 0 0 0 0 0 0 0 0 0 7 181 36 0 8 0 145 7 0 0
84 185 2751 482 876 0 305 2207 81 2057 0 450 851 1880 59 490 3033 260 4402 1998 1929 1242 126 658 322 287 1653 0 0 0 0 3 249 2 49 29 0 0 261 924 284 121 42 25 0 0 2726 79 323
74 164 57 180 95 0 124 135 0 138 0 57 75 130 106 0 114 205 81 461 43 60 42 58 79 114 135 0 0 0 0 0 476 17 293 22 53 0 0 24 322 86 115 129 0 0 79 0 0
310 210 222 298 236 0 270 248 0 262 0 286 248 381 770 0 260 571 337 327 0 157 180 238 95 383 320 0 0 0 0 6 38 0 0 9 0 15 0 82 250 140 49 137 0 0 310 0 165
33 9 627 299 75 0 40 103 0 8 0 79 236 104 0 0 163 28 37 395 0 27 42 252 6 144 136 0 0 0 0 0 0 0 0 0 0 0 0 0 81 11 0 0 0 0 39 0 127
258 174 1075 4545 665 0 636 2912 0 944 0 306 1465 1291 879 0 2384 3535 2475 8060 0 98 390 641 79 2157 1773 0 0 0 0 0 0 0 0 0 0 0 0 0 0 421 51 1 0 0 249 0 0
0 87 39 163 137 0 160 390 0 41 0 63 59 47 94 0 188 220 305 205 316 38 84 17 0 87 76 338 0 0 0 0 0 0 0 0 0 0 0 0 0 0 0 0 0 0 0 0 0
3 11 32 39 37 0 15 64 14 13 0 18 28 41 0 0 56 26 24 53 0 24 14 30 0 69 65 0 0 0 0 0 0 0 0 15 0 0 0 43 0 14 0 0 0 0 7 0 0
0 0 31 60 28 0 14 89 0 24 0 12 33 39 0 0 51 41 34 103 0 2 31 22 0 52 45 0 0 25 0 0 0 0 0 0 0 0 0 14 0 24 26 0 0 0 1 64 0
1050 1385 1410 915 1353 141 1377 786 465 711 249 759 1150 1143 2344 657 574 3175 669 2587 1159 709 597 873 567 473 925 0 0 0 0 272 126 64 0 378 73 1279 689 602 702 412 2707 1069 0 319 2071 923 0
148 461 637 202 142 0 290 195 137 149 0 190 113 184 266 21 143 355 101 478 241 134 229 74 201 201 162 0 0 0 0 91 0 0 0 0 36 82 84 101 518 185 48 143 0 0 278 149 133
0 0 632 163 80 0 4 317 0 0 0 0 575 262 0 0 465 0 805 216 0 0 25 194 0 466 276 0 0 0 0 0 0 0 0 0 0 0 0 0 0 19 0 0 0 0 0 0 44
114 343 77 202 108 0 157 379 329 104 0 341 150 111 0 194 132 264 62 1008 327 89 832 87 13 231 167 0 0 0 0 169 0 150 12 32 0 44 110 66 334 136 37 0 0 0 123 0 0
157 221 315 1017 134 0 148 213 448 163 0 1136 132 157 25 130 215 290 127 897 397 80 297 117 56 381 185 0 0 668 0 90 2781 0 1730 78 0 30 0 0 334 101 383 836 1257 0 0 1011 0
