49
0 0 202 109 257 0 73 98 0 20 0 84 663 696 14 0 66 106 62 146 0 5 47 325 0 1101 676 0 0 0 0 0 0 0 0 0 0 19 0 0 0 53 52 86 0 0 95 0 0
154 0 164 185 167 0 201 211 0 48 0 213 102 188 0 0 145 1237 92 260 0 134 170 127 36 178 224 0 0 0 0 0 0 0 0 0 0 19 0 84 0 0 35 97 0 0 135 0 0
0 0 0 0 0 0 0 0 0 0 0 0 0 0 0 0 0 0 0 7 0 0 0 11 0 0 0 0 0 0 1 0 0 0 0 0 0 0 0 0 0 0 0 0 0 0 0 0 0
0 0 20 0 0 0 0 37 0 0 0 0 0 0 0 0 0 0 0 23 0 0 0 0 0 0 7 0 0 0 0 0 0 0 0 0 0 0 0 0 0 0 0 0 0 0 0 0 0
0 0 15 16 0 0 0 19 0 0 0 28 180 76 0 0 77 0 20 27 0 0 11 55 0 143 649 0 0 0 0 0 0 0 0 0 0 0 0 0 0 0 0 0 0 0 0 0 0
4108 1877 882 508 3599 0 2098 955 978 965 817 921 1533 3411 1242 662 1311 1753 890 877 1575 2562 1098 1122 1499 1985 2585 443 0 0 309 177 355 283 166 214 887 361 2317 639 449 558 240 550 370 370 815 472 756
0 0 118 142 31 0 0 226 0 201 0 47 99 56 0 0 218 82 168 156 0 0 19 50 0 63 78 0 0 0 0 0 0 0 0 0 0 0 0 0 0 0 16 17 0 0 58 0 0
0 0 6 0 0 0 0 0 0 0 0 0 0 0 0 0 0 0 30 2 0 0 0 0 0 0 0 0 0 0 0 0 0 0 0 0 0 0 0 0 0 0 0 0 0 0 0 0 0
131 88 154 232 139 0 148 112 0 82 0 313 184 222 149 0 173 162 66 466 0 194 2488 92 135 221 182 0 0 0 0 14 21 13 13 25 0 75 33 97 311 83 33 90 0 49 249 0 0
0 0 50 80 27 0 0 1551 0 0 0 61 49 113 65 0 242 93 317 106 0 41 16 24 0 55 102 0 0 0 0 0 0 0 0 0 0 0 0 0 0 0 15 9 0 0 47 0 0
385 1367 326 329 466 0 565 292 659 285 0 578 557 765 754 75 336 1209 141 1863 230 619 977 374 529 1022 516 0 0 0 11 108 177 114 84 75 190 180 912 229 460 174 145 223 48 181 326 868 403
0 0 165 569 0 0 0 26 0 0 0 0 26 0 0 0 23 0 13 349 0 0 0 69 0 39 30 0 0 0 0 0 0 0 0 0 0 0 0 0 0 0 0 0 0 0 0 0 0
0 0 28 25 0 0 0 30 0 0 0 0 0 0 0 0 17 0 15 20 0 0 0 0 0 0 0 0 0 0 0 0 0 0 0 0 0 0 0 0 0 0 0 0 0 0 0 0 0
0 0 202 76 0 0 0 121 0 0 0 6 494 0 0 0 118 39 75 58 0 0 0 526 0 472 306 0 0 0 0 0 0 0 0 0 0 0 0 0 0 0 0 0 0 0 0 0 0
0 302 110 154 63 0 11 112 0 0 0 74 81 68 0 0 49 330 47 193 0 32 49 68 0 64 107 0 0 0 0 0 0 0 0 0 0 25 0 18 0 0 46 93 0 0 111 0 0
543 393 379 508 425 0 406 310 379 212 0 1102 1862 995 397 0 440 179 182 3048 0 604 597 977 259 1924 683 0 0 0 37 69 121 76 61 89 134 194 543 311 436 156 97 91 0 189 304 163 260
0 0 15 5 0 0 0 399 0 0 0 0 0 0 0 0 0 0 418 15 0 0 0 4 0 0 0 0 0 0 0 0 0 0 0 0 0 0 0 0 0 0 0 0 0 0 0 0 0
0 0 25 10 22 0 0 20 0 0 0 9 6 0 0 0 7 0 10 29 0 0 0 17 0 5 19 0 0 4 9 0 0 0 0 0 0 0 0 0 0 0 0 59 0 0 37 0 0
0 0 7 0 0 0 0 0 0 0 0 0 0 0 0 0 0 0 0 0 0 0 0 3 0 0 0 0 0 0 0 0 0 0 0 0 0 0 0 0 0 0 0 0 0 0 0 0 0
0 0 0 0 0 0 0 0 0 0 0 0 0 0 0 0 0 0 8 0 0 0 0 0 0 0 0 0 0 0 0 0 0 0 0 0 0 0 0 0 0 0 0 0 0 0 0 0 0
390 1268 311 380 280 0 676 395 179 210 0 384 231 321 518 21 278 2034 175 435 0 310 329 238 379 271 299 0 0 0 0 0 73 0 14 16 0 118 314 106 244 0 148 233 0 0 273 0 0
0 0 173 79 348 0 76 391 0 0 0 25 206 339 0 0 1269 102 414 92 0 0 35 225 0 168 667 0 0 0 0 0 0 0 0 0 0 0 0 0 0 22 0 25 0 0 138 0 0
0 0 44 65 0 0 0 41 0 0 0 15 21 15 0 0 4 18 16 68 0 0 0 24 0 24 44 0 0 0 0 0 0 0 0 0 0 0 0 0 0 0 0 2 0 0 0 0 0
0 0 0 1 0 0 0 0 0 0 0 0 0 0 0 0 0 0 0 50 0 0 0 0 0 9 0 0 0 0 0 0 0 0 0 0 0 0 0 0 0 0 0 0 0 0 0 0 0
36 0 133 218 115 0 288 980 0 513 0 155 117 134 112 0 325 209 377 155 0 124 76 100 0 132 186 0 0 0 0 0 0 7 26 4 0 47 0 42 0 521 68 91 0 0 130 14 0
0 0 45 19 0 0 0 43 0 0 0 0 421 0 0 0 39 0 36 40 0 0 0 0 0 0 0 0 0 0 0 0 0 0 0 0 0 0 0 0 0 0 0 0 0 0 0 0 0
0 0 44 0 0 0 0 24 0 0 0 0 62 0 0 0 29 0 20 29 0 0 0 41 0 16 0 0 0 0 0 0 0 0 0 0 0 0 0 0 0 0 0 0 0 0 0 0 0
273 811 146 533 286 0 746 234 352 332 99 456 231 444 4382 116 246 987 113 1104 673 353 488 236 786 266 282 0 0 0 0 188 130 89 171 57 162 260 495 194 478 308 140 346 258 254 387 428 668
525 1670 134 324 290 968 566 186 475 409 631 300 327 440 3865 443 283 1750 112 550 1767 247 258 167 621 267 227 945 0 255 508 6234 1212 962 366 4702 482 1112 1272 342 582 346 483 590 2831 3350 632 772 1522
109 255 4 145 99 80 181 68 103 145 130 159 115 408 525 87 133 0 7 679 254 113 113 37 221 112 107 172 0 0 753 145 1171 91 135 201 73 551 164 86 490 144 468 0 2253 628 72 203 4
45 68 0 110 153 0 136 12 69 77 0 162 118 363 229 0 61 0 7 290 125 187 56 38 52 113 97 13 0 0 0 126 87 0 186 145 0 244 64 97 476 110 166 0 2636 141 18 136 171
61 130 94 104 48 0 106 65 0 54 0 66 63 78 102 0 43 152 36 104 0 33 45 52 22 61 79 0 0 0 0 0 24 22 36 0 28 44 14 20 260 56 83 83 0 0 95 5 0
6 14 41 145 46 0 59 54 0 13 0 116 77 108 148 0 79 31 24 2015 0 73 46 70 13 77 72 0 0 0 0 0 0 2 56 83 0 0 1 77 308 18 172 15 0 165 60 151 0
5 82 21 60 18 0 21 25 0 40 0 45 77 50 26 0 21 58 10 39 70 14 155 39 0 56 46 0 0 0 8 0 0 0 17 18 60 7 0 26 90 35 11 13 0 0 10 0 0
1 26 14 78 28 0 40 22 0 15 0 74 33 52 21 0 26 7 11 105 0 25 50 18 0 47 37 0 0 0 0 0 0 0 0 0 0 0 0 74 123 25 0 0 0 0 6 0 73
11 26 15 46 14 0 24 23 0 9 0 25 25 30 24 0 18 29 10 39 0 9 55 14 0 32 26 0 0 0 0 38 0 0 33 0 1 11 0 9 185 9 0 9 0 252 15 0 0
25 66 212 2163 588 0 127 2497 8 679 0 319 588 913 75 0 2511 135 1084 862 292 614 88 412 107 280 1630 0 0 0 63 0 51 0 79 0 0 4 295 375 26 93 47 57 0 149 1221 100 170
0 0 28 60 19 0 24 26 0 67 0 29 38 35 0 0 16 27 13 63 0 4 5 23 0 34 41 0 0 0 0 0 91 0 98 0 0 0 0 9 140 18 41 0 0 0 39 3 0
219 92 227 226 182 0 133 147 0 91 0 217 293 260 293 0 121 804 199 183 0 132 105 124 91 262 244 0 0 0 0 0 0 41 110 4 0 46 0 117 4 75 86 234 0 0 213 0 18
4 0 328 478 40 0 55 73 0 3 0 172 78 69 0 0 82 39 43 770 0 57 63 228 0 113 81 0 0 0 0 0 0 0 0 0 0 0 0 0 0 0 0 20 0 0 0 0 0
169 104 2679 2326 513 0 404 2442 0 304 0 407 1230 795 680 0 1301 2224 1456 2763 0 110 225 1204 106 1126 1810 0 0 0 0 0 0 0 0 0 0 0 0 113 0 282 337 558 0 0 801 0 0
0 24 70 116 51 0 134 174 0 124 0 60 60 25 186 0 78 97 92 193 109 0 102 44 0 41 50 0 0 0 0 0 0 0 0 0 0 0 0 2 0 0 27 25 0 0 59 0 0
0 0 30 43 10 0 0 28 0 0 0 18 18 31 0 0 18 4 6 34 0 0 0 16 0 26 37 0 0 0 0 0 0 0 30 5 0 0 0 21 0 0 0 0 0 0 0 0 0
0 0 21 47 17 0 0 28 0 0 0 8 21 3 0 0 15 0 11 51 0 0 0 20 0 21 20 0 0 11 18 0 0 0 91 0 0 5 0 0 0 0 14 0 0 0 0 386 0
395 1017 776 774 675 0 1065 609 263 461 0 676 409 627 3257 154 372 1878 315 1282 768 486 309 1004 554 456 610 0 0 0 0 226 87 145 400 242 632 1332 680 367 436 463 2916 1176 0 532 3341 747 0
72 213 250 256 234 0 248 149 0 120 0 175 120 108 261 0 122 279 55 157 126 74 192 84 146 113 129 0 0 0 0 28 0 514 35 0 0 71 173 70 270 148 79 203 0 0 219 73 162
0 0 363 540 63 0 0 565 0 0 0 12 156 301 0 0 1086 0 2165 175 0 0 26 399 0 56 398 0 0 0 0 0 0 0 0 0 0 0 0 100 0 0 4 3 0 0 0 0 0
103 82 81 113 64 0 85 198 132 46 0 171 167 74 53 0 74 121 24 537 95 40 348 65 0 109 77 0 0 0 0 0 0 146 112 10 0 0 98 227 157 91 218 0 0 0 7 0 0
179 194 300 1280 148 0 129 120 141 2 0 729 485 110 104 0 77 302 64 706 265 73 304 215 67 119 141 0 0 0 0 90 1412 5 0 32 0 60 0 423 340 104 457 707 876 0 123 684 0
