49
0 0 201 81 123 0 63 98 0 30 0 74 595 585 8 0 85 87 72 128 0 30 37 306 0 1148 289 0 0 0 0 0 0 0 0 0 0 21 0 0 0 51 44 87 0 0 105 0 0
143 0 121 169 174 0 213 235 0 82 0 193 110 181 0 0 128 1171 128 210 0 128 124 125 49 197 142 0 0 0 0 0 0 0 0 0 0 14 0 157 2 0 31 111 0 0 177 0 0
0 0 0 0 0 0 0 1 0 0 0 0 0 0 0 0 0 0 0 17 0 0 0 0 0 0 0 0 0 0 0 0 0 0 0 0 0 0 0 0 0 0 0 0 0 0 0 0 0
0 0 19 0 0 0 0 24 0 0 0 0 0 0 0 0 5 0 11 31 0 0 0 10 0 0 0 0 0 0 0 0 0 0 0 0 0 0 0 0 0 0 0 0 0 0 0 0 0
0 0 84 8 0 0 0 46 0 0 0 9 178 81 0 0 75 0 53 40 0 0 0 63 0 162 518 0 0 0 0 0 0 0 0 0 0 0 0 0 0 0 0 0 0 0 0 0 0
4508 1989 1076 414 3891 0 1914 1275 953 1205 725 904 1497 3387 1152 702 1234 1701 1277 939 1853 2805 826 1141 1396 2125 1896 433 0 0 248 190 308 277 153 255 992 388 2495 779 481 587 199 513 100 359 871 482 927
0 0 87 114 31 0 0 235 0 169 0 17 94 39 28 0 144 63 203 143 0 0 0 45 0 64 41 0 0 0 0 0 0 0 0 0 0 0 0 0 0 0 17 13 0 0 33 0 0
0 0 0 0 0 0 0 0 0 0 0 0 0 0 0 0 0 0 66 2 0 0 0 0 0 0 0 0 0 0 0 0 0 0 0 0 0 0 0 0 0 0 0 0 0 0 0 0 0
152 113 193 187 151 0 151 159 0 100 0 265 202 245 125 0 113 180 108 397 0 224 2126 117 88 217 132 0 0 0 0 22 7 12 9 69 0 82 87 133 362 65 20 110 0 97 327 0 0
0 0 54 63 12 0 0 1749 0 0 0 64 48 74 0 0 208 88 434 59 0 61 10 25 0 66 52 0 0 0 0 0 0 0 0 0 0 0 0 0 0 0 4 9 0 0 56 0 17
469 1474 426 229 504 0 518 375 752 402 0 537 543 710 570 163 286 1200 215 2180 344 711 695 445 457 975 320 0 0 0 0 110 166 104 70 93 166 195 988 370 509 136 113 236 93 257 426 833 496
0 0 388 375 0 0 0 27 0 0 0 0 51 4 0 0 26 0 20 239 0 0 0 51 0 47 15 0 0 0 0 0 0 0 0 0 0 0 0 0 0 0 0 0 0 0 0 0 0
0 0 21 4 0 0 0 14 0 0 0 0 0 0 0 0 8 0 12 143 0 0 0 0 0 0 0 0 0 0 0 0 0 0 0 0 0 0 0 0 0 0 0 0 0 0 0 0 0
0 0 221 43 0 0 0 121 0 0 0 0 496 0 0 0 92 27 86 61 0 0 0 473 0 437 29 0 0 0 0 0 0 0 0 0 0 0 0 0 0 0 0 0 0 0 0 0 0
0 243 78 95 71 0 0 92 0 15 0 68 81 97 0 0 47 223 60 152 0 24 34 60 0 65 75 0 0 0 0 0 0 0 0 6 0 9 0 14 0 0 41 79 0 0 121 4 0
648 294 647 365 520 0 354 371 350 286 0 1045 1729 1004 262 0 378 167 348 3190 23 706 498 1002 234 2079 381 0 0 0 0 74 102 84 46 105 150 201 591 423 484 144 71 77 0 212 314 171 337
0 0 11 0 0 0 0 232 0 0 0 0 0 0 0 0 0 0 473 16 0 0 0 5 0 0 0 0 0 0 0 0 0 0 0 0 0 0 0 0 0 0 0 0 0 0 0 0 0
0 0 23 7 12 0 0 23 0 0 0 11 16 0 0 0 9 0 17 31 0 0 0 15 0 13 2 0 0 0 11 0 0 0 0 0 0 0 0 0 0 0 0 59 0 0 25 0 0
0 0 2 0 0 0 0 0 0 0 0 0 0 0 0 0 0 0 0 0 0 0 0 0 0 0 0 0 0 0 0 0 0 0 0 0 0 0 0 0 0 0 0 0 0 0 0 0 0
0 0 0 0 0 0 0 0 0 0 0 0 0 0 0 0 0 0 4 0 0 0 0 0 0 0 0 0 0 0 0 0 0 0 0 0 0 0 0 0 0 0 0 0 0 0 0 0 0
384 1379 252 360 289 0 599 332 68 347 0 376 243 395 512 0 246 1892 220 412 0 331 226 215 249 290 216 0 0 0 0 0 48 0 0 24 0 99 346 118 275 48 132 257 0 0 347 0 0
0 0 203 68 325 0 104 481 0 0 0 3 223 320 0 0 1120 102 554 93 0 0 8 228 0 201 495 0 0 0 0 0 0 0 0 0 0 0 0 0 0 21 0 22 0 0 33 0 0
0 0 51 49 5 0 16 46 0 0 0 18 26 19 0 0 16 28 30 107 0 0 0 32 0 33 24 0 0 0 0 0 0 0 0 0 0 0 0 0 0 0 3 3 0 0 1 0 0
0 0 74 0 0 0 0 2 0 0 0 0 32 0 0 0 0 0 1 81 0 0 0 0 0 1 0 0 0 0 0 0 0 0 0 0 0 0 0 0 0 0 0 0 0 0 0 0 0
21 0 118 171 127 0 297 1022 0 460 0 148 118 117 155 0 277 208 498 136 0 118 72 91 0 139 132 0 0 0 0 0 0 7 11 20 0 42 0 70 0 615 66 81 0 0 141 42 0
0 0 47 8 0 0 0 39 0 0 0 0 427 0 0 0 30 0 43 20 0 0 0 0 0 0 0 0 0 0 0 0 0 0 0 0 0 0 0 0 0 0 0 0 0 0 0 0 0
0 0 74 11 0 0 0 45 0 0 0 0 82 0 0 0 61 0 73 46 0 0 0 73 0 92 0 0 0 0 0 0 0 0 0 0 0 0 0 0 0 0 0 0 0 0 0 0 0
285 866 233 407 329 0 583 275 349 500 77 369 273 485 3116 96 252 1145 232 1203 847 404 390 270 647 247 203 0 0 0 0 176 144 103 243 69 154 258 544 305 522 169 102 398 290 331 480 495 827
417 1468 253 218 244 820 412 307 406 499 523 232 275 419 3118 425 268 1342 176 527 2082 239 203 165 408 238 195 810 0 70 504 5266 1123 875 399 5252 408 1016 1377 352 618 286 349 467 2264 2940 625 643 1359
174 282 81 81 130 103 182 196 119 247 124 108 128 430 409 102 117 23 31 970 352 146 86 46 197 131 87 144 0 0 918 156 1371 111 134 198 139 644 214 129 552 140 390 0 1871 625 99 170 0
88 119 109 72 273 0 174 115 117 200 68 187 159 648 276 59 74 0 69 361 252 249 66 85 73 147 90 65 0 0 0 182 106 0 188 218 0 334 79 170 515 140 180 0 2554 172 59 187 240
61 101 69 85 51 0 75 80 0 74 0 61 67 84 94 0 46 132 63 113 1 41 58 64 31 72 61 0 0 0 0 0 19 17 39 0 11 52 56 26 282 48 76 70 0 0 122 0 0
23 21 81 103 51 0 88 78 0 51 0 69 90 147 94 0 79 40 39 962 0 76 23 66 7 93 82 0 0 0 0 0 0 0 81 138 0 0 0 130 334 41 97 7 22 146 97 132 0
1 81 92 35 22 0 19 47 0 44 0 37 76 44 10 0 18 35 16 101 95 21 116 60 0 78 46 0 0 0 11 0 21 0 0 55 56 0 0 40 95 42 4 5 0 0 2 0 0
0 19 32 52 28 0 50 34 0 22 0 69 43 63 25 0 29 20 25 455 6 29 44 21 0 60 26 0 0 0 0 0 0 0 0 0 0 0 0 96 168 28 0 0 0 15 10 0 161
2 8 30 29 13 0 15 25 0 6 0 15 20 40 0 0 16 22 17 33 0 6 41 14 0 31 19 0 0 0 0 31 0 0 42 0 0 6 0 16 144 7 0 4 0 147 20 0 0
20 44 312 3765 417 0 66 2037 1 846 0 320 541 1014 159 0 2321 142 1171 517 235 809 67 676 95 346 1517 0 0 0 3 0 23 0 77 0 0 0 329 426 70 92 34 45 0 124 1207 83 227
0 0 51 53 24 0 30 36 0 92 0 29 45 46 0 0 22 45 26 81 0 14 5 28 0 45 39 0 0 0 0 0 102 2 129 0 6 0 0 9 196 24 71 0 0 0 65 8 0
162 28 192 177 165 0 115 127 0 98 0 210 228 267 222 0 44 680 220 198 0 138 86 126 33 285 176 0 0 0 0 0 9 52 128 7 0 17 0 167 4 60 65 186 0 0 155 0 0
10 0 499 287 35 0 32 63 0 10 0 128 91 72 0 0 65 14 54 747 0 50 40 203 0 130 42 0 0 0 0 0 0 0 0 0 0 0 0 0 0 0 0 2 0 0 0 0 0
40 0 1563 2221 430 0 315 2147 0 259 0 324 1119 784 526 0 1220 2072 1592 2405 0 113 165 973 58 1119 1135 0 0 0 0 0 0 0 0 0 0 0 0 82 0 247 324 379 0 0 719 0 0
0 22 52 72 49 0 114 159 0 102 0 52 73 20 58 0 72 89 176 132 0 0 101 33 0 49 32 0 0 0 0 0 0 0 0 0 0 0 0 21 0 0 25 26 0 0 74 0 0
0 0 64 16 7 0 0 24 0 0 0 14 15 37 0 0 9 0 11 33 0 3 0 14 0 28 18 0 0 0 0 0 0 0 51 4 0 0 0 29 0 0 0 0 0 0 0 0 0
0 0 24 28 17 0 0 26 0 0 0 13 25 0 0 0 13 0 15 39 0 0 0 17 0 24 10 0 0 15 27 0 0 0 81 0 0 3 0 0 0 0 23 0 0 0 3 382 0
296 592 322 668 417 0 765 342 224 311 0 451 429 541 3092 87 192 1804 290 860 477 326 180 482 310 238 404 0 0 0 0 138 0 69 202 201 357 1099 684 254 450 291 2024 1020 0 694 2271 689 0
56 196 304 162 137 0 208 149 0 101 0 135 140 154 248 0 105 241 73 145 152 79 129 95 99 123 109 0 0 0 0 45 0 250 0 0 0 57 173 91 264 139 62 218 0 0 242 99 92
0 0 426 552 84 0 0 373 0 0 0 24 249 434 0 0 708 0 1568 266 0 0 0 441 0 171 230 0 0 0 0 0 0 0 0 0 0 0 0 36 0 0 6 0 0 0 0 0 0
84 10 67 76 47 0 54 180 76 22 0 168 111 65 0 0 64 89 35 464 22 48 406 38 0 121 66 0 0 0 0 30 0 147 34 5 0 0 109 213 166 116 131 0 0 0 41 0 0
131 119 144 803 122 0 103 101 60 0 0 786 486 109 68 0 74 242 80 429 160 85 223 121 94 119 107 0 0 17 0 79 1490 12 0 40 0 86 20 324 346 91 372 578 804 0 153 613 0
