49
0 0 249 94 132 0 61 95 0 27 0 96 542 465 51 0 81 101 101 150 0 0 22 268 0 1126 399 0 0 0 0 0 0 0 0 0 0 0 0 0 0 6 30 76 0 0 68 0 0
177 0 114 259 196 0 244 199 0 117 0 222 96 198 0 0 150 1330 152 303 0 133 113 129 0 197 188 0 0 0 0 0 0 0 0 0 0 0 16 41 34 0 29 100 0 0 124 0 0
0 0 0 0 0 0 0 0 0 0 0 0 70 0 0 0 0 0 4 19 0 0 0 0 0 0 0 0 0 0 0 0 0 0 0 0 0 0 0 0 0 0 0 0 0 0 0 0 0
0 0 12 0 0 0 0 4 0 0 0 0 0 0 0 0 2 0 23 0 0 0 0 9 0 0 0 0 0 1 1 0 0 0 0 0 0 0 0 0 0 0 0 0 0 0 0 0 0
0 0 182 12 0 0 0 94 0 0 0 21 244 221 0 0 146 0 154 74 0 0 12 146 0 165 1508 0 0 0 0 0 0 0 0 0 0 0 0 0 0 0 0 0 0 0 0 0 0
4852 2138 1304 400 3988 0 1970 1151 928 1155 985 940 1516 3705 1520 842 1228 1759 1073 923 1771 3009 1031 1245 1677 2369 3095 424 0 0 85 184 354 204 184 304 532 298 2773 697 610 517 161 679 236 380 1083 371 766
0 0 71 61 9 0 0 203 0 142 0 17 60 73 24 0 228 53 191 137 0 0 0 41 0 58 50 0 0 0 0 0 0 0 0 0 0 0 0 0 0 0 9 8 0 0 31 0 0
0 0 4 0 0 0 0 0 0 0 0 0 0 0 0 0 0 0 24 0 0 0 0 0 0 0 0 0 0 0 0 0 0 0 0 0 0 0 0 0 0 0 0 0 0 0 0 0 0
100 96 193 79 164 0 134 118 0 82 0 270 159 187 230 0 118 100 114 321 0 135 2065 108 128 190 161 0 0 0 0 24 31 0 3 38 0 55 45 90 502 36 9 88 0 23 241 0 0
0 0 59 59 4 0 0 1223 0 0 0 63 27 59 0 0 221 66 344 84 0 28 0 33 0 106 42 0 0 0 0 0 0 0 0 0 0 0 0 0 0 0 3 9 0 0 49 0 0
486 1362 480 209 541 0 461 291 466 331 0 506 404 652 719 76 383 1029 234 800 169 514 681 447 457 731 471 0 0 0 0 97 171 65 56 104 83 143 734 267 619 13 78 280 0 140 377 464 236
0 0 604 418 0 0 0 27 0 0 0 0 77 0 0 0 23 0 44 143 0 0 0 84 0 151 11 0 0 0 0 0 0 0 0 0 0 0 0 0 0 0 0 0 0 0 0 0 0
0 0 0 36 0 0 0 17 0 0 0 0 0 0 0 0 10 0 20 207 0 0 0 0 0 0 0 0 0 0 0 0 0 0 0 0 0 0 0 0 0 0 0 0 0 0 0 0 0
0 0 313 75 0 0 0 133 0 0 0 51 689 0 0 0 160 46 166 108 0 0 0 479 0 547 323 0 0 0 0 0 0 0 0 0 0 0 0 0 0 0 0 15 0 0 0 0 0
0 197 84 134 43 0 0 86 0 0 0 80 43 35 0 0 61 227 60 167 0 0 33 63 0 79 89 0 0 0 0 0 0 0 0 0 0 0 0 0 0 0 21 123 0 0 120 0 0
581 345 902 221 541 0 321 274 299 253 0 903 1792 809 354 0 354 127 285 2607 0 538 472 886 304 1839 650 0 0 0 0 68 72 53 18 141 0 127 558 280 581 102 55 117 0 129 378 0 0
0 0 3 0 0 0 0 389 0 0 0 0 0 0 0 0 0 0 642 12 0 0 0 0 0 0 0 0 0 0 0 0 0 0 0 0 0 0 0 0 0 0 0 0 0 0 0 0 0
0 0 17 10 1 0 0 15 0 0 0 6 6 0 0 0 13 0 21 39 0 0 0 17 0 8 0 0 0 7 10 0 0 0 0 0 0 0 0 0 0 0 2 74 0 0 50 0 0
0 0 0 0 0 0 0 0 0 0 0 0 0 0 0 0 0 0 0 0 0 0 0 0 0 0 0 0 0 0 0 0 0 0 0 0 0 0 0 0 0 0 0 0 0 0 0 0 0
0 0 0 12 0 0 0 9 0 0 0 0 0 0 0 0 0 0 5 0 0 0 0 0 0 0 0 0 0 0 0 0 0 0 0 0 0 0 0 0 0 0 0 0 0 0 0 0 0
336 1798 201 364 359 0 480 255 114 233 0 472 163 351 505 80 254 2200 251 427 0 217 250 197 377 335 250 0 0 0 0 0 43 0 0 36 0 61 298 81 320 0 76 224 0 0 105 0 0
49 0 246 74 531 0 136 516 0 0 0 42 213 490 22 0 979 88 726 122 0 0 23 258 0 196 953 0 0 0 0 0 0 0 0 0 0 0 0 0 0 15 9 13 0 0 110 0 0
0 0 38 36 0 0 2 41 0 10 0 26 18 7 0 0 26 19 50 81 0 0 0 24 0 26 39 0 0 0 0 0 0 0 0 0 0 0 0 0 0 0 0 0 0 0 0 0 0
0 0 328 0 0 0 0 7 0 0 0 0 33 0 0 0 8 0 15 82 0 0 0 0 0 4 0 0 0 0 0 0 0 0 0 0 0 0 0 0 0 0 0 0 0 0 0 0 0
54 8 117 162 91 0 209 791 0 323 0 144 85 140 177 0 309 275 380 179 0 12 69 88 0 137 134 0 0 0 0 0 0 0 0 25 0 16 0 31 0 347 48 77 0 0 87 10 0
0 0 58 15 0 0 0 40 0 0 0 0 404 0 0 0 64 0 47 31 0 0 0 0 0 0 0 0 0 0 0 0 0 0 0 0 0 0 0 0 0 0 0 0 0 0 0 0 0
0 0 78 58 0 0 0 53 0 0 0 0 232 0 0 0 106 12 104 44 0 0 0 55 0 99 0 0 0 0 0 0 0 0 0 0 0 0 0 0 0 0 0 0 0 0 0 0 0
266 930 282 458 364 0 566 464 308 521 156 349 218 413 4961 111 303 1765 272 1341 663 307 472 236 742 274 247 0 0 0 0 156 168 57 160 80 0 195 477 202 637 0 75 681 292 345 648 453 629
443 1281 276 63 226 904 370 211 320 432 546 242 206 320 3342 338 320 871 140 280 1320 205 180 185 481 243 233 962 0 184 282 4251 940 572 362 5936 211 822 1362 357 728 249 276 518 2195 2849 572 425 1337
119 284 112 0 253 70 172 118 100 272 111 91 106 355 535 82 50 0 44 355 229 93 86 62 175 97 161 162 0 0 494 89 1268 69 125 433 56 399 149 103 637 127 214 11 1497 559 114 145 0
93 288 304 0 293 0 273 141 193 299 199 266 269 438 408 206 155 0 156 1059 279 283 119 369 230 242 294 173 0 0 0 326 619 69 411 464 102 470 112 364 650 189 321 0 4367 538 148 253 423
86 119 83 97 70 0 91 83 0 80 0 109 40 90 110 0 56 176 108 143 28 48 41 83 28 87 76 0 0 0 0 0 48 0 37 39 0 42 25 32 409 78 84 88 0 0 102 0 0
27 45 109 131 68 0 128 73 0 98 0 68 79 135 107 0 55 49 68 1523 0 78 35 106 31 81 228 0 0 0 0 0 0 0 32 186 0 0 9 119 358 17 113 50 113 134 111 61 0
21 92 159 2 19 0 33 49 4 86 0 43 38 47 22 0 30 2 31 84 42 32 210 52 22 85 43 0 0 0 0 5 34 0 0 193 26 0 0 49 264 40 15 17 0 224 17 0 52
29 130 52 16 42 0 73 40 0 54 0 133 46 71 145 0 32 33 62 226 12 48 55 40 28 89 55 0 0 0 0 0 0 30 0 9 0 0 0 101 338 34 8 36 0 0 31 0 0
9 23 36 25 17 0 23 31 0 22 0 23 21 15 8 0 25 24 34 69 0 15 61 25 0 34 33 0 0 0 0 0 0 0 0 0 0 0 0 3 216 5 0 9 0 39 6 0 0
230 228 1932 2355 1030 0 238 2831 75 1605 0 759 801 2231 198 267 4428 216 2219 1920 1373 1079 281 1002 278 300 3063 4 0 0 0 6 51 0 73 31 0 0 581 933 255 92 50 59 0 71 2284 112 203
14 47 68 72 36 0 56 52 0 245 0 51 28 47 27 0 40 76 54 452 0 23 20 47 0 55 64 0 0 0 0 0 131 3 224 4 6 0 0 2 314 23 138 42 0 0 52 1 0
154 0 195 145 121 0 123 111 0 105 0 190 213 222 244 0 121 614 208 204 0 98 87 168 25 319 190 0 0 0 0 0 0 7 84 26 0 8 0 76 68 43 47 190 0 0 187 0 0
16 0 805 235 48 0 60 108 0 2 0 166 117 62 38 0 81 8 81 708 0 37 71 270 0 157 81 0 0 0 0 0 0 0 0 0 0 0 0 0 13 0 0 7 0 0 9 0 0
41 0 1441 3664 351 0 206 2206 0 335 0 375 796 782 519 0 1264 2442 1948 4872 0 40 178 814 29 1645 1209 0 0 0 0 0 0 0 0 0 0 0 0 0 0 87 219 333 0 0 498 0 0
0 76 50 79 112 0 275 152 0 176 0 88 37 8 352 0 94 89 371 480 166 0 98 38 0 43 38 159 0 0 0 0 0 0 0 0 0 0 0 13 0 0 15 16 0 0 58 0 0
0 0 26 1 8 0 0 20 0 0 0 17 16 3 0 0 23 0 28 54 0 0 4 13 0 48 35 0 0 0 0 0 0 0 0 5 0 0 0 40 0 0 0 0 0 0 0 0 0
0 0 46 38 15 0 0 40 0 0 0 5 27 0 0 0 22 0 36 102 0 0 7 23 0 38 20 0 0 0 6 0 0 0 0 0 0 0 0 0 0 0 24 0 0 0 6 42 0
704 865 641 1209 768 0 1004 740 347 469 75 808 214 859 1812 426 349 2158 619 1412 844 372 365 863 538 415 566 0 0 0 0 209 0 71 557 322 14 2065 1657 437 581 324 3690 1695 0 387 3152 694 0
85 231 672 169 96 0 199 143 0 165 0 158 106 143 209 0 139 259 98 252 220 100 150 73 140 205 127 0 0 0 0 64 0 0 10 0 0 53 230 51 423 106 65 236 0 0 135 0 58
0 0 562 243 18 0 0 232 0 0 0 22 560 192 0 0 537 0 856 196 0 0 10 208 0 412 303 0 0 0 0 0 0 0 0 0 0 0 0 0 0 0 5 0 0 0 0 0 0
157 142 101 106 77 0 64 216 357 152 0 269 46 38 14 127 66 152 68 395 111 47 615 42 0 148 107 0 0 0 0 136 0 181 67 21 0 0 302 320 259 141 54 0 0 50 21 0 0
233 294 161 833 92 0 200 131 328 37 0 1129 64 104 233 6 115 334 125 713 416 103 362 201 72 137 129 0 0 648 0 110 2259 0 1473 41 0 108 107 384 477 103 423 907 1522 0 113 652 0
