49
0 0 424 277 274 0 83 168 0 64 0 48 675 1246 0 0 65 169 179 175 0 0 28 357 0 2256 900 0 0 0 0 0 0 0 0 13 0 0 0 0 0 29 0 0 0 0 112 0 0
46 0 196 260 171 0 139 278 0 190 0 164 113 312 6 0 233 2344 198 276 0 54 198 224 42 230 349 0 0 0 0 0 0 0 0 0 0 0 97 0 0 0 0 61 0 0 62 0 0
0 0 0 84 0 0 0 4 0 0 0 0 20 0 0 0 32 43 2 0 0 0 0 0 0 49 0 0 0 0 0 0 0 0 0 0 0 0 0 0 0 0 0 0 0 0 0 0 0
0 0 0 0 0 0 0 133 0 0 0 0 0 0 0 0 0 0 0 0 0 0 0 0 0 0 0 0 0 0 0 0 0 0 0 0 0 0 0 0 0 0 0 0 0 0 0 0 0
0 0 211 52 0 0 11 224 0 41 0 0 100 401 0 0 131 86 96 0 0 0 0 125 0 188 2842 0 0 0 0 0 0 0 0 0 0 0 0 0 0 15 0 20 0 0 0 0 0
3849 2375 1503 529 4198 0 2026 1977 489 1403 574 1030 1249 4836 1494 344 1158 4510 1059 1281 1720 2445 1090 1715 1305 2292 4263 249 0 14 0 232 470 214 127 477 283 180 1747 522 1050 455 108 760 0 329 1335 150 598
0 0 93 83 0 0 0 266 0 227 0 57 44 120 0 0 203 76 223 78 0 0 0 12 0 58 72 0 0 0 0 0 0 0 0 0 0 0 0 0 0 34 0 0 0 0 45 0 0
0 0 0 0 0 0 0 0 0 0 0 0 0 0 0 0 0 0 0 0 0 0 0 0 0 0 0 0 0 0 0 0 0 0 0 0 0 0 0 0 0 0 0 0 0 0 0 0 0
112 428 623 428 225 0 259 201 0 201 0 386 143 331 0 0 183 482 175 635 94 173 3141 308 271 237 403 0 0 0 0 0 8 16 0 0 9 25 0 94 0 255 0 78 0 14 540 0 0
0 0 34 27 0 0 0 1995 0 0 0 0 8 4 0 0 301 34 518 32 0 0 0 0 0 34 23 0 0 0 0 0 0 0 0 5 0 0 0 0 0 0 0 65 0 0 37 18 0
237 3145 358 247 546 0 331 444 399 303 0 469 206 651 815 5 330 3108 225 1485 412 366 872 669 320 605 1765 0 0 0 0 55 159 175 0 121 87 70 640 236 690 70 67 235 0 49 316 318 133
0 0 802 2757 1 0 0 33 0 21 0 0 76 0 0 0 61 56 75 264 0 0 0 79 0 117 47 0 0 0 0 0 0 0 0 0 0 2 0 0 0 0 0 0 0 0 156 0 0
0 0 0 17 0 0 0 12 0 0 0 0 0 0 0 0 10 0 8 95 0 0 0 0 0 162 0 0 0 0 0 0 0 0 0 0 0 6 0 0 0 0 0 0 0 0 0 0 0
0 0 256 25 0 0 0 86 0 0 0 6 620 0 0 0 68 6 67 0 0 0 0 0 0 231 510 0 0 0 0 0 0 0 0 0 0 0 0 0 0 0 0 6 0 0 0 0 0
124 0 351 257 228 0 267 210 13 249 0 117 91 447 0 0 147 222 504 549 0 0 316 62 297 233 138 0 0 0 0 141 44 0 10 19 95 155 594 16 182 163 45 132 0 0 45 0 0
533 518 1101 488 573 0 267 416 241 244 0 718 1235 911 251 0 362 481 359 2451 0 486 451 1142 259 2178 944 0 0 36 0 59 59 74 0 164 0 92 363 247 0 157 33 213 0 61 1018 0 0
0 0 0 557 0 0 0 1834 0 0 0 0 0 0 0 0 0 0 1773 0 0 0 0 0 0 2 0 0 0 0 0 0 0 0 0 0 0 0 0 0 0 0 0 0 0 0 0 0 0
0 0 0 137 0 0 0 39 0 0 0 0 14 0 0 0 18 0 87 139 0 0 0 0 0 75 0 0 0 0 0 0 0 0 0 0 0 0 0 0 0 0 0 0 0 0 0 0 0
0 0 0 63 0 0 0 121 0 0 0 0 0 0 0 0 0 0 0 0 0 0 0 0 0 0 0 0 0 0 0 0 0 0 0 0 0 0 0 0 0 0 0 0 0 0 0 0 0
0 0 210 72 3 0 0 89 0 0 0 0 0 5 0 0 138 0 108 0 0 0 0 0 0 0 0 0 0 0 0 0 0 0 0 0 0 0 0 0 0 18 0 0 0 0 0 0 0
187 1871 401 358 388 0 634 445 0 461 0 478 260 1099 4163 20 382 2167 311 349 0 186 300 283 196 323 485 0 0 0 0 0 0 1 0 14 0 0 0 16 0 0 34 71 0 0 174 0 0
76 0 493 134 1169 0 200 1086 0 144 0 89 279 919 17 0 1448 253 874 101 0 0 50 501 0 326 1850 0 0 0 0 2 0 0 0 0 0 0 0 0 0 31 0 57 0 0 796 0 0
0 0 19 43 3 0 5 36 0 28 0 0 16 1 0 0 25 47 29 59 0 0 0 0 0 37 56 0 0 0 0 0 0 0 0 0 0 0 0 0 0 0 0 0 0 0 21 0 0
0 0 971 106 0 0 0 31 0 7 0 0 59 9 0 0 36 18 14 7 0 0 0 0 0 82 122 0 0 0 0 0 0 0 0 0 0 0 0 0 0 14 0 11 0 0 0 0 0
20 0 70 79 58 0 535 1398 0 1257 0 9 52 151 0 0 514 336 376 225 0 116 71 33 0 90 143 0 0 0 0 3 0 4 0 16 0 0 113 0 61 1528 23 47 0 0 89 0 0
0 0 0 2 0 0 0 47 0 0 0 0 0 0 0 0 0 0 12 16 0 0 0 0 0 0 0 0 0 0 0 0 0 0 0 0 0 0 0 0 0 0 0 0 0 0 0 0 0
0 0 80 1 0 0 0 74 0 0 0 0 18 0 0 0 73 12 63 9 0 0 0 0 0 110 0 0 0 0 0 0 0 0 0 0 0 0 0 0 0 0 0 0 0 0 0 0 0
211 1135 341 1628 330 0 791 554 452 514 130 625 203 569 5359 94 426 1646 410 2506 1269 315 457 386 743 347 469 0 0 0 0 153 213 82 38 53 111 302 333 237 642 87 46 375 21 117 328 142 499
387 1379 179 157 454 553 899 320 624 618 470 399 381 855 10453 382 170 1221 206 523 1695 362 430 307 738 423 227 869 0 675 230 5768 1270 1122 595 7383 224 538 938 490 4151 391 324 518 1674 3663 834 813 1356
37 218 39 42 111 0 47 108 21 26 14 44 9 192 147 0 15 181 27 81 154 54 51 35 39 43 77 33 0 0 0 44 747 47 140 271 0 0 24 70 3066 47 462 99 364 305 54 79 0
241 463 555 222 907 193 492 696 455 413 296 628 299 747 318 268 441 369 358 876 687 678 344 548 353 1208 566 255 0 400 0 602 1860 426 870 1915 304 558 252 669 0 374 1084 1141 6428 1702 1011 1502 1840
7 56 56 12 21 0 40 34 2 13 0 12 143 17 0 0 12 85 46 49 9 0 61 41 0 53 9 0 0 0 0 0 0 0 0 0 0 0 0 2 0 205 36 13 0 0 47 0 0
1 108 166 77 349 0 42 91 0 21 0 101 24 240 0 0 56 143 37 105 1 111 69 68 0 589 898 0 0 0 0 55 0 6 102 240 0 0 0 229 0 63 155 25 0 110 54 214 0
8 104 15 296 14 0 52 31 0 8 0 28 24 19 44 0 8 136 44 82 0 20 222 12 0 51 18 0 0 0 0 36 0 0 0 30 0 0 0 101 0 79 17 97 26 0 71 0 36
46 187 140 46 81 0 141 95 101 102 28 117 72 106 0 78 41 258 96 296 200 79 145 88 32 165 53 0 0 0 0 36 0 22 0 0 0 0 19 359 0 29 74 203 0 0 142 93 0
0 69 3 6 21 0 29 17 61 0 0 3 8 38 0 0 15 92 18 5 0 1 38 15 0 18 32 0 0 0 0 30 0 0 48 0 0 9 39 12 0 7 0 29 0 155 13 0 0
60 241 1846 974 654 0 248 2193 0 1361 0 714 632 736 0 166 2537 160 2538 4321 809 736 154 538 195 235 1627 0 0 23 0 13 308 50 44 96 0 0 57 849 0 98 14 25 0 0 3830 230 270
21 45 71 25 8 0 63 10 0 20 0 0 0 13 0 0 4 75 9 26 9 27 7 1 57 36 9 0 0 190 0 0 248 42 471 0 3 0 0 1 0 17 245 98 0 0 27 0 11
474 0 286 218 236 0 465 163 41 158 0 291 228 354 0 0 69 2879 192 247 143 77 569 173 0 833 221 0 0 0 0 114 28 32 0 0 0 44 0 47 0 58 8 103 0 38 130 1 0
19 57 1055 517 67 0 37 115 0 10 0 316 89 123 0 0 92 132 78 598 0 52 132 485 26 271 118 0 0 0 0 0 0 0 0 0 0 0 0 0 0 0 0 16 0 0 396 59 124
63 121 12 193 1681 0 542 199 0 1007 0 141 179 116 0 16 59 222 133 381 1 117 55 60 0 65 190 0 0 0 0 0 0 0 0 1 46 0 1 22 0 2 1 2 0 0 70 0 0
0 284 9 2 0 0 0 289 0 194 0 14 56 13 0 0 273 286 83 0 126 0 66 0 0 15 37 0 0 0 0 0 0 0 0 0 0 0 0 12 0 0 0 10 0 0 104 30 9
5 10 24 4 15 0 19 54 8 0 0 22 9 15 0 0 8 23 44 15 0 15 15 15 0 33 22 0 0 0 0 0 0 0 0 28 0 0 0 21 0 2 0 26 0 0 3 0 0
9 0 9 11 0 0 14 12 0 0 0 4 2 0 0 0 4 39 1 16 0 0 20 0 0 6 8 0 0 0 0 0 0 0 0 0 0 0 0 0 0 0 0 0 0 0 11 0 0
979 670 909 918 1583 14 1375 628 501 423 175 1421 1658 1176 277 1357 2207 2373 521 948 2182 461 798 1433 775 507 521 0 0 0 0 300 493 0 144 481 232 2176 991 948 4797 456 3616 701 0 107 1028 307 0
85 291 95 172 58 0 322 76 0 22 0 115 51 135 866 0 137 259 135 859 431 104 332 52 67 231 94 0 0 0 0 35 0 211 226 0 45 9 0 192 202 98 19 95 0 0 168 163 202
0 0 745 306 14 0 0 691 0 0 0 0 869 201 0 0 950 97 809 442 0 0 0 81 0 923 225 0 0 0 0 0 0 0 0 0 0 0 0 0 0 0 0 0 0 0 0 0 0
43 98 86 84 65 0 126 144 239 0 0 260 115 46 39 58 101 133 10 456 221 66 471 58 172 77 105 0 0 0 0 1 0 107 0 67 0 18 0 0 0 0 166 422 0 0 59 0 0
167 157 780 2974 118 0 403 101 318 14 0 2754 559 293 66 66 616 225 85 1092 340 175 352 179 38 332 116 0 0 798 0 102 2213 0 1086 16 0 0 229 0 6 0 386 1205 1083 0 232 862 0
