49
0 0 237 107 195 0 66 190 0 64 0 19 533 720 0 0 122 114 100 136 0 0 9 183 0 1139 447 0 0 0 0 0 0 0 0 0 0 0 0 0 0 25 7 8 0 0 19 0 0
91 0 172 246 212 0 210 325 0 204 0 126 119 345 0 0 242 726 246 288 0 2 129 143 64 231 314 0 0 0 0 0 0 0 0 0 0 0 0 0 0 0 12 35 0 0 146 0 0
0 0 0 124 0 0 0 32 0 0 0 0 13 0 0 0 17 22 24 33 0 0 0 0 0 51 0 0 0 0 0 0 0 0 0 0 0 0 0 0 0 0 0 0 0 0 0 0 0
0 0 0 0 0 0 0 0 0 0 0 0 0 0 0 0 0 0 0 0 0 0 0 0 0 0 0 0 0 0 0 0 0 0 0 0 0 0 0 0 0 0 0 0 0 0 0 0 0
0 0 247 56 0 0 0 206 0 15 0 0 133 520 0 0 114 46 103 65 0 0 0 55 0 219 1789 0 0 0 0 0 0 0 0 0 0 0 0 0 0 0 0 0 0 0 0 0 0
3333 2239 1433 345 4235 0 1509 1687 690 764 515 565 1171 5470 1401 372 1043 1926 923 571 1456 2126 840 1335 1262 1988 3305 274 0 51 0 155 392 132 26 210 330 219 1708 367 459 407 112 418 0 390 1192 248 706
0 0 63 138 40 0 0 290 0 139 0 13 48 129 0 0 156 95 150 152 0 0 0 30 0 81 123 0 0 0 0 0 0 0 0 0 0 0 0 0 0 0 0 0 0 0 0 0 0
0 0 0 5 0 0 0 0 0 0 0 0 0 0 0 0 0 0 0 0 0 0 0 0 0 0 0 0 0 0 0 0 0 0 0 0 0 0 0 0 0 0 0 0 0 0 0 0 0
104 288 726 131 239 0 166 240 0 117 0 251 139 316 228 0 154 214 142 260 0 87 2074 202 147 241 280 0 0 0 0 0 0 10 0 0 0 27 0 30 195 57 12 13 0 0 187 0 0
0 0 28 52 0 0 0 1396 0 0 0 0 12 32 0 0 154 44 383 58 0 0 0 14 0 58 52 0 0 0 0 0 0 0 0 0 0 0 0 0 0 0 0 0 0 0 0 0 0
325 1673 309 238 492 0 472 340 446 292 0 307 170 731 1100 40 254 1452 206 350 356 255 541 407 412 439 1153 0 0 21 0 38 147 92 0 38 160 93 530 136 439 53 68 132 0 183 478 269 133
0 0 586 803 24 0 0 95 0 10 0 0 61 20 0 0 40 23 76 280 0 0 0 75 0 130 70 0 0 0 0 0 0 0 0 0 0 0 0 0 0 0 0 4 0 0 35 0 0
0 0 0 35 0 0 0 40 0 0 0 0 0 0 0 0 0 0 22 52 0 0 0 0 0 51 0 0 0 0 0 0 0 0 0 0 0 0 0 0 0 0 0 0 0 0 0 0 0
0 0 256 72 0 0 0 129 0 0 0 0 503 0 0 0 67 12 63 73 0 0 0 0 0 191 0 0 0 0 0 0 0 0 0 0 0 0 0 0 0 0 0 0 0 0 0 0 0
75 115 159 740 180 0 256 453 0 334 0 232 179 254 0 0 332 915 360 597 0 0 175 140 0 324 373 0 0 0 0 0 0 148 0 0 17 0 0 22 0 0 40 357 0 0 728 57 0
451 490 827 232 576 0 284 450 179 184 0 472 1047 979 285 0 353 295 242 975 0 407 386 776 260 1678 679 0 0 0 0 0 42 32 0 62 0 79 445 196 284 152 32 31 0 52 468 0 14
0 0 0 87 0 0 0 859 0 0 0 0 6 0 0 0 0 0 669 22 0 0 0 0 0 0 0 0 0 0 0 0 0 0 0 0 0 0 0 0 0 0 0 0 0 0 0 0 0
0 0 0 84 0 0 0 73 0 0 0 0 16 0 0 0 20 0 38 67 0 0 0 0 0 39 24 0 0 0 0 0 0 0 0 0 0 0 0 0 0 0 0 0 0 0 69 0 0
0 0 0 14 0 0 0 164 0 0 0 0 0 0 0 0 0 0 0 0 0 0 0 0 0 0 0 0 0 0 0 0 0 0 0 0 0 0 0 0 0 0 0 0 0 0 0 0 0
0 0 0 211 0 0 0 52 0 0 0 0 0 0 0 0 0 0 84 0 0 0 0 0 0 32 0 0 0 0 0 0 0 0 0 0 0 0 0 0 0 0 0 0 0 0 0 0 0
346 1650 353 478 737 0 588 485 63 372 0 311 235 707 720 8 339 1897 285 477 0 217 320 270 350 365 416 0 0 0 0 0 0 0 0 0 0 0 223 0 72 0 23 165 0 0 427 0 0
83 0 386 173 1132 0 164 953 0 87 0 60 263 936 19 0 884 156 713 142 0 0 47 392 0 267 1216 0 0 0 0 0 0 0 0 0 0 0 0 0 0 0 0 18 0 0 265 0 0
0 0 28 71 20 0 13 89 0 20 0 2 23 42 0 0 41 27 51 75 0 0 0 7 0 58 82 0 0 0 0 0 0 0 0 0 0 0 0 0 0 0 0 0 0 0 0 0 0
0 0 810 91 0 0 0 88 0 0 0 0 59 124 0 0 52 20 43 79 0 0 0 0 0 176 80 0 0 0 0 0 0 0 0 0 0 0 0 0 0 0 0 0 0 0 0 0 0
31 0 81 143 107 0 177 833 0 541 0 29 54 190 77 0 303 293 237 261 0 17 52 59 0 122 174 0 0 0 0 0 0 0 0 0 0 0 0 0 0 516 13 35 0 0 157 0 0
0 0 0 17 0 0 0 43 0 0 0 0 0 0 0 0 7 0 14 0 0 0 0 0 0 0 0 0 0 0 0 0 0 0 0 0 0 0 0 0 0 0 0 0 0 0 0 0 0
0 0 123 68 0 0 0 84 0 0 0 0 82 30 0 0 85 0 41 22 0 0 0 0 0 75 0 0 0 0 0 0 0 0 0 0 0 0 0 0 0 0 0 0 0 0 0 0 0
247 1224 279 345 398 0 582 426 388 295 120 244 123 545 3819 116 255 2352 270 698 854 210 308 233 529 249 302 0 0 17 0 71 217 84 27 55 180 171 379 139 480 75 53 262 145 311 763 297 426
460 1591 155 201 347 1311 450 312 551 355 847 162 149 449 5660 470 261 3089 148 721 2031 252 214 163 541 364 309 781 0 485 316 4445 808 581 334 5906 461 510 1417 387 588 324 210 251 1518 3274 1092 794 1026
112 369 65 110 163 0 287 169 80 115 0 67 39 358 641 37 65 211 66 159 179 84 74 83 152 117 218 0 0 0 0 76 715 35 98 219 29 63 156 81 469 128 191 43 417 346 235 111 0
244 653 486 210 963 220 622 737 435 350 283 401 308 617 971 323 401 333 272 394 691 637 298 375 499 688 559 281 0 445 0 496 1434 313 748 1318 418 646 399 643 478 469 705 35 6869 1823 543 1347 1816
105 223 59 157 120 0 173 127 58 119 0 72 49 140 326 9 95 288 85 192 83 49 73 72 121 115 132 0 0 0 0 0 0 11 0 0 39 50 0 28 337 262 52 58 0 0 163 10 0
88 203 93 157 406 0 331 154 60 79 0 116 82 235 136 0 94 228 104 267 56 94 109 123 91 717 823 0 0 0 0 29 0 0 74 161 0 0 0 225 272 59 180 140 0 140 194 91 0
28 142 46 68 43 0 78 121 0 77 0 35 32 92 0 0 44 156 45 96 60 25 133 50 38 107 69 0 0 0 0 0 4 0 0 5 0 0 0 33 232 107 33 12 0 0 69 0 0
91 207 147 99 122 0 204 151 74 110 18 90 93 164 234 49 68 228 84 281 151 91 115 90 116 207 122 0 0 0 0 15 0 49 0 33 0 0 72 200 344 69 0 0 0 0 238 182 0
93 88 43 189 75 0 71 125 104 50 0 23 37 99 64 0 50 121 87 173 12 18 60 53 35 94 98 0 0 0 0 21 0 0 0 0 0 2 98 18 90 25 0 31 0 189 24 0 0
75 235 1985 182 616 0 247 2045 0 1031 0 527 693 843 0 303 2134 204 3430 1009 1347 710 86 396 207 247 1494 0 0 0 0 0 202 14 12 36 0 0 29 561 196 159 7 35 0 0 1831 87 232
56 117 49 155 83 0 105 116 0 76 0 33 39 97 33 0 75 143 79 165 37 24 44 55 85 110 117 0 0 0 0 0 37 38 172 0 55 0 0 0 153 40 93 49 0 0 58 0 0
522 351 283 349 309 0 346 307 89 254 0 272 239 422 811 0 260 769 296 355 0 131 154 188 116 525 344 0 0 0 0 35 24 22 0 0 0 62 0 0 203 128 34 221 0 0 481 57 146
67 99 901 542 119 0 83 157 0 31 0 193 86 202 0 0 110 99 113 569 0 63 74 403 60 382 186 0 0 0 0 0 0 0 0 0 0 4 12 0 0 12 0 6 0 0 117 0 220
424 344 1108 5883 799 0 855 2820 0 848 0 843 1346 1462 666 0 2042 2408 2795 8079 0 125 773 919 113 2612 1789 0 0 0 0 0 0 0 0 0 0 0 0 87 0 459 115 559 0 0 399 0 0
0 184 39 189 9 0 156 277 0 56 0 36 40 37 16 0 340 195 94 133 260 20 94 12 0 93 78 0 0 0 0 0 0 0 0 0 0 0 0 0 0 0 0 0 0 0 57 0 0
0 0 30 10 20 0 12 100 0 2 0 10 18 33 0 0 22 9 39 28 0 0 13 25 0 52 58 0 0 0 0 0 0 0 12 7 0 0 0 24 0 5 0 0 0 0 0 0 0
0 0 23 50 26 0 6 62 0 17 0 0 19 32 0 0 36 2 39 69 0 0 23 17 0 46 41 0 0 0 0 0 0 0 25 0 0 0 0 0 0 1 15 0 0 0 0 88 0
1292 1808 829 1285 1932 248 1726 815 1179 898 549 1710 1399 1281 1849 1214 1005 2740 828 3484 2554 865 1285 1665 822 849 898 0 0 0 0 337 7 145 66 533 233 1386 1399 846 483 469 3519 1726 0 209 2138 988 0
122 264 147 940 277 0 246 310 140 129 0 220 269 161 361 0 208 365 188 435 447 145 410 102 110 318 208 0 0 0 0 60 0 204 152 0 38 34 38 100 199 77 56 176 0 0 239 97 120
0 0 576 207 144 0 0 320 0 9 0 0 582 282 0 0 651 0 701 173 0 0 45 133 0 471 260 0 0 0 0 0 0 0 0 0 0 0 0 0 0 0 9 1 0 0 0 0 0
172 229 198 176 141 0 167 533 340 82 0 127 101 111 0 22 212 150 78 612 385 56 626 95 99 168 198 0 0 0 0 0 0 132 0 4 0 24 0 6 209 90 83 0 0 0 116 0 0
214 180 488 959 224 0 271 290 220 228 0 1912 404 425 37 0 280 404 235 1014 445 176 556 140 97 397 249 0 0 401 0 26 1986 20 1008 44 0 64 0 0 245 115 200 720 937 0 126 1015 0
