49
0 0 87 139 404 0 33 89 0 15 0 63 575 518 79 0 134 79 100 141 0 5 46 289 0 742 749 0 0 0 0 0 0 0 1 6 0 18 0 33 0 53 62 55 0 0 158 0 0
134 0 129 429 233 0 195 265 1 92 0 185 165 222 81 0 308 94 343 485 0 142 231 215 32 263 253 0 0 0 0 0 11 0 6 0 0 8 107 115 0 0 29 23 0 0 99 110 46
0 0 0 15 13 0 0 30 4 0 0 71 0 0 0 10 14 0 38 34 0 0 5 0 0 0 6 3 1 0 2 4 2 1 6 3 0 3 0 60 0 0 1 0 0 0 0 0 0
0 0 0 0 0 0 0 34 0 0 0 0 0 0 0 0 4 0 31 43 0 0 0 0 0 0 0 0 0 0 0 0 0 0 0 0 0 0 0 0 0 0 0 0 0 0 0 0 0
0 0 0 53 0 0 0 1 0 0 0 8 164 0 0 0 278 0 84 54 0 0 0 76 0 113 2357 0 0 0 0 0 0 0 0 0 0 0 0 0 0 0 0 0 0 0 0 0 0
3319 1960 289 868 2899 0 1367 485 778 830 670 573 1762 1813 912 573 2272 990 1424 856 1821 1292 1065 1465 1415 1742 2410 518 0 0 226 137 286 196 148 250 880 349 2424 648 457 589 331 394 395 325 1032 588 858
0 0 19 155 46 0 0 198 0 36 0 60 61 44 0 0 446 18 333 160 0 0 22 71 0 42 89 0 0 0 3 0 0 0 0 0 0 0 0 0 0 0 6 0 0 0 58 0 0
0 0 0 0 0 0 0 0 0 0 0 2 0 0 0 0 0 0 157 0 0 0 0 0 0 0 0 0 0 0 1 0 0 0 1 0 0 0 0 0 0 0 0 0 0 0 0 0 0
104 0 0 365 116 0 70 30 0 56 0 143 102 77 100 0 163 27 86 630 0 60 1829 112 80 88 142 0 0 0 12 6 23 0 25 11 0 61 72 98 293 55 49 42 0 122 358 19 0
0 0 16 117 39 0 0 1665 0 0 0 43 43 38 60 0 518 29 894 79 0 0 9 39 0 35 98 0 0 0 0 0 0 0 6 0 0 0 0 14 0 0 20 0 0 0 20 0 0
400 1644 78 529 384 0 434 147 748 296 0 415 242 255 712 90 365 845 217 1068 409 219 971 524 570 553 432 0 0 0 62 110 138 71 80 101 139 167 1210 330 451 157 213 226 260 172 604 1332 486
0 0 0 663 0 0 0 0 0 0 0 0 11 0 0 0 28 0 26 195 0 0 0 87 0 3 31 0 0 0 0 0 0 0 0 0 0 0 0 0 0 0 0 0 0 0 0 0 0
0 0 0 48 0 0 0 27 0 0 0 0 0 0 0 0 10 0 33 25 0 0 0 1 0 0 5 0 0 0 0 0 0 0 0 0 0 0 0 0 0 0 0 0 0 0 0 0 0
0 0 10 64 25 0 0 67 0 0 0 19 213 0 0 0 208 0 123 45 0 0 0 222 0 184 161 0 0 0 3 0 0 0 0 0 0 0 0 0 0 0 0 0 0 0 0 0 0
0 0 23 141 49 0 18 51 0 0 0 41 15 25 0 0 52 58 95 182 0 0 15 36 0 32 58 0 0 0 12 0 0 0 4 0 0 0 0 0 0 0 16 1 0 0 14 0 0
613 284 0 1219 579 0 326 109 424 258 0 771 2020 502 323 0 635 67 314 3087 82 422 739 1366 283 1553 831 0 0 0 100 65 150 99 67 99 330 182 783 360 437 225 157 119 220 261 536 330 511
0 0 0 0 0 0 0 145 0 0 0 0 0 0 0 0 0 0 27 26 0 0 0 0 0 0 0 0 0 0 0 0 0 0 0 0 0 0 0 0 0 0 0 0 0 0 0 0 0
0 0 43 57 31 0 0 81 0 0 0 27 36 28 0 0 31 0 92 90 0 0 19 25 0 30 57 0 0 2 5 0 9 0 9 0 0 0 0 11 0 0 0 0 0 0 0 0 0
0 0 0 0 0 0 0 0 0 0 0 0 0 0 0 0 0 0 0 0 0 0 0 0 0 0 0 0 0 0 0 0 0 0 0 0 0 0 0 0 0 0 0 0 0 0 0 0 0
0 0 0 0 0 0 0 10 0 0 0 0 0 0 0 0 0 0 14 0 0 0 0 0 0 0 0 0 0 0 0 0 0 0 0 0 0 0 0 0 0 0 0 0 0 0 0 0 0
282 1162 125 415 274 0 552 334 80 216 0 342 264 248 485 0 411 1282 490 380 0 160 274 187 326 215 295 0 0 0 3 0 53 0 25 37 17 98 250 116 215 0 81 156 0 0 380 30 0
0 0 10 108 196 0 5 66 0 9 0 20 53 54 2 0 770 6 303 66 0 0 14 88 0 39 408 0 0 0 7 0 0 0 0 0 0 0 0 0 0 0 5 0 0 0 0 0 0
0 0 0 108 3 0 0 21 0 0 0 17 13 9 0 0 34 0 41 78 0 0 0 41 0 11 41 0 0 0 0 0 0 0 0 0 0 0 0 0 0 0 1 0 0 0 0 0 0
0 0 26 128 0 0 0 27 0 0 0 0 0 0 0 0 14 0 36 41 0 0 0 0 0 0 2 0 0 0 0 0 0 0 0 0 0 0 0 0 0 0 0 0 0 0 0 0 0
50 0 55 315 135 0 486 821 0 518 0 99 94 154 152 0 557 175 951 175 0 87 100 116 0 123 153 0 0 0 0 0 0 0 18 4 1 40 0 31 0 850 79 60 0 0 136 16 0
0 0 7 9 0 0 0 31 0 0 0 0 210 0 0 0 60 0 46 49 0 0 0 0 0 0 0 0 0 0 0 0 0 0 0 0 0 0 0 0 0 0 0 0 0 0 0 0 0
0 0 0 2 0 0 0 41 0 0 0 0 0 0 0 0 9 0 32 46 0 0 0 0 0 3 0 0 0 0 0 0 0 0 0 0 0 0 0 0 0 0 0 0 0 0 0 0 0
228 714 0 1414 318 0 454 111 342 465 5 340 299 188 2841 47 448 423 333 1251 707 252 584 294 778 170 241 0 0 0 63 135 141 55 173 72 200 330 501 286 458 284 203 290 285 264 654 610 923
362 1090 0 568 266 735 418 81 527 434 671 182 155 212 2788 408 216 678 348 411 1524 194 297 273 680 189 137 1028 0 0 474 4454 1433 688 224 4973 481 1212 1113 388 564 319 789 653 3242 2625 1176 985 2242
128 216 0 253 103 113 149 0 108 222 126 92 39 77 439 81 47 0 37 233 372 37 157 62 226 53 65 237 31 0 572 109 1066 82 125 279 136 488 206 101 514 190 863 0 2976 727 202 330 275
8 21 0 113 15 0 0 0 0 5 0 7 11 0 0 0 28 0 14 67 0 0 21 94 5 6 36 0 0 0 0 0 0 0 15 10 0 26 20 21 415 33 70 0 1021 31 10 106 15
63 68 0 107 48 0 38 30 0 46 0 33 47 38 65 0 55 18 72 83 18 21 37 107 26 47 74 0 0 0 73 0 73 15 25 0 6 38 16 37 235 0 106 25 0 6 111 44 0
5 0 0 300 68 0 32 8 0 21 0 44 52 44 134 0 139 0 57 126 0 94 51 373 6 44 104 0 0 0 135 0 0 0 49 55 15 0 0 64 339 35 256 0 0 195 111 165 0
16 38 0 118 33 0 33 13 1 53 0 47 28 33 64 0 24 21 38 59 53 16 87 32 21 42 38 0 0 0 9 0 22 0 9 11 0 16 0 40 212 34 54 10 0 0 43 0 0
0 0 0 107 11 0 2 0 0 0 0 11 12 3 0 0 25 0 24 51 0 1 21 28 0 10 30 0 0 0 0 0 0 0 0 0 2 0 0 18 108 6 22 0 0 0 0 0 0
0 30 0 79 8 0 17 14 0 5 0 13 21 17 18 0 27 8 42 65 0 3 30 35 0 18 37 0 0 0 0 6 0 0 0 0 41 3 0 32 78 16 22 1 0 242 45 0 0
39 2 3926 1018 1412 0 167 3405 63 654 0 317 54 1813 2 0 57 158 113 320 0 704 190 76 0 436 95 0 0 0 206 0 0 0 0 0 0 0 8 448 58 189 116 38 0 0 121 0 0
0 0 0 85 26 0 27 19 0 84 0 20 33 23 33 0 43 17 56 98 0 8 13 85 0 33 59 0 0 0 0 0 80 0 56 0 4 0 0 32 141 34 290 12 0 0 90 0 0
17 0 120 214 189 0 147 162 0 189 0 105 160 202 373 0 125 258 152 270 0 81 114 203 142 190 241 0 0 0 0 0 36 10 32 24 0 40 0 47 76 133 99 168 0 0 260 0 27
0 0 0 731 40 0 6 14 0 0 0 25 44 36 16 0 66 0 43 164 0 11 14 227 0 39 64 0 0 0 0 0 0 0 0 0 0 0 0 0 0 6 16 0 0 0 0 0 0
32 41 2059 1624 539 0 293 2917 0 314 0 332 1102 1115 1008 0 1449 2224 2817 3192 0 127 283 1083 93 1099 1824 0 0 0 0 0 0 0 0 0 0 0 0 44 0 260 141 384 0 0 718 0 0
0 24 23 91 28 0 77 116 0 100 0 31 28 27 112 0 129 52 307 101 180 31 61 40 0 133 68 0 0 0 0 7 0 0 0 0 0 0 0 0 0 0 18 0 0 0 68 0 0
0 0 0 158 3 0 0 19 0 0 0 11 16 15 0 0 23 2 37 50 0 0 0 37 0 21 23 0 0 0 0 0 0 0 0 0 0 0 0 0 0 0 0 0 0 0 13 0 0
0 0 39 107 27 0 4 71 0 13 0 27 33 24 0 0 42 47 80 97 0 13 34 49 0 45 59 0 0 3 17 0 22 0 45 0 0 0 0 13 0 16 28 0 0 0 16 0 0
284 151 365 468 327 0 850 395 188 493 0 293 165 319 2879 0 107 2638 209 765 762 215 313 198 521 210 219 0 0 0 0 221 220 84 130 178 95 480 451 184 429 440 1349 1126 0 317 1462 694 282
54 77 117 147 91 0 164 99 0 111 0 82 83 65 149 0 110 152 87 170 172 61 126 81 120 67 82 0 0 0 0 0 0 168 20 0 72 56 68 59 278 166 107 145 0 0 238 125 71
0 0 1814 795 213 0 0 1514 0 0 0 110 269 754 0 0 102 120 204 362 0 246 17 68 0 600 95 0 0 0 0 0 0 0 5 0 0 0 0 270 0 0 0 0 0 0 0 0 0
131 0 57 179 50 0 70 72 0 43 0 130 48 59 138 0 44 110 82 1520 0 24 301 58 0 175 82 0 0 0 0 0 0 20 93 8 54 4 46 129 129 64 75 34 0 0 104 0 0
124 0 164 1855 131 0 103 119 124 41 0 686 92 134 188 0 68 199 181 210 389 54 370 206 108 123 145 0 0 0 0 10 990 18 566 29 72 188 0 543 319 89 355 172 0 0 282 133 0
