49
0 0 251 69 144 0 61 139 0 63 0 28 352 592 48 0 96 82 49 122 0 0 13 252 0 1088 462 0 0 0 0 0 0 0 0 0 0 0 0 0 0 13 0 2 0 0 33 0 0
110 0 91 199 201 0 238 246 0 215 0 145 109 308 292 0 193 600 102 230 0 72 122 126 160 266 255 0 0 0 0 0 0 0 0 0 0 0 0 20 21 0 0 29 0 0 125 0 0
0 0 0 30 0 0 0 37 0 0 0 0 28 0 0 0 14 15 5 25 0 0 0 0 0 0 0 0 0 0 0 0 0 0 0 0 0 0 0 0 0 0 0 0 0 0 0 0 0
0 0 0 0 0 0 0 0 0 0 0 0 0 0 0 0 0 0 0 0 0 0 0 0 0 57 0 0 0 0 0 0 0 0 0 0 0 0 0 0 0 0 0 0 0 0 0 0 0
0 0 154 24 0 0 0 151 0 26 0 0 120 190 0 0 124 6 41 61 0 0 0 114 0 245 1887 0 0 0 0 0 0 0 0 0 0 0 0 0 0 0 0 0 0 0 0 0 0
3440 1758 982 270 3234 0 1501 1390 496 960 573 615 823 3062 1447 413 852 1235 402 399 949 1969 778 1390 1299 2057 2833 86 0 0 0 74 325 62 73 200 211 149 2172 430 585 743 94 344 0 274 1137 256 762
0 0 41 90 15 0 0 220 0 75 0 0 59 113 0 0 171 75 83 140 0 0 0 60 0 78 104 0 0 0 0 0 0 0 0 0 0 0 0 0 0 0 0 0 0 0 0 0 0
0 0 0 3 0 0 0 0 0 0 0 0 0 0 0 0 0 0 0 0 0 0 0 0 0 0 0 0 0 0 0 0 0 0 0 0 0 0 0 0 0 0 0 0 0 0 0 0 0
110 210 975 101 214 0 185 150 0 122 0 239 125 343 300 0 133 144 61 279 0 139 2355 192 125 309 239 0 0 0 0 0 0 0 0 0 0 36 102 129 372 99 3 29 0 0 354 0 0
0 0 29 45 0 0 0 936 0 0 0 9 36 61 0 0 161 47 160 84 0 0 0 30 0 82 57 0 0 0 0 0 0 0 0 0 0 0 0 0 0 0 0 0 0 0 12 0 0
275 1282 286 198 379 0 408 262 278 274 0 396 168 580 1020 14 217 767 86 307 176 256 437 464 364 533 808 0 0 0 0 24 128 29 0 66 0 96 690 175 551 4 43 103 0 140 416 364 198
0 0 699 817 7 0 5 73 0 0 0 0 61 23 0 0 39 14 29 221 0 0 0 79 0 174 69 0 0 0 0 0 0 0 0 0 0 0 0 0 0 0 0 0 0 0 60 0 0
0 0 0 9 0 0 0 29 0 0 0 0 0 0 0 0 2 0 7 287 0 0 0 0 0 79 0 0 0 0 0 0 0 0 0 0 0 0 0 0 0 0 0 0 0 0 0 0 0
0 0 281 54 0 0 0 116 0 0 0 0 432 0 0 0 82 13 45 84 0 0 0 215 0 419 0 0 0 0 0 0 0 0 0 0 0 0 0 0 0 0 0 0 0 0 0 0 0
0 0 70 264 64 0 32 223 0 98 0 91 103 184 0 0 137 832 142 438 0 0 59 54 0 155 179 0 0 0 0 0 0 0 0 0 0 0 0 1 0 0 15 126 0 0 279 0 0
488 367 706 183 479 0 305 389 189 243 0 676 1136 841 301 0 396 148 103 1156 0 407 419 970 242 2358 670 0 0 50 0 0 43 1 0 112 0 55 733 271 444 166 18 45 0 21 528 0 0
0 0 0 5 0 0 0 1451 0 0 0 0 0 0 0 0 0 0 758 32 0 0 0 0 0 0 0 0 0 0 0 0 0 0 0 0 0 0 0 0 0 0 0 0 0 0 0 0 0
0 0 0 37 0 0 0 44 0 0 0 0 14 0 0 0 12 0 19 33 0 0 0 2 0 38 15 0 0 0 0 0 0 0 0 0 0 0 0 0 0 0 0 0 0 0 0 0 0
0 0 0 6 0 0 0 464 0 0 0 0 0 0 0 0 0 0 0 0 0 0 0 0 0 0 0 0 0 0 0 0 0 0 0 0 0 0 0 0 0 0 0 0 0 0 0 0 0
0 0 0 62 0 0 0 25 0 0 0 0 0 0 0 0 0 0 25 0 0 0 0 0 0 0 0 0 0 0 0 0 0 0 0 0 0 0 0 0 0 0 0 0 0 0 0 0 0
284 1400 220 258 528 0 480 323 52 317 0 303 154 538 958 16 286 1341 160 421 0 267 203 198 280 333 336 0 0 0 0 0 2 0 0 27 0 0 238 71 215 0 15 86 0 0 140 0 0
41 0 211 93 625 0 165 919 0 53 0 39 168 500 48 0 882 82 290 116 0 0 24 333 0 263 909 0 0 0 0 0 0 0 0 0 0 0 0 0 0 0 0 0 0 0 206 0 0
0 0 25 33 11 0 13 67 0 6 0 17 35 49 0 0 40 10 20 64 0 0 0 14 0 55 64 0 0 0 0 0 0 0 0 0 0 0 0 0 0 0 0 0 0 0 0 0 0
0 0 625 35 0 0 0 61 0 0 0 0 43 0 0 0 37 0 12 82 0 0 0 0 0 67 30 0 0 0 0 0 0 0 0 0 0 0 0 0 0 0 0 0 0 0 0 0 0
27 0 69 119 87 0 217 738 0 608 0 71 81 295 247 0 336 228 159 253 0 71 51 70 0 140 172 0 0 0 0 0 0 0 0 0 0 0 0 0 0 555 16 27 0 0 123 0 0
0 0 6 0 0 0 0 46 0 0 0 0 0 0 0 0 19 0 3 5 0 0 0 0 0 0 0 0 0 0 0 0 0 0 0 0 0 0 0 0 0 0 0 0 0 0 0 0 0
0 0 112 36 0 0 0 57 0 0 0 0 49 146 0 0 61 0 16 28 0 0 0 0 0 97 0 0 0 0 0 0 0 0 0 0 0 0 0 0 0 0 0 0 0 0 0 0 0
216 1031 228 279 332 0 610 404 306 343 178 252 137 477 4323 106 234 1938 147 693 691 309 343 249 651 283 280 0 0 0 0 60 172 40 95 51 0 148 496 155 606 0 63 270 181 313 679 405 381
311 1224 125 107 266 1306 385 330 440 437 722 207 245 487 5459 396 272 1813 105 771 1424 242 200 196 489 516 210 552 0 337 471 2814 1035 498 413 5567 302 549 1305 612 719 330 241 264 1774 2757 981 594 968
103 282 62 48 212 33 239 174 52 123 31 69 61 341 650 0 68 96 27 252 171 95 70 80 196 136 169 31 0 0 0 36 1430 21 108 254 19 52 241 89 623 176 270 14 1147 443 223 260 0
217 642 305 126 1027 100 531 633 279 396 288 348 535 691 836 316 347 131 128 860 442 518 237 405 329 670 414 235 0 15 0 304 1441 96 669 749 266 481 368 458 610 439 644 147 4880 1126 704 949 931
98 163 131 96 99 0 134 137 34 144 0 61 68 218 295 6 83 239 51 158 105 62 76 54 99 107 120 0 0 0 0 0 62 0 17 38 18 25 8 56 426 301 62 65 0 0 144 0 0
63 120 95 128 285 0 251 187 29 83 0 101 86 237 184 0 92 204 97 852 0 115 86 118 76 632 894 0 0 0 0 0 0 0 31 157 0 0 0 151 381 67 302 82 0 22 236 364 0
44 165 123 58 48 0 80 103 57 139 0 54 63 111 65 0 54 119 41 102 155 43 331 53 56 161 72 0 0 0 0 13 38 0 0 47 0 0 41 56 383 146 30 31 0 299 85 0 79
69 203 76 66 96 0 154 160 41 137 1 147 111 160 219 37 78 146 48 377 169 73 112 114 104 229 91 0 0 0 0 0 0 22 0 27 0 0 45 205 421 72 114 42 103 0 128 0 0
30 80 47 98 57 0 60 104 42 40 0 34 57 111 49 0 83 107 54 103 0 21 38 57 14 91 75 0 0 0 0 0 0 0 0 0 0 0 21 17 148 52 0 12 0 249 10 0 0
156 281 2487 873 726 0 340 3413 139 2127 32 937 741 2129 73 466 5552 284 3089 2014 1545 1628 121 523 466 336 2060 7 0 0 0 0 188 11 52 16 0 0 314 919 347 109 29 25 4 80 3345 174 371
80 166 62 187 105 0 165 171 0 140 0 59 79 156 107 0 117 236 88 266 88 55 42 62 87 141 149 0 0 0 0 0 473 31 274 14 35 0 0 28 238 93 124 103 0 0 70 0 0
282 119 250 307 254 0 324 286 0 259 0 234 274 418 912 0 264 677 291 415 0 152 157 227 88 397 323 0 0 0 0 0 18 0 0 0 0 0 0 93 130 150 50 209 0 0 364 0 148
30 0 603 195 84 0 52 116 0 16 0 96 83 84 0 0 116 14 24 513 0 22 36 178 12 231 119 0 0 0 0 0 0 0 0 0 0 0 0 0 0 13 0 0 0 0 24 0 32
278 0 1093 4687 653 0 626 3243 0 706 0 451 1560 1517 1043 0 2403 2969 2587 10258 0 103 535 729 127 2365 1837 0 0 0 0 0 0 0 0 0 0 0 0 72 0 348 99 320 0 0 205 0 0
0 127 39 165 71 0 419 336 0 204 0 31 55 55 159 0 169 237 308 184 177 11 70 38 0 93 73 471 0 0 0 0 0 0 0 0 0 0 0 0 0 0 0 0 0 0 59 0 0
4 12 33 40 42 0 32 85 0 21 0 23 41 47 0 0 46 36 26 62 0 13 20 30 0 86 70 0 0 0 0 0 0 0 0 8 0 0 0 39 0 22 0 0 0 0 20 0 0
0 0 37 58 31 0 16 97 0 39 0 15 36 38 0 0 46 33 34 87 0 0 25 19 0 64 52 0 0 0 0 0 0 0 0 0 0 0 0 21 0 25 17 0 0 0 0 128 0
956 1370 2004 1196 1320 111 1454 859 680 865 437 637 798 1379 2283 815 783 2725 822 2669 1538 852 711 1090 702 663 907 0 0 0 0 318 115 54 0 382 0 1006 981 783 594 453 2942 1083 0 179 2384 589 0
55 303 699 182 136 0 188 207 120 93 0 181 140 189 219 0 186 255 104 690 244 92 200 88 85 353 183 0 0 0 0 52 0 0 2 0 0 26 10 115 232 92 57 94 0 0 184 9 121
0 0 564 207 86 0 20 911 0 0 0 0 664 304 0 0 616 0 1509 306 0 0 29 116 0 632 329 0 0 0 0 0 0 0 0 0 0 0 0 0 0 0 0 2 0 0 0 0 46
207 182 72 122 107 0 155 239 252 67 0 195 74 123 39 96 206 153 60 272 330 74 907 70 27 261 172 0 0 0 0 203 0 124 15 13 0 104 106 75 273 108 88 0 0 0 130 0 0
225 196 415 927 162 0 178 241 646 137 0 2115 164 183 105 102 139 288 150 883 620 86 403 96 36 344 176 0 0 1055 0 99 3952 0 2605 101 0 78 0 0 322 96 341 984 2198 0 0 849 0
