49
0 0 247 142 203 0 36 211 0 76 0 106 465 879 0 0 112 125 160 268 0 0 42 237 0 1242 432 0 0 0 0 0 0 0 0 6 0 0 0 0 0 5 0 3 0 0 104 0 0
102 0 373 414 183 0 179 853 0 281 0 343 481 393 0 0 574 1527 524 1124 0 33 322 294 264 526 508 0 0 0 0 0 0 0 0 3 0 0 80 0 1 0 38 128 0 0 131 0 0
0 0 0 0 0 0 0 0 0 0 0 0 0 0 0 0 0 0 3 0 0 0 0 0 0 49 0 0 0 0 0 0 0 0 0 0 0 0 0 0 0 0 0 0 0 0 0 0 0
0 0 16 0 12 10 0 0 6 12 4 0 0 36 0 5 0 0 42 0 0 13 12 17 14 29 29 10 1 1 1 3 3 3 2 0 56 0 0 10 0 0 6 0 0 0 0 5 0
0 0 34 0 0 0 0 0 0 39 0 0 20 231 0 0 46 0 0 0 0 0 2 52 0 16 1456 0 0 0 0 0 0 0 0 0 0 0 0 0 0 0 0 5 0 0 0 0 0
3380 2265 841 0 3184 0 1781 778 485 1326 681 709 976 3297 1192 802 1001 3243 69 465 1780 2667 1057 1283 1721 1060 3079 512 0 45 0 262 485 264 63 522 353 236 2628 480 291 312 112 662 0 339 1083 142 271
0 0 130 80 11 0 0 279 0 240 0 56 149 125 0 0 276 81 154 259 0 0 53 50 0 139 145 0 0 0 0 0 0 0 0 0 0 0 0 0 0 0 4 19 0 0 19 0 0
0 0 8 27 1 0 0 0 0 150 0 0 0 0 0 0 0 0 238 0 0 0 0 0 0 11 8 0 0 2 1 0 0 0 0 0 0 0 0 0 0 0 5 0 0 0 0 0 0
134 342 177 0 216 0 215 150 0 245 0 313 152 287 84 0 211 413 0 79 0 165 2287 244 222 165 395 0 0 0 0 34 9 16 0 0 0 40 12 65 109 123 31 133 0 3 345 0 0
0 0 41 0 0 0 0 0 0 0 0 12 18 6 0 0 113 0 0 0 0 0 0 0 0 20 60 0 0 0 0 0 0 0 0 0 0 0 0 0 0 0 0 16 0 0 0 0 0
223 2080 273 0 348 0 295 286 189 326 0 382 249 509 883 124 296 1989 0 363 127 325 638 437 359 346 1040 0 0 13 0 88 161 109 0 147 47 77 882 231 248 3 108 242 0 73 311 227 0
0 0 348 1130 10 0 0 119 0 0 0 0 139 15 0 0 62 0 137 277 0 0 2 204 0 80 68 0 0 0 0 0 0 0 0 0 0 0 0 0 0 0 0 0 0 0 110 0 0
0 0 56 4 0 0 0 2 0 0 0 0 0 21 0 0 0 0 20 0 0 0 0 0 0 0 0 0 0 2 1 0 0 0 0 0 0 0 0 0 0 0 4 0 0 0 0 0 0
0 0 89 0 0 0 0 33 0 0 0 0 0 0 0 0 10 0 8 11 0 0 5 101 0 77 18 0 0 0 0 0 0 0 0 0 0 0 0 0 0 0 0 0 0 0 0 0 0
250 171 1258 2690 485 0 405 2660 0 546 0 613 1283 853 0 0 1405 948 3017 4458 0 137 562 510 408 1465 899 0 0 0 0 16 0 10 0 101 212 130 466 101 92 326 155 427 0 0 353 46 0
314 498 350 0 423 0 221 98 71 194 0 494 416 558 75 0 213 563 0 92 0 439 382 638 261 471 606 0 0 40 0 109 81 98 0 189 0 94 718 155 0 75 36 132 0 81 678 0 0
0 0 31 381 0 0 0 1282 0 0 0 0 52 0 0 0 0 0 1859 137 0 0 0 0 0 73 0 0 0 1 0 0 0 0 0 0 0 0 0 0 0 0 7 0 0 0 0 0 0
0 0 190 593 14 0 0 558 0 13 0 45 282 96 0 0 221 0 486 859 0 0 27 85 0 289 163 0 0 0 0 0 0 0 0 0 0 0 0 0 0 0 14 14 0 0 0 0 0
0 0 0 0 15 0 0 0 8 62 6 0 0 0 0 6 0 0 0 0 0 0 9 0 0 1 3 18 1 1 1 2 5 2 0 0 29 0 0 0 0 0 2 0 0 0 0 0 0
0 0 123 392 28 0 0 43 0 15 0 0 10 0 0 0 0 0 188 0 0 0 0 0 0 81 36 0 0 5 1 0 0 0 0 0 6 0 0 0 0 0 9 0 0 0 0 0 0
290 1642 536 565 405 0 595 963 7 558 0 568 618 739 2718 51 685 1970 658 1262 0 170 508 356 416 588 601 0 0 0 0 0 12 38 0 119 0 0 251 53 49 0 80 184 0 0 270 0 0
126 0 256 0 895 0 157 516 0 162 0 104 271 708 0 0 1028 253 156 100 0 0 103 470 102 200 1252 0 0 0 0 0 0 0 0 4 0 0 0 0 0 0 0 74 0 0 771 0 0
0 0 10 0 0 0 0 31 0 15 0 0 22 0 0 0 21 0 0 11 0 0 0 5 0 23 64 0 0 0 0 0 0 0 0 0 0 0 0 0 0 0 0 0 0 0 2 0 0
0 0 365 0 0 0 0 22 0 0 0 0 40 0 0 0 9 0 16 15 0 0 0 0 0 43 120 0 0 0 0 0 0 0 0 0 0 0 0 0 0 0 0 0 0 0 0 0 0
12 0 125 0 17 0 223 508 0 987 0 95 128 130 0 0 372 310 2 230 0 0 84 68 0 152 173 0 0 0 0 0 0 0 0 31 0 0 81 0 0 0 21 93 0 16 75 0 0
0 0 0 0 0 0 0 0 0 0 0 0 158 0 0 0 0 0 0 0 0 0 0 0 0 0 16 0 0 2 1 0 0 0 0 0 0 0 0 0 0 0 4 0 0 0 0 0 0
0 0 15 0 0 0 0 0 0 0 0 0 35 0 0 0 12 0 0 0 0 0 0 0 0 0 0 0 0 0 0 0 0 0 0 0 0 0 0 0 0 0 0 0 0 0 0 0 0
304 666 555 0 415 0 615 645 213 483 29 632 484 595 3932 73 586 1157 0 741 819 286 517 488 591 501 798 0 0 6 0 215 180 154 0 155 70 270 342 213 713 74 140 394 0 204 485 184 64
547 1386 393 0 445 559 783 412 536 645 465 603 349 755 8494 414 551 1316 0 70 1408 418 485 574 699 391 597 710 0 672 0 5121 1287 1430 595 8201 147 679 1452 735 1508 428 391 599 1031 3323 761 620 729
57 242 10 0 77 0 33 0 6 52 0 88 0 133 328 0 0 88 0 0 110 116 59 58 82 0 95 0 0 0 0 25 617 66 128 288 0 0 62 99 923 62 122 82 0 231 112 82 0
376 808 189 0 877 367 502 0 685 410 353 735 0 553 819 438 94 522 0 0 972 981 403 530 558 0 609 486 187 716 0 1023 2043 849 1004 2754 363 1005 519 1013 531 364 950 735 6238 2402 955 1463 2103
48 51 167 0 65 0 63 210 0 90 0 148 129 119 0 0 163 220 0 236 10 2 78 124 26 159 160 0 0 0 0 0 0 0 0 0 2 0 0 44 89 183 61 64 0 0 84 12 0
92 119 238 0 241 0 79 275 0 115 0 200 187 306 166 0 252 259 0 296 0 194 171 181 113 340 625 0 0 0 0 61 0 0 0 184 0 0 14 262 131 48 69 115 0 61 183 69 0
36 74 101 0 43 0 51 132 0 48 0 119 90 85 0 0 124 181 0 150 0 38 323 74 4 109 117 0 0 0 0 38 7 0 0 66 0 0 0 77 27 103 25 111 0 0 124 0 0
162 301 452 0 275 0 276 585 116 264 37 369 354 382 212 123 476 571 244 881 267 216 320 342 211 418 451 4 0 0 0 94 10 156 0 41 1 0 82 356 209 145 127 315 0 96 253 289 0
0 0 98 164 31 0 26 325 33 33 0 51 107 47 0 0 142 143 153 392 0 0 29 81 0 123 65 0 0 0 0 40 0 0 0 0 0 1 0 63 0 28 0 58 0 53 24 0 0
61 178 293 0 222 0 106 19 18 666 0 559 63 344 0 135 286 176 0 0 517 404 52 278 47 65 666 0 0 57 0 0 301 19 0 69 0 0 62 784 0 47 21 34 0 0 2437 129 125
77 53 193 303 59 0 99 659 0 111 0 91 162 102 0 0 306 305 279 892 9 18 59 176 52 280 112 0 0 189 0 0 213 39 239 0 17 0 6 64 29 52 195 135 0 13 55 0 0
348 0 467 707 176 0 343 833 0 239 0 446 512 295 0 0 358 1833 605 1337 0 18 317 306 0 1595 378 0 0 0 0 113 0 77 0 13 0 0 0 52 0 104 38 290 0 63 195 0 0
28 8 543 0 84 0 65 135 0 51 0 275 127 141 0 0 113 167 18 205 0 103 138 470 59 298 153 0 0 0 0 0 0 0 0 0 0 0 0 0 0 0 0 45 0 0 559 11 0
261 0 1505 4043 1087 0 441 2942 0 845 0 759 1433 642 0 21 1711 985 3107 5215 0 145 358 540 117 1683 950 0 0 0 0 0 0 0 0 58 87 0 34 156 0 263 90 330 0 0 219 0 12
0 249 42 146 9 0 151 241 0 195 0 37 63 11 0 0 240 363 85 149 133 5 56 4 1 64 51 0 0 0 0 0 0 0 0 0 0 0 0 84 0 0 6 6 0 0 96 0 0
5 0 3 0 9 0 0 0 0 4 0 28 0 17 0 0 0 0 0 0 0 6 8 23 0 0 26 0 0 0 0 0 0 0 0 21 0 0 0 32 0 0 0 8 0 0 0 0 0
0 0 51 17 0 0 0 120 0 0 0 22 40 19 0 0 54 0 53 152 0 0 15 20 0 58 32 0 0 0 0 0 0 0 0 0 0 0 0 0 0 0 0 0 0 0 0 0 0
756 645 1156 1584 916 168 1177 1394 483 639 175 2205 2278 671 381 1137 1764 2199 1213 1950 1719 394 477 1328 590 857 785 105 0 152 0 327 436 3 202 735 123 2034 916 1557 1389 384 2302 899 0 214 948 413 0
69 140 106 542 134 0 284 258 0 38 0 107 113 77 587 0 164 194 155 343 436 26 116 64 0 156 108 0 0 0 0 13 0 411 0 0 52 0 0 172 1 44 43 97 0 0 127 87 124
0 0 250 56 55 0 0 350 0 18 0 0 374 111 0 0 228 106 251 388 0 0 0 20 0 374 164 0 0 0 0 0 0 0 0 0 0 0 0 0 0 0 1 29 0 0 0 0 0
107 68 159 0 95 0 130 390 304 74 0 287 177 123 0 2 221 259 139 490 179 100 398 133 68 246 193 0 0 0 0 0 0 36 0 16 0 3 41 0 17 45 80 96 0 0 165 0 0
168 242 492 3833 203 0 688 392 215 99 95 1665 327 190 144 180 489 411 420 1294 408 227 227 270 72 456 228 0 0 690 0 82 1533 29 1194 65 0 64 261 86 0 74 295 1088 943 0 272 1356 0
