49
0 0 280 122 389 0 43 98 0 0 0 56 541 672 48 0 51 90 58 142 0 35 56 268 0 934 555 0 0 0 0 0 0 0 0 0 0 14 0 10 0 61 85 72 0 0 151 0 0
157 0 153 281 217 0 179 307 0 80 0 196 148 253 0 0 225 1958 215 330 0 193 226 222 48 210 227 0 0 0 0 0 0 0 0 0 0 0 56 71 0 40 38 52 0 0 102 37 0
0 0 0 0 0 0 0 29 0 0 0 0 0 0 0 0 7 0 19 21 0 0 0 0 0 0 0 0 0 0 0 0 0 0 0 0 0 0 0 0 0 0 0 0 0 0 0 0 0
0 0 5 0 0 0 0 47 0 0 0 0 0 0 0 0 0 0 19 62 0 0 0 0 0 0 13 0 0 0 0 0 0 0 0 0 0 0 0 0 0 0 0 0 0 0 0 0 0
0 0 130 33 0 0 0 36 0 0 0 0 123 42 0 0 52 0 1 37 0 0 7 87 0 180 642 0 0 0 0 0 0 0 0 0 0 0 0 0 0 0 0 0 0 0 0 0 0
3484 1953 1067 563 3884 0 1448 773 1066 831 661 681 1349 3117 920 482 904 1309 724 866 1406 2119 1091 1319 1549 1999 1871 328 0 0 229 133 280 218 107 234 817 385 2388 503 461 631 288 350 302 317 753 500 812
0 0 99 140 52 0 0 257 0 111 0 43 75 62 10 0 211 29 177 136 0 0 12 58 0 67 72 0 0 0 0 0 0 0 0 0 0 0 0 0 0 0 18 10 0 0 84 0 0
0 0 0 0 0 0 0 0 0 0 0 0 0 0 0 0 11 0 134 9 0 0 0 0 0 0 0 0 0 0 1 0 0 0 0 0 0 0 0 0 0 0 0 0 0 0 0 0 0
104 15 162 294 145 0 98 102 0 66 0 223 121 171 126 0 67 111 40 383 0 137 2242 89 131 157 105 0 0 0 0 3 0 11 0 28 54 73 86 94 292 91 62 48 0 71 286 0 0
19 0 110 90 55 0 0 2226 0 0 0 60 47 127 27 0 195 51 328 73 0 75 35 37 0 66 109 0 0 0 0 0 0 0 0 0 0 0 0 25 0 0 17 2 0 0 28 0 0
442 1519 454 406 533 0 424 213 940 305 0 474 350 555 763 23 176 866 135 1988 372 473 1030 465 610 954 326 0 0 0 55 113 142 90 52 89 286 192 1125 346 462 198 161 146 205 196 384 1028 526
0 0 420 773 6 0 0 24 0 0 0 0 30 22 0 0 11 0 8 383 0 0 0 125 0 38 28 0 0 0 0 0 0 0 0 0 0 0 0 0 0 0 0 0 0 0 20 0 0
0 0 3 1 0 0 0 17 0 0 0 0 0 0 0 0 7 0 14 0 0 0 0 0 0 0 0 0 0 0 0 0 0 0 0 0 0 0 0 0 0 0 0 0 0 0 0 0 0
0 0 97 44 0 0 0 77 0 0 0 0 226 0 0 0 55 0 41 41 0 0 0 354 0 282 127 0 0 0 0 0 0 0 0 0 0 0 0 0 0 0 0 0 0 0 0 0 0
0 12 70 169 60 0 0 106 0 0 0 47 46 63 0 0 39 218 84 204 0 32 35 64 0 61 84 0 0 0 0 0 0 0 0 0 0 0 0 0 0 0 51 52 0 0 99 0 0
549 328 576 720 502 0 327 236 573 203 0 891 1375 821 334 0 206 92 82 2042 0 522 733 1177 272 1590 447 0 0 0 36 54 82 73 25 79 178 195 661 257 442 206 116 20 0 198 253 209 377
0 0 0 4 0 0 0 0 0 0 0 0 0 0 0 0 0 0 135 2 0 0 0 0 0 0 0 0 0 0 0 0 0 0 0 0 0 0 0 0 0 0 0 0 0 0 0 0 0
0 0 61 76 45 0 0 124 0 0 0 28 62 39 0 0 42 0 115 169 0 0 20 47 0 67 105 0 0 3 8 0 0 13 16 0 0 0 0 13 0 0 11 10 0 0 0 0 0
0 0 0 0 0 0 0 0 0 0 0 0 0 0 0 0 0 0 0 0 0 0 0 0 0 0 0 0 0 0 0 0 0 0 1 0 0 0 0 0 0 0 0 0 0 0 0 0 0
0 0 0 0 0 0 0 0 0 0 0 0 56 0 0 0 0 0 11 0 0 0 0 0 0 0 0 0 0 0 0 0 0 0 0 0 0 0 0 0 0 0 0 0 0 0 0 0 0
282 1011 252 323 312 0 588 415 98 251 0 341 211 335 519 10 237 1548 282 342 0 246 300 224 387 261 253 0 0 0 0 0 67 0 10 15 0 102 329 98 199 0 168 173 0 0 373 19 0
0 0 163 47 290 0 15 303 0 0 0 5 82 213 0 0 589 28 298 144 0 0 4 153 0 104 402 0 0 0 0 0 0 0 0 0 0 0 0 0 0 0 4 0 0 0 0 0 0
0 0 46 76 0 0 0 40 0 0 0 15 15 16 0 0 11 0 12 66 0 0 0 17 0 21 25 0 0 0 0 0 0 0 0 0 0 0 0 0 0 0 3 0 0 0 0 0 0
0 0 173 27 0 0 0 13 0 0 0 0 2 0 0 0 0 0 2 34 0 0 0 0 0 8 0 0 0 0 0 0 0 0 0 0 0 0 0 0 0 0 0 0 0 0 0 0 0
33 0 147 277 184 0 542 1287 0 586 0 137 117 192 120 0 299 207 524 152 0 211 92 158 0 142 155 0 0 0 0 0 0 23 1 11 0 66 0 61 0 952 99 82 0 0 166 15 0
0 0 9 7 0 0 0 38 0 0 0 0 12 0 0 0 24 0 19 43 0 0 0 0 0 0 0 0 0 0 0 0 0 0 0 0 0 0 0 0 0 0 0 0 0 0 0 0 0
0 0 45 0 0 0 0 27 0 0 0 0 14 0 0 0 13 0 5 21 0 0 0 34 0 3 0 0 0 0 0 0 0 0 0 0 0 0 0 0 0 0 0 0 0 0 0 0 0
294 908 242 854 419 0 545 237 454 365 88 369 195 377 3922 110 187 758 100 1040 656 332 635 335 916 255 193 0 0 0 80 115 139 76 168 72 141 339 570 225 484 456 176 197 315 248 462 510 822
499 1337 350 428 410 1121 518 272 592 483 738 226 385 443 3725 476 176 1544 147 590 1828 253 287 254 790 252 270 1083 0 130 471 5729 1369 797 401 5444 446 1192 1470 356 586 392 750 579 3196 2706 898 854 2211
175 290 86 212 118 217 164 137 148 217 168 107 105 319 555 102 9 0 0 590 381 90 179 64 285 112 77 211 0 0 766 134 1165 78 121 246 73 452 270 98 528 213 674 0 2898 655 55 261 412
26 78 49 127 70 0 51 0 53 3 0 73 40 126 93 0 0 0 0 100 55 84 42 53 33 56 39 0 0 0 0 0 0 0 59 57 0 141 66 55 450 61 110 0 1704 83 0 122 114
54 115 62 106 58 0 62 61 0 56 0 45 53 61 87 0 16 69 28 95 13 46 38 57 43 63 61 0 0 0 2 0 43 28 15 0 39 51 29 34 250 9 120 35 0 0 109 36 0
22 32 114 154 48 0 80 45 19 24 0 58 87 82 191 0 15 8 7 505 0 183 67 176 27 93 58 0 0 0 223 0 0 8 80 103 0 0 7 78 314 51 356 0 0 137 43 98 0
2 137 60 51 17 0 4 12 0 30 0 31 51 42 32 0 3 0 0 26 34 19 68 55 0 24 42 0 0 0 2 0 0 0 0 4 57 2 0 23 168 34 32 0 0 0 0 0 0
5 26 37 108 22 0 14 22 2 5 0 29 29 35 5 0 8 0 0 134 0 20 41 32 0 31 22 0 0 0 0 0 0 1 0 0 6 0 0 25 125 15 0 0 0 0 0 0 0
9 25 30 54 15 0 18 29 0 8 0 15 19 45 16 0 7 14 7 49 0 10 63 22 0 26 28 0 0 0 0 22 0 0 0 0 15 9 14 9 141 18 8 0 0 163 33 0 0
13 37 1200 686 362 0 70 2260 0 461 0 123 314 632 308 0 1898 158 3315 348 24 376 88 318 257 226 913 0 0 0 68 0 15 0 0 0 0 0 245 198 0 61 39 39 0 49 0 0 62
0 0 45 88 31 0 26 49 0 63 0 29 39 45 28 0 14 48 23 96 0 17 12 69 0 44 44 0 0 0 0 0 85 0 57 0 22 0 0 18 131 34 212 11 0 0 81 4 0
82 0 235 207 215 0 96 185 0 108 0 152 242 292 195 0 113 952 203 210 0 131 137 152 52 200 217 0 0 0 0 0 0 49 121 0 0 42 0 68 30 99 106 243 0 0 312 0 66
0 0 274 544 36 0 15 46 0 0 0 70 44 64 8 0 22 0 8 321 0 22 44 149 0 64 41 0 0 0 0 0 0 0 0 0 0 0 0 0 0 9 18 0 0 0 0 0 0
81 114 1774 1665 610 0 331 2721 0 326 0 319 1177 1009 702 0 1067 2327 2500 3700 0 122 248 1298 150 1222 2041 0 0 0 0 0 0 0 0 0 182 0 0 68 0 334 377 506 0 0 1008 0 0
0 0 53 72 36 0 86 173 0 125 0 22 44 31 137 0 59 46 134 268 52 16 118 40 0 55 51 0 0 0 0 0 0 0 0 0 0 0 0 0 0 0 24 2 0 0 67 0 0
0 0 78 97 1 0 0 25 0 0 0 6 20 28 0 0 7 0 6 38 0 0 0 18 0 21 21 0 0 0 0 0 0 0 12 0 0 0 0 0 0 0 0 0 0 0 4 0 0
0 0 30 51 18 0 0 36 0 0 0 13 19 14 0 0 15 0 8 43 0 4 16 28 0 22 24 0 0 10 10 0 25 11 74 2 0 0 0 17 0 0 31 0 0 0 1 235 0
390 323 324 807 358 0 816 501 258 409 0 351 239 475 2018 2 116 3003 221 3266 854 258 317 492 526 259 310 0 0 0 0 222 275 85 472 146 949 790 433 363 428 460 2114 1209 0 329 2072 788 0
51 110 154 158 75 0 194 108 0 97 0 95 120 86 158 0 64 206 43 125 207 75 142 79 95 78 96 0 0 0 0 49 0 289 12 0 0 61 108 32 291 202 78 157 0 0 242 71 73
0 0 683 184 110 0 0 644 0 0 0 0 344 188 0 0 941 16 2080 111 0 8 7 253 0 170 311 0 0 0 26 0 0 2 14 0 15 0 0 76 0 0 0 0 0 0 0 0 0
66 0 194 132 62 0 59 144 41 58 0 103 91 77 77 0 31 105 33 749 0 37 233 40 0 111 67 0 0 0 0 0 0 179 206 15 0 0 20 137 131 50 79 0 0 0 66 0 0
103 38 130 1686 89 0 82 112 76 30 0 452 167 117 133 0 43 263 100 344 287 78 328 257 67 129 112 0 0 0 0 16 959 14 1012 34 0 49 0 194 334 97 609 414 416 0 196 259 0
