49
0 0 115 121 376 0 8 109 0 0 0 44 678 618 45 0 59 94 49 157 0 0 31 196 0 931 603 0 0 0 0 0 0 0 0 0 0 18 0 10 0 41 54 47 0 0 139 0 0
196 0 140 358 216 0 178 329 0 95 0 161 155 222 0 0 228 133 254 500 0 177 213 187 22 233 212 0 0 0 0 0 0 0 0 0 31 8 88 74 0 0 2 22 0 0 108 34 0
0 0 0 12 0 0 0 22 0 0 0 76 0 0 0 0 8 0 11 10 0 0 0 10 0 0 0 0 0 0 1 0 0 1 3 0 0 0 0 0 0 0 0 0 0 0 0 0 0
0 0 0 0 0 0 0 47 0 0 0 0 0 0 0 0 7 0 11 53 0 0 0 0 0 0 0 0 0 0 0 0 0 0 0 0 0 0 0 0 0 0 0 0 0 0 0 0 0
0 0 21 44 0 0 0 47 0 0 0 2 189 35 0 0 114 0 20 63 0 0 1 78 0 165 1410 0 0 0 0 0 0 0 0 0 0 0 0 0 0 0 0 0 0 0 0 0 0
3627 2137 530 658 3455 0 1440 815 888 941 693 552 1621 2424 737 692 1093 1171 672 1034 1563 1734 1052 1086 1459 2041 2124 365 0 0 202 134 318 183 142 226 712 381 2364 689 461 614 328 411 421 288 969 467 709
0 0 53 139 43 0 0 318 0 39 0 58 71 59 0 0 268 54 152 173 0 24 7 59 0 63 83 0 0 0 0 0 0 0 0 0 0 0 0 0 0 0 4 13 0 0 49 0 0
0 0 0 0 0 0 0 0 0 0 0 0 0 0 0 0 0 0 92 0 0 0 0 0 0 0 0 0 0 0 1 0 0 0 0 0 0 0 0 0 0 0 0 0 0 0 0 0 0
128 17 21 367 138 0 88 89 0 61 0 163 122 95 78 0 63 57 36 406 0 94 1892 74 95 142 123 0 0 0 0 1 0 8 12 13 0 70 75 113 276 75 25 51 0 70 356 0 0
1 0 34 97 57 0 0 2795 0 0 0 43 39 62 57 0 227 40 372 86 0 14 15 32 0 57 85 0 0 0 0 0 0 0 6 0 0 0 0 9 0 0 33 0 0 0 40 0 0
464 1657 136 467 439 0 466 229 809 369 0 413 269 400 600 157 202 928 87 1878 367 357 930 458 590 1005 406 0 0 0 53 107 127 64 67 97 194 193 1062 349 446 146 225 213 246 155 547 1010 396
0 0 0 646 0 0 0 9 0 0 0 0 25 5 0 0 22 0 0 353 0 0 0 69 0 19 22 0 0 0 0 0 0 0 0 0 0 0 0 0 0 0 0 0 0 0 0 0 0
0 0 4 30 0 0 0 19 0 0 0 0 0 0 0 0 2 0 11 81 0 0 0 0 0 0 0 0 0 0 0 0 0 0 0 0 0 0 0 0 0 0 0 0 0 0 0 0 0
0 0 52 80 0 0 0 68 0 0 0 0 286 0 0 0 98 0 58 59 0 0 0 238 0 379 83 0 0 0 0 0 0 0 0 0 0 0 0 0 0 0 0 0 0 0 0 0 0
0 34 29 149 37 0 40 107 0 0 0 42 31 30 0 0 50 109 70 241 0 14 52 38 0 48 63 0 0 0 0 0 0 0 4 0 0 0 0 0 0 0 17 22 0 0 49 0 0
688 324 179 984 550 0 327 279 454 286 0 761 1806 676 262 0 293 109 108 3684 16 535 657 1063 284 1908 626 0 0 0 45 64 123 83 42 81 193 194 693 389 439 268 130 103 98 189 453 252 293
0 0 0 0 0 0 0 44 0 0 0 0 0 0 0 0 0 0 460 16 0 0 0 0 0 0 0 0 0 0 0 0 0 0 0 0 0 0 0 0 0 0 0 0 0 0 0 0 0
0 0 56 70 26 0 0 96 0 0 0 32 43 32 0 0 33 0 99 130 0 0 13 30 0 49 63 0 0 2 6 0 0 7 10 0 0 0 0 0 0 0 0 0 0 0 0 0 0
0 0 0 0 0 0 0 0 0 0 0 1 0 0 0 0 0 0 0 0 0 0 0 0 0 0 0 0 0 0 0 0 0 0 1 0 0 0 0 0 0 0 0 0 0 0 0 0 0
0 0 0 0 0 0 0 0 0 0 0 0 0 0 0 0 0 0 9 0 0 0 0 0 0 0 0 0 0 0 0 0 0 0 0 0 0 0 0 0 0 0 0 0 0 0 0 0 0
322 1191 139 371 285 0 538 375 122 260 0 328 202 262 370 0 247 1394 210 442 0 222 333 173 293 269 254 0 0 0 0 0 70 0 26 26 0 112 312 108 168 0 76 149 0 0 364 0 0
3 0 79 73 194 0 0 186 0 0 0 5 68 100 0 0 536 12 157 87 0 0 9 73 0 58 371 0 0 0 0 0 0 0 0 0 0 0 0 0 0 0 0 0 0 0 11 0 0
0 0 13 86 0 0 0 38 0 0 0 15 14 14 0 0 12 0 13 86 0 0 0 19 0 19 24 0 0 0 0 0 0 0 0 0 0 0 0 0 0 0 3 0 0 0 4 0 0
0 0 0 71 0 0 0 17 0 0 0 0 12 0 0 0 1 0 5 289 0 0 0 0 0 0 0 0 0 0 0 0 0 0 0 0 0 0 0 0 0 0 0 0 0 0 0 0 0
65 0 77 319 148 0 603 1148 0 613 0 109 108 158 135 0 326 248 463 193 0 144 82 117 0 138 160 0 0 0 0 0 0 0 4 1 0 55 0 36 0 854 86 72 0 0 156 6 0
0 0 9 16 0 0 0 39 0 0 0 0 247 0 0 0 27 0 16 50 0 0 0 3 0 0 0 0 0 0 0 0 0 0 0 0 0 0 0 0 0 0 0 0 0 0 0 0 0
0 0 25 6 0 0 0 54 0 0 0 0 56 0 0 0 43 0 27 57 0 0 0 34 0 70 0 0 0 0 0 0 0 0 0 0 0 0 0 0 0 0 0 0 0 0 0 0 0
276 877 88 1244 413 0 538 316 406 538 123 305 232 338 2825 150 263 663 115 1785 677 348 651 268 874 278 252 0 0 0 59 163 163 60 180 77 117 410 598 322 473 383 214 320 461 237 617 569 772
483 1404 149 585 345 977 466 210 591 481 808 199 312 372 2835 492 223 1208 131 578 1585 268 320 339 720 256 238 1170 0 191 436 5101 1459 692 308 5128 268 1290 1434 520 579 326 875 661 3173 2739 1135 843 1986
151 276 0 209 92 152 160 86 119 304 156 78 105 198 466 94 18 0 0 342 334 73 167 62 250 104 129 209 0 0 584 113 1158 80 131 239 69 467 255 135 523 211 918 2 3880 695 158 257 198
31 86 0 139 49 0 25 0 23 33 0 32 35 51 30 0 5 0 0 98 27 46 34 66 24 35 65 0 0 0 0 2 0 4 52 33 0 116 56 56 435 63 97 0 1583 58 49 115 25
74 82 17 104 49 0 45 60 0 63 0 36 59 65 70 0 22 48 27 111 18 33 39 79 46 49 74 0 0 0 0 0 51 26 27 0 21 39 8 38 239 0 81 30 0 0 119 41 0
20 3 20 243 81 0 56 85 3 56 0 47 84 83 169 0 41 11 17 278 0 233 64 193 16 112 87 0 0 0 69 0 0 6 77 68 7 0 0 112 331 43 308 0 0 101 127 176 0
10 93 0 63 16 0 12 15 0 22 0 31 85 23 12 0 4 0 0 42 88 20 64 46 8 25 74 0 0 0 0 0 0 0 3 0 18 7 0 30 212 30 28 0 0 0 17 0 0
3 12 0 110 14 0 6 10 0 0 0 14 24 17 0 0 7 0 0 87 0 12 25 22 0 24 26 0 0 0 0 0 0 0 0 0 0 0 0 35 112 9 0 0 0 0 0 0 0
5 31 10 74 9 0 18 28 0 9 0 15 20 43 10 0 10 17 11 71 0 8 40 27 0 24 30 0 0 0 0 14 0 5 3 0 4 8 0 11 105 17 10 13 0 202 49 0 0
81 0 2315 2505 610 0 46 2430 0 600 0 160 283 807 1046 0 3448 91 3062 183 290 406 114 657 163 233 2132 0 0 0 101 0 0 0 42 0 0 0 521 299 36 65 44 16 0 75 1391 27 99
0 0 19 78 28 0 21 41 0 61 0 19 41 32 12 0 19 33 15 107 0 16 11 77 0 42 46 0 0 0 0 0 106 0 54 0 11 0 0 39 126 34 217 39 0 0 100 6 0
138 0 146 246 202 0 112 191 0 107 0 145 233 235 192 0 165 1173 154 269 0 125 130 186 51 222 292 0 0 0 0 0 25 19 134 41 0 40 0 91 15 90 90 265 0 0 310 5 43
0 0 52 845 52 0 16 58 0 0 0 38 52 70 11 0 62 19 30 444 0 33 32 243 0 67 69 0 0 0 0 0 0 0 0 0 0 0 0 0 0 15 11 7 0 0 0 0 0
132 100 2023 1838 633 0 345 2913 0 292 0 380 1166 1093 930 0 1233 2845 2578 3967 0 176 328 1193 144 1375 1937 0 0 0 0 0 0 0 0 0 0 0 0 73 0 319 178 403 0 0 831 0 0
0 22 39 99 34 0 210 204 0 82 0 31 35 26 162 0 112 106 172 225 219 58 55 38 0 88 64 0 0 0 0 29 0 0 0 0 0 0 0 0 0 0 12 0 0 0 68 0 0
0 0 18 127 3 0 0 39 0 0 0 14 25 27 0 0 11 24 16 63 0 2 0 20 0 36 29 0 0 0 0 0 0 0 3 0 0 0 0 0 0 0 0 0 0 0 21 0 0
0 0 19 67 13 0 0 42 0 1 0 16 25 15 0 0 12 21 18 69 0 6 16 40 0 28 35 0 0 0 12 0 11 19 41 0 0 0 0 0 0 2 25 0 0 0 5 341 0
385 331 446 526 371 0 897 647 260 525 0 315 227 499 2597 0 368 3567 328 1003 795 258 328 213 525 258 359 0 0 0 0 191 151 48 256 144 635 552 451 221 439 404 1671 1141 0 222 1634 742 0
67 130 115 200 79 0 195 123 0 109 0 93 152 63 112 0 70 222 65 137 160 91 125 165 135 94 117 0 0 0 0 35 0 120 14 0 0 53 31 69 294 195 91 120 0 0 260 88 183
0 0 1059 356 159 0 0 575 0 0 0 5 520 285 0 0 1337 60 740 187 0 0 0 421 0 301 903 0 0 0 0 0 0 0 6 0 0 0 0 34 0 0 0 0 0 0 0 0 0
170 0 62 169 84 0 77 107 75 37 0 99 238 59 108 0 23 134 50 735 20 41 294 36 0 215 93 0 0 0 0 0 0 89 22 8 0 0 0 168 131 87 55 0 0 0 102 0 0
143 2 240 1251 113 0 125 119 137 32 0 550 377 97 155 0 68 244 91 215 337 64 356 464 98 196 138 0 0 0 0 25 1094 38 454 8 0 125 0 370 335 94 353 87 329 0 260 298 0
