121
0 0 0 0 0 565 178 22 400 393 177 0 0 0 0 0 0 0 0 0 0 0 0 0 0 0 0 13 67 0 0 0 0 0 0 0 0 0 0 0 0 0 0 0 0 0 0 0 0 0 0 0 0 0 0 0 0 0 0 0 0 0 0 0 0 0 0 0 0 0 0 0 0 0 0 0 0 0 0 0 0 0 0 0 0 0 0 0 0 0 0 0 0 0 0 0 0 0 0 0 0 0 3 32 0 73 91 0 0 0 0 0 0 0 0 0 0 0 0 0 0
0 0 0 0 0 4178 787 1300 411 405 2020 809 0 5 0 0 0 0 0 0 0 0 0 0 0 0 0 998 133 0 0 0 0 0 0 0 0 0 0 0 0 0 0 0 0 0 0 0 0 0 0 0 0 0 0 0 0 0 0 0 0 0 0 0 0 0 0 0 0 0 0 0 0 0 0 0 0 0 0 0 0 0 0 0 0 0 0 0 0 0 0 0 0 0 0 0 0 0 0 0 0 0 2 32 0 73 87 0 0 0 0 0 0 0 0 0 0 0 2 0 0
0 0 0 0 0 2 2 2 0 0 2 0 0 6 1 0 0 0 0 0 0 0 0 0 0 0 0 17 874 1441 0 0 0 0 0 0 0 0 0 0 0 0 0 0 0 0 0 0 0 0 0 0 0 0 0 0 0 0 0 0 0 0 0 0 0 0 0 0 1 1 0 1 0 0 0 0 0 0 0 0 0 0 0 0 0 0 0 0 0 0 0 0 0 0 0 0 0 0 0 0 0 0 3 18 0 41 42 0 0 0 0 0 0 0 0 0 0 0 0 0 0
0 0 0 0 0 0 0 0 0 0 0 0 0 1 0 0 0 0 0 0 0 0 0 0 0 0 0 3 0 0 0 0 0 0 0 0 0 0 0 0 0 0 0 0 0 0 0 0 0 0 0 0 0 0 0 0 0 0 0 0 0 0 0 0 0 0 0 0 0 0 0 0 0 0 0 0 0 0 0 0 0 0 0 0 0 0 0 0 0 0 2 0 0 0 0 0 0 0 0 0 0 0 1 0 0 3 0 0 0 0 0 0 0 0 0 0 0 0 0 0 0
0 0 0 0 0 31 16 30 6 5 21 2 0 32 1 0 0 0 0 0 0 0 0 0 0 0 0 1 36 14 16 0 0 0 0 0 0 0 0 0 0 0 0 0 0 0 0 0 0 0 0 1 0 2 0 1 0 0 0 0 0 0 0 0 0 0 0 0 0 0 1 0 3 0 0 0 0 0 0 0 0 0 0 0 0 0 0 0 0 0 0 0 0 0 0 0 0 0 0 0 0 0 0 0 0 0 0 0 0 0 0 0 0 0 0 0 0 0 0 0 0
0 0 0 0 0 0 40 3 0 60 939 89 0 52 106 0 0 0 0 0 20187 0 0 0 0 709 0 8 0 0 0 0 0 0 0 0 0 904 0 46 0 0 0 0 0 0 10 9 0 0 0 2 0 0 0 125 0 0 0 0 0 16 0 5 28 27 27 22 20 35 12 21 23 17 0 8 42 0 0 17 0 0 0 0 0 0 0 11 0 0 0 0 0 0 0 0 0 0 0 0 0 0 14 11 0 13 3 134 11 5 101 0 0 11 0 122 10 0 54 0 0
0 0 0 0 0 0 0 0 0 0 0 11 0 146 0 0 0 0 0 0 0 21655 0 0 0 0 0 4 0 0 0 0 0 0 0 0 0 0 0 0 0 0 0 0 0 0 0 0 0 0 0 0 0 0 0 0 0 0 0 0 0 0 0 0 0 0 0 0 0 1 0 1 0 0 0 0 0 0 0 0 0 0 0 0 0 0 0 0 0 0 0 0 0 0 0 0 0 0 0 0 0 0 2 0 0 0 0 0 0 0 0 0 0 0 0 0 0 0 0 0 0
0 0 0 0 0 0 1 0 0 0 0 17 0 1 0 0 0 0 0 0 0 0 9432 0 0 0 0 8 0 0 0 0 0 0 0 0 0 0 0 0 0 0 0 0 0 0 0 0 0 0 0 0 0 0 0 0 0 0 0 0 0 0 0 0 0 0 0 0 1 1 0 1 0 0 0 0 0 0 0 0 0 0 0 0 0 0 0 0 0 0 0 0 0 0 0 0 0 0 0 0 0 0 8 14 0 32 21 0 0 0 0 0 0 0 0 0 0 0 0 0 0
0 0 0 0 0 106 73 79 0 0 49 49 0 18 1 0 1 0 0 0 37 370 35 0 0 0 0 7 0 0 0 0 0 0 0 39 0 0 0 1 0 0 0 0 0 0 0 2 0 0 0 2 0 49 1 4 0 0 0 0 0 0 0 6 0 1 0 0 1 1 0 0 0 0 0 0 0 0 0 0 0 0 0 0 0 0 0 4 0 0 0 0 0 0 0 0 0 0 0 0 0 0 0 0 0 0 0 0 5 27 0 0 0 0 0 0 0 0 0 0 0
0 0 1 0 0 0 218 237 6 0 0 146 0 50 1 0 2 0 0 0 129 163 122 0 0 0 0 21 0 0 0 0 5 0 0 452 12 0 0 2 0 0 0 0 0 0 0 4 4 0 1 5 0 147 3 9 0 0 0 0 0 2 0 15 0 3 0 0 2 2 1 2 0 0 0 0 0 0 0 0 0 0 6 0 0 0 0 10 0 0 19 0 0 0 0 0 0 0 0 0 0 0 2 1 0 2 0 0 32 101 0 0 3 0 0 0 0 0 2 0 0
0 0 0 0 0 0 114 0 0 1056 0 26 0 34 3 0 0 0 0 0 3201 0 0 0 0 1501 0 5 0 0 0 0 0 0 0 0 0 0 0 1 0 0 0 0 0 0 0 0 0 0 0 1 0 0 0 1 0 0 0 0 0 0 0 0 0 0 0 0 1 1 0 1 15 9 0 0 0 0 0 0 0 0 0 0 0 0 0 0 0 0 0 0 0 0 0 0 0 0 0 0 0 0 1 1 0 1 0 0 0 0 0 0 0 0 0 0 0 0 0 0 0
0 0 0 0 0 0 0 0 0 0 0 0 0 0 0 0 0 0 0 0 0 0 0 0 0 0 0 0 0 0 0 0 0 0 0 0 0 0 0 0 0 0 0 0 0 0 0 0 0 0 0 0 0 0 0 0 0 0 0 0 0 0 0 0 0 0 0 0 0 0 0 0 0 0 0 0 0 0 0 0 0 0 0 0 0 0 0 0 0 0 0 0 0 0 0 0 0 0 0 0 0 0 0 0 0 0 0 0 0 0 0 0 0 0 0 0 0 0 0 0 0
6 4 26 1 24 183 60 65 21 19 103 64 0 19 114 0 5 22 29 49 0 0 0 0 2 0 1 4 0 21 23 0 5 24 5437 2118 0 0 0 11 3 5 7 0 19 58 111 89 90 63 20 25 11 11 17 145 9 0 0 0 0 0 125 51 0 7 0 0 3 3 35251 3 19 0 0 1231 0 0 0 0 0 0 0 0 0 1 0 30 0 0 0 0 0 0 0 0 0 0 0 0 0 0 6 4 0 9 0 3 1 0 0 0 0 9 0 9 7 0 1 0 0
0 0 0 0 0 0 0 0 0 0 0 0 0 0 18 0 1 0 0 1 0 0 0 0 0 0 0 5 0 0 0 0 0 0 0 0 0 0 0 1 0 1 0 0 0 0 0 0 0 0 0 2 0 0 0 0 0 0 0 0 0 0 0 5 0 0 0 0 1 2 0 2 0 0 0 0 0 0 0 0 0 0 0 0 0 0 0 3 0 0 0 0 0 0 0 0 0 0 0 0 0 0 1 0 0 2 0 0 0 0 0 0 0 0 0 0 0 0 0 0 0
0 0 0 0 0 0 0 0 0 0 0 0 0 0 0 0 0 0 0 0 0 0 0 0 0 0 0 0 0 0 0 0 0 0 0 0 0 0 0 0 0 0 0 0 0 0 0 0 0 0 0 0 0 0 0 0 0 0 0 0 0 0 0 0 38211 0 0 0 0 0 0 0 0 0 0 43 0 0 0 0 0 0 0 0 0 0 0 0 0 0 0 0 0 0 0 0 0 0 0 0 0 0 0 0 0 0 0 0 0 0 0 0 0 0 0 0 0 0 0 0 0
1 1 1 0 1 2 1 1 0 0 2 1 0 5 60 0 729 2 1 1 4 2 1 0 0 5 0 0 0 2 2 2 4 1 1 1 0 4 1899 5 4 799 37 4 1 0 0 1 2 1 0 1 1 1 1 1 0 0 0 2 1 1 3 0 3 3 4 3 5 4 1 5 3 3 7 1 0 0 1 11 0 0 2 0 0 3 1 12 3 1 1 3 2 3 0 2 2 4 0 2 2 1 3 650 0 409 7 28 23 21 13 1 4 87 0 38 25 6 5 0 0
0 0 0 0 0 0 0 0 0 0 0 0 0 0 0 0 0 0 0 0 0 0 0 0 0 0 0 2 0 0 0 0 0 0 0 0 0 0 1662 0 0 0 0 0 0 0 0 0 0 0 0 0 0 0 0 0 0 0 0 0 0 0 0 0 0 10 0 0 0 0 0 0 0 0 0 5 0 0 0 0 0 0 0 0 0 0 0 0 0 0 0 0 0 0 0 0 0 0 0 0 0 0 0 0 0 0 0 0 0 0 0 0 0 0 0 0 0 0 0 0 0
23 21 18 4 8 33 19 22 6 2 18 10 0 21 18 0 0 0 0 5 0 0 0 1 1 0 1 6 3310 164 90 0 0 9 0 0 0 0 1 9 82 289 496 0 0 106 429 1097 1905 3058 33 26 401 48 26 0 5563 0 0 0 0 0 26 30 0 0 0 0 32 14 3 38 0 0 0 22 327 0 0 0 0 0 0 0 0 4 0 5 0 0 0 0 0 0 0 0 0 0 0 0 0 0 66 79 0 133 136 237 241 280 257 187 212 241 207 274 276 0 0 0 0
49 59 27 7 14 668 401 390 131 120 380 15 0 89 10 0 0 185 0 312 0 0 0 0 0 123 0 1520 0 365 382 0 0 0 0 2043 0 0 0 4 0 3 6 0 0 63 152 199 238 0 7 17 6 10 36 0 6 0 0 0 0 0 0 13 0 0 0 0 15 6 0 22 0 0 0 8 53 0 0 0 0 0 0 0 0 0 0 1 0 0 0 0 0 0 0 0 0 0 0 0 0 0 26 26 0 43 24 64 61 59 47 14 25 65 13 71 69 0 0 0 0
341 482 122 39 80 389 199 206 62 55 193 41 0 0 35 0 0 0 0 0 0 0 0 0 0 0 0 13 0 0 0 0 0 0 0 0 0 0 0 9 5 0 1 0 0 0 0 0 0 0 0 6 0 6 7 7 0 0 0 0 0 0 0 7 0 0 0 0 1 1 0 0 0 0 0 1 0 0 0 0 0 0 0 0 0 0 0 0 0 0 0 0 0 0 0 0 0 0 0 0 0 0 249 18 0 24 0 20 9 0 0 0 0 12 0 11 9 0 0 0 0
19 23 13 2 8 0 56 60 0 0 0 66 1819 466 6 0 4 1 18 13 0 0 7 1 0 0 0 9 0 0 591 11 8 0 658 0 3 0 0 12 4 4 5 0 0 9 17 22 21 0 0 20 0 33 21 38 0 0 0 0 0 2 4 40 0 11 0 0 3 11 4666 3 0 0 0 97 0 0 0 0 0 0 235 0 0 0 0 25 0 0 0 0 0 0 0 0 0 0 0 0 53 0 5 2 0 6 0 0 4 10 0 0 0 7 0 6 2 2 4 0 0
15 12 13 2 8 45 0 33 0 0 33 25 1 572 6 0 7 12 26 17 4 0 2 0 0 0 0 9 0 0 342 23 13 0 0 0 3 0 0 8 0 3 2 0 0 17 28 34 34 0 27 51 9 28 31 88 21 0 0 16 0 14 0 67 0 20 0 0 3 6 4 4 0 0 0 0 0 0 0 0 0 0 124 0 0 0 0 39 0 0 0 0 0 0 0 0 0 0 0 0 34 0 6 4 0 12 0 0 2 0 0 0 0 20 0 21 17 0 9 0 0
11 10 8 1 5 84 40 0 0 0 52 97 2 40 8 0 5 4 13 13 0 0 0 3 0 0 0 6 0 0 76 43 38 0 0 0 1 0 0 7 2 4 5 0 0 5 15 19 22 0 13 24 3 25 21 104 9 0 0 5 0 7 0 47 0 11 0 0 3 6 13 3 0 0 0 0 0 0 0 0 0 0 0 0 0 0 0 28 0 0 0 0 0 0 0 0 0 0 0 0 0 0 6 4 0 9 0 0 0 4 0 0 0 8 0 7 3 1 0 0 0
0 0 0 0 1 43 20 21 3 1 15 64 0 5 1 0 0 0 0 0 0 2 0 0 0 0 0 2 0 0 0 11 1 0 0 41 0 0 0 1 0 1 1 0 0 0 0 1 5 0 0 1 0 11 7 14 0 0 0 0 0 0 0 1 0 1 0 0 0 1 5 0 1 0 0 0 0 0 0 0 0 0 0 0 0 0 0 1 0 0 0 0 0 0 0 0 0 0 0 0 0 0 1 0 0 1 0 0 0 0 0 0 0 0 0 0 0 0 0 0 0
0 0 0 0 0 56 35 36 6 5 34 14 0 4 0 0 0 0 0 0 4 4 8 0 0 0 0 3 2 1 2 0 0 0 0 45 0 0 0 0 0 0 0 0 0 0 0 0 0 0 0 0 0 13 0 1 0 0 0 0 0 0 0 0 0 0 0 0 0 1 0 0 0 0 0 0 0 0 0 0 0 0 0 0 0 0 0 0 0 0 0 0 0 0 0 0 0 0 0 0 0 0 0 0 0 0 0 0 0 0 0 0 0 0 0 0 0 0 0 0 0
34 35 22 5 17 0 2165 4823 736 665 0 239 3 866 30 0 17 60 0 47 25 5 29 21 0 0 1 119 0 0 786 39 37 0 0 0 2 0 0 25 0 11 12 0 0 30 41 45 56 0 32 66 0 83 68 233 18 0 0 0 0 18 4 156 0 29 0 0 10 21 31 10 0 0 0 0 0 0 0 0 0 0 970 0 0 0 0 97 0 0 0 0 0 0 0 0 0 0 0 0 243 0 19 18 0 35 17 28 42 61 0 36 25 45 36 49 46 24 44 0 0
0 0 0 0 0 14 9 10 0 0 9 7 0 2 0 0 0 0 0 0 2 1 3 6 0 0 0 19 2 0 36 0 0 0 0 18 0 0 0 0 0 0 0 0 0 0 0 0 0 0 0 0 0 6 0 0 0 0 0 0 0 0 4586 0 0 0 0 0 0 0 0 0 0 0 0 0 0 0 0 0 0 0 0 0 0 0 0 0 0 0 0 0 0 0 0 0 0 0 0 0 0 0 0 0 0 0 0 0 0 0 0 0 0 0 0 0 0 0 0 0 0
0 0 0 0 0 0 0 0 0 0 0 0 0 0 0 0 0 0 0 0 0 0 0 0 0 0 0 0 0 0 0 0 0 0 0 0 0 0 0 0 0 0 0 0 0 0 0 0 0 0 0 0 0 0 0 0 0 0 0 0 0 0 0 0 0 0 0 0 0 0 0 0 0 0 0 0 0 0 0 0 0 0 0 0 0 0 0 0 0 0 0 0 0 0 0 0 0 0 0 0 0 0 0 0 0 0 0 0 0 0 0 0 0 0 0 0 0 0 0 0 0
0 0 0 15 0 12239 8233 9282 543 415 5095 5656 266 3464 180 0 19 0 726 283 1773 1969 3319 150 0 817 0 796 0 0 1294 231 0 0 119 21267 21 1705 1 515 35 65 118 0 0 206 260 336 501 245 242 198 233 5524 260 389 135 0 225 280 2839 245 674 554 180 206 185 163 265 227 132 190 179 0 1530 165 142 0 499 572 0 0 1814 115 0 258 0 212 198 0 10993 300 809 0 0 0 2067 188 0 0 677 419 393 276 506 344 457 544 1923 4416 506 0 1526 458 0 530 540 0 748 733 0
14 14 0 2 0 3178 1857 2430 294 253 2046 976 0 1541 16 0 6 0 0 15 306 288 566 16 0 39 0 142 2618 0 779 0 8 0 0 2377 4 0 0 93 4 9 8 0 0 7 25 0 0 0 0 28 0 946 17 54 0 0 0 0 0 6 0 82 0 19 0 0 5 29 17 6 0 0 0 5 0 0 0 72 0 0 483 0 0 0 0 67 0 0 188 0 0 0 0 0 0 0 0 0 236 0 24 7 0 15 0 9 260 693 0 0 57 16 0 0 0 534 3549 0 0
13 14 8 2 0 97 67 136 26 10 95 11 0 456 5 0 6 0 0 13 0 0 0 844 0 0 0 9 0 0 0 0 0 0 0 0 0 0 0 9 0 3 1 0 0 4 11 16 2 0 0 24 0 7 14 35 0 0 0 0 0 0 0 61 0 6 0 0 3 8 1 4 0 0 0 0 0 0 0 0 0 0 0 0 0 0 0 37 0 0 0 0 0 0 0 0 0 0 0 0 0 0 7 3 0 7 0 0 0 0 0 0 0 4 0 0 0 0 0 0 0
29 35 15 4 9 18 11 12 2 0 11 6 14 17 17 0 0 19 32 5 0 0 0 0 0 0 1 8 0 13 19 0 9553 1213 0 0 0 0 0 28 0 10 21 0 0 66 29 35 13 0 12 29 0 13 26 159 12 0 0 0 0 0 31 26 0 12 0 0 6 14 106 7 0 0 0 0 0 0 0 0 0 0 0 0 0 0 0 2 0 0 0 0 0 0 0 0 0 0 0 0 0 0 25 6 0 11 0 2 0 0 0 0 0 11 0 10 5 0 0 0 0
6 5 5 0 3 10 7 7 0 0 6 10 0 13 346 0 4 13 18 10 0 0 0 0 0 0 0 3 772 0 17 0 0 0 0 0 0 0 0 3 0 72 122 0 0 0 16 12 0 0 0 10 0 3 4 14 0 0 0 0 0 0 0 39 0 3 0 0 6 9 2 4 0 0 0 0 0 0 0 0 0 0 0 0 0 0 0 51 0 0 0 0 0 0 0 0 0 0 0 0 0 0 74 65 0 64 44 118 108 94 72 51 68 95 50 108 105 0 0 0 0
1 1 1 0 0 293 212 464 111 96 286 0 0 2026 23 0 0 0 4 0 545 542 89 26 0 119 0 2 815 143 142 0 334 0 0 0 0 0 0 2 0 3 4 0 0 3 49 30 6 0 0 3 0 0 0 1 0 0 0 0 0 0 7 15 0 0 0 0 2 7 2 2 0 0 0 0 0 0 0 1 0 0 597 0 0 0 0 0 0 0 0 0 0 0 0 0 0 0 0 0 186 0 12 0 0 2 0 0 0 0 0 0 0 0 0 0 0 0 13 0 0
8 6 8 1 3 16 10 10 3 2 8 3 0 24 1178 0 5 197 231 398 0 18 9 1 1 39 1 14 0 61 73 106 13 43 0 151 0 0 0 131 0 15 25 0 0 200 556 234 93 41 194 193 113 120 147 212 164 0 0 28 0 63 1267 51 0 0 0 0 8 9 3457 9 0 0 0 5124 0 0 1 3 0 0 0 26 0 44 0 34 0 0 2 0 0 0 0 0 0 0 0 0 0 0 35 17 0 34 8 50 51 55 33 8 0 58 1 64 60 0 9 0 0
423 315 384 65 229 815 498 480 0 0 482 3 0 799 1306 0 3 214 0 33 488 621 1 0 0 1510 0 21 0 0 745 359 1356 75 0 0 48791 8960 0 815 1569 314 537 18 268 163 774 205 127 325 58 60 0 0 28 1195 0 0 37 459 962 394 228 91 254 275 247 262 247 353 353 192 170 236 0 406 822 0 1027 1250 0 0 404 0 0 215 0 279 56 0 227 0 736 0 0 42 5 205 0 559 709 30 285 244 327 270 0 1467 405 0 0 365 369 333 403 1345 396 707 1110 1079 0
42 32 40 6 19 68 32 45 2 0 57 14 65 15 115 0 0 14 37 907 0 0 0 0 0 0 0 175 0 0 5 122 14 57 990 0 0 0 0 329 2 2 3 0 0 186 667 416 0 9 26 25 0 18 63 32 0 0 0 0 0 19 153 1 4 5 6 6 12 5 417 9 5 12 9 531 38 38 24 45 0 0 141 4 0 13 0 25 1 6 12 40 57 4 0 3 10 37 0 0 62 12 31 38 0 55 36 113 107 130 117 96 105 112 82 130 130 9 27 17 0
46 37 36 6 23 0 35 44 11 5 54 12 10 184 365 0 9 22 24 571 110 74 21 4 4 208 4 116 0 180 167 187 26 21 0 0 2578 0 0 393 127 100 170 0 0 128 443 312 87 115 15 39 0 23 65 466 0 0 0 10 0 93 19 196 90 104 92 93 87 131 23 85 46 81 0 46 254 0 98 174 0 0 14 0 0 18 0 117 0 0 0 0 149 0 0 0 0 0 0 0 43 0 79 81 0 106 54 533 131 118 414 0 0 128 0 504 137 0 212 26 0
0 0 0 0 0 0 0 0 0 0 0 0 0 0 0 0 0 0 0 0 0 0 0 0 0 0 0 112 0 0 0 0 0 0 0 0 0 0 0 0 0 0 0 0 0 0 0 0 0 0 0 0 0 0 0 0 0 0 0 0 0 0 0 0 0 0 0 0 0 0 0 0 0 0 0 0 0 0 0 0 0 0 0 0 0 0 0 0 0 0 0 0 0 0 0 0 0 0 0 0 0 0 478 0 0 0 0 0 0 0 0 0 0 0 0 0 0 0 0 0 0
0 0 0 0 0 0 0 0 0 0 0 0 0 0 0 0 0 0 0 0 0 0 0 0 0 0 0 0 0 0 0 0 0 0 0 0 0 0 0 0 0 0 0 0 0 0 0 0 0 0 0 0 0 0 0 0 0 0 0 0 0 0 0 0 0 0 20 0 0 0 0 0 0 0 0 0 0 0 0 0 0 0 0 0 0 0 0 0 0 0 0 0 0 0 0 0 0 0 0 0 0 0 0 0 0 0 0 0 0 0 0 0 0 0 0 0 0 0 0 0 0
3 2 3 1 2 6 11 16 3 2 12 3 0 61 20 0 0 0 0 0 0 3 0 368 462 0 1 9 0 0 271 35 1 105 102 0 0 0 0 10 0 11 0 0 134 9 35 37 17 2 5 16967 0 276 9 333 6698 134 39 0 0 65 3444 30 20 26 29 30 22 6 17 26 82 45 0 45 0 0 0 4 0 0 23 0 0 0 0 11 0 0 0 0 0 0 0 0 0 0 0 0 0 0 8 10 0 15 0 8 6 5 0 0 0 14 25 14 13 0 0 5 0
189 266 68 21 45 35 17 25 4 4 21 23 0 0 18 0 0 0 0 0 0 0 0 0 0 0 0 0 0 0 0 0 0 0 0 0 0 0 0 4 0 0 0 0 0 0 0 0 0 0 0 0 0 0 0 0 0 0 0 0 0 0 0 0 0 0 0 0 0 0 0 0 0 0 0 0 0 0 0 0 0 0 0 0 0 0 0 0 0 0 0 0 0 0 0 0 0 0 0 0 0 0 0 0 0 0 0 0 0 0 0 0 0 0 0 0 0 0 0 0 0
4592 6481 1642 521 1094 1450 400 585 107 100 489 551 0 12 78 0 0 0 0 0 0 0 0 0 0 0 0 2 0 0 0 0 0 0 0 0 0 0 0 17 21 1 0 0 0 0 0 0 0 0 0 2 0 0 3442 21 0 0 0 0 0 0 0 1 0 10 0 0 9 4 6 13 0 0 0 0 0 0 0 0 0 0 0 0 0 0 0 1 0 0 0 0 0 0 0 0 0 0 0 0 0 0 11 2 0 2 0 0 0 0 0 0 0 0 0 0 0 0 0 0 0
1202 1450 652 151 396 826 360 530 124 112 640 278 177 1631 467 0 1 1395 1605 1032 1501 1085 536 62 55 2152 52 225 316 1319 1368 2503 1847 1341 611 0 35 1511 1 3973 3813 1453 2642 0 587 765 658 818 1022 1333 366 441 866 352 262 1208 203 218 508 875 0 645 2005 444 1569 2173 1507 1843 1864 3061 700 1808 1835 2044 3941 1024 581 0 964 3665 0 1108 1300 0 213 1049 200 3931 1076 0 417 639 635 991 0 1199 64 721 924 686 840 1418 1241 340 516 392 512 586 568 569 568 536 540 490 725 567 580 2016 1790 748 0
46 34 42 7 25 73 50 52 15 12 53 19 0 57 25 0 0 162 144 164 986 691 367 46 42 1689 40 134 133 925 936 72 106 21 724 0 2 259 0 2869 0 110 182 0 0 373 252 295 176 269 69 96 40 49 60 265 0 0 0 40 1140 915 2982 153 20 105 10 29 167 95 40 235 0 12 0 119 718 0 351 8 0 0 0 0 0 249 0 40 362 0 0 0 0 0 0 0 0 0 0 0 0 0 587 174 243 177 205 329 319 295 286 286 293 286 325 332 334 14 0 0 0
26 22 24 10 17 37 27 31 12 10 31 21 0 33 43 0 6 0 0 29 0 0 0 8 8 0 9 4 0 0 0 0 3 0 0 0 0 0 6 11 0 8 10 0 0 0 6 4 0 0 274 118 178 181 236 128 98 0 0 0 0 0 0 78 0 15 0 0 25 14 12 31 0 0 0 15 9 0 0 0 0 0 0 0 0 0 0 6 0 0 0 0 0 0 0 0 0 0 0 0 0 0 143 321 356 426 585 467 442 424 416 379 386 366 408 426 434 0 0 0 0
4 5 4 4 4 0 4 6 3 0 4 4 0 4 24 0 3 0 0 4 0 0 0 5 5 0 5 1 0 0 0 0 0 0 0 0 0 0 4 7 0 5 6 0 0 0 0 0 0 0 167 76 102 116 151 91 0 0 0 0 0 0 0 49 0 9 0 0 16 9 7 20 0 0 0 11 0 0 0 0 0 0 0 0 0 0 0 4 0 0 0 0 0 0 0 0 0 0 0 0 0 0 96 209 142 276 363 299 278 261 236 187 184 234 190 271 275 0 0 0 0
1 1 1 0 0 0 1 1 0 0 0 0 0 3 2 0 0 0 0 1 0 0 0 0 0 0 0 1 0 3011 0 0 0 0 0 0 0 0 0 1 0 1 1 0 0 0 127 0 0 0 0 4 0 4 7 0 0 0 0 64 0 671 0 2 0 4 0 0 14 9 2 23 0 0 0 18 0 0 0 0 0 0 0 0 0 0 0 42 0 0 0 0 0 0 0 0 0 0 0 0 0 0 2 0 0 3 10 53 50 63 39 6 0 60 0 69 68 0 0 0 0
6 4 5 1 2 2 6 6 0 0 5 2 0 21 12 0 3 0 0 45 0 0 0 0 0 0 0 4 0 57 0 0 2 0 0 0 48 0 0 8 0 10 14 0 0 28 53 25 0 0 138 44 256 361 199 398 0 0 3345 204 0 1270 424 37 22 137 218 60 189 158 49 297 0 107 0 196 357 574 0 0 0 0 0 0 0 0 0 90 0 0 0 0 0 0 0 0 0 0 0 0 0 0 25 14 4 27 67 134 139 173 155 134 121 150 139 173 175 0 0 0 0
30 24 119 3 26 39 31 54 13 10 32 14 0 170 366 0 2 0 57 9 23 3 2 2 2 46 1 10 0 125 87 0 43 10 0 0 0 0 0 20 0 37 68 0 0 276 617 1832 525 0 223 17 814 6 6 16 0 0 0 0 0 0 35 25 0 3 0 0 32 9 2 38 685 922 0 11 202 0 0 0 0 0 0 0 0 0 0 18 0 0 0 0 0 0 0 0 0 0 0 0 0 0 80 22 0 61 54 70 153 98 77 15 6 48 10 55 54 0 16 55 0
14 11 11 2 4 19 11 13 2 0 10 5 0 36 19 0 9 0 0 13 8 0 0 1 1 0 2 7 0 17 20 0 10 23 0 0 0 0 0 29 0 13 19 0 0 0 0 13 0 0 0 97 0 71 83 0 0 0 0 0 0 188 548 140 0 699 0 0 276 785 214 467 0 0 0 592 151 0 0 0 0 0 0 0 0 0 0 102 0 0 0 0 0 0 0 0 0 0 0 0 0 0 53 6 0 10 0 0 0 0 0 0 0 0 0 0 0 0 0 43 0
0 0 0 0 0 0 0 0 0 0 0 0 0 0 0 0 0 0 0 0 0 0 0 0 11 0 0 0 0 0 0 0 0 0 0 0 0 0 0 0 0 0 0 0 0 0 0 0 0 0 0 0 0 4 0 0 0 0 0 0 0 0 0 0 0 0 0 0 0 0 0 0 0 0 0 1 0 0 0 0 0 0 0 0 0 0 0 0 0 0 0 0 0 0 0 0 0 0 0 0 0 0 0 0 0 0 0 0 0 0 0 0 0 0 0 0 0 0 0 0 0
13 11 11 3 2 18 11 13 3 1 6 5 0 44 21 0 8 0 0 15 19 0 0 1 2 8 2 9 0 5166 51 9 31 28 0 6 46 136 1 28 9 16 25 0 0 0 0 35 0 0 226 159 0 133 32 0 740 0 667 0 0 592 1098 161 0 0 0 0 82 52 7 129 7 0 0 95 0 0 0 0 0 0 0 0 0 0 0 92 0 0 0 0 0 0 0 0 0 0 0 0 0 0 31 16 0 29 0 0 0 0 0 0 0 0 0 0 0 29 10 15 1
1 1 1 0 0 0 1 1 0 0 1 0 0 3 2 0 1 0 0 0 0 0 0 0 0 0 0 0 0 0 0 0 0 0 0 3240 0 0 0 3 0 1 1 0 0 0 0 0 0 0 0 0 0 0 0 0 0 0 0 0 0 0 0 8 0 10 0 0 11 2 5 19 0 0 0 23 0 0 0 0 0 0 0 0 0 0 0 9 0 0 0 0 0 0 0 0 0 0 0 0 0 0 2 0 0 0 0 0 0 0 0 0 0 0 0 0 0 0 0 0 0
3 2 2 0 1 2 2 2 0 0 2 1 0 7 3 0 2 0 0 0 0 0 0 0 0 0 0 1 0 0 0 0 0 4 0 0 0 0 0 5 0 3 0 0 0 0 0 0 0 0 0 20 0 13 0 0 0 0 0 0 0 35 0 39 0 56 0 0 70 72 21 126 0 0 0 99 0 0 0 0 0 0 0 0 0 0 0 17 0 0 0 0 0 0 0 0 0 0 0 0 0 0 6 0 0 0 0 0 0 0 0 0 0 0 0 0 0 0 0 0 0
1 0 0 0 0 0 0 1 0 0 0 0 0 0 1 0 0 96 128 0 0 0 0 0 0 0 0 1 0 0 0 0 0 0 0 0 0 0 0 2 0 0 0 0 0 0 0 13 0 0 212 240 568 809 476 0 0 0 0 0 0 0 0 10165 0 17 275 0 98 43 10 126 0 0 0 15 0 0 0 0 0 0 0 0 0 0 0 7 0 0 0 0 0 0 0 0 0 0 0 0 0 0 438 0 0 0 0 0 0 0 0 0 0 0 0 0 0 0 0 0 0
17 13 15 1 10 35 18 19 5 3 18 2 0 146 248 0 5 0 0 8 2 0 0 0 1 0 1 6 0 14 20 0 0 12 0 137 7 1 0 81 0 37 39 0 8500 0 18 67 0 45 2105 181 0 288 226 168 0 0 1412 0 0 3916 0 83 149 438 109 168 145 450 129 339 79 171 272 348 131 0 0 0 0 0 0 0 0 0 0 73 0 0 195 0 26 0 0 0 0 0 0 0 60 0 26 0 0 68 0 20 68 284 147 0 0 121 0 132 103 456 2826 43 0
198 152 182 39 112 340 190 213 70 65 231 76 97 178 4675 0 10 614 512 539 697 518 313 52 46 1455 46 83 245 1445 1527 603 201 207 3959 1223 61 169 8 2430 0 34 49 0 1096 576 1202 665 1070 1028 13490 8430 10484 6747 8054 8917 9395 0 5970 2194 2079 2387 2058 742 241 514 241 264 326 509 166 309 221 376 272 483 977 0 199 113 0 0 0 0 0 464 0 33 0 0 0 0 0 0 0 0 0 438 0 0 50 37 514 728 1966 1153 1565 1798 1816 2112 2116 1974 2006 1763 2125 2051 2094 58 76 43 6
196 142 213 106 70 51 41 47 32 29 44 57 80 213 391 0 20 397 369 528 44 18 12 3 4 64 4 129 0 174 164 132 132 106 252 0 3 36 1 193 0 37 50 0 21 152 198 192 0 221 231 177 0 105 84 947 0 0 0 210 249 67 773 243 494 432 637 346 1170 538 203 1175 423 311 0 101 97 0 0 39 0 0 0 0 0 323 0 122 0 0 0 0 0 0 0 0 0 0 0 75 0 0 455 236 0 322 418 338 324 294 270 311 328 295 440 339 342 185 87 0 0
58 49 49 7 28 72 48 55 14 9 62 354 24 84 14 0 8 389 451 763 22 0 0 1 2 17 2 23 0 88 124 64 11 138 0 0 23 0 0 49 1 9 15 0 0 53 90 0 0 38 74 119 46 45 67 149 50 0 0 0 0 0 0 85 0 65 0 0 26 35 11 25 0 0 0 10 0 0 0 0 0 0 0 0 0 0 0 92 0 0 0 0 0 0 0 0 0 0 0 0 0 0 60 14 0 34 0 12 11 0 0 13 15 57 0 61 54 29 0 0 0
806 631 747 121 420 1182 564 812 208 192 1104 368 379 3162 816 0 1 1547 871 757 2832 1872 967 114 100 3828 95 362 0 1767 1779 989 2695 713 1006 0 163 2795 3 3548 1214 1309 2234 1970 0 909 740 1057 1550 1171 684 882 1222 689 544 1532 206 0 0 1850 0 878 2553 139 1852 2036 2465 2027 3720 2424 815 3578 2025 2315 5000 983 1208 576 2159 7395 0 3107 2320 0 0 2182 617 8069 0 435 906 1778 1315 2109 157 1969 0 2444 4205 1391 1413 1107 2055 765 532 869 1176 1336 1278 1219 1234 1213 1238 1081 1479 1257 1283 4164 3546 1556 1
3 2 3 0 2 0 3 4 0 0 4 2 6 22 14 0 0 8 12 3 0 0 0 0 0 0 0 4 0 0 5 3438 2698 455 0 0 0 0 0 9 0 10 12 0 0 14 8 0 0 17 0 8 0 3 0 286 0 0 0 871 0 0 16 6 0 6 0 0 5 4 4 5 16 0 0 3 0 0 11 0 0 0 0 0 0 0 0 218 0 0 0 0 0 0 0 0 0 0 0 0 0 0 13 3 351 6 173 309 322 403 401 343 359 335 425 382 389 0 0 0 0
792 1117 285 93 191 259 73 105 22 21 88 99 0 6 95 0 3 0 2 8 0 2 3 5 4 0 0 1 0 8 5 0 8 0 0 0 0 0 3 25 0 10 12 0 0 6 14 9 0 0 0 165 0 271 262 10 88 0 0 3 0 0 0 31 8 11 7 10 18 5 12 27 53 3 0 12 4 0 0 0 0 0 0 0 0 4 0 3 0 0 1 0 0 4 0 0 0 0 0 0 0 0 331 18 75 23 182 152 146 136 130 115 124 119 162 138 140 15 0 0 0
1 0 0 0 0 0 1 1 0 0 0 0 0 0 0 0 0 0 0 0 0 0 0 0 0 0 0 0 0 0 0 0 0 0 0 0 0 0 0 1 0 0 0 0 0 0 0 0 0 0 0 3 0 0 0 0 0 0 0 0 0 0 0 0 0 1 0 0 0 0 0 0 0 0 0 0 0 0 0 0 0 0 0 0 0 0 0 0 0 0 0 0 0 0 0 0 0 0 0 0 0 0 0 0 0 0 0 0 0 0 0 0 0 0 0 0 0 0 0 0 0
5 4 49 0 7 0 5 15 3 1 3 12 5 29 0 0 0 260 265 170 21 13 7 1 1 38 1 31 0 89 55 47 51 21 219 0 0 0 0 68 0 8 0 0 0 9 22 27 0 68 57 58 654 48 35 92 0 0 0 15 0 12 0 2 0 0 0 0 0 0 0 0 1385 1774 0 0 46 0 0 0 0 0 0 0 0 7 0 1 0 0 0 0 0 0 0 0 0 0 0 0 0 0 198 52 0 51 20 38 163 73 39 0 0 10 0 8 3 0 35 56 0
3 4 6 0 1 0 0 1 0 0 0 3 0 1 18 0 0 14 26 51 0 0 0 0 0 0 0 17 0 0 0 0 0 0 13 0 0 0 0 9 0 1 0 0 0 0 0 0 0 0 0 6 37 0 0 0 0 0 0 0 0 0 0 0 1 0 0 0 0 2 0 0 159 204 0 1 0 0 0 0 0 0 0 0 0 0 0 1 0 0 0 0 0 0 0 0 0 0 0 0 0 0 212 5 0 5 0 0 0 0 0 0 0 0 0 0 0 0 0 0 0
6 5 60 1 9 0 6 18 4 2 4 14 9 67 203 0 0 351 356 230 28 22 11 1 1 51 1 12 0 97 67 53 51 27 181 0 0 0 0 0 0 14 23 0 0 7 22 26 0 77 189 65 713 36 33 0 0 0 0 49 0 20 0 3 0 0 0 0 0 0 0 0 1648 2111 0 0 12 0 0 0 0 0 48 0 0 20 0 2 0 0 0 0 0 0 0 0 0 0 0 36 0 0 228 68 0 67 22 50 214 94 46 0 0 13 0 9 1 0 42 52 0
7 5 43 1 8 0 7 15 3 1 6 12 2 64 133 0 0 214 228 147 20 12 5 0 1 32 1 11 0 95 79 38 28 18 177 0 0 0 0 33 0 10 6 0 0 8 24 26 0 56 96 50 488 36 15 21 0 0 0 6 0 12 0 2 22 22 28 0 9 28 9 16 1197 1535 0 16 0 0 0 0 0 0 6 0 0 3 0 9 0 0 0 0 0 0 0 0 0 0 0 28 0 0 33 67 0 68 39 79 187 102 58 0 0 48 0 51 46 0 38 50 0
0 0 0 0 1 0 0 0 0 0 0 0 0 0 0 0 0 0 0 0 0 0 0 0 0 0 0 0 0 0 0 0 0 0 0 0 0 0 0 0 0 0 0 0 0 0 0 0 0 0 0 0 0 0 0 0 0 0 0 0 0 0 0 4 0 0 0 0 0 0 0 0 4 5 0 0 0 0 0 0 0 0 0 0 0 0 0 0 0 0 0 0 0 0 0 0 0 0 0 0 0 0 2 0 0 0 0 0 0 0 0 0 0 0 0 0 0 0 0 0 0
0 0 0 0 0 0 0 0 0 0 0 0 0 0 0 0 0 0 0 0 0 0 0 0 0 0 0 3 0 0 0 0 0 0 0 0 0 0 0 0 0 0 0 0 0 0 0 0 0 0 0 0 0 0 0 0 0 0 0 0 0 0 0 0 0 0 0 0 0 0 0 0 2 3 0 0 0 0 0 0 0 0 0 0 0 0 0 0 0 0 0 0 0 0 0 0 0 0 0 0 0 0 50 0 0 0 0 0 0 0 0 0 0 0 0 0 0 0 0 0 0
0 0 1 0 0 0 0 0 0 0 0 0 0 1 5 0 0 0 2 2 0 0 0 0 0 0 0 0 0 0 0 0 0 0 0 0 0 0 0 3 0 0 0 0 0 0 0 0 0 0 0 1 0 0 0 0 0 0 0 0 0 0 0 0 1 0 1 0 0 1 0 0 27 35 0 0 0 0 0 0 0 0 0 0 0 0 0 0 0 0 0 0 0 0 0 0 0 0 0 0 0 0 7 1 0 1 0 0 0 0 0 0 0 0 0 0 0 0 0 0 0
0 0 0 40 0 0 0 0 251 0 0 810 0 0 0 0 0 0 0 14270 0 0 0 0 90 0 79 0 0 0 0 0 0 0 0 0 0 0 12 0 0 891 0 0 0 0 0 0 0 0 0 3512 0 0 0 0 0 0 0 0 0 0 0 0 0 0 0 0 0 0 0 0 0 0 0 0 0 0 0 0 0 0 0 0 0 0 0 178 0 0 0 0 0 0 0 0 0 0 0 0 0 0 0 3953 0 3896 0 0 0 0 0 0 0 1497 0 1740 0 0 0 0 0
5 4 55 1 0 0 5 17 3 1 0 13 0 43 455 0 0 799 806 518 53 34 4 0 2 70 3 16 0 219 129 68 98 47 180 0 0 0 0 85 0 32 48 0 22 28 48 51 13 0 578 127 0 116 123 215 0 0 0 120 0 0 0 6 0 0 0 0 0 0 0 0 0 0 0 0 0 0 0 0 0 0 0 0 0 13 0 0 0 0 0 0 0 0 0 0 0 0 0 37 0 0 68 62 0 61 31 50 201 91 50 0 0 16 0 14 9 0 48 115 0
19 16 199 2 16 0 20 61 13 10 0 46 42 246 429 0 0 753 757 488 50 34 18 2 2 92 3 24 1564 183 118 86 83 37 166 0 0 0 0 191 0 30 41 0 0 19 39 35 0 0 340 119 1313 97 57 178 0 0 0 105 0 56 0 6 0 0 0 0 0 0 0 0 3197 0 0 0 498 0 78 15 0 0 245 0 0 70 0 7 0 0 59 0 0 0 0 0 0 0 0 211 0 0 364 224 170 220 236 206 752 405 352 1 0 75 0 82 78 0 245 534 0
19 16 204 2 31 11 20 62 12 6 15 47 37 302 0 0 0 332 349 229 218 148 88 13 11 420 11 95 0 878 493 396 417 186 112 541 0 257 2 3 11 102 199 0 14165 324 460 489 978 1135 2199 93 981 71 33 202 0 0 9 145 0 157 14 13 6172 19722 1837 1374 4082 18995 5657 3581 2571 3292 0 11859 116 0 0 1 0 0 0 0 0 0 0 5 0 0 0 0 0 0 0 0 0 0 0 0 0 0 59 117 0 115 91 98 381 183 129 0 0 33 0 31 25 0 62 0 0
3 2 28 0 3 0 3 8 1 0 2 0 0 41 0 0 0 0 0 0 0 0 0 0 0 5 0 0 0 0 15 0 4 0 0 0 0 0 0 4 0 8 7 0 0 0 0 0 0 0 0 0 0 0 0 0 0 0 0 0 0 0 0 1 0 0 0 0 0 0 0 1 229 293 0 0 0 0 0 0 0 0 0 0 0 0 0 0 0 0 0 0 0 0 0 0 0 0 0 0 0 0 3 0 0 10 0 2 25 2 0 0 0 0 0 0 0 0 0 9 0
41 34 38 23 25 0 32 36 19 15 31 35 13 185 153 0 10 0 0 17 48 34 27 17 13 55 17 12 0 309 237 47 13 29 94 0 0 0 10 73 475 29 43 0 0 0 29 103 0 0 0 244 148 159 271 167 0 0 0 11 0 29 0 138 0 157 0 19 114 211 79 149 47 0 0 79 0 0 0 0 0 0 42 0 0 17 0 64 0 0 0 0 0 0 0 0 0 0 0 0 54 22 199 703 0 903 985 1067 1014 1041 743 427 217 846 469 949 1023 91 64 11 8
2488 1754 2437 867 1005 482 347 411 389 370 376 1098 616 562 340 2 50 1018 1152 1313 242 175 107 20 18 425 15 152 366 1317 872 484 153 543 1671 867 0 329 4 180 253 209 289 51 354 587 771 1591 0 1473 912 818 757 456 821 1050 602 771 173 3102 0 295 128 530 4400 4217 7040 9946 7314 5053 1769 6693 8908 3324 1441 1952 16553 0 559 376 0 981 1740 185 254 7036 0 685 169 715 198 246 530 539 1172 6645 0 454 4604 6011 1064 1180 1016 1589 3403 2457 3478 2907 2913 3171 3144 3169 3209 2754 3366 3194 3287 391 1072 408 3
49 37 44 8 26 28 47 53 15 12 61 12 293 359 1259 0 34 299 69 101 63 41 24 3 3 100 3 56 0 222 294 108 273 108 0 0 0 0 1 1332 20 19 34 0 0 91 134 137 183 115 119 147 61 410 89 179 7861 0 3106 84 0 0 17 342 12 64 424 28 612 44 15 536 8 0 64 65 286 0 0 734 0 0 0 0 320 89 534 223 7064 0 0 0 0 399 0 1105 0 0 0 0 0 112 281 150 254 168 7878 309 299 268 287 322 318 314 315 326 328 791 18 218 0
18 14 16 5 8 0 14 19 5 1 23 5 18 439 39 0 6 53 82 14 8 7 4 3 3 0 4 3 0 0 24 51 35 0 0 0 0 0 2 67 0 10 9 0 0 11 40 15 16 5 85 79 81 96 116 104 42 0 0 9 0 73 30 102 31 40 5 102 28 44 37 15 34 0 0 29 46 0 0 0 0 0 0 0 0 0 127 27 283 0 0 0 0 0 0 0 0 0 0 0 0 0 123 148 119 205 266 199 406 396 339 299 265 230 253 234 239 17 0 53 2
2369 1777 2144 373 1346 5182 3103 3169 1057 988 3365 2451 932 6115 882 21 422 3209 3519 1340 2845 2199 1337 395 159 6006 153 1126 3289 9493 10509 5287 1230 9765 569 2624 62 3138 8 1790 818 378 636 1549 5613 3541 5041 5825 5838 5240 8137 8616 5894 3666 5072 11034 6061 2556 4553 7738 1709 2909 724 4818 1515 3983 665 1951 990 1183 944 990 1725 2070 5792 1310 1994 1901 2073 813 0 1987 3515 702 196 799 174 2649 3487 0 891 0 378 2607 0 1212 172 514 0 450 0 2603 1032 1094 7146 2536 3564 1758 1904 1562 1540 5788 4989 4463 4620 5184 4981 907 1459 1419 5
760 579 631 117 439 2197 1126 1185 381 352 1200 418 760 5161 1041 132 2370 1003 1196 5597 633 495 334 81 36 1067 35 524 663 2721 3517 1520 4898 1383 181 966 545 1157 11 348 195 159 256 0 1052 2248 2089 1494 4430 1630 2274 2061 1446 728 3566 3199 1091 592 1081 2475 0 1663 395 20388 998 752 414 620 264 535 639 249 430 302 1490 489 1001 0 596 547 0 0 1166 6 0 624 2291 12783 2209 0 92 0 133 1097 0 1758 0 16 0 0 347 791 490 129 3497 587 729 832 836 845 833 4495 4293 1001 3191 1168 1150 778 793 741 0
32 19 315 12 18 141 93 49 19 0 111 92 20 561 211 0 26 198 86 291 0 0 13 3 3 0 2 95 0 0 229 246 169 0 33 0 0 0 0 328 0 17 18 0 95 142 190 221 274 179 2980 293 137 102 147 319 42 100 207 277 0 430 75 354 1 139 0 0 51 146 52 78 24 0 288 79 0 0 79 53 0 0 0 0 151 202 0 228 627 124 162 0 10 301 0 43 0 96 0 0 462 1142 143 48 13 90 42 82 78 47 1 59 28 141 23 152 143 2386 549 1297 0
73 55 69 11 39 130 55 78 27 19 110 42 86 2211 909 0 8 842 758 389 46 65 32 4 6 122 5 51 0 188 191 326 212 86 0 38 0 307 1 663 174 74 58 175 124 88 320 416 134 574 8227 265 316 154 197 242 70 282 183 197 494 133 191 392 256 163 123 569 110 193 178 37 279 354 168 216 334 0 240 88 0 0 2 0 0 237 745 160 1785 0 220 0 193 0 0 86 12 178 0 0 142 0 290 553 762 594 751 738 1801 1776 1595 1405 1194 946 1194 951 943 391 300 353 0
394 293 366 62 217 747 367 436 128 120 519 346 2609 1321 1564 0 41 11240 6326 171 1469 1205 660 86 73 3038 70 294 269 2561 2663 1739 1958 1107 1554 1189 5 2092 2 774 515 436 872 0 1157 911 1443 2041 4780 2019 1638 785 1919 3145 1805 491 976 1097 1286 707 38777 1183 1676 3628 300 303 187 290 319 370 189 485 228 132 1480 147 823 0 0 918 0 1170 0 334 0 2572 205 835 0 0 288 0 0 6 0 445 0 4 0 0 295 37 836 1104 1956 1322 2112 2061 1981 1957 2054 1954 1978 1794 2106 1931 1974 875 580 393 0
15 11 13 2 441 10517 1929 2375 771 747 5543 5401 0 48 380 0 1 0 14 4 13 15 5 1 1 10 1 39 0 163 53 19 3 59 0 0 0 0 0 11 0 2 3 0 0 16 27 34 26 13 26 50 16 18 23 62 30 0 0 36 0 14 0 18 0 22 0 0 6 6 1907 7 0 0 30 3 0 0 0 2048 0 0 0 0 0 0 0 9 0 0 0 0 0 0 0 0 0 0 0 0 9 18 24 18 0 45 55 87 2 86 40 0 7 23 0 23 20 0 0 0 0
212 158 194 206 119 407 233 226 76 71 250 90 56 797 10 0 1 269 317 17 242 181 108 15 13 483 13 124 298 827 3967 534 101 1120 137 270 0 171 0 128 56 43 73 0 392 298 439 520 489 468 695 772 486 302 415 948 469 248 373 668 0 220 41 110 124 359 20 143 56 77 36 56 115 150 496 96 102 60 0 0 0 0 242 0 0 56 0 212 235 0 51 0 28 1 0 0 0 0 0 0 77 211 75 55 510 173 180 62 92 40 6443 402 324 11761 293 397 381 38 89 43 0
0 0 0 0 0 0 0 0 0 0 0 0 0 0 0 0 0 0 0 1 0 0 0 0 0 0 0 3 0 0 0 0 0 0 0 0 0 0 0 0 0 0 0 0 0 0 0 0 0 0 0 0 0 0 0 0 0 0 0 0 0 0 0 0 0 0 0 0 0 0 0 0 0 0 0 0 0 0 0 0 0 0 0 0 0 0 0 0 0 0 0 0 0 0 0 0 0 0 0 0 0 0 5 0 0 0 0 0 0 0 0 0 0 0 0 0 0 0 0 0 0
49 36 44 7 25 65 44 52 13 9 60 42 352 134 203 0 0 1549 870 1 157 116 72 10 9 311 9 57 0 209 327 222 274 165 195 0 0 262 0 74 62 59 118 0 0 191 250 429 668 379 189 93 228 424 234 51 58 48 4655 37 3200 50 226 434 38 33 21 30 28 43 15 50 27 30 215 16 18 0 0 0 0 0 0 0 48 322 0 88 0 0 0 0 0 0 0 0 0 0 0 85 0 0 177 141 114 163 180 250 228 214 194 153 193 196 169 223 225 0 95 4 0
156 116 143 40 87 277 166 174 55 51 184 10 276 353 658 0 0 863 961 57 417 314 183 24 21 865 20 124 22036 744 1075 1016 529 381 89 224 0 752 0 209 72 123 212 59 209 204 499 449 838 848 681 470 333 217 383 581 1282 219 8023 416 0 311 18 80 208 175 66 138 196 217 82 163 116 95 445 60 277 0 581 1296 1155 150 0 2004 1961 293 1221 1693 11132 0 851 0 109 237 0 184 0 21 0 0 66 37 165 272 395 537 902 426 427 487 1075 501 509 1461 454 471 479 139 147 66 0
19 14 17 0 10 14 19 21 6 0 22 1 18 549 17 0 4 73 88 165 21 14 8 1 1 35 1 13 0 0 95 24 516 49 0 0 0 618 0 210 3 4 7 0 27 47 45 51 55 26 15 36 15 15 21 51 0 2 19 66 0 65 0 55 38 61 36 33 118 78 26 76 18 0 606 37 238 0 21 164 0 0 0 0 0 429 0 65 44 0 0 0 486 1189 0 0 0 0 0 39 0 88 148 77 104 95 117 157 144 140 135 120 135 128 129 146 148 1049 0 321 0
125 93 115 19 69 181 122 134 41 34 160 282 323 993 470 0 0 1062 480 219 254 200 124 13 15 447 15 198 0 1226 1498 18164 1261 498 861 13017 0 479 0 1218 520 487 837 0 797 301 563 460 7988 416 400 527 1479 364 11601 253 120 544 639 1014 0 746 18 377 1418 1387 1366 1876 895 1726 588 752 1667 1876 1290 462 1640 0 1231 1352 17 1589 1376 1430 254 673 217 1058 851 305 194 0 2372 2580 0 825 0 224 0 1492 0 192 557 609 905 1033 1495 896 875 944 954 7958 6762 786 948 913 934 854 638 1232 0
905 705 828 136 506 1643 951 1060 319 297 1086 1276 175 438 29 0 0 243 723 4 35 6933 19 2 3 47 3 38 0 133 322 248 121 132 90 0 0 0 95 398 176 320 548 0 109 123 392 330 189 389 119 37 319 272 308 26 0 98 145 242 0 164 101 55 486 604 2233 1561 2217 711 227 2854 1395 1727 1744 437 230 0 337 2004 0 0 0 0 495 267 0 267 388 0 0 0 0 0 0 610 0 0 0 0 0 95 317 150 208 162 219 6708 284 270 268 236 251 241 255 279 283 433 128 78 0
63 47 58 9 35 95 66 70 21 13 78 43 48 401 20 0 0 364 407 540 52 106 20 2 3 91 3 62 301 229 273 875 91 222 33 358 0 11 3 66 24 28 50 0 72 84 138 156 456 129 155 208 169 106 587 229 109 20 24 85 0 149 0 25 92 143 86 124 75 99 36 73 106 109 186 42 75 0 0 56 0 0 0 29 0 31 0 308 204 0 0 0 3248 0 0 0 0 0 0 0 0 31 119 33 93 88 86 132 62 46 32 378 339 114 66 127 122 0 32 0 0
201 149 185 37 108 349 186 202 65 61 216 21 530 4670 867 6 116 305 329 678 385 292 176 24 21 706 20 71 1544 1532 1743 334 1855 895 691 204 36 1194 1 4551 79 58 96 222 453 441 513 491 731 499 471 984 680 395 582 1262 415 560 965 1102 0 1647 112 4305 624 555 829 967 1330 670 242 1635 864 1073 1942 375 10738 0 2724 7803 2376 7225 3893 320 639 971 571 771 1679 961 1531 316 532 1311 0 1975 1577 1241 983 646 651 812 462 1329 3679 2355 3426 3033 3013 3505 3580 3438 3484 2861 3665 3326 3405 1989 1498 2326 0
45 34 41 7 25 75 45 50 14 11 55 9 158 135 44 0 27 546 605 1156 45 32 19 3 3 69 2 59 271 151 213 564 469 97 79 0 0 43 0 65 6 9 12 0 7471 41 120 108 206 170 315 151 75 66 98 209 42 24 100 5 0 82 17 371 79 71 109 107 144 90 33 229 97 93 183 34 201 0 0 195 0 0 0 0 0 79 15 197 2420 0 334 0 0 2 0 0 0 0 0 0 64 0 619 203 350 291 388 384 371 376 370 372 402 334 394 386 392 188 273 0 0
268 192 256 73 123 202 130 137 61 53 138 114 114 1143 2210 0 9 480 512 750 167 128 76 11 10 300 9 60 0 752 851 312 552 344 354 0 0 1337 0 1110 76 177 292 0 416 347 693 649 581 731 344 415 271 171 228 1413 259 232 283 964 2727 154 5 147 2611 1993 3439 3560 2234 2525 938 1920 3370 3260 4786 505 1594 2009 903 829 0 850 275 0 161 623 32 198 5963 456 2185 2192 1879 2806 0 179 0 829 401 1491 259 625 878 292 577 394 511 557 481 460 516 532 540 486 674 618 564 2375 802 1465 0
128 96 121 20 74 285 122 157 45 41 229 248 59 631 929 0 2 356 248 302 441 295 156 40 22 579 21 65 0 419 435 29 234 79 103 0 0 372 0 538 174 733 965 0 2728 155 355 323 328 364 27 193 174 131 78 21574 90 0 248 617 0 86 372 37 426 417 756 750 583 460 398 554 5646 488 847 164 159 0 277 1083 0 0 0 0 0 316 64 1182 294 0 64 0 102 408 0 103 0 0 0 38 0 45 339 233 136 345 316 196 181 168 153 142 153 174 3688 198 196 716 513 185 0
617 481 573 109 313 775 409 555 156 144 728 276 304 2051 2150 6653 11869 1130 760 755 1699 1135 592 69 61 2342 57 241 365 1263 1344 1043 1662 679 6520 627 15 1619 36155 2177 776 13732 1884 0 935 740 897 929 1215 943 729 856 1036 538 659 1066 406 388 701 1206 0 668 2167 289 1308 1446 1706 1581 2463 1649 1670 2358 1505 1455 3043 3586 1334 0 1102 4479 849 2029 1462 289 605 1559 541 4815 1493 439 538 337 806 1335 0 1389 0 835 0 0 775 700 1103 10998 919 7217 914 1296 1183 1090 1015 991 1004 2178 1000 1509 1308 2408 2111 983 0
20 910 19 3 14 55 37 36 13 9 53 84 93 436 160 0 0 15 1547 74 45 36 21 11 2 71 0 23 614 246 321 201 58 15 50 0 33 137 0 5988 11 3 6 0 646 99 97 90 346 26 69 93 49 36 54 131 55 7 0 1127 0 173 70 1347 16 144 0 0 63 162 76 102 0 0 489 86 1361 0 2724 658 0 863 8 3749 124 207 458 684 0 1012 0 0 1311 0 0 1199 0 0 6513 0 0 520 110 19 505 225 282 568 514 623 621 526 494 520 571 602 609 106 225 157 0
8 6 23 5 22 104 66 34 19 10 79 72 50 258 104 0 5 48 25 35 0 0 0 8 1 0 0 9 0 0 122 33 43 0 5 0 0 0 0 656 2 31 40 0 144 41 89 65 61 5 63 68 32 26 39 993 0 0 4 160 0 83 5 50 186 229 418 309 395 286 158 325 485 190 931 116 0 0 108 565 3848 0 0 0 0 0 0 61 1067 0 1 102 142 304 0 0 0 66 0 607 0 112 67 34 0 60 31 55 46 40 12 0 0 52 121 55 50 574 0 116 0
324 461 118 38 80 115 35 40 8 4 46 44 5 84 564 0 12 307 467 293 28 23 20 4 3 23 4 26 0 133 142 474 81 292 62 0 0 102 0 984 1274 323 616 0 192 182 153 160 158 336 50 185 102 35 42 286 5 0 0 11 0 102 319 262 287 551 137 345 56 835 150 50 365 271 1158 315 0 0 0 27 0 0 0 10 0 0 0 145 54 0 0 0 0 0 0 5 0 0 0 0 0 0 181 21 0 40 12 66 65 76 58 29 0 72 61 79 76 3215 134 5052 0
0 0 0 0 0 0 0 0 0 0 0 0 0 0 0 0 0 0 0 0 0 0 0 0 0 0 0 0 0 0 0 0 0 0 0 0 0 0 0 0 0 0 0 0 0 0 0 0 0 0 0 0 0 0 0 0 0 0 0 0 0 0 0 0 0 0 0 0 0 0 0 0 0 0 0 0 0 0 0 0 0 0 0 0 0 0 0 0 0 0 0 0 0 0 0 0 0 0 0 0 0 0 0 0 0 0 0 0 0 0 0 0 0 0 0 0 0 0 0 0 0
0 0 0 0 0 0 0 0 0 0 0 0 0 0 1 0 0 0 0 0 0 0 0 0 0 0 0 0 0 0 0 0 0 0 0 0 0 0 0 0 0 0 0 0 0 0 0 0 0 0 0 18 0 16 15 16 4 0 0 0 0 0 0 2 0 0 0 0 1 0 0 0 0 0 0 0 0 0 0 0 0 0 0 0 0 0 0 0 0 0 0 0 0 0 0 0 0 0 0 0 0 0 22 0 0 0 0 0 0 0 0 0 0 0 0 0 0 0 0 0 0
84 95 81 85 85 57 90 115 84 82 96 99 101 162 920 9 76 93 158 117 112 74 99 110 98 76 108 19 0 180 216 138 57 83 93 0 91 231 69 256 78 110 157 0 0 0 0 69 0 24 2124 1982 1154 1187 1647 1052 920 0 3339 58 0 0 0 1071 108 220 156 88 153 196 161 161 69 0 73 96 91 0 0 0 0 0 0 0 0 68 0 121 0 0 0 0 0 0 0 0 0 0 0 0 82 48 365 4199 0 5519 6302 5752 5256 4990 4504 3288 3650 4474 3273 5133 5089 280 88 34 56
0 0 0 0 0 0 0 0 0 0 0 1 0 0 2 0 0 0 0 0 0 0 0 0 0 0 1 0 0 0 0 0 0 0 0 0 0 0 0 1 0 0 0 0 0 0 0 0 0 0 0 18 0 16 17 14 0 0 0 0 0 0 0 4 0 0 0 0 2 0 0 0 0 0 0 0 0 0 0 0 0 0 0 0 0 0 0 0 0 0 0 0 0 0 0 0 0 0 0 0 0 0 41 0 0 0 0 0 0 0 0 0 0 0 0 0 0 0 0 0 0
0 0 0 17 21 0 22 0 22 20 22 16 9 43 228 0 20 0 0 0 20 12 19 28 26 0 29 4 0 27 43 23 0 16 0 1100 0 0 19 66 4 27 35 0 0 0 0 0 0 0 655 190 292 339 475 313 213 0 0 2 0 0 0 271 0 51 0 0 44 50 42 48 0 0 0 16 0 0 0 0 0 0 0 0 0 0 0 25 0 0 0 0 0 0 0 0 0 0 0 0 0 0 279 1127 0 1466 0 1129 763 652 0 0 0 869 0 907 702 0 23 0 15
5 5 4 6 6 0 25 7 16 14 5 537 0 9 42 0 6 0 0 0 2 0 2 8 6 0 8 1 0 0 5 0 0 2 0 0 0 0 5 12 0 8 6 0 0 0 0 0 0 0 218 128 144 177 212 160 0 0 0 0 0 0 0 71 0 11 0 0 17 12 7 18 0 0 0 0 0 0 0 0 0 0 0 0 0 0 0 8 0 0 0 0 0 0 0 0 0 0 0 0 0 0 250 275 0 346 0 0 0 0 0 0 0 0 0 0 0 0 0 0 4
7 8 7 9 7 0 9 11 0 0 7 10 0 8 50 0 8 0 0 0 0 0 0 8 6 0 10 3 0 0 8 4 0 4 0 0 0 0 8 19 0 10 9 0 0 0 0 0 0 0 361 156 208 237 302 216 0 0 0 0 0 0 0 107 0 0 0 0 19 15 12 19 0 0 0 0 0 0 0 0 0 0 0 0 0 0 0 10 0 0 0 0 0 0 0 0 0 0 0 0 0 0 191 431 0 553 0 245 0 0 0 0 0 185 0 138 0 0 0 0 6
11 15 9 10 8 0 11 14 0 0 11 15 1 35 103 0 10 0 0 8 0 0 0 4 0 0 7 17 0 0 31 13 0 6 0 456 0 0 8 71 0 13 14 0 0 0 0 0 0 0 237 70 69 121 166 108 0 0 0 8 0 0 0 132 0 22 0 0 28 33 20 29 0 0 0 0 0 0 0 0 0 0 0 0 0 0 0 33 0 0 0 0 0 0 0 0 0 0 0 0 0 0 91 458 0 589 0 305 66 0 0 0 0 233 0 197 39 0 8 0 6
23 24 21 19 20 0 23 29 19 18 25 29 10 72 197 0 19 0 0 47 27 22 22 23 20 3 23 33 0 44 67 35 0 15 0 217 0 0 14 84 8 26 33 0 0 0 0 0 0 0 492 145 208 247 343 233 0 0 0 26 0 0 0 242 0 58 0 0 58 67 39 61 0 0 0 17 0 0 0 0 0 0 0 0 0 0 0 64 0 0 0 0 0 0 0 0 0 0 0 0 0 0 197 882 0 1147 111 923 652 564 0 0 0 716 0 757 610 33 35 0 12
33 36 32 32 33 15 35 45 31 28 39 41 10 95 447 0 30 0 0 100 26 5 23 37 37 0 41 32 3597 55 82 56 0 25 0 0 0 61 26 149 17 43 58 0 0 0 0 0 0 0 689 544 263 315 439 288 25 0 0 0 0 0 0 389 65 101 96 31 66 94 67 65 55 0 72 46 0 0 0 0 0 0 0 0 0 4 0 55 0 0 0 0 0 0 0 0 0 0 0 0 23 0 244 1563 0 2046 1465 1929 1623 1498 980 0 266 1498 0 1672 1555 181 53 0 21
35 36 33 28 32 24 38 46 19 0 41 40 7 142 335 0 24 0 0 74 29 11 20 29 28 0 34 23 0 0 165 62 0 28 17 0 0 15 21 124 8486 40 54 0 0 0 0 1575 0 0 524 540 260 310 433 296 64 0 0 0 0 0 0 314 110 146 148 129 79 152 80 97 143 120 179 83 0 0 0 0 0 0 0 0 0 0 0 60 0 0 0 0 0 0 0 0 0 0 0 0 49 1 247 1354 0 1756 1014 1666 1371 4068 727 0 0 1302 0 1442 2822 72 39 0 17
3 4 3 4 4 0 4 5 3 1 4 5 0 6 38 0 4 0 0 0 0 0 0 246 4 0 6 6 0 0 0 0 0 0 0 0 0 0 4 11 0 4 3 0 0 0 0 0 0 0 109 55 40 86 109 74 0 0 0 0 0 0 0 53 0 9 0 0 9 10 8 0 0 0 0 2 0 0 0 0 0 0 0 0 0 0 0 5 0 0 0 0 0 0 0 0 0 0 0 0 0 0 74 219 0 277 0 7 0 0 0 0 0 0 0 0 0 0 0 0 3
40 45 38 40 41 19 43 55 39 36 47 49 1 100 490 1 37 0 0 123 37 18 26 49 46 0 51 28 3045 64 94 51 0 30 0 0 0 96 32 166 0 51 65 0 0 0 0 6 0 0 947 807 426 473 661 439 204 0 0 15 0 0 0 477 76 115 111 38 77 104 80 77 64 7 82 54 0 0 0 0 0 0 0 0 0 14 0 60 0 0 0 0 0 0 0 0 0 0 0 0 0 0 354 1940 0 2543 2037 2447 2097 1950 1389 301 599 1901 0 2134 2014 183 58 0 26
5 5 4 6 6 0 6 8 5 3 6 8 0 12 71 0 6 0 0 0 0 0 0 7 6 0 8 4 0 1371 2 0 0 1 0 0 0 0 5 21 0 8 6 0 0 0 0 0 0 0 120 43 16 77 103 65 0 0 0 0 0 0 0 76 0 15 0 0 12 15 9 0 0 0 0 4 0 0 0 0 0 0 0 0 0 0 0 9 0 0 0 0 0 0 0 0 0 0 0 0 0 0 41 311 0 396 0 90 0 0 0 0 0 64 0 0 0 0 0 0 4
7 8 6 9 8 0 9 11 8 5 9 11 0 18 97 0 8 0 0 0 0 0 0 11 9 0 11 4 0 1082 8 0 0 3 0 0 0 0 7 28 0 11 10 0 0 0 0 0 0 0 200 66 58 117 2349 102 0 0 0 0 0 0 0 108 0 22 0 0 17 21 17 16 0 0 0 8 0 0 0 0 0 0 0 0 0 0 0 13 0 0 0 0 0 0 0 0 0 0 0 0 0 0 71 440 0 565 0 269 28 0 0 0 0 203 0 160 0 0 0 0 6
20 170 9 1 21 3305 647 1046 334 323 1624 670 37 2367 46 0 0 36 35 11 0 3 0 19 1 0 0 801 2082 0 58 3 34 1 17 0 0 6 0 20 3 9 15 0 0 10 31 46 45 5 86 7 0 2 0 17 0 0 0 0 0 41 0 457 355 517 476 436 439 608 198 667 376 318 870 246 0 0 0 0 0 0 0 0 0 12 0 7 510 0 0 0 0 4 0 0 0 0 0 0 0 0 260 26 0 124 50 77 62 26 0 0 0 65 0 64 47 0 0 0 0
2 0 4 1 5 0 12 1 3 0 14 9 0 291 18 0 8 27 20 54 0 0 2 1 1 0 1 17 0 0 66 7 10 0 0 0 0 0 0 191 0 10 15 0 38 21 36 28 38 0 259 20 0 10 14 30 0 0 0 0 0 38 19 91 0 18 0 0 33 33 9 38 0 0 0 2 0 0 0 3 0 0 0 0 0 43 0 139 0 0 195 0 0 0 0 0 0 0 0 0 49 0 59 12 0 16 0 18 9 0 0 0 0 17 0 14 9 413 0 0 0
51 38 45 7 46 100 64 57 20 16 57 129 13 1096 77 1 60 68 79 149 17 17 5 11 8 4 1 51 0 67 159 91 109 9 5 0 0 0 0 2 0 8 6 0 53 39 65 69 118 0 0 39 0 10 51 64 0 0 4793 9 0 33 43 513 0 31 0 0 39 60 18 21 0 0 101 0 0 0 0 0 0 0 0 0 0 7 0 316 0 0 0 0 0 115 0 26 0 0 0 0 0 0 352 54 0 65 37 104 94 77 49 84 77 81 59 90 86 36 209 0 0
0 0 0 557 2660 0 0 0 0 0 0 0 0 0 0 78469 18797 0 0 684 0 0 0 41 6146 0 1964 49 0 0 22 0 0 0 0 0 0 0 2916 0 0 381 0 0 0 30 39 0 0 0 0 1167 0 0 0 0 0 0 0 0 0 0 656 1 0 15 0 0 189 78 12 0 0 0 0 0 0 0 0 0 0 0 0 0 0 0 0 175 0 0 0 0 0 0 0 0 0 0 0 0 0 0 0 0 0 0 0 0 0 0 0 0 0 0 0 0 0 0 0 0 0
