135
0 0 0 0 0 29 0 1 84 67 1666 167 146 107 192 61 16 0 0 0 0 0 0 0 0 0 0 0 0 422 81 873 0 0 100 0 0 48 11 0 0 0 2 0 0 0 71 0 6799 0 32 33 132 21 24 0 0 0 0 44 0 39 36 0 0 7 0 1 0 0 0 5 0 0 0 0 0 0 0 0 0 0 0 0 0 0 0 0 228 0 0 10 0 0 0 0 0 0 0 0 0 0 0 0 0 0 32 0 0 14 3 186 166 0 0 175 0 0 0 0 0 0 0 0 0 0 0 0 0 0 0 26 13 0 0
10 0 467 0 0 9 0 0 817 31 24 649 389 190 35 160 49 0 0 0 0 0 0 0 0 0 0 0 0 0 26 7222 0 0 204 0 16 40 0 43 0 0 0 0 0 10 730 0 1455 0 54 106 0 66 106 0 0 46 0 148 0 135 126 0 0 33 0 4 10 0 0 9 0 0 0 0 0 0 0 0 0 0 0 0 0 0 0 0 707 0 0 70 67 0 0 0 0 0 0 0 0 0 0 0 0 16 165 0 3 54 21 0 0 0 0 0 0 0 0 0 0 0 0 0 0 0 0 0 0 0 0 98 56 117 106
6 0 0 7 2 190 45 0 5578 225 2335 2325 1185 5225 1564 185 93 2 10 0 1 0 1 45 7 1 0 0 0 55 485 5032 3 0 252 9 27 47 36 67 0 10 20 20 0 0 993 0 1396 0 91 109 428 73 111 135 62 43 1 138 0 134 131 0 0 21 0 7 10 0 0 28 0 0 0 10 0 3 0 2 3 49 0 0 4 0 0 0 756 0 0 79 82 0 13 0 13 0 0 0 0 0 0 0 0 3 244 0 14 77 41 569 593 1 0 607 0 0 0 1526 1 1 1 0 0 0 0 0 0 0 0 106 95 64 102
0 0 0 0 0 7 0 0 0 4 30 84 86 15 39 200 93 0 2 0 0 0 1 0 0 0 0 0 304 0 0 3709 3208 0 278 192 112 484 0 81 0 0 7 23 0 0 1416 0 1561 0 0 127 518 87 131 5 0 4 102 196 2109 128 2828 0 0 18 0 0 12 0 0 29 0 0 0 0 0 0 0 0 0 0 0 0 0 0 0 19 965 0 0 411 101 0 0 0 0 0 33 0 0 0 0 0 0 0 183 0 17 80 101 0 0 0 0 0 0 0 0 0 0 0 0 0 0 0 0 0 0 0 0 74 88 287 166
0 0 0 2 0 0 0 0 20 1 14 64 257 29 12 272 102 0 3 0 0 0 1 11 0 0 0 15631 4 0 0 0 0 0 346 50 49 56 78 31 0 28 38 6 0 0 1741 242 1878 0 164 166 688 115 191 7 0 12 125 103 36 129 170 0 0 59 0 5 17 0 0 55 0 0 0 0 0 0 0 0 0 0 0 0 0 0 0 4 1210 0 0 93 103 0 636 0 1027 0 0 2 0 0 0 0 0 34 300 0 0 92 47 0 0 0 0 0 0 0 0 0 0 0 0 0 0 0 0 0 0 0 0 125 88 245 117
0 0 0 0 1 0 1 1 0 0 0 41 19 0 3 42 9 1 1 0 0 0 2 30 2 0 0 0 27 52 51983 0 3 0 52 0 21 112 2 0 0 0 0 7 0 0 171 0 970 0 35 26 102 16 27 49 5 0 19 21 4 25 29 0 0 9 0 2 2 0 0 10 0 0 0 2 1 1 0 0 1 17 2 0 2 0 0 2 183 0 0 34 22 0 4 0 4 0 0 5 0 0 0 0 0 4 47 0 0 23 11 143 173 0 0 112 0 0 0 716 1 0 1 0 0 0 0 0 0 0 0 23 13 31 9
0 1 0 0 0 0 0 3 0 1 3 0 13 1 3 12 0 0 0 0 0 0 0 0 0 0 0 0 0 0 0 0 0 0 0 2763 16 0 1 0 1 0 0 0 0 0 0 0 0 0 0 1 14 2 7 0 0 0 0 0 0 0 0 0 0 0 0 0 0 0 0 0 0 0 0 0 0 0 0 0 0 0 0 0 0 0 0 0 38 0 0 0 0 0 9 0 0 0 0 0 0 4 0 0 0 0 0 0 0 7 0 0 0 0 0 0 0 0 0 0 0 0 0 0 0 0 0 0 0 0 0 2 4 8 0
0 0 29 0 22 0 0 0 73 234 1553 18 5732 42 1618 1343 36 0 14 0 0 0 0 108 0 0 0 137 75 0 0 0 583 0 6347 116 54 129 35 0 0 0 10 34 0 0 574 214 138 0 50 67 289 50 101 0 0 0 49 0 0 2 43 0 0 12 0 0 5 0 0 36 0 0 0 0 0 0 0 0 0 0 0 0 0 0 0 0 825 0 0 140 40 0 8 0 12 0 4 0 0 5 0 0 0 0 222 0 0 75 42 0 0 0 0 0 0 0 0 0 0 0 0 0 0 0 0 0 0 0 0 62 83 284 52
0 0 0 7 0 22 10 0 0 0 19 646 1583 2415 206 102 18 7 35 0 11 1 5 42679 17 4 0 0 240 247 11 0 0 0 98 44 19 226 0 626 836 7 28 24 0 0 390 975 305 0 33 53 15 53 110 2519 236 395 10 248 544 1048 1176 0 0 28 1 12 6 0 13 69 0 2 0 38 10 9 2 5 20 243 0 0 19 0 0 39 356 0 0 33 223 3 176 0 417 0 43 27 0 122 0 0 0 36 322 0 0 228 95 1746 1930 4 1 1692 2 1 1 3586 2 1 2 1 0 0 0 0 0 0 0 45 114 286 166
0 0 0 0 0 1 0 0 121 0 43 0 637 143 0 89 273 64 2 0 163 82 594 0 28185 0 0 0 0 69 0 0 0 0 102 0 81 0 35 74 0 75 29 2 0 0 584 5 0 0 57 49 189 32 51 18 9 54 37 88 36 79 65 0 16 22 4 5 7 0 11 1 0 0 0 0 0 0 0 0 0 0 0 0 4 0 0 9 819 0 0 0 45 4 181 6 560 0 85 2 0 18 114 4 0 9 88 0 0 28 11 0 0 0 2 0 0 0 0 0 2 1 0 2 2 0 0 0 0 0 0 47 27 57 53
0 0 0 0 0 15 0 0 0 0 0 0 601 48 8 58 0 1 0 0 2 1 8 0 0 38243 12 0 0 0 0 0 0 0 72 0 6 66 9 13 0 0 1 31 0 1 369 275 376 0 0 37 1 24 37 0 0 0 0 0 0 52 0 0 0 0 0 1 2 0 3 3 0 0 0 0 0 0 0 0 0 0 0 0 0 0 0 0 250 0 0 130 25 0 142 0 384 0 0 0 0 5 4 0 0 6 71 0 0 22 13 0 0 0 0 0 0 0 0 0 0 0 0 0 0 0 0 0 0 0 0 34 22 50 56
0 0 0 0 0 0 0 0 0 46 410 0 0 92 9 94 0 1 1 0 2 1 8 1141 789 629 1143 0 1293 0 0 0 0 0 118 0 7 39 13 0 0 0 0 29 0 4 0 245 605 0 48 0 11 29 58 0 0 10 1 60 0 56 4 0 0 17 0 0 3 0 0 0 0 0 0 0 0 0 0 0 0 0 0 0 0 0 0 3 45 0 0 17 31 0 219 0 413 0 0 0 0 0 20 0 0 8 77 0 0 31 12 1 0 0 0 0 0 0 0 0 0 0 0 0 0 0 0 0 0 0 0 48 28 2 334
0 0 0 0 0 0 0 0 0 0 0 78 0 0 729 4 0 0 0 0 0 0 0 0 0 0 0 0 0 73 0 0 0 0 12 38 35 56 0 0 0 0 0 1 0 0 0 288 0 0 2 1 22 0 5 23 0 0 0 0 0 0 0 0 0 0 0 0 0 0 0 0 0 0 0 0 0 0 0 0 0 0 0 0 0 0 0 0 0 0 0 62 0 0 18 0 1 0 0 0 0 5 0 0 0 0 73 0 0 21 7 0 0 0 0 0 0 0 0 0 0 0 0 0 0 0 0 0 0 0 0 4 3 0 1
0 0 0 0 0 2 0 0 0 0 0 0 110 0 18 55 61 1 0 0 2 1 8 974 0 0 0 0 36714 0 0 0 0 0 111 81 56 392 0 26 0 0 0 16 0 0 391 0 2606 0 4 39 154 25 38 11 0 12 27 65 16 60 49 0 0 13 0 2 0 0 8 44 0 0 0 0 0 0 0 0 0 0 0 0 0 0 0 0 269 0 0 148 37 0 157 0 441 0 21 0 0 0 0 0 0 2 60 0 0 27 0 0 0 0 0 0 0 0 0 0 0 0 0 0 0 0 0 0 0 0 0 54 24 52 55
0 0 0 0 0 0 0 0 0 0 0 0 0 0 0 20 0 0 6 0 0 0 0 0 0 0 0 0 0 26 0 0 0 0 24 0 0 1 5 0 0 0 2 0 0 0 107 165 0 0 11 10 50 7 14 0 0 0 0 0 0 485 6 0 0 0 0 0 0 0 0 9 0 2 33 0 0 0 0 0 0 0 0 0 0 0 0 0 222 0 0 0 5 0 46 0 0 0 0 1 3 7 8 2 0 2 21 0 0 12 4 0 0 0 0 0 0 0 0 0 0 0 0 0 0 0 0 0 0 0 0 27 7 1 2
0 0 0 0 0 0 0 0 0 0 0 0 0 0 0 0 0 0 0 0 0 0 0 0 1 0 0 0 0 49 0 0 0 0 57 0 0 0 3044 1224 2 657 0 229 0 0 0 0 0 0 0 0 0 0 0 0 0 0 0 0 0 0 0 0 0 0 0 0 0 0 0 83 0 0 0 0 0 0 0 0 0 0 0 0 0 0 0 0 0 0 0 0 0 0 0 0 0 0 0 0 0 0 0 0 0 0 0 0 0 15 2 1 1 0 0 1 0 0 0 0 0 0 0 0 0 0 0 0 0 0 0 0 0 9 0
0 0 0 0 0 0 35 0 0 0 72 180 157 0 4 25 0 0 0 0 0 0 0 0 0 0 0 0 0 0 0 0 0 31701 30 0 0 0 0 0 0 0 0 42 0 0 95 499 9 0 10 11 50 8 15 0 0 0 7 0 0 0 4 0 0 0 0 0 0 0 0 0 0 0 0 0 0 0 0 0 0 0 0 0 0 0 0 0 125 0 0 294 2 0 45 0 0 0 0 0 0 0 3 1 0 0 27 0 0 11 24 0 0 0 0 0 0 0 0 0 0 0 0 0 0 0 0 0 0 0 0 17 15 5 24
0 1 0 0 0 0 0 0 0 0 0 0 1 0 0 0 0 0 0 0 0 1 0 0 0 0 0 0 0 82 0 0 0 0 1 0 0 0 0 0 0 0 0 15336 0 0 0 71 0 0 0 0 0 0 0 44 0 0 0 0 0 0 0 0 1 0 0 0 0 0 0 42 1 2 29 0 0 0 0 2 0 0 0 0 106 1 0 0 4 0 0 0 0 0 1 0 0 0 0 0 0 0 0 1 0 0 0 0 0 5 0 1 1 1 1 1 1 1 1 0 1 1 1 1 1 1 1 1 1 1 0 0 0 0 0
1 1 0 0 0 0 2 0 0 0 0 0 1 1 0 0 1 0 0 0 0 0 0 0 1 0 0 0 0 0 0 0 0 0 0 0 0 0 0 0 7 0 0 58 0 0 0 0 0 0 0 0 0 0 0 1 1 0 0 0 0 0 0 0 0 0 0 0 0 0 0 0 0 0 0 0 0 0 0 0 0 6 0 0 0 0 0 0 0 0 0 0 0 0 0 0 0 0 0 0 0 0 0 0 0 0 0 0 0 0 0 6 6 0 0 6 0 0 0 3 0 0 0 0 0 0 0 0 0 0 0 0 0 0 0
64 147 90 70 63 352 329 90 129 2 43 309 273 185 226 232 1 1 534 0 78359 0 0 8 12 4 7 11 20 37 4 0 15 13 9 2 0 0 0 110 4 0 0 43 323 543 800 5236 555 0 857 894 213 255 88 1171 592 0 31 31 13 28 387 0 0 0 0 0 19807 0 0 25513 0 0 66536 0 0 0 0 1 0 3 0 0 2895 0 0 0 273 0 0 0 0 0 1412 0 22 0 35 0 0 0 0 0 0 0 27 0 0 74 36 3 3 0 0 3 0 0 0 1 0 0 0 0 0 0 0 0 0 0 0 77 0 35 152
0 0 0 1 0 2 0 1 0 0 0 0 0 0 1 1 0 2437 0 0 0 3127 22551 0 0 0 0 0 0 0 1 0 3 0 0 0 0 0 0 0 0 0 0 0 246 1 0 0 0 0 33 1 0 0 0 3 0 0 0 0 0 0 0 0 617 0 0 1 0 0 0 2 9 0 0 0 0 0 0 0 0 0 0 0 19 0 22 0 0 0 0 0 0 0 2 0 20 0 0 0 0 0 0 0 0 0 0 0 0 0 0 0 0 10 71 0 17 13 0 0 85 40 0 58 68 1 1 0 2 2 0 0 0 0 0
0 0 0 0 0 0 0 0 0 0 0 0 0 0 0 0 0 0 0 0 0 0 0 0 0 0 0 0 0 2 0 0 0 0 0 0 0 0 0 0 0 0 0 0 0 0 0 0 0 0 0 0 0 0 0 0 0 25 0 0 0 0 0 0 0 0 0 0 0 0 0 0 0 0 0 0 0 0 0 0 0 0 0 0 0 0 0 0 0 0 0 0 0 0 1 0 0 0 0 0 0 0 0 0 0 0 0 0 0 0 0 0 0 0 0 0 0 0 0 0 0 0 0 0 0 0 0 0 0 0 0 0 0 0 0
0 0 0 0 0 0 0 0 0 0 0 0 0 0 0 0 0 3 0 0 0 0 0 0 0 0 0 0 0 1 0 0 0 0 0 0 0 0 0 0 0 0 0 0 0 0 0 0 0 0 0 0 0 0 0 0 0 0 0 0 0 0 0 0 0 0 0 0 0 0 0 0 0 0 0 0 0 0 0 2 0 0 0 0 0 0 0 0 0 0 0 0 0 0 0 0 0 0 0 0 0 0 0 0 0 0 0 0 0 0 0 0 0 0 0 0 0 0 0 0 0 0 0 0 0 0 0 0 0 0 0 0 0 0 0
10 8 0 4 0 0 24 0 0 18 11 0 61 0 40 22 8 33 2 0 0 33 26 0 17 18 0 0 0 240 0 0 0 0 15 0 0 54 1 0 8 0 0 5 0 2 0 144 0 0 0 5 24 4 6 13 1 0 1 2 0 4 5 0 34 0 0 2 1 0 0 0 34 1 0 0 3 2 0 31 0 1 4 0 15 34 0 2 144 0 0 385 2 0 2535 0 2 0 0 0 0 7 0 0 0 0 26 0 0 37 97 5 4 34 34 3 34 34 34 1 34 34 34 34 34 34 34 34 34 34 34 61 19 48 4
1 0 0 0 0 0 1 0 0 0 0 0 4 4 2 0 1 19 0 0 0 26 14 0 0 0 0 0 0 138 0 0 0 0 0 0 0 0 0 0 18760 0 0 1 0 0 0 0 0 0 0 0 5 0 0 0 0 0 0 0 0 0 0 0 18 0 0 0 0 0 0 0 5 0 0 0 1 0 0 5 0 0 0 0 1 6 0 0 0 0 0 0 0 0 0 0 0 0 0 0 0 0 0 0 0 0 0 0 0 0 3 0 0 2 7 0 2 2 13 0 6 3 2 12 13 8 9 7 8 6 5 2 0 0 0
5 7 0 4 4 7 68 12 0 7 0 0 33 24 24 62 11 65 4 0 1 134 106 0 24 0 0 24 0 339 3 0 0 0 61 0 4 12 19 0 21 0 0 0 0 5 155 153 60 0 19 19 92 16 29 51 2 0 1 0 3 18 13 0 138 0 0 0 0 0 2 6 139 5 0 0 24 0 0 84 0 3 13 0 50 139 0 0 209 0 0 249 12 0 111 0 25 0 0 0 0 17 0 2 0 0 54 0 0 29 65 8 7 138 139 5 139 139 139 1 138 139 138 139 139 139 139 139 139 139 139 41 15 63 12
9 11 3 15 5 20 38 14 185 142 0 0 134 493 279 42 83 31 3 0 0 65 51 93 163 145 0 0 0 319 0 0 0 0 36 0 656 492 0 0 20 0 0 0 0 0 92 154 0 0 0 10 54 6 18 49 0 0 0 0 0 0 3 0 67 0 0 0 0 0 0 2 68 2 0 0 17 0 0 41 0 1 0 0 25 68 0 0 248 0 0 237 0 0 121 0 14 0 0 0 0 14 0 0 0 0 41 0 0 108 65 3 3 68 68 2 68 68 68 1 68 68 68 68 68 68 68 68 68 68 68 66 31 69 13
10 11 18 11 0 66 43 0 1202 91 709 242 284 829 19 18 58 7 3 0 0 0 0 75 149 0 263 0 227 172 1 0 188 0 14 0 0 5 0 0 12 0 0 3 0 0 0 163 0 0 0 34 5 3 21 67 0 0 0 0 0 0 0 0 0 0 0 0 0 0 0 9 0 0 0 16 0 0 0 6 4 23 0 0 9 0 0 0 81 0 0 142 0 0 6 0 0 0 0 0 0 0 11 0 0 0 10 0 0 51 66 539 528 1 0 519 0 0 0 615 0 0 0 0 0 0 0 0 0 0 0 4 20 56 0
122 19 37 0 0 0 50 0 0 75 602 0 8 0 26 48 186 159 3 0 0 46 36 132 84 50 266 0 0 300 0 0 123 1183 63 0 6 88 0 0 19 0 0 37 0 0 0 0 0 0 0 20 74 15 21 35 0 0 0 25 0 24 18 0 47 0 0 12 13 0 0 3 47 0 0 0 20 12 0 112 0 3 0 0 41 47 0 0 152 0 0 703 6 0 41 0 3 0 0 0 0 0 0 0 0 0 43 0 0 188 215 5 5 47 47 4 47 47 47 1 47 47 47 47 47 47 47 47 47 47 47 77 90 364 22
0 5 0 1 1 0 2 1 0 0 3 24 0 20 0 0 4 0 0 0 0 0 0 0 0 0 0 0 0 0 0 0 0 345 0 0 0 0 0 0 8 0 0 0 0 0 0 178 0 0 0 0 0 0 0 0 0 0 0 0 0 0 0 0 0 0 0 0 0 0 0 0 0 0 0 0 0 0 0 0 0 0 0 0 0 0 0 0 0 0 0 0 0 0 0 0 0 0 0 0 0 0 0 0 0 0 0 0 0 6 34 4 4 0 0 3 0 0 0 0 0 0 0 0 0 0 0 0 0 0 0 0 0 20 0
0 0 0 2 1 0 44 7 0 7 17 37 25 299 4 37 7 0 1 0 0 1 0 27 58 0 69 0 258 271 0 0 614 127 50 0 0 0 7 0 1 0 0 0 0 0 151 166 0 0 18 18 96 14 24 1 0 0 0 0 3 0 3 0 1 1 0 0 0 0 0 4 1 4 0 0 24 0 0 0 0 0 12 0 41 1 0 3 164 0 0 0 5 0 69 0 0 0 0 0 0 12 13 0 0 3 42 0 0 23 16 0 0 1 1 0 1 1 1 0 1 1 1 1 1 1 1 1 1 1 1 17 15 44 0
0 0 0 0 50 185 179 75 3036 1662 149 7095 5003 5887 3187 199 592 153 14 3 0 45 35 1234 1459 2204 5828 1379 694 345 622 0 3086 0 140 88 108 517 0 39 53 0 0 35 0 0 319 346 172 0 0 62 218 48 112 55 15 0 0 24 0 33 46 0 46 0 0 2 23 0 0 0 46 9 0 2 68 11 0 109 0 4 15 0 93 46 0 8 521 0 0 131 20 0 257 78 155 0 0 0 0 2 11 0 0 0 319 0 135 268 384 15 14 46 46 12 46 46 46 2 46 46 46 46 46 46 46 46 46 46 46 280 275 459 91
10 12 0 0 4 0 45 0 760 196 511 878 467 1033 280 45 189 15 3 0 0 31 24 63 125 153 210 0 0 120 0 0 0 0 56 0 0 267 0 0 16 0 0 0 0 0 9 0 0 0 0 17 78 13 19 28 0 0 0 0 0 1 3 0 31 0 0 0 0 0 0 0 32 0 0 0 4 0 0 19 0 1 0 0 36 32 0 0 357 0 0 480 6 0 71 0 14 0 0 0 0 0 0 0 0 0 10 0 0 131 162 3 3 32 32 2 32 32 32 1 32 32 32 32 32 32 32 32 32 32 32 61 146 149 41
13 8 2 15 5 7 38 12 282 50 361 106 11 385 3 33 0 86 4 0 0 27 21 462 327 963 2157 135 0 0 0 225 215 0 36 0 20 157 0 0 5 0 0 19 0 0 0 128 0 0 0 11 47 8 18 5 0 0 0 10 0 13 9 0 27 0 0 12 6 0 0 23 28 1 0 2 14 7 0 61 0 1 0 0 33 28 0 0 199 0 0 748 0 0 28 0 7 0 0 0 0 0 2 0 0 0 51 0 16 132 157 2 2 28 28 2 28 28 28 1 28 28 28 28 28 28 28 28 28 28 28 17 47 66 7
0 0 0 0 0 0 2 0 0 0 0 0 0 0 0 0 0 0 2 0 1 3 2 0 4 0 0 0 0 275 0 0 0 0 0 0 0 0 0 0 4 0 0 36 0 0 10 158 0 0 11 10 53 10 19 101 0 0 0 0 0 0 9 0 3 0 0 0 0 0 0 0 3 0 0 16 0 0 0 2 4 26 0 0 35 3 0 0 118 0 0 0 0 0 49 0 0 0 0 0 0 14 0 0 0 0 0 0 0 32 25 590 594 4 3 581 4 3 3 699 4 3 4 3 3 3 3 3 3 3 3 0 0 63 0
250 152 0 0 0 39 0 0 0 1 7 77 0 0 41 95 492 87 10 0 0 23 18 44 92 10 18 56 39 470 28 0 70 43 295 0 11076 2107 165 66 205 460 11 520 0 14 580 40 507 0 180 61 296 64 170 33 0 0 52 66 26 91 96 0 24 0 0 0 91 189 45 1002 24 9 0 1 88 7 0 61 1 1 0 0 115 24 79 11 659 0 0 36 29 0 712 209 796 0 0 0 0 0 17 0 0 0 261 0 73 62 191 42 42 24 24 6 24 24 24 1 24 24 24 24 24 24 24 24 24 24 24 361 105 716 171
10 0 0 0 0 0 0 0 0 0 0 0 0 0 2 19 25 2 25 21 0 3 3 4 9 0 0 7 0 176 2 0 5 0 14 0 0 0 9 0 5 0 0 5 0 0 0 126 0 0 4 73 12 12 42 46 18 0 5 0 0 6 29 0 4 2 0 7 0 0 0 0 4 2 0 5 38 0 0 2 4 2 0 0 19 4 0 58 74 0 0 0 24 0 23 47 211 46 0 0 0 3 11 0 0 0 25 0 103 58 92 122 123 4 4 114 4 4 4 2 4 4 4 4 4 4 4 4 4 4 4 87 144 366 13
0 0 0 0 0 0 16 0 0 1 0 0 0 0 0 36 8 1 8 0 0 1 1 0 8 0 0 0 0 292 0 0 0 0 49 0 139 0 15 0 3 0 0 54 0 3 96 132 0 0 21 49 79 20 30 26 0 0 4 2 2 14 102 0 1 0 0 0 20 73 16 202 1 8 0 1 23 0 0 1 0 1 0 0 71 1 0 29 208 0 0 0 39 0 80 0 3 0 0 0 0 18 26 0 0 0 21 0 0 28 20 5 5 1 1 4 1 1 1 1 1 1 1 1 1 1 1 1 1 1 1 37 34 157 18
0 22 0 61 0 0 0 0 4 0 0 0 7 34 0 0 48 12 7 5 0 25 20 0 8 0 0 17 54 137 0 2 103 27 53 0 0 0 0 2090 50 283 7 854 0 0 0 0 0 0 0 171 118 15 34 35 0 0 0 0 0 19 86 0 26 0 0 0 9 0 55 1911 26 0 0 1 0 0 0 16 0 3 0 0 1 26 1852 0 57 0 0 0 275 0 41 0 6 0 0 0 0 0 0 0 0 0 25 0 26 58 31 70 70 26 26 8 26 26 26 3 26 26 26 26 26 26 26 26 26 26 26 34 59 284 13
38 0 0 0 0 219 2 2 0 0 0 196 191 0 1 0 70 3 6 0 0 7 5 144 159 135 82 72 39 659 49 0 47 48 230 0 26 54 0 0 3 5695 0 377 0 0 1090 159 1359 0 81 100 382 61 101 20 0 83 0 170 0 156 136 0 8 0 0 6 0 0 0 1 8 0 0 4 0 0 0 5 1 9 0 0 0 8 0 0 1307 0 0 0 59 0 676 0 1074 0 0 0 0 0 59 0 0 0 135 0 0 41 17 127 127 8 8 127 8 8 8 0 8 8 8 8 8 8 8 8 8 8 8 112 35 103 100
0 0 0 0 0 0 0 0 0 0 0 0 0 0 0 0 0 0 0 0 0 0 0 0 0 0 0 0 0 0 0 0 0 0 0 0 0 0 0 0 0 0 0 0 0 0 0 0 0 0 0 0 0 0 0 0 0 0 0 0 0 0 0 0 0 0 0 0 0 0 0 0 0 0 0 0 0 0 0 0 0 0 0 0 0 0 0 0 0 0 0 0 0 0 0 0 0 0 0 0 0 0 0 0 0 0 0 0 0 0 0 0 0 0 0 0 0 0 0 0 0 0 0 0 0 0 0 0 0 0 0 0 0 0 0
3 54 0 244 0 34 15 13 0 0 58 16 13 15 6 0 30 10 27 32 0 21 17 521 719 1063 477 377 1050 207 172 752 1088 556 1246 0 127 357 0 0 11 0 3945 10 0 123 0 218 0 0 589 1382 337 274 268 49 0 0 0 3 31 11 85 0 22 12 0 0 130 0 0 295 22 0 0 10 0 1 0 7 0 224 0 0 26 22 32 0 253 0 0 119 13 0 332 0 40 0 269 46 0 136 35 0 0 45 462 0 321 284 275 94 103 22 22 107 22 22 22 2 22 22 22 22 22 22 22 22 22 22 22 192 214 702 11
0 3 0 0 0 1 5 0 0 0 0 16 7 8 0 22 4 7 20 25 1 15 12 64 56 23 112 37 106 172 1 153 145 97 147 0 56 11 0 35 36 0 0 5 0 71 0 332 0 0 55 141 35 58 79 52 5 0 0 0 0 6 61 0 15 0 0 0 5 0 6 107 15 5 0 34 14 0 1 9 36 211 34 22 42 15 0 241 682 0 263 0 47 0 145 0 57 0 0 0 211 880 115 0 0 0 2309 0 563 1088 305 362 364 16 15 354 15 15 15 55 15 15 15 15 15 15 15 15 15 15 15 1008 577 874 14
1 0 0 0 0 0 1 0 0 0 0 0 0 0 0 0 0 0 0 0 136 68 496 0 0 0 0 0 0 0 0 0 0 0 0 0 0 0 0 0 1 0 0 0 0 0 0 0 0 0 0 0 0 0 0 56 0 0 0 0 0 0 0 0 14 0 0 0 0 0 0 0 0 0 0 0 0 0 0 0 0 0 0 0 1 0 0 0 0 0 0 0 0 0 0 0 0 0 0 0 0 0 0 0 0 0 0 0 0 0 0 0 0 0 2 0 0 0 0 0 2 1 0 1 1 0 0 0 0 0 0 0 0 0 0
831 429 466 107 669 2268 414 3646 68 1571 277 253 417 142 3575 1221 62 43225 63 0 0 89737 70816 156 351 223 219 218 156 1589 39 47 66 26 111 525 64 154 166 1092 5778 255 63 581 0 713 726 1177 0 22 8 78 1159 40 9 3746 0 37 106 96 33 123 288 0 92194 0 0 0 0 0 892 103 92805 40 0 431 175 1134 226 56720 0 16 0 0 442 92815 0 0 0 0 0 0 179 0 0 0 585 0 0 0 0 0 16 0 0 0 0 0 935 22 213 536 465 92689 92713 322 92743 92773 92792 11 92636 92746 92705 92727 92722 92811 92808 92810 92807 92806 92808 3508 0 111 173
2796 0 1209 423 919 6 4177 423 1718 248 0 0 4624 1426 1 2485 1743 29325 2 0 0 61 47 0 4134 0 2417 1297 1920 8342 1307 261 1164 1702 3342 0 869 0 1248 4413 1450 0 0 7991 0 0 0 0 0 0 1981 2120 7587 1853 2239 422 0 0 0 5211 0 4489 3255 0 62 938 4979 4261 4324 0 479 0 62 573 283 3 3973 2652 861 17876 1 8 2752 533 3447 62 41 0 0 0 0 80 1403 116 7 0 2 1193 201 158 110 484 645 0 0 243 0 0 0 426 28 44 39 61 62 34 61 61 62 5 62 61 61 62 62 62 62 62 62 62 62 1585 558 0 2455
0 0 0 0 0 0 284 0 0 0 0 1 5 0 0 43 0 143 14 0 8 296 235 2 30 0 0 18 10 192 0 0 0 50 0 0 5 0 25 0 483 20 8 275 0 53 0 200 54 0 58 65 85 33 61 348 0 0 41 0 0 69 119 9 306 18 0 0 9 0 0 18 307 0 0 105 147 0 77 186 0 3 194 51 100 307 0 33 134 0 0 0 0 0 74 0 65 0 5 31 20 21 23 1 0 12 0 16 0 4 12 405 382 307 307 393 307 307 308 510 307 307 307 307 307 307 307 307 307 307 307 110 93 9 0
827 1960 1055 227 0 427 596 0 0 0 0 0 0 7 0 11 0 0 29 0 11 0 0 0 62 0 0 0 7 0 0 0 22 0 0 0 0 0 16 0 549 0 0 1 0 281 0 0 0 0 0 0 0 116 99 83 0 0 0 0 0 0 29 0 0 0 0 0 0 0 0 0 0 0 0 130 0 0 0 0 0 566 1 0 173 0 0 0 215 0 0 0 0 0 0 0 0 0 0 0 0 0 0 0 3 0 0 0 0 0 178 1466 1559 3 1 1432 1 1 0 1152 2 1 2 0 0 0 0 0 0 0 0 58 0 3 0
0 0 0 0 0 0 100 0 0 98 0 0 75 0 102 144 0 2120 32 0 24 4404 3475 66 108 0 69 599 182 1199 9 0 142 66 115 0 21 5 254 0 1094 201 137 154 69 252 0 1211 0 0 202 165 85 129 213 437 0 0 296 0 56 347 163 69 4525 75 0 52 87 0 0 159 4554 3 47 33 14 45 89 2781 13 79 21 0 83 4555 200 37 304 0 0 75 39 27 104 0 33 0 21 29 50 85 99 34 0 49 387 56 123 140 250 313 278 4549 4550 233 4551 4553 4554 25 4546 4551 4549 4551 4550 4555 4554 4555 4554 4554 4554 219 110 332 0
142 390 251 0 123 234 663 360 238 9 194 276 236 240 399 190 402 11 2 210 25 26 21 730 974 3 818 683 6 588 122 3 7 8 396 726 483 2559 659 529 56 1699 883 219 0 440 633 1 765 0 1270 314 365 469 639 364 242 125 197 160 126 200 653 626 27 4 1181 1119 1049 45 845 10 27 18 120 13 103 182 81 16 31 1 137 147 345 27 10 2 602 4 4 289 226 2 4516 229 904 547 667 3 85 137 112 165 0 237 12 270 0 161 4 1012 948 28 27 970 27 27 27 1 27 27 27 27 27 27 27 27 27 27 27 279 320 10 175
0 0 0 4 0 0 4 0 0 0 10 0 0 0 0 6 0 14 39 0 0 30 24 31 12 0 9 73 161 119 0 126 710 12 0 0 0 0 101 0 74 0 0 1028 0 0 0 12 0 0 0 4 0 22 0 73 0 0 0 0 0 0 0 0 31 0 0 27 113 0 0 163 31 0 0 3 0 0 0 19 9 1 0 0 0 30 340 153 5 0 0 0 0 0 7 0 0 0 0 0 0 0 0 0 0 0 249 0 0 102 57 4 4 31 31 3 31 31 31 1 31 31 31 31 31 31 31 31 31 31 31 0 40 31 0
0 0 0 0 0 0 0 0 0 0 0 0 0 0 0 4 0 12 1 0 0 26 20 0 0 0 0 0 0 290 0 0 0 0 0 0 0 0 0 0 30 0 0 707 0 0 0 99 0 0 0 0 0 36 0 35 0 0 0 0 0 0 0 0 27 0 0 128 0 0 0 0 27 0 0 2 0 0 0 16 4 1 0 0 5 26 1226 0 0 0 0 0 0 0 5 0 18 0 0 0 0 0 0 0 0 0 0 0 10 26 65 2 2 27 27 1 27 27 27 1 27 27 27 27 27 27 27 27 27 27 27 5 0 24 0
0 0 0 0 0 0 0 0 0 0 0 0 0 0 0 5 0 13 0 0 0 27 21 0 0 0 0 0 0 54 0 0 0 0 0 0 0 0 0 0 17 0 0 1114 0 0 0 78 0 0 50 79 0 37 0 48 0 0 0 0 200 0 0 0 26 0 0 0 0 0 0 0 29 0 0 1 0 0 0 17 5 1 0 0 0 16 218 0 213 0 0 0 0 0 3 0 0 0 0 0 0 1 0 0 0 0 0 0 0 3 3 1 1 29 29 1 29 29 29 0 29 29 29 29 29 27 28 29 28 29 29 2 1 5 0
0 0 0 0 0 0 0 0 0 0 0 0 5 0 0 4 0 18 34 0 3 37 29 0 2 0 0 0 0 66 0 0 0 0 0 0 0 0 0 0 1404 0 0 1022 0 0 0 0 0 0 0 0 0 0 417 93 0 0 0 0 0 0 0 0 37 0 0 0 0 0 0 3 37 0 0 11 0 0 0 22 52 4 0 0 50 36 2117 0 623 0 0 0 0 0 362 0 0 0 0 0 0 0 0 0 0 0 0 0 8 7 14 7 7 37 37 6 37 37 37 4 37 37 37 37 37 37 37 37 37 37 37 23 0 38 0
0 0 0 0 0 0 0 0 0 0 0 0 0 0 0 7 0 11 66 0 2 26 20 0 3 0 0 0 0 88 0 0 0 0 0 0 0 0 0 0 152 0 0 1729 0 0 0 0 0 0 370 1485 1281 0 0 596 0 0 1450 0 0 0 81 0 26 0 0 0 0 0 0 0 27 0 0 1 0 0 0 16 11 4 0 0 0 26 722 0 0 0 0 0 0 0 6 0 0 0 0 0 0 0 0 0 0 0 0 0 0 53 3 165 163 27 27 157 27 27 27 2 27 27 27 27 27 27 27 27 27 27 27 0 16 5 20
0 1 0 0 0 0 3 0 0 0 0 1 0 0 0 2 1 0 0 0 0 2 1 0 1 0 0 0 0 11 0 0 0 0 0 0 0 0 0 0 81 0 0 0 0 0 0 0 0 0 0 0 0 0 0 0 0 0 0 0 0 0 0 0 2 0 0 0 0 0 0 0 2 0 0 0 3 0 0 0 1 0 0 0 0 1 0 0 0 0 0 0 0 0 4 0 0 0 0 0 0 0 0 0 0 0 0 0 0 0 0 2 2 2 2 0 2 2 2 0 2 2 2 2 2 2 2 2 2 2 2 0 0 0 2
18 18 0 19 6 0 105 16 0 0 1 51 72 12 1 88 35 157 0 0 4 7 5 0 56 0 32 9 22 402 16 0 29 164 38 11 0 19 174 66 2 50 0 180 39 33 315 159 223 0 82 276 216 970 491 637 0 155 107 176 272 0 6367 1112 7 339 957 212 167 1408 1371 591 7 0 0 6 70 17 0 116 28 0 28 0 146 7 0 48 334 0 0 0 0 0 161 0 154 36 0 5 0 0 0 0 0 0 208 0 2 32 11 59 55 7 7 1 7 7 7 0 7 7 7 7 7 7 7 7 7 7 7 48 25 72 77
3 0 0 0 0 26 74 10 0 0 2 0 41 0 22 64 22 17 28 9 4 0 12 27 29 28 21 48 27 531 6 20 23 23 35 7 15 17 26 0 97 17 23 257 0 55 284 410 124 0 45 151 151 40 76 428 0 0 5 16 0 25 26 0 16 28 0 7 77 0 12 4 16 9 0 33 55 12 0 16 19 202 54 0 86 16 61 45 281 0 0 36 41 0 149 0 43 0 0 16 0 102 41 53 0 9 147 0 0 104 82 2245 2391 21 17 2402 17 17 16 3796 21 18 21 16 16 16 16 16 16 16 16 44 67 139 21
6 5 0 0 0 0 4 0 0 0 1 0 4 0 1 2 0 36 17 0 1 28 22 0 5 0 7 3 1 211 1 55 476 1 1 0 0 0 2 1 771 109 116 618 0 46 0 99 0 0 243 192 46 5 0 152 0 0 0 11 0 0 5582 505 28 75 169 0 168 150 264 572 28 0 0 0 0 0 0 31 6 1 0 0 0 28 14 0 0 0 0 0 0 0 3 0 0 0 0 0 0 0 0 0 0 0 34 0 0 14 6 3 3 28 28 2 28 28 28 0 28 28 28 28 28 28 28 28 28 28 28 0 5 16 2
0 0 0 0 0 0 60 2 0 0 1 0 27 0 2 49 8 6 4 0 0 13 10 0 9 2 3 26 0 393 2 0 5 0 59 0 0 0 11 0 53 0 5 248 0 0 255 271 16 0 28 54 114 19 38 117 0 0 0 0 0 0 131 0 14 8 0 4 0 0 0 0 14 1 0 4 40 1 0 9 2 10 26 0 61 14 0 5 215 0 0 3 14 0 106 0 30 0 0 7 0 27 18 10 0 6 48 0 0 29 12 59 68 14 14 0 14 14 14 0 14 14 14 14 14 14 14 14 14 14 14 24 21 58 8
14 7 1 0 0 0 38 2 0 0 9 6 16 0 7 38 8 78 6 0 1 19 15 2 15 0 12 24 7 342 0 2 8 9 50 0 5 0 14 8 205 0 11 258 0 48 34 271 0 0 26 24 0 26 39 1244 0 15 4 17 0 0 443 0 18 24 509 88 127 0 50 12 20 2 0 14 19 9 12 54 16 46 0 0 57 14 0 26 137 0 0 0 0 0 59 0 11 0 0 0 0 0 9 14 0 0 89 0 0 39 30 820 885 21 20 834 20 20 20 1344 21 20 21 20 20 19 19 19 19 20 20 23 21 54 10
0 0 0 0 0 0 4 0 0 0 0 0 0 0 0 8 0 26 3 0 1 55 43 0 1 0 3 2 0 201 0 0 0 0 0 0 0 0 0 0 121 0 0 691 0 0 0 76 0 0 18 149 41 6 101 83 134 0 2899 2667 1263 0 1162 0 57 20 0 100 20 0 0 184 57 0 0 55 0 1 0 35 10 1 0 0 9 57 0 0 29 0 0 0 0 0 7 0 0 0 0 0 0 6 4 0 0 0 0 0 0 11 12 3 3 57 57 2 57 57 57 0 57 57 57 57 57 57 57 57 57 57 57 9 6 1 0
0 0 0 0 0 0 6 0 0 0 0 0 4 0 0 9 0 20 73 0 0 23 18 0 4 0 0 2 0 137 0 0 0 0 0 0 0 0 0 0 377 0 0 315 0 0 0 0 0 0 5 17 10 39 0 479 0 0 0 0 0 0 0 0 24 0 0 0 0 286 35 0 24 0 0 3 0 2 0 31 18 1 0 0 21 24 589 0 34 0 0 0 255 0 7 0 0 0 0 0 0 4 0 0 0 0 0 0 0 7 2 1 1 24 24 1 24 24 24 0 24 24 24 24 24 24 24 24 24 24 24 4 0 0 0
45 310 184 469 97 57 124 159 93 5 133 107 112 228 6 131 109 65 294 407 1 23 19 187 124 160 188 273 553 220 23 368 1159 682 284 150 130 331 751 195 62 312 157 387 374 164 0 207 0 0 431 1270 290 578 802 1077 0 235 0 110 7 225 2227 0 24 673 467 361 715 1290 1045 1253 24 17 0 87 128 9 61 48 134 3 256 306 396 24 0 406 597 0 121 81 164 168 4916 662 3298 313 356 310 0 51 152 36 0 13 1048 0 262 158 104 554 604 25 25 509 25 25 24 837 26 24 25 24 24 24 24 24 24 24 24 238 158 466 168
0 0 0 0 0 0 0 0 0 0 0 0 0 0 0 0 0 0 0 0 0 0 0 0 0 0 0 0 0 0 0 0 0 0 0 0 0 0 0 0 0 0 0 0 0 0 0 0 0 0 0 0 0 0 0 0 0 0 0 0 0 0 0 0 0 0 0 0 0 0 0 0 0 0 0 0 0 0 0 0 0 0 0 0 0 0 0 0 0 0 0 0 0 0 0 0 0 0 0 0 0 0 0 0 0 0 0 0 0 0 0 0 0 0 0 0 0 0 0 0 0 0 0 0 0 0 0 0 0 0 0 0 0 0 0
0 0 0 0 0 0 6 0 0 0 2 0 5 0 8 13 1 0 50 45 274 1 0 3 7 4 33 31 19 119 0 35 52 17 2 5 0 44 17 18 7 0 2 308 3 0 0 41 0 0 6 59 81 227 114 48 0 0 0 0 0 0 13 0 1 0 0 187 0 0 0 0 1 129 0 1157 674 1 54 1 792 3 262 236 747 1 16 31 39 0 0 12 3 0 159 0 1 0 0 143 0 38 33 0 0 0 205 0 197 281 101 163 158 1 1 96 1 1 1 2 1 1 1 1 1 1 1 1 1 1 1 65 118 320 0
198 73 48 127 29 86 99 62 0 0 30 109 276 103 1 115 95 12 163 224 1 16 12 30 60 53 43 54 83 379 23 45 178 31 178 46 37 88 118 97 22 42 79 318 109 0 405 184 329 0 393 56 188 116 152 228 0 14 0 60 0 147 145 0 17 1129 0 385 503 1127 632 150 17 329 496 323 1047 4 1247 13 419 2 752 682 1467 17 0 498 346 0 105 82 937 176 670 79 396 318 236 0 17 46 50 47 1 453 1257 0 228 188 86 1072 964 18 17 1009 18 17 17 1 17 17 17 17 17 17 17 17 17 17 17 107 236 0 169
0 0 0 9 0 0 40 8 0 0 0 3 6 0 1 58 11 0 11 19 0 0 0 0 7 3 5 29 0 285 2 0 164 0 60 34 0 76 77 0 2 89 107 168 99 0 109 135 0 0 0 0 138 120 54 62 0 0 74 0 0 0 233 0 1 0 0 0 1446 478 355 248 1 3 0 13 25 1 0 0 5 4 34 13 71 1 202 154 275 0 0 0 52 0 243 0 1 3 12 0 0 27 57 0 0 356 815 0 0 120 83 3 3 1 1 3 1 1 1 1 1 1 1 1 1 1 1 1 1 1 1 65 341 499 57
8 0 0 0 0 0 16 0 0 0 0 0 18 1 0 13 21 91 48 0 0 12 9 0 17 0 11 8 0 184 3 0 5 0 37 0 5 0 0 3 22 0 0 275 46 0 0 40 0 0 0 96 29 7 22 63 0 0 0 18 0 0 30 0 13 266 0 0 0 92 496 1 13 0 0 9 11 9 0 66 6 8 1 0 257 13 42 31 38 0 0 0 0 0 88 0 3 2 0 0 0 10 0 0 0 0 112 0 0 150 6 96 117 13 13 57 13 13 13 1 13 13 14 13 13 13 13 13 13 13 13 32 186 293 2
43 173 107 278 55 150 122 118 36 0 39 261 184 117 1 189 47 5 81 189 2 12 9 37 71 94 55 51 82 396 21 74 112 45 140 0 16 0 42 44 4 6 16 279 115 20 459 177 423 0 91 54 198 235 101 120 0 65 0 96 64 146 0 0 12 12 0 0 0 0 500 82 12 58 0 9 144 1 73 7 22 3 58 0 208 12 0 0 770 78 171 9 82 0 243 1457 1729 54 307 213 0 55 24 0 0 0 189 0 256 93 65 410 456 13 12 467 12 12 12 3 13 12 13 12 12 12 12 12 12 12 12 82 146 611 826
14 9 4 14 6 45 96 16 0 0 0 34 74 0 2 110 1293 1 106 97 0 2 2 6 42 0 19 45 10 394 13 0 21 42 122 0 17 0 0 25 2 8 0 372 0 0 456 130 362 0 9 45 174 32 61 36 0 0 0 51 0 21 0 0 2 105 0 0 0 0 0 18 2 8 0 2 71 0 0 1 0 3 37 0 90 2 0 56 520 0 0 0 4214 15 229 2098 5107 0 247 0 0 13 22 0 0 0 716 0 297 53 21 3 3 2 2 2 2 2 2 1 2 2 2 2 2 2 2 2 2 2 2 38 50 319 1594
0 0 0 0 0 0 9 0 0 0 0 0 1 0 0 0 19 0 17 0 0 0 0 1 12 0 0 0 0 10 0 0 13 0 6 0 84 0 0 0 17 0 0 470 0 6 0 57 0 0 0 148 3 0 3 48 0 0 0 6 0 0 319 0 0 3 0 0 0 0 0 0 0 5 0 12 38 2 0 0 0 7 4 16 10 0 477 0 44 0 0 0 195 0 115 2 47 69 0 0 0 3 0 0 0 0 266 0 71 223 95 288 265 0 0 271 0 0 0 4 0 0 0 0 0 0 0 0 0 0 0 112 142 477 2
0 0 0 0 0 0 0 0 0 0 0 0 0 0 0 0 0 0 0 0 0 0 0 0 0 0 0 0 0 0 0 0 0 0 0 0 0 0 0 0 0 0 0 0 0 0 0 0 0 0 0 0 0 0 0 0 0 0 0 0 0 0 0 0 0 0 0 0 0 0 0 0 0 0 0 0 0 0 0 0 0 0 0 0 0 0 0 0 0 0 0 0 0 0 0 0 0 0 0 0 0 0 0 0 0 0 0 0 0 0 0 0 0 0 0 0 0 0 0 0 0 0 0 0 0 0 0 0 0 0 0 0 0 0 0
12 6 2 5 2 0 9 3 0 0 4 0 3 10 0 6 1 0 8 11 0 0 0 0 1 0 0 4 0 38 0 0 3 0 5 0 0 0 7 2524 603 9 0 9 0 0 2 206 0 0 10 12 14 17 22 171 22 0 40 0 0 12 18 0 0 0 0 0 0 0 0 0 0 0 0 0 0 0 0 0 0 0 188 139 0 0 0 2 25 0 0 0 4 0 15 0 0 0 0 0 0 3 0 0 0 0 12 0 0 9 4 1007 921 1 0 970 1 0 0 0 0 0 0 0 0 0 0 0 0 0 0 6 4 0 0
979 571 226 399 145 218 326 187 175 33 480 184 127 791 0 120 89 0 617 0 1 0 0 132 157 241 227 177 424 457 44 312 523 404 168 598 126 201 470 1818 1024 747 201 53 1068 0 71 1068 0 0 725 868 310 1218 1675 273 761 165 2887 226 275 1159 387 202 0 196 0 131 101 125 104 187 0 0 0 3 2 0 0 0 2 0 13564 10077 1656 0 0 257 454 0 172 245 935 136 463 42 9 158 298 168 0 138 15 198 0 19 1212 0 0 572 293 1194 1085 1 0 1138 1 0 0 0 0 1 0 0 0 0 0 0 0 0 0 285 345 401 134
0 0 0 1 0 0 0 1 0 0 0 0 0 1 0 0 0 0 3 2 0 0 0 0 0 2 5 0 0 19 0 0 0 0 0 0 0 0 0 0 638 0 0 0 0 0 0 0 0 0 0 0 0 0 0 1903 0 0 3 0 0 0 0 0 0 0 0 0 0 0 0 0 0 0 0 0 0 0 0 0 0 0 40 33 0 0 0 0 0 0 0 0 0 0 0 0 0 0 0 0 0 0 0 0 0 0 0 0 0 0 0 1349 1216 1 0 1281 1 0 0 0 0 0 0 0 0 0 0 0 0 0 0 0 0 0 0
22 12 2 13 2 0 25 5 0 0 0 0 4 21 0 19 2 0 20 24 0 0 0 0 0 0 0 11 0 134 0 0 0 0 16 0 0 0 16 48 0 21 0 27 0 0 0 221 0 0 25 30 42 36 52 0 0 0 87 0 0 10 9 0 0 0 0 0 0 0 0 0 0 0 0 0 0 0 0 0 0 0 469 331 0 0 0 5 76 0 0 0 30 0 43 0 0 0 0 0 0 0 0 0 0 0 17 0 0 19 9 81 76 0 0 0 0 0 0 0 0 0 0 0 0 0 0 0 0 0 0 13 11 4 0
0 0 0 1 0 0 13 1 0 0 1 1 0 1 0 15 0 0 1 1 0 0 0 0 0 6 12 8 0 162 0 0 1 0 16 0 0 0 2 825 0 0 0 17 0 0 15 122 0 0 6 5 27 5 11 0 0 0 5 0 0 0 0 0 0 0 0 0 0 0 0 0 0 0 0 0 0 0 0 0 0 0 17 13 0 0 0 2 61 0 0 1 1 0 22 0 0 0 0 1 3 6 7 2 0 2 16 0 0 10 3 0 0 0 0 0 0 0 0 0 0 0 0 0 0 0 0 0 0 0 0 5 7 20 0
248 138 56 108 37 37 88 50 0 8 122 31 28 209 0 35 22 0 157 184 0 0 0 17 35 42 57 37 98 103 5 67 134 94 43 139 30 45 125 480 162 198 0 9 0 0 0 83 0 0 947 233 86 327 450 67 173 20 768 41 0 272 104 0 0 0 0 20 23 0 10 34 0 0 0 0 0 0 0 0 0 0 3634 2688 426 0 60 58 129 0 0 0 252 0 8427 40 0 4 43 0 0 27 0 68 0 0 138 0 0 156 81 618 555 0 0 584 0 0 0 0 0 0 0 0 0 0 0 0 0 0 0 51 97 90 20
0 0 0 0 0 0 0 0 0 0 0 0 0 0 0 0 0 0 0 0 0 0 0 0 0 0 0 0 0 1 0 0 0 0 0 0 0 0 0 0 0 0 0 0 0 0 0 0 0 0 0 0 0 0 0 11 0 0 0 0 0 0 0 0 0 0 0 0 0 0 0 0 0 0 0 0 0 0 0 0 0 0 0 0 0 0 0 0 0 0 0 0 0 0 1 0 0 0 0 0 0 0 0 0 0 0 0 0 0 0 0 45 41 0 0 0 0 0 0 0 0 0 0 0 0 0 0 0 0 0 0 0 0 0 0
0 0 0 2 0 0 0 1 0 0 1 1 0 1 0 0 0 0 0 0 0 0 0 1 2 7 11 0 2 606 0 1 3 0 0 0 0 0 0 0 0 2 0 0 22 0 2132 436 0 0 0 0 0 0 0 0 0 0 0 0 0 0 0 0 0 0 0 0 0 0 0 4 0 0 0 0 0 0 0 0 0 0 0 0 0 0 0 0 1 0 0 0 1 0 0 0 0 0 0 0 0 0 0 0 0 0 0 0 0 18 9 0 0 0 0 0 0 0 0 0 0 0 0 0 0 0 0 0 0 0 0 0 0 26 0
0 0 0 0 0 0 0 0 0 0 0 0 0 0 0 0 0 0 0 0 0 0 0 0 0 0 0 0 0 0 0 0 0 0 0 0 0 0 0 0 0 0 0 0 0 0 0 0 0 0 0 0 0 0 0 0 0 0 0 0 0 0 0 0 0 0 0 0 0 0 0 0 0 0 0 0 0 0 0 0 0 0 0 0 0 0 0 0 0 0 0 0 0 0 0 0 0 0 0 0 0 0 0 0 99917 0 0 0 0 0 0 0 0 0 0 0 0 0 0 0 0 0 0 0 0 0 0 0 0 0 0 0 0 0 0
137 88 25 50 13 0 51 23 11 4 64 0 7 93 0 24 7 0 81 101 0 0 0 0 6 0 8 18 35 131 0 0 49 37 29 14 10 3 56 249 0 67 0 12 10 0 0 0 0 0 86 107 53 124 229 130 0 0 397 0 3 116 30 0 0 0 0 0 0 0 0 0 0 0 0 0 0 0 0 0 0 0 0 0 237 0 0 2 84 0 0 0 90 0 82 10 0 0 0 0 0 0 0 0 0 0 0 0 0 78 40 114 107 0 0 111 0 0 0 0 0 0 0 0 0 0 0 0 0 0 0 32 37 45 0
231 154 64 151 55 73 109 69 70 11 176 66 55 210 0 41 44 0 109 154 0 0 0 30 56 47 51 36 89 175 11 74 128 69 55 143 26 51 113 517 0 114 0 55 215 0 0 33 75 0 141 189 125 274 374 226 71 8 621 35 49 177 75 0 0 0 0 0 9 2 14 0 0 0 0 0 0 0 0 0 0 0 11327 0 659 0 0 171 390 0 342 0 566 61 411 135 129 116 167 83 0 52 0 18 0 0 380 0 165 437 238 612 574 1 0 596 0 0 0 0 0 0 0 0 0 0 0 0 0 0 0 211 236 304 92
1 0 0 3 0 0 0 1 0 0 2 0 0 0 0 0 0 0 0 0 0 0 0 0 0 0 0 0 0 32 0 0 0 0 0 0 0 0 0 5 1 0 0 0 0 0 0 0 0 0 9 0 7 0 11 16 0 0 3 0 0 0 0 0 0 0 0 0 0 0 0 0 0 8 0 150 83 0 0 0 100 0 0 0 0 0 0 0 1 0 0 0 0 0 14 0 0 0 0 0 0 0 0 0 0 0 0 0 0 0 3 11 11 0 0 12 0 0 0 0 0 0 0 0 0 0 0 0 0 0 0 0 0 0 0
0 0 0 0 0 0 0 0 0 0 0 0 0 0 0 0 0 0 0 0 0 0 0 0 0 0 0 0 0 1 0 0 0 0 0 0 0 0 0 0 0 0 0 0 0 0 0 2 0 0 0 0 0 0 0 0 0 0 0 0 0 0 0 0 0 0 0 0 0 0 0 0 0 0 0 0 0 0 0 0 0 0 0 0 0 0 0 0 0 0 0 0 0 0 0 0 0 0 0 0 0 0 0 0 0 0 0 0 0 0 0 0 0 0 0 0 0 0 0 0 0 0 0 0 0 0 0 0 0 0 0 0 0 0 0
452 465 188 242 117 210 224 74 32 6 127 261 147 108 4 155 69 24 385 637 0 51 40 27 83 33 58 66 90 248 12 64 191 750 79 0 14 15 0 139 60 0 58 853 319 0 6 331 0 0 0 0 0 0 0 310 159 0 0 7 57 109 0 87 50 0 31 0 0 90 2 0 53 61 250 629 741 0 0 32 431 10 1467 1453 410 44 0 181 482 0 0 0 1771 0 4954 121 390 43 345 0 0 482 302 1026 0 0 27 0 691 833 480 1674 1608 54 53 1565 54 53 53 2237 53 53 53 53 53 51 52 52 52 53 53 510 453 456 131
1 122 24 0 0 0 5 20 0 0 14 0 23 19 2 419 17 3 195 194 88 17 13 0 12 0 19 19 20 143 0 0 31 3 12 0 0 0 64 33 365 19 0 728 124 17 0 166 0 0 0 8 9 65 50 50 0 0 0 0 0 11 39 0 17 0 0 0 0 16 0 1 17 0 0 11 0 0 0 10 22 11 0 0 29 17 0 0 289 0 0 0 35 1556 195 0 12 0 0 0 0 0 0 0 1 0 100 114 96 116 144 413 444 18 17 398 17 17 17 732 18 17 18 17 17 17 17 17 17 17 17 51 73 0 0
0 0 0 0 0 0 0 0 0 0 0 0 7 0 0 13 0 0 6 0 0 7 7 0 1984 0 0 0 0 1595 0 0 0 0 0 0 0 0 0 0 46 0 0 130 27 5 0 0 0 0 0 13 0 0 0 20 0 0 3 0 0 0 0 0 8 0 0 0 0 0 0 0 9 0 0 0 0 0 0 4 0 1 0 0 0 5 0 0 0 0 0 0 0 0 0 0 0 0 0 0 0 0 0 0 0 0 0 0 0 0 51 76 73 9 9 2 9 9 9 1 9 9 9 9 9 8 8 9 8 9 9 0 0 18 0
1370 501 783 505 430 608 1757 380 555 78 25 649 3360 1199 810 1270 829 9015 722 169 2 149 116 1091 2161 604 1786 1444 1495 3493 740 872 1340 1499 1814 630 813 458 1377 2113 6089 535 422 3373 7342 2072 1267 1450 41 0 1373 1421 3193 1516 1648 859 568 796 655 2051 468 2543 2014 148 151 1381 1533 1410 1675 0 260 825 149 249 658 11 1489 1165 1118 5536 25 47 1316 298 2097 149 6704 790 1527 0 457 308 635 0 1360 246 1621 597 0 0 0 196 288 0 1 0 1301 365 266 542 2829 1434 1320 149 149 1253 149 148 151 707 149 148 148 150 151 149 150 149 150 149 149 787 608 910 948
308 338 209 134 73 290 202 137 185 8 342 300 978 497 235 269 107 534 168 114 7 912 719 355 464 450 726 520 548 274 70 326 360 604 300 59 248 244 463 353 1018 436 0 471 5297 31 281 583 226 0 398 295 281 447 449 472 320 97 327 156 186 398 566 0 937 319 0 5 108 0 74 295 943 22 0 9 82 18 291 634 2 14 148 0 392 943 5832 56 524 0 0 21 145 0 795 10 383 58 0 0 100 0 0 73 0 111 627 144 169 272 517 731 716 942 942 657 942 943 943 524 942 942 942 942 942 943 943 943 943 943 943 237 255 420 74
0 0 0 0 0 0 2 0 0 2 0 0 0 0 1 9 0 0 86 100 0 0 0 0 55 0 0 0 0 13 1 0 0 0 16 0 32 57 44 7 9 0 130 1 232 0 5 166 0 0 47 47 9 82 135 71 38 0 52 0 12 150 96 0 0 0 0 2 30 0 35 55 0 11 0 34 3 0 22 0 57 7 173 31 107 0 29 217 229 0 0 0 53 234 236 86 4 1500 790 0 182 315 893 0 0 342 1008 621 457 549 491 248 295 1 0 347 0 0 0 7 1 0 2 0 0 0 0 0 0 0 0 652 745 3085 10
24 0 0 0 0 0 42 0 0 0 0 0 30 0 0 52 0 0 97 30 0 0 0 0 21 0 1 16 0 264 0 0 0 31 29 0 0 0 0 0 4 0 0 468 0 0 6 224 0 0 34 40 124 71 126 338 10 0 39 0 14 14 0 0 0 0 0 0 5 0 0 0 0 0 0 0 0 0 0 0 0 3 0 0 1 0 0 0 183 0 0 0 0 0 162 0 1 0 0 0 46 123 0 0 0 0 264 0 0 180 13 416 376 1 0 392 1 0 0 1 0 0 0 0 0 0 0 0 0 0 0 0 7 47 0
619 402 295 294 104 702 376 67 0 0 103 348 743 298 718 476 185 0 104 94 4 1 1 653 817 531 336 405 571 309 107 363 614 550 433 280 150 202 616 1311 2119 254 197 957 779 0 1136 714 0 0 401 481 2248 1391 957 421 222 3 287 223 201 76 464 0 1 154 0 55 133 130 0 316 1 46 0 50 198 406 224 1 111 133 306 0 706 1 3365 0 1364 1068 673 0 537 0 1677 194 1159 197 763 0 0 0 0 0 0 0 834 204 307 573 352 1670 1521 2 1 1590 2 1 1 4 2 1 2 1 1 1 1 1 1 1 1 362 425 506 157
0 1 0 0 0 0 0 0 0 0 0 0 0 0 0 2 0 0 885 0 0 0 0 0 1 0 0 0 0 88 0 0 0 0 0 0 0 0 0 0 2 0 0 544 55 0 0 38 0 0 0 0 0 0 0 0 0 0 0 0 0 0 0 0 0 0 0 0 0 0 0 0 0 0 0 0 0 0 0 0 0 2 0 0 0 0 0 0 3172 0 0 0 0 0 0 0 0 0 0 0 0 0 0 0 0 0 0 0 0 3 0 1 1 0 0 1 0 0 0 0 0 0 0 0 0 0 0 0 0 0 0 0 0 0 0
180 165 93 58 49 534 261 45 61 0 150 305 253 80 963 183 83 17 546 112 2 35 27 218 216 221 123 197 45 680 69 0 0 135 246 0 0 120 141 303 259 64 4 438 276 43 1323 178 1819 0 144 116 447 142 169 287 295 314 166 262 674 290 188 0 36 77 0 40 25 0 0 0 36 39 0 0 0 0 0 22 0 1 0 0 1 36 0 213 747 0 0 0 16 0 632 0 1365 0 0 0 0 0 14 0 0 0 690 0 0 52 19 3 3 36 36 2 36 36 36 1 36 36 36 36 36 36 36 36 36 36 36 71 51 92 149
1 1 0 0 0 0 12 0 0 0 0 0 0 0 1 16 3 13 18 0 0 27 21 0 0 0 0 3 0 184 0 0 0 0 10 0 0 0 0 0 28 0 0 16 0 0 0 158 0 0 4 0 26 5 12 9 0 0 5 0 0 0 0 0 28 0 0 0 0 0 0 0 28 1 0 0 0 1 1 16 0 4 1 0 1 28 0 0 58 0 0 0 0 0 42 0 0 0 0 0 0 0 0 0 0 0 76 0 0 12 3 1 1 28 28 0 28 28 28 0 28 28 28 28 28 28 28 28 28 28 28 6 0 17 0
55 38 5 30 6 158 154 23 10 5 32 137 174 25 194 123 62 0 103 96 0 0 0 105 143 117 82 66 58 476 35 9 46 122 168 10 0 105 80 112 4 11 109 237 96 0 696 261 785 0 76 103 301 94 127 67 0 29 77 85 50 160 177 0 0 133 0 0 0 0 73 0 0 19 0 6 117 0 0 0 3 374 94 0 216 0 0 109 560 0 0 0 109 0 349 112 713 0 0 0 0 0 196 0 0 0 701 0 160 120 77 105 116 0 0 126 0 0 0 1 0 0 0 0 0 0 0 0 0 0 0 272 642 2 84
31 173 63 0 4 11 47 0 0 0 7 81 132 0 9 63 173 7 74 0 5 15 12 192 585 68 79 146 249 300 34 58 259 77 136 78 61 76 263 500 761 0 5 20 615 0 0 403 0 0 551 211 175 391 275 426 104 3 104 7 57 180 337 0 15 37 0 0 0 0 0 92 15 4 0 10 22 0 0 9 18 366 65 0 190 15 0 86 3871 1716 634 0 3998 0 1088 10023 12 7682 0 0 0 154 51 0 0 0 514 270 134 187 99 247 235 16 15 247 15 15 15 4 16 15 16 15 15 15 15 15 15 15 15 135 521 114 76
21 71 8 75 0 0 36 29 0 0 45 54 29 77 0 90 49 0 84 64 2 0 0 41 84 31 37 49 133 240 13 57 147 112 84 64 56 51 83 97 6 0 261 9 165 0 0 219 0 0 81 68 110 101 110 77 0 0 56 0 26 91 157 0 0 0 63 129 0 0 15 79 0 10 0 51 41 0 42 0 52 624 79 0 559 0 1306 762 2540 749 810 99 156 1362 2695 617 1031 244 723 0 1035 1238 1374 0 1 1142 4560 3325 2001 483 647 673 714 1 0 728 1 0 0 786 1 0 2 0 0 0 0 0 0 0 0 933 315 952 242
123 372 230 220 70 207 617 99 151 1 60 554 77 1662 0 165 158 0 434 313 65 0 0 1617 160 1623 105 241 1290 97 31 175 352 229 250 355 218 139 267 338 1185 29 0 14 559 0 0 595 0 0 342 649 73 358 1395 363 249 28 698 22 265 90 192 111 0 142 0 68 165 79 105 332 0 152 201 230 651 0 530 0 218 1368 500 382 281 0 618 470 1272 104 0 0 0 132 1339 584 1115 385 486 0 0 1918 2531 1908 1 0 1263 0 374 353 484 832 818 1 0 791 1 0 0 815 1 0 0 0 0 0 0 0 0 0 0 5246 435 915 189
72 230 33 36 8 180 0 0 0 0 0 71 0 88 0 36 51 0 50 5 8 0 0 0 0 0 0 3 9 5 0 0 30 19 0 9 0 0 29 4 1 0 0 0 189 0 0 271 0 0 9 50 0 25 54 35 2 0 39 0 0 0 0 0 0 0 0 0 0 0 0 0 0 0 0 49 4 0 0 0 94 125 42 0 35 0 0 158 2708 0 3 0 0 708 844 49 638 92 0 0 0 0 0 0 1 0 217 0 0 86 328 407 495 1 0 514 0 0 0 2 2 0 2 0 0 0 0 0 0 0 0 94 106 147 0
47 78 230 80 15 96 131 81 67 0 0 0 39 81 0 60 0 0 103 86 321 0 0 37 28 76 19 0 21 9 0 0 19 0 6 0 0 0 39 0 34 0 0 0 0 0 0 148 0 0 34 21 1 52 85 45 5 0 43 0 0 0 58 0 0 0 0 0 12 0 0 29 0 9 0 77 32 0 28 0 32 5018 86 56 315 0 0 46 142 0 57 0 5 1 494 0 25 0 0 0 0 4394 0 0 1 0 216 0 127 63 137 184 194 0 0 217 0 0 0 25 0 0 1 0 0 0 0 0 0 0 0 654 15 134 155
114 389 581 143 221 150 362 130 31 0 6 77 9 114 0 48 0 0 133 23 1 0 0 46 336 0 47 57 110 9 2 72 161 47 52 74 113 78 27 69 635 56 305 0 231 60 0 131 0 0 46 74 3 113 89 60 20 0 38 0 0 52 105 0 0 31 0 28 57 31 31 320 0 3 0 95 32 0 0 0 173 2120 130 0 257 0 0 562 0 872 0 543 313 298 1530 169 3 356 597 555 0 801 90 0 2 682 1728 77 0 1281 1629 625 691 1 0 632 1 0 0 613 1 0 1 0 0 0 0 0 0 0 0 1269 923 1779 64
0 0 0 0 0 0 0 0 0 0 0 0 0 0 0 0 0 0 0 0 0 0 0 0 0 0 0 0 0 0 0 0 0 0 0 0 0 0 0 0 0 0 0 0 0 0 0 0 0 0 0 0 0 0 0 0 0 0 0 0 0 0 0 0 0 0 0 0 0 0 0 0 0 0 0 0 0 0 0 0 0 0 0 0 0 0 0 0 0 0 0 0 0 0 0 0 0 0 0 0 0 0 0 0 0 0 0 0 0 0 0 0 0 0 0 0 0 0 0 0 0 0 0 0 0 0 0 0 0 0 0 0 0 0 0
2 0 0 112 0 0 1 21 0 0 0 0 7 0 0 46 18 0 145 183 3 0 0 4 30 8 36 25 99 123 0 68 142 38 44 56 56 33 78 17 15 0 64 1 352 0 0 222 0 0 52 83 7 77 109 201 136 0 91 0 28 218 275 0 0 259 0 0 185 10 104 97 0 24 0 128 87 0 178 0 68 1772 141 96 302 0 160 185 871 61 0 0 354 177 624 178 13 540 460 0 1413 1046 878 0 0 0 2393 0 426 0 372 1427 1402 2 0 1404 1 0 0 679 1 0 1 0 0 0 0 0 0 0 0 423 542 532 30
0 0 0 0 0 0 11 0 0 0 0 0 0 0 0 40 0 39 167 0 4 85 67 0 6 0 0 0 0 116 0 0 0 0 19 0 0 0 0 0 1721 0 0 0 26 202 4 411 0 0 0 110 21 43 194 439 0 0 0 0 0 73 77 0 87 0 0 0 0 0 0 0 86 0 0 171 0 0 0 53 68 1997 32 0 51 86 0 0 4 0 0 0 0 0 34 0 0 0 0 0 0 0 0 0 0 0 0 0 1014 0 74 218 179 86 86 152 86 86 87 19 87 86 86 87 87 87 87 86 87 86 86 0 0 0 0
57 526 221 221 59 201 184 198 169 10 133 489 236 255 1 330 347 5 572 1318 119 0 0 1140 1592 1615 1409 628 903 304 199 1249 1251 371 1182 458 602 380 812 708 2981 575 1697 481 1260 940 0 1474 0 0 751 359 573 1214 802 605 337 139 577 115 215 147 1337 347 0 723 10 446 643 436 564 807 0 91 368 620 377 0 486 3 684 14308 946 872 1391 0 2059 0 15 0 0 0 1280 0 7125 479 2954 1242 0 0 1287 2647 3457 0 5 3076 5334 0 1310 677 1733 5691 6247 12 3 5934 5 3 1 5333 8 3 10 1 1 0 0 0 0 0 0 2491 3642 0 339
185 0 0 0 221 356 373 347 23 1 53 90 127 173 27 584 130 1 28 52 12 4 3 8 53 23 60 67 182 355 29 0 1 0 213 0 0 179 0 728 710 0 0 170 0 104 55 925 0 9 18 0 304 0 10 782 0 187 15 163 387 7 47 0 4 0 0 245 313 0 0 0 4 93 42 237 285 3 274 3 273 15 483 0 1050 4 0 0 572 0 0 0 774 0 83 69 27 0 0 0 0 95 0 162 0 0 0 0 0 71 0 845 869 6 4 835 5 5 4 493 5 4 6 4 4 4 4 4 4 4 4 1166 0 3 18
0 0 0 0 0 0 0 0 0 0 0 0 0 0 0 0 0 0 6 0 0 0 0 0 0 0 0 0 0 0 0 0 0 0 0 0 0 0 0 0 2 0 0 1142 0 0 0 31 0 0 0 0 0 0 0 1 0 0 0 0 0 0 0 0 0 0 0 0 0 0 0 0 0 0 0 24 0 0 0 0 0 104 0 0 6 0 0 0 210 0 0 0 0 0 0 0 0 0 0 0 0 0 0 0 0 55 361 0 0 0 16 94 88 0 0 8 0 0 0 4 0 0 0 0 0 0 0 0 0 0 0 19 0 0 0
0 0 0 0 0 0 0 0 0 0 0 0 0 10 0 0 0 0 0 0 0 0 0 0 0 0 0 0 0 0 0 0 0 0 0 0 0 0 0 0 11 0 0 64 0 0 0 0 0 0 0 0 0 0 0 3 0 0 0 0 0 0 0 0 0 0 0 0 0 0 0 0 0 0 0 2 0 0 0 0 0 11 0 0 0 0 0 0 0 0 0 0 0 0 3 0 0 0 0 0 0 0 0 0 0 0 0 0 37 0 0 72 54 0 0 9 0 0 0 4 0 0 0 0 0 0 0 0 0 0 0 0 0 0 0
0 0 0 0 0 0 0 0 0 0 0 0 0 0 0 0 0 0 0 0 0 0 0 0 0 0 0 0 0 0 0 0 0 0 0 0 0 0 0 0 0 0 0 0 0 0 0 0 0 0 0 0 0 0 0 0 0 0 0 0 0 0 0 0 0 0 0 0 0 0 0 0 0 0 0 0 0 0 0 0 0 0 0 0 0 0 0 0 0 0 0 0 0 0 0 0 0 0 0 0 0 0 0 0 0 0 0 0 0 0 0 0 0 0 0 0 0 0 0 0 0 0 0 0 0 0 0 0 0 0 0 0 0 0 0
0 0 0 0 0 0 0 0 0 0 0 0 0 0 0 0 0 0 0 0 0 0 0 0 0 0 0 0 0 0 0 0 0 0 0 0 0 0 0 0 0 0 0 0 0 0 0 0 0 0 0 0 0 0 0 0 0 0 0 0 0 0 0 0 0 0 0 0 0 0 0 0 0 0 0 0 0 0 0 0 0 0 0 0 0 0 0 0 0 0 0 0 0 0 0 0 0 0 0 0 0 0 0 0 0 0 0 0 0 0 0 0 0 0 0 0 0 0 0 0 0 0 0 0 0 0 0 0 0 0 0 0 0 0 0
0 0 0 0 0 0 0 0 0 0 0 0 0 0 0 0 0 0 0 0 0 0 0 0 0 0 0 0 0 0 0 0 0 0 0 0 0 0 0 0 0 0 0 0 0 0 0 0 0 0 0 0 0 0 0 0 0 0 0 0 0 0 0 0 0 0 0 0 0 0 0 0 0 0 0 0 0 0 0 0 0 0 0 0 0 0 0 0 0 0 0 0 0 0 0 0 0 0 0 0 0 0 0 0 0 0 0 0 0 0 0 0 0 0 0 0 0 0 0 0 0 0 0 0 0 0 0 0 0 0 0 0 0 0 0
0 0 0 0 0 0 0 0 0 0 0 0 0 0 0 0 0 0 0 0 0 0 0 0 0 0 0 0 0 0 0 0 0 0 0 0 0 0 0 0 0 0 0 0 0 0 0 0 0 0 0 0 0 0 0 0 0 0 0 0 0 0 0 0 0 0 0 0 0 0 0 0 0 0 0 0 0 0 0 0 0 0 0 0 0 0 0 0 0 0 0 0 0 0 0 0 0 0 0 0 0 0 0 0 0 0 0 0 0 0 0 0 0 0 0 0 0 0 0 0 0 0 0 0 0 0 0 0 0 0 0 0 0 0 0
0 0 0 0 0 0 0 0 0 0 0 0 0 0 0 0 0 0 0 0 0 0 0 0 0 0 0 0 0 0 0 0 0 0 0 0 0 0 0 0 0 0 0 0 0 0 0 0 0 0 0 0 0 0 0 0 0 0 0 0 0 0 0 0 0 0 0 0 0 0 0 0 0 0 0 0 0 0 0 0 0 0 0 0 0 0 0 0 0 0 0 0 0 0 0 0 0 0 0 0 0 0 0 0 0 0 0 0 0 0 0 0 0 0 0 0 0 0 0 0 0 0 0 0 0 0 0 0 0 0 0 0 0 0 0
0 0 0 0 0 0 0 0 0 0 0 0 0 0 0 0 0 0 0 0 0 0 0 0 0 0 0 0 0 0 0 0 0 0 0 0 0 0 0 0 0 0 0 0 0 0 0 0 0 0 0 0 0 0 0 0 0 0 0 0 0 0 0 0 0 0 0 0 0 0 0 0 0 0 0 0 0 0 0 0 0 0 0 0 0 0 0 0 0 0 0 0 0 0 0 0 0 0 0 0 0 0 0 0 0 0 0 0 0 0 0 0 0 0 0 0 0 0 0 0 0 0 0 0 0 0 0 0 0 0 0 0 0 0 0
0 0 0 0 0 0 0 0 0 0 0 0 0 0 0 0 0 0 0 0 0 0 0 0 0 0 0 0 0 0 0 0 0 0 0 0 0 0 0 0 0 0 0 0 0 0 0 0 0 0 0 0 0 0 0 0 0 0 0 0 0 0 0 0 0 0 0 0 0 0 0 0 0 0 0 0 0 0 0 0 0 0 0 0 0 0 0 0 0 0 0 0 0 0 0 0 0 0 0 0 0 0 0 0 0 0 0 0 0 0 0 0 0 0 0 0 0 0 0 0 0 0 0 0 0 0 0 0 0 0 0 0 0 0 0
0 0 0 0 0 0 0 0 0 0 0 0 0 0 0 0 0 0 0 0 0 0 0 0 0 0 0 0 0 0 0 0 0 0 0 0 0 0 0 0 0 0 0 0 0 0 0 0 0 0 0 0 0 0 0 0 0 0 0 0 0 0 0 0 0 0 0 0 0 0 0 0 0 0 0 0 0 0 0 0 0 0 0 0 0 0 0 0 0 0 0 0 0 0 0 0 0 0 0 0 0 0 0 0 0 0 0 0 0 0 0 0 0 0 0 0 0 0 0 0 0 0 0 0 0 0 0 0 0 0 0 0 0 0 0
0 0 0 0 0 0 0 0 0 0 0 0 0 0 0 0 0 0 0 0 0 0 0 0 0 0 0 0 0 0 0 0 0 0 0 0 0 0 0 0 0 0 0 0 0 0 0 0 0 0 0 0 0 0 0 0 0 0 0 0 0 0 0 0 0 0 0 0 0 0 0 0 0 0 0 0 0 0 0 0 0 0 0 0 0 0 0 0 0 0 0 0 0 0 0 0 0 0 0 0 0 0 0 0 0 0 0 0 0 0 0 0 0 0 0 0 0 0 0 0 0 0 0 0 0 0 0 0 0 0 0 0 0 0 0
0 0 0 0 0 0 0 0 0 0 0 0 0 0 0 0 0 0 0 0 0 0 0 0 0 0 0 0 0 0 0 0 0 0 0 0 0 0 0 0 0 0 0 0 0 0 0 0 0 0 0 0 0 0 0 0 0 0 0 0 0 0 0 0 0 0 0 0 0 0 0 0 0 0 0 0 0 0 0 0 0 0 0 0 0 0 0 0 0 0 0 0 0 0 0 0 0 0 0 0 0 0 0 0 0 0 0 0 0 0 0 0 0 0 0 0 0 0 0 0 0 0 0 0 0 0 0 0 0 0 0 0 0 0 0
0 0 0 0 0 0 0 0 0 0 0 0 0 0 0 0 0 0 0 0 0 0 0 0 0 0 0 0 0 0 0 0 0 0 0 0 0 0 0 0 0 0 0 0 0 0 0 0 0 0 0 0 0 0 0 0 0 0 0 0 0 0 0 0 0 0 0 0 0 0 0 0 0 0 0 0 0 0 0 0 0 0 0 0 0 0 0 0 0 0 0 0 0 0 0 0 0 0 0 0 0 0 0 0 0 0 0 0 0 0 0 0 0 0 0 0 0 0 0 0 0 0 0 0 0 0 0 0 0 0 0 0 0 0 0
0 0 0 0 0 0 0 0 0 0 0 0 0 0 0 0 0 0 0 0 0 0 0 0 0 0 0 0 0 0 0 0 0 0 0 0 0 0 0 0 0 0 0 0 0 0 0 0 0 0 0 0 0 0 0 0 0 0 0 0 0 0 0 0 0 0 0 0 0 0 0 0 0 0 0 0 0 0 0 0 0 0 0 0 0 0 0 0 0 0 0 0 0 0 0 0 0 0 0 0 0 0 0 0 0 0 0 0 0 0 0 0 0 0 0 0 0 0 0 0 0 0 0 0 0 0 0 0 0 0 0 0 0 0 0
0 0 0 0 0 0 0 0 0 0 0 0 0 0 0 0 0 0 0 0 0 0 0 0 0 0 0 0 0 0 0 0 0 0 0 0 0 0 0 0 0 0 0 0 0 0 0 0 0 0 0 0 0 0 0 0 0 0 0 0 0 0 0 0 0 0 0 0 0 0 0 0 0 0 0 0 0 0 0 0 0 0 0 0 0 0 0 0 0 0 0 0 0 0 0 0 0 0 0 0 0 0 0 0 0 0 0 0 0 0 0 0 0 0 0 0 0 0 0 0 0 0 0 0 0 0 0 0 0 0 0 0 0 0 0
0 0 0 0 0 0 0 0 0 0 0 0 0 0 0 0 0 0 0 0 0 0 0 0 0 0 0 0 0 0 0 0 0 0 0 0 0 0 0 0 0 0 0 0 0 0 0 0 0 0 0 0 0 0 0 0 0 0 0 0 0 0 0 0 0 0 0 0 0 0 0 0 0 0 0 0 0 0 0 0 0 0 0 0 0 0 0 0 0 0 0 0 0 0 0 0 0 0 0 0 0 0 0 0 0 0 0 0 0 0 0 0 0 0 0 0 0 0 0 0 0 0 0 0 0 0 0 0 0 0 0 0 0 0 0
0 0 0 0 0 0 0 0 0 0 0 0 0 0 0 0 0 0 0 0 0 0 0 0 0 0 0 0 0 0 0 0 0 0 0 0 0 0 0 0 0 0 0 0 0 0 0 0 0 0 0 0 0 0 0 0 0 0 0 0 0 0 0 0 0 0 0 0 0 0 0 0 0 0 0 0 0 0 0 0 0 0 0 0 0 0 0 0 0 0 0 0 0 0 0 0 0 0 0 0 0 0 0 0 0 0 0 0 0 0 0 0 0 0 0 0 0 0 0 0 0 0 0 0 0 0 0 0 0 0 0 0 0 0 0
0 0 0 0 0 0 0 0 0 0 0 0 0 0 0 0 0 0 0 0 0 0 0 0 0 0 0 0 0 0 0 0 0 0 0 0 0 0 0 0 0 0 0 0 0 0 0 0 0 0 0 0 0 0 0 0 0 0 0 0 0 0 0 0 0 0 0 0 0 0 0 0 0 0 0 0 0 0 0 0 0 0 0 0 0 0 0 0 0 0 0 0 0 0 0 0 0 0 0 0 0 0 0 0 0 0 0 0 0 0 0 0 0 0 0 0 0 0 0 0 0 0 0 0 0 0 0 0 0 0 0 0 0 0 0
0 0 0 0 0 0 0 0 0 0 0 0 0 0 0 0 0 0 0 0 0 0 0 0 0 0 0 0 0 0 0 0 0 0 0 0 0 0 0 0 0 0 0 0 0 0 0 0 0 0 0 0 0 0 0 0 0 0 0 0 0 0 0 0 0 0 0 0 0 0 0 0 0 0 0 0 0 0 0 0 0 0 0 0 0 0 0 0 0 0 0 0 0 0 0 0 0 0 0 0 0 0 0 0 0 0 0 0 0 0 0 0 0 0 0 0 0 0 0 0 0 0 0 0 0 0 0 0 0 0 0 0 0 0 0
0 0 0 0 0 0 0 0 0 0 0 0 0 0 0 0 0 0 0 0 0 0 0 0 0 0 0 0 0 0 0 0 0 0 0 0 0 0 0 0 0 0 0 0 0 0 0 0 0 0 0 0 0 0 0 0 0 0 0 0 0 0 0 0 0 0 0 0 0 0 0 0 0 0 0 0 0 0 0 0 0 0 0 0 0 0 0 0 0 0 0 0 0 0 0 0 0 0 0 0 0 0 0 0 0 0 0 0 0 0 0 0 0 0 0 0 0 0 0 0 0 0 0 0 0 0 0 0 0 0 0 0 0 0 0
0 0 0 0 0 0 0 0 0 0 0 0 0 0 0 0 0 0 0 0 0 0 0 0 0 0 0 0 0 0 0 0 0 0 0 0 0 0 0 0 0 0 0 0 0 0 0 0 0 0 0 0 0 0 0 0 0 0 0 0 0 0 0 0 0 0 0 0 0 0 0 0 0 0 0 0 0 0 0 0 0 0 0 0 0 0 0 0 0 0 0 0 0 0 0 0 0 0 0 0 0 0 0 0 0 0 0 0 0 0 0 0 0 0 0 0 0 0 0 0 0 0 0 0 0 0 0 0 0 0 0 0 0 0 0
0 0 0 0 0 0 0 0 0 0 0 0 0 0 0 0 0 1 0 0 1 1 11 0 0 0 0 0 0 0 0 0 0 0 0 0 0 0 0 0 0 0 0 0 0 0 0 0 0 0 0 0 0 0 0 0 0 0 0 0 0 0 0 0 0 0 0 0 0 0 0 0 0 0 0 0 0 0 0 0 0 0 0 0 0 0 0 0 0 0 0 0 0 0 0 0 0 0 0 0 0 0 0 0 0 0 0 0 0 0 0 0 0 0 0 0 0 0 0 0 0 0 0 0 0 0 0 0 0 0 0 0 0 0 0
0 0 0 0 0 0 0 0 0 0 0 0 0 0 0 32 0 1 8 0 2 2 2 0 0 0 0 0 0 130 0 0 0 0 31 0 0 0 0 0 0 0 0 0 0 0 0 0 0 0 6 0 0 0 42 35 0 0 0 0 0 0 0 0 2 0 0 0 0 0 0 0 2 0 0 30 0 0 0 1 23 226 0 0 34 2 0 0 20 0 0 0 12 0 74 0 0 0 0 0 0 0 0 0 0 0 511 0 0 0 77 455 438 3 2 443 2 2 2 0 2 2 2 2 2 2 2 2 2 2 2 0 0 0 0
0 0 0 0 0 0 0 0 0 0 0 0 0 0 0 20 0 0 29 2 5 0 0 0 51 0 0 0 0 2 0 0 0 0 44 0 0 0 0 0 16 0 0 0 10 0 0 84 0 0 0 27 0 3 0 13 0 0 0 0 0 0 3 0 0 0 0 0 0 0 0 0 0 0 0 30 0 0 0 0 13 181 0 0 12 0 0 0 100 0 0 0 0 0 33 0 7 0 0 0 0 0 0 0 0 0 158 0 64 179 62 128 130 0 0 132 0 0 0 27 0 0 0 0 0 0 0 0 0 0 0 234 0 394 0
0 0 0 0 0 0 0 0 0 0 0 0 33 0 0 0 0 0 16 0 1 0 0 0 1 0 0 0 0 0 0 0 0 0 0 0 0 0 0 0 20 0 0 0 0 10 0 0 0 0 0 0 0 0 0 55 0 0 0 0 0 0 18 0 0 0 4 0 0 0 0 0 0 8 0 34 0 0 0 0 0 176 0 0 84 0 0 39 0 0 0 0 0 0 14 0 0 0 0 0 0 0 0 0 0 0 606 98 0 143 179 590 589 1 0 559 0 0 0 4 0 0 0 0 0 0 0 0 0 0 0 238 0 0 0
53 0 0 0 0 0 84 0 0 0 0 0 0 0 0 84 0 0 27 0 11 0 1 0 20 0 0 34 0 396 14 0 0 0 86 0 0 0 0 0 0 0 0 137 0 0 377 177 274 0 29 34 151 1 0 0 0 0 0 0 0 8 27 0 0 11 0 0 0 0 0 0 0 8 0 0 55 0 0 0 0 0 24 0 76 0 0 4 274 0 0 0 11 0 138 0 84 0 0 0 0 18 0 0 0 0 67 0 0 22 8 0 0 0 0 0 0 0 0 0 0 0 0 0 0 0 0 0 0 0 0 10 18 55 0
