133
0 0 0 0 0 1 0 0 6 71 303 6 8 7 5 0 3 0 0 0 0 0 0 1 0 0 0 0 0 0 0 0 0 0 0 0 0 3813 1 0 0 0 253 0 0 0 0 1 0 0 0 0 0 0 540 120 195 0 0 0 0 0 0 0 0 0 0 0 0 0 0 0 0 0 0 0 0 0 0 0 0 0 0 0 0 0 0 0 0 8 12 0 0 0 0 0 0 0 0 0 0 0 0 0 0 0 0 0 0 0 0 0 0 0 0 0 0 0 0 0 0 0 0 0 0 225 137 224 0 0 0 0 4
1 0 434 1 11 52 115 0 109 17 11 98 42 10 5 0 1 5 0 0 27 0 13 89 36 29 7 1 2 6 1 0 39 40 0 1 0 0 109 445 0 0 24 301 0 0 0 1 0 0 0 0 0 1 1131 179 0 58 0 0 0 0 0 0 0 0 0 0 0 0 0 0 0 0 0 0 0 0 0 0 0 0 0 0 0 40 0 0 0 2 2 0 0 0 3 0 0 0 0 0 0 0 0 0 0 0 0 0 0 0 0 0 0 0 0 0 0 1 1 1 1 0 0 1 0 1 1 1 1 11 0 0 67
2 0 0 1 6 28 62 0 2482 128 360 3442 166 772 1445 0 2 0 0 0 30 0 14 94 38 31 8 1 3 12 3 0 20 21 0 0 0 0 58 805 0 0 32 405 0 0 0 1 0 0 0 0 0 3 1669 363 395 120 0 0 0 0 0 0 0 0 0 0 0 0 0 0 0 0 0 0 0 0 0 0 0 0 0 0 0 21 0 0 0 4 5 0 0 0 5 0 0 0 0 0 5 0 0 0 0 0 0 0 0 0 0 0 0 0 0 0 0 3 3 1 2 0 0 3 0 3 3 3 3 0 1 0 41
2 0 0 0 0 1 0 0 3 2 22 4 1 1 2 660 310 210 0 0 21 0 22 169 68 107 39 6 54 198 56 0 115 122 0 0 217 0 0 4856 6237 0 155 1 0 0 0 3 0 0 0 0 0 4 313 0 0 0 217 0 0 0 0 0 0 0 0 0 0 0 0 0 0 0 0 0 0 0 0 0 0 0 0 0 0 4160 0 0 0 5 7 0 0 0 22 0 0 425 0 0 3 0 0 0 0 0 0 0 0 0 0 0 171 0 160 74 59 2 2 1 2 0 0 3 0 3 2 3 3 38 101 198 2935
1 0 0 0 0 0 0 0 0 1 5 5 3 7 1 89 60 0 0 0 6 0 4 36 14 23 8 1 13 46 13 0 15 19 0 1606 0 0 0 1404 0 0 23 0 0 0 0 1 0 0 0 0 0 2 2 0 0 0 35 0 0 0 0 0 0 0 0 0 0 0 0 0 0 0 0 0 0 0 0 0 0 0 0 0 0 5937 0 0 0 3 4 0 0 0 2 0 0 71 0 0 31 0 29 0 0 0 0 0 0 0 0 0 15 0 23 13 9 2 2 1 2 0 0 2 0 2 2 2 2 0 9 31 1
0 0 0 0 0 0 0 0 0 0 2 2 0 0 0 67 44 0 0 0 3 0 3 26 10 16 6 1 8 29 8 0 17 18 0 0 0 0 48622 0 147 0 14 0 0 1 0 0 0 0 0 0 0 0 1 0 0 0 114 0 0 0 0 0 0 0 0 0 0 0 0 0 0 0 0 0 0 0 0 0 0 0 0 0 0 6542 0 0 0 1 1 0 0 0 8 0 0 0 0 0 0 0 0 0 0 0 0 0 0 0 0 0 9 0 16 8 6 0 0 0 0 0 0 0 0 0 0 0 0 0 5 20 1
5 0 0 1 0 0 0 0 0 0 12 6 0 0 2 0 77 0 0 0 14 0 2 163 15 86 7 1 20 68 21 0 54 57 0 0 0 0 0 0 0 0 0 2123 0 5 0 2 0 0 0 0 0 11 5 0 0 0 0 0 0 0 0 0 0 0 0 0 0 0 0 0 0 5 0 0 2 0 0 5 0 0 0 0 0 8246 0 0 0 13 18 7 0 0 5 0 0 0 11 0 27 0 0 0 0 0 0 0 0 0 0 0 1 0 5 7 0 10 10 4 7 0 0 10 0 10 9 11 10 2 4 9 56
1 0 0 0 0 0 0 0 0 39 86 105 9 0 65 0 0 0 1 0 1 0 0 4 1 1 0 0 1 4 0 0 19 20 0 0 0 0 0 0 0 0 1355 0 0 0 0 2 0 0 0 0 0 1 0 0 0 0 0 0 0 0 0 0 0 0 0 2 0 0 0 0 0 0 0 0 0 0 0 0 0 0 0 0 0 109 0 0 0 18 25 0 0 0 0 0 0 0 0 0 0 0 0 0 0 0 0 0 0 0 0 0 0 0 0 0 1 0 0 0 0 0 0 0 0 0 4 0 0 0 0 0 40
0 0 0 0 10 82 214 0 0 55 82 355 732 967 38 22 0 0 0 0 16 0 7 52 21 17 4 0 2 7 2 68624 0 76 1 3 0 0 193 0 0 0 4 1608 87 668 0 3 0 0 0 0 0 1 229 53 121 0 0 0 0 0 0 0 0 0 0 0 0 0 0 0 0 0 0 0 0 0 0 0 0 0 0 0 0 74 0 0 0 2 3 0 0 0 49 0 0 0 0 0 0 0 0 0 0 0 0 0 0 0 0 0 225 0 0 0 0 1 1 0 0 0 0 1 0 1 1 1 1 0 0 2 7
0 0 0 0 0 0 0 0 0 0 0 1 9 0 0 0 330 0 0 0 3 0 4 28 11 18 7 1 7 26 8 0 98529 0 0 0 0 0 0 0 0 0 0 210 18 77 0 0 0 0 0 0 0 0 0 0 0 0 0 0 0 0 0 0 0 0 0 0 0 0 0 0 0 0 0 0 0 0 0 0 0 0 0 0 0 0 0 0 0 0 0 0 0 0 67 0 0 0 0 0 0 0 0 0 0 0 0 0 0 0 0 0 19 0 14 144 0 0 0 0 0 0 0 0 0 0 0 0 0 0 29 0 0
0 0 0 0 0 0 0 0 0 2 0 2 60 0 0 0 0 0 0 0 3 0 1 8 2 3 0 0 1 0 0 0 0 98472 0 0 0 0 0 0 0 0 0 0 0 60 0 0 0 0 0 0 0 0 0 0 0 0 0 0 0 0 0 0 0 0 0 0 0 0 0 0 0 0 0 0 0 0 0 0 0 0 0 0 0 0 0 0 0 0 1 0 0 0 2 0 0 0 0 0 0 0 0 0 0 0 0 0 0 0 0 0 0 0 0 0 0 0 0 0 0 0 0 0 0 0 0 0 0 0 0 0 0
0 0 0 0 0 0 0 0 0 0 0 0 0 4 0 0 3 0 1 0 41 0 19 134 26 43 5 1 4 13 2 0 0 0 0 0 0 0 0 0 0 0 0 0 0 7 0 1 0 0 0 0 0 6 0 3 0 0 0 0 0 0 0 0 0 0 0 0 0 0 0 0 0 0 0 0 0 0 0 0 0 0 0 0 0 2 0 0 0 8 11 0 0 0 10 0 0 0 0 0 0 0 0 0 0 0 0 0 0 0 0 0 0 0 0 0 0 1 1 2 1 0 0 1 0 1 2 1 1 0 0 0 361
0 0 0 0 0 0 1 0 0 0 0 3 0 0 5 0 0 0 0 0 0 0 0 1 1 0 0 0 0 0 0 0 0 0 4748 0 0 0 0 0 0 0 0 45 5 3 0 0 0 0 0 0 0 0 0 9 0 0 0 0 0 0 0 0 0 0 0 0 0 0 0 0 0 0 0 0 0 0 0 0 0 0 0 0 0 0 0 0 0 0 0 0 0 0 1 0 0 0 0 0 0 0 0 0 0 0 0 0 0 0 0 0 24 0 0 0 0 0 0 0 0 0 0 0 0 0 0 0 0 0 1 0 0
0 0 0 0 0 46 105 0 0 8 16 0 34 0 0 463 604 23 0 0 26 0 33 232 93 147 56 8 66 241 71 0 0 37 0 1 40373 0 65 0 0 0 193 6020 0 187 0 1 0 127 0 0 0 1 536 122 289 0 0 0 0 0 0 0 0 0 0 0 0 0 0 0 0 0 0 0 0 0 0 0 0 0 0 0 0 35 0 0 0 1 1 0 0 0 0 0 0 659 0 0 0 0 0 0 0 0 0 0 0 0 0 0 88 0 28 0 0 0 0 0 0 0 0 1 0 1 0 1 1 0 0 225 4
0 0 0 0 0 1 0 0 0 0 0 0 0 0 0 0 0 0 0 0 14 0 6 44 17 15 3 0 3 9 2 0 0 0 0 0 0 0 0 0 0 0 0 0 0 0 0 0 0 0 0 0 0 0 0 0 0 0 0 0 0 0 0 0 0 0 0 0 0 0 0 0 0 0 0 0 0 0 0 0 0 0 0 0 0 0 0 0 0 1 1 0 0 0 952 0 0 0 0 0 0 0 0 0 0 0 0 0 0 0 0 0 0 0 0 0 0 0 0 0 0 0 0 0 0 0 0 0 0 0 0 0 0
6 18 6 0 0 0 16 84 0 395 26 29 4 0 13 0 62 0 27 16 85 0 1 8 3 5 2 0 1 6 3 0 0 0 0 1 0 0 0 0 0 0 0 854 0 0 9133 24231 0 0 0 0 0 0 75 6 7 0 0 0 0 0 0 0 0 0 5 0 2 1 1 3 0 0 0 0 0 0 0 0 0 0 0 0 0 0 0 0 0 0 0 0 0 0 0 0 0 0 0 0 0 0 0 0 0 0 0 0 0 0 0 0 22 0 1 0 0 0 0 0 0 0 0 0 0 0 0 0 0 0 0 0 0
0 0 0 0 0 0 0 17 5 0 0 0 0 0 0 0 0 0 0 0 0 0 0 0 0 0 0 0 1 1 3 0 0 0 0 0 0 0 0 0 0 59871 0 0 0 152 0 0 0 0 0 0 0 0 0 0 0 0 0 0 0 0 0 0 0 0 0 0 0 0 0 0 0 0 0 0 0 0 0 0 0 0 0 0 0 0 0 0 0 0 0 0 0 0 727 0 0 53 0 0 0 0 0 0 0 0 0 0 0 0 0 0 0 0 0 0 0 0 0 0 0 0 0 0 0 0 0 0 0 0 24 0 0
236 0 176 0 142 55 95 373 49 243 357 135 26 0 62 280 290 0 39 0 237 7 122 877 351 367 112 14 78 421 231 529 2 1 762 98 1868 3553 398 234 138 47 64 976 161 1272 94 53 0 352 0 84685 0 1163 4413 2226 5167 99 1177 12939 8616 1693 2323 2207 80 87 786 4424 4685 4892 3414 3465 0 653 0 449 652 22 167 401 95293 0 131 5 0 186 116 195 0 1007 1429 0 0 0 275 0 0 0 0 0 0 0 302 0 0 0 0 0 0 0 156 0 0 0 0 0 0 1144 1177 1941 1215 0 0 1157 0 1340 1269 1300 749 299 0 0 3
0 1 0 0 0 0 1 0 0 0 1 0 0 0 0 0 1 0 0 0 0 0 0 1 0 0 0 0 0 0 0 0 0 0 0 0 0 0 0 0 0 0 0 0 0 0 0 0 0 0 0 0 60339 1 0 0 0 0 0 0 0 0 0 0 0 0 0 0 0 0 0 0 0 0 0 0 0 0 0 0 0 34 1762 1587 614 1590 882 1792 0 8 10 0 0 0 0 0 0 0 0 0 0 0 0 0 0 0 0 0 0 0 0 0 0 0 0 0 0 1 1 1 1 0 0 0 0 0 1 0 0 0 0 0 2
25 56 23 249 165 112 3 312 186 318 96 81 12 103 38 0 3 1586 3925 0 14867 51104 42553 5911 23754 14076 49502 39 8630 1043 5218 581 1 0 1217 1500 5296 3014 1392 2792 4037 1975 223 2267 1638 3069 3246 5866 0 6303 393 4501 0 3 0 23375 0 3677 0 23410 37807 5413 14301 7670 8360 7459 4557 57801 56188 25223 66448 51380 0 89 248 63 44 0 2 75 0 97316 0 0 0 0 0 0 0 3 3 0 0 0 80 0 0 50 0 0 45161 0 0 0 0 0 0 0 0 0 1 100 261 0 57 118 119 18 1 1 1 1 0 1 0 1 54 1 1 61 442 335 6
0 0 0 0 0 0 0 0 0 0 0 0 0 0 0 0 0 0 0 0 0 0 0 0 0 0 0 0 0 0 0 0 0 0 0 0 0 0 0 0 0 0 0 0 0 0 0 0 0 0 0 0 0 1161 0 0 0 0 0 0 0 0 0 0 0 0 0 0 0 0 0 0 0 0 0 0 0 0 0 0 0 0 0 0 0 0 0 0 0 0 0 0 0 0 0 0 0 0 0 0 0 0 0 0 0 0 0 0 0 0 0 0 0 0 0 0 0 0 0 0 0 0 0 0 0 0 0 0 0 0 0 0 0
0 0 0 0 0 0 0 0 0 0 0 0 0 0 0 0 0 0 0 0 0 0 3 21 8 13 5 1 0 0 0 0 0 0 0 0 0 0 0 0 0 0 0 0 0 0 0 0 0 0 0 0 0 0 0 0 0 0 0 0 0 0 0 0 4451 0 0 0 0 0 0 5 11 0 0 0 0 0 0 0 0 0 0 0 0 0 0 0 0 0 0 0 0 0 0 0 0 0 0 0 0 0 0 0 0 0 0 0 0 0 0 0 0 0 0 0 0 0 0 0 0 0 0 0 0 0 0 0 0 0 0 0 0
0 0 0 0 0 0 0 2 0 0 0 0 0 0 0 0 3 0 0 0 0 0 0 977 402 540 202 24 0 0 0 0 0 0 0 0 0 0 0 0 0 0 0 0 0 0 1 0 0 0 0 0 0 0 0 36 74 0 0 0 8 1518 0 289 0 0 0 1 0 20343 0 0 0 0 0 0 0 0 1 0 0 0 0 0 0 0 0 0 0 7 10 0 0 0 0 0 0 0 0 0 0 0 0 0 0 0 0 0 0 0 1 0 0 0 0 0 0 0 0 0 0 0 0 0 0 0 0 0 0 0 0 0 0
0 0 0 0 0 0 0 0 0 0 0 0 0 0 0 0 0 0 0 0 0 0 0 0 31 0 0 0 0 0 0 0 0 0 0 0 0 0 0 0 0 0 0 0 0 0 9 0 0 0 0 0 0 0 0 0 0 0 0 0 0 0 0 0 76 82 0 0 0 0 7053 0 0 0 0 0 0 0 0 0 0 0 0 0 0 0 0 0 0 0 0 0 0 0 0 0 0 0 0 0 0 0 0 0 0 0 0 0 0 0 0 0 0 0 0 0 0 0 0 0 0 0 0 0 0 0 0 0 0 0 0 0 0
1 0 0 0 0 0 0 0 0 0 0 0 0 0 0 0 1 0 1 0 1 0 0 0 0 0 0 0 0 0 0 0 0 0 0 0 0 0 0 0 0 0 0 0 0 0 0 2 0 0 0 0 0 0 0 0 0 0 0 0 0 0 0 0 0 0 0 413 0 0 1 64 0 0 0 0 0 0 0 0 0 0 0 0 0 0 0 0 0 30 42 0 0 0 0 0 0 0 0 0 0 0 0 0 0 0 0 0 0 0 0 0 0 0 0 0 0 1 0 0 0 0 0 9 0 9 5 9 0 0 0 0 0
0 0 0 0 0 0 0 0 0 0 0 0 0 0 0 0 2 0 0 0 0 0 0 621 274 0 0 0 0 0 0 0 0 0 0 0 0 0 0 0 0 0 0 0 0 0 0 0 0 0 0 0 0 0 0 0 0 0 0 0 7 0 0 403 0 0 58789 0 0 0 0 0 0 0 0 0 0 0 3 0 0 0 0 0 0 0 0 0 0 0 0 0 0 0 0 0 0 0 0 0 0 0 0 0 0 0 0 0 0 0 0 0 0 0 0 0 0 0 0 0 0 0 0 0 0 0 0 0 0 0 0 0 0
0 0 0 0 0 0 0 0 0 0 0 0 0 0 0 0 1 0 1 0 0 0 0 282 122 28 0 0 0 0 0 0 0 0 0 0 0 0 0 0 0 0 0 0 0 0 0 1 0 0 0 0 0 0 0 55 124 0 0 0 3 0 0 53 0 0 0 2 7308 0 1 101 0 0 0 0 0 0 0 0 0 0 0 0 0 0 0 0 0 14 20 0 0 0 0 0 0 0 0 0 0 0 0 0 0 0 0 0 0 0 0 0 0 0 0 0 0 0 0 0 0 0 0 0 0 0 0 0 0 0 0 0 0
0 0 0 0 0 0 0 0 0 0 0 0 0 0 0 0 0 0 0 0 0 0 0 75 32 26 9 0 0 0 0 0 0 0 0 0 0 0 0 0 0 0 0 0 0 0 7 0 0 0 0 0 0 0 0 1 0 0 0 0 0 1 0 17 0 0 0 0 0 0 0 297 0 0 0 0 0 0 0 0 0 0 0 0 0 0 0 0 0 0 0 0 0 0 0 0 0 0 0 0 0 0 0 0 0 0 0 0 0 0 0 0 0 0 0 0 0 0 0 0 0 0 0 0 0 0 0 0 0 0 0 0 0
0 0 0 0 0 0 0 0 0 0 0 0 0 0 0 0 0 0 1 0 3 0 0 3 1 2 1 0 0 0 0 0 0 0 0 0 0 0 0 0 0 0 0 0 0 0 0 0 0 0 0 0 0 0 0 0 0 0 0 0 0 0 0 12 0 0 0 0 0 0 0 29 0 0 0 0 0 0 0 0 0 0 0 0 0 0 0 0 0 1 2 0 0 0 0 0 0 0 0 0 0 0 0 0 0 0 0 0 0 0 0 0 0 0 0 0 0 1 0 0 0 0 0 0 0 0 0 0 0 0 0 0 1
1 0 0 0 0 0 0 0 0 0 1 0 0 0 0 0 0 0 20 0 108 2 12 83 33 51 20 3 263 0 305 0 0 0 0 0 0 0 0 0 0 0 0 0 0 0 0 3 0 0 0 0 0 0 0 0 0 0 0 0 20 42 0 0 693 0 0 10 4 7 19 95 0 0 0 0 0 0 0 0 0 0 0 0 0 0 0 0 0 42 58 0 0 0 0 0 0 0 0 0 0 0 0 0 0 0 0 0 0 0 0 0 0 0 0 0 0 17 0 1 0 0 0 0 0 0 0 0 0 0 0 0 0
0 0 0 0 0 0 0 0 0 0 0 0 0 0 0 0 0 0 0 0 9 0 1 6 2 4 2 0 2 0 0 0 0 0 0 0 0 0 0 0 0 0 0 0 0 0 0 0 0 0 0 0 0 0 0 20 43 0 0 0 0 0 0 12 0 0 0 0 0 0 0 73 0 0 0 0 0 0 0 0 0 0 0 0 0 0 0 0 0 3 4 0 0 0 0 0 0 0 0 0 0 0 0 0 0 0 0 0 0 0 0 0 0 0 0 0 0 1 0 0 0 0 0 0 0 0 0 0 0 0 0 0 2
18 25 16 35 30 18 44 23 0 66 43 19 2 19 27 4 20 0 2 0 2 0 0 2 1 1 0 0 2 7 2 0 2 1 7 85 21 36 38 1784 0 10 9 71 254 1250 0 6 0 0 0 0 0 8 424 100 238 80 0 2 0 1 7 26 16 13 0 0 1 0 0 1 0 7 0 8 2 0 3 25 0 0 0 48 0 1 0 0 0 3 4 0 0 0 241 0 0 382 0 0 9 0 0 0 0 0 0 1 0 0 0 0 3 0 22 0 0 14 4 1 2 0 0 3 0 3 4 3 3 38 66 48 0
0 0 0 0 0 0 0 0 446 0 1 3 1 1 1 0 1 0 0 0 0 0 0 0 0 0 0 0 0 0 0 0 0 0 1 5 2 3 2 290 1 1 1 21 23 84 1 0 0 1 0 0 0 0 47 11 26 13 0 0 0 0 1 2 1 1 0 0 0 0 0 0 1 1 1 1 1 1 0 3 0 0 0 3 0 2 0 0 0 1 0 0 3 7 64 0 0 58 0 0 2 0 0 0 0 0 0 0 0 0 0 1 1 2 39 0 8 1 1 1 0 0 0 0 0 0 0 0 0 2 9 5 0
0 0 0 0 0 0 0 0 0 5 0 4 1 0 2 0 2 0 0 0 0 0 0 1 0 0 0 0 0 0 0 0 0 0 1 3 0 2 2 104 1 1 3 9 18 80 1 0 0 1 1 0 0 1 25 7 16 8 1 0 0 1 1 2 2 2 0 0 0 0 0 0 1 1 1 2 2 1 1 3 0 0 0 4 0 1 0 0 0 2 0 0 2 2 2 0 0 33 0 0 1 0 0 0 0 1 0 1 1 1 0 1 1 3 10 1 4 1 1 2 1 1 0 1 0 1 1 1 1 2 5 3 0
8 10 6 18 16 15 22 11 0 33 22 31 0 5 13 1 9 0 1 0 0 0 0 1 0 0 0 0 0 1 1 0 0 0 0 47 1 12 18 746 0 3 5 26 1332 772 0 1 0 0 0 0 0 3 137 52 114 7 0 0 0 0 0 9 0 3 0 0 0 0 0 0 0 0 0 0 0 0 0 0 0 0 0 16 0 0 0 0 0 0 0 0 0 0 127 0 0 0 0 0 5 0 0 0 0 0 0 0 0 0 0 0 0 0 9 44 0 10 1 0 1 0 0 1 0 1 1 1 1 5 17 5 0
0 0 0 0 0 0 0 0 0 5 1 1 0 0 1 0 1 0 0 0 0 0 0 0 0 0 0 0 0 0 0 0 0 0 0 0 0 0 0 0 0 0 58 0 0 0 0 0 0 0 0 0 0 0 0 0 0 0 0 0 0 0 0 0 0 0 0 0 0 0 0 0 0 0 0 0 0 0 0 0 0 0 0 2 0 0 0 0 0 0 0 0 0 0 0 0 0 0 0 0 0 0 0 0 0 0 0 0 0 0 0 0 0 0 0 0 0 0 0 0 0 0 0 0 0 0 0 0 0 0 0 0 0
336 309 840 0 17 16 23 13 137 1216 169 794 36 0 339 4 35 0 3 0 2 0 0 2 1 1 0 0 1 5 2 0 0 0 0 1673 0 0 557 0 0 5 16 0 0 17 0 4 0 0 0 0 0 14 15 5 0 64 0 4 8 18 9 38 15 13 0 0 0 0 0 0 0 0 0 8 0 0 4 0 0 0 0 47 0 3 0 0 0 14 19 0 0 0 1 0 0 452 0 0 41 0 0 0 0 0 0 0 0 0 0 0 149 0 119 45 173 37 3 2 2 0 0 3 0 3 3 3 3 0 169 659 1
0 2 4 20 21 19 22 11 63 686 47 120 40 52 52 1 73 0 0 0 1 0 0 1 0 0 0 0 0 1 0 0 0 0 0 10 73 0 5 93 628 1 2 0 0 0 0 0 0 0 0 0 0 3 0 4 0 0 0 0 3 13 0 9 0 0 0 0 0 0 0 0 0 0 0 0 0 0 0 0 0 0 0 8 0 0 0 0 0 2 3 0 0 0 9 0 0 0 0 0 24 0 0 0 0 0 0 0 0 0 0 0 3 0 46 26 9 1 1 1 1 0 0 1 0 1 1 1 1 0 57 0 2
0 0 0 12 124 0 13 7 0 95 17 87 15 0 36 2 17 0 0 0 0 0 0 1 0 0 0 0 0 1 0 0 0 0 0 18 0 0 0 722 405 230 470 0 0 0 0 1 0 0 0 0 0 1 44 33 41 21 0 0 0 0 0 0 0 0 0 0 0 0 0 0 0 0 0 0 0 0 0 0 0 0 0 0 0 58 0 0 0 14 20 0 0 0 7 0 0 0 0 0 7 0 0 0 0 0 0 0 0 0 0 0 0 0 0 0 0 0 0 0 0 0 0 2 0 2 1 2 0 0 25 0 20
112 0 0 0 0 1147 1554 733 1996 14835 4136 10811 3601 3423 4552 44 3219 0 23 0 11 0 2 15 7 9 3 0 5 28 14 0 0 0 0 174 78 0 0 0 0 80 81 17 0 0 0 50 0 6 0 0 0 137 933 351 809 290 0 0 7 21 93 457 226 183 0 0 1 1 8 7 0 39 0 58 21 0 66 0 0 3 1 757 0 3 1 0 0 8 8 0 0 0 31 0 0 424 0 0 91 0 16 0 0 0 0 0 0 0 1 0 28 0 315 161 103 26 15 16 16 1 0 22 0 20 18 19 16 212 948 296 2
18 18 17 0 38 0 64 35 56 336 70 149 46 56 64 11 284 0 9 0 8 0 1 4 2 3 1 0 3 10 3 79 0 0 202 2903 142 0 0 259 0 525 18 0 0 0 0 8 0 0 0 0 0 46 1428 10 9 456 0 0 4 30 37 54 17 17 0 0 0 0 0 1 0 0 0 6 0 0 5 0 0 0 0 76 0 2 0 0 0 4 5 0 0 0 5 0 0 1881 0 0 26 0 0 28 0 0 0 0 0 0 1 0 25 0 65 138 0 3 3 2 3 0 0 4 0 4 3 4 3 0 383 219 26
6 8 92 52 44 40 60 28 270 2295 65 223 47 125 94 2 0 0 3 0 2 0 0 4 1 1 0 0 1 5 1 0 0 0 0 11 0 0 0 0 0 0 6 0 0 0 0 4 0 0 0 0 0 8 220 57 129 0 0 0 0 1 2 21 6 10 0 0 0 0 0 0 0 0 0 0 0 0 0 0 0 0 0 36 0 0 0 0 0 2 2 0 0 0 8 0 0 60 0 0 0 0 0 0 0 0 0 0 0 0 3 0 0 0 27 14 0 1 1 1 1 0 0 2 0 2 2 2 1 0 50 0 1
0 0 0 0 0 0 0 0 0 6 0 0 0 0 0 0 0 0 0 0 0 0 0 0 0 0 0 0 0 0 0 0 0 0 0 0 0 0 0 0 0 0 0 0 0 0 0 1 0 0 0 0 0 0 0 0 0 0 0 0 0 0 0 0 0 0 0 0 0 0 0 0 0 0 0 0 0 0 0 0 0 0 0 1 0 0 0 0 0 0 0 0 0 0 0 0 0 0 0 0 0 0 0 0 0 0 0 0 0 0 0 0 0 0 0 0 0 0 0 0 0 0 0 0 0 0 0 0 0 0 0 102 0
4 0 0 0 15 7 0 30 0 0 7 29 0 0 12 0 209 0 34 0 12 0 2 13 5 7 2 1 5 21 8 0 0 0 0 11 23 65 99 0 54 12 37 0 1180 1660 0 220 0 0 0 0 0 188 0 57 83 0 0 13 16 34 62 151 137 135 0 0 0 0 0 2 0 97 0 101 92 77 57 224 0 0 0 207 0 7 0 7 0 27 36 0 0 0 135 0 0 0 0 0 13 0 0 0 0 0 0 0 0 0 3 0 0 0 32 0 21 49 34 40 5 0 1 14 1 21 70 22 7 0 23 44 3
107 138 108 68 16 7 4 34 0 0 20 40 0 10 18 31 78 0 59 0 21 1 3 27 9 17 6 1 16 80 37 0 0 0 0 21 13 121 273 120 98 46 63 0 0 1617 0 60 0 0 0 0 0 79 0 162 370 0 0 10 17 28 92 352 215 158 0 0 0 0 2 6 31 367 5 257 132 184 60 808 0 0 0 634 0 1 0 0 0 15 21 0 0 51 128 0 0 0 0 0 0 0 25 0 0 0 0 0 0 0 1 0 0 0 32 0 0 133 135 14 14 0 0 17 0 16 124 15 14 14 147 378 1
15 15 10 6 2 0 0 7 0 0 0 0 0 0 2 9 0 0 4 0 2 0 0 3 0 2 0 0 1 4 3 0 0 0 0 5 0 8 54 27 12 9 12 0 0 0 0 10 0 0 0 0 0 22 0 7 7 0 0 0 4 6 5 71 42 31 0 0 0 0 0 2 0 8 0 20 19 18 15 0 0 0 0 115 0 0 0 0 0 2 3 0 0 0 5 0 0 0 0 0 0 0 0 0 0 0 0 1 0 0 0 0 0 0 0 0 0 13 5 5 3 0 0 4 0 4 5 4 3 0 11 0 1
63 95 67 110 27 12 25 54 29 21 41 168 7 63 72 0 137 0 155 0 44 2 0 0 6 14 5 0 10 53 27 13 0 0 36 13 15 98 157 105 100 47 47 84 69 22 0 18095 0 501 0 0 0 166 340 31 88 0 0 0 10 23 292 366 0 0 0 0 0 0 0 0 0 60 0 57 54 136 167 1194 0 0 0 357 0 5 0 6 0 22 29 0 0 0 103 0 0 0 0 0 11 0 0 0 0 0 0 0 0 0 5 0 0 0 0 9 0 78 83 35 8 0 1 13 1 25 30 25 8 0 71 563 2
0 0 0 0 0 0 0 0 0 0 0 0 0 0 0 0 1 0 2 0 0 0 0 1 0 0 0 0 0 0 0 0 0 0 0 0 0 20 0 0 0 0 0 0 0 0 0 0 0 0 0 0 0 0 8 0 0 0 0 0 0 0 0 0 0 0 0 0 0 0 0 0 0 0 0 0 0 0 0 0 0 0 0 0 0 0 0 0 0 7 9 0 0 0 3 0 0 0 0 0 4 0 0 0 0 0 0 0 0 0 0 0 0 0 0 0 0 0 0 0 0 0 0 0 0 0 0 0 0 0 0 0 2
0 0 0 0 0 0 1 0 0 0 0 0 0 0 0 0 1 1 0 0 0 0 0 0 0 0 0 0 0 0 0 0 0 0 0 0 0 0 0 0 0 0 0 0 0 0 0 1 0 0 0 0 0 0 0 0 0 0 0 0 0 0 0 0 0 0 0 1 0 0 0 0 0 0 0 0 0 0 0 0 0 0 0 0 0 0 0 0 0 7 9 0 0 0 0 0 0 0 0 0 0 0 0 0 0 0 0 0 0 0 0 0 1 0 0 1 0 0 0 0 0 0 0 0 0 0 0 0 0 0 0 1 2
39 49 15 117 17 52 23 39 20 21 154 231 76 0 98 98 69 0 95 0 24 1 3 24 10 12 4 1 6 34 57 4 0 0 28 19 253 467 129 0 443 251 162 153 288 34 0 8601 0 0 782 0 0 80 669 312 727 0 0 0 35 60 437 281 91 89 0 0 2 9 8 7 0 361 0 350 0 2 74 548 0 0 23 131 0 32 20 34 0 89 123 0 0 0 266 0 0 0 0 0 40 0 3 8 0 0 0 0 0 0 5 0 118 0 111 223 0 112 113 13 3 0 0 12 0 18 109 19 4 104 109 329 3
63 97 62 88 18 26 73 42 40 19 75 67 26 37 29 64 67 100 65 0 8 0 4 26 10 15 5 1 12 44 23 23 0 0 50 17 589 310 154 97 255 114 91 174 221 197 433 37 0 0 0 0 0 209 427 369 868 133 0 29 67 108 295 217 133 113 0 0 7 2 1 7 91 580 0 472 359 84 37 64 0 0 47 305 3 70 49 18 0 153 215 0 0 406 627 0 0 0 85 0 11 0 53 132 0 0 0 242 263 0 10 0 828 0 562 1078 0 265 252 17 16 0 0 20 0 159 201 197 19 676 483 434 4
1 1 1 1 0 0 0 0 0 0 0 0 0 0 0 0 1 0 0 0 0 0 0 0 0 0 0 0 0 0 0 0 0 0 1 0 1 1 3 2 1 1 1 0 1 0 1 0 0 1 1 0 0 1 20 2 5 0 0 1 0 1 0 4 2 10 8 10 25 34 17 22 6 2 1 2 50 1 2 60 0 0 0 7 0 0 0 0 0 0 0 2 1 1 0 0 0 0 0 0 0 0 0 0 0 0 0 0 0 0 0 0 0 0 0 0 0 0 0 0 0 0 0 0 0 0 0 0 0 0 0 0 0
593 1474 938 2266 333 448 171 10918 1039 210 1115 589 459 679 396 1928 1423 1056 0 532 19642 12470 4401 491 1695 525 1311 11167 3464 3752 1371 150 1 1 294 535 110 770 972 713 426 200 248 97 185 208 239 242 0 447 182 958 0 1062 4080 998 1624 351 263 358 415 137 676 1341 924 1413 64 103 197 232 181 848 423 283 100 306 362 185 406 518 139 20 717 2558 15882 803 399 2 0 93 124 218 514 534 138 0 0 77 3659 2291 1206 687 529 57130 733 296 0 56 50 14 90944 74 250 0 1670 91 60 162 168 44 48 1 94669 852 94668 447 469 55 47 4613 533 717 27
0 0 0 0 0 0 0 0 0 0 0 0 0 0 0 0 0 0 0 0 0 0 0 0 0 0 0 0 0 0 0 0 0 0 0 0 0 0 0 0 0 0 0 0 0 0 0 0 0 0 0 0 0 0 0 0 0 0 0 0 0 0 0 0 0 0 0 0 0 0 0 0 0 0 0 0 0 0 0 0 0 0 0 0 0 0 0 0 0 0 0 0 0 0 0 0 0 0 0 0 0 0 0 0 0 0 0 0 0 0 0 0 0 0 0 0 0 0 0 0 0 0 0 0 0 0 0 0 0 0 0 0 0
0 0 0 0 0 0 0 12 0 12 13 6 1 0 6 0 22 0 31 16 29 3 10 72 19 23 6 0 3 8 0 0 0 0 0 3 0 38 0 0 0 0 23 25 0 51 0 0 0 0 0 0 0 173 0 34 0 6 2729 0 6 7 0 162 78 72 0 0 0 0 0 0 0 70 0 40 66 55 10 0 0 0 0 248 4 2 0 0 0 8 10 0 0 0 7 0 0 0 0 0 0 0 0 0 0 0 0 0 0 0 16 0 0 0 0 0 0 6 6 6 6 0 16 8 16 7 7 7 6 10 0 0 0
0 0 0 2 52 0 70 0 0 0 0 0 0 0 0 0 0 0 1 0 1 0 0 2 2 1 0 0 0 0 0 0 0 0 0 0 0 0 0 0 0 0 0 0 0 0 0 0 0 0 0 0 0 0 0 0 0 0 0 0 0 0 0 0 0 0 0 0 0 0 0 0 0 0 0 0 0 0 0 0 0 0 0 0 0 0 0 0 0 4 6 0 0 0 0 0 0 0 0 0 0 0 0 0 0 0 0 0 0 0 0 0 0 0 0 0 0 0 0 0 0 0 0 0 0 0 0 0 0 0 0 1 1
0 1369 0 359 850 25 1748 18 0 9 17 22 2 0 16 0 35 0 36 17 33 3 0 93 34 30 0 0 2 9 0 0 0 0 0 3 2 11 0 0 0 0 10 0 0 0 0 11 0 0 0 0 0 46 56 10 0 0 0 0 6 29 0 60 17 22 0 0 0 0 0 0 0 0 0 10 0 0 5 0 0 0 0 92 3 5 0 0 0 18 25 0 0 0 3 0 0 0 0 0 0 0 0 0 0 0 0 0 0 0 12 0 0 0 0 0 0 7 7 3 3 0 13 12 13 12 10 12 4 11 0 0 1
167 0 0 97 314 12 659 20 288 316 236 310 48 124 117 36 133 0 187 0 51 11 26 139 183 71 14 11 81 606 88 0 0 0 0 44 0 99 0 0 0 25 126 1965 1032 42 458 880 0 212 0 0 0 1457 0 1657 2830 0 769 244 86 221 321 1014 305 1676 0 125 20 0 3 16 0 529 0 363 133 112 127 0 0 0 126 19 44 133 65 2 0 722 884 0 0 0 29 0 0 0 5 0 0 0 0 0 0 0 0 0 0 0 69 0 0 0 25 0 0 114 132 3 2 1 68 489 68 388 340 368 2 0 0 0 75
81 101 66 0 0 0 250 131 22 38 93 115 24 28 49 26 266 0 392 130 29 6 22 144 58 89 34 8 33 118 40 35 0 0 102 23 1144 110 196 57 925 42 74 1072 144 284 2178 34 0 292 65 0 0 3372 0 458 1048 0 0 452 192 449 392 2257 534 462 0 8 407 0 0 62 38 675 0 778 660 1011 254 1233 0 0 0 296 280 18 0 2 0 317 446 0 1125 664 61 0 0 0 0 0 4 0 27 33 0 0 0 0 0 0 36 0 0 0 51 16 0 320 332 20 7 0 31 352 31 340 339 371 16 52 75 502 10
5 9 4 19 7 5 10 25 6 4 3 19 0 8 8 9 8 0 27 0 120 2 12 85 34 55 21 3 35 36 35 0 0 0 0 25 0 54 12 31 178 8 0 0 0 2 16 16 0 13 0 0 0 26 171 256 617 0 0 0 12 45 0 134 14 12 0 0 6 0 0 935 0 16 0 17 24 63 64 234 0 0 0 5 0 2 0 1 0 10 14 0 0 0 3 0 0 0 0 0 0 0 0 0 0 0 0 0 0 0 0 0 0 0 6 0 0 20 5 7 0 0 0 1 0 1 3 2 0 0 0 15 56
3 5 3 2 1 1 2 1 2 2 4 3 1 2 2 6 2 0 0 0 1 0 0 4 2 0 0 0 0 0 0 0 0 0 1 1 0 0 5 0 0 1 1 0 0 0 0 1 0 0 0 0 0 4 0 1 0 0 0 0 0 0 0 0 0 0 395 0 0 0 0 0 0 0 0 18 1 0 0 0 0 0 0 7 0 0 0 0 0 1 1 0 39 0 1 0 0 0 0 0 0 0 0 0 0 0 0 0 0 0 0 0 0 0 0 13 0 1 1 1 0 0 0 0 0 0 1 0 0 0 0 0 0
7 14 7 7 5 5 9 4 9 9 20 16 3 6 8 21 1 0 0 0 1 0 0 43 18 28 10 0 1 0 0 0 0 0 0 0 0 0 3 0 0 0 50 0 0 0 0 1 0 0 0 0 0 3 0 6 0 0 0 0 14 0 0 0 0 0 115 0 0 857 0 0 0 0 0 0 1 0 0 0 0 0 0 0 0 0 0 0 0 0 0 0 0 0 1 0 0 0 0 0 0 0 0 0 0 0 0 0 0 0 0 0 0 0 0 0 0 1 1 1 0 0 0 0 0 0 0 0 0 0 0 0 0
9 16 6 5 3 4 0 6 9 9 19 13 3 6 7 483 36 0 125 0 381 9 23 340 141 150 68 9 530 1584 633 0 0 0 0 1 0 0 7 0 0 0 0 0 0 0 0 288 0 0 0 0 0 12 153 53 109 0 0 145 76 154 0 613 1448 0 0 0 20 59 20 1421 0 0 0 0 0 0 0 0 0 0 19 13 13 27 17 31 0 28 39 0 1463 0 244 0 0 0 0 0 0 0 0 0 0 0 0 0 0 0 21 0 0 0 0 0 0 86 2 3 1 0 21 2 21 2 66 1 1 0 0 0 0
25 25 36 33 17 12 13 33 10 11 21 50 2 2 21 215 40 0 87 0 5 1 0 9 27 0 0 0 0 54 0 0 0 0 0 0 0 0 13 0 0 0 1 0 0 0 0 36 0 0 0 0 0 4 0 6 0 0 0 0 1023 5314 0 0 0 0 0 155 0 0 0 336 0 0 0 0 0 0 0 0 0 0 8 35 0 6 8 0 0 27 38 0 0 0 0 0 0 0 0 0 0 0 0 0 0 0 0 0 0 0 0 0 0 0 5 0 0 49 1 1 1 0 0 414 0 408 288 425 1 0 0 0 5
11 15 11 18 3 2 19 13 3 6 11 8 2 6 4 13 11 0 198 0 14 0 11 0 29 46 18 5 9 0 9 0 0 0 0 2 0 14 30 0 0 0 6 0 0 0 446 5 0 0 0 0 0 617 0 10 0 0 0 0 15 47 0 18 0 11610 0 0 0 0 0 73 1275 713 0 513 239 840 420 366 0 0 0 59 10 0 0 0 0 3 3 0 0 0 116 0 0 0 0 0 0 0 0 0 0 0 0 0 0 0 18 0 0 0 0 0 0 18 3 2 2 1 18 6 18 205 136 213 2 2 0 11 0
4 5 3 5 1 0 5 3 0 2 4 2 0 2 1 5 4 0 71 0 5 2 4 0 9 17 5 2 4 10 4 0 0 0 0 1 0 4 9 0 0 0 2 0 0 0 85 2 0 0 0 0 0 226 0 3 0 0 0 0 1 14 42 9 0 0 0 0 0 0 0 24 0 238 0 176 50 275 140 62 0 0 0 0 0 0 0 0 0 1 1 0 0 0 38 0 0 0 0 0 0 0 0 0 0 0 0 0 0 0 7 0 0 0 0 0 0 7 1 1 1 0 6 2 7 75 50 78 1 0 0 4 0
6 12 6 4 7 2 13 1 8 4 6 5 1 5 2 0 4 0 3 0 1 0 0 3 2 0 0 0 2 3 1 1 0 0 4 2 25 11 7 1 6 3 4 31 12 12 79 21 0 15 8 0 0 160 131 21 39 56 44 8 0 0 30 37 10 23 0 0 3 0 0 7188 259 49 28 52 142 6 17 482 0 0 0 2 0 3 0 0 0 13 15 0 0 0 29 0 0 0 0 0 2 0 0 0 0 0 0 0 0 0 0 0 4 0 4 3 0 3 3 2 1 1 0 8 0 7 6 7 2 2 3 7 1
3 7 4 2 3 1 5 0 4 2 3 2 0 3 1 0 3 0 1 0 1 0 0 2 0 1 0 0 1 0 1 1 0 0 3 1 87 8 12 2 4 2 2 20 6 11 144 17 0 89 127 0 0 11 149 10 30 0 0 318 42 216 23 0 10 16 9 0 10 0 0 1882 1477 316 102 270 346 148 505 483 0 0 0 0 0 0 0 0 0 8 10 0 0 53 26 0 0 0 0 0 1 0 0 0 0 0 0 0 0 0 1 0 4 0 2 0 3 2 2 1 1 0 0 4 0 4 4 4 1 0 3 10 1
2 2 1 0 1 1 3 0 1 1 2 1 0 2 1 0 3 0 2 0 1 0 0 2 0 1 0 0 0 0 0 0 0 0 1 0 3 3 1 0 0 1 1 4 2 5 0 7 0 0 0 0 0 3 9 3 5 0 0 0 1 0 0 4 2 6 0 0 0 0 0 9 19 3 0 4 1 0 2 0 0 0 0 0 0 0 0 0 0 27 37 0 0 0 1 0 0 0 0 0 0 0 0 0 0 0 0 0 0 0 0 0 1 0 2 3 0 1 1 0 0 0 0 1 0 2 2 1 1 0 1 4 12
2 3 1 0 2 1 2 0 2 1 1 1 0 1 0 0 1 0 1 0 0 0 0 1 0 1 0 0 1 0 0 0 0 0 1 0 11 3 3 0 1 1 1 7 2 4 18 7 0 0 0 0 0 5 41 6 11 9 10 30 2 0 0 11 119 6 2 0 3 0 0 73 394 75 82 121 145 0 60 0 0 0 0 0 0 0 0 0 0 4 5 0 0 41 11 0 0 0 0 0 0 0 0 0 0 0 0 0 0 0 0 0 2 0 3 3 1 1 1 1 0 0 0 2 0 2 2 2 1 0 1 4 0
3 6 3 2 2 1 2 0 3 2 3 2 0 2 1 0 2 0 2 0 1 0 0 0 0 1 0 0 1 0 0 0 0 0 2 1 6 5 4 0 2 1 2 10 0 6 39 14 0 0 0 0 0 309 15 9 19 0 13 37 29 65 0 37 6 14 14 1395 2711 1099 0 628 605 102 18 87 85 0 99 192 0 0 0 0 0 0 0 1 0 11 15 0 0 0 8 0 0 0 0 0 1 0 2 0 0 0 0 2 0 0 0 10 3 0 4 0 1 3 3 2 2 0 0 5 0 4 4 4 2 0 5 5 1
1 1 0 0 0 0 1 0 0 1 2 0 0 1 1 0 2 0 3 0 1 0 0 0 0 1 0 0 0 0 0 0 0 0 0 0 7 1 1 0 0 0 0 0 0 0 8 4 0 0 0 0 0 98 5 1 3 0 0 0 3 10 0 0 0 0 0 0 0 0 0 0 255 112 48 81 76 88 126 0 0 0 0 0 0 0 0 0 0 31 44 0 0 0 5 0 0 0 26 0 0 844 0 0 0 0 0 0 0 0 0 0 3 0 1 1 1 1 0 0 0 0 0 10 0 9 6 9 0 0 1 2 7
165 343 115 197 30 12 291 119 58 11 170 138 15 76 59 182 278 209 733 54 251 0 24 176 72 112 42 7 69 242 80 9 0 0 29 19 75 509 123 14 993 128 42 499 0 162 3001 1190 0 568 0 0 0 4988 750 77 170 194 0 289 111 177 655 1955 0 508 0 0 0 0 0 0 0 728 224 653 681 1186 1061 989 0 0 202 304 18 182 212 215 0 547 771 0 0 242 421 0 0 0 588 0 499 0 101 0 0 0 0 0 0 0 19 0 83 0 178 59 0 756 804 1288 5 0 11 17 11 208 359 236 6 51 55 305 4
14 19 13 1 2 3 0 3 6 2 7 3 1 4 9 10 16 0 5 0 2 0 0 3 0 2 0 0 2 5 2 0 0 0 7 3 6 25 39 0 3 9 9 0 0 0 0 15 0 0 0 0 0 17 0 11 6 0 0 0 0 5 9 45 0 0 0 0 0 0 0 0 0 0 0 76 0 0 4 0 0 0 0 53 0 10 0 1 0 20 26 0 0 0 4 0 0 0 0 0 0 0 0 0 0 0 0 0 0 0 3 0 0 0 0 0 0 38 5 4 3 1 0 5 0 5 65 6 4 15 0 62 0
115 220 112 237 60 30 38 121 151 26 220 126 15 180 54 209 271 8 142 0 186 4 9 99 40 44 23 2 56 281 119 228 0 0 335 8 264 137 187 116 160 49 96 557 0 351 65 234 0 277 70 0 0 496 409 50 114 20 27 32 63 129 520 176 915 731 0 0 2 0 0 0 0 1786 0 3266 1923 269 340 207 0 0 1124 712 60 1041 1182 1211 0 3066 12 0 0 52 95 0 0 0 45 252 132 0 136 121 0 0 0 0 4 0 38 15 0 0 0 61 0 119 120 7 7 0 0 526 0 538 370 545 508 0 0 293 5
39 188 38 8 117 1 151 2 2 1 2 1 0 1 0 13 15 0 6 0 9 0 1 12 4 4 1 0 1 1 1 0 0 0 1 1 0 26 19 0 0 0 4 0 0 0 0 5 0 0 0 0 0 9 0 4 0 0 0 0 0 0 0 21 0 0 0 0 0 0 0 0 0 0 0 0 38 0 20 0 0 0 0 31 0 2 0 0 0 6 8 0 0 0 6 0 0 0 0 0 7 0 0 0 0 0 0 0 0 0 1 0 0 0 0 0 0 3 2 1 1 0 0 2 0 2 2 2 2 21 0 71 0
15 21 16 7 2 2 0 5 4 1 6 3 1 5 2 10 61 0 5 0 7 0 0 4 1 2 0 0 2 5 2 0 0 0 9 3 4 22 45 0 8 7 10 0 0 0 0 12 0 256 0 0 0 122 0 9 4 0 0 0 0 0 6 51 0 0 0 0 0 0 0 0 0 151 0 0 0 0 117 0 0 0 0 86 0 2 0 0 0 10 13 0 0 0 2 0 0 0 0 0 1 0 0 0 0 0 0 0 0 0 1 0 0 0 26 0 0 15 3 3 3 0 0 5 0 4 81 4 3 15 0 69 0
97 140 97 104 25 12 14 53 18 4 25 182 25 34 26 140 66 0 74 24 7 1 8 56 22 35 13 2 13 78 41 7 0 0 24 17 3 110 106 46 26 25 23 0 0 0 0 41 0 0 0 0 0 199 0 11 9 0 0 0 65 178 174 261 0 0 0 0 4 0 17 0 0 165 0 124 129 0 214 0 0 0 8 253 2 55 46 0 0 97 134 0 43 0 39 0 0 0 142 0 0 0 11 7 0 0 0 0 0 0 11 0 0 0 161 0 3 140 146 610 6 1 0 542 0 585 532 625 627 51 31 64 690
10 15 10 15 4 2 14 11 16 8 7 5 1 10 3 29 661 0 33 0 1 0 0 2 1 0 0 0 3 11 3 0 0 0 3 1 0 5 19 0 0 0 4 0 0 0 0 15 0 0 0 0 0 7 0 2 0 0 0 0 2 4 15 22 0 0 0 0 0 0 0 0 0 0 0 0 0 0 0 0 0 0 0 45 0 0 0 0 0 1 2 0 0 0 44 0 0 0 832 0 0 379 682 2113 0 0 0 0 0 0 5 0 24 0 0 0 0 15 1 1 1 0 0 2 0 2 2 2 1 0 0 35 828
32 44 31 15 13 19 0 20 38 93 48 76 22 34 33 24 58 0 26 0 5 0 2 14 6 9 3 0 11 36 6 0 0 0 12 19 71 89 61 37 66 23 18 0 0 103 0 564 0 0 0 0 0 110 137 44 84 24 0 0 12 56 76 126 0 0 0 0 18 3 0 112 0 90 0 55 59 17 19 0 0 0 26 137 2 33 27 0 0 113 160 0 0 0 82 0 0 0 0 0 0 0 1 0 0 0 0 0 0 0 4 0 0 0 12 76 0 81 80 3 3 0 0 16 0 265 243 266 11 40 139 0 1
98 62 25 92 88 72 460 60 81 66 234 26 30 216 91 24 382 0 64 195 84 3 40 277 57 90 89 3 10 49 20 16 0 0 60 1 31 43 28 2 13 32 5 140 251 148 204 370 0 116 38 0 0 0 30 16 39 11 223 59 47 105 101 2 83 313 36 661 42 65 294 21 5 268 39 120 138 53 29 11 0 0 0 0 0 0 0 0 0 4429 6253 0 132 226 61 0 129 22 110 0 24 0 27 0 4 56 0 97 67 151 2 36 89 0 206 597 67 41 0 0 0 0 0 0 0 198 125 0 0 11 117 575 2060
37 23 9 34 33 27 171 36 31 25 87 10 11 80 34 11 83 197 0 0 48 15 36 113 46 69 55 29 10 21 11 6 0 0 23 12 12 16 12 0 5 12 2 55 97 59 74 141 0 45 14 0 0 0 13 7 18 5 82 27 24 40 41 2 34 119 13 247 17 24 110 8 1 104 8 47 54 19 12 4 0 0 0 0 0 0 0 0 0 1644 2321 0 40 80 23 0 0 13 47 0 9 0 10 510 0 17 0 35 22 55 1 11 162 0 77 222 3 34 0 0 0 0 0 506 0 476 285 476 0 2 44 130 331
9 6 2 8 8 7 44 5 7 6 23 2 3 21 9 3 30 0 0 19 8 0 4 27 6 9 9 0 1 5 2 1 0 0 6 0 1 4 1 0 0 3 1 7 22 16 13 38 0 0 0 0 0 0 2 2 3 0 2 3 5 10 0 0 7 30 1 63 4 6 27 2 0 21 0 11 12 0 3 0 0 0 0 0 0 0 0 0 0 11 0 0 0 0 6 0 0 0 0 0 0 0 1 0 0 0 0 0 0 0 0 0 0 0 0 54 0 0 0 0 0 0 0 0 0 0 95 0 0 0 0 3 144
13 8 3 12 12 10 63 8 11 9 32 3 4 30 12 3 21 0 0 24 12 0 5 38 8 12 12 0 1 6 2 0 0 0 0 0 0 0 0 0 0 0 0 0 0 0 0 50 0 0 0 0 0 0 0 1 0 0 0 0 0 6 0 0 0 17 0 80 3 6 30 2 0 0 0 0 0 0 0 0 0 0 0 0 0 0 0 0 0 433 598 0 0 0 0 0 0 0 9 0 3 0 3 0 0 0 0 0 0 0 0 0 0 0 0 82 0 0 0 0 0 0 0 0 0 0 0 0 0 0 0 34 27
3 2 1 3 3 2 14 2 2 2 7 1 1 6 3 1 7 5 0 6 3 0 1 8 2 3 3 0 0 1 1 0 0 0 2 0 1 1 1 0 0 1 0 3 7 4 5 11 0 1 0 0 0 0 0 0 0 0 0 2 1 3 0 0 0 8 1 20 1 2 9 1 0 7 0 3 4 0 1 0 0 0 0 0 0 0 0 0 0 110 153 0 2 0 2 0 0 0 0 0 0 0 1 0 0 0 0 0 0 0 0 0 0 0 1 18 0 0 0 0 0 0 0 0 0 0 0 0 0 0 0 8 31
0 0 0 0 0 0 0 0 0 0 1 0 0 0 0 0 5 0 0 1 1 0 0 2 0 1 1 0 0 0 0 0 0 0 0 0 0 0 0 0 0 0 0 0 0 0 0 3 0 0 0 0 0 0 0 0 0 0 0 0 0 1 0 0 42 2 0 4 0 0 0 0 0 0 0 0 0 0 0 0 0 0 0 0 0 0 0 0 0 0 0 0 0 0 0 0 0 0 0 0 0 0 0 0 0 0 0 0 0 0 0 0 0 0 0 0 0 0 0 0 0 0 0 0 0 0 0 0 0 0 0 0 35
14 8 3 12 12 10 65 8 11 9 33 3 4 30 13 3 5 0 0 27 12 0 6 39 8 13 13 0 1 5 3 2 0 0 8 0 4 6 4 0 1 4 1 11 27 19 22 52 0 0 0 0 0 0 3 2 4 0 10 7 6 14 0 0 11 44 3 92 6 9 40 3 0 25 0 15 16 0 4 0 0 0 0 0 0 0 0 0 0 184 227 12 0 0 8 0 0 0 3 0 1 0 2 0 0 0 7 0 0 0 0 0 0 0 0 84 9 0 0 0 0 0 0 0 0 0 0 0 0 4 0 48 1
0 0 0 0 0 0 0 0 0 0 0 0 0 0 0 0 0 0 0 0 0 0 0 0 0 0 0 0 0 0 0 0 0 0 0 0 0 0 0 0 0 0 0 0 0 0 0 0 0 0 0 0 0 0 0 0 0 0 0 0 0 0 0 0 0 0 0 0 0 0 0 0 0 0 0 0 0 0 0 0 0 0 0 0 0 0 0 0 0 0 0 0 0 0 0 0 0 0 0 0 0 0 0 0 0 0 0 0 0 0 0 0 0 0 0 0 0 0 0 0 0 0 0 0 0 0 0 0 0 0 0 0 0
0 0 0 0 0 0 1 0 0 0 0 0 0 0 0 0 1 1 0 0 0 0 0 0 0 0 0 0 0 0 0 0 0 0 0 0 0 0 0 0 0 0 0 0 0 0 0 1 0 0 0 0 0 0 0 0 0 0 0 0 0 0 0 0 0 0 0 1 0 0 0 0 0 0 0 0 0 0 0 0 0 0 0 0 0 0 0 0 0 7 9 0 0 0 0 0 0 0 0 0 0 0 0 0 0 0 0 0 0 0 0 0 1 0 0 1 0 0 0 0 0 0 0 0 0 0 0 0 0 0 0 1 2
0 0 0 0 0 0 0 0 0 0 0 0 0 0 0 0 0 0 0 0 0 0 0 0 0 0 0 0 0 0 0 0 0 0 0 0 0 0 0 0 0 0 0 0 0 0 0 0 0 0 0 0 0 0 0 0 0 0 0 0 0 0 0 0 0 0 0 0 0 0 0 0 0 0 0 0 0 0 0 0 0 0 0 0 0 350 0 451 0 0 0 0 0 0 0 0 0 0 0 0 0 0 0 0 0 0 0 0 0 0 2 0 0 0 0 0 0 36 0 0 0 0 0 0 0 303 187 304 0 0 0 0 0
0 0 0 0 0 0 0 0 0 0 0 0 0 0 0 0 0 0 0 0 0 0 0 0 0 0 0 0 0 0 0 0 0 0 0 0 0 0 0 0 0 0 0 0 0 0 0 0 0 0 0 0 0 0 0 0 0 0 0 0 0 0 0 0 0 0 0 0 0 0 0 0 0 0 0 0 0 0 0 0 0 0 15 0 0 523 0 670 0 2770 0 0 0 0 0 0 0 0 0 0 0 0 0 0 0 0 0 0 0 0 9 0 0 0 0 0 0 298 209 0 1135 0 0 1336 0 1246 781 1253 1156 0 0 0 0
97 82 77 575 172 330 0 22231 613 906 76 23 61 321 21 323 25 1742 4314 2645 26460 21618 33450 15210 38206 54891 33928 44063 9552 4034 5437 111 0 0 228 18309 1224 370 1562 384 834 296 47 2324 1758 1355 649 827 0 2982 219 0 0 0 1756 754 1893 4965 879 6956 9546 1314 3458 1986 4589 3499 124 1157 1448 693 971 665 1108 41 660 964 1152 409 402 378 8 532 116 6 533 266 0 172 0 7 8 0 0 415 714 294 0 270 145 0 0 0 0 102 672 0 0 0 0 150 3 0 0 363 940 671 1580 16 0 0 0 0 0 0 0 327 206 325 0 871 1245 2647 0
1919 634 622 623 75 36 840 405 588 172 1234 2449 192 493 1169 1133 1350 47 47 1253 2204 82 231 1586 643 994 379 54 2013 7266 2204 91 0 0 231 84 178 531 744 391 324 137 188 160 69 734 31 365 0 954 212 0 0 2592 101 127 253 235 0 521 0 100 0 1017 1382 1013 230 335 195 283 782 515 119 2226 286 1853 1319 0 358 135 0 0 37 1544 0 38 33 50 0 2790 3966 2318 0 994 1027 0 0 298 6394 0 6362 0 360 315 1362 809 0 0 0 0 14 277 1650 1651 3501 2850 0 5518 5816 4126 4862 0 0 5663 0 6042 5859 6270 5827 1319 1695 2215 0
249 441 240 262 178 165 259 151 194 139 210 210 34 185 93 255 155 351 551 205 57 3 23 158 63 55 15 5 143 548 132 23 0 0 124 112 176 570 1282 1117 778 435 79 65 0 145 243 78 0 88 0 0 0 262 369 115 261 66 0 29 204 414 320 527 30 117 26 0 77 0 130 89 0 157 0 154 104 6998 153 319 0 0 97 821 0 112 93 122 0 406 525 0 0 0 1596 0 0 271 164 1072 1741 0 59 61 0 0 0 0 0 0 50 0 171 0 245 0 0 725 757 691 16 0 0 1009 0 950 916 944 895 139 0 166 15
2 0 0 0 0 0 0 0 0 0 0 0 0 0 0 1 0 0 2 0 1 0 0 3 0 1 1 0 0 2 0 0 0 0 0 0 0 0 0 0 0 0 1 0 0 0 0 0 0 0 0 0 0 176 0 1 0 0 0 0 0 0 0 3 0 0 0 0 0 0 0 0 0 0 0 0 0 0 0 0 0 0 0 3 0 0 0 0 0 41 57 0 0 0 0 0 0 0 0 0 0 0 0 0 0 0 0 0 0 0 1 0 0 0 0 0 0 40 0 0 0 0 0 1 0 2 129 1 0 0 0 0 18
5416 6002 4964 2937 1118 809 1983 6563 1086 1517 3835 5562 11073 2971 3464 1907 3264 1127 1095 319 1631 696 368 837 497 528 254 634 528 2173 930 2857 773 818 3364 1028 1901 6218 13783 10927 4719 4904 36640 1613 4772 1162 442 2558 0 4633 2733 95 462 4733 2590 2136 4865 5921 3331 1376 518 1010 3180 16779 10656 8907 3321 359 443 2938 724 2599 3525 3770 2136 9379 4177 2136 3169 2611 16 221 608 31137 1482 3442 280 144 0 1101 964 0 3415 2160 1057 0 118 3067 373 0 354 0 782 4011 0 0 0 0 0 0 4989 386 1758 0 1376 1215 757 778 794 705 649 4 5146 1208 5146 1106 1044 1049 808 942 1486 2592 910
7502 2330 1320 1203 1085 201 857 1401 442 936 2884 9624 57953 7437 7769 1007 3329 376 279 53 453 39 116 787 320 499 191 38 527 2989 1609 690 20 22 1402 145 1332 3386 2725 7989 361 14016 1700 427 6553 182 11 201 0 2127 786 0 0 2507 4490 168 2087 3463 1520 1815 42 100 1238 1805 1994 1468 68 44 34 45 222 186 858 2816 104 1620 1208 860 1118 2895 0 198 1699 3100 171 739 185 9 0 1767 2167 695 19 1011 1487 0 0 2042 405 268 1214 0 505 813 0 0 0 0 0 0 14 0 978 0 900 793 0 485 502 594 62 0 0 661 0 584 584 554 540 428 1242 1818 50
1681 1033 1294 0 0 15 35 9785 241 127 174 27 55 0 131 625 0 97 378 0 3862 6326 3152 740 2305 1287 3197 23603 39576 10185 47235 0 0 0 327 40979 0 1036 4551 0 0 0 2917 2541 3235 747 284 39 0 499 1723 20 0 716 495 115 265 3373 397 311 415 408 829 656 568 420 24 23 14 17 102 31 1070 821 287 2022 1713 1047 313 429 0 0 383 67 85 2133 598 1418 0 2994 4227 0 0 0 2565 0 0 0 321 274 163 151 145 605 917 588 0 163 264 0 17 869 269 0 493 516 133 221 217 845 0 0 0 363 0 501 476 482 1 1329 1801 2269 1
99 50 19 11 8 6 0 17 12 9 54 116 660 89 94 21 89 120 125 41 12 3 5 22 10 13 6 5 18 54 29 11 5 5 21 7 43 119 24 79 15 266 7 9 659 3020 80 268 0 96 0 0 0 374 122 24 72 0 77 39 16 37 71 32 2476 1847 20 15 11 26 34 0 0 111 0 65 47 0 0 68 0 0 19 0 1 32 0 7 0 107 147 0 0 0 107 0 0 0 0 0 59 0 32 0 0 0 0 0 0 0 2 0 59 0 10 0 17 1010 1024 837 1069 0 0 1147 0 1142 1227 1213 1214 0 0 46 7
1218 1621 901 522 573 862 670 360 1794 451 1340 932 2280 1150 534 717 1827 607 932 271 147 16 71 429 182 164 54 27 532 1552 159 587 33 30 1104 332 3624 3916 198 1270 1261 1114 113 2591 542 5186 904 3739 0 2123 509 1 0 1178 5815 1581 3833 547 581 386 472 1169 2614 982 2654 1960 546 481 911 1207 307 485 1377 1934 0 1388 1175 240 794 1113 40 33 528 209 61 831 491 45 0 1894 2671 680 1675 0 1305 371 0 0 1438 0 556 928 1214 350 0 0 0 0 0 0 21 0 521 0 537 538 267 4249 4456 1301 3641 2 0 3582 0 3938 4219 4109 3778 409 709 1052 31
13 4 0 0 0 0 0 1 0 0 7 12 97 12 13 3 13 525 3 0 20 1 9 64 26 66 5 1 1 5 3 0 0 0 0 0 0 0 0 0 0 21 0 0 12 15 0 0 0 0 0 0 0 20 11 3 3 1 0 2 0 1 6 4 4 4 0 0 0 0 0 0 0 6 0 0 0 2 6 5 0 0 2 0 0 4 0 0 0 16 22 78 0 0 140 0 0 0 0 0 0 0 5 0 0 0 0 0 0 0 0 0 0 0 0 0 0 35 3 5 1 0 0 2 0 3 4 3 2 0 0 7 2
113 209 109 52 0 137 36 42 160 129 380 204 327 109 111 98 2293 256 1877 462 83 6 37 268 109 92 25 8 36 521 111 621 6 8 1192 22 54 545 164 104 93 380 32 701 102 1327 121 2965 0 655 197 3 0 248 2445 780 1870 181 280 270 1557 3814 818 224 630 464 1333 311 323 3115 412 0 364 612 68 534 486 476 0 185 170 91 22 1 2 52 12 1 0 186 263 24 16 692 249 991 44 0 3173 0 810 0 273 0 0 284 0 0 0 0 1 0 284 0 326 156 0 23 11 37 2 0 0 10 0 21 24 20 9 106 86 280 3
3 7 3 2 0 3 3 2 8 5 15 2 4 4 5 8 209 0 125 59 5 0 1 17 7 5 1 0 2 23 2 5 5 6 15 1 5 27 6 0 2 9 1 30 0 60 1 50 0 0 0 0 0 15 123 29 66 2 0 11 55 124 34 11 14 12 0 3 3 3 0 2 0 17 0 15 8 0 0 0 0 0 0 0 0 4 0 0 0 14 20 3 0 0 20 0 0 0 0 0 0 0 0 132 0 0 0 0 0 0 1 0 0 0 14 16 0 3 1 2 0 0 0 1 0 2 3 2 1 0 0 0 86
23 55 26 51 16 19 9 27 40 28 61 34 7 43 15 50 338 147 260 116 15 1 9 64 16 33 10 1 11 98 32 61 1 0 122 28 27 274 99 52 0 121 33 1479 222 180 92 310 0 0 0 0 0 233 539 112 252 51 0 31 171 436 193 101 115 89 135 31 33 317 46 6 56 361 0 218 173 0 0 50 4 0 46 18 3 64 48 48 0 242 333 0 0 0 183 0 0 0 348 0 108 689 0 0 987 0 0 0 0 0 6 0 210 0 222 47 42 60 14 24 4 4 0 7 0 10 125 11 4 179 97 121 3
399 959 434 87 50 41 40 65 143 40 936 650 1048 226 341 517 1963 56 974 563 21 5 22 162 65 103 38 5 60 291 127 26 0 0 53 14 582 2846 212 210 608 316 98 431 704 4143 1869 593 0 1385 502 0 0 3704 1626 721 1748 1280 618 324 180 298 1713 683 1089 801 10 19 34 23 30 36 657 823 74 565 394 459 301 780 0 5 313 118 53 868 301 2 0 3191 4522 0 0 527 3945 3315 958 0 5274 1948 2925 4570 6846 0 0 131 0 0 0 0 15 0 745 0 379 241 0 111 110 659 7 0 0 39 0 268 304 255 36 351 465 514 1
242 230 113 442 114 48 75 233 101 159 489 347 970 250 212 179 560 392 407 99 104 4 22 149 60 93 35 5 88 413 172 25 0 0 50 4 894 143 95 149 148 248 74 713 392 854 330 105 0 455 1122 0 0 858 1166 223 555 879 358 89 178 316 654 525 341 252 9 9 7 9 28 23 597 2158 605 1294 1018 226 230 600 0 0 187 63 15 253 169 175 0 507 708 914 0 1357 2479 302 913 0 303 230 167 0 212 171 0 0 0 1618 2285 0 37 207 2014 0 2148 685 243 846 822 1043 130 4 0 463 0 493 646 554 121 1325 1526 2545 6
596 656 708 590 741 1323 2329 725 1977 821 723 4830 195 1070 648 1384 1832 1448 0 724 362 17 170 1164 472 386 102 11 367 744 61 129 0 0 255 34 408 1522 187 377 1678 248 473 3893 1083 987 490 3937 0 1913 997 1 248 1218 1007 2047 4897 942 1379 2492 2808 4307 1288 3924 1172 862 907 3069 800 2368 637 541 2447 3025 1043 2012 2259 1567 886 1337 57 34 426 1138 166 2796 0 0 0 7017 0 3858 3611 3506 3369 3341 2835 217 1969 2078 1909 608 769 1486 1343 541 0 4177 0 11308 69 780 2535 8 2683 1988 191 866 850 1 1 1 0 964 0 877 787 987 953 1882 2028 5874 0
88 543 125 390 1509 1438 77 238 281 105 12 470 4 229 198 334 629 584 343 171 46 2 21 149 60 49 12 1 61 800 54 0 0 0 0 8 2 259 132 57 54 90 10 861 25 0 181 306 0 279 0 0 0 140 607 335 797 39 200 47 118 73 393 106 203 149 0 8 8 11 0 4 267 217 243 140 145 114 123 3 0 0 321 126 5 125 333 0 0 3042 4322 0 336 574 3176 90 224 0 850 865 2448 278 649 395 194 0 0 0 0 0 34 0 220 0 290 212 0 346 362 1565 0 0 0 0 0 482 534 421 0 189 155 619 0
217 329 196 162 62 42 20 136 170 34 165 152 21 124 63 28 310 86 275 154 11 4 39 266 108 166 63 9 25 125 48 144 0 0 203 119 412 467 209 149 245 151 386 224 209 2314 24 81 0 304 0 0 0 278 892 233 554 606 218 138 184 370 475 160 1413 1039 102 81 114 121 205 172 368 762 0 276 194 169 783 244 0 0 388 156 21 389 406 127 0 980 1382 555 365 578 364 308 372 0 144 128 24 229 153 220 66 0 708 33471 0 0 36 0 397 0 445 6 0 92 93 7 5 3 0 4 0 197 226 5 5 258 227 855 139
174 367 157 283 74 43 48 148 288 121 173 120 19 295 55 207 461 301 182 5 9 8 8 14 10 17 8 8 11 27 5 29 0 0 54 74 458 676 175 268 327 226 227 2017 189 923 2030 165 0 588 1071 0 0 950 1115 186 446 579 541 374 471 830 572 354 151 112 52 37 33 39 166 60 765 3100 1099 1873 1540 487 329 2301 0 0 446 172 20 422 461 8 0 1722 2444 0 1503 4260 22717 3333 7037 3552 102 1160 239 495 15 669 1467 1884 0 637 1514 0 79 1867 1427 0 1397 2431 972 595 624 1162 9 0 0 15 0 389 575 427 16 1261 2752 2547 2
0 0 0 0 0 0 0 0 0 0 0 0 0 0 0 0 0 0 0 0 0 0 0 0 0 0 0 0 0 0 0 0 0 0 0 0 0 0 0 0 0 0 0 0 0 0 0 0 0 0 0 0 0 0 0 0 0 0 0 0 0 0 0 0 0 0 0 0 0 0 0 0 0 0 0 0 0 0 0 0 0 0 0 0 0 0 0 0 0 0 0 0 0 0 0 0 0 0 0 0 0 0 0 0 0 0 0 0 0 0 0 0 0 0 0 0 0 0 0 0 0 0 0 0 0 0 0 0 0 0 0 0 0
80 117 72 109 30 16 19 64 32 26 140 30 15 36 14 34 93 56 351 0 61 3 19 132 53 81 31 4 22 104 42 20 0 0 43 4 530 196 60 103 230 54 106 303 438 235 321 41 0 269 697 0 0 2234 887 492 1166 724 4 187 511 728 464 288 526 390 0 1 4 3 0 9 235 3874 0 2676 1660 189 175 604 0 0 532 219 37 647 555 572 0 2637 3752 841 0 1047 1940 0 449 0 729 377 83 130 76 625 247 0 0 1356 2003 0 19 0 1457 0 1425 668 463 650 644 859 677 2 0 521 0 599 612 583 531 810 1565 1653 5
3 7 2 0 0 0 0 42 0 0 1 89 0 0 38 0 36 735 208 0 133 19 127 873 352 560 215 31 16 82 34 0 0 0 2 0 0 0 8 0 0 0 3 303 118 696 223 21 0 0 0 0 0 346 237 803 1909 340 74 7 201 291 153 224 72 54 0 0 0 0 0 0 0 478 350 777 311 263 0 75 0 0 237 57 0 213 231 299 0 809 1154 188 0 0 41 0 0 0 0 0 4 0 5 0 0 0 0 0 0 0 2 0 0 19 396 0 0 131 159 4 3 0 0 2 0 3 191 3 3 220 0 0 0
1042 2665 977 330 310 292 2134 654 1640 126 643 989 115 940 423 1079 1549 1 5 535 863 22 406 2787 1132 920 242 27 361 1050 256 706 0 0 1348 237 2614 4447 1540 1645 2235 1463 1910 1383 3492 631 3885 286 0 3306 3532 1 236 1240 2367 3883 7239 4852 2483 900 2287 3098 4630 1542 3392 2494 196 362 194 145 206 334 3675 2196 3425 7184 6751 2049 2133 1771 37 24 1827 768 130 2193 1914 1952 0 9025 70 0 0 1911 107 5282 4146 2037 1588 3195 5652 1341 2755 2056 3059 1419 0 3368 3903 67 259 4959 0 0 2845 2780 110 5369 5595 8053 5853 5102 0 2961 0 3567 4321 3527 3719 3888 4408 2012 8
8 17 3 0 0 0 0 24 13 0 9 7 1 0 4 0 29 96 32 0 2 1 5 35 13 21 7 1 5 21 12 0 0 0 0 0 0 0 11 0 0 0 37 0 0 168 293 12 0 0 0 0 0 234 122 10 15 0 0 0 3 11 54 0 3 5 0 0 0 0 0 0 0 16 54 29 0 0 25 0 0 0 80 13 0 91 76 107 0 376 509 0 0 0 85 0 0 0 0 0 8 0 0 0 0 0 0 0 0 0 4 0 0 0 0 0 0 191 224 14 10 9 0 5 0 6 105 6 6 96 0 0 3
3 5 0 0 0 0 0 167 6 0 9 6 2 15 3 4 38 183 175 0 1068 275 211 83 163 107 223 1603 2706 723 2860 9 0 0 0 1613 0 0 97 0 0 0 32 43 455 64 0 9 0 0 0 0 0 555 123 1 13 101 0 7 0 8 104 11 46 35 0 0 0 0 4 0 0 200 0 259 129 38 7 0 0 0 0 0 0 4 0 1 0 371 529 0 0 1330 199 0 0 0 5 0 24 0 0 0 0 0 0 0 0 0 1 0 328 0 214 0 0 157 155 3 2 2 0 1 0 1 105 1 1 198 0 0 1
0 0 0 0 0 0 0 0 913 605 810 211 0 769 91 12 1304 1 0 0 127 35 18 5 13 8 19 141 73 19 80 40 0 0 175 92 0 0 48 0 1778 15 1013 0 1375 4224 54 45 0 589 609 0 0 68 1542 1 116 6295 481 19 62 128 704 57 4 4 0 0 0 0 0 0 612 759 462 731 459 0 105 1135 0 0 979 398 57 867 0 1 0 4534 6422 0 558 1246 212 0 335 0 0 0 2 205 1078 0 738 0 0 4714 2174 0 1 0 907 0 998 120 0 62 76 2 1 1 0 1 0 1 73 1 1 3195 1982 1394 44
0 0 0 0 0 0 0 0 0 0 0 0 0 0 0 0 0 0 0 0 0 0 0 0 0 0 0 0 0 0 0 0 0 0 0 0 0 0 0 0 0 0 0 0 0 0 0 0 0 0 0 0 0 0 0 0 0 0 0 0 0 0 0 0 0 0 0 0 0 0 0 0 0 0 0 0 0 0 0 0 0 0 0 0 0 0 0 0 0 0 0 0 0 0 0 0 0 0 0 0 0 0 0 0 0 0 0 0 0 0 0 0 0 0 0 0 0 0 0 0 0 0 0 0 0 0 0 0 0 0 0 0 0
0 0 0 0 0 0 0 0 0 0 0 0 0 0 0 0 0 0 0 0 0 0 0 0 0 0 0 0 0 0 0 0 0 0 0 0 0 0 0 0 0 0 0 0 0 0 0 0 0 0 0 0 0 0 0 0 0 0 0 0 0 0 0 0 0 0 0 0 0 0 0 0 0 0 0 0 0 0 0 0 0 0 0 0 0 0 0 0 0 0 0 0 0 0 0 0 0 0 0 0 0 0 0 0 0 0 0 0 0 0 0 0 0 0 0 0 0 0 0 0 0 0 0 0 0 0 0 0 0 0 0 0 0
0 0 0 0 0 0 0 0 0 0 0 0 0 0 0 0 0 0 0 0 0 0 0 0 0 0 0 0 0 0 0 0 0 0 0 0 0 0 0 0 0 0 0 0 0 0 0 0 0 0 0 0 0 0 0 0 0 0 0 0 0 0 0 0 0 0 0 0 0 0 0 0 0 0 0 0 0 0 0 0 0 0 0 0 0 0 0 0 0 0 0 0 0 0 0 0 0 0 0 0 0 0 0 0 0 0 0 0 0 0 0 0 0 0 0 0 0 0 0 0 0 0 0 0 0 0 0 0 0 0 0 0 0
0 0 0 0 0 0 0 0 0 0 0 0 0 0 0 0 0 0 0 0 0 0 0 0 0 0 0 0 0 0 0 0 0 0 0 0 0 0 0 0 0 0 0 0 0 0 0 0 0 0 0 0 0 0 0 0 0 0 0 0 0 0 0 0 0 0 0 0 0 0 0 0 0 0 0 0 0 0 0 0 0 0 0 0 0 0 0 0 0 0 0 0 0 0 0 0 0 0 0 0 0 0 0 0 0 0 0 0 0 0 0 0 0 0 0 0 0 0 0 0 0 0 0 0 0 0 0 0 0 0 0 0 0
0 0 0 0 0 0 0 0 0 0 0 0 0 0 0 0 0 0 0 0 0 0 0 0 0 0 0 0 0 0 0 0 0 0 0 0 0 0 0 0 0 0 0 0 0 0 0 0 0 0 0 0 0 0 0 0 0 0 0 0 0 0 0 0 0 0 0 0 0 0 0 0 0 0 0 0 0 0 0 0 0 0 0 0 0 0 0 0 0 0 0 0 0 0 0 0 0 0 0 0 0 0 0 0 0 0 0 0 0 0 0 0 0 0 0 0 0 0 0 0 0 0 0 0 0 0 0 0 0 0 0 0 0
0 0 0 0 0 0 0 0 0 0 0 0 0 0 0 0 0 0 0 0 0 0 0 0 0 0 0 0 0 0 0 0 0 0 0 0 0 0 0 0 0 0 0 0 0 0 0 0 0 0 0 0 0 0 0 0 0 0 0 0 0 0 0 0 0 0 0 0 0 0 0 0 0 0 0 1 0 0 0 0 0 0 0 0 0 0 0 0 0 1 0 0 0 0 0 0 0 0 0 0 0 0 0 0 0 0 0 0 0 0 0 0 0 0 0 0 0 0 0 0 0 0 0 0 0 0 0 0 0 0 0 0 0
0 0 0 0 0 0 0 0 0 0 0 0 0 0 0 0 0 0 0 0 0 0 0 0 0 0 0 0 0 0 0 0 0 0 0 0 0 0 0 0 0 0 0 0 0 0 0 0 0 0 0 0 0 0 0 0 0 0 0 0 0 0 0 0 0 0 0 0 0 0 0 0 0 0 0 0 0 0 0 0 0 0 0 0 0 0 0 0 0 0 0 0 0 0 0 0 0 0 0 0 0 0 0 0 0 0 0 0 0 0 0 0 0 0 0 0 0 0 0 0 0 0 0 0 0 0 0 0 0 0 0 0 0
0 0 0 0 0 0 0 0 0 0 0 0 0 0 0 0 0 1 0 1 0 0 0 0 0 0 0 0 0 0 0 0 0 0 0 0 0 0 0 0 0 0 0 0 0 0 0 0 0 0 0 0 0 0 0 0 0 0 0 0 0 0 0 0 0 0 0 0 0 0 0 0 0 0 0 0 0 0 0 0 0 0 0 0 0 0 0 0 0 0 0 0 0 0 0 0 0 0 0 0 0 0 0 0 0 0 0 0 0 0 0 0 0 0 0 0 0 0 0 0 0 0 0 0 0 0 0 0 0 0 0 0 0
0 0 0 0 0 0 0 0 0 0 0 0 0 0 0 0 0 0 0 0 0 0 0 0 0 0 0 0 0 0 0 0 0 0 0 0 0 0 0 0 0 0 0 0 0 0 0 0 0 0 0 0 0 0 0 0 0 0 0 0 0 0 0 0 0 0 0 0 0 0 0 0 0 0 0 0 0 0 0 0 0 0 0 0 0 0 0 0 0 0 0 0 0 0 0 0 0 0 0 0 0 0 0 0 0 0 0 0 0 0 0 0 0 0 0 0 0 0 0 0 0 0 0 0 0 0 0 0 0 0 0 0 0
0 0 0 0 0 0 0 0 0 0 0 0 0 0 0 0 0 0 0 0 0 0 0 0 0 0 0 0 0 0 0 0 0 0 0 0 0 0 0 0 0 0 0 0 0 0 0 0 0 0 0 0 0 0 0 0 0 0 0 0 0 0 0 0 0 0 0 0 0 0 0 0 0 0 0 0 0 0 0 0 0 0 0 0 0 0 0 0 0 0 0 0 0 0 0 0 0 0 0 0 0 0 0 0 0 0 0 0 0 0 0 0 0 0 0 0 0 0 0 0 0 0 0 0 0 0 0 0 0 0 0 0 0
0 0 0 0 0 0 0 0 0 0 0 0 0 0 0 0 0 0 0 0 0 0 0 0 0 0 0 0 0 0 0 0 0 0 0 0 0 0 0 0 0 0 0 0 0 0 0 0 0 0 0 0 0 0 0 0 0 0 0 0 0 0 0 0 0 0 0 0 0 0 0 0 0 0 0 0 0 0 0 0 0 0 0 0 0 0 0 0 0 0 0 0 0 0 0 0 0 0 0 0 0 0 0 0 0 0 0 0 0 0 0 0 0 0 0 0 0 0 0 0 0 0 0 0 0 0 0 0 0 0 0 0 0
0 0 0 0 0 0 0 0 0 0 0 0 0 0 0 0 0 0 0 0 0 0 0 0 0 0 0 0 0 0 0 0 0 0 0 0 0 0 0 0 0 0 0 0 0 0 0 0 0 0 0 0 0 0 0 0 0 0 0 0 0 0 0 0 0 0 0 0 0 0 0 0 0 0 0 0 0 0 0 0 0 0 0 0 0 0 0 0 0 0 0 0 0 0 0 0 0 0 0 0 0 0 0 0 0 0 0 0 0 0 0 0 0 0 0 0 0 0 0 0 0 0 0 0 0 0 0 0 0 0 0 0 0
190 0 163 0 227 316 0 297 0 215 386 355 50 179 142 0 2 0 2 0 410 46 152 887 373 360 123 101 1560 2548 446 0 0 0 0 218 122 539 55 0 21 313 112 184 0 202 16 100 0 0 0 0 0 187 0 0 0 215 0 193 615 1231 231 883 0 2 0 5 0 0 0 0 0 0 56 0 0 0 173 0 0 0 521 218 30 516 0 0 0 483 686 0 0 0 822 0 0 0 58 0 22 0 60 0 0 0 0 0 0 0 5 0 0 0 0 0 0 137 143 0 0 0 0 0 0 0 81 0 0 0 0 0 168
2 3 0 0 0 0 0 28 11 0 2 0 0 8 1 17 0 16 26 0 3 0 1 9 3 5 2 1 3 2 3 0 0 0 0 1 0 0 0 0 0 0 67 0 0 0 0 0 0 0 0 0 0 70 66 35 77 118 0 3 23 21 23 48 0 2 0 0 0 0 0 0 0 124 114 72 49 0 51 0 0 0 110 35 6 157 111 0 0 216 306 0 0 23 339 0 0 0 292 0 15 0 171 0 0 0 0 0 0 0 6 0 304 0 421 473 0 70 0 0 0 0 0 0 0 0 147 0 0 1478 0 600 3
11 24 71 0 0 0 0 36 0 0 31 79 2 0 34 59 214 442 153 0 42 51 33 57 38 43 39 213 823 403 976 0 0 0 0 44 0 62 30 0 0 58 0 0 0 58 0 21 0 0 0 0 0 73 22 0 35 35 0 0 130 276 46 113 0 0 0 0 0 0 0 0 0 0 0 0 0 0 0 107 0 0 0 0 0 38 0 0 0 38 54 0 0 0 43 0 0 0 0 0 0 0 54 0 0 0 0 0 0 0 7 0 120 0 85 36 0 309 324 0 0 0 0 0 0 225 219 0 0 361 0 0 0
0 0 0 0 0 0 0 0 0 0 0 0 0 0 0 0 0 0 0 0 2213 1183 840 185 607 181 307 1761 0 0 0 0 0 0 0 0 0 0 0 0 0 0 0 0 0 0 0 0 0 0 0 0 0 0 0 0 0 0 0 0 0 0 0 0 0 0 0 0 0 0 0 0 0 0 0 0 0 0 0 0 0 0 0 0 0 0 0 0 0 0 0 0 0 0 0 0 0 0 0 0 0 0 0 0 0 0 0 0 0 0 0 0 0 0 0 0 0 0 0 0 0 0 0 0 0 0 0 0 0 0 0 0 0
