132
0 0 0 0 0 0 584 292 33 670 869 238 13 0 0 0 0 0 0 0 0 0 0 0 0 0 0 0 0 47 0 0 25 0 406 7 71 0 0 0 0 0 0 0 0 0 0 0 0 0 0 0 0 0 0 0 0 0 0 0 0 0 0 0 0 0 0 0 0 0 0 0 0 0 0 0 0 0 0 0 0 0 0 0 0 0 0 0 0 0 0 88 0 0 0 1 0 0 0 0 0 0 0 0 0 0 0 0 0 0 0 0 0 0 0 0 0 0 0 0 0 0 0 0 0 0 0 0 0 0 0 0
0 0 0 0 0 9 11894 2042 2483 2597 2775 5589 1818 0 0 0 0 0 0 0 0 0 0 0 0 0 0 0 0 1 0 0 3 0 973 0 1 0 0 0 0 0 0 0 0 0 0 1633 0 0 0 0 0 0 0 0 0 0 0 0 0 0 0 0 0 0 0 0 0 0 0 0 0 0 0 0 0 0 0 0 0 0 0 0 0 0 0 0 0 0 0 227 0 0 0 1 0 0 0 0 0 0 0 0 0 0 0 0 0 0 0 0 0 0 0 0 0 0 0 0 0 0 0 0 0 0 0 0 0 0 0 1
0 0 0 0 0 0 13 39 14 15 4 15 1 0 0 0 0 0 4 25 26 7 6 0 0 0 0 0 1 2 0 0 3 0 864 2521 4 0 0 0 0 0 0 0 0 0 1 743 0 0 0 0 0 0 1 0 0 0 0 0 0 0 0 0 0 0 0 0 0 0 0 0 0 0 0 0 0 0 0 0 0 0 0 0 0 0 0 0 0 0 0 236 0 0 0 1 0 0 0 0 0 0 0 0 0 0 0 0 0 6 16 0 0 0 0 0 0 0 0 0 0 0 0 0 0 0 0 0 0 0 0 4
0 0 0 0 0 0 1 1 1 0 0 1 0 0 0 0 0 0 1 9 10 3 2 0 0 0 0 0 0 0 1192 0 1 0 593 0 0 0 0 0 0 0 0 0 0 0 0 0 0 0 0 0 0 0 0 0 0 0 0 0 0 0 0 0 0 0 0 0 0 0 0 0 0 0 0 0 0 0 0 0 0 0 0 0 0 0 0 0 0 0 0 0 0 0 0 0 0 0 0 0 0 0 0 0 0 0 0 0 0 0 0 0 0 0 0 0 0 0 0 0 0 0 0 0 0 0 0 0 0 0 0 0
0 0 0 0 0 0 0 0 0 0 0 0 0 0 0 0 0 0 0 0 0 0 0 0 0 0 0 0 0 64 0 0 30 43283 24 0 85 0 0 0 0 0 0 0 0 0 0 0 0 0 0 0 0 0 0 0 0 0 0 0 0 0 0 0 0 0 0 0 0 0 0 0 0 0 0 0 0 0 0 0 0 0 0 0 0 0 0 0 0 0 0 0 0 0 0 1 0 0 0 0 0 0 0 0 0 0 0 0 0 14 3 0 0 0 0 0 0 0 0 0 0 0 0 0 0 0 0 0 0 0 0 0
7 0 4 9 8 0 11520 4127 1546 1234 1220 4865 5257 0 0 680 2 1 0 1 1 0 0 0 8 11 0 0 0 2 13 0 5 0 1237 11 9 0 0 0 130 68 0 0 0 0 0 1352 0 0 0 0 0 20 6 0 0 0 0 0 0 0 0 0 0 0 0 0 0 4 0 0 0 0 0 0 0 0 259 0 0 0 0 0 0 0 0 0 0 0 0 0 0 0 0 8 3 0 0 0 0 0 0 0 0 0 0 0 0 0 0 0 0 0 0 0 0 0 0 0 0 0 0 0 0 0 0 0 0 0 0 4
0 0 0 0 0 0 0 32 2 133 153 4 841 0 1 0 0 0 2 14 13 4 3 0 0 0 25502 0 0 4278 0 0 4 0 0 0 0 0 9 216 0 1 0 574 0 0 15 0 9 0 0 0 0 14 11 84 3 20 10 2 0 4 6 11 4 0 0 24 0 2 0 0 0 23 0 0 0 12 0 0 28 0 0 23 4 0 0 0 0 0 0 90 0 0 0 11 18 6 0 23 0 0 105 0 0 0 0 0 0 101 24 1 0 2 0 2 0 0 0 1 0 0 0 0 0 0 1 0 136 0 2 39
0 0 0 0 0 0 0 0 0 33 23 0 216 0 0 0 0 0 0 0 0 0 0 0 0 0 0 47760 0 0 0 0 2 0 0 0 0 0 0 0 0 0 0 0 0 0 0 0 0 0 0 0 0 0 0 0 0 0 0 0 0 0 0 0 0 0 0 0 0 0 0 0 0 0 0 0 0 0 0 0 0 0 0 0 0 0 0 0 0 0 0 0 0 0 0 1 0 0 0 0 0 0 0 0 0 0 0 0 0 3 0 0 0 0 0 0 0 0 0 0 0 0 0 0 0 0 0 0 0 0 0 0
0 0 0 0 0 0 0 4 0 20 15 0 130 0 0 0 0 0 2 12 13 4 3 0 0 0 0 0 9691 2 0 0 2 0 0 0 0 0 0 0 0 0 0 0 0 0 0 0 0 0 0 0 0 0 0 0 0 0 0 0 0 0 0 0 0 402 0 0 0 0 0 0 0 0 0 0 0 0 0 0 0 0 0 0 0 0 0 0 0 0 0 173 0 0 0 0 0 0 0 0 0 0 0 0 0 0 0 0 0 1 0 0 0 0 0 0 0 0 0 0 0 0 0 0 0 0 0 0 0 0 0 1
0 0 0 3 3 0 0 0 0 0 0 0 1 0 0 3 0 0 0 0 0 0 0 0 0 0 1 3 3 0 0 0 0 0 0 0 0 0 0 0 0 0 0 0 0 0 0 0 0 0 0 0 0 0 0 0 0 0 0 0 0 0 0 0 0 0 0 0 0 0 0 0 0 0 0 0 0 0 0 0 0 0 0 0 0 0 0 0 0 0 0 0 0 0 0 3 1 0 0 0 0 0 0 0 0 0 0 0 0 0 0 0 0 0 0 0 0 0 0 0 0 0 0 0 0 0 0 0 0 0 0 0
0 0 0 23 25 0 0 0 0 12 0 0 66 0 0 28 0 0 0 3 3 1 1 0 0 2 71 111 45 0 0 0 0 0 0 0 0 0 0 1 0 2 0 0 0 0 0 0 0 0 0 0 0 1 0 0 0 0 0 0 1 0 0 1 0 0 0 0 0 0 0 0 0 0 0 0 0 0 0 0 1 0 0 0 0 0 0 0 0 0 0 0 0 0 0 24 12 10 0 0 0 0 0 0 0 0 0 0 0 0 0 0 0 0 0 0 0 0 0 0 0 0 0 0 0 0 0 0 0 0 0 0
0 0 0 0 0 0 0 199 4 102 2140 0 418 0 0 0 0 0 5 27 29 8 7 0 0 0 3177 0 0 37 0 14701 5 0 0 0 0 0 0 27 0 0 0 0 0 0 1 0 0 0 0 0 0 1 1 0 0 0 0 0 0 0 0 0 0 0 0 0 0 0 0 0 0 0 0 0 0 0 0 0 0 0 0 0 0 0 0 0 0 0 0 0 0 0 0 1 0 0 0 0 0 0 0 0 0 0 0 0 0 72 46 0 0 0 0 0 0 0 0 0 0 0 0 0 0 0 0 0 0 0 0 0
0 0 0 0 0 0 0 0 0 0 0 0 0 0 0 0 0 0 0 0 0 0 0 0 0 0 0 0 0 0 0 0 0 0 0 0 0 11 0 0 0 0 0 0 0 0 0 0 0 0 0 0 0 0 0 0 0 0 0 0 0 0 0 0 0 0 0 0 0 0 0 0 0 0 0 0 0 0 0 0 0 0 0 0 0 0 0 0 0 0 0 0 0 0 0 0 0 0 0 0 0 0 0 0 0 0 0 0 0 0 0 0 0 0 0 0 0 0 0 0 0 0 0 0 0 0 0 0 0 0 0 0
0 0 83 0 0 238 121 355 91 140 147 225 2 0 0 5138 571 8 0 0 0 0 0 0 109 217 0 0 0 0 0 0 0 0 0 8 31 38 0 68 30382 23104 9887 0 0 0 0 0 0 0 0 108 8 9 9 8 10 0 0 6 2 1 1 1 0 0 0 0 0 8 0 0 0 0 0 0 0 0 26817 0 1 0 0 0 76 0 0 0 0 0 0 0 0 0 1 3 3 0 0 0 0 0 0 0 0 0 0 0 0 5 5 0 0 0 0 0 0 0 0 0 0 0 0 0 0 0 0 0 0 4 0 0
0 0 3 2 1 2 0 1 0 1 1 1 0 1 0 0 0 0 0 0 0 0 0 0 0 0 0 0 0 0 0 0 0 0 0 0 15813 0 0 0 0 0 0 0 0 0 0 486 0 0 0 0 0 0 0 0 0 0 0 0 0 0 0 0 0 0 0 0 0 0 0 0 0 0 0 0 0 0 0 0 0 0 0 0 0 0 0 0 47 0 0 108 0 0 0 9 5 0 0 0 0 0 0 0 0 0 0 0 0 0 0 0 0 0 0 0 0 0 0 0 0 0 0 0 0 0 0 0 0 0 0 0
2 4 2 3 3 0 0 2 1 0 0 1 1 0 1 0 1 0 11 55 12 15 12 0 0 0 2 1 0 1 1 0 5 1 0 0 3 0 1 0 0 0 0 0 0 0 2 0 1 0 120 0 103 22 63 83 17 88 137 36 54 43 82 133 59 0 0 0 4 2 0 335 13312 49 5 9 10 22 78 13 18 7 4 0 7034 18 0 0 0 0 0 0 0 0 0 0 3 1 0 0 0 0 0 0 0 0 0 0 0 0 0 38 35 41 0 42 36 0 21 39 31 84 13 30 36 0 39 36 2 0 5 1
0 0 0 0 261 0 0 0 0 0 0 0 0 0 0 0 0 0 0 0 0 0 0 0 0 0 0 0 0 0 0 0 0 0 0 0 0 0 0 0 0 6 0 0 0 0 0 0 1 0 0 0 10 8 0 0 0 0 0 4 0 5 10 18 0 0 0 0 0 0 0 58 0 1653 0 0 0 2 0 0 1 0 0 2 172 11 0 0 0 0 0 0 0 0 0 0 0 0 0 0 0 0 0 0 0 0 0 0 0 0 0 0 0 0 0 0 0 0 0 0 0 0 0 0 0 0 0 0 0 0 0 0
0 0 0 0 0 0 0 0 0 0 0 0 0 0 0 0 0 0 0 0 0 0 0 0 0 0 0 0 0 0 0 0 0 0 0 0 0 0 0 0 0 0 0 1 0 2031 1 0 0 0 0 0 0 0 0 0 0 0 0 0 0 0 0 0 0 0 0 0 0 0 0 0 0 2 1 1 1 1 1 1 2 1 1 0 0 0 0 0 0 0 0 0 0 0 0 0 0 2 0 0 0 0 0 0 0 0 0 0 0 0 0 0 0 0 0 0 0 0 0 0 0 0 0 0 0 0 0 0 0 0 0 0
0 1 0 0 0 0 0 1 0 0 0 0 1 1 1 0 0 0 0 6 4 1 1 1 0 23 0 0 0 1 1 0 1 1 0 0 0 0 0 0 0 0 0 0 0 0 1 0 44 0 0 0 0 0 0 0 0 4 8 3 12 6 2234 11 15 0 0 0 0 0 0 0 0 0 0 0 0 4 0 3 9 0 0 68 0 17 0 0 0 0 0 0 0 0 0 0 0 0 0 0 0 0 0 0 0 0 0 0 0 0 0 41 40 45 0 46 38 0 17 42 31 17 5 26 38 0 42 38 2 0 1 0
0 0 0 0 0 0 0 0 0 0 0 0 0 0 0 0 0 0 0 0 0 0 0 0 0 0 0 0 0 0 0 0 0 0 0 0 0 0 0 0 0 0 0 0 0 0 0 0 0 0 0 0 0 0 0 0 0 913 473 0 0 0 0 18729 0 0 438 0 0 0 0 0 0 0 0 0 0 0 0 0 0 0 0 0 0 0 0 0 0 0 0 0 0 0 0 0 0 0 0 0 0 0 0 0 0 0 0 0 0 0 0 0 0 0 0 0 0 0 0 0 0 0 0 0 0 0 0 0 0 0 0 0
0 0 0 0 0 0 0 0 0 0 0 0 0 0 0 0 0 0 0 0 0 0 0 0 0 0 0 0 0 0 0 0 0 0 0 0 0 0 0 0 0 0 0 0 0 0 0 0 0 0 0 0 0 0 0 0 0 0 0 6839 44 59 13 89 15 0 0 0 0 1 0 7 0 0 0 0 0 0 0 0 0 0 0 0 0 0 0 0 0 0 0 0 0 0 0 0 0 0 0 0 0 0 0 0 0 0 0 0 0 0 0 0 0 0 0 0 0 0 0 0 0 0 0 0 0 0 0 0 0 0 0 0
0 0 0 0 0 0 0 0 0 0 0 0 0 0 0 0 0 0 0 0 0 0 0 0 0 0 0 0 0 0 0 0 0 0 0 0 0 0 0 0 0 0 0 0 0 0 0 0 26 0 0 0 0 0 0 0 0 0 0 0 0 1008 157 0 1583 0 0 0 0 0 0 0 0 0 0 0 0 0 0 0 0 0 0 0 0 0 0 0 0 0 0 0 0 0 0 0 0 0 0 0 0 0 0 0 0 0 0 0 0 0 0 0 0 0 0 0 0 0 0 0 0 0 0 0 0 0 0 0 0 0 0 0
0 0 0 0 0 0 0 0 0 0 0 0 0 0 0 0 0 0 0 0 0 0 0 0 0 11 0 0 0 0 0 0 0 0 0 0 0 0 0 0 0 0 0 0 0 0 0 0 6 0 0 0 0 0 0 0 0 0 15 0 51 59 25 25558 1047 0 0 0 0 1 0 0 0 0 0 0 0 0 0 0 0 0 0 0 0 0 0 0 0 0 0 0 0 0 0 0 0 0 0 0 0 0 0 0 0 0 0 0 0 0 0 0 0 0 0 0 0 0 0 0 0 0 0 0 0 0 0 0 0 0 0 0
0 0 0 0 0 0 0 0 0 0 0 0 0 0 0 6 0 0 0 0 0 1 0 0 0 0 0 0 0 0 0 0 0 0 0 0 0 0 0 0 0 0 0 0 0 0 0 0 0 0 0 0 0 0 0 0 0 0 0 0 0 0 0 0 0 0 0 0 0 0 0 0 0 0 0 0 0 0 0 0 0 0 0 1 0 0 0 0 0 0 0 0 0 0 0 0 0 0 0 0 0 0 0 0 0 0 0 0 0 0 0 0 0 0 0 0 0 0 0 0 0 0 0 0 0 0 0 0 0 0 0 0
11 7 2 12 12 0 1 2 1 3 3 1 0 0 0 41 2 1 2532 110 35 2954 2190 34656 0 34931 0 0 0 1 0 0 2 0 0 0 0 1 0 0 0 101 0 0 20 0 18 0 1 0 0 0 80 2570 3740 4783 0 160 586 111 176 233 325 180 203 0 0 0 0 45 76 269 0 243 0 0 37 137 57 128 224 0 0 790 51 221 0 0 0 0 0 0 0 0 56 0 1 0 0 0 0 0 0 0 0 0 0 0 0 0 0 11 9 13 0 15 8 0 0 11 3 0 0 0 7 0 10 7 1 0 13 0
1 1 3 5 3 0 0 0 0 0 0 0 0 0 0 15 0 0 0 32 61 25 0 67 0 0 0 0 0 0 0 0 0 0 0 0 0 0 0 0 0 0 0 0 0 0 2 0 67 0 0 0 0 0 0 0 0 10 85 10 20 27 38 21 46 0 0 0 0 6 1 29 0 0 0 0 0 0 0 0 1 0 0 10 0 19 0 0 0 0 0 0 0 0 5 0 0 0 0 0 0 0 0 0 0 0 0 0 0 0 0 0 0 0 0 2 0 0 0 0 0 4 0 0 0 0 0 0 0 0 1 0
1 1 0 1 1 1 0 225 103 0 0 0 81 1 6 0 1 0 5 4 3 4 3 13 9 12 0 0 202 235 0 0 35 0 0 0 44 0 0 0 0 0 0 0 0 443 1 0 3 0 0 0 0 1 2 2 0 0 0 0 0 0 0 0 0 0 0 0 0 1 0 0 0 0 0 0 0 2 0 1 2 0 0 0 0 1 0 0 20 0 0 596 0 0 1 12 13 2 0 0 0 0 0 0 3 0 0 0 0 0 0 0 0 0 0 1 0 0 0 0 0 0 0 0 0 0 0 0 28 0 3 0
2 3 1 2 2 2 270 0 133 0 0 80 103 2 6 0 1 0 2 3 3 4 3 11 8 12 6 0 262 301 0 0 12 0 0 0 251 0 3 4 0 1 0 0 0 0 0 0 3 1 0 0 0 2 4 3 2 0 2 0 0 0 0 4 0 0 0 0 0 2 0 0 0 0 0 0 0 13 2 0 1 0 0 0 0 1 0 0 28 0 0 270 0 0 1 738 12 3 0 0 0 5 0 0 57 0 5 15 0 0 10 0 0 0 0 2 0 0 0 0 0 0 0 0 0 0 0 0 32 0 3 0
1 1 0 2 2 0 36 40 0 0 0 10 16 0 1 43 0 6 4 2 2 5 4 28 21 28 0 0 0 19 0 0 4 0 0 0 0 0 3 1 0 1 0 0 498 554 2 0 2 0 0 0 0 3 4 6 2 0 1 0 0 0 0 2 0 0 0 0 0 2 10451 0 1 6 0 0 0 79 4 2 6 0 0 0 0 1 0 0 5 0 0 24 0 0 1 323 3 1 0 0 0 0 0 0 0 0 0 0 0 0 0 0 0 0 0 1 0 0 0 0 0 0 0 0 0 0 0 0 5 0 1 0
0 0 0 0 0 0 0 10 0 34 35 0 220 0 0 0 0 0 0 0 0 0 0 0 0 0 0 0 0 0 0 0 0 0 0 0 0 0 0 0 0 0 0 0 0 0 0 0 0 0 0 0 0 0 0 0 0 0 0 0 0 0 0 0 0 0 0 0 0 0 0 0 0 0 0 0 0 0 0 0 0 0 0 0 0 0 0 0 2 0 0 0 0 0 0 0 0 0 0 0 0 0 0 0 0 0 0 0 0 0 0 0 0 0 0 0 0 0 0 0 0 0 0 0 0 0 0 0 0 0 0 0
0 0 0 0 0 0 117 163 63 26 27 66 37 0 1 0 0 0 0 0 0 0 0 0 0 0 4 3 94 108 0 2 332 0 26 3 61 0 0 3 0 0 0 0 0 0 0 35 1 1 2 0 0 0 1 0 1 11 0 0 0 0 0 0 1 0 0 0 0 0 0 0 147 0 0 0 0 0 0 0 0 0 0 0 0 0 0 0 25 0 0 26 0 0 0 1 1 0 0 0 0 0 0 0 5 0 0 0 0 0 1 0 0 0 0 0 0 0 0 0 0 0 0 0 0 0 0 0 3 0 0 0
3 6 1 7 7 5 505 6733 4095 1950 2016 0 206 18 52 1 5 0 23 34 27 26 20 193 151 195 21 9 496 571 0 0 2947 0 0 0 986 0 3 3 0 0 0 0 8 0 8 0 13 2 0 0 0 17 21 35 2 0 0 0 0 0 0 2 0 0 0 0 0 1 0 0 0 0 0 0 0 8 0 0 4 4 0 0 0 5 0 0 53 0 0 2372 0 0 13 143 100 16 0 0 0 63 0 0 534 0 80 0 0 55 80 17 10 4 0 13 8 0 0 14 14 3 0 5 16 0 19 16 259 0 27 0
0 0 0 0 0 0 0 0 0 0 0 0 0 0 0 0 0 0 0 0 0 0 0 0 0 0 0 0 0 0 0 0 0 0 0 0 0 0 0 0 0 0 0 0 0 0 0 0 0 0 0 0 0 0 0 0 0 0 0 0 0 0 0 0 0 0 0 0 0 0 0 0 0 0 0 0 0 0 0 0 0 0 0 0 0 0 0 0 0 0 0 0 0 0 0 0 0 0 0 0 0 0 0 0 0 0 0 0 0 0 0 0 0 0 0 0 0 0 0 0 0 0 0 0 0 0 0 0 0 0 0 0
0 0 0 0 0 0 121 154 63 18 19 57 41 0 1 0 0 0 0 0 0 0 0 1 0 1 5 3 105 120 0 15 9 0 42 38 38 0 0 1 0 0 0 0 0 0 0 14 1 0 0 0 0 0 0 0 0 3 0 0 0 0 0 0 0 0 0 0 0 0 0 0 42 0 0 0 0 0 0 0 0 0 0 0 0 0 0 0 11 0 0 24 0 0 0 1 1 0 0 0 0 0 0 0 3 0 0 0 0 0 0 0 0 0 0 0 0 0 0 0 0 0 0 0 0 0 0 0 3 0 0 0
0 0 0 0 0 0 18197 19691 9305 884 841 919 6467 21 82 9 43 7 14 57 48 15 12 7 6 9 570 252 16476 19016 0 295 1318 0 0 110 1833 0 10 274 0 19 0 0 6 0 14 3215 220 116 1039 0 0 35 93 5 66 0 2 0 0 2 3 8 0 0 2 0 3 5 1488 5 2 34 0 0 0 21 8 22 36 31 0 25 0 20 0 0 2449 0 0 4059 0 0 25 513 136 40 0 0 0 169 0 0 851 225 152 0 0 143 140 31 21 9 0 23 19 0 9 27 32 24 15 28 33 0 36 33 388 0 64 0
0 17 0 166 92 0 4891 4789 2548 366 367 2101 1256 0 38 1074 11 13 553 2907 2720 810 646 3134 2491 3152 151 93 3214 3690 0 89 44 0 0 0 874 0 9 125 0 3 0 0 222 0 1 1494 4147 2165 1056 0 1089 597 871 65 1278 0 0 4 0 8 0 12 1196 0 0 0 0 1 0 0 0 65 0 0 0 123 14 5 65 0 0 74 0 15 0 0 1234 0 0 2107 0 0 8 73 66 5 0 0 0 0 0 0 188 0 0 0 0 0 48 12 7 2 0 9 5 0 0 10 10 2 0 4 12 0 14 12 183 0 22 0
0 0 0 2 0 0 2622 430 524 86 87 411 1 0 0 0 3 0 15 14 11 17 13 162 121 156 0 0 7431 8615 0 0 92 0 0 0 0 0 0 244 0 0 0 0 0 0 4 0 18 1 0 0 0 17 31 24 4 0 0 0 0 0 0 0 0 0 0 0 0 0 0 0 0 0 0 0 0 4 0 1 5 0 0 0 0 4 0 0 548 0 0 0 0 0 5 17 44 7 0 0 0 0 0 0 0 0 0 0 0 12 26 4 0 0 0 5 0 0 0 3 0 0 0 0 2 0 4 2 116 11 5 0
6 4 0 6 6 0 27 81 20 31 33 50 0 0 34 8 2 1 15 86 73 22 16 9 0 17 19 9 5 4 1 78 575 1 17 63 116 0 2894 1098 0 0 0 0 8 0 15 0 104 53 127 216 387 54 57 22 222 0 0 0 19 2 283 8 0 0 0 0 84 122 323 0 0 0 0 0 0 0 0 0 2 23 0 0 0 19 0 0 14 0 0 10 0 0 42 0 124 0 0 0 0 0 0 0 0 0 0 0 0 0 0 31 30 35 0 37 28 0 0 43 23 7 0 1 18 0 23 18 50 0 0 1
2 5 1 2 2 3 0 3 1 1 1 2 0 2 0 0 0 0 5 22 21 6 11 4 0 2 1 0 0 0 0 0 6 0 0 0 0 0 0 174 0 0 0 0 0 0 0 0 3 0 0 0 6 0 1 0 3 0 0 0 0 0 0 0 0 0 0 0 0 1 0 0 0 0 0 0 0 0 0 0 2 0 0 0 0 0 0 0 0 0 0 0 0 0 4 0 238 2 0 0 0 0 0 0 0 0 0 0 0 0 0 285 290 300 246 295 287 234 302 289 270 250 260 320 289 226 295 290 16 0 0 0
1 1 0 1 1 0 0 0 0 0 0 0 0 0 1 420 1 0 3 7 13 3 4 4 10 17 0 0 0 0 0 0 8 0 0 0 0 0 0 0 21 35 0 0 0 0 2 0 1 0 0 0 5 12 5 0 3 0 0 0 2 0 0 1 3 0 0 0 35 0 0 0 0 0 0 0 0 1 178 1 2 0 0 0 0 0 0 0 0 0 0 2160 3 0 7 0 2 0 0 0 0 0 0 0 0 0 0 0 0 0 0 67 66 72 0 73 64 0 40 67 54 36 22 52 63 0 68 63 1 0 0 0
47 87 16 51 33 0 9 31 11 9 3 22 5 0 12 41670 116 33 46 218 95 54 42 23 716 1490 242 23 12 6 2 75 95 2 60 151 177 87 51 0 0 4464 0 0 23 0 22 76 37 19 20 0 0 1430 566 311 208 299 202 67 200 72 180 245 252 0 167 28 364 369 1867 30 0 0 0 0 0 13 18247 0 3 0 0 4 0 53 5645 62 377 0 0 0 0 0 80 0 54 18 0 0 0 0 0 0 0 0 29 0 0 33 10 39 33 40 0 49 30 0 0 41 23 146 0 0 32 0 41 32 48 29 410 0
12 9 4 13 13 0 0 3 2 1 0 2 1 0 1 525 0 1 160 745 393 108 67 235 0 263 10 0 0 1 0 4 7 0 0 0 2 9 11 0 0 0 2383 8 16 0 20 93 32 8 0 502 0 40 30 25 0 0 13 23 10 40 53 59 0 0 0 0 0 12 37 0 0 0 0 0 0 10 269 0 5 0 0 0 0 10 0 0 14549 0 0 0 0 0 506 0 3 0 0 0 0 0 0 0 0 0 0 0 0 0 0 9 5 12 0 15 4 0 0 9 0 0 0 0 3 0 8 2 114 0 0 1
95 137 44 99 102 97 8 68 27 19 19 56 24 0 7 4831 17 4 671 3094 2071 662 463 1068 695 1680 12809 819 432 219 84 1591 2347 89 1029 2798 2270 327 765 1120 1006 0 0 1778 100 0 89 0 944 486 0 1394 1468 4289 2589 506 639 449 457 118 28 164 621 367 0 0 89 536 0 89 533 2064 0 7 0 0 0 75 2086 18 33 33 42 0 0 64 455 427 8160 0 0 95 0 0 330 179 331 0 0 0 0 154 0 0 974 0 368 897 0 281 397 911 927 948 998 931 922 966 1039 922 890 865 934 1084 931 916 942 936 119 735 379 3
31 60 19 31 32 52 0 44 15 16 14 30 3 7 19 30 1 0 117 171 154 98 70 29 27 32 128 2 10 8 5 47 162 4 50 141 195 37 142 61 3 0 0 0 1 0 94 0 80 40 0 12 72 118 95 450 94 351 208 75 113 85 756 181 180 82 82 0 20 109 101 64 21 370 67 125 140 153 109 53 212 126 102 382 26 61 0 10 523 0 0 11 0 0 43 44 271 28 0 234 0 510 782 0 0 0 0 0 0 467 127 133 135 140 114 138 134 109 141 135 127 118 123 150 135 106 138 136 709 864 40 2
9 9 2 9 10 5 0 4 1 1 1 2 0 1 1 1 0 0 3 4 2 5 4 1 0 1 0 0 0 0 0 0 1 0 0 0 3 0 7 0 0 0 0 0 0 0 11 0 0 0 0 0 19 22 36 11 23 1550 0 0 0 0 0 0 173 0 0 0 0 4 0 5 23344 0 3 3 3 26 8 1 2 4 9 0 2 0 0 0 0 0 0 2 0 0 0 0 1 3 0 0 0 0 0 0 0 0 0 0 0 0 0 1 0 2 0 3 0 0 0 1 0 0 0 0 0 0 1 0 3 4 0 0
5963 9677 759 6671 2717 4014 990 1517 824 376 393 919 663 1156 3369 241 15 0 2729 4835 4245 1054 777 71 2936 603 0 63 0 18 5 422 98 6 90 361 748 46 5 10 155 2662 2057 158 2697 0 929 250 3739 2199 0 722 666 1630 822 331 368 0 69 28 189 114 126 91 931 28 38 0 0 251 540 1380 33 207 7 43 46 2341 67 29 86 21 16 3614 10943 9 525 2306 237 0 0 27 232 0 0 4481 6532 5135 0 0 101 48 0 139 517 0 0 0 242 157 150 178 160 78 13 134 126 76 0 443 514 421 355 285 199 176 142 145 202 212 369 1
0 0 0 0 0 0 0 0 0 0 0 0 0 0 0 0 0 0 0 0 0 0 0 0 0 0 0 0 0 0 0 0 0 0 0 0 0 0 0 0 0 0 0 0 0 0 0 0 0 0 0 0 0 0 0 0 0 0 0 0 0 0 0 0 0 0 0 0 0 0 0 0 0 0 0 0 0 0 0 0 0 0 0 0 0 0 0 0 0 0 0 0 0 0 0 0 0 0 0 0 0 0 0 0 0 0 0 0 0 0 0 0 0 0 0 0 0 0 0 0 0 0 0 0 0 0 0 0 0 0 0 0
67 0 0 104 69 0 4329 876 934 188 192 790 14 70 0 130 6 31 1274 6583 3593 776 485 276 155 289 630 325 11932 13704 0 244 220 0 0 0 348 1184 78 822 0 0 281 53 3513 0 4699 0 472 0 0 7613 107 127 143 6 410 129 61 20 0 0 0 62 167 88 0 0 204 235 314 44 21007 0 0 0 0 77 8 6 18 18 0 0 10796 22 0 0 1064 0 0 31 0 0 22 0 305 125 0 0 0 0 0 0 75 134 0 138 50 0 1117 67 63 63 0 70 59 0 29 69 60 39 21 51 65 0 70 65 279 3 202 2
144 54 13 162 166 27 0 4 2 0 0 1 10 37 0 0 0 0 0 0 0 0 0 20 0 0 0 0 0 0 0 0 0 0 0 0 0 0 0 0 0 0 0 0 10 0 0 0 0 0 0 0 0 0 0 0 0 0 0 0 0 0 0 0 0 0 0 0 0 0 0 0 0 0 0 0 0 1 0 0 1 0 0 0 0 0 0 0 0 0 0 0 0 0 0 0 0 0 0 0 0 0 0 0 0 0 0 0 0 0 0 0 0 0 0 0 0 0 0 0 0 0 0 0 0 0 0 0 0 0 0 0
9811 4366 969 10894 11109 1817 268 285 159 27 28 156 243 54 0 9 0 3 226 1146 599 145 99 428 343 390 1 0 3 4 0 0 1 0 0 0 0 0 0 1 0 0 0 0 228 0 324 64 362 0 0 0 40 119 46 59 0 6 0 1 2 7 13 1 26 0 0 0 0 3 0 9 269 0 0 0 0 37 0 2 9 0 0 153 96 0 0 0 2 0 0 0 0 0 0 0 1 1 0 0 0 0 0 0 0 0 0 0 0 0 0 0 0 0 0 0 0 0 0 0 0 0 0 0 0 0 0 0 7 0 2 1
14382 7340 1628 18290 18649 3057 473 494 276 49 51 272 409 413 4 0 59408 8784 767 2471 1862 702 648 4508 4251 4485 194 119 95 154 0 932 64 7 0 0 796 0 2720 144 0 3498 1618 87 56785 3687 41007 302 4322 2530 0 0 2322 1681 1655 1303 4685 595 3735 480 4891 827 869 1029 0 605 255 0 165 524 1721 686 2117 2033 6 376 203 844 293 265 640 447 211 3729 33520 347 0 73 19 0 0 0 0 0 14 0 24 60 0 0 0 0 0 0 1227 0 0 0 0 14 1478 3694 3386 1927 2295 2816 2833 3549 1245 1779 4184 5010 3525 3162 2532 2750 2325 2374 51 66 769 29
19 40 12 19 20 22 4 35 10 12 12 22 2 0 5 486 70 32 204 1063 1017 307 246 17 146 247 679 293 142 76 27 1882 316 29 500 1272 1085 0 718 3094 33 0 0 0 10 0 191 0 505 238 580 0 719 274 309 163 428 0 12 24 0 23 13810 36 122 0 165 0 0 426 1414 81 0 0 0 0 0 21 0 1 5 6 0 0 0 50 3351 0 955 0 0 0 0 0 1199 0 91 6 0 0 0 0 0 0 1036 0 0 0 0 19 55 109 110 117 42 117 109 35 95 111 98 81 74 107 108 37 113 109 35 1 569 35
13 28 9 14 14 16 2 18 6 5 5 14 0 0 0 0 0 0 848 3364 87 1255 1002 2863 0 2822 6 3 0 2 0 20 1 0 11 0 51 0 0 0 425 267 0 0 0 0 0 0 40 0 0 0 0 496 461 400 0 0 0 10117 0 11 4 0 9041 0 0 0 250 142 582 0 0 10 0 0 0 12 2 10 21 0 0 0 0 18 0 270 0 0 0 0 0 0 0 0 0 0 0 0 0 0 0 0 0 0 0 0 0 0 0 0 0 0 0 1 0 0 0 0 0 0 0 0 0 0 0 0 1 0 0 0
1 1 0 1 1 0 0 1 0 1 0 0 1 0 1 0 0 0 35 12 5 41 27 463 0 445 0 0 0 1 1 0 2 1 0 0 0 0 0 0 0 0 0 0 0 0 1 0 4 0 0 0 0 0 0 0 0 0 0 0 0 0 27 0 0 0 0 0 0 3 0 0 0 32 0 0 0 15 0 13 17 0 0 0 0 25 0 0 0 0 0 0 0 0 0 0 1 0 0 0 0 0 0 0 0 0 0 0 0 0 0 48 47 52 0 54 47 0 28 48 41 28 18 38 47 0 51 48 2 0 0 1
0 0 0 0 0 0 0 0 0 0 0 0 0 0 0 0 0 0 13 11 2 48 8 169 0 128 0 0 0 0 0 0 1 0 0 0 0 0 0 0 0 0 0 0 0 0 0 0 0 0 0 0 0 50 0 0 0 0 0 0 0 7 4 0 0 0 0 0 0 1 0 0 0 0 0 0 0 5 0 4 6 0 0 0 0 9 0 0 0 0 0 0 0 0 0 0 0 0 0 0 0 0 0 0 0 0 0 0 0 0 0 11 9 14 0 17 9 0 0 10 3 0 0 0 8 0 13 9 0 0 0 0
3 4 3 5 5 14 0 2 0 1 0 0 0 0 0 0 0 0 285 385 222 292 215 2929 0 2906 0 0 0 0 0 0 3 0 0 0 0 0 3 0 0 0 0 0 0 0 1 0 56 0 0 0 0 157 323 0 0 0 0 46 23 16 2948 9 0 0 0 0 0 47 0 42 0 0 0 0 0 13 0 10 22 0 0 0 0 66 3126 0 0 0 0 0 0 0 1712 0 0 0 0 0 0 0 0 0 0 0 0 0 0 0 0 0 0 0 0 2 0 0 0 0 0 6383 0 0 0 0 0 0 4 0 13 0
13 28 8 13 14 21 0 18 5 5 5 13 0 0 0 0 0 0 427 905 619 460 338 3526 2321 3516 0 0 0 0 0 0 1 0 0 0 0 0 0 0 0 76 0 0 0 0 0 0 76 17 0 0 912 2386 6857 5095 0 0 0 0 3371 0 0 0 0 0 0 0 0 14 47 33 0 0 0 0 0 13 0 11 24 0 0 0 0 21 0 0 0 0 0 0 0 0 0 0 0 0 0 0 0 0 0 0 0 0 0 0 0 0 0 37 35 41 0 44 35 0 10 37 28 12 0 21 35 0 40 36 0 0 98 0
145 87 15 161 153 32 0 9 5 1 1 5 5 2 10 0 32 30 0 0 109 21 18 8 0 0 7 2 1 1 0 9 11 0 5 15 19 206 14 3 0 21 0 0 0 143 234 0 34 0 0 176 37 284 124 1466 335 0 16277 0 0 0 0 0 2718 3370 865 0 1062 1270 1301 310 154 0 0 0 0 16 0 2 8 6 6 0 0 1 0 11 0 0 0 0 0 0 4 0 25 40 0 0 0 0 0 0 0 0 0 0 0 0 8 0 0 0 0 0 0 0 0 0 0 0 0 0 0 0 0 0 3 0 0 0
72 43 7 80 76 16 0 4 2 1 0 2 3 1 5 0 0 15 0 0 13 13 0 4 0 0 3 0 0 0 0 2 5 0 0 8 9 108 6 1 0 0 0 0 139 0 117 0 17 4 0 0 1 147 64 749 332 0 0 0 0 0 25 0 0 2346 457 0 327 668 681 0 0 0 0 0 0 2 0 0 3 3 0 0 0 1 0 0 0 0 0 0 0 0 2 0 12 20 0 0 0 0 0 0 0 0 0 0 0 0 0 0 0 0 0 0 0 0 0 0 0 0 0 0 0 0 0 0 2 0 4 0
4 4 2 5 4 2 0 3 3 2 2 3 2 0 3 0 0 0 0 24 0 4 2 4 0 0 3 3 2 3 4 3 4 3 0 0 4 5 6 5 0 0 0 0 5 0 7 0 5 0 0 0 0 125 95 0 51 239 126 0 0 70 97 111 4817 0 0 0 0 3 753 0 6 141 0 16 0 37 18 37 44 0 0 327 6 85 0 0 0 0 0 0 0 0 2 0 4 5 0 0 0 0 0 0 0 0 0 0 0 0 0 95 82 118 0 141 97 0 0 95 98 43 14 57 110 0 137 127 6 0 0 2
10 6 1 11 11 1 0 1 0 0 0 0 0 0 1 0 1 1 0 11 0 3 0 0 0 0 4 7 4 3 1 10 6 0 6 17 33 0 0 0 0 0 0 0 15 0 15 8 2 0 0 6 251 54 228 0 0 138 619 37 0 152 312 0 605 0 0 0 0 21 153 1733 0 0 0 0 0 46 0 6 24 0 0 48 0 0 0 0 0 0 0 0 0 0 0 0 1 3 0 0 0 0 0 0 0 0 0 0 0 0 0 0 0 0 0 0 0 0 0 0 0 0 0 0 0 0 0 0 0 0 0 0
22 13 2 25 26 5 0 1 1 0 0 1 1 0 2 0 0 2 0 14 0 0 0 1 0 0 1 0 0 0 0 0 2 0 0 0 1 0 2 0 0 0 0 0 42 0 36 3184 5 0 0 0 0 56 0 0 39 16 17 0 0 0 0 0 20 0 0 0 0 5 1 0 23 11 0 0 0 3 0 0 1 0 0 5 0 0 0 0 0 0 0 0 0 0 1 0 4 6 0 0 0 0 0 0 0 0 0 0 0 0 0 0 0 0 0 0 0 0 0 0 0 0 0 0 0 0 0 0 0 0 0 0
40 24 4 45 42 9 0 2 1 0 0 1 1 0 3 0 0 3 0 30 0 0 0 1 0 0 1 0 0 0 0 1 3 0 0 3 3 0 4 0 0 0 0 0 80 0 65 16 9 0 0 0 0 0 0 0 23 453 0 0 0 7 0 0 131 0 0 0 0 40 0 0 44 0 0 0 0 4 0 0 2 0 0 9 0 0 0 0 0 0 0 0 0 0 1 0 7 11 0 0 0 0 0 0 0 0 0 0 0 0 0 0 0 0 0 0 0 0 0 0 0 0 0 0 0 0 0 0 1 0 0 0
41 25 4 46 45 7 0 2 1 0 0 1 2 0 3 0 0 3 0 0 0 5 0 1 0 0 1 0 0 0 0 0 3 0 0 0 2 0 4 0 0 0 0 0 76 0 66 0 10 0 0 0 0 130 164 0 164 2 811 0 1852 2678 1207 0 620 0 0 0 0 34 360 0 29 0 0 0 0 3 0 0 2 0 0 5 0 0 0 0 0 0 0 0 0 0 1 0 6 11 0 0 0 0 0 0 0 0 0 0 0 0 0 0 0 0 0 0 0 0 0 0 0 0 0 0 0 0 0 0 1 0 0 0
71 103 9 79 39 40 0 16 9 4 3 10 7 11 1 0 1 1 0 7 0 0 0 0 0 0 9 5 2 2 0 42 11 0 23 0 88 9 0 0 0 294 9 0 0 0 21 0 8 0 675 0 0 76 31 179 109 0 1775 0 0 0 0 0 0 0 0 0 529 371 208 1012 13 0 0 0 0 2 0 0 1 0 0 0 0 11677 0 0 0 0 0 0 0 0 0 0 72 3 0 0 0 0 0 0 0 0 0 0 0 0 3 0 0 0 0 0 0 0 0 0 0 0 0 0 0 0 0 0 12 0 18 0
124 271 78 122 89 189 71 179 0 53 53 140 59 2 1 56 13 1 175 888 665 256 199 1902 1163 1834 141 95 50 27 10 664 343 10 323 856 873 164 69 229 380 193 122 0 20 0 247 0 28 12 0 6952 334 772 418 651 622 0 0 991 3153 1033 1601 3191 7895 0 2006 0 1631 12181 9767 296 0 5 0 0 0 25 2 8 14 12 0 2 0 17 9946 0 3 0 0 0 0 0 192 0 9 3 0 0 0 0 0 0 0 0 0 20 0 26 3 179 181 188 140 186 179 133 183 181 168 453 157 197 180 129 185 181 15 21 188 1
413 821 333 456 526 711 8 72 31 19 20 51 82 10 4 113 1 0 204 0 1053 333 267 480 327 470 13 6 2 2 1 53 23 1 0 34 40 273 245 287 0 74 0 0 12 0 22 70 93 47 0 0 27 57 66 30 63 0 0 323 510 332 518 835 720 0 0 2188 6653 1054 813 1868 11 0 0 0 0 73 22 6 10 15 0 0 0 2907 1152 0 10 0 0 0 28 15 190 0 31 33 0 17 0 0 0 0 0 0 200 0 2728 0 176 13 12 16 0 18 10 0 0 13 4 6 0 0 9 0 13 9 18 5 36 1
323 83 77 303 332 506 0 96 47 20 12 37 5 27 135 190 607 50 70 92 174 76 58 21 56 73 71 17 19 15 2 115 81 2 39 135 138 93 194 69 0 124 0 131 498 268 580 15 132 71 128 105 124 189 140 95 213 14 150 175 131 48 95 5949 400 31 0 0 132 0 326 68 14 698 37 171 290 255 223 326 507 393 0 0 735 53 63 0 102 298 268 0 0 0 57 0 138 627 0 0 0 0 0 0 0 1624 0 0 0 77 30 81 74 77 0 89 66 0 0 66 54 17 0 9 61 0 71 59 111 42 157 1
1131 505 112 1255 1280 206 30 34 18 3 3 18 28 14 0 0 1 0 37 179 131 30 31 58 43 49 16 9 4 3 1 63 7 1 0 41 52 0 188 0 0 228 74 0 3861 160 2794 0 287 166 0 96 0 86 79 3 210 0 0 26 198 53 86 53 0 0 0 0 0 81 307 42 0 112 0 0 0 61 3 17 43 44 0 258 0 18 0 1040 10 0 0 0 0 0 6 0 1 1 0 0 0 0 0 0 0 0 0 0 0 0 74 245 222 128 51 191 183 134 42 115 267 306 189 181 162 92 151 151 5 6 0 2
0 0 0 0 0 0 0 0 0 0 0 0 0 0 897 0 0 0 0 1 0 0 0 0 0 0 0 0 0 0 0 0 1 0 0 0 0 0 0 0 0 0 0 0 0 0 0 0 1 0 0 0 0 0 0 0 0 0 0 0 0 0 0 0 0 0 0 456 0 0 0 0 0 0 0 0 0 0 0 0 0 0 0 0 0 0 0 0 52 0 0 0 66 0 2 133 522 4033 0 0 0 0 0 0 1016 0 0 0 420 0 0 0 0 0 0 0 0 0 0 0 0 0 0 0 0 0 0 0 0 0 0 0
18 16 6 17 18 5 146 445 119 171 181 281 1 2 6 29 4 0 26 72 51 28 13 7 0 0 26 8 0 5 1 203 97 13 0 338 415 0 99 76 0 0 0 0 7 0 15 0 21 8 0 0 0 1790 3022 638 0 0 0 0 0 0 361 0 0 0 0 0 0 12 0 0 0 0 0 0 0 2 0 4 6 0 0 0 0 3 0 0 4 0 0 128 14 0 60 0 63 11 0 0 0 0 0 0 0 0 0 0 0 5 7 14 14 15 0 16 12 0 2 14 9 19 0 0 12 0 14 12 20 0 20 1
2 5 1 2 2 5 1 2 1 0 0 1 1 1 4 0 0 0 29 57 0 35 22 10 0 0 40 10 10 5 2 19 74 1 0 9 26 8 25 15 0 1 0 0 0 0 1 0 8 0 0 0 256 4 9 0 0 0 705 209 0 214 302 763 0 0 0 0 0 21 10 0 0 115 0 0 0 96 22 30 55 0 0 25 0 0 0 6 18 0 0 0 0 0 6 0 30 2 0 0 0 0 0 0 0 0 0 0 0 6 2 0 0 0 0 0 0 0 0 0 0 0 0 0 0 0 0 0 9 0 0 1
6 17 82 7 2 15 10 13 30 2 2 6 8 2 27 0 0 0 58 302 259 86 50 21 27 32 5 2 0 1 0 19 96 0 0 16 20 43 15 5 18 60 23 0 0 0 0 0 11 0 0 31 9 8 10 21 28 0 24 0 119 0 0 0 0 8 0 0 10 6 6 8 0 0 0 0 0 0 0 0 0 143 138 0 2 35 0 4 0 0 0 10 2 0 3 0 1 0 0 0 0 1 0 0 0 0 0 0 0 5 4 9 6 13 0 16 6 0 0 27 0 0 0 0 0 0 0 0 48 14 0 82
11 30 146 13 4 27 0 24 53 4 3 10 13 4 50 0 0 0 77 548 469 157 90 29 0 48 8 7 0 2 0 46 184 1 0 0 33 80 28 7 56 113 0 0 0 0 0 26 36 7 0 54 0 0 2 11 21 49 197 0 147 0 13 32 7 0 1 0 0 12 2 0 0 0 0 0 0 0 0 0 0 239 230 0 3 64 0 0 0 0 0 0 0 0 4 0 1 0 0 0 0 0 0 0 0 0 0 0 0 0 0 0 0 0 0 0 0 0 0 0 0 0 0 0 0 0 0 0 93 2 8 8
57 153 744 68 19 140 104 122 271 21 22 54 68 28 363 0 0 0 479 2440 2089 698 401 158 610 233 42 28 13 8 3 213 785 3 56 168 168 372 141 44 190 611 255 0 0 0 0 165 137 86 0 226 75 79 87 172 228 279 735 1 785 45 72 165 31 67 27 0 121 54 35 77 0 0 0 0 0 0 0 0 0 476 458 0 6 376 0 72 10 0 33 137 39 23 28 13 8 0 37 0 0 0 2 63 0 0 0 0 96 138 82 113 108 136 0 144 116 0 0 283 116 48 0 0 0 0 0 0 580 204 67 10
35 93 454 41 12 85 52 74 165 13 13 32 42 14 170 0 1 0 342 1768 1514 506 604 150 72 154 35 23 9 6 2 175 649 2 35 124 137 290 115 35 195 411 161 0 0 0 0 135 116 68 0 177 49 54 62 119 160 221 590 0 629 35 57 132 24 57 24 0 68 45 32 43 0 0 0 0 0 0 0 0 0 657 632 0 9 219 0 25 0 0 0 81 18 0 17 9 6 0 0 0 0 0 0 0 0 0 0 0 0 71 45 72 66 90 0 107 61 0 0 189 19 0 0 0 0 0 0 0 329 112 40 25
19 50 242 22 6 45 19 40 88 7 7 17 35 9 123 0 1 0 147 782 684 224 129 76 0 74 14 9 2 3 1 74 280 1 1 34 57 129 52 15 67 193 66 0 0 0 0 41 43 21 0 69 14 16 24 44 62 85 229 1117 245 13 22 51 9 17 2 0 30 20 8 17 0 0 0 0 0 0 0 0 0 150 144 0 0 123 0 11 0 0 0 23 4 0 9 4 4 0 0 0 0 0 0 0 0 0 0 0 0 0 19 9 0 23 0 64 0 0 0 57 0 0 0 0 0 0 0 0 190 51 17 1
2 5 5 2 2 3 0 4 2 1 1 2 0 0 2 0 0 0 0 23 20 7 4 1 0 4 0 0 0 0 0 0 6 0 0 0 0 1 1 0 0 0 0 0 0 0 1 0 0 0 0 0 0 0 0 0 0 0 0 0 0 0 0 0 0 0 0 0 0 2 0 0 0 0 0 0 0 0 0 0 0 7 7 0 0 1 0 0 0 0 0 0 0 0 0 0 12 0 0 0 0 0 0 0 0 0 0 0 0 0 0 0 0 0 0 0 0 0 0 0 0 0 0 0 0 0 0 0 3 0 0 4
24 54 72 25 22 0 8 47 31 15 5 27 6 0 35 0 0 0 45 253 226 267 61 12 0 23 2 0 0 1 0 14 60 0 0 0 17 29 26 0 0 0 0 0 0 0 7 0 9 1 0 9 0 5 5 2 11 21 53 0 42 3 4 12 6 0 0 0 0 26 11 0 0 0 0 0 0 0 0 0 0 24 23 0 0 33 0 0 0 0 0 0 0 0 5 1 131 0 0 0 0 0 0 0 0 0 0 0 0 0 7 26 21 37 0 46 21 0 0 39 0 0 0 0 3 0 18 5 50 8 7 1
1 1 6 0 0 1 1 1 2 0 0 0 1 0 3 0 0 0 0 23 19 7 4 1178 0 19 0 0 0 0 0 0 7 0 0 0 0 3 0 0 1 2 0 0 0 0 0 0 1 0 0 0 0 0 0 0 0 0 5 0 0 0 0 1 0 0 0 0 0 0 0 0 0 0 0 0 0 0 0 0 0 5 5 0 0 2 0 0 0 0 0 0 0 0 0 0 0 0 0 0 0 0 0 0 0 0 0 0 0 0 0 0 0 0 0 0 0 0 0 0 0 0 0 0 0 0 0 0 5 0 0 0
0 1 0 0 0 0 0 1 0 0 0 0 0 0 0 0 0 0 0 1 1 0 0 0 0 0 0 0 0 0 0 0 0 0 0 0 0 0 0 0 0 0 0 0 0 0 0 0 0 0 0 0 0 0 0 0 0 0 0 0 0 0 0 0 0 0 0 0 0 0 0 0 0 0 0 0 0 0 0 0 0 0 0 0 0 0 0 0 0 0 0 0 0 0 0 0 2 0 0 0 0 0 0 0 0 0 0 0 0 0 0 0 0 0 0 0 0 0 0 0 0 0 0 0 0 0 0 0 0 0 0 0
123 330 1604 146 41 301 225 263 584 46 47 116 147 63 275 0 2 0 987 0 0 1437 825 326 460 481 85 58 29 16 6 0 1575 6 0 336 336 0 288 90 341 1294 0 0 0 0 0 0 259 157 0 0 154 171 181 352 468 0 0 11 1486 84 135 312 58 0 0 0 0 110 63 160 0 0 0 0 0 0 0 0 0 0 0 0 0 256 0 0 0 0 0 0 17 0 19 8 5 0 0 0 0 0 0 0 0 0 0 0 0 0 0 48 41 67 0 86 34 0 0 144 0 0 0 0 0 0 0 0 0 127 45 32
176 472 2295 210 59 431 334 376 836 65 68 166 211 91 0 0 2 0 1416 0 2353 2055 1181 467 744 689 123 81 41 22 8 613 2253 9 172 500 483 1071 413 130 487 1852 0 0 0 0 0 447 371 228 0 640 229 252 261 512 678 0 850 35 2129 121 194 447 83 186 72 14 347 157 93 238 0 0 0 0 0 0 0 0 0 853 0 0 0 1406 0 324 40 0 0 0 153 135 102 45 29 0 151 87 0 111 198 0 0 0 0 0 0 0 0 468 473 506 79 517 468 49 5 1029 519 375 0 0 12 0 42 14 2200 792 252 148
13 34 164 15 4 30 0 27 60 4 1 11 15 6 44 38 0 131 0 0 0 0 0 0 0 0 25 17 8 5 1 122 470 1 0 0 86 502 187 60 0 800 249 0 3 0 0 373 350 0 0 241 169 153 223 448 606 554 283 0 0 0 0 0 26 0 1 2 0 0 34 0 9 210 25 33 34 251 66 32 95 35 33 0 908 49 0 13 0 0 0 0 6 0 0 2 0 0 0 0 11 0 0 0 0 0 0 0 0 0 0 0 0 0 0 0 0 0 0 0 0 0 0 0 0 0 0 0 82 0 0 8288
0 0 0 0 0 0 0 0 0 0 0 0 0 0 226 0 0 0 42 231 198 66 38 0 0 21 46 31 16 8 3 229 843 3 67 160 181 147 88 28 226 233 92 0 0 0 0 0 86 0 0 71 6 8 12 22 30 58 30 0 277 9 17 49 1 22 5 0 43 20 10 25 0 0 0 0 0 0 0 0 0 138 128 0 0 198 0 38 5 0 0 70 14 15 14 6 4 0 21 0 0 16 26 45 0 0 0 0 0 84 42 52 48 66 0 70 55 0 0 136 6 0 0 0 0 0 0 0 310 110 30 1
2 2 2 3 1 3 0 1 1 1 0 0 1 1 3 0 0 0 0 0 24 1 1 3 0 0 0 0 0 0 0 0 0 0 0 0 0 0 6 5 0 0 0 0 10 0 33 0 1 0 0 0 0 0 0 0 0 0 0 0 1 0 0 2 0 0 0 0 0 2 0 25 0 0 0 0 0 0 0 0 6 0 0 0 0 0 0 0 0 0 0 160 0 0 0 77 0 17 0 3 0 200 0 0 0 0 0 0 87 309 29 0 0 0 0 21 0 0 0 0 0 0 0 0 0 0 0 0 1 48 0 165
9796 16074 6458 11676 13379 16846 367 1092 465 286 298 717 4963 56 316 357 12 1 638 3038 4073 1115 279 599 352 755 556 235 525 412 101 398 428 54 313 232 767 982 1360 1045 0 181 0 217 280 0 7940 776 1215 630 639 0 12 25 1065 0 337 1219 830 80 281 92 159 648 245 0 0 0 1141 270 2316 7 766 15086 5164 12226 12727 5018 4549 11978 18452 16271 15584 6706 904 1988 0 559 109 0 484 750 240 0 10636 382 681 1265 822 690 97 225 385 7015 0 358 461 300 3484 885 288 813 834 849 918 834 824 889 943 824 791 760 835 983 834 841 845 839 39 460 581 47
1471 3482 912 1402 1472 2840 908 1505 642 378 397 1315 2 5 242 9 93 704 108 4 4 67 43 31 3 17 128 47 73 51 26 85 441 44 49 106 52 736 500 264 0 158 0 0 21 0 121 113 104 69 0 557 0 63 232 264 253 0 19 31 39 68 9 212 65 39 83 354 0 172 120 0 0 100 0 0 0 29 27 27 45 3 0 0 0 158 0 0 687 0 0 0 0 0 211 191 375 1031 0 0 0 16 0 0 352 0 0 0 0 335 170 136 138 143 99 142 136 94 138 138 127 115 117 148 137 93 141 138 1752 191 222 8
25 60 13 25 26 46 10 25 10 7 7 19 0 87 0 0 1 0 6 0 0 7 5 1 1 3 0 0 0 0 0 0 9 0 0 0 0 0 1 22 0 0 0 0 0 0 0 0 12 0 0 0 8 39 13 19 16 0 6 0 18 4 9 11 4 0 0 0 0 0 0 0 3 39 0 20 22 35 29 2 34 19 0 64 0 73 0 0 0 0 0 0 0 0 0 42 74 61 0 0 0 0 0 0 0 0 0 0 0 0 0 11 9 7 0 11 6 0 0 48 48 29 18 17 17 0 12 10 3 9 6 7
3273 7285 2073 3218 3336 5142 2037 5024 1555 1643 1746 3745 13 909 698 1562 112 74 3073 3745 3765 4546 3613 85 1180 2085 540 174 126 67 25 833 1455 26 1712 3183 4971 3372 6301 1967 222 4644 1538 13312 58 80 488 1639 717 347 1568 1204 2940 3805 3655 2569 3426 301 3969 1243 2630 763 1235 6004 3037 1686 693 0 668 4412 2859 4712 1877 213 2188 2203 2466 19674 6253 835 1369 2953 6754 86 1487 1595 2816 924 219 0 2872 2656 0 0 242 1660 9640 2266 0 938 508 1376 1457 0 2390 0 805 0 112 1126 1422 4867 4975 5053 6034 4946 4952 5870 5810 4921 4801 4756 5283 5972 5016 5543 5048 5044 2527 4424 2873 155
886 1845 516 833 927 1290 220 874 358 318 332 882 356 322 1424 7 4711 4064 46 49 49 38 27 11 10 12 71 23 14 8 3 95 716 3 234 467 780 3351 4026 2432 0 712 9 131 400 1518 3101 405 6060 1588 1182 1286 1342 1012 376 382 1810 873 453 205 332 127 222 1833 394 443 231 0 2391 881 55 505 30 776 0 587 39 618 151 87 213 330 62 3404 89 2314 0 599 131 0 0 62 276 0 501 1589 2289 1445 0 292 0 437 115 0 0 0 876 0 0 135 113 1482 1376 835 981 1365 1164 906 66 627 293 275 1330 1706 1036 1205 991 882 249 636 1063 586
0 0 0 43 59 66 0 110 0 38 38 70 275 106 0 247 0 0 144 431 510 169 130 15 77 178 0 0 0 2 0 0 117 0 0 0 214 0 56 0 8 39 0 0 0 0 7 0 31 24 62 164 147 145 117 141 215 21 23 10 34 12 16 44 25 68 56 185 42 51 0 3 0 44 0 0 0 44 22 14 85 66 65 301 0 0 0 173 68 0 0 0 0 0 106 913 983 1953 409 0 296 857 1084 0 0 0 360 0 433 2977 1466 8 5 12 0 15 2 0 0 8 0 0 0 0 1 0 6 0 1302 1263 0 1
3 3 2 3 3 6 1 2 1 1 1 2 0 21 33 1752 1 0 707 3684 3675 1118 904 208 168 213 59 32 14 8 3 185 157 3 12 107 93 79 220 0 18 193 207 84 248 0 360 878 67 35 309 57 47 164 460 118 533 1374 703 26 87 34 53 84 34 119 0 154 1542 0 0 40 0 15 0 0 0 6 2 10 15 0 0 0 0 57 0 15 10 131 0 8 0 0 187 111 77 38 450 1139 0 213 921 0 0 0 239 0 0 665 54 19 19 22 0 22 18 0 6 20 14 7 0 11 18 0 20 18 280 80 651 0
100 219 63 98 102 163 61 140 47 40 39 112 64 237 449 481 1 1 964 5004 3203 829 583 4140 2649 256 1894 1094 490 238 93 13817 4953 100 1504 3691 3042 2299 2944 1083 5433 15461 3908 1103 457 1981 700 815 1332 699 271 1268 1223 1626 2242 4525 2338 1798 917 149 930 1051 719 221 550 726 0 2534 4150 340 320 90 8 287 0 55 79 91 82 96 153 84 0 2111 0 459 740 545 49 6334 112 124 611 0 2315 496 484 400 2095 2120 389 704 7 0 32 0 646 0 5887 2998 2658 51 52 55 7 55 50 5 42 52 45 36 32 49 51 9 53 51 926 935 5461 0
0 0 0 0 0 0 0 0 0 0 0 0 0 0 0 689 1 0 169 888 463 95 59 0 0 0 0 0 0 0 0 0 1 0 0 0 0 0 0 0 0 0 0 0 0 5423 1 0 1 0 0 0 0 1 1 0 1 0 0 0 0 0 0 0 0 0 0 0 0 0 0 0 0 0 0 0 0 0 0 0 0 0 0 30 0 0 0 0 220 0 0 0 0 0 0 0 2 0 0 0 0 0 0 0 0 0 0 0 0 0 0 0 0 0 0 0 0 0 0 0 0 0 0 0 0 0 0 0 0 0 0 0
0 0 0 0 0 0 0 0 0 0 0 0 0 0 0 16 0 0 106 566 328 75 50 0 34 22 0 0 0 0 0 0 570 0 0 0 0 50 49 55 31 370 0 0 705 0 13 109 161 84 15 160 220 279 467 1176 839 1050 535 681 391 230 2446 234 12 548 342 1731 110 0 16 362 2 53 0 0 0 0 0 0 0 0 0 0 0 0 0 0 0 0 0 0 0 0 16 0 22 0 0 0 0 0 0 0 0 0 0 0 0 19 30 0 0 0 0 0 0 0 0 0 0 0 0 0 0 0 0 0 0 0 0 0
0 1 0 0 0 0 0 0 0 0 0 0 0 0 0 0 3 3 0 4 2 0 0 0 0 0 0 0 0 0 0 0 2 0 0 0 0 0 0 0 0 0 0 0 0 0 2 0 4 0 0 0 1 0 2 3 8 0 0 0 0 0 0 0 0 0 0 0 0 0 0 0 0 0 0 0 0 0 0 0 0 0 0 1 0 910 0 0 0 0 0 0 0 0 0 0 0 0 0 0 0 0 0 0 0 0 0 0 0 0 0 0 0 0 0 0 0 0 0 0 0 0 0 0 0 0 0 0 0 0 0 0
17 38 11 17 18 20 0 29 8 7 0 21 0 39 93 0 0 0 0 0 0 1 1 0 0 0 0 0 0 0 0 0 1 0 0 0 0 0 0 6 0 0 1152 0 0 0 1 0 0 0 0 0 2 0 0 3 9 0 0 0 0 0 0 0 0 0 0 0 0 0 0 0 0 1 0 0 0 0 0 0 0 0 0 14 0 0 0 0 0 0 0 0 0 0 20 4978 142 0 0 0 0 0 151 0 0 0 0 0 0 145 0 1 0 3 0 5 0 0 0 1 0 0 0 0 0 0 1 0 0 0 0 0
87 188 54 87 92 169 0 75 32 19 19 64 8 243 15 2223 4 2 2243 14 15 3567 2889 961 1317 2548 731 477 262 138 49 3393 1803 50 873 3366 3208 2650 3299 1308 4074 5776 5124 1076 452 677 3567 2159 1951 1012 2344 1825 2209 4775 3601 3613 4661 3621 1854 442 731 295 476 1460 1597 627 1249 3554 6029 437 424 13574 2 148 0 68 78 62 74 28 131 69 0 206 0 207 0 874 2420 8497 362 0 0 0 63 6284 7456 20548 0 583 0 36 0 21 0 0 176 0 0 63 19 2055 2097 2119 2516 2080 2082 2456 2424 2185 2152 2100 2303 2565 2141 2363 2137 2137 50 205 8 19
120 268 76 119 123 183 0 190 58 58 61 143 0 149 566 104 4 1 747 3939 3815 1143 919 18 24 47 129 87 51 28 9 605 539 9 130 786 822 1353 1199 2068 504 172 98 0 26 11 180 630 191 101 587 809 735 464 489 385 504 406 207 135 210 86 139 453 394 490 0 2485 864 119 116 61 21 676 64 156 228 204 190 261 421 280 0 8268 28 0 0 14 83 0 0 884 0 0 662 1277 1100 2172 0 0 311 2766 2266 0 0 0 160 0 0 2992 0 20 19 22 0 22 18 0 8 20 15 7 2 13 18 0 20 18 3175 1186 14 0
1237 2904 717 1144 1216 3015 624 859 474 201 209 704 1345 427 351 300 9 24 1111 5857 3265 720 489 7 61 1 139 98 53 28 10 684 289 10 306 927 951 1611 2168 1477 375 691 301 136 49 0 86 734 377 198 82 1018 592 918 652 816 638 746 380 157 1203 199 609 145 137 821 838 2977 863 159 286 1590 272 5477 1161 2609 2744 1827 1636 2612 4091 3500 3124 0 351 480 0 271 78 0 1747 0 374 0 130 1026 1340 1241 483 0 0 5834 0 1141 992 0 149 0 0 686 369 128 129 134 96 133 128 90 130 129 120 109 111 139 129 89 132 130 664 389 45 0
250 553 159 248 256 376 57 409 121 130 137 302 192 32 133 43 3 6 242 1284 739 169 112 0 43 10 2 0 4 4 0 0 14 0 0 64 133 962 355 500 101 147 0 0 0 0 4 139 243 127 4 200 82 195 68 74 203 125 64 6 125 71 16085 21 40 136 192 172 199 27 8 75 0 84 7 48 66 30 21 80 126 70 0 407 0 0 0 0 205 0 0 0 0 0 51 305 676 422 0 0 0 0 0 0 1148 0 0 0 0 8 58 2 0 4 0 6 0 0 0 1 0 0 0 0 0 0 1 0 0 0 0 0
109 237 69 109 112 159 0 195 53 68 72 133 0 82 396 181 8 304 415 2194 2157 648 523 0 79 135 31 18 14 9 2 62 100 2 52 404 623 1166 1329 1635 123 28 163 0 93 84 76 568 285 150 497 614 275 383 396 344 332 416 212 103 206 161 193 233 234 314 417 1002 784 179 64 614 7 313 0 100 130 89 80 155 244 139 0 1222 0 224 0 66 27 0 0 0 0 0 34 795 528 0 116 0 6494 3594 0 0 348 0 3 0 0 0 0 103 103 109 34 109 102 28 89 104 92 76 69 100 102 32 106 102 0 165 143 24
66 143 43 66 68 96 41 121 32 45 47 80 0 189 577 688 43 3 565 2727 2734 816 649 397 544 1055 164 109 59 31 11 769 676 12 316 930 919 455 899 365 431 104 200 1080 52 0 342 269 85 45 254 498 392 293 258 277 261 426 236 259 386 176 257 888 389 956 371 2737 1249 1187 137 530 6 435 0 91 184 134 121 248 391 340 326 2173 0 121 0 3155 7254 3462 9103 6475 1511 171 5866 1163 227 2660 0 2639 0 2697 1111 0 2044 1736 4027 0 2754 3603 1892 955 974 990 1037 975 962 994 1089 967 927 891 965 1137 978 950 991 983 2094 3213 3332 162
9199 164 4692 8097 8764 24133 4121 4122 2855 923 959 3181 1 780 12 192 18 21 263 1047 1001 358 283 12 171 343 0 0 4 7 0 0 201 0 0 0 120 148 245 76 24 112 0 1053 9 0 72 0 137 71 0 0 97 237 182 264 361 287 196 158 246 93 152 565 276 265 322 3398 77 0 133 54 40 424 140 222 236 331 181 210 329 296 270 1181 32 35 1319 0 123 0 11 353 15 0 27 8389 4391 6919 308 84 0 0 0 0 0 2029 42 0 69 202 128 80 80 85 20 85 79 17 67 84 75 61 56 79 80 22 83 80 179 634 2493 3
354 228 191 322 344 827 28 268 125 77 75 196 3 76 153 1247 93 18 361 365 974 412 315 41 194 320 249 63 61 34 8 416 351 10 0 681 877 572 1109 387 215 623 642 7657 255 1496 1668 0 647 339 538 736 656 1219 867 1122 1138 197 786 371 587 267 577 1228 1077 605 542 0 850 552 2139 284 271 4944 1355 2195 2311 1622 1549 2056 3362 2953 2761 354 258 383 0 1139 652 1362 1311 976 235 242 356 626 878 3424 1015 1159 2645 3331 5610 0 0 0 1158 0 556 1847 675 432 440 452 453 443 437 438 488 438 419 402 432 507 442 418 448 445 1390 2046 1370 3
82 185 56 82 84 137 8 117 38 38 39 91 1 31 18 115 298 17 724 3193 3368 1099 880 10 61 113 34 0 6 6 1 0 93 2 0 125 211 267 193 107 0 169 0 285 109 96 115 18 158 75 97 70 183 397 327 319 306 132 360 69 137 264 74 215 150 5 0 3962 115 147 96 145 97 131 109 171 202 687 343 157 185 205 231 203 43 113 0 29 15 0 0 0 0 0 22 3 191 51 0 0 0 24 0 0 0 0 0 0 654 0 0 113 115 119 80 118 113 75 114 115 106 95 97 123 114 75 117 115 1538 203 89 5
795 1809 462 744 793 1916 405 541 294 129 134 438 285 417 1568 1649 52 64 12289 80 198 7403 4678 3514 2124 1977 12493 0 1277 602 247 2459 22919 287 2504 4515 3426 4776 8846 5453 2217 1788 0 2547 428 1028 345 0 2784 1467 1240 3798 3237 1934 2620 3233 3162 11 2617 1088 4446 1469 1350 1487 2482 0 42 2270 73 6734 2414 1110 388 7597 2272 3267 3404 2669 2270 3210 5109 4370 4144 103 749 1321 0 3747 8617 1452 5982 5072 907 246 2896 52 11056 1811 1039 400 2038 3155 2870 351 6208 1777 2069 0 5638 2820 1931 916 934 957 991 937 928 955 1044 929 891 860 927 1082 938 908 950 943 3034 2472 1908 110
188 384 115 192 211 299 34 287 69 93 97 199 24 424 653 558 3 1 1375 51 6331 2051 1646 195 232 419 333 111 81 42 16 689 1014 16 573 1563 1910 1717 4262 2421 944 580 655 162 35 0 234 0 118 62 734 1619 2395 625 638 594 706 749 420 157 283 109 165 512 521 1107 0 1459 1150 0 241 238 1 403 0 12 99 290 112 162 301 226 216 6427 26 0 0 58 604 0 486 0 427 0 181 1350 1146 3714 365 283 1589 1191 913 0 0 0 0 0 0 99 730 107 86 57 129 88 78 0 65 97 107 85 71 112 112 25 117 112 2677 546 0 3
0 2 0 10 0 15 0 0 0 19 17 0 0 0 15 6 2148 121 26 110 118 38 30 2 3 5 8 1 2 12 7 0 20 8 0 372 0 25 70 48 0 20 0 0 4 0 21 300 23 7 0 0 706 591 533 317 111 668 1489 160 245 1682 163 5 284 0 147 0 161 23 0 0 0 12 0 0 41 28 7 98 63 59 67 1112 0 0 0 0 159 0 0 0 0 0 12 0 105 0 0 0 0 0 131 0 0 0 2057 0 0 0 0 2 0 5 0 8 0 0 0 2 0 0 0 0 0 0 2 0 1558 0 0 0
10 23 0 8 0 16 0 4 4 2 1 0 2 0 8 13 1 0 32 59 55 27 41 13 16 13 13 0 0 1 0 0 43 0 0 0 0 11 48 40 0 4 0 0 7 0 25 0 6 3 0 0 33 4 6 7 8 0 1 10 12 5 2 10 0 0 0 0 0 26 0 0 0 0 0 0 0 5 0 8 15 12 12 37 0 0 0 0 44 0 0 0 0 0 26 0 153 94 0 36 0 0 134 0 0 0 88 0 0 292 0 15 10 8 0 14 9 0 0 13 10 0 0 2 14 0 17 14 24 2 0 3
6 11 6 8 8 10 0 4 3 3 2 3 5 2 2 0 0 0 0 29 21 7 4 4 0 2 1 0 2 3 4 0 5 3 0 0 0 0 0 0 0 0 0 0 0 0 7 0 5 2 0 0 4 0 0 3 0 303 156 0 121 71 107 120 98 0 0 0 0 2 0 7 0 126 0 0 0 44 0 42 52 0 0 299 0 42 0 0 0 0 0 0 0 0 7 2 3 0 0 0 0 0 0 0 0 0 0 0 0 0 0 0 0 85 0 141 0 0 0 12 0 0 0 0 0 0 0 0 5 0 0 2
2 5 4 4 3 4 0 4 4 3 3 4 3 3 3 0 1 0 0 38 25 9 5 6 0 3 3 2 3 4 6 0 7 4 0 0 0 0 0 0 0 0 0 0 0 0 5 0 6 2 0 0 7 0 0 5 0 399 205 0 158 94 141 159 135 0 0 0 0 3 0 11 0 182 0 0 0 59 0 53 63 0 0 434 0 78 0 0 0 0 0 0 0 0 3 3 5 0 0 0 0 0 0 0 0 0 0 0 0 0 0 60 0 149 0 204 0 0 245 72 0 0 0 0 0 0 19 0 8 0 0 3
4 7 4 5 5 6 0 2 2 2 1 2 3 1 1 0 0 0 0 14 12 4 2 2 0 0 1 0 1 2 3 0 3 2 0 0 0 0 0 0 0 0 0 0 0 0 5 0 3 1 0 0 2 0 0 1 0 216 111 0 90 53 79 91 73 0 0 0 0 1 0 3 0 71 0 0 0 22 0 29 35 0 0 216 0 35 0 0 0 0 0 0 0 0 4 3 2 0 0 0 0 0 0 0 0 0 0 0 0 0 0 0 0 0 0 59 0 0 0 0 0 0 0 0 0 0 0 0 2 0 0 1
54 101 62 77 71 95 34 58 52 43 45 51 55 45 47 21 10 8 40 505 335 82 55 78 68 78 60 68 56 56 75 43 76 58 8 31 61 60 0 26 170 124 0 0 49 0 88 41 84 43 0 0 93 23 79 86 53 613 1591 365 1093 689 1040 1105 1153 0 73 200 0 44 23 161 100 1952 143 398 474 497 223 532 622 477 0 4328 88 1184 0 0 45 0 0 140 26 0 72 88 77 68 0 20 0 78 0 0 0 0 0 0 0 108 44 3450 3452 3691 0 3679 3351 0 2616 3511 2973 2329 1912 3063 3366 105 3528 3357 112 50 36 34
1 2 1 2 2 2 0 1 1 1 0 1 1 0 0 0 0 0 0 5 4 69 1 1 0 0 0 0 0 1 1 0 1 1 0 0 0 0 0 0 0 0 0 0 0 0 2 0 1 0 0 0 0 0 0 0 0 58 30 0 27 14 21 24 12 0 0 0 0 0 0 0 0 3 0 0 0 6 0 8 11 0 0 54 0 0 0 0 0 0 0 0 0 0 1 1 0 0 0 0 0 0 0 0 0 0 0 0 0 0 0 0 0 0 0 0 0 0 0 0 0 0 0 0 0 0 0 0 0 0 0 0
9 16 9 12 12 15 1 6 5 4 4 5 7 4 4 0 1 1 0 47 33 11 5 7 0 5 4 3 4 5 6 0 8 5 0 0 1 0 0 0 0 0 0 0 1 0 11 0 8 3 0 0 6 0 0 5 0 308 159 0 116 70 105 114 106 0 0 0 0 4 0 12 0 166 0 0 5 49 0 56 67 0 0 401 0 83 0 0 0 0 0 0 0 0 10 5 6 1 0 0 0 1 0 0 0 0 0 0 0 1 0 129 71 221 0 274 0 0 0 143 0 0 0 0 0 0 92 0 9 0 0 3
55 102 66 78 72 97 35 59 54 44 45 51 56 45 51 23 10 8 45 524 621 101 59 79 70 80 62 70 57 56 75 55 81 58 26 40 66 64 0 30 172 130 0 0 49 0 88 52 85 43 0 0 92 23 77 85 53 355 1338 283 924 583 876 930 963 0 75 196 0 44 24 164 103 2020 157 414 490 512 228 546 639 496 0 4462 95 1216 0 0 41 0 0 145 27 0 72 90 78 69 0 22 0 79 0 0 0 0 0 0 14 110 52 3506 3512 3747 183 3731 3412 0 2722 3569 3040 2413 5490 7068 3429 270 3587 3421 117 52 29 34
21 39 24 30 27 36 12 23 21 17 18 20 22 18 18 0 4 3 0 201 133 32 22 31 17 29 24 26 22 23 30 10 31 23 0 7 22 6 0 0 36 40 0 0 17 28 35 0 34 17 0 0 37 0 19 33 0 1058 547 10 389 245 366 396 398 0 18 33 0 17 0 66 45 949 78 193 228 228 76 254 293 231 0 2104 45 556 0 0 18 0 0 46 0 0 25 34 32 25 0 0 0 28 0 0 0 0 0 0 0 38 10 1221 0 1371 0 1409 1088 0 0 1252 779 177 0 371 1074 0 1217 1053 46 12 3 60
6 11 5 8 8 10 0 4 3 3 2 3 5 2 1 0 0 0 0 27 19 4 3 4 0 2 2 1 2 4 4 0 5 3 0 0 0 0 0 0 0 0 0 0 0 0 7 0 5 2 0 0 5 0 0 4 0 324 166 0 132 79 118 136 90 0 0 0 0 2 0 8 0 108 0 0 0 36 0 46 59 0 0 348 0 79 0 0 0 0 0 0 0 0 7 2 4 0 0 0 0 0 0 0 0 0 0 0 0 0 0 0 0 74 0 131 0 0 0 0 0 0 0 0 0 0 0 0 5 0 0 2
15 26 14 20 20 26 3 9 8 7 7 8 12 7 6 0 1 4 0 78 53 13 8 12 0 10 7 7 8 9 11 0 12 9 0 0 2 0 0 0 0 5 0 0 4 0 19 0 14 6 0 0 12 0 0 10 0 267 140 0 105 65 95 104 1601 0 0 0 0 7 0 23 2 354 0 0 47 92 6 106 131 7 0 817 0 215 0 0 0 0 0 9 0 0 16 11 12 7 0 0 0 7 0 0 0 0 0 0 0 10 0 361 310 460 0 507 240 0 0 378 0 0 0 0 219 0 334 197 17 0 0 5
29 51 26 38 39 50 8 18 15 13 13 15 23 13 13 0 2 2 0 149 101 25 16 23 1248 0 16 17 16 17 22 0 23 17 0 0 12 0 0 0 0 24 0 0 11 0 36 0 26 8 0 0 25 0 12 0 0 564 294 0 215 135 198 215 187 0 0 0 0 13 0 46 23 699 0 89 147 177 54 201 248 126 0 1556 64 418 0 0 0 0 0 33 0 0 34 25 24 19 0 0 0 20 0 0 0 0 0 0 0 28 0 855 815 973 0 1007 743 0 0 878 493 0 0 124 730 0 847 711 33 8 0 10
32 58 33 44 43 56 14 27 24 20 20 23 29 20 21 0 4 3 0 236 178 38 26 36 19 35 27 30 26 27 35 9 36 27 0 6 24 2336 0 0 46 48 0 0 20 0 46 0 40 20 0 0 41 0 26 37 0 813 424 0 306 195 287 311 285 0 26 43 0 20 3 77 96 1235 172 334 302 282 122 305 381 340 236 2574 123 930 0 0 0 0 0 60 0 0 41 41 37 31 0 0 0 35 0 0 0 0 0 0 0 48 12 1480 1448 1631 0 1656 1366 0 445 1513 1075 526 0 793 1358 0 1491 1341 54 17 18 15
9 19 14 15 12 16 8 18 16 14 14 15 14 14 13 0 3 2 0 160 104 638 17 24 4 22 17 19 17 18 24 0 25 18 0 0 12 0 0 0 7 24 0 0 12 0 22 0 26 13 0 0 28 0 9 24 0 694 360 0 260 164 243 263 243 0 9 0 0 14 413 52 40 802 97 193 186 184 55 193 232 202 102 1743 68 448 0 0 0 0 0 32 0 0 1233 26 24 17 0 0 0 21 0 0 0 0 0 0 0 27 0 941 889 1083 0 1128 799 0 0 968 490 0 0 0 781 0 925 757 37 5 5 11
10 17 9 13 13 16 1 6 5 4 4 5 8 4 3 0 0 1 0 50 34 8 5 7 0 5 4 3 5 6 7 0 8 5 0 0 0 0 0 0 0 0 0 0 1 0 12 0 9 4 0 0 7 0 0 6 0 243 126 0 95 58 86 95 78 0 0 0 0 4 0 14 12 283 21 67 64 61 0 71 91 69 0 575 22 139 0 0 0 0 0 0 0 0 11 6 7 2 0 0 0 2 0 0 0 0 0 0 0 3 0 155 97 249 0 302 24 0 0 169 0 0 0 0 0 0 118 0 10 0 0 3
49 91 55 70 65 86 30 51 46 38 39 45 50 40 42 18 8 7 34 453 301 73 49 69 60 69 54 61 51 50 67 39 68 52 8 28 55 65 0 24 145 113 0 0 43 0 79 35 76 38 0 0 81 17 67 75 43 1996 3682 190 724 462 688 735 739 0 67 176 0 39 20 148 113 2009 300 524 519 485 228 520 617 572 462 4352 173 1178 0 0 21 0 0 128 22 0 65 81 70 63 0 17 0 71 0 0 0 0 0 0 0 98 41 3083 3083 3301 0 3292 2990 0 2300 3138 2646 2056 1663 2709 3004 0 3152 2995 103 45 47 30
6 11 6 8 8 10 0 4 3 3 3 3 5 3 1 0 0 0 0 32 22 4 3 5 0 2 1 0 2 4 4 0 5 3 0 0 0 0 0 0 0 0 0 0 0 0 8 0 6 858 0 0 3 0 0 2 0 97 50 0 40 24 35 38 27 0 0 0 0 3 0 8 6 172 3 32 33 37 0 45 56 36 0 360 7 78 0 0 0 0 0 0 0 0 7 2 5 0 0 0 0 0 0 0 0 0 0 0 0 0 0 42 0 132 0 188 0 0 0 54 0 0 0 0 0 0 0 0 6 0 0 2
10 18 9 13 14 17 1 6 5 4 4 5 8 4 3 0 0 1 0 52 35 9 6 8 0 5 4 3 5 6 7 0 8 6 0 0 0 0 0 0 0 0 0 0 1 0 13 0 9 4 0 0 1196 0 0 5 0 151 79 0 60 37 54 59 48 0 0 0 0 4 0 15 11 268 19 60 63 60 0 70 88 66 0 564 16 134 0 0 0 0 0 0 0 0 12 6 8 2 0 0 0 2 0 0 0 0 0 0 0 3 0 179 121 275 0 328 48 0 0 193 0 0 0 0 24 0 143 0 10 0 0 3
22 51 5 20 23 33 0 44 7 16 17 17 0 38 110 0 0 0 0 0 0 0 0 0 0 0 0 0 0 0 0 0 0 0 0 0 0 0 0 0 0 0 0 0 0 0 1 0 0 0 0 0 0 0 0 0 0 0 0 0 0 0 0 0 0 0 0 0 0 0 0 0 0 0 0 0 0 0 0 0 0 0 0 0 0 0 0 0 0 0 0 0 0 0 47 108 122 155 0 0 0 180 129 0 0 0 0 0 0 0 0 0 0 0 0 0 0 0 0 0 0 0 0 0 0 0 0 0 0 150 1 0
26 111 27 16 17 35 140 89 68 77 132 182 64 0 79 7 3 3 57 12 13 38 25 16 10 11 245 794 137 8 2 405 105 356 64 10 0 288 38 22 0 17 0 0 0 0 4 0 21 7 0 0 47 86 39 34 39 4 15 10 24 9 10 13 4 0 0 0 0 42 5 0 0 0 0 0 0 17 0 21 27 0 0 28 0 0 0 0 0 0 0 0 0 0 21 595 702 39 0 0 0 3 0 0 0 0 0 0 0 451 0 10 9 12 0 13 8 0 0 9 2 0 0 0 7 0 10 7 0 0 0 1
10 119 19 6 2 4 0 3 9 76 48 1 71 5 921 0 235 83 0 0 0 0 0 0 0 0 0 0 0 3 3 0 6 7 0 0 0 72 56 44 0 1 0 0 35 0 26 0 15 0 0 0 12 40 24 0 0 21 0 0 6 5 7 27 0 0 0 0 10 23 0 1 2 0 0 0 0 2 0 4 17 0 0 112 0 40 0 0 0 0 0 858 0 0 0 44 47 156 0 0 0 9 0 0 0 0 0 0 66 221 307 34 33 27 0 35 35 0 0 26 26 27 0 0 8 0 9 7 0 83 0 5
0 0 0 0 0 0 0 0 0 0 0 0 0 0 0 0 0 0 0 0 0 0 0 0 0 0 0 0 0 0 0 0 0 8 0 0 0 0 0 0 0 0 0 0 0 0 0 0 0 0 0 0 0 0 0 0 0 0 0 0 0 0 0 0 0 0 0 0 0 0 0 0 0 0 0 0 0 0 0 0 0 0 0 0 0 0 0 0 0 0 0 0 0 0 0 0 0 0 0 0 0 0 0 0 0 0 0 0 0 0 0 0 0 0 0 0 0 0 0 0 0 0 0 0 0 0 0 0 0 0 0 0
