130
0 0 0 0 0 0 0 0 0 0 151 12 5 0 69 60 0 0 0 0 0 0 0 0 0 0 0 0 0 0 0 0 167 214 35 23 0 141 19083 0 3398 0 74 0 0 0 5 0 0 0 0 0 0 0 0 0 0 0 0 0 0 0 0 0 0 0 0 0 0 0 0 0 0 0 0 0 0 0 0 0 0 0 0 0 0 0 0 0 0 0 0 0 0 0 0 0 0 0 0 0 0 0 0 0 0 0 0 0 0 0 0 0 4 0 0 0 1 0 0 0 0 0 0 0 0 0 0 0 0 3
0 0 10 12 0 4 0 2 0 0 0 0 0 0 0 0 0 35 0 0 0 0 0 0 0 0 0 0 0 0 0 0 1 1 0 0 0 1 0 0 0 2 1 0 0 0 1 141 43 0 0 0 0 0 0 0 0 0 0 0 1 0 0 0 0 0 0 0 0 0 0 0 0 0 0 0 5 0 0 0 33 0 0 0 0 0 0 0 0 0 0 0 0 0 0 461 0 0 0 0 0 0 0 0 0 0 0 0 0 0 0 0 19 0 0 0 0 0 0 0 0 0 0 0 0 0 0 0 12 0
0 0 0 2 0 2 0 0 5486 602 1251 2143 1368 1743 2814 199 64 4 0 0 0 1 0 0 0 0 0 0 0 12 4 0 1477 2105 349 229 0 1386 3 4 3515 61 728 0 0 0 96 0 429 335 0 0 0 0 35 0 0 252 92 2071 0 2866 792 0 448 0 144 141 101 142 268 179 94 0 0 10 0 0 0 32 0 0 0 0 0 0 0 0 0 0 0 0 0 0 0 27 0 0 0 0 0 0 0 0 0 0 0 0 0 1 0 0 39 0 0 6 23 0 0 0 0 0 0 0 0 0 65 70 136 49
0 0 0 0 0 1 1 0 84 46 75 47 43 33 150 0 0 114 0 0 0 0 0 0 0 0 0 0 0 5 0 0 286 407 68 45 0 1062 0 0 1609 1936 141 0 0 0 81 0 90 0 0 0 0 0 0 0 7 0 0 0 114 92 543 0 0 0 41 0 33 0 59 1726 0 0 0 0 0 0 0 0 0 0 0 0 0 0 0 0 0 0 0 0 0 0 0 0 0 0 0 0 0 0 0 0 0 0 0 0 0 0 0 0 20 0 0 0 16 0 0 0 0 0 0 0 0 0 30 47 114 75
0 0 0 24 0 25 0 20 846 393 72 1386 780 646 5414 165 421 40 0 0 0 0 0 0 0 0 0 0 0 1 0 0 965 1321 250 1776 2934 882 12 22 242 23 634 0 56 0 34 0 1 0 0 0 0 0 827 0 0 0 53 246 275 308 6 309 0 0 24 0 19 0 34 531 0 0 0 0 0 0 0 0 12 0 0 0 0 0 0 0 0 0 0 0 0 0 0 23 0 155 0 0 0 0 0 0 0 2 0 0 0 0 0 0 34 0 0 45 71 0 0 0 0 0 0 0 0 0 27 28 85 260
0 0 0 0 0 0 0 0 0 0 0 49 4 0 174 0 0 0 0 0 0 0 0 0 0 0 0 0 0 0 0 0 391 559 91 59 0 367 0 45657 0 0 193 0 0 0 1 0 0 0 0 0 0 0 0 0 0 3034 0 0 0 0 0 0 0 0 0 0 0 0 0 0 0 0 0 0 0 0 0 0 0 0 0 0 0 0 0 0 0 0 0 0 0 0 0 0 0 0 0 0 0 0 0 0 0 0 0 0 0 0 0 0 8 0 0 0 0 0 0 0 0 0 0 0 0 0 0 0 0 9
0 0 0 0 0 0 0 0 12 0 0 15 0 0 82 0 0 0 0 0 0 0 0 0 0 0 0 0 0 0 0 0 185 265 43 28 0 174 0 0 209 0 91 0 0 0 0 0 0 0 0 0 0 0 0 0 0 0 0 0 0 0 0 0 0 0 0 0 0 0 0 0 0 0 0 0 0 0 0 0 0 0 0 0 0 0 0 0 0 0 0 0 0 0 2 0 0 0 0 0 1 0 0 0 0 0 0 0 0 0 0 0 3 0 0 1 1 0 0 0 0 0 0 0 0 0 0 0 4 60
1 0 0 2 0 3 1 0 398 249 783 361 279 432 869 0 0 7 0 4 0 0 0 0 0 0 0 0 0 0 0 0 1035 1480 243 157 0 971 0 0 7873 2 511 22103 70 29 6 0 149 107 0 0 0 2 0 0 0 0 116 0 0 1 0 0 0 0 14 9 10 13 25 3 0 0 0 0 0 0 0 0 0 0 0 0 0 0 0 0 0 0 0 0 1 0 0 0 0 464 0 0 6 0 0 0 0 12 0 0 0 9 0 2 64 0 5 64 42 0 0 0 0 0 0 0 2 0 33 28 124 1668
118 1 0 0 0 198 0 0 0 3 98 99 0 0 105 0 0 0 0 0 0 0 0 0 0 0 0 0 0 0 0 0 45170 51 9 5 45 12 306 2909 317 21 1 332 38 0 155 11 75 0 0 0 0 0 0 0 0 62 0 0 1 1 0 1 0 0 24 0 3 0 1 0 0 0 0 0 0 0 0 0 0 0 0 0 0 0 0 0 0 0 0 0 0 0 0 0 0 0 0 0 0 0 0 0 0 0 0 0 0 0 0 0 90 0 0 0 1 0 0 0 0 0 0 0 0 0 0 0 3 26
4 0 0 0 0 43 22 0 0 0 13 19 0 0 21 0 0 0 0 0 0 0 0 0 0 0 0 0 0 0 0 0 34 75164 2 1 11 3 73 695 70 5 0 79 0 0 9 2 18 0 0 0 0 0 0 0 0 0 0 0 0 0 0 0 0 0 6 0 0 0 0 0 0 0 0 0 0 0 0 0 0 0 0 0 0 0 0 0 0 0 0 0 0 0 0 0 0 0 0 0 0 0 0 0 0 0 0 0 0 0 0 0 10 0 0 0 1 0 0 0 0 0 0 0 0 0 0 0 1 6
0 0 0 0 0 30 11 0 0 0 0 9 0 0 12 0 0 0 0 0 0 0 0 0 0 0 0 0 0 0 0 0 6 7 62190 1 0 1 42 405 32 3 0 46 0 0 1 0 11 0 0 0 0 0 0 0 0 0 0 0 0 0 0 0 0 0 3 0 0 0 0 0 0 0 0 0 0 0 0 0 0 0 0 0 0 0 0 0 0 0 0 0 0 0 0 25 0 0 0 0 0 0 0 0 0 0 0 0 0 0 0 0 9 0 0 0 0 0 0 0 0 0 0 0 0 0 0 15 76 62
0 0 0 0 0 0 0 0 0 0 0 0 0 0 2 0 0 0 0 0 0 0 0 0 0 0 0 0 0 0 0 0 0 0 0 0 0 0 7 67 0 0 0 9 0 0 0 0 0 0 0 0 0 0 0 0 0 0 0 0 0 0 0 0 0 0 0 0 0 0 0 0 0 0 0 0 0 0 0 0 0 0 0 0 0 0 0 0 0 0 0 0 0 0 0 0 0 0 0 0 0 0 0 0 0 0 0 0 0 0 0 0 0 0 0 0 0 0 0 0 0 0 0 0 0 0 0 0 0 37
0 0 0 0 0 0 2 0 79 40 133 2233 0 479 10567 0 0 0 0 0 0 0 0 0 0 0 0 0 0 0 0 0 0 0 0 3577 0 0 31 257 0 0 0 36 0 0 0 0 7 0 0 0 0 0 0 0 0 0 0 0 0 0 0 0 0 0 2 0 0 0 0 0 0 0 0 0 0 0 0 0 0 0 0 0 0 0 0 0 0 0 0 0 0 0 0 0 0 60 0 0 0 0 0 0 0 0 0 0 0 0 0 0 48 0 0 10 8 0 0 0 0 0 0 0 0 0 0 0 0 532
122 1 0 0 0 222 88 0 117 85 123 91 0 0 87 0 0 0 0 0 0 0 0 0 0 0 0 0 0 0 0 0 0 44 7 4 43 28964 299 2797 282 15 0 326 0 0 0 12 73 0 0 0 0 0 0 0 0 167 0 0 0 1 0 0 0 0 24 0 3 0 1 0 0 0 0 0 0 0 0 0 0 0 0 0 0 0 0 0 0 0 0 0 0 0 0 0 0 0 0 0 0 0 0 0 0 0 0 0 0 0 0 0 14 0 0 0 1 0 0 0 0 0 0 0 0 0 0 0 0 25
0 0 0 0 0 0 0 0 0 0 0 0 0 0 0 0 0 0 0 0 0 0 0 0 0 0 0 0 0 0 0 0 0 0 0 0 0 0 0 6 0 0 0 1 0 0 0 0 0 0 0 0 0 0 0 0 0 0 0 0 0 0 0 0 0 0 0 0 0 0 0 0 0 0 0 0 0 0 0 0 0 0 0 0 0 0 0 0 0 0 0 0 0 0 0 0 0 0 0 0 0 0 0 0 0 0 0 0 0 0 0 0 0 0 0 0 0 0 0 0 0 0 0 0 0 0 0 0 0 0
0 133 0 1370 0 436 52 99 815 551 1504 376 556 523 440 0 0 0 0 0 0 17 157 10 19 12 0 5 0 4 7 0 10 40 15 14 103 113 45 8 205 94 43 0 11 0 109 1025 7008 0 0 0 0 31 2 15 14 0 603 60 122 76 0 68 397 260 2371 189 345 213 235 127 0 1244 0 0 0 0 0 13 0 0 0 0 0 0 0 0 0 0 0 0 0 0 0 0 0 0 0 0 0 0 0 0 0 0 0 0 0 0 1265 0 50 0 0 0 0 0 0 0 0 0 0 0 0 0 20 0 0 0
18 0 0 113 0 95 14 17 104 31 28 34 464 30 70 12 0 0 0 0 0 79 180 95 51 13 271 21 292 6 117 47 17 0 0 7 0 0 46 280 111 1 56932 160 0 0 4 0 13 0 0 71 0 0 28 12 65 0 0 0 15 1 16 0 0 2 6 0 3 1 1 2 0 0 0 0 0 21 0 0 0 0 0 0 0 0 0 0 0 0 0 0 0 0 0 0 0 292 0 0 6 0 0 0 0 0 0 0 0 0 5 0 19 0 0 57 0 308 308 308 308 308 308 308 2 308 74 71 0 20
0 0 0 0 0 1 1 0 0 0 0 0 0 0 0 0 0 0 0 0 0 0 0 0 0 0 0 0 0 0 0 0 0 0 0 0 0 0 0 0 0 0 0 0 0 0 0 0 1 0 0 0 0 1 0 0 0 0 0 0 0 3 0 0 0 5 0 0 0 9 1 0 0 1 0 0 0 0 0 0 0 351 0 0 0 0 0 0 0 0 0 0 6 0 0 0 0 0 0 0 0 0 0 0 0 0 0 0 0 0 1 0 0 0 0 0 0 0 0 0 0 0 0 0 0 0 0 0 0 0
1 76 14 859 42 2531 9 341 14 10 5 2702 2366 25 13534 651 29 21 0 0 6 24998 58040 30240 15989 3669 87364 6098 94355 1016 37242 14474 296 22 196 2729 1813 434 69 755 0 26 3296 260 98 260 3 334 289 19 182 24093 58004 7068 9804 9627 21944 31315 19851 4046 6162 1119 6588 483 582 728 1109 1531 869 325 511 819 0 0 17 631 724 7876 54 492 5356 0 0 0 0 0 0 31 3 6 0 0 179 635 7 92 25 0 741 143 394 0 0 1011 1619 192 0 0 0 0 1552 0 1359 0 0 95 163 99560 99553 99553 99560 99560 99560 99560 0 99560 0 478 7 1836
0 0 0 0 0 0 0 0 0 0 0 0 0 0 0 0 0 3939 92 0 0 65110 27066 32907 41363 77644 3267 39693 4404 123 358 46 69 62 53 48 19 53 57 31 33 30 35 65 26 16 24 0 316 393 3 0 0 0 1164 27 5 0 0 311 380 442 279 439 194 226 0 0 0 0 0 1769 0 291 0 0 0 0 0 1 0 0 14641 0 0 0 0 0 0 0 0 2585 0 0 0 224 0 0 0 0 2389 0 0 0 0 0 0 0 0 0 0 0 2 0 0 0 0 0 0 0 0 0 0 0 0 0 0 0 0 0
0 0 0 2 0 4 0 1 0 0 0 17 20 0 33 3 0 13684 0 3 0 1476 916 34438 25712 16047 5066 53092 596 97772 55807 85332 2 0 2 7 6 4 1 4 0 0 2 2 0 2 0 1 0 0 0 4 349 61 15 51 1 0 0 20 19 8 9 0 3 0 3 12 3 1 2 2 0 2908 0 3 5 9 0 4 5 0 0 0 0 0 31 0 0 0 0 0 139 5 0 1 0 0 1 0 8 0 0 0 0 0 0 0 0 0 0 0 0 0 0 1 0 1 8 7 1 1 1 1 84675 1 0 2 0 5
0 0 0 0 0 0 0 0 0 0 0 0 0 0 0 0 0 0 0 0 0 0 0 0 0 0 0 0 0 0 0 0 0 0 0 0 0 0 0 0 0 0 0 0 0 0 0 0 0 0 0 0 0 0 0 0 0 0 0 0 0 0 0 0 0 0 0 0 0 0 0 0 0 0 0 0 0 0 0 0 0 0 0 0 0 0 0 0 0 0 0 0 0 0 0 0 0 0 0 0 0 0 0 0 0 0 0 0 0 0 0 0 0 0 0 0 0 0 0 0 0 0 0 0 0 0 0 0 0 0
0 0 0 0 0 0 0 0 0 0 0 0 0 0 0 0 0 0 0 0 0 0 0 0 0 0 0 0 0 1 0 0 0 0 0 0 0 0 0 0 0 0 0 0 0 0 0 0 0 0 0 0 0 0 0 0 0 0 0 0 0 9 71 0 0 0 0 0 0 0 0 4 0 0 0 0 0 0 0 1 0 0 0 0 0 0 0 0 0 0 0 0 0 0 0 0 0 0 0 0 0 0 0 0 0 0 0 0 0 0 0 0 4 0 0 0 0 0 0 0 0 0 0 0 0 0 0 0 0 0
0 0 0 0 0 0 0 0 0 0 0 0 0 0 0 0 0 0 0 0 0 0 0 0 0 0 5 0 0 0 0 0 0 0 0 0 0 0 0 0 0 0 0 0 0 0 0 0 0 0 0 0 0 0 0 0 0 0 0 0 0 0 0 0 0 0 0 0 17 0 0 0 0 0 0 0 0 0 0 0 0 0 0 0 0 0 0 0 0 0 0 0 0 0 0 0 0 0 0 0 0 0 0 0 0 0 0 0 0 0 0 0 0 0 0 0 0 0 0 0 0 0 0 0 0 0 0 0 0 0
0 0 0 0 0 0 0 0 0 0 0 0 0 0 0 0 0 0 0 0 0 0 0 0 0 0 0 0 0 0 0 0 0 0 0 0 0 0 0 0 0 0 0 0 0 0 0 0 0 0 0 0 0 0 0 0 0 0 0 0 0 0 0 0 0 0 0 0 0 0 0 0 0 0 0 0 0 0 0 0 0 0 0 0 0 0 0 0 0 0 0 0 0 0 0 0 0 0 0 0 0 0 0 0 0 0 0 0 0 0 0 0 0 0 0 0 0 0 0 0 0 0 0 0 0 0 0 0 0 0
0 0 0 0 0 0 0 0 0 0 0 0 0 0 0 0 0 0 0 0 0 0 0 0 0 0 0 0 0 0 0 0 0 0 0 0 0 0 0 0 0 0 0 0 0 0 0 0 0 0 0 0 0 0 0 0 0 0 0 0 0 0 0 0 0 0 0 0 0 0 0 0 0 0 0 0 0 0 0 0 0 0 0 0 0 0 0 0 0 0 0 0 0 0 0 0 0 0 0 0 0 0 0 0 0 0 0 0 0 0 0 0 0 0 0 0 0 0 0 0 0 0 0 0 0 0 0 0 0 0
0 0 0 0 0 0 0 0 0 0 0 0 0 0 0 0 0 0 0 0 0 0 3 0 1 0 0 0 0 0 0 0 0 0 0 0 0 0 0 0 0 0 0 0 0 0 0 0 0 0 0 0 0 2 0 0 0 0 0 10 62 11 5 158 0 0 3628 0 0 0 0 0 0 22 0 0 0 0 0 1 5 0 0 0 0 0 0 0 0 0 0 0 0 0 0 0 0 0 0 0 0 0 0 0 2 0 0 0 0 0 22 0 0 0 0 0 0 0 0 0 0 0 0 0 0 0 0 0 0 0
0 0 0 0 0 0 0 0 0 0 0 0 0 0 0 0 0 0 0 0 0 0 0 0 0 0 1 0 0 0 0 0 0 0 0 0 0 0 0 0 0 0 0 0 0 0 0 0 0 0 0 0 0 0 0 0 0 0 0 0 0 0 0 0 0 0 0 0 5 0 0 0 0 0 0 0 0 0 0 0 0 0 0 0 0 0 0 0 0 0 0 0 0 0 0 0 0 0 0 0 0 0 0 0 0 0 0 0 0 0 0 0 0 0 0 0 0 0 0 0 0 0 0 0 0 0 0 0 0 0
0 0 0 0 0 0 0 0 0 0 0 0 0 0 0 0 0 0 0 0 0 0 0 0 0 0 18 0 0 0 0 0 0 0 0 0 0 0 0 0 0 0 0 0 0 0 0 0 0 0 0 0 0 0 0 0 0 0 0 0 0 0 0 0 1 1 0 0 64 0 0 0 0 0 0 0 0 0 0 0 0 0 0 0 0 0 0 0 0 0 0 0 0 0 0 0 0 0 0 0 0 0 0 0 0 0 0 0 0 0 0 0 0 0 0 0 0 0 0 0 0 0 0 0 0 0 0 0 0 0
0 0 0 0 0 0 0 0 0 0 0 0 0 0 0 0 0 0 0 0 0 0 0 0 0 0 2 0 0 0 0 0 0 0 0 0 0 0 0 0 0 0 0 0 0 0 0 0 0 0 0 0 0 0 0 0 0 0 0 0 0 0 0 0 0 0 0 0 8 0 0 0 0 0 0 0 0 0 0 0 0 0 0 0 0 0 0 0 0 0 0 0 0 0 0 0 0 0 0 0 0 0 0 0 0 0 0 0 0 0 0 0 0 0 0 0 0 0 0 0 0 0 0 0 0 0 0 0 0 0
0 0 0 0 0 0 0 0 0 0 0 0 0 0 0 0 0 0 0 0 0 0 0 0 0 0 3 0 0 0 0 0 0 0 0 0 0 0 0 0 0 0 0 0 0 0 0 0 0 0 0 0 0 0 0 0 0 0 0 0 0 0 0 0 0 0 0 0 11 0 0 0 0 0 0 0 0 0 0 0 0 0 0 0 0 0 0 0 0 0 0 0 0 0 0 0 0 0 0 0 0 0 0 0 0 0 0 0 0 0 0 0 0 0 0 0 0 0 0 0 0 0 0 0 0 0 0 0 0 0
0 0 0 0 0 0 0 0 0 0 0 0 0 0 0 0 0 0 0 0 0 0 0 0 0 0 8 0 0 0 0 0 0 0 0 0 0 0 0 0 0 0 0 0 0 0 0 0 0 0 0 0 0 0 0 0 0 0 0 0 0 0 0 0 0 0 0 0 27 0 0 0 0 0 0 0 0 0 0 0 0 0 0 0 0 0 0 0 0 0 0 0 0 0 0 0 0 0 0 0 0 0 0 0 0 0 0 0 0 0 0 0 0 0 0 0 0 0 0 0 0 0 0 0 0 0 0 0 0 0
0 0 0 0 0 0 0 0 0 0 0 53 11 7 0 0 0 31 0 0 0 0 0 0 0 0 0 0 0 0 0 0 0 0 0 8 39 0 25 0 0 15 0 0 0 11 897 0 26 0 0 62 0 49 0 11 0 0 0 0 9 2 12 2 0 0 41 0 6 0 5 112 0 0 0 0 0 3 1 6 0 0 0 0 0 0 0 109 0 0 0 0 9 0 0 0 0 227 0 0 0 0 2 0 0 0 0 0 0 0 0 0 2 0 0 0 88 0 0 0 0 0 0 0 0 0 5 5 66 5
0 0 0 0 0 0 0 0 0 0 0 10 1 0 0 0 0 16 0 0 0 0 0 0 0 0 0 0 0 0 0 0 2 0 1 4 10 0 49 0 1673 5 8 0 1 3 3 1 6 0 0 14 0 12 0 5 0 0 0 1 6 1 12 2 1 1 9 0 7 0 3 126 0 0 0 0 1 5 1 2 4 0 0 0 0 0 0 23 0 0 0 0 9 2 0 0 0 0 0 0 0 0 1 0 0 0 0 0 0 0 0 0 0 0 0 12 13 0 0 0 0 0 0 0 0 0 35 3 76 2
0 0 0 0 0 0 0 0 0 0 0 6 2 0 0 0 0 4 0 0 0 0 0 0 0 0 0 0 0 0 0 0 0 0 0 2 3 0 3 0 0 3 0 0 0 1 4 0 4 0 0 2 0 8 0 0 0 0 0 0 6 0 16 1 0 0 4 0 9 0 1 184 0 0 0 0 1 7 0 1 0 0 0 0 0 0 0 13 0 0 0 0 10 0 0 0 0 0 0 0 0 0 0 0 0 0 0 0 0 0 0 0 0 0 0 64 51 0 0 0 0 0 0 0 0 0 0 0 43 0
0 0 0 0 0 0 0 0 0 0 0 0 0 0 0 0 0 2 0 0 0 0 0 0 0 0 0 0 0 0 0 0 0 0 0 0 0 0 0 0 0 0 0 0 0 1 556 0 0 0 0 0 0 1 0 0 0 0 0 0 0 0 2 0 0 0 0 0 1 0 0 33 0 0 0 0 0 0 0 0 0 0 0 0 0 0 0 0 0 0 0 0 0 0 0 0 0 0 0 0 0 0 0 0 0 0 0 0 0 0 0 0 0 0 0 23 8 0 0 0 0 0 0 0 0 0 0 0 0 0
4 24 0 13 0 25 4 1 0 0 18 5 6 0 5 0 5 19 0 0 0 0 0 0 0 0 0 0 0 0 0 0 0 0 0 54 0 0 0 0 0 0 56 0 0 0 0 0 3 0 0 0 0 3 0 0 0 0 0 0 0 0 0 0 0 0 0 0 0 0 1 18 0 0 0 0 0 0 0 0 0 0 0 0 0 0 0 1 0 0 0 0 0 0 0 0 0 0 0 0 0 0 0 0 0 0 0 0 0 0 0 0 0 0 0 0 0 0 0 0 0 0 0 0 0 0 0 0 0 0
0 0 0 0 0 0 0 0 0 0 0 17 0 0 0 0 0 12 0 0 0 0 0 0 0 0 0 0 0 0 0 0 1748 181 1438 2919 864 0 2026 0 444 0 657 0 0 1 0 0 8 0 0 0 0 17 0 0 0 0 0 0 5 1 12 0 0 0 11 0 7 0 2 147 0 0 0 0 0 2 0 4 0 0 0 0 0 0 0 33 0 0 0 0 7 0 0 0 0 406 0 0 0 0 0 0 0 0 0 0 0 0 0 0 0 0 0 140 126 0 0 0 0 0 0 0 0 0 0 138 444 21
0 0 0 0 0 2 0 0 0 0 0 0 0 0 0 0 0 5 0 0 0 0 0 0 0 0 0 0 0 0 0 0 0 0 0 0 13 0 0 0 0 2 0 0 0 0 0 0 1 0 0 0 0 4 0 0 0 0 0 0 6 0 17 0 0 0 6 0 15 5 12 211 0 0 0 0 0 5 0 0 0 0 0 0 0 0 0 0 0 0 0 0 31 0 0 0 0 0 0 0 0 0 0 0 0 0 0 0 0 0 0 0 10 0 0 28 31 0 0 0 0 0 0 0 1 0 0 55 34 71
0 0 0 1 0 0 1 0 0 0 0 0 0 0 0 0 0 143 0 0 0 0 0 0 0 0 0 0 0 0 0 0 37 3 17 59 38 911 75 0 0 722 36 2 12 12 5 3 47 0 27 19 0 28 0 22 0 0 0 0 16 8 33 0 18 10 18 1 12 2 27 191 0 0 0 0 5 11 17 15 0 0 0 10 0 0 0 102 1 20 13 16 31 30 1 0 0 0 0 0 17 0 6 0 0 0 0 0 0 0 0 0 11 0 0 23 16 0 0 0 0 0 0 0 0 0 0 14 32 317
0 16 0 0 0 44 0 0 0 0 0 85 9 0 9 0 0 95 13 0 0 0 0 0 0 0 0 0 0 0 0 0 635 0 458 1742 1861 0 166 3844 0 1462 0 2 2 26 29 45 47 0 0 63 0 88 0 45 0 0 0 0 34 37 70 0 12 9 98 0 269 24 60 4924 0 0 0 0 11 23 5 22 20 0 0 0 0 0 0 187 1 4 0 29 1194 29 159 0 0 1070 0 0 0 0 5 0 0 0 0 0 0 165 0 0 95 0 0 256 163 0 0 0 0 0 0 0 4 0 133 183 213 3
0 0 0 0 0 1 0 0 0 0 0 15 3 0 0 0 0 13 0 0 0 0 0 0 0 0 0 0 0 0 0 0 0 0 0 4 106 0 0 0 0 0 3 0 0 0 0 0 8 0 0 17 0 16 0 0 0 0 0 0 4 1 20 0 0 0 9 0 11 0 2 239 0 0 0 0 0 6 0 3 0 0 0 0 0 0 0 27 0 0 0 0 7 0 0 0 0 9984 0 0 0 0 0 0 0 0 0 0 0 0 0 0 43 0 0 20 31 0 0 0 0 0 0 0 0 0 0 213 95 215
0 0 0 0 0 0 0 0 0 0 0 1 0 0 0 0 0 1 0 0 0 0 0 0 0 0 0 0 0 0 0 0 8 0 15 41 0 0 52 0 19 0 0 0 0 0 0 0 0 0 0 0 0 1 0 0 0 0 0 3 17 889 6 39 0 0 0 0 1 2266 0 28 0 0 0 0 0 0 0 3 0 0 0 0 0 0 0 1 0 0 0 0 1 0 0 0 0 0 0 0 0 0 0 0 0 0 0 0 0 0 0 0 0 0 0 5 2 0 0 0 0 0 0 0 0 0 0 0 0 0
0 0 0 0 0 0 0 0 0 0 0 0 0 0 0 0 0 0 0 0 0 0 0 0 0 0 0 0 0 0 0 0 0 0 0 0 2 2 1 0 0 2 0 0 0 0 0 0 0 0 0 0 0 0 0 0 0 0 0 0 0 1 0 0 0 0 0 0 0 0 0 0 0 0 0 0 0 0 0 0 0 0 0 0 0 0 0 0 0 0 0 0 0 0 0 0 0 0 0 0 0 0 0 0 0 0 0 0 0 0 0 0 0 0 0 0 0 0 0 0 0 0 0 0 0 0 0 0 0 0
3 15 0 438 0 110 2 0 0 50 129 49 60 85 31 0 91 5468 0 0 0 0 0 0 0 0 0 0 0 0 0 0 6 0 5 21 35 25 15 0 0 48 15 956 0 19775 1508 1 21 0 0 37 0 31 0 22 14 0 0 74 17 12 52 21 10 5 26 3 15 3 13 252 0 0 0 0 8 14 161 132 693 0 0 0 0 0 0 51 3 0 0 0 22 167 0 0 0 0 0 0 155 0 271 35 0 0 0 0 0 0 0 0 105 0 0 9 148 0 0 0 0 0 0 0 0 0 18 74 697 120
1 1 0 2 0 3 0 0 1 0 1 9 9 9 2 6 2 813 0 0 0 0 0 0 0 0 0 0 0 0 0 0 0 0 0 0 8 0 3 0 0 0 2 2 0 0 0 0 4 0 6 12 0 10 0 18 13 0 0 0 0 2 0 0 6 3 31 23 17 23 44 10 0 0 0 0 12 71 73 87 0 0 0 77 0 0 0 51 21 81 70 26 85 0 0 0 0 0 0 0 12 0 5 1 0 24 0 0 0 0 0 0 35 0 0 43 91 0 0 0 0 0 0 0 4 0 0 83 220 26
0 0 0 0 0 0 0 0 0 0 0 12 3 0 0 0 0 12 0 0 0 0 0 0 0 0 0 0 0 0 0 0 0 0 0 0 10 3 0 0 0 3 4 1 0 90 0 0 10 0 0 14 0 12 0 0 0 0 0 0 0 1 6 0 4 2 7 0 2 0 0 55 0 0 0 0 3 37 174 68 0 0 0 0 0 0 0 23 0 0 0 0 0 0 0 0 0 0 0 0 4 0 4 0 0 0 0 0 0 0 0 0 10 0 0 7 2 0 0 0 0 0 0 0 0 0 0 7 39 10
10 0 9 839 73 237 28 190 0 0 0 0 0 0 0 0 23 2365 0 0 0 0 0 0 0 0 2 0 0 0 0 0 9 0 6 18 24 32 13 0 0 186 9 27 0 16 53 0 2868 1674 132 0 0 1 11 0 0 0 0 26 83 20 6 11 0 0 27 5 17 209 38 5 0 0 10 0 346 18 42 181 2330 0 0 0 0 0 0 549 1 0 0 0 385 41 22 0 116 0 0 0 16 0 54 0 0 0 0 0 0 0 0 0 134 0 0 9 12 0 0 0 0 0 0 0 0 0 55 104 828 2
0 0 0 0 0 0 0 0 0 0 0 0 0 0 0 0 0 0 0 0 0 0 0 0 0 0 0 0 0 0 0 0 0 0 0 1 0 0 0 0 0 0 0 0 0 0 0 0 0 976 0 2 0 2 89 0 0 0 0 40 12 7 3 0 0 9 2 0 0 0 11 9 0 0 0 0 0 0 0 0 0 0 0 0 0 0 0 0 0 0 0 0 0 0 0 0 0 0 0 0 0 0 0 0 0 0 0 0 0 0 0 0 0 0 0 0 0 0 0 0 0 0 0 0 0 0 0 0 0 0
15 5 0 384 17 663 14 0 27 16 114 40 127 20 36 33 25 211 0 0 0 0 0 0 0 0 0 0 0 0 0 0 81 6 64 189 480 1189 275 101 444 1096 81 5472 156 165 1571 0 0 0 2691 18 0 10 0 664 587 0 0 685 2303 1077 1945 200 0 5 49 0 34 101 79 0 320 0 74 0 269 338 175 66 776 0 0 0 0 0 0 29 89 0 0 0 35 234 490 0 38 29 0 0 161 0 168 0 0 0 0 0 30 0 0 0 291 0 0 173 160 0 0 0 0 0 0 0 2 0 87 121 345 21
0 1 0 8 0 11 1 0 3 1 2 7 5 5 1 98 9 15 0 0 0 0 0 0 0 0 0 0 0 0 0 0 39 0 37 85 17 22 10 0 14 39 6 1013 35 0 16 0 23 0 0 17 0 16 0 82 32 0 0 0 27 15 70 0 0 0 18 0 6 0 27 11 0 0 0 0 31 905 7 68 55 0 0 71 0 54 0 91 11 30 24 0 0 64 0 0 0 0 0 0 10 0 4 27 0 0 0 0 487 0 0 0 1393 0 186 2782 260 0 0 0 0 0 0 0 0 0 1561 634 710 42
1 4 1 3 1 6 1 1 0 0 4 1 1 0 1 0 0 2 0 1 0 174 78 50 354 70 21 19 8 80 562 10 0 0 0 26 22 16 22 0 0 0 20 0 0 0 0 0 0 0 0 0 0 1 0 0 0 0 0 0 0 5 32 30 2687 0 110 192 750 102 154 347 0 0 0 0 0 0 0 0 0 0 1 0 0 0 0 0 0 0 0 0 0 0 0 0 0 0 0 0 0 0 0 0 0 0 0 0 0 0 0 0 0 0 0 0 0 0 0 0 0 0 0 0 0 0 0 0 0 0
1222 2693 2221 2809 3081 390 308 2967 2557 847 2642 1261 9606 2674 790 1901 189 429 0 844 0 7846 12706 1727 6265 2412 1398 1005 256 538 1188 69 111 74 86 6366 507 978 2688 460 671 1051 92 281 350 125 2517 623 7150 3062 163 1024 0 2319 19612 265 126 0 835 1216 2823 1688 2444 1180 238 1141 3166 35912 5375 8914 4192 9248 80 89802 393 179 304 398 183 755 257 1 203 12 23 12 48635 25 3 4 4 17 1848 742 205 0 409 280 4322 16587 5050 10790 7983 0 8291 119 0 0 135 0 91325 83 503 0 65 179 201 106 106 106 106 106 106 106 0 106 1747 144 1119 32
0 0 0 0 0 0 0 0 0 0 0 0 0 0 0 0 0 0 0 0 0 0 0 0 0 0 0 0 0 0 0 0 0 0 0 0 0 0 0 0 0 0 0 0 0 0 0 0 0 0 0 0 0 0 0 0 0 0 0 0 0 0 0 0 0 0 0 0 0 0 0 0 0 0 0 0 0 0 0 0 0 0 0 0 0 0 0 0 0 0 0 0 0 0 0 0 0 0 0 0 0 0 0 0 0 0 0 0 0 0 0 0 0 0 0 0 0 0 0 0 0 0 0 0 0 0 0 0 0 0
0 0 0 0 0 0 0 0 0 0 0 96 50 49 0 0 0 102 0 0 0 0 0 0 0 0 0 0 0 0 0 0 23 2 6 33 85 37 35 7 12 35 20 2 75 31 3271 0 0 7 82 124 0 90 0 47 0 0 3366 0 0 7 13 0 43 28 79 0 3 0 23 0 0 0 0 0 1 37 35 12 45 0 0 0 0 0 0 187 0 0 0 0 2 0 41 0 0 0 2 0 3 0 0 0 0 0 0 0 0 0 0 0 0 0 0 0 10 0 0 0 0 0 0 0 0 0 0 16 22 0
383 869 326 206 761 26 731 4 7 4 12 4 5 5 4 0 0 2 0 0 0 0 0 0 0 0 0 0 0 0 0 0 0 0 1 9 4 0 7 0 0 38 14 0 0 0 148 18 81 0 0 0 0 1 0 0 0 0 0 0 0 0 0 0 0 0 0 0 0 0 0 1 0 0 0 0 0 0 0 1 56 0 0 0 0 0 0 1 0 0 0 0 0 0 0 0 0 0 0 0 227 0 0 0 0 0 0 0 0 0 0 0 0 0 0 0 6 0 0 0 0 0 0 0 0 0 0 0 0 0
1408 10160 3702 0 2763 1438 8595 127 106 62 187 62 75 69 61 0 0 21 0 0 0 0 0 0 0 0 0 0 0 0 0 0 33 2 28 56 39 40 58 6 7 269 91 2 0 0 853 209 474 0 0 16 0 13 46 8600 0 0 0 0 2 1 5 0 2 1 11 0 3 0 4 54 0 0 0 0 0 0 0 21 494 0 0 0 0 0 0 25 0 0 0 0 8 0 0 0 0 0 0 0 1641 0 0 0 0 0 0 0 0 0 0 0 6 0 0 5 40 0 0 0 0 0 0 0 0 0 0 0 1 0
344 1454 0 1149 615 0 417 284 0 157 1066 343 457 0 496 380 492 2015 0 1914 0 9 45 3 10 4 18 2 0 11 10 0 323 55 232 3189 5569 1232 1059 5492 1062 1282 4971 644 71 429 1338 1065 552 831 785 4226 1 9411 285 501 341 0 13 81 1214 76 2860 335 68 256 61 46 1613 52 107 30460 0 352 30 0 1031 1336 189 59 535 1990 0 10 0 0 0 432 33 67 9 0 1988 352 50 0 0 0 0 0 175 223 324 0 0 0 0 5 0 0 358 74 936 133 16 257 133 0 0 0 0 0 0 0 0 0 219 128 512 425
27 80 0 743 0 165 227 0 36 28 176 65 86 30 52 0 54 4898 0 192 0 0 0 0 0 0 2 0 0 3 1 0 660 69 537 1106 1029 1757 433 13 1503 3542 834 650 336 263 664 492 222 152 1602 129 0 127 0 1642 1563 0 0 3134 587 673 2679 1157 44 364 582 400 342 447 1250 267 518 0 1345 91 2088 1591 4498 1164 1910 0 0 0 0 0 0 45 512 21 0 1271 2097 1236 0 0 0 0 206 0 6223 642 2588 2597 0 0 0 0 0 0 0 67 271 0 0 42 236 0 0 0 0 0 0 0 0 0 32 74 910 79
25 169 0 4420 0 583 1381 1154 0 0 1 1 1 0 0 0 2 1 0 0 0 1 2 1 2 1 0 0 0 3 2 0 6 0 10 23 366 245 4 0 51 1493 0 1 0 2 17 0 0 0 9 0 0 3 22 91 87 0 0 0 16 18 0 0 6 5 2021 0 0 0 0 174 0 79 0 0 0 121 75 141 403 0 0 0 0 0 0 0 189 0 0 0 495 105 0 0 0 0 0 0 0 0 0 0 0 0 0 0 0 0 78 0 133 0 0 10 28 0 0 0 0 0 0 0 0 0 0 3 27 36
0 0 0 0 0 1 0 1 0 0 0 3 1 0 0 0 0 2 0 0 0 2 5 1 3 1 0 1 0 1 2 0 0 0 0 1 2 0 0 0 0 0 0 1 0 3 1 0 0 0 0 0 0 6 19 2 0 0 0 0 0 0 0 0 0 0 0 0 0 0 0 0 0 123 0 0 46 4 0 4 34 0 0 0 0 0 0 0 115 0 0 0 3208 0 0 0 0 0 0 0 0 0 0 0 0 0 0 0 0 0 125 0 0 0 0 2 44 0 0 0 0 0 0 0 0 0 0 0 70 4
0 0 0 0 0 0 0 0 0 0 0 0 0 0 0 0 0 0 0 0 0 0 0 0 0 0 0 0 0 0 0 0 0 0 0 0 0 0 0 0 0 0 0 0 0 0 0 0 0 0 0 0 0 0 0 0 0 0 0 0 35 0 0 0 0 0 0 0 0 0 976 0 0 3 0 0 0 2 0 0 0 0 0 0 0 0 0 0 128 0 0 82 67 0 0 0 0 0 0 0 0 0 0 0 0 0 0 0 0 0 3 0 0 0 0 0 0 0 0 0 0 0 0 0 0 0 0 0 0 0
2 1 0 0 0 4 0 3 0 0 1 4 4 2 0 1 0 43 0 0 0 0 0 0 0 0 0 0 0 1 0 0 0 0 0 0 0 0 0 0 0 0 0 1 0 2 0 0 0 0 0 0 0 4 0 1 0 0 0 24 64 13302 0 4643 0 0 0 0 0 0 0 0 0 0 0 0 0 0 0 3 0 0 0 0 0 0 0 0 1093 0 0 0 2569 43 0 0 0 0 0 0 0 0 107 0 0 0 0 0 0 0 0 0 18 0 0 0 0 0 0 0 0 0 0 0 0 0 0 0 0 0
804 428 957 886 0 789 95 402 0 0 0 4 3 2 0 0 1 9 0 0 0 6 44 3 8 4 0 1 0 3 8 0 0 0 0 47 145 0 0 250 24 1 0 3 0 12 294 0 30 0 3 0 0 13 87 237 226 0 0 1254 3068 7504 0 0 0 0 0 95 0 1 0 0 0 346 0 0 13 71 149 50 56 0 0 0 0 0 0 211 251 159 103 0 4257 0 0 0 0 0 0 0 0 0 0 0 0 0 0 0 0 0 351 0 0 0 0 18 1 0 0 0 0 0 0 0 0 0 0 14 185 7
5 65 0 172 30 114 38 36 63 61 41 15 14 44 1 0 1 14 0 0 0 0 0 0 0 0 0 0 0 1 0 0 11 0 9 20 129 14 10 0 0 193 587 1 0 0 0 103 3 3 23 0 0 1322 0 3 0 0 0 0 242 61 967 100 0 24852 1799 1692 1631 1714 2905 1029 5275 0 228 1782 778 3432 4574 2738 1908 0 0 0 0 0 0 8 0 0 0 0 1842 112 31 0 0 0 0 0 0 0 0 0 0 0 0 0 0 0 0 0 0 0 0 0 1 0 0 0 0 0 0 0 0 0 0 3 26 0
1 17 12 45 8 30 10 9 15 16 11 6 4 11 0 0 0 0 0 0 0 0 0 0 0 0 0 0 0 0 0 0 2 0 2 6 35 4 3 0 0 51 154 0 0 0 0 27 0 0 3 77 0 348 0 1 0 0 0 0 64 16 253 49 0 0 368 140 415 499 0 102 602 0 57 0 203 897 1176 715 499 0 0 0 0 0 0 0 0 0 0 0 386 24 8 0 0 0 0 0 0 0 0 0 0 0 0 0 0 0 0 0 0 0 0 0 0 0 0 0 0 0 0 0 0 0 0 1 5 0
0 0 0 0 0 1 0 0 0 0 0 0 0 0 0 0 0 10 0 0 0 0 0 0 0 0 0 0 0 0 0 0 0 0 0 3 0 0 0 0 0 0 0 0 0 0 0 0 0 0 0 0 0 0 0 0 0 0 0 0 57 860 3 107 0 0 0 0 0 2291 4650 227 0 0 0 0 0 80 0 0 129 0 0 0 0 0 0 0 0 0 0 0 0 0 0 0 0 0 0 0 0 0 0 0 0 0 0 0 0 0 0 0 0 0 0 0 0 0 0 0 0 0 0 0 0 0 0 0 0 0
0 14 0 28 6 23 5 0 9 11 8 3 1 7 0 0 0 8 0 1 0 0 0 0 0 0 0 0 0 0 0 0 23 2 18 37 15 6 8 0 69 21 7 0 0 0 17 0 4 244 343 0 0 1 3 1 0 0 0 47 31 68 2 0 0 0 58 0 46 0 0 122 958 0 4 0 472 365 46 333 247 0 0 0 0 0 0 0 4 0 0 0 0 16 0 0 0 0 0 0 1 0 0 0 0 0 0 0 0 0 0 0 0 0 0 0 5 0 0 0 0 0 0 0 0 0 0 0 3 0
0 0 0 0 0 1 0 0 0 0 0 0 0 0 0 0 0 3 0 0 0 0 0 0 3 0 548 0 0 0 0 0 0 0 0 0 0 0 0 0 0 0 0 0 0 0 0 0 4 0 0 0 0 1 0 1 0 0 0 3 68 6 6 179 0 0 1 0 0 0 0 19 0 0 0 0 4 1 0 0 6 0 0 0 0 0 0 0 1 0 0 0 0 0 0 0 0 0 0 0 0 0 0 0 0 0 0 0 0 0 0 0 2 0 0 0 0 0 0 0 0 0 0 0 0 0 0 0 0 0
0 4 0 2 1 7 0 0 2 3 2 2 0 1 0 0 0 0 0 0 0 0 0 0 0 0 0 0 0 0 0 0 2 0 1 3 2 2 0 0 0 3 0 0 0 0 6 0 2 0 7 0 0 1 1 0 0 0 0 0 0 2 0 0 0 0 0 0 9 0 0 0 0 0 0 0 172 90 0 39 1 0 0 0 0 0 0 0 4 0 0 0 0 59 1 0 0 0 0 0 0 0 0 0 0 0 0 0 0 0 0 0 0 0 0 0 1 0 0 0 0 0 0 0 0 0 0 0 1 0
0 1 0 0 0 3 0 0 0 1 0 0 0 0 0 0 0 0 0 0 0 0 0 0 0 0 0 0 0 0 0 0 0 0 0 0 0 0 0 0 0 0 0 0 0 0 1 0 0 0 0 0 0 0 0 0 0 0 0 0 32 0 0 21 0 109 0 189 479 206 0 0 0 0 0 0 50 26 0 59 84 0 0 57 0 0 0 0 6 0 0 0 0 0 0 0 0 0 0 0 0 0 0 0 0 0 0 0 0 0 0 0 0 0 0 0 0 0 0 0 0 0 0 0 0 0 0 0 0 0
0 12 0 0 0 21 0 0 10 11 5 2 1 6 0 0 0 14 0 0 0 0 0 0 0 0 0 0 0 0 0 0 0 0 0 0 0 0 0 0 0 0 0 0 0 0 0 0 0 12 0 0 0 0 24 0 0 0 0 0 36 73 10 81 0 0 0 0 0 23 21 0 0 0 2453 0 162 49 60 59 24 0 0 0 0 0 0 0 0 0 0 0 0 14 4 0 0 0 0 0 0 0 0 0 0 0 0 0 0 0 0 0 0 0 0 0 1 0 0 0 0 0 0 0 0 0 0 0 1 0
21 48 0 738 43 126 291 244 75 48 392 112 118 65 98 163 54 340 90 306 1 10 10 7 6 6 12 5 13 6 7 4 718 76 580 1975 488 321 445 383 526 2963 1619 1015 6 13 315 626 268 0 19 239 0 238 474 807 791 86 0 41 288 52 132 163 0 0 533 0 396 28 427 99 0 0 1001 1037 2296 1017 1231 1969 1273 0 896 1044 524 2319 54 419 159 7622 558 22805 2964 188 55 0 0 276 0 0 173 0 11 0 0 0 0 0 0 0 0 0 405 54 0 0 63 14 14 14 14 14 14 14 2 14 0 51 505 5
0 0 0 0 0 0 0 0 0 0 0 1 0 0 0 0 0 0 0 0 0 0 0 0 0 0 0 0 0 0 0 0 0 0 0 0 1 0 0 0 0 0 0 0 0 0 0 0 0 0 0 1 0 1 0 0 0 0 0 0 0 0 0 0 0 0 1 0 0 0 0 0 0 0 0 0 0 0 0 0 0 0 0 0 0 0 0 2 0 0 0 0 0 0 0 0 0 0 0 0 0 0 0 0 0 0 0 0 0 0 0 0 0 0 0 0 0 0 0 0 0 0 0 0 0 0 0 0 0 0
0 0 0 1 0 2 0 0 1 1 0 4 34 34 0 1 1 77 0 14 0 0 0 0 0 0 0 0 0 0 0 0 15 1 3 21 13 5 8 1 7 9 2 0 3 5 6 0 3 0 1912 7 0 15 0 13 11 0 0 2 11 4 34 7 0 0 7 0 18 2 14 0 0 0 0 0 0 13 1 7 16 0 0 0 0 0 0 7 0 0 0 0 7 33 31 0 0 0 0 0 1 0 0 0 0 0 0 0 0 0 0 0 0 0 19 16 154 0 0 0 0 0 0 0 0 0 0 0 0 0
7 7 0 172 13 41 11 39 24 18 243 39 51 31 39 627 36 189 0 1476 0 1 0 0 0 0 0 0 0 1 0 0 72 9 50 92 58 654 48 47 58 733 19 221 54 5 372 81 1542 2189 248 136 0 94 281 159 156 774 0 3265 276 239 5156 226 0 2660 4359 2422 2223 2687 8310 1327 0 0 3533 0 10257 1341 1049 2212 472 0 0 167 117 246 3 155 1340 109 107 16364 0 847 9 82 0 0 1483 0 651 252 1060 793 0 0 0 0 0 0 0 1908 0 0 136 1 789 0 0 0 0 0 0 0 0 0 17 361 907 110
0 0 0 0 0 0 0 0 0 0 0 10 7 7 0 0 0 106 0 0 0 0 0 0 0 0 0 0 0 0 0 0 2 0 0 4 9 2 1 0 0 1 2 1 0 0 0 0 4 0 0 12 0 10 0 5 3 0 0 28 0 3 2 0 0 0 7 0 0 0 0 0 0 0 19491 0 0 0 36 123 18 0 0 0 0 0 0 19 0 0 0 0 0 0 0 0 0 0 0 0 3 0 0 0 0 0 0 0 0 0 0 0 0 0 0 0 0 0 0 0 0 0 0 0 0 0 0 7 31 2
0 0 0 0 0 0 0 0 0 0 0 9 3 3 0 0 0 7 0 12 0 0 0 0 0 0 0 0 0 0 0 0 0 0 0 1 7 0 0 0 0 0 1 2 0 0 0 0 4 0 0 10 0 8 0 121 115 0 0 0 0 0 1 0 0 0 0 0 0 0 0 0 0 0 0 0 121 0 18 0 1 0 0 0 0 0 0 18 0 0 0 0 16 28 12 29 0 0 0 0 0 0 0 0 0 0 0 0 0 0 0 0 0 0 0 1 410 0 0 0 0 0 0 0 0 0 34 156 290 14
105 56 16 10 23 264 25 208 11 5 46 103 116 11 20 58 6 2540 0 0 0 0 0 0 0 0 0 0 0 1 1 0 0 0 10 6 3 5 6 0 0 16 2 2 0 0 0 0 73 0 0 61 0 85 0 11 8 0 0 0 12 65 293 0 0 0 29 0 11 16 55 0 0 0 0 0 0 0 0 268 0 0 0 0 0 0 0 4 2 0 0 0 0 4385 0 0 0 0 0 0 32 2832 8170 302 0 0 0 0 0 0 0 0 16 0 4 31 21 0 0 0 0 0 0 0 2 0 0 8 90 35
10 6 0 35 5 12 7 13 4 3 1 4 2 4 0 0 107 3941 0 0 0 0 0 0 0 0 0 0 0 0 0 0 0 0 0 1 4 0 0 0 0 0 0 15 0 0 0 0 2 0 0 27 0 4 0 0 0 0 0 0 0 4 0 0 0 0 2 0 0 0 0 0 0 0 0 0 0 24 0 0 0 0 0 0 0 0 0 5 0 0 0 0 0 159 0 0 0 0 101 0 0 1042 3559 1195 0 0 0 0 0 0 0 0 6 0 0 0 0 0 0 0 0 0 0 0 0 0 0 0 0 0
1 0 1 12 0 3 3 2 72 46 138 87 62 67 34 0 175 98 0 0 0 0 0 0 0 0 0 0 0 1 1 0 11 0 16 50 52 77 18 7 0 149 15 9 0 1103 246 0 24 0 0 75 0 52 0 0 0 0 0 0 0 8 15 0 0 0 0 0 0 0 0 0 0 0 0 0 0 0 17 12 0 0 0 0 0 0 0 116 2 0 0 0 302 7 0 0 0 0 91 0 268 1692 4422 308 0 67 0 34 339 0 0 0 2464 0 0 729 279 0 0 0 0 0 0 0 0 0 503 475 500 31
48 59 16 70 29 124 50 22 28 18 73 5 25 57 20 4 23 0 11 11 0 2 0 0 2 0 0 0 0 4 2 0 3 0 3 10 11 9 42 9 6 20 2 21 19 17 16 42 69 28 9 0 0 0 31 4 5 0 22 35 45 35 53 95 38 122 30 109 25 32 63 9 17 0 499 2 2 3 9 11 7 0 0 0 0 0 0 0 0 0 0 0 1 15 5 0 0 10 5 3 5 0 1 2 6 11 5 1 4 5 0 6 20 4 0 13 17 0 0 0 0 0 0 0 0 0 20 16 60 6
206 255 68 300 123 534 214 93 121 76 317 23 106 247 85 16 14 2 48 0 0 0 0 0 0 0 0 0 0 1 0 0 15 2 15 46 47 39 184 41 26 88 8 92 85 73 71 187 305 122 40 0 0 0 134 19 22 183 90 152 194 152 231 397 161 521 129 468 108 138 290 38 0 0 2282 10 11 14 39 45 32 0 0 0 0 0 0 0 0 5490 5480 0 4 64 20 16 36 41 26 1 22 3 5 8 34 46 12 5 16 20 0 24 80 0 0 37 73 0 0 0 0 0 0 0 0 0 86 162 597 55
51 63 17 74 30 131 52 23 30 19 78 6 26 61 21 4 24 1 8 13 0 0 0 0 0 0 0 0 0 1 0 0 4 1 4 12 13 11 50 0 6 24 2 25 22 0 18 50 83 33 0 0 0 0 32 5 5 0 6 38 49 39 59 106 37 122 30 109 19 32 0 8 0 0 7 0 3 4 10 10 9 0 0 0 0 0 0 0 0 789 3323 0 0 0 4 0 0 0 6 0 2 1 1 0 0 0 0 0 0 0 0 0 9 0 0 0 19 0 0 0 0 0 0 0 0 0 23 0 39 10
1446 1791 474 2105 865 3744 1500 655 851 536 2221 163 742 1731 597 122 7 15 336 369 0 0 0 0 0 0 0 0 0 1 0 0 114 13 113 355 363 302 1421 277 195 681 63 713 633 375 544 1451 2422 980 232 0 0 0 912 132 148 957 648 1105 1420 1112 1687 2541 1070 3477 863 3121 718 918 1910 248 0 0 189 0 82 106 281 304 243 0 0 0 0 0 0 0 0 17670 17638 0 19 460 144 0 173 169 182 0 157 67 43 29 76 92 179 0 0 0 0 0 652 133 404 403 555 0 0 0 0 0 0 0 0 0 670 358 1319 335
209 259 69 305 125 542 217 95 123 78 322 24 108 251 87 18 1 2 41 54 0 0 0 0 0 0 0 0 0 0 0 0 17 2 17 52 54 45 209 25 28 101 9 105 94 82 78 214 358 144 0 0 0 0 135 19 22 137 69 161 206 162 246 443 153 499 124 448 103 132 246 35 0 0 2277 0 12 16 41 43 37 0 0 0 0 0 0 0 0 2863 2858 0 0 45 20 7 27 45 26 0 23 8 6 8 0 53 0 0 0 0 0 0 90 0 0 0 81 0 0 0 0 0 0 0 0 0 99 5 52 1
38 48 13 56 23 100 40 17 23 14 59 4 20 46 16 3 3 0 6 8 0 0 0 0 0 0 0 0 0 0 0 0 3 0 3 8 8 7 32 7 5 15 1 16 15 11 13 32 52 21 5 0 0 0 25 4 4 29 16 28 35 28 42 24 31 100 25 90 21 26 55 7 0 0 4 0 2 2 7 9 5 0 0 0 0 0 0 0 0 982 2868 0 1 11 4 3 6 0 5 0 4 1 1 1 0 0 0 0 0 0 0 0 14 0 0 8 13 0 0 0 0 0 0 0 0 0 15 30 118 31
9 3 3 13 5 23 9 4 5 3 14 1 5 11 4 1 2 0 0 2 0 0 0 0 0 0 0 0 0 0 0 0 0 0 0 2 0 0 6 0 0 0 0 4 0 0 0 0 10 0 0 0 0 0 0 0 0 0 0 4 2 6 5 0 0 13 4 17 4 4 0 0 0 0 0 0 0 0 0 0 0 0 0 0 0 0 0 0 0 129 585 0 0 0 0 0 0 0 0 0 0 0 0 0 0 0 0 0 0 0 0 0 2 0 0 0 2 0 0 0 0 0 0 0 0 0 2 0 0 12
0 0 0 0 0 0 0 0 0 0 0 0 0 0 0 0 0 0 0 0 48473 0 0 0 0 0 0 0 0 0 0 0 0 0 0 0 0 0 0 0 0 0 0 0 0 0 0 0 0 0 0 0 0 0 0 0 0 0 0 0 0 0 0 0 0 0 0 0 0 0 0 0 0 0 0 0 0 0 0 0 0 0 0 0 0 0 0 0 0 0 0 0 0 0 0 0 0 0 0 0 0 0 0 0 0 0 0 0 0 0 0 0 0 0 0 0 0 0 0 0 0 0 0 0 0 0 0 0 0 0
55 68 18 80 33 142 57 25 32 20 84 6 28 66 23 5 12 0 0 15 0 0 0 0 0 0 0 0 0 1 0 0 4 0 4 14 15 12 56 0 0 27 2 29 24 0 15 58 98 33 0 0 0 0 35 5 6 0 0 40 51 43 66 0 71 45 32 115 27 34 58 9 0 0 1482 0 3 4 10 11 10 0 0 0 0 0 0 0 0 0 0 0 0 9 5 0 0 0 7 0 6 2 2 0 0 0 0 0 0 0 0 0 25 0 0 6 23 0 0 0 0 0 0 0 0 0 28 0 14 21
81 101 27 118 49 210 84 37 57 30 125 9 42 97 34 7 42 1 7 22 0 1 0 0 1 0 0 0 0 2 1 0 7 1 7 21 22 18 84 0 12 40 4 42 36 0 31 86 145 55 0 0 0 0 52 7 8 0 25 64 81 64 97 0 105 66 47 170 39 50 92 13 0 0 12 0 5 6 15 16 15 0 0 0 0 0 0 0 0 6323 0 0 0 97 33 32 66 0 41 0 36 16 10 0 0 0 0 0 0 0 0 0 151 0 0 85 130 0 0 0 0 0 0 0 173 0 159 27 111 167
0 0 0 0 0 0 0 0 0 0 0 0 0 0 0 0 675 0 9 0 4 0 0 0 0 0 0 0 0 2 0 0 3 0 2 11 12 9 44 0 0 20 2 23 33 0 10 103 126 41 15 5 0 0 162 23 26 102 0 164 207 0 262 472 622 66 22 78 18 23 49 12 0 0 0 0 6 7 15 20 16 4 22 2811 2072 2722 61 1771 82261 273 273 0 2 0 0 0 0 0 1 0 0 0 0 0 0 0 0 0 0 0 0 0 5 0 0 0 5 0 0 0 0 0 0 0 0 0 6 0 0 1
84 108 39 144 78 275 77 0 38 19 39 29 29 20 147 395 148 0 0 546 0 5 0 0 0 0 0 0 0 2 1 0 0 0 0 2 2 0 0 0 0 0 0 1 0 0 1 0 30 0 139 32 0 34 0 2 0 0 0 0 0 0 0 0 0 0 1934 1936 1385 1861 3446 766 0 0 0 141 47 0 27 163 0 0 0 5 0 8 0 4 0 4 3 0 0 337 0 0 0 0 2 0 888 12 74 0 769 1682 0 3 336 1063 0 653 955 0 1017 382 691 0 0 0 0 0 0 0 316 0 1325 714 1420 203
4 16 3 15 5 936 4 4 8 4 14 12 11 8 6 652 80 27 0 19 0 4 24 2 7 2 48 1 0 5 9 0 8 0 11 27 19 17 380 0 0 4 4 42 0 17 6 0 16 0 0 21 0 12 25 31 23 0 0 0 12 16 0 12 0 0 19 0 12 0 13 0 0 184 0 0 28 0 0 0 0 0 0 4 0 0 0 25 9 0 0 12 0 0 168 0 0 0 0 9986 42 0 59 0 35 0 0 0 78 0 186 0 19 0 108 175 440 0 0 0 0 0 0 0 127 0 3 332 1821 1
1 338 0 1 0 7 0 12 376 1 526 3 2 1 2 53 18 3 0 1 0 22 198 13 24 15 3 6 1 6 9 1 0 0 1 2 6 2 7 0 0 1 0 3 18 9 0 0 2 0 2 2 0 41 0 298 63 0 279 194 1561 124 1094 490 0 0 0 373 0 0 106 0 0 1572 0 0 1 0 44 331 0 0 0 0 0 0 0 2 1 0 0 0 29 0 0 0 0 0 0 0 816 0 3 0 0 0 0 0 0 0 1599 0 0 0 0 0 4 0 0 0 0 0 0 0 0 0 827 0 0 0
5 0 0 5 0 27 3 5 16 6 0 626 16987 16773 299 329 354 37029 0 0 0 29 201 15 38 17 49 7 1 17 34 1 7192 634 1490 10363 5801 976 2156 1881 3501 2453 727 284 3843 2645 85 93 307 2763 7523 1459 1515 4413 403 5291 5060 818 2160 1202 2098 1860 3215 1634 8031 3553 2673 1370 727 873 7274 1332 1475 1570 20 0 25 0 1059 3369 7097 44 0 4 6536 0 0 1140 11 17 0 69 3804 9432 298 0 2641 705 586 1828 56 2282 2501 6128 1542 3164 0 357 1041 0 1596 9449 1868 1643 501 544 1184 0 0 0 0 0 0 0 0 0 1701 3768 3588 40
25 63 19 116 28 174 23 50 84 82 32 27887 323 343 51 647 417 3883 0 24 0 30 199 17 38 17 56 7 11 16 36 3 675 169 499 980 20352 10089 8581 547 701 8221 5973 410 2329 6982 152 0 13730 0 3085 35484 0 23143 773 7559 4273 1831 2875 4086 2803 933 1297 1562 268 324 21943 228 183 188 634 285 1022 1503 87 29 284 239 906 2489 7618 92 0 0 0 0 0 56219 907 11 0 136 819 565 126 0 0 3349 764 1577 1018 822 1250 3703 340 196 0 0 621 0 1528 661 1724 0 643 1212 1554 11 11 11 11 11 11 11 0 11 1554 1450 2880 30
28 132 41 105 0 278 38 0 137 142 40 22 0 70 23 485 0 556 171 976 0 1 0 0 0 0 0 0 0 3 1 0 0 70 227 1623 20792 0 16 216 0 0 85 1176 85 149 171 62 732 0 426 116 0 17859 913 138 224 550 53 253 463 472 1060 864 212 538 1496 938 566 829 3000 859 0 0 324 616 391 379 407 948 492 0 0 170 0 0 8 599 2085 299 234 295 1 513 211 0 0 0 0 0 98 117 761 5714 1429 0 0 444 1045 0 0 1492 10482 0 1332 925 2746 0 0 0 0 0 0 0 1 0 2946 3442 4355 11
14 47 13 356 28 77 108 92 6 4 14 4 5 5 3 63 9 25 0 189 0 0 0 0 0 0 0 0 0 1 0 0 117 12 95 232 13 13 75 145 98 40 4 6 132 96 4 9 118 105 20 531 0 63 0 242 235 460 0 5 126 362 124 432 2887 1827 239 217 177 217 356 89 247 0 174 0 254 46 648 0 0 0 0 0 0 0 0 2 0 0 0 0 0 30 6 0 0 249 0 0 78 119 87 0 0 4 0 1 84 0 0 0 205 0 0 0 50 0 0 0 0 0 0 0 0 0 112 42 162 4
2140 2918 1686 5656 1 8030 1338 1608 819 680 2468 329 744 333 350 726 229 10 0 204 3 0 0 0 0 0 0 0 0 17 3 0 2283 446 3454 7329 3192 4064 6388 3752 4200 3726 737 4256 4859 1693 2900 519 5733 2447 1885 1170 0 153 4160 3573 1525 812 1348 1151 1840 2110 8049 2233 3790 2389 531 848 1407 1000 592 231 2264 0 2271 1839 6550 2126 912 2043 2579 0 0 1442 2176 2991 86 3119 1714 1283 1259 4604 2479 0 174 0 0 1647 346 0 1172 0 681 2516 0 65 0 0 0 0 0 224 690 0 243 303 655 0 0 0 0 0 0 0 0 0 558 680 1746 67
0 1 0 2 0 1 0 0 1 1 1 0 0 1 0 2 0 4 0 0 0 0 0 0 0 0 324 0 0 0 0 0 1 0 2 6 4 12 6 0 0 0 3 1 0 0 0 0 10 0 0 25 0 3 0 0 0 0 0 0 3 0 0 1 19 12 3 0 1123 0 2 1 0 0 0 0 0 0 0 1 0 0 0 0 0 0 0 0 3 0 0 27 0 0 0 0 0 0 0 0 0 0 0 0 0 0 0 0 0 0 0 0 0 0 0 0 0 0 0 0 0 0 0 0 0 0 0 0 0 0
62 173 73 181 80 952 34 54 26 22 80 10 24 11 10 151 108 8 218 2672 1 0 0 0 0 0 0 0 0 0 0 0 131 13 109 236 602 60 7526 242 290 137 22 242 65 39 155 283 6317 1743 122 693 0 1 996 1036 994 0 0 99 148 197 813 365 1574 992 1073 274 257 1880 365 56 133 0 89 0 415 152 0 0 0 271 0 0 0 0 0 1 0 0 0 0 0 57 10 0 0 0 0 46 1349 0 16 0 0 0 0 0 0 0 0 49 118 0 0 0 31 0 0 0 0 0 0 0 0 0 41 18 150 6
1 4 1 4 1 8 1 1 1 1 2 35 1 0 0 5 5 4 183 170 0 0 0 0 0 0 0 0 0 0 0 0 0 0 1 3 27 14 237 0 0 12 8 2 0 0 0 0 84 0 0 45 0 28 30 37 30 0 0 2 1 6 0 17 14 9 28 1 0 2 2 0 0 0 2973 0 10 2 0 0 0 0 0 0 0 0 0 70 0 0 0 0 0 0 0 0 0 0 0 0 33 0 0 0 0 0 0 0 0 0 0 3 10 0 0 0 3 0 0 0 0 0 0 0 0 0 0 0 5 1
2 13 2 152 14 44 5 33 1 1 2 2 2 2 1 49 22 8 0 681 0 0 0 0 0 0 0 0 0 1 0 0 63 4 58 135 51 33 38 21 4 125 108 1462 0 0 202 16 112 98 0 39 4 26 334 124 115 245 0 185 113 278 100 169 115 77 32 19 14 20 59 14 38 0 219 0 466 172 0 0 0 0 0 29 0 0 0 33 10 11 1 1595 37 184 40 0 0 0 80 0 94 57 242 0 0 0 0 0 0 0 0 0 456 168 0 560 88 0 0 0 0 0 0 0 0 0 428 228 278 9
169 577 218 1879 247 777 99 424 22 14 380 61 109 16 65 81 96 111 0 849 18 0 1 0 0 0 0 0 0 4 1 0 591 63 479 1075 917 779 918 760 1079 962 501 2609 1117 551 861 326 805 652 332 895 0 614 254 600 575 682 288 230 762 432 772 572 1729 1101 328 213 166 231 599 131 425 0 687 14 1795 418 731 784 294 0 0 14 0 207 10 552 33 117 69 319 0 0 1250 0 0 0 1355 653 227 3694 4714 4929 0 0 0 0 186 0 0 0 724 0 101 224 132 0 0 0 0 0 0 0 0 0 446 566 429 153
1 3 0 5 0 4 0 0 3 2 2 8 5 6 1 116 53 19 0 307 0 0 0 0 0 0 0 0 0 1 0 0 119 12 95 215 595 601 416 103 137 1167 272 229 1444 0 1342 50 756 494 816 70 0 50 10 464 447 297 239 384 215 181 1736 183 100 63 405 227 166 235 807 136 451 0 779 1164 1397 1426 910 227 0 0 0 388 0 0 3 404 117 135 65 1458 0 916 647 0 0 107 0 0 1535 70 100 34 276 0 389 179 1822 0 0 1386 1258 0 1005 699 579 0 0 0 0 0 0 0 0 0 1605 0 1681 28
1204 1996 1268 3331 1499 0 5373 1662 0 1472 2176 3147 1428 1627 3354 803 244 371 300 1645 24 1 0 0 1 0 0 0 0 7 1 0 854 90 696 1561 1130 1159 641 1219 938 1642 181 3571 2045 1032 1674 1174 2801 1222 850 793 538 117 3910 1370 1315 444 1060 1146 2163 1143 1993 1122 324 2045 615 1379 420 1117 427 109 1440 0 1163 993 3826 904 1131 1071 355 0 0 2048 0 3656 54 2028 133 1568 1530 459 670 2621 1117 751 700 24 5488 72 1860 922 1308 2641 824 0 0 586 0 420 0 42 1960 0 841 1022 703 0 0 0 0 0 0 0 136 0 2511 1194 4606 22
290 866 346 589 615 4238 46 158 689 177 112 280 55 499 300 174 67 145 331 289 7 0 0 0 0 0 0 0 0 1 0 0 95 10 78 177 140 42 16 49 101 152 24 86 274 150 352 130 485 171 26 13 19 2 292 188 180 0 134 105 347 56 103 283 137 86 9 36 34 44 12 6 166 0 164 190 509 106 117 123 0 0 0 359 197 288 1 51 378 133 124 64 0 270 1097 0 8 0 0 851 860 435 991 717 191 0 0 0 0 0 0 0 221 0 0 133 0 0 0 0 0 0 0 0 0 0 204 123 417 0
39 53 30 417 54 243 11 154 35 18 125 31 44 21 33 123 16 208 76 83 1071 0 0 0 0 0 0 0 0 1 0 0 192 20 132 242 177 199 77 107 144 160 23 946 121 62 298 48 105 0 0 48 0 3 173 71 66 167 37 95 188 152 173 122 717 452 161 110 130 149 228 47 91 0 11957 111 348 34 74 399 0 0 0 175 25 187 0 109 70 83 57 87 0 0 62 0 0 0 0 92 119 166 126 108 0 0 3247 2502 0 0 0 0 160 0 0 0 0 0 0 0 0 0 0 0 0 0 13 0 259 3
0 0 0 9 1 10 0 0 3 1 4 187 151 150 1 138 65 350 44 125 0 0 0 0 0 0 0 0 0 1 0 0 98 10 40 148 356 256 247 59 0 682 64 277 362 833 237 111 167 207 718 289 10 219 148 222 194 243 246 289 299 173 165 178 291 171 236 51 32 45 216 26 191 0 378 182 332 187 104 389 228 0 0 481 488 768 7 753 53 332 297 358 0 2039 4876 1422 2981 1129 208 177 1112 185 31 372 1005 846 0 40 1637 0 0 1108 2243 444 1110 1201 1447 0 0 0 0 0 0 0 1 0 1635 1219 6294 139
0 0 0 0 0 0 0 0 0 0 0 0 0 0 0 0 0 0 0 1 0 0 0 0 0 0 0 0 0 0 0 0 0 0 0 0 0 0 0 0 0 1 0 0 0 0 0 0 1 2 0 0 0 0 0 0 0 0 0 0 0 0 4 0 0 2 3 2 2 2 6 1 0 0 3 2 8 1 1 2 0 0 0 0 0 0 0 0 1 0 0 12 0 0 0 0 0 0 1 0 0 0 1 1 0 0 0 0 0 0 0 2 0 0 0 0 1 0 0 0 0 0 0 0 0 0 0 0 1 0
2 3 1 17 2 6 0 0 6 4 28 30 25 20 3 83 13 50 124 161 0 0 0 0 0 0 0 0 0 1 0 0 129 11 105 240 109 265 53 106 133 627 36 423 92 11 178 98 100 26 790 47 0 34 44 482 456 0 0 67 149 73 171 107 270 172 34 7 5 7 28 5 119 0 154 0 738 445 288 311 61 0 0 829 581 1001 14 716 190 433 391 343 0 333 244 0 0 0 166 0 306 0 0 2626 24 0 0 102 1935 0 0 0 2680 0 87 0 368 0 0 0 0 0 0 0 0 0 1051 1717 1647 202
0 0 0 0 0 0 0 0 0 0 0 0 0 0 0 0 0 0 0 0 89 0 0 0 0 0 0 0 0 1 0 0 0 0 4 5 1 4 0 0 0 0 1 21 0 0 0 0 15 0 0 2 0 0 37 0 0 0 0 0 3 6 0 9 40 27 4 5 0 3 37 11 0 0 17 6 58 25 0 0 0 0 0 0 0 0 0 0 65 0 0 0 0 0 1 0 0 0 0 0 0 0 0 0 0 0 0 0 0 0 0 0 0 0 0 0 0 0 0 0 0 0 0 0 0 0 0 0 0 0
603 3282 521 2038 1212 3641 1073 691 1808 948 2953 1163 1491 924 1244 567 172 33 1412 4058 66 52 20 24 31 56 2 29 3 12 3 0 2760 291 2249 4760 3031 3401 15654 713 4015 5 398 8268 3133 984 769 202 2405 895 3203 1604 812 19 3315 6084 5647 0 2441 4813 2646 3181 4679 4038 1303 823 3172 4222 2321 2017 2693 963 0 0 11533 835 5411 1403 3447 2842 539 0 3 4361 0 4452 82 2967 1967 1914 1878 2443 1292 4645 5778 0 63 418 2074 1306 9160 1893 4589 0 2348 290 3109 616 3304 0 0 7313 2448 0 1212 570 1372 0 0 0 0 0 0 0 489 0 4748 3955 1545 233
167 105 7 214 62 557 89 0 95 86 153 98 69 95 102 173 138 90 39 135 59 0 0 0 0 0 0 0 0 1 0 0 359 146 270 521 257 233 160 198 261 318 142 248 116 73 84 709 1930 1521 0 88 0 103 155 88 85 0 397 425 396 1020 557 1143 2134 1939 1604 697 850 1203 1370 496 476 0 0 0 120 80 0 170 115 13 90 71 0 21 23 142 187 98 5 54 0 0 82 0 0 0 209 0 117 304 237 57 0 0 0 175 173 0 0 0 733 0 0 100 0 0 0 0 0 0 0 0 618 0 729 170 1367 208
0 1 0 1 0 1 0 0 0 0 0 2 0 0 0 15 0 3 0 1 0 0 0 0 0 0 0 0 0 0 0 0 19 0 0 0 4 0 0 0 0 0 0 6 0 0 0 0 34 0 0 1 0 5 7 2 0 0 0 0 0 1 0 0 95 60 28 29 18 24 80 42 7 0 0 0 7 0 0 10 0 0 0 45 0 5 0 9 4 0 0 13 0 0 21 0 0 0 78 0 87 86 12 0 0 0 0 0 45 0 0 0 461 0 0 0 131 0 0 0 0 0 0 0 0 0 247 0 157 0
0 0 0 0 0 0 0 0 0 0 0 1 0 0 0 103 35 1 0 0 0 0 0 0 0 0 0 0 0 0 0 0 0 0 0 0 0 0 0 0 0 0 0 0 0 0 0 0 0 0 0 0 0 1 0 0 0 0 0 0 0 0 0 0 0 0 0 0 0 0 0 0 0 0 0 0 15 0 0 43 0 0 0 0 0 0 0 0 0 0 0 0 0 0 0 0 0 0 0 0 0 0 0 0 0 0 0 48 656 0 0 0 1194 0 661 0 0 0 0 0 0 0 0 0 0 0 1928 219 1417 0
0 0 0 0 0 0 0 0 0 0 0 0 0 0 0 0 0 0 0 0 0 0 0 0 0 0 0 0 0 0 0 0 0 0 0 0 0 0 1 0 0 0 0 1 0 0 0 0 0 0 0 0 0 0 0 0 0 0 0 0 0 0 0 0 0 0 0 0 0 0 0 0 0 0 1 0 0 0 0 0 0 0 0 0 0 0 0 0 0 0 0 0 0 0 0 0 0 0 0 0 1 0 0 0 0 0 0 0 0 0 0 1 0 0 0 0 0 0 0 0 0 0 0 0 0 0 0 0 0 0
0 0 0 0 0 0 0 0 0 0 0 0 0 0 0 0 0 0 0 0 0 0 0 0 0 0 0 0 0 0 0 0 0 0 0 0 0 0 1 0 0 0 0 1 0 0 0 0 0 0 0 0 0 0 0 0 0 0 0 0 0 0 0 0 0 0 0 0 0 0 0 0 0 0 1 0 0 0 0 0 0 0 0 0 0 0 0 0 0 0 0 0 0 0 0 0 0 0 0 0 1 0 0 0 0 0 0 0 0 0 0 1 0 0 0 0 0 0 0 0 0 0 0 0 0 0 0 0 0 0
0 0 0 0 0 0 0 0 0 0 0 0 0 0 0 0 0 0 0 0 0 0 0 0 0 0 0 0 0 0 0 0 0 0 0 0 0 0 2 0 0 0 0 1 0 0 0 0 0 0 0 0 0 0 0 1 1 0 0 0 0 0 0 0 0 0 0 0 0 0 0 0 0 0 1 0 1 0 0 0 0 0 0 0 0 0 0 0 0 0 0 0 0 0 1 0 0 0 0 0 1 0 0 0 0 0 0 0 0 0 0 1 0 1 0 0 0 0 0 0 0 0 0 0 0 0 0 1 0 0
0 0 0 0 0 0 0 0 0 0 0 0 0 0 0 0 0 0 0 0 0 0 0 0 0 0 0 0 0 0 0 0 0 0 0 1 0 0 2 0 0 0 0 1 0 0 0 0 0 0 0 0 0 0 0 1 1 0 0 1 0 0 1 0 0 0 0 0 0 0 0 0 0 0 1 0 1 0 0 0 0 0 0 0 0 0 0 0 0 0 0 0 0 1 1 0 0 0 0 0 1 0 1 0 0 0 1 0 0 0 0 1 0 1 0 0 0 0 0 0 0 0 0 0 0 0 1 1 0 0
0 0 0 0 0 0 0 0 0 0 0 0 0 0 0 0 0 0 0 0 0 0 0 0 0 0 0 0 0 0 0 0 0 0 0 0 0 0 1 0 0 0 0 0 0 0 0 0 0 0 0 0 0 0 0 0 0 0 0 0 0 0 0 0 0 0 0 0 0 0 0 0 0 0 1 0 0 0 0 0 0 0 0 0 0 0 0 0 0 0 0 0 0 0 0 0 0 0 0 0 1 0 0 0 0 0 0 0 0 0 0 0 0 0 0 0 0 0 0 0 0 0 0 0 0 0 0 0 0 0
0 0 0 0 0 0 0 0 0 0 0 0 0 0 0 0 0 0 0 0 0 0 0 0 0 0 0 0 0 0 0 0 0 0 0 0 0 0 0 0 0 0 0 0 0 0 0 0 0 0 0 0 0 0 0 0 0 0 0 0 0 0 0 0 0 0 0 0 0 0 0 0 0 0 0 0 0 0 0 0 0 0 0 0 0 0 0 0 0 0 0 0 0 0 0 0 0 0 0 0 0 0 0 0 0 0 0 0 0 0 0 0 0 0 0 0 0 0 0 0 0 0 0 0 0 0 0 0 0 0
0 0 0 0 0 0 0 0 0 0 0 0 0 0 0 0 0 0 0 0 0 0 0 0 0 0 0 0 0 0 0 0 0 0 0 0 0 0 2 0 0 0 0 1 0 0 0 0 0 0 0 0 0 0 0 1 1 0 0 0 0 0 0 0 0 0 0 0 0 0 0 0 0 0 1 0 1 0 0 0 0 0 0 0 0 0 0 0 0 0 0 0 0 0 1 0 0 0 0 0 1 0 0 0 0 0 0 0 0 0 0 1 0 1 0 0 0 0 0 0 0 0 0 0 0 0 0 1 0 0
0 0 0 0 0 0 0 0 0 0 0 0 0 0 0 0 0 0 0 0 0 0 0 0 0 0 0 0 0 0 0 0 0 0 0 0 0 0 0 0 0 0 0 0 0 0 0 0 0 0 0 0 0 0 0 0 0 0 0 0 0 0 0 0 0 0 0 0 0 0 0 0 0 0 0 0 0 0 0 0 0 0 0 0 0 0 0 0 0 0 0 0 0 0 0 0 0 0 0 0 0 0 0 0 0 0 0 0 0 0 0 0 0 0 0 0 0 0 0 0 0 0 0 0 0 0 0 0 0 0
0 0 0 0 0 0 0 0 0 0 0 0 0 0 0 0 0 0 0 0 0 0 0 0 0 0 0 0 0 0 0 0 0 0 0 0 0 0 0 0 0 0 0 0 0 0 0 0 0 0 0 0 0 0 0 0 0 0 0 0 0 0 0 0 0 0 0 0 0 0 0 0 0 0 0 0 0 0 0 0 0 0 0 0 0 0 0 0 0 0 0 0 0 0 0 0 0 0 0 0 0 0 0 0 0 0 0 0 0 0 0 0 0 0 0 0 0 0 0 0 0 0 0 0 0 0 0 0 0 0
3 7 0 0 0 45 4 0 62 44 72 32 45 35 34 0 0 22 36 219 6 0 0 0 0 0 0 0 0 0 0 0 0 0 43 151 358 84 42 65 0 121 25 61 0 15 385 0 142 0 0 4 0 32 122 89 81 0 0 56 163 154 175 151 164 104 9 6 6 8 12 3 91 0 119 0 180 0 76 50 0 0 0 0 0 0 0 0 0 0 0 0 0 0 0 0 0 0 0 0 12 0 4 0 0 0 0 0 0 0 0 0 286 0 0 0 0 0 0 0 0 0 0 0 0 0 0 0 0 0
0 1 0 0 0 7 0 0 3 2 0 2 2 2 1 22 0 2 0 4 0 0 0 0 0 0 0 0 0 0 0 0 0 0 1 7 0 0 0 0 0 0 0 2 0 0 0 0 8 0 0 5 0 2 0 5 0 0 0 0 18 4 4 0 0 0 1 0 0 0 0 0 0 0 29 0 0 0 0 166 0 0 0 22 0 0 0 8 0 0 0 7 0 0 6 0 0 0 0 0 4 0 45 0 0 1924 0 0 33 0 0 0 378 0 0 21 0 0 0 0 0 0 0 0 0 0 1256 0 939 0
0 0 0 0 0 1 0 0 0 0 0 16 6 7 8 22 14 29 0 37 0 0 0 0 0 0 0 0 0 0 0 0 0 0 0 39 143 0 0 0 0 0 3 0 0 0 0 0 5 0 0 16 0 42 0 6 0 0 0 0 0 3 6 0 0 0 12 0 1 0 6 0 0 0 4 0 0 0 0 5 0 0 0 0 0 0 0 22 0 0 0 0 0 0 6 0 0 0 0 0 1 0 0 0 0 0 0 0 0 0 0 0 317 0 0 0 0 0 0 0 0 0 0 0 0 0 388 0 0 0
0 0 0 0 0 0 0 0 0 0 0 0 0 0 0 0 0 1256 0 16200 0 0 0 0 0 0 1 0 0 0 0 0 0 0 0 0 0 0 0 0 0 0 0 0 0 0 0 0 0 0 0 6 0 1 0 1 0 0 0 0 0 0 0 0 0 0 1 0 0 0 0 0 0 0 0 0 0 0 0 0 0 0 0 0 0 0 0 0 0 0 0 0 0 0 0 0 0 0 0 0 0 0 0 0 0 0 0 0 0 0 0 0 0 0 0 0 0 0 0 0 0 0 0 0 0 0 0 0 1 0
