119
0 0 3 0 11 8 0 256 232 4 711 1832 140 16 0 13 5 62 0 0 0 0 0 1 1 0 44 3 283 5 0 0 0 79 0 0 0 0 0 102 0 4026 1383 0 0 0 0 7 12 0 0 0 5 5 28 8 1 0 0 0 0 0 19 14 0 0 0 0 0 0 0 0 0 0 0 0 0 0 0 0 0 0 9 0 0 0 0 0 0 0 0 0 0 0 0 0 0 0 0 0 1 0 7 0 14 13 4 4 3 14 4 5 5 5 5 0 0 23 0
21 0 4 0 15 166 25 1535 1185 1436 1604 1106 7420 2268 0 18 28 6 0 0 0 0 0 1 0 0 45 3 85 4 0 1473 0 0 0 0 0 0 0 72 0 2288 515 0 0 0 9 4 8 0 0 4 11 274 18 9 5 0 0 0 2 0 11 9 0 0 0 116 2 0 0 0 0 0 0 1 54 0 0 52 23 0 23 0 24 0 0 0 0 0 19 0 0 0 0 0 0 0 5 0 3 0 61 0 73 65 81 35 48 54 60 35 38 33 35 75 51 25 0
0 0 0 0 0 4 0 18 29 12 43 31 1 0 0 0 31 0 0 0 0 0 0 0 0 0 0 0 2947 1901 0 0 0 0 0 0 0 0 0 63 0 2139 777 0 0 0 0 0 0 0 0 0 3 0 0 0 0 0 0 0 0 0 86 2 0 0 0 0 0 0 0 0 0 0 0 0 0 0 0 0 34 0 0 0 0 0 0 0 0 0 0 0 0 0 0 0 0 0 0 0 0 0 2 0 4 6 1 1 5 2 1 0 0 0 0 15 0 24 0
14 1 3 0 9 7 0 2 3 7 1 1 2 5 0 19 8 45 22 0 0 0 0 1 30898 0 37 3 343 21 0 0 0 94 0 0 0 0 6 19 0 696 192 0 0 0 5 6 11 34 4 3 5 6 23 9 1 0 0 0 3 13 12 11 0 0 0 0 0 0 0 0 0 0 0 0 0 0 0 0 0 0 11 0 0 0 0 0 0 0 0 0 0 0 0 0 0 0 0 0 0 0 5 0 9 8 3 3 3 10 3 4 3 4 4 0 0 4 0
0 0 0 0 0 0 0 0 0 0 0 0 0 0 0 0 1 0 0 0 0 0 0 0 0 0 0 1788 0 0 0 0 0 0 0 0 0 0 0 0 0 0 0 0 0 0 0 0 0 0 0 0 0 0 0 0 0 0 0 0 0 0 0 0 0 0 0 0 0 0 0 0 0 0 0 0 0 0 0 0 0 0 0 0 0 0 0 0 0 0 0 0 0 0 0 0 0 0 0 0 0 0 0 0 0 0 0 0 0 0 0 0 0 0 0 0 0 0 0
0 0 0 0 0 0 0 0 0 0 0 0 0 0 0 0 0 0 0 0 0 0 0 0 0 0 0 0 0 0 0 0 0 0 0 0 0 0 0 0 0 0 0 0 0 0 0 0 0 0 0 0 0 0 0 0 0 0 0 0 0 0 0 0 0 0 0 0 0 0 0 0 0 0 0 0 0 0 0 0 0 0 0 0 0 0 0 0 0 0 0 0 0 0 0 0 0 0 0 0 0 0 0 0 0 0 0 0 0 0 0 0 0 0 0 0 0 0 0
24 0 11 4 6 134 0 1306 318 713 183 141 1166 851 0 76 19 0 6 11 0 0 0 2 28 0 34 3 86 135 43 1366 0 0 0 0 0 0 7 0 0 171 0 0 0 0 14 12 35 26 41 17 5 11 4 4 11 0 0 0 5 10 2 5 0 0 0 45 0 0 0 0 0 2 0 1 5 0 0 136 1 0 3 0 1 0 0 0 0 0 0 0 0 0 0 0 0 40 16 0 1 0 16 0 12 13 3 10 3 2 10 27 17 29 27 4 23 20 0
0 0 0 0 0 64 0 0 1 0 0 2 0 46 0 0 3 0 0 0 47573 0 0 1254 0 0 0 0 0 0 0 0 0 0 267 0 0 0 0 0 0 0 0 0 0 1146 0 0 0 0 0 0 0 0 0 0 0 0 0 0 0 0 0 0 0 0 0 0 0 0 0 0 0 0 0 0 0 0 0 0 0 0 0 0 0 0 0 0 0 0 0 0 0 0 0 0 0 0 0 0 0 0 1 0 1 1 2 0 0 0 0 0 0 0 0 0 0 0 0
0 0 0 0 7 48 0 0 0 0 0 1 0 24 0 2 34 4 11 0 0 42678 0 573 0 0 27 0 0 0 0 2 0 0 0 0 0 0 0 3 0 0 0 0 0 0 1 4 7 0 0 0 19 3 17 6 1 0 0 0 0 0 1 29 0 0 0 0 0 0 0 0 0 0 0 0 0 0 0 0 0 0 6 0 0 0 0 0 0 0 0 0 0 0 0 0 0 0 0 0 0 0 4 0 8 5 2 2 1 7 1 3 2 3 3 0 0 0 0
0 0 0 0 18 110 0 4 2 0 3 3 0 38 0 0 33 0 0 0 0 0 0 8532 0 0 60 0 0 0 0 0 0 0 0 0 0 0 0 14 0 12 0 0 0 0 9 5 10 0 0 0 13 345 22 10 6 0 0 0 0 0 1 11 0 0 3 0 2 0 0 0 0 5 0 0 0 0 0 7 23 0 27 0 30 0 0 0 0 0 19 0 0 0 0 0 0 0 0 0 4 0 78 0 99 91 103 113 353 70 77 43 47 42 44 99 35 47 0
0 0 0 0 3 24 0 0 4 0 0 33 0 74 0 2 5 0 0 9 104 65 0 42 0 0 10 1 0 0 0 0 0 0 0 0 0 0 0 0 0 0 0 0 0 0 5 5 5 0 4 3 3 5 3 2 9 0 0 0 0 0 0 2 0 0 0 0 0 0 0 0 3 0 0 0 0 0 0 0 0 0 0 0 3 0 0 0 0 0 0 0 0 0 0 0 0 0 0 0 0 0 3 0 4 3 2 3 5 1 7 4 3 4 3 0 0 2 0
0 0 0 0 1 1 0 0 0 0 0 0 0 3 0 19 1 0 0 2 27 0 0 13 0 0 3 0 0 0 0 0 0 0 0 0 0 0 0 0 0 0 0 0 0 0 1 1 1 0 0 0 1 1 1 0 2 0 0 0 0 0 0 0 0 0 0 0 0 0 0 0 0 0 0 0 0 0 0 0 0 0 0 0 0 0 0 0 0 0 0 0 0 0 0 0 0 0 0 0 0 0 1 0 1 1 0 1 1 0 1 1 1 1 1 0 0 0 0
0 0 0 0 24 58 0 360 217 13 45 2716 0 42 0 27 35 88 52 0 1694 0 0 1432 0 12820 97 4 6783 0 0 10 0 217 0 0 32 0 6 18 0 0 8 0 0 0 10 16 28 50 0 0 12 14 60 23 3 0 0 0 13 1 5 37 0 0 0 0 0 0 0 0 0 0 0 0 0 0 0 0 0 0 23 0 0 0 0 0 0 0 0 0 0 0 0 0 0 0 0 0 1 0 12 0 19 14 5 8 4 25 5 10 8 10 10 0 0 0 0
0 0 0 0 0 8 0 0 0 0 0 0 0 0 0 0 1 0 0 0 0 0 0 0 0 0 0 0 0 0 0 0 0 0 0 0 0 0 0 0 0 4 0 0 0 0 0 0 0 0 0 0 0 0 0 0 0 0 0 0 0 0 0 0 0 0 0 0 0 0 0 0 0 0 0 0 0 0 0 0 0 0 0 0 0 0 0 0 0 0 0 0 0 0 0 0 0 0 0 0 0 0 0 0 0 0 0 0 0 0 0 0 0 0 0 18 0 0 0
90 33 274 10 110 19 216 434 1414 2684 585 485 2727 9 0 472 190 0 4 859 28 19 0 1170 99 0 83 300 107 157 0 8 80 47 80 21441 8894 8346 37 323 0 71 63 10 881 0 115 116 139 69 100 198 48 135 218 194 294 99 148 114 66 68 14368 24 0 0 1 15962 0 0 0 0 138 51 0 0 0 0 0 66 1297 0 143 0 20 680 0 0 0 0 73 0 0 0 0 0 81 158 86 0 2 0 29 0 33 27 76 18 170 46 216 30 26 28 28 104 123 29 0
0 0 0 0 5 2 0 5 0 95 0 0 0 3 0 0 10 302 1307 577 0 0 0 5 1 0 5 0 0 0 5537 0 0 0 0 0 5 0 0 21 0 0 17 0 0 0 0 6 6 0 0 0 4 0 4 2 6 0 0 0 6 0 4 3 0 0 0 0 0 0 0 1 4 0 0 0 0 0 0 180 0 0 0 0 0 0 0 0 0 0 0 0 0 0 157 0 0 0 0 0 0 0 10 0 8 8 1 5 1 2 2 8 8 6 7 0 0 0 0
0 0 0 0 0 0 0 0 0 0 0 0 0 0 0 0 0 0 0 0 0 0 0 0 0 0 0 0 0 0 0 0 0 0 0 0 0 0 0 0 0 0 0 0 0 0 0 0 0 0 0 0 0 0 0 0 0 0 0 0 0 0 0 0 0 0 0 0 0 0 0 0 0 0 0 0 0 0 0 0 0 0 0 0 0 0 0 0 0 0 0 0 0 0 0 0 0 0 0 0 0 0 0 0 0 0 0 0 0 0 0 0 0 0 0 0 0 0 0
0 0 3 0 1575 1639 68 16 0 18 11 29 0 1 10 0 262 0 0 0 0 0 0 0 28 595 132 1 13297 0 6 1 0 0 0 0 0 0 0 19 0 0 2 0 0 0 1 28 11 189 371 0 475 0 175 0 75 0 0 0 0 0 0 4877 0 0 0 0 0 0 0 0 1 0 199 0 0 0 0 107 0 0 0 0 565 0 0 0 0 0 0 0 0 0 0 0 0 0 0 29220 27713 29281 2257 29193 675 1045 745 5457 6453 561 397 587 2348 244 325 0 0 0 0
3 10 6 0 19 23 0 7 0 28 0 2 0 3 0 0 24 3332 0 438 0 0 0 8 0 0 7 1 0 3 0 7 0 0 6 0 0 0 0 0 0 0 9 0 0 0 449 501 697 865 0 419 20 246 314 307 259 0 0 0 0 0 2 14 0 0 10 0 6 0 0 0 1 0 430 0 0 0 0 75 0 0 13 0 32 0 0 0 0 0 30 0 0 0 0 0 0 0 0 1 2 1 61 1 44 47 17 34 8 25 13 16 33 25 26 50 0 47 0
4 4 1 1 3 2 0 1 1 2 0 0 1 0 0 0 4 65 0 0 0 0 0 0 0 0 0 0 0 0 0 0 0 0 0 0 0 0 0 0 0 0 6 0 0 0 319 32 59 2 80 0 1 0 144 0 17 0 0 0 0 0 3 0 0 0 0 0 0 0 0 0 0 0 0 0 0 0 0 0 0 0 0 0 0 0 0 0 0 0 0 0 0 0 0 0 0 0 0 0 0 0 1 0 1 1 1 1 2 2 1 0 1 0 0 0 0 0 0
4 7 1 0 4 7 0 0 14 61 0 0 0 19 0 19 4 2 3 5 0 0 0 68 9 0 13 0 26 0 0 12 1 0 0 0 1 0 0 1 0 2 5 0 0 0 2 3 3 0 0 0 2 0 2 2 5 0 0 0 2 0 0 2 0 0 0 0 0 0 0 0 1 0 0 0 0 0 0 95 0 0 0 0 1 0 0 0 0 0 0 0 0 0 0 0 0 14 6 0 0 0 3 0 3 3 2 4 2 2 4 3 3 4 4 0 0 6 0
8 14 2 2 6 968 1 21 0 86 0 58 36 3106 0 54 3 1 1 6 1 0 0 102 14 1 5 1 116 0 2774 19 3 0 1 0 2 0 0 3 0 179 72 66 12 0 4 4 5 0 2 1 3 0 3 3 9 0 0 0 4 0 5 2 0 0 0 0 0 0 0 0 3 0 0 0 0 0 0 228 0 0 0 0 1 0 0 0 0 0 0 0 0 0 0 0 0 40 15 0 0 0 3 0 2 2 2 3 2 1 5 3 2 3 3 0 3 9 0
20 28 4 7 12 32 6 108 311 1304 53 51 512 294 7 137 20 5 4 23 75 83 0 215 219 568 20 2 86 142 87 31 26 24 3 3 7 5 6 9 0 46 16 11 92 7 9 8 19 7 15 13 7 7 8 8 20 7 7 8 12 6 1 19 1 0 0 3 0 0 0 2 7 2 6 4 28 3 0 714 1 0 1 3 3 13 0 0 0 5 1 0 2 4 3 8 12 118 41 0 0 0 14 0 5 8 4 10 4 3 11 7 7 9 9 8 29 14 0
0 0 0 0 0 1 0 0 0 0 0 0 0 3 0 0 0 4 0 0 0 0 0 0 1 0 1 0 0 0 0 1 0 0 0 0 0 0 0 0 0 0 0 0 0 0 0 0 0 0 0 0 0 0 0 0 0 0 0 0 0 0 0 0 0 0 0 0 0 0 0 0 0 0 0 0 0 0 0 0 0 0 0 0 0 0 0 0 0 0 0 0 0 0 0 0 0 0 0 1 1 1 0 1 0 0 0 0 0 0 0 0 0 0 0 0 0 0 0
0 14 2 0 5 39 0 9 55 33 7 7 50 2 0 0 6 0 2 3 0 0 0 0 0 0 10 0 0 0 0 0 0 0 0 0 0 0 0 0 0 0 0 0 0 0 0 1 0 0 0 0 1 0 0 0 0 0 0 0 3 0 0 7 0 0 0 0 0 0 0 0 0 0 0 0 0 0 0 0 0 0 0 0 0 0 0 0 0 0 0 0 0 0 0 0 0 7 0 0 0 0 3 0 1 2 0 4 0 0 0 2 2 3 3 0 0 0 0
717 1742 136 329 422 679 303 416 670 1060 186 277 0 165 39 535 111 0 498 105 9 0 0 318 751 0 1643 39 0 104 0 87 688 9 64 0 396 0 290 148 1 2671 1065 1148 1147 0 2175 1196 1440 923 3817 86 106 455 164 94 150 0 131 97 0 0 73 156 0 0 0 0 0 0 0 0 39 172 0 0 0 0 0 2192 0 0 0 43 55 0 0 0 0 29 0 0 0 0 0 0 0 393 1701 285 280 285 97 285 147 129 287 254 724 776 500 137 129 126 127 4 103 536 0
0 0 0 0 0 1 0 0 0 0 0 0 0 0 0 0 1 0 0 0 0 0 0 0 0 0 0 0 0 0 0 0 14 30 0 0 0 0 0 0 0 0 0 0 0 0 0 0 0 0 0 0 0 0 0 0 0 0 0 0 0 0 0 1 0 0 0 0 0 0 0 0 0 0 0 0 0 0 0 0 0 0 0 0 0 0 0 0 0 0 0 0 0 0 0 0 0 0 0 0 0 0 0 0 0 0 0 1 0 0 0 1 0 1 0 0 0 0 0
0 0 0 0 0 0 0 1 1 0 0 1 0 1 0 0 0 0 0 0 0 0 0 3 1 0 0 0 0 0 0 0 0 0 0 0 0 0 0 0 0 0 0 0 0 0 0 0 0 0 0 0 0 0 0 0 1 0 0 0 0 0 130 0 0 0 0 0 0 0 0 0 0 0 0 0 0 0 0 0 0 0 0 0 0 0 0 0 0 0 0 0 0 0 0 0 0 0 0 0 0 0 0 0 0 0 0 1 0 0 0 1 1 1 1 0 0 0 0
0 0 0 0 143 185 0 1055 812 3362 572 473 0 607 0 643 238 0 30 68 0 0 0 488 341 369 160 11 0 1514 2160 642 48 0 25 0 0 0 9 46 5 1145 69 70 2208 0 504 308 491 261 407 49 53 34 46 41 105 0 0 390 64 2007 816 125 0 0 14 85 0 0 0 0 43 0 0 0 90 0 0 901 916 0 0 0 31 135 0 0 0 0 0 0 0 0 0 0 0 427 132 444 423 445 152 444 43 78 41 147 128 38 65 48 85 68 69 92 110 0 0
0 0 0 0 28 525 0 4942 1193 2785 680 478 4329 3180 0 203 44 5 0 17 3 1 0 127 106 0 8 1 0 0 0 5201 3 0 0 0 4 0 0 15 1 566 55 0 895 0 10 57 585 0 47 0 12 0 12 6 27 0 0 0 11 0 6 30 0 0 0 525 0 0 0 0 9 0 56 0 0 0 0 0 0 0 0 0 6 0 0 0 0 0 0 0 0 0 0 0 0 24 0 114 108 114 54 114 18 33 12 41 35 13 21 13 25 22 22 0 0 12 0
1098 430 193 116 725 151 0 317 440 2343 217 148 720 296 75 0 206 0 257 1668 106 0 0 226 446 661 598 94 0 216 0 3678 306 291 24861 667 145 443 4351 2861 1 394 631 585 603 91 1618 3395 2743 420 688 117 271 84 180 1067 97 0 456 323 249 355 602 908 1030 0 9 4 2 0 0 0 23 201 0 0 1 0 0 1127 0 0 29 233 16 0 0 0 0 0 0 0 0 0 36 0 0 499 287 274 271 275 178 274 190 179 210 348 225 164 250 173 198 186 188 326 412 212 0
0 0 4 7 19 25 0 4 0 13 1 2 0 4 0 0 2 0 0 2 0 0 0 0 2 0 1 0 0 0 0 0 0 0 0 0 0 0 0 0 0 0 0 0 0 0 2 3 2 0 0 0 248 0 0 0 0 0 0 0 0 0 0 21 0 0 0 0 0 0 0 0 0 0 0 0 0 0 0 0 0 0 0 0 2 0 0 0 0 0 0 0 0 0 0 0 0 0 0 125 119 125 12 125 4 6 3 26 28 3 2 4 11 3 3 0 0 0 0
97 276 30 13 132 157 46 150 36 148 36 102 40 131 0 39 44 21 3 54 0 0 0 85 22 0 0 5 0 0 0 144 0 11871 422 0 9 0 25 325 1 24 84 0 7 0 19 42 12 0 0 0 39 14 19 12 57 65 71 73 10 0 0 157 0 0 0 0 0 0 0 0 0 0 0 0 45 0 0 0 0 0 0 0 16 0 0 0 0 0 0 0 0 0 0 0 0 0 41 731 695 732 101 730 50 52 39 177 192 43 71 66 104 59 59 0 69 176 0
0 8 8 0 34 4 0 5 68 109 5 8 0 1 0 5 117 191 202 84 1 2 0 3 3 0 0 5 13 36 0 2 0 0 34 0 2 0 0 6 0 0 67 50 0 0 0 8 0 0 0 0 3 0 2 0 3 2 123 0 0 29 0 19 2 4 7 1 0 0 2 31 0 49 0 0 0 0 0 0 0 0 0 0 4 0 0 0 0 0 0 0 0 0 0 0 0 0 0 0 6 0 64 0 98 110 55 151 81 100 79 119 112 147 148 1 56 295 0
22 10 6 1 17 1 6 0 16 13 3 4 7 4 0 3 15 0 0 1 0 0 0 0 4 0 5 0 0 2 0 0 0 0 0 0 5 0 0 0 0 27 29 17 0 0 0 2 0 0 0 0 0 0 0 0 0 0 0 0 0 3 0 1 0 0 0 0 0 6 25 0 0 0 0 0 0 0 0 6 0 0 0 0 0 0 0 0 0 0 0 0 0 0 0 0 0 0 0 0 0 0 3 0 3 4 4 3 4 5 5 3 2 3 3 0 0 0 0
337 159 73 38 262 64 31 56 221 289 82 199 325 27 0 161 208 1138 1538 437 57 51 0 70 383 151 305 91 359 584 0 13 207 102 23 0 14095 12960 1157 151 2 275 143 85 372 592 1078 2012 936 277 554 182 177 105 146 141 290 503 120 2584 746 373 8021 120 0 0 0 6767 1 0 0 0 3111 31 148 0 0 0 0 70 0 0 71 0 96 233 0 0 0 54 17 27 0 0 0 0 0 67 82 159 155 159 111 158 107 101 58 67 93 56 122 47 61 47 48 227 100 770 0
196 541 39 91 115 5161 74 31 2 162 18 15 0 280 0 0 21 9 10 2 0 0 0 0 4 0 2 25509 305 0 0 8 0 0 0 0 0 0 417 0 0 59 0 0 0 0 11 19 10 0 0 0 7 0 1 0 2 0 0 19 5 0 89 21 0 0 0 0 0 0 0 0 23 0 0 0 0 0 0 0 0 0 37 0 0 0 0 0 0 0 25 0 0 0 0 0 0 0 0 0 0 0 2 0 1 2 1 1 3 1 1 1 1 1 1 0 0 4 0
710 209 130 99 437 115 39 90 248 438 115 82 409 140 0 140 207 68 97 1217 66 58 0 45 338 225 400 82 157 273 0 2608 76 137 25 0 313 0 3114 20 8 34 295 260 0 308 1242 2583 2053 278 533 781 82 301 550 683 235 272 150 192 215 19 806 446 0 0 13 300 26 0 0 0 149 123 0 0 0 0 0 0 0 0 47 0 10 0 0 18 0 0 21 0 0 0 45 0 0 242 83 0 14 0 416 0 262 406 725 745 781 1699 978 793 633 854 836 520 144 61 15
29 7 7 0 25 13 0 5 3 23 2 5 0 7 0 5 35 75 17 63 3 2 0 4 20 0 20 7 0 26 0 111 0 13 10 0 0 0 0 4 0 4 18 0 0 0 66 134 112 9 41 0 8 0 6 3 6 0 0 0 4 0 0 38 0 0 0 0 0 0 0 0 0 0 0 0 0 0 0 0 0 0 8 0 1 0 0 0 0 335 0 0 0 0 0 0 61 71 13 0 4 0 72 0 69 64 97 73 194 17 98 41 40 49 49 288 138 0 0
0 0 0 0 97 65 0 1 0 0 3 2 0 25 0 0 53 0 6 2 0 0 0 0 2 0 102 0 0 0 0 1 0 0 0 0 0 0 0 0 0 0 6 0 0 0 0 6 0 0 0 0 5 19 23 16 15 0 0 0 0 0 0 11 0 0 0 0 0 0 0 0 2 0 0 0 0 0 0 0 0 0 0 0 0 0 0 0 0 0 0 0 0 0 0 0 0 0 0 0 9 0 15 0 109 63 2 28 1 10 1 9 9 8 8 0 0 0 0
0 0 0 0 0 0 0 0 0 0 0 0 0 0 0 0 0 0 0 0 0 0 0 0 0 0 0 0 0 0 0 0 0 0 0 0 0 0 0 0 0 0 0 0 0 0 0 0 0 0 0 0 0 0 0 0 0 0 0 0 0 0 0 0 0 0 0 0 0 0 0 0 0 0 0 0 0 0 0 0 0 0 0 0 0 0 0 0 0 0 0 0 0 0 0 0 0 0 0 0 0 0 0 0 0 0 0 0 0 0 0 0 0 0 0 0 0 0 0
0 0 0 0 34 4 0 3 61 0 14 13 65 0 0 236 221 1535 969 231 0 0 0 1 170 0 441 9 0 0 0 0 0 0 0 0 0 0 0 9 0 0 57 0 0 0 4218 410 766 54 963 6 171 7 1947 7 246 0 132 25 10 0 3099 36 0 0 0 0 0 0 0 0 7 0 25 0 0 0 0 0 0 0 0 0 18 0 0 0 0 0 0 0 0 0 0 0 0 0 0 0 0 0 18 0 12 14 4 20 3 6 5 28 23 30 28 0 3 0 0
0 0 0 0 77 46 41 17 5 52 7 10 0 191 0 0 3 0 0 0 0 0 0 0 0 0 0 0 0 0 0 0 0 0 0 0 1 0 0 0 0 0 0 0 0 0 0 0 0 0 0 0 0 0 0 0 0 0 0 0 0 0 183 0 0 0 0 0 0 0 0 0 0 0 0 0 0 0 0 0 0 0 0 0 0 0 0 0 0 0 0 0 0 0 0 0 0 0 0 0 0 0 0 0 0 0 0 1 0 0 0 1 1 1 1 0 0 0 0
5558 16342 373 3378 3679 5396 3127 990 624 5270 814 558 1000 1001 0 53 91 64 48 14 6 0 0 8 73 0 43 11 0 2 0 111 32 0 0 0 47 0 64 50 1 184 49 0 0 0 114 66 92 32 73 105 39 83 132 114 196 77 24 24 45 0 52 28 0 0 19 0 13 0 0 0 49 0 0 57 253 0 0 0 0 0 12 0 40 0 0 0 0 21 0 0 0 0 0 0 0 42 53 0 2 0 50 0 52 46 51 23 30 54 45 25 28 26 27 0 137 141 0
1312 3303 557 719 3751 3863 522 1728 612 1160 1391 951 287 26 0 88 49 316 355 121 6 0 0 238 39 0 3350 20 0 0 0 46 0 3 61 0 102 373 115 310 0 681 409 2088 0 0 1121 1613 742 290 1184 247 1084 661 712 512 331 108 116 103 77 56 2140 11162 0 0 4 0 0 0 0 0 5 72 92 0 0 0 0 0 0 0 0 16 1374 0 0 0 0 14 0 0 0 0 0 0 0 0 1295 66413 62993 66553 5093 66352 1564 2392 1906 12508 14951 1822 1089 1396 5381 603 785 0 49 175 0
476 152 82 27 296 369 16 0 100 447 65 52 73 68 13 108 710 2450 1528 515 100 93 0 68 319 185 208 143 499 672 0 340 14 157 395 0 3 0 736 43 9 89 204 124 9 0 307 345 309 64 137 188 97 137 259 368 184 38 761 208 210 286 77 544 0 0 0 0 0 0 0 0 21 33 0 0 0 0 0 54 0 0 310 0 6 0 0 0 0 0 0 0 0 128 0 0 0 24 15 2 34 0 294 0 538 386 76 275 94 82 91 259 227 276 271 46 0 0 0
0 0 1 0 5 41 0 1 0 0 0 0 0 1 0 3 323 0 0 0 0 0 0 0 1 0 1 0 0 0 0 0 0 62 14 0 0 0 0 2 0 0 1 0 0 0 0 215 195 0 0 0 21107 0 508 1 16 0 0 0 20 0 153 284 0 0 0 0 0 0 0 0 1 0 0 0 0 0 0 0 0 0 0 0 0 0 0 0 0 0 0 0 0 0 0 0 0 0 0 0 0 0 13 0 10 12 4 10 3 7 5 20 17 24 24 0 0 0 0
0 0 0 0 0 0 0 0 0 0 0 0 0 0 0 0 2 0 0 0 0 0 0 0 0 0 0 0 0 0 0 0 0 0 0 0 0 0 0 0 0 0 0 0 0 0 0 0 0 0 0 0 4 0 0 0 0 0 0 0 0 0 0 2 0 0 0 0 0 0 0 0 0 0 0 0 0 0 0 0 0 0 0 0 0 0 0 0 0 0 0 0 0 0 0 0 0 0 0 0 1 0 10 0 13 13 1 14 1 2 3 44 28 45 43 0 0 0 0
0 0 0 0 2 0 0 0 0 0 0 0 0 0 0 0 5 0 0 0 0 0 0 0 1 0 1 0 0 0 0 0 0 42 1 0 0 0 0 0 0 0 1 0 0 0 0 31 0 0 0 0 12 0 4 666 0 0 0 0 2 0 0 38 0 0 0 0 0 0 0 0 0 0 0 0 0 0 0 0 0 0 0 0 0 0 0 0 0 0 0 0 0 0 0 0 0 0 0 0 0 0 3 0 1 2 1 1 1 3 2 1 2 2 2 0 0 0 0
13 9 12 0 48 10 0 8 15 23 3 7 0 1 0 41 63 0 0 0 2 0 0 3 34 0 14 5 0 1 0 0 5369 7012 229 0 18 0 0 213 5 0 38 0 0 0 50 45 61 0 0 0 56 41 99 89 62 0 0 30 53 0 2 46 0 0 0 0 1 0 0 0 25 0 2345 0 0 0 0 12 0 0 56 0 9 0 0 0 0 0 0 0 0 0 0 0 0 0 25 0 2 0 92 0 41 45 25 65 43 75 46 75 71 87 84 23 34 0 0
29 3 7 0 26 3 0 5 10 14 0 1 2 8 0 1 21 0 44 0 0 0 0 2 49 0 2 4 0 0 0 0 108 222 7 0 0 0 0 19 0 0 13 0 0 0 152 362 1470 295 0 4 22 826 5 5 0 0 0 35 3 0 0 39 0 0 0 0 0 0 0 0 5 0 60 0 0 0 0 0 0 0 2 0 0 0 0 0 0 0 0 0 0 0 0 0 0 0 0 0 8 0 94 0 130 129 80 94 63 281 166 425 268 433 413 0 8 0 0
17 0 4 0 17 17 0 3 7 3 0 3 1 2 0 13 1711 66 0 12 2 0 0 7 20 0 19 8 0 45 0 5 8 29 152 0 10 0 5 13 0 0 10 0 0 0 9 28 17 88 0 0 357 0 20 0 0 0 999 105 1735 773 8 915 0 0 0 0 0 0 0 0 6 0 11 0 0 0 0 0 0 0 0 0 9 0 0 0 0 0 0 0 0 0 0 0 0 0 0 0 3 0 48 0 55 51 5 55 5 11 7 271 162 276 259 0 0 0 0
0 0 0 0 0 0 0 0 0 0 0 0 0 0 0 0 0 0 0 0 0 0 0 0 0 0 0 0 0 0 0 0 0 0 0 0 0 0 0 0 0 0 0 0 0 0 0 0 0 0 0 0 0 0 0 0 0 0 0 0 0 0 0 0 0 0 0 0 0 0 0 0 0 0 0 0 0 0 0 0 0 0 0 0 0 0 0 0 0 0 0 0 0 0 0 0 0 0 0 0 0 0 0 0 0 0 0 0 0 0 0 0 0 0 0 0 0 0 0
0 0 0 0 2 2 0 0 0 0 0 0 0 0 0 1 187 7 0 0 1 0 0 2 7 0 5 4 0 18 0 2 0 1 40 0 0 0 21 0 0 0 1 0 0 0 42 21 69 0 0 24 59 0 4 1 0 0 518 29 403 0 0 297 0 0 0 0 0 0 0 0 0 0 0 0 0 0 0 0 0 0 0 0 0 0 0 0 0 0 0 0 0 0 0 0 0 0 0 0 0 0 11 0 8 8 0 5 0 1 1 9 11 11 12 0 0 0 0
0 0 0 0 0 0 0 0 0 0 0 0 0 0 0 0 18 0 0 0 0 0 0 0 0 0 0 0 0 0 0 0 0 0 1 0 0 0 0 0 0 0 0 0 0 0 0 1 0 0 0 0 12 0 0 0 0 0 0 0 0 0 0 33 0 0 0 0 0 0 0 0 0 0 0 0 0 0 0 0 0 0 0 0 0 0 0 0 0 0 0 0 0 0 0 0 0 0 0 0 0 0 0 0 0 1 0 0 0 0 0 0 0 0 0 0 0 0 0
0 0 0 0 2 2 0 0 0 0 0 0 0 0 0 0 46 9 0 2 0 0 0 1 2 0 2 0 0 0 0 0 0 3 21 0 0 0 0 0 0 0 1 0 0 0 0 0 0 0 0 7 115 0 4 0 0 0 116 0 47 11 0 404 0 0 0 0 0 0 0 0 1 0 0 0 0 0 0 0 0 0 0 0 1 0 0 0 0 0 0 0 0 0 0 0 0 0 0 0 0 0 6 0 5 6 1 4 1 1 1 3 5 5 6 0 0 0 0
0 0 0 0 0 0 0 0 0 0 0 0 0 0 0 0 14 0 0 0 0 0 0 0 0 0 0 0 0 0 0 0 0 0 12 0 0 0 0 0 0 0 0 0 0 0 0 12 15 0 4 4 21 153 576 157 0 0 0 0 36 15 0 74 0 0 0 0 0 0 0 0 0 0 0 0 0 0 0 0 0 0 0 0 1 0 0 0 0 0 0 0 0 0 0 0 0 0 0 0 0 0 1 0 0 1 0 0 0 0 0 0 0 0 1 0 0 0 0
508 64 85 57 306 108 15 56 156 217 68 81 265 76 0 266 1015 199 96 51 46 45 0 34 95 191 95 72 119 252 8 10 0 0 13 0 61 0 116 92 2087 12 25 0 0 0 825 1498 389 966 1250 1294 382 618 1004 967 963 0 4319 1003 2797 1270 7 1592 0 0 20 0 5 0 0 0 11 448 771 38 0 0 0 0 0 0 805 91 604 0 0 0 0 0 0 0 0 0 0 0 0 0 18 1 17 0 447 0 459 417 36 117 36 44 46 127 194 140 148 0 150 5 0
627 456 137 174 401 249 92 22 59 101 120 89 78 114 0 133 1751 265 153 49 2 3 0 5 44 0 30 9 10 39 0 44 0 0 2 0 107 0 31 57 0 0 39 0 0 0 64 127 134 514 105 0 278 0 32 0 14 0 0 262 136 649 700 159 100 0 113 53 0 0 0 0 29 0 968 120 0 0 0 0 10 0 523 0 9 0 0 0 0 0 0 0 0 0 0 0 0 0 2 179 188 178 307 177 388 315 49 225 89 88 63 437 365 443 433 0 0 461 0
216 103 38 32 144 28 10 26 87 111 27 22 121 184 0 61 75 49 19 208 9 7 0 8 68 0 224 16 0 67 0 432 0 154 56 0 0 0 523 82 0 0 60 0 0 0 213 419 338 0 0 0 33 0 52 15 33 0 0 0 5 0 68 80 0 0 0 0 2 0 0 364 9 0 0 0 0 0 0 0 0 0 0 0 48 0 12719 0 0 0 0 0 0 0 0 0 0 0 0 0 5 0 68 0 88 73 33 158 47 48 42 113 83 113 110 0 0 0 0
48 0 10 0 35 37 0 7 3 14 4 5 0 18 0 0 404 8 0 1 0 0 0 0 0 10371 34 0 0 0 0 0 0 30 216 0 0 0 0 8 0 0 6 0 0 0 0 2 0 0 0 0 96 0 7 0 0 0 0 0 0 0 0 274 0 0 0 0 1 0 0 0 0 6 0 465 0 0 0 0 0 0 0 0 21 0 1850 0 0 0 1 0 0 0 0 0 0 0 0 0 25 0 327 0 435 347 45 360 42 79 55 658 533 686 683 0 0 0 0
87 10 20 0 74 16 0 14 24 45 11 12 0 27 0 55 151 48 15 7 5 4 0 5 28 4 150 10 0 53 0 13 3 0 0 0 11 0 10 46 0 33 94 56 0 0 257 143 158 141 151 0 38 666 57 0 0 0 0 272 101 0 276 34 0 0 11 0 6 0 0 0 5 12 0 76 202 0 0 10 439 0 34 0 76 0 0 0 0 19 3 0 0 0 0 0 0 0 7 0 10 0 189 1 215 186 243 111 146 166 180 109 118 105 111 97 169 15 0
0 0 0 0 1 1 0 0 0 0 0 4 0 1 0 0 3 7 0 0 0 0 0 59 1 0 7 0 0 0 0 0 13 25 2 0 0 0 112 0 0 0 0 0 0 0 0 3 2 0 0 0 1 1 2 1 2 0 0 0 2 0 0 2 0 0 0 0 0 0 0 1 0 0 0 0 0 0 0 0 0 0 0 0 3 0 0 0 0 19 0 0 0 0 0 0 1 7 0 0 0 0 4 0 4 4 5 5 10 2 7 3 3 3 3 14 8 0 0
0 0 0 0 0 0 0 0 0 0 0 0 0 0 0 0 0 0 0 0 0 0 0 0 0 0 0 0 0 0 0 0 0 0 0 0 0 0 0 0 0 0 0 0 0 0 0 0 0 0 0 0 0 0 0 0 0 0 0 0 0 0 0 0 0 0 0 0 0 0 0 0 0 0 0 0 0 0 0 0 0 0 0 0 0 0 0 0 0 0 0 0 0 0 0 0 0 0 0 0 0 0 0 0 0 0 0 0 0 0 0 0 0 0 0 0 0 0 0
495 479 222 112 79 33 674 128 79 106 236 163 178 332 16 296 132 102 82 14 22 21 0 15 137 188 572 32 71 130 0 74 141 0 18 29 390 178 111 0 4 66 151 293 143 184 229 236 243 457 472 253 40 138 24 23 26 130 0 163 86 206 0 36 0 0 0 1 0 3381 5820 0 9 543 0 47 0 0 0 88 35 0 22 0 0 0 0 0 0 0 0 0 0 0 70 0 0 116 130 0 11 0 81 0 166 116 15 95 11 4 19 484 258 471 431 48 159 156 0
524 365 230 90 97 36 806 30 59 65 197 138 211 415 8 361 150 120 97 16 29 28 0 19 171 258 716 41 103 172 128 92 187 0 22 64 463 204 145 0 0 64 159 183 148 234 235 206 273 555 566 287 46 156 27 26 30 172 125 209 101 273 0 18 1 0 1 0 0 4685 8066 0 12 599 0 73 21 0 0 123 20 0 28 6 4 0 0 12 0 0 0 0 0 0 76 0 0 122 67 0 1 0 23 0 26 23 19 102 13 4 26 162 92 159 146 71 204 174 0
23 12 10 4 5 1 32 1 2 0 4 5 8 21 0 15 5 4 0 1 1 1 0 1 7 9 31 2 0 6 0 4 6 0 0 7 19 0 2 0 0 2 6 0 0 5 9 9 12 19 22 10 1 7 1 1 0 0 0 4 0 0 0 2 0 0 0 0 0 832 1433 0 0 3 0 0 0 0 0 0 0 0 1 0 0 0 0 0 0 0 0 0 0 0 0 0 0 0 0 0 0 0 1 0 2 2 1 1 0 0 0 0 0 0 0 0 8 7 0
64 0 29 11 12 1 0 4 7 7 22 17 26 52 0 39 7 16 11 2 2 2 0 2 22 25 91 5 0 0 0 12 7 0 3 0 11 0 18 0 0 10 24 24 10 29 31 28 35 69 72 40 3 22 4 4 4 14 0 25 12 15 7 3 0 0 0 0 0 372 641 0 5 66 0 0 0 0 0 9 0 0 0 1 1 0 0 0 0 0 0 0 0 0 10 0 0 8 1 0 1 0 7 0 14 10 3 5 1 0 0 3 2 3 3 2 25 25 0
0 0 0 0 73 0 0 1 2 0 2 8 0 39 0 0 0 0 0 9 0 0 0 5 0 0 6 6 0 1 0 0 1 0 10 0 0 0 0 69 0 4 0 0 1 1 1 5 0 0 1 2 0 47 9 3 49 0 1 0 0 0 1 0 0 0 0 0 0 6 2 0 0 0 0 0 0 0 0 0 0 0 0 0 2 0 0 0 0 0 0 0 0 0 0 0 0 0 0 0 0 0 0 0 0 0 187 0 57 0 4 0 0 0 0 0 0 0 0
485 341 213 84 90 100 556 28 54 64 139 80 195 385 12 347 537 118 105 16 26 25 0 18 158 244 665 37 100 155 120 86 170 0 0 41 3 212 135 0 0 71 178 227 177 218 222 194 257 529 536 303 102 161 28 28 31 181 188 193 110 261 0 59 0 0 0 0 0 0 0 0 0 704 0 106 40 0 151 162 31 30 35 7 0 0 0 51 0 0 11 0 0 0 126 0 80 0 183 0 6 0 107 0 96 84 17 111 10 1 22 337 185 330 302 112 238 234 0
484 340 213 84 90 185 413 28 54 63 104 44 195 385 11 347 690 117 101 16 26 25 0 18 158 242 665 37 91 154 116 86 169 0 0 39 456 205 134 0 0 71 177 221 177 216 221 194 257 526 535 301 138 161 28 27 31 173 163 191 106 255 0 99 0 0 0 0 0 6571 0 0 0 3097 0 431 163 0 765 658 125 163 138 27 1 0 37 228 0 106 50 0 96 0 514 0 414 0 797 2 32 0 496 0 510 468 93 573 50 3 89 1389 775 1363 1250 455 938 924 0
2074 1416 916 352 385 77 3226 119 226 210 802 552 817 1655 38 0 136 719 528 95 168 162 0 112 1009 1511 4240 237 589 958 665 547 1146 0 128 123 1582 693 465 0 1673 416 1037 1101 1036 195 956 841 1112 2272 2325 2007 101 14915 2556 2575 2898 187 385 0 328 598 0 33 70404 47489 49780 33606 5321 9047 15578 0 32830 2523 0 57 96 6169 0 263 93 0 76 21 14 0 0 0 0 0 0 0 0 0 299 0 0 713 477 0 5 0 95 0 91 65 8 138 6 2 23 365 204 353 324 128 720 708 0
3 2 1 1 0 2 1 1 0 0 0 0 1 0 0 0 84 0 0 0 0 0 0 0 0 0 6 0 0 0 0 0 1 0 0 0 0 0 1 0 7585 0 0 0 0 0 0 0 0 0 0 0 5 0 0 0 0 0 0 0 0 0 0 17 0 0 0 0 7 60 110 0 0 14 0 0 0 0 0 2 0 0 0 0 0 0 0 0 0 0 0 0 0 0 3 0 0 6 3 0 1 0 77 0 23 43 4 37 3 0 13 206 113 203 186 0 5 5 0
30 1 18 12 19 76 0 11 16 0 8 14 19 21 0 46 72 16 4 10 18 15 0 15 29 0 58 22 81 97 0 19 41 0 1 0 26 0 8 2 8 12 79 45 0 0 26 29 35 15 6 39 73 34 35 53 38 0 35 36 0 0 2 91 0 0 0 0 24 0 0 0 0 0 0 11 0 0 0 55 0 0 0 0 0 0 0 0 0 0 0 0 0 0 0 0 0 0 0 3 79 0 1662 0 1391 1893 236 694 131 98 283 1466 1867 1530 1660 0 47 69 13
397 193 69 65 250 508 36 116 313 1409 89 85 520 313 1372 124 874 0 0 196 57 60 0 83 202 401 93 30 199 0 147 106 71 48 348 0 105 77 156 843 15 0 78 28 0 407 102 182 623 0 0 0 192 287 150 1368 102 0 0 747 25 452 75 448 2786 4390 960 780 730 1192 2080 1331 71 8234 0 544 62 0 0 515 800 161 25961 1633 4528 1458 0 0 0 118 0 3581 0 0 1039 0 3831 4078 171 5 87 0 1549 0 1599 1670 395 1367 414 2015 562 2414 1876 2497 2374 6566 1337 353 0
92 0 18 4 73 62 0 12 56 24 14 13 62 3 17 48 333 59 5 19 21 20 0 21 73 55 11934 32 172 229 136 137 98 37 4 638 507 495 21 61 0 43 40 0 104 262 82 113 98 55 68 88 114 43 3301 59 1495 0 0 361 0 0 277 143 0 0 22 203 13 0 0 0 147 0 0 0 146 1883 0 0 0 338 54 0 22 0 0 0 0 0 0 0 948 0 0 0 0 0 110 0 24 0 579 0 523 555 180 214 85 156 293 1017 875 987 931 103 0 32 0
171 0 28 21 97 14 0 19 54 17 23 16 72 0 91 115 49 159 95 16 4 3 0 4 8 16 3436 8 0 7 0 39 0 33 92 20 7 30 32 252 0 8 163 0 46 185 54 189 55 48 99 273 19 579 725 540 353 77 166 141 34 0 46 75 50 0 10 1 0 0 0 0 7 98 0 0 0 0 0 0 0 0 0 3 9 0 0 0 0 0 0 0 0 0 0 0 0 0 8 0 3 0 46 0 53 63 70 77 33 360 41 52 81 55 59 0 86 60 0
12612 9944 2199 3028 8361 4002 1866 1993 7005 11630 2171 1732 10461 1031 10410 9493 4135 1413 2927 699 1237 1185 0 1516 7088 6540 4620 1266 7767 9335 10717 796 9022 1520 334 7216 7808 9048 4295 6529 2034 15456 8773 4769 19728 7486 15038 11191 13245 10325 22322 12399 4204 16321 7518 7542 11053 12602 8198 6654 8860 4588 3986 3956 314 205 203 4161 82 42 11 0 5029 2594 5359 0 3877 0 2017 7523 805 805 1997 1005 2047 9007 0 1346 438 4489 1562 0 1499 1023 1400 8646 0 0 5530 1052 1219 1044 3842 1047 4638 3955 5616 2997 6298 7098 5894 2888 2799 2745 2791 3456 7172 3408 0
450 208 294 188 417 907 210 317 358 766 1031 12529 1956 1243 539 1957 1383 1062 1361 10808 216 130 12 4991 2711 585 412 1670 556 891 1503 611 2089 1905 1880 79 1620 542 1930 818 118 268 5846 754 1522 2319 2452 1717 1009 914 2680 2096 1940 1398 1233 1427 7111 1889 2288 1998 2723 2593 3404 894 759 155 47 77 9 0 0 38 204 1546 1070 497 456 0 0 578 299 0 696 1544 1715 3324 819 0 0 360 329 0 607 0 1536 0 0 367 701 2 43 0 693 0 839 730 1401 529 1922 343 6710 731 647 676 669 1207 1233 1440 0
8 0 2213 59 54 54 0 28 64 0 39 63 96 56 0 0 597 0 0 55 0 0 0 2 8114 0 37 6 0 5 0 74 28 12 0 0 8 22 314 111 1 733 323 74 133 0 42 85 80 0 32 20 191 62 46 47 87 54 32 103 56 0 55 136 0 0 16 0 11 0 0 0 0 0 0 119 181 0 0 0 0 0 89 29 103 0 88 0 0 59 0 0 0 0 0 0 0 218 281 0 17 0 413 0 333 226 71 314 73 88 105 527 453 498 481 70 383 40 0
2796 0 0 1 23 86 0 87 87 0 226 591 76 11 0 126 423 341 232 84 11 11 0 24 44 114 187 13 0 60 854 42 36 56 6 240 278 292 47 80 1 1652 556 572 352 68 41 112 293 74 284 876 157 61 80 72 85 215 0 184 602 0 137 57 0 0 1 117 1 0 0 0 45 33 0 82 13 0 0 46 0 0 129 80 95 0 0 30 0 8 0 0 0 0 94 0 0 106 0 1 13 0 126 0 196 147 68 81 57 293 88 127 101 132 128 43 56 51 0
2699 769 443 334 1518 645 140 312 753 1760 373 336 1350 764 1211 2649 695 8984 5102 334 364 350 1 271 1498 8732 6250 487 14966 5728 10648 932 8703 16291 543 11925 10288 8302 2394 1387 4 1311 1798 5584 422 7385 1436 1925 2259 7269 1874 1202 762 989 3766 1547 303 2378 1352 3101 2392 5007 3781 1806 77 28 53 2870 20 0 0 1358 1325 196 0 0 260 0 631 290 604 0 1912 304 370 2642 0 122 0 0 0 0 3750 0 401 0 0 420 288 5 82 0 698 0 1239 859 268 502 253 1575 343 662 551 678 661 310 852 649 0
0 0 1 0 1 23 0 2 0 0 0 4 0 2 0 4 213 196 0 7 1 4 0 393 5 18 41 1 27 26 0 5 87 299 0 0 0 0 0 101 0 27 30 0 28 0 27 4 3 0 0 6428 1297 4940 4791 6045 5063 0 0 63 101 0 48 7918 0 0 0 1 0 0 0 0 0 411 0 0 2341 0 0 0 0 0 0 0 14 0 0 0 0 0 0 0 0 0 0 0 0 0 0 2 41 0 1019 0 1291 1112 433 190 160 36 39 36 141 34 47 18 10 6 0
65 8 10 8 37 42 0 7 18 31 4 5 31 18 29 247 97 23 254 35 11 1 0 2 12 0 64 4 62 20 0 8 225 147 169 133 154 41 176 3344 0 45 115 83 0 161 15 16 34 83 50 157 224 93 186 1242 54 0 138 100 208 361 30 380 1334 0 0 0 0 0 0 0 0 291 0 63 0 0 0 0 0 0 14 0 7 0 0 0 0 0 114 0 0 0 203 0 0 0 20 0 1 0 10 0 12 11 60 32 59 105 72 32 21 31 29 133 209 191 0
2 0 1 0 1 1 0 0 0 0 0 0 0 1 0 4 4 0 0 0 0 0 0 0 0 0 2 0 0 0 0 0 0 0 6 0 0 0 0 0 0 0 0 0 0 0 0 0 0 0 0 0 1 0 1 0 0 0 0 0 0 0 0 2 14 0 0 0 0 6 0 0 0 8 0 0 0 0 0 0 0 0 0 0 0 0 0 0 0 0 5 0 0 0 0 0 0 0 0 0 0 0 0 0 0 0 4 2 3 6 4 3 2 3 3 0 8 0 0
280 177 83 30 613 58 83 57 97 252 399 1203 133 76 0 264 318 141 163 9386 175 101 0 12549 179 215 339 3045 0 326 213 152 456 743 1103 0 33 47 465 2618 0 176 299 44 579 228 498 282 485 247 345 980 215 711 1005 1049 1933 369 564 1953 314 547 10688 102 158 94 73 35 38 25 41 4489 8 542 0 785 585 0 0 302 67 0 861 119 195 0 0 9049 599 2707 2597 0 0 0 381 200 94 257 462 1 35 0 758 0 666 612 1018 403 1999 288 2529 473 543 514 521 3531 854 610 0
1735 719 316 314 1029 514 154 136 379 816 282 225 664 350 825 1010 3822 6591 7273 2840 172 160 1 179 668 857 904 255 1920 1795 1983 822 510 1973 66 2655 2902 3088 764 144 141 385 1042 1204 1882 1077 1654 2766 2767 3154 3034 1567 686 489 741 654 942 1230 1783 0 0 2172 1283 835 337 117 146 92 4 16 0 261 6 1046 673 1610 2003 3753 0 0 4196 1770 1187 10442 13975 6342 0 142 4 1262 455 0 2752 874 378 85 717 1037 983 1 50 0 788 0 878 765 1386 1165 1311 925 1454 1076 917 1049 1062 0 1552 1132 0
104 9 19 14 58 22 4 12 26 51 19 102 56 30 13 81 100 69 59 78 10 9 0 8 61 42 138 17 67 81 4 32 92 116 24 15 25 0 105 274 1 64 140 89 148 52 84 43 55 57 64 53 80 695 65 45 83 263 64 542 123 104 303 48 17 0 29 8 17 0 0 1048 0 171 35 247 378 0 49 96 0 0 290 38 102 0 0 0 0 760 573 0 51 0 89 0 0 98 161 1 16 0 329 1 325 295 337 182 251 186 338 187 215 197 203 895 115 167 0
1092 299 177 149 657 1407 55 118 383 641 153 104 683 1015 47 210 1354 370 108 3 25 23 0 17 120 83 76 34 208 235 221 83 302 198 252 1302 290 144 222 45 0 311 499 516 136 304 152 211 199 265 135 1079 645 2983 1528 3040 279 151 301 188 142 407 1 473 1446 1296 1383 392 47 345 552 3903 23 757 178 434 181 0 436 347 695 53 254 49 107 0 0 58 0 6194 4679 1803 263 0 0 0 1591 41 254 2 46 0 912 0 877 847 428 842 800 189 613 977 780 1073 1030 1916 461 2580 0
644 143 102 84 368 11 30 68 190 359 86 59 340 252 127 160 446 56 105 7 3 1 0 3 42 0 6 6 2 3965 22662 65 30 153 22 0 146 48 0 75 0 32 117 0 0 28 84 155 67 65 173 55 22 105 201 167 7 54 54 97 99 0 0 97 42 136 183 15 46 1 0 861 3 209 0 128 600 0 0 0 0 205 130 780 1975 0 0 0 0 0 0 0 223 0 0 0 0 0 152 0 28 0 597 0 627 443 50 134 29 133 57 538 530 458 470 0 99 21 0
26 0 4 4 20 469 0 3 23 0 3 3 28 0 0 1 307 29 0 84 30 27 0 21 168 21 87 42 261 333 168 175 11 32 304 0 0 0 43 146 0 910 1293 1269 3440 540 116 129 175 162 120 47 123 0 0 73 0 36 417 488 0 0 15 72 5 2 13 2 2 0 0 81 0 355 198 710 216 0 0 297 7 43 33 0 0 0 0 0 0 604 0 0 209 0 0 0 0 0 0 0 10 0 170 0 165 119 41 352 163 22 93 215 219 196 189 11 0 65 0
2020 654 472 425 1162 1245 275 371 605 1675 483 366 885 159 348 760 547 646 570 304 293 228 21 204 486 362 407 276 756 805 759 434 1336 429 662 0 195 210 1854 72 127 624 694 459 1575 1732 708 483 842 637 762 14726 341 4519 6406 14249 4538 6649 1775 1514 3238 744 254 605 1037 827 1010 524 683 365 427 7813 90 1728 0 3289 8603 9 8813 5725 345 17 1203 335 86 215 234 423 0 3212 4031 0 1247 1250 549 481 1392 1435 1238 7 223 0 6888 0 4380 6372 12628 4171 7272 19497 11813 7534 7226 7828 8015 3920 4337 3970 193
548 1266 100 53 408 195 27 271 1662 1684 2323 1609 9894 2035 487 128 750 2224 2526 1009 30 28 0 21 131 11445 378 43 627 334 236 53 40 28 121 82 71 136 489 177 4 3458 1399 1476 635 83 77 188 178 237 313 186 276 210 323 273 483 748 8 924 117 26 26 328 67 91 129 244 1 3 0 162 32 494 319 0 166 0 0 342 45 0 22 2528 1154 7614 0 0 0 0 0 0 0 0 186 0 0 111 983 3 70 0 1467 0 1647 1384 459 291 136 467 285 586 768 527 559 982 764 198 0
174 34 30 27 122 79 7 21 113 81 29 52 160 9 232 116 491 244 156 70 25 22 0 18 78 94 132 37 192 257 747 34 122 830 301 80 71 119 363 138 0 502 839 844 1380 0 206 324 425 210 465 693 404 223 107 110 155 491 324 788 1339 251 100 145 419 320 351 112 50 73 81 2770 8 286 25 2088 1589 0 554 290 7593 867 760 8 28 1486 0 1587 4529 7506 7022 0 606 0 1086 0 1144 246 897 5 88 0 1065 0 1599 1207 623 553 387 487 562 855 754 809 811 2468 1191 632 0
192 49 31 24 106 147 3 22 41 159 23 22 71 34 34 0 403 931 582 144 38 35 0 46 110 124 119 55 155 266 0 19 21 87 147 20 8 0 164 651 0 18 508 214 3 4150 76 112 105 49 118 117 93 476 92 81 59 100 417 85 58 149 8 206 0 0 12 0 3 0 0 0 0 209 0 76 129 0 0 33 0 0 148 0 33 0 0 0 162 120 45 0 0 0 0 0 444 0 0 1 24 0 433 0 457 403 148 258 105 108 122 293 298 261 291 456 236 9 0
1312 233 209 172 743 198 67 159 370 682 178 139 669 427 103 209 924 472 200 200 117 109 0 92 439 523 2281 168 815 943 820 527 623 558 13 301 226 539 15400 758 1 635 1432 1397 746 501 723 668 800 667 598 559 510 12644 844 459 245 4034 450 1297 1483 794 79 499 301 222 243 84 106 49 46 2615 12 765 14 1678 4929 0 1116 1121 252 150 1179 465 1201 0 0 593 574 3863 1110 0 474 402 852 0 0 1114 942 7 156 2 3062 10 3414 2972 4133 1942 3164 2523 3172 1741 1860 1727 1796 4206 4163 350 0
2870 1809 125 93 374 101 41 86 180 344 111 80 3983 227 0 147 598 226 59 27 72 61 0 52 229 1361 1173 101 365 440 249 181 335 141 50 304 116 55 0 529 11 378 730 681 431 380 884 224 327 17030 332 271 284 6562 444 243 136 2020 310 8837 9243 559 0 372 62 17 122 55 759 0 0 1022 8 391 0 2688 2556 4698 906 2142 1294 4900 600 358 593 0 0 197 0 915 642 0 3573 0 0 15146 0 1095 2267 5 140 1 3055 5 2963 2958 1907 1131 1133 1264 1382 1270 1779 1283 1441 8042 2346 183 20
54 3 51 80 45 41 0 8 46 15 6 6 58 4 0 88 169 33 29 18 0 0 0 4 0 0 1 3 0 0 0 122 0 40 10 0 7 0 0 699 0 72 26 0 251 0 305 395 279 169 75 38 33 27 35 35 64 48 84 42 56 117 0 33 0 0 28 0 23 38 66 0 0 162 0 65 649 5193 0 0 0 0 629 48 118 0 0 0 0 330 140 0 0 0 400 0 0 0 56 0 7 0 168 0 133 167 34 103 25 95 31 152 159 147 160 130 170 12 0
20 0 3 2 14 16 0 3 5 1 0 12 7 5 0 18 198 22 5 10 0 0 0 1 1 0 1 1 0 4770 0 0 0 7 2 0 5 0 0 377 0 167 11 0 0 0 29 12 22 0 28 10 230 18 3 7431 7 0 0 15 14 0 16 28 0 0 20 0 20 0 0 0 0 117 0 0 0 0 0 0 115 0 653 0 224 0 0 0 0 0 102 0 0 0 16 0 0 0 0 0 5 0 103 0 80 97 94 101 66 102 76 124 123 127 132 160 81 9 0
0 0 0 0 0 0 0 0 0 0 0 0 0 0 0 0 0 0 0 0 0 0 0 0 0 0 0 0 0 0 0 0 0 0 0 0 0 0 0 0 0 0 0 0 0 0 0 0 0 0 0 0 0 0 0 0 0 0 0 0 0 0 0 0 0 0 0 0 0 0 0 0 0 0 0 0 0 0 0 0 0 0 0 0 0 0 0 0 0 0 0 0 0 0 0 0 0 0 0 0 0 0 0 0 0 0 0 0 0 0 0 0 0 0 0 0 0 0 0
0 0 0 0 0 0 0 0 0 0 0 0 0 0 0 0 0 0 0 0 0 0 0 0 0 0 0 0 0 0 0 0 0 0 0 0 0 0 0 0 0 0 0 0 0 0 0 0 0 0 0 0 0 0 0 0 0 0 0 0 0 0 0 0 0 0 0 0 0 0 0 0 0 0 0 0 0 0 0 0 0 0 0 0 0 0 0 0 0 0 0 0 0 0 0 0 0 0 0 0 0 0 0 0 0 0 0 0 0 0 0 0 0 0 0 0 0 0 0
0 0 0 0 0 0 0 0 0 0 0 0 0 0 0 0 0 0 0 0 0 0 0 0 0 0 0 0 0 0 0 0 0 0 0 0 0 0 0 0 0 0 0 0 0 0 0 0 0 0 0 0 0 0 0 0 0 0 0 0 0 0 0 0 0 0 0 0 0 0 0 0 0 0 0 0 0 0 0 0 0 0 0 0 0 0 0 0 0 0 0 0 0 0 0 0 0 0 0 0 0 0 0 0 0 0 0 0 0 0 0 0 0 0 0 0 0 0 0
0 0 0 0 0 0 0 0 0 0 0 0 0 0 0 0 0 0 0 0 0 0 0 0 0 0 0 0 0 0 0 0 0 0 0 0 0 0 0 0 0 0 0 0 0 0 0 0 0 0 0 0 0 0 0 0 0 0 0 0 0 0 0 0 0 0 0 0 0 0 0 0 0 0 0 0 0 0 0 0 0 0 0 0 0 0 0 0 0 0 0 0 0 0 0 0 0 0 0 0 0 0 0 0 0 0 0 0 0 0 0 0 0 0 0 0 0 0 0
0 0 0 0 0 0 0 0 0 0 0 0 0 0 0 0 0 0 0 0 0 0 0 0 0 0 0 0 0 0 0 0 0 0 0 0 0 0 0 0 0 0 0 0 0 0 0 0 0 0 0 0 0 0 0 0 0 0 0 0 0 0 0 0 0 0 0 0 0 0 0 0 0 0 0 0 0 0 0 0 0 0 0 0 0 0 0 0 0 0 0 0 0 0 0 0 0 0 0 0 0 0 0 0 0 0 0 0 0 0 0 0 0 0 0 0 0 0 0
0 0 0 0 0 0 0 0 0 0 0 0 0 0 0 0 0 0 0 0 0 0 0 0 0 0 0 0 0 0 0 0 0 0 0 0 0 0 0 0 0 0 0 0 0 0 0 0 0 0 0 0 0 0 0 0 0 0 0 0 0 0 0 0 0 0 0 0 0 0 0 0 0 0 0 0 0 0 0 0 0 0 0 0 0 0 0 0 0 0 0 0 0 0 0 0 0 0 0 0 0 0 0 0 0 0 0 0 0 0 0 0 0 0 0 0 0 0 0
0 0 0 0 0 0 0 0 0 0 0 0 0 0 0 0 0 0 0 0 0 0 0 0 0 0 0 0 0 0 0 0 0 0 0 0 0 0 0 0 0 0 0 0 0 0 0 0 0 0 0 0 0 0 0 0 0 0 0 0 0 0 0 0 0 0 0 0 0 0 0 0 0 0 0 0 0 0 0 0 0 0 0 0 0 0 0 0 0 0 0 0 0 0 0 0 0 0 0 0 0 0 0 0 0 0 0 0 0 0 0 0 0 0 0 0 0 0 0
0 0 0 0 0 0 0 0 0 0 0 0 0 0 0 0 0 0 0 0 0 0 0 0 0 0 0 0 0 0 0 0 0 0 0 0 0 0 0 0 0 0 0 0 0 0 0 0 0 0 0 0 0 0 0 0 0 0 0 0 0 0 0 0 0 0 0 0 0 0 0 0 0 0 0 0 0 0 0 0 0 0 0 0 0 0 0 0 0 0 0 0 0 0 0 0 0 0 0 0 0 0 0 0 0 0 0 0 0 0 0 0 0 0 0 0 0 0 0
0 0 0 0 0 0 0 0 0 0 0 0 0 0 0 0 0 0 0 0 0 0 0 0 0 0 0 0 0 0 0 0 0 0 0 0 0 0 0 0 0 0 0 0 0 0 0 0 0 0 0 0 0 0 0 0 0 0 0 0 0 0 0 0 0 0 0 0 0 0 0 0 0 0 0 0 0 0 0 0 0 0 0 0 0 0 0 0 0 0 0 0 0 0 0 0 0 0 0 0 0 0 0 0 0 0 0 0 0 0 0 0 0 0 0 0 0 0 0
0 0 0 0 0 0 0 0 0 0 0 0 0 0 0 0 0 0 0 0 0 0 0 0 0 0 0 0 0 0 0 0 0 0 0 0 0 0 0 0 0 0 0 0 0 0 0 0 0 0 0 0 0 0 0 0 0 0 0 0 0 0 0 0 0 0 0 0 0 0 0 0 0 0 0 0 0 0 0 0 0 0 0 0 0 0 0 0 0 0 0 0 0 0 0 0 0 0 0 0 0 0 0 0 0 0 0 0 0 0 0 0 0 0 0 0 0 0 0
0 0 0 0 0 0 0 0 0 0 0 0 0 0 0 0 0 0 0 0 0 0 0 0 0 0 0 0 0 0 0 0 0 0 0 0 0 0 0 0 0 0 0 0 0 0 0 0 0 0 0 0 0 0 0 0 0 0 0 0 0 0 0 0 0 0 0 0 0 0 0 0 0 0 0 0 0 0 0 0 0 0 0 0 0 0 0 0 0 0 0 0 0 0 0 0 0 0 0 0 0 0 0 0 0 0 0 0 0 0 0 0 0 0 0 0 0 0 0
0 0 0 0 0 0 0 0 0 0 0 0 0 0 0 0 0 0 0 0 0 0 0 0 0 0 0 0 0 0 0 0 0 0 0 0 0 0 0 0 0 0 0 0 0 0 0 0 0 0 0 0 0 0 0 0 0 0 0 0 0 0 0 0 0 0 0 0 0 0 0 0 0 0 0 0 0 0 0 0 0 0 0 0 0 0 0 0 0 0 0 0 0 0 0 0 0 0 0 0 0 0 0 0 0 0 0 0 0 0 0 0 0 0 0 0 0 0 0
0 0 0 0 0 0 0 0 0 0 0 0 0 0 0 0 0 0 0 0 0 0 0 0 0 0 0 0 0 0 0 0 0 0 0 0 0 0 0 0 0 0 0 0 0 0 0 0 0 0 0 0 0 0 0 0 0 0 0 0 0 0 0 0 0 0 0 0 0 0 0 0 0 0 0 0 0 0 0 0 0 0 0 0 0 0 0 0 0 0 0 0 0 0 0 0 0 0 0 0 0 0 0 0 0 0 0 0 0 0 0 0 0 0 0 0 0 0 0
0 0 0 0 0 0 0 0 0 0 0 0 0 0 0 0 0 0 0 0 0 0 0 0 0 0 0 0 0 0 0 0 0 0 0 0 0 0 0 0 0 0 0 0 0 0 0 0 0 0 0 0 0 0 0 0 0 0 0 0 0 0 0 0 0 0 0 0 0 0 0 0 0 0 0 0 0 0 0 0 0 0 0 0 0 0 0 0 0 0 0 0 0 0 0 0 0 0 0 0 0 0 2 0 1 2 0 1 0 0 0 3 0 3 3 0 0 0 0
0 0 0 0 0 0 0 0 0 0 0 0 0 0 0 0 0 0 0 0 0 0 0 0 0 0 0 0 0 0 0 0 0 0 0 0 0 0 0 0 0 0 0 0 0 0 0 0 0 0 0 0 0 0 0 0 0 0 0 0 0 0 0 0 0 0 0 0 0 0 0 0 0 0 0 0 0 0 0 0 0 0 0 0 0 0 0 0 0 0 0 0 0 0 0 0 0 0 0 0 0 0 0 0 0 0 0 0 0 0 0 0 0 0 0 0 0 0 0
0 0 0 0 0 0 0 0 0 0 0 0 0 0 0 0 0 0 0 0 0 0 0 0 0 0 0 0 0 0 0 0 0 0 0 0 0 0 0 0 0 0 0 0 0 0 0 0 0 0 0 0 0 0 0 0 0 0 0 0 0 0 0 0 0 0 0 0 0 0 0 0 0 0 0 0 0 0 0 0 0 0 0 0 0 0 0 0 0 0 0 0 0 0 0 0 0 0 0 0 0 0 0 0 0 0 0 0 0 0 0 0 0 0 0 0 0 0 0
40 0 0 5 56 37 0 11 26 0 9 8 46 0 0 9 98 28 0 2 9 7 0 7 33 0 186 20 0 64 0 41 26 0 30 0 13 0 0 57 0 126 236 14 92 0 37 18 35 0 34 27 66 1038 68 34 17 136 3 43 82 0 0 71 0 0 27 0 22 0 0 0 14 24 0 0 389 0 0 0 0 0 0 0 92 0 2480 0 0 87 0 0 0 0 0 0 0 0 0 2 36 0 475 1 704 521 320 171 188 201 233 189 219 177 187 0 242 15 0
44 0 5 2 28 57 0 6 8 0 3 14 8 7 0 4 115 295 120 56 5 0 0 8 33 0 15 18 0 29 0 4 0 0 33 0 0 0 0 31 0 0 27 0 0 1301 31 36 18 0 0 27 77 16 22 22 22 0 111 17 14 0 0 64 0 0 0 0 0 0 0 0 0 0 0 2 0 0 0 0 0 0 0 0 0 0 0 0 0 0 13 0 0 0 0 0 0 0 0 0 6 0 68 0 97 78 21 63 20 20 26 80 74 78 79 0 0 0 0
0 0 0 0 8 15 0 1 6 0 0 17 6 14 0 13 580 12 0 50 0 0 0 2 7 0 3 4 5597 0 0 9 0 0 0 0 0 0 9 31 0 2 19 0 0 30 18 404 602 401 297 2 129 2 2 2 10 0 0 3293 57 0 0 92 0 0 0 0 0 0 0 0 0 0 0 0 0 0 0 0 0 0 0 0 8 0 0 0 0 0 0 0 0 0 0 0 0 0 0 2 33 0 419 0 671 511 38 498 59 6 31 270 234 247 252 0 69 0 0
0 0 0 0 0 9 0 0 0 0 0 0 0 0 0 0 53 0 0 0 0 0 0 0 0 0 0 0 0 0 0 0 0 0 0 0 0 0 0 0 0 0 0 0 0 0 0 0 0 0 0 0 3 0 0 0 0 0 0 0 0 0 0 0 0 0 0 0 0 0 0 0 0 0 0 0 0 0 0 0 0 0 0 0 0 0 0 0 0 0 0 0 0 0 0 0 0 0 0 0 0 0 0 0 0 0 0 1 0 0 0 0 0 0 0 0 0 0 0
