141
0 0 0 0 0 0 0 0 156 137 81 63 10 77 21 0 0 0 0 0 0 0 0 0 0 0 0 0 0 0 0 0 0 0 0 2443 0 221 0 0 0 0 0 0 0 0 0 0 0 0 0 0 0 0 0 0 0 0 0 0 0 0 0 0 0 0 0 0 0 0 0 0 0 0 0 0 0 0 0 0 0 0 0 0 0 0 0 0 0 0 0 0 0 0 0 0 0 0 0 0 0 0 0 0 0 0 0 0 0 0 0 0 0 0 0 0 0 0 0 0 0 0 0 0 0 0 0 0 0 0 0 0 0 0 0 0 0 0 0 0 0
0 0 0 0 0 0 0 0 399 174 15 100 52 142 2 0 0 0 0 0 0 0 0 0 0 0 0 0 0 0 0 0 0 0 0 0 0 2267 0 0 0 0 0 0 0 0 0 0 0 0 0 0 0 0 0 0 0 0 0 0 0 0 0 0 0 0 0 0 0 0 0 0 0 0 0 0 0 0 0 0 0 0 0 0 0 0 0 0 0 0 0 0 0 0 0 0 0 0 0 0 0 0 0 0 0 0 0 0 0 0 0 0 0 0 0 0 0 0 0 0 0 0 0 0 0 0 0 0 0 0 0 0 0 0 0 0 0 0 0 0 0
0 1 0 2 0 1 0 0 6170 1258 1439 210 87 3805 666 0 2 0 0 0 0 25 0 12 7 0 0 44 0 50 0 0 0 0 0 0 0 4302 10 9 3 0 0 4 0 21 0 0 0 0 0 0 0 0 0 0 0 6 10 18 0 6 2 2 5 10 4 1 3 0 0 0 0 0 0 2 0 0 0 0 0 0 0 0 6 0 0 0 2 0 0 0 0 0 0 0 0 0 195 1 0 23 0 5 0 0 0 0 0 0 0 0 0 0 0 0 0 0 0 0 0 0 0 2 0 0 4 0 0 0 0 0 0 0 0 1 0 0 0 0 0
0 0 0 0 0 0 0 0 31 49 30 35 5 17 0 0 2 0 0 0 0 0 0 0 0 0 0 0 0 0 0 0 0 0 0 0 0 6256 11 8 0 0 0 5 0 0 0 0 0 0 0 0 0 0 0 0 0 0 0 0 0 0 0 0 0 0 0 0 0 0 0 0 0 0 0 0 0 0 0 0 0 0 0 0 0 0 0 0 0 0 0 0 0 0 0 0 0 0 0 0 0 0 0 0 0 0 0 0 0 0 0 0 0 0 0 0 0 0 0 0 0 0 0 0 0 0 0 0 0 0 0 0 0 0 0 0 0 0 0 0 0
0 3 1 6 0 2 0 0 2 2 1 0 0 1 1 0 3 0 0 0 0 1 0 6 1 0 6 9 6 0 0 0 0 0 0 0 0 291 0 0 0 0 0 0 0 0 0 0 0 0 1 0 0 0 0 0 0 0 0 0 0 0 0 0 0 0 0 1 0 0 0 0 0 0 0 0 0 0 0 0 0 0 0 0 3 0 0 0 3 0 0 0 0 0 0 0 0 0 22 0 0 0 32 24 0 0 0 0 0 0 0 0 0 0 0 0 0 0 5 5 11 0 5 12 0 0 15 0 0 6 0 0 0 10 0 11 6 0 0 0 0
0 0 0 1 0 0 0 0 1 0 0 0 0 0 0 110 0 0 0 0 0 1 0 1 1 0 1 0 0 0 0 0 0 0 0 0 49132 0 0 0 0 0 0 0 1 108 25 0 0 0 0 0 0 0 0 0 0 0 0 0 0 0 0 0 0 0 0 0 0 0 0 0 0 0 0 0 0 0 0 0 0 0 0 0 253 0 0 0 0 0 0 0 0 0 0 0 0 0 0 0 0 0 0 0 0 0 0 0 0 0 0 0 0 0 0 0 0 0 0 0 0 0 0 0 0 0 0 0 0 0 0 0 0 0 0 0 0 0 0 0 0
0 0 0 0 0 0 0 0 0 0 0 0 0 0 0 0 0 0 0 0 0 0 0 0 0 0 0 0 0 0 0 0 0 0 0 0 0 150 0 0 0 584 5 0 0 52 78 0 0 0 0 0 0 0 0 0 0 0 0 0 0 0 0 0 0 0 0 0 0 0 0 0 0 0 0 0 0 0 0 0 0 0 0 0 0 0 0 0 0 0 0 0 0 0 1 0 0 0 2 0 0 0 1 1 0 0 0 0 0 0 0 0 0 0 0 0 0 0 0 0 0 0 0 0 0 0 0 0 0 0 0 0 0 0 0 0 0 0 0 0 0
1 3 1 2 2 2 0 0 318 30 19 29 5 183 269 12 19 0 0 0 0 0 0 0 0 0 0 0 5 0 0 0 0 0 0 0 0 0 7 5 253 0 29 13 0 4 0 1 0 0 5 0 3 0 0 0 0 2 2 0 0 0 0 3 0 0 0 3 0 0 0 0 0 0 0 3 6 0 0 0 0 0 0 0 20 0 0 0 1 0 0 0 0 0 0 0 0 0 0 0 0 2 0 1 0 0 0 0 0 0 0 0 0 0 0 0 0 0 0 0 0 0 0 0 0 0 0 0 0 0 0 0 0 0 0 0 0 0 0 0 0
0 0 0 0 0 0 0 0 0 35 0 0 6 0 422 0 0 0 0 0 0 0 0 0 0 0 0 0 0 5736 0 0 3755 0 1024 0 0 0 0 0 0 0 0 369 0 0 0 0 0 0 0 0 0 0 0 0 0 0 0 0 0 0 0 0 0 0 0 0 0 0 0 0 0 0 0 0 0 0 0 0 0 0 0 0 0 0 0 0 0 0 0 0 0 0 0 0 0 0 0 0 0 0 0 1 0 0 0 0 0 0 0 0 0 5 0 0 0 0 0 0 0 0 0 0 0 0 0 0 0 0 0 0 0 0 0 0 0 0 0 0 0
0 0 0 0 0 0 0 0 0 0 0 0 0 0 36 0 0 0 0 0 0 0 0 0 0 0 0 0 0 0 72475 0 331 0 0 0 0 0 0 0 0 0 0 388 0 0 0 0 0 0 0 0 0 0 0 0 0 0 0 0 0 0 0 0 0 0 0 0 0 0 0 0 0 0 0 0 0 0 0 0 0 0 0 0 2 0 0 0 0 0 0 0 0 0 0 0 0 0 0 0 0 0 0 0 0 0 0 0 0 0 0 0 0 0 0 0 0 0 0 0 0 0 0 0 0 0 0 0 0 0 0 0 0 0 0 0 0 0 0 0 0
0 0 0 0 0 0 0 0 0 2 0 0 0 0 22 0 0 0 0 0 0 0 0 0 0 0 0 0 0 0 0 11514 210 0 0 0 0 0 0 0 0 0 0 184 0 0 0 0 0 0 0 0 0 0 0 0 0 0 0 0 0 0 0 0 0 0 0 0 0 0 0 0 0 0 0 0 0 0 0 0 0 0 0 0 0 0 0 0 0 0 0 0 0 0 0 0 0 0 0 0 0 0 21 14 0 0 0 0 0 0 0 0 0 0 0 0 0 0 0 0 0 0 0 0 0 0 0 0 0 0 0 0 0 0 0 0 0 0 0 0 0
0 0 0 0 4 3 0 0 0 6 2 0 9 0 10 0 5 0 0 0 0 2 0 2 2 1 0 1 14 143 510 74 270 0 212 0 0 0 0 0 4 0 0 0 0 7 0 4 0 0 9 0 6 0 0 0 0 6 7 3 1 3 0 7 3 2 0 6 2 0 0 0 0 0 0 7 13 0 0 3 0 0 0 0 5 2 0 0 2 1 0 0 0 0 0 0 0 0 0 2 0 6 0 3 0 0 0 0 0 0 0 0 0 0 0 0 0 0 0 0 0 0 0 4 0 0 0 0 0 0 0 0 0 0 0 8 4 0 0 0 0
0 0 0 0 1 1 0 0 0 1 0 0 0 0 1 0 1 0 0 0 0 0 0 0 0 0 0 0 3 10 56 9 30 0 30 0 0 0 0 0 1 0 1 0 0 1 0 1 0 0 2 0 1 0 0 0 0 1 1 1 0 0 0 1 0 0 0 1 0 0 0 1 0 0 1 1 3 0 0 1 0 0 0 0 1 0 0 0 0 0 0 0 0 0 0 0 0 0 0 0 0 0 0 0 0 0 0 0 0 0 0 0 0 0 0 0 0 0 0 0 0 0 0 0 0 0 0 0 0 0 0 0 0 0 0 0 0 0 0 0 0
0 0 0 0 0 0 0 0 52 153 0 7 183 0 17 0 0 0 0 0 0 0 0 0 0 0 0 0 0 141 0 0 316 0 54681 0 0 0 0 0 0 0 0 89 0 0 0 0 0 0 0 0 0 0 0 0 0 0 0 0 0 0 0 0 0 0 0 0 0 0 0 0 0 0 0 0 0 0 0 0 0 0 0 0 0 0 0 0 0 0 0 0 0 0 0 0 0 0 0 0 0 0 0 0 0 0 0 0 0 0 0 0 0 3 0 0 0 0 0 0 0 0 0 0 0 0 0 0 0 0 0 0 0 0 0 0 0 0 0 0 0
0 0 0 0 0 0 0 0 0 0 0 0 0 0 0 0 0 0 0 0 0 0 0 0 0 0 0 0 0 0 0 0 0 0 0 0 0 0 0 0 0 0 0 0 0 10 0 0 0 0 0 0 0 0 0 47 0 0 0 0 0 0 0 0 0 0 0 0 0 0 0 0 0 0 0 0 0 0 0 0 0 0 0 0 25 0 0 0 0 0 0 0 0 0 0 0 0 0 0 0 0 0 0 0 0 0 0 0 0 0 0 0 0 0 0 0 0 0 0 0 0 0 0 0 0 0 0 0 0 0 0 0 0 0 0 0 0 0 0 0 0
0 0 0 52 0 0 0 0 105 30 17 16 1 58 57 0 4 1 0 3 125 54 32 47 34 24 171 90 27 0 0 0 0 0 0 0 0 0 9 10 64 0 0 2 2579 5727 3637 0 0 0 0 0 1 0 23 216 0 0 0 0 0 0 0 0 0 0 0 0 0 0 0 0 0 0 0 0 0 0 0 0 0 0 0 0 13172 0 0 0 0 0 0 0 0 0 0 0 0 0 0 0 0 0 0 0 0 0 0 0 0 0 0 0 0 0 0 12 0 0 0 0 0 0 0 2 0 0 0 0 0 0 0 0 0 0 0 0 0 0 0 0 0
0 0 0 0 0 0 0 0 0 0 0 0 0 0 0 0 0 0 0 0 0 0 0 0 0 0 0 0 0 0 0 0 0 0 0 0 0 0 0 4452 0 0 0 0 0 0 0 0 0 0 0 0 1 0 0 0 0 0 0 0 0 0 0 0 0 0 0 0 0 0 0 0 0 0 0 0 0 0 0 0 0 0 0 0 0 0 0 0 0 0 0 0 0 0 0 0 0 0 199 0 0 0 0 0 0 0 0 0 0 0 0 0 0 0 0 0 0 0 0 0 0 0 0 0 0 0 0 0 0 0 0 0 0 0 0 0 0 0 0 0 0
0 0 0 0 0 0 0 0 0 0 0 0 0 0 0 0 0 0 1 0 0 3 0 1 2 2 0 0 0 0 0 0 0 0 0 0 0 0 0 0 0 0 0 0 0 0 0 0 0 0 0 0 0 0 0 0 0 0 0 0 0 0 0 0 0 0 0 0 0 0 0 0 0 0 0 0 0 0 0 0 0 0 0 0 0 0 0 0 0 0 0 0 0 0 0 0 0 0 0 1 0 0 0 0 0 0 0 0 0 0 0 0 0 0 0 0 0 0 0 0 0 0 0 0 0 0 0 0 0 0 0 0 0 0 0 0 0 0 0 0 0
9 80 57 26 50 111 0 47 15 8 2 2 0 3 3 0 2 0 0 0 0 52 108 327 82 8 0 0 0 0 0 0 0 0 0 0 0 0 0 0 0 0 0 0 0 0 0 0 0 0 0 0 0 0 0 0 0 0 0 0 0 0 0 0 0 0 0 0 0 0 0 0 0 0 0 0 0 0 0 0 0 0 0 0 3 0 0 0 0 0 0 0 0 0 0 0 0 0 0 0 0 0 0 0 0 0 0 0 0 0 0 0 0 0 0 0 0 0 0 0 0 0 0 0 0 0 0 0 0 0 0 0 0 0 0 0 0 0 0 0 0
0 0 0 0 0 0 0 0 0 0 0 0 0 0 0 0 0 0 0 0 0 0 0 0 0 0 0 0 0 0 0 0 0 0 0 0 0 0 0 0 0 0 0 0 0 0 0 0 0 0 0 0 0 0 0 0 0 0 0 0 0 0 0 0 0 0 0 0 0 0 0 0 0 0 0 0 0 0 0 0 0 0 0 0 0 0 0 0 0 0 0 0 0 0 0 0 0 0 0 0 0 0 0 0 0 0 0 0 0 0 0 0 0 0 0 0 0 0 0 0 0 0 0 0 0 0 0 0 0 0 0 0 0 0 0 0 0 0 0 0 0
0 4 3 1 2 3 0 2 1 0 0 0 0 0 0 0 0 0 0 0 0 3 5 16 4 0 0 0 0 0 0 0 0 0 0 0 0 0 0 0 0 0 0 0 0 0 0 0 0 0 899 0 0 0 0 0 0 0 0 0 0 0 0 0 0 0 0 0 0 0 0 0 0 0 0 0 0 0 0 0 0 0 0 0 0 0 0 0 0 0 0 0 0 0 0 0 0 0 0 0 0 0 0 0 0 0 0 0 0 0 0 0 0 0 0 0 0 0 0 0 0 0 0 0 0 0 0 0 0 0 0 0 0 0 0 0 0 0 0 0 0
0 0 0 0 0 0 0 0 0 0 0 0 0 0 0 0 0 0 0 0 0 0 0 1 0 0 0 0 0 0 0 0 0 0 0 0 0 0 0 0 0 0 0 0 0 0 0 0 0 0 0 0 0 0 0 0 0 0 292 0 0 0 0 0 0 0 36869 0 0 0 0 0 0 0 0 0 0 0 0 0 0 0 0 0 0 0 0 0 0 0 0 0 0 0 0 0 0 0 0 0 0 0 0 0 0 0 0 0 0 0 0 0 0 0 0 0 0 0 0 0 0 0 0 0 0 0 0 0 0 0 0 0 0 0 0 0 0 0 0 0 0
4 36 22 22 30 27 1 9 31 29 15 9 1 13 6 0 29 0 0 0 0 0 0 0 0 0 0 0 90 3 5 0 2 10 12 0 0 0 63 43 7 0 25 23 0 39 0 0 0 0 65 0 0 0 0 0 0 35 33 0 0 0 0 0 0 11 0 1378 0 12 0 0 0 0 0 0 0 1 0 0 0 0 0 0 34 0 0 0 12 0 0 0 0 0 0 2 0 0 0 0 0 0 8 0 0 0 0 1 0 1 0 0 0 0 0 0 0 0 0 0 0 0 0 22 0 0 0 0 0 0 0 0 0 0 0 54 25 2 0 0 0
0 0 0 0 0 0 0 0 0 0 0 0 0 0 0 0 0 0 0 0 0 0 1 0 0 0 0 0 0 0 0 0 0 0 0 0 0 0 0 0 0 0 0 0 0 0 0 0 0 0 0 0 0 0 0 0 0 0 0 0 0 0 0 19337 0 0 0 0 0 0 0 0 0 0 0 0 0 0 0 0 0 0 0 0 0 0 0 0 0 0 0 0 0 0 0 0 0 0 0 0 0 0 0 0 0 0 0 0 0 0 0 0 0 0 0 0 0 0 0 0 0 0 0 0 0 0 0 0 0 0 0 0 0 0 0 0 0 0 0 0 0
0 0 0 0 0 0 0 0 0 0 0 0 0 0 0 0 0 0 0 0 0 0 0 0 0 0 0 0 0 0 0 0 0 0 0 0 0 0 0 0 0 0 0 0 0 0 0 0 0 0 0 0 0 0 0 0 0 0 0 0 0 0 0 0 0 0 0 0 0 0 0 0 0 0 0 0 0 0 0 0 0 0 0 0 0 0 0 0 0 0 0 0 0 0 0 0 0 0 0 0 0 0 0 0 0 0 0 0 0 0 0 0 0 0 0 0 0 0 0 0 0 0 0 0 0 0 0 0 0 0 0 0 0 0 0 0 0 0 0 0 0
3 27 12 9 16 36 0 16 5 3 1 0 0 1 1 0 1 0 0 0 0 18 37 109 27 0 0 0 0 0 0 0 0 0 0 0 0 0 0 0 0 0 0 0 0 0 0 0 0 0 0 0 0 0 0 0 0 0 3 0 0 0 0 0 0 0 0 21549 1827 0 0 0 0 0 0 0 0 0 0 0 0 0 0 0 1 0 0 0 0 0 0 0 0 0 0 0 0 0 0 0 0 0 0 0 0 0 0 0 0 0 0 0 0 0 0 0 0 0 0 0 0 0 0 0 0 0 0 0 0 0 0 0 0 0 0 0 0 0 0 0 0
0 2 1 3 0 0 0 1 1 1 0 0 0 0 0 0 3 1 0 0 1 16 28 33 18 13 0 0 0 0 0 0 2 0 0 0 0 0 2 0 0 0 0 1 0 11 0 0 0 0 3 0 57 106 0 0 0 19 17 389 559 0 0 0 0 4 0 3 3026 0 0 13 0 0 0 0 0 0 31 367 0 0 0 0 7 0 0 387 10 628 0 0 0 33 0 0 0 0 0 0 0 2 0 6 0 0 0 0 0 0 0 0 0 0 0 0 0 0 0 0 0 0 0 5 0 0 15 0 0 0 0 0 0 3 0 8 0 0 0 0 0
1 6 0 3 0 6 0 3 2 1 0 0 0 0 0 0 2 0 0 0 1 8 12 38 12 8 901 0 280 0 0 0 3 0 0 0 0 0 0 0 0 0 0 0 0 109 0 0 0 0 3 0 5 7 0 0 0 696 713 878 0 203 0 32 50 24 25 41 376 0 0 0 0 0 0 0 0 0 0 38 0 0 0 0 0 0 0 155 0 0 674 0 0 0 0 0 0 0 0 0 0 0 0 0 0 0 0 0 0 0 0 0 0 0 0 0 0 0 0 0 0 0 0 4 0 0 16 0 0 0 0 0 0 4 0 11 0 0 0 0 0
0 4 1 1 0 5 0 0 1 0 0 0 0 0 0 0 56 0 0 0 0 4 0 85 15 2 54 0 0 0 0 0 0 0 0 0 0 573 0 4 0 0 0 0 0 0 0 0 0 0 0 0 107 199 0 0 0 172 126 0 131 0 0 5 57 13 0 3 2215 0 0 0 0 0 0 0 0 0 0 0 0 0 0 0 6 0 0 53 3 0 0 0 0 0 0 0 0 0 0 0 0 0 0 0 0 0 0 0 0 0 0 0 0 0 0 0 0 0 0 0 0 0 0 4 0 0 3 0 0 0 0 0 0 2 0 3 0 0 0 0 0
0 3 0 3 3 2 0 0 0 221 104 0 0 0 77 0 56 0 1 1 1 1 0 2 1 5 0 0 10 0 0 266 113 1 0 0 0 0 0 0 2 0 0 23 0 2 0 0 0 0 5 0 2 2 0 0 0 1 7 3 0 3 0 4 2 2 0 3 4 0 0 0 0 0 0 1 0 0 0 0 0 0 0 0 6 1 2 1 4 0 0 0 0 0 0 15 0 0 221 0 0 0 0 5 3 0 0 0 0 0 0 0 0 0 0 0 0 0 0 0 0 0 0 2 0 0 1 0 0 0 0 0 0 0 0 3 0 0 0 0 0
1 10 3 14 9 8 0 2 368 0 127 0 0 156 94 3 160 0 7 7 12 1 0 3 2 37 0 0 49 57 0 343 283 31 18 0 0 0 0 1123 17 0 9 48 0 18 0 0 0 0 8 0 9 16 16 0 0 21 32 37 0 16 9 15 20 11 5 8 17 0 0 0 0 0 2 25 8 0 8 21 0 16 0 0 38 19 27 3 24 10 0 0 0 0 29 167 0 0 620 0 0 2 19 41 19 0 0 0 9 20 0 0 0 9 0 1 0 13 30 31 37 21 22 38 26 0 41 22 0 31 0 0 0 34 0 42 32 31 17 27 0
1 12 6 11 11 9 0 3 149 110 0 0 0 63 38 3 35 0 4 4 6 3 1 12 4 25 2 3 43 0 0 0 49 20 0 0 0 0 0 0 10 3 13 27 0 19 0 21 0 3 15 0 7 12 30 0 0 19 26 26 10 18 14 15 19 10 5 12 19 0 0 1 0 0 9 22 29 0 13 21 9 32 10 1 27 14 15 2 21 15 2 0 12 0 21 89 0 0 118 4 0 9 13 22 15 0 0 0 7 13 0 0 0 13 0 0 0 18 15 15 19 12 14 27 11 0 23 4 0 12 0 0 0 20 0 35 27 20 11 15 0
0 3 0 3 3 2 0 0 0 0 0 0 0 0 22 1 23 0 1 1 2 1 0 3 1 6 0 0 10 0 0 0 0 0 0 0 0 0 0 0 3 0 0 6 0 2 0 0 0 0 4 0 2 2 0 0 0 0 4 0 0 0 0 3 0 0 0 2 0 0 0 0 0 0 0 0 0 0 5 3 0 0 0 0 7 3 3 1 7 0 0 0 0 0 0 22 0 0 2 0 0 2 2 6 3 0 0 0 0 0 0 0 0 0 0 0 0 2 0 0 0 0 1 3 0 0 0 0 0 0 0 0 0 0 0 4 0 0 0 0 0
2 20 3 13 17 15 1 3 740 683 373 264 28 337 4 1 63 0 1 1 1 2 0 4 2 5 0 2 53 0 0 0 7 0 0 0 0 0 30 748 6 0 15 131 0 14 0 0 0 0 35 0 5 9 0 0 0 42 28 13 0 21 9 21 7 6 4 23 26 0 0 0 0 0 0 9 26 1 0 0 0 0 0 0 23 3 0 2 13 0 0 0 0 0 0 9 0 0 164 0 0 0 0 9 15 0 0 0 0 0 0 0 0 0 0 0 0 0 0 0 0 0 5 21 0 0 4 0 0 0 0 0 0 5 0 40 15 0 0 0 0
1 13 4 13 11 10 0 2 0 938 342 0 0 0 22 3 40 0 5 5 10 9 0 28 11 41 6 10 50 3 0 27 122 16 0 0 0 0 0 0 14 0 5 27 0 8 0 0 0 0 14 0 9 15 35 0 0 22 28 30 0 20 14 18 24 14 5 13 23 0 0 0 0 0 0 25 7 0 0 0 0 0 0 0 34 6 14 2 21 0 0 0 0 0 13 119 0 0 356 0 0 8 12 32 17 0 0 0 0 7 0 0 0 0 0 0 0 0 22 22 27 16 18 34 17 0 32 10 0 20 0 0 0 27 0 41 30 10 0 8 0
0 1 0 1 1 0 0 0 251 181 86 26 1 106 63 0 13 0 0 0 0 1 1 1 1 1 1 2 2 41 11 245 96 1 11 0 0 341 32 360 21 0 1 17 0 1 0 0 0 0 1 1 0 1 3 0 0 1 3 1 0 1 1 1 1 0 0 1 1 0 0 0 0 0 0 0 2 0 2 1 0 4 0 0 2 1 0 1 2 0 0 0 0 0 0 3 0 0 33 0 0 1 0 1 1 0 0 0 0 0 0 0 0 0 0 0 0 0 0 0 0 0 0 0 0 0 0 0 0 0 0 0 0 0 0 0 0 0 0 0 0
0 1 0 1 1 0 0 0 156 120 59 27 3 68 30 0 6 0 0 0 0 1 1 2 1 1 0 1 3 19 4 113 47 0 15 0 0 53 62 68 1 0 1 9 0 1 0 0 0 0 1 0 0 1 2 0 0 1 2 1 0 2 1 1 1 0 0 1 2 0 0 0 0 0 0 0 0 0 1 0 0 2 0 0 2 1 1 0 1 0 0 0 0 0 0 3 0 0 15 0 0 2 1 2 0 0 0 0 0 0 0 0 0 0 0 0 0 0 0 0 0 0 0 0 0 0 0 0 0 0 0 0 0 0 0 0 0 0 0 0 0
0 0 0 0 0 19 0 4 24909 18671 8876 3006 118 5510 5914 3 877 0 11 11 20 48 50 103 44 108 19 33 0 3470 234 22754 8886 872 1109 0 0 0 0 5783 56 24 123 1796 0 47 230 22 1 0 24 248 24 39 307 0 0 83 206 61 69 80 65 35 51 33 12 27 52 0 0 0 0 0 0 52 0 1 46 66 11 108 9 3 103 35 39 88 78 39 65 0 0 0 32 214 0 0 1577 3 0 33 16 68 39 0 0 0 0 1 0 0 0 14 0 37 0 124 0 0 55 36 35 64 41 0 62 29 0 48 17 0 0 54 0 76 64 0 0 29 0
1 5 0 0 3 4 0 0 18019 12808 7033 2726 36 6171 1447 0 1276 0 3 4 7 15 0 32 15 34 0 4 8 891 239 5595 2187 0 235 0 0 3843 0 5122 9 0 160 3728 0 5 0 0 0 0 6 0 15 26 416 0 0 11 46 6 0 13 2 9 0 8 2 7 11 0 0 0 0 0 0 10 0 0 0 0 0 0 0 0 53 0 0 90 30 0 0 0 0 0 0 27 0 0 3941 0 0 0 0 18 5 0 0 0 0 0 0 0 0 0 0 104 0 0 0 0 5 0 4 11 0 0 13 0 0 0 0 0 0 5 0 13 7 0 0 0 0
0 4 0 0 2 4 0 0 4790 2 1913 742 6 2927 1 0 0 0 1 1 2 13 0 33 14 24 14 25 0 462 0 9577 2600 0 352 0 0 0 0 0 1 0 0 496 0 6 0 0 0 0 6 0 4 5 36 0 0 2 3 0 0 1 0 6 0 7 0 6 8 0 0 0 0 0 0 0 0 0 33 0 0 31 0 0 40 0 0 82 47 0 0 0 0 0 0 0 0 0 778 0 0 2 0 2 0 0 0 0 0 0 0 0 0 0 0 1 0 0 0 0 0 0 0 0 0 0 0 0 0 0 0 0 0 0 0 2 0 0 0 0 0
0 0 0 0 0 0 0 0 0 0 0 0 0 0 0 0 0 0 0 0 0 0 0 6 0 0 2 2 2 0 0 0 0 0 0 0 0 0 0 0 0 0 0 0 0 0 0 0 0 0 0 0 0 0 0 0 0 0 0 0 0 4 0 25 2 4 1 5 2 0 0 0 0 0 0 0 0 0 3 0 0 0 0 0 1 0 0 0 7 0 0 0 0 0 0 0 0 0 0 0 0 0 0 0 0 0 0 0 0 0 0 0 0 0 0 0 0 0 0 0 0 0 0 0 0 0 0 0 0 0 0 0 0 0 0 0 0 0 0 0 0
2 15 5 16 11 13 0 5 9 8 4 2 0 3 1 3 436 0 22 2 186 45 62 153 54 61 48 90 78 14 35 0 15 104 22 1 1 0 72 79 101 0 36601 3553 205 13 372 633 0 0 10 0 119 221 353 246 12 76 52 25 40 51 44 28 54 35 14 26 64 0 0 116 0 0 535 78 0 415 4 40 0 0 0 0 78 30 48 2 38 4 0 0 0 0 42 6 0 4 155 0 0 84 0 40 0 0 0 0 0 22 0 0 35 0 0 39 0 116 29 29 37 13 24 40 20 14 45 10 5 33 16 0 8 35 0 40 29 282 31 0 0
2 19 9 29 17 14 0 0 16 15 8 0 0 7 21 0 97 0 10 11 58 10 0 15 10 16 87 151 117 1 0 0 23 0 0 0 0 0 0 59 8 0 0 0 11 21 0 35 0 0 8 0 266 490 44 0 5 65 30 21 42 233 184 9 6 9 2 8 237 0 12 488 0 0 125 112 0 0 0 0 0 0 0 0 12 4 5 0 7 0 0 0 0 164 0 21 0 0 42 0 0 15 0 20 0 0 0 0 0 0 0 0 0 0 0 0 0 0 89 94 106 65 62 101 85 96 118 83 78 97 95 78 78 96 51 105 91 119 6 34 0
0 1 0 0 1 1 0 0 0 0 0 40 3 0 2 0 78 0 16 20 15 3 0 2 2 4 0 0 5 0 0 0 0 0 0 0 0 0 0 0 1 0 7 0 0 0 0 0 0 0 3 0 2 3 0 0 0 1 1 0 0 0 0 0 0 0 0 0 0 0 0 0 0 0 0 4 0 0 0 0 0 0 0 0 4 0 0 0 3 0 0 0 0 0 0 1 0 0 0 0 0 0 0 0 0 0 0 0 0 0 0 0 0 0 0 0 0 0 0 0 0 8 0 0 0 0 4 0 0 0 0 0 0 0 0 12 0 24 0 0 0
7 64 36 112 61 0 2 15 56 52 27 17 1 21 2 0 189 1 6 4 28 2706 62 8536 939 1693 220 440 340 69 115 9 26 304 379 5 8 102 584 56 44 0 0 249 0 8276 0 68 0 0 20 0 12 22 0 0 0 857 275 79 31 212 105 179 113 72 73 187 244 0 0 0 0 0 71 223 1529 1201 0 0 0 0 0 0 1811 9 15 7 16 0 0 10 0 0 26 0 0 0 116 10 0 90 0 46 5 0 0 0 0 0 0 0 0 0 0 0 0 14 1238 1026 544 372 590 1008 1103 417 481 288 400 523 506 429 445 468 361 486 440 0 89 110 0
0 2 0 4 2 0 0 0 2 1 1 0 0 0 0 0 7 0 0 0 1 108 0 345 37 68 0 0 1 0 0 0 0 0 0 0 0 0 0 0 15 0 0 7 0 0 0 0 0 0 1 0 1 0 0 0 0 31 3 0 0 4 0 15 1 30 0 14 23 0 0 0 0 0 0 0 0 0 0 0 0 0 0 0 73 0 0 0 0 0 0 0 0 0 0 0 0 0 0 0 0 27 0 0 0 0 0 0 0 12 0 0 0 0 0 0 0 0 34 24 11 0 19 33 21 0 13 0 0 5 0 0 0 9 0 11 0 0 0 0 0
7 60 27 107 54 0 0 11 52 48 25 10 0 21 3 0 85 0 4 4 8 539 2 1685 197 347 42 42 2090 459 2191 79 170 1374 817 25 40 0 1357 1083 485 0 130 378 793 147 0 3518 0 0 9 0 107 198 0 29 215 1488 830 89 103 85 58 63 0 86 87 62 112 0 0 666 0 0 61 169 0 23289 0 0 0 0 0 0 392 16 3 2 30 0 0 0 0 0 0 0 0 0 17 0 0 91 0 59 0 0 0 0 0 14 0 0 0 11 0 100 29 36 1002 1011 965 676 601 964 1005 1094 1004 870 989 944 1092 1111 931 862 937 874 808 127 0 3 0
1 11 2 14 10 9 0 0 10 9 5 0 0 4 2 4 24 0 2 3 4 15 7 21 17 26 106 114 129 17 29 0 31 70 5 1 1 0 204 195 341 0 0 33 0 42 0 0 1 0 32 70 527 982 745 0 56 264 194 97 105 69 37 40 0 35 23 44 90 0 0 321 0 0 62 68 0 674 59 312 163 185 160 11 384 184 278 3 183 221 152 0 88 0 29 34 0 0 0 0 0 42 0 31 0 0 0 0 172 484 0 0 0 0 0 245 0 53 37 38 48 25 30 52 28 10 56 20 6 38 20 0 13 44 0 55 28 1423 0 9 0
3 29 21 0 18 40 0 0 5 3 1 1 0 1 1 0 0 0 0 0 0 104 215 387 118 17 0 1 0 0 0 0 0 0 0 0 0 0 0 0 0 0 0 0 0 1 0 0 0 0 0 0 0 20 0 0 0 0 0 0 0 0 0 1 2 2 3 0 0 0 0 0 0 0 0 0 0 0 1 6 0 2 2 0 7 0 0 0 0 3 3 0 0 0 0 0 0 0 0 0 0 6 0 0 0 0 0 0 0 0 0 0 0 0 0 0 0 0 0 0 0 0 0 0 0 0 0 0 0 0 0 0 0 0 0 0 0 0 0 0 0
1126 6915 2533 2387 6742 4604 975 22711 1698 1254 1018 1253 645 621 4876 529 5620 9291 1588 1914 365 794 959 1279 360 443 2881 6446 494 91 8 0 24 37 33 3 12 30 371 148 879 32 15 161 562 333 307 27 55 0 441 178 204 202 37 297 84 865 132 382 232 42 157 117 686 223 112 154 365 0 0 84 33874 61860 6 39 103 84 17 117 0 36 0 46384 1162 53 22 27 3440 1523 0 1661 472 52 396 21 0 0 43 1888 1399 316 7285 11426 1275 0 0 0 0 409 0 16 0 0 0 198 186 247 150 135 68 11 79 120 69 0 61 0 473 529 515 393 222 183 150 129 115 132 0 61 2
0 0 0 0 0 0 0 0 0 0 0 0 0 0 0 0 0 0 0 0 0 0 0 0 0 0 0 0 0 0 0 0 0 0 0 0 0 0 0 0 0 0 0 0 0 0 0 0 0 0 0 0 0 0 0 0 0 0 0 0 0 0 0 0 0 0 0 0 0 0 0 0 0 0 0 0 0 0 0 0 0 0 0 0 0 0 0 0 0 0 0 0 0 0 0 0 0 0 0 0 0 0 0 0 0 0 0 0 0 0 0 0 0 0 0 0 0 0 0 0 0 0 0 0 0 0 0 0 0 0 0 0 0 0 0 0 0 0 0 0 0
28 183 35 75 143 125 17 442 177 124 83 50 12 66 105 0 180 176 63 70 128 39 21 2420 976 1912 40 114 150 83 111 30 196 223 333 0 1 0 942 359 58 480 121 1356 107 90 2098 0 0 0 76 0 51 157 4243 5411 89 179 165 136 278 661 491 411 0 1035 0 300 630 324 130 1142 639 1167 6 578 525 306 48 289 154 218 159 1056 100 34 33 5 104 300 329 0 0 0 257 187 0 0 0 0 0 592 39 321 0 0 0 0 0 0 0 0 0 0 0 0 0 6800 44 40 55 33 42 91 27 0 67 0 0 34 0 0 0 62 0 125 103 0 0 158 0
1 11 4 0 4 16 0 0 2 1 0 0 0 0 0 0 0 0 0 0 0 41 79 155 48 2 0 0 0 0 0 0 0 0 0 0 0 0 0 0 0 0 0 0 0 0 0 0 0 0 0 0 0 0 0 0 0 0 0 0 0 0 0 0 0 0 1 0 0 0 0 0 0 0 0 0 0 0 0 0 0 0 0 0 2 0 0 0 0 0 0 0 0 0 0 0 0 0 0 0 0 0 0 0 0 0 0 0 0 0 0 0 0 0 0 0 0 0 0 0 0 0 0 0 0 0 0 0 0 0 0 0 0 0 0 0 0 0 0 0 0
38 339 233 110 207 468 1 202 63 37 8 6 0 15 13 0 8 1 0 0 0 218 440 1379 347 30 0 0 0 0 0 0 0 0 0 0 0 0 0 0 0 0 0 0 0 0 0 0 0 0 1 0 0 0 0 0 0 0 0 0 0 1 0 2 0 3 6 1 0 0 0 0 4 8 0 0 0 1 0 0 0 0 0 2 13 0 0 0 1 0 0 0 0 0 0 0 0 0 0 0 0 10 0 0 0 0 0 0 0 0 0 0 0 0 0 0 0 0 0 0 0 0 0 0 0 0 0 0 0 0 0 0 0 0 0 0 0 0 0 0 0
67 1135 402 202 387 774 7 433 150 93 37 14 1 42 49 0 154 51 3 13 8 3534 4630 13242 4434 422 3009 5972 912 2 0 0 41 2 0 0 0 0 0 0 17 0 0 59 1193 1376 539 0 88 0 296 0 20 26 0 0 168 533 428 331 891 213 1697 795 9062 1567 559 461 868 0 0 74 179 328 0 506 8 96 175 2081 86 893 320 424 1430 293 4 36 534 992 557 0 2557 339 1056 0 0 0 0 0 9 903 3231 147 0 0 0 0 21 0 0 0 0 0 0 81 0 0 1309 1252 738 558 620 983 1047 348 494 293 3056 3425 3830 3095 1932 1379 1769 1084 1038 0 0 48 0
20 178 106 315 177 130 4 31 154 145 72 36 0 48 0 0 511 3 42 36 86 419 727 741 303 279 1965 1808 880 242 265 44 134 5533 380 18 27 220 1269 882 104 0 445 2375 1954 173 0 140 1 0 74 0 485 899 2237 0 701 296 378 272 392 281 246 951 138 80 79 131 927 0 185 926 0 0 4405 3264 2890 347 0 22 0 0 0 0 60 27 23 37 33 1 0 0 0 214 2032 0 0 0 0 8 0 984 0 77 0 0 0 0 0 0 0 0 0 0 0 0 0 5 558 590 632 444 365 590 565 695 680 530 607 605 634 611 595 575 512 617 571 262 44 97 0
4 35 17 62 31 26 1 8 29 28 15 6 0 12 11 9 21 2 1 1 2 540 1090 668 275 339 370 37 37 976 52 6 32 189 81 6 8 72 380 266 1 0 0 1 733 145 0 0 0 0 3 0 2 4 0 0 0 9 39 29 0 4 0 3 0 3 0 2 0 0 0 231 2 3 0 114 0 350 0 0 0 0 0 1 21 4 0 1 16 0 0 0 0 0 644 0 0 0 0 0 0 0 0 9 0 0 0 0 0 0 0 0 0 0 0 0 0 0 0 0 0 0 0 0 0 0 0 0 0 0 0 0 0 0 0 0 0 0 0 0 0
0 3 0 2 2 2 0 0 2 2 1 0 0 1 1 0 3 0 1 1 1 5 0 34 7 2 0 0 0 0 0 0 4 0 0 0 0 0 0 0 1 0 0 0 0 0 0 0 0 0 3 0 1 1 0 0 0 0 0 16 0 0 0 0 0 1 0 0 0 0 0 0 0 1 0 0 0 12 0 0 0 0 0 0 11 0 0 0 8 0 0 0 0 0 0 0 0 0 0 0 0 0 0 20 0 0 0 0 0 0 0 0 0 0 0 0 0 21 0 0 0 0 0 0 0 0 0 0 0 0 0 0 0 0 0 0 0 0 0 0 0
0 2 0 2 4 1 0 0 2 1 1 0 0 0 1 0 2 0 1 1 3 0 0 6 4 0 0 0 0 0 0 0 0 0 0 0 0 0 0 0 1 0 0 0 0 0 0 0 0 0 1 0 1 0 0 0 0 443 0 0 0 0 0 0 0 1 0 0 0 0 0 0 1 2 0 0 0 0 0 0 0 0 0 0 5 0 0 0 4 0 0 0 0 0 0 0 0 0 0 0 0 0 0 2 0 0 0 0 0 0 0 0 0 0 0 0 0 0 0 0 0 0 0 0 0 0 0 0 0 0 0 0 0 0 0 0 0 0 0 0 0
2 17 0 12 17 10 1 9 8 7 4 0 0 3 4 4 15 3 3 3 5 77 109 350 68 28 0 0 21 0 0 0 18 0 0 0 0 0 0 6 5 0 0 5 0 8 0 0 0 0 10 0 8 11 0 0 0 0 57 0 0 0 0 7 0 3 1 7 0 0 0 0 12 22 0 0 0 13 0 0 0 0 0 40 69 7 45 2 54 0 0 0 0 1494 0 0 0 0 0 0 0 23 0 25 0 0 0 0 0 0 0 0 0 0 0 0 0 0 0 0 0 0 2 7 0 0 8 0 0 0 0 0 0 0 0 8 0 0 0 0 0
1 12 0 21 11 9 0 3 10 9 5 0 0 4 4 3 4 1 0 1 1 12 10 32 15 1 0 951 0 337 3 0 14 44 12 1 2 0 111 89 1 0 0 1 0 33 0 0 0 0 0 0 20 36 0 0 763 3458 10686 1086 0 119 0 0 1677 1 0 0 26 0 0 41 3 6 85 13 0 0 0 0 0 0 0 0 23 0 0 0 22 0 0 0 0 0 4 0 0 0 0 0 0 0 0 4 0 0 0 0 0 0 0 0 0 0 0 0 0 0 114 120 140 79 83 131 102 124 160 103 97 128 127 96 86 127 51 130 108 0 0 0 0
1 5 0 7 5 3 1 10 2 1 1 0 1 1 2 2 7 6 15 12 39 431 590 828 375 276 56 0 29 0 0 0 14 0 0 0 0 0 0 0 0 0 0 28 0 0 0 0 0 0 12 0 3 0 0 0 0 35 12 161 0 0 3032 12 0 23 0 7 0 0 1196 2307 14 25 883 593 0 0 0 0 0 0 0 11 7 0 0 1 5 0 0 0 0 0 0 0 0 0 0 0 0 0 0 7 0 0 0 0 0 0 0 0 0 0 0 0 0 0 0 0 0 0 0 0 0 0 0 0 0 0 0 0 0 0 0 0 0 0 0 0 0
1 12 0 16 12 7 2 28 4 3 2 4 3 2 5 4 16 13 35 25 84 915 1652 1758 797 586 126 118 52 1 0 0 36 0 0 0 0 0 0 6 1 0 0 63 0 2 0 0 0 0 26 0 6 11 0 0 5 82 21 364 62 0 0 23 0 48 22 14 1812 0 3078 4975 30 56 1944 1332 0 4083 0 0 0 0 0 0 14 0 0 2 13 16 0 0 0 0 0 0 0 0 0 0 0 0 0 22 0 0 0 0 0 0 0 0 0 0 0 0 0 0 0 0 0 0 0 0 0 0 0 0 0 0 0 0 0 0 0 0 0 0 0 0 0
0 0 0 0 0 0 0 0 0 0 0 0 0 0 0 0 1 0 0 0 1 28 19 0 77 17 0 0 0 0 0 0 0 0 0 0 0 0 0 0 0 0 0 2 0 0 0 0 0 0 0 0 0 0 0 0 0 23 15 0 0 0 0 0 0 0 0 0 817 0 0 0 0 0 0 0 54 0 0 0 0 0 0 0 0 0 0 0 0 0 0 0 0 0 0 0 0 0 0 0 0 0 0 0 0 0 0 0 0 0 0 0 0 0 0 0 0 0 0 0 0 0 0 0 0 0 0 0 0 0 0 0 0 0 0 0 0 0 0 0 0
0 4 0 5 3 2 0 6 1 1 1 0 0 0 2 0 5 3 3 2 28 385 776 508 241 247 2 0 0 0 0 0 10 0 0 0 0 0 16 14 0 0 0 28 0 0 8 53 0 0 1 44 1 4 0 0 83 85 210 0 0 146 282 4 0 15 0 4 2248 0 0 2494 9 16 512 365 246 1655 0 0 0 0 0 0 1 0 0 0 3 0 0 0 0 0 0 0 0 0 0 0 0 0 0 7 0 0 0 0 0 0 0 0 0 0 0 0 0 0 0 0 0 0 0 0 0 0 0 0 0 0 0 0 0 0 0 0 0 0 0 0 0
0 1 0 0 1 0 0 0 0 0 0 0 0 0 0 0 1 1 0 0 0 0 0 31 47 1 0 0 0 0 0 0 0 0 0 0 0 0 0 0 0 0 0 0 0 0 0 0 0 0 0 0 0 0 0 0 0 0 0 0 0 0 0 0 0 0 0 0 0 0 0 0 2 3 0 0 0 0 0 0 0 0 0 0 0 0 0 0 0 0 0 0 0 0 0 0 0 0 0 0 0 0 0 1 0 0 0 0 0 0 0 0 0 0 0 0 0 0 0 0 0 0 0 0 0 0 0 0 0 0 0 0 0 0 0 0 0 0 0 0 0
0 2 0 1 2 1 0 4 1 1 0 0 0 0 1 0 3 2 0 2 14 0 299 363 178 97 0 0 0 0 0 0 8 0 0 0 0 0 0 0 0 0 0 16 0 0 0 0 0 0 0 9 0 0 0 0 0 2 1 0 2 317 0 2 1 5 0 2 91 0 97 76 6 11 0 42 0 630 0 0 0 0 0 7 5 0 0 0 4 0 0 0 0 0 0 0 0 0 0 0 0 0 0 5 0 0 0 0 0 0 0 0 0 0 0 0 0 0 0 0 0 0 0 0 0 0 0 0 0 0 0 0 0 0 0 0 0 0 0 0 0
0 0 0 0 0 0 0 0 0 0 0 0 0 0 0 0 0 0 0 0 0 2 0 127 67 0 0 0 0 0 0 0 0 0 0 0 0 0 0 0 0 0 0 2 0 0 0 0 0 0 0 0 0 0 0 0 0 11 11 0 8 0 0 0 0 0 0 0 0 0 0 0 0 0 0 15 0 0 0 0 0 0 0 0 0 0 0 0 0 0 0 0 0 0 0 0 0 0 0 0 0 0 0 1 0 0 0 0 0 0 0 0 0 0 0 0 0 0 0 0 0 0 0 0 0 0 0 0 0 0 0 0 0 0 0 0 0 0 0 0 0
0 3 0 3 2 2 0 7 1 1 1 0 1 0 1 0 5 3 59 25 11 159 106 82 68 0 0 0 0 0 0 0 6 0 0 0 0 0 0 0 0 0 0 16 0 0 0 0 0 0 2 0 6 3 0 0 2 29 12 81 0 11 0 0 0 35 0 19 0 1067 1338 1722 8 15 1932 344 0 0 0 0 0 0 0 13 9 7 0 1 6 0 0 0 0 0 0 0 0 0 0 9 0 0 0 1 0 0 0 0 0 0 0 0 0 0 0 0 0 0 0 0 0 0 0 0 0 0 0 0 0 0 0 0 0 0 0 0 0 0 0 0 0
61 557 375 952 718 425 9 83 466 430 208 108 2 122 90 129 463 6 521 331 2534 6041 0 11426 3952 3800 28 6406 2862 192 186 42 123 4428 267 14 21 237 861 595 214 75 1364 711 1035 361 413 59 15 43 555 0 31 50 177 457 144 1421 262 814 680 5565 573 2131 2702 1449 1217 2451 0 0 8399 7042 0 0 4521 2346 1622 19549 196 1084 945 1026 946 46 1247 972 1476 625 989 1228 1280 0 677 1730 626 137 0 0 0 0 0 135 0 50 0 0 0 0 0 0 0 0 0 0 0 30 0 0 5627 5665 5434 4585 3332 5290 5564 7093 6392 0 6554 6347 0 0 6321 5684 4336 5724 5391 0 1479 244 0
38 149 55 268 446 233 2 25 36 37 20 6 0 17 34 32 46 11 90 62 270 6677 1 2753 1849 4256 1347 1167 619 42 40 5 235 183 105 3 5 47 389 185 59 40 0 141 2728 210 199 117 20 163 687 0 127 201 399 0 192 374 300 329 273 0 0 294 451 186 0 298 0 0 0 1209 0 0 622 397 84 6 149 782 524 290 240 36 986 299 448 11 297 348 398 0 1787 0 1063 154 0 0 0 16 0 615 0 64 38 0 0 0 0 0 0 0 0 0 0 0 0 0 235 246 260 189 152 251 240 216 274 229 189 243 209 196 203 236 171 266 246 19 0 52 0
3 26 11 23 22 19 1 3 22 21 11 1 0 9 7 5 59 0 7 8 13 9 8 2425 1332 45 0 4 95 16 13 0 139 34 15 1 2 0 89 81 22 0 0 36 235 68 0 0 1 0 38 0 33 39 0 0 0 39 53 38 0 0 0 62 0 25 0 5 0 0 0 0 0 0 0 62 0 4 0 0 0 0 0 0 57 19 25 2 29 0 0 0 0 0 29 0 0 0 0 0 0 35 177 123 0 0 0 0 0 0 0 0 0 0 0 0 0 0 29 27 43 13 32 65 14 0 58 0 0 21 0 0 0 45 0 84 67 84 0 18 0
0 0 0 0 0 0 0 0 0 0 0 0 0 0 0 0 0 0 0 0 0 0 0 0 0 0 0 0 0 0 0 0 0 0 0 0 0 0 0 0 0 0 0 0 0 0 0 0 0 0 0 0 0 0 0 0 0 1 0 0 0 0 0 0 0 0 0 0 0 0 0 0 0 0 0 0 0 0 0 0 0 0 0 0 0 0 0 0 0 0 0 0 0 0 0 0 0 0 0 0 0 0 0 0 0 0 0 0 0 0 0 0 0 0 0 0 0 0 0 0 0 0 0 0 0 0 0 0 0 0 0 0 0 0 0 0 0 0 0 0 0
0 0 0 0 0 0 0 0 0 0 0 0 0 0 0 0 0 0 0 0 0 0 0 0 0 0 0 0 0 0 0 0 0 0 0 0 0 0 0 0 0 0 0 0 0 0 0 0 0 0 0 0 0 0 0 0 0 0 0 0 0 0 0 0 0 0 0 0 0 0 0 0 0 0 0 0 0 0 0 0 0 0 0 0 0 0 0 0 0 0 0 0 0 0 0 0 0 0 0 0 0 0 0 0 0 0 0 0 0 0 0 0 0 0 0 0 0 0 0 0 0 0 0 0 0 0 0 0 0 0 0 0 0 0 0 0 0 0 0 0 0
2 23 11 21 21 18 0 3 20 19 10 1 0 8 3 63 42 1 8 8 13 20 5 20 17 20 72 108 102 5 0 0 0 52 6 0 0 1 77 61 10 0 0 13 0 44 0 0 0 0 35 0 31 33 47 0 50 37 52 63 0 0 0 40 0 23 6 45 0 0 0 8 0 0 0 994 195 20 0 0 0 0 0 0 28 6 2 1 15 0 18 0 0 0 0 42 0 0 0 0 0 6 0 5 21 0 0 0 2 0 0 225 0 0 0 0 0 0 163 170 178 129 107 181 162 180 188 143 209 213 173 154 200 177 137 204 184 0 0 0 0
0 2 0 5 2 2 0 0 2 2 1 0 0 1 1 2 798 1 3 3 5 630 1263 361 159 408 61 61 34 0 0 0 37 0 0 0 0 0 0 1 9 0 0 0 0 0 0 0 1 0 2 0 28 20 0 0 0 3 8 0 0 0 0 6 0 16 0 0 0 0 0 0 0 0 0 0 1048 4 0 0 0 0 0 0 17 2 8 4 9 0 0 0 0 0 0 53 0 0 0 4388 0 176 0 45 823 0 0 0 0 0 0 0 0 0 0 0 0 0 46 34 18 35 23 38 27 15 56 27 16 62 51 30 27 56 13 58 41 3 0 0 0
1 8 1 7 6 6 0 0 6 6 3 0 0 2 1 105 383 1 2 2 4 1104 2083 2050 903 704 2 1398 617 5 0 0 14 0 0 0 0 14 276 265 508 39 515 114 0 298 110 72 1 0 41 0 27 48 0 0 58 386 73 95 110 578 354 0 0 84 72 59 1227 0 0 779 0 0 0 0 0 100 27 141 60 113 105 7 200 105 157 1 103 133 119 0 0 0 68 0 0 0 0 280 0 2652 667 1876 0 0 0 0 0 58 0 0 0 0 0 0 107 0 516 545 567 402 326 518 532 660 598 527 595 553 645 662 553 508 559 516 479 31 333 39 0
0 1 0 0 1 1 0 0 1 1 0 0 0 0 0 0 1 0 0 0 0 0 0 0 1 1 0 0 2 0 0 0 0 0 0 0 0 0 2 1 0 0 0 0 0 61 0 0 0 0 1 0 0 0 0 0 0 0 0 0 0 201 0 3081 0 1693 0 3742 1408 0 0 0 0 0 0 0 0 0 0 1 0 0 0 0 1 0 0 0 0 0 0 0 0 0 0 0 0 0 0 0 0 0 0 0 0 0 0 0 0 0 0 0 0 0 0 0 0 0 0 0 0 0 0 0 0 0 0 0 0 0 0 0 0 0 0 0 0 0 0 0 0
0 4 2 6 18 0 0 2 6 3 3 0 0 1 4 0 7 5 7 9 19 35 62 22 51 13 0 37 39 0 0 0 0 1 6 0 0 0 15 0 0 0 1 11 10 45 10 0 0 0 0 0 4 1754 0 0 10 23 24 43 39 25 107 8 111 400 7 17 4 0 0 6 0 0 7 4 0 0 0 0 0 0 0 0 0 0 0 0 0 200 202 0 0 0 0 0 0 0 0 0 0 17 0 1 4 0 0 0 0 0 0 0 0 0 0 4 0 0 8 9 13 3 8 13 5 0 4 0 20 14 10 0 0 0 0 0 0 0 0 0 0
0 17 5 24 73 1 0 7 23 10 11 0 0 5 15 2 26 1 28 34 76 138 240 94 75 53 0 0 146 3 0 0 0 8 20 0 0 0 69 20 20 0 3 42 13 165 23 0 0 0 0 0 13 22 0 0 30 81 86 135 135 96 409 32 429 29 27 66 10 0 0 9 0 0 21 17 0 0 0 0 0 0 0 0 0 0 0 0 0 380 383 0 0 0 0 0 0 0 0 14 0 57 0 2 15 0 0 0 0 0 0 0 0 0 0 11 0 0 35 37 50 16 29 49 26 0 16 0 87 56 46 0 0 0 0 1 0 0 0 0 0
1 3470 28 68 211 3 0 27 64 30 33 4 0 14 42 5 77 0 87 97 218 394 768 269 214 154 594 1140 457 22 7 0 5 78 130 1 2 0 285 107 65 57 31 135 117 492 159 0 0 113 0 0 48 109 0 65 131 266 267 538 455 293 1214 92 1250 85 87 190 49 0 0 139 0 0 116 67 0 0 0 0 0 0 0 0 0 0 0 0 0 1166 1175 0 0 0 0 7 0 0 2 46 0 196 46 26 46 9 0 0 0 0 0 0 0 0 0 49 0 2 150 161 177 113 101 161 150 66 59 53 379 213 227 0 0 22 0 23 8 0 2 38 0
0 26 13 37 111 2 0 13 34 16 17 0 0 7 23 2 40 1 45 52 116 209 393 147 117 81 223 355 238 7 0 0 1922 26 53 0 0 0 130 0 16 5 11 67 38 252 65 0 0 0 0 0 22 48 0 8 59 132 135 247 213 152 633 48 656 45 44 100 18 0 0 51 0 0 49 30 0 0 0 0 0 0 0 0 0 0 0 0 0 583 587 0 0 0 0 0 0 0 0 24 0 99 24 13 23 0 0 0 0 0 0 0 0 0 0 23 0 0 70 75 87 49 49 81 66 17 29 15 177 103 102 0 0 7 0 8 0 0 0 0 0
1 49 27 69 211 3 0 27 64 30 33 2 0 14 43 5 75 0 85 97 216 391 749 270 215 152 643 1175 453 22 9 0 5 70 128 1 2 0 282 103 62 52 28 128 1126 467 150 0 0 90 0 0 41 90 0 45 124 251 253 507 415 288 1190 90 1224 83 86 186 48 0 0 124 0 0 106 69 0 0 0 0 0 0 0 0 0 0 0 0 0 981 989 0 0 0 0 3 0 0 13 45 0 192 45 25 43 0 0 0 0 0 0 0 0 0 0 43 0 7 143 153 169 108 96 154 143 63 57 50 361 203 216 0 0 20 0 22 8 0 16 38 0
0 2 1 3 11 0 0 1 3 2 2 0 0 1 2 0 4 0 4 5 11 20 38 14 11 8 33 60 22 1 0 0 0 3 6 0 0 0 13 4 3 1 1 6 4 24 8 0 0 0 0 0 2 0 0 2 0 7 7 0 11 0 3 4 46 1 0 9 0 0 0 6 0 0 5 3 0 0 0 0 0 0 0 0 0 0 0 0 0 54 55 390 0 0 0 0 0 0 0 2 0 10 2 1 2 0 0 0 0 0 0 0 0 0 0 3 0 0 3 3 6 0 4 6 1 0 2 0 8 6 3 0 0 0 0 0 0 0 0 0 0
0 0 0 0 0 0 0 0 0 0 0 0 0 0 0 0 0 0 0 0 1 1 0 1 1 0 0 1 0 0 0 0 0 0 0 0 0 0 0 0 0 0 0 0 0 0 0 0 0 0 0 0 0 0 0 0 0 0 0 0 0 0 0 0 0 0 0 1 0 0 0 0 0 0 0 0 0 0 0 1 0 0 0 0 0 0 0 0 0 4 4 0 0 0 0 0 0 0 0 0 0 0 0 0 0 0 0 0 0 0 0 0 0 0 0 0 0 0 0 0 0 0 0 0 0 0 0 0 0 0 0 0 0 0 0 0 0 0 0 0 0
0 4 0 6 14 0 0 1 5 2 3 0 0 1 3 0 6 0 7 8 18 32 47 22 17 12 100 137 35 0 0 0 0 0 0 0 0 0 13 1 4 0 0 9 0 37 0 0 0 0 0 0 3 7 0 0 0 13 17 0 13 19 87 7 98 6 4 15 0 0 0 0 0 0 0 0 0 0 0 0 0 0 0 0 0 0 0 0 0 79 80 0 0 0 0 0 0 0 0 3 0 9 4 2 3 0 0 0 0 0 0 0 0 0 0 0 0 0 0 0 5 0 3 8 0 0 1 0 0 2 0 0 0 0 0 0 0 0 0 0 0
0 3 2 4 7 0 0 1 4 2 2 0 0 1 2 0 4 0 5 5 12 22 43 15 12 8 60 93 25 0 0 0 0 2 0 0 0 0 5 6 4 0 0 5 0 25 0 0 0 0 0 0 2 5 0 0 6 12 14 0 23 13 59 5 66 4 3 10 1 0 0 0 0 0 0 0 0 0 0 0 0 0 0 0 0 0 0 0 0 53 54 0 0 0 0 0 0 0 0 1 0 0 2 1 2 0 0 0 0 0 0 0 0 0 0 3 0 0 0 0 1 0 0 3 0 0 0 0 0 0 0 0 0 0 0 0 0 0 0 0 0
0 0 0 0 0 0 0 0 0 0 0 0 0 0 0 0 0 0 24 0 0 8 0 0 0 0 0 0 0 0 0 0 0 0 0 0 0 0 0 0 0 0 0 0 0 14 0 0 0 0 0 0 0 0 0 0 0 0 0 0 0 0 0 0 0 0 0 0 0 0 0 0 0 0 0 0 0 0 0 0 0 0 0 0 0 0 0 0 0 0 0 0 0 0 0 0 0 0 0 0 0 0 0 0 0 0 0 0 0 0 0 0 0 0 0 0 0 0 0 0 0 0 0 0 0 0 0 0 0 0 0 0 0 0 0 0 0 0 0 0 0
0 0 0 0 0 0 0 0 0 0 0 0 0 0 0 0 0 0 0 0 0 1 0 2 1 1 0 0 0 0 0 0 0 0 0 0 0 0 0 0 0 0 0 0 0 0 0 0 0 0 0 0 0 0 0 0 0 0 0 0 0 0 0 0 0 0 0 0 0 0 0 0 0 0 0 0 0 0 0 0 0 0 0 0 0 0 0 0 0 1 1 0 0 0 0 0 0 0 0 0 0 0 1 2 0 0 0 0 0 0 0 0 0 0 0 0 0 0 0 0 0 0 0 0 0 0 0 0 0 0 0 0 0 0 0 0 0 0 0 0 0
0 26 13 37 111 2 0 13 35 16 18 0 0 7 23 3 136 2 45 52 116 210 392 143 114 82 0 249 238 9 0 0 0 31 55 0 0 0 134 49 35 0 10 67 29 250 58 0 0 0 0 0 21 44 0 0 55 129 119 232 206 511 0 46 655 44 43 100 21 0 0 45 0 0 47 31 0 0 0 0 0 0 0 0 0 0 0 0 0 0 0 0 0 0 0 11 0 0 0 84 0 359 84 47 79 0 0 0 0 0 0 0 0 0 0 0 0 22 276 295 319 215 180 289 282 143 108 112 698 387 422 23 18 44 0 45 28 0 33 94 0
2 114 66 160 496 7 0 63 150 70 77 8 1 33 100 12 730 2 200 226 504 911 1764 623 496 356 2295 0 1057 55 48 0 18 176 321 3 5 0 674 271 154 169 73 301 201 1085 385 0 0 247 0 0 96 213 0 141 305 593 580 1238 990 2241 1742 207 2855 194 204 434 119 0 0 116 0 0 0 173 0 0 0 0 0 0 0 0 0 0 0 0 0 9465 0 21909 0 0 377 93 0 0 0 458 0 1969 453 256 426 0 74 0 0 42 0 206 0 0 0 0 0 0 1552 1661 1757 1248 997 1576 1628 935 600 150 0 2150 2409 368 278 273 270 276 246 0 363 579 0
2 125 63 177 548 8 1 72 165 77 84 12 1 36 110 13 440 1 351 393 879 1588 3109 1086 864 622 4789 6402 1843 117 149 32 44 374 680 2 10 175 1357 522 196 476 179 663 0 5141 1984 405 47 0 0 1957 881 1991 1454 2030 1756 3287 3016 6993 5550 1476 1198 228 3774 246 272 573 71 280 913 1670 0 0 313 207 199 6 2622 6587 12699 10289 9896 0 16250 7781 13913 17476 9069 3476 0 0 0 360 92 34 205 391 44 168 0 645 166 94 152 0 173 0 0 7 0 0 0 0 50 19 0 0 547 585 631 432 360 570 559 306 216 235 1396 770 847 71 55 90 23 93 82 0 127 165 0
52 451 281 849 370 341 10 92 391 370 187 108 5 127 181 28 441 0 3 3 5 178 324 884 127 126 1276 2008 1306 16 1 0 20 42 46 3 4 58 352 309 32 53 30 101 36 91 46 0 5 0 122 128 87 100 0 94 46 112 115 91 53 147 110 132 93 54 52 132 189 0 0 134 0 0 3 85 28 2 78 405 288 512 479 19 498 476 710 9 467 560 313 327 0 0 0 0 0 0 273 29 0 23 207 350 50 0 0 0 0 0 0 0 0 0 0 144 0 0 2481 2624 2748 2000 1527 2500 2543 3280 2958 2589 2925 2726 3183 3233 2718 2508 2717 2555 2385 254 150 773 2
31 168 100 365 215 187 2 31 190 72 41 26 12 106 217 310 881 6 35 34 114 2736 5496 4192 2981 1951 0 222 3412 92 76 29 567 176 211 6 8 231 1322 960 501 779 0 435 61 629 817 496 10 0 320 557 416 759 0 0 364 758 3246 0 1803 564 191 708 510 293 164 754 1104 0 458 3578 0 0 15 727 205 63 430 2300 2166 2984 2826 104 2835 2719 4135 290 2690 3593 2811 0 620 0 0 11 0 0 0 1018 0 1734 1372 1784 662 1412 520 0 444 716 0 454 980 640 108 550 795 484 1744 1826 1873 1362 1089 1727 1780 2248 2018 1774 2025 1887 2217 2274 1879 1719 1921 1732 1628 534 532 539 0
2 20 8 26 18 15 0 3 17 16 9 2 6 8 4 3 22 1 101 104 94 107 138 57 61 34 3 42 32 39 0 0 2 11 0 0 0 0 90 90 6 0 0 9 0 31 5 0 1 0 22 0 10 11 0 0 0 15 21 26 0 16 4 17 8 21 4 16 22 0 0 0 0 0 551 10 0 4 11 72 23 48 23 2 96 63 89 1 68 1 0 0 108 105 0 283 0 0 0 0 294 283 0 18 18 0 0 0 0 0 0 661 0 0 0 116 0 0 617 657 701 493 399 636 634 805 746 639 720 676 784 791 676 629 654 649 591 0 0 0 0
4 36 22 69 34 27 1 7 31 29 15 7 0 10 4 932 56 0 3 2 3 5 0 2 3 2 265 577 40 0 0 0 0 0 0 0 0 0 0 33 19 0 0 0 41 29 69 0 0 0 1 0 113 77 2 78 21 327 33 83 76 76 32 134 397 224 145 165 174 0 0 416 0 0 0 0 7 19 0 4 0 5 0 0 16 4 0 0 6 0 0 0 198 0 0 0 0 0 3 1 0 0 7 13 2 0 0 0 0 0 0 0 0 80 0 0 0 0 195 184 93 58 90 139 140 0 53 0 1046 1095 0 0 486 328 422 203 126 0 0 0 0
555 4253 2478 2663 3821 3239 112 1116 5178 4288 1455 1476 415 2171 1264 499 3655 6 28 24 24 270 197 292 215 221 37 215 11548 712 699 495 1794 1717 2459 52 72 2788 10185 7709 1133 83 5651 3539 58 4966 5588 1673 16 1342 7758 3760 1320 2105 14826 6135 2780 5520 6161 4583 3432 5764 4595 4577 2652 1444 1525 4839 6058 3450 3311 1443 0 1 4270 4894 13102 210 693 3602 317 1999 1881 187 4363 1824 44 44 1790 2378 2393 0 3459 2577 2161 635 0 0 7970 1748 0 4894 1290 1047 3315 0 453 0 0 80 0 1683 346 392 946 638 375 625 4142 3841 3216 6088 2349 6530 5355 2294 2201 2003 3017 1543 1746 658 10408 3924 480 11118 9863 1627 789 1001 3
11729 2084 1768 2457 1877 256 160 1954 1424 1664 4561 7408 54873 14276 12444 1008 4291 4 632 1405 127 2420 3984 9417 3645 1943 1667 2927 6661 213 59 476 316 7658 1626 192 57 472 631 6580 47 0 3079 244 64 8449 2744 1338 77 887 2550 894 35642 8540 6498 3113 1431 1517 776 906 1883 2498 1956 2075 1673 565 546 3853 1748 1301 2468 2512 0 0 1988 2926 167 50 214 2947 1030 2561 274 512 1425 299 11 133 461 1159 1013 0 1633 204 1203 477 134 0 1285 275 43 3342 2227 3326 2847 0 413 0 105 464 0 50 420 1226 0 192 68 1260 5039 4866 3084 2453 3038 4087 3012 655 697 303 2563 1145 1270 5594 5274 3426 1955 3350 2772 1370 825 1055 0
48 2 0 17 0 15 0 4 82 67 16 35 215 84 88 8 0 2 142 166 169 53 40 100 57 41 290 472 397 0 0 0 0 0 0 0 0 0 0 0 93 0 0 137 0 91 0 121 1 0 28 164 189 124 24 93 2 22 51 51 63 141 108 322 173 95 100 328 211 48 74 119 0 0 41 274 91 0 8 42 0 18 0 5 126 72 108 1 74 81 79 0 0 215 194 0 0 0 0 0 0 234 138 100 80 4213 127 0 240 754 0 66 901 574 0 165 8 162 427 452 474 331 274 433 427 533 495 425 485 452 525 542 458 429 436 435 402 1256 441 0 0
2 2 0 4 2 1 0 0 2 2 1 0 6 2 3 2 16 0 1413 0 1 7191 1 3438 5805 4503 304 264 130 120 0 0 2 14 3 0 1 0 31 23 5 6 11 1 0 33 33 7 2 0 10 139 11 13 8 0 7 65 10 51 171 610 220 27 37 19 20 31 0 29 0 5 0 0 127 0 0 2 6 0 0 0 0 0 3 0 0 0 1 0 0 0 0 0 7 0 0 0 4 0 0 322 157 94 0 0 0 0 3 104 0 0 0 0 0 0 0 0 218 233 251 170 143 226 221 285 270 226 250 242 278 276 230 225 222 227 209 0 0 10 0
53 304 179 591 284 228 7 70 264 249 134 89 96 116 196 129 819 2 5 7 8 8526 199 4258 2653 2643 7 16388 737 17341 1000 333 445 2871 1224 101 148 1447 4517 3988 733 1315 636 1507 1201 7570 3042 1736 13 0 64 2440 626 1070 0 2155 1158 2598 3803 8997 2495 2800 2226 776 2289 3570 1556 302 1658 1215 1656 1576 0 0 834 1022 1245 39 337 1763 472 843 765 84 2165 800 11 2 790 1048 1055 4329 352 958 0 143 8221 0 352 836 0 8897 1510 1930 241 0 203 0 0 35 0 0 0 13 0 1067 17 84 1942 2067 2169 1541 1231 1944 2012 2587 2287 2042 2331 2119 2503 2606 2145 1937 2216 1946 1831 705 291 519 0
2 4 0 7 5 3 0 0 3 3 2 0 5 2 2 1 10 1 1 3 17 2387 4814 1266 930 400 0 43 32 0 0 0 0 9 0 0 0 0 1 0 3 0 0 3 0 0 0 0 0 0 4 0 2 0 0 0 5 11 5 0 7 57 42 16 21 11 10 18 5 0 0 0 0 0 0 0 0 129 0 0 0 0 0 0 10 0 0 4 4 0 0 0 0 0 0 345 0 0 0 0 0 0 0 2 0 0 0 0 0 0 0 0 0 0 0 0 0 0 13 10 22 0 18 28 0 181 331 0 0 50 0 0 0 26 0 29 21 0 0 0 0
2 9 2 17 0 7 0 2 6 7 0 1 3 4 6 7 14 0 0 0 0 3 0 3 4 2 0 41 15 0 0 0 0 3 0 0 0 0 97 103 191 54 67 112 125 432 82 17 10 0 1 0 50 88 0 46 2 6 27 62 31 136 98 363 77 62 450 36 11 85 115 0 0 0 107 35 0 23 137 712 0 0 0 0 0 0 0 0 0 0 0 0 0 0 44 0 0 0 0 0 0 144 0 6 0 0 0 0 0 0 0 0 0 0 0 0 0 0 137 146 161 105 92 147 135 169 176 136 147 152 169 157 133 144 118 0 125 0 0 0 0
0 0 0 0 0 0 0 0 0 0 0 0 0 0 0 0 2 0 0 0 0 5 3 9 4 3 0 4 2 0 0 0 0 0 0 0 0 0 0 0 3 0 0 1 0 2 0 0 0 0 0 0 1 0 0 0 0 0 0 0 0 0 0 0 0 0 0 0 0 0 0 0 0 0 0 0 0 1 0 0 0 0 0 0 1 0 0 0 0 0 0 0 0 0 0 0 0 0 0 0 0 0 0 0 0 0 0 0 0 0 0 0 0 0 0 0 0 0 0 0 0 0 2 3 0 0 4 0 0 0 0 0 0 0 0 0 0 0 0 0 0
0 1 0 2 1 1 0 39 1329 111 70 116 8 764 1135 93 173 1 21 25 20 420 836 413 892 258 163 266 194 0 0 0 0 0 0 0 0 0 0 7 1123 4 81 63 0 33 31 15 1 0 15 37 11 18 71 24 20 22 67 4 26 30 19 19 9 7 5 20 44 26 0 101 0 0 0 0 54 1 0 0 0 0 0 0 62 0 0 0 0 0 0 0 0 0 0 0 0 0 0 0 0 4 343 78 0 0 0 0 100 296 0 0 0 0 0 0 0 41 102 108 121 75 70 110 98 124 133 100 105 0 124 113 96 108 81 110 94 1159 0 0 0
44 177 109 330 165 131 4 39 210 185 104 65 118 100 139 60 5515 4 33 30 44 4700 223 4354 5069 2965 2 98 8531 290 255 64 191 654 1254 16 26 413 1566 1139 316 194 147 190 857 1912 1625 400 10 379 214 1596 733 1246 3226 913 142 112 108 112 85 6653 2537 6640 869 3312 524 7618 5625 538 852 113 0 0 1 938 1653 2174 43 238 0 66 31 10 294 81 33 10 85 113 113 4 37 0 1922 1548 7660 7 0 16768 18293 6653 14738 15961 10138 0 0 0 0 60 0 0 0 66 136 779 0 29 488 491 468 342 294 474 483 502 499 425 456 467 504 513 448 433 480 450 420 169 0 54 0
117 60 40 99 53 33 3 28 41 44 58 79 527 149 119 70 933 1 70 87 206 2924 5998 4299 2608 1786 15 47 3802 135 138 23 65 459 801 12 15 271 1182 934 136 626 174 315 287 311 516 486 5 93 108 593 425 235 1125 430 611 578 606 478 407 415 326 565 333 202 195 610 839 327 466 508 0 0 155 192 402 13 128 691 400 339 284 35 822 308 466 7 309 321 0 0 620 0 390 177 0 0 0 25 0 2075 551 495 172 183 0 128 668 1812 0 0 8 186 0 0 0 55 1572 1665 1721 1239 991 1558 1608 2035 1805 1611 1855 1683 1986 2106 1736 1556 1772 1561 1458 1765 387 277 0
71 635 403 1220 642 483 12 117 550 517 256 147 5 164 1450 650 980 4 126 130 149 3677 0 2808 1549 624 4877 2274 164 330 405 85 128 1065 2169 26 39 635 2494 1793 793 1056 907 1937 1991 2624 1093 323 46 1863 238 1731 438 819 337 1176 587 1595 1090 1509 677 1400 1112 1177 3996 851 1722 247 484 1168 1446 3631 0 0 1398 1187 387 83 631 3267 1956 2884 2781 160 3953 2622 3987 15 2550 3357 3424 1342 1150 878 1401 374 1201 1485 542 5128 783 3 783 986 1213 1089 0 0 2065 0 0 1214 104 387 0 2724 590 774 1615 1696 1738 1218 1008 1599 1665 2040 1811 1614 1839 1679 1982 2055 1690 1532 1749 1540 1441 1182 533 1049 0
60 531 320 1000 475 402 15 143 462 433 229 155 13 196 498 961 994 1 116 119 168 153 316 120 55 28 327 1263 101 6 0 0 15 21 3 0 1 29 185 183 92 89 55 198 264 450 111 0 0 20 1 134 75 140 0 142 83 389 86 111 253 91 69 17 165 126 112 8 65 141 84 288 0 0 0 28 37 1 19 100 249 191 182 4 116 176 267 6 173 219 176 148 158 0 212 438 251 0 0 0 524 898 279 576 0 115 0 0 0 0 100 567 0 24 0 94 0 0 472 504 537 372 305 481 485 619 571 495 553 521 603 614 507 479 512 483 444 0 55 135 0
2 19 11 35 16 14 0 4 16 15 8 4 0 7 7 6 16 1 3 3 4 1 0 0 0 12 250 424 276 6 0 0 47 21 0 0 1 0 127 134 28 0 45 100 1863 0 0 0 0 0 0 16 20 34 38 85 34 82 87 78 46 106 79 113 85 94 70 74 129 65 66 60 0 0 11 68 0 0 9 50 30 37 27 1 62 41 64 2 41 20 0 0 110 0 495 227 0 0 0 0 0 84 26 25 0 0 0 444 25907 0 0 912 0 0 0 43 0 1 219 232 249 167 143 226 219 259 268 220 230 240 259 253 211 224 204 226 197 0 0 120 0
2 13 8 25 12 10 0 3 74 63 35 20 2 32 6 16 76 1 11 13 17 511 1057 647 527 402 298 477 367 93 94 37 205 287 424 7 11 123 401 322 106 805 530 1202 51 286 660 1997 3 94 49 328 58 107 550 620 195 269 249 299 165 302 240 840 489 273 281 882 620 760 986 3416 0 0 193 317 169 91 28 144 115 143 136 7 174 130 197 5 128 162 168 161 475 111 4433 5746 3772 13 4855 524 979 1 4409 175 1039 2101 1948 1406 0 3701 0 2550 2633 1531 1157 1863 498 280 496 519 532 378 311 493 505 572 569 496 512 527 564 573 473 481 493 484 452 39 4404 5953 0
10 27 11 40 29 22 0 18 105 28 17 23 41 66 86 56 255 2 637 832 484 176 48 108 7808 9943 282 519 340 97 37 2 32 257 173 8 11 66 367 357 86 204 94 101 115 138 112 4376 6 0 128 124 55 60 259 243 98 554 358 688 578 252 197 791 243 166 152 384 359 27 327 292 0 0 0 154 568 64 59 314 232 240 219 14 362 226 324 47 222 252 0 187 1720 0 0 84 0 0 0 139 694 874 4483 1769 5754 633 22 0 0 0 0 0 671 0 0 110 215 0 624 657 682 489 401 635 635 791 730 612 743 701 755 764 687 628 659 645 598 173 0 0 0
3 27 16 35 24 20 1 6 23 22 11 6 0 10 3 6 95 1 44 52 81 46 92 46 43 53 254 411 351 15 20 4 20 47 54 1 2 82 327 290 32 0 115 149 88 84 168 177 4 115 85 146 142 201 337 35 102 320 218 147 190 170 135 175 103 63 61 183 257 156 583 1258 0 0 14 106 56 51 74 381 255 283 258 18 479 272 406 9 266 288 355 222 354 0 40 18 0 0 0 688 1455 3458 286 100 1202 508 0 0 177 890 0 0 0 0 0 607 32 351 244 258 274 195 158 258 250 303 291 245 267 259 293 286 266 248 232 270 250 142 0 97 0
3 20 12 19 18 12 1 9 0 15 9 4 2 0 29 36 184 1 155 208 337 1191 2440 6 442 1469 238 361 325 18 0 0 88 61 14 0 2 0 273 260 468 128 291 143 115 215 0 82 107 78 71 647 4639 3295 2669 279 22 335 249 190 221 268 196 73 38 40 26 67 49 53 404 3023 0 0 552 1532 129 37 145 245 441 599 596 46 724 606 674 2 449 503 365 12 167 0 136 0 0 0 0 6 0 56 282 124 187 0 0 0 0 30 0 233 58 0 0 220 0 0 203 174 110 55 105 184 182 32 81 147 30 70 47 29 50 74 15 92 68 0 0 16 0
506 989 626 1861 919 706 28 275 857 795 535 490 1896 786 959 571 1999 6 1092 1158 1854 156 203 451 335 5845 107 167 6371 2451 1629 709 24642 5455 1750 231 334 869 53 2107 2722 1431 1345 3383 2691 3239 4150 6267 78 1271 131 139 2504 2650 2253 112 3099 2753 3960 5572 3164 2076 1648 1710 3132 1461 726 652 2080 1154 31 182 0 0 847 3750 1642 41 856 4515 3880 3397 3204 232 5346 3016 4568 248 2951 3900 3955 0 3305 0 5589 26656 0 4414 873 964 657 180 3520 6433 2574 0 2960 2480 2714 4629 0 1614 25 5250 0 60 1090 820 5907 6270 6503 4672 3728 5861 6068 26 6783 6088 92 6335 62 195 182 5848 2062 5869 5501 6078 3534 4573 0
1 20 1 22 2 8 0 13 21 31 0 2 1 23 1 0 37 0 8 13 16 237 284 301 201 64 204 393 222 5 0 14 70 6 40 22 15 0 0 0 28 0 5 44 10 103 0 0 0 0 43 95 2 4 0 17 30 8 28 29 13 94 61 52 54 32 23 82 165 0 34 115 0 0 59 38 18 3 0 0 0 0 0 0 15 15 0 0 6 6 6 0 0 0 0 61 0 0 0 527 0 45 276 220 37 0 8 0 0 0 0 0 0 0 0 0 0 0 101 85 48 146 43 129 125 114 145 229 59 27 48 0 19 21 19 27 23 0 0 0 0
10 57 30 110 45 45 1 16 51 49 22 19 17 27 5 64 337 0 89 101 226 1116 2268 1270 694 657 99 183 116 40 15 1 8 81 69 2 3 101 576 597 390 22 124 134 14 101 0 24 6 0 63 196 153 118 390 200 52 184 96 61 19 565 447 545 308 177 182 576 473 23 149 860 0 0 3 427 0 16 55 280 353 300 278 13 352 284 425 30 276 317 366 572 249 0 525 1297 0 0 0 108 0 538 25 9 251 4 54 0 2 10 0 0 0 623 0 38 0 148 402 408 401 297 245 390 397 479 446 383 430 419 488 491 406 383 406 385 357 231 0 217 0
97 50 28 90 39 31 2 22 37 40 42 65 432 121 112 183 278 1 6 12 4 735 1497 837 447 453 258 441 313 4 0 0 0 96 19 2 1 0 166 305 37 0 48 126 0 103 0 0 1 0 21 0 298 83 252 0 26 0 24 23 28 56 37 412 41 45 29 60 57 8 50 347 0 0 68 190 43 10 3 36 0 26 0 4 39 20 1 2 23 0 33 175 21 0 555 109 0 0 0 543 0 174 30 112 0 0 0 0 6 0 0 19 0 25 0 43 0 0 585 442 181 516 249 399 425 533 568 445 563 737 865 847 696 635 677 636 592 81 48 0 0
12 12 5 14 0 11 2 18 7 13 10 5 10 10 13 5 13 0 5 7 5 40 52 31 19 19 17 20 4 10 0 0 7 5 0 17 14 1073 4 12 9 0 0 15 0 0 0 0 3 0 42 0 20 24 0 0 13 4 36 18 0 376 297 274 370 235 194 217 247 0 0 0 0 0 0 0 0 9 0 0 0 0 0 0 16 2 7 10 13 0 0 0 0 0 0 0 0 0 0 0 0 0 0 7 0 0 0 0 0 0 0 0 0 0 0 0 0 0 0 0 689 0 569 930 0 0 1280 0 0 20 0 0 0 609 0 739 345 0 0 0 11
13 13 6 15 0 12 3 20 7 14 11 7 12 11 14 6 14 0 6 8 6 44 63 34 21 20 24 31 7 11 0 0 8 9 0 19 16 966 5 539 10 0 0 17 0 0 0 0 4 0 46 0 22 26 0 0 15 6 40 12 0 401 318 292 395 251 207 232 264 0 0 0 0 0 0 0 0 10 0 0 0 0 0 0 17 2 7 11 14 0 0 0 0 0 0 0 0 0 0 0 0 0 0 8 0 0 0 0 0 0 0 0 0 0 0 0 0 0 56 0 792 0 639 1042 0 0 1422 0 0 82 0 0 0 701 0 839 418 0 0 0 12
7 7 0 8 0 6 1 11 4 8 6 3 7 6 8 3 8 0 3 4 3 26 28 20 12 12 11 19 4 4 0 0 2 0 0 11 9 0 0 7 6 0 0 4709 0 0 0 0 2 0 27 0 13 15 0 0 7 10 22 6 0 245 191 180 244 155 127 142 161 0 0 0 0 0 0 0 0 6 0 0 0 0 0 0 9 0 0 6 7 0 0 0 0 0 0 0 0 0 0 0 0 0 0 1 0 0 0 0 0 0 0 0 0 0 0 0 0 0 0 0 0 0 194 340 0 0 614 0 0 0 0 0 0 0 0 135 0 0 0 0 7
16 15 9 17 0 14 3 24 8 17 13 7 14 14 17 7 17 0 7 9 7 54 61 41 32 25 32 37 13 15 0 0 12 4 0 22 19 0 7 16 10 0 0 0 0 9 0 0 5 0 63 0 27 32 0 0 18 13 47 29 0 987 787 706 966 608 504 562 640 0 0 0 0 0 0 0 0 13 0 0 0 0 0 0 21 9 14 13 17 0 0 0 0 0 0 0 0 0 0 0 0 5 0 11 0 0 0 0 0 0 0 0 0 0 0 0 0 0 601 593 1205 0 826 1330 0 0 1704 0 0 666 0 0 0 1071 0 1176 832 0 0 0 15
3 5 0 7 0 4 1 4 3 4 3 0 2 3 4 1 5 0 1 2 1 10 3 11 5 5 3 8 4 0 0 0 0 0 0 3 3 0 0 2 2 0 0 0 0 0 0 0 1 0 10 0 4 6 0 0 2 3 7 0 0 87 66 65 86 55 45 51 58 0 0 0 0 0 0 0 0 2 0 0 0 0 0 0 6 0 1 2 5 0 0 0 0 0 0 0 0 0 0 0 0 0 0 0 0 0 0 0 0 0 0 0 0 0 0 0 0 0 0 0 0 0 0 19 0 0 147 0 0 0 0 0 0 0 0 0 0 0 0 0 3
4 4 0 5 0 4 1 3 2 4 4 0 3 4 5 0 5 0 2 3 2 15 0 11 7 7 0 0 0 0 0 0 0 0 0 5 4 0 0 0 3 0 0 1278 0 0 0 0 1 0 16 0 6 8 0 0 2 3 10 0 0 192 148 141 190 121 99 111 126 0 0 0 0 0 0 0 0 2 0 0 0 0 0 0 5 0 0 4 4 0 0 0 0 0 0 0 0 0 0 0 0 0 0 0 0 0 0 0 0 0 0 0 0 0 0 0 0 0 0 0 0 0 0 0 0 0 196 0 0 0 0 0 0 0 0 0 0 0 0 0 4
20 19 11 22 0 17 4 30 11 21 17 11 17 17 21 5 21 0 9 11 9 65 93 50 30 31 46 56 17 19 0 0 15 15 0 28 24 0 13 22 14 0 0 29 0 0 0 0 5 0 65 0 32 39 0 0 17 17 61 30 0 418 334 306 411 262 217 242 277 0 0 0 0 0 0 0 0 15 0 0 0 0 0 0 25 10 16 16 21 0 0 0 0 0 0 0 0 0 0 0 0 6 0 16 0 0 0 0 0 0 0 0 0 0 0 0 0 0 923 921 1733 104 1171 1883 0 0 2398 34 0 1019 0 0 0 1540 0 1627 1218 0 0 1 18
26 25 15 31 1 23 5 42 15 28 22 20 24 22 28 17 30 0 13 16 14 85 161 65 38 48 61 74 35 36 22 21 64 51 24 38 33 27 41 36 23 0 0 45 0 18 0 0 7 17 82 58 44 55 0 0 30 31 89 61 0 378 311 278 374 238 198 218 255 0 0 48 0 0 0 0 0 21 6 15 0 0 0 5 41 27 33 21 30 0 0 0 0 0 0 28 0 0 0 0 0 0 0 31 0 0 0 0 0 0 0 0 0 0 0 0 0 0 1354 1362 2402 275 1603 2574 188 0 3259 236 0 1491 184 0 0 2136 0 2313 1739 0 0 48 24
3 3 0 4 0 2 0 4 2 3 2 0 2 2 3 1 4 0 2 2 2 10 6 8 4 6 0 0 0 0 0 0 1 0 0 3 3 0 0 2 3 0 0 0 0 0 0 0 1 0 10 0 4 6 0 0 1 1 9 0 0 37 22 31 38 26 20 24 26 0 0 0 0 0 0 0 0 2 0 0 0 0 0 0 5 0 1 2 3 0 0 0 0 0 0 0 0 0 0 0 0 0 0 0 0 0 0 0 0 0 0 0 0 0 0 0 0 0 0 0 0 0 0 0 0 0 0 0 0 0 0 0 0 0 0 0 0 0 0 0 3
20 19 12 23 0 18 4 32 11 22 17 15 18 17 22 12 23 0 9 12 10 67 125 51 30 34 47 57 23 23 0 0 29 33 0 30 25 0 18 27 16 0 0 33 0 12 0 0 6 28 68 5 34 42 0 0 22 23 67 43 0 469 374 343 466 295 244 273 310 15 0 5 0 0 0 0 0 16 4 9 0 0 0 4 28 19 23 16 22 0 0 0 0 0 0 24 0 0 0 0 0 18 0 20 0 0 0 0 0 0 0 0 0 0 0 0 0 0 894 890 1703 79 1155 1858 0 0 2369 0 0 988 0 0 0 1514 0 1653 1192 0 0 33 18
32 31 21 37 8 29 6 52 18 34 27 24 29 27 35 17 35 0 14 18 14 106 196 82 47 50 84 101 35 40 24 24 37 53 27 47 40 31 49 41 23 0 0 54 0 23 0 0 9 0 106 65 53 64 0 0 35 40 99 72 0 760 617 549 745 471 393 435 502 0 0 68 0 0 0 0 0 26 0 0 0 0 0 0 42 7 19 25 34 0 38 0 0 0 0 0 0 0 0 0 0 27 0 30 0 0 0 0 0 0 0 0 0 0 0 0 0 0 2181 2246 3227 1003 2051 3279 1163 1272 4055 1209 0 2383 1403 0 0 2872 0 3037 2464 0 0 34 30
12 12 5 15 0 11 2 20 7 13 11 9 11 11 14 6 14 0 5 7 5 41 76 50 20 19 13 14 1 11 0 0 7 17 0 17 15 0 2 13 8 0 0 15 0 0 0 0 3 0 40 0 20 24 0 0 14 4 37 10 0 211 165 158 209 135 110 125 142 0 0 0 0 0 0 0 0 10 0 0 0 0 0 0 16 0 4 10 13 0 0 0 0 0 0 0 0 0 0 0 0 0 0 7 5215 0 0 0 0 0 0 0 0 0 0 0 0 0 0 0 723 0 602 985 0 0 1361 0 0 0 0 0 0 639 0 780 355 0 0 0 11
24 24 14 29 0 22 5 40 14 27 21 19 22 21 26 14 27 0 11 14 10 80 155 93 39 38 50 58 14 30 18 19 25 43 20 36 31 0 37 29 17 0 0 38 0 6 0 0 6 0 78 49 40 49 0 0 26 27 77 54 0 422 344 308 415 264 220 244 282 33 0 48 0 0 0 0 0 20 0 0 0 0 0 0 32 10 18 19 26 0 0 0 0 0 0 17 0 0 0 0 0 26 0 21 0 0 0 0 0 0 0 0 0 0 0 0 0 0 1167 1166 2170 150 1464 2353 28 0 2995 74 0 1288 0 0 0 1929 0 2101 1551 0 0 9 22
41 40 29 49 13 37 8 67 24 45 35 35 37 35 44 24 46 0 18 23 17 136 277 111 62 63 109 129 43 52 33 37 44 81 40 61 52 47 66 55 29 8 0 70 0 26 0 6 11 0 130 121 67 82 0 0 49 57 134 105 0 590 485 434 583 371 310 342 397 71 0 105 0 0 0 0 0 33 19 55 6 28 9 14 54 47 51 32 44 0 0 0 0 0 0 30 0 0 0 0 0 89 0 42 0 0 0 0 0 0 0 0 0 0 0 8 0 0 3148 3263 4392 1678 2741 4373 2034 2356 5359 2089 842 3431 2476 0 570 3911 0 4099 3416 0 0 51 37
30 30 21 36 8 27 6 44 17 33 26 15 26 26 33 17 34 0 13 17 13 100 121 81 45 48 76 89 32 33 15 8 31 16 12 44 37 8 42 34 22 0 0 49 0 17 0 0 8 0 97 5 50 60 0 0 32 36 98 63 0 466 381 342 460 293 244 270 313 0 0 29 0 0 0 0 0 23 14 41 4 21 6 10 41 35 38 24 33 0 0 0 0 0 0 0 0 0 0 0 0 24 0 31 0 0 0 0 0 0 0 0 0 0 0 0 0 0 2159 2228 3136 1042 1982 3167 1228 1372 3907 1272 183 2357 1486 0 0 2792 0 2944 2408 0 0 28 27
6 7 0 8 0 6 1 9 4 7 6 1 5 6 7 3 8 0 3 4 3 22 15 19 11 10 0 0 0 3 0 0 1 0 0 9 7 0 0 5 5 0 0 4 0 0 0 0 2 0 22 0 11 13 0 0 6 8 21 3 0 122 93 93 123 79 64 73 82 0 0 0 0 0 0 0 0 5 1 1 0 0 0 1 9 6 7 5 7 0 0 0 0 0 0 0 0 0 0 0 0 0 0 1 0 0 0 0 0 0 0 0 0 0 0 0 0 0 0 0 6 0 177 309 0 0 554 0 0 0 0 0 0 0 0 126 0 0 0 0 6
48 48 37 57 23 44 10 81 28 54 42 42 45 42 53 30 55 0 21 27 21 162 330 128 72 77 140 166 60 62 27 38 57 98 40 72 62 46 76 68 36 23 0 88 0 40 0 24 13 0 158 142 80 98 0 0 61 73 160 128 0 904 737 660 890 565 471 521 602 0 0 123 0 0 0 0 0 40 24 72 25 44 28 18 66 58 63 38 53 4 0 0 0 0 0 0 0 0 0 0 0 80 0 53 0 0 0 0 0 0 0 0 0 0 0 0 0 0 4336 4534 5569 2730 3378 5376 3445 4179 6487 3498 2679 4712 4223 2193 2288 4962 0 5130 4447 0 0 99 44
5 5 0 7 0 5 1 2 3 6 5 0 3 5 6 2 6 0 2 3 2 18 0 15 23 9 0 0 0 0 0 0 0 0 0 6 5 0 0 0 3 0 0 0 0 0 0 0 1 0 18 0 9 10 0 0 2 3 16 0 0 81 59 83 81 53 42 49 55 0 0 0 0 0 0 0 0 2 0 0 0 0 0 1 7 4 6 4 6 0 0 0 0 0 0 0 0 0 0 0 0 0 12073 0 0 0 0 0 0 0 0 0 0 0 0 0 0 0 0 0 0 0 97 183 0 0 409 0 0 0 0 0 0 0 0 0 0 0 0 0 5
8 10 3 14 0 9 2 8 7 11 8 0 5 7 10 4 14 0 6 7 9 26 0 22 12 28 2 2 18 8 0 0 69 0 0 11 9 0 0 8 13 0 0 14 0 1 0 0 2 0 26 0 16 21 0 0 14 3 35 17 0 129 98 98 131 84 67 76 88 0 0 0 0 0 0 0 0 5 4 16 0 5 0 2 25 16 22 7 16 0 0 0 0 0 0 0 0 0 0 0 0 0 0 21 0 0 0 0 0 0 0 0 0 0 0 0 0 0 0 0 261 0 313 522 0 0 793 0 0 0 0 0 0 228 0 348 0 0 0 1 7
10 42 22 75 35 31 1 11 41 35 21 14 28 26 31 13 739 0 1 1 2 10 0 17 7 7 43 53 20 4 0 0 11 24 0 0 2 13 290 306 6 0 0 0 3 33 0 0 0 0 3 253 98 154 147 0 78 198 205 84 131 178 134 190 136 151 115 129 184 53 0 0 0 0 62 0 0 8 58 334 269 270 247 13 370 257 3 4 252 283 55 345 0 0 227 57 0 0 0 3 0 297 124 75 0 0 0 0 20 199 0 0 0 90 0 8 0 0 357 378 401 276 230 365 360 451 430 360 404 390 445 445 372 362 363 365 323 0 0 0 0
201 35 23 46 28 6 3 10 15 23 75 80 929 240 213 13 162 0 13 27 7 42 64 163 70 53 28 50 125 11 0 0 45 165 32 4 2 12 269 415 518 0 0 61 0 250 0 535 3 43 47 67 640 202 112 0 20 38 28 26 32 123 94 340 113 57 52 123 132 0 68 751 0 0 110 402 0 3 4 59 0 42 0 8 49 19 8 3 24 0 0 0 0 0 179 60 0 0 0 0 0 63 52 104 132 482 0 0 0 214 0 97 247 44 0 27 92 0 143 143 133 81 93 129 101 36 73 87 130 88 99 142 143 132 72 128 103 254 0 0 0
86 16 12 19 9 2 1 14 5 8 31 52 403 102 91 7 33 2 7 13 3 28 34 92 59 55 17 31 52 2 0 0 2 67 0 21 28 0 20 68 18 54 0 127 0 131 0 0 10 0 46 0 276 77 0 0 15 49 33 22 10 77 55 45 37 25 20 72 53 0 0 0 0 0 4 46 0 2 14 14 0 15 0 2 31 9 5 1 24 0 0 0 0 0 132 5 0 0 16 0 0 24 43 44 54 0 0 0 0 0 0 601 0 0 0 316 0 42 36 33 29 0 29 50 0 0 16 0 0 6 0 0 0 21 0 23 0 31 86 0 0
0 0 0 0 0 0 0 0 0 0 0 0 0 0 0 0 0 0 0 0 0 0 0 0 0 0 0 0 0 0 0 0 0 0 0 0 0 0 0 0 0 0 0 0 0 0 0 0 0 0 0 0 0 0 0 0 0 0 0 0 0 0 0 0 0 0 0 0 0 0 0 0 0 0 0 0 0 0 0 0 0 0 0 0 0 0 0 0 0 0 0 0 0 0 0 0 0 0 0 0 0 0 0 0 0 0 0 0 0 0 0 0 0 0 0 0 0 0 0 0 0 0 0 0 0 0 0 0 0 0 0 0 0 0 0 0 0 0 0 0 0
