139
0 0 0 0 0 0 0 0 79 74 47 8 4 48 59 0 0 0 0 0 0 0 0 0 0 0 0 0 0 0 0 0 368 0 26 0 0 0 0 0 0 0 0 0 0 0 0 0 0 0 0 0 0 0 0 0 0 0 0 0 0 0 0 0 0 0 0 0 0 0 0 0 0 0 0 0 0 0 0 0 0 0 0 0 0 0 0 0 0 0 0 0 0 0 0 0 0 0 0 0 0 0 0 0 0 0 0 0 0 0 0 0 0 0 0 0 0 0 0 0 0 0 0 0 0 0 0 0 0 0 0 0 0 0 0 0 0 0 0
0 0 0 0 0 0 0 90 2260 11615 1348 563 364 215 2076 360 0 0 0 0 0 0 3 0 0 0 0 0 0 0 0 0 0 0 1539 474 0 73 0 0 80 0 0 0 0 0 0 0 6 0 0 0 0 0 0 0 0 0 0 0 0 0 0 0 0 0 0 0 0 0 0 0 0 0 0 0 0 0 0 0 9825 0 0 0 0 0 0 0 4 0 0 0 0 0 0 0 0 0 0 0 0 0 0 0 0 0 0 0 0 0 0 0 31 0 0 0 0 0 0 0 0 0 0 0 0 0 0 0 0 0 0 0 0 0 0 0 0 0 0
0 0 0 0 0 0 0 1 8632 2150 3406 469 413 10551 4011 3 0 0 0 0 0 0 0 0 0 0 0 0 0 0 0 0 0 0 1212 4 0 1 0 0 1 0 0 0 0 0 0 0 22 0 0 0 0 0 0 0 0 0 0 0 0 0 0 0 0 0 0 0 0 0 0 0 0 0 0 0 0 0 0 0 75 0 0 0 0 0 0 0 0 0 0 0 0 0 0 69 0 0 0 0 0 0 0 0 0 0 0 0 0 0 0 0 29 0 0 0 0 0 0 0 0 0 0 0 0 0 0 0 0 0 0 0 0 0 0 0 0 0 0
0 0 0 0 0 0 0 0 34 45 39 70 64 12 7 0 0 0 0 0 0 0 3 0 0 0 0 0 0 0 0 0 0 0 3549 10428 0 0 0 0 0 0 0 0 0 0 0 0 1446 0 0 0 0 0 0 0 0 0 0 0 0 0 0 0 0 0 0 0 0 0 0 0 0 0 0 0 0 0 0 0 0 0 0 0 0 0 0 0 0 0 0 0 0 0 0 0 0 0 0 0 0 0 0 0 0 0 0 0 0 0 0 0 7 0 0 0 0 0 0 0 0 0 0 0 0 0 0 0 0 0 0 0 0 0 0 0 0 0 0
0 0 0 0 0 0 0 0 0 0 0 0 0 0 4 0 0 0 0 0 0 0 1 0 0 0 0 0 0 0 1814 0 0 0 2915 0 0 0 0 0 0 0 0 0 0 0 0 0 2 0 0 0 0 0 0 0 0 0 0 0 0 0 0 0 0 0 0 0 0 0 0 0 0 0 0 0 0 0 0 0 0 0 0 0 0 0 0 0 0 0 0 0 0 0 0 0 0 0 0 0 0 0 0 0 0 0 0 0 0 0 0 0 3 0 0 0 0 0 0 0 0 0 0 0 0 0 0 0 0 0 0 0 0 0 0 0 0 0 0
0 0 0 0 0 0 0 0 0 0 0 0 0 0 0 0 0 0 0 0 0 0 2 0 0 0 0 0 0 0 0 0 0 33204 0 0 0 0 0 0 0 0 0 0 0 0 0 0 0 0 0 0 0 0 0 0 0 0 0 0 0 0 0 0 0 0 0 0 0 0 0 0 0 0 0 0 0 0 0 0 0 0 0 0 0 0 0 0 0 0 0 0 0 0 0 0 0 0 0 0 0 0 0 0 0 0 0 0 0 0 0 0 0 0 0 0 0 0 0 0 0 0 0 0 0 0 0 0 0 0 0 0 0 0 0 0 0 0 0
0 0 0 0 0 0 0 0 0 0 0 0 0 0 0 0 0 0 0 0 0 0 0 0 0 0 0 0 0 0 0 0 0 0 0 0 0 0 49 0 0 0 0 0 0 0 0 0 0 0 0 0 16 0 0 0 0 0 0 0 0 0 0 0 0 0 0 0 0 0 0 0 0 0 0 0 0 0 0 0 0 0 0 0 0 0 0 0 0 0 0 0 0 0 0 0 0 0 0 0 0 0 0 0 0 0 0 0 0 0 0 0 0 0 0 0 0 0 0 0 0 0 0 0 0 0 0 0 0 0 0 0 0 0 0 0 0 0 0
0 0 0 0 1 0 0 0 3 415 301 42 7 2 470 82 1 0 0 0 0 0 0 0 0 0 0 0 2 3 5 0 0 0 11 113 2 17 1 0 19 0 0 0 0 0 0 0 0 0 0 0 0 0 0 0 0 0 0 0 0 0 0 0 0 0 0 0 0 0 0 0 0 0 0 0 0 0 0 0 2234 0 0 0 0 0 0 0 1 0 0 0 0 0 0 0 0 0 0 0 0 0 0 0 0 0 0 0 0 0 0 0 0 0 0 0 0 0 0 0 0 0 0 0 0 0 0 0 0 0 0 0 0 0 0 0 0 0 0
0 0 0 0 0 0 0 0 0 21 0 0 24 0 303 0 0 0 0 0 0 0 3 0 0 0 42221 0 0 1826 0 762 0 0 0 0 0 0 0 0 3089 0 0 0 0 0 0 0 0 0 0 0 0 0 0 0 0 0 0 0 0 0 0 0 0 0 0 0 0 0 0 0 0 0 0 0 0 0 0 0 0 0 0 0 0 0 0 0 0 0 0 0 0 0 0 0 0 0 0 0 0 0 0 0 0 0 0 0 0 0 0 0 0 0 0 0 0 0 0 0 0 0 0 0 0 0 0 0 0 0 0 0 0 0 0 0 0 0 0
0 0 0 0 0 0 0 0 0 0 0 0 7 0 1603 0 0 0 0 0 0 0 81 0 0 0 0 47187 0 1355 0 0 0 0 0 0 0 0 0 0 2865 0 0 0 0 0 0 0 0 0 0 0 0 0 0 0 0 0 0 0 0 0 0 0 0 0 0 0 0 0 0 0 0 0 0 0 0 0 0 0 0 0 0 0 0 0 0 0 0 0 0 0 0 0 0 0 0 0 0 0 0 0 0 0 0 0 0 0 0 0 0 0 0 0 0 0 0 0 0 0 0 0 0 0 0 0 0 0 0 0 0 0 0 0 0 0 0 0 0
0 0 0 0 0 0 0 0 0 3 0 0 0 0 70 0 0 0 0 0 0 0 2 0 0 0 0 0 19197 513 0 0 0 0 0 0 0 0 0 0 1820 0 0 0 0 0 0 0 0 0 0 0 0 0 0 0 0 0 0 0 0 0 0 0 0 0 0 0 0 0 0 0 0 0 0 0 0 0 0 0 0 0 0 0 0 0 0 0 0 0 0 0 0 0 0 0 0 0 0 0 0 0 0 0 0 0 0 0 0 0 0 0 18 0 0 0 0 0 0 0 0 0 0 0 0 0 0 0 0 0 0 0 0 0 0 0 0 0 0
0 0 0 0 0 0 0 0 18 8 1 0 12 28 39 0 0 0 0 0 0 0 4 0 0 0 2031 1366 450 1408 0 299 0 0 0 0 0 0 0 0 367 0 0 0 0 0 0 0 0 0 0 0 8 0 0 0 0 0 0 0 0 0 0 0 0 0 0 0 0 0 0 0 0 0 0 0 0 0 0 0 0 0 0 0 0 0 0 0 0 0 0 0 0 0 0 0 0 0 0 0 0 0 0 0 0 0 0 0 0 0 0 0 0 0 0 0 0 0 0 0 0 0 0 0 0 0 0 0 0 0 0 0 0 0 0 0 0 0 0
0 0 0 0 0 0 0 0 0 0 0 0 0 0 5 0 0 0 0 0 0 0 0 0 0 0 300 202 65 41 0 19 0 0 0 0 0 0 0 0 43 0 0 0 0 0 0 0 0 0 0 0 0 0 0 0 0 0 0 0 0 0 0 0 0 0 0 0 0 0 0 0 0 0 0 0 0 0 0 0 0 0 0 0 0 0 0 0 0 0 0 0 0 0 0 0 0 0 0 0 0 0 0 0 0 0 0 0 0 0 0 0 0 0 0 0 0 0 0 0 0 0 0 0 0 0 0 0 0 0 0 0 0 0 0 0 0 0 0
0 0 0 0 0 0 0 0 298 190 0 0 420 0 98 0 0 0 0 0 0 0 5 0 0 0 6275 0 0 787 0 20495 0 0 0 0 0 0 0 0 810 0 0 0 0 0 0 0 0 0 0 0 0 0 0 0 0 0 0 0 0 0 0 0 0 0 0 0 0 0 0 0 0 0 0 0 0 0 0 0 0 0 0 0 0 0 0 0 0 0 0 0 0 0 0 0 0 0 0 0 0 0 0 0 0 0 0 0 0 0 0 0 0 0 0 0 0 0 0 0 0 0 0 0 0 0 0 0 0 0 0 0 0 0 0 0 0 0 0
0 0 0 0 0 0 0 0 0 0 0 0 0 0 0 0 0 0 0 0 0 0 3 0 0 0 0 0 0 0 0 0 0 0 0 0 0 0 0 0 0 0 0 0 0 0 0 0 0 0 0 0 0 0 0 0 0 0 0 0 0 0 0 0 0 0 0 0 0 0 0 0 0 0 0 0 0 0 0 0 9 0 0 0 0 0 0 0 0 0 0 0 0 0 0 0 0 0 0 0 0 0 0 0 0 0 0 0 0 0 0 0 0 0 0 0 0 0 0 0 0 0 0 0 0 0 0 0 0 0 0 0 0 0 0 0 0 0 0
0 0 0 0 0 0 0 0 0 0 0 0 0 0 0 0 0 0 0 0 0 0 17 0 0 0 0 0 0 0 0 0 0 0 0 1 2 0 0 0 0 14102 0 2558 10 0 0 0 420 0 0 0 0 0 0 0 0 0 0 0 0 0 0 0 0 0 0 0 0 0 0 0 0 0 0 0 0 0 0 0 0 0 0 0 0 0 0 0 0 0 0 0 0 0 0 0 0 0 0 0 0 0 0 0 0 0 0 0 0 0 0 0 9 0 0 0 0 0 0 0 0 0 0 0 0 0 0 0 0 0 0 0 0 0 0 0 0 0 0
0 0 0 0 0 0 0 0 0 0 0 0 0 0 0 46 0 0 0 0 0 0 0 0 0 0 0 0 0 0 0 0 0 0 0 0 13095 0 0 43 62 0 0 0 0 0 0 0 0 1 1 0 0 0 0 0 0 0 0 0 0 0 0 0 0 0 0 0 0 0 0 0 0 0 0 0 0 0 0 0 1002 0 0 0 0 0 0 0 65 0 0 0 0 0 0 0 0 0 0 150 76 0 0 0 0 0 0 0 0 0 0 0 0 0 6 0 0 0 3 0 0 0 0 0 0 0 0 0 0 0 0 0 0 1 0 44 0 0 0
0 0 0 0 0 0 0 0 0 0 0 0 0 0 0 0 0 0 0 0 0 0 0 0 0 0 0 0 0 0 0 0 0 0 0 0 0 0 0 0 0 0 0 0 0 0 0 0 0 0 0 0 0 0 0 0 0 0 0 0 0 0 0 0 0 0 0 0 0 0 0 0 0 0 0 0 0 0 0 0 0 0 0 0 0 0 0 0 0 0 0 0 0 0 0 0 0 0 0 0 0 0 0 0 0 0 0 0 0 0 0 0 0 0 0 0 0 0 0 0 0 0 0 0 0 0 0 0 0 0 0 0 0 0 0 0 0 0 0
2 108 65 49 66 166 1 353 15 13 4 2 0 7 5 1 0 0 0 0 0 0 82 3 2 0 0 0 0 1 0 0 0 0 0 0 0 0 0 0 0 1 0 0 2 0 3736 0 0 1 0 0 0 0 4 0 1 1 0 0 0 0 0 0 0 0 1 1 0 930 1275 1 1 6 0 0 0 0 0 0 0 0 0 13 0 0 0 0 0 0 0 3 6 1 0 0 1 5 8 2 3 0 1 0 0 0 0 0 0 0 0 0 0 0 0 0 0 0 0 0 0 0 0 0 0 0 0 0 0 0 0 0 0 0 0 3 0 3 0
0 1 1 0 1 1 0 0 0 0 0 0 0 0 0 0 1 0 0 0 0 0 1 0 1 0 0 0 0 0 0 0 0 0 0 0 0 0 0 0 0 0 0 0 0 0 0 0 0 0 0 1 0 0 0 0 0 0 0 0 0 1 0 0 0 0 0 0 0 0 0 0 0 0 0 0 0 0 0 0 0 0 0 19 0 0 0 0 0 0 0 0 0 0 0 0 0 0 0 0 0 0 0 0 0 0 0 0 0 0 0 0 0 0 0 0 0 0 0 0 0 0 0 0 0 0 0 0 0 0 0 0 0 0 0 0 0 0 0
0 0 0 0 0 0 0 0 0 0 0 0 0 0 0 0 0 0 0 0 0 0 3 0 0 0 0 0 0 0 0 0 0 0 0 0 0 0 0 0 0 0 0 0 0 0 0 0 0 0 0 0 0 0 0 0 0 0 0 0 0 0 0 0 0 0 0 0 0 0 0 0 0 0 0 0 0 0 0 0 0 0 0 0 0 0 0 0 0 0 0 0 0 0 0 0 0 0 0 0 0 0 0 0 0 0 0 0 0 0 0 0 0 0 4 0 0 0 0 0 0 0 0 0 0 0 0 0 0 0 0 0 0 0 0 0 0 0 0
0 0 0 0 0 0 0 0 0 0 0 0 0 0 0 0 0 0 0 0 0 0 20 0 0 0 0 0 0 0 0 0 0 0 0 0 0 0 2 0 0 0 0 0 0 0 0 0 0 0 0 0 0 3 0 0 0 1 0 0 0 143 0 0 0 13 2 0 0 0 0 0 0 0 0 0 0 0 0 0 0 0 0 0 0 0 0 0 0 0 0 0 0 0 0 0 0 0 0 0 0 0 0 0 0 0 0 0 0 0 0 0 0 0 0 0 0 0 0 0 0 0 0 0 0 0 0 0 0 0 0 0 0 0 0 0 0 0 0
0 0 0 0 0 0 0 0 0 0 0 0 0 0 0 0 0 0 0 0 0 0 0 0 0 0 0 0 0 0 0 0 0 0 0 0 0 0 0 0 0 0 0 0 0 0 0 0 0 0 0 0 0 0 0 0 0 0 0 0 0 0 0 0 0 0 0 0 0 0 0 0 0 0 0 0 0 0 0 0 0 0 0 0 0 0 0 0 0 0 0 0 0 0 0 0 0 0 0 0 0 0 0 0 0 0 0 0 0 0 0 0 0 0 0 0 0 0 0 0 0 0 0 0 0 0 0 0 0 0 0 0 0 0 0 0 0 0 0
2 95 30 32 32 121 3 13 97 85 62 6 1 52 0 2 0 0 0 0 0 0 53 0 0 0 0 0 0 0 0 0 0 0 0 0 0 0 9 26 32 0 166 36 0 0 0 0 0 752 737 0 0 0 94 99 2223 4341 0 0 0 0 0 0 0 2040 0 0 83 0 0 0 1 0 0 0 0 0 0 0 76 0 137 8 208 0 0 0 6 73 0 0 0 3 0 0 0 0 0 3 1 0 0 0 0 0 0 0 0 0 0 0 0 0 0 0 0 0 0 0 0 0 0 20 0 0 16 0 0 0 0 2 0 13 0 4 0 1 0
0 4 1 1 1 5 0 0 4 3 2 0 0 2 0 1 0 0 0 0 0 0 136 3385 0 1789 0 0 0 0 0 0 0 0 0 0 0 0 0 48 51 0 281 59 0 0 0 0 0 0 0 0 0 0 984 1065 724 17 0 0 5 2 5 16 9 19 0 0 33 2 0 0 33 0 0 0 0 0 0 0 12 0 52 7 79 0 0 0 2 0 0 0 0 1 0 1 0 0 0 3 3 0 1 0 0 0 0 0 0 0 0 1 0 0 0 0 0 0 0 0 0 0 0 1 0 0 0 0 0 0 0 0 0 0 0 29 0 2 0
2 114 35 38 39 144 3 16 116 101 74 7 1 62 2 7 592 0 0 0 0 0 17 54 0 0 0 0 0 0 0 0 1 0 0 149 161 0 21 52 28 0 0 0 0 0 0 0 189 898 880 412 0 0 40 58 0 55 0 0 0 0 0 0 0 81 0 0 5 0 0 0 0 0 0 0 0 0 0 0 0 0 7 0 11 0 0 0 0 0 0 0 0 0 0 0 0 0 0 1 0 0 0 0 0 0 0 0 0 0 0 0 0 0 0 0 0 0 0 0 0 0 0 0 0 0 0 0 0 0 0 0 0 0 0 5 0 2 0
0 0 0 0 0 0 0 0 0 200 32 0 0 0 43 0 156 0 0 0 0 0 1 69 99 27 0 0 185 307 0 0 0 0 0 0 917 5 3 0 14 0 0 0 0 0 0 0 9 0 0 0 0 0 1 4 0 0 4 3 0 0 0 0 0 0 0 0 2 0 0 0 0 0 0 0 0 0 0 0 0 0 0 0 0 0 0 0 0 0 0 0 7 0 0 791 0 0 6 51 0 53 0 0 0 0 0 0 0 0 0 0 4 15 10 0 0 0 0 3 0 0 7 16 0 0 0 0 0 0 7 12 0 15 5 26 21 0 0
0 0 0 0 0 0 0 0 295 0 55 0 0 167 75 0 62 0 0 0 0 0 1 27 39 17 18 0 330 541 0 0 0 0 0 0 492 8 14 3 24 0 0 0 0 0 0 0 16 0 0 0 0 0 2 6 0 0 7 5 0 0 0 0 0 0 0 15 3 0 0 0 0 1844 0 0 0 0 0 0 0 0 1 0 1 0 0 0 0 0 0 0 34 0 0 311 0 0 2 68 7 24 0 0 0 0 0 0 0 0 0 0 1 28 7 0 0 0 0 0 0 0 0 6 0 0 0 0 0 0 0 1 0 4 0 12 14 0 0
0 0 0 0 0 0 0 0 95 112 0 0 0 54 24 0 25 0 0 0 0 0 0 12 17 3 0 0 0 77 0 0 0 0 0 0 0 3 4 1 8 0 0 0 0 0 0 0 5 0 0 0 0 0 1 2 0 0 2 1 0 0 0 0 0 0 0 0 1 0 0 0 0 0 0 0 0 0 0 0 0 0 0 0 0 0 0 0 0 0 0 0 9 0 0 152 0 0 1 10 4 9 0 0 0 0 0 0 0 0 0 0 0 0 1 0 0 0 0 0 0 0 0 0 0 0 0 0 0 0 0 0 0 0 0 4 0 0 0
0 0 0 0 0 0 0 0 0 0 0 0 0 0 22 0 22 0 0 0 0 0 0 10 15 6 0 0 0 0 0 0 0 0 0 0 0 2 4 1 7 0 0 0 0 0 0 0 0 0 0 0 0 0 1 2 0 0 2 1 0 0 0 0 0 0 0 4 1 0 0 0 0 0 0 0 0 0 0 0 0 0 0 0 0 0 0 0 0 0 0 0 10 0 0 136 0 0 1 8 3 10 0 0 0 0 0 0 0 0 0 0 0 11 0 0 0 0 0 0 0 0 0 0 0 0 0 0 0 0 0 0 0 0 0 4 4 0 0
0 0 0 0 0 0 0 0 5 6 1 0 0 3 1 0 0 0 0 0 0 0 0 0 0 0 0 0 5 7 0 0 0 0 0 1 0 0 0 0 0 0 0 0 0 0 0 0 0 0 0 0 0 0 0 0 0 0 0 0 0 0 0 0 0 0 0 0 0 0 0 0 0 0 0 0 0 0 0 0 0 0 0 0 0 0 0 0 0 0 0 0 0 0 0 0 0 0 0 0 0 0 0 0 0 0 0 0 0 0 0 0 0 0 0 0 0 0 0 0 0 0 0 0 0 0 0 0 0 0 0 0 0 0 0 0 0 0 0
0 0 0 0 0 0 0 0 0 4515 5679 0 0 0 97 0 374 0 0 0 0 0 11 163 236 97 24 9 349 572 0 0 0 0 0 0 1454 9 9 1 26 0 0 0 0 0 0 0 16 0 0 0 0 0 2 7 0 0 7 5 0 0 0 0 0 0 0 0 3 0 0 0 0 0 0 0 0 0 0 0 0 0 0 0 0 0 0 0 0 0 0 0 20 0 347 2142 0 0 13 121 45 141 0 0 0 0 0 0 0 0 0 0 12 111 43 6 0 0 35 24 9 0 25 38 0 8 0 27 29 23 47 38 0 44 30 74 96 1 0
0 0 0 0 0 0 0 0 6 7 1 0 0 3 2 0 0 0 0 0 0 0 4 0 0 0 1 0 7 11 0 0 0 0 99 1 30 0 0 0 0 0 0 0 0 0 0 0 0 0 0 0 0 0 0 0 0 0 0 0 0 0 0 0 0 0 0 0 0 0 0 0 0 0 0 0 0 0 0 0 0 0 0 0 0 0 0 0 0 0 0 0 0 0 0 1 0 0 0 0 0 0 0 0 0 0 0 0 0 0 0 0 0 0 0 0 0 0 0 0 0 0 0 0 0 0 0 0 0 0 0 0 0 0 0 0 0 0 0
0 0 0 0 0 0 0 0 411 423 187 29 9 241 40 0 25 0 0 0 0 0 1 11 16 6 16 11 174 282 0 212 0 0 175 749 337 4 8 2 13 0 0 0 0 0 0 0 8 0 0 1 0 0 1 3 0 0 4 2 0 0 0 0 0 0 0 8 1 0 0 0 0 0 0 0 0 0 0 0 0 0 0 0 0 0 0 0 0 0 0 0 18 0 0 116 0 0 1 8 3 9 0 0 0 0 0 0 0 0 0 0 0 10 3 0 0 0 0 0 0 0 0 0 0 0 0 0 0 0 0 0 0 0 0 5 5 0 0
0 0 0 0 0 0 0 0 13046 15489 3833 542 31 3975 3077 5 729 0 0 0 0 0 68 319 461 203 1396 489 13585 22224 0 184 0 0 0 4220 2248 536 932 214 1480 164 0 455 28 0 26 0 1003 11 11 549 0 0 0 397 0 210 308 194 0 0 0 0 0 0 0 913 172 0 1 55 10 758 1 0 0 0 0 3 26 0 44 0 67 0 0 0 2 0 0 0 2218 0 0 3869 0 0 24 251 86 278 0 0 0 0 0 0 0 0 0 0 38 423 93 74 35 13 144 0 37 73 0 69 48 55 49 73 93 81 115 79 103 87 72 139 162 0 0
0 0 0 0 0 0 0 0 2973 3342 1705 194 9 1683 530 0 348 0 0 0 0 0 19 152 217 0 188 100 2365 3859 0 44 0 0 0 0 330 301 421 94 774 0 0 0 0 0 0 0 529 6 6 0 0 0 64 223 0 55 50 32 0 0 0 0 0 0 0 0 96 0 0 0 2 0 0 0 0 0 0 0 1 0 22 0 34 0 0 0 1 0 0 0 1051 0 0 1600 0 0 11 105 39 0 0 0 0 0 0 0 0 0 0 0 0 0 0 0 0 0 0 5 0 0 14 34 0 0 27 0 0 0 10 24 0 33 8 0 0 0 0
0 0 0 0 0 0 0 0 643 660 4848 93 3 1977 0 0 0 0 0 0 0 0 62 27 37 0 0 0 4894 8186 0 0 0 0 0 0 0 32 417 50 520 0 0 0 0 0 0 0 341 4 4 129 0 0 9 31 0 0 0 0 0 0 0 0 0 0 0 0 32 0 0 0 0 0 0 0 0 0 0 0 1 0 6 0 9 0 0 0 0 0 0 0 641 0 0 408 0 0 6 84 0 0 0 0 0 0 0 0 0 0 0 0 0 0 0 0 0 0 0 0 0 0 0 6 0 0 5 0 0 0 0 0 0 2 0 0 0 0 0
0 0 0 0 0 0 0 0 0 0 0 0 0 0 0 0 0 0 0 0 0 0 1 0 0 0 0 0 0 0 0 0 0 0 0 0 0 0 0 0 0 0 0 0 0 0 0 0 3 0 0 0 0 0 0 0 0 0 0 0 0 0 0 0 0 0 0 0 0 0 0 0 0 0 0 0 0 0 0 0 0 0 0 0 0 0 0 0 0 0 0 0 0 0 0 0 0 0 0 0 0 0 0 0 0 0 0 0 0 0 0 0 0 0 0 0 0 0 0 0 0 0 0 0 0 0 0 0 0 0 0 0 0 0 0 0 0 0 0
2 28 26 28 29 108 0 0 88 77 55 5 1 48 0 0 20 0 0 0 0 0 143 0 20 0 0 0 0 0 0 0 0 0 0 0 0 0 0 13823 1076 196 0 1742 0 0 0 0 0 102 100 324 0 257 0 0 0 113 51 36 132 72 55 156 206 177 0 0 7 1 1 572 174 464 0 0 0 0 0 0 0 0 0 0 0 0 0 0 0 0 0 34 868 115 0 0 0 0 184 28 39 0 0 0 0 0 0 0 0 0 0 0 0 0 0 0 0 0 0 28 0 0 36 64 0 0 59 0 0 0 20 41 0 56 15 0 0 12 0
0 9 3 3 3 12 0 1 10 10 6 1 0 6 7 1 0 0 0 0 0 0 432 0 0 0 0 0 0 0 0 0 0 0 0 0 0 0 0 0 24 21 18 0 0 11 0 16 0 11 11 0 0 0 0 0 0 0 2 2 0 0 0 0 0 2 0 0 78 0 0 26 3 0 0 0 0 0 0 0 0 3 0 2 1 0 0 0 0 0 0 18 4 6 0 0 0 0 0 38 67 0 0 0 0 0 0 0 0 0 0 0 0 0 0 0 0 0 0 0 0 0 0 0 0 0 0 0 0 0 0 0 0 0 0 0 0 13 0
0 0 0 0 1 2 0 0 0 0 0 0 0 0 0 0 0 0 0 0 0 0 92 0 0 0 0 0 0 0 0 0 0 0 0 0 0 0 0 0 0 0 0 0 0 0 0 0 0 0 0 0 0 0 0 0 0 0 0 0 0 0 0 0 0 0 0 0 0 0 0 0 0 0 0 0 0 0 0 0 0 0 0 0 0 0 0 0 0 0 0 0 0 0 0 0 0 0 0 0 0 0 0 0 0 0 0 0 0 0 0 0 0 0 0 0 0 0 0 0 0 0 0 0 0 0 0 0 0 0 0 0 0 0 0 0 0 0 0
15 1025 272 311 285 1062 22 134 684 558 550 44 4 312 90 0 805 0 0 0 0 0 81 533 37 954 67 10 14 3 1 131 1 4 0 269 121 0 0 0 37 0 9400 1835 4 3 0 5 160 2 2 0 0 598 4490 1242 37 516 27 78 188 104 78 222 294 345 0 0 0 0 0 785 187 229 0 0 0 0 0 0 343 0 0 0 0 0 0 0 9 0 468 54 51 0 30 0 5 0 7 100 0 0 0 0 0 0 0 0 0 0 0 0 0 0 0 278 247 355 675 258 286 668 238 294 263 276 46 17 87 0 23 4 0 31 7 82 0 2 0
0 0 0 0 0 0 0 0 0 0 0 0 0 0 0 0 0 0 0 0 0 0 7 0 0 0 6 0 0 0 0 2 0 0 1 3 1 32 411 0 0 0 0 13849 0 14 0 35 840 0 0 0 0 0 1 0 0 0 0 0 0 0 0 0 0 0 0 0 0 0 0 0 0 0 0 0 0 0 0 0 0 0 0 0 0 0 0 0 0 0 0 0 1118 0 0 0 0 0 376 0 0 0 0 0 0 0 0 0 0 0 0 0 0 0 0 0 0 0 0 0 0 0 0 0 0 0 0 0 0 0 0 0 0 0 0 0 0 0 0
5 241 76 81 82 308 7 35 249 218 157 16 3 135 21 0 121 0 0 0 0 0 21 0 0 2040 1617 102 122 24 6 192 6 45 0 631 163 51 0 325 600 0 0 0 2153 16 0 38 0 279 274 176 0 287 1353 822 79 146 3 8 0 0 3 134 7 0 0 16 40 6 5 73 50 331 0 0 0 0 0 0 0 0 0 7 0 0 0 0 0 0 0 6 274 0 0 0 0 0 34 76 119 0 0 0 0 0 0 0 0 0 0 0 68 0 0 408 409 517 614 424 290 625 324 357 431 351 357 276 359 349 0 307 527 336 293 0 278 0 0
6 331 102 110 110 411 10 47 551 494 347 41 12 305 1 0 178 0 0 1 0 2 217 128 158 69 20 8 6 1 1 39 0 2 0 70 93 1 101 55 61 0 109 0 0 4 0 71 0 102 100 0 0 19 126 94 49 71 21 16 10 0 9 23 16 29 0 0 23 1 1 24 14 45 0 0 0 0 0 0 0 3 0 3 2 0 0 0 0 89 0 0 0 0 0 0 0 0 4 35 62 0 0 0 175 507 1623 0 0 0 466 0 490 464 27 74 75 114 112 95 62 119 73 82 80 69 82 56 69 67 98 68 84 74 62 1562 0 118 0
0 0 0 0 0 0 0 0 0 0 0 0 0 0 0 0 0 0 0 0 0 0 19 0 0 0 0 0 0 0 0 1 0 0 0 2 1 0 0 0 0 0 0 0 0 0 0 0 0 0 0 0 0 0 32 29 7 0 1355 0 0 0 5 0 0 0 0 0 1 0 0 0 0 0 0 0 0 0 0 0 0 0 0 0 0 0 0 0 0 0 0 0 0 0 0 0 0 0 0 0 0 0 0 0 0 0 0 0 0 0 0 0 0 0 0 0 0 0 0 0 0 0 0 0 0 0 0 0 0 0 0 0 0 0 0 0 0 0 0
155 6676 2916 1107 3216 3155 80 1659 1768 1620 2310 165 8 895 373 312 2850 0 0 2 0 7564 1813 721 2661 149 95 17 20 27301 1 161 1 8 0 413 87 4 179 42 68 219 1347 144 148 11623 0 108 2378 355 303 3 790 494 3139 1243 392 662 0 35 3 8 11 32 8 43 0 72 24 1 1 91 8 194 0 0 0 0 0 16554 20 0 40 159 68 0 0 0 1719 61 82 149 21 0 0 0 787 0 0 2070 1668 13870 0 0 0 0 0 0 0 0 0 0 0 0 0 150 119 82 25 149 85 146 16 61 0 952 165 783 850 691 597 277 583 190 163 0 0 46 0
0 0 0 0 0 0 0 0 0 0 0 0 0 0 0 0 0 0 0 0 0 0 0 0 0 0 0 0 0 0 0 0 0 0 0 0 0 0 0 0 0 0 0 0 0 0 0 0 0 0 0 0 0 0 0 0 0 0 0 0 0 0 0 0 0 0 0 0 0 0 0 0 0 0 0 0 0 0 0 0 0 0 0 0 0 0 0 0 0 0 0 0 0 0 0 0 0 0 0 0 0 0 0 0 0 0 0 0 0 0 0 0 0 0 0 0 0 0 0 0 0 0 0 0 0 0 0 0 0 0 0 0 0 0 0 0 0 0 0
1 0 0 0 0 5 0 10 12 10 19 0 0 6 2 0 21 0 0 0 0 62 221 6 7 0 0 0 0 233 0 0 0 0 0 0 0 0 328 1 7086 0 0 122 81 364 0 566 0 0 2 138 10038 0 23 7 3 21 7 0 0 0 0 0 0 0 0 0 398 50 5 562 16 98 0 0 0 0 0 84 0 0 0 34 0 0 0 0 11 0 0 1 3 3 0 0 0 0 1 1 8 0 1 0 0 0 0 0 0 0 0 0 0 0 0 0 0 0 0 0 0 0 0 0 0 0 1 0 0 0 0 0 0 0 0 0 0 0 0
1 62 31 23 35 98 0 13 9 8 3 1 0 4 3 1 0 0 0 0 0 0 1 0 0 0 0 0 0 0 0 0 0 0 0 0 0 0 0 0 0 0 0 0 0 11 0 4 3 0 0 0 0 0 0 0 0 0 0 0 0 0 0 1 0 0 0 0 0 0 0 0 0 0 0 0 0 0 0 0 0 0 0 1 0 0 0 0 0 0 0 0 0 0 0 0 0 0 0 0 0 0 0 0 0 0 0 0 0 0 0 0 0 0 0 0 0 0 0 0 0 0 0 0 0 0 0 0 0 0 0 0 0 0 0 0 0 0 0
2 126 64 46 72 195 1 27 18 17 5 1 0 8 6 1 0 0 0 0 0 0 126 0 0 0 0 0 0 1 0 0 0 0 0 0 0 0 0 0 0 0 0 0 0 26 0 0 0 0 0 0 0 8 26 24 5 0 0 0 0 0 0 0 0 0 0 0 0 0 0 0 0 0 0 0 0 0 0 0 0 0 0 32 1 0 0 0 0 0 0 0 0 0 0 0 0 0 0 0 0 0 0 0 0 0 0 0 0 0 0 0 0 0 0 0 0 0 0 0 0 0 0 0 0 0 0 0 0 0 0 0 0 0 0 0 0 0 0
51 3486 2161 1377 2091 5620 27 1099 512 1983 161 32 1 238 176 82 3109 0 0 0 0 20 1440 639 1894 0 46 0 8 80 59024 174 1 0 0 71 0 7 0 77 70 498 374 0 1 385 0 334 0 302 4634 0 0 0 337 114 115 379 2318 250 54 864 144 79 46 72 0 74 207 962 1274 131 94 202 0 0 0 115 133 20 9 6 32 38167 59 0 0 0 6 31 0 139 22 0 0 0 0 0 64 219 171 0 0 0 0 0 0 0 0 0 0 0 37 0 93 106 93 60 56 81 54 118 14 19 0 147 22 162 208 146 136 73 138 62 54 78 0 0 0
8 404 132 148 141 526 0 50 333 250 259 0 2 162 31 19 337 0 0 0 0 0 3391 842 1065 464 652 197 3805 63 13 444 16 91 380 1687 714 45 171 1311 2078 590 467 365 334 349 0 7538 0 472 463 1008 0 730 190 303 188 450 299 246 99 98 86 282 170 734 0 1466 1592 98 60 4073 704 2950 4 0 0 0 0 10 56 0 92 11 138 0 0 277 4 0 266 391 7 0 0 0 0 0 733 199 313 86 0 25 0 0 0 0 0 0 0 0 0 0 0 252 257 318 373 255 176 386 193 211 269 215 212 164 216 211 278 181 332 197 174 0 0 10 0
2 104 29 33 31 117 3 14 84 69 60 5 1 40 15 6 441 0 0 0 0 0 1062 2452 2937 1298 41 8 9 3 1 88 1 4 27 142 69 0 0 99 0 0 176 0 0 0 0 26 78 0 0 63 0 0 0 9 6 0 8 6 0 0 0 1 0 0 0 0 98 0 1 267 54 248 0 0 0 0 0 0 0 0 0 0 1 0 0 0 0 0 0 120 0 0 0 0 0 0 0 2 4 0 0 0 0 0 0 0 0 0 0 0 0 0 0 0 0 0 0 1 0 0 6 14 0 0 14 0 0 0 0 4 0 8 0 0 0 0 0
0 0 0 0 0 0 0 0 0 0 0 0 0 0 0 3 6 0 0 0 0 0 11 0 0 0 0 0 0 0 0 0 0 0 620 0 0 0 7 0 0 0 0 0 0 0 0 0 0 0 0 0 0 0 0 0 8 0 0 0 0 0 0 0 0 0 0 0 1 1 7 16 1 0 0 0 0 0 0 0 0 0 0 0 0 0 0 0 0 0 0 0 0 0 0 0 0 0 0 0 38 0 0 0 0 0 0 0 0 0 0 0 0 0 3 0 0 10 0 21 2 0 22 34 0 0 34 0 0 0 10 19 0 26 7 0 0 0 0
0 0 0 0 0 0 0 0 0 0 0 0 0 0 0 1 1 0 0 0 0 0 0 0 0 0 0 0 0 0 0 0 0 0 0 0 0 0 23 0 0 0 0 0 0 0 0 0 0 0 0 0 0 0 476 0 0 0 0 0 0 0 0 7 0 0 0 0 0 1 0 0 1 0 0 0 0 0 0 0 0 0 0 0 0 0 0 0 0 0 0 0 0 0 0 0 0 0 0 0 0 0 0 0 0 0 0 0 0 0 0 0 0 0 0 0 0 0 0 0 0 0 0 9 0 0 0 0 0 0 0 0 0 0 0 0 0 0 0
0 0 0 0 0 0 0 0 0 0 0 0 0 0 0 18 27 0 0 0 0 0 16 0 0 4 0 0 0 0 0 0 0 0 0 0 0 0 28 0 0 0 0 0 0 0 0 0 0 0 0 0 0 0 0 37 0 0 0 0 0 0 0 0 0 0 0 0 0 0 0 0 0 54 0 0 0 0 0 0 0 0 0 6 0 0 0 0 0 0 4700 0 7 0 0 0 0 0 2274 0 0 0 0 0 0 0 0 0 0 0 0 0 0 0 0 44 0 46 129 109 55 54 99 136 16 49 118 89 97 83 159 123 22 142 101 0 0 0 0
1 83 24 26 25 94 2 11 67 55 48 4 1 32 12 11 113 0 0 0 0 0 12 0 0 0 19 1 3 0 0 40 0 0 0 0 17 0 0 1 22 0 64 0 0 25 0 6 0 31 20 0 0 228 979 3019 568 0 32 0 0 1975 1 3 0 0 0 0 40 3 1 122 10 0 0 0 0 0 0 0 0 0 0 0 5 0 0 0 0 52 0 3 0 0 0 0 0 0 0 0 0 0 0 0 0 0 0 0 0 0 0 0 0 0 0 129 128 307 230 267 159 258 213 250 148 148 254 136 152 148 260 194 100 221 165 0 0 0 0
0 0 0 0 0 0 0 0 0 0 0 0 0 0 0 24 0 0 0 0 0 0 879 81 81 45 0 0 0 0 0 0 0 0 0 0 2 0 0 0 25 0 0 0 0 0 2 585 0 0 0 0 0 0 76 17 397 0 0 8163 3 0 1 0 1 0 0 1104 897 46 9 2792 143 170 0 0 0 0 0 0 0 0 0 0 0 0 0 0 0 0 0 6 0 3 0 0 0 0 0 0 0 0 0 0 0 0 0 0 0 0 0 0 0 0 0 0 0 84 0 255 23 0 50 182 0 0 232 56 75 2048 2322 1771 1236 2031 1636 0 0 0 0
0 0 0 0 0 0 0 0 0 0 0 0 0 0 0 10 0 0 0 0 0 0 370 34 47 19 0 0 0 0 0 0 0 0 0 0 1 0 0 0 11 0 0 0 0 10 0 246 2 0 0 0 0 0 32 7 167 20 0 0 1 0 1 1 0 0 0 365 378 18 4 1159 49 65 0 0 0 0 0 0 0 0 0 0 0 0 0 0 0 0 0 3 0 1 0 0 0 0 0 0 0 0 0 0 0 0 0 0 0 0 0 0 0 0 0 0 0 0 0 34 0 0 0 72 0 0 97 0 0 665 838 703 0 827 606 0 0 0 0
0 0 0 0 0 0 0 0 0 0 0 0 0 0 0 0 0 0 0 0 0 0 82 0 0 0 0 0 0 0 0 0 0 0 0 0 0 0 0 0 0 0 0 0 0 1 0 1 0 0 0 0 0 0 24 17 0 0 0 0 0 0 0 0 0 729 0 0 0 0 0 0 0 225 0 0 0 0 0 0 0 0 0 0 0 0 0 0 0 0 0 0 0 0 0 0 0 0 0 0 0 0 0 0 0 0 0 0 0 0 0 0 0 0 0 0 0 0 0 0 0 0 0 7 0 0 0 0 0 0 0 0 0 0 0 0 0 0 0
0 0 0 0 0 0 0 0 0 0 0 0 0 0 0 0 0 0 0 0 0 0 268 5 0 3 2 0 0 0 0 3 0 0 4 16 11 0 0 15 8 0 0 45 4 3 0 7 42 0 0 0 0 87 76 213 0 0 102 181 0 0 0 0 0 1268 0 370 494 18 6 341 49 474 0 0 0 0 0 0 0 0 0 0 0 0 0 0 0 0 0 2 0 0 0 0 0 0 0 0 0 0 0 0 0 0 0 0 0 0 0 0 0 0 0 45 36 94 191 68 48 129 28 47 889 106 192 24 12 63 178 65 136 102 99 0 0 0 0
0 0 0 0 0 0 0 0 0 0 0 0 0 0 0 0 0 0 0 0 0 0 13 0 0 0 0 0 0 0 0 0 0 0 0 0 0 0 0 0 0 0 0 0 0 0 0 0 0 0 0 0 0 0 0 0 0 0 0 0 0 0 0 0 0 0 0 0 0 0 0 0 0 0 0 0 0 0 0 0 0 0 0 0 0 0 0 0 0 0 0 0 0 0 0 0 0 0 0 0 0 0 0 0 0 0 0 0 0 0 0 0 0 0 0 0 0 0 0 0 0 0 0 0 0 0 0 0 0 0 0 0 0 0 0 0 0 0 0
0 0 0 0 0 0 0 0 0 0 0 0 0 0 0 0 0 0 0 0 0 0 156 0 0 0 0 0 0 0 0 0 0 0 0 0 0 0 0 0 8 0 3 0 0 2 0 4 31 0 0 0 0 0 0 0 0 0 210 0 0 0 0 0 0 72 0 0 0 44 6 0 9 1 0 0 0 0 0 0 0 0 0 0 0 0 0 0 0 0 0 7 0 0 0 0 0 0 0 0 0 0 0 0 0 0 0 0 0 0 0 0 0 0 0 0 0 0 0 0 0 0 0 29 0 0 1 0 0 0 0 0 0 0 0 0 0 0 0
0 0 0 0 0 0 0 0 0 0 0 0 0 0 0 0 0 0 0 0 0 0 58 0 0 0 0 0 0 0 0 0 0 0 0 0 0 0 0 0 0 0 0 0 0 0 0 0 0 0 0 0 0 0 9 10 0 6 0 0 0 0 0 0 0 0 0 0 49 0 0 0 5 82 0 0 0 0 0 0 0 0 0 0 0 0 0 0 0 0 0 0 0 0 0 0 0 0 0 6 5 0 0 0 0 0 0 0 0 0 0 0 0 0 0 0 0 0 0 0 0 0 0 20 0 0 0 0 0 0 0 0 0 2 0 0 0 0 0
0 0 0 0 0 0 0 0 0 0 0 0 0 0 0 4 0 0 0 0 0 0 44 0 0 0 0 0 0 0 0 0 0 0 1 2 2 0 0 0 55 0 14 31 0 83 0 90 13 5 2 0 0 11 108 31 324 84 348 802 0 0 56 0 31 0 0 231 1436 143 15 2496 129 32 0 0 0 0 0 0 0 0 1 0 1 0 0 0 0 0 323 4 0 0 0 0 20 0 0 0 12 0 0 0 0 0 0 0 0 0 3 0 0 0 0 0 0 0 0 0 0 0 0 0 0 0 46 770 388 635 244 308 0 182 25 0 0 0 0
9 566 156 176 164 614 13 76 420 345 318 26 3 196 46 132 301 0 0 0 0 0 3176 3434 4875 1950 641 122 135 34 7 1172 8 54 307 1392 635 59 427 1039 678 2490 1742 850 124 269 859 6098 668 1 1 718 2383 181 1290 128 635 832 682 1241 652 508 572 1611 1128 4248 0 0 4001 469 141 8686 1964 5720 20 44 0 437 489 41 192 489 313 167 536 242 128 126 12 1098 4839 378 114 0 0 0 0 0 3347 106 178 57 0 0 0 0 0 0 0 0 0 0 102 0 0 1102 904 674 1749 775 558 1345 617 715 985 820 622 762 1032 954 1186 746 1598 800 738 0 0 24 0
2 83 33 46 41 134 2 23 7 10 10 0 0 6 10 167 1434 0 0 0 0 0 7651 2253 3113 1222 29 0 2 0 0 50 0 0 0 228 74 0 183 115 113 169 296 0 4 61 0 1380 102 58 57 0 0 52 277 17 214 226 0 0 214 0 194 452 349 0 491 0 1554 44 28 2684 927 1469 4 0 84 249 285 0 12 290 14 182 60 132 60 0 0 276 0 300 22 0 0 0 8 0 648 81 36 0 0 0 0 0 0 0 0 0 0 0 0 0 0 494 506 597 721 471 331 746 355 383 527 414 386 310 414 404 519 332 666 360 325 33 0 27 0
0 0 0 0 0 0 0 0 0 0 0 0 0 0 0 0 0 0 0 0 0 0 164 0 0 0 0 0 0 0 0 0 0 0 0 0 0 0 0 0 0 0 0 0 0 0 0 0 0 0 0 0 0 0 0 0 0 0 0 0 0 0 0 0 0 0 0 0 0 0 0 0 0 0 0 0 0 0 0 0 0 0 0 0 0 0 0 0 0 0 0 0 0 0 0 0 0 0 0 0 0 0 0 0 0 0 0 0 0 0 0 0 0 0 0 0 0 0 0 0 0 0 0 0 0 0 0 0 0 0 0 0 0 0 0 0 0 0 0
0 0 5 0 5 20 0 2 0 0 10 1 0 0 2 0 0 0 0 0 0 0 8 2 0 4 0 0 0 0 0 0 0 0 0 1 0 0 0 0 0 3 2 0 0 0 0 7 0 0 0 0 0 0 0 0 0 0 0 0 1 0 1 0 3 0 0 0 0 0 0 0 0 0 0 0 0 0 0 0 0 0 0 0 0 0 0 0 0 0 0 1 0 0 0 0 0 0 0 0 0 0 0 0 0 0 0 0 0 0 0 0 0 0 0 0 0 0 0 0 0 0 0 0 0 0 0 0 0 0 0 0 0 0 0 0 0 0 0
0 0 0 0 0 0 0 0 0 0 0 0 0 0 0 0 0 0 0 0 0 0 0 2 0 0 0 0 0 0 0 0 0 0 0 0 0 0 0 0 0 0 0 0 0 0 0 0 0 0 0 0 0 0 0 0 0 0 0 0 2 0 0 0 0 0 0 0 0 0 0 0 0 0 0 0 0 0 0 0 0 0 0 0 0 0 0 0 0 0 0 0 0 0 0 0 0 0 0 0 0 0 0 0 0 0 0 0 0 0 0 0 0 0 0 0 0 0 0 0 0 0 0 0 0 0 0 0 0 0 0 0 0 0 0 0 0 0 0
2 132 41 44 45 167 4 19 134 117 85 8 2 71 33 18 0 0 0 0 0 0 870 23 59 21 9 1 2 0 0 13 0 0 0 44 44 0 0 0 10 0 40 0 0 13 0 191 0 6 6 0 0 0 0 17 72 0 0 0 33 0 14 30 18 0 0 0 369 1 0 0 0 0 0 0 0 0 0 0 0 0 0 2 0 0 0 0 0 0 0 1846 35 117 0 0 0 0 0 66 34 7 0 0 0 0 0 0 0 0 0 0 0 0 0 107 109 184 169 153 98 186 120 136 118 104 138 86 105 102 156 109 0 122 98 112 0 0 0
0 0 0 0 0 0 0 0 0 0 0 0 0 0 0 0 36 0 0 0 0 0 783 0 0 0 0 0 0 0 0 0 0 0 0 0 2 0 0 0 0 0 1 0 0 2 0 4 0 0 0 0 0 0 0 0 0 0 0 0 0 0 0 0 0 0 0 0 215 0 0 192 0 0 0 0 0 0 0 0 0 0 1 0 2 0 0 0 0 0 0 0 699 2 0 0 245 0 0 915 1134 109 0 0 0 0 0 0 0 0 0 0 301 0 0 0 0 0 0 0 0 0 0 1 0 0 0 0 0 0 0 0 0 0 0 0 0 0 0
0 0 0 0 0 0 0 0 0 0 0 0 0 0 0 212 806 0 0 0 0 0 801 177 246 77 14 0 3 0 0 3 0 0 0 131 90 0 0 86 25 0 38 0 0 6 0 121 0 13 13 0 0 0 154 13 0 21 0 0 0 0 2 0 0 0 0 0 67 0 0 1017 373 0 0 0 0 2 2 0 0 3 0 1 1 0 0 0 0 0 0 0 26 0 0 0 9 0 58 1 0 70 0 0 0 0 0 0 0 0 0 0 0 0 7 77 78 110 117 90 60 123 69 77 83 69 78 55 69 68 95 64 97 71 60 50 0 16 0
0 2 1 6 1 1 0 1 5 7 13 0 0 6 3 1 6 0 0 0 0 0 4351 3 21 5 4 1 1 0 0 6 0 0 0 14 3 2 9 0 3 18 35 4 1 0 2 0 13 6 7 7 0 5 8 8 16 17 18 65 5 72 7 19 435 3 0 0 7 0 0 5 1 0 0 0 0 0 0 0 0 0 0 0 0 242 177 0 0 5 0 1 0 0 0 1 2 0 4 0 0 0 0 1 0 0 0 0 0 0 0 0 0 0 0 0 0 0 0 0 0 0 0 0 0 0 1 0 0 0 0 0 0 0 0 2 2 0 0
0 22 8 69 10 11 0 8 62 85 165 5 1 76 36 11 75 1 1 0 0 0 164 111 296 72 50 9 10 2 1 78 1 4 12 191 42 28 110 5 33 178 434 270 21 0 83 0 155 78 93 120 4 57 95 97 197 216 220 802 62 882 89 232 190 40 0 35 92 0 0 63 18 1 0 0 0 0 0 0 0 0 0 0 0 2518 1841 0 0 73 0 16 2 7 0 20 22 23 49 0 0 2 8 17 0 4 0 1 0 2 6 0 11 18 5 0 0 18 2 18 8 6 5 6 0 28 19 10 8 0 0 0 0 1 0 20 35 1 0
1 207 71 647 89 101 1 74 578 791 1537 44 6 709 334 101 695 5 9 4 0 0 119 1457 2955 700 473 89 98 24 5 738 6 39 247 1880 421 260 2260 44 318 632 4097 743 186 2 883 0 1494 753 897 1243 318 549 906 927 1877 2062 2080 7585 584 8337 840 2193 1792 383 189 0 852 1 0 594 170 8 0 0 0 0 0 0 0 0 0 0 0 35970 28009 0 0 659 0 152 0 103 0 168 209 181 455 0 0 21 90 153 0 0 0 0 0 0 52 0 106 74 52 216 223 275 321 220 152 337 72 57 74 419 179 180 225 9 24 22 0 26 16 186 281 2 0
0 37 12 114 16 18 0 13 102 140 271 8 1 125 59 18 124 1 1 1 0 0 858 245 513 122 82 16 17 4 1 128 1 7 43 326 73 46 181 3 55 129 713 81 24 0 92 0 259 130 153 0 53 95 157 160 323 304 363 1323 102 1454 146 382 312 63 0 0 150 0 0 103 30 0 0 0 0 0 0 0 0 0 0 0 0 4340 3172 0 0 71 0 26 0 0 0 2 37 0 80 0 0 4 0 18 0 0 0 0 0 0 7 0 14 0 8 0 0 23 0 26 9 0 6 9 0 36 31 11 3 0 0 0 0 0 0 28 38 0 0
0 24 8 74 10 12 0 8 66 91 176 5 1 81 38 12 80 1 1 0 0 0 11 168 339 80 54 10 11 3 1 84 1 4 28 215 373 30 119 0 36 21 469 51 11 0 40 0 169 84 100 0 33 63 103 106 213 181 236 861 66 947 95 249 203 43 0 0 98 0 0 67 19 0 0 0 0 0 0 0 0 0 0 0 0 2606 1905 0 0 30 0 17 0 0 0 0 24 0 52 0 0 2 0 8 0 0 0 0 0 0 3 0 4 0 5 0 0 8 0 13 2 0 3 6 0 15 20 2 0 0 0 0 0 0 0 17 17 0 0
0 3 1 10 1 2 0 1 9 12 24 1 0 11 5 2 11 0 0 0 0 0 90 1 37 10 7 1 1 0 0 11 0 1 0 25 5 4 16 1 5 49 63 8 3 0 0 0 0 11 12 0 0 8 14 14 29 31 32 116 9 127 1415 33 27 6 0 3 13 0 0 9 2 0 0 0 0 0 0 0 0 0 0 0 0 336 245 0 0 10 0 2 0 0 0 2 3 2 7 0 0 0 0 2 0 0 0 0 0 0 1 0 0 2 1 0 0 1 0 2 0 0 0 1 0 2 3 1 0 0 0 0 0 0 0 3 5 0 0
0 0 0 5 1 1 0 0 5 6 12 0 0 6 0 1 0 0 0 0 0 0 6 0 0 1 3 0 1 0 0 5 0 0 0 0 0 2 8 0 2 0 32 4 1 0 0 0 11 6 6 0 0 4 7 7 15 16 16 59 5 65 7 17 422 2 0 0 7 0 0 5 0 0 0 0 0 0 0 0 0 0 0 0 0 189 138 0 0 3 0 1 0 0 0 0 2 0 4 0 0 0 0 1 0 0 0 0 0 0 0 0 0 0 0 0 0 0 0 0 0 0 0 0 0 0 1 0 0 0 0 0 0 0 0 1 0 0 0
0 8 129 24 4 5 0 3 21 29 56 2 0 26 16 4 25 0 0 0 0 0 0 57 115 27 19 4 4 1 0 29 0 2 10 74 17 9 41 0 13 0 160 14 0 0 0 0 61 35 36 0 12 22 36 37 75 32 79 290 27 319 39 84 68 10 0 0 31 0 0 18 6 0 0 0 0 0 0 0 0 0 0 0 0 898 656 0 0 0 0 5 0 0 0 0 8 0 17 0 0 1 0 0 0 0 0 0 0 0 2 0 0 0 1 0 0 0 0 0 0 0 0 2 0 0 8 0 0 0 0 0 0 0 0 3 0 0 0
0 0 0 1 0 0 0 0 1 1 2 0 0 1 0 0 1 0 0 0 0 0 0 0 0 0 0 0 0 0 0 0 0 0 0 0 0 0 1 0 0 2 6 1 0 0 0 0 2 1 0 0 0 0 17 1 2 2 2 10 1 11 1 3 2 0 0 0 1 0 0 1 0 0 0 0 0 0 0 0 0 0 0 0 0 28 20 0 0 0 0 0 0 0 0 0 0 0 1 0 0 0 0 0 0 0 0 0 0 0 0 0 0 0 0 0 0 0 0 0 0 0 0 0 0 0 0 0 0 0 0 0 0 0 0 0 0 0 0
13 0 0 0 0 5 22 24 0 1 1 1 14 1 28 0 0 9018 0 0 105 11 0 0 0 1 0 0 0 2 37 0 8 0 0 0 0 1 4 0 3 0 1 0 0 1 0 0 0 0 0 0 0 0 1 0 0 0 1 3 2 2 3 0 3 0 0 0 0 330 1024 0 0 0 0 0 0 0 0 0 0 0 0 0 0 6 2 0 0 0 0 0 0 0 0 0 0 0 1 0 1 0 0 0 0 0 0 0 0 0 0 0 0 0 0 0 0 0 0 0 0 0 0 0 0 0 5 0 0 0 0 0 0 0 0 0 0 0 0
0 0 0 1 0 0 0 0 1 1 2 0 0 1 1 0 1 0 0 0 0 0 29 0 0 0 0 0 0 0 0 0 0 0 0 0 0 0 2 0 1 4 7 0 0 0 0 0 2 1 0 0 0 0 1 1 3 0 2 11 1 13 150 3 3 0 0 0 1 0 0 0 0 0 0 0 0 0 0 0 0 0 0 0 0 36 27 0 0 0 0 0 0 0 0 0 0 0 1 0 0 0 0 0 0 0 0 0 0 0 0 0 0 0 0 0 0 0 0 0 0 0 0 0 0 0 0 0 0 0 0 0 0 0 0 0 0 0 0
0 36 12 112 15 17 0 13 100 136 265 8 1 122 58 18 123 1 2 1 0 0 966 245 507 120 80 15 17 4 1 125 1 7 42 320 72 45 177 5 53 110 700 82 27 0 138 0 247 124 149 37 51 93 153 156 316 316 0 473 98 1398 141 368 301 64 0 0 147 0 0 99 29 0 0 0 0 0 0 0 0 0 0 0 0 0 0 0 0 110 0 30 0 0 0 0 42 0 92 0 0 4 0 26 0 0 0 0 0 0 9 0 19 35 10 0 0 33 2 33 15 9 9 11 0 52 35 18 14 0 0 0 0 1 0 36 54 0 0
0 46 16 145 20 23 0 16 129 177 344 10 1 159 75 23 159 1 2 1 0 0 1147 320 658 156 104 20 22 5 1 163 1 9 54 415 93 58 229 8 69 106 908 107 39 0 180 0 321 162 193 159 67 120 199 203 411 428 867 614 127 1814 183 477 390 83 0 0 191 0 0 129 37 1 0 0 0 0 0 0 0 0 0 0 0 16825 0 0 0 673 0 150 0 47 0 136 208 176 453 0 0 21 58 156 0 16 0 0 0 0 52 0 107 129 50 219 226 273 323 217 152 338 71 56 80 415 175 178 225 14 26 22 0 27 17 189 323 9 0
0 119 40 370 51 58 1 42 330 453 879 25 3 405 191 59 42 0 10 4 0 0 489 1361 3119 747 421 79 88 21 4 657 5 35 171 1650 368 236 898 14 272 1890 2900 312 138 703 620 0 1062 534 624 766 0 893 1474 1100 2942 3193 2477 1760 268 3823 385 1006 823 199 0 147 354 0 0 159 66 13 4477 18680 62783 48944 50544 9143 36801 47198 58208 7027 93519 17228 37919 0 2692 365 0 127 41 118 0 0 183 0 349 0 0 0 0 0 35 0 0 0 0 0 46 39 41 0 0 97 98 196 163 169 104 184 52 48 0 303 152 122 138 0 0 6 0 15 0 118 0 0 0
0 0 0 0 0 0 0 0 0 0 0 0 0 0 0 0 0 0 0 0 0 0 153 0 0 0 0 0 0 0 0 0 0 0 0 0 0 0 0 0 0 0 0 0 0 0 0 0 0 0 0 0 0 0 0 0 0 0 0 0 0 0 0 0 0 0 0 0 0 0 0 0 0 0 0 0 0 0 0 0 0 0 0 1 0 0 0 0 0 831 0 180 56 0 0 0 249 0 542 0 0 25 0 192 47 54 13 20 39 43 64 60 0 0 50 308 318 347 444 270 195 459 90 68 142 525 213 230 298 44 51 33 67 35 32 228 398 16 0
15 899 264 290 281 1046 21 122 750 618 542 47 6 356 219 17 814 1 0 0 9 5 73 0 15 19 97 20 22 6 1 184 2 8 75 550 318 108 212 54 54 87 278 20 0 131 0 661 147 65 63 0 18 40 98 88 11 0 167 140 187 105 79 222 293 314 0 0 93 8 24 8 35 96 0 0 0 0 0 0 0 21 1 5 15 0 0 0 0 0 0 0 0 0 0 0 0 0 0 40 69 23 0 0 0 0 0 0 0 0 0 0 133 163 9 0 0 0 0 0 0 0 15 67 0 0 68 0 0 0 0 0 0 24 0 0 0 0 0
23 1168 424 486 495 1878 21 177 114 147 128 7 1 102 263 403 1296 0 1056 216 0 8882 526 2503 3820 1525 21 4 5 1 0 146 0 2 83 404 70 245 555 633 621 0 835 364 201 366 0 7326 218 323 312 121 0 67 109 1147 0 668 972 706 171 633 150 426 293 0 0 909 1073 7 6 490 446 504 14 13 1121 2409 380 8 39 96 79 196 421 1503 1096 98 1 2059 0 251 71 82 0 0 8 0 2340 1316 1030 501 0 130 0 180 764 333 0 0 969 176 1221 0 111 845 849 960 1247 776 549 1248 587 636 888 697 632 533 713 693 884 16 1040 613 553 385 784 112 0
4 192 59 63 64 238 6 27 188 162 122 12 2 98 10 2 1930 0 0 0 0 0 326 0 0 0 41 9 10 3 1 55 1 4 106 0 261 0 0 0 0 0 0 0 48 0 0 0 0 0 0 0 0 0 0 0 112 0 0 0 0 0 0 0 0 0 0 0 0 0 0 0 0 490 0 0 0 0 0 0 0 0 0 2 0 0 0 0 0 503 0 0 211 0 0 0 0 0 43 445 229 0 0 0 0 0 0 0 0 0 3 0 122 19 54 612 626 708 888 556 396 911 417 446 649 506 0 375 506 494 621 392 830 422 388 257 0 272 0
14 0 224 0 243 908 21 102 270 618 464 44 8 374 38 440 721 0 0 0 0 0 50 0 0 221 0 0 0 0 0 0 0 0 0 0 0 571 0 0 0 0 0 0 252 17 0 1 0 2195 531 0 0 186 139 189 0 682 366 259 672 0 1465 0 1381 0 0 0 0 4 3 0 0 0 4 0 9 1001 676 1 19 297 14 31 74 297 185 0 0 220 0 0 0 0 0 0 0 0 0 0 227 0 0 0 0 0 0 0 0 0 0 0 0 0 0 184 164 87 98 123 83 192 14 76 0 0 0 607 0 540 448 205 0 137 131 0 0 36 0
0 11491 3736 3901 4125 0 0 1697 12790 11679 7760 944 279 6106 1406 6325 0 0 0 0 0 0 1324 0 0 0 1436 1361 1477 408 87 14411 104 594 5207 3397 10689 747 0 0 7618 734 0 6109 3623 2108 2344 0 0 1969 1928 15644 9438 46722 14001 16098 10520 11468 0 0 8691 6408 4852 5209 18200 1677 7846 619 0 136 67 0 0 4799 7 0 0 494 523 2 18 495 21 60 97 296 0 0 0 3565 0 2250 85 0 2681 8529 0 0 0 2912 3800 2454 0 0 0 0 428 0 0 235 1740 0 646 844 2427 4345 4433 4737 6251 3701 2685 6339 2759 637 4578 4362 2927 2588 3536 3446 4222 2620 6009 2800 2632 752 1407 602 0
0 864 362 424 437 1369 41 178 1608 1392 942 132 60 576 0 1591 0 193 2784 1740 1029 1825 964 2053 6411 14212 162 149 386 550 4196 0 257 991 187 1442 1762 602 3765 2821 1976 0 4107 859 749 3898 3515 0 501 5931 2708 2336 1770 1651 2073 789 1581 3377 3018 2139 2028 2522 716 1725 4225 3535 1188 1858 0 438 2039 2141 1060 149 26 244 124 1081 123 401 333 107 74 4078 251 438 94 1168 44 1608 278 774 645 0 0 0 6 0 289 1244 1385 1048 0 0 0 0 0 0 0 0 306 0 107 0 102 2332 2183 1426 2030 1853 1142 1945 140 168 74 800 296 253 340 1551 2170 958 2466 982 810 548 0 577 0
7 80 0 42 49 473 9 44 389 353 105 21 8 226 593 416 1967 6 357 196 0 1491 1297 2094 0 1500 0 0 0 0 1 0 0 0 0 0 0 82 1818 1252 287 64 1621 730 579 750 906 0 609 133 130 781 1166 451 745 598 794 1096 1027 728 2101 1155 875 2480 3282 1903 596 862 1337 25 4 737 588 1175 0 0 0 0 0 0 2 160 4 102 28 43 0 1135 0 948 28 499 84 0 275 0 0 0 893 2678 1103 850 0 0 0 0 5 0 474 233 367 0 105 0 89 901 923 1013 1300 791 569 1329 591 628 954 737 631 543 737 719 891 557 1235 597 556 423 174 567 0
0 26 8 9 9 35 1 4 29 26 18 2 1 17 0 59 67 0 0 0 0 0 705 127 173 70 10 2 2 0 0 18 1 1 6 76 42 0 36 131 0 0 45 18 17 193 0 494 625 19 19 265 31 0 51 201 33 195 714 506 22 32 19 62 37 0 66 0 150 0 0 420 0 0 0 0 0 0 0 0 0 0 0 0 0 0 0 0 0 64 0 71 2 318 0 67 0 0 451 194 66 0 0 61 0 21 0 0 0 0 125 0 175 0 0 214 220 260 312 204 144 324 154 165 229 180 167 134 179 175 224 143 285 155 140 346 0 1 0
43 2103 682 713 753 2808 69 310 2331 2122 1417 170 49 1346 695 1015 1135 0 0 0 0 0 665 3206 3559 95 730 150 162 49 10 1384 13 65 1053 4441 2465 0 1776 2545 1273 77 3613 443 695 701 257 1926 3015 870 852 253 2045 389 826 1282 2876 1101 1415 1003 299 970 2445 2459 142 934 979 1362 2893 1 4 1884 756 371 1 0 0 109 131 0 5 138 7 13 30 46 0 5468 0 482 677 1614 329 8012 6424 331 1027 0 8713 614 533 844 0 146 0 0 0 0 0 0 525 0 0 489 257 1075 1099 1187 1546 926 670 1575 690 731 1135 874 734 642 875 854 1050 653 1481 699 654 1374 674 123 0
0 0 0 0 0 0 0 0 0 0 0 0 0 0 0 0 0 0 0 0 0 0 135 0 0 0 0 0 0 0 0 0 0 0 0 0 0 0 0 0 0 0 0 0 0 0 161 0 0 0 0 0 0 0 0 0 0 0 0 0 0 0 0 0 0 0 0 0 0 0 0 0 0 0 0 0 0 0 0 0 0 0 0 0 0 0 0 0 0 0 0 0 803 0 0 0 0 0 0 0 0 0 0 0 0 0 0 0 0 0 0 0 0 0 0 0 0 0 0 0 0 0 83 168 0 0 0 0 0 0 0 0 0 0 0 0 0 0 0
0 54 0 0 31 0 1 0 0 0 0 0 0 0 0 2 0 0 0 0 0 0 163 0 0 0 0 0 0 0 0 0 0 0 0 0 0 0 0 0 0 0 15 0 0 2631 0 0 0 10 7 0 0 0 9 0 0 46 0 0 0 39 44 0 0 21 0 0 0 0 0 0 0 0 0 0 0 0 0 0 0 0 0 0 0 0 0 0 0 0 0 0 0 0 0 0 0 0 26 0 9 0 0 0 0 0 0 0 0 0 0 0 0 0 0 0 0 0 0 0 0 0 0 14 0 0 0 0 0 0 0 9 0 0 0 0 0 0 0
0 0 0 0 0 0 0 0 0 0 0 0 0 0 0 0 0 0 0 0 0 12196 19 0 0 0 64 0 0 0 0 0 0 0 0 0 51 0 0 0 0 0 1 0 0 0 0 2 0 2 1 0 0 0 0 0 0 0 0 0 0 0 0 0 0 0 0 0 20 0 0 0 0 0 0 0 0 0 0 0 0 0 0 0 0 0 0 0 121 0 0 0 0 0 0 0 0 0 1 0 0 0 0 0 0 0 0 0 0 0 0 0 0 0 0 0 0 0 0 0 0 0 0 0 0 0 0 0 0 0 0 0 0 0 0 0 0 0 0
0 10 3 3 4 14 0 1 12 11 7 1 0 7 0 1 1 0 0 0 0 0 262 67 168 108 0 0 0 0 0 0 0 0 0 28 48 27 76 114 51 23 68 22 18 34 0 451 131 11 11 64 0 101 82 266 54 132 69 49 34 19 14 40 53 113 0 17 126 1 1 0 0 0 0 0 0 0 0 0 0 0 0 1 0 0 0 114 0 0 0 67 12 0 0 0 21 0 51 223 177 0 0 0 0 0 0 0 0 0 147 0 11 0 0 8 8 48 24 45 24 29 37 45 11 17 45 19 18 18 40 33 0 39 26 134 0 0 0
0 0 0 0 0 0 0 0 0 0 0 0 38121 0 0 221 795 0 0 0 0 0 2074 3484 0 5762 1378 267 293 75 16 2641 19 117 807 3367 1534 66 2960 1252 971 1332 5016 1324 1884 1041 967 15471 0 751 736 5122 1460 1244 5327 3800 3897 4373 4987 3534 1809 995 753 2136 2826 4976 1324 1648 3420 38 31 3208 1174 791 2 0 0 63 72 0 4 73 3 10 15 31 0 1951 0 1338 1763 1120 4057 4925 3019 792 7508 5468 1413 33347 24577 9593 0 0 0 0 0 0 0 251 344 537 163 0 0 1192 1174 1207 1750 993 717 1693 748 805 1223 954 789 734 999 963 1188 741 1660 793 740 0 299 278 0
2 95 31 32 34 128 3 14 106 97 64 8 2 62 0 132 41 0 554 273 0 0 110 274 700 460 82 15 19 4 1 168 2 7 60 425 221 146 469 302 189 111 237 153 660 74 18 1030 324 43 41 477 0 307 230 254 177 210 134 95 163 90 68 193 255 350 45 390 371 8 4 201 238 293 0 0 0 0 0 0 0 4 1 4 2 0 0 939 0 202 0 710 439 399 897 139 0 0 1187 927 532 353 53 0 2401 570 1209 0 438 518 415 0 1003 6 119 275 280 318 400 252 179 409 189 203 291 228 204 170 229 223 282 179 373 193 176 710 113 870 0
41 3611 804 901 816 1003 51 424 1414 1156 1541 107 7 632 2417 486 3950 107 5541 2053 0 0 642 4720 3349 148 2349 304 348 70 15 1897 17 136 696 2318 1033 1462 2834 1237 1150 932 2850 339 0 657 725 2124 1657 547 536 183 767 435 1071 735 963 586 985 698 687 2459 691 3876 184 342 821 1003 2396 2 3 969 749 95 7 4 275 623 650 4 19 606 29 86 123 385 248 0 0 7755 1255 1364 498 3167 2321 746 3202 123 2562 1307 1111 947 1733 0 0 8410 733 0 542 0 708 0 3847 174 324 771 788 857 1111 669 483 1132 500 530 815 628 532 463 630 614 758 473 1062 506 473 4405 582 1105 0
39 2970 734 843 758 2819 54 373 1604 1305 1456 109 9 716 900 697 703 0 410 152 0 0 154 316 1956 132 290 59 63 18 4 612 5 26 291 1280 644 0 528 343 254 320 597 6 0 62 376 183 715 439 430 28 192 223 974 191 248 843 231 164 26 356 417 898 16 184 241 359 503 7 6 186 273 299 0 0 20 56 61 0 1 59 2 12 12 30 0 294 0 197 0 297 1161 278 241 32 0 474 887 3649 5028 730 155 0 0 0 0 0 0 0 219 0 112 0 0 327 333 377 475 298 212 486 223 239 346 270 240 202 271 265 334 211 445 227 208 143 69 224 0
7 312 103 107 115 428 11 47 357 333 215 31 12 214 78 641 2084 0 16253 6999 0 0 364 352 932 544 134 27 30 9 2 256 2 12 184 798 439 6 2157 1285 426 257 1540 791 0 2192 2895 3128 853 242 238 1086 995 525 1136 1201 1027 780 1080 765 931 690 1187 2219 903 1529 632 1433 302 33 43 671 669 2097 1 0 97 138 144 1 3 135 5 56 25 85 53 1434 0 1477 0 319 101 0 89 0 177 810 1341 2486 977 879 365 0 0 31293 0 0 0 0 351 0 33 133 0 758 772 841 1097 661 476 1112 494 526 800 618 527 458 623 606 751 469 1050 503 468 187 210 587 0
2 107 34 36 37 138 3 16 113 100 70 7 2 62 0 102 519 0 0 0 0 0 119 2281 5758 3774 285 57 62 17 4 599 4 25 220 945 449 12 564 942 70 928 1291 1019 1182 242 285 3442 649 89 88 969 589 916 1084 845 1058 690 787 557 2071 1139 862 2445 3235 2094 435 722 35 30 26 313 601 1032 0 0 19 61 65 0 1 62 2 20 11 37 13 698 0 556 0 1077 3120 2270 3021 1305 554 553 0 2763 30 1145 1223 754 190 2045 2368 0 1006 1426 1737 242 690 543 432 570 561 580 837 478 344 810 360 388 585 457 380 352 478 461 570 357 795 382 356 2201 639 621 0
18 1252 324 371 337 1256 25 162 774 630 650 51 5 349 0 123 1229 0 646 324 0 0 314 1084 2734 1793 762 146 164 41 10 1543 11 64 423 2201 1020 197 1064 259 161 562 947 743 601 402 281 5535 599 106 104 849 1059 268 1683 1063 2033 2438 1316 937 2268 1241 945 2674 3544 2862 995 1083 1679 10 8 613 890 247 5 1 340 479 500 2 10 466 15 137 83 296 189 3381 0 1703 935 1121 261 1158 604 0 21 1220 33 4608 1090 1193 254 0 0 1509 1011 0 0 0 3575 0 3484 770 224 1672 1695 1817 2418 1434 1036 2435 1073 1141 1754 1356 1140 1007 1372 1335 1645 1025 2307 1098 1026 277 0 4840 0
0 1 0 0 0 0 0 0 0 0 0 0 0 0 0 17 166 1 22 11 0 1 244 32 83 55 269 56 60 15 4 559 4 23 171 873 415 618 503 633 374 745 600 441 1415 221 199 3162 396 316 309 653 409 211 669 427 256 519 312 222 283 157 119 333 442 602 315 568 2212 1 5 188 548 109 2 0 111 196 206 0 4 194 5 49 33 119 57 1606 0 1117 169 429 354 0 471 0 112 31 403 1600 302 473 0 0 2392 1095 1721 0 48 0 0 0 423 0 44 299 307 360 433 283 199 449 213 228 319 250 230 187 250 244 312 199 397 214 195 848 0 162 0
59 545 244 302 287 845 31 154 837 508 459 65 24 391 1154 90 77 0 15913 51477 0 4579 328 830 1993 1586 157 30 30 42 6 295 6 20 98 1075 482 3014 1598 192 190 309 550 3 0 123 180 210 1866 13636 21398 6274 2375 19 2375 1590 888 1893 1450 1031 122 52 73 88 204 0 308 1469 1 1136 10314 3257 955 812 0 0 0 0 0 0 388 0 0 0 0 0 0 0 0 241 0 0 1 0 0 0 0 0 8 45 24 0 0 0 0 0 0 0 0 243 0 0 408 0 0 0 0 0 0 0 0 0 0 0 0 0 0 0 0 0 0 0 0 0 0 0 0 0 0
129 5820 2305 343 2426 4113 185 1142 2327 1901 4583 416 77 1039 1196 1097 4372 475 11187 4145 0 13135 2853 2346 0 5690 6715 33032 16054 1199 267 3342 299 3266 19 12578 4955 6208 104 552 3396 7233 496 6286 7179 6301 5893 3413 194 4574 4482 4488 81 7876 5203 8076 11078 8500 790 7842 8653 14237 8212 539 3442 874 100 3485 1 125 116 4423 0 4860 15 23 730 892 931 14 62 867 93 256 252 553 359 0 0 5023 0 4972 15130 5492 345 3582 131 1667 322 309 13976 8945 0 2716 3099 4122 6070 0 3522 4595 8149 0 6259 1167 1564 14502 14823 15271 343 12297 8936 253 9155 5881 15296 11732 3734 8596 11762 11470 13426 8679 298 3079 8733 1162 3225 4770 0
2 0 0 0 0 31 0 13 17 18 0 1 1 14 3 0 102 64 28 19 117 357 3087 77 233 132 0 0 2 0 1 0 2 1 0 8 4 4 70 40 43 4 181 0 0 64 326 357 55 5 6 0 52 66 110 120 44 64 134 38 19 23 15 42 5170 589 0 5 82 57 113 32 0 6 0 0 0 0 0 889 7 10 2 4 5 0 0 0 93 0 0 0 35 0 0 0 0 1 1 40 21 0 0 0 0 0 0 0 0 0 0 0 0 0 0 0 0 0 0 10 2 0 20 38 0 0 25 0 0 0 0 2 0 9 0 12 0 11 0
5 257 80 87 89 338 8 38 276 248 172 18 4 152 5 273 501 74 180 92 0 1 136 901 2274 1490 0 0 2 0 2 0 2 0 0 564 346 1428 727 426 376 158 752 293 0 168 147 2354 576 14 15 748 725 755 1966 931 452 167 537 381 435 239 181 512 676 529 485 2377 2415 1 2 1210 558 14 0 0 0 84 99 0 22 104 5 34 22 0 0 1653 0 0 158 0 8734 0 332 51 1426 0 3843 524 2 3559 304 0 0 169 0 0 0 402 348 0 217 0 1685 441 430 453 655 380 271 628 289 314 450 356 306 280 1047 363 455 288 607 309 284 83 0 169 0
0 3 1 1 1 4 0 211 3 4255 3088 428 69 2 4861 851 0 2 2 1 0 0 310 42 109 62 0 0 0 55 0 0 0 0 0 1227 82 263 188 69 272 5 63 19 0 68 76 116 44 1 1 0 166 141 0 6 4 2 89 64 737 53 111 180 81 119 17 67 88 1 1 61 38 0 0 0 0 0 0 0 23100 0 0 0 1 0 0 109 0 0 0 0 861 0 0 0 116 0 35 123 412 82 19 0 0 160 141 0 0 0 75 0 97 0 0 40 25 13 70 29 19 42 25 31 30 29 25 33 50 39 52 34 58 37 32 2 0 28 0
70 38 27 28 30 71 26 27 49 38 43 26 27 30 31 32 31 5706 152 253 49 98 5 146 217 65 28 35 43 28 26 0 65 42 0 71 59 61 106 84 97 0 428 0 0 291 0 145 151 65 79 0 0 53 46 245 0 0 415 501 522 0 230 911 119 917 0 0 160 11 29 0 39 0 17 2 0 20 27 3 107 45 49 62 46 6 0 0 0 386 0 0 0 0 0 0 0 0 72 105 91 0 0 0 0 0 0 0 0 0 47 0 63 0 0 0 0 1581 417 1504 759 652 1251 1570 107 413 1607 573 458 444 1293 1122 0 1325 831 0 0 25 17
73 40 28 29 32 74 27 28 51 40 45 27 29 31 32 34 34 5965 159 264 51 101 5 165 229 68 39 40 47 31 27 16 68 46 0 95 66 64 131 87 102 0 447 0 0 305 0 150 158 68 82 0 0 57 50 261 6 0 489 546 551 0 243 968 136 961 0 0 167 11 30 0 41 0 18 3 0 21 28 3 111 48 51 65 48 7 0 0 0 406 0 0 0 0 0 0 0 0 75 110 95 0 0 0 0 0 0 0 0 0 49 0 72 0 0 43 0 1672 491 1582 807 733 1313 1641 156 459 1680 615 506 491 1370 1179 0 1388 880 0 0 26 18
31 17 12 12 13 31 11 12 22 17 19 11 12 13 13 14 15 2532 67 112 22 42 2 71 97 29 17 17 20 14 11 8 29 20 0 42 28 27 22 37 43 0 189 0 0 133 0 63 67 29 35 0 0 11 0 107 0 0 0 110 223 0 103 380 51 400 0 0 72 5 13 0 17 0 6 0 0 0 0 0 46 7 22 29 20 0 0 0 0 103 0 0 0 0 0 0 0 0 31 47 40 0 0 0 0 0 0 0 0 0 20 0 12 0 0 0 0 0 0 309 0 0 377 674 0 0 708 0 0 0 0 292 0 451 0 0 0 1 8
88 47 33 34 38 89 32 34 62 48 54 32 35 37 38 41 0 7177 190 319 61 120 6 165 266 81 23 39 52 34 32 0 81 51 0 64 70 77 102 105 122 0 537 0 0 370 0 183 192 82 99 0 0 62 46 300 0 0 277 534 645 0 289 1095 136 1153 0 0 200 13 37 0 49 0 21 0 0 16 28 3 133 55 61 75 57 0 0 0 0 466 0 0 0 0 0 0 0 0 89 130 112 0 0 0 0 0 0 0 0 0 59 0 31 0 0 0 0 1803 0 1796 828 321 1527 1968 0 252 2019 574 318 306 1449 1357 0 1630 939 0 0 28 22
16 9 6 6 7 16 6 6 11 9 10 6 6 7 7 7 6 1291 34 57 11 22 1 20 47 15 0 4 8 5 6 0 15 8 1394 0 10 14 0 19 22 0 97 0 0 66 0 32 33 15 18 0 0 0 0 46 0 0 0 0 109 0 49 181 14 193 0 0 36 2 6 0 8 0 2 0 0 0 0 0 23 0 11 14 10 0 0 0 0 20 0 0 0 0 0 0 0 0 16 24 21 0 0 0 0 0 0 0 0 0 10 0 0 0 0 0 0 0 0 0 0 0 115 335 0 0 359 0 0 0 0 59 0 171 0 0 0 0 4
21 11 8 8 9 21 8 8 15 12 13 8 8 9 9 10 8 1731 46 77 15 29 1 40 65 20 5 9 13 8 8 0 20 12 0 15 17 19 9 25 30 0 130 0 0 90 0 44 46 20 24 0 0 10 0 71 0 0 0 90 153 0 69 261 30 271 0 0 49 3 9 0 12 0 4 0 0 0 0 0 32 6 15 19 14 0 0 0 0 84 0 0 0 0 0 0 0 0 22 32 27 0 0 0 0 0 0 0 0 0 14 0 0 0 0 0 0 143 0 284 0 0 294 466 0 0 485 0 0 0 69 242 0 337 59 0 0 3 5
83 45 31 33 36 84 30 32 58 45 51 30 33 35 36 39 6 6802 181 301 58 113 4 177 256 77 36 42 52 34 30 1 77 51 0 92 72 72 119 99 115 0 510 0 0 341 0 170 180 77 93 0 0 58 42 292 0 0 296 513 596 0 271 1013 121 1061 0 0 188 13 35 0 46 0 19 0 0 9 22 2 126 51 57 71 54 0 0 0 0 435 0 0 0 0 0 0 0 0 84 124 107 0 0 0 0 0 0 0 0 0 56 0 48 0 0 0 0 1598 0 1647 708 0 1420 1864 0 76 1916 454 144 136 1266 1255 0 1525 826 0 0 25 21
8 4 3 3 3 8 3 3 5 4 5 3 3 3 3 4 3 637 17 28 5 10 1 2 21 7 0 0 3 2 3 0 7 3 1281 0 3 7 0 9 11 0 48 0 0 32 0 16 17 7 9 0 0 0 0 19 0 0 0 15 51 0 23 79 1 97 0 0 18 1 3 0 3 0 1 0 0 0 0 0 11 2 5 7 5 0 0 0 0 0 0 0 0 0 0 0 0 0 0 12 10 0 0 0 0 0 0 0 0 0 5 0 0 0 0 0 0 0 0 0 0 0 0 159 0 0 176 0 0 0 0 0 0 41 0 0 0 0 2
1 0 0 0 0 1 0 0 1 3820 1 0 0 0 0 0 0 76 2 3 1 1 0 0 0 1 0 0 0 0 0 0 1 0 0 0 0 1 0 1 1 0 6 0 0 4 0 2 1 1 1 0 0 0 0 0 0 0 0 0 0 0 0 0 0 0 0 0 2 0 0 0 0 0 0 0 0 0 0 0 1 0 1 1 0 0 0 0 0 0 0 0 0 0 0 0 0 0 0 0 1 0 0 0 0 0 0 0 0 0 0 0 0 0 0 0 0 0 0 0 0 0 0 0 0 0 17 0 0 0 0 0 0 0 0 0 0 0 0
71 38 27 28 31 72 26 27 50 39 44 26 28 30 31 33 29 5784 154 257 50 96 2 156 223 66 35 38 46 30 26 9 66 44 0 86 63 63 118 85 99 0 433 0 0 300 129 145 156 66 80 3 0 54 46 251 0 0 486 534 553 0 239 990 153 949 0 0 163 11 30 0 38 0 18 18 0 45 44 5 109 51 50 61 47 35 0 27 0 390 0 0 24 0 0 0 0 0 48 108 92 0 0 0 0 0 0 0 0 0 48 0 22 0 0 0 0 1554 288 1499 736 532 1255 1588 0 350 1627 543 398 385 1264 1123 0 1332 814 0 0 25 17
45 24 17 18 19 46 16 17 31 24 27 16 18 19 20 21 21 3652 97 162 31 63 5 90 137 41 16 21 27 18 16 0 41 27 0 42 37 39 56 53 62 0 273 0 0 188 0 95 89 42 50 0 0 30 20 154 0 0 180 288 305 0 133 492 105 154 0 0 101 7 19 0 23 0 8 0 0 0 0 0 66 18 30 39 28 0 0 0 0 228 0 0 21 0 0 0 0 0 46 38 57 0 0 0 0 0 0 0 0 0 30 0 39 0 0 0 0 829 0 869 360 0 754 999 0 0 1027 221 38 35 652 665 0 812 427 0 0 13 11
0 0 0 0 0 0 0 0 0 0 0 0 0 0 0 0 0 20 1 1 0 1 0 0 0 1 0 0 0 0 0 0 1 0 0 0 0 1 0 1 1 0 1 0 0 2619 0 1 0 0 0 0 0 0 0 1 0 0 0 0 1 0 0 0 0 0 0 0 2 0 0 0 0 0 0 0 0 0 0 0 0 0 0 0 0 0 0 0 0 0 0 1 0 0 0 0 0 0 1 1 1 0 0 0 0 0 0 0 0 0 0 0 0 0 0 0 0 0 0 0 0 0 0 0 0 0 0 0 0 0 0 0 0 0 0 0 0 0 0
25 14 10 10 11 26 9 10 17 14 15 9 10 10 11 12 9 2013 54 90 17 36 27 38 76 23 0 8 14 9 9 0 23 13 0 2 17 22 4 30 35 0 151 0 0 105 0 53 47 23 28 0 0 13 3 79 0 0 0 92 180 0 81 306 44 0 0 0 57 4 10 0 14 0 5 0 0 0 0 0 37 8 17 23 16 0 0 0 0 115 0 0 0 0 0 0 0 0 8 38 33 0 0 0 0 0 0 0 0 0 17 0 22 0 0 0 0 303 0 400 94 0 377 546 0 0 565 0 0 0 212 321 0 418 147 0 0 5 6
43 24 17 17 19 44 16 17 30 24 27 16 17 18 19 20 18 3528 94 157 30 63 48 77 133 41 7 17 25 16 16 0 40 25 0 21 33 38 35 52 60 0 265 0 0 181 0 92 87 41 49 0 0 28 17 145 0 0 0 171 324 0 143 558 82 0 0 0 99 7 18 0 25 0 10 0 0 0 6 0 65 25 30 39 28 0 0 0 0 223 0 0 20 0 0 0 0 0 29 65 56 0 0 0 0 0 0 0 0 0 29 0 42 0 0 0 0 774 0 826 330 0 722 964 0 0 992 193 0 0 605 634 0 780 397 0 0 13 11
42 23 16 17 18 43 16 16 30 23 26 15 17 18 19 20 16 3451 92 153 30 60 22 78 130 40 9 18 25 16 16 0 39 24 0 26 33 37 39 51 59 45 259 0 0 178 0 89 86 40 48 0 0 28 17 143 0 0 0 0 311 0 138 528 78 0 0 0 97 6 18 0 24 0 11 14 0 33 30 4 65 32 30 39 28 28 0 46 0 217 0 0 0 0 0 0 0 0 44 64 55 0 0 0 0 0 0 0 0 0 28 0 47 0 0 0 0 759 0 808 324 0 707 943 0 0 970 190 2 0 593 621 0 763 389 0 0 12 10
30 16 11 12 13 30 11 11 21 16 18 11 12 13 13 14 7 2429 65 108 21 42 10 37 89 28 0 8 15 10 11 0 28 15 0 0 18 26 0 36 42 0 182 223 0 127 0 62 60 28 34 0 0 10 0 91 0 0 0 0 198 0 93 311 37 0 0 0 69 4 12 0 15 0 8 8 0 21 19 2 46 18 21 27 20 16 0 18 0 110 0 0 0 0 0 0 0 0 31 45 39 0 0 0 0 0 0 0 0 0 20 0 17 0 0 0 0 99 0 347 0 0 387 650 0 0 680 0 0 0 0 310 0 452 24 0 0 3 7
9 5 4 4 4 9 3 4 7 5 6 3 4 4 4 4 3 743 20 33 7 13 7 0 26 9 0 0 3 2 3 0 9 3 0 0 2 8 0 11 13 0 56 0 0 41 0 19 18 9 10 0 0 0 0 21 0 0 0 0 65 0 28 104 14 0 0 0 22 1 4 0 5 0 2 1 0 4 4 1 14 5 7 8 6 2 0 0 0 3 0 0 0 0 0 0 0 0 10 0 12 0 0 0 0 0 0 0 0 0 6 0 0 0 0 0 0 0 0 0 0 0 37 188 0 0 205 0 0 0 0 0 0 75 0 0 0 0 2
3 56 42 43 48 107 44 45 83 64 73 44 47 50 50 52 30 9775 253 433 83 98 8 236 342 99 53 61 75 49 44 2 110 73 0 131 103 103 205 138 162 47 727 0 0 490 0 191 254 109 132 0 0 98 94 419 0 0 0 35 899 0 394 1565 226 997 0 0 264 18 50 575 64 0 32 45 13 84 87 11 185 90 83 100 75 77 1 169 0 687 0 0 55 0 0 0 0 0 104 170 148 4 0 0 0 0 0 0 0 0 73 0 135 0 0 789 751 3057 1707 2753 1540 2057 2230 2698 983 1212 2753 1260 1272 1237 2550 2023 0 2335 1624 0 0 46 30
6 3 2 2 2 5 2 2 4 3 4 2 2 3 3 3 0 491 13 22 4 5 3 0 14 5 0 0 1 0 2 0 6 1 0 0 0 5 0 7 8 0 36 0 0 26 0 10 11 6 7 0 0 0 0 8 0 0 0 0 30 0 15 29 0 0 0 0 14 1 2 0 2 0 1 0 0 0 1 0 9 3 4 5 4 0 0 0 0 0 0 0 0 0 0 0 0 0 5 9 8 0 0 0 0 0 0 0 0 0 3 0 0 0 0 0 0 0 0 0 0 0 0 117 0 0 134 0 0 0 0 0 0 0 0 0 0 0 1
18 10 7 7 8 18 7 7 13 10 11 6 7 8 8 8 5 1452 39 65 12 25 4 21 53 17 0 4 9 6 7 0 16 9 0 0 10 16 0 21 25 0 109 0 0 74 0 37 37 17 20 0 0 5 0 54 0 0 0 0 119 0 55 187 22 0 0 0 41 3 7 0 9 0 5 5 0 12 11 1 27 11 12 16 12 9 0 9 0 64 0 0 0 0 0 0 0 0 18 27 23 0 0 0 0 0 0 0 0 0 12 0 11 0 0 0 0 34 0 195 0 0 225 388 0 0 407 0 0 0 0 178 0 266 0 0 0 1 4
0 0 0 0 0 0 0 0 0 0 0 0 0 0 0 0 0 0 0 0 0 115 5 0 0 0 0 0 0 0 0 0 0 0 0 21 59 356 109 1 597 0 71 27 0 111 192 212 182 50 46 0 39 117 205 219 177 181 84 60 73 54 93 173 71 103 29 0 122 1 0 0 52 0 0 0 0 0 0 0 0 0 0 1 1 0 0 0 0 120 0 0 59 0 0 0 0 0 50 307 121 0 139 0 0 0 0 0 0 0 59 0 0 0 0 187 191 220 273 175 123 280 131 141 199 156 142 117 157 153 195 124 254 134 122 0 0 0 0
1 7 0 5 15 9 7 7 13 11 6 4 1 5 4 25 228 126 0 12 1 2 290 68 174 100 0 0 0 0 1 0 2 0 0 275 252 539 329 45 58 208 279 0 2198 161 92 220 173 86 85 153 95 215 607 181 110 109 201 144 1566 109 236 392 161 262 104 174 481 2 3 94 211 49 0 0 0 0 0 0 14 7 1 6 4 0 0 248 0 174 0 100 147 0 133 0 83 0 185 876 2541 373 0 0 0 0 0 0 118 1051 565 0 110 0 23 206 197 213 310 183 129 293 140 154 208 167 149 134 180 172 220 141 286 152 138 941 0 412 0
0 0 0 0 0 0 0 0 0 0 0 0 0 0 0 0 196 0 0 0 0 0 273 0 0 0 7 0 2 0 0 0 0 0 2 134 99 317 0 0 15 0 34 4 0 14 0 175 34 18 18 45 0 1 59 69 50 31 53 45 32 14 14 36 51 56 0 0 69 0 0 12 11 0 0 0 0 6 7 0 0 0 0 1 1 3 0 335 0 38 0 0 0 0 0 0 0 0 0 200 78 42 0 0 0 0 0 0 0 0 26 0 0 0 0 0 0 0 0 4 0 0 5 9 0 0 9 0 0 0 0 3 0 6 0 498 0 0 0
0 0 0 0 0 0 0 0 0 0 0 0 0 0 0 0 0 0 0 0 0 0 52 0 0 0 0 0 0 0 0 0 0 0 0 0 0 0 0 0 0 0 0 0 0 0 0 0 0 0 0 0 0 0 0 0 0 0 0 0 0 0 0 0 0 0 0 0 0 0 0 0 0 0 0 0 0 0 0 0 0 0 0 0 0 0 0 0 0 0 0 0 0 0 0 0 0 0 0 0 0 0 0 0 0 0 0 0 0 0 0 0 0 0 0 0 0 0 0 0 0 0 0 0 0 0 0 0 0 0 0 0 0 0 0 0 0 0 0
