138
0 17 84 0 45 0 65 561 263 59 170 263 0 1401 0 1 0 0 0 0 0 0 0 0 0 0 0 0 0 0 0 0 0 0 0 122 0 0 0 0 0 0 37 0 0 0 0 0 0 0 0 0 0 0 0 0 0 0 0 0 0 0 0 0 0 0 0 58 0 8 0 4723 145 159 0 0 1 65 99 92 104 33 97 100 127 102 110 71 10 0 0 0 2 0 0 0 10 0 14 0 0 0 0 0 0 0 0 0 0 0 0 0 0 0 0 0 0 4 0 41 50 12 0 0 0 0 0 0 0 0 0 0 0 0 0 0 9 0
0 0 8 0 0 17 4 143 442 638 59 253 311 6 0 0 0 0 0 0 0 0 0 0 0 0 0 0 0 0 0 0 0 0 0 17 1 0 1 0 0 0 10 0 0 0 1 0 9 0 0 0 0 0 0 7 1 0 0 4 0 0 0 0 0 0 0 0 0 0 0 0 0 0 0 0 0 0 0 0 0 0 1 1 1 0 0 0 0 0 0 0 2 0 0 0 0 0 0 0 0 0 0 0 0 0 0 0 0 0 0 0 0 0 0 0 0 0 0 4 3 0 0 1 0 0 0 0 0 0 0 0 1 0 0 0 0 0
0 0 0 0 0 0 0 12 33 26 72 12 0 0 0 4 0 0 0 0 0 0 0 0 0 0 0 0 0 0 0 0 0 1 0 1612 2331 0 0 0 0 0 0 0 0 0 0 0 0 233 0 0 0 0 0 0 0 0 0 0 0 0 0 0 0 0 0 0 0 0 0 2 0 0 0 0 0 0 0 0 0 0 0 0 0 0 0 0 0 0 0 0 2 0 0 11 0 0 0 0 0 0 0 0 0 0 0 0 0 0 0 0 0 0 0 49 0 10 0 87 105 34 0 0 0 0 0 0 0 0 0 0 0 0 0 0 0 0
0 0 0 0 0 0 0 0 0 0 0 0 0 0 0 0 0 0 0 0 0 0 0 0 0 0 0 0 0 0 0 0 0 0 0 0 0 0 0 0 0 0 0 0 0 0 0 0 0 0 0 0 0 0 0 0 0 0 0 0 0 0 0 0 0 0 0 0 0 0 0 0 0 0 0 0 0 0 0 0 0 0 0 0 0 0 0 0 0 0 0 0 0 0 0 0 0 0 0 0 0 0 0 0 0 0 0 0 0 0 0 0 0 0 0 0 0 0 0 0 0 0 0 0 0 0 0 0 0 0 0 0 0 0 0 0 0 0
0 2 13 2 0 1 10 3 13 6 1 13 0 28 2 1 0 0 0 0 0 0 0 0 1 0 0 1 0 0 0 1 0 0 27924 126 7 3 1 0 1 9 5 0 0 6 0 0 2 0 0 0 0 0 2 5 5 0 2 5 0 1 0 0 0 0 0 0 0 0 0 1 0 1 0 0 0 2 4 4 5 1 5 5 6 4 4 5 0 0 0 0 79 0 0 16 0 0 7 0 0 0 0 0 0 0 0 0 0 0 0 0 0 0 0 0 0 0 0 0 0 0 0 7 0 0 0 0 4 5 6 0 7 6 0 0 15 0
0 0 0 0 0 0 0 0 0 0 0 0 0 0 0 0 0 0 0 0 0 0 0 0 0 0 0 0 0 0 0 0 0 0 0 0 0 0 0 0 0 0 0 0 0 0 0 0 0 0 0 0 0 0 0 0 0 0 0 0 0 0 0 0 0 0 0 0 0 0 0 0 0 0 0 0 0 0 0 0 0 0 0 0 0 0 0 0 0 0 0 0 1 0 0 0 0 0 0 0 0 0 0 0 0 0 0 0 0 0 0 0 0 0 0 0 0 0 0 0 0 0 0 0 0 0 0 0 0 0 0 0 0 0 0 0 0 0
0 0 2 1 0 1 0 950 106 57 24 8 241 157 3 1 0 0 0 0 0 0 0 0 6 3 4 4 0 0 3 6 0 1 14 0 19 0 54 0 4 23 42 32 0 0 1 0 3 0 0 0 0 0 0 5 7 0 1 6 5 5 0 0 0 0 0 0 0 0 1 2 0 9 0 3 0 0 1 4 0 0 341 0 4 0 0 0 0 0 0 0 37 0 0 0 0 0 0 0 0 0 0 0 0 0 0 0 0 0 0 0 0 0 0 0 0 0 0 0 0 0 0 0 0 0 0 0 0 0 2 0 3 1 0 0 0 0
0 0 0 1 0 1 0 0 8 3 0 0 56 14 1 1 0 0 0 0 0 0 0 0 0 0 0 23818 0 0 32 0 0 0 0 0 0 0 0 0 0 11834 0 0 0 2 0 0 1 0 0 0 0 0 0 2 2 0 1 1 0 0 0 0 0 0 0 0 0 0 0 1 0 0 0 0 0 0 1 2 0 0 2 0 3 0 0 0 0 0 0 0 40 0 0 0 0 0 3 0 0 0 0 0 0 0 0 0 0 0 0 0 0 0 0 0 0 0 0 0 0 0 0 3 0 0 0 0 0 1 2 0 3 1 0 0 0 0
0 0 0 0 0 0 0 0 0 0 0 0 0 0 0 3 0 0 0 0 0 0 0 0 0 0 0 0 25079 0 0 0 0 0 0 604 0 13245 0 0 0 0 0 0 0 0 0 0 0 0 0 0 0 0 0 0 0 0 0 0 0 0 0 0 0 0 0 0 0 0 0 1 0 0 0 0 0 0 0 0 0 0 0 0 0 0 0 0 0 0 0 0 0 0 0 0 0 0 0 0 0 0 0 0 0 0 0 0 0 0 0 0 0 0 0 0 0 0 0 0 0 0 0 0 0 0 0 0 0 0 0 0 0 0 0 0 0 0
0 0 0 0 0 0 0 0 0 0 0 0 0 0 0 1 0 0 0 0 0 0 0 0 0 0 0 0 0 7497 0 0 0 0 0 0 0 0 0 0 0 0 0 0 0 0 0 0 0 0 0 0 0 0 0 0 0 0 0 0 0 0 0 0 0 0 0 0 0 0 0 0 0 0 0 0 0 0 0 0 0 0 0 0 0 0 0 0 0 0 0 0 0 0 0 309 0 0 6 0 0 0 0 0 0 0 0 0 0 0 0 0 0 0 11 221 134 69 0 173 216 152 0 0 0 0 0 0 0 0 0 0 0 0 0 0 86 0
0 0 0 0 0 3 0 3 3 1 0 0 2 7 1 0 0 0 0 0 0 0 0 0 4 2 4 0 60 4 0 0 0 0 0 0 0 25 17 0 0 0 0 0 0 0 1 0 5 0 4 0 0 0 0 2 4 0 1 2 6 2 1 0 0 0 1 0 0 0 1 1 0 0 0 2 0 1 1 3 2 0 1 1 3 1 0 2 0 0 0 0 3 0 0 0 0 0 0 0 3 0 0 0 0 0 0 0 0 0 0 0 0 0 0 0 0 0 0 0 0 0 0 0 0 0 0 0 0 0 1 0 2 1 0 1 0 0
0 0 0 0 0 0 0 287 180 1 36 0 3 2 0 2 0 0 0 0 0 0 0 0 0 0 0 1213 0 0 171 0 51920 0 0 0 0 0 0 0 0 620 0 0 0 0 0 0 0 0 0 0 0 0 0 0 0 0 0 0 0 0 0 0 0 0 0 0 0 0 0 1 0 0 0 0 0 0 0 0 0 0 0 0 0 0 0 0 0 0 0 0 6 0 0 0 0 0 0 0 0 0 0 0 0 0 0 0 0 0 0 0 0 0 0 0 0 0 0 0 0 0 0 0 0 0 0 0 0 0 0 0 0 0 0 0 0 0
0 0 0 0 0 0 0 0 0 0 0 0 0 0 0 0 0 0 0 0 0 0 0 54 0 348 113 0 0 0 0 0 0 0 0 0 0 0 0 0 0 0 0 0 0 0 0 0 0 0 0 0 0 0 0 0 0 0 0 0 0 0 0 0 0 0 0 0 0 0 0 0 0 0 0 0 0 0 0 0 0 0 3 0 0 0 0 0 0 0 0 0 2 0 0 0 0 0 0 0 0 0 0 0 0 0 0 0 0 0 0 0 0 0 0 0 0 0 0 0 0 0 0 0 0 0 0 0 0 0 0 0 0 0 0 0 0 0
0 0 0 0 0 0 0 0 1 0 0 0 1 0 0 5 0 0 0 0 0 0 0 0 0 0 0 0 0 0 0 0 0 0 0 0 0 0 0 0 0 104 0 0 0 0 0 0 0 0 5 3 0 0 0 0 0 0 0 0 0 0 0 0 0 0 0 0 0 0 3 2 0 0 0 3 0 0 0 0 0 0 0 0 0 0 0 0 0 0 0 0 0 0 0 0 0 0 0 0 0 0 0 0 0 0 0 0 0 0 0 0 0 0 0 0 0 0 0 0 0 0 0 0 0 0 0 0 0 0 0 0 0 0 0 14 0 0
0 0 0 0 0 0 0 0 0 0 0 0 0 0 0 0 0 0 0 0 0 0 0 0 0 0 0 0 0 0 0 0 0 0 0 0 0 0 0 0 0 0 0 0 0 0 0 0 0 0 0 0 0 0 0 0 0 0 0 0 0 0 0 0 0 0 0 0 0 0 0 0 0 0 0 0 0 0 0 0 0 0 0 0 0 0 0 0 0 0 0 0 0 0 0 0 0 0 0 0 0 0 0 0 0 0 0 0 0 0 0 0 0 0 0 0 0 0 0 0 0 0 0 0 0 0 0 0 0 0 0 0 0 0 0 0 0 0
0 0 0 0 0 0 0 0 0 0 0 0 0 0 0 0 0 0 0 0 0 0 0 0 0 0 0 0 0 0 0 0 0 0 0 0 0 0 0 0 0 0 0 0 0 0 0 0 0 0 0 0 0 0 0 0 0 0 0 0 0 0 0 0 0 13 0 0 0 0 0 0 0 0 0 0 0 0 0 0 0 0 0 0 0 0 0 0 0 0 0 0 0 0 0 0 0 0 0 0 0 0 0 0 0 0 0 0 0 0 0 0 0 0 0 0 0 0 0 0 0 0 0 0 0 0 0 0 0 0 0 0 0 0 0 0 0 0
4 15 27 2628 170 10 274 5 3 2 19 3 1337 69 16 92377 0 0 0 473 29 0 417 42236 33 25 34 9 0 4 34 2 0 14 28 0 6 41 0 0 0 2 18 0 0 60 3542 0 1 45 743 27448 4426 925 313 3717 3 95 741 149 163 29 11 4 0 3 4 3 0 0 125 71357 0 0 152 12958 0 0 13 26 0 2 16 0 33 0 0 0 0 0 0 0 3 0 0 0 0 0 0 0 73 0 0 0 0 0 0 0 0 0 0 0 0 0 0 0 0 0 0 0 0 0 0 1 0 0 13 0 47 35 17 0 38 17 0 0 0 1030
1993 2237 2590 2034 2025 2117 1765 3059 3708 4681 2243 2754 2334 44 7 12 44 0 0 0 0 0 0 13 150 75 98 190 663 58 19 216 554 28 63 872 2121 1114 3 195 180 100 160 2900 152 74 35653 164 7 1848 1070 879 575 552 14975 19235 1402 1750 305 2709 2831 91 276 245 125 320 2914 473 0 0 0 14 0 642 0 0 0 61687 74 119 73 23 77 0 153 131 154 3 0 1044 0 0 91 0 0 665 0 0 0 0 0 0 0 0 0 16 5 0 0 0 148 134 0 45 46 234 221 259 169 213 242 179 219 200 182 141 199 186 184 186 186 165 189 186 883 225 166 0
0 0 0 0 0 0 0 0 0 0 0 0 0 0 0 0 0 0 0 0 0 0 0 0 0 0 0 0 0 0 0 0 0 0 0 0 0 0 0 0 0 0 0 0 0 0 0 0 0 0 0 0 0 0 0 0 0 0 0 0 0 0 0 0 0 13 0 0 0 0 0 0 0 0 0 0 0 0 0 0 0 0 0 0 0 0 0 0 0 0 0 0 0 0 0 0 0 0 0 0 0 0 0 0 0 0 0 0 0 0 0 0 0 0 0 0 0 0 0 0 0 0 0 0 0 0 0 0 0 0 0 0 0 0 0 0 0 0
0 0 0 0 0 0 0 0 0 0 0 0 0 0 0 0 0 0 0 0 0 0 0 0 0 0 0 0 0 0 0 0 0 0 0 0 0 0 0 0 0 0 0 0 0 0 0 0 0 0 0 0 0 0 0 0 0 0 0 0 0 0 0 0 0 13 0 0 0 0 0 0 0 0 0 0 0 0 0 0 0 0 0 0 0 0 0 0 0 0 0 0 0 0 0 0 0 0 0 0 0 0 0 0 0 0 0 0 0 0 0 0 0 0 0 0 0 0 0 0 0 0 0 0 0 0 0 0 0 0 0 0 0 0 0 0 0 0
0 0 0 0 0 0 0 0 0 0 0 0 0 0 0 0 0 0 0 0 0 0 0 0 0 0 0 0 0 0 0 0 0 0 0 0 0 0 0 0 0 0 0 0 0 0 0 0 0 0 0 0 0 0 0 0 0 0 0 0 0 0 0 0 0 13 0 0 0 0 0 0 0 0 0 0 0 0 0 0 0 0 0 0 0 0 0 0 0 0 0 0 0 0 0 0 0 0 0 0 0 0 0 0 0 0 0 0 0 0 0 0 0 0 0 0 0 0 0 0 0 0 0 0 0 0 0 0 0 0 0 0 0 0 0 0 0 0
0 0 0 0 0 0 0 0 0 0 0 0 0 0 0 0 0 0 0 0 0 0 0 0 0 0 0 0 0 0 0 0 0 0 0 0 0 0 0 0 0 0 0 0 0 0 0 0 0 0 0 0 0 0 0 0 0 0 0 0 0 0 0 0 0 13 0 0 0 0 0 0 0 0 0 0 0 0 0 0 0 0 0 0 0 0 0 0 0 0 0 0 0 0 0 0 0 0 0 0 0 0 0 0 0 0 0 0 0 0 0 0 0 0 0 0 0 0 0 0 0 0 0 0 0 0 0 0 0 0 0 0 0 0 0 0 0 0
0 0 0 0 0 0 0 0 0 0 0 0 0 0 0 0 0 0 0 0 0 0 0 0 0 0 0 0 0 0 0 0 0 0 0 0 0 0 0 0 0 0 0 0 0 0 0 0 0 0 0 0 0 0 0 0 0 0 0 0 0 0 0 0 0 13 0 0 0 0 0 0 0 0 0 0 0 0 0 0 0 0 0 0 0 0 0 0 0 0 0 0 0 0 0 0 0 0 0 0 0 0 0 0 0 0 0 0 0 0 0 0 0 0 0 0 0 0 0 0 0 0 0 0 0 0 0 0 0 0 0 0 0 0 0 0 0 0
0 0 0 0 0 0 0 0 0 0 0 0 0 0 0 0 0 0 0 0 0 0 0 0 0 0 0 0 0 0 0 0 0 0 0 0 0 0 0 0 0 0 0 0 0 0 0 0 0 0 0 0 0 0 0 0 0 0 0 0 0 0 0 0 0 14 0 0 0 0 0 0 0 0 0 0 0 0 0 0 0 0 0 0 0 0 0 0 0 0 0 0 0 0 0 0 0 0 0 0 0 0 0 0 0 0 0 0 0 0 0 0 0 0 0 0 0 0 0 0 0 0 0 0 0 0 0 0 0 0 0 0 0 0 0 0 0 0
0 0 0 0 0 0 0 0 0 0 0 0 0 0 0 8 0 0 0 0 0 0 0 0 0 0 0 0 0 0 0 0 0 0 0 0 0 0 0 0 0 0 0 0 0 0 0 0 0 0 0 0 0 0 0 0 0 0 1 0 0 0 0 0 0 0 0 0 0 0 0 1 0 0 0 0 0 0 0 0 0 0 0 0 0 0 0 0 0 0 0 0 0 0 0 0 0 0 0 0 0 0 0 0 0 0 0 0 0 0 0 0 0 0 0 0 0 0 0 0 0 0 0 0 0 0 0 0 0 0 0 0 0 0 0 0 0 0
1 1 2 0 1 0 0 1 1 1 0 3 0 1 1 0 0 0 0 0 0 0 0 0 39 0 13 1 0 0 0 0 0 0 5 0 3 0 12 0 0 9 0 0 0 0 8 0 16 0 3 0 1 0 0 11 22 0 7 0 2 0 0 0 0 7 0 0 0 0 0 41 0 0 0 0 0 0 1 2 0 0 1 0 2 0 0 0 0 0 0 0 0 0 0 0 0 0 0 0 0 0 0 0 0 0 0 0 0 0 0 0 0 0 0 0 0 0 0 0 0 0 0 1 0 0 0 0 1 1 2 0 2 0 0 10 0 0
1 1 2 0 1 0 0 1 2 1 0 3 0 1 0 0 0 0 0 0 0 0 0 0 20 0 0 0 0 0 0 0 0 0 2 0 1 0 8 0 0 5 0 0 0 0 5 0 11 0 10 0 2 0 0 0 0 0 2 0 1 0 0 0 0 6 0 0 0 0 0 27 0 0 0 0 0 0 0 1 0 0 1 0 1 0 0 0 0 0 0 0 0 0 0 0 0 0 0 0 0 0 0 0 0 0 0 0 0 0 0 0 0 0 0 0 0 0 0 0 0 0 0 1 0 0 0 0 0 0 1 0 2 1 0 0 0 0
1 0 1 0 0 0 0 0 311 338 5 0 120 2 24 0 0 0 0 0 0 0 0 0 2 0 0 0 0 19 397 0 0 0 0 0 0 0 10 0 0 42 0 0 0 0 0 0 1 0 4 0 0 0 0 1 3 0 0 0 0 0 0 0 0 0 0 0 0 0 0 0 0 0 0 87 0 0 4 6 2 2 9 4 8 0 0 2 1 0 0 0 10 0 0 151 0 0 0 0 0 0 0 0 0 0 0 0 0 0 0 0 0 0 11 53 18 14 53 42 47 21 58 30 35 0 80 71 76 77 78 54 38 78 0 13 12 0
4 451 10 4 2 3 23 407 0 579 0 292 272 241 30 1 3 0 0 0 0 0 0 1 39 13 24 23 0 20 352 22 0 2 2 0 0 11 173 0 19 88 26 0 0 0 7 0 11 0 64 28 0 0 0 21 47 29 6 9 17 26 31 5 0 0 16 0 0 0 1 9 9 35 0 54 0 0 1 20 0 2 29 6 21 0 0 10 1 0 0 0 20 0 0 112 0 0 3 0 6 0 0 0 0 0 0 0 0 0 0 0 0 0 22 38 0 15 29 40 50 8 39 23 5 0 52 41 64 63 66 31 41 65 0 22 90 0
1 1 1 0 0 0 7 47 20 0 0 13 12 2 7 0 0 0 0 0 0 0 0 0 2 2 1 0 0 0 72 0 0 0 0 0 0 526 10 0 0 9 0 0 0 0 1 0 1 0 3 1 0 0 0 1 2 0 0 0 0 1 1 0 0 0 0 0 0 0 0 0 0 0 4 5 0 0 0 1 0 0 8 0 1 0 0 0 0 0 0 0 2 0 0 388 0 0 0 0 0 3 0 0 0 0 1 0 0 0 0 0 0 0 24 159 98 46 154 102 117 85 135 1 110 44 185 177 171 173 2 150 3 2 2 34 27 0
0 748 0 244 0 0 0 0 110 585 3 0 303 0 19 0 0 0 0 0 0 0 0 216 0 1391 454 0 0 0 0 0 0 0 0 0 0 0 0 0 0 0 11 0 0 0 0 0 0 0 0 0 0 0 0 0 0 0 0 0 0 1 0 0 0 0 0 0 0 0 0 0 0 0 0 2 0 0 0 0 0 0 13 0 0 0 0 0 0 0 0 0 15 0 0 25 0 0 1 0 0 1 0 0 0 0 2 0 0 0 0 0 0 0 0 68 46 19 1 42 60 46 0 0 0 0 0 6 0 0 0 0 1 0 179 1 0 0
1 1 2 1 0 1 0 187 181 144 17 153 37 1 19 0 0 0 0 0 0 0 0 0 12 2 7 46 0 9 110 0 0 1 33 5 20 14 69 0 0 43 0 0 0 0 1 0 0 0 21 8 0 0 0 7 16 0 2 0 4 6 2 0 0 0 0 0 0 0 0 2 0 0 0 34 0 0 6 7 6 2 10 3 14 0 0 9 1 0 0 0 2 0 0 8 0 0 0 0 0 0 0 0 0 0 0 0 0 0 0 0 0 0 0 0 0 0 0 2 1 0 7 9 0 0 10 0 17 17 19 0 17 19 0 0 1 0
38 21 7 2 0 2 6140 16435 5160 6351 346 0 4235 37 204 3 27 0 0 0 0 0 0 0 20 5 9 131 64 34 641 4 0 1 24 0 407 435 420 3 130 58 247 82 0 0 16 0 33 0 21 8 0 0 0 32 33 22 5 97 0 58 28 26 0 37 21 0 0 0 0 4 12 0 105 90 0 0 2 12 0 2 5823 3 14 0 0 0 1 357 0 0 601 0 0 1517 9 0 1 0 4 18 0 0 0 0 33 0 0 0 0 0 0 0 132 1046 747 345 494 636 774 653 404 421 365 379 548 540 509 512 510 487 518 513 93 184 136 0
0 0 0 0 0 0 0 10 7 8 0 4 3 0 14 0 0 0 0 0 0 0 0 0 0 0 0 3 0 1 9 0 0 0 0 23 1 15 0 0 0 1 0 0 0 0 0 0 0 0 0 0 0 0 0 0 0 0 0 0 0 0 0 0 0 0 0 0 0 0 0 0 0 0 0 2 0 0 0 0 0 0 0 0 0 0 0 0 0 0 0 0 0 0 0 4 0 0 0 0 0 0 0 0 0 0 0 0 0 0 0 0 0 0 0 0 0 0 0 0 0 0 0 0 0 0 0 0 0 0 0 0 0 0 0 0 0 0
0 0 1 0 0 0 0 173 129 128 1 90 42 3 8 0 0 0 0 0 0 0 0 0 2 0 0 38 0 7 133 0 0 0 0 18 40 32 12 0 0 10 0 0 0 0 0 0 1 0 3 1 0 0 0 0 0 0 0 0 0 0 0 0 0 0 0 0 0 0 0 0 0 0 0 30 0 0 2 3 2 1 4 2 4 0 0 2 0 0 0 0 1 0 0 14 0 0 0 0 0 0 0 0 0 0 0 0 0 0 0 0 0 0 2 0 0 0 0 0 0 0 6 10 0 0 9 0 12 11 12 0 14 12 0 2 4 0
0 0 0 2 0 1 72 12063 0 10107 534 3672 2893 16 752 2 1 0 0 0 0 0 0 0 10 3 4 2688 1884 361 8928 0 151 0 0 0 1085 799 33 0 0 1023 13 219 0 0 8 104 17 741 37 20 635 0 0 18 68 5 2 28 67 9 3 3 0 26 2 0 0 0 0 5 0 0 66 2203 0 114 240 191 244 81 324 144 314 211 215 184 29 0 0 0 119 0 0 2526 0 0 1 0 3 39 0 0 0 0 1 0 0 0 0 0 0 0 237 1250 863 388 1141 721 844 703 919 835 855 1017 1243 1242 1145 1137 1133 1131 1020 1136 0 366 242 0
0 0 0 0 0 0 0 1103 723 804 49 402 159 4 100 0 0 0 0 0 0 0 0 0 2 0 0 111 55 41 477 0 0 0 0 0 0 0 9 0 0 17 0 0 0 0 1 0 3 3 11 0 0 0 1463 24 27 15 5 7 3460 3387 0 2391 67 0 1377 0 0 0 0 5 0 0 0 146 0 0 49 54 37 17 62 0 75 0 0 26 7 0 0 0 21 0 0 0 0 0 0 0 0 0 0 0 0 0 0 0 0 0 0 0 0 0 0 16 0 3 20 29 31 0 41 50 10 0 58 41 58 59 61 23 62 60 0 0 0 0
3 1 2 1 0 1 3 1184 0 611 0 136 4 12 322 1 0 0 0 0 0 0 0 10 11 11 20 7 0 0 309 0 0 0 0 0 7 0 27 0 1 132 0 10 0 0 11 0 23 243 18 2 139 0 0 10 17 3 1 0 0 7132 3 1 0 3 1 0 0 0 0 20 0 0 0 1 0 38 131 127 131 45 133 130 175 94 88 96 16 0 0 0 41 0 0 2 0 0 0 0 0 0 0 0 0 0 0 0 0 0 0 0 0 0 34 0 0 0 0 0 0 0 0 2 0 0 0 0 2 3 4 0 4 3 0 67 129 0
0 0 0 0 0 0 0 0 0 0 0 0 0 0 141 0 0 0 0 0 0 0 0 0 0 0 0 0 0 0 0 0 0 0 0 0 0 0 0 0 0 0 0 0 0 0 9 0 0 0 0 0 0 0 0 0 0 0 0 0 0 42 0 0 0 0 0 0 0 0 0 0 0 0 0 0 0 0 0 0 0 0 0 0 0 0 0 0 0 0 0 0 0 0 0 0 0 0 0 0 0 0 0 0 0 0 0 0 0 0 0 0 0 0 0 0 0 0 0 0 0 0 0 0 0 0 0 0 0 0 0 0 0 0 0 0 0 0
19 7 63 4 17 65 51 18 22 17 33 29 9 74 83 3 17 0 0 0 0 0 0 1 168 15 22 29 23 5 3 102 0 3 44 15 4 12 162 0 4598 56 0 0 0 44 4 0 33 0 59 32 90 24 317 74 95 76 14 241 0 45 30 38 0 49 29 0 0 0 1 36 197 0 0 1 0 0 24 30 23 9 31 25 34 0 0 32 2 25 0 0 65 0 0 0 0 0 33 0 68 0 0 0 0 0 0 0 0 0 0 0 0 0 0 0 0 14 0 18 18 0 23 27 0 0 15 0 26 26 31 0 33 30 0 1 21 0
5 3 11 2 0 1 0 5 9 5 5 23 12 28 23 5 1 0 0 0 0 0 0 0 48 6 12 18 0 1 2 15 0 2 45 1 15 0 96 0 0 31 5 959 0 1 1 0 0 0 32 14 0 0 12 14 39 14 4 17 119 54 12 2780 0 76 121 0 0 0 0 15 0 0 0 0 0 0 7 66 12 2 6 11 32 0 0 13 2 0 0 0 9 0 0 0 0 0 0 0 43 0 0 0 0 0 0 0 0 0 0 0 0 0 4 0 0 0 0 0 0 0 2 6 0 0 0 0 9 9 12 0 13 11 0 0 0 0
0 0 1 0 0 0 0 0 67 34 1 0 0 0 3 3 0 0 0 0 0 0 0 0 4 0 0 0 0 0 0 0 0 0 0 0 0 0 11 0 0 0 0 0 0 0 0 0 0 0 1 0 0 0 0 0 1 0 0 0 1 1 0 0 0 0 0 0 0 0 0 8 0 0 0 0 2 0 1 10 1 1 2 1 5 0 0 8 1 0 0 0 1 0 0 0 0 0 0 0 0 0 0 0 0 0 0 0 0 0 0 0 0 0 0 0 0 0 0 0 0 0 0 0 0 0 0 0 0 0 0 0 0 0 0 0 4 0
0 0 34 3 0 30 0 4 18 9 16 22 5 2986 2 7 0 0 0 0 0 0 0 4 319 63 123 24 0 5 0 33 0 3 32 0 165 93 70 134 0 133 0 0 0 22 8 0 36 17 24 12 0 0 396 1143 668 62 15 293 58 66 60 29 0 174 21 0 0 52 0 20 19 0 0 75 0 0 0 7 0 0 233 0 7 0 0 0 8 0 0 0 6 0 0 0 0 0 7 0 0 0 0 0 0 0 0 0 0 0 0 0 0 0 0 85 22 32 28 80 95 40 56 65 8 0 74 54 81 81 84 32 86 83 0 0 0 0
13 6 31 4 5 6 0 14 23 13 1 26 45 1272 8 4 20 0 0 0 0 0 0 8 184 32 66 8 2 2 3 6 0 3 11 0 94 0 249 61 0 70 2470 0 122 1292 9 0 17 0 183 129 0 0 107 577 330 13 8 124 0 41 30 25 0 116 30 0 0 0 25 60 3 0 0 40 0 0 2 6 0 0 121 0 6 0 0 0 4 22 0 0 42 0 0 0 0 0 465 0 14 0 0 0 0 0 0 0 0 0 0 0 0 0 0 0 0 0 0 0 0 0 2 42 0 0 47 0 52 26 40 0 55 39 0 0 208 0
555 223 125 55 416 48 123 26 41 23 4 30 20 507 2 2 8 0 0 0 0 0 0 0 36 5 10 267 1058 70 19 2538 289 29 67 307 799 290 1418 4 59 40 96 0 0 0 21 0 54 51 100 80 279 263 322 1082 1266 135 26 243 39 98 0 99 149 221 74 0 0 0 0 93 0 0 0 5 0 2 3 4 3 1 20 3 5 1 0 3 1 56 0 0 7 0 0 54 0 0 0 0 7 0 0 0 0 1 0 0 0 0 0 0 0 14 16 0 0 0 0 0 0 0 0 5 0 0 0 0 2 4 6 0 8 6 11 63 33 0
2 0 15 4 0 28 9 0 2 2 24 2 1 26 11 1 0 0 0 0 0 0 0 1 79 16 23 11 25 2 1 58 3 1 5 11 56 22 69 0 0 21 0 0 30 0 1 0 5 0 36 28 0 0 16 41 55 18 4 27 24 26 33 15 11 64 20 0 0 0 0 11 0 14 0 0 0 18 35 34 35 17 49 35 45 10 3 9 1 16 0 0 33 0 0 0 0 0 50 0 39 0 0 0 0 0 15 0 0 0 0 0 0 0 0 0 0 10 0 14 13 0 19 19 0 0 17 6 20 17 17 0 19 17 0 8 15 0
0 0 0 0 0 0 0 0 0 0 0 0 0 1 0 0 0 0 0 0 0 0 0 0 0 0 0 0 0 0 0 0 0 0 0 0 0 0 0 0 0 0 0 0 0 0 0 0 1 0 0 0 0 0 0 0 0 0 0 0 0 0 0 0 0 0 0 0 0 0 0 0 0 0 0 0 0 0 0 0 0 0 0 0 0 0 0 0 0 0 0 0 0 0 0 0 0 0 0 0 0 0 0 0 0 0 0 0 0 0 0 0 0 0 0 0 0 0 0 0 0 0 0 0 0 0 0 0 0 0 0 0 0 0 0 0 0 0
7933 5577 1986 2718 5741 2992 3651 1841 1986 1174 195 1060 580 1705 24711 40 4031 0 0 0 0 0 0 40 2726 2707 826 178 752 48 13 193 547 11 57 0 903 263 143 304 173 236 664 940 34 181 200 0 1209 2960 1435 1278 2404 866 407 1786 930 2202 383 1781 1068 261 6212 263 334 924 319 364 117 777 6 115 130 222 75 7 0 3111 4263 3428 3790 15092 5050 3615 4600 13690 60 564 2395 1686 802 460 282 0 0 74 1521 1679 0 6421 9959 91 400 327 0 172 409 112 5093 202 0 0 74 366 136 737 708 737 506 611 692 538 278 200 225 1042 1223 1045 510 355 299 307 220 228 1085 697 1039 0
0 0 0 0 0 0 0 0 0 0 0 0 0 0 0 0 0 0 0 0 0 0 0 0 0 0 0 0 0 0 0 0 0 0 0 0 0 0 0 0 0 0 0 0 0 0 0 0 0 0 0 0 0 0 0 0 0 0 0 0 0 0 0 0 0 0 0 0 0 0 0 0 0 0 0 0 0 0 0 0 0 0 0 0 0 0 0 0 0 0 0 0 0 0 0 0 0 0 0 0 0 0 0 0 0 0 0 0 0 0 0 0 0 0 0 0 0 0 0 0 0 0 0 0 0 0 0 0 0 0 0 0 0 0 0 0 0 0
206 149 0 88 154 92 101 392 226 277 80 237 74 189 632 12 0 0 0 0 0 0 0 3 209 84 100 150 8 23 114 152 39 15 346 0 0 0 729 574 176 4198 0 57 0 114 295 0 114 0 597 291 3096 9714 133 262 207 146 31 120 326 190 193 85 18 86 129 0 0 0 8 149 177 0 0 12 0 475 46 100 66 298 72 70 107 53 40 132 36 0 0 0 48 0 0 14 0 0 3 19 307 0 0 0 0 0 0 0 0 0 0 0 0 0 164 0 0 0 0 12 12 0 17 41 0 0 0 0 61 60 91 0 95 80 0 151 140 0
759 305 145 77 564 62 145 21 31 19 0 15 23 0 1 0 0 0 0 0 0 0 0 0 2 0 0 0 0 0 0 0 0 0 0 0 0 0 1 0 0 0 0 0 0 0 16 0 45 0 0 0 0 0 0 0 0 0 0 0 0 0 0 0 0 0 0 0 0 0 0 0 0 0 0 0 0 0 0 0 0 0 0 0 0 0 0 0 0 0 0 0 0 0 0 0 0 0 0 0 0 0 0 0 0 0 0 0 0 0 0 0 0 0 0 0 0 0 0 0 0 0 0 3 0 0 0 0 0 1 3 0 3 2 0 0 0 0
37 16 87 9 48 8 58 46 74 38 3 54 2 0 4 4 0 0 0 0 0 0 0 1 25 9 5 0 0 0 0 0 0 0 0 0 5 0 2 0 0 0 0 0 0 0 24 0 18 0 568 0 188 0 43 29 82 0 2 77 0 0 0 0 0 0 71 0 0 0 0 2 0 0 0 0 0 0 0 0 0 2 1 0 1 0 0 0 0 0 0 0 0 0 0 0 0 0 0 0 0 0 0 0 0 0 0 0 0 0 0 0 0 0 0 0 0 0 0 0 0 0 0 0 0 0 0 0 0 0 0 0 0 0 0 0 0 0
244 616 296 6 1129 6 311 51 72 49 0 43 5 0 39 32 0 0 0 0 0 0 0 8 6894 0 0 21 99 8 4 23 78 3 16 0 74 0 241 0 701 2799 1 800 0 87 10263 0 20837 0 223 0 0 0 471 663 687 530 96 1631 65 0 853 98 0 79 47 0 0 0 0 336 192 0 1114 4 0 114 50 112 73 140 166 66 153 68 27 116 7 784 0 0 5 0 0 0 147 0 0 100 173 0 0 0 0 0 0 0 0 0 1593 0 0 0 0 0 0 34 0 0 0 0 0 32 0 0 40 0 57 51 55 0 54 51 0 29 32 0
51 23 136 15 62 37 86 64 102 53 27 87 18 79 6 37 0 0 0 0 0 0 0 6 4999 86 124 145 638 34 11 189 202 16 88 157 501 230 240 0 143 98 1393 362 0 102 8 0 141 0 189 143 445 0 3497 1001 2141 1499 266 2700 230 179 262 131 12 424 341 0 0 10 1 480 1557 109 0 1 0 0 39 47 27 14 45 33 59 55 0 42 7 0 636 0 26 0 0 0 0 0 104 46 159 0 0 0 0 0 0 0 0 0 0 0 0 0 0 0 0 52 0 58 51 0 84 95 0 0 0 0 64 72 87 0 95 86 0 62 64 0
2 0 6 0 0 1 1 1 5 3 0 4 0 3 0 11 0 0 0 0 0 0 0 0 3310 240 313 16 47 4 1 16 29 2 7 42 0 56 8 0 0 2 0 0 0 0 0 0 1 0 7 0 0 0 0 239 517 616 108 0 0 2 0 0 0 0 9 0 0 0 0 85 0 0 0 0 0 0 0 1 0 0 0 0 1 0 0 0 0 0 0 0 0 0 0 0 1 0 0 0 0 0 0 0 0 0 0 0 0 0 0 0 0 0 0 0 0 0 0 0 0 0 0 1 0 0 0 0 0 0 0 0 0 0 0 0 7 0
1 0 1 0 0 1 0 0 1 1 0 1 1 1 1 0 0 0 0 0 0 0 0 0 18 0 124 0 0 0 0 0 0 1 0 0 0 0 3 0 0 0 0 0 0 0 0 0 1 0 0 0 0 0 0 0 0 0 0 0 0 0 0 0 0 0 0 0 0 0 0 61 0 0 0 0 0 0 1 1 0 0 0 0 1 0 0 0 0 0 0 0 0 0 0 0 0 0 0 0 0 0 0 0 0 0 0 0 0 0 0 0 0 0 0 0 0 23 0 22 22 0 27 30 0 0 21 7 23 25 26 0 28 27 0 0 0 0
1 0 4 0 0 1 0 0 3 1 0 3 1 2 0 0 0 0 0 0 0 0 0 0 47 0 5 0 0 0 0 0 0 0 0 0 0 0 8 0 0 0 0 0 0 0 0 0 1 0 1 0 0 0 0 137 0 0 19 0 0 0 0 47 0 0 696 0 0 0 0 2 0 0 0 0 0 0 7 2 3 2 7 0 11 0 0 43 1 0 0 0 0 0 0 0 0 0 0 0 0 0 0 0 0 0 0 0 0 0 0 0 0 0 0 0 0 0 0 0 0 0 0 0 0 0 0 0 0 0 0 0 0 0 0 0 0 0
10 4 27 1 4 8 12 10 21 11 6 25 3 21 2 1 0 0 0 0 0 0 0 0 1331 236 295 11 0 0 2 4 0 1 29 0 0 0 62 0 0 19 0 0 0 0 1 0 4 0 25 6 0 0 0 11 22 0 1179 0 0 55 63 33 0 83 0 0 0 0 0 8 0 0 0 1 0 0 11 6 5 3 14 0 21 0 0 5 2 0 3558 0 2 0 0 0 0 0 1 0 0 0 0 0 0 0 0 0 0 0 0 0 0 0 0 0 0 0 0 0 0 0 0 8 0 0 0 0 6 7 11 0 8 10 0 0 4 0
0 0 0 0 0 0 0 0 0 0 0 0 0 0 0 0 0 0 0 0 0 0 0 0 0 0 0 0 0 0 0 0 0 0 0 0 0 0 0 0 0 0 0 0 0 0 0 0 0 0 0 0 0 0 0 0 0 0 0 0 0 0 0 0 0 6 0 0 0 0 0 0 0 0 0 0 0 0 0 0 0 0 0 0 0 0 0 0 0 0 0 0 0 0 0 0 0 0 0 0 0 0 0 0 0 0 0 0 0 0 0 0 0 0 0 0 0 0 0 0 0 0 0 0 0 0 0 0 0 0 0 0 0 0 0 0 0 0
2 0 5 0 0 0 0 0 4 2 0 4 2 3 1 0 0 0 0 0 0 0 0 0 248 6 11 3 0 0 0 0 0 1 5 0 0 4 11 0 0 17 0 0 0 0 4 0 11 0 7 0 0 0 113 291 1839 355 71 0 0 0 0 47 0 3291 66 0 0 0 0 20 0 0 0 0 0 0 0 4 0 0 1 0 4 0 0 0 0 0 0 0 0 0 0 0 0 0 0 0 0 0 0 0 0 0 0 0 0 0 0 0 0 0 0 0 0 0 0 7 2 0 15 22 0 0 9 0 14 17 20 0 22 19 0 0 5 0
10 4 10 2 8 2 0 6 456 5 0 10 2 21 18 73 0 0 0 0 0 0 0 0 2658 0 0 10 0 1 1 0 21 2 5 0 0 45 10 24 0 0 0 49 0 0 2 0 4 0 6 4 0 0 68 147 1053 185 43 326 0 0 0 0 0 0 0 0 0 0 0 221 0 0 0 5 0 0 43 57 24 25 54 36 56 0 0 0 12 0 0 0 0 0 0 0 0 0 0 0 0 0 0 0 0 0 0 0 0 0 0 0 0 0 0 0 0 0 0 0 0 0 0 10 0 0 0 0 0 0 0 0 5 0 0 0 23 0
3 2 3 2 0 2 0 0 2 2 0 2 1 7 7 0 0 0 0 0 0 0 0 28 7 26 46 0 0 0 0 0 0 1 2 0 0 0 0 0 0 0 0 0 0 0 1 0 2 0 1 0 48 0 0 13 27 0 1 11 9 0 1 1 0 4 0 0 0 0 1 24 0 0 0 4 0 0 0 5 0 2 4 0 5 0 0 4 0 0 0 0 0 0 0 0 0 0 0 0 0 0 0 0 0 0 0 0 0 0 0 0 0 0 0 0 0 0 0 0 0 0 0 40 0 0 0 0 0 0 14 0 33 9 0 0 0 0
14 8 6 5 7 5 0 3 5 4 0 8 3 46 40 7 0 0 0 0 0 0 0 0 41 4 5 6 0 0 1 0 0 1 15 0 6 0 27 0 0 13 0 0 5 0 4 0 9 0 13 7 0 0 7 3 53 0 6 17 12 0 0 0 0 0 0 1 0 0 1 61 1 3 0 3 0 0 0 17 0 0 0 0 6 11 13 0 3 0 0 0 0 0 0 0 0 0 1 0 8 0 0 0 0 0 0 0 0 0 0 0 0 0 0 0 0 0 0 0 0 0 0 12 0 0 0 0 0 0 0 0 12 3 0 0 0 0
9 6 5 4 6 4 1 3 3 2 1 5 2 30 28 1 0 0 0 0 0 0 0 14 32 13 19 6 0 1 0 14 0 1 11 0 0 0 18 0 0 7 0 0 0 0 3 0 6 0 9 5 0 0 3 3 0 0 4 0 18 0 8 0 0 1 0 0 0 0 0 6 0 0 0 1 0 0 0 2 0 12 1 0 2 0 0 2 2 0 0 0 0 0 0 0 0 0 1 0 2 0 0 0 0 0 0 0 0 0 0 0 0 0 0 0 0 0 0 0 0 0 0 15 0 0 0 0 0 0 2 0 14 5 0 0 0 0
22 14 19 8 17 8 13 11 15 9 3 17 5 63 52 6 2 0 0 0 0 0 0 14 510 32 44 22 53 4 2 36 19 3 24 27 0 25 59 3 8 24 120 34 0 0 6 0 23 0 31 21 27 0 326 99 227 122 32 262 54 22 40 16 0 48 0 106 0 0 2 104 133 36 0 5 0 0 2 15 0 28 12 0 16 0 0 16 5 0 64 0 2 0 0 0 0 0 9 0 26 0 0 0 0 0 0 0 0 0 0 0 0 0 0 0 0 0 0 0 0 0 0 28 0 0 0 0 0 2 16 0 28 18 0 0 3 0
16 10 7 7 0 7 5 0 5 4 2 9 3 47 48 0 0 0 0 0 0 0 0 0 30 0 0 9 0 1 1 18 0 1 21 0 9 0 14 0 0 13 0 0 0 0 5 0 11 0 16 9 0 0 1 5 49 0 0 0 22 0 14 0 0 0 0 0 0 0 1 38 756 0 0 3 0 0 278 82 0 30 49 0 72 42 0 19 6 0 0 0 0 0 0 0 0 0 0 0 16 0 0 0 0 0 0 0 0 0 0 0 0 0 0 0 0 0 0 0 0 0 0 22 0 0 0 0 0 0 0 0 21 5 0 0 0 0
13 5 6 5 7 5 1 3 4 3 0 8 3 49 36 6 0 0 0 0 0 0 0 73 30 52 137 7 0 0 1 14 0 1 14 0 0 0 34 0 0 10 0 0 0 0 3 0 8 0 16 0 0 0 0 17 0 70 21 0 2175 230 260 211 113 390 0 6459 0 0 7 45 0 0 0 3 0 0 0 155 0 28 53 171 67 0 0 52 14 76 360 0 0 0 0 0 0 0 0 0 11 0 0 0 0 0 0 0 0 0 0 0 0 0 0 0 0 0 0 0 0 0 0 2 0 0 0 0 0 0 0 0 3 0 0 0 0 0
0 16 78 3 38 9 55 42 69 35 14 80 18 1018 12 77 0 0 0 0 0 0 0 45 2771 621 810 217 896 53 16 247 604 24 111 391 850 362 221 14 231 54 2906 837 18 66 24 0 311 234 76 46 432 178 114 215 88 177 41 241 197 32 0 81 0 124 0 0 410 0 2 446 2409 5084 184 1 0 114 212 228 242 80 222 237 303 187 184 108 32 34 2335 0 28 0 0 0 0 0 262 0 5 59 0 0 0 0 0 0 0 0 0 0 145 0 0 242 172 185 219 218 236 152 264 265 198 0 255 195 274 281 291 209 298 289 0 26 320 0
79 55 298 60 124 246 360 93 55 45 224 91 72 8224 127 144 91 55 0 0 0 0 0 17 1418 203 280 139 256 29 14 183 255 18 172 288 672 339 456 547 110 370 1565 955 163 5221 172 0 1818 210 482 342 424 85 369 504 739 566 101 663 460 956 1213 788 797 2543 1160 0 0 826 22 279 1316 1235 838 5 0 421 487 394 428 231 666 414 507 410 440 119 14 560 345 1271 576 0 0 398 50 0 165 13 360 490 115 374 0 84 540 0 165 351 454 0 262 396 240 187 168 201 147 172 203 144 163 156 134 61 137 126 163 161 167 135 170 165 264 466 558 0
0 65 279 34 145 21 210 180 227 123 113 412 1902 2101 56 6 25 32 0 0 0 0 0 6 1936 156 275 340 261 50 35 474 282 36 696 302 685 303 1437 141 184 496 0 800 31 265 21 0 18 75 462 233 489 0 635 535 688 748 137 835 752 640 697 316 382 1285 518 144 0 0 12 141 369 600 0 16 0 155 49 143 97 25 97 104 139 134 137 189 7 58 0 0 147 0 0 0 10 0 57 19 54 0 271 0 0 0 62 0 0 0 0 0 0 0 0 38 24 52 151 61 108 47 33 43 12 0 30 13 149 128 152 72 149 142 63 65 121 0
0 0 0 0 0 0 0 0 0 0 0 0 0 0 0 0 0 0 0 0 0 0 0 0 0 0 0 0 0 0 0 0 0 0 0 0 0 0 0 0 0 0 0 0 0 0 0 0 0 0 0 0 0 0 0 0 0 0 0 0 0 0 0 0 0 0 0 0 0 0 0 0 0 0 0 0 0 0 0 0 0 0 0 0 0 0 0 0 0 0 0 0 0 0 0 0 0 0 0 0 0 0 0 0 0 0 0 0 0 0 0 0 0 0 0 0 0 0 0 0 0 0 0 0 0 0 0 0 0 0 0 0 0 0 0 0 0 0
0 0 0 0 0 0 0 0 0 0 0 0 0 0 0 0 0 0 0 0 0 0 0 0 0 0 0 0 0 0 0 0 0 0 0 0 0 0 0 0 0 0 0 0 0 0 0 0 0 0 0 0 0 0 0 0 0 0 0 0 0 0 0 0 0 0 0 0 0 0 0 0 0 0 0 0 0 0 0 0 0 0 0 0 0 0 0 0 0 0 0 0 0 0 0 0 0 0 0 0 0 0 0 0 0 0 0 0 0 0 0 0 0 0 0 0 0 0 0 0 0 0 0 0 0 0 0 0 0 0 0 0 0 0 0 0 0 0
0 5 26 10 5 4 8 13 11 8 21 43 13 9 9 16 1 4 0 0 0 0 0 1 51 17 31 44 0 6 5 52 0 6 107 12 30 3 220 0 12 78 0 0 15 1 2 0 2 0 84 39 0 0 15 28 60 31 8 28 92 35 0 11 0 0 7 0 0 0 2 30 0 0 0 1 0 14 8 23 13 3 14 15 22 0 0 28 1 7 0 0 39 0 0 0 0 0 4 0 0 0 0 0 0 0 9 0 0 0 0 0 0 0 0 0 0 26 14 28 35 1 28 33 2 0 14 0 41 40 46 0 48 44 0 0 7 0
0 2 14 6 0 4 0 10 9 6 9 45 16 302 973 11 13 0 0 0 0 0 0 1 80 15 32 59 0 5 6 46 17 7 124 63 165 71 431 3337 3748 630 42 363 3 0 3 0 2 875 435 291 687 0 33 36 76 18 10 40 578 2079 0 2237 0 3676 1382 0 0 0 3 36 14 0 0 2 0 15 5 23 12 1 12 14 21 0 0 28 1 4 0 0 11 0 0 0 587 0 0 1089 4014 2203 0 0 0 0 0 0 0 0 0 0 0 0 0 2 0 22 13 24 32 0 19 23 0 0 14 0 36 33 40 8 42 38 0 0 80 0
127 63 1008 29 172 1807 756 466 261 139 832 232 105 1281 304 18 0 65 0 0 0 0 0 68 914 6731 1429 41 44 0 4614 76 0 6 94 0 214 134 427 606 122 51 287 503 64 251 65 0 903 131 172 67 0 152 289 1612 347 487 124 964 485 283 1459 678 707 1536 729 0 0 166 76 44 303 478 0 103 0 97 82 188 165 50 357 158 181 129 133 148 7 253 64 46 77 0 0 221 13 0 46 0 21 10 0 115 0 116 0 0 0 0 0 0 104 14 9 295 273 252 194 238 279 286 181 187 160 558 542 467 428 344 299 315 253 253 0 652 385 0
0 0 0 0 0 0 0 0 0 0 0 0 0 0 0 0 0 0 0 0 0 0 0 0 0 0 0 0 0 0 0 0 0 0 0 0 0 0 0 0 0 0 0 0 0 0 0 0 0 0 0 0 0 0 0 0 0 0 0 0 0 0 0 0 0 0 0 0 0 0 0 1 0 0 0 0 0 0 0 0 0 0 0 0 0 0 0 0 0 0 0 0 0 0 0 0 0 0 0 0 0 0 0 0 0 0 0 0 0 0 0 0 0 0 0 0 0 0 0 0 0 0 0 0 0 0 0 0 0 0 0 0 0 0 0 0 0 0
0 0 4 0 0 0 2 2 2 22 0 1 1 2 1 144 13 18 0 0 0 0 0 0 3 3 3 3 12 1 0 3 9 0 1 5 13 6 2 3 1 0 21 5 0 1 31 6 0 9 5 5 10 6 1 1 2 4 1 4 6 12 197 14 19 71 42 3 1 1 0 125 1 1 0 0 0 0 0 0 0 0 0 0 0 61 67 0 0 6 1 3 2 1 5 6 1 3 1 0 0 66 2 1 0 0 2 7 3 1 9 0 1 3 1 3 3 2 3 2 2 3 1 1 1 7 3 2 0 0 0 0 0 0 5 6 4 0
0 0 52 0 0 0 19 21 28 303 0 9 14 47 21 41 192 0 0 0 0 0 0 2 63 36 30 18 75 5 2 13 66 2978 3 0 74 0 14 1 0 3 162 66 0 0 185 0 0 0 44 82 0 56 9 12 20 44 9 42 143 170 2351 167 220 835 20 0 0 0 0 118 0 0 0 1 0 0 0 0 0 0 0 0 0 991 1083 0 0 100 0 0 22 0 0 6 0 0 5 0 0 334 0 0 0 0 0 0 0 0 0 0 0 0 0 16 3 43 7 35 37 8 18 14 0 0 44 31 5 5 6 0 7 6 39 31 40 0
0 0 2 0 0 0 0 0 1 10 0 0 0 0 0 4 0 0 0 0 0 0 0 0 1 0 0 0 0 0 0 0 0 0 0 0 0 0 1 0 0 0 12 0 0 0 26 0 0 0 4 4 0 0 0 0 0 0 0 1 0 1 91 1 0 0 24 0 0 0 0 24 0 0 0 0 0 0 0 0 0 0 0 0 0 3 3 0 0 0 0 0 1 0 0 0 0 0 0 0 0 0 0 0 0 0 0 0 0 0 0 0 0 0 0 0 0 0 0 0 0 0 0 0 0 0 0 0 0 0 0 0 0 0 0 0 0 0
0 0 0 0 0 0 0 0 0 0 0 0 0 0 0 21 0 0 0 0 0 0 0 0 0 0 0 0 0 0 0 0 0 4 0 0 0 0 0 0 0 0 0 0 0 0 0 0 0 0 0 0 0 0 0 0 0 0 0 0 0 0 0 0 0 0 0 0 0 0 0 13 0 0 0 0 0 0 0 0 0 0 0 0 0 0 0 0 0 0 0 0 0 0 0 0 0 0 0 0 0 0 0 0 0 0 0 0 0 0 0 0 0 0 0 0 0 0 0 0 0 0 0 0 0 0 0 0 0 0 0 0 0 0 0 0 0 0
0 0 11 0 0 0 2 2 6 66 0 2 3 10 5 3 15 0 0 0 0 0 0 0 14 7 6 0 5 0 0 0 5 0 0 0 0 0 3 0 0 0 30 9 0 0 38 0 0 0 9 8 0 0 2 1 0 0 2 6 0 26 493 34 35 99 35 0 0 0 0 3 0 0 0 0 0 0 0 0 0 0 0 0 0 229 250 0 0 0 0 0 5 0 0 0 0 0 0 0 0 0 0 0 0 0 0 0 0 0 0 0 0 0 0 0 0 0 0 0 0 0 0 2 0 0 3 0 0 0 0 0 1 0 0 0 0 0
0 0 6 0 0 11 2 0 1 5 4 0 0 4 0 7 0 0 0 0 0 0 0 0 1 0 0 0 0 0 0 0 0 0 0 0 0 0 1 0 0 0 2 0 0 0 4 0 5 0 0 0 0 0 1 5 0 0 0 3 0 0 13 0 0 0 0 0 0 0 0 40 0 0 0 0 0 0 0 0 0 0 0 0 0 16 17 0 0 0 0 0 0 0 0 0 0 0 0 0 0 0 0 0 0 0 0 0 0 0 0 0 0 0 0 0 0 0 0 0 0 0 0 1 0 0 0 0 0 0 0 0 1 0 0 0 0 0
0 0 1 0 0 2 0 0 0 2 0 0 0 1 0 0 0 0 0 0 0 0 0 0 0 0 0 0 0 0 0 0 0 172 0 0 0 0 0 0 0 0 0 0 0 0 5 0 1 0 0 0 0 0 0 0 0 0 0 0 0 0 5 0 0 0 0 0 0 0 0 1 0 0 0 0 0 0 0 0 0 0 0 0 0 3 4 0 0 0 0 0 0 0 0 0 0 0 0 0 0 0 0 0 0 0 0 0 0 0 0 0 0 0 0 0 0 0 0 0 0 0 0 0 0 0 0 0 0 0 0 0 0 0 0 0 0 0
0 0 7 0 0 0 1 1 4 43 0 1 2 8 4 0 30 40 0 0 0 0 0 0 10 3 3 0 0 0 0 0 0 0 0 0 4 0 2 0 0 0 12 4 0 0 1 0 0 0 3 5 0 0 1 0 3 3 1 3 0 19 300 21 15 32 0 0 0 0 0 0 0 0 0 0 0 0 0 0 0 0 0 0 0 129 141 0 0 0 0 0 3 0 0 0 0 0 0 0 0 0 0 0 0 0 0 0 0 0 0 0 0 0 0 0 0 0 0 0 0 0 0 1 0 0 0 0 0 0 0 0 0 0 0 0 0 0
0 0 0 0 0 1 0 0 0 1 0 0 0 0 0 2 0 0 0 0 0 0 0 0 0 0 0 0 0 0 0 0 0 0 0 0 0 0 0 0 0 0 0 0 0 0 1 0 0 0 0 0 0 0 0 0 0 0 0 0 0 0 0 0 0 0 0 0 0 0 0 3 0 0 0 0 0 0 0 0 0 0 0 0 0 5 5 0 0 0 0 0 0 0 0 0 0 0 0 0 0 0 0 0 0 0 0 0 0 0 0 0 0 0 0 0 0 0 0 0 0 0 0 0 0 0 0 0 0 0 0 0 0 0 0 0 0 0
0 1 88 0 0 0 35 35 48 515 0 16 25 97 27 21 348 0 0 0 0 0 0 3 126 61 50 13 63 4 1 8 55 2 2 0 40 0 13 2 1 6 129 120 0 0 14 0 0 0 39 38 0 0 14 18 30 60 14 64 213 221 0 254 336 0 39 0 0 0 0 20 0 2 0 1 0 0 0 0 0 0 0 0 0 0 0 0 0 108 0 0 17 0 0 0 0 0 3 0 0 0 0 0 0 0 0 0 0 0 0 0 0 0 0 0 0 32 0 29 28 0 15 14 0 0 41 21 2 3 5 0 7 5 26 5 29 0
0 1 121 0 0 0 49 49 66 710 0 22 34 133 128 27 485 0 0 0 0 0 0 4 174 84 70 20 93 6 2 15 80 3 3 0 73 0 18 12 5 8 180 167 0 0 20 0 0 0 54 53 0 193 20 25 44 88 19 89 302 306 0 351 466 1732 65 0 0 0 0 29 8 11 0 2 0 0 0 0 0 0 0 0 0 4877 0 0 0 695 0 0 94 0 0 91 33 0 28 0 8 44 0 0 0 0 26 0 0 0 0 0 0 0 0 191 170 270 145 210 233 144 110 76 51 298 249 217 37 36 38 0 40 38 290 194 279 0
0 0 6 0 0 0 6 7 12 34 0 4 6 21 9 1 68 0 0 0 0 0 0 1 23 9 8 0 0 0 0 0 0 0 0 0 0 0 2 0 0 0 2 9 0 0 420 0 0 0 19 18 0 0 3 4 0 0 4 15 12 0 11 0 0 0 0 0 0 0 0 3 0 0 0 0 0 75 72 57 64 34 90 62 78 234 0 0 0 10 0 0 4 0 0 0 0 0 0 0 0 0 0 0 0 0 0 0 0 0 0 0 0 0 0 0 0 0 0 0 0 0 0 1 0 0 3 0 0 0 0 0 0 0 0 0 0 0
0 0 0 0 0 0 0 0 0 1 0 0 2 1 0 3 4 5 0 0 0 0 0 1 13 1 1 0 0 0 0 0 0 0 0 0 0 0 0 0 0 0 0 0 0 0 0 0 0 0 0 0 0 0 0 0 0 0 0 0 0 0 0 0 0 0 0 0 0 0 0 2 0 0 0 0 0 3 4 3 0 2 5 4 5 1 1 357 0 0 0 0 0 0 0 0 0 0 0 0 0 0 0 0 0 0 0 0 0 0 0 0 0 0 0 0 0 0 0 0 0 0 0 2 0 0 0 0 0 0 1 0 4 1 0 0 0 0
47 23 114 17 60 13 59 59 88 49 8 60 34 24 2 2 27 0 0 0 0 0 0 1 90 10 15 11 28 3 23 19 0 2 4 23 179 72 14 0 1 2 100 0 0 0 4 0 43 57 66 52 0 12 17 31 58 51 9 17 154 273 225 113 152 856 0 0 0 0 2 14 0 0 0 0 0 0 20 28 6 7 24 12 36 0 0 0 1 0 0 0 8 0 0 0 0 0 1 0 13 0 0 0 0 0 0 0 0 0 0 0 0 0 0 0 0 27 0 29 27 0 31 39 0 0 26 4 31 33 35 0 37 35 0 0 11 0
493 285 1662 161 766 122 651 822 921 581 75 688 322 2450 417 31 947 336 0 0 0 0 0 842 9776 4959 6455 70 78 12 321 131 8 8 120 85 242 109 273 155 34 144 645 41 2 105 24 0 423 294 588 449 135 0 9 140 474 0 101 210 38 74 91 32 0 76 0 0 0 2 1 92 142 315 0 4 0 3059 5111 7605 8562 1747 4990 40 9827 8361 9795 180 46 3714 0 0 167 0 143 323 102 0 1095 11 49 300 1828 1531 0 0 157 8483 0 0 687 0 2766 1329 505 337 322 374 258 312 358 266 316 292 266 206 263 250 281 283 287 256 293 287 433 411 292 0
76 37 179 9 75 6 124 94 157 79 39 193 16 3009 1085 13 258 236 0 0 0 0 0 2019 526 2919 4066 91 30 12 8 102 34 10 209 75 224 97 803 894 246 144 49 950 118 531 3 0 1 120 176 94 137 124 180 363 336 458 82 468 161 614 66 590 8 1170 447 212 0 266 0 32 178 485 0 14 0 263 385 387 410 129 378 402 517 415 339 323 40 637 41 0 1559 0 0 0 0 169 11 289 0 0 0 127 0 0 544 0 7251 0 0 0 0 90 77 652 631 784 551 591 681 504 671 607 579 598 543 534 576 578 586 553 596 586 493 157 443 0
0 0 0 0 0 0 0 0 0 0 0 0 0 0 1 0 0 0 0 0 0 0 0 0 2 9 16 0 0 0 0 0 0 0 0 0 0 0 1 0 0 0 0 0 0 0 0 0 0 0 1 0 0 0 0 1 0 0 0 1 2 1 1 0 0 1 0 0 0 0 0 0 0 0 0 1 0 0 0 1 0 0 0 0 0 0 0 0 0 0 0 0 0 0 0 0 0 0 0 0 0 0 0 0 0 0 0 0 0 0 0 0 0 0 0 0 0 0 0 0 0 0 0 2 0 0 0 0 0 1 1 0 2 1 0 0 0 0
484 487 1524 731 360 857 1359 2070 1017 892 2415 5439 1375 4518 1522 81 339 688 0 0 0 0 0 111 9889 4424 6498 6334 2070 808 1639 8021 3654 685 15557 2366 4568 1125 31228 3262 4397 11255 1655 6847 3285 2552 1148 237 1143 8303 9757 4173 6493 952 1810 3827 8074 5873 1027 3418 13285 4798 5985 2300 3189 1318 4492 3593 5195 6802 1466 985 5114 15740 1625 2561 0 3795 771 3088 1908 484 2649 2004 3114 3811 4249 4016 156 1039 3364 5859 1804 0 2099 2738 472 0 447 287 769 667 0 1338 0 0 409 0 0 145 2277 462 330 365 1920 3405 3077 2800 5175 2755 3809 2890 2031 2123 2095 2626 1829 1813 4429 3925 4449 3577 4461 4234 631 1637 3773 9
509 359 350 135 170 159 5519 1569 447 759 122 346 745 5486 4434 50 440 1181 0 0 0 0 0 634 185 17487 21225 291 93 65 3671 1371 145 59 299 197 275 106 667 3602 1922 1764 959 977 1507 2242 9424 1027 6963 926 305 187 451 1374 1004 1550 2222 2153 375 1588 2192 2019 2633 2867 2012 6856 2181 549 355 67 18392 531 1704 1657 3330 30418 0 632 1407 3134 300 1082 12533 77 6447 973 693 3907 8 2301 0 829 5732 0 0 177 235 0 314 1085 1299 0 1004 1096 0 0 885 0 2104 119 3000 0 0 0 114 979 816 739 657 729 864 681 680 636 582 679 694 683 696 685 688 654 692 683 502 2294 1662 0
7 6 0 2 0 1 21 0 29 0 2 29 42 224 5 24 41 0 0 0 0 0 0 3 113 56 109 0 0 0 0 0 0 0 0 0 105 0 97 102 70 69 284 106 0 169 5 0 57 0 39 26 238 50 58 85 108 126 24 138 92 395 252 135 171 892 151 18 0 52 0 48 67 116 0 1 0 0 81 70 52 80 233 201 254 115 0 183 4 44 0 34 139 0 0 0 0 0 43 149 196 2126 861 0 0 0 417 0 548 0 0 0 0 0 232 28 17 60 24 51 56 21 61 60 146 0 50 38 54 55 56 26 58 56 178 1877 0 0
0 9 14 9 6 3 15 11 12 5 4 15 16 214 26 27 32 60 0 0 0 0 0 9 17 20 28 8 8 1 0 13 0 0 13 6 40 15 27 8 24 12 6 22 4 12 71 0 288 132 25 17 0 4 0 23 108 31 6 85 266 35 48 26 1504 92 13 16 0 0 3 47 266 0 0 20 0 5 9 15 14 3 21 11 16 10 0 14 3 13 0 66 50 0 0 16 0 0 172 0 119 305 0 0 0 10 135 0 0 0 162 0 0 0 0 498 492 611 405 460 521 389 530 480 457 457 434 427 433 440 440 421 449 443 0 55 24 0
511 269 1110 187 614 123 853 609 945 514 120 774 375 137 395 30 182 247 0 0 0 0 0 4 130 70 97 193 558 53 22 264 359 28 125 1000 2801 1399 1239 685 447 318 531 1915 83 488 564 0 2435 1334 535 418 528 509 272 463 1197 2575 449 873 862 535 1645 2294 1317 749 676 700 619 720 25 229 1851 719 243 397 0 338 212 311 346 158 544 304 372 349 275 843 11 178 1151 0 668 253 7 500 3287 0 5629 571 1952 3293 774 0 0 0 139 0 0 0 534 0 67 132 244 3576 3481 3983 2724 3076 3509 2742 3404 3075 3038 3514 2798 2793 2779 2824 2823 2807 2876 2838 379 888 284 0
0 1 10 1 0 21 5 0 0 0 8 0 2 9 2 8 73 49 0 0 0 0 0 1 2 2 2 1 0 0 0 1 0 0 2 0 3 0 4 0 1 1 0 0 0 0 2 28 21 0 2 1 3 0 2 10 3 0 0 6 3 1 0 0 0 1 2 0 0 0 0 1 0 2 0 0 0 0 1 2 1 0 3 1 2 0 0 5 0 0 0 0 264 0 0 0 0 0 0 0 0 8 0 0 0 0 0 0 0 0 0 0 0 0 0 0 0 0 0 0 0 0 96 153 0 0 17 6 1 2 2 0 2 2 0 0 0 0
252 118 20 8 319 5 413 298 511 252 79 528 14 834 14 50 845 85 0 0 0 0 0 0 864 2 5 66 208 19 6 81 156 10 32 39 919 485 92 178 0 58 205 293 30 171 12 0 99 0 98 77 0 0 1427 717 546 684 119 974 1670 2034 1994 1091 11 3215 3 91 0 0 2 753 22 0 4 6 0 266 355 334 375 144 385 362 468 375 395 1789 101 187 0 0 40 0 0 0 289 0 350 0 1547 0 0 0 0 0 22 0 0 0 0 0 0 0 0 1161 916 702 1015 792 912 734 977 963 888 0 1095 1091 1031 1041 1038 1023 1056 1042 0 32 23 0
5 3 7 3 3 2 1 4 5 1 0 6 5 3 5 1 0 105 0 0 0 0 0 0 3 0 1 2 0 0 0 3 0 0 5 0 13 2 15 0 0 0 0 0 0 0 4 0 34 0 7 3 0 0 2 3 8 12 2 6 1 1 0 0 0 0 0 0 0 0 0 3 1 0 0 2 0 3 2 4 4 1 6 3 3 3 0 7 0 0 0 5 13 0 0 0 0 0 69 0 0 0 0 0 0 0 0 0 0 0 0 0 0 0 0 0 0 4 0 7 5 0 11 15 0 0 10 0 12 13 14 0 15 14 0 0 0 0
36 26 129 66 33 42 114 28 22 16 195 23 45 310 69 10 30 46 0 0 0 0 0 1 69 12 14 11 4 0 0 92 0 2 2 0 52 21 39 61 78 21 46 159 13 20 22 0 289 4 47 38 113 56 22 27 45 42 8 39 34 90 51 80 16 167 75 0 0 5 2 56 19 0 0 3 0 0 29 37 28 2 58 42 26 33 0 75 2 67 0 47 150 0 11 0 0 0 0 12 509 0 0 0 0 0 44 0 0 0 0 0 0 0 0 0 0 11 0 13 13 0 19 23 0 0 19 8 20 21 21 0 22 21 85 49 0 0
473 369 402 396 129 135 386 268 205 395 162 261 657 97 654 81 380 454 0 0 0 0 0 2 63 22 35 63 139 14 8 88 103 16 71 212 598 300 235 78 408 82 29 258 3 139 354 0 4783 731 430 337 1308 34 84 155 250 389 68 216 179 101 228 255 163 238 155 107 0 0 191 146 220 154 147 264 0 505 171 306 406 68 592 331 228 485 432 691 22 67 0 34 1254 2020 0 0 835 0 1477 3996 7535 15707 0 0 0 26 121 0 0 0 43 0 0 0 0 461 421 470 343 395 454 344 427 399 361 319 366 358 369 373 375 348 382 376 57 101 53 0
161 72 407 39 217 36 291 210 307 161 23 195 26 180 472 11 8 6 0 0 0 0 0 5 109 41 63 30 86 8 3 89 42 4 10 112 310 158 113 121 207 150 270 78 29 737 31 0 138 537 93 71 480 173 193 173 287 296 52 255 94 146 190 148 152 380 147 154 0 206 15 144 159 148 0 30 0 162 219 192 210 98 288 188 256 199 138 872 12 616 0 0 511 0 0 186 700 285 1137 44 316 684 284 0 0 154 606 0 0 0 564 0 374 314 379 787 929 393 255 311 352 256 351 324 289 215 289 280 286 292 292 378 298 293 1050 792 542 0
290 129 742 70 402 65 526 385 579 301 45 367 445 64 325 52 820 967 0 0 0 0 0 3 886 159 67 109 369 33 9 182 239 16 33 610 1646 857 390 668 714 233 734 1163 38 424 379 487 1307 1069 395 324 268 633 278 514 656 866 151 503 299 455 1665 400 897 486 189 503 8 1350 2 233 771 527 88 17 0 688 769 980 1103 388 1109 1058 1285 1077 1158 472 30 630 484 406 448 504 256 384 1800 274 436 436 945 623 685 32 0 16251 0 26075 1201 0 1040 0 1081 0 528 1020 909 923 622 820 950 745 773 711 672 685 672 663 659 670 669 646 682 673 2813 544 546 0
276 122 675 67 374 62 490 356 570 282 47 398 220 0 321 17 2 0 0 0 0 0 0 0 678 1124 281 8 28 2 0 11 2 1 3 39 138 71 36 47 86 42 160 60 0 25 2 0 8 88 66 54 10 62 49 151 65 85 15 206 24 9 100 71 81 16 22 108 0 94 0 41 38 66 0 0 0 43 181 136 152 25 73 146 179 144 134 92 5 103 60 49 744 130 6 36 0 364 97 188 519 707 0 0 0 0 0 0 2027 0 33 0 0 0 0 372 348 421 294 332 375 278 381 349 324 299 324 317 320 325 325 306 332 327 0 4 69 0
20 9 44 1 15 1 47 21 47 8 5 42 15 44 4 12 16 0 0 0 0 0 0 0 27 4 5 9 27 0 0 43 0 1 2 0 111 48 68 30 7 5 1 115 8 0 2 0 3 79 45 36 151 43 16 23 45 43 8 31 31 55 67 55 50 107 44 29 0 0 5 51 0 41 147 82 0 12 45 41 43 16 47 8 55 31 0 46 1 143 0 0 55 0 0 0 0 0 19 0 37 0 0 0 1902 23118 0 0 0 0 57 0 0 0 12 111 95 146 93 122 137 83 141 133 101 0 122 110 128 129 131 96 134 131 84 0 186 0
738 337 1599 187 950 169 1234 883 1532 751 242 1585 17 3395 278 17 186 97 0 0 0 0 0 6 186 77 127 102 336 28 9 130 303 14 51 380 964 504 183 1258 740 1068 1858 1275 201 988 35 0 321 477 122 94 613 644 595 742 852 903 191 867 118 499 461 221 287 1504 253 724 386 995 1 119 363 710 318 26 0 335 500 601 665 208 600 609 796 660 683 659 20 182 0 2686 9250 1073 12361 4199 377 620 966 256 47 769 2699 581 0 708 2385 0 1685 2339 2923 517 413 849 1175 1290 1129 1076 879 1000 1158 919 1008 943 896 950 936 927 910 923 923 895 940 927 2242 685 2994 0
322 148 761 83 413 186 755 413 613 327 129 490 55 608 333 29 478 667 0 0 0 0 0 45 1225 853 1293 86 242 23 120 288 146 12 22 272 735 369 257 385 193 137 1136 632 100 1657 311 0 332 178 144 117 771 53 157 433 507 850 150 800 214 472 475 290 300 1410 363 274 0 2096 577 178 200 261 3585 966 0 394 636 648 625 259 1033 595 920 626 637 618 12 693 344 0 925 847 0 0 84 886 176 2421 1054 558 886 508 0 0 20 0 0 0 1097 1345 0 0 44 1165 1111 1259 847 1010 1152 893 1083 987 942 898 906 892 894 910 909 869 927 914 510 17752 0 0
200 92 474 41 262 178 439 247 316 185 148 365 85 307 241 14 173 115 0 0 0 0 0 36 1843 587 1048 245 345 43 21 703 214 26 380 216 577 255 1032 193 282 388 489 724 170 1908 32 0 263 987 900 645 1330 338 246 486 677 585 103 615 613 655 790 364 413 1489 644 349 0 870 9 317 194 802 141 10 0 522 603 621 667 260 756 646 786 689 715 650 16 1137 294 522 815 0 0 309 106 95 196 1195 863 1174 368 1401 119 415 1140 0 1478 0 2381 0 425 404 136 373 345 423 334 339 406 293 357 327 297 133 291 280 350 343 356 309 362 352 681 2920 664 0
210 94 419 51 270 46 484 271 242 183 50 286 485 68 149 8 111 0 0 0 0 0 0 63 645 143 206 245 429 49 21 931 240 28 258 247 626 293 865 253 259 309 159 44 75 283 52 2 61 391 2070 1444 0 204 148 320 531 454 82 434 399 364 537 282 197 520 243 147 0 1235 324 594 367 868 143 110 0 135 255 267 262 100 293 252 320 236 80 402 10 904 0 178 640 0 0 86 0 0 232 278 422 175 0 0 0 0 0 0 0 0 0 0 0 0 0 379 345 300 162 352 435 318 165 181 133 0 167 147 203 199 208 152 211 205 164 312 193 0
2244 903 3879 482 3568 490 5724 2643 1768 1836 225 982 1007 405 1404 405 2123 0 0 2 0 0 1 279 10510 1931 2207 2077 5309 511 216 14305 1098 201 716 1245 3558 1461 5604 263 3687 2220 4983 3221 747 5480 406 172 607 1982 3132 2571 3641 3248 2191 1716 3865 5069 889 3447 2345 3273 6949 3137 2367 4205 2698 2701 1054 281 206 1434 715 4278 1381 384 0 2863 4066 3522 3908 1573 4632 3709 4626 3872 4205 4978 133 7444 1285 3053 11816 0 3420 1662 2015 632 4402 2116 4468 1114 1469 1675 2359 1908 1668 0 0 1453 5782 0 3802 1836 398 3283 3205 3639 2494 2795 3202 2477 3089 2786 2741 520 2526 2520 2552 2584 2591 2574 2639 2602 6930 5323 3413 4
180 108 359 53 216 45 951 1390 442 240 98 289 353 524 496 9 77 1 0 0 0 0 0 12 444 98 89 48 100 30 1350 94 34 51 39 132 380 173 119 163 416 252 250 679 60 182 43 0 361 248 91 69 879 264 361 154 164 158 30 214 440 377 379 266 293 880 373 0 0 232 3874 36 140 178 0 4614 0 237 355 347 378 137 797 78 467 367 335 4990 73 469 0 109 978 0 323 261 241 0 73 414 615 823 436 0 0 229 347 0 30 0 144 0 0 0 0 2366 2189 1641 1689 2000 1590 1764 1484 1953 1851 1983 1819 1791 1787 1816 1815 1738 1849 1824 283 292 409 11
36 17 74 6 43 6 82 47 58 28 7 59 80 16 28 7 60 0 0 0 0 0 0 13 136 52 93 23 67 3 2 84 13 3 7 30 188 90 100 191 190 266 233 110 0 56 11 0 51 111 336 234 275 119 71 168 173 119 21 105 60 141 110 66 66 290 342 19 0 318 139 117 83 176 0 116 0 64 179 149 161 52 150 152 195 141 68 325 8 389 0 0 318 0 43 58 40 0 50 124 143 256 52 0 45 285 306 0 375 0 474 0 102 0 318 139 99 94 60 115 134 92 89 89 59 0 90 80 87 89 89 63 91 90 181 657 72 0
13 10 47 6 21 5 46 28 37 0 2 21 13 179 145 7 61 0 0 0 0 0 0 2 11 41 52 0 0 0 6 6 0 1 0 0 17 0 16 141 0 5 129 146 0 68 48 0 81 0 32 23 63 57 206 119 83 107 19 159 53 593 101 100 86 198 72 13 0 26 45 19 57 43 0 68 0 29 61 61 59 22 86 58 89 50 1 124 6 70 0 0 75 0 0 0 87 0 13 25 125 116 53 0 0 25 0 0 0 0 232 0 938 0 0 31 10 10 33 32 35 15 44 49 23 0 57 47 55 56 56 30 58 56 0 69 0 0
21 45 0 35 104 49 66 88 113 0 49 78 31 30 38 1 21 0 0 0 0 0 0 9 162 22 26 0 0 0 0 24 0 62 31 0 0 23 56 17 31 118 0 383 53 14 97 0 179 193 47 33 2 83 40 13 79 58 12 43 382 469 249 231 226 399 221 0 0 0 12 10 8 0 0 24 0 0 73 61 52 22 54 46 58 11 0 37 3 16 0 0 30 0 0 0 0 0 18 0 24 14 0 0 0 0 0 0 0 0 0 0 0 0 0 0 0 1810 300 1730 1780 289 2152 2238 543 0 1883 1187 1930 2007 2037 76 2120 2038 0 0 0 15
11 38 10 39 91 52 93 101 121 0 50 82 37 30 45 2 31 0 0 0 0 0 0 9 108 30 34 0 8 0 0 98 0 64 38 0 18 29 79 20 49 94 0 444 60 40 86 0 169 179 46 37 10 93 49 13 94 77 15 58 395 463 283 245 237 419 233 0 0 0 12 15 12 18 0 24 0 0 92 78 70 29 74 64 79 29 0 60 3 45 0 0 86 0 0 0 0 0 39 0 41 19 0 0 0 0 0 0 0 0 0 0 0 0 0 180 0 1927 416 1811 1881 414 2225 2291 664 0 1938 1271 1981 2058 2086 206 2169 2088 0 16 14 15
0 12 0 16 25 18 25 35 47 0 20 32 11 11 16 1 7 0 0 0 0 0 0 4 21 8 9 0 0 0 0 10 0 26 15 0 0 7 22 0 8 31 0 163 22 0 32 0 63 30 9 10 0 0 15 0 31 15 5 1 155 137 95 84 72 149 89 0 0 0 5 4 0 0 0 10 0 0 29 21 13 8 21 14 24 0 0 7 1 0 0 0 10 0 0 0 0 0 6 0 0 0 0 0 0 0 0 0 0 0 0 0 0 0 0 0 0 0 0 306 138 0 676 920 0 2091 666 0 731 791 824 0 888 818 0 0 0 6
47 32 86 26 51 27 65 58 70 57 28 48 22 21 27 1 14 0 0 0 0 0 0 6 73 19 22 0 0 0 0 49 0 36 15 0 0 15 51 10 30 64 0 321 41 19 64 0 125 62 29 23 10 51 33 7 65 46 11 36 328 367 225 194 190 340 186 0 0 0 9 11 0 0 0 17 0 0 63 45 45 19 51 41 54 14 0 39 2 24 0 0 55 0 0 0 0 0 24 0 22 8 0 0 0 0 0 0 0 0 0 0 0 0 0 0 0 969 0 977 975 0 1265 1351 148 0 1118 623 1154 1205 1227 0 1282 1226 0 2 3 9
0 0 0 6 11 10 0 17 26 0 10 17 3 6 9 0 4 0 0 0 0 0 0 2 12 4 5 0 0 0 0 0 0 14 1 0 0 3 12 0 2 14 0 46 7 0 18 0 35 0 4 5 2253 0 8 0 17 4 3 0 79 60 44 112 27 70 47 0 0 0 3 2 0 0 0 6 0 0 16 13 5 4 12 6 14 0 0 1 0 0 0 0 5 0 0 0 0 0 3 0 0 0 0 0 0 0 0 0 0 0 0 0 0 0 0 0 0 0 0 0 0 0 280 500 0 0 317 0 372 417 443 0 490 437 0 0 0 3
0 0 0 9 18 14 3 26 37 0 15 25 5 9 13 1 5 0 0 0 0 0 0 4 18 7 9 0 0 0 0 0 0 21 4 0 0 4 18 0 2 24 0 65 12 0 28 0 56 0 7 8 2472 0 12 0 25 9 4 0 122 115 73 64 229 115 71 0 0 0 4 6 0 0 0 8 0 0 24 18 11 6 18 12 20 0 0 6 1 0 0 0 8 0 0 0 0 0 4 0 0 0 0 0 0 0 0 0 0 0 0 0 0 0 0 0 0 0 0 170 0 0 500 734 0 0 511 0 572 626 656 0 712 650 0 0 0 5
0 19 0 24 57 29 52 64 77 0 32 52 19 19 29 1 19 0 0 0 0 0 0 6 71 20 22 0 0 0 0 60 0 41 23 0 5 18 52 7 31 64 0 284 39 22 59 0 117 104 30 24 3 51 33 4 63 49 10 37 280 321 188 170 164 294 163 0 0 0 8 10 0 3 0 16 0 0 61 52 45 19 49 41 53 13 0 38 2 23 0 0 56 0 0 0 0 0 24 0 24 9 0 0 0 0 0 0 0 0 0 0 0 0 0 0 0 1073 24 1074 1077 0 1384 1473 185 0 1222 692 1260 1316 1339 0 1398 1338 0 3 3 10
9 5 17 5 3 6 11 8 15 12 6 10 7 4 5 0 2 0 0 0 0 0 0 2 6 1 2 0 0 0 6828 0 0 7 0 0 0 2 8 0 0 4 0 0 3 0 9 0 18 0 13 12 632 0 4 0 11 0 2 0 39 8 21 14 3 31 25 0 0 0 3 5 0 0 0 3 0 0 9 7 3 2 7 4 8 0 0 1 0 0 0 0 2 0 0 0 0 0 0 0 0 0 0 0 0 0 0 0 0 0 0 0 0 0 0 0 0 0 0 0 0 0 0 259 0 346 89 0 149 192 220 0 265 212 0 0 0 2
1 0 2 1 0 1 0 0 6 1 0 0 1 0 1 1 0 0 0 0 0 0 0 0 1 0 0 0 0 0 4155 0 0 0 0 0 0 0 1 0 0 0 0 0 0 0 1 0 2 0 0 1 0 0 0 0 1 0 0 0 0 0 0 0 0 0 0 0 0 0 0 2 0 0 0 0 0 0 1 1 0 0 1 0 1 0 0 0 0 0 0 0 0 0 0 0 0 0 0 0 0 0 0 0 0 0 0 0 0 0 0 0 0 0 0 0 0 0 0 0 0 0 0 0 0 0 0 0 0 0 0 0 21 0 0 0 0 0
44 32 84 26 48 27 64 56 68 58 30 47 22 18 26 1 15 0 0 0 0 0 0 5 57 17 19 0 0 0 2 49 0 37 18 0 0 16 44 7 29 48 0 320 42 15 43 0 84 85 24 20 13 25 31 2 60 46 10 29 324 271 219 181 175 331 176 0 0 0 7 8 0 6 0 14 0 8 57 41 45 18 45 39 48 29 0 37 2 11 0 0 47 0 0 0 0 0 7 0 18 5 0 0 0 0 0 0 0 0 0 0 0 0 0 0 0 859 0 913 886 0 1226 1338 0 0 1094 543 1135 1190 1214 0 1273 1213 0 0 0 9
264 201 522 185 312 191 355 360 437 355 194 310 150 116 147 4 91 0 0 0 0 0 0 33 205 96 106 49 113 0 50 144 0 232 165 0 167 115 202 224 171 310 213 2184 258 130 284 0 559 769 145 108 162 565 160 134 315 251 46 239 1677 1811 1145 1014 1057 1967 991 3 0 185 52 29 160 104 0 101 0 23 288 243 223 90 214 234 233 131 0 175 11 195 0 0 123 0 0 106 0 0 79 54 130 162 0 0 0 0 41 0 0 0 145 0 0 54 91 8383 7883 0 6241 8663 12 6657 0 8782 7147 0 7891 7240 7858 8029 8050 3426 8240 8085 0 115 119 57
8 4 11 4 1 4 7 4 12 6 4 7 3 3 3 1 0 0 0 0 0 0 0 1 17 1 3 0 0 0 0 0 0 4 0 0 0 2 12 0 3 43 0 0 0 0 40 0 83 131 5 5 0 20 5 0 11 1 2 0 44 154 22 31 20 38 23 0 0 0 1 8 0 0 0 2 0 0 10 8 0 1 7 1 8 0 0 0 0 0 0 0 1 0 0 0 0 0 0 0 0 0 0 0 0 0 0 0 0 0 0 0 0 0 0 0 0 0 0 0 0 0 0 134 0 0 0 0 51 86 109 0 145 102 0 0 0 1
28 18 46 14 24 15 31 28 43 30 16 28 12 12 13 3 1 0 0 0 0 0 0 4 48 9 12 0 0 0 0 3 0 19 6 0 0 10 33 2 18 77 0 108 18 0 93 0 192 206 19 14 2181 75 17 0 37 22 5 15 177 436 110 125 119 183 108 0 0 0 4 16 10 0 0 8 0 0 34 24 17 9 23 18 26 0 0 13 1 0 0 0 10 0 0 0 0 0 0 0 0 0 0 0 0 0 0 0 0 0 0 0 0 0 0 0 0 69 0 268 159 0 526 689 0 0 509 0 555 597 620 0 665 616 0 0 0 5
3 1 6 2 0 2 1 1 18 5 0 4 2 2 2 3 0 0 0 0 0 0 0 1 8 0 1 0 0 0 0 0 0 2 0 0 0 0 6 0 0 7 0 0 0 0 17 0 34 0 0 1 0 0 2 0 7 0 1 0 52 56 24 22 9 38 21 0 0 0 1 7 0 0 0 1 0 0 8 6 5 2 6 5 7 0 0 7 0 0 0 0 0 0 0 0 0 0 0 0 0 0 0 0 0 0 0 0 0 0 0 0 0 0 0 0 0 0 0 0 0 0 0 77 0 0 0 0 0 33 57 0 91 49 0 0 0 1
2 1 4 2 0 2 0 0 19 3 0 2 2 1 1 3 0 0 0 0 0 0 0 1 5 0 531 0 0 0 0 0 0 1 0 0 0 0 4 0 0 9 0 0 0 0 12 0 24 0 0 1 0 0 1 0 5 0 1 0 35 26 14 11 0 21 36 0 0 0 0 6 0 0 0 1 0 0 6 5 4 1 5 4 5 0 0 6 0 0 0 0 0 0 0 0 0 0 0 0 0 0 0 0 0 0 0 0 0 0 0 0 0 0 0 0 0 0 0 0 0 0 0 41 0 0 0 0 0 0 24 0 58 16 0 0 0 1
1 0 3 1 0 1 0 0 10 2 0 1 1 1 1 1 0 0 0 0 0 0 0 0 2 0 0 0 0 0 0 0 0 1 0 0 0 0 2 0 0 2 0 0 0 0 4 0 9 0 0 0 0 0 0 0 2 0 1 0 16 0 2 0 0 1 4 0 0 0 0 3 0 0 0 1 0 0 3 3 2 0 3 2 3 0 0 3 0 0 0 0 0 0 0 0 0 0 0 0 0 0 0 0 0 0 0 0 0 0 0 0 0 0 0 0 0 0 0 0 0 0 0 16 0 0 0 0 0 0 0 0 34 0 0 0 0 0
49 36 91 29 51 31 60 61 79 63 34 55 24 23 27 2 11 0 0 0 0 0 0 7 48 16 20 0 0 0 0 13 0 42 20 0 0 16 42 10 21 74 0 340 44 7 75 0 149 126 26 20 3 67 30 5 60 39 9 32 338 407 216 200 197 348 188 0 0 0 10 9 2 0 0 18 0 18 57 47 45 17 41 39 45 38 9 35 2 7 0 0 22 0 0 0 0 0 13 0 13 9 0 0 0 0 0 0 0 0 0 0 0 0 0 0 0 1246 165 1204 1231 153 1511 1579 337 0 1324 814 1359 1415 1437 0 1497 1437 0 0 0 10
0 0 0 0 0 0 0 0 3 1 0 0 0 0 0 0 0 0 0 0 0 0 0 0 1 0 0 0 0 0 0 0 0 0 0 0 0 0 1 0 0 0 0 0 0 0 2 0 5 0 0 0 0 0 0 0 0 0 0 0 0 0 0 0 0 0 0 0 0 0 0 1 0 0 0 0 0 0 1 1 0 0 1 0 1 0 0 0 0 0 0 0 0 0 0 0 0 0 0 0 0 0 0 0 0 0 0 0 0 0 0 0 0 0 0 0 0 0 0 0 0 0 0 0 0 0 0 0 0 0 0 0 0 0 0 0 0 0
1 0 3 1 0 1 0 0 12 2 0 1 1 1 1 2 0 0 0 0 0 0 0 0 8172 1037 0 0 0 0 0 0 0 1 0 0 0 0 2 0 0 4 0 0 0 0 6 0 12 0 0 0 0 0 0 0 2 0 0 0 8 0 0 0 0 0 25 0 0 0 0 4 0 0 0 1 0 0 4 3 2 0 3 2 3 0 0 3 0 0 0 0 0 0 0 0 0 0 0 0 0 0 0 0 0 0 0 0 0 0 0 0 0 0 0 0 0 0 0 0 0 0 0 24 0 0 0 0 0 0 8 0 42 0 0 0 0 0
61 30 144 18 85 18 131 88 164 22 15 137 5 4 97 1 14 0 0 0 0 0 0 3 272 75 62 6 14 0 0 9 0 1 2 16 113 59 44 5 181 1 25 59 0 41 2 0 4 83 37 29 40 55 32 44 86 75 13 61 44 80 83 82 79 164 57 35 0 0 3 12 36 117 159 3 0 0 34 34 24 12 37 28 44 0 0 29 1 57 0 0 57 0 0 0 7 0 23 79 26 0 0 0 0 86 0 0 0 0 0 0 0 0 139 221 179 264 149 210 237 151 234 216 175 103 195 184 194 198 198 173 203 199 0 0 49 0
13 5 25 3 13 3 19 12 19 11 0 15 3 0 7 3 11 0 0 0 0 0 0 0 48 0 3 0 0 0 0 32 0 1 0 0 24 0 30 0 5 61 15 44 0 0 3 0 10 0 16 12 0 0 22 62 49 45 9 45 27 369 86 70 54 146 51 0 0 0 2 15 8 45 0 4 0 0 53 37 28 14 45 32 49 0 0 41 2 21 0 0 62 0 0 0 0 0 10 0 119 0 0 0 0 0 26 0 0 0 0 0 0 0 0 12 0 38 0 34 36 0 42 42 6 0 36 25 37 38 39 11 40 39 106 0 0 0
0 1 8 0 0 23 26 0 14 0 7 9 18 4484 76 9 13 0 0 0 0 0 0 46 26 125 154 0 0 0 8 0 0 0 0 0 6 0 5 0 17 0 821 0 0 0 27 0 34 0 3 5 0 0 0 37 20 0 7 0 0 41 21 26 0 101 43 0 0 0 50 20 0 0 0 84 0 0 31 32 15 10 61 19 51 0 0 35 2 0 0 0 82 0 0 63 0 0 1 0 21 544 0 0 0 0 0 0 35 0 0 0 0 0 17 2 0 29 0 26 27 0 34 34 5 0 28 16 30 31 32 4 33 32 0 1 0 0
0 0 0 0 0 0 0 0 0 0 0 0 0 0 0 2 0 0 0 0 0 0 0 0 0 0 0 0 0 0 0 0 0 0 0 0 0 0 0 0 0 0 0 0 0 0 0 0 0 0 0 0 0 0 0 0 0 0 0 0 0 0 0 0 0 0 0 0 0 0 0 0 0 0 0 0 0 0 0 0 0 0 0 0 0 0 0 0 0 0 0 0 0 0 0 0 0 0 0 0 0 0 0 0 0 0 0 0 0 0 0 0 0 0 0 0 0 0 0 0 0 0 0 0 0 0 0 0 0 0 0 0 0 0 0 0 0 0
