144
0 0 0 0 0 0 0 0 1641 358 179 29 616 42 42 9 5 0 0 0 0 0 0 0 0 0 0 0 0 0 0 0 0 0 0 0 0 0 83721 0 0 0 0 1263 24 0 113 0 1958 85 0 0 0 0 0 262 2135 0 0 0 0 0 0 16 0 0 0 0 0 0 0 0 0 0 0 0 0 0 0 0 0 0 0 0 0 0 0 0 166 0 0 0 0 0 0 0 0 0 0 0 0 0 0 0 0 0 0 0 0 0 0 0 0 0 0 0 1 0 0 0 6 0 0 1342 1320 1211 33 1446 1391 1188 523 49 727 697 178 300 342 338 541 486 0 8 4 0
0 0 1359 0 0 0 0 0 2100 24 10 66 213 74 66 0 0 0 0 0 75 0 0 0 0 0 0 0 0 0 0 0 0 0 0 0 0 0 0 0 939 0 0 2 103 0 0 0 0 0 0 0 0 0 28 0 0 0 0 0 0 0 0 0 0 0 0 0 0 0 0 0 0 0 0 0 0 0 0 0 0 0 0 0 0 0 0 0 60 0 0 0 0 0 0 0 0 0 0 0 0 0 805 0 0 0 0 0 0 0 0 0 0 0 0 0 0 0 0 0 122 0 0 0 0 0 3 0 0 0 0 0 0 0 0 0 0 0 0 0 0 0 0 0
0 0 0 0 0 0 0 0 5867 8 2459 174 173 56 155 0 173 0 0 0 82 0 0 0 0 0 0 0 0 0 0 0 0 0 0 0 0 0 0 0 4329 0 0 573 0 0 0 0 0 0 0 0 0 0 0 0 0 0 0 0 0 0 0 0 0 0 0 0 0 0 0 0 0 0 0 0 0 0 0 0 0 0 0 0 0 0 0 0 54 0 0 0 0 0 0 0 0 0 0 0 0 0 0 0 0 0 0 0 0 0 0 0 0 0 0 0 0 0 0 0 153 0 0 0 0 0 4 0 0 0 0 0 0 0 0 0 0 0 0 0 0 13 0 0
0 0 0 0 0 0 0 0 34 31 29 79 112 11 37 183 0 605 0 0 2821 0 0 0 0 0 0 0 0 0 0 0 0 0 0 0 0 2169 0 0 10976 5947 0 102 574 217 1085 21 13 0 0 0 0 0 1166 0 0 0 343 0 0 0 0 0 0 0 0 0 0 0 0 0 0 0 0 0 0 0 0 0 0 11 0 0 0 0 0 0 707 0 0 0 0 0 0 0 0 0 0 0 0 0 0 2391 12 0 0 0 0 0 0 0 0 0 0 0 24 0 23 53 225 174 348 0 0 0 3 0 0 0 0 0 2 16 0 0 0 0 0 0 0 289 322 16
0 0 0 0 0 0 0 0 34 11 4 42 64 185 12 0 3 64 0 0 445 0 0 0 0 0 0 0 0 0 0 0 0 0 0 0 84428 0 0 0 0 0 0 20 98 47 216 0 3 1 0 0 0 0 9803 0 0 0 90 0 0 0 0 0 0 0 0 0 0 0 0 0 0 0 0 0 0 0 0 0 0 0 0 0 0 0 0 0 1057 0 0 0 0 0 0 0 0 0 0 0 0 0 0 356 0 0 0 1 0 8 32 0 0 0 0 0 4 0 0 0 67 60 18 0 0 0 1 0 0 0 0 0 0 3 0 0 0 0 0 0 0 67 0 0
0 0 0 0 0 0 0 0 36 16 0 64 28 3 0 26 9 0 0 0 293 0 0 0 0 0 0 0 0 0 0 0 0 0 0 0 0 0 0 82603 0 43 0 27 157 77 314 0 6 0 0 0 0 0 0 0 0 0 198 0 0 0 0 0 0 0 0 0 0 0 0 0 0 0 0 0 0 0 0 0 0 0 0 0 0 0 0 0 1180 0 0 0 0 0 0 0 0 0 1 0 0 29 0 31 0 0 0 0 0 0 20 0 0 0 0 0 2 0 290 0 8 104 34 0 0 0 1 0 0 0 0 0 0 2 0 0 0 0 0 0 0 129 0 0
0 0 0 0 0 0 0 0 0 0 0 0 0 0 0 0 0 0 0 0 0 0 0 0 0 0 0 0 0 0 0 0 0 0 0 0 0 0 0 0 0 0 0 0 0 0 0 10230 0 290 2 0 0 0 45 0 0 0 0 0 0 0 0 1 0 0 0 0 0 0 0 0 0 0 0 0 0 0 0 0 0 78 0 0 0 0 0 0 2888 0 0 0 0 0 0 0 0 0 3 0 0 0 0 0 0 0 0 2 2 0 0 0 0 0 0 0 0 0 0 0 6 0 0 0 0 0 0 0 0 0 0 0 0 3 0 0 0 0 0 0 0 0 0 0
0 0 0 0 0 0 0 0 0 139 232 287 510 191 376 2629 0 0 0 0 1268 0 0 0 0 0 0 0 0 0 0 0 0 0 0 0 0 0 0 0 0 0 0 57835 29 0 0 0 10589 0 0 0 0 0 176 54 0 0 0 0 15 549 0 0 0 0 7 0 8 4 5 5 0 0 0 0 0 0 0 0 0 7 0 0 0 0 0 0 627 0 0 0 0 0 0 0 0 0 0 0 0 0 0 0 0 0 0 0 0 0 42 0 0 0 0 0 9 0 0 0 0 9 7 0 0 0 4 0 0 0 0 14 0 7 0 0 0 0 0 0 0 229 0 5
0 0 0 0 0 0 0 0 0 0 0 1 54 0 319 36 0 0 0 0 49 0 0 0 0 0 0 0 0 0 0 0 84723 0 0 0 0 0 0 0 0 0 0 0 0 0 0 0 0 0 0 0 0 0 0 0 0 0 0 0 0 0 0 0 0 0 0 0 0 0 0 0 0 0 0 0 0 0 0 0 0 0 0 0 0 0 0 0 262 0 0 0 0 0 0 0 0 0 0 0 0 0 0 0 0 0 0 0 1 0 0 0 0 0 0 0 0 0 0 0 0 0 0 0 0 0 1 0 0 0 0 0 0 0 0 0 0 0 0 0 0 0 0 0
0 0 0 0 0 0 0 0 347 0 63 12 326 3 0 141 560 0 0 0 18 0 0 0 0 0 0 0 0 0 0 0 0 93959 0 0 0 0 0 0 0 0 0 75 0 0 177 532 316 0 8 0 0 0 0 0 0 0 0 137 0 0 0 0 0 0 6 0 1 1 2 2 0 23 0 0 0 0 0 1 0 23 0 0 0 0 0 0 2659 0 0 0 0 0 0 0 0 0 0 0 791 0 0 0 5 0 18 148 0 0 0 0 0 0 14 0 66 0 0 0 0 0 0 0 0 0 1 0 0 0 0 0 0 0 0 0 0 0 0 0 0 3 8 0
0 0 0 0 0 0 0 0 65 0 0 0 212 0 0 65 17 0 0 0 7 0 0 0 0 0 0 0 0 0 0 0 0 0 84624 0 0 0 0 0 0 0 0 0 0 0 0 0 0 0 0 0 0 0 11 0 0 0 0 0 0 0 0 0 0 0 0 0 0 0 0 0 0 0 0 0 0 0 0 0 0 5 0 0 0 0 0 0 1683 0 0 0 0 0 0 0 0 0 0 0 0 0 0 1685 0 0 0 22 0 0 0 0 0 0 0 0 0 0 0 0 101 0 0 0 0 0 4 0 0 0 0 0 0 0 0 0 0 0 0 0 0 0 0 0
0 0 0 0 0 0 0 0 0 0 0 0 0 6 0 0 0 0 0 0 57 0 0 0 0 0 0 0 0 0 0 0 0 0 0 16081 0 0 0 0 0 0 0 0 0 0 0 0 0 0 0 0 0 0 0 0 0 0 0 0 0 0 0 0 0 0 0 0 0 0 0 0 0 0 0 0 0 0 0 0 0 0 0 0 0 0 0 0 11137 0 0 0 0 0 0 0 0 0 0 0 0 0 0 0 0 60 13 108 73 0 0 0 0 0 0 0 0 0 0 0 9 0 0 0 0 0 0 0 0 0 0 0 0 0 0 0 0 0 0 0 0 0 0 2808
0 0 0 0 0 0 0 0 0 0 0 1 0 0 2 0 0 0 0 0 2 0 0 0 0 0 0 0 0 0 0 0 0 0 0 5850 0 0 0 0 0 0 0 0 3 0 0 0 0 0 0 0 0 0 0 77 207 0 29 0 0 0 0 0 0 0 0 0 0 0 0 0 0 0 0 0 0 0 0 0 0 0 0 0 0 0 0 0 15 0 0 0 0 0 0 0 0 0 0 0 0 0 0 3 0 0 0 0 0 0 0 0 0 0 0 0 0 0 0 0 18 1 0 0 0 0 0 0 0 0 0 0 0 0 0 0 0 0 0 0 0 0 0 1
0 0 0 0 0 0 0 0 359 0 6 0 35 0 0 111 69 0 0 0 1928 0 0 0 0 0 0 0 0 0 0 0 0 0 0 0 0 85369 0 0 0 0 0 61 0 66 205 26 17 7 0 0 0 0 0 0 0 0 0 5 0 0 0 0 0 0 0 0 0 0 0 0 0 0 0 0 0 0 0 0 26 2 0 0 0 0 0 0 100 0 0 0 0 0 0 0 0 0 11 0 0 0 0 141 4 4 1 9 6 43 5 0 0 0 3 21 23 0 0 0 136 230 0 0 0 0 2 0 0 0 0 0 0 0 0 0 0 0 0 0 124 4 9 0
0 0 0 0 0 0 0 0 0 0 0 0 0 1 0 0 0 0 0 0 37 0 0 0 0 0 0 0 0 0 0 0 0 0 0 0 0 0 0 0 0 0 0 0 71 384 0 0 0 0 0 0 0 0 0 0 0 0 0 0 0 0 0 0 0 0 0 0 0 0 0 0 0 0 0 0 0 0 0 0 0 0 0 0 0 0 0 0 5841 0 0 0 0 0 0 0 0 0 0 0 1064 0 0 0 0 0 0 0 0 0 0 0 0 0 0 0 0 0 0 0 2 0 0 0 0 0 0 0 0 0 0 0 0 0 0 0 0 0 0 0 23 0 0 0
0 0 0 0 14 0 7 0 0 0 0 0 0 0 0 0 30 0 0 0 0 0 0 0 0 0 0 0 0 0 0 0 0 0 0 0 0 3 1 0 0 14 9 1 14 0 0 0 9644 0 0 4 0 0 106 0 0 0 0 0 0 0 0 0 0 36 1099 114 133 133 216 182 0 0 0 0 0 0 0 35 0 12 0 0 0 0 0 0 19380 0 0 0 0 0 0 0 0 0 0 0 0 0 0 0 0 0 0 0 0 0 0 0 0 0 0 0 12 0 0 0 0 0 0 0 0 0 4 0 0 0 0 0 0 0 0 0 0 0 0 0 34 14 0 0
0 0 0 54 0 0 1 49 11 0 0 0 0 0 0 0 0 29 0 0 0 0 0 0 0 0 0 0 0 0 0 0 0 0 0 0 0 0 0 0 0 0 19593 0 0 0 0 0 1 0 0 0 0 0 272 123 281 0 0 0 0 0 0 0 0 0 0 0 0 0 0 0 0 0 0 0 0 0 0 0 0 9 0 0 0 0 0 0 0 0 0 0 0 0 0 0 15 0 0 0 123 0 0 934 0 0 0 360 102 0 0 0 0 0 0 0 4 0 67 0 0 100 0 0 0 0 0 0 0 0 0 0 0 0 0 0 0 0 0 0 149 635 0 0
94 67 60 0 0 113 50 137 264 160 123 150 39 85 90 0 0 0 422 381 79793 4 0 1 0 0 2 0 0 0 0 1 1 1 1 0 0 0 6651 0 0 0 0 1023 3 0 0 0 1070 261 0 74508 0 0 1519 1053 2900 0 0 0 47 4977 24952 10277 0 23168 367 0 12 11072 235 0 0 10 0 0 0 192 0 0 3381 543 82210 0 0 0 0 0 0 0 0 0 0 0 0 31083 798 0 0 0 492 1 1 0 0 1 0 0 0 0 54 0 0 0 0 0 0 0 0 0 0 0 0 2 2 1 2 2 2 1 1 3 1 1 0 0 0 0 1 1 43 33 0 405
0 0 0 0 0 0 0 0 0 0 0 0 0 0 0 0 0 0 0 0 0 0 0 0 0 0 0 0 0 0 0 0 0 0 0 0 0 0 0 0 0 0 0 0 0 0 0 0 0 0 0 0 19618 0 0 0 0 0 0 0 0 0 0 0 0 0 0 0 0 0 0 0 0 0 0 0 0 0 0 0 0 0 0 0 0 0 0 0 0 0 0 0 0 0 0 0 0 0 0 0 0 0 0 0 0 0 0 0 0 0 0 0 0 0 0 0 0 0 0 0 0 0 0 0 0 0 0 0 0 0 0 0 0 0 0 0 0 0 0 0 0 0 0 0
0 0 0 2 1 0 0 2 0 0 0 0 0 0 0 64 46 0 954 0 0 1724 235 49 70 108 144 203 48 2 4 1 0 0 0 0 51 101 241 0 0 289 140 58 0 0 0 0 152 0 0 0 0 0 227 219 255 0 0 498 932 0 0 0 0 0 113 300 238 116 176 0 0 0 0 0 0 113 0 0 0 1 0 51536 0 0 0 0 0 0 0 0 0 0 0 0 524 2 0 0 0 0 0 0 0 0 0 0 0 0 0 0 1 0 1 0 59 0 0 0 0 0 0 20 19 17 4 21 20 17 8 7 11 11 2 4 5 5 7 7 0 99 178 15448
0 0 0 0 0 0 0 0 0 0 0 0 0 0 0 1 0 0 0 0 0 507 103 666 566 288 2872 3514 83 10815 8619 71495 0 0 0 0 0 0 0 1 0 0 0 0 0 0 0 0 0 0 0 0 448 0 1 3 0 0 0 0 0 0 0 0 0 0 0 0 0 0 0 0 0 0 0 0 0 0 0 0 1 0 0 0 0 0 0 74 0 0 0 0 0 0 0 1 1 0 11 0 0 0 0 0 0 0 2 0 0 0 0 0 0 0 0 0 0 0 0 0 0 0 0 0 0 5 272 0 9 12 36 0 20 14 0 2 0 6 2 3 0 0 0 6
0 0 0 0 0 0 0 0 0 0 0 0 0 0 0 0 0 0 0 0 0 0 0 0 0 0 0 0 0 0 0 0 0 0 0 0 0 0 0 0 0 0 0 0 0 0 0 0 0 0 0 0 0 47 0 0 0 0 0 0 0 0 0 0 0 0 0 0 0 0 0 0 0 0 0 0 0 0 0 0 0 0 0 0 0 0 0 0 0 0 0 0 0 0 0 0 0 0 0 0 0 0 0 0 0 0 0 0 0 0 0 0 0 0 0 0 0 0 0 0 0 0 0 0 0 0 1 0 0 0 0 1 0 0 0 0 0 0 0 0 0 0 0 0
0 0 0 0 0 0 0 0 0 0 0 0 0 0 0 0 0 0 0 0 0 0 0 14 2 0 94 11 0 0 0 0 0 0 0 0 0 0 0 0 0 0 0 0 0 0 0 0 0 0 0 0 0 0 0 0 0 0 0 0 0 0 0 3 0 0 0 0 0 0 0 166 0 0 0 0 0 0 1 1 2 2 0 0 0 0 0 0 0 0 0 0 0 0 0 0 0 0 0 0 0 0 0 0 0 0 0 0 0 0 0 0 0 0 0 0 0 0 1 0 0 0 0 0 0 0 0 0 0 0 0 0 0 0 0 0 0 0 0 0 0 0 0 0
0 0 0 0 0 0 0 0 0 0 0 0 0 0 0 0 0 0 0 0 0 0 0 0 3 0 217 20 0 0 0 0 0 0 0 0 0 0 0 0 0 0 0 0 0 0 0 0 0 0 0 0 0 0 0 506 0 0 0 0 40 0 5 0 0 0 0 0 0 0 0 0 0 0 0 0 0 0 2 1 4 6 0 0 0 0 0 0 0 0 0 0 0 0 0 0 0 0 0 0 0 0 0 0 0 0 0 0 0 0 0 0 0 0 0 0 0 1 19 0 0 0 0 0 0 0 3 0 0 0 0 3 0 0 0 0 0 0 0 0 0 0 0 0
0 0 0 0 0 0 0 0 0 0 0 0 0 0 0 0 0 0 0 0 0 0 0 0 0 0 19 1 0 0 0 0 0 0 0 0 0 0 0 0 0 0 0 0 0 0 0 0 0 0 0 0 0 0 0 0 0 0 0 0 9 0 0 0 0 0 0 0 0 0 0 0 0 0 0 0 0 0 0 0 1 1 0 0 0 0 0 0 0 0 0 0 0 0 0 0 0 0 0 0 0 0 0 0 0 0 0 0 0 0 0 0 0 0 0 0 0 0 1 0 0 0 0 0 0 0 0 0 0 0 0 0 0 0 0 0 0 0 0 0 0 0 0 0
0 0 0 0 0 0 0 0 0 0 0 0 0 0 0 0 0 0 0 0 0 0 0 0 0 0 2 0 0 0 0 0 0 0 0 0 0 0 0 0 0 0 0 0 0 0 0 0 0 0 0 0 0 0 0 3 1 0 0 0 1 0 0 2 0 0 0 0 0 0 0 0 0 0 0 1 0 0 0 0 0 0 0 0 0 0 0 0 0 0 0 0 0 0 0 0 0 0 0 0 0 0 0 0 0 0 0 0 0 0 0 0 0 0 0 0 0 0 0 0 0 0 0 0 0 0 0 0 0 0 0 0 0 0 0 0 0 0 0 0 0 0 0 0
0 0 0 0 0 0 0 0 0 0 0 0 0 0 0 0 0 0 0 0 0 0 0 0 0 0 0 0 0 0 0 0 0 0 0 0 0 0 0 0 0 0 0 0 0 0 0 0 0 0 0 0 0 0 0 0 0 0 0 0 19 0 0 0 0 0 0 0 0 0 0 0 0 0 0 0 0 0 0 0 0 4 0 0 0 0 0 0 0 0 0 1 0 0 0 0 0 0 0 0 0 0 0 0 0 0 0 0 0 0 0 0 0 0 0 0 0 0 4 0 0 0 0 0 0 0 0 0 0 0 0 0 0 0 0 0 0 0 0 0 0 0 0 0
0 0 0 0 0 0 0 0 0 0 0 0 0 0 0 0 0 0 0 0 0 0 0 0 0 0 37 0 0 0 0 0 0 0 0 0 0 0 0 0 0 0 0 0 0 0 0 0 0 0 0 0 0 0 0 305 0 0 0 0 0 0 0 0 0 0 0 0 0 0 0 0 0 0 0 0 0 0 0 0 0 1 0 0 0 0 0 0 0 0 0 0 0 0 0 0 0 0 0 0 0 0 0 0 0 0 0 0 0 0 0 0 0 0 0 0 0 0 1 0 0 0 0 0 0 0 0 0 0 0 0 0 0 0 0 0 0 0 0 0 0 0 0 0
0 0 0 0 0 0 0 0 0 0 0 0 0 0 0 0 0 0 0 0 0 0 1 31 5 0 197 23 0 0 0 0 0 0 0 0 0 0 0 0 0 0 0 0 0 0 0 0 0 0 0 0 0 0 0 109 0 0 0 0 1 39 0 43 0 0 0 0 0 0 0 0 0 0 0 0 0 0 2 1 4 5 0 0 0 0 0 0 0 0 0 1 0 0 0 0 0 0 0 0 0 0 0 0 0 0 0 0 0 0 0 0 0 0 0 0 0 0 5 1 0 0 0 0 0 0 0 0 0 0 0 0 0 0 0 0 0 0 0 0 0 0 0 0
0 0 0 0 0 0 0 1 0 0 0 0 0 0 0 0 0 0 0 0 0 10 0 0 0 0 2 0 0 0 0 0 0 0 0 0 0 0 0 0 0 0 0 0 0 0 0 0 0 0 0 0 0 0 0 0 0 0 0 0 0 0 0 0 0 0 0 0 0 0 0 0 0 0 0 0 0 0 0 0 0 2 0 0 6 0 4 0 0 0 0 20 0 0 0 0 0 0 0 0 0 0 0 0 0 0 0 0 0 0 0 0 0 0 0 0 0 0 0 0 0 0 0 0 0 0 43 1 1 0 0 1 0 0 0 0 0 0 0 0 0 0 0 0
0 0 0 0 0 0 0 0 0 0 0 0 0 0 0 0 0 0 0 0 0 28 0 1 0 0 6 1 0 849 0 36 0 0 0 0 0 0 0 0 0 4 0 0 0 0 0 0 0 0 0 0 0 0 0 0 0 0 0 0 0 0 0 0 0 0 2 0 2 3 0 0 0 0 0 0 0 5 0 0 0 7 2 5 11 0 10 0 0 0 0 8 0 0 0 0 2 0 0 0 0 0 0 0 0 0 0 0 0 0 0 0 0 0 0 0 0 0 0 0 0 0 0 1 1 1 46 1 1 1 0 1 0 0 0 0 0 0 0 0 0 0 0 0
0 0 0 0 0 1 0 2 0 0 0 0 0 0 0 0 0 0 0 0 0 0 0 0 0 0 0 0 0 1 0 0 0 0 0 0 0 0 0 0 0 0 0 0 0 0 0 0 0 0 0 0 0 0 0 0 0 0 0 0 0 0 0 0 0 0 0 0 0 0 0 0 0 0 0 0 0 0 0 0 0 0 0 0 0 0 0 0 0 0 0 3 0 0 0 0 0 0 0 0 0 0 1 0 0 0 0 0 0 0 0 0 0 0 0 0 0 0 0 0 0 0 0 0 0 0 11 0 0 0 0 0 0 0 0 0 0 0 0 0 0 0 0 0
0 0 0 0 0 0 0 0 0 0 0 0 0 0 0 0 0 0 0 0 0 0 0 0 0 0 0 0 0 0 0 0 0 0 0 0 0 0 1 0 0 0 0 0 0 0 0 0 0 0 0 0 0 0 0 0 0 0 0 0 0 0 0 0 0 0 0 0 0 0 0 0 0 0 0 0 0 0 0 0 0 0 0 2 4 3 4 0 0 13 0 0 12 0 0 0 0 0 0 0 2229 0 0 1115 0 0 25 16 6 0 1 0 0 0 0 0 0 0 0 0 1 0 14 1 1 1 2 1 1 1 0 0 1 1 0 0 0 0 0 0 75 0 33 0
0 0 0 0 0 0 0 0 0 0 0 0 0 0 0 0 0 0 0 0 0 0 0 0 0 0 0 0 0 0 0 0 0 0 0 0 0 0 1 0 1449 0 1 0 0 0 0 0 0 0 0 0 0 0 0 0 0 0 15 0 0 0 0 0 0 0 0 0 0 0 0 0 0 0 0 0 0 0 0 0 0 0 3 9 18 15 18 0 0 16 0 0 16 0 0 0 0 0 0 0 1802 0 0 4512 0 0 19 0 6 0 8 0 0 0 0 0 0 0 0 0 49 0 48 5 5 5 2 6 5 5 2 0 3 3 1 1 1 1 2 2 46 0 73 0
0 0 0 0 0 0 0 0 0 0 0 0 0 0 0 0 0 0 0 0 0 0 0 0 0 0 0 0 0 0 0 0 0 0 0 0 0 0 0 0 0 0 0 0 0 0 0 0 0 0 0 0 0 0 0 0 0 0 0 0 0 0 0 0 0 0 0 0 0 0 0 0 0 0 0 0 0 0 0 0 0 0 0 13 29 19 28 0 0 26 0 0 28 0 0 0 0 0 0 0 5 0 0 3291 0 0 0 4 3 0 0 0 0 0 0 0 0 0 0 0 28 0 59 10 10 9 4 11 10 9 4 1 6 6 1 2 2 2 4 3 47 0 85 0
0 0 0 0 0 0 0 0 0 0 0 0 0 0 0 0 0 0 0 0 0 0 0 0 0 0 0 0 0 0 0 0 0 0 0 0 0 0 4 0 0 0 0 0 0 3197 0 0 0 0 0 0 0 0 0 8 30 0 0 0 0 0 0 0 0 0 0 0 0 0 0 0 0 0 0 0 0 0 0 0 0 0 0 0 320 0 418 0 0 405 0 0 29 0 0 0 0 0 0 0 11630 0 0 696 0 0 122 2 104 0 0 0 0 0 0 0 0 0 0 0 7 3 37 11 11 10 3 12 11 10 5 1 6 6 1 2 3 2 4 4 191 0 43 0
0 0 0 0 0 0 0 0 0 0 0 0 0 580 0 0 238 5 1 0 0 0 0 0 0 0 0 0 0 0 0 0 0 0 1 223 0 273 168 0 0 0 0 0 0 25 0 4 0 0 9 0 0 0 0 0 0 0 0 0 105 0 0 64 0 0 0 0 0 0 0 0 0 0 3 3 3 5 2 5 10 30 0 3 8 5 7 0 0 7 0 25 7 0 0 0 1 0 0 0 109 0 0 0 42 0 0 17 9 0 7 0 0 23 3 0 8 12 0 0 0 0 0 4 4 4 3 5 5 4 2 0 2 1 0 1 1 1 2 1 0 0 0 0
150 91 386 0 0 0 0 0 83 68 0 25 0 0 17 0 213 4 1 0 0 0 0 0 0 0 0 0 0 0 0 0 11 3 110 658 0 0 0 0 0 0 371 0 0 28 0 0 0 0 4 0 0 0 45 0 0 0 0 0 0 0 0 0 0 0 0 0 0 0 0 0 0 0 0 0 0 3 0 0 0 23 0 0 0 0 0 0 0 0 0 0 0 0 0 0 0 0 0 0 0 0 0 173 33 0 0 0 26 0 0 0 0 16 0 0 0 0 45 0 0 116 0 1 1 1 16 1 1 1 0 0 1 1 0 0 0 0 0 0 19 338 522 0
0 0 0 0 0 0 0 0 198 162 0 0 0 36 0 0 125 0 1 0 0 0 0 0 0 0 0 0 0 0 0 0 0 0 0 0 0 98 0 0 341 162 1002 42 0 4 0 0 0 0 2 0 0 0 0 0 0 1355 0 0 0 0 0 0 0 0 0 0 0 0 0 0 0 0 2 3 3 3 3 6 6 17 0 0 0 0 2 0 0 0 0 0 8 0 0 0 0 0 0 0 5 0 0 75 0 0 0 7 0 0 10 0 0 13 0 0 13 16 23 0 6 12 4 3 3 3 0 3 3 3 1 0 2 2 0 0 1 1 1 1 0 0 0 0
0 0 0 0 0 0 0 0 41 5 0 5 0 511 4 0 0 0 0 0 0 0 0 0 0 0 0 0 0 0 0 0 0 0 2 11 0 88 6 0 0 385 77 3 0 0 0 0 0 0 0 0 0 0 0 0 0 0 3 0 0 0 0 0 1 0 0 0 0 0 0 0 0 0 0 0 0 0 0 0 0 0 0 4 8 6 7 0 0 7 0 0 7 0 0 0 0 0 0 0 2 0 0 67 0 0 0 9 5 0 1 0 0 0 0 0 0 0 0 0 0 0 6 2 2 3 3 3 3 3 1 7 0 0 0 0 0 0 1 1 0 0 0 10
85 0 0 0 8 44 0 3 38186 50266 53048 19156 15109 11999 19175 5 2816 36 39 35 0 1 0 0 0 0 0 0 0 0 0 0 24 0 78 7426 359 195 0 595 0 6559 0 0 334 0 0 30 0 0 0 0 0 2 10 256 403 262 0 0 43 1010 0 478 13 3 0 0 0 0 0 0 0 0 0 0 0 0 0 0 0 0 0 10 41 0 35 0 0 39 0 214 49 0 0 0 0 0 0 0 374 0 0 9257 0 0 0 132 34 0 124 0 0 0 0 0 0 0 0 0 272 164 1024 19 18 16 35 20 19 16 8 2 11 10 2 4 4 4 7 6 1452 2166 0 0
0 0 0 0 0 0 1 2 0 0 0 0 0 0 0 0 282 5 1 0 0 0 0 0 0 0 0 0 0 0 0 0 0 0 0 0 2 0 0 0 0 0 0 0 0 0 0 0 0 0 0 0 0 1 127 0 0 0 0 0 0 0 0 0 0 0 0 0 0 0 0 0 0 0 0 0 2 0 0 6 0 34 0 0 0 0 0 0 0 0 0 305 9 0 0 0 0 0 93 0 9 0 0 1290 52 0 0 87 25 0 0 0 0 0 0 0 20 0 46 0 0 134 0 2 2 2 153 2 2 2 1 0 1 1 0 0 0 0 1 1 0 287 0 0
0 0 0 0 0 0 0 0 1960 1606 0 0 0 354 0 0 0 31 7 0 0 2 0 0 0 0 0 0 0 1 0 0 10 0 97 599 21 0 0 0 1148 0 0 0 0 117 0 0 0 0 33 0 0 0 0 0 0 0 0 0 0 0 0 0 0 0 0 0 0 0 0 0 0 0 36 53 54 41 46 102 72 243 0 37 103 34 94 0 0 94 0 331 108 0 1 0 14 0 0 0 4 0 0 5116 346 0 0 88 34 0 170 0 0 166 6 0 227 273 310 0 818 0 670 41 40 35 3 43 42 36 17 3 23 22 5 8 9 9 15 13 0 0 0 0
0 0 0 0 0 0 0 0 1 0 0 0 0 0 0 0 0 0 0 0 0 0 0 0 0 0 0 0 0 0 0 0 0 0 0 0 0 0 0 0 0 0 0 0 0 0 0 0 0 0 0 0 0 0 0 0 0 0 0 0 0 0 0 0 10 3 100 0 12 11 19 14 0 0 0 0 0 0 0 0 0 0 0 0 0 0 0 0 0 0 0 0 3 0 0 0 0 0 0 0 0 0 0 0 0 0 0 3 3 982 1 0 0 0 0 0 3 0 0 0 0 0 0 2 2 2 2 2 2 2 1 0 1 1 0 0 0 0 1 1 0 1 41 0
0 0 11 0 0 0 14 0 16 24 8 15 0 7 0 0 178 0 86 18 0 5 0 0 0 0 2 0 0 3 0 0 0 0 1 9 1 5 0 0 0 88 8 226 0 46805 9049 0 73 1151 189 27 0 2 0 597 1126 267 1834 93 0 55 22 82 49 180 772 296 451 309 164 175 62 147 29 438 74 96 373 145 5210 182 0 0 0 0 0 0 0 0 0 2 34 6 7 0 0 0 49 0 34 0 0 470 0 11 126 122 163 104 0 0 0 0 0 0 1146 0 0 627 211 101 624 184 181 163 76 197 189 162 73 159 101 98 24 40 45 45 71 64 160 16 226 4
125 155 104 0 0 0 3 53 1 2 138 234 12 0 0 378 633 940 4 594 0 19 0 1 0 0 8 1 0 4 0 1 3 1 28 0 0 0 0 2 176 10 0 14 0 0 0 0 53 0 10 38 0 0 0 1162 2578 0 0 0 1192 321 299 0 129 76 580 0 162 169 51 144 0 165 443 81 194 125 477 1013 0 497 0 67 279 496 596 1 0 544 0 5 537 0 6 14 0 3 632 938 100 0 0 0 223 670 0 0 1057 297 0 0 0 0 0 0 236 112 21 0 932 445 2255 905 887 801 80 966 929 795 362 14 497 477 117 195 222 219 350 314 509 1322 0 0
0 3 3 0 0 0 5 66 1 0 0 0 0 0 0 85 32 533 141 83 0 0 0 0 0 0 1 0 0 3 0 0 0 0 1 6 1 5 2 0 10 23 19 0 0 196 0 0 19 0 26 13 0 0 0 34 58 0 0 1 183 47 20 0 0 15 52 0 77 28 32 253 0 0 26 0 1 333 1313 678 1433 60 0 29 2 0 42 0 0 50 0 24 67 0 2 0 0 0 406 0 0 0 0 0 133 12 14 2 3 133 0 0 0 0 0 0 152 0 0 0 228 150 232 53 52 47 14 56 54 46 21 2 29 28 7 11 13 13 20 18 0 294 942 0
0 0 0 0 8 1 0 47 1 0 0 11 0 0 8 210 98 908 123 113 0 11 0 0 0 0 1 0 0 1 0 0 0 0 4 21 0 2 2 0 0 276 34 66 33 20 174 0 4847 11061 51 12 0 0 567 21 20 0 50 0 903 180 6 91 10 5 10 8 3 6 33 35 77 0 78 0 50 89 280 339 6078 47 0 0 0 0 0 0 46 0 0 0 0 0 0 0 1962 0 3485 66 50 91 98 34 138 0 59 14 0 8 68 12 0 0 0 118 69 55 283 65 52 116 6 0 0 0 115 0 0 0 0 14 0 0 0 0 0 0 0 0 58 113 473 0
0 0 0 0 0 0 0 0 0 0 0 0 0 0 0 0 0 0 22 0 0 0 0 0 0 0 0 0 0 0 0 0 0 0 0 0 0 0 45 0 0 0 0 4 0 0 0 0 0 1664 0 0 0 1 113 0 0 0 0 0 0 0 0 0 0 0 0 0 0 0 0 0 0 0 0 0 0 0 0 0 0 0 0 0 0 0 0 0 0 0 0 0 0 0 0 0 0 0 0 0 153 0 0 0 0 0 0 0 0 0 0 0 0 0 0 0 0 0 0 0 0 0 0 0 0 0 1 0 0 0 0 0 0 0 0 0 0 0 0 0 0 0 0 0
0 11 3 170 0 133 0 36 2 1 11 18 15 0 13 56 175 0 381 211 0 1 0 0 0 0 1 0 0 0 0 1 4 1 37 311 38 368 87 9 776 1883 1309 372 0 101 1103 0 0 0 17526 0 0 1 0 1131 3163 0 0 534 4365 1356 149 172 0 2 0 0 1 242 40 26 0 323 942 356 2514 1401 378 132 125 813 0 0 0 0 0 0 0 0 55238 13655 30 29 46 0 0 1 293 0 2462 0 0 16 35 178 372 0 194 3 0 0 0 85 175 0 415 1123 800 0 590 857 228 272 266 240 168 290 279 239 109 291 149 143 35 58 67 66 105 94 297 426 438 0
0 1 0 51 5 2 0 17 0 0 1 0 0 0 0 78 37 250 161 59 0 0 0 0 0 0 2 0 0 0 0 0 4 1 36 217 0 0 0 0 170 61 0 56 0 0 0 0 23 0 0 423 0 7 85 403 1126 0 0 59 335 180 104 178 41 11 0 0 0 0 28 46 0 0 245 0 109 159 98 94 0 208 0 135 203 105 203 3 0 197 3 14 212 0 0 50 0 1 135 590 140 0 0 0 0 0 30 0 177 27 441 0 0 780 411 0 592 1786 1319 0 832 1754 0 175 171 155 440 186 179 153 70 141 96 92 23 38 43 42 67 61 1760 1459 558 0
0 1 1 2 2 3 0 3 0 0 0 1 1 1 0 0 0 0 128 91 0 2 0 1 0 0 1 0 0 1 0 0 0 0 0 1 0 0 1 0 2 2 1 1 0 0 0 0 1 1 0 0 0 0 623 174 414 0 0 120 476 114 66 0 7115 0 9 92 2075 40 27 203 0 0 51 0 31 1 0 0 0 9 45 0 0 0 0 0 0 0 0 0 0 0 0 0 0 0 0 0 0 0 0 0 0 0 0 0 0 0 0 0 0 0 0 0 0 0 0 0 0 0 0 0 0 0 0 0 0 0 0 0 0 0 0 0 0 0 0 0 0 0 0 6
1203 3219 2598 1399 4607 5877 110 6182 3019 569 815 1528 3954 1586 376 2573 4078 2701 0 4787 0 33 90707 88358 61418 88636 45366 59734 93842 13840 83267 3871 2 1 11 88 4 35 598 4 244 480 37 167 82 482 800 46 242 1941 203 183 0 9015 10101 7356 11517 3073 1080 968 4100 380 753 1435 15 1876 334 717 325 259 594 2079 259 399 240 0 278 653 511 1100 1710 2251 0 56 484 2875 602 91513 2 140 50 294 147 6 5 5853 1343 99457 2233 1638 190 662 848 272 7067 3325 45 13781 24140 33107 7757 497 0 437 296 272 14328 946 1076 164 2193 1035 343 5211 5658 63 677 137 130 116 223 419 22600 20615 86337 76575 77238 71646 62684 65713 4310 601 1978 320
0 0 0 0 0 0 0 0 0 0 0 0 0 0 0 0 0 0 0 0 0 0 0 0 0 0 0 0 0 0 0 0 0 0 0 0 0 0 0 0 0 0 0 0 0 0 0 0 0 0 0 0 0 0 0 0 0 0 0 0 0 0 0 0 0 0 0 0 0 0 0 0 0 0 0 0 0 0 0 0 0 0 0 0 0 0 0 0 0 0 0 0 0 0 0 0 0 0 0 0 0 0 0 0 0 0 0 0 0 0 0 0 0 0 0 0 0 0 0 0 0 0 0 0 0 0 0 0 0 0 0 0 0 0 0 0 0 0 0 0 0 0 0 0
2 0 3 0 0 1 0 0 1 2 0 3 1 1 2 0 0 0 2171 0 0 14 0 2 0 0 7 1 0 2 0 0 0 0 0 3 0 0 0 0 0 0 6 3 257 82 2358 0 0 1358 0 0 0 8 0 0 0 704 32253 0 4 26 31 0 0 126 0 0 101 0 32 140 0 215 921 1588 1891 635 1352 51 0 8 0 0 0 0 0 0 0 0 3 6 26 0 7 1 0 0 38 0 0 0 0 0 9 2 92 9 11 0 17 0 0 0 0 0 38 0 0 0 0 0 0 13 13 11 23 14 13 11 5 53 7 7 2 3 3 3 5 4 0 0 79 0
0 225 306 32 286 5 333 0 0 0 0 1 0 0 0 43 0 0 61 0 0 3 0 0 0 0 1 0 0 0 0 0 0 0 0 0 0 1 0 0 0 0 3 0 0 0 0 0 0 0 0 0 0 0 91 0 0 0 0 0 0 0 0 0 0 0 0 0 0 0 0 0 0 0 0 0 0 0 0 0 0 0 0 0 0 0 0 0 0 0 0 0 0 0 0 0 0 0 0 0 0 0 0 0 0 0 0 0 0 0 0 0 0 0 0 0 0 0 0 0 0 0 0 0 0 0 0 0 0 0 0 0 0 0 0 0 0 0 0 0 0 0 0 0
0 13370 11505 6871 11024 182 13926 67 12 2 20 57 0 5 62 29 0 0 2181 0 0 13 0 2 0 0 6 0 0 0 0 0 0 0 0 0 0 0 0 0 0 4 4 1 0 0 0 0 2 0 0 0 0 1 1176 2 0 20 0 12 5 9 8 0 1 9 73 9 27 35 45 12 0 14 4 5 6 9 0 7 0 0 0 0 0 0 0 0 0 0 0 7 3 6 7 0 0 0 0 0 0 0 0 0 1 2 21 0 2 2 2 0 0 0 0 0 4 0 0 0 1 0 3 1 1 1 6 1 1 1 0 3 1 1 0 0 0 0 0 0 0 0 0 0
332 116 297 239 556 21 365 13 809 1191 385 754 162 311 452 466 96 100 2805 2967 0 16 0 4 1 0 16 1 0 104 1 4 5 1 44 250 31 21 0 5 0 835 310 1559 0 1519 408 282 4352 1703 1279 581 0 82 0 9780 0 0 0 697 2082 2108 1127 6019 390 1975 513 10738 1161 325 726 663 0 946 0 627 1770 429 644 1252 0 671 0 157 0 0 0 5 0 20 1 37 1573 4 4 2962 0 10 41 516 0 0 0 0 90 442 68 224 198 368 0 0 0 60 0 0 378 0 0 0 83 0 0 63 56 30 300 52 50 45 13 235 40 45 7 10 11 10 16 14 323 523 2539 221
13 17 11 0 0 0 163 235 3 3 25 43 0 4 30 259 426 2465 1217 521 0 12 0 5 1 0 35 4 0 27 0 1 3 0 73 883 23 156 38 0 1049 1810 2471 239 0 892 4774 0 126 1026 1233 1020 0 146 0 1293 2671 6325 0 3502 809 898 661 1775 359 95 229 167 111 284 545 1369 817 3658 2741 3536 5703 4530 6069 2434 5458 596 0 0 0 0 0 0 0 0 37 9785 33 1 1 406 915 4 12 2544 13 0 0 62 0 83 5562 0 363 327 159 69 0 0 16 0 1021 158 0 0 208 172 289 54 53 48 533 58 56 48 22 316 30 29 7 12 13 13 21 19 167 296 871 0
0 0 0 218 18 8 84 100 1 0 0 0 0 0 0 2 42 1208 441 0 0 8 0 1 0 0 7 1 0 32 0 1 1 0 7 40 46 121 0 1 240 4181 4 7 0 2 0 30 338 0 0 0 0 1 620 3 0 0 0 0 2 63 57 0 3 26 53 0 15 22 0 22 267 389 539 969 279 1112 638 548 327 208 0 0 0 0 0 0 0 0 0 9 10 2 2 0 0 0 3614 338 0 0 0 0 3 82 13 0 0 53 3 0 0 0 0 0 175 4 285 0 0 181 0 4 4 3 23 4 4 3 2 6 2 2 0 1 1 1 1 1 0 61 0 1
0 0 0 1 0 0 1 0 0 0 0 0 0 0 0 2 2 0 3 0 0 0 0 0 0 0 0 0 0 0 0 0 0 0 0 1 0 0 0 0 0 8 3 1 62 0 0 0 1 0 0 0 0 1 0 1 0 0 0 0 0 0 71 0 0 31 64 0 0 30 0 0 0 36 11 325 1449 63 49 18 0 6 0 0 0 0 0 0 0 0 0 4 7 2 2 0 0 0 8176 0 0 0 0 0 2 147 0 0 50 2 245 0 0 0 0 0 5 0 0 0 75 0 86 6 6 6 19 7 6 6 3 6 3 3 1 1 2 2 2 2 0 0 90 0
0 0 0 0 0 0 0 0 0 0 0 0 0 0 0 0 0 0 0 0 0 0 0 0 0 0 0 0 0 0 0 0 0 0 0 0 0 0 0 0 0 0 0 0 0 0 0 0 0 0 0 0 0 0 0 0 0 0 0 0 120 0 0 0 0 0 0 0 1 0 0 0 0 0 0 0 0 0 0 1 0 0 0 0 0 0 0 0 0 0 0 0 1 0 0 0 0 0 0 0 0 0 0 0 0 0 1 0 0 0 0 0 0 0 0 0 0 0 0 0 0 0 1 0 0 0 7 0 0 0 0 0 0 0 0 0 0 0 0 0 0 0 0 0
0 0 0 1 0 0 1 1 0 0 0 0 0 0 0 11 1 0 22 20 0 0 0 0 0 0 0 0 0 0 0 0 0 0 0 1 0 0 0 0 1 2 3 1 0 0 0 0 1 0 0 0 0 1 0 1 0 0 0 0 0 7 0 0 0 0 40 20 38 40 14 0 0 0 4 14 8 9 0 13 0 3 0 0 0 0 0 0 0 0 16 4 5 0 0 0 0 0 3951 0 0 0 0 0 1 0 112 0 0 2 0 0 0 0 0 0 4 0 0 0 2 0 3 1 1 1 110 1 1 1 1 130 28 27 6 11 12 12 1 0 0 0 0 0
0 16 37 12 5 5 0 3 17 14 12 43 3 1 30 43 11 0 445 403 0 0 0 0 0 0 0 0 0 0 0 0 0 0 0 33 0 0 0 6 0 1 0 1 0 41 19 0 50 0 0 3 0 0 93 68 179 0 0 1586 6660 23910 3814 0 253 18 0 4619 0 0 0 61 0 0 89 426 88 298 0 37 0 0 0 0 0 0 248 0 0 338 0 4 506 11 12 31 0 3 3638 0 0 0 0 0 0 0 0 0 0 0 7 0 0 0 0 0 1 0 0 0 20 81 2 24 24 22 120 26 25 21 10 38 13 13 3 5 6 6 9 8 0 40 132 1
5 16 15 62 20 3 38 28 3 4 2 2 1 2 2 68 26 1039 1160 270 0 1 0 0 0 0 1 0 0 2 0 0 0 0 0 2 1 0 0 0 0 23 258 0 0 0 1 0 15 78 0 0 0 31 28 28 0 0 0 0 29 159 3209 0 0 39703 26 0 0 0 21 18939 20026 11442 1907 14880 2354 486 7101 7536 0 594 0 0 0 0 0 0 0 0 0 67 5 36 40 1351 0 2 7617 1165 0 0 0 0 0 0 4 0 0 0 0 0 0 0 0 1 4 0 0 0 0 11 0 12 12 10 52 13 12 10 5 28 7 6 2 3 3 3 5 4 0 6 0 2
1 7 6 11 7 0 10 4 1 0 0 0 0 0 0 0 4 0 160 19 0 0 0 0 0 0 0 0 0 0 0 0 0 0 0 0 0 0 0 0 0 3 34 0 0 0 0 0 3 0 0 37 0 4 0 5 0 0 0 0 0 20 397 0 0 0 1 0 1 0 0 2330 2453 1215 255 1979 316 61 943 1004 0 64 0 0 0 0 0 0 0 0 0 9 1 0 0 71 0 0 992 155 0 0 0 0 0 0 1 0 0 0 0 7 0 0 0 0 1 0 0 0 0 0 0 2 2 1 7 2 2 1 1 4 1 1 0 0 0 0 1 1 0 0 0 0
1 11 10 6 10 0 12 0 1 0 1 1 0 0 1 0 1 0 7 0 0 0 0 0 0 0 0 0 0 0 0 0 0 0 0 1 0 0 0 0 1 3 1 0 0 0 0 0 7 7 0 0 0 7 170 12 0 0 0 0 0 258 0 146 0 0 0 16 1 0 0 0 0 0 0 282 77 705 0 2 323 19 0 0 0 0 0 0 0 0 0 2 2 0 0 0 0 0 92 0 0 0 0 0 0 0 1 0 0 0 0 0 0 0 0 0 1 0 0 0 1 0 0 0 0 0 3 0 0 0 0 1 0 0 0 0 0 0 0 0 0 0 3 0
2 9 8 13 9 1 13 2 2 1 1 2 0 1 1 0 7 170 54 0 0 0 0 0 0 0 0 0 0 0 0 0 0 0 2 68 0 0 1 0 47 8 12 356 0 117 11 0 10 228 1163 0 0 1 102 22 0 0 0 694 490 1011 0 0 775 479 0 0 0 0 0 8712 3331 3812 489 3735 542 1514 1075 1137 780 91 0 0 0 0 0 0 0 0 0 3 3 8 0 0 0 0 436 191 0 0 0 0 0 0 2 0 0 0 0 0 0 0 0 0 4 0 3 0 0 0 0 1 1 0 14 1 1 0 0 21 0 0 0 0 0 0 0 0 0 1 16 1
0 4 3 2 3 0 4 0 0 0 0 0 0 0 0 0 0 0 5 0 0 0 0 0 0 0 0 0 0 0 0 0 0 0 0 0 0 0 0 0 0 1 0 0 0 0 0 0 3 0 27 0 0 0 0 4 0 0 0 0 107 0 0 51 209 0 0 4 0 0 0 154 0 0 0 49 18 0 5 1 0 0 0 0 64 0 0 0 0 0 0 2 1 0 0 0 0 0 588 0 0 0 0 0 0 0 0 0 0 0 0 0 0 0 0 0 0 0 0 0 0 1 0 0 0 0 1 0 0 0 0 0 0 0 0 0 0 0 0 0 0 0 1 0
1 10 9 5 9 0 11 0 1 0 1 1 0 0 1 0 4 0 6 0 0 0 0 0 0 0 0 0 0 0 0 0 0 0 0 1 0 0 0 0 1 2 1 0 0 0 0 0 6 0 64 0 0 0 60 7 0 0 0 0 0 2 0 25 380 1 0 12 1 0 0 293 942 0 0 4010 267 651 15 186 0 40 0 0 0 0 0 0 0 0 0 6 2 0 0 0 0 0 0 548 0 0 0 0 0 0 1 0 0 0 0 0 0 0 0 0 1 0 1 0 0 4 0 0 0 0 7 0 0 0 0 1 0 0 0 0 0 0 0 0 0 0 7 1
1 6 6 3 5 0 7 0 1 0 0 0 0 0 0 0 1 0 14 0 0 0 0 0 0 0 0 0 0 0 0 0 0 0 0 0 0 0 0 0 0 1 0 0 0 0 0 0 3 0 0 0 0 12 0 5 0 0 0 36 398 449 0 457 0 1194 50 5 11980 4675 0 2386 0 0 0 0 145 280 46 352 20 0 0 48 2102 68 353 0 0 363 0 5 421 0 0 0 0 0 342 0 0 0 0 0 0 0 0 0 35 0 0 0 0 0 0 4 0 0 0 0 0 0 0 0 0 0 1 0 0 0 0 0 0 0 0 0 0 0 0 0 0 0 0 0
1 2 2 2 2 0 2 0 1 0 0 0 0 1 0 0 3 67 402 133 0 0 0 0 0 0 0 0 0 0 0 0 0 0 0 1 0 0 0 0 1 2 8 0 0 0 0 0 3 0 0 0 0 4 0 6 0 0 0 0 14 9 84 0 0 0 22 0 0 0 0 0 0 0 112 1899 131 231 593 358 0 0 0 3 15 60 11 0 0 114 0 52 1 0 0 326 0 0 801 44 0 0 0 0 267 0 1 0 0 0 0 0 0 0 0 0 0 0 1 0 0 0 0 0 0 0 5 0 0 0 1 6 3 2 0 0 0 0 0 0 0 0 0 1
11 24 14 303 35 13 122 147 3 4 28 34 6 0 24 175 217 2701 632 14 0 92 0 3 1 0 19 2 0 24 0 1 4 1 34 354 1 10 10 2 136 548 1778 67 0 23 541 0 278 746 102 851 0 216 586 22 2 813 0 0 1650 153 671 1022 0 0 321 0 281 0 1401 2661 0 7138 1528 3205 2609 2662 3790 2606 919 451 0 260 666 614 818 5 1 759 33 2101 770 0 8 129 563 3 6974 680 94 0 0 0 20 105 2850 0 580 0 65 0 0 0 0 0 498 151 0 0 261 208 0 61 60 54 1001 66 63 54 25 526 34 33 8 13 15 15 24 21 2 116 445 0
89 100 117 2 69 32 264 355 5 0 25 91 10 6 63 557 321 0 14 763 0 29 0 8 1 0 49 6 0 68 0 3 1 0 7 50 0 16 8 2 99 112 130 54 0 0 79 86 298 0 299 458 0 92 0 295 0 0 0 0 0 887 914 20 0 0 528 0 434 251 1766 823 0 0 0 0 247 1549 0 0 0 436 0 937 1687 695 853 19 2 781 129 188 778 0 0 0 180 9 0 5 0 0 0 0 205 0 3209 90 211 210 225 0 0 0 0 0 1241 0 0 0 0 0 0 333 326 294 589 355 342 292 133 1201 183 176 43 72 81 81 129 116 6 143 0 1
1 1 1 15 3 2 1 7 0 0 0 0 0 0 162 81 26 72 124 147 0 1 0 0 0 0 0 0 0 0 0 0 0 0 4 49 0 2 0 0 6 21 0 8 0 0 0 0 12 0 0 0 0 0 0 1 0 47 0 0 0 1 0 0 0 0 10 0 2 6 30 0 0 113 0 1256 0 826 38 252 0 123 0 166 282 96 127 14 2 1294 0 8 1286 10 9 0 0 2 14 17 0 0 0 0 0 590 156 0 0 85 0 287 68 0 0 0 58 1213 0 0 564 772 0 844 828 748 53 902 867 742 338 34 464 446 109 182 207 205 326 293 25 110 216 0
1 3 3 29 7 3 5 13 2 2 5 4 1 1 3 13 18 875 218 160 0 66 0 2 0 0 10 1 0 6 0 1 0 0 0 4 0 137 0 0 6 834 0 441 0 0 151 14 34 0 49 68 37 21 0 13 0 0 0 0 0 43 0 0 0 0 0 0 0 0 67 0 0 3678 0 0 0 203 3214 2441 0 277 567 2906 3240 4685 5352 60 7 4841 18 950 4720 0 73 0 48 1 5402 1386 2 210 357 259 805 0 275 0 113 287 304 0 0 368 188 0 1775 0 0 0 107 59 469 124 121 110 308 132 127 109 50 291 68 65 16 27 30 30 48 43 0 486 5 7
0 0 0 2 1 0 1 2 1 1 0 0 0 0 0 3 6 16 8 6 0 3 0 0 0 0 0 0 0 0 0 0 0 0 0 1 0 0 0 0 1 0 0 1 0 0 0 0 3 0 0 0 0 1 0 4 0 0 0 0 0 1 0 0 0 0 0 0 0 0 0 0 0 0 547 889 0 1412 0 155 0 23 0 0 0 0 0 0 0 0 2 676 1 0 0 0 0 0 0 17 0 0 38 0 0 0 47 0 0 0 0 0 0 0 0 0 71 0 0 0 0 13 0 27 26 24 25 28 27 23 11 103 15 14 3 6 7 6 10 9 0 102 214 0
1 2 2 4 2 0 2 1 2 2 1 1 0 1 1 4 18 0 34 0 0 2 0 0 0 0 0 0 0 0 0 0 0 0 0 1 0 0 0 0 2 2 0 4 0 0 0 0 10 0 0 0 0 5 0 19 0 0 0 0 0 3 0 0 0 0 0 0 3 0 0 0 0 0 0 0 0 0 0 299 0 23 0 0 0 0 0 0 0 0 2 7 3 0 0 0 0 1 0 7 0 0 0 0 0 0 77 0 0 0 0 0 0 0 0 0 33 51 0 0 0 67 0 61 60 54 59 65 62 53 24 460 33 32 8 13 15 15 23 21 0 15 0 0
12 12 11 102 15 10 3 44 1 1 6 115 26 1 24 154 41 472 115 58 0 0 0 0 0 0 0 0 0 11 0 1 0 0 14 12 0 1 0 0 21 16 0 2 0 0 0 0 80 0 0 20 0 7 0 44 113 0 0 0 0 112 538 45 0 0 20 0 0 0 0 0 0 790 0 0 114 484 0 765 32 338 0 26 61 0 13 3 0 346 1 2 356 1 1 43 0 1 324 9908 113 0 0 0 0 1845 3 0 63 107 0 0 0 0 0 0 1059 0 0 0 266 27 0 1380 1353 1222 375 1474 1418 1213 552 1167 758 728 178 297 338 335 534 480 22 58 51 1523
0 0 0 13 2 2 4 10 2 0 0 0 0 0 0 0 236 195 107 8 0 0 0 0 0 0 0 0 0 1 0 0 0 0 0 0 0 1 0 0 0 0 0 32 0 0 0 0 3 0 0 12 0 0 0 0 0 0 0 0 0 0 0 0 0 0 0 0 0 0 0 0 0 251 0 0 0 0 0 0 0 5 0 0 0 0 0 0 0 0 0 44 0 0 0 0 0 0 0 0 6821 0 0 0 568 0 0 1140 3950 0 0 23 0 0 0 0 572 0 50 0 0 0 0 0 0 0 14 0 0 0 0 7 0 0 0 0 0 0 0 0 0 0 0 6253
4 14 8 292 18 5 125 157 5 6 5 3 1 0 2 312 386 0 580 225 0 2 0 0 0 0 3 0 0 21 0 1 3 1 27 159 0 39 0 5 227 582 0 74 0 12 0 0 135 0 548 490 0 4 302 234 555 428 0 0 1535 128 129 822 550 391 0 0 112 211 0 3478 0 1449 666 1257 414 1433 0 319 0 272 0 37 39 25 93 0 0 95 0 49 112 0 10 0 2 0 622 33 3 22 51 0 252 181 481 611 1725 648 730 1537 0 204 203 0 172 236 620 0 641 0 2547 544 533 482 212 581 559 478 218 26 299 287 70 117 133 132 210 189 1082 696 0 7
0 0 0 0 0 0 0 0 0 0 0 1 0 0 0 0 0 0 2 0 0 0 0 0 0 0 0 0 0 0 0 0 0 0 0 1 0 0 0 0 1 0 0 0 0 0 0 0 43 0 0 0 0 13 0 2 3 0 0 0 0 0 0 0 0 0 0 0 7 0 38 9 0 0 0 0 0 0 0 0 0 0 0 0 0 0 0 0 0 0 0 0 0 0 0 0 0 0 0 0 0 0 0 0 0 0 0 0 0 0 0 0 0 0 0 0 0 0 0 0 0 0 0 0 0 0 1157 0 0 0 0 54 0 0 0 0 0 0 0 0 0 0 0 0
331 146 84 7 108 143 198 202 431 225 286 87 85 322 279 234 0 0 3919 4793 0 175 0 28 5 0 89 18 0 61 0 3 1 0 21 249 6 44 119 1 188 530 233 242 534 123 325 220 1449 1283 315 0 364 1 647 549 1537 2380 616 898 1100 1035 2422 3866 1298 1206 177 6481 237 369 3483 114 456 221 376 0 150 243 338 251 276 300 0 0 0 0 0 0 0 0 0 0 0 17793 18505 0 0 6 277 277 69 105 325 0 171 284 178 86 60 74 319 0 0 83 0 102 140 115 272 0 425 495 112 37 36 33 229 39 38 32 31 129 20 19 1 1 1 1 2 2 167 312 390 800
27 22 16 19 18 12 27 10 35 18 23 7 7 46 23 8 0 70 319 0 0 14 0 2 0 0 7 1 0 0 0 0 0 0 0 5 0 4 5 0 0 40 0 18 36 0 0 18 118 97 0 0 0 1 28 47 120 0 38 67 85 85 192 102 71 95 13 384 19 28 0 0 0 0 0 0 12 21 0 21 0 22 0 0 0 0 0 0 0 0 0 0 0 1446 1769 0 0 0 0 23 6 9 26 0 14 23 14 7 5 6 25 0 0 0 0 0 11 0 0 0 34 18 0 3 3 3 171 3 3 3 2 73 2 2 0 0 0 0 0 0 0 0 0 13
25 11 6 13 8 11 15 9 33 17 22 7 7 44 21 8 0 66 301 368 0 12 0 2 0 0 7 1 0 0 0 0 0 0 0 0 0 3 0 0 0 35 0 13 29 0 0 17 111 86 0 0 0 1 6 42 112 55 5 59 77 79 179 249 67 89 14 360 0 28 0 0 0 0 0 0 9 19 0 19 0 19 0 0 0 0 0 0 0 0 0 0 0 1368 1271 0 0 0 0 21 5 8 25 0 13 22 14 7 5 6 24 0 0 0 0 0 11 0 0 0 33 0 0 3 3 3 143 3 3 2 2 47 2 1 0 0 0 0 0 0 0 0 0 19
92 40 23 0 30 40 55 34 119 62 79 24 23 158 77 28 0 238 1086 1328 0 49 0 8 1 0 25 5 0 17 0 1 0 0 0 42 0 12 26 0 7 142 0 63 141 0 29 61 402 342 0 0 0 0 155 152 422 184 139 239 298 286 665 420 243 321 49 1297 66 102 0 0 0 0 0 0 38 67 36 67 0 79 0 0 0 0 0 0 0 0 0 0 0 4941 4824 0 0 2 0 76 19 29 90 0 47 79 49 24 17 21 88 0 0 0 0 0 39 0 0 0 118 104 0 10 10 9 34 11 10 9 9 86 6 5 0 0 0 0 1 1 0 51 0 143
32 14 8 16 11 14 19 12 42 22 28 9 8 56 27 10 0 84 384 469 0 17 0 3 0 0 8 2 0 0 0 0 0 0 0 0 0 4 0 0 0 47 0 19 47 0 0 22 142 103 0 0 0 0 35 53 145 60 24 77 100 101 231 0 85 114 17 459 23 36 0 0 0 0 0 0 11 24 0 24 0 25 0 0 0 0 0 0 0 0 0 0 0 1742 1618 0 0 1 0 27 7 10 32 0 17 28 17 8 6 7 31 0 0 0 0 0 14 0 0 0 42 0 0 4 4 3 4 4 4 3 3 2 2 2 0 0 0 0 0 0 0 0 0 2
1 0 0 0 0 0 0 0 1 1 1 0 0 1 1 0 0 2 9 11 0 0 0 0 0 0 0 0 0 0 0 0 0 0 0 0 0 0 0 0 0 1 0 1 1 0 1 1 3 3 0 0 0 1 1 1 4 0 1 2 3 2 6 4 2 3 0 11 1 1 0 0 0 0 0 0 0 1 0 1 0 1 0 0 0 0 0 0 0 0 0 0 0 42 41 0 0 0 0 1 0 0 1 0 0 1 0 0 0 0 1 0 0 0 0 0 0 0 0 0 1 0 0 0 0 0 50 0 0 0 0 20 0 0 0 0 0 0 0 0 0 0 0 13
0 0 0 0 0 0 0 0 0 0 0 0 0 0 0 0 0 0 0 0 0 0 0 0 0 0 0 0 0 0 0 0 0 0 0 0 0 0 0 0 0 0 0 0 0 0 0 0 1 0 0 0 0 0 0 0 0 0 0 0 0 0 0 0 0 0 0 0 0 0 0 0 0 0 0 0 0 0 0 0 0 0 0 0 0 0 0 0 0 0 0 0 0 0 0 0 0 0 0 0 0 0 0 0 0 0 0 0 0 0 0 0 0 0 0 0 0 0 0 0 0 0 0 0 0 0 10 0 0 0 0 4 0 0 0 0 0 0 0 0 0 0 0 0
18 8 5 9 6 8 11 7 23 12 16 5 5 31 15 6 0 47 213 261 0 10 0 2 0 0 5 1 0 3 0 0 0 0 0 0 0 2 1 0 0 19 0 9 24 0 0 12 79 50 0 0 0 0 9 30 81 0 0 39 53 56 126 0 47 63 9 254 13 20 0 0 0 0 0 0 8 13 0 13 0 16 0 0 0 0 0 0 0 0 0 0 0 967 944 0 0 0 0 15 4 6 18 0 9 15 10 5 3 4 17 8 0 0 0 0 8 0 0 0 23 0 0 2 2 2 0 2 2 2 2 0 1 1 0 0 0 0 0 0 14 0 0 0
0 0 0 0 0 0 0 0 0 0 0 0 0 0 0 0 0 0 0 0 0 0 0 0 0 0 0 0 0 0 0 0 0 0 0 0 0 0 0 0 0 0 0 0 0 0 0 0 0 0 0 0 0 0 0 0 0 0 0 0 0 0 0 0 0 0 0 0 0 0 0 0 0 0 4 0 0 0 0 0 0 0 0 0 0 0 0 0 0 0 0 0 0 0 0 0 0 0 0 0 0 0 0 0 0 0 0 0 0 0 0 0 0 0 0 0 0 0 0 0 0 0 0 0 0 0 0 0 0 0 0 0 0 0 0 0 0 0 0 0 0 0 0 0
0 0 0 0 0 0 0 0 0 0 0 0 0 0 0 0 0 0 0 0 0 0 0 0 0 0 0 0 0 0 0 0 0 0 0 0 0 0 0 0 0 0 0 0 0 0 0 0 0 0 0 0 0 0 0 0 0 0 0 0 0 0 0 0 0 0 0 0 0 0 0 0 0 0 0 0 0 0 0 0 0 0 0 0 0 0 0 0 0 0 0 0 0 0 0 0 0 0 0 0 0 0 0 0 0 0 0 0 0 0 0 0 0 0 0 0 0 0 0 0 0 0 0 0 0 0 0 0 0 0 0 0 0 0 0 0 0 0 0 0 0 0 0 0
0 0 0 0 0 0 0 0 0 0 0 0 0 0 0 0 0 0 0 0 0 0 0 0 0 0 0 0 0 0 0 0 0 0 0 0 0 0 0 0 0 0 0 0 0 0 0 0 0 0 0 0 0 0 0 0 0 0 0 0 0 0 0 0 0 0 0 0 0 0 0 0 0 0 0 0 0 0 0 0 0 0 0 0 0 0 0 0 0 0 0 0 0 1 1 0 0 0 0 0 0 0 0 0 0 0 0 0 0 0 0 0 0 0 0 0 0 0 0 0 0 0 0 0 0 0 1 0 0 0 0 0 0 0 0 0 0 0 0 0 0 0 0 0
193 85 49 95 63 84 116 71 252 131 167 51 49 333 163 59 0 0 0 2800 0 102 0 16 3 0 52 11 0 36 0 2 1 0 16 149 4 26 71 1 116 310 148 142 0 85 203 128 847 0 224 0 0 0 374 321 0 0 0 0 0 605 1412 0 0 189 101 0 134 207 738 35 321 158 0 27 85 140 0 142 167 176 0 0 0 0 0 0 0 0 0 0 0 0 0 1 0 1 0 170 42 65 201 96 106 176 110 53 37 46 197 85 0 73 7 190 86 144 200 87 0 0 174 23 22 20 123 24 23 20 19 53 13 12 0 1 1 1 1 1 161 200 271 221
286 126 73 0 93 124 171 105 373 194 247 75 73 493 241 88 0 0 0 4141 0 152 0 24 4 0 77 16 0 53 0 3 2 0 23 221 6 38 0 2 0 459 0 210 0 0 0 0 1253 0 332 0 0 0 0 474 0 0 0 0 0 895 2089 0 0 283 150 5201 200 310 1095 19 0 241 0 0 127 208 0 0 0 260 0 0 0 0 0 0 0 0 0 0 0 49461 0 4 0 18 0 0 238 0 0 0 0 0 619 300 209 258 0 0 0 0 45 0 485 0 0 0 0 0 0 128 125 113 570 137 132 112 108 306 70 68 3 4 5 4 7 6 921 1124 0 987
34 0 0 0 0 0 45 26 0 0 0 0 0 0 0 0 712 0 115 324 0 27 0 3 0 0 37 2 0 36 0 1 1 0 7 70 12 2 201 11 91 84 2 29 53 0 7 13 3 126 0 1067 0 0 0 1259 31 0 0 126 259 51 158 0 0 0 10 8 6 17 9 0 0 29 20 34 61 113 0 102 42 54 6 17 4 294 334 0 0 301 1 2351 293 0 0 0 76 0 0 23 1 3 10 0 103 52 107 52 36 45 191 65 0 0 0 0 72 29 26 0 0 0 0 1 2 2 110 2 2 2 1 127 6 4 0 0 0 0 1 0 180 50 98 0
0 0 0 11 5 5 0 13 2 1 0 0 0 1 0 1 0 0 403 0 0 12 0 1 0 0 5 1 0 3 0 0 0 0 2 18 0 5 7 0 7 34 0 12 68 29 66 0 186 529 7 0 0 0 568 12 33 21 0 65 13 9 4 7 59 21 9 59 3 2 14 66 0 0 37 0 20 24 35 29 0 75 0 0 0 0 0 0 0 0 0 0 0 0 0 0 0 0 0 0 0 0 0 0 0 0 97 0 0 0 0 0 0 0 229 0 209 104 181 0 0 182 111 0 0 0 88 0 0 0 0 0 0 0 0 0 0 0 0 0 136 172 853 0
0 0 0 0 0 12 3 0 1 2 0 31 2 3 21 14 0 0 0 0 0 1 0 0 0 0 0 0 0 0 0 0 1 0 5 0 1 12 4 2 0 0 0 13 0 0 0 0 31 0 0 0 0 23 0 89 0 0 0 0 0 76 0 0 0 0 6 0 9 0 0 0 0 0 0 0 0 0 0 0 0 107 0 0 0 0 0 2 0 0 2 12 252 0 0 0 15 0 0 0 2 0 0 0 0 0 0 0 28 0 0 0 0 0 0 0 38 0 0 0 0 0 0 95 92 80 216 101 95 80 36 266 48 46 11 19 22 22 35 31 0 0 0 0
11 2 1 78 5 0 0 41 0 0 5 22 2 0 15 79 57 260 571 278 0 0 0 0 0 0 0 0 0 1 0 0 0 0 2 14 1 2 2 0 9 0 19 6 0 0 0 0 23 0 0 183 0 333 0 71 179 0 0 0 0 41 0 0 0 0 0 0 0 9 0 0 0 36 0 0 31 41 0 9 0 180 0 73 197 241 318 1 0 295 56 106 298 3 3 702 53 4 0 0 0 0 0 0 0 0 1282 0 68 0 0 0 36 0 0 0 190 0 0 265 67 134 0 981 961 869 1831 1048 1008 862 392 138 539 518 127 211 240 238 379 341 202 206 0 0
14 409 74 53 172 51 30 89 252 136 187 89 165 178 99 213 93 0 2066 1261 0 1 0 0 0 0 0 0 0 0 0 0 55 210 117 110 11 102 277 70 87 129 103 27 49 0 11 0 282 83 0 0 0 7 126 56 152 0 0 0 49 207 259 273 0 0 0 0 0 0 13 0 0 0 0 0 0 0 0 2 0 1 0 0 0 0 0 0 0 0 2298 8638 0 0 0 0 58 0 178 0 78 0 0 0 0 5073 50 0 0 0 0 0 0 0 0 0 3209 0 0 0 375 181 0 6 6 0 673 0 0 0 0 609 3 3 1 1 1 1 2 2 0 0 223 0
2 150 19 67 45 28 0 29 105 0 66 62 178 115 0 2 0 0 29 16 0 0 0 0 0 0 0 0 0 0 0 0 0 0 0 0 0 3 0 0 0 0 0 11 0 0 12 0 0 0 0 0 0 7 80 28 6 2 0 32 202 44 114 74 15 5 31 99 59 72 135 63 0 101 126 0 100 74 0 0 0 403 0 0 0 0 0 0 0 0 0 1734 0 0 0 0 1274 0 195 0 0 0 0 0 4 77 0 283 574 527 0 0 0 0 0 0 111 259 0 0 0 0 0 4 4 0 87 0 3 3 7 12 12 9 2 2 2 2 2 2 0 164 31 0
1410 541 268 562 444 0 297 635 2585 846 698 3163 24708 10582 4560 882 1258 0 4030 3763 0 34 0 2 0 0 12 1 0 0 0 0 8405 3177 1089 3120 1534 5328 362 14395 5102 7585 3640 5586 3297 2930 2471 0 7931 6582 4427 309 0 192 4529 7266 6991 4811 1815 2032 2991 4041 3176 2566 4887 1014 9607 1670 684 1211 14457 6002 2598 3232 6485 0 3511 1901 1971 3843 0 1202 0 0 0 0 0 0 0 0 27 890 0 0 0 0 31305 7 38 4510 124 0 2217 1576 0 1502 39 1555 3345 3836 2010 1499 198 954 482 0 4271 6213 0 0 815 710 1163 5 5 4 1266 5 5 4 2 396 3 2 1 1 1 1 2 2 1137 2870 1010 0
2059 0 225 510 402 13 172 566 389 376 1848 3176 42798 9541 4619 467 972 0 2234 2520 0 15 0 1 0 0 8 1 0 0 0 0 780 867 609 1405 1504 990 393 1567 1373 647 12513 1238 3017 2812 1478 0 9232 2937 2320 13 0 110 712 5218 6563 4228 426 1790 831 363 378 2164 1288 205 650 396 162 287 4498 1337 538 463 42 0 0 845 685 775 0 410 0 0 0 0 0 0 0 0 24 1861 0 0 0 0 19020 3 1442 1122 46 0 0 3022 77 1430 1788 729 1917 2029 228 0 0 49 37 0 775 646 842 0 794 710 958 1 1 1 761 1 1 1 0 363 1 1 0 0 0 0 0 0 439 1067 796 0
71 83 2 0 0 0 3 87 1 2 0 19 0 0 222 398 0 647 321 339 0 226 65 115 183 0 434 472 121 4211 2074 4080 0 0 0 0 220 0 0 0 0 0 0 81 0 208 443 0 100 0 437 49 0 29 376 101 283 1299 0 259 334 247 373 600 212 55 364 287 119 212 1102 309 362 243 387 0 176 294 271 525 202 376 112 412 651 445 345 43 9 2707 1131 52 2769 0 19 18 145 2 903 664 64 0 0 0 71 0 404 364 343 3874 3876 66 0 613 865 0 1215 2598 1801 2884 1463 1823 3094 16502 16241 14925 465 17806 17126 14624 6376 1584 8869 8517 2187 3687 4211 4166 6677 5998 2732 1200 877 0
0 0 0 0 376 462 0 179 0 0 0 0 0 0 0 666 28 0 177 83 0 11 0 4 1 0 24 3 0 3 0 0 0 0 0 0 0 0 2382 0 0 0 0 2056 6023 0 0 0 0 0 17 0 0 13 0 0 0 0 190 0 0 0 0 0 1197 320 26 58 18 38 87 0 0 0 266 0 124 135 821 0 0 0 0 0 0 0 0 0 0 0 0 0 0 0 0 0 7561 1 5 115 0 118 0 0 0 8 47 342 255 0 0 197 0 97 107 0 0 220 0 0 0 247 0 3 3 3 225 4 3 3 1 39 2 2 0 1 1 1 1 1 211 165 904 0
0 0 0 0 0 1844 0 1098 0 0 15100 0 0 0 1999 0 641 0 37 22 0 5 0 1 0 0 3 0 0 28 0 0 0 0 0 0 0 0 0 0 0 7973 13444 0 0 0 0 0 0 0 648 0 0 30 0 0 0 0 0 0 0 0 0 0 1010 151 83 410 560 351 77 299 0 935 0 763 4669 2637 0 931 0 825 0 0 0 0 0 0 0 0 34 21 0 0 0 0 2651 2 3303 0 0 0 0 2929 0 0 264 528 843 634 1531 0 0 0 0 0 1117 393 550 0 774 611 1480 4 4 4 782 5 4 4 2 516 2 2 1 1 1 1 2 1 242 983 0 0
0 0 0 0 0 0 0 0 0 0 0 0 0 0 0 0 0 0 0 2048 0 41 0 7 1 0 21 2 0 0 0 0 0 0 0 0 0 0 224 0 0 0 0 0 0 133 0 0 5178 0 0 0 0 1 0 12208 0 0 0 0 5118 0 0 0 0 0 0 0 0 0 0 0 0 0 0 0 0 0 0 0 0 0 0 0 0 0 0 0 0 0 0 0 0 0 0 0 0 0 0 0 6370 0 0 0 0 0 0 0 0 0 0 0 0 0 0 0 0 0 0 0 0 0 0 0 0 0 12 0 0 0 0 13 2 1 0 0 0 0 0 0 0 0 0 0
0 0 324 0 0 0 0 0 0 0 0 0 0 0 452 338 0 0 1906 1721 0 66 0 9 2 0 29 2 0 1 0 0 0 1252 0 0 0 350 0 0 0 0 0 0 0 579 0 0 4728 517 138 336 0 2 0 0 2740 0 192 353 323 326 1233 912 718 153 962 328 216 3904 246 46 95 0 435 114 337 558 328 0 0 118 0 0 0 0 0 0 0 0 0 0 0 0 0 0 1198 0 252 540 0 0 0 0 0 0 1886 0 28 0 0 0 0 0 0 0 288 0 180 0 206 122 0 2 2 2 19 3 2 2 1 7 1 1 0 1 1 1 1 1 3 60 0 0
0 0 0 0 0 0 0 0 0 22 142 0 0 0 0 43 0 0 0 528 0 20 0 3 1 0 10 1 0 0 0 0 0 0 0 0 0 0 2 0 0 0 0 0 0 0 0 0 292 0 0 8 0 0 0 0 0 0 0 112 0 105 288 298 39 11 3 17 6 10 0 3 0 0 0 0 66 38 0 0 0 46 0 0 0 0 0 0 0 0 0 0 0 0 0 0 382 0 0 29 0 0 0 0 0 0 244 0 0 0 0 0 0 0 0 0 201 100 97 0 39 69 0 1 1 1 2 1 1 1 0 1 1 0 0 0 0 0 0 0 0 0 0 0
0 0 0 0 0 0 188 0 655 0 0 0 0 0 0 55 49 0 673 826 0 18 0 7 1 0 47 6 0 5 0 1 0 0 0 0 28 0 0 86 134 0 0 0 0 0 0 0 417 0 0 9 0 8 1315 0 0 0 0 0 0 802 0 1222 328 42 51 42 18 31 157 210 62 0 0 0 105 123 0 217 0 68 0 0 0 0 0 0 0 0 524 33 0 0 0 0 1387 0 223 305 0 0 0 0 182 0 139 25 203 0 4575 0 0 0 54 0 403 437 866 0 608 145 0 0 0 0 111 0 0 0 0 386 0 0 0 0 0 0 0 0 496 263 51 0
0 0 0 133 0 0 0 0 0 0 1439 0 0 0 0 132 321 0 1439 1596 0 519 17 637 111 0 4091 481 3 164 1 21 0 0 2175 1776 0 0 0 0 0 1556 0 0 711 882 1102 0 1609 290 0 21 0 176 0 1331 0 1840 0 0 0 0 3559 0 268 90 99 82 34 60 303 321 0 0 590 0 389 400 129 100 0 163 0 0 0 0 0 0 0 0 139 556 0 0 0 0 2122 1 383 221 1089 0 0 0 294 0 139 1516 5821 0 0 0 62 0 0 0 670 95 0 0 0 11 0 0 0 0 354 0 0 0 0 566 0 0 0 0 0 0 0 0 0 298 0 0
3 3 2 197 29 20 5 91 2 3 3 1 1 4 1 119 185 317 389 478 0 2 0 0 0 0 1 0 0 9 0 1 1 0 6 41 2 20 15 1 46 259 284 113 50 209 370 0 52 185 183 89 0 20 362 60 166 1395 0 551 357 282 230 311 98 0 130 110 45 79 1326 302 333 276 0 335 166 198 181 0 0 296 140 665 927 570 679 14 2 0 144 104 0 0 6 0 390 4 482 934 223 0 596 0 0 567 2728 82 331 243 920 0 0 1225 1398 0 1102 3180 1425 0 1540 776 689 290 284 257 1030 310 298 255 116 1387 159 153 37 62 71 70 112 101 1325 1649 902 0
692 383 868 1070 747 519 2111 1017 3988 1402 481 3520 348 1115 1997 1084 971 9400 270 0 0 41 0 7 1 0 21 2 0 60 0 0 16 5 188 1021 27 141 68 24 1268 1065 819 559 1900 1110 487 258 2046 3440 1583 653 1314 49 5752 2068 5537 1530 2017 1596 4341 1602 2464 1700 3906 635 1317 10680 1085 8240 684 666 2841 2934 0 900 3752 2619 2423 2357 1123 1225 1124 2731 460 2236 2582 57 6 1176 82 156 5061 25 67 727 1819 16 0 3748 775 0 3172 489 9061 561 1715 1520 2422 2400 0 1119 0 6596 2194 6708 4855 4824 3229 0 3718 2298 2365 606 594 537 1048 648 623 533 242 356 333 320 78 130 149 147 234 211 3541 2575 4037 0
151 654 215 130 360 554 5 71 740 134 4 405 5 301 278 203 252 1832 17 14 0 3 0 1 0 0 2 0 0 2 0 0 1 0 11 72 0 0 0 1 58 30 0 8 189 15 63 59 339 0 0 10 0 6 352 265 741 0 63 106 455 64 97 375 103 27 9 182 116 155 10 64 186 118 239 0 154 237 151 182 0 219 0 99 1000 624 736 2 0 670 31 258 658 0 6 164 151 2 587 456 867 0 0 0 0 2080 555 602 1559 384 475 0 0 0 0 0 1239 0 373 0 195 77 0 42 41 37 686 45 43 37 17 1933 23 22 5 9 10 10 16 15 0 155 312 0
7 7 6 39 10 10 1 30 7 0 9 13 3 0 9 77 33 334 1 0 0 0 0 0 0 0 2 0 0 0 0 0 2 1 15 79 0 7 2 1 38 45 0 77 54 16 32 17 12 0 0 19 0 11 125 44 122 202 0 47 138 105 105 90 619 82 206 232 216 0 389 350 63 37 97 0 39 27 53 315 0 40 18 79 160 136 157 1 0 143 307 80 140 0 0 69 0 1 140 71 20 0 0 0 0 115 43 91 93 0 49 0 0 11943 0 0 262 0 133 0 61 0 0 4 4 4 196 4 4 4 2 684 2 2 1 1 1 1 2 1 0 70 120 14
0 0 0 142 21 15 4 68 1 2 0 0 0 0 0 59 121 1062 90 110 0 2 0 0 0 0 1 0 0 2 0 0 1 0 9 59 0 34 37 1 131 843 42 374 137 1318 1689 0 60 301 655 74 0 37 288 48 135 2222 848 281 433 241 353 262 0 22 177 149 55 94 0 182 1160 257 771 984 122 206 1201 320 1507 371 0 323 588 649 824 6 1 758 150 43 759 0 7 159 5 3 2886 4417 9523 3005 8281 2780 496 1365 2011 669 11 640 4414 2169 0 1305 717 0 1652 5242 3429 4495 2517 4019 3627 84 83 75 1217 90 87 74 34 983 46 45 11 18 21 20 33 29 1143 3482 6319 0
0 0 0 0 0 0 0 0 0 0 0 0 0 0 0 0 0 0 0 0 0 1 0 0 0 0 2 0 0 1 0 0 0 0 0 0 0 0 0 0 0 0 0 0 0 0 0 0 6 0 0 0 0 47 0 20 0 0 0 0 0 0 0 0 0 0 0 0 0 0 0 0 0 0 0 0 0 0 0 0 0 30 0 0 0 0 0 1 0 0 10 62 120 0 0 0 0 0 0 0 0 0 0 0 0 0 1 0 0 0 0 0 0 0 0 0 0 0 0 0 0 0 0 0 0 0 1752 2 0 0 0 1811 0 0 0 0 0 0 0 0 0 0 0 0
3 3 3 19 3 2 0 9 0 0 3 0 1 0 0 11 16 439 131 160 0 0 0 0 0 0 0 0 0 7 0 1 1 0 10 67 0 13 0 1 68 157 0 69 0 0 3 0 24 0 0 47 0 111 151 156 437 757 0 0 240 110 76 171 105 27 75 62 26 45 228 161 0 137 0 33 177 0 37 93 0 154 0 279 495 408 515 6 1 473 61 80 473 0 5 0 0 2 247 355 0 0 0 0 0 0 174 56 0 0 0 0 0 325 441 0 554 0 0 0 626 3 576 137 134 121 1093 147 141 121 55 957 75 72 18 30 34 33 53 48 0 470 0 0
0 0 0 0 2 0 1 23 5 3 0 67 1 2 46 21 0 2775 1498 607 0 0 0 0 0 0 0 0 0 0 0 0 0 0 1 8 0 0 0 0 5 0 0 1 462 0 230 0 67 0 0 38 0 14 106 589 3925 2514 799 0 1068 173 117 268 17 7 1 0 0 0 5 0 31 267 2507 1321 8610 908 1443 0 0 185 0 100 345 206 361 2 0 346 72 3 368 0 4 0 0 1 1618 48 2 29 0 0 98 0 9 0 0 0 123 0 0 0 0 0 258 891 0 0 1192 0 0 60 59 52 315 64 61 52 25 100 34 33 7 12 14 14 22 19 303 0 0 0
274 633 269 0 141 241 1212 1368 693 174 1047 2908 518 132 1999 450 441 3069 3317 2966 0 137 0 20 3 0 68 5 0 44 0 1 18 5 180 1132 33 143 682 5 1726 1484 476 600 0 1312 1991 0 531 1492 1213 1202 0 49 4046 2008 4679 3126 873 2802 1570 1781 2814 2448 1725 643 635 2457 578 421 482 1176 1849 2597 2381 3110 2408 1687 1842 2367 206 1792 891 2557 5186 3931 4504 53 6 4076 1117 1232 3976 0 38 114 165 15 0 2489 5052 441 2367 0 1149 1549 6008 1523 4745 733 4214 337 1278 1709 507 0 4623 6817 5322 0 2865 1919 3146 1341 1314 1187 8056 1432 1377 1178 536 8745 737 707 173 289 328 325 518 466 3473 3950 1979 0
0 0 0 0 0 0 0 22 0 1 0 0 0 0 0 82 39 184 136 135 0 0 0 0 0 0 1 0 0 1 0 0 0 0 0 0 2 6 0 0 0 2 0 85 0 0 0 0 23 0 0 33 0 9 96 0 0 0 0 171 0 0 0 0 6 2 0 3 2 1 20 16 0 47 0 0 32 45 0 69 0 111 0 0 0 0 0 0 0 0 4 1032 0 0 0 416 1138 1 0 0 1184 0 0 0 489 0 0 0 0 0 291 0 0 0 0 0 276 0 0 0 0 0 138 23 19 9 352 16 29 26 6 99 4 6 1 2 1 3 2 2 255 0 0 0
0 0 0 0 0 0 1 0 0 1 0 0 0 0 0 20 0 757 83 108 0 343 9 16 26 0 62 67 17 1526 748 1473 0 0 2 0 0 0 0 2 0 0 0 105 0 0 0 0 13 0 0 16 0 23 61 0 4 140 0 0 87 35 19 0 0 1 12 10 0 0 39 14 0 42 0 0 0 0 0 9 13 34 0 0 86 0 39 0 1 61 5 56 117 1 1 18 0 1 0 0 687 0 0 0 0 0 71 0 0 0 0 0 0 0 96 0 98 0 547 0 488 0 68 5230 5147 4729 135 5643 5427 4635 2022 5 2812 2700 693 1168 1334 1320 2115 1900 151 0 0 0
0 0 0 0 0 0 0 0 1630 1129 562 250 91 1132 164 230 357 186 32 41 0 2555 49 86 137 0 323 354 91 2768 1430 2506 0 0 0 0 0 403 0 0 0 3812 0 1435 0 0 0 0 124 0 337 61 0 3 734 0 0 2490 0 927 0 0 0 0 142 37 1025 91 115 114 200 148 228 213 164 0 197 250 207 262 0 572 0 329 738 603 685 15 5 633 0 33 773 0 7 207 0 5 212 510 916 0 0 0 1425 0 0 283 2162 1436 1004 0 0 1164 477 0 665 0 961 0 0 0 0 12491 12227 10985 69 13311 12802 10958 5084 4 6901 6644 1567 2611 2974 2942 4699 4223 3657 758 0 13
0 0 0 0 0 0 0 0 0 0 0 0 0 0 0 0 0 0 0 0 1 1 0 0 0 0 0 0 0 0 0 0 0 0 0 0 0 0 0 0 0 0 0 0 0 0 0 0 0 0 0 0 0 0 0 0 0 0 0 0 0 0 0 0 0 0 0 0 0 0 0 0 0 0 0 0 0 0 0 0 0 0 0 0 0 0 0 0 0 0 1 5 1 0 0 0 0 0 0 0 0 0 0 0 0 0 0 0 0 0 0 0 0 0 0 0 8 0 0 0 0 0 0 0 0 10 624 25 17 2 0 268 0 0 0 0 0 0 5 2 0 0 0 0
0 0 0 0 0 0 0 0 0 0 0 0 0 0 0 0 0 0 0 0 1 1 0 0 0 0 0 0 0 0 0 0 0 0 0 0 0 0 0 0 0 0 0 0 0 0 0 0 0 0 0 0 0 0 0 0 0 0 0 0 0 0 0 0 0 0 0 0 0 0 0 0 0 0 0 0 0 0 0 0 0 0 0 0 0 0 0 1 1 0 1 5 1 0 0 0 0 0 0 0 0 0 0 0 0 0 0 0 0 0 0 0 0 0 0 0 9 0 0 0 0 0 0 1 0 11 743 26 18 3 0 457 0 0 0 0 0 0 6 3 0 0 0 0
0 0 0 0 0 0 0 0 0 0 0 0 0 0 0 0 0 0 0 0 0 0 0 0 0 0 0 0 0 0 0 0 0 0 0 0 0 0 0 0 0 0 0 0 0 0 0 0 0 0 0 0 0 0 0 0 0 0 0 0 0 0 0 0 0 0 0 0 0 0 0 0 0 0 0 0 0 0 0 0 0 0 0 0 0 0 0 0 0 0 1 4 1 0 0 0 0 0 0 0 0 0 0 0 0 0 0 0 0 0 0 0 0 0 0 0 12 0 0 0 0 0 0 0 0 0 670 11 4 0 0 888 0 0 0 0 0 0 1 0 0 0 0 0
0 0 0 0 0 0 0 0 0 0 0 0 0 0 0 0 0 0 0 0 0 0 0 0 0 0 0 0 0 0 0 0 0 0 0 0 0 0 0 0 0 0 0 0 0 0 0 0 0 0 0 0 0 1 0 0 0 0 0 0 0 0 0 0 0 0 0 0 0 0 0 0 0 0 0 0 0 0 0 0 0 0 0 0 0 0 0 0 0 0 0 33 0 0 0 0 0 0 0 0 0 0 0 0 0 0 0 0 0 0 0 0 0 0 0 0 0 0 0 0 0 0 0 0 0 0 0 0 0 0 0 247 0 0 0 0 0 0 0 0 0 0 0 0
0 0 0 0 0 0 0 0 0 0 0 0 0 0 0 0 0 0 0 0 0 0 0 0 0 0 0 0 0 0 0 0 0 0 0 0 0 0 0 0 0 0 0 0 0 0 0 0 0 0 0 0 0 0 0 0 0 0 0 0 0 0 0 0 0 0 0 0 0 0 0 0 0 0 0 0 0 0 0 0 0 0 0 0 0 0 0 0 0 0 0 1 0 0 0 0 0 0 0 0 0 0 0 0 0 0 0 0 0 0 0 0 0 0 0 0 0 0 0 0 0 0 0 0 0 0 106 0 0 0 0 129 0 0 0 0 0 0 0 0 0 0 0 0
0 0 0 0 0 0 0 0 0 0 0 0 0 0 0 0 0 0 0 0 0 0 0 0 0 0 0 0 0 0 0 0 0 0 0 0 0 0 0 0 0 0 0 0 0 0 0 0 0 0 0 0 0 0 0 0 0 0 0 0 0 0 0 0 0 0 0 0 0 0 0 0 0 0 0 0 0 0 0 0 0 0 0 0 0 0 0 0 0 0 0 2 0 0 0 0 0 0 0 0 0 0 0 0 0 0 0 0 0 0 0 0 0 0 0 0 2 0 0 0 0 0 0 0 0 0 253 7 0 0 0 163 0 0 0 0 0 0 0 0 0 0 0 0
0 0 0 0 0 0 0 0 0 0 0 0 0 0 0 0 0 0 0 0 0 1 0 0 0 0 0 0 0 0 0 0 0 0 0 0 0 0 0 0 0 0 0 0 0 0 0 0 0 0 0 0 0 0 0 0 0 0 0 0 0 0 0 0 0 0 0 0 0 0 0 0 0 0 0 0 0 0 0 0 0 0 0 0 0 0 0 0 0 0 1 12 1 0 0 0 0 0 0 0 0 0 0 0 0 0 0 0 0 0 0 0 0 0 0 0 21 0 0 0 0 0 0 0 0 7 849 19 12 0 0 49 0 0 0 0 0 0 4 1 0 0 0 0
0 0 0 0 0 0 0 0 0 0 0 0 1 0 0 0 0 0 0 0 0 0 0 0 0 0 0 0 0 0 0 0 0 0 0 0 0 0 0 0 0 0 0 0 0 0 0 0 0 0 0 0 0 0 0 2 0 0 0 0 0 0 0 0 0 0 0 0 0 0 0 0 0 0 0 0 0 0 0 0 0 0 0 0 0 0 0 0 0 0 0 4 1 0 0 0 0 0 0 0 0 0 0 0 0 0 0 0 0 0 0 0 0 0 0 0 21 0 0 0 0 0 0 1 0 5 1301 11 7 1 0 82 0 0 0 0 0 0 2 1 0 0 0 0
0 0 0 0 0 0 0 0 0 0 0 0 0 0 0 0 0 0 0 0 0 0 0 0 0 0 0 0 0 0 0 0 0 0 0 0 0 0 0 0 0 0 0 0 0 0 0 0 0 0 0 0 0 0 0 0 0 0 0 0 0 0 0 0 0 0 0 0 0 0 0 0 0 0 0 0 0 0 0 0 0 0 0 0 0 0 0 0 0 0 0 0 0 0 0 0 0 0 0 0 0 0 0 0 0 0 0 0 0 0 0 0 0 0 0 0 0 0 0 0 0 0 0 0 0 0 0 0 0 0 0 0 0 0 0 0 0 0 0 0 0 0 0 0
0 0 0 0 0 0 0 0 0 0 0 0 3 0 6 3 0 0 0 0 0 2 0 0 0 0 0 0 0 0 0 0 0 0 0 0 0 0 0 1 0 0 0 0 0 0 0 0 0 0 0 0 0 0 0 10 0 0 0 0 0 0 0 0 0 0 0 0 0 0 0 0 0 0 0 0 0 0 0 0 0 0 0 0 0 0 0 1 1 0 4 3 11 0 0 0 0 0 0 0 0 0 0 0 0 0 0 0 0 0 0 0 0 0 0 0 8 0 0 0 0 0 0 32 30 34 409 48 42 29 13 224 0 0 0 0 3 0 15 12 0 0 0 1
0 0 0 0 0 0 0 0 0 0 0 0 5 0 11 4 0 0 0 0 0 3 0 0 0 0 0 0 0 0 0 1 0 0 0 0 0 0 0 2 0 0 0 0 0 0 0 0 0 0 0 0 0 1 0 25 0 0 0 0 0 0 0 0 0 0 0 0 0 0 0 0 0 0 0 0 0 0 0 0 0 18 0 0 0 0 0 2 2 0 3 5 20 0 0 0 0 0 0 0 0 0 0 0 0 0 0 0 0 0 0 0 0 0 0 0 17 0 0 0 0 0 0 64 62 62 701 81 75 57 26 210 19 0 0 6 11 5 27 23 0 0 0 1
0 0 0 0 2 2 0 1 0 0 0 0 2 0 5 2 0 0 0 0 0 1 0 0 0 0 0 0 0 0 0 0 0 0 0 0 0 3 2 2 0 0 0 3 0 0 0 0 0 0 0 0 0 0 0 12 0 0 0 0 0 0 0 0 0 0 0 0 0 0 0 0 0 0 0 0 0 0 0 0 0 39 0 1 0 0 0 1 1 10 2 3 10 0 0 0 0 0 0 0 0 0 0 0 0 0 4 0 11 0 0 0 0 0 0 0 11 0 0 0 0 0 0 37 36 34 750 43 40 33 15 1066 17 12 0 6 8 6 15 13 0 0 0 1
0 0 0 0 0 1 0 1 0 0 0 0 1 0 3 1 0 0 0 0 0 1 0 0 0 0 0 0 0 0 0 0 0 0 0 0 0 2 0 0 0 0 0 1 0 0 0 0 0 0 0 0 0 0 0 6 0 0 0 0 0 0 0 0 0 0 0 0 0 0 0 0 0 0 0 0 0 0 0 0 0 20 0 0 0 0 0 1 0 1 1 2 1 0 0 0 0 0 0 0 0 0 0 0 0 0 0 0 0 0 0 0 0 0 0 0 8 0 0 0 0 0 0 15 14 16 587 21 19 14 6 961 2 0 0 0 2 0 7 6 0 0 0 0
0 0 0 0 0 1 0 0 0 0 0 0 1 0 2 1 0 0 0 0 0 1 0 0 0 0 0 0 0 0 0 0 0 0 0 0 0 1 0 0 0 0 0 1 0 0 0 0 0 0 0 0 0 0 0 4 0 0 0 0 0 0 0 0 0 0 0 0 0 0 0 0 0 0 0 0 0 0 0 0 0 15 0 0 0 0 0 0 0 1 1 1 1 0 0 0 0 0 0 0 0 0 0 0 0 0 0 0 0 0 0 0 0 0 0 0 4 0 0 0 0 0 0 9 8 10 208 15 13 8 3 735 0 0 0 0 0 0 5 4 0 0 0 0
0 0 0 0 0 1 0 1 0 0 0 0 1 0 3 2 0 0 0 0 0 1 0 0 0 0 0 0 0 0 0 0 0 0 0 0 0 0 0 1 0 0 0 0 0 0 0 0 0 0 0 0 0 0 0 6 0 0 0 0 0 0 0 0 0 0 0 0 0 0 0 0 0 0 0 0 0 0 0 0 0 23 0 0 0 0 0 1 1 1 1 7 1 0 0 0 0 0 0 0 0 0 0 0 0 0 0 0 0 0 0 0 0 0 0 0 14 0 0 0 0 0 0 20 19 20 979 27 24 18 8 1165 3 0 0 1 3 0 9 7 0 0 0 0
0 0 0 0 0 0 0 0 0 0 0 0 0 0 1 0 0 0 0 0 0 0 0 0 0 0 0 0 0 0 0 0 0 0 0 0 0 0 0 0 0 0 0 0 0 0 0 0 0 0 0 0 0 0 0 2 0 0 0 0 0 0 0 0 0 0 0 0 0 0 0 0 0 0 0 0 0 0 0 0 0 6 0 0 0 0 0 0 0 0 0 0 0 0 0 0 0 0 0 0 0 0 0 0 0 0 0 0 0 0 0 0 0 0 0 0 0 0 0 0 0 0 0 0 0 0 96 4 1 0 0 269 0 0 0 0 0 0 0 0 0 0 0 0
0 0 0 0 0 0 0 0 0 0 0 0 0 0 1 0 0 0 0 0 0 0 0 0 0 0 0 0 0 0 0 0 0 0 0 0 0 0 0 0 0 0 0 0 0 0 0 0 0 0 0 0 0 0 0 2 0 0 0 0 0 0 0 0 0 0 0 0 0 0 0 0 0 0 0 0 0 0 0 0 0 5 0 0 0 0 0 0 0 0 0 1 0 0 0 0 0 0 0 0 0 0 0 0 0 0 0 0 0 0 0 0 0 0 0 0 1 0 0 0 0 0 0 0 0 1 182 6 3 0 0 341 0 0 0 0 0 0 1 0 0 0 0 0
45 14 9 24 34 89 24 41 125 42 43 84 21 0 0 0 0 0 0 1171 0 14 0 1 1 0 3 2 0 73 17 17 0 0 0 0 18 0 5 3 0 57 51 47 0 0 63 0 16 0 0 17 0 8 208 485 163 0 0 153 135 150 15 183 96 25 67 74 70 82 127 94 0 0 0 6 66 103 0 102 0 137 0 178 388 296 363 8 3 0 18 7 0 0 0 0 0 1 0 113 33 0 0 0 0 0 69 0 59 0 26 0 0 12 102 0 194 274 0 0 0 0 0 5944 5848 5363 288 6413 6164 5255 2284 211 3178 3051 783 1321 1509 1493 2393 2149 0 0 0 1
0 0 0 0 0 0 0 0 1 0 0 0 0 0 0 0 0 0 4 0 0 0 0 0 0 0 0 0 0 0 0 0 0 0 2 14 0 0 0 0 0 0 0 0 0 0 0 0 10 0 0 6 0 3 26 17 47 0 0 0 56 12 7 0 0 0 20 0 2 1 4 2 0 0 0 0 0 0 0 25 0 34 0 1 140 0 13 0 0 23 2 9 39 0 0 0 0 0 0 81 0 0 0 0 0 0 9 0 190 0 0 0 0 0 0 0 273 0 205 0 105 343 0 40 39 36 115 43 41 35 16 228 22 21 5 9 10 10 16 14 683 0 0 1
0 14 50 0 1 0 0 10 0 0 13 78 9 0 46 1 70 2076 90 0 0 23 3 6 9 0 22 24 6 328 161 317 0 0 0 0 3 0 1 0 27 4 9 0 0 176 0 0 25 0 0 29 0 3 0 14 27 0 0 0 0 126 105 0 2 1 0 0 0 0 10 4 0 44 0 0 0 22 0 4 272 264 0 41 211 7 85 5 2 91 2 0 150 0 1 0 0 1 678 0 0 0 0 0 0 685 0 124 182 0 1515 0 0 0 0 0 441 425 561 0 74 533 2806 5865 5772 5304 471 6328 6086 5197 2267 107 3153 3028 777 1310 1496 1480 2372 2131 243 234 0 1
0 0 0 0 0 0 0 0 0 0 0 0 0 0 0 0 0 0 1793 0 0 14725 588 1427 2285 0 2688 1965 378 0 0 0 0 0 0 0 0 0 0 0 0 0 0 0 0 0 0 0 0 0 0 0 0 0 0 0 0 0 0 0 0 0 0 0 0 0 0 0 0 0 0 0 0 0 0 0 0 0 0 0 0 0 0 0 0 0 0 0 0 0 0 0 0 0 0 0 0 0 0 0 0 0 0 0 0 0 0 0 0 0 0 0 0 0 0 0 0 0 0 0 0 0 0 0 0 0 0 0 0 0 0 0 0 0 0 0 0 0 0 0 0 0 0 0
