119
0 0 0 0 0 0 0 0 51 81 237 28 182 90 41 0 1 0 0 0 0 0 0 0 0 0 0 0 0 0 0 0 0 0 13634 0 0 0 0 0 0 0 0 0 0 0 0 0 0 0 0 0 0 0 0 0 0 0 0 0 0 0 0 0 0 0 0 0 0 0 0 0 0 0 0 0 0 0 0 0 0 0 0 0 0 0 0 0 0 0 0 0 0 0 0 0 0 0 0 0 0 0 0 0 0 0 0 0 0 0 0 0 0 0 0 0 0 0 0
0 0 9 0 0 0 0 0 123 81 2 60 165 19 9 0 0 0 0 0 0 0 0 0 0 0 0 0 0 0 0 0 0 0 0 0 0 0 0 0 0 0 0 0 0 0 0 0 0 0 0 0 0 0 0 0 0 0 0 0 0 0 0 0 0 0 0 0 0 0 0 0 0 0 0 0 0 0 0 0 0 0 0 0 0 0 0 0 0 0 0 0 0 0 0 2 86 0 0 0 0 0 0 0 0 0 0 0 0 0 0 0 1 0 0 0 0 0 0
0 0 0 0 0 0 0 0 5413 1182 343 4057 1237 2912 993 0 0 0 0 0 0 0 0 0 0 0 0 0 0 0 0 0 0 0 0 0 412 0 0 0 0 0 0 0 0 0 0 0 0 0 0 0 0 0 0 0 0 0 0 0 0 0 0 0 0 0 0 0 0 0 0 0 0 0 0 0 0 0 0 0 0 0 0 0 0 0 0 0 0 0 0 0 0 0 0 2 171 0 0 0 0 0 0 0 0 0 0 0 0 0 0 0 0 0 0 0 1 0 0
0 0 0 0 0 0 0 0 26 32 32 78 167 14 3 0 60 0 0 0 0 0 0 0 0 0 0 0 0 0 0 0 0 149 0 0 2452 9292 0 0 0 0 0 0 0 0 0 0 0 0 0 0 0 0 0 0 0 0 0 0 0 0 0 0 0 0 0 0 0 0 0 0 0 0 0 0 0 0 0 0 0 0 0 0 0 0 0 0 0 0 0 0 0 0 0 3 1499 0 0 0 0 0 0 0 0 0 0 0 0 0 0 0 0 0 0 0 1 0 0
0 0 0 0 0 0 0 0 1 0 0 1 7 4 1 0 5 0 0 0 0 0 0 0 0 0 0 0 0 0 0 0 5736 0 0 0 6 0 0 0 10 0 0 0 0 0 0 0 0 0 0 0 0 0 0 0 0 0 0 0 83 0 0 0 0 0 0 0 0 0 0 0 0 0 0 0 0 0 0 0 0 0 0 0 0 0 0 0 0 0 0 0 0 0 0 1 25 0 0 0 0 0 0 0 0 0 0 0 0 0 0 0 0 2 0 0 1 0 0
0 0 0 0 0 0 0 0 0 0 0 1 0 0 2 0 1 0 0 0 0 0 0 0 0 0 0 0 0 0 0 0 0 0 0 707 0 96 0 0 0 0 0 0 0 0 0 0 0 0 0 0 0 0 0 0 0 0 0 0 0 0 0 0 0 0 0 0 0 0 0 0 0 0 0 0 0 0 0 0 0 0 0 0 0 0 0 0 0 0 0 0 0 0 0 0 12 0 0 0 0 0 0 0 0 0 0 0 0 0 0 0 0 0 0 0 0 0 0
0 0 0 0 0 0 0 0 0 0 0 0 0 0 0 0 1 0 0 0 0 0 0 0 0 0 0 0 0 0 0 0 0 0 0 0 0 0 0 0 0 0 0 0 0 0 0 0 0 0 0 0 0 0 0 0 0 0 0 0 0 0 0 0 0 0 0 0 0 0 0 0 0 0 0 0 0 0 0 0 0 0 0 0 0 0 0 0 0 0 0 2 0 0 0 0 0 0 0 0 0 0 0 0 0 0 0 0 0 0 0 0 0 0 0 0 0 0 0
0 0 0 0 0 0 0 0 1794 683 1821 2865 0 4207 3291 0 35 0 0 0 0 0 0 0 0 0 0 0 0 0 0 0 0 0 0 0 0 380 0 209 0 5 0 0 0 0 0 0 0 0 0 0 0 0 0 0 0 0 0 0 0 0 0 0 0 0 0 0 0 0 0 0 0 0 0 0 0 0 0 0 0 0 0 0 2 0 0 0 0 0 0 3 0 4 0 2 0 0 0 0 0 0 0 0 0 0 0 0 0 0 0 0 0 24 0 0 1 0 0
0 0 0 0 0 0 0 0 0 0 5 235 0 2393 39 0 0 0 0 0 0 0 0 0 0 0 0 0 26211 0 0 0 0 0 0 0 0 0 0 0 0 0 5 0 0 0 0 0 0 0 0 0 0 0 0 0 0 0 0 0 0 0 0 0 0 0 0 0 0 0 0 0 0 0 0 0 0 0 0 0 0 0 0 0 0 0 0 0 0 0 0 0 0 0 0 1 0 0 0 0 0 0 0 0 0 0 0 0 0 0 0 0 0 0 0 0 0 0 0
0 0 0 0 0 0 0 0 1 0 2 0 103 7 1 0 42 0 0 0 0 0 0 0 0 0 0 0 0 79354 0 0 0 0 0 0 0 0 0 0 0 0 0 0 0 0 0 0 0 0 0 0 0 0 0 1 0 0 0 0 0 0 0 0 0 0 0 0 0 0 0 0 0 0 0 0 0 0 0 0 0 0 0 0 0 0 0 0 0 0 0 0 0 12 0 1 0 0 0 0 0 0 0 0 0 0 0 0 0 0 0 0 0 0 0 0 0 0 0
0 0 0 0 0 0 0 0 0 0 0 0 13 0 3 0 0 0 0 0 0 0 0 0 0 0 0 0 0 0 71566 0 0 0 0 0 0 0 0 0 0 0 0 0 0 0 0 0 0 0 0 0 0 0 0 0 0 0 0 0 0 0 0 0 0 0 0 0 0 0 0 0 0 0 0 0 0 0 0 0 0 0 0 0 0 0 0 0 0 0 0 0 0 0 0 1 0 0 0 0 0 0 0 0 0 0 0 0 0 0 0 0 0 0 0 0 0 0 0
0 0 0 0 0 0 0 0 0 0 0 0 0 3 0 0 0 0 0 0 0 0 0 0 0 0 0 0 0 0 0 0 0 0 0 0 0 0 0 0 0 0 0 0 0 0 0 0 0 0 0 0 0 0 0 0 0 0 0 0 0 0 0 0 0 0 0 0 0 0 0 0 0 0 0 0 0 0 0 0 0 0 0 0 0 0 0 0 0 0 0 0 0 0 0 0 0 0 0 0 0 0 0 0 0 0 0 0 0 0 0 0 0 0 0 0 0 0 0
0 0 0 0 0 0 0 0 15 0 0 171 0 0 1934 0 0 0 0 0 0 0 0 0 0 0 0 0 0 0 0 22929 0 0 0 0 0 0 0 0 639 2 0 0 0 0 0 0 0 0 0 11 33 0 0 0 0 0 0 0 0 0 0 0 0 0 0 0 0 0 0 0 0 0 0 0 0 0 0 0 0 0 0 0 0 0 0 0 0 0 0 0 0 0 0 0 161 0 0 0 0 0 0 0 0 0 0 0 0 0 0 0 0 0 0 0 0 0 0
0 0 0 0 0 0 0 0 0 0 11 0 196 0 8 0 0 0 0 0 0 0 0 0 0 0 0 0 0 0 0 0 0 0 0 0 0 0 0 0 36 2 0 0 0 0 0 0 0 0 0 0 0 0 0 0 0 0 0 0 0 0 0 0 0 0 0 0 0 0 0 0 0 0 0 0 0 0 0 0 0 0 0 0 0 0 0 0 0 0 0 0 0 0 0 2 284 0 0 0 0 0 0 0 0 0 0 0 0 0 0 0 0 0 0 0 1 0 0
0 0 0 0 0 0 0 0 0 0 0 0 0 0 0 0 0 0 0 0 0 0 0 0 0 0 0 0 0 0 0 0 0 0 0 0 0 0 0 0 0 0 0 0 0 0 0 0 0 0 0 0 0 0 0 0 0 0 0 0 0 0 0 0 0 0 0 0 0 0 0 0 0 0 0 0 0 0 0 0 0 0 0 0 0 0 0 0 0 0 0 0 0 0 0 0 0 0 0 0 0 0 0 0 0 0 0 0 0 0 0 0 0 0 0 0 0 0 0
0 0 0 11 7 1 0 17 8 0 0 0 0 72 7 0 0 0 0 0 0 0 0 0 0 0 0 0 3 6 4 3 9 3 12 0 3 3 1 0 0 0 178 0 0 14 0 1 0 1 0 0 0 0 0 0 1 0 1 0 1 0 1 0 0 0 0 0 0 0 1 0 1 1 0 0 118 0 0 0 0 0 0 0 4 0 0 0 0 0 0 0 0 0 0 0 0 0 0 0 0 0 0 0 0 0 0 0 0 0 0 0 0 0 0 0 0 0 0
0 0 0 0 0 0 0 0 97 0 0 0 0 14 0 0 0 0 0 0 0 0 0 0 0 0 0 0 0 0 0 0 0 0 0 0 0 0 239 96 0 0 0 0 0 0 0 0 0 0 0 0 0 0 0 0 0 0 0 0 0 0 0 0 0 0 0 0 0 0 0 0 0 0 0 0 0 0 0 0 0 0 0 0 0 0 0 0 0 0 0 0 0 6 0 11 151 0 0 0 0 0 0 0 0 0 0 0 0 0 0 0 0 0 0 0 10 0 0
0 0 0 0 0 0 0 0 0 0 0 0 0 0 0 0 0 0 0 0 0 0 0 0 0 0 0 0 0 0 0 0 0 0 0 0 0 0 0 0 0 0 0 0 0 0 0 0 7 0 0 0 0 0 0 0 0 0 0 0 0 0 0 0 0 0 0 0 0 0 0 0 0 0 0 0 0 0 0 0 0 0 0 0 0 0 0 0 0 0 0 0 0 0 0 0 0 0 0 0 0 0 0 0 0 0 0 0 0 0 0 0 0 0 0 0 0 0 0
0 0 0 0 0 0 0 0 0 0 0 0 0 0 36155 0 0 0 0 0 0 0 0 0 0 0 0 0 0 0 0 0 0 0 0 0 0 0 10 0 0 0 0 0 1 0 0 0 0 0 0 3 11 0 0 3 12 1 0 0 0 0 0 1 4 1 2 4 0 0 0 0 0 0 0 0 0 0 0 4540 0 0 0 0 0 0 16 0 0 0 0 0 0 0 0 0 0 0 0 0 0 0 0 0 0 0 0 0 0 0 0 0 0 0 0 0 0 0 0
0 0 0 0 0 0 0 0 0 0 0 0 0 0 0 0 0 0 0 0 0 569 0 0 0 0 0 0 0 2 0 0 0 0 1 0 0 0 0 0 0 0 0 0 0 0 0 0 0 0 0 0 0 0 0 0 0 0 0 0 18743 0 0 0 0 0 0 0 0 0 0 0 0 0 0 0 0 0 0 0 0 0 0 0 0 0 0 0 0 0 0 0 0 0 0 0 0 0 0 0 0 0 0 0 0 0 0 0 0 0 0 0 0 0 0 0 0 0 0
0 0 0 0 0 0 0 0 0 0 0 0 0 0 0 0 0 0 0 39919 0 8958 0 5107 448 0 0 0 0 1 0 0 0 0 0 0 0 0 0 0 1 0 0 0 0 0 0 0 0 0 0 0 0 0 0 0 0 2973 0 0 0 0 0 0 0 0 0 0 0 0 0 0 0 0 0 0 0 0 0 0 0 0 0 0 0 0 0 0 0 0 0 0 0 0 0 0 0 1 0 0 0 0 0 0 0 0 0 0 0 0 0 0 0 0 0 0 0 0 0
0 0 0 0 0 0 0 0 0 0 0 0 0 0 0 0 0 0 0 0 0 0 0 0 0 0 0 0 1 2 0 1 0 0 0 0 0 0 0 0 0 0 0 0 0 0 0 0 0 0 197 0 0 11 0 193 0 0 0 0 0 0 0 0 0 0 0 0 0 0 0 0 0 0 0 0 0 0 0 0 0 0 0 0 0 0 0 0 0 0 0 0 0 0 0 0 0 0 0 0 0 0 0 0 0 0 0 0 0 0 0 0 0 0 0 0 0 0 0
0 0 0 0 0 0 0 0 0 0 0 0 0 0 0 0 0 0 0 2254 970 1622 0 0 0 0 0 0 0 0 0 0 0 0 0 0 0 0 0 0 1 0 0 0 0 0 0 0 0 0 0 0 0 0 0 0 0 0 0 0 0 0 0 0 0 0 0 0 0 0 0 0 0 0 0 0 0 0 0 0 0 0 0 0 0 0 0 0 0 0 0 0 0 0 0 0 0 0 0 0 0 0 0 0 0 0 0 0 0 0 0 0 0 0 0 0 0 0 0
0 0 0 0 0 0 0 0 0 0 0 0 0 0 0 0 0 0 0 5315 0 4448 4517 0 0 0 0 0 0 0 0 0 0 0 0 0 0 0 0 0 7 0 0 0 0 0 0 0 0 0 0 0 0 0 0 0 0 0 0 83 0 0 0 0 0 0 0 0 0 0 0 0 0 0 0 0 0 0 0 0 0 0 0 0 0 0 0 0 0 0 0 0 0 0 0 0 0 0 0 0 0 0 0 0 0 0 0 0 0 0 0 0 0 0 0 0 0 0 0
0 0 0 0 0 0 0 0 0 0 0 0 0 0 0 0 0 0 0 579 0 835 1600 2060 0 0 0 0 0 3 0 0 0 0 0 0 0 0 0 0 1 0 0 0 0 0 0 0 0 0 13 0 0 5 0 0 0 0 0 0 0 0 0 0 0 0 0 0 0 0 0 0 0 0 0 0 0 0 0 0 0 0 0 0 0 0 0 0 0 0 0 0 0 0 0 0 0 0 0 0 0 0 0 0 0 0 0 0 0 0 0 0 0 0 0 0 0 0 0
0 0 0 0 0 0 0 0 0 0 0 0 0 0 1 0 0 0 0 4 6 5 10 15 1 0 0 0 0 0 0 0 0 0 0 0 0 0 0 0 121 0 8 0 275 1501 0 46 0 10 0 9 35 0 0 0 628 70 42714 9658 0 0 0 0 0 0 0 2928 2 0 0 0 1 0 0 3 0 0 0 0 0 0 0 0 0 0 8 0 0 0 0 319 0 0 0 0 0 1 0 0 0 0 0 0 0 0 0 0 0 0 0 0 0 0 0 0 0 1 0
0 0 0 0 0 0 0 0 0 0 0 0 0 0 0 0 0 0 5 0 0 0 0 0 0 0 0 0 4 7 5 7 0 0 2 0 0 0 0 0 0 0 0 0 0 0 0 0 0 2 23 0 0 0 0 0 0 50518 0 16579 0 0 0 0 0 0 0 0 0 0 0 0 0 0 0 0 0 0 0 0 0 0 0 0 0 0 11 0 0 0 0 2080 0 0 0 0 0 1 1 0 0 0 0 0 0 0 0 0 0 0 1 0 0 0 0 0 0 0 0
0 0 0 0 0 0 0 0 0 0 0 11 0 0 14 0 3 0 0 12 18 14 32 48 2 0 13 0 3 4 3 5 0 0 0 0 195 0 272 0 337 0 26 0 0 0 0 0 0 2 1709 497 2028 0 0 1800 4303 2155 2125 0 0 0 0 0 0 0 0 8291 0 0 0 0 2 0 1 9 110 0 0 0 0 0 0 0 0 0 1 0 0 0 1 0 0 0 0 0 0 0 0 0 0 0 0 0 0 0 0 0 0 0 0 0 0 0 0 0 0 0 0
0 0 0 0 0 0 0 0 0 0 0 0 0 0 4 0 0 0 0 0 0 0 0 0 0 0 0 0 0 0 0 0 0 30 0 0 0 151 0 0 0 0 0 0 0 0 2 0 0 0 0 0 0 0 0 0 0 0 0 0 0 0 0 0 0 0 0 0 0 0 0 0 0 0 0 0 0 0 0 0 0 0 0 0 0 0 0 0 0 0 0 0 7 37 0 35 0 0 0 0 0 0 0 0 0 0 0 0 0 0 0 0 0 0 0 0 40 1 0
0 0 0 0 0 0 0 0 0 0 0 0 0 0 0 0 0 0 0 0 0 0 0 0 0 0 0 0 0 0 0 0 97 38 0 0 0 119 157 0 0 0 4928 0 0 0 0 0 0 0 0 0 0 0 0 0 0 0 0 0 0 0 0 0 0 0 0 0 0 0 0 0 0 0 0 0 0 0 0 0 0 0 0 0 0 0 0 0 0 0 0 0 0 5 0 15 1408 0 0 0 0 0 0 0 0 0 0 0 0 0 0 0 34 0 0 0 30 1 0
0 0 0 0 0 0 0 0 0 0 0 0 0 0 0 0 0 0 0 0 0 0 0 0 0 0 0 0 0 0 0 0 0 0 0 0 125 11 0 0 0 0 2916 0 0 0 0 0 0 0 0 0 0 0 0 0 0 0 0 0 0 0 0 0 0 0 0 0 0 0 0 0 0 0 0 0 0 0 0 0 0 0 0 0 0 0 0 0 0 0 0 0 0 1 0 8 0 0 0 0 0 0 0 0 0 0 0 0 0 0 0 0 0 0 0 0 0 0 0
0 0 0 0 0 0 0 0 0 0 0 0 0 0 3 0 0 0 0 0 0 0 0 0 0 0 0 0 0 0 0 0 0 0 0 0 0 195 519 0 0 51 0 0 0 0 0 0 0 0 0 0 0 0 0 0 0 0 0 0 0 0 0 0 0 0 0 0 0 0 0 0 0 0 0 0 0 0 0 0 0 0 0 0 0 0 0 0 0 0 0 0 0 37 0 18 0 0 0 0 0 0 0 0 0 0 0 0 0 0 0 0 0 0 0 0 0 0 0
0 0 0 55 0 34 0 5 9109 887 0 0 0 5449 18 0 1 0 0 0 0 0 0 0 0 0 0 0 45 0 202 2259 0 897 0 0 0 0 4024 0 0 0 0 0 1 0 0 0 0 0 0 587 2443 0 0 0 0 0 0 0 0 0 0 0 0 0 0 0 0 0 0 0 0 0 0 0 0 0 0 0 0 0 0 0 0 0 0 0 0 0 0 0 0 31 0 18 355 0 0 0 0 0 0 0 0 0 0 0 0 0 0 0 0 0 0 0 0 0 0
0 0 0 0 0 0 0 0 0 0 0 0 0 0 14 0 0 0 0 0 0 0 0 0 0 0 0 0 0 0 36 35 0 0 0 0 0 2668 909 0 0 0 0 0 0 0 0 0 0 0 0 0 0 0 0 0 0 0 0 0 0 0 0 0 0 0 0 0 0 0 0 0 0 0 0 0 0 0 0 0 0 0 0 0 0 0 0 0 0 0 0 0 0 7 0 41 473 0 0 0 0 0 0 0 0 0 0 0 0 0 0 0 0 0 0 0 0 0 0
0 0 0 8 1 0 0 0 1872 113 0 0 0 1120 0 0 0 0 0 0 0 0 0 0 0 0 0 0 0 0 0 0 225 0 0 0 1023 732 4001 0 0 0 0 0 0 0 0 0 0 0 0 0 0 0 0 0 0 0 0 0 0 0 0 0 0 0 0 0 0 0 0 0 0 0 0 0 0 0 0 0 0 0 0 0 0 0 0 0 0 0 0 0 0 4 0 24 680 0 0 0 0 0 0 0 0 0 0 0 0 0 0 0 0 0 0 0 78 0 0
0 0 0 0 0 0 0 0 31 0 0 6 0 1309 2 0 0 0 0 0 0 0 0 0 0 0 0 0 786 117 467 687 1 0 0 0 189 0 593 0 0 0 0 0 0 0 2 0 0 0 0 9 39 27 0 0 0 0 0 0 0 0 0 0 0 0 0 0 0 0 0 0 0 0 0 0 0 0 0 1 0 0 0 0 0 0 0 0 0 0 0 0 2 6 1 24 0 0 0 0 0 0 0 0 0 0 0 0 0 0 20 0 87 46 0 0 0 1 0
1 0 0 0 0 70 0 0 35820 63789 77715 29034 46466 26816 4268 0 3403 0 0 0 0 0 0 0 0 0 0 0 40 100 0 542 26 8427 0 0 0 7104 3846 3 0 3 0 191 5 23 0 0 0 39 0 61 248 76 7 0 0 88 0 34 50 0 0 0 0 0 0 0 0 0 0 0 0 0 0 0 0 0 0 0 0 0 0 0 0 0 1 0 0 0 0 0 0 19 0 27 2015 0 0 0 0 0 0 0 0 0 0 0 0 0 22 3 0 44 0 0 1323 0 0
0 0 0 0 0 0 0 0 36 37 0 0 0 34 1 0 0 0 0 0 0 0 0 0 0 0 0 0 0 0 0 0 0 0 0 0 0 0 0 0 0 0 0 0 0 0 0 0 0 31 0 0 0 0 0 0 0 1 0 0 0 0 0 0 0 0 0 0 0 0 0 0 0 0 0 0 0 0 0 0 0 0 0 0 0 0 1 0 0 0 0 0 0 1 0 2 703 0 1 0 0 0 0 0 0 0 0 0 0 0 0 0 0 0 0 0 406 0 0
0 0 0 0 0 0 0 0 1 4 0 0 0 0 0 0 0 0 0 0 0 0 0 0 0 0 0 0 30 0 190 0 0 0 0 0 0 0 0 2 0 0 0 0 3 0 0 0 0 2 0 0 0 0 0 0 0 0 0 0 0 0 0 0 0 0 0 0 0 0 0 0 0 0 0 0 0 0 0 0 0 0 0 0 0 0 1 0 0 0 0 0 0 13 0 14 302 0 0 0 0 0 0 0 0 0 0 0 0 0 2 0 12 44 0 0 0 0 0
0 0 0 0 0 0 0 0 0 0 0 0 0 0 0 0 0 0 0 0 0 0 0 0 0 0 0 0 0 0 0 0 0 0 0 0 0 0 0 0 0 0 0 0 0 0 0 0 0 0 0 0 0 0 0 0 0 0 0 0 0 0 0 0 0 0 0 0 0 0 0 0 0 0 0 0 0 0 0 0 0 0 0 0 0 0 0 0 0 0 0 0 0 0 0 0 0 0 0 0 0 0 0 0 0 0 0 0 0 0 0 0 0 0 0 0 24 0 0
6 0 0 82 0 0 0 20 7 4 12 6 0 0 3 124 683 0 0 0 0 0 0 0 0 0 343 0 0 3 13 38 146 0 37 0 104 1 0 1 0 41515 4304 0 0 1065 113 952 0 3 693 0 0 34 2807 561 286 0 30 175 0 0 0 5 0 0 0 0 0 0 0 0 337 3 302 272 8831 0 0 0 0 0 0 0 0 0 2 0 0 0 0 0 0 54 39 267 546 0 2 41 0 0 0 21 0 0 0 0 0 0 10 152 0 30 50 0 30 0 0
0 0 0 13 0 0 0 0 0 0 0 0 0 0 15 75 0 0 1 0 0 0 0 0 0 0 0 0 0 0 0 0 129 4 0 0 0 38 0 0 0 0 0 0 1 0 0 0 0 1 0 0 0 0 0 0 0 2 0 7 0 0 0 0 0 0 0 0 0 0 1 0 4 0 0 0 0 0 0 0 0 0 0 0 1 0 39 0 0 0 0 0 0 0 0 0 0 34 0 0 0 0 0 0 0 0 0 0 0 0 0 92 0 0 0 0 0 201 0
0 0 0 0 0 0 0 0 0 0 0 0 0 0 0 0 0 0 0 0 0 0 0 0 0 0 0 0 0 0 0 0 0 0 0 0 10 0 26 0 0 6 0 0 0 0 0 312 0 0 0 0 0 0 0 0 0 0 0 0 0 0 0 0 0 0 0 0 0 0 0 0 0 0 619 0 1512 0 0 0 0 0 0 0 0 0 8 0 0 0 0 0 0 0 0 0 0 0 0 0 0 0 0 0 0 0 0 0 0 0 0 0 0 0 0 0 0 0 0
1 0 0 169 10 15 0 25 29 1 16 592 30 270 16 0 67 0 3 0 0 0 0 0 0 0 1066 140 0 0 0 0 0 5 0 0 0 98 15 0 46 13 179 0 13850 1630 0 0 0 10 0 0 0 0 0 258 836 75 0 93 0 0 0 0 0 0 0 0 0 0 10 0 2 1 90 288 0 0 0 0 0 0 0 0 22 0 4 0 0 0 0 4476 0 2 0 6 0 71 0 21 0 0 0 0 0 0 0 0 0 0 8 0 0 51 0 0 12 0 0
0 0 0 0 0 0 0 0 0 0 0 0 0 0 0 0 0 0 0 0 0 0 0 0 0 0 0 0 0 0 0 0 0 0 0 0 0 0 0 74 17 0 0 0 0 448 0 21 0 18 4 0 0 0 0 0 0 0 0 0 0 0 0 0 0 0 0 0 0 0 0 0 0 0 0 0 0 0 0 0 0 0 0 0 0 0 4 0 0 0 0 0 0 4 0 0 0 0 0 2 0 0 0 0 0 0 0 132 0 0 0 0 0 0 0 116 0 0 0
0 0 0 140 1 15 0 14 0 32 2 2 7 0 38 0 25 0 0 0 0 0 0 0 0 0 0 0 6 1 410 1804 359 4366 164 0 0 16886 3976 6982 0 533 814 0 0 0 0 18 0 17 0 40 163 332 0 3074 3166 2425 3828 0 0 0 0 0 16 197 60 0 38 0 0 0 171 153 169 200 2653 0 0 0 0 0 0 0 0 0 90 0 0 4 0 0 11 176 390 2642 1313 271 1 2 1 4 0 7 0 158 0 136 0 414 264 801 0 99 231 126 321 0 0
0 0 0 41 2 7 0 10 0 51 2 0 1 1 2 38 33 1 24 2 14 2 4 6 0 0 37 80 0 0 42 132 90 11 140 0 75 587 19 394 0 332 251 133 21 410 0 1 0 140 0 0 0 9 0 0 82 32 81 61 0 0 0 273 0 0 6 4 0 0 1283 0 48 0 16 57 467 0 0 0 0 0 0 0 3 0 104 1 0 3 0 0 0 255 0 1137 121 128 75 11 1 7 0 12 0 334 244 514 0 2891 0 11670 37 2239 314 5923 6080 0 0
0 0 0 0 0 0 0 0 0 0 0 0 0 0 0 0 0 0 0 0 0 0 0 0 0 0 0 0 0 0 0 0 0 0 0 0 0 0 0 0 0 0 0 0 0 0 0 0 0 0 0 0 0 0 0 0 0 0 0 0 6353 0 0 0 0 0 0 2 0 0 0 0 0 0 0 0 0 0 0 0 0 0 0 0 0 0 0 0 0 0 0 0 0 0 0 0 0 0 0 0 0 0 0 0 0 0 0 0 0 0 0 0 0 0 0 0 0 0 0
666 1 31 627 1989 88 0 1145 1878 231 698 1806 13378 4293 228 10984 83400 0 28 446 668 449 162 242 9 13 9860 19463 2 0 100 661 119 868 3224 0 921 3172 1089 723 1466 4711 422 2240 3208 2539 752 1222 0 1536 2309 1939 7870 21569 0 4842 3620 4162 348 5322 0 0 248 1979 1484 766 5234 7493 0 0 1285 217 0 0 417 717 2263 0 695 637 281 2476 393 99569 1671 53 3183 161 166 3558 82632 657 1244 2624 0 2099 893 2499 19203 5412 3489 10295 29259 6057 390 0 184 211 142 1277 5055 801 6307 175 880 6958 553 4 0
0 0 0 0 0 0 0 0 0 0 0 0 0 0 0 0 0 0 0 0 0 0 0 0 0 0 0 0 0 0 0 0 0 0 0 0 0 0 0 0 0 0 0 0 0 0 0 0 0 0 0 0 0 0 0 0 0 0 0 0 0 0 0 0 0 0 0 0 0 0 0 0 0 0 0 0 0 0 0 0 0 0 0 0 0 0 0 0 0 0 0 0 0 0 0 0 0 0 0 0 0 0 0 0 0 0 0 0 0 0 0 0 0 0 0 0 0 0 0
0 0 0 81 17 22 0 13 0 0 0 0 0 0 0 125 3 0 7 53 226 0 163 166 0 0 0 0 10 4 1 1 31 261 0 0 1014 4033 699 6 0 12 7776 1453 0 4330 689 424 0 127 0 4219 17478 2945 39245 0 7814 0 0 0 2373 568 9749 0 21466 0 12786 16678 2173 0 789 674 6851 6109 0 897 10227 0 408 547 80 125 144 0 365 129 13 210 222 4 8 0 0 0 0 0 5 0 0 1 0 0 0 0 0 0 0 0 0 0 1409 70 0 542 1064 0 0 0 0
0 0 2 0 2166 125 1 8 0 0 1 2 0 0 0 44 0 0 0 0 0 0 0 0 0 0 0 0 0 0 0 0 0 0 0 0 0 0 0 0 0 0 0 0 0 0 0 0 0 4 0 0 0 0 0 0 0 0 0 0 0 0 0 0 0 0 0 0 0 0 0 0 0 0 0 0 0 0 0 0 0 0 0 0 0 0 0 0 0 0 0 0 0 0 0 0 0 0 0 0 0 0 0 0 0 0 0 0 0 0 0 0 0 9 0 0 2 0 0
1122 1 21 7602 12665 0 7 181 24 15 81 280 0 38 66 33 2 0 0 0 0 0 0 0 0 0 0 0 0 0 0 0 0 0 0 0 0 0 0 0 0 0 0 0 0 0 0 0 0 11 0 7619 0 0 0 0 0 0 0 0 0 0 0 0 0 0 0 0 0 0 0 0 0 0 0 0 0 0 0 0 0 0 0 0 0 0 8 0 0 0 0 11 0 0 0 0 0 0 0 3 0 0 0 0 0 0 0 0 0 0 0 0 0 0 0 0 0 0 0
283 0 9 1761 7073 0 3 54 771 681 1135 1808 1502 946 534 319 100 3 71 0 0 0 0 0 0 1 2079 4407 5 1 282 1320 626 2 0 0 0 1159 1073 3908 0 168 7951 3578 23103 0 0 1966 0 1802 0 2073 9494 0 0 3409 3515 474 689 3678 143 695 780 877 3150 345 922 1169 3187 0 1850 696 1081 1782 631 975 0 0 24 324 0 28 8 0 100 0 7794 52 40 70 1 0 436 0 0 9 0 5 0 3 0 0 5 50 10 9 48 28 0 0 270 2292 217 441 0 2484 331 1068 0
14 0 1 1117 31 50 0 146 10 282 204 287 4525 59 70 78 9 1 12 0 0 0 0 0 0 0 2556 1352 11 1 659 3418 1622 0 1623 0 0 0 12637 347 0 673 5389 2322 129 3699 1663 788 953 3141 0 914 3710 232 0 1280 1099 79 310 3788 0 0 0 0 0 0 13 0 1142 0 3315 986 1640 2216 10304 7490 0 0 0 0 0 3 4 0 17 0 84 10 10 49 1 1652 1695 153 104 356 0 133 848 2482 0 1 0 51 0 0 0 0 0 3755 258 0 0 232 109 0 70 2736 0
0 0 0 0 0 0 0 0 0 0 0 0 0 0 4 0 0 0 0 0 0 0 0 0 0 0 0 0 85 122 25 29 223 752 0 0 1159 2452 0 0 0 0 31 0 0 0 1 0 0 6 246 0 0 0 0 0 114 2 0 14 0 0 0 1 0 0 0 0 0 0 24 0 35 10741 755 146 403 0 0 0 0 0 0 0 0 0 9 0 0 0 0 0 0 0 0 0 0 8 0 0 0 0 0 0 0 0 0 0 0 0 47 0 0 61 126 0 0 0 0
0 0 0 0 0 0 0 0 0 0 0 0 0 0 1 0 0 0 0 0 0 0 0 0 0 0 0 0 0 0 0 0 0 0 0 0 0 1039 0 0 0 0 0 0 0 0 0 0 0 0 0 0 0 0 0 0 0 0 0 0 0 0 0 0 0 0 0 0 0 0 0 0 45 0 3 19 0 0 0 0 0 0 0 0 0 0 7 0 0 0 0 0 0 0 0 0 0 0 0 0 0 0 0 0 0 0 0 0 0 0 0 0 0 9 0 0 0 0 0
0 0 0 0 0 0 0 0 0 0 0 0 0 0 1 0 0 0 0 67 0 405 452 451 72 0 0 0 0 0 0 0 0 0 0 0 0 0 0 0 1 0 0 0 0 0 0 0 0 0 0 0 0 0 0 0 178 0 0 0 0 0 0 0 0 0 0 0 0 0 0 0 0 0 0 0 0 0 0 0 0 0 0 0 0 0 6 0 0 0 0 0 0 0 0 0 0 2 0 0 0 0 0 0 0 0 0 0 0 0 7 0 0 0 0 0 0 0 0
1 0 0 5 1 2 0 1 6 4 5 6 5 6 2 0 1 0 0 0 0 0 0 0 0 0 71 0 0 0 0 0 0 0 0 0 0 0 0 0 0 0 0 0 0 0 0 0 0 0 0 0 0 0 0 0 0 409 0 9179 0 0 0 0 0 0 0 0 0 0 0 0 0 0 0 0 0 0 0 0 0 0 0 0 0 0 66 0 0 0 0 0 0 10 0 0 0 5 0 25 0 0 0 0 0 0 0 0 0 0 0 0 0 8 0 0 0 0 0
1 0 0 27 1 2 0 1 1 1 1 4 1 0 20 75 0 0 1 7718 6513 5356 5946 0 216 0 0 7 0 0 0 0 0 0 0 0 0 8 0 0 0 0 11 0 0 0 0 113 0 2 682 2 9 0 0 0 5444 16884 0 0 0 0 0 760 0 2 0 13 0 0 0 7 126 5 113 2 127 0 209 278 0 131 152 0 265 0 37 217 232 226 0 23284 0 0 0 0 0 11 0 1 0 0 0 0 0 0 0 0 0 0 0 0 0 218 0 0 0 0 0
0 0 0 0 0 0 0 0 0 0 0 0 0 1 0 0 22 1 21 0 265 204 382 585 24 0 837 94 0 0 0 0 0 0 0 0 0 1 0 1 4 0 8 0 0 18 96 0 1171 469 0 0 0 0 793 6 0 29 437 16 0 44396 6 124 0 2 4 2372 14155 0 0 2842 95 0 3572 4833 0 0 165 230 31 56 65 0 164 0 3 95 100 203 7 7724 26 0 0 0 0 775 0 0 2 14 0 69 0 0 0 0 0 0 0 28 7 26 0 0 0 323 0
0 0 0 0 0 0 0 0 0 0 0 0 0 0 0 0 14 1 14 79 166 127 239 365 15 0 523 58 0 0 0 0 0 0 0 0 0 0 0 0 6 0 5 1 0 12 67 0 596 293 0 0 0 0 497 4 0 19 273 1322 0 0 4 8 0 1 3 1920 9813 0 0 1451 59 0 2230 3017 0 0 8 63 0 33 38 0 103 0 2 59 62 125 4 5423 16 0 0 0 0 484 0 0 1 9 0 43 0 0 0 0 0 0 0 0 0 22 0 0 0 279 0
0 0 0 0 0 0 0 0 0 0 0 0 0 0 0 0 0 0 0 0 0 0 0 0 0 0 0 0 0 0 0 0 0 0 0 0 0 0 0 0 2 0 7 0 1 0 12 0 0 158 0 0 0 0 10 0 297 8 0 7 0 0 0 0 0 0 0 17422 0 0 0 0 0 153 0 0 0 0 0 0 0 0 0 0 0 0 2 0 0 0 0 0 0 0 0 0 0 0 0 0 0 0 0 0 0 0 0 0 0 0 4 0 0 0 0 0 0 0 0
0 0 0 0 0 0 0 0 0 0 0 0 0 0 0 0 0 0 0 0 0 0 0 0 0 0 0 0 45 112 44 67 0 695 0 0 185 0 213 153 0 0 13 205 0 294 0 0 0 19 37 0 0 0 206 0 286 65 0 0 0 0 0 0 0 0 0 1765 0 0 1217 274 19 20 0 3872 275 0 0 0 0 0 0 0 0 0 3 0 0 0 0 0 12 0 0 0 0 0 0 0 0 0 0 0 0 0 0 0 0 0 0 0 0 0 0 0 0 0 0
0 0 0 0 0 0 0 0 0 0 0 0 0 0 0 0 0 0 0 0 0 0 0 0 0 0 0 0 0 0 0 0 0 0 0 0 0 0 0 0 0 0 0 0 0 0 13 0 0 0 0 0 0 0 10 0 27 0 0 1 471 99 0 0 0 0 0 106 0 0 0 0 4 0 0 0 0 0 0 0 0 0 0 0 0 0 0 0 0 0 0 0 0 0 0 0 0 0 0 0 0 0 0 0 0 0 0 0 0 0 0 0 0 0 0 0 0 0 0
0 0 0 0 0 0 0 0 0 0 0 0 0 0 0 0 0 0 0 0 0 0 0 0 0 0 0 0 0 0 0 0 0 0 0 0 0 0 0 0 4 0 18 0 2 0 116 0 0 8 0 0 0 0 113 0 0 0 0 0 0 0 0 0 0 0 0 1159 0 0 0 16287 1186 250 1 245 42 0 0 0 0 0 0 0 0 0 2 0 0 0 0 0 0 0 0 0 0 0 0 0 0 0 0 0 0 0 0 0 0 0 70 0 0 0 0 0 0 0 0
0 0 0 0 0 0 0 0 0 0 0 0 0 0 0 0 0 0 0 0 0 0 0 0 0 0 0 0 0 0 0 0 0 0 0 0 0 0 0 0 0 0 0 0 1 0 0 0 0 266 0 0 0 0 0 0 397 16 0 0 0 0 96 0 0 11597 0 11075 0 0 0 0 0 0 0 0 0 0 0 0 0 0 0 0 0 0 9 0 0 0 0 0 0 0 0 0 0 0 0 0 0 0 0 0 0 0 0 0 0 0 0 0 0 0 0 0 0 0 0
0 0 0 0 0 0 0 0 0 0 0 0 0 0 0 0 0 0 0 0 0 0 0 0 0 0 0 0 0 0 0 0 0 0 0 0 0 2 0 0 0 0 6 2 1 224 0 0 0 88 0 0 0 0 132 21 17 0 0 0 0 0 0 0 0 0 0 0 0 0 114 1673 86 26 23 287 1 0 0 0 0 0 0 0 0 0 3 0 0 0 0 0 0 0 0 0 0 1 0 0 0 0 0 0 0 0 0 0 0 0 5 0 0 0 0 0 0 0 0
30 0 0 426 8 60 0 37 35 258 1144 1131 707 203 46 351 1 1 19 1206 1850 1496 3346 5008 247 0 2604 535 5 1 353 1510 2766 132 21 0 1122 0 6413 0 308 339 1230 1231 122 0 507 521 313 4662 0 106 431 0 0 4339 1481 83 190 1082 0 0 291 5995 373 300 1140 2274 0 0 0 750 317 126 3244 2372 0 0 51 74 8 33 38 0 81 0 424 9 59 210 2 10018 0 0 0 0 96 129 6 245 2 11 0 26 0 0 0 0 0 104 372 119 2148 235 414 146 82 209 0
84 0 2 0 34 97 0 160 15 38 0 574 0 89 95 141 0 9 195 0 0 10442 0 0 1726 0 0 0 2 0 0 584 309 0 0 0 0 0 0 0 0 0 0 0 589 0 0 0 0 2071 0 65 265 0 0 0 0 422 0 0 0 0 49 50 64 51 192 0 0 0 0 0 0 0 0 0 0 0 0 0 238 130 149 0 941 0 761 207 221 428 2 0 0 0 0 0 4 60 5 0 0 0 0 0 0 0 24 0 0 10 0 12 0 0 0 216 0 0 0
0 0 0 0 0 0 0 0 0 0 0 0 0 0 120 0 0 0 1 0 0 0 0 0 0 0 0 0 0 0 0 0 0 0 0 0 0 0 0 0 0 0 1449 0 2 171 0 0 0 6 0 0 0 0 0 0 0 2 0 272 0 0 0 0 0 0 0 0 0 0 0 0 79 22 0 0 236 0 0 0 0 0 0 0 0 0 44 0 0 11 0 0 0 0 0 0 0 0 0 0 1 1 0 0 982 3 0 4 4 928 2 272 0 676 0 0 197 0 0
4 0 0 44 3 4 0 7 0 0 8 5 3 2 31 195 413 0 17 142 307 236 442 678 28 1612 1091 5524 0 0 2 0 22 160 135 0 63 310 115 146 23 82 27 11 364 126 440 5461 0 451 0 94 391 0 0 892 2064 0 2715 0 0 0 133 0 50 0 488 0 0 0 24 0 0 0 0 0 0 0 3050 3350 314 557 639 0 2009 591 679 841 880 2091 9 0 110 1 0 6 0 7968 0 153 181 1212 146 405 0 0 33 9 0 679 0 0 0 0 506 14 371 333 0
0 0 0 0 0 0 0 0 0 0 0 0 0 0 0 0 0 1 32 0 0 0 0 0 0 0 0 0 0 0 0 0 0 0 0 0 0 1 0 1 0 0 2 0 0 0 0 0 25 20 0 0 3 0 0 0 0 0 0 0 0 0 60 0 0 0 5 0 0 0 0 1593 0 7695 423 566 2177 0 12 30 0 12 14 0 54 0 17 22 0 0 1 0 0 0 0 0 0 476 0 0 1 1 0 17 885 0 0 0 0 4530 0 0 0 409 138 11 553 223 0
0 0 0 2 0 0 0 0 0 0 0 0 0 0 0 0 0 1 27 64 139 107 200 306 13 0 0 0 0 0 0 0 0 0 0 0 11 1 0 1 0 0 3 0 0 0 1355 82 693 114 0 1 3 0 0 0 524 0 0 0 36 0 0 0 1 0 1 0 0 0 0 698 0 0 181 874 1048 0 0 0 0 4 5 0 17 0 3 0 0 0 1 1 0 0 0 0 0 9 0 0 1 3 0 0 0 0 0 0 0 0 0 0 0 1014 3338 0 31 38 0
0 0 0 1 0 0 0 0 0 0 0 1 1 0 43 90 0 0 7 0 0 0 0 0 0 0 0 0 0 0 102 46 34 0 0 0 10 7 0 0 0 47 0 0 4 0 0 0 0 151 0 0 0 0 0 0 0 0 0 0 0 0 0 0 0 0 0 0 0 0 0 1 0 0 0 476 6 0 0 0 0 0 0 0 0 0 62 0 0 0 0 0 759 25 0 12 0 0 544 1 1 3 0 52 0 0 0 0 0 0 0 0 195 31 52 5 0 469 0
0 0 0 0 0 0 0 0 0 0 0 0 0 0 0 0 87 0 0 0 0 0 0 0 0 0 0 0 0 0 0 0 0 0 0 0 0 0 40 0 0 69 10 0 0 0 0 0 0 4 0 0 0 0 0 0 0 0 0 0 0 0 0 0 0 0 0 0 0 0 2 3911 0 0 0 0 112 0 0 0 0 0 0 0 0 0 1 0 0 0 0 0 0 0 0 0 0 73 0 1 8 37 30 0 0 0 0 0 0 0 0 0 0 0 359 2 0 71719 0
3 0 0 20 2 1 0 8 1 0 1 0 0 2 1 0 486 0 7 17 26 22 48 72 4 0 34 0 0 0 5 15 19 123 41 0 6 298 0 2 0 2337 0 117 17 0 0 395 0 69 0 3 14 49 47 0 141 2 3 0 44 14 1 0 2 0 5 0 90 0 0 11 0 0 0 0 0 0 0 0 0 3 4 0 16 0 196 8 8 0 0 0 0 14 0 50 0 67 87 164 3 14 0 44 0 0 0 0 0 0 0 200 0 1114 10607 1628 1690 0 0
0 0 0 0 1 3 0 0 9 0 0 0 0 0 2 0 0 0 0 0 0 0 0 0 0 0 0 0 0 0 0 0 0 0 0 0 0 0 0 0 0 0 0 0 0 0 0 0 0 276 0 0 0 0 0 0 0 0 0 0 0 0 0 0 0 0 0 0 0 0 0 0 0 0 0 0 0 0 0 0 0 1 0 0 7 2 69 1 0 0 0 0 0 0 0 0 0 0 0 0 0 0 0 0 0 0 0 0 0 0 0 0 0 0 0 0 0 0 0
2 0 0 5 2 2 0 2 18 12 22 5 21 77 148 12 17 0 1 279 982 574 888 2318 33 40 171 105 0 0 39 192 74 79 77 0 116 148 168 47 198 92 41 99 1087 182 65 404 0 18 0 9 38 0 94 375 341 40 821 0 0 0 23 84 57 34 196 15 0 0 134 0 0 58 47 30 62 0 0 0 0 0 0 0 0 0 39 547 585 0 0 0 0 39 30 233 20 80 0 2 0 0 0 0 0 0 0 8 0 0 0 0 0 43 51 86 40 0 0
1 0 0 5 2 2 0 2 15 10 19 5 18 66 22 10 15 0 0 237 836 489 756 1975 28 34 146 90 0 0 33 164 63 68 65 0 99 126 143 40 169 78 35 84 926 153 54 352 0 18 0 8 33 0 71 319 290 34 700 0 0 0 20 63 48 29 167 13 0 0 114 0 0 40 40 25 47 0 0 0 0 0 0 0 0 0 39 466 499 0 0 0 0 33 26 198 17 113 0 0 0 0 0 0 0 0 0 7 0 0 0 0 0 31 46 73 34 0 0
0 0 0 1 1 0 0 1 5 3 6 1 5 20 9 3 4 0 0 72 253 148 229 598 8 10 44 27 0 0 10 50 19 20 20 0 30 38 43 12 51 24 11 26 280 47 17 107 0 25 0 2 10 29 25 97 88 10 212 49 0 5 6 22 15 9 51 4 0 0 35 0 9 16 12 8 20 0 0 0 0 0 0 0 0 0 54 141 151 0 1 0 0 10 8 60 5 34 0 0 0 0 0 2 0 0 0 2 0 0 0 0 0 10 14 22 10 0 0
0 0 0 0 0 0 0 0 0 0 1 0 1 2 38 0 0 0 0 7 24 14 22 57 1 1 4 3 0 0 1 5 2 2 2 0 3 4 4 1 5 1 1 2 27 4 1 10 0 1 0 0 1 0 0 9 8 1 20 0 0 0 1 2 1 1 5 0 0 0 3 0 0 0 1 1 0 0 0 0 0 0 0 0 0 0 1 14 14 0 1 0 0 1 1 6 0 3 0 0 0 0 0 0 0 0 0 0 0 0 0 0 0 0 1 2 1 0 0
0 0 0 0 0 0 0 0 0 0 0 0 0 2 1 0 0 0 0 6 19 11 18 46 1 1 3 2 0 0 1 4 1 2 2 0 2 3 3 1 4 1 1 2 22 3 1 8 0 0 0 0 1 0 0 7 7 1 16 0 0 0 0 1 1 1 4 0 0 0 3 0 0 0 1 1 0 0 0 0 0 0 0 0 0 0 0 11 12 0 0 0 0 1 1 5 0 3 0 0 0 0 0 0 0 0 0 0 0 0 0 0 0 0 1 2 1 0 0
0 0 0 0 0 0 0 0 1 0 1 0 1 3 4 0 1 0 0 10 36 21 32 84 1 1 6 4 0 0 1 7 3 3 3 0 4 5 6 2 7 3 1 4 39 7 3 15 0 11 6 0 1 5 4 14 12 1 30 7 4 6 1 3 2 1 7 1 3 0 5 0 3 3 2 1 3 0 0 0 0 0 0 0 0 0 24 20 21 1 0 0 1 1 1 8 1 5 0 0 0 0 0 0 1 0 0 0 0 0 0 0 0 2 2 3 2 1 0
0 0 0 0 0 0 0 0 0 0 0 0 0 0 1 0 0 0 0 0 0 0 0 1 0 0 0 0 0 0 0 0 0 0 0 0 0 0 0 0 0 0 0 0 1 0 0 0 0 1 0 0 0 0 0 0 0 0 0 0 0 0 0 0 0 0 0 0 0 0 0 0 0 0 0 0 0 0 0 0 0 0 0 0 0 0 3 0 0 0 0 0 0 0 0 0 0 0 0 0 0 0 0 0 0 0 0 0 0 0 0 0 0 0 0 0 0 0 0
0 0 0 0 0 0 0 0 1 1 1 0 1 4 0 1 1 0 0 14 49 29 44 116 2 2 9 5 0 0 2 10 4 4 4 0 6 7 8 2 10 5 2 5 54 9 3 21 0 0 0 0 2 6 6 19 17 2 41 10 5 8 1 4 3 2 10 1 4 0 7 0 4 4 2 1 4 0 0 0 0 0 0 0 0 0 0 27 29 1 0 0 1 2 2 12 1 7 0 0 0 0 0 0 1 0 0 0 0 1 0 0 0 3 3 4 2 1 0
0 0 0 0 0 0 0 0 0 0 0 0 0 0 0 0 0 0 0 0 0 0 0 0 0 0 0 0 0 0 0 0 0 0 0 0 0 0 0 0 0 0 0 0 0 0 0 0 0 0 0 0 0 0 0 0 0 0 0 0 0 0 0 0 0 0 0 0 0 0 0 0 0 0 0 0 0 0 0 0 0 0 0 0 0 0 0 0 0 0 0 0 0 0 0 0 0 0 0 0 0 0 0 0 0 0 0 0 0 0 0 0 0 0 0 0 0 0 0
4 0 0 13 5 4 0 5 41 29 52 13 49 181 62 28 40 0 1 0 0 1344 2079 0 77 95 0 247 1 0 92 450 172 186 179 0 0 0 394 110 0 216 97 232 2545 0 0 968 0 4 0 22 90 0 0 0 797 95 0 0 0 0 54 199 133 80 460 35 0 0 0 0 0 192 0 69 0 0 0 0 0 0 0 0 0 0 0 0 0 0 4 0 0 96 0 0 49 328 0 5 0 0 0 18 0 0 0 19 8 7 0 0 0 0 55 213 105 0 0
6 0 0 19 8 6 0 7 61 43 77 19 72 269 88 41 60 0 2 0 584 1996 3087 0 114 141 595 366 2 0 136 668 256 276 266 0 0 0 585 163 0 322 144 344 3779 0 242 1438 0 6 0 32 134 0 0 1302 1184 141 0 0 0 0 80 295 197 119 683 52 0 0 0 0 224 290 165 103 0 0 0 0 0 0 0 0 0 0 0 5254 0 0 4 0 0 544 0 0 0 1851 37 27 1 1 42 127 217 0 38 110 83 122 0 0 0 0 0 1204 597 170 0
2 0 0 0 0 0 0 1 0 5 0 0 0 0 7 133 0 0 0 0 0 0 0 0 0 17 85 32 1 0 33 186 113 0 58 0 0 60 145 0 0 68 32 77 7 0 0 194 0 0 0 5 33 0 0 0 0 2337 0 0 0 0 6 142 6 5 5 386 0 0 0 0 0 73 0 57 22 0 152 141 3 265 304 0 99 0 4333 352 348 0 14 0 6 5 0 79 0 12 10 5 6 9 0 6 0 0 10 18 0 24 31 0 0 0 0 203 128 0 0
0 0 0 0 0 1 0 0 0 0 0 0 0 0 1 0 0 0 0 0 0 0 0 0 0 1772 0 0 0 0 0 0 0 0 0 0 0 0 0 0 0 0 0 0 0 0 0 0 0 0 0 0 0 0 0 0 0 0 0 0 0 0 0 0 0 0 0 0 0 0 0 0 0 0 0 0 0 0 0 0 0 0 0 0 0 0 1 0 0 0 0 0 0 0 0 0 0 0 0 0 0 0 0 0 0 0 0 0 0 0 0 0 0 0 0 0 0 0 0
9 0 0 144 3 47 0 0 9 122 232 776 300 55 516 6 96 0 6 1238 1899 1537 3435 0 254 0 0 4351 1 0 81 275 36 681 938 0 172 333 247 591 494 218 420 0 334 626 1170 1209 0 7122 395 0 0 526 0 879 821 541 661 0 0 0 211 237 276 215 830 633 0 0 542 228 22 0 3 271 122 0 148 164 32 58 67 0 102 61 2713 73 69 8 0 0 42 426 0 1241 296 15156 84 1287 24 82 0 415 0 0 3 286 1951 232 173 509 412 810 743 346 1483 236 0
4 0 0 7 1 0 0 0 1 1 14 0 3 1 135 54 0 0 18 136 350 283 317 316 12 0 212 138 0 0 60 166 136 124 293 0 312 595 229 35 248 396 377 434 142 0 372 823 0 138 102 75 312 0 0 204 58 47 96 157 0 0 109 0 207 0 254 187 283 0 124 0 46 0 0 57 254 0 205 253 43 50 57 0 143 0 32 22 87 0 0 0 0 228 0 0 0 26 8913 21 0 0 0 138 916 0 0 41 0 0 35 0 59 0 287 203 197 0 0
0 0 0 0 0 18 0 0 0 0 0 0 0 0 9 0 0 0 0 0 0 0 0 0 0 0 0 0 0 0 0 0 0 0 0 0 0 0 0 0 0 0 0 0 0 0 0 0 0 160 0 0 0 0 0 0 0 0 0 0 0 0 0 0 0 0 0 0 0 0 0 0 0 0 0 0 0 0 0 0 0 0 0 0 0 0 43 0 0 0 4 0 0 0 0 0 0 0 0 0 0 0 0 0 0 0 0 0 0 0 0 0 0 0 0 0 0 0 0
0 0 0 0 0 0 0 0 0 0 0 0 0 0 1054 0 154 0 0 431 662 535 1197 1792 88 0 91 0 3 0 230 747 825 41217 507 0 14788 8086 3168 67 0 3383 338 512 335 0 15211 428 3644 4162 596 85 346 370 0 68 224 252 64 220 5645 180 176 135 110 75 628 414 361 0 1892 386 401 51 794 831 8477 0 0 0 0 0 0 0 0 0 2146 0 0 120 0 68 5416 888 0 3934 150 399 143 0 142 394 12294 1199 9975 0 0 0 112 1402 0 933 0 0 156 0 1114 0 0
0 0 0 0 0 215 0 0 0 0 0 0 0 0 674 0 0 0 0 0 0 0 0 0 0 0 0 0 0 0 0 0 0 0 0 0 0 0 0 0 0 0 0 0 0 0 0 0 0 2326 0 0 0 0 0 0 0 0 0 0 0 0 0 0 0 0 0 0 0 0 0 0 0 0 0 0 0 0 0 0 0 0 0 0 0 0 1960 0 0 0 2631 0 0 0 0 0 0 0 0 0 0 0 0 0 0 0 0 0 0 0 0 0 0 0 0 0 0 0 0
8 0 0 0 0 0 0 48 0 0 4 6 0 0 314 1058 0 0 22 0 0 0 0 0 0 0 121 57 2 0 896 780 0 0 0 0 0 0 0 574 0 881 322 403 56 0 0 170 0 622 0 5 18 357 1567 446 723 50 222 184 108 33 58 120 36 25 207 65 0 0 0 401 201 333 175 215 615 0 0 0 0 0 0 0 0 0 994 0 0 12 0 0 215 222 0 1246 0 70 126 65 74 112 1583 343 0 6723 118 53 0 232 743 460 0 5166 577 9179 798 420 0
0 0 0 0 0 0 0 1 0 0 0 0 0 0 62 0 2 1 11 0 0 0 0 0 0 0 0 9 0 0 21 81 28 0 0 0 0 0 0 0 0 0 0 0 19 0 0 63 0 273 0 2 9 0 0 0 3 0 0 0 0 0 1 0 1 1 1 0 0 0 0 0 0 0 0 0 0 0 0 0 0 0 0 0 0 0 58 0 0 0 0 0 0 1 0 0 0 0 0 49 0 2 0 0 0 0 0 0 0 0 0 0 0 0 0 111 0 0 0
2 0 0 5 2 3 0 1 15 13 22 12 18 11 349 29 259 0 5 0 0 0 0 0 0 0 0 9165 3 0 175 574 157 331 68 0 0 0 208 0 0 64 275 49 278 0 0 1 0 637 0 0 1 38 0 234 12 1878 20 1966 0 10 17 102 213 51 19 67 0 0 0 69 188 468 0 95 0 0 118 131 6 13 15 0 80 0 1101 11 0 0 0 0 0 18 0 186 0 94 0 27 105 331 0 1100 2108 633 230 411 0 895 553 0 0 0 0 479 145 0 0
0 0 0 0 0 0 0 0 0 0 0 0 0 0 4 0 0 38 528 0 0 0 0 0 0 0 0 0 0 0 0 0 0 0 0 0 0 0 0 0 0 0 0 0 0 0 0 0 0 19 0 0 0 0 0 0 0 0 0 0 0 0 0 0 0 0 0 0 0 0 0 0 0 0 0 0 0 0 0 4 0 0 0 0 0 0 18 0 0 0 0 0 0 4778 0 0 0 0 0 0 0 0 0 0 0 0 0 0 0 0 0 0 0 0 0 35 0 0 0
0 0 0 0 0 0 0 0 0 0 0 0 0 0 48 0 0 0 0 0 0 0 0 0 0 0 0 0 0 0 0 0 0 0 0 0 0 0 0 0 0 0 0 0 0 0 0 0 0 43 0 0 0 0 0 0 0 0 0 0 0 0 0 0 0 0 0 0 0 0 0 0 0 0 0 0 0 0 0 0 0 0 0 0 0 0 43 0 0 0 0 0 0 0 0 0 0 0 0 0 0 200 0 0 0 0 0 0 0 0 0 0 0 0 0 0 0 0 0
0 0 0 0 0 0 0 0 0 0 0 0 0 0 3 0 0 0 0 0 0 0 0 0 0 0 0 0 0 0 0 0 0 0 0 0 0 0 0 0 0 0 0 0 0 0 0 0 0 5 0 0 0 0 0 0 0 0 0 0 0 0 0 0 0 0 0 0 0 0 0 0 0 0 0 0 0 0 0 0 0 0 0 0 0 0 3 0 0 0 0 0 0 0 0 0 0 0 0 0 0 0 0 0 0 0 0 0 0 0 0 0 0 14 0 0 0 5 0
0 0 0 0 0 0 0 0 0 0 0 0 0 0 41 0 0 0 10 84 130 105 234 351 17 0 10 2 1 0 57 202 27 174 35 0 69 63 1322 86 69 249 33 1 25 27 199 40 0 173 64 5 19 0 91 138 19 100 2 71 7 2 6 46 4 3 23 27 52 0 939 0 83 111 14 0 234 0 58 65 7 7 8 0 41 0 49 2 0 6 0 12 10 8 0 65 0 59 77 76 1 3 0 0 2091 0 45 193 0 0 507 0 254 466 270 3224 84 0 0
0 0 0 0 0 0 0 0 0 0 0 0 0 0 396 534 102 0 0 10 16 13 28 42 2 0 1 3 6 1 393 1380 166 62 0 0 0 0 783 0 0 840 462 540 808 0 0 242 0 2421 0 81 330 0 0 151 1839 42 314 0 0 0 10 233 6 4 36 35 0 0 0 0 0 75 0 38 0 0 51 58 0 4 4 0 39 0 130 0 0 0 0 0 0 642 0 0 0 281 0 46 14966 38181 5142 0 0 0 0 91 0 46 0 0 0 0 0 36 18 0 0
0 0 0 17 1 1 0 7 0 0 0 0 1 1 20 167 16 0 10 164 252 204 456 682 34 0 612 111 2 0 138 736 58 180 401 0 82 174 889 77 296 582 269 600 47 167 771 181 0 422 46 30 123 0 258 1878 422 574 73 262 3 0 27 92 17 12 96 72 87 0 0 30 0 23 46 82 302 0 293 315 34 30 35 0 198 0 124 2 0 71666 1 181 0 1125 0 2068 138 41 0 563 5 6 0 296 0 82 310 1132 0 1993 482 0 2653 302 1034 1837 370 0 0
412 0 0 217 12 28 0 14 272 116 333 594 451 253 1076 780 23 2 73 1440 3564 2884 3223 3217 119 0 794 432 14 2 104 2997 240 106 1133 0 353 965 276 61 106 1095 2752 511 3902 0 0 321 1936 1059 456 14 56 0 1529 964 337 35 467 62 266 82 574 68 864 1169 350 587 320 0 0 719 822 1514 913 555 1139 0 618 680 78 130 150 0 410 138 1124 185 94 957 3 69 181 283 181 1689 0 1193 0 576 445 1391 38 277 0 0 5886 13044 0 258 2256 148 1137 274 1062 721 732 0 0
0 0 0 0 0 1 0 0 6 6 0 5 0 8 294 31 70 0 0 16 40 33 37 36 1 0 150 240 21 0 44 156 38 38 334 0 60 13 95 42 73 51 61 27 103 23 0 19 0 122 2 0 5 0 117 6 23 9 17 65 21 7 7 156 173 90 10 63 236 0 97 0 8 4 37 5 133 0 9 10 10 8 10 0 8 0 132 4 0 0 0 0 63 1401 152 94 0 65 0 6 5 25 0 3 0 0 0 0 0 0 0 0 0 25 3 1 59 0 0
0 0 0 0 0 0 0 0 0 0 0 0 0 0 100 0 0 0 0 0 0 0 0 0 0 0 0 0 33 165 213 90 51 148 38 0 136 5 231 0 12 1 179 0 0 0 0 0 0 236 56 0 0 0 74 459 0 10 727 8 156 48 189 0 361 163 418 385 114 0 0 0 13 23 0 102 670 0 0 0 0 0 0 0 0 0 435 0 0 0 0 0 0 0 25 1 0 1 0 2 98 141 0 0 0 0 297 0 0 0 11 0 0 0 7 10 0 0 0
0 0 0 0 0 0 0 0 0 0 0 0 0 0 24 0 87 0 3 0 0 0 0 0 0 0 229 18 6 1 433 1504 3 807 105 0 84 71 115 867 484 1294 209 9 15 77 1034 107 0 794 22 1 6 2 28 18 956 97 15 283 3 1 26 50 16 11 102 39 113 0 0 167 89 87 175 1 512 0 16 20 2 5 6 0 15 0 452 0 0 3 0 0 493 6320 0 0 395 123 462 1687 18 1 125 913 344 1331 440 1321 0 272 2 768 0 274 1096 2127 2821 1069 0
0 0 0 0 0 0 0 0 0 0 0 0 0 0 4 0 0 0 11 0 0 0 0 0 0 0 0 0 2 0 99 339 459 31 400 0 20 49 14 13 36 735 70 138 17 0 0 45 0 2371 21 2 7 5 0 7 233 2 231 8 19 6 76 62 47 32 269 200 0 0 0 0 0 102 182 28 113 0 55 63 8 11 13 0 43 0 462 0 0 0 0 0 71 588 0 0 0 181 0 4 26 18 89 0 0 0 540 0 0 0 0 0 0 250 168 84 421 0 0
0 0 0 0 0 0 0 0 0 0 0 0 0 0 211 30 0 0 0 0 0 0 0 0 0 0 0 19 0 0 0 1 107 125 0 0 0 41 0 297 0 70 884 0 533 0 148 851 0 292 0 51 195 0 0 0 14 0 7 19 393 103 0 117 16 0 104 0 0 0 0 148 499 942 173 90 230 0 745 616 513 374 444 0 458 438 702 317 338 0 0 0 0 4 155 34 0 58 0 1 2 1 0 6 0 0 0 0 0 71 0 41 214 0 159 0 0 47 0
45 0 1 149 37 59 0 170 300 415 855 515 1352 319 568 61 6 12 463 732 2764 2237 2500 2495 92 0 396 166 17 2 1049 3430 1033 0 2383 0 0 0 6624 0 0 0 1724 1836 1883 0 0 2444 0 1054 0 292 1179 0 0 3387 5540 1371 1540 2427 0 456 745 1021 1240 349 664 1572 0 0 0 943 963 401 0 2682 0 0 2740 3007 517 478 548 0 1799 508 2003 167 686 1020 4 0 933 10914 0 1444 0 4074 424 2599 9 48 252 1439 1461 0 1700 4798 0 2512 0 0 0 0 0 6253 3342 770 0
51 0 0 150 22 28 0 10 175 162 0 0 0 1634 1 2534 97 0 5 0 0 0 0 0 0 0 638 400 9 0 482 1382 701 507 1023 0 271 932 0 4267 265 827 378 913 547 226 0 489 0 202 343 126 523 0 232 252 84 224 128 460 0 107 110 293 69 47 392 350 0 0 845 62 172 143 0 176 695 0 1871 2231 400 415 475 0 1173 443 97 634 713 27 26 0 0 497 0 0 191 806 595 266 91 116 0 355 0 0 1647 1387 300 275 0 277 0 0 240 1 999 0 0
1 0 0 4 0 1 0 0 24 18 0 0 0 220 2 72 0 0 0 0 0 0 0 0 0 0 0 0 0 0 21 71 7 37 3121 0 0 3 0 0 0 39 10 0 4 0 0 23 0 482 0 0 27 0 0 0 0 1 0 0 0 0 16 5223 10 7 59 25 0 0 0 86 0 0 0 0 0 0 0 0 0 4 5 0 15 0 47 9 10 2 0 0 145 0 8 0 0 46 6 12 0 0 0 118 0 0 0 18 0 0 1847 60 318 0 52 28 0 0 0
0 0 0 0 0 0 0 0 15 1 10 3 3 23 62 133 1 0 0 0 0 0 0 0 0 0 0 0 0 1 0 0 20 0 0 0 1 5 1 5 0 102 13 8 2 0 0 3 0 59 0 1 5 1 0 0 112 0 5 1 0 0 202 14 42 17 48 42 0 0 348 0 0 0 0 0 0 0 0 0 0 0 0 0 0 0 1 0 0 1 0 0 0 0 0 1 0 0 2 1 0 5 0 3 0 0 0 0 0 0 0 0 0 0 0 107 0 46 0
0 0 0 0 0 0 0 0 0 0 0 0 0 0 6 0 2 0 1 0 0 9 13 0 0 0 0 0 1 0 0 1 2 0 0 0 0 0 0 0 0 0 0 0 0 0 0 0 0 163 0 0 0 0 0 0 130 2 0 0 0 0 3 0 7 0 0 0 0 0 0 0 0 0 0 0 0 0 0 0 0 0 0 0 0 0 68 0 0 0 0 0 0 1 0 0 0 0 0 0 0 2 0 0 0 0 0 0 0 0 0 0 0 0 0 0 0 0 0
0 0 0 0 0 0 0 0 0 0 0 0 0 0 1 0 0 0 0 0 0 0 0 0 0 1 8 11 0 0 55 205 34 49 0 0 0 0 0 0 0 79 39 0 12 0 0 0 0 61 11 0 1 0 0 29 54 20 14 27 16 5 66 39 15 5 16 13 0 0 0 0 0 0 7 17 0 0 0 0 0 0 0 0 2 0 23 0 0 0 0 0 0 237 0 0 0 3 0 4 3 34 0 0 0 0 0 1 0 0 61 0 0 53 9 1962 0 0 0
4 0 0 4 0 0 0 1 0 0 15 47 6 0 358 15 33 0 4 35 75 58 108 165 7 0 104 71 0 0 13 49 83 260 5 0 108 52 65 143 91 0 69 6 4 14 79 621 0 63 50 12 48 0 0 200 99 0 657 28 0 0 57 37 36 14 226 145 0 0 781 0 0 0 0 0 154 0 193 159 161 61 73 0 128 0 37 12 0 39 0 0 234 18 56 118 0 78 3 0 0 0 21 0 173 153 89 43 0 71 0 0 330 205 0 219 221 0 0
75973 0 8689 873 25795 0 12050 29538 0 0 0 0 0 0 0 218 0 60647 0 3515 2530 18 0 2039 24860 0 11 9085 35074 8 0 5620 28271 2 0 2352 0 0 574 0 0 3446 4320 2060 1671 0 0 10570 0 0 0 34820 9661 0 0 437 1762 1757 293 0 0 0 2263 0 390 0 79 2999 0 0 0 21459 0 10714 0 1656 0 0 114 330 181 7167 1103 16 36746 0 0 415 146 453 0 0 0 3 0 0 0 1646 0 1540 12 300 5 73 0 0 358 42 0 147 0 0 0 0 0 41 87 0 0
