131
0 0 0 0 0 0 0 160 295 205 98 60 230 57 0 0 0 0 0 0 0 0 0 0 0 0 0 0 0 0 0 4288 0 155 0 0 0 0 0 0 0 1 0 0 0 0 0 0 0 0 0 0 0 0 0 0 0 0 0 0 0 0 0 0 0 0 0 0 0 0 0 0 0 0 0 0 0 0 0 0 0 0 0 0 0 0 0 0 0 0 0 0 0 0 0 0 0 0 0 0 0 0 0 0 0 0 0 0 0 0 0 0 0 0 0 0 0 0 0 0 0 0 0 0 0 0 0 0 0 0 0
0 0 0 0 0 0 0 99 21 3 36 40 22 2 0 0 0 0 0 0 0 0 0 0 0 0 0 0 0 0 0 0 0 58 0 0 0 0 0 0 0 0 0 0 0 0 0 0 0 0 0 0 8 91 0 0 0 0 0 0 0 0 0 0 0 0 0 0 0 0 0 0 0 0 0 0 0 0 0 0 0 0 0 0 0 0 0 0 0 0 0 0 0 0 0 0 0 0 0 0 0 0 0 0 0 0 0 0 11 0 1 0 17 18 13 0 0 0 0 0 0 0 0 0 0 0 0 0 0 0 0
0 0 0 0 0 0 0 2324 765 1164 248 224 3277 1164 0 0 0 0 0 0 0 0 0 0 0 0 0 0 0 0 0 0 0 706 0 0 0 0 0 0 0 0 1258 0 0 0 0 0 0 0 0 0 0 0 10 0 0 0 0 0 0 0 0 0 0 0 0 0 0 0 0 0 0 0 0 0 0 0 0 0 0 0 0 0 0 0 0 0 0 0 0 0 0 0 0 0 0 0 0 0 0 0 0 0 0 0 0 35 91 57 26 0 74 80 80 0 0 0 0 0 0 0 0 0 0 0 0 0 0 31 0
0 1 0 0 0 0 0 54 55 49 64 107 28 9 0 4 2 0 2 7 6 7 0 0 0 0 0 0 0 0 0 0 0 4444 12135 9 2 0 0 0 0 0 0 0 0 7 233 0 0 0 0 0 0 0 0 0 0 1 0 0 0 3 0 0 0 0 0 0 0 0 0 0 0 0 0 0 0 0 0 0 0 0 0 0 0 0 0 0 145 0 0 1 0 0 0 0 0 0 0 0 0 0 0 0 0 0 0 68 136 84 42 0 105 114 119 0 2 0 2 0 0 0 0 0 0 0 0 0 0 345 0
0 0 0 0 0 0 0 0 0 0 0 0 0 0 0 0 0 0 0 0 0 0 0 0 0 0 0 0 0 1041 0 0 0 13 0 0 0 0 0 0 0 0 0 0 0 0 0 0 0 0 0 0 1 14 0 0 0 0 0 0 0 0 0 0 0 0 0 0 0 0 0 0 0 0 0 0 0 0 0 0 0 0 0 0 0 0 0 0 0 0 0 0 0 0 0 0 0 0 0 0 0 0 0 0 0 0 0 0 0 0 0 0 0 0 0 0 0 0 0 0 0 0 0 0 0 0 0 0 0 0 0
0 0 0 0 0 0 0 0 0 0 0 0 0 0 0 0 0 0 0 0 0 0 0 0 0 0 0 0 0 0 0 0 22689 0 0 0 0 0 0 0 0 0 0 0 0 0 0 0 0 0 0 0 0 5 0 0 0 0 0 0 0 0 0 0 0 0 0 0 0 0 0 0 0 0 0 0 0 0 0 0 0 0 0 0 0 0 0 0 0 0 0 0 0 0 0 0 0 0 0 0 0 0 0 0 0 0 0 0 0 0 0 0 0 0 0 0 0 0 0 0 0 0 0 0 0 0 0 0 0 0 0
0 0 0 0 0 0 0 15 4 3 0 0 12 19 0 0 0 1 0 0 0 0 0 0 0 0 0 0 0 0 0 0 0 0 2 0 0 0 0 0 0 5 0 0 0 0 0 0 0 0 0 0 0 0 0 0 0 0 0 0 0 0 0 0 0 0 0 0 0 0 0 0 0 0 0 0 0 0 0 0 0 0 0 0 0 0 0 0 0 0 0 0 0 0 0 0 0 0 0 0 0 0 0 0 0 0 0 0 0 0 0 0 0 0 0 0 0 0 0 0 0 0 0 0 0 0 0 0 0 0 0
0 0 0 0 0 0 0 0 9 0 0 18 0 128 0 0 1 0 2 3 3 3 0 0 0 53288 0 0 3177 0 387 0 0 0 0 0 0 0 0 0 0 0 0 0 0 3 0 0 0 0 91 0 0 0 0 0 0 1 0 0 0 2 0 0 0 0 0 0 0 0 0 0 0 0 0 0 0 0 0 0 0 0 0 0 0 0 0 0 0 0 0 1 0 0 0 0 0 0 0 0 0 0 0 0 0 0 0 6 0 0 0 0 6 5 0 0 1 0 1 0 0 0 0 0 0 0 0 0 0 28 0
0 0 0 0 0 0 0 0 0 0 0 0 0 62 0 0 4 1 1 0 1 1 1 2 2 0 47802 0 111 0 0 0 0 0 0 0 0 0 0 4 0 0 0 0 0 0 0 0 0 0 0 0 0 9 595 0 0 0 0 0 0 0 0 0 0 0 6 0 0 0 0 0 0 0 0 0 0 0 0 0 0 0 0 252 0 0 0 0 0 0 0 9 0 0 0 0 0 0 0 0 0 0 0 0 0 0 0 0 0 0 0 0 0 0 0 0 0 0 0 0 0 0 0 0 0 0 0 0 0 0 0
0 0 0 0 0 0 0 0 2 0 0 1 0 63 0 0 0 0 0 0 0 0 0 7 0 0 0 6520 187 0 0 0 0 0 0 0 0 0 0 0 0 0 0 0 0 0 0 0 0 0 0 0 85 0 0 0 0 0 0 0 0 0 0 0 0 0 1603 0 0 0 242 0 0 0 0 0 0 0 0 0 0 0 0 0 0 0 0 0 68 0 0 0 0 0 0 0 0 0 0 0 0 0 0 0 0 0 0 40 132 86 38 0 104 112 115 0 0 0 0 0 0 0 0 0 0 0 0 0 3 369 0
0 0 0 0 1 1 0 7 15 2 0 17 31 299 0 2 1 8 1 1 1 1 0 1 4 1628 908 173 150 0 0 0 0 0 0 0 1 0 0 8 0 2 0 0 0 4 0 0 0 0 0 0 4 15 1 0 1 1 1 0 0 5 0 0 0 0 44 0 0 0 0 0 0 0 0 1 0 0 0 0 0 0 0 0 0 0 0 0 0 0 0 2 0 1 0 0 0 0 0 0 0 0 0 0 0 0 0 3 0 0 0 0 1 0 0 0 1 0 1 0 0 0 0 0 0 0 0 0 0 13 0
0 0 0 0 0 0 0 0 0 0 0 0 0 1 0 1 0 2 0 0 0 0 0 0 1 50 40 7 0 0 0 0 0 0 0 0 0 0 0 0 0 1 0 0 0 1 0 0 0 0 0 0 1 5 0 0 0 0 0 0 0 1 0 0 0 0 1 0 0 0 0 0 0 0 0 0 0 0 0 0 0 0 0 0 0 0 0 0 0 0 0 1 0 0 0 0 0 0 0 0 0 0 0 0 0 0 0 0 0 0 0 0 0 0 0 0 0 0 0 0 0 0 0 0 0 0 0 0 0 0 0
0 0 0 0 0 0 0 90 138 0 0 360 0 61 0 0 0 0 0 0 0 0 0 0 0 1893 0 0 688 0 20900 0 0 0 0 0 0 0 0 2 0 0 0 0 0 1 0 0 0 0 0 0 0 0 0 0 0 0 0 0 0 0 0 0 0 0 38 0 0 0 0 0 0 0 0 0 0 0 0 0 0 0 0 0 0 0 0 0 0 0 0 0 0 0 0 0 0 0 0 0 0 0 0 0 0 0 0 0 0 0 0 0 0 0 0 0 0 0 0 0 0 0 0 0 0 0 0 0 0 3 0
0 0 0 0 0 0 0 0 0 0 0 0 0 0 0 0 0 0 35 0 53 63 0 0 0 0 0 0 0 0 0 0 0 0 0 0 0 0 0 0 0 0 0 0 0 0 0 0 0 0 0 0 0 0 0 0 0 0 0 0 0 0 0 0 0 0 0 0 0 0 0 0 0 0 0 0 0 0 0 0 0 0 0 0 0 0 0 0 0 0 0 0 0 0 0 0 0 0 0 0 0 0 0 0 0 0 0 0 2 0 0 0 11 11 5 0 0 0 0 0 0 0 0 0 0 0 0 0 0 0 0
0 3 2 8 2 3 0 3 5 4 0 1 6 1 0 1 4 3 0 0 0 0 0 1 4 0 0 0 0 1 0 0 0 0 7 0 0 1 0 6 8957 12259 3964 0 0 4 255 8 24 706 0 5 8 6 1 4 1 2 1 1 1 6 2 0 0 0 0 0 210 0 0 0 0 0 0 1 0 0 0 0 0 0 0 0 0 0 0 0 0 0 0 0 0 1 0 0 0 0 0 0 0 0 0 0 0 17 0 0 0 0 0 0 0 0 0 0 2 0 2 0 0 0 0 0 0 0 0 0 0 0 0
0 0 0 0 0 0 0 0 0 0 0 0 0 1 0 0 0 0 0 2 1 1 0 0 0 0 0 0 0 0 0 0 0 0 0 1764 0 0 0 0 0 0 0 0 0 2 0 3 0 0 0 0 0 0 0 0 0 0 0 0 0 1 0 0 0 0 0 0 0 0 0 0 0 0 0 0 0 0 0 0 0 0 0 0 0 0 0 0 153 0 0 0 0 0 0 0 0 0 0 0 0 0 0 0 0 0 0 0 0 0 0 0 0 0 0 0 0 0 0 0 0 0 0 0 0 0 0 0 0 0 0
0 0 0 0 0 0 0 0 0 0 0 0 0 0 0 0 0 0 0 0 0 0 0 0 0 0 0 0 0 0 0 0 0 0 0 0 0 0 0 0 0 0 0 0 0 0 0 0 0 0 0 0 0 0 0 0 0 0 0 0 0 0 0 0 0 0 0 0 0 0 0 0 0 0 0 0 0 0 0 0 0 0 0 0 0 0 0 0 0 0 0 0 0 0 0 0 0 0 0 0 0 0 0 0 0 0 0 0 0 0 0 0 0 0 0 0 0 0 0 0 0 0 0 0 0 0 0 0 0 0 0
0 0 0 0 0 0 0 0 0 0 0 0 0 0 0 0 0 0 0 0 0 0 0 0 0 0 0 0 0 0 0 0 0 0 0 0 0 0 0 0 0 0 0 0 694 0 0 0 0 0 0 0 0 0 0 0 0 0 0 0 0 0 0 0 0 0 0 0 0 0 0 0 0 0 0 0 0 0 0 0 0 0 0 0 0 0 0 0 0 0 0 0 0 0 0 0 0 0 0 0 0 0 0 0 0 0 0 0 0 0 0 0 0 0 0 0 0 0 0 0 0 0 0 0 0 0 0 0 0 0 0
0 1 1 0 1 1 1 0 0 0 0 0 0 0 1 0 1 0 0 1 1 1 0 0 0 0 0 0 0 0 0 0 0 0 0 0 1 0 0 0 0 0 0 0 0 7 0 8 6 0 0 0 1 144 0 5 0 0 0 0 0 0 0 0 0 0 0 0 0 0 0 0 0 0 0 0 0 1 0 0 0 0 0 0 0 0 0 0 0 0 0 3 0 0 0 0 0 0 0 0 0 0 0 0 0 2 0 0 0 0 0 0 0 0 0 0 1 0 1 0 0 0 0 0 0 0 0 0 0 0 0
0 0 0 0 0 0 0 0 0 0 0 0 0 0 0 0 0 0 0 0 0 0 0 0 0 0 0 0 0 0 0 0 0 0 0 0 0 0 0 0 0 0 0 0 0 1 0 0 0 0 0 0 0 0 0 0 0 0 0 0 0 0 0 0 0 0 0 0 0 0 0 0 0 0 0 0 0 0 0 0 0 0 0 0 0 0 0 0 0 0 0 2 0 1 0 0 0 0 0 0 0 0 0 0 0 0 0 0 0 0 0 0 0 0 0 0 0 0 0 0 0 0 0 0 0 0 0 0 0 0 0
0 0 0 0 0 0 0 0 0 0 0 0 0 0 0 0 0 0 0 0 0 0 0 0 0 0 0 0 0 0 0 0 0 0 0 0 0 0 0 0 0 0 0 0 0 2 0 166 152 0 0 0 14 0 0 50 0 0 0 23 0 0 0 0 0 0 0 0 0 0 0 0 0 0 0 0 0 0 0 0 0 0 0 0 0 0 0 0 0 0 0 0 0 0 0 0 0 0 0 0 0 0 0 0 0 0 0 0 0 0 0 0 0 0 0 0 0 0 0 0 0 0 0 0 0 0 0 0 0 0 0
0 0 0 0 0 0 0 0 0 0 0 0 0 0 0 0 1 0 0 0 0 0 0 0 0 0 0 0 0 0 0 0 0 0 0 0 1 0 0 0 0 0 0 0 0 4 48 111 101 205 0 0 33 124 0 109 0 0 0 0 0 143 0 0 0 0 0 0 0 0 0 0 0 0 0 0 0 0 0 0 0 0 0 0 0 0 0 0 0 0 0 0 0 0 0 0 0 0 0 0 0 0 0 0 0 0 0 0 0 0 0 0 0 0 0 0 0 0 0 0 0 0 0 0 0 0 0 0 0 0 0
8 21 19 48 17 23 16 5 0 6 0 0 7 8 10 25 22 1 19 12 26 32 0 0 0 0 0 0 0 0 0 0 1 0 0 26 59 0 0 16 0 10 0 0 0 131 14622 174 0 0 0 0 29 138 1921 4243 0 6 13 2 2 17 442 0 0 0 3585 0 24 5 0 0 0 0 0 47 0 38 0 0 0 0 128 0 0 0 0 0 0 0 0 0 0 0 0 0 0 0 0 0 0 0 0 0 0 36 0 0 0 0 13 0 31 27 7 32 47 17 32 15 0 0 0 40 0 35 31 0 0 4 0
0 4 3 7 2 3 2 2 0 0 0 0 3 1 0 2 17 3 11 0 16 20 17989 0 12766 0 0 0 0 0 0 0 1 0 1 14 63 0 0 6 0 8 0 0 0 33 0 10 0 0 0 1682 2584 2887 3348 0 0 5 12 3 4 17 30 0 0 0 0 0 2 0 0 0 0 0 0 6 0 1 0 0 0 0 60 0 0 0 0 0 0 0 0 0 0 0 0 0 0 0 0 0 0 0 0 0 0 5 0 0 0 0 0 0 2 0 0 3 10 0 3 0 0 0 0 6 0 3 1 0 0 0 0
0 1 1 2 1 1 0 0 0 1 0 0 1 0 0 0 1 2 0 0 1 1 84 0 0 0 0 0 0 0 0 0 0 0 0 0 3 0 0 0 0 0 0 0 0 1 0 0 0 0 0 0 3 69 0 64 0 0 0 0 0 0 12 0 0 0 0 0 0 0 16 0 0 0 0 0 0 0 0 0 0 0 0 0 0 0 0 0 0 0 0 0 0 0 0 0 0 0 0 0 0 0 0 0 0 0 0 0 0 0 0 0 0 0 0 0 0 0 0 0 0 0 0 0 0 0 0 0 0 0 0
8 10 9 27 6 4 15 0 263 190 0 0 0 106 14 37 6 225 20 33 18 13 6 10 75 0 0 48 121 15 1306 0 2 0 0 0 3 0 0 0 0 30 0 0 0 33 9 10 9 0 0 0 30 14 3 0 58 14 11 4 5 67 24 0 0 0 2 20 0 0 0 0 0 0 0 10 0 4 0 0 0 0 3 0 0 4 0 0 118 0 0 38 0 16 27 0 0 0 0 0 0 0 0 0 0 0 0 24 0 0 0 24 0 0 0 0 3 0 1 0 0 0 0 0 0 0 0 14 0 16 0
10 21 26 27 12 29 20 428 0 274 0 0 161 156 5 59 14 18 4 2 3 2 26 62 26 11 0 83 183 0 0 0 3 2499 0 585 21 0 0 0 0 27 0 0 0 20 19 61 61 0 0 0 278 825 192 352 95 6 547 3 2 15 21 0 0 0 8 14 15 34 0 0 0 0 0 6 0 6 0 0 0 0 26 0 0 14 0 0 425 0 0 9 0 5 1 0 0 0 0 0 0 0 0 0 0 0 0 129 0 0 0 0 6 3 0 3 10 0 9 0 0 0 0 6 0 4 2 7 0 20 0
1 4 4 7 2 3 3 138 123 0 0 0 52 50 2 16 2 26 3 4 2 2 1 12 12 0 0 0 43 0 0 0 0 0 0 0 2 0 0 4 0 6 0 0 0 7 0 5 5 0 0 0 105 7 2 0 24 3 2 1 1 11 4 0 0 0 0 3 1 1 324 0 0 0 0 2 0 1 0 0 0 0 1 22 0 4 0 0 88 0 0 4 0 4 4 0 0 0 0 0 0 0 0 0 0 0 0 24 0 0 0 0 0 0 0 0 2 0 2 0 0 0 0 0 0 0 0 3 0 4 0
1 1314 2 3 86 2 2 0 0 0 0 62 0 1073 1 4 1 12 2 2 1 1 1 1 5 0 0 0 0 11519 0 0 0 0 0 0 1 0 0 2 0 3 0 0 0 4 0 2 2 0 0 0 3 3 1 0 15 1 1 0 0 5 2 0 0 0 8 2 0 0 0 0 0 0 0 0 0 0 0 0 0 0 0 0 0 2 0 0 25 0 0 3 0 1 1 0 0 0 0 0 0 0 0 0 0 0 0 40 94 63 27 0 76 81 82 0 0 0 1 0 0 0 0 0 0 0 0 2 0 0 0
0 0 0 0 0 0 0 533 624 438 108 41 360 133 0 13 0 2 7 0 7 9 0 0 3 0 2 64 0 0 0 0 1 834 60 200 3 0 0 8 0 0 0 0 0 1 0 3 3 0 0 0 12 3 0 0 60 0 0 0 0 2 0 0 0 0 0 0 0 0 0 0 0 0 0 0 0 0 0 0 0 0 0 0 0 3 0 0 0 0 0 0 0 0 0 0 0 0 0 0 0 0 0 0 0 0 0 14 0 0 0 0 0 0 0 0 0 0 0 0 0 0 0 0 0 0 0 0 0 0 0
34 109 96 189 48 81 69 0 6041 5169 352 267 0 287 2 212 13 42 88 6 117 148 199 89 99 0 127 142 272 120 0 18 33 0 371 1419 28 10 0 0 0 72 0 0 0 18 143 27 30 0 0 3130 13 27 6 33 105 7 7 3 3 25 9 0 0 0 1768 45 587 42 0 0 0 0 0 6 0 0 0 0 0 0 0 0 0 0 0 0 1915 0 0 12 0 13 3 0 0 0 0 0 0 0 0 0 0 0 0 360 0 0 0 0 0 0 0 14 21 0 5 0 0 0 0 0 0 0 0 0 0 16 0
0 0 0 0 0 0 0 360 320 228 28 3 132 129 0 12 0 2 13 0 17 21 10 4 5 6 10 65 155 0 0 0 2189 72 60 328 2 0 0 3 0 0 0 0 0 1 5 1 1 6 0 0 1 4 2 0 59 0 0 0 0 1 0 0 0 0 0 2 0 0 0 0 0 0 0 0 0 0 0 0 0 0 0 0 0 1 0 0 61 0 0 1 0 2 0 0 0 0 0 0 0 0 0 0 0 0 0 5 0 0 0 0 0 0 0 0 0 0 0 0 0 0 0 0 0 0 0 0 0 0 0
0 0 0 0 0 0 0 8 8 5 0 0 3 3 0 0 0 0 0 0 0 0 0 0 0 0 0 1 3 0 0 0 0 0 1 0 0 0 0 0 0 0 0 0 0 0 0 0 0 0 0 0 0 1 0 0 1 0 0 0 0 0 0 0 0 0 0 0 0 0 0 0 0 0 0 0 0 0 0 0 0 0 0 0 0 0 0 0 0 0 0 0 0 0 0 0 0 0 0 0 0 0 0 0 0 0 0 0 0 0 0 0 0 0 0 0 0 0 0 0 0 0 0 0 0 0 0 0 0 0 0
0 0 0 0 0 10 102 21661 19632 14095 1806 266 6912 7593 11 341 39 62 1132 9 1423 1796 24 15 70 619 0 3797 8571 0 683 0 98 0 1838 691 166 97 537 431 186 76 0 406 0 106 0 80 78 369 0 0 426 208 32 208 3483 0 0 0 0 19 0 0 0 0 1157 13 440 6 0 0 0 0 0 8 0 3 0 0 0 0 0 106 0 153 0 0 2417 4 0 69 110 4 569 0 0 0 0 38 0 0 0 0 0 77 48 905 82 0 0 92 0 0 88 0 112 0 102 95 0 49 95 103 0 106 103 478 250 89 0
1 3 2 0 1 2 0 9565 6816 5556 926 56 3565 1709 0 439 4 16 80 2 82 99 0 0 32 7445 5948 833 2023 0 0 0 0 0 0 332 260 0 0 583 0 1 0 0 0 37 877 77 73 0 0 0 0 41 0 0 771 3 0 1 0 8 0 0 0 0 1437 0 77 1 0 0 0 0 0 12 0 4 0 0 0 0 0 0 0 249 0 0 2164 0 0 4 0 0 0 0 0 0 0 0 0 0 0 0 0 0 0 736 0 0 0 0 0 0 2 0 3 0 1 0 0 0 0 0 0 12 8 0 0 0 0
1 4 3 0 2 2 360 7319 2219 1916 598 134 4904 6910 233 0 18 19 9 3 13 16 0 0 12 165 0 1311 3681 0 0 0 0 0 0 0 90 0 0 153 0 7 0 0 0 8 0 20 19 0 0 0 0 4 0 0 0 3 0 1 0 9 1 0 0 0 0 0 0 1 0 0 0 0 0 1 0 0 0 0 0 0 0 0 0 0 0 0 618 0 0 0 0 0 0 0 0 0 0 0 0 0 0 0 0 0 0 106 59 0 16 0 55 57 55 0 2 0 2 0 0 0 0 1 0 0 0 0 0 58 0
0 0 0 0 0 0 0 0 0 0 0 0 0 0 0 0 0 0 0 0 0 0 0 0 0 0 0 0 0 0 0 0 0 0 0 0 0 0 0 0 0 0 0 0 0 0 0 0 0 0 0 0 0 0 0 0 3 15 0 4 2 5 0 0 0 0 0 0 0 1 0 0 0 0 0 0 0 0 0 0 0 0 0 0 0 0 0 0 0 0 0 0 0 0 0 0 0 0 0 0 0 0 0 0 0 0 0 0 0 0 0 0 0 0 0 0 0 0 0 0 0 0 0 0 0 0 0 0 0 0 0
40 143 109 257 59 102 72 75 121 83 22 5 80 3 0 346 10 9 5 9 7 10 280 201 250 48 5 1 0 9 0 2 3 0 48 34 7 0 8799 1137 0 1 0 0 0 43 0 181 170 0 0 124 17 19 5 108 0 6 1 2 0 18 3 0 0 466 1331 96 509 131 0 0 0 0 0 2 2 0 0 0 0 0 0 0 0 0 0 0 0 0 0 19 0 0 0 0 0 0 0 0 0 0 0 0 0 0 0 23 0 0 0 0 1 0 0 1 7 0 5 0 0 0 0 2 0 0 0 0 12 9 0
760 801 1469 477 593 1892 1214 57 78 60 15 5 41 81 119 68 190 148 5 3 4 6 1364 2217 932 50 55 16 11 51 215 12 20 0 552 248 1342 0 0 63 2032 1406 597 461 3365 870 0 3164 3298 3992 2380 1454 1030 893 436 3246 84 42 1280 87 26 54 49 140 241 427 1406 757 1362 776 0 189 0 0 9 107 9 416 0 0 0 6 442 92 0 0 0 0 0 0 0 6 0 0 0 0 0 0 0 0 0 0 0 12 0 0 0 2423 546 468 286 256 403 401 405 151 181 259 193 574 705 445 442 383 396 350 354 68 293 1175 0
2 8 6 8 3 5 3 1951 0 0 0 0 0 4 0 2 8 9 2 5 3 6 0 0 6 36 53 0 0 0 5 0 3 0 0 0 10 0 0 0 0 2 0 0 0 57 0 17 14 4 0 15 0 0 0 0 0 2 0 0 0 5 0 0 0 0 42 0 210 0 0 0 0 0 0 1 0 0 0 0 0 0 0 0 0 0 0 0 0 0 0 12 0 0 0 0 0 0 0 0 0 0 0 0 0 0 0 0 0 0 0 0 0 0 0 0 1 0 1 0 0 0 0 0 0 0 0 0 0 0 0
69 237 174 402 96 168 107 121 206 142 43 13 144 43 0 8 13 7 47 9 59 77 99 73 108 94 143 26 21 81 143 20 27 0 592 503 69 24 0 88 0 8345 3342 0 0 94 0 41 37 0 0 465 1672 501 60 251 91 139 166 106 130 440 0 0 0 370 125 137 6572 48 0 0 0 0 0 24 5 2 0 0 0 3 140 0 35 0 0 23 0 0 0 27 0 2 0 0 0 0 0 0 0 0 0 0 0 9 0 35 257 236 261 176 270 267 245 275 288 240 269 246 231 161 256 277 234 271 267 4 0 64 3
0 6 5 7 3 5 0 2 3 3 0 0 3 1 0 0 21 7 16 0 10 10 0 0 3 0 0 0 0 1 0 0 0 0 0 0 30 0 0 0 0 0 1879 0 0 73 0 2 1 0 0 0 33 10 382 0 221 0 15 6 7 29 0 0 0 0 126 0 76 35 0 0 0 0 0 0 0 0 0 0 0 0 0 0 0 0 0 0 0 0 0 34 0 0 0 0 0 0 0 0 0 0 0 0 0 0 0 0 0 0 0 0 0 0 0 0 0 0 0 0 0 0 0 0 0 0 0 40 0 0 0
32 117 0 193 47 83 54 58 70 69 17 5 68 18 0 77 49 8 53 0 36 40 68 40 1229 203 189 68 42 241 197 54 71 1387 454 411 929 129 0 396 0 0 0 2388 0 163 0 442 437 201 0 381 1345 775 66 182 178 34632 23 61 415 237 13765 0 0 183 81 104 2860 905 0 0 0 0 0 35 0 19 0 0 0 4 9 0 0 0 0 0 0 0 0 64 0 71 0 0 0 0 0 0 0 0 0 0 0 21 39 53 0 0 6 0 17 13 0 18 27 5 25 2 0 0 0 0 0 18 14 72 0 18 0
14 52 37 83 21 36 24 24 45 31 8 3 32 1 65 122 8 1 7 7 7 9 334 150 144 52 57 15 9 62 288 14 18 0 287 243 842 89 0 64 21 16 0 0 0 86 0 576 533 103 0 85 272 201 144 153 15 9 4 3 10 31 10 0 0 59 25 8 0 11 35 384 96 97 13 456 132 171 0 0 0 24 68 0 0 61 0 0 0 0 0 19 0 286 93 129 0 0 0 59 0 0 0 304 0 44 0 0 39 27 51 4 54 52 43 57 63 45 62 37 29 0 32 57 24 55 52 500 0 274 0
1610 8182 5644 2228 22027 2019 3936 1326 2368 1441 395 28 1099 343 1481 5525 225 0 144 5 27 35 3309 3633 513 102 72 45 21 99 421 23 29 2935 1137 489 44 3222 0 136 228 1288 611 967 0 971 0 161 106 0 445 287 2311 283 779 729 59 29 318 5514 3112 70 75 0 0 245 112 0 10 439 1150 0 0 0 58010 21 0 8 0 0 0 81214 420 322 256 51 0 0 0 2391 4093 0 12126 10145 11689 31 0 0 0 89 0 105 0 99 0 0 66 513 246 198 112 62 190 0 175 69 104 843 194 922 785 612 534 222 442 256 263 226 171 111 0
0 0 0 0 0 0 0 0 0 0 0 0 0 0 0 0 0 0 0 0 0 0 0 0 0 0 0 0 0 0 0 0 0 0 0 0 0 0 0 0 0 0 0 0 0 0 0 0 0 0 0 0 0 0 0 0 0 0 0 0 0 0 0 0 0 0 0 0 0 0 0 0 0 0 0 0 0 0 0 0 0 0 0 0 0 0 0 0 0 0 0 0 0 0 0 0 0 0 0 0 0 0 0 0 0 0 0 0 0 0 0 0 0 0 0 0 0 0 0 0 0 0 0 0 0 0 0 0 0 0 0
3 39 28 0 16 27 19 482 899 625 243 118 684 10 0 46 79 27 71 3 52 0 0 42 78 0 0 10 72 3 0 0 6 1918 0 650 22 483 112 1290 204 222 1049 961 909 185 0 1055 1048 3025 14161 405 64 90 0 954 51 21 31 1 17 83 0 0 0 703 2482 143 437 1107 0 0 0 0 0 24 0 7 0 0 0 0 0 0 0 168 0 0 16 0 0 23 0 0 0 0 0 0 0 0 0 0 0 0 0 10 0 2919 7 0 31 0 42 38 20 44 55 25 52 20 0 0 0 33 0 41 36 116 0 407 0
169 178 328 36 133 425 272 6 14 11 0 0 7 17 0 0 1 4 0 0 0 0 0 0 0 0 0 0 0 0 0 0 0 0 0 0 0 0 0 0 0 0 0 0 0 2 0 0 0 0 0 0 0 0 0 0 0 0 0 0 0 0 0 0 0 0 0 0 0 0 0 0 0 0 0 0 0 0 0 0 0 0 0 0 0 0 0 0 0 0 0 0 0 0 0 0 0 0 0 0 0 0 0 0 0 0 0 0 0 0 0 0 0 0 0 0 0 0 0 0 0 0 0 0 0 0 0 0 0 0 0
1368 1441 2659 52 1075 3442 2203 86 131 92 19 2 63 138 0 0 19 21 0 0 0 0 56 82 86 0 0 0 0 0 0 0 0 0 0 0 3 0 0 0 0 0 0 0 0 10 0 1 0 0 0 83 44 74 4 41 0 0 0 0 0 0 0 0 0 0 0 0 0 0 0 0 0 0 0 0 0 0 0 0 0 0 0 0 0 0 0 0 0 0 0 0 0 0 0 0 0 0 0 0 0 0 0 0 0 0 0 0 0 0 0 0 0 0 0 0 0 0 0 0 0 0 0 0 0 0 0 0 0 0 0
308 335 604 173 245 776 497 499 912 629 262 142 695 28 0 492 55 32 12 0 3 0 1906 2169 459 62 39 15 11 66 289 0 48 0 714 818 640 68 0 0 517 316 0 0 596 201 0 782 760 0 0 226 2606 1873 2773 1805 241 0 1313 8 13 57 240 0 0 0 306 231 376 449 0 0 0 0 0 552 0 83 0 0 0 0 205 0 0 3 0 0 0 0 0 57 367 808 0 0 0 0 0 0 0 0 0 0 0 23 0 1253 91 55 53 74 85 82 73 28 42 574 48 616 564 456 428 101 357 91 88 19 108 345 0
61 225 160 377 89 156 104 0 181 119 27 13 95 34 9 39 106 20 83 106 74 226 276 125 154 558 3908 199 99 632 905 126 154 617 1525 1208 547 198 0 1228 6355 3057 2680 185 0 2611 0 805 746 876 0 2116 961 690 354 857 0 94 34 58 85 293 305 0 391 1898 1064 821 3140 30 0 0 0 0 0 49 23 23 0 0 0 15 164 819 2085 103 0 0 0 0 0 520 0 0 0 0 0 0 0 0 0 0 0 0 0 9 0 81 5 0 19 0 28 24 12 30 38 17 32 17 0 0 0 33 0 28 28 0 148 66 0
39 128 114 225 57 97 80 76 100 71 14 1 61 41 0 5 10 1 30 0 42 53 224 0 20 103 30 41 21 150 0 30 37 72 446 351 28 0 0 0 0 70 0 0 0 7 0 17 0 0 0 0 5 26 8 0 4 0 0 1 1 1 0 0 0 0 274 0 663 51 0 0 0 0 0 0 0 0 0 0 0 0 0 0 0 0 0 0 0 0 0 0 0 0 0 0 0 0 0 0 0 0 0 0 0 6 0 0 0 0 0 0 0 0 0 0 1 0 1 0 0 0 0 0 0 0 0 0 0 0 0
0 0 2 3 0 1 1 4 2 0 0 0 2 1 0 1 2 2 0 0 0 0 0 0 0 0 0 0 0 0 0 0 0 0 4 3 2 0 0 16 0 0 0 0 0 5 0 8 0 0 0 0 0 0 0 0 0 0 0 0 0 0 0 0 0 0 8 0 0 0 3156 0 0 0 0 0 0 0 0 0 0 0 0 134 0 0 0 0 0 0 0 0 0 0 0 0 0 0 0 0 0 0 0 0 0 4 0 0 0 0 0 0 0 0 0 0 1 0 0 0 0 0 0 0 0 0 0 0 0 0 0
0 0 0 0 0 0 0 23 0 0 0 0 0 0 0 0 1 0 0 0 1 0 0 0 0 0 0 0 0 0 0 0 0 0 0 0 0 0 0 116 0 0 0 0 0 1 0 2 0 0 0 0 231 0 0 0 0 0 0 0 0 0 0 0 0 0 0 0 0 0 0 0 0 0 0 0 0 0 0 0 0 0 0 0 0 0 0 0 0 0 0 0 0 0 0 0 0 0 0 0 0 0 0 0 0 0 0 0 0 0 0 0 0 0 0 0 0 0 0 0 0 0 0 0 0 0 0 0 0 0 0
1 4 0 11 3 5 4 148 0 4 0 0 5 2 0 2 49 9 11 1 9 10 0 0 163 0 0 0 0 3 0 0 1 0 22 19 3 0 0 792 0 0 0 0 0 10 108 35 0 0 0 0 0 54 0 0 0 0 3 1 0 8 0 0 0 0 39 0 20 0 0 0 0 0 0 3 0 0 0 0 0 0 157 2969 0 0 0 0 0 0 0 0 0 0 0 0 0 0 0 0 0 0 0 0 0 21 0 0 0 0 0 0 0 0 0 0 6 0 5 0 0 0 0 0 0 0 0 0 0 1 0
8 24 23 44 11 20 17 70 15 15 0 0 13 9 0 0 37 6 0 0 0 0 0 104 0 8 0 2 1 13 0 3 6 0 53 54 3 0 0 297 0 9 0 0 0 4 0 63 0 0 0 362 1017 3169 629 0 17 2 2121 0 0 0 0 0 0 0 55 0 10 105 0 0 0 0 0 0 0 0 0 0 0 0 90 0 0 0 0 0 0 0 0 0 0 0 0 0 0 0 0 0 0 0 0 0 0 0 0 0 0 0 0 0 0 0 0 0 6 0 6 0 0 0 0 0 0 0 0 0 0 0 0
1 4 3 5 2 3 2 1 3 2 0 0 2 1 0 1 212 32 14 0 19 25 27 5 17 0 0 0 0 0 0 0 0 0 0 5 0 10 0 8 0 0 0 0 0 669 0 12 15 0 23 0 37 14 173 0 0 0 8 0 30 0 0 755 661 162 1621 189 70 179 0 0 0 0 0 2 0 0 0 0 0 3 0 0 30 0 0 0 0 0 0 0 0 0 0 0 0 0 0 0 0 0 0 0 0 0 0 0 0 0 0 0 0 0 0 0 0 0 0 0 0 0 0 0 0 0 0 0 0 0 0
0 0 0 0 0 0 0 0 0 0 0 0 0 0 0 0 0 0 0 0 1 1 0 0 0 0 0 0 0 0 0 0 0 1 0 0 0 0 0 0 0 20 0 0 0 22 0 1 1 1 0 61 10 8 14 0 124 0 389 128 190 596 0 0 0 0 0 0 234 88 0 0 0 0 0 0 0 0 0 0 0 0 0 0 0 0 0 0 0 0 0 0 0 0 0 0 0 0 0 0 0 0 0 0 0 0 0 0 0 0 0 0 0 0 0 0 6 0 6 0 0 0 0 0 0 0 0 0 0 0 0
1 2 1 1 1 2 1 0 1 1 0 0 1 1 0 0 6 1 3 0 5 6 0 0 3 0 0 0 0 1 0 0 0 16 4 3 24 0 0 2 0 0 0 0 0 21 0 4 5 0 0 36 24 66 0 0 0 0 0 6 2 0 0 54 191 24 414 0 0 2 0 0 0 0 0 0 0 0 0 0 0 0 0 0 0 0 0 0 0 0 0 0 0 0 0 0 0 0 0 0 0 0 0 0 0 0 0 0 0 0 0 0 0 0 0 0 20 0 20 0 0 0 0 0 0 0 0 0 0 0 0
0 1 1 0 0 1 0 0 1 0 0 0 0 0 0 218 0 0 1 0 0 2 0 0 1 0 0 0 0 0 0 0 0 4 0 0 0 0 0 0 0 0 0 0 0 1 0 2 2 0 0 0 21 1 0 9 55 0 0 0 0 1291 0 0 0 0 0 2747 0 320 0 0 0 0 0 1 0 0 0 0 0 0 0 0 0 0 0 0 0 0 0 0 0 0 0 0 0 0 0 0 0 0 0 0 0 0 0 0 0 0 0 0 0 0 0 0 6 0 8 0 0 0 0 0 0 0 0 0 0 0 0
1 1 1 1 1 1 1 0 1 1 0 0 1 0 0 0 1 0 2 0 5 6 0 0 1 0 0 0 0 0 0 0 0 10 2 1 0 0 0 2 0 0 0 0 0 8 0 1 3 0 0 0 1 1 0 1 0 0 0 4 0 0 0 23 45 0 6 0 0 78 0 0 0 0 0 2 0 1 0 0 0 0 0 0 0 0 0 0 0 0 0 0 0 0 0 0 0 0 0 0 0 0 0 0 0 0 0 0 0 0 0 0 0 0 0 0 12 0 0 0 0 0 0 0 0 0 0 0 0 0 0
1 1 1 0 1 1 0 0 1 0 0 0 0 0 0 0 2 1 2 0 3 0 0 0 1 0 0 0 0 0 0 0 0 0 0 0 0 0 0 0 0 0 0 0 0 251 0 2 2 0 0 0 62 69 0 52 308 0 3876 0 1603 0 0 0 0 0 0 0 495 267 56336 0 0 0 0 5 0 2 0 0 0 0 0 0 0 0 0 0 0 0 0 0 0 0 0 0 0 0 0 0 0 0 0 0 0 0 0 0 0 0 0 0 1 0 0 0 14 0 15 0 0 0 0 0 0 0 0 0 0 0 0
3 10 7 15 4 7 4 4 9 6 1 1 7 0 0 1 36 1 13 0 15 27 0 0 0 0 0 0 0 0 0 0 0 1220 0 0 29 0 0 3 128 902 0 0 0 355 64 64 17 0 0 2238 65 30 775 53 7798 4786 13564 4528 6831 21292 0 251 680 504 717 326 293 1728 0 0 0 0 0 6 0 3 0 0 0 1 56 180 0 0 0 0 0 9 0 0 0 0 0 0 0 0 0 0 0 0 0 0 0 4 0 0 0 0 0 0 0 0 0 0 0 0 0 0 0 0 0 0 0 0 0 0 0 0 0
89 289 232 482 122 228 157 145 237 161 43 8 156 48 36 584 375 16 1407 2452 1887 2402 641 272 263 353 448 120 59 361 1231 72 87 328 1010 810 2933 211 0 1125 1433 204 341 177 23 4668 27 69 68 792 584 100 975 132 495 655 0 95 0 61 0 109 0 0 1704 2415 2490 7032 98 230 5 115 37 37 1 223 94 142 0 0 0 59 2 2414 200 375 0 0 0 0 0 1971 429 1235 76 0 0 0 0 54 0 0 0 0 0 47 0 163 248 182 86 275 190 191 195 225 260 229 204 321 285 263 0 326 323 311 321 0 287 165 0
43 131 127 235 65 108 99 74 89 66 16 3 56 67 248 207 669 166 8 12 8 6 626 308 276 142 147 1144 40 235 96 51 83 68 332 254 1223 26 0 98 6 80 107 421 50 1979 233 317 301 193 0 560 455 472 548 557 0 83 0 66 0 56 0 0 0 812 603 465 1 77 84 691 208 212 28 695 213 248 0 0 212 17 368 135 409 1962 0 0 132 144 0 806 165 456 207 86 652 49 121 177 0 493 505 382 0 207 9 673 238 245 280 207 274 270 625 290 297 260 294 251 219 193 281 285 260 272 278 1098 501 245 0
5 38 30 75 19 29 37 17 33 22 23 60 25 178 140 229 56 2 3 3 2 1 515 369 554 37 43 26 80 44 52 27 35 8 172 271 6 0 0 71 0 45 0 0 0 69 0 97 119 65 0 57 73 84 53 70 0 28 0 17 21 43 0 0 0 0 4 0 0 9 0 0 0 0 0 16 0 6 0 0 0 1 3 0 0 0 0 0 0 0 0 3 0 21 0 0 0 0 0 0 0 0 0 0 0 0 0 38 45 30 58 0 63 61 49 64 71 49 70 39 21 0 33 65 23 60 59 43 14 43 1
3 7 2 4 5 4 7 4 0 0 0 0 0 1 7 14 121 272 281 7 387 494 0 633 963 0 0 5 0 10 0 0 2 0 0 25 8 0 0 0 0 0 0 0 0 182 0 30 30 0 0 0 0 13 0 0 0 10 0 3 0 0 0 0 0 0 0 0 0 1 0 0 0 0 0 35 0 12 0 0 0 0 0 1123 1510 40 0 0 0 0 0 14 0 24 0 0 0 0 0 0 0 0 0 0 0 0 0 1 0 0 1 0 8 4 0 7 14 0 15 0 0 0 0 9 0 0 2 2 0 0 0
31 103 84 181 44 75 57 61 84 58 12 1 52 1 232 142 73 1 2 0 0 0 860 875 137 0 0 0 0 2 0 0 1 0 22 25 53 0 0 8 0 5 0 0 31 89 0 241 62 0 0 31 515 57 169 176 0 129 605 0 184 478 0 0 0 141 82 0 1007 10 13 158 161 96 4 512 63 75 0 0 0 1 0 0 0 0 0 0 0 0 0 2 0 226 888 0 0 0 0 0 0 0 0 0 0 0 0 0 14 0 10 0 27 24 13 2 15 154 38 177 124 81 77 70 46 38 0 0 122 0 0
846 895 1648 229 670 2130 1380 59 85 53 18 13 43 87 0 7 17 28 171 3 233 296 0 0 11 12 0 0 5 9 0 5 14 0 0 11 6 0 0 0 0 0 0 88 0 36 0 12 11 0 0 0 2 16 0 0 0 0 10 5 6 0 0 0 0 34 118 0 0 10 0 0 0 0 0 5 0 1 0 0 0 1 23 0 0 0 0 0 56 0 0 20 0 0 80 0 0 0 0 0 0 0 0 2 0 10 0 68 5 3 19 0 22 20 12 23 27 10 27 14 2 0 0 23 0 20 20 0 36 38 0
0 1 1 1 1 1 1 0 1 0 0 0 1 0 0 0 0 161 0 0 0 0 0 0 1 0 0 0 0 0 0 0 0 0 0 0 0 0 0 3 0 0 0 0 0 2 0 5 7 0 0 0 1 2 1 0 0 0 0 0 0 0 0 0 0 0 0 0 0 0 0 0 0 0 0 0 0 0 0 0 0 0 0 0 0 0 0 0 0 0 0 0 0 0 0 0 0 0 0 0 0 0 0 0 0 0 0 0 0 0 0 0 0 0 0 0 0 0 0 0 0 0 0 0 0 0 0 0 0 0 0
1 19 8 26 21 1 46 8 11 0 3 0 32 17 4 29 384 3 10 11 12 7 14 9 0 5 5 0 1 6 25 1 2 7 50 23 10 33 0 9 33 98 29 0 0 28 37 68 75 42 34 15 0 18 36 301 111 7 150 8 10 0 4 0 0 12 5 0 19 23 0 0 0 0 0 0 0 0 918 913 0 0 18 0 0 0 0 0 13 0 0 6 0 2 1 0 0 0 0 0 0 0 0 0 0 11 0 17 0 0 21 0 22 15 0 2 12 0 40 0 0 0 0 0 0 0 0 30 10 21 0
8 140 64 190 149 10 331 55 77 334 18 3 228 125 29 211 191 0 71 81 88 47 198 120 84 32 37 10 6 39 177 9 12 47 357 164 70 236 0 66 305 709 450 0 42 26 289 488 545 217 268 108 126 126 263 297 795 52 1080 61 72 317 25 0 0 107 63 0 135 163 0 0 0 0 0 0 0 0 7424 7377 0 0 125 0 0 0 0 0 83 36 0 40 0 12 4 0 0 0 0 0 0 0 0 0 0 79 0 127 271 257 294 227 282 278 262 135 103 559 304 325 311 0 24 55 16 52 50 201 58 153 0
4 95 41 130 101 4 225 38 182 229 13 2 156 85 20 144 92 0 48 55 60 32 132 84 57 27 28 7 5 27 123 6 8 35 248 113 48 164 1 45 223 948 153 0 32 1 195 333 373 131 181 73 86 86 180 202 545 35 739 42 50 216 17 0 0 74 42 0 95 111 0 0 0 0 0 0 0 0 5183 5150 0 0 84 0 0 0 0 0 78 26 0 28 23 23 3 0 13 0 0 0 0 0 0 0 0 54 0 86 177 170 198 139 191 188 174 91 70 379 208 221 207 0 5 36 0 33 31 141 51 105 0
5 97 42 133 103 4 230 38 54 234 13 2 160 87 20 147 6 0 49 62 62 33 135 671 59 28 29 8 5 28 126 6 8 35 253 116 49 164 36 46 226 496 157 0 34 0 199 341 382 201 185 75 88 88 184 207 557 36 755 43 51 221 20 0 0 75 44 0 98 113 0 0 0 0 0 0 0 0 5286 5252 0 0 86 0 0 0 0 0 83 26 0 28 24 24 3 0 11 0 0 0 0 0 0 0 0 54 0 88 182 174 202 143 196 192 179 93 72 388 212 226 212 0 6 37 0 34 32 145 53 107 0
0 8 4 12 9 0 20 31 5 20 1 0 14 8 2 13 14 0 7 5 9 8 13 7 5 3 2 1 0 2 11 1 1 3 22 10 4 15 0 4 24 43 14 0 0 14 17 30 33 19 16 7 9 8 16 18 48 3 65 4 4 19 2 0 0 6 5 0 9 10 0 0 0 0 0 0 0 0 573 569 0 0 8 0 0 0 0 0 4 2 0 3 2 2 2 0 0 0 0 0 0 0 0 0 0 5 0 9 10 8 15 0 16 15 11 7 6 30 19 16 11 0 0 2 0 1 0 14 5 9 0
0 1 1 1 1 0 3 0 1 3 0 0 2 1 0 1 6 0 5 0 9 10 0 0 1 0 0 0 25 0 0 0 1 0 0 0 1 0 0 0 0 3 0 0 0 1 0 3 2 0 0 0 1 1 0 2 0 0 7 0 0 0 0 0 0 0 0 0 0 1 0 0 0 0 0 0 0 0 54 54 0 0 0 0 0 0 0 0 0 0 0 0 0 0 3 0 0 0 0 0 0 0 0 0 0 0 0 0 0 0 0 0 0 0 0 0 0 0 2 0 0 0 0 0 0 0 0 0 0 0 0
20 32 14 43 34 17 75 12 18 77 4 10 52 29 7 48 0 6 15 253 20 11 26 28 19 8 6 2 1 7 32 2 2 9 68 30 16 0 0 15 0 162 40 0 7 0 13 37 41 33 0 24 28 29 59 68 180 12 248 14 1352 69 1 0 0 20 5 0 31 37 0 0 0 0 0 0 0 0 0 0 0 0 12 0 0 0 0 0 0 8 0 9 0 8 1 0 0 0 0 0 0 0 0 0 0 13 0 26 39 36 58 4 60 57 45 25 324 117 948 64 50 0 0 7 0 5 2 44 10 34 0
0 2 1 2 2 0 4 0 1 4 0 0 3 2 0 3 1 0 0 1 1 0 0 0 1 0 0 0 45 0 0 0 0 0 0 1 1 1 0 0 0 8 0 0 0 0 0 6 6 0 0 1 1 1 1 3 5 0 13 0 0 0 0 0 0 0 0 0 0 2 0 0 0 0 0 0 0 0 84 83 0 0 0 0 0 0 0 0 0 0 0 0 0 0 0 0 0 0 0 0 0 0 0 0 0 0 0 0 0 0 0 0 0 0 0 0 0 0 3 0 0 0 0 0 0 0 0 0 0 0 0
8 168 74 231 179 7 399 67 93 406 23 4 277 151 36 256 143 20 89 98 107 58 295 153 102 54 54 15 9 49 222 11 14 66 452 202 85 291 91 81 307 861 295 87 59 4 362 591 663 631 358 126 148 152 308 355 970 63 1309 74 89 391 37 139 2 140 88 74 174 197 0 0 0 0 0 0 0 0 0 0 0 0 202 0 0 29 3 65 188 50 44 52 66 43 7 16 64 0 0 3 0 0 0 0 0 104 0 170 345 333 375 311 362 355 332 177 133 723 390 430 415 11 46 73 37 70 67 311 119 199 0
11 233 102 313 248 9 551 89 129 561 32 6 383 209 50 353 188 6 123 136 148 80 412 212 141 76 75 20 12 67 308 16 19 92 625 280 118 403 135 111 426 1191 413 137 87 6 502 818 917 875 498 176 207 211 432 493 1343 87 1811 103 124 542 53 207 25 194 123 113 240 272 0 0 0 0 0 0 0 0 42727 0 0 0 1093 0 206 264 332 869 0 266 498 276 360 228 35 262 359 0 133 84 53 24 0 207 0 0 195 899 2002 1955 2049 1911 1940 1924 1877 962 701 3860 2051 2325 2305 374 444 413 423 410 407 1664 640 1049 0
2 35 16 47 37 2 82 14 20 84 5 1 58 31 7 11 56 49156 97 82 110 73 325 154 118 118 122 33 20 113 515 26 33 152 1041 467 197 1114 311 306 171 1110 371 147 1337 0 804 1320 1480 1398 79 1089 1277 1273 2667 2966 1204 145 2991 173 207 904 43 55 0 122 101 94 47 58 3512 36491 14605 14880 1476 32543 13546 14985 8724 9300 0 12784 198 2658 0 19 0 0 117 51 0 48 51 46 0 0 0 0 0 0 0 0 0 0 0 102 32 158 376 361 400 329 381 377 360 186 139 757 408 446 432 14 50 77 41 74 72 314 119 207 0
0 0 0 0 0 0 0 0 0 0 0 0 0 1 0 0 6 73 0 0 1 0 0 0 0 0 0 0 0 0 0 0 0 0 1 0 0 1 0 0 0 1 0 0 0 0 1 3 2 0 0 0 0 0 0 0 0 0 0 0 0 0 0 0 0 0 0 0 0 0 0 0 0 0 0 0 0 0 1 1 0 0 0 0 0 0 0 0 0 0 0 0 0 0 0 0 0 0 0 0 0 0 0 0 0 0 0 0 0 0 0 0 0 0 0 0 0 0 0 0 0 0 0 0 0 0 0 0 0 0 0
17 53 37 54 21 36 24 23 18 31 13 8 22 22 6 49 6 10 3 3 5 5 0 0 42 0 0 0 50 11 23 4 5 17 123 105 14 13 0 2 0 15 0 0 0 336 24 42 36 0 0 5 5 12 0 0 62 26 38 25 35 61 0 0 0 0 44 31 0 137 0 0 0 0 0 35 0 26 0 0 0 4 0 0 0 0 0 0 0 426 13 0 0 14 0 0 0 0 0 24 0 0 0 0 0 127 6 370 450 385 897 0 954 913 616 1014 1169 726 1165 630 297 0 131 988 0 912 850 453 253 97 1
499 742 812 1325 847 1098 747 49 0 51 9 3 91 398 717 1428 889 20 454 754 624 793 1231 735 862 91 43 0 16 86 258 19 27 0 932 426 581 138 0 248 139 330 430 366 0 7032 581 1137 1033 393 0 310 0 1262 0 949 372 119 296 54 83 376 0 0 0 34 0 362 1376 346 344 2508 2091 2131 106 2362 1950 2162 478 464 0 69 963 0 103 227 0 55 238 268 882 12101 3349 5189 2124 2063 698 0 0 264 884 972 347 139 0 556 7 783 1962 1803 1689 1734 1749 1755 1779 1766 1790 1644 1727 1706 1772 1771 2113 1825 2045 1817 1815 2116 741 137 0
30 159 119 268 64 112 78 81 135 92 28 10 94 22 58 150 444 4375 128 117 62 61 1059 549 387 112 111 34 18 99 257 24 30 217 968 840 623 127 267 173 0 207 286 2899 0 277 291 596 555 396 0 15 336 307 259 245 0 41 31 32 0 151 60 0 0 95 0 1477 203 44 63 669 267 272 26 628 266 308 26 0 153 25 564 0 0 496 0 0 0 18 0 51 20 257 1148 0 0 0 12 239 0 575 0 0 0 171 0 707 371 358 383 332 371 367 351 396 404 359 398 358 360 332 427 396 407 391 390 543 334 455 0
26 90 74 158 38 66 49 50 73 51 11 2 46 13 202 90 8 1 3 2 2 2 734 749 116 0 0 0 0 0 2 0 1 0 0 17 45 11 23 2 54 2 1 0 0 81 0 205 53 0 0 65 445 57 134 164 47 113 544 188 169 443 152 0 0 159 0 220 65 89 15 165 158 103 5 436 60 64 0 0 0 2 19 0 0 0 0 0 0 373 0 0 0 187 0 0 0 0 0 0 0 0 0 0 0 0 0 0 14 4 9 0 26 23 12 5 18 141 37 152 106 50 56 62 33 36 36 0 74 15 0
862 3649 3405 4853 2021 3738 2454 1771 2938 2018 734 325 2169 868 974 1012 763 225 93 22 73 84 5870 5488 5706 983 831 476 471 807 3286 202 304 2750 11655 10253 1740 4016 4283 7929 2135 5109 4338 2775 3695 4872 3885 5189 5138 12757 4787 5740 6037 6484 4576 7305 2237 2405 3437 1393 1752 5571 2619 2029 1352 4386 2851 3822 1940 1123 625 1078 258 233 488 789 239 616 0 0 868 631 2200 1306 945 1335 0 2206 4656 3162 0 0 2818 1492 1329 0 7924 0 886 599 0 0 1973 1361 0 1057 494 8698 2943 2700 2422 2564 2548 2547 2543 2446 2500 2403 2422 2766 2976 2782 3198 2725 3073 2688 2690 4252 2078 4182 0
539 596 572 1716 435 203 966 1685 949 1441 509 279 806 264 1027 2317 408 15164 1298 2207 1188 877 795 837 4890 609 267 1183 2182 1823 2044 373 104 563 537 6165 215 485 870 236 0 2029 563 1116 704 2045 1298 590 560 3221 394 3317 1988 649 370 920 876 990 799 437 412 4342 1645 156 71 1534 526 1252 178 196 87 823 229 235 51 736 8 359 0 0 606 46 1030 0 28 503 0 0 1483 246 890 2318 778 1307 2439 0 0 0 165 273 0 0 0 621 0 240 74 1888 50 42 66 7314 72 68 56 73 81 67 81 65 49 2 47 78 34 75 72 1431 1057 1188 0
30 75 5 0 33 48 52 44 79 0 14 8 52 199 262 0 213 385 419 699 518 635 56 51 166 0 0 0 0 2 0 0 14 0 0 0 70 27 15 120 37 133 82 342 68 633 0 145 137 348 21 174 133 147 178 262 74 150 128 54 70 512 128 33 0 280 106 94 0 73 0 0 0 0 0 145 25 74 0 547 0 2 248 0 27 60 0 0 0 16 289 206 392 307 1774 0 0 0 262 1486 0 0 170 488 0 615 384 1812 212 195 234 321 231 227 207 246 256 212 253 202 190 128 218 244 198 239 233 880 489 685 0
17 58 44 102 24 41 30 30 48 34 8 2 32 33 164 51 60 27 70 127 97 124 572 235 243 26 21 7 3 27 99 3 7 0 94 94 5 435 502 46 6 93 103 4 0 271 970 89 82 806 97 18 129 472 69 484 1776 72 156 52 77 253 0 151 0 89 427 53 18 4988 0 0 0 0 0 2 0 1 0 0 0 50 0 0 0 0 0 0 0 0 0 272 14 17 0 0 39 0 59 468 0 0 0 2 0 0 0 0 158 152 179 134 170 167 154 183 187 159 186 151 144 116 171 177 160 174 172 518 27 23 0
443 1550 1184 2722 636 1105 783 910 1312 900 242 45 852 998 1630 393 146 152 40 12 24 23 8083 3155 267 824 881 244 137 780 3831 172 211 922 3294 2664 1188 1030 921 1275 2780 4134 1509 678 0 654 2298 1639 1516 2722 1174 842 1216 1776 4100 1610 1525 425 1937 2658 1260 477 983 972 190 1123 761 1233 696 23206 78 804 195 198 32 825 213 258 0 0 1167 59 0 0 6752 645 1485 0 0 319 0 2644 17 75 179 0 0 0 0 32 0 178 0 45 0 182 44 190 442 402 437 418 428 425 409 452 459 408 451 398 411 375 483 451 461 447 444 1362 319 155 0
0 0 0 0 0 0 0 0 0 0 0 0 0 0 0 0 77 14 0 0 5 5 3720 2921 2763 0 0 0 0 0 0 0 0 0 0 0 12 0 0 0 0 0 0 0 52 20 0 1 0 0 0 383 585 617 653 12 0 1 1 0 0 3 8 0 0 0 0 0 0 0 0 0 0 0 0 0 0 0 0 0 0 1 13 0 0 594 601 0 0 0 0 0 0 0 0 0 0 0 0 0 0 0 0 0 0 0 0 0 0 0 0 0 0 0 0 33 65 0 0 0 0 0 0 0 0 0 0 0 0 0 0
7 24 19 35 10 17 14 11 20 13 4 3 12 15 19 14 58 11 74 0 38 39 351 543 568 21 25 97 5 34 33 2 11 0 301 316 504 91 68 84 105 775 164 4 0 32 368 339 313 0 141 78 88 149 371 227 217 561 203 132 1030 172 28 0 0 18 135 27 486 46 20 222 0 0 0 31 0 14 0 0 0 1 15 0 0 56 0 0 0 0 0 67 0 41 23 0 8 0 0 30 0 0 0 0 0 0 0 0 53 44 63 25 63 62 54 68 72 57 72 51 46 21 52 67 45 66 63 48 26 21 0
1 5 3 5 2 3 2 1 4 3 0 0 2 3 0 1 11 5 29 0 16 17 37 143 58 0 0 0 0 1 0 0 1 0 31 34 25 23 8 16 0 58 0 0 0 5 91 69 63 0 18 14 13 24 68 60 19 2 12 4 5 1 3 0 0 0 0 0 53 4 0 0 0 0 0 0 0 0 0 0 0 1 0 0 0 0 0 0 0 0 0 3 0 0 0 0 0 0 0 1 0 0 0 0 0 0 0 0 5 0 18 0 21 19 11 22 27 14 27 4 0 0 0 22 0 20 18 0 0 0 0
5 20 14 14 8 14 9 1 18 12 3 2 13 0 19 18 81 0 1 0 4 5 54 65 100 0 0 0 0 3 0 1 1 0 48 50 51 19 20 31 100 23 6 0 0 174 58 16 15 71 27 60 35 107 22 57 22 14 12 5 7 45 36 0 0 62 7 0 0 11 0 0 0 0 0 0 0 0 0 0 21 0 4 0 0 40 0 0 0 49 0 60 0 9 0 0 0 0 0 247 0 0 0 0 0 0 0 69 0 0 5 0 12 10 0 13 22 1 21 0 0 0 0 14 0 11 6 131 101 23 0
36 135 94 218 53 93 61 64 117 80 29 13 88 91 129 1143 105 92 58 10 82 104 2451 1845 2050 76 66 27 14 65 226 15 21 155 858 753 444 623 740 832 101 490 389 0 0 3912 622 934 866 2016 851 442 955 780 851 594 634 299 270 121 150 937 606 370 0 913 241 686 11 323 90 909 141 144 38 895 150 178 0 0 512 21 3788 0 97 1179 534 921 5 754 603 80 11120 13083 21768 0 0 0 0 876 0 0 0 398 0 724 0 244 598 548 528 535 543 542 533 570 582 526 558 548 564 542 665 590 640 586 584 478 513 245 0
58 210 149 351 83 145 97 103 183 125 38 13 132 3 274 222 64 39 11 5 15 18 572 421 620 23 16 10 3 26 96 6 8 24 209 186 97 109 142 113 171 53 106 573 35 203 116 60 60 330 89 294 166 173 127 154 55 81 70 31 38 259 133 173 0 217 79 104 52 84 1 31 0 0 0 76 22 24 0 0 195 2 602 0 198 642 0 2 192 0 97 795 0 69 219 102 0 11 802 259 0 0 0 0 0 0 106 608 313 290 298 286 298 296 286 318 326 289 315 293 296 276 352 324 337 321 319 2816 0 531 0
497 1429 1418 2014 683 1164 1678 796 942 721 181 16 582 2696 753 928 540 210 986 896 471 458 2560 579 88 335 374 101 55 318 1484 67 82 206 1079 854 992 956 509 536 2937 1174 452 1001 460 1065 1331 1073 994 283 546 810 1371 934 1251 790 366 316 1636 267 669 199 133 741 0 652 327 609 214 368 531 5250 2571 2620 224 4951 2390 2645 598 513 1254 404 3026 3059 1050 1206 913 1313 936 2320 265 879 1052 1536 888 2380 0 0 1849 10319 995 1491 0 443 0 907 0 1619 1552 1407 1278 1232 1361 1375 1379 1279 1296 1184 1253 1225 1274 1258 1508 1309 1459 1304 1301 2923 1491 501 0
29 109 76 175 43 75 49 51 96 65 23 9 72 124 225 579 82 84 29 27 14 13 646 1175 197 38 36 10 6 34 157 8 10 74 326 273 82 244 187 152 276 529 126 146 126 123 364 559 517 30 171 166 492 104 134 437 88 13 249 161 162 17 67 141 0 178 81 155 87 45 6 74 113 115 3 90 114 132 0 0 77 8 129 679 0 536 0 0 0 0 330 178 190 472 163 81 0 0 0 0 0 362 153 0 0 0 0 143 141 129 149 101 150 147 135 160 168 141 164 142 137 96 151 162 140 159 157 47 174 142 0
5 18 13 14 7 13 8 1 16 10 3 1 11 7 36 78 276 1556 6 10 8 10 166 125 161 12 13 6 2 11 40 3 5 0 154 135 47 265 128 93 56 50 2158 0 0 238 2832 186 173 534 48 71 110 114 100 79 47 51 59 53 46 102 64 0 0 138 49 81 53 9 11 131 57 58 5 123 59 69 0 0 87 1 0 0 0 28 0 0 0 0 0 8 0 0 0 0 0 0 18049 0 0 0 0 0 0 0 0 0 0 0 0 0 4 3 0 4 12 0 12 0 0 0 0 6 0 4 0 0 52 0 0
24 80 58 136 35 59 39 36 66 45 17 9 51 8 149 54 234 22 14 23 18 23 396 300 440 182 166 51 29 152 714 36 46 214 1191 986 141 453 503 873 572 307 655 1537 234 851 657 257 240 1503 396 903 802 652 792 574 257 754 648 279 357 2404 601 186 64 1221 272 644 43 134 20 206 117 119 8 206 115 131 13 0 165 10 583 0 1042 5804 1757 4330 1062 80 160 499 370 53 229 1127 1101 0 3054 1652 0 506 1789 871 0 994 519 1622 622 506 375 575 487 492 500 510 546 498 479 592 614 575 696 612 671 608 606 1408 1849 1447 0
51 165 150 287 74 125 109 98 127 91 21 3 77 8 41 43 2409 475 357 405 223 101 836 509 339 278 192 269 122 112 562 144 186 267 655 246 424 221 214 225 349 313 332 1482 0 964 998 337 541 1027 449 157 260 308 482 452 187 196 282 139 207 397 404 18 0 763 595 495 183 4 50 497 239 241 21 484 222 249 44 0 257 7 199 0 0 506 5454 1169 781 10 0 54 685 336 1870 108 656 0 0 312 0 0 2215 0 0 155 31 837 218 196 207 183 214 211 201 222 231 207 224 202 194 173 237 231 222 227 225 1444 1669 787 0
52 126 98 245 60 73 101 49 89 97 41 27 74 22 447 231 306 1004 111 145 113 102 813 591 1065 72 38 33 10 157 11826 35 20 75 630 942 311 184 235 177 86 344 380 964 473 2435 442 920 879 1350 263 494 687 421 261 511 154 166 12718 59 75 626 275 102 0 172 283 327 16 26 164 1614 674 687 68 1528 616 705 145 43 881 22 845 0 172 672 0 112 0 107 235 339 384 215 651 224 550 1973 0 1537 0 0 0 1121 0 274 65 1034 211 200 229 629 223 220 204 234 241 206 240 199 192 150 224 231 209 227 224 1339 1315 471 0
38 94 89 168 44 84 73 72 83 62 13 4 55 106 262 114 230 71 15 4 72 33 351 194 268 89 93 732 25 157 83 33 46 51 299 216 455 127 0 88 86 225 122 0 0 324 446 3989 5408 2556 152 125 250 238 223 258 85 54 169 42 20 81 56 12 0 194 149 198 0 57 179 349 273 278 45 739 288 315 38 0 139 8 97 0 2147 1231 0 0 0 0 0 375 106 317 53 0 190 0 198 209 0 140 0 0 0 152 0 285 214 186 190 133 206 207 198 189 200 170 195 169 165 129 190 196 177 193 190 690 261 217 0
545 1671 1650 2807 777 1311 1300 1025 1229 873 227 31 747 914 3473 2311 2226 1793 62 81 48 55 4931 3143 2283 2169 2595 16601 588 3436 1947 762 928 2343 4259 3335 8921 1923 1016 1468 928 1471 1933 6246 1427 1360 4031 3925 3710 2906 2491 4044 2142 3109 4119 3344 1164 987 2710 893 529 1047 1318 1401 235 6872 2413 2743 201 790 592 5793 2408 2453 247 5438 2237 2483 572 494 3808 183 3249 2332 3857 27478 1293 5810 2247 1890 3381 8020 2992 6542 3175 4710 10089 3237 2412 3483 740 9200 8350 6365 0 2784 1497 9111 4141 4001 4075 4011 3872 3858 3804 4105 4093 3772 4046 3765 3943 4029 4747 4044 4610 4035 4032 16245 6569 3454 0
11 117 92 107 83 37 94 25 85 12 23 31 105 6 0 5 65 1 0 0 0 0 0 0 5 8 9 17 7 6 23 15 18 0 34 21 41 164 145 16 0 8 0 0 79 208 0 5 5 0 0 0 0 0 0 0 0 1 5 1 1 2 0 0 0 1 12 4 0 51 0 0 0 0 0 6 0 1 0 2 0 1 0 0 0 10 0 0 0 165 0 10 1620 1124 61 0 528 0 240 475 0 0 0 0 0 0 0 0 180 116 82 259 147 273 249 231 300 124 138 35 36 0 0 51 0 43 37 0 0 0 0
4 21 10 21 32 48 282 8 16 9 4 5 12 4 21 120 35 10 78 5 5165 715 93 232 960 26 154 16 12 61 75 8 298 0 220 135 461 126 77 112 8 44 0 61 0 591 164 196 251 194 220 209 306 158 87 69 49 102 95 32 44 487 92 102 0 92 191 228 176 1760 138 76 117 38 164 1784 5 170 5 0 0 1 0 0 123 523 0 0 0 26 0 133 83 22 4 20 0 106 87 68 0 0 0 211 0 398 0 0 13 2 10 0 23 22 14 22 30 13 26 18 7 0 0 28 0 26 23 21 0 17 0
6 10 0 0 7 15 11 0 16 0 0 0 9 7 106 69 30 19 3 5 5 3 85 78 116 0 0 0 0 0 0 0 4 0 0 0 326 0 0 18 0 22 0 100 0 78 0 22 27 0 0 153 11 19 5 17 13 56 37 16 10 23 13 0 0 0 0 36 0 6 0 0 0 0 0 8 0 4 0 0 0 0 0 0 0 53 0 0 0 70 0 11 6 176 0 0 0 0 0 169 0 0 0 0 0 168 151 0 0 0 0 0 0 0 0 4 26 6 4 0 0 0 0 5 0 0 0 0 1387 200 0
54 0 0 0 15 28 23 6 24 0 15 23 25 0 24 26 3 41 31 33 28 28 3 16 28 41 15 16 0 34 23 38 33 0 28 0 33 19 0 26 0 37 13 0 0 10 0 35 44 0 0 83 78 102 83 92 870 632 931 715 2451 1014 728 0 0 0 4232 0 0 382 76 0 0 0 0 56 0 27 0 0 0 11 0 0 0 0 0 0 0 0 0 21 0 0 12 0 0 0 0 17 0 0 0 0 0 0 0 48 0 0 1194 0 1518 1394 620 1502 1967 874 1975 784 0 0 0 1482 0 1264 1094 38 34 0 26
61 2 0 0 20 31 31 11 27 0 21 26 29 7 33 43 6 145 40 50 36 33 19 25 62 46 19 17 0 48 39 43 35 6507 32 4 36 25 0 28 0 53 22 0 0 22 6 40 49 0 5 110 96 111 91 103 985 703 1051 779 869 1157 803 0 0 0 27 0 0 380 56 0 0 0 0 63 0 31 0 0 0 12 0 0 0 0 0 0 0 0 0 37 0 5 29 0 0 0 0 22 0 0 0 0 0 0 0 71 192 0 1329 0 1634 1515 771 1621 2066 1004 2073 916 86 0 0 1598 0 1388 1225 49 43 0 27
22 0 0 0 7 12 9 3 10 0 6 9 11 2 9 10 2 15 12 14 12 12 0 6 11 16 2 6 0 14 8 16 14 2540 12 0 14 5 0 10 0 16 0 0 0 5 0 14 18 0 0 35 32 43 33 34 414 8 451 325 371 484 336 0 0 0 0 0 0 147 0 0 0 0 0 21 0 9 0 0 0 4 0 0 0 0 0 0 0 0 0 9 0 0 0 0 0 0 0 2 0 0 0 0 0 0 0 26 0 0 0 0 350 230 0 317 768 0 784 0 0 0 0 322 0 115 0 11 8 0 11
113 44 53 49 49 59 48 41 54 59 43 47 58 46 54 57 5 91 67 73 60 60 67 46 60 0 40 23 30 70 32 79 68 0 2 46 61 46 0 53 0 78 60 0 0 34 49 70 89 0 30 171 162 204 174 192 2884 2027 3047 2247 2522 3286 2315 0 0 0 6437 48 14 706 198 0 0 0 7 120 0 61 0 0 0 31 270 0 0 44 0 0 0 0 0 45 0 24 65 0 0 0 0 60 0 0 0 0 0 0 19 137 2264 1950 3240 0 3456 3346 2633 3475 3882 2738 3872 2611 1944 0 1374 3412 917 3211 3057 96 74 0 53
12 0 0 0 0 6 5 0 5 0 0 5 4 0 3 5 1 9 6 7 6 6 0 0 6 8 0 1 0 7 0 8 7 1508 4 0 7 0 0 5 0 8 0 0 0 2 0 8 9 0 0 16 15 22 13 15 168 4 185 144 158 0 143 0 0 0 0 0 0 81 0 0 0 0 0 10 0 3 0 0 0 1 0 0 0 0 0 0 0 0 0 4 0 0 0 0 0 0 0 0 0 0 0 0 0 0 0 0 0 0 0 0 0 0 0 0 400 0 419 0 0 0 0 0 0 0 0 0 0 0 6
16 0 0 0 2 8 7 0 7 0 1 6 6 0 5 7 1 12 8 10 8 8 0 0 8 11 0 3 0 10 3 11 10 1054 7 0 10 1 0 7 0 11 0 0 84 4 0 22 24 0 0 23 22 30 20 25 2544 8 452 334 375 489 341 0 0 0 0 0 0 102 0 0 0 0 0 15 0 6 0 0 0 2 0 0 0 0 0 0 0 0 0 5 0 0 0 0 0 0 0 0 0 0 0 0 0 0 0 7 0 0 0 0 116 0 0 81 518 0 536 0 0 0 0 90 0 0 0 3 2 0 8
35 0 0 0 9 18 15 1 16 0 8 15 16 0 15 17 3 26 19 21 17 16 0 4 18 26 6 9 0 22 11 25 21 0 0 0 19 11 0 17 0 25 3 0 0 9 0 23 29 0 0 55 52 67 54 59 637 460 690 518 571 745 518 0 0 0 9 0 0 229 21 0 0 0 0 35 0 16 0 0 0 7 0 0 0 0 0 0 0 0 0 13 0 0 583 0 0 0 0 8 0 0 0 0 0 0 0 28 0 0 502 0 820 705 0 796 1225 267 1237 188 0 0 0 790 0 591 435 23 20 0 16
13 5 6 3 5 7 5 4 6 6 4 5 7 6 4 6 1 10 6 8 7 7 0 0 7 6 0 2 2 8 0 9 8 1625 5 4 8 0 0 5 0 8 0 0 0 2 0 10 13 0 0 17 16 24 14 16 195 5 213 164 181 235 165 0 0 0 0 0 0 89 0 0 0 0 0 13 0 6 0 0 0 1 0 0 0 0 0 0 0 0 0 0 0 0 0 0 0 0 0 0 0 0 0 0 0 0 0 0 0 0 0 0 37 0 0 0 444 0 463 0 0 0 0 12 0 0 0 1 0 0 6
1 1 1 0 1 1 1 0 0 1 0 0 1 1 0 0 0 1 0 1 1 1 0 0 1 0 0 0 6960 1 0 0 1 0 0 0 1 0 0 0 0 0 0 0 0 1 0 1 1 0 0 0 0 2 0 0 0 0 0 0 0 0 10 0 0 0 0 0 0 10 0 0 0 0 0 0 0 0 0 0 0 0 0 0 0 0 0 0 0 0 0 0 0 0 0 0 0 0 0 0 0 0 0 0 0 0 0 0 0 0 0 0 0 0 0 0 0 0 22 0 0 0 0 0 0 0 0 0 0 0 1
26 10 12 9 11 14 11 9 12 13 10 11 14 11 11 13 3 23 14 17 14 14 0 4 14 19 4 7 7 16 6 19 16 2710 3 8 16 6 0 12 0 18 0 0 0 14 0 17 21 0 0 41 39 51 38 43 638 63 702 607 599 794 536 0 0 0 4 0 0 170 144 0 0 0 0 23 0 8 0 0 0 6 0 0 0 0 0 0 0 0 0 10 0 0 0 0 0 0 0 5 0 0 0 0 0 0 0 0 0 0 194 0 503 395 0 477 882 0 896 0 0 0 0 477 0 291 144 17 13 0 12
1 0 1 0 0 1 0 0 0 0 0 0 0 0 0 0 1 1 0 0 0 0 0 0 0 0 0 0 0 1 0 1 1 0 0 0 1 0 0 0 0 1 0 0 0 1 0 0 0 0 0 0 0 3 0 0 23 0 0 0 2881 0 24 0 0 0 0 0 0 6 0 0 0 0 0 0 0 0 0 0 0 0 0 0 0 0 0 0 0 0 0 0 0 0 0 0 0 0 0 0 0 0 0 0 0 0 0 0 0 0 0 0 0 0 0 0 0 0 0 0 0 0 0 0 0 0 0 0 0 0 0
28 17 17 23 15 17 17 11 16 18 12 12 17 12 16 25 8 94 19 26 18 16 0 9 41 22 0 9 7 25 17 20 17 0 6 41 13 10 0 23 0 30 0 0 0 28 0 23 26 0 0 59 51 59 42 50 267 20 298 227 244 361 225 0 0 0 4 0 0 178 107 0 0 0 0 30 0 13 0 0 0 7 0 0 0 0 0 0 0 0 0 16 0 0 8 0 0 0 0 5 0 0 0 0 0 0 0 30 0 0 273 0 577 470 0 552 955 72 967 0 0 0 0 551 0 366 220 28 22 0 12
50 27 28 32 24 31 25 20 29 29 21 22 30 22 25 30 18 69 29 33 27 26 11 21 41 40 12 20 15 35 26 36 31 6454 32 44 30 22 0 41 0 42 16 0 0 59 0 39 47 0 3 88 85 107 90 96 554 342 513 402 421 601 436 0 0 0 81 0 0 345 276 0 0 0 0 55 0 26 0 0 0 13 0 0 0 0 0 0 0 0 0 24 0 3 17 0 0 0 0 17 0 0 0 0 0 0 0 62 90 0 1160 0 1448 1336 639 1436 1853 863 1859 782 0 0 0 1417 0 1220 1067 53 43 0 23
127 49 60 56 52 67 54 46 61 67 54 55 66 53 63 64 12 137 78 85 69 69 83 54 69 100 57 42 42 83 68 93 77 0 57 68 78 57 0 65 0 85 67 3 0 23 69 83 103 0 35 202 191 244 209 231 586 419 680 526 541 823 490 0 0 8 73 0 26 918 913 9 24 24 19 137 57 72 0 0 0 29 758 0 0 0 0 0 0 0 0 54 0 30 78 0 0 0 0 74 0 0 0 0 0 188 33 175 3511 3192 4461 706 4643 4531 3791 4680 5091 3833 5071 3728 3069 0 2696 4591 2191 4383 4224 119 109 15 59
82 32 38 34 33 43 35 29 39 43 34 35 42 34 39 41 7 96 49 54 44 44 25 28 44 63 29 25 26 53 37 60 50 0 18 38 47 32 0 41 0 54 27 0 0 16 14 54 68 0 1 129 122 158 130 145 425 308 505 398 400 631 360 9767 0 0 38 0 4 591 809 0 0 0 10 88 30 46 0 0 0 18 0 0 0 0 0 0 0 0 0 34 0 4 38 0 0 0 0 40 0 0 0 0 0 41 3 95 1197 941 2438 0 2748 2615 1768 2749 3246 1976 3245 1871 975 0 0 2703 0 2465 2280 70 63 0 38
12 4 5 2 5 7 5 3 6 5 4 5 6 5 3 6 3 12 6 7 6 6 0 0 6 8 0 1 2 8 0 9 8 0 0 0 7 0 0 5 0 8 4407 0 0 3 0 8 10 0 0 17 16 24 13 16 137 1 158 120 132 180 118 0 0 0 0 0 0 85 49 0 0 0 0 12 0 6 0 0 0 3 0 0 0 0 0 0 0 0 0 3 0 0 0 0 0 0 0 0 0 0 0 0 0 0 0 0 0 0 0 0 25 0 0 0 423 0 441 0 0 0 0 0 0 0 0 0 0 0 6
93 36 44 40 39 49 40 33 44 49 39 40 48 38 45 47 7 104 56 61 50 50 39 34 50 72 37 30 30 60 45 68 56 10169 40 47 57 38 0 47 0 63 38 0 0 23 28 61 76 0 11 149 141 180 151 167 726 541 826 685 679 990 613 0 0 0 48 0 12 654 868 0 3 1 13 100 36 52 0 0 0 22 65 0 0 0 0 0 0 0 0 39 0 11 47 0 0 0 0 48 0 0 0 0 0 11 10 113 1628 1360 2814 0 3101 2971 2145 3108 3588 2322 3584 2217 1366 0 503 3054 0 2821 2642 84 75 0 43
17 6 7 4 7 9 7 5 8 8 6 7 9 7 6 8 4 16 8 10 9 9 0 0 9 11 0 2 4 10 0 12 10 0 0 0 7 0 0 7 0 10 0 0 0 10 0 11 13 0 0 24 23 32 22 24 138 4 123 96 104 142 112 0 0 0 16 0 0 123 48 0 0 0 0 17 0 9 0 0 0 4 0 0 0 0 0 0 0 0 0 5 0 0 0 0 0 0 0 0 0 0 0 0 0 0 0 1 0 0 0 0 224 109 0 191 623 0 640 0 0 0 0 198 0 0 0 4 2 0 8
21 8 9 6 9 11 9 7 10 10 8 9 11 9 8 10 2 18 11 14 11 11 0 0 11 15 0 4 5 13 3 15 13 0 0 3 10 2 0 9 0 13 0 0 0 4 0 14 17 0 0 31 29 40 28 32 138 7 157 120 132 177 120 0 0 0 0 15937 0 148 36 0 0 0 0 22 0 11 0 0 0 5 0 0 0 0 0 0 0 0 0 7 0 0 0 0 0 0 0 1 0 0 0 0 0 0 0 7 0 0 48 0 381 266 0 350 781 0 797 0 0 0 0 354 0 156 0 10 7 0 10
51 185 129 293 75 130 83 82 159 108 45 26 123 106 282 70 32 9 1 5 4 5 56 47 30 0 0 0 0 6 5 1 2 0 85 77 3 5 0 20 0 0 0 0 0 208 0 69 64 0 1 51 61 72 49 61 23 7 13 12 14 7 21 4252 0 0 0 24 24 2209 0 0 0 0 0 37 0 26 0 0 0 3 0 0 0 33 0 0 0 0 0 111 0 50 0 0 0 0 0 0 0 0 0 0 0 11 0 1810 0 0 0 0 0 0 0 0 11 0 10 0 0 0 0 0 0 0 0 0 0 0 0
4 14 6 7 7 10 11 10 17 0 3 5 11 4 9 23 68 58 11 11 14 9 23 32 108 9 7 20 3 27 5 8 11 0 11 53 212 0 0 14 107 18 307 1100 0 71 7 64 64 0 0 44 108 67 13 25 17 16 9 6 30 28 11 0 0 0 4 0 0 27 0 0 0 0 0 32 0 13 0 0 0 2 0 0 0 0 0 0 0 0 0 24 0 69 0 0 811 0 0 0 0 0 0 0 0 236 105 0 0 0 0 0 1 0 0 0 11 0 12 0 0 0 0 2 0 0 0 6662 0 0 0
3 4 0 0 2 3 3 0 1 0 0 0 0 3 2 4 52 24 5 9 6 7 0 0 11 0 0 0 18 4 0 1 2 0 0 0 0 0 0 5 0 6 0 0 0 72 0 2 1 0 0 9 4 8 0 4 29 16 28 19 29 39 17 0 0 0 20 22 0 12 0 0 0 0 0 3 0 0 0 0 0 0 0 0 0 0 0 0 0 0 0 5 0 5 0 0 0 0 0 5 0 0 0 0 0 34 0 0 52 39 71 11 75 73 58 76 85 59 84 50 37 0 35 75 23 72 68 829 780 0 1
0 0 0 0 0 0 0 0 0 0 0 0 0 0 0 0 14 0 0 0 0 0 0 0 0 0 0 0 0 0 0 0 0 0 0 0 0 0 0 0 0 0 0 0 0 0 0 0 0 0 0 0 0 0 0 0 0 0 0 0 0 0 0 0 0 0 0 0 0 0 0 0 0 0 0 0 0 0 0 0 0 0 0 0 0 0 0 0 0 0 0 0 0 0 0 0 0 0 0 0 0 0 0 0 0 0 0 0 0 0 0 0 0 0 0 0 0 0 0 0 0 0 0 0 0 0 0 0 0 0 0
