121
0 0 0 0 0 90 0 0 274 186 6498 315 365 71 298 0 8 0 0 0 0 0 0 0 0 0 0 0 0 0 64 2 3 36 0 0 3913 1289 0 229 0 148 0 0 0 0 13 0 0 0 0 0 2 0 0 0 0 0 0 1 0 1 0 0 1 4 0 0 1 0 0 0 0 0 0 0 0 0 0 0 0 0 0 0 0 0 1332 0 0 0 0 5 0 0 0 0 267 0 0 0 0 1 0 0 0 0 0 0 0 0 273 0 10 10 18 0 0 0 7 0 0
135 0 1250 1 0 88 0 0 481 205 143 465 626 122 374 0 6 0 0 0 0 0 0 0 0 0 0 0 0 0 111 1 0 30 0 0 0 1506 4131 259 0 167 0 0 0 0 7 0 52 0 0 0 1 0 0 0 0 0 0 1 0 0 0 0 0 0 0 0 0 0 0 0 0 0 0 0 0 0 0 0 0 0 0 0 0 0 1824 0 0 0 0 0 0 1 0 0 376 0 0 1 0 0 0 0 0 0 0 0 0 0 412 0 84 22 0 0 0 0 9 7 0
64 0 0 0 0 0 0 0 1956 241 1707 1482 1095 421 943 0 43 0 0 0 0 0 0 0 0 0 0 0 0 0 5 0 0 0 0 0 0 1299 7336 181 0 136 0 0 0 0 5 0 0 0 0 0 0 468 0 43 0 0 0 1 0 0 0 0 0 0 0 0 0 0 0 0 0 0 0 0 0 0 0 0 0 0 0 0 0 0 9347 0 0 0 0 0 0 0 0 0 1618 0 0 0 0 0 0 0 0 0 0 0 0 0 197 0 91 4 17 0 0 7 43 13 0
0 0 0 0 0 45 0 2 97 67 5 139 153 23 114 0 42 0 0 0 0 0 0 0 0 0 0 0 0 0 0 0 0 0 0 556 0 455 46616 14346 0 47 0 4 0 1 2 0 0 0 0 0 1267 0 0 4 11 0 6 6 0 0 0 0 3 1 1 2 1 0 0 0 0 0 0 0 0 0 0 0 0 0 0 0 0 0 533 0 0 0 0 0 0 0 0 0 51 0 0 0 0 0 0 0 0 0 0 0 0 0 4 0 175 0 0 0 0 0 2 5 0
0 0 0 0 0 0 0 0 0 0 0 0 0 0 0 0 7 0 0 0 0 0 0 0 0 0 0 0 0 0 0 0 0 0 38679 0 0 0 1831 0 0 0 0 0 0 0 0 0 0 0 0 0 0 3903 0 130 0 0 0 0 0 0 0 0 0 0 0 0 0 0 0 0 0 0 0 0 0 0 0 0 0 0 0 0 0 0 0 0 0 0 0 0 0 0 0 0 0 0 0 0 0 0 0 0 0 0 0 0 0 0 0 0 47 0 0 0 0 0 0 0 0
0 0 238 0 0 0 0 0 47 8 46 56 41 8 13 3 15 0 0 0 0 0 0 0 0 0 0 0 0 0 26 31 1 7 0 0 7 60805 1546 6163 0 4 0 0 5 22 86 207 0 0 0 0 0 0 0 149 0 0 3 3 0 0 0 0 1 0 0 0 0 0 0 0 0 0 0 0 0 0 0 0 0 0 0 0 0 0 42851 0 0 0 0 50 0 1 0 0 136 0 0 0 0 0 0 0 0 0 0 0 0 0 157 236 13 43 62 0 0 18 91 199 0
0 0 0 0 0 14 0 1 27 18 2 34 38 7 32 0 2 0 0 0 0 0 0 0 0 0 0 0 0 0 0 0 0 0 0 0 0 141 50 21 0 15 9139 89 2102 0 43 81 0 0 0 0 0 0 0 0 2423 0 0 0 0 10 0 0 2 1 1 1 1 0 0 0 0 0 0 0 38 0 0 0 0 0 0 0 0 0 142 0 0 0 0 0 76 16 1004 768 0 0 0 0 0 0 0 0 0 0 0 0 0 0 1 0 5 0 0 0 0 0 1 2 0
122 212 371 0 0 0 0 0 9427 6201 660 11822 13532 2575 11333 6 95 0 0 0 0 0 0 0 0 0 0 0 0 0 7 0 0 2 0 0 16 0 250 2812 0 5119 0 0 12 30 155 410 0 0 0 0 1 206 0 169 0 0 18 19 0 2 0 0 1 0 0 1 0 0 0 0 0 0 0 0 0 0 0 0 0 0 0 0 0 0 15046 0 0 0 0 0 0 0 0 0 255 0 52 0 0 0 0 0 0 0 0 0 0 0 342 327 146 94 151 0 0 49 191 434 0
0 0 0 0 0 0 0 0 0 0 0 2 20 10 0 0 1 0 0 0 0 0 0 0 0 0 0 0 0 0 67175 0 0 0 0 0 0 0 0 0 0 0 0 0 691 0 0 0 0 0 0 0 0 788 0 342 0 3 0 0 0 5 0 0 0 0 0 0 0 0 0 0 0 0 0 0 0 0 0 0 0 0 0 0 0 0 1 0 0 0 0 0 0 0 0 0 0 0 0 0 0 0 0 0 0 0 0 0 0 0 81 0 3 0 0 0 0 0 0 0 0
0 0 0 0 0 0 0 0 0 0 0 0 2 0 0 0 292 0 0 0 0 0 0 0 0 0 0 0 0 0 0 35644 0 0 0 0 0 0 0 0 0 0 0 0 0 0 1 16 0 0 0 0 0 202 0 0 0 3 0 0 0 1 0 0 12 4 3 7 5 0 1 0 1 0 0 0 1 0 0 0 0 0 0 0 0 0 2 0 0 0 0 0 0 0 0 0 29 0 0 0 0 0 0 0 0 0 0 1 0 0 2 10 7 0 0 0 0 1 2 4 0
0 0 0 0 0 0 0 0 0 0 0 0 6 12 0 0 4 0 0 0 0 0 0 0 0 0 0 0 0 0 0 0 0 0 0 0 0 0 0 0 0 0 0 0 0 0 0 0 0 0 0 0 0 3 5 0 0 0 0 0 0 0 0 0 0 0 0 0 0 0 0 0 0 0 0 0 0 0 0 0 0 0 0 0 0 0 0 0 0 0 0 0 0 0 0 0 1782 0 0 0 0 0 0 0 2 0 0 0 0 0 0 0 65 0 0 0 0 0 0 0 0
0 0 0 0 0 0 0 0 0 0 0 0 0 0 0 0 0 0 0 0 0 0 0 0 0 0 0 0 0 0 0 0 0 0 0 0 0 0 0 0 0 0 0 0 1 0 0 0 0 0 0 0 0 8 7 0 0 0 0 0 0 0 0 0 0 0 0 0 0 0 0 0 0 0 0 0 0 0 0 0 0 0 0 0 0 0 22 0 0 0 0 0 0 0 0 0 0 0 0 0 0 0 0 0 0 0 0 0 0 0 0 0 5 0 0 0 0 0 0 0 11
0 0 0 0 0 0 0 0 0 0 0 8 0 0 25 0 3 0 0 0 0 0 0 0 0 0 0 0 0 0 0 0 0 265 0 0 0 0 0 0 0 0 20 0 9194 0 0 0 0 0 0 0 0 978 649 31 0 0 0 0 0 1 0 0 0 0 0 0 0 0 0 0 0 0 0 0 0 0 0 0 0 0 0 0 0 0 1 0 0 0 0 0 0 0 0 0 1664 0 0 0 0 0 0 0 0 0 0 0 0 0 389 0 11 0 0 0 0 0 0 11 0
0 0 0 0 0 0 0 0 0 0 0 0 2 0 0 0 219 0 0 0 0 0 0 0 0 0 0 0 0 0 0 0 0 0 0 98922 0 0 0 0 0 1 0 0 0 0 0 0 0 0 0 0 0 0 0 80 0 0 0 0 0 0 0 0 0 0 0 0 0 0 0 0 0 0 0 0 0 0 0 0 0 0 0 0 0 0 0 0 0 0 0 0 0 0 0 0 4243 0 0 0 0 0 0 0 1 0 0 1 0 0 271 54 87 19 0 0 0 11 34 76 0
0 0 0 0 0 0 0 0 0 0 0 0 0 0 0 0 0 0 0 0 0 0 0 0 0 0 0 0 0 0 0 0 0 0 0 0 0 0 0 0 0 0 0 0 120 0 0 0 0 0 0 0 0 11 1 0 0 0 0 0 0 0 0 0 0 0 0 0 0 0 0 0 0 0 0 0 0 0 0 0 0 0 0 0 0 0 45 0 0 0 0 0 0 0 0 0 0 0 0 0 0 0 0 0 0 0 0 0 0 0 0 0 1 0 0 0 0 379 0 0 0
227 0 0 0 0 0 0 0 0 0 0 0 0 773 0 0 0 2 0 0 4 0 0 0 0 0 0 0 0 0 0 0 5 1 0 0 4 0 0 33 1 1361 0 0 0 0 22854 0 56 76 0 0 83 48 112 354 487 124 254 267 0 153 0 0 0 0 0 0 0 0 0 0 0 0 89 0 7 19 1259 0 0 0 0 0 0 0 2249 0 0 0 0 278 13 0 0 0 4 0 0 0 0 0 0 0 0 0 0 0 0 0 395 79 0 0 2 0 0 249 31 58 0
0 0 0 0 0 0 0 0 0 0 0 0 0 0 0 0 0 0 0 0 0 0 0 0 0 0 0 0 0 0 0 0 0 0 0 0 0 0 0 0 58736 0 0 0 0 0 2 0 0 0 0 0 0 0 0 0 0 0 0 0 0 0 0 0 0 0 0 0 0 0 0 0 0 0 0 0 1 0 0 0 0 0 0 0 0 0 0 0 0 0 0 0 2 5 0 0 0 0 0 0 0 0 0 0 0 0 0 0 0 0 23 0 0 0 0 0 0 73 103 0 0
1 0 0 0 0 0 0 0 0 0 0 0 0 0 0 0 4 0 0 33 12 0 1 0 0 0 0 0 0 0 0 0 12 1 2 0 84 3 0 7 0 67 0 0 57 0 2964 646 0 9531 0 0 0 154 194 0 7708 0 973 5369 21560 397 0 58022 2397 2021 28738 3695 3146 423 0 0 0 0 0 741 0 0 6610 0 42987 0 0 0 0 0 0 0 0 0 3837 0 0 100 0 0 243 0 0 0 0 26 0 0 0 0 0 0 0 0 52 0 26 0 52 0 0 255 205 128 0
0 0 0 0 0 0 0 0 0 0 0 0 0 0 0 0 0 0 0 2629 0 0 0 0 0 0 0 0 0 0 0 0 0 0 0 0 0 0 0 0 0 0 0 0 0 0 0 0 0 42377 10561 0 0 0 0 0 0 172 0 0 0 213 1710 263 212 141 208 241 184 0 0 1665 0 0 592 0 0 0 0 0 0 75305 49 52 0 0 221 0 0 0 33167 0 0 0 0 0 0 0 0 0 0 0 0 0 0 0 0 0 0 0 0 0 0 0 0 0 0 0 0 0 0
52 37 39 32 38 39 29 22 33 30 36 65 42 31 37 108 22 0 0 0 29536 11764 58068 24190 44079 12149 26754 111 497 116 0 0 1 0 0 0 0 0 0 0 0 0 10 0 0 0 0 0 0 13 0 0 5181 410 678 0 1219 16 18 6 407 0 1588 2587 52 212 82 5587 154 935 0 178 0 0 0 0 0 0 0 0 0 37 0 0 0 0 0 0 0 0 9585 0 0 0 0 0 0 0 0 340 0 72 0 0 0 0 0 0 0 0 47 0 27 16 36 0 48 0 0 0 0
0 0 0 0 0 0 0 0 0 0 0 0 0 0 0 0 0 0 0 0 0 0 0 0 0 0 0 0 0 0 0 0 0 0 0 0 0 0 0 0 0 0 0 0 0 0 0 0 0 0 0 207 0 0 0 0 0 0 0 0 0 0 0 0 0 0 0 0 0 0 0 0 0 0 0 0 0 0 0 0 0 0 0 0 0 0 0 0 0 0 0 0 0 0 0 0 0 0 0 0 0 0 0 0 0 0 0 0 0 0 0 0 0 0 0 0 0 0 0 0 0
0 0 0 0 0 0 0 0 0 0 0 0 0 0 0 0 6 0 0 0 0 0 0 0 0 0 0 0 0 0 0 0 0 0 0 0 0 0 0 0 0 0 0 0 0 4 0 0 0 1 0 0 0 0 0 0 0 22 7 7 15 143 0 0 0 0 0 0 0 0 0 0 0 0 0 0 0 5 0 0 0 0 0 0 0 0 0 0 0 0 0 0 0 0 0 0 0 0 0 0 106 0 0 0 0 0 0 0 0 0 2 0 0 0 0 0 0 0 0 0 0
0 0 0 0 0 0 0 0 0 0 0 0 0 0 0 0 2 0 0 0 0 0 0 0 0 0 0 0 0 0 0 0 0 0 0 0 0 0 0 0 0 0 0 0 0 0 0 0 0 0 0 0 0 0 0 0 0 0 0 0 0 0 0 0 0 0 0 0 0 0 0 0 0 0 0 0 0 0 0 0 0 0 0 0 0 0 0 0 0 0 0 0 0 0 0 0 0 0 0 0 0 0 0 0 0 0 0 0 0 0 2 0 0 0 4 0 0 0 0 0 0
0 0 0 0 0 0 0 0 0 0 0 0 0 0 0 0 0 0 0 0 0 0 0 0 0 0 0 0 0 0 0 0 0 0 0 0 0 0 0 0 0 0 0 0 0 0 0 0 0 0 0 0 0 0 0 0 0 1 3 2 0 0 0 0 0 5 0 0 0 0 0 0 0 0 0 0 0 0 0 0 0 0 0 0 0 0 0 0 0 0 0 0 0 0 0 0 0 0 0 0 0 1 0 0 0 0 0 0 0 0 0 0 0 0 0 0 0 0 0 0 0
0 0 0 0 0 0 0 0 0 0 0 0 0 0 0 0 1 0 0 0 0 0 0 0 0 0 0 0 0 0 0 0 0 0 0 0 0 0 0 0 0 0 0 0 0 0 0 0 0 0 0 0 0 0 0 0 0 0 1 0 0 2 0 0 80 0 0 0 0 0 0 0 0 0 1 0 0 0 0 0 0 0 0 0 0 0 0 0 0 0 0 0 0 2 0 0 0 0 0 0 0 0 0 0 0 0 0 0 0 0 0 0 0 0 0 0 0 0 0 0 0
0 0 0 0 0 0 0 0 0 0 0 0 0 0 0 0 1 0 0 0 0 0 0 0 0 0 0 0 0 0 0 0 0 0 0 0 0 0 0 0 0 0 0 0 0 0 0 0 0 0 0 0 0 0 0 0 0 0 2 0 0 0 0 0 0 0 24 0 0 0 0 0 0 0 0 0 0 0 0 0 0 0 0 0 0 0 0 0 0 0 0 0 0 0 0 0 0 0 0 0 0 0 0 0 0 0 0 0 0 0 0 0 0 0 0 0 0 0 0 0 0
0 0 0 0 0 0 0 0 0 0 0 0 0 0 0 0 1 0 0 0 0 0 0 0 0 0 0 0 0 0 0 0 0 0 0 0 0 0 0 0 0 0 0 0 0 0 0 0 0 0 0 0 0 1 0 0 0 2 1 4 0 11 0 0 0 0 0 0 130 0 0 0 0 0 0 0 0 0 0 0 0 0 0 0 0 0 0 0 0 0 0 0 0 0 0 0 0 0 0 0 0 0 0 0 0 0 0 0 0 0 0 0 0 0 0 0 0 0 0 0 0
0 0 0 0 0 0 0 0 0 0 0 0 0 0 0 0 0 0 0 0 0 0 0 0 0 0 0 0 0 0 0 0 0 0 0 0 0 0 0 0 0 0 0 0 0 0 0 0 0 0 0 0 0 0 0 0 0 0 1 1 8 3 0 0 0 0 0 0 0 0 0 0 0 0 0 0 0 0 0 0 0 0 0 0 0 0 0 0 0 0 0 0 0 0 0 0 0 0 0 0 0 0 0 0 0 0 0 0 0 0 0 0 0 0 0 0 0 0 0 0 0
0 0 0 0 0 0 0 0 0 0 0 0 0 0 0 0 1 0 0 0 0 0 0 0 0 0 0 0 0 0 0 0 0 0 0 0 0 0 0 0 0 0 0 0 0 0 1 0 1 0 0 0 0 0 0 0 0 4 6 6 2 0 0 0 0 0 0 0 0 0 0 0 0 0 0 0 0 0 0 0 0 0 0 0 0 0 0 0 0 0 0 0 0 0 0 0 0 0 0 0 0 0 0 0 0 0 0 0 0 0 0 0 0 0 0 0 0 0 0 0 0
0 0 0 0 0 0 0 0 0 0 0 0 0 0 0 0 0 0 0 0 0 0 0 0 0 0 0 0 0 0 0 0 1 0 0 0 0 0 0 0 0 0 0 0 0 0 0 0 0 0 0 0 0 1 0 0 0 4 2 3 0 0 0 0 0 0 0 0 0 0 0 0 0 0 0 0 1 0 2 0 0 0 0 0 0 0 0 0 0 0 0 0 0 0 0 0 0 0 0 0 0 0 0 0 0 0 0 0 0 0 0 0 0 0 0 0 0 0 0 0 0
0 0 0 0 0 0 0 0 0 12 0 0 4 1 0 0 1 1 1 1 0 0 0 0 0 0 0 0 0 0 0 0 2 3 0 0 35 0 0 177 0 154 0 0 1 4 16 0 0 3 0 2 11 14 5 0 0 0 0 1 0 0 0 1 4 22 2 2 0 1 0 0 0 0 0 0 3 4 0 0 0 0 0 0 0 0 3 0 0 0 0 0 15 25 0 0 0 0 0 31 9 11 3 0 0 0 0 0 0 0 8 0 28 0 14 0 0 11 7 0 0
0 0 0 0 0 0 0 0 0 0 0 0 0 0 0 0 0 0 0 0 0 0 0 0 0 0 0 0 0 0 0 0 0 0 0 0 0 0 0 0 0 0 0 0 0 0 0 0 0 0 0 0 0 1 0 0 0 0 0 0 0 0 0 0 0 1 0 0 0 0 0 0 0 0 0 0 0 0 0 0 0 0 0 0 0 0 0 0 0 0 0 0 0 3 0 0 4 0 0 0 0 0 0 0 0 0 0 0 0 0 2 0 20 0 0 0 0 0 0 0 0
0 6 52 0 0 0 0 0 5 1 5 3 2 1 2 0 0 0 0 0 0 0 0 0 0 0 0 0 0 0 0 0 0 0 0 0 0 0 0 0 0 0 0 0 0 0 1 0 0 0 0 0 0 2 0 0 0 0 0 0 0 0 0 0 0 1 0 0 0 0 0 0 0 0 2 0 1 0 0 0 0 0 0 0 0 0 22 0 0 0 0 0 0 0 0 0 0 0 0 0 1 1 0 0 0 0 0 0 0 0 2 0 0 0 0 0 0 0 0 0 0
0 0 0 0 0 0 0 0 7 6 0 0 0 0 0 0 0 0 1 0 0 0 0 0 0 0 0 0 0 0 0 0 0 0 0 0 0 0 0 0 0 0 0 0 0 0 4 0 0 1 0 1 5 7 0 0 0 0 0 1 0 0 0 0 1 10 1 1 1 0 0 0 0 0 0 0 1 0 0 0 0 0 0 0 0 0 3 0 0 0 0 0 10 28 0 0 32 0 0 8 5 6 0 0 0 0 0 0 0 0 4 0 14 0 0 0 0 0 0 0 0
56 34 0 3 0 18 21 8 9257 8504 13 1 2600 422 0 0 2 0 1 1 0 0 0 0 0 0 0 0 0 0 14 11 53 800 0 0 2659 0 0 0 1650 4 0 0 0 0 3 0 0 2 5 1 50 206 517 0 0 4 0 1 0 11 0 0 0 8 0 0 1 0 0 0 0 0 0 0 0 2 0 0 0 0 0 0 0 0 1 0 0 0 0 5 0 8 0 0 1888 0 0 0 18 19 0 0 0 0 0 0 0 0 7 0 12 0 15 0 0 5 13 7 0
2072 50 261 0 0 0 0 0 38 15 24 18 13 0 10 0 305 2 1 1 0 0 0 0 0 0 0 0 0 0 416 341 1872 2015 25 0 2174 0 213 347 705 316 5 2 0 24 9 0 29 3 0 2 59 22 17 68 0 1 4 4 0 8 0 1 15 19 7 2 13 1 0 0 1 5 7 1 5 3 1 0 0 1 0 1 0 0 106 0 0 0 1 0 2 8 28 25 808 0 0 0 9 10 3 9 3 0 0 0 0 0 27 47 92 0 5 0 0 55 155 141 0
0 3 99 0 0 0 0 0 132 111 12 8 35 14 4 0 100 0 11 8 0 0 0 0 0 0 0 0 0 0 0 2 61 12 0 0 0 0 0 1509 314 1130 0 0 0 0 50 0 0 26 0 15 89 170 151 258 0 0 25 34 1 51 1 6 26 186 12 16 26 10 0 0 0 2 1 0 6 0 0 0 0 0 0 0 0 0 65 0 0 0 0 0 0 0 0 0 147 0 0 0 33 66 28 0 0 0 0 0 0 0 31 0 8 1 9 0 0 0 8 5 0
0 0 0 0 0 0 0 0 0 0 1 0 0 0 0 0 0 0 0 0 0 0 0 0 0 0 0 0 0 0 95 77 398 412 1 32 1292 0 60 235 516 3 0 0 0 22 3 0 0 2 0 1 5 7 3 67 0 0 0 0 1 2 2 1 2 11 1 1 2 0 0 0 0 0 0 0 0 0 0 0 0 0 0 0 0 0 1 0 0 0 0 0 0 1 0 0 382 0 0 0 1 4 0 0 0 0 0 0 0 0 3 0 4 0 2 0 0 2 8 6 0
298 0 0 0 0 0 0 0 798 898 10947 475 841 374 262 2 302 87 18 68 2 0 1 0 0 0 0 0 1 1 260 225 1213 2081 1 0 175 0 0 6983 101 452 46 32 23 107 110 515 0 52 0 582 159 208 111 121 21 73 71 216 2 169 2 11 62 344 23 52 77 147 0 0 44 95 70 10 16 127 23 0 0 27 54 31 29 0 149 30 9 0 4 0 29 84 0 0 3590 0 0 86 61 116 64 0 0 0 0 0 0 0 167 5 150 4 59 0 0 223 461 219 0
0 0 0 0 1 0 0 0 4 2 21 3 3 2 1 0 13 0 3 27 0 0 0 0 0 0 0 0 1 0 0 2 43 10 14 0 0 0 0 0 0 59 0 0 0 53 93 0 0 57 0 34 164 198 0 0 0 0 19 30 0 201 1 13 46 416 20 34 49 19 0 0 0 45 6 0 6 0 0 0 0 5 0 0 0 0 41 0 0 0 2 0 0 47 0 0 1036 0 0 0 53 141 0 0 6 0 24 0 0 0 86 62 40 2 0 0 0 91 342 145 0
42 52 231 0 1 0 1 0 116 87 23 15 32 15 8 0 0 12 8 8 0 0 0 0 0 0 0 0 0 0 18 18 98 131 0 0 0 0 0 86 0 18 0 6 1 1 32 0 0 20 0 11 67 78 25 0 0 0 0 9 0 50 1 5 18 139 8 12 18 7 0 0 0 12 2 3 5 1 0 0 0 1 0 0 0 0 110 0 0 0 0 0 6 57 0 0 648 0 0 0 29 51 20 0 0 0 0 0 0 0 44 0 33 1 0 0 0 0 110 29 0
0 0 0 0 0 0 0 0 0 1 8 0 1 0 0 0 0 0 0 0 0 0 0 0 0 0 0 0 0 0 0 8 57 39 0 0 0 0 0 0 0 0 0 0 0 0 2 0 0 1 0 1 8 6 0 0 0 0 0 1 0 3 0 0 1 14 1 1 2 0 0 0 0 1 0 0 0 0 0 0 0 0 0 1 0 0 1 0 0 0 0 0 0 0 0 0 0 0 0 0 1 5 0 0 0 0 0 0 0 0 3 5 5 0 0 0 0 0 0 2 0
72 124 2 3 4 1 0 5 36 33 0 3 0 14 1 23 346 156 83 0 1 0 2 0 0 0 0 0 5 3 25 22 105 74 29 0 93 1 0 369 21 168 0 10110 0 586 601 210 777 359 0 210 1225 1439 409 0 0 1012 234 237 108 1221 43 96 241 2589 110 225 263 149 0 0 2145 1897 175 828 143 47 1984 0 0 65 2 44 11 1 184 26 0 0 26 65 0 67 0 0 0 0 0 349 342 850 355 0 0 0 0 0 0 0 557 230 155 30 108 0 0 245 365 1403 0
22 43 2 0 0 0 0 0 0 1 0 1 1 2 0 0 10 158 209 115 1 0 17 0 0 1 0 0 2 1 5 5 22 25 2 0 519 0 0 71 0 51 0 0 1253 79 452 247 0 133 0 80 458 439 0 0 192 0 68 66 73 457 2 27 88 950 38 82 97 43 79 0 57 335 176 538 98 40 0 0 0 0 0 0 11 0 79 0 0 0 0 0 27 0 0 0 389 0 0 0 151 433 367 0 0 0 0 0 0 0 268 0 146 35 159 0 0 0 0 0 0
2 4 0 0 0 0 0 0 0 0 0 0 0 0 0 0 3 0 4 4 0 0 0 0 0 0 0 0 0 0 0 2 1 1 1 0 0 3 0 17 0 5 563 0 0 173 21 0 0 11 0 23 0 190 11 190 0 0 25 17 6 0 0 0 12 79 4 10 0 12 0 0 542 919 143 1665 1073 478 162 0 0 4 4 134 148 0 8 4 3 2 40 8 0 0 0 0 3 0 0 0 0 37 12 0 0 0 0 0 0 0 18 0 27 1 0 0 0 3 4 23 0
0 1 353 0 1 0 1 0 1 0 0 0 0 0 0 29 26 43 37 280 2 0 1 0 0 1 0 0 2 3 0 10 60 87 3 0 41 0 0 0 0 42 0 0 0 0 1030 598 0 0 0 13 0 1 0 0 0 217 164 80 298 65 5 0 25 70 9 32 46 0 0 0 3762 1241 4433 656 159 83 730 0 0 18 30 0 55 0 2189 57 33 19 0 0 1 11 0 0 51 0 0 0 0 26 0 0 0 0 0 0 2 0 81 0 10 23 26 0 0 33 20 256 0
0 0 0 0 0 0 0 0 0 0 0 0 0 0 0 0 0 0 10 4 0 0 0 0 0 0 0 0 0 0 0 61 0 0 0 0 0 0 0 0 0 0 0 0 0 0 0 0 0 0 0 0 0 0 0 0 0 0 0 0 1 0 0 0 0 0 0 0 0 0 0 0 18 0 14 0 0 0 0 0 0 0 0 0 0 0 5 0 0 0 0 0 0 73 0 0 0 0 0 28 0 0 0 0 0 0 0 0 0 0 2 0 0 1 0 0 0 28 0 4 0
18 27 91 6 57 0 0 0 1 0 0 0 0 0 0 18 3 0 59 99 1 0 1 0 0 0 0 0 0 1 97 102 562 823 52 1 1806 16 0 247 560 130 0 0 12 0 629 0 11613 0 0 5 966 38 0 0 0 1006 265 163 665 350 0 0 34 0 13 88 68 0 0 0 2310 894 1346 349 275 116 0 0 0 0 88 0 53 0 637 63 0 0 0 0 0 182 0 0 147 0 0 78 27 154 145 0 72 0 0 0 0 0 443 0 185 303 0 0 0 203 293 87 0
26 0 12 6 32 9 20 8 0 0 0 0 0 0 0 0 0 75 64 17 0 0 2 2 0 2 1 4 0 9 28 29 160 235 13 0 502 5 3 282 141 610 0 119 83 620 66 0 0 4 0 10 159 0 0 0 0 405 15 35 150 227 0 0 0 0 0 0 97 0 0 0 368 115 0 215 97 82 0 0 0 34 149 63 134 0 44 142 0 0 0 0 0 0 186 0 0 0 0 0 0 172 0 0 0 0 0 0 0 0 749 0 144 421 0 0 0 540 141 0 0
0 1 0 0 0 0 0 0 0 22 0 0 2 0 0 0 384 0 0 0 0 0 0 0 0 0 0 0 0 0 0 46844 0 0 0 0 0 0 0 0 0 0 0 0 0 1 7 17 0 0 0 2 0 273 0 0 0 0 0 3 0 13 20933 0 0 7 15909 0 9 9 0 0 2 3 0 0 2 0 1 0 0 1 0 1 0 0 5 0 0 0 0 0 0 0 0 0 39 0 0 0 0 9 0 0 0 0 0 0 0 0 7 14 10 0 0 0 0 1 3 10 0
6229 2810 3983 120 5462 2225 910 1174 0 0 0 0 0 0 0 2635 958 1033 0 1592 65836 77550 23181 19298 1265 72486 39998 23665 670 19714 141 63 400 557 0 2 3790 31 129 472 178 96 667 427 309 151 2392 981 637 56 0 840 2876 7802 0 65 1816 2479 2902 2144 2648 3192 91 457 270 415 111 310 387 650 686 93941 1038 397 833 603 476 1600 4218 98078 0 1182 1667 4970 5619 26340 1251 3070 4754 562 5308 3905 842 47 0 380 499 6579 25695 1361 17646 21253 241 4565 1247 0 127 25 100 359 1445 770 442 419 224 95713 95667 1085 957 1636 1011
0 0 0 0 0 0 0 0 0 0 0 0 0 0 0 0 0 0 0 0 0 0 0 0 0 0 0 0 0 0 0 0 0 0 0 0 0 0 0 0 0 0 0 0 0 0 0 0 0 0 0 0 0 0 0 0 0 0 0 0 0 0 0 0 0 0 0 0 0 0 0 0 0 0 0 0 0 0 0 0 0 0 0 0 0 0 0 0 0 0 0 0 0 0 0 0 0 0 0 0 0 0 0 0 0 0 0 0 0 0 0 0 0 0 0 0 0 0 0 0 0
0 0 0 0 0 0 0 0 0 0 0 0 0 0 0 0 0 1309 227 0 2 0 6 0 0 1 0 0 0 0 0 0 6 0 0 0 0 0 0 0 0 0 0 0 139 221 41 0 0 44 0 0 0 0 0 0 1030 0 0 1 0 0 0 0 0 0 0 0 17 0 0 0 53 622 22 176 374 0 0 0 0 0 0 1 1 0 0 0 0 0 0 0 0 0 0 0 0 0 0 0 0 0 0 0 0 0 0 0 0 0 0 0 0 0 0 0 0 80 0 81 0
482 134 0 2 0 14 151 0 0 0 0 0 0 0 0 0 0 0 1 0 0 0 0 0 0 0 0 0 0 0 0 0 0 0 0 0 0 0 0 0 0 0 0 0 0 0 8 0 16 0 0 115 5 0 0 0 0 17 3 3 0 123 0 0 0 12 0 0 0 0 0 0 246 0 42 2 0 50 0 0 8 38 917 170 195 0 27 1 145 110 1 0 0 0 0 0 0 0 0 0 0 11 0 0 0 0 0 0 0 0 6 0 4 0 0 0 0 0 0 4 0
4060 3718 189 345 1380 2116 2417 673 1 1 0 0 0 3 0 0 13 0 38 0 5 3 2 1 0 3 0 1 2 1 0 1 8 8 0 0 0 0 0 115 0 75 0 75 0 623 319 84 114 199 2901 124 669 15796 0 0 0 367 96 95 7 595 0 33 115 1391 53 97 145 69 0 3 14 144 16 38 2 332 101 6 7 49 9 57 19 1 103 26 20 12 21 0 19 0 14 0 0 0 18 0 83 468 137 0 0 0 0 0 0 0 218 0 58 6 0 3 3 24 12 244 0
544 828 0 0 0 0 33 0 0 26 131 16 0 0 2 0 241 1222 753 573 741 862 267 214 15 807 444 266 34 284 86 37 391 300 574 0 0 0 0 1861 54 969 1473 1174 0 3238 4040 1684 1545 2430 0 1502 8447 8271 518 0 0 5052 1311 1266 305 8099 116 597 1561 17448 722 1409 3780 1015 609 1044 236 2576 274 17601 0 422 2530 1842 102 627 121 786 327 171 1262 380 276 152 324 493 244 17 0 0 263 32 0 45 2542 5835 2674 174 0 0 0 0 0 0 2691 390 597 76 0 1064 1063 692 217 3119 0
130 90 79 0 74 2 0 24 0 0 0 0 1 0 0 0 10 0 347 0 8 0 83 0 5 16 1 5 5 6 5 7 57 69 131 0 27 58 0 3417 57 83 1147 0 66 1498 130 494 754 8 0 3090 0 60 87 583 0 246 164 227 1390 498 0 0 362 322 101 404 553 753 0 0 3273 1571 298 2714 99 1555 2310 0 0 0 125 0 8 0 61 23 0 0 71 2913 312 13 0 0 0 0 0 1128 1029 2707 316 0 195 0 0 0 0 0 245 0 183 70 0 0 0 46 113 334 0
31 40 1 7 1 1 3 15 0 0 7 20 4 0 11 0 1 5 0 0 8 0 2 0 0 2 0 1 0 0 37 35 179 187 0 0 21 5 0 134 6 2 0 113 143 0 172 0 0 8 0 1628 51 0 0 0 0 0 407 467 0 0 0 0 0 0 28 0 87 0 0 3 2958 199 921 9 618 508 0 4 0 10 124 0 34 0 33 39 0 0 0 0 0 0 0 0 5 0 0 0 0 17 30 0 0 0 0 0 0 0 203 0 19 11 0 2 2 32 27 27 0
2 2 0 0 0 0 1 0 0 0 0 0 0 0 0 0 2 0 24 0 1 0 0 0 0 0 0 0 0 0 2 3 14 25 0 0 0 0 0 0 19 12 0 0 0 0 4 0 0 0 0 64 4 0 0 0 0 0 0 0 0 0 6 8 10 0 0 16 21 138 56 0 0 0 0 1 52 38 0 0 0 0 0 0 0 0 1 0 0 0 0 2940 0 0 0 0 0 0 0 100 0 10 0 0 0 0 0 0 0 2 7 0 0 3 0 0 0 0 0 0 0
0 0 0 0 0 0 0 0 0 0 0 0 0 0 0 0 0 0 0 0 0 0 0 0 0 0 0 0 0 0 0 0 0 0 0 0 0 0 0 0 0 0 0 0 0 0 0 0 0 0 0 2 0 0 0 0 0 0 183 0 0 0 1 675 0 0 0 0 1 0 0 0 9 0 6 0 8 3 0 0 0 0 0 0 0 0 0 0 0 0 0 231 0 0 0 0 0 0 0 0 0 0 0 0 0 0 0 0 0 0 2 0 0 0 0 0 0 0 0 0 0
0 0 0 0 0 0 0 0 0 0 0 0 0 0 0 0 0 0 1 0 6 0 0 0 0 0 0 0 0 0 0 0 0 0 0 0 0 0 0 1 0 1 0 0 0 0 0 0 0 0 0 0 0 0 0 0 0 299 912 5164 0 2606 0 0 11 0 3 14 16 403 0 0 38 0 0 0 0 25 0 0 0 0 0 0 0 0 0 0 0 0 0 5699 0 0 0 0 0 0 0 0 0 0 0 0 0 0 0 0 0 0 1 0 0 1 0 0 0 91 1 0 0
0 1 1 0 1 0 0 0 0 0 0 0 0 0 0 0 0 0 0 11 19 0 6 5 0 18 0 0 0 1 4 10 36 244 0 0 0 0 0 0 0 0 0 0 23 0 49 0 0 0 0 0 9 0 0 0 0 1209 3075 9404 0 0 0 0 0 0 90 0 0 0 0 26 885 112 129 0 205 102 0 46 0 0 0 0 0 0 1 0 0 0 0 475 0 0 0 0 0 0 0 0 0 3 0 0 0 0 0 0 0 0 5 0 0 3 0 27 27 9 24 180 0
0 0 0 0 0 0 0 0 0 0 0 0 0 0 0 0 29 1 0 0 1 0 0 0 0 0 0 0 0 1 0 0 0 0 0 0 0 0 0 0 0 0 0 0 2 0 15 64 324 0 0 307 3 6 2 0 124 341 0 0 1 107 0 747 28 0 0 0 37 273 0 0 1 8873 1744 94 3773 3728 238 0 2 11 38 32 37 0 9 0 27 20 0 2954 204 0 0 0 0 0 0 0 0 1 0 0 14 0 0 0 0 0 5 0 0 0 0 0 0 0 1 18 0
0 0 0 0 0 0 0 0 0 0 0 0 0 0 0 0 46 0 0 0 2 0 0 0 0 0 0 0 0 2 0 0 0 0 0 0 0 0 0 0 0 0 0 0 1 4 24 156 532 0 0 492 6 0 0 0 296 665 0 0 2 1279 0 0 46 47 0 49 47 824 0 0 2 14201 2789 153 6034 5963 420 0 2 17 61 51 59 0 14 0 44 33 0 4771 326 0 0 0 0 0 0 0 0 0 0 0 103 0 0 0 0 0 8 0 0 0 0 0 0 0 2 29 0
0 0 0 0 0 0 0 0 0 0 0 0 0 0 0 0 1 0 0 0 0 0 0 0 0 0 0 0 0 0 0 0 0 0 4 0 0 0 0 0 0 0 0 0 0 0 5 0 193 9 0 0 77 8 0 0 0 70 0 6 0 265 0 0 0 0 43 0 211 26599 0 0 1299 1831 4 126 67 71 281 0 0 0 0 0 0 0 0 0 0 0 0 0 0 0 0 0 0 0 0 0 0 1 0 0 0 0 0 0 0 0 2 0 0 0 0 0 0 0 0 0 0
0 0 0 0 0 0 0 0 0 0 0 0 0 0 0 0 19 0 0 0 0 0 0 0 0 0 0 0 0 0 0 0 0 0 0 0 0 0 0 0 0 0 0 0 0 0 6 36 498 0 0 852 75 0 0 0 0 825 315 285 8 601 528 0 164 0 47 0 2917 0 0 0 1669 453 441 109 164 57 0 0 0 0 3 0 0 0 0 0 0 0 0 0 0 0 0 0 0 0 0 0 0 83 0 0 0 0 0 0 0 0 17 0 0 0 0 0 0 0 0 0 0
0 0 0 0 0 0 0 0 0 0 0 0 0 0 0 0 5 0 0 0 0 0 0 0 0 0 0 0 0 0 0 0 0 0 0 0 0 0 0 0 0 0 0 0 0 0 0 0 12 0 0 0 11 0 0 0 0 0 4 1 0 0 309 125 0 0 0 0 2 0 0 0 123 44 0 0 5 0 0 0 0 0 122 0 0 0 0 0 0 0 0 0 0 0 0 0 0 0 0 0 0 0 0 0 0 0 0 0 0 0 0 0 0 0 0 0 0 0 0 0 0
0 0 0 0 0 0 0 0 0 0 0 0 0 0 0 0 3 0 0 0 0 0 0 0 0 0 0 0 0 0 0 0 0 0 2 0 0 0 0 0 0 0 0 0 0 0 2 0 90 34 0 0 124 13 0 0 0 48 0 3 0 176 5492 0 273 5 78 0 369 0 802 0 1650 5614 559 105 51 80 25 0 0 7 32 22 0 0 0 0 11 0 3 0 0 0 0 0 0 0 0 0 0 2 0 0 0 0 0 0 0 0 3 0 0 0 0 0 0 0 0 0 0
0 0 0 0 0 0 0 0 18 0 0 0 1 1 0 0 0 0 0 0 0 0 0 0 0 0 0 0 0 0 5092 0 0 0 0 0 0 0 0 0 0 0 0 0 36 0 0 0 0 0 0 167 0 53 0 0 0 0 0 0 0 172 0 0 0 0 0 0 0 0 0 0 366 0 0 11 15 0 0 0 0 50 0 241 285 0 0 0 191 128 0 0 0 0 0 0 0 0 0 0 0 0 0 0 0 0 0 0 0 0 7 0 0 0 0 0 0 0 0 0 0
0 1 0 0 0 0 0 0 0 0 0 0 0 0 0 0 63 0 1222 0 0 0 0 0 0 0 0 0 0 0 0 0 1 1 0 0 0 0 0 0 0 0 0 0 0 176 23 58 366 0 0 2 14 7 0 0 0 666 0 8 0 2050 0 0 0 4339 1557 2973 7949 0 0 0 2843 4482 879 0 1145 3823 537 0 5 93 178 583 164 0 28 0 147 91 98 1066 47 0 0 0 0 0 0 0 0 5 2 0 0 0 0 0 0 0 4 0 0 0 0 0 0 0 0 0 0
238 184 87 21 23 5 58 56 10 0 0 1 2 1 0 58 114 785 1760 405 48 12 7 3 1 15 7 3 1 4 2892 199 1082 1930 49 0 655 37 24 846 2119 904 190 0 546 435 327 760 410 4 0 5055 327 102 63 0 284 2175 0 41 9 2590 464 212 192 215 248 0 1542 5368 0 16 101 2860 1298 224 3741 2769 703 16 0 7 80 51 82 3 126 105 0 0 0 0 136 16 0 0 40 0 0 7272 241 755 10 0 0 0 131 0 0 0 429 0 22 102 0 16 16 64 90 235 0
0 0 0 0 0 0 0 0 0 0 0 0 0 0 0 0 0 0 0 0 0 0 0 0 0 0 0 0 0 0 0 0 0 0 0 0 0 0 0 0 0 0 1 0 31 0 0 0 0 0 0 0 0 0 0 0 0 0 0 0 0 0 0 0 0 0 0 0 0 0 0 0 1 1 0 0 1 0 1 0 0 0 0 0 0 0 0 0 0 0 0 0 0 0 0 0 0 0 0 0 0 0 0 0 0 0 0 0 0 0 0 0 0 0 0 0 0 0 0 0 0
1 1 0 0 0 0 0 0 0 0 0 0 0 0 0 0 1 0 1 0 0 0 0 0 0 0 0 0 0 0 0 0 0 1 0 0 1 26 0 0 0 0 0 0 0 0 0 0 0 0 0 0 0 0 0 0 0 0 2 0 0 0 0 0 0 0 0 0 0 0 0 0 0 0 0 0 21 0 0 0 0 0 0 0 0 0 0 0 0 0 0 0 0 0 1 0 0 0 0 0 0 0 0 0 0 0 0 0 0 0 36 0 112 10 0 0 0 0 0 0 0
5 6 3 1 5 1 2 2 0 0 0 0 0 0 0 2 8 4 11 6 21 0 0 0 0 0 0 0 0 0 1 1 7 19 0 0 0 294 0 0 0 0 0 0 0 0 20 0 0 0 0 465 0 12 0 0 0 0 2 44 32 0 0 0 0 0 0 0 584 0 0 0 3009 0 11395 599 2176 942 451 0 0 58 247 177 233 0 44 243 88 0 665 368 0 0 0 0 0 0 0 123 0 21 0 0 0 0 0 0 0 0 364 0 0 7 0 0 0 0 0 0 0
14 16 9 3 13 2 11 6 0 0 0 0 0 0 0 0 12 59 0 24 2 0 3 0 0 0 0 1 0 1 0 0 0 1 0 0 0 371 0 0 0 0 0 0 0 0 0 0 434 0 0 1 0 0 0 0 0 0 9 0 30 0 0 0 0 0 5 0 5 0 0 0 1906 0 0 776 403 466 0 0 0 0 0 0 0 0 3 0 0 0 0 0 0 1 1 3 0 2 0 0 343 46 19 304 0 299 0 29 0 832 489 0 160 0 0 0 0 227 653 249 0
11 16 0 0 4 1 2 6 0 0 0 0 0 0 0 27 3 0 25 13 1361 1602 476 399 26 1497 826 487 0 404 1 0 1 1 3 0 30 1 0 5 0 1 0 0 0 0 2 0 0 2 0 11 0 0 0 0 0 0 0 6 6 171 0 0 0 0 0 0 0 433 0 1938 36 0 0 0 2 9 0 7 0 0 0 0 27 1 4 0 0 0 3 0 0 0 0 0 0 0 0 0 0 13 0 0 8 0 0 0 0 0 7 0 70 0 0 1977 1976 0 0 0 0
22 24 16 5 22 2 0 10 0 0 0 0 0 0 0 0 0 109 10 31 1 0 0 0 0 0 0 0 0 0 0 0 0 0 0 0 0 80 0 0 0 0 0 0 0 0 0 0 0 0 0 6 0 2 0 39 0 0 0 0 3 0 0 0 0 0 0 0 0 0 0 0 0 0 0 0 0 556 0 0 0 0 15 0 0 0 27 113 0 0 29 0 0 0 0 0 0 0 0 0 0 44 35 0 0 0 0 0 0 0 0 0 12 0 0 0 0 0 13 0 0
1 1 0 2 0 0 1 4 0 0 0 0 0 0 0 0 50 2 2 2 0 0 0 0 0 0 0 0 0 0 0 0 0 0 0 0 1 0 0 14 0 0 0 0 0 0 0 0 0 0 0 15 2 0 0 0 0 0 0 0 0 0 0 0 0 0 1 0 6 0 0 0 9 0 0 0 0 0 0 0 0 0 11 0 0 0 29 0 0 0 0 0 0 0 0 0 0 186 0 0 0 714 2503 0 0 0 0 0 0 0 7 0 185 0 0 0 0 0 0 0 0
37 37 59 3 16 2 13 9 1 0 0 2 3 0 1 0 39 0 494 252 13 0 21 0 1 4 0 0 0 0 49 38 177 652 9 0 67 211 0 87 15 44 0 266 0 0 325 261 334 0 0 32 58 51 0 0 0 224 575 279 124 134 0 0 0 33 2 0 21 0 0 0 613 0 74 69 18 17 0 0 38 291 487 803 930 0 490 956 681 509 2 76 57 0 0 0 0 0 0 0 0 35 1306 0 211 0 0 0 0 41 45 0 79 359 143 0 0 0 0 0 0
0 0 0 0 0 0 0 0 0 0 0 0 0 0 0 0 0 0 0 0 0 0 0 0 0 0 0 0 0 0 0 0 0 0 0 0 0 0 0 0 0 0 0 0 0 0 0 0 0 0 0 0 0 0 0 0 0 0 0 0 0 0 0 0 0 0 0 0 0 0 0 0 0 0 0 0 0 0 0 0 0 0 0 0 0 0 0 0 0 0 0 0 0 0 0 0 0 0 0 0 0 0 0 0 0 0 0 0 0 0 0 0 0 0 0 0 0 0 0 0 0
352 298 81 23 2 49 107 53 0 0 0 0 0 0 0 33 0 0 382 749 15 0 12 1 1 3 0 7 12 12 33 33 230 286 3 1 1728 3 37 156 69 0 431 1179 0 21 1707 1278 578 0 71 0 0 0 0 0 664 679 1281 1334 997 1492 0 0 24 133 7 31 53 0 314 0 1546 271 820 37 388 316 0 0 0 0 0 0 0 0 0 0 7442 5641 0 14 74 19 0 91 317 3278 0 44 23 71 122 266 326 0 15 0 72 40 309 17 0 307 81 0 0 243 262 353 0
21 18 5 1 0 3 6 3 0 0 0 0 0 0 0 2 0 26 0 0 4 0 1 0 0 0 0 0 1 1 1 2 14 16 0 0 95 0 0 0 0 0 0 31 0 0 101 33 0 0 0 0 0 0 0 0 24 0 71 79 59 87 0 0 0 1003 0 0 0 0 0 0 91 0 42 0 11 12 0 0 0 0 0 0 0 0 0 0 441 334 0 0 4 0 0 0 0 11 0 0 0 3 0 0 0 0 0 0 0 0 18 0 0 6 1 0 0 0 6 11 0
14 12 3 1 0 2 4 2 0 0 0 0 0 0 0 1 0 18 0 30 3 0 0 0 0 0 0 0 1 1 1 1 9 12 0 0 69 0 0 4 2 0 0 10 0 0 69 0 0 0 0 0 116 0 0 0 0 0 50 53 40 60 0 0 1 0 0 0 5470 0 0 0 62 0 15 0 0 0 0 0 0 0 0 0 0 0 0 0 303 229 0 0 3 0 0 0 0 8 0 2 4 3 0 0 0 0 0 0 0 0 13 0 0 0 0 0 0 0 0 0 0
51 43 12 3 0 7 15 8 0 0 0 0 0 0 0 5 0 63 0 109 2 0 2 0 0 0 0 1 2 2 4 5 33 41 0 0 243 0 0 6 4 0 0 68 0 1491 247 68 0 0 0 0 0 0 0 0 49 31 183 192 144 212 0 0 0 7 1 0 0 0 0 0 223 0 101 3 35 27 0 0 0 0 0 0 0 0 0 0 1079 817 0 0 11 0 0 0 0 27 0 6 14 10 0 0 0 0 0 0 0 0 45 0 0 3 0 0 0 0 16 29 0
23 19 5 2 0 3 7 3 0 0 0 0 0 0 0 2 0 28 1 48 0 0 1 0 0 0 0 0 1 1 2 2 15 18 492 0 109 0 0 5 3 0 0 0 0 0 110 0 0 0 0 0 0 0 0 0 0 0 80 85 64 92 0 0 2 9 0 2 0 0 0 0 99 0 33 0 8 0 0 0 0 0 0 0 0 0 0 0 479 363 0 0 5 0 0 0 0 12 0 3 6 5 0 0 0 0 0 0 0 0 20 0 0 0 0 0 0 0 0 0 0
7 9 0 0 2 0 1 4 0 0 0 0 0 0 0 16 0 4 14 7 824 970 288 241 16 907 501 295 0 245 1 0 0 0 0 0 23 0 0 0 0 0 0 1 0 0 2 2 1 0 0 0 0 0 0 0 1 2 2 2 1 0 1 0 1 1 1 1 578 0 0 1176 2 1 1 0 1 6 0 0 0 1 0 1 17 0 1 0 12 8 1 0 3 1 0 1 0 0 0 0 0 0 0 31 5 1 1 0 0 0 2 0 0 1 0 1198 1197 0 0 0 13
0 0 0 0 0 0 0 0 0 0 0 0 0 0 0 0 0 0 0 1 0 0 0 0 0 0 0 0 0 0 0 0 0 0 0 0 0 0 0 0 0 0 0 0 0 0 0 0 0 0 0 0 0 0 0 0 0 0 0 1 1 0 0 0 0 0 0 0 164 0 0 0 1 0 0 0 0 0 0 0 0 0 0 0 0 0 0 0 8 6 0 0 0 0 0 0 0 0 0 0 0 0 0 0 0 0 0 0 0 0 0 0 0 0 0 0 0 0 0 0 0
21 18 5 1 0 3 6 3 0 0 0 0 0 0 0 2 0 26 27 45 0 0 1 0 0 0 0 0 1 1 2 2 14 17 421 0 101 0 0 2 2 0 0 17 0 0 103 0 0 0 0 0 0 0 0 0 0 0 75 80 60 88 0 0 1 8 0 2 4 0 0 0 83 0 37 1 0 19 0 0 0 0 0 0 0 0 0 0 449 341 0 0 4 1 0 0 0 11 0 3 6 4 8 24 0 0 0 0 0 4 19 9 0 0 0 0 0 15 16 0 0
126 107 29 8 1 18 38 19 0 0 0 0 0 0 0 12 0 156 158 269 6 0 4 0 0 1 0 2 4 4 12 12 83 103 1 0 618 1 0 51 23 0 119 363 0 0 613 359 84 0 0 0 0 0 0 0 219 189 459 478 358 533 0 0 7 37 3 0 0 0 82 0 554 0 280 10 113 108 0 0 0 0 0 0 0 0 0 0 0 0 0 0 28 3 0 0 0 71 0 17 37 27 2 0 0 0 0 0 0 0 117 0 0 74 0 0 0 0 81 116 0
188 159 43 12 1 26 57 28 0 0 0 0 0 0 0 18 0 232 234 399 12 0 6 1 0 1 0 4 7 7 18 17 123 152 1 0 920 2 5 81 36 0 212 587 0 0 910 609 219 0 0 0 0 0 0 0 340 323 682 711 532 794 0 0 11 63 4 0 0 0 145 0 823 10 426 19 188 165 0 0 0 0 0 0 0 0 0 0 13798 0 0 0 158 39 0 0 389 401 0 95 209 153 241 503 591 0 0 0 110 0 661 0 0 633 268 0 0 439 551 746 0
0 0 0 0 0 0 0 0 0 0 0 0 0 0 0 0 0 0 0 0 0 0 0 0 0 0 0 0 0 0 1 1 6 8 0 0 44 0 0 0 0 0 0 9 0 0 46 23 12 3 0 0 0 0 0 0 0 11 32 34 27 38 1364 335 1 3 0 0 2 0 3 0 40 0 21 0 0 2 0 0 0 0 0 0 0 0 0 0 0 0 0 1 0 0 0 0 0 0 0 0 0 0 0 0 0 0 0 0 0 0 0 0 221 0 0 0 0 0 0 0 0
0 176 3 103 134 0 69 197 0 0 1 9 3 0 5 0 5 329 1727 777 73 0 7 0 1 5 0 5 7 10 66 55 297 346 0 0 346 13 15 4 117 28 0 185 0 32 156 555 737 8 0 7467 81 26 118 0 0 15 0 0 0 0 0 0 592 420 119 550 708 0 286 0 254 0 1075 142 223 192 0 0 0 569 2004 2671 3100 0 330 3190 2469 1798 0 0 188 36 232 0 248 1420 0 2428 184 605 412 1805 1903 0 0 0 1018 96 774 0 1244 299 235 0 0 848 235 567 0
41 0 2 0 1 0 0 0 21 8 27 0 70 10 0 0 0 316 973 626 5 0 4 0 0 0 0 0 0 0 0 0 0 0 32 0 1380 24 0 108 0 21 17 0 22 0 0 27 80 0 0 0 0 0 0 0 0 59 100 109 41 197 0 0 338 0 97 0 459 0 0 0 0 71 0 129 307 188 0 0 0 0 0 0 0 0 0 0 0 0 0 0 0 64 0 0 0 0 5781 25 0 0 0 667 126 0 0 0 0 0 0 0 0 95 17 0 0 218 0 258 0
18 0 5 0 14 0 0 1 132 29 9 115 1714 170 22 81 0 0 9 1 1 0 0 0 0 0 0 0 0 0 0 0 0 0 0 0 2 0 0 0 0 0 0 31 16 0 0 0 49 7 0 0 0 2 1 0 0 66 189 27 182 131 5 0 22 30 7 28 38 0 0 0 413 30 0 14 359 15 79 0 0 0 0 7 6 0 3 0 0 0 0 0 0 0 178 198 84 95 55 0 3 7 8 0 70 0 0 0 0 109 287 0 0 0 0 0 0 0 175 66 0
1508 19 218 227 476 1 0 99 465 876 1409 8063 10122 2577 4309 1073 945 3169 263 202 21 0 6 0 1 3 0 3 3 7 2329 1909 10480 11709 30308 0 3412 20953 5083 15699 900 5560 6823 5361 1916 5392 3768 7786 0 12494 98 4362 915 5849 0 1589 3637 5975 3579 4054 5414 5433 16582 6854 9708 9464 1776 7566 17081 502 7399 0 0 1893 0 814 4553 5116 1644 0 740 3556 610 2554 2461 0 2324 5152 1272 1846 2677 0 1204 0 0 1474 2230 2120 0 0 1416 2360 3957 1302 5015 0 149 0 0 1912 1304 0 419 214 667 0 0 777 2013 1240 0
1056 12 118 89 187 0 0 39 183 345 915 4628 8286 1014 2554 358 467 600 76 35 11 0 2 0 0 1 0 0 0 1 28 32 1432 190 15742 0 3137 1124 130 11072 1891 3130 3333 4383 1692 1897 937 2635 2118 1505 0 2438 372 2332 2116 554 1303 2080 560 286 306 996 556 257 496 314 91 388 871 32 278 0 4709 363 0 168 531 580 401 0 0 272 583 767 902 0 183 529 619 183 351 144 91 0 0 0 1668 909 0 162 236 782 1109 223 11 0 0 0 0 0 472 0 182 83 239 0 0 194 356 389 0
0 0 0 0 43 0 37 0 0 0 0 0 0 0 0 0 28 0 254 117 1 0 6 0 0 1 0 1 6 15 6 0 776 0 0 0 0 0 0 0 0 5 121 0 0 0 63 0 1958 0 0 652 115 63 119 0 868 0 197 121 121 201 77 35 73 57 22 65 218 210 0 0 234 104 83 129 152 355 98 0 0 52 174 83 79 0 167 832 335 0 104 0 95 0 0 0 0 0 0 118 246 230 4285 1132 35 0 0 0 0 342 825 759 453 534 471 0 0 1163 533 0 0
772 1 4 3 33 0 6 1 27 36 115 123 311 48 68 2 1 661 700 493 1 0 1 0 0 0 0 2 5 6 4 3 21 20 26 0 8 0 4 47 0 344 5 214 2 223 40 92 87 32 0 286 19 213 386 0 8 8 202 583 76 268 2284 1063 5322 4487 1359 6081 8989 1980 141 0 188 13 0 1785 30 0 326 0 0 0 0 0 0 0 0 0 0 0 0 0 0 0 0 0 35 0 0 170 0 1 1074 0 9 0 1 16 0 0 0 0 90 0 0 0 0 18 4 10 0
1844 26 117 108 271 14 293 0 3190 2555 755 2428 6612 1251 1340 819 792 10 1 3 7 0 0 0 0 0 0 9 85 8 207 170 932 1046 1857 1 1376 360 5084 4683 142 1081 3254 2717 1420 3322 8052 4694 4092 295 0 668 3009 4043 0 87 1888 5692 5761 8323 3930 9231 5309 2452 2408 3916 2508 5644 2433 596 2703 0 6563 1540 325 3850 1896 2279 2437 0 338 2403 2573 3805 4419 0 1576 4554 3214 2063 2991 3001 0 0 311 400 1695 1592 0 80 901 1522 3221 3721 609 0 0 0 0 126 1166 0 549 564 521 0 0 749 699 944 0
2 0 0 0 0 0 0 0 0 0 0 0 0 0 0 0 0 0 0 0 1 0 16 0 1 2 0 0 0 0 0 0 0 0 14 0 0 1 0 50 0 15 0 22 3 54 0 0 1 39 0 0 0 22 35 0 0 609 0 1643 5 80 0 0 4258 0 1219 0 5783 8 0 0 0 0 22 619 144 179 42 0 0 432 0 0 0 0 0 0 0 0 3043 0 0 4842 0 0 0 0 0 0 0 0 0 0 0 0 0 0 0 0 0 0 0 0 0 0 0 0 0 0 92
11 0 0 0 1 0 0 0 1 1 7 1 2 0 0 1 2 34 33 21 1 0 0 0 0 0 0 0 0 0 0 0 0 0 0 0 0 0 0 0 0 0 0 0 12 360 46 0 413 19 0 0 37 61 0 0 0 17 58 97 52 90 214 99 274 53 19 578 65 2 0 0 71 9 0 463 334 397 120 0 0 330 0 0 0 0 0 0 0 0 0 0 95 0 0 0 0 0 0 2 0 36 0 0 204 0 0 0 0 0 127 0 61 32 0 0 0 12 44 0 0
0 0 0 0 0 0 0 0 0 0 0 0 0 0 0 0 0 0 0 0 0 0 0 0 0 0 0 0 0 0 0 0 0 0 0 0 0 0 0 0 0 0 0 0 0 0 0 0 0 0 0 0 0 0 0 0 0 0 0 0 0 0 0 2025 0 0 0 0 0 0 0 0 0 0 0 0 0 0 0 0 0 0 0 0 0 0 0 0 0 0 0 0 0 0 0 0 0 0 0 0 0 0 0 0 0 0 0 0 0 0 2 0 0 0 0 0 0 0 0 0 0
10 1 1 17 41 0 17 0 47 88 7 0 18 12 0 4 28 61 117 77 1 0 0 0 0 0 0 0 0 0 0 0 24 0 261 0 0 30 0 177 0 362 0 0 0 186 12 0 157 0 0 0 8 39 0 0 0 0 5 16 6 11 8 3 8 6 2 7 15 0 0 0 259 6 0 7 0 0 0 0 0 24 72 36 55 0 21 0 0 0 1353 0 51 0 0 0 0 0 0 33 120 197 0 0 0 0 0 0 0 0 318 0 215 0 0 0 0 244 129 0 0
300 4 20 14 43 0 50 4 6 11 176 759 1482 236 419 117 255 867 539 922 3 0 22 0 1 2 0 0 0 1 11 9 360 61 233 0 68 33 1450 699 33 82 852 370 193 324 608 790 741 612 0 3960 30 873 1026 0 153 1059 932 762 782 1801 958 446 1459 973 288 1197 2486 99 86 0 1820 169 0 2402 426 512 673 0 0 581 54 489 607 0 394 0 317 0 270 0 0 396 0 0 0 499 0 115 6382 8706 10969 0 0 0 0 0 0 0 378 0 157 0 0 0 0 17 209 0 0
25 33 74 24 163 9 60 46 0 0 0 0 0 0 0 14 57 174 114 57 4 0 9 0 0 1 0 0 1 3 32 26 138 164 3 0 469 8 2 0 264 70 111 275 19 356 52 0 1580 6 0 443 39 158 285 21 0 0 286 314 223 20 0 0 111 77 21 92 208 30 3 0 137 42 1394 0 141 231 0 0 0 208 526 282 364 0 150 378 145 0 666 0 0 0 0 0 0 0 0 933 0 305 541 326 0 0 0 0 0 0 779 0 488 110 0 0 0 610 1022 100 0
797 714 976 194 776 415 718 314 222 87 83 452 62 1 249 233 384 1971 1326 886 18 0 65 0 2 4 0 15 103 15 581 476 2598 3084 332 7 1944 161 296 835 488 7 395 3498 247 881 1940 1469 2780 58 228 1110 2313 1013 1076 730 1134 261 438 323 3095 218 2727 1270 264 557 64 549 176 527 1077 0 5036 407 0 910 1620 1766 1358 0 122 1103 2569 3289 3814 0 725 3926 2790 1882 191 1591 789 70 602 1129 353 3375 735 1861 1267 2124 3468 2667 1546 0 689 0 3144 147 2007 0 0 753 92 0 0 1925 1587 2123 0
40 29 8 0 0 2 0 1 0 0 0 0 0 0 0 33 77 170 427 187 4 0 37 0 1 2 0 1 14 3 55 45 242 287 2 0 56 4 8 0 53 37 131 187 64 333 244 131 163 20 0 0 280 45 81 47 38 103 108 31 66 304 82 38 0 1 0 2 0 44 0 0 211 64 543 217 115 106 84 0 0 32 511 316 368 0 22 379 266 160 38 17 66 187 0 77 64 0 537 130 377 1023 591 323 49 0 0 0 29 0 138 0 0 51 0 0 0 98 107 117 0
27 38 26 28 32 6 1 29 1 0 5 3 2 0 2 39 34 386 13 9 1 0 8 0 0 2 0 0 4 9 164 132 615 602 92 0 298 20 59 105 77 2 35 462 61 58 63 145 339 3 0 248 74 47 84 191 90 33 53 57 318 34 644 300 76 53 22 81 101 278 101 0 1015 45 0 48 143 673 72 0 8 85 288 236 274 0 50 284 201 134 48 78 55 16 23 108 220 0 156 38 274 216 387 256 257 7978 3925 0 78 25 224 108 127 21 0 0 0 130 155 162 0
0 26 15 5 22 11 21 10 0 0 0 0 0 0 0 4 12 1 1 1 1 0 0 0 0 0 0 0 0 0 6 74 84 27 6 21 14 1 16 62 67 22 47 113 91 0 45 42 348 0 0 832 60 29 34 27 45 48 45 77 53 47 12 6 9 8 3 12 17 48 13 0 102 63 76 66 94 86 122 0 0 15 65 36 134 0 12 218 36 0 28 0 101 260 30 354 255 46 55 247 116 4 184 338 390 0 0 0 0 106 244 0 149 181 73 0 0 163 236 399 0
0 0 0 0 0 0 0 0 0 0 0 0 0 0 0 191 0 5 5 3 2 0 10 0 0 0 0 0 0 0 74 105 12 264 7 1 67 4 67 267 28 1004 291 483 478 191 67 2 1023 0 0 2486 45 285 489 110 65 117 0 0 0 183 7 3 0 0 0 0 0 5 262 0 95 50 0 25 162 171 0 0 0 148 441 381 447 0 100 0 308 96 61 0 79 0 0 24 0 282 0 48 230 76 643 258 841 0 34 0 0 0 440 0 385 39 0 0 0 156 505 0 0
0 0 0 0 0 0 0 0 0 0 0 0 0 0 0 0 0 0 0 0 2 0 0 0 0 0 0 0 0 0 0 0 0 0 0 0 0 0 0 0 0 0 0 0 0 0 0 0 0 0 0 306 0 0 0 0 0 0 0 0 0 0 0 0 0 0 0 0 0 0 0 0 0 0 0 0 13 0 0 0 0 0 0 0 0 0 0 0 0 0 0 0 1 0 0 0 0 189 0 0 0 0 0 0 0 0 0 0 0 0 0 0 0 0 0 0 0 0 0 0 0
183 213 43 13 89 0 71 0 0 0 0 0 0 0 0 0 100 675 992 399 70 0 155 0 19 46 2 1 7 8 153 131 747 837 31 0 4183 9 0 0 29 0 0 403 2 364 337 507 2764 0 0 1105 235 820 887 0 373 2774 46 72 2 2074 22 0 941 1089 253 788 908 196 471 0 3379 435 1534 192 976 1011 763 0 0 610 2098 1517 1769 0 404 0 1262 670 426 3028 121 651 676 453 0 71 387 1708 861 3085 1825 2192 2660 16 106 0 286 1212 2522 0 1192 889 114 0 0 1190 1843 894 0
0 0 0 0 0 0 0 0 0 0 0 0 0 0 0 4 8 0 4 0 2 0 0 0 0 1 0 0 1 1 0 0 12 0 0 0 0 0 0 0 0 0 0 0 0 0 31 0 0 0 0 0 11 0 0 0 0 0 2 12 8 6 5 2 1 2 1 2 4 17 0 0 0 14 0 0 0 0 0 0 1 2 5 6 17 0 3 44 7 5 0 0 23 81 0 0 0 0 0 0 0 9 0 0 0 1 3 0 0 0 232 0 0 1 0 0 0 97 0 0 0
0 0 0 0 5 0 6 0 0 0 0 0 0 0 0 6 0 138 3 0 2 0 0 0 0 0 0 0 0 0 0 0 0 0 0 0 0 0 0 0 0 0 0 0 0 0 0 0 0 0 0 505 0 0 0 0 0 0 0 0 0 0 0 0 0 0 0 0 0 0 0 0 0 0 1 3 43 25 0 0 0 0 78 0 80 0 5 84 0 0 31 0 0 127 0 0 0 225 0 0 0 9 185 22 0 0 0 0 0 0 562 0 0 0 8 0 0 185 50 0 0
0 20 0 21 16 0 0 0 68 65 53 35 29 34 17 0 67 0 0 0 0 0 0 0 0 0 0 0 0 0 0 5 69 0 0 0 0 0 0 435 211 224 0 0 20 0 82 66 569 0 0 0 549 29 81 473 45 718 15 37 27 31 26 9 91 9 13 14 16 30 77 0 412 254 2 97 170 78 0 0 0 0 30 162 76 0 6 31 3 0 28 0 0 120 0 0 0 1198 0 0 167 949 2468 499 389 0 276 68 0 225 1205 0 399 0 0 0 0 1234 516 472 0
0 0 0 0 0 0 0 0 4 9 0 0 0 0 10 0 0 0 0 0 0 0 3 1 1 5 1 3 7 7 0 9 0 0 0 0 0 0 0 0 0 0 0 0 0 0 0 0 0 0 0 0 0 0 0 0 0 0 0 0 0 0 0 0 0 0 0 0 0 0 0 0 0 0 0 0 0 0 0 0 0 0 0 0 0 0 29 0 0 0 0 0 0 0 0 0 0 0 0 0 0 0 0 0 0 0 0 0 0 0 0 0 0 0 0 0 0 0 0 0 0
0 0 0 0 0 0 0 0 8 12 0 0 0 0 13 0 0 0 0 0 2 0 4 2 1 6 1 4 10 9 0 13 0 0 0 0 0 0 0 0 0 0 0 0 0 0 0 0 0 0 0 0 0 0 0 0 0 0 0 0 0 0 0 0 0 0 0 0 0 0 0 0 0 0 0 0 0 0 0 0 0 0 0 0 0 0 38 0 0 0 0 0 0 0 0 0 0 0 0 0 0 0 0 0 0 0 0 0 0 0 0 0 0 0 0 0 0 0 0 0 0
80 24 0 7 40 0 0 0 0 0 0 0 0 0 0 0 0 0 585 243 0 0 0 1 0 0 0 14 0 128 0 29 809 146 0 0 96 0 0 0 14 29 0 279 0 0 0 0 0 0 0 0 0 0 0 0 0 0 304 344 0 0 1 0 142 95 41 151 188 18 0 0 417 43 0 4 35 88 30 0 0 43 194 125 100 0 27 0 43 0 32 0 0 8 0 0 0 0 0 35 0 61 0 0 0 0 0 0 0 0 372 0 0 0 0 0 0 0 0 0 267
0 0 0 0 2 0 0 0 0 0 0 0 0 0 0 0 0 0 10 5 1 0 0 0 0 1 0 1 0 13 0 2 154 77 0 0 0 0 0 0 0 14 0 22 0 0 64 0 0 0 0 0 1 0 0 0 0 0 59 24 0 0 0 0 17 1 1 3 4 0 0 0 88 8 0 1 0 33 0 0 0 0 88 0 8 0 8 0 0 0 12 0 17 0 0 0 0 0 0 3 0 262 0 0 0 0 0 0 0 0 67 0 13 0 0 0 0 85 0 0 0
5 0 0 0 1 0 0 0 0 0 0 0 0 0 0 0 54 0 666 376 0 0 0 7 0 135 3 174 0 338 39 13 1845 122 0 0 0 0 0 0 0 0 0 193 0 0 0 0 349 0 0 0 0 0 0 0 0 0 311 362 0 0 0 0 11 8 3 9 18 1 0 0 338 49 0 7 115 8 99 0 0 0 33 0 3 0 12 2943 0 0 19 0 0 0 0 0 74 0 0 0 256 639 257 667 0 0 0 0 0 70 431 0 77 160 0 0 0 469 374 0 22
193 39 378 14 7 10 32 78 0 0 0 0 0 0 0 418 0 200 1546 676 0 2420 9250 11931 406 9343 6868 19330 30 48597 532 12 0 29 243 0 67 4317 252 16 44 902 294 188 819 15 90 315 259 62 0 0 0 30 55 262 91 41 26 22 11 63 0 0 34 0 17 0 26 41 61 0 0 341 96 5770 6 128 122 0 1 6 3 5 1 0 1 0 1 1 5 0 1 0 0 0 4 10 40 0 9 8 5 4 4 1 15 1 0 1 101 5 0 8 18 0 0 0 0 0 0
