137
0 4 7 3 7 0 3 1916 249 34 924 3001 294 15 0 1 0 1 0 18 0 2 0 0 1 0 0 1 0 0 0 0 0 0 1 0 3553 0 0 5 0 0 0 0 0 0 0 49 0 5 218 0 0 0 0 0 0 0 0 0 0 3 0 0 6 0 1 0 0 0 0 1 9 0 0 0 0 0 0 0 0 0 5 1 0 4 0 0 0 0 0 0 0 0 0 0 1804 0 0 0 0 1 0 0 0 0 0 0 0 0 0 0 0 0 0 15 341 229 107 10 246 270 264 0 11 24 0 0 0 48 17 11 21 14 99 33 0
0 0 4 0 3 0 0 6721 1245 2123 5226 2467 8764 2437 0 0 0 0 0 9 0 1 0 0 0 0 0 0 0 0 0 0 0 0 1 0 4438 0 0 3 0 0 0 0 0 0 0 30 0 2 136 0 0 0 0 0 0 0 0 0 0 2 0 0 3 0 0 0 0 0 0 1 6 0 0 0 0 0 0 0 0 0 2 0 0 2 0 0 0 0 0 0 0 0 0 0 1044 0 0 0 0 1 0 0 0 0 0 0 0 0 0 0 0 0 0 0 186 118 57 0 146 161 138 0 0 0 0 0 0 23 0 0 0 4 50 8 0
0 0 0 0 0 0 0 9 7 5 10 23 5 0 0 0 0 0 0 0 0 3 0 0 0 0 0 0 0 0 0 0 0 0 1 0 2056 1419 0 0 0 0 0 0 0 0 0 23 0 0 17 0 0 0 0 0 0 0 0 0 0 1 0 0 2 0 0 0 0 0 0 1 5 0 0 0 0 0 0 0 0 0 0 0 0 0 0 0 0 0 0 0 0 0 0 0 0 0 0 0 0 0 0 0 0 0 0 0 0 0 0 0 0 0 0 0 0 0 0 0 11 8 0 0 0 0 0 0 0 0 0 0 0 0 0 0 0
0 1 4 0 4 0 0 1 3 0 0 0 3 0 0 0 0 0 0 11 0 1 0 0 0 0 0 0 0 0 0 0 9129 0 1 0 3393 0 0 0 0 0 0 0 0 0 0 27 0 3 139 0 0 0 0 0 0 0 0 0 0 2 0 0 3 0 0 0 0 0 0 1 6 0 0 0 0 0 0 0 0 0 3 0 0 2 0 0 0 0 0 0 0 0 0 0 1007 0 0 0 0 1 0 0 0 0 0 0 0 0 0 0 0 0 0 1 202 131 62 0 154 169 132 0 0 0 0 0 0 26 0 0 1 6 59 12 0
0 0 1 0 0 0 0 0 0 0 0 0 1 0 0 0 0 0 0 3 0 1 0 0 0 0 0 0 0 0 0 0 0 0 0 33007 0 0 0 0 0 0 0 0 0 0 0 0 0 1 0 0 0 0 0 0 0 0 0 0 0 0 0 0 0 0 0 0 0 0 0 0 1 0 0 0 0 0 0 0 0 0 1 0 0 1 0 0 0 0 0 0 0 0 0 0 0 0 0 0 0 0 0 0 0 0 0 0 0 0 0 0 0 0 0 0 0 0 0 0 0 0 0 0 0 0 0 0 0 0 0 0 0 0 0 0 0
0 0 0 0 0 0 0 0 0 0 0 0 0 0 0 0 0 0 0 0 0 0 0 0 0 0 0 0 0 0 0 0 0 0 0 0 1 0 0 0 3 0 0 0 0 0 0 0 0 0 0 0 0 0 0 0 0 0 0 0 0 0 0 0 0 0 0 0 0 0 0 0 0 0 0 0 0 0 0 0 0 0 0 0 0 0 0 0 0 0 0 0 0 0 0 0 0 0 0 0 0 0 0 0 0 0 0 0 0 0 0 0 0 0 0 0 0 0 0 0 0 0 0 0 0 0 0 0 0 0 0 0 0 0 0 0 0
0 2 17 1 9 4 0 71 42 51 10 5 40 28 0 9 4 1229 1672 4 23 50 107 7 242 0 0 0 0 0 0 2 0 0 10 3 0 1 0 15 0 0 14 0 0 0 0 163 0 6 142 0 0 0 0 0 2 6 2 0 0 7 4 0 1 0 6 0 0 0 0 41 3753 0 0 0 0 0 0 0 0 0 0 0 3 2 0 0 0 289 0 0 0 0 0 0 0 0 0 0 3 929 0 0 0 0 0 0 0 0 0 0 0 0 0 0 0 0 0 0 0 0 0 0 0 0 0 0 0 0 0 0 0 1 0 0 33
0 0 0 0 0 0 0 0 3 0 0 50 0 180 0 0 0 0 0 0 0 2 0 0 1 0 0 0 12441 0 0 0 0 0 1 0 0 0 0 0 0 0 293 0 0 0 0 50 0 0 0 0 0 0 0 0 0 0 0 0 0 3 0 0 0 0 0 0 0 0 0 1 8 0 0 0 0 0 0 0 0 0 0 0 0 0 0 0 0 0 0 0 0 0 0 0 0 0 0 0 0 2 0 0 0 0 0 0 0 0 0 0 0 0 0 0 0 0 0 0 0 0 0 0 0 0 0 0 0 0 0 0 0 0 0 0 0
0 0 0 0 5 4 0 0 0 0 0 0 0 127 0 0 6 764 1649 0 23 81 1 8 246 0 0 0 0 49519 0 0 0 0 2 0 0 0 0 0 0 0 45 0 0 144 0 305 0 0 134 0 0 27 0 0 1 0 0 0 0 6 0 0 0 0 1 0 0 0 0 20 3809 0 157 0 0 0 0 0 0 0 0 0 0 0 0 0 0 316 0 0 0 220 0 0 0 0 0 0 22 859 0 0 0 0 0 0 0 0 0 0 0 0 0 0 0 0 0 0 0 0 0 0 0 0 0 0 0 0 0 0 0 0 0 0 34
0 0 0 1 5 0 0 2 5 0 0 0 5 147 0 0 0 0 0 14 0 3 0 0 1 0 0 7 0 0 11528 0 0 0 1 0 0 0 0 0 0 0 20 0 0 0 0 51 0 4 0 0 0 0 0 0 0 0 0 0 0 3 0 0 6 0 0 0 0 0 0 1 9 0 0 0 0 0 0 0 0 0 4 0 0 3 0 0 0 0 0 0 0 0 0 0 710 0 0 0 0 1 0 0 0 0 0 0 0 0 0 0 0 0 0 0 228 148 71 0 163 188 176 0 0 0 0 0 0 28 0 0 2 7 69 17 0
0 0 0 4 3 0 0 39 43 25 0 66 20 294 0 3 1 0 0 9 0 66 109 1 0 1 0 3 198 1076 172 1262 0 0 13 0 0 0 11 2 0 0 27 0 0 0 0 7 0 5 3 0 0 661 0 0 13 62 0 0 2 5 5 0 0 0 5 0 0 0 0 23 6 0 0 0 0 0 0 0 0 3 1 0 0 3 0 0 0 0 0 0 0 0 0 0 0 0 0 1 0 88 0 0 0 0 0 0 0 0 0 0 0 0 0 0 0 0 0 0 0 2 0 0 0 0 0 0 0 0 0 0 0 2 0 0 0
0 0 0 2 2 0 0 0 3 2 0 0 0 21 0 1 0 0 0 2 0 1 42 0 0 1 0 1 0 64 11 30 0 0 4 0 0 0 4 1 0 0 7 0 0 0 0 0 0 5 1 0 0 0 0 0 0 0 0 0 1 1 3 0 0 0 2 0 0 0 0 9 2 0 0 0 0 0 0 0 0 1 0 0 0 2 0 0 0 0 0 0 0 0 0 0 0 0 0 1 0 34 0 0 0 0 0 0 0 0 0 0 0 0 0 0 0 0 0 0 0 0 0 0 0 0 0 0 0 0 0 0 0 1 0 0 0
0 0 0 0 0 0 0 241 121 0 0 2251 0 116 0 0 0 0 0 0 0 3 0 0 1 0 0 0 855 0 0 842 0 21587 1 0 0 0 0 0 0 0 19 0 0 0 0 69 0 0 0 0 0 351 0 0 0 0 0 0 0 3 0 0 0 0 0 0 0 0 0 1 12 0 0 0 0 0 0 0 0 0 0 0 0 0 0 0 0 0 0 0 0 0 0 0 0 0 0 0 0 2 0 0 0 0 0 0 0 0 0 0 0 0 0 0 0 0 0 0 0 0 0 0 0 0 0 0 0 0 0 0 0 0 0 0 0
0 0 0 0 0 0 0 0 0 0 0 0 0 0 0 0 0 0 68 0 1 3 0 0 10 0 0 0 0 0 0 0 0 0 0 0 0 0 0 0 0 0 0 0 0 0 0 11 0 0 5 0 0 0 0 0 0 0 0 0 0 0 0 0 0 0 0 0 0 0 0 1 157 0 0 0 0 0 0 0 0 0 0 0 0 0 0 0 0 10 0 0 0 20 0 0 0 0 0 0 0 35 0 0 0 0 0 0 0 0 0 0 0 0 0 0 0 0 0 0 0 0 0 0 0 0 0 0 0 0 0 0 0 0 0 0 1
9 13 44 16 12 1 96 585 501 743 385 176 744 265 0 922 43 0 0 577 0 20 196 1 0 265 14 838 9 0 2 3 0 46 43 26 36 237 402 536 0 0 35 11142 0 3709 0 119 0 41 10 0 0 0 0 0 29 30 27 0 6 13 22 7 26 4 18 0 0 0 0 1 0 0 0 0 0 77 0 0 0 15 4 1220 11 11 0 0 17 24 0 0 0 0 0 0 0 0 0 0 0 158 0 0 0 0 0 0 0 0 0 0 0 0 0 0 0 0 0 0 0 20 0 0 0 0 0 0 0 0 0 0 0 17 0 0 0
0 1 12 0 1 0 0 24 2 12 0 0 17 28 0 0 0 0 0 19 0 8 12 1 0 0 0 0 0 0 0 23 0 0 15 0 0 0 3924 26 0 0 0 15 7 0 0 0 0 1 0 0 0 0 0 0 0 0 0 0 0 4 0 0 0 0 0 0 0 0 0 0 0 0 0 0 0 0 0 0 0 0 0 34 0 0 24 32 91 0 0 0 0 0 0 0 0 0 0 0 0 9 0 0 0 0 0 0 0 0 0 0 0 0 0 0 0 0 0 0 0 0 0 0 0 0 0 0 0 0 0 0 0 0 0 0 0
6 7 8 8 9 0 0 3 0 6 0 1 886 1 0 62 0 0 0 9 0 459 0 4 0 2 1492 175 2 0 2 1 0 0 1164 3 19 52 15 3 0 0 0 0 186 0 0 32166 0 6 59 245 337 0 0 0 28 473 1448 447 11 2767 66 41 7279 67 17 0 0 0 0 331 60 0 0 0 32 33165 0 0 0 0 0 0 3 2 0 0 5535 1087 0 0 0 0 0 0 0 0 0 0 0 0 0 0 0 0 0 0 0 0 0 0 0 0 0 0 0 0 0 0 2 0 0 0 0 0 0 0 0 0 0 0 0 2 0 0 0
0 0 22 1 38 26 0 263 0 805 357 184 602 70 3 33 70 0 10609 2 144 304 7 44 1535 2 0 4 19 2 3 4 1 139 34 60 135 235 229 5 3 0 0 0 2 1 5 1757 729 8 873 0 129 940 54 1 29 2 25 4 3 27 3 0 2 0 5 0 0 4 0 120 23742 0 1 90 8 0 0 0 2 3 1 1 0 3 0 0 0 2000 0 0 0 1 7 7 253 8 4 12 113 5348 5 7 14 0 2 2 0 3 2 0 0 0 5 11 0 0 0 0 0 0 0 0 0 0 0 0 0 0 0 0 0 14 2 1 209
0 2 2 2 4 4 0 174 0 50 16 8 29 0 4 3 3 0 0 1 0 196 0 5 0 1 0 1 19 19 91 2 0 6 7 0 130 10 9 3 6 8 15 0 16 18 1 3 0 4 0 0 0 0 1 63 69 58 50 44 27 13 1 0 1 0 0 13 0 0 0 1820 1079 1 1 0 21 20 76 0 7 6 3 3 0 8 0 3 0 26 0 0 0 1 18 2 565 1 1 28 4 1 1 2 0 0 1 3 0 1 1 6 0 0 23 35 0 0 0 0 0 0 0 0 0 0 0 0 0 0 0 0 0 50 6 0 0
0 0 0 0 0 0 0 0 0 0 0 0 0 0 0 0 0 0 0 0 0 12 0 0 0 0 0 0 0 0 0 0 0 0 37 0 0 0 0 0 0 0 0 0 0 0 0 0 0 0 0 0 0 0 0 0 0 0 0 0 0 0 0 0 0 0 0 0 0 0 0 0 0 0 0 0 0 0 0 0 0 0 0 0 0 0 0 0 0 0 0 0 0 0 0 0 0 0 0 0 0 0 0 0 0 0 0 0 0 0 0 0 0 0 0 0 0 0 0 0 0 0 0 0 0 0 0 0 0 0 0 0 0 0 0 0 0
0 0 0 0 0 0 0 0 0 0 0 0 0 0 0 0 0 0 0 0 0 17 0 1 566 4 3 5 0 0 0 0 0 0 0 0 0 0 0 0 0 0 0 0 0 0 0 0 0 0 0 0 0 0 0 6 10 12 7 8 0 0 0 0 1 0 1 32 1 0 0 0 0 0 0 0 60 0 0 0 0 0 0 0 0 0 0 0 0 0 0 0 0 0 0 0 0 0 1 0 0 0 0 0 0 0 0 0 0 0 0 0 0 0 0 0 0 0 0 0 0 0 0 0 0 0 0 0 0 0 0 0 0 0 0 0 0
0 0 0 0 0 0 0 0 0 0 0 0 0 0 0 0 0 0 0 0 0 0 0 0 0 0 0 0 0 0 0 0 0 0 0 0 0 0 0 0 0 0 0 0 0 0 0 0 0 0 0 0 0 0 0 0 0 0 0 0 0 0 0 0 0 0 0 0 0 0 0 0 0 0 0 0 0 0 0 0 0 0 0 0 0 0 0 0 0 0 0 0 0 0 0 0 0 0 0 0 0 0 0 0 0 0 0 0 0 0 0 0 0 0 0 0 0 0 0 0 0 0 0 0 0 0 0 0 0 0 0 0 0 0 0 0 0
0 0 0 0 0 0 0 0 0 0 0 0 0 0 0 0 0 0 0 0 0 0 0 0 0 0 0 0 0 0 0 0 0 0 0 0 0 0 0 0 0 0 0 0 0 0 0 0 0 0 0 0 0 0 0 0 0 0 0 0 0 0 0 0 0 0 0 0 0 0 0 0 0 0 0 0 0 0 0 0 0 0 0 0 0 0 0 0 0 0 0 0 0 0 0 0 0 0 0 0 0 0 0 0 0 0 0 0 0 0 0 0 0 0 0 0 0 0 0 0 0 0 0 0 0 0 0 0 0 0 0 0 0 0 0 0 0
0 0 0 0 0 0 0 0 0 0 0 0 0 0 0 0 0 0 0 0 0 0 0 0 0 0 0 0 0 0 0 0 0 0 0 0 0 0 0 0 0 0 0 0 0 0 0 0 0 0 0 0 0 0 0 0 0 0 0 0 0 0 0 0 0 0 0 0 0 0 0 0 0 0 0 0 0 0 0 0 0 0 0 0 0 0 0 0 0 0 0 0 0 0 0 0 0 0 0 0 0 0 0 0 0 0 0 0 0 0 0 0 0 0 0 0 0 0 0 0 0 0 0 0 0 0 0 0 0 0 0 0 0 0 0 0 0
0 0 0 0 0 0 0 0 0 0 0 0 0 0 0 0 0 0 0 0 0 12 0 0 0 1 0 1 0 0 0 0 0 0 0 0 0 0 0 0 0 0 0 0 0 0 0 0 0 0 0 0 0 0 0 0 0 1 0 0 0 0 0 0 0 0 169 12 0 0 0 0 0 0 0 0 1 0 0 0 0 0 0 0 0 0 0 0 0 0 0 0 0 0 0 0 0 0 0 0 0 0 0 0 0 0 0 0 0 0 0 0 0 0 0 0 0 0 0 0 0 0 0 0 0 0 0 0 0 0 0 0 0 0 0 0 0
1 3 5 2 5 0 0 3 2 3 0 0 5 1 0 2687 0 0 0 84 0 55 1 3 0 0 0 43 0 0 0 0 0 0 6 0 0 6 0 3 0 0 0 0 0 0 0 47 0 12 6 204 268 0 0 0 0 28 261 113 0 5 9 0 13 0 4 681 0 0 0 9 2 0 0 0 1 0 0 0 0 2 5 0 6 8 0 0 0 0 17 0 0 0 0 0 0 0 0 6 0 0 0 0 0 0 0 1 0 0 0 0 0 0 0 0 54 15 14 40 53 63 0 0 36 61 0 0 0 92 35 85 58 0 0 0 0
22 30 32 25 32 1 28 13 21 25 9 5 25 7 0 3944 0 0 2 434 0 120 5 4 0 8238 0 11631 2 0 3 2 0 0 35 4 0 63 8 18 0 0 0 2922 2119 949 0 254 0 88 74 75 97 0 0 982 1983 1218 1521 36 286 123 481 287 203 93 311 981 0 0 0 45 10 112 0 174 17 0 0 0 6 31 20 654 30 37 0 0 0 340 99 0 0 0 0 0 58 0 0 93 10 7 0 0 0 0 0 21 19 0 0 0 0 0 0 12 198 124 87 177 161 159 107 248 160 208 152 142 163 213 176 210 190 28 0 101 1
0 5 12 14 17 0 14 2 0 0 0 0 1 0 0 1158 0 0 0 8 0 4 0 0 0 0 0 0 0 0 0 0 0 0 1 0 0 0 0 0 0 0 0 0 0 0 0 6 0 32 19 793 0 0 0 0 0 2 0 0 0 1 1 0 2 0 1 231 0 0 0 1 0 0 0 0 0 0 0 0 0 9 0 0 1 5 0 0 0 0 0 0 0 0 0 0 0 0 0 0 0 0 0 0 0 0 0 0 0 0 0 0 0 0 0 0 0 0 0 0 0 0 0 0 0 0 0 0 0 0 0 0 0 1 0 0 0
5 5 6 7 7 0 5 0 503 288 0 0 0 3420 0 14 0 0 0 15 0 3 9 0 0 1 0 3 0 10 109 0 0 0 12 0 0 0 76 4 0 0 0 0 0 0 0 0 0 9 15 0 0 0 0 0 0 2 0 0 0 1 0 0 0 0 2 0 0 0 0 152 34 0 0 0 0 0 0 0 0 3 1 0 1 2 0 0 0 0 0 0 0 0 0 0 81 0 0 0 0 8 0 0 0 0 0 0 0 0 0 0 0 0 0 0 27 0 0 0 0 0 0 0 0 0 0 0 0 0 0 0 0 1 0 0 0
59 64 71 88 83 1 94 219 0 174 0 0 71 101 51 52 12 0 0 168 0 14 91 0 0 44 31 30 0 0 57 0 0 0 71 0 0 0 277 70 17 0 22 17 38 0 17 0 0 97 104 28 28 0 0 0 27 29 18 11 17 11 32 29 13 0 23 21 0 42 0 1723 388 78 6 14 8 0 0 0 19 32 5 9 13 21 0 0 0 0 13 0 0 0 0 0 251 0 0 2 9 75 0 0 0 0 6 0 0 0 0 0 0 0 5 8 15 9 15 2 0 13 3 0 34 12 0 0 3 27 0 13 14 23 3 0 0
2 3 3 4 3 0 3 25 26 0 0 0 8 14 0 7 0 0 0 7 0 1 6 0 0 0 0 1 0 0 0 0 0 0 2 0 0 0 56 5 0 0 1 0 0 0 0 0 0 4 6 0 0 0 0 0 0 1 0 0 0 0 1 0 0 0 1 0 0 0 0 75 17 0 0 0 0 0 0 0 0 1 0 3 1 1 0 0 0 0 0 0 0 0 0 0 44 0 0 0 0 5 0 0 0 0 0 0 0 0 0 0 0 0 0 0 0 0 0 0 0 0 0 0 0 0 0 0 0 0 0 0 0 0 0 0 0
0 0 0 0 0 0 0 288 361 21 0 0 0 471 0 0 0 0 0 0 0 2 0 0 0 0 0 0 12 22 135 0 0 0 9 0 0 0 15 1 0 0 0 0 0 0 0 0 0 0 3 0 0 0 0 0 0 0 0 0 0 0 0 0 0 0 0 0 0 0 0 0 0 0 0 0 2 0 0 0 0 1 0 1 0 1 0 0 0 0 0 0 0 0 0 0 22 0 0 0 0 0 0 0 0 0 0 0 0 0 0 0 0 0 1 0 0 0 0 0 0 0 0 0 0 0 0 0 0 0 0 0 0 0 0 0 0
14 16 20 0 20 0 23 218 255 161 32 8 61 97 0 9 7 0 0 48 0 6 27 0 0 8 11 11 9 11 57 3 0 11 20 1 103 29 31 10 9 0 7 3 15 0 5 0 0 25 39 11 14 10 0 0 10 9 8 8 6 6 7 11 3 0 6 5 0 15 0 439 99 17 0 4 2 0 0 0 6 9 2 3 0 6 6 11 25 0 2 0 0 0 0 0 0 0 0 2 1 22 0 0 0 0 0 0 0 0 0 0 0 0 1 0 0 0 0 0 3 0 0 0 0 0 0 0 0 0 0 0 0 2 0 0 0
53 59 73 76 69 3 105 2546 5713 6668 2032 1300 0 484 0 307 21 0 0 147 0 28 100 1 0 18 1 25 33 19 225 71 0 0 1411 0 87 17 822 88 14 0 34 0 28 0 0 0 0 69 94 53 35 0 0 0 0 25 14 0 13 9 16 1 0 0 15 14 0 0 0 1008 227 28 0 6 8 0 0 0 50 79 12 80 69 57 0 0 0 0 38 57 0 0 0 0 1815 0 0 66 11 83 0 0 0 0 0 0 0 0 0 0 0 98 74 124 22 12 22 11 34 11 8 0 15 0 0 0 17 36 0 17 21 130 26 0 0
0 0 0 0 0 0 0 0 0 0 0 0 0 0 0 0 0 0 0 0 0 1 0 0 0 0 0 0 0 0 0 0 0 0 0 0 0 0 54 0 0 0 0 0 0 0 0 0 0 0 0 0 0 0 0 0 0 0 0 0 0 0 0 0 0 0 0 0 0 0 0 0 0 0 0 0 0 0 0 0 0 0 0 0 0 0 0 0 0 0 0 0 0 0 0 0 0 0 0 0 0 0 0 0 0 0 0 0 0 0 0 0 0 0 0 0 0 0 0 0 0 0 0 0 0 0 0 0 0 0 0 0 0 0 0 0 0
1 1 1 2 0 0 0 98 113 78 18 6 33 41 0 2 0 0 0 4 0 1 2 0 0 0 0 0 3 0 24 1 0 1 2 0 31 7 6 1 0 0 0 0 0 0 0 0 0 2 3 0 0 0 0 0 15 107 5 0 0 0 0 0 0 0 0 0 0 0 0 33 7 0 0 0 0 0 0 0 0 0 0 0 0 0 0 0 0 0 0 0 0 0 0 0 0 0 0 0 0 2 0 0 0 0 0 0 0 0 0 0 0 0 0 0 0 0 0 0 0 0 0 0 0 0 0 0 0 0 0 0 0 0 0 0 0
0 0 0 0 29 0 17 12695 14779 9617 2036 603 1086 5476 0 11522 0 0 0 75 0 85 47 2 0 105 82 147 179 472 2976 1238 0 0 296 0 0 0 1066 14 0 0 40 0 9 0 0 0 0 34 259 7879 0 2017 0 0 54 66 0 0 5 5 25 0 0 0 12 2818 0 0 0 501 113 85 0 0 52 0 0 0 18 36 18 14 6 35 0 0 0 0 0 0 0 1 0 0 1888 0 0 4 0 39 0 0 0 0 0 0 0 0 0 0 0 7 70 96 178 16 13 27 18 26 9 0 22 9 0 0 13 51 0 23 37 126 0 0 0
6 8 0 11 11 0 0 6927 6838 5098 1199 387 2653 1514 0 311 0 0 0 23 0 17 23 0 0 0 0 3 88 87 895 16 0 0 36 0 1353 0 590 12 0 0 28 0 0 0 0 0 0 16 108 0 0 0 0 0 0 10 0 0 0 2 4 0 4 0 5 0 0 0 0 230 52 260 0 0 0 0 0 0 0 25 11 0 3 26 0 0 0 0 0 0 0 0 0 0 178 0 0 0 0 19 0 0 0 0 0 0 0 0 0 0 0 0 18 0 0 0 0 0 10 0 0 0 0 0 0 0 0 11 0 0 0 118 0 0 0
18 21 22 33 30 0 101 36 2 13 0 0 8 3 0 0 0 0 0 2158 0 5 17 0 0 12 0 11 0 0 0 0 0 0 0 0 0 0 0 2 0 0 5 0 0 0 0 0 0 39 0 0 0 0 0 0 0 6 0 0 0 1 0 0 0 0 3 0 0 0 0 23256 5231 0 0 0 0 0 0 0 0 17 1 0 2 19 0 0 0 0 0 0 0 0 0 0 0 0 0 2 0 14 0 0 0 0 0 0 0 0 0 0 0 0 0 0 0 0 0 0 0 0 0 0 0 0 0 0 0 0 0 0 0 18 0 0 0
0 0 1 1 1 0 0 0 1 1 0 0 1 0 0 0 0 0 0 0 0 0 0 0 0 0 0 0 0 0 0 0 0 0 1 0 0 0 0 0 0 0 0 0 0 0 0 0 0 4 0 0 0 0 0 0 0 0 0 0 0 0 0 0 0 0 1 0 0 0 0 0 0 0 0 0 0 0 0 0 0 0 0 0 0 0 0 0 0 0 0 0 0 0 0 0 0 0 0 0 0 0 0 0 0 0 0 0 0 0 0 0 0 0 0 0 0 0 0 0 0 0 0 0 0 0 0 0 0 0 0 0 0 0 0 0 0
51 58 61 74 72 0 2308 13628 2636 4621 4006 1186 10036 9109 1577 389 114 0 0 159 0 157 45 2 0 200 241 444 86 0 4 5 0 0 19 15 2135 1401 43 18724 0 1251 337 4 57 0 33 0 0 107 164 321 409 0 286 0 0 23 0 0 12 10 12 14 7 0 12 17 0 65 0 1288 290 383 154 111 0 0 0 0 15 35 6 24808 9 27 0 0 0 43 20 0 0 36 0 0 675 0 0 179 78 48 0 0 0 0 0 0 0 0 0 0 0 0 0 49 101 67 44 0 86 86 76 0 5 0 0 0 0 27 0 11 9 0 161 0 0
90 113 121 94 111 0 103 34 72 106 41 24 77 117 521 60 116 0 0 95 0 71 131 1 0 21 21 51 7 0 3 3 1 10 17 3 24 70 56 2 0 0 96 0 4 0 0 0 0 103 6 158 209 0 0 0 72 25 9 34 36 15 10 0 4 0 6 40 0 27 0 7 2 68 14 0 0 0 0 0 269 315 34 36 0 239 59 138 14 65 165 0 28 27 0 0 0 0 0 4 33 118 1 0 0 0 0 0 0 486 0 84 0 0 14 312 105 95 119 0 109 102 86 149 95 81 51 45 99 100 71 95 93 0 333 155 0
5 7 7 6 7 0 0 0 0 0 0 0 0 1 0 0 5 1 0 79 0 14 5 0 1 6 2 16 1 0 0 0 0 0 3 0 0 0 0 3 0 0 0 0 15 0 0 0 0 158 3 0 0 0 0 0 0 1 0 0 8 5 9 2 4 2 4 9 0 0 0 40 9 0 0 0 0 0 0 0 1 3 1 1 0 3 0 0 0 1 5 0 0 0 0 0 0 0 0 0 0 4 0 0 0 0 0 0 0 0 0 0 0 0 0 0 12 9 19 3 21 20 2 0 6 0 0 0 0 17 0 9 11 0 0 0 0
69 84 85 72 85 7 69 35 55 76 33 21 61 28 0 0 105 20 22 800 6 29 28 1 9 232 0 630 22 0 11 16 0 20 58 12 41 169 66 89 0 47 50 0 7555 1315 109 0 0 178 188 107 142 0 0 0 1037 274 59 96 1026 404 1819 1047 597 390 1190 3627 0 125 0 15 3 652 129 687 18 0 0 0 0 18 12 2731 23 27 0 0 0 1295 0 0 0 0 0 81 258 19 0 0 0 28 0 0 2 197 0 56 612 0 0 0 0 0 33 29 471 403 421 393 420 413 386 799 409 405 345 373 503 0 384 414 402 0 74 309 6
28 31 27 25 30 0 23 9 7 23 2 3 17 3 116 0 0 0 0 86 0 28 15 1 0 35 0 74 0 0 0 1 0 0 482 1 0 8 8 108 0 0 0 0 0 1644 0 0 0 119 59 0 0 0 0 0 98 52 7 0 63 27 272 58 126 0 120 285 0 0 0 7 2 12 0 0 0 0 0 0 0 25 1 110 1 23 0 0 0 40 0 0 0 111 0 0 0 0 0 0 0 13 0 0 0 0 0 42 0 275 0 0 0 0 0 6 56 27 30 42 66 49 40 32 43 63 17 9 60 0 47 64 56 72 0 45 0
66 82 76 66 69 0 67 26 0 76 23 15 48 70 0 33 57 0 0 134 0 60 22 1 0 38 0 351 65 136 48 15 18 454 244 58 167 272 234 1753 263 6049 153 0 0 0 2137 0 0 72 113 528 693 0 0 0 186 208 16 0 183 79 325 50 140 123 169 415 0 0 0 11 2 120 0 146 0 0 0 0 168 218 21 311 2 152 0 58 4 205 0 0 0 50 0 0 439 0 0 0 14 25 0 0 0 0 116 115 0 0 0 272 0 9 78 242 102 85 103 82 106 101 82 138 91 78 31 50 100 0 77 93 92 101 293 181 0
75 96 100 79 96 0 87 31 64 93 38 20 68 3 22 6 7 0 0 2 0 22 68 1 0 23 0 37 5 0 4 3 0 7 20 5 39 111 82 516 0 0 10 0 26 0 0 0 0 12 15 115 140 0 0 32 0 76 36 51 15 9 27 0 11 0 19 18 0 0 0 11 2 4 0 95 1 0 0 0 36 47 11 18 3 36 0 0 0 7 14 0 0 0 0 0 0 0 0 0 26 62 0 0 0 0 292 47 0 0 0 738 0 0 334 65 7 3 18 0 21 19 0 0 2 0 0 0 0 16 0 12 5 533 105 0 0
0 0 0 0 1 0 0 0 0 0 0 0 0 0 0 1 0 0 0 2231 0 3 0 0 0 0 0 0 0 1 0 0 0 1 2 1 1 2 2 1 2 0 0 4 2 1 1 0 0 3 5 0 0 0 1 1 4 2 2 0 0 1 0 1 0 0 1 0 0 3 0 24048 5409 2 1 5 0 0 0 0 1 1 0 0 0 12 0 0 0 0 3 0 0 0 0 0 1 0 0 0 1 0 0 1 0 0 1 0 5 0 0 1 0 0 1 1 0 0 0 0 0 0 0 0 0 0 0 0 0 0 0 0 0 36 3 1 0
235 287 281 283 317 2 201 80 50 244 108 56 178 62 165 73 218 0 0 219 0 66 0 2 0 82 129 210 56 120 42 13 22 252 249 44 451 966 719 406 416 11 52 113 300 184 289 0 0 777 332 293 375 229 271 187 327 229 169 187 163 70 228 132 61 0 175 181 0 296 53 2203 495 236 156 300 61 67 36 1 136 173 37 87 148 121 96 130 40 0 142 64 372 63 838 343 241 44 100 8 192 25 141 116 51 32 33 6 60 189 61 114 0 24 26 104 200 178 189 171 177 160 171 3 184 179 171 184 238 172 313 173 173 127 59 50 0
0 0 0 0 0 0 0 0 0 0 0 0 0 0 0 0 0 0 0 0 0 0 0 0 0 0 0 0 0 0 0 0 0 0 0 0 0 0 0 0 0 0 0 0 0 0 0 0 0 0 0 0 0 0 0 0 0 0 0 0 0 0 0 0 0 0 0 0 0 0 0 0 0 0 0 0 0 0 0 1 0 0 0 0 0 0 0 0 0 0 0 0 0 0 0 0 0 0 0 0 0 0 0 0 0 0 0 0 0 0 0 0 0 0 0 0 0 0 0 0 0 0 0 0 0 0 0 0 0 0 0 0 0 0 0 0 0
0 0 0 0 2 0 0 6 0 5 0 0 4 0 0 12 0 0 0 1 0 404 1 4 0 0 0 0 0 0 0 0 0 0 3 0 0 0 70 1 0 0 0 0 0 0 0 0 0 5 0 0 0 0 0 0 0 1 0 0 0 2 0 0 0 0 1 0 0 0 0 0 6 0 0 0 0 0 0 0 0 0 0 0 0 1 0 0 0 0 0 0 0 0 0 0 3 0 0 0 0 3 0 0 0 0 0 0 0 0 0 0 0 0 0 0 0 0 0 0 0 0 0 0 0 0 0 0 0 0 0 0 0 0 0 0 0
185 283 433 665 714 1 756 105 91 102 27 14 58 31 30 52 0 13 22 119 8086 88 13 3 2351 0 0 0 9 0 2 4 0 0 18 2 0 1 26 18 0 0 11 0 0 0 0 2 0 50 193 0 0 0 0 0 0 52 0 0 6 26 25 0 19 0 9 101 0 11225 0 4 57 0 0 0 200 0 0 0 0 0 0 0 11 12 0 0 0 0 0 0 0 0 0 0 0 0 0 0 0 28 0 0 0 0 0 0 0 0 0 0 0 0 0 1 0 0 0 0 4 0 0 0 0 0 0 0 0 0 0 0 0 20 0 0 1
660 792 1003 1666 1622 39 1701 232 173 225 66 35 128 66 6 57 0 0 52 112 8 219 27 3 10 0 0 41 22 0 5 9 0 0 38 4 3 37 66 41 0 0 27 0 14 0 0 6 0 107 218 30 0 0 0 0 0 28 0 0 10314 4053 8540 9546 3386 4495 8197 3228 0 0 0 10 123 5885 10 0 16364 0 0 0 0 2 0 0 24 22 0 0 0 0 0 0 0 0 0 0 0 0 0 12 0 60 0 0 0 0 0 0 0 0 0 0 0 0 0 0 210 122 71 188 162 100 92 115 170 192 79 71 160 236 151 163 209 26 0 0 1
685 711 739 1234 1097 20 1068 137 0 118 0 25 0 110 181 384 113 0 71 1824 8365 7712 38 81 2439 738 834 636 56 6 26 16 0 135 77 30 0 237 263 58 567 5 98 1157 753 149 135 8 0 723 5396 238 281 0 0 0 494 301 172 554 165 287 115 3569 1572 0 9698 864 0 0 0 16948 3979 177 105 258 131 0 46 0 410 497 120 186 225 366 125 242 59 135 1756 0 2 26 0 0 0 0 0 73 0 84 0 0 0 0 28 0 0 0 0 0 0 0 60 0 264 236 259 209 0 222 207 369 265 249 199 215 271 232 208 215 229 405 0 166 2
549 626 617 528 631 22 585 206 388 547 232 118 403 48 1080 699 1695 0 0 1796 0 925 12 16 0 196 129 264 4930 530 185 53 87 511 231 225 575 926 738 64 0 645 305 631 442 621 195 0 0 311 170 558 735 481 0 921 707 409 263 484 402 243 420 287 232 119 173 656 622 662 720 0 0 5561 3405 1933 54 0 16 0 60 80 58 62 19 90 0 0 6 107 325 0 236 105 0 0 4396 11 0 202 576 86 865 0 0 0 518 5 466 100 0 221 78 165 176 221 439 397 464 371 425 421 387 833 427 157 0 355 524 401 390 405 394 334 307 319 0
33 41 44 34 42 0 30 84 56 35 16 570 457 17 169 305 102 0 0 338 0 211 22 5 1 76 0 140 53 88 38 12 11 7035 10 42 876 396 343 14 527 9 20 249 330 26 0 0 0 1316 142 55 71 38 0 0 41 91 59 0 16 19 0 0 0 0 13 5 0 0 0 1 12 0 87 754 0 0 0 0 11 24 5 0 6 22 0 0 0 9 0 0 0 0 0 0 0 0 0 0 0 21 0 0 0 0 0 0 0 0 0 0 0 0 0 0 11 1 13 1 29 24 0 0 9 0 0 0 0 21 9 28 13 31 0 0 0
5 6 7 5 6 0 0 2 0 5 0 0 4 1 0 62 0 0 0 52 0 12 13 0 0 13 0 80 5 0 4 2 0 25 30 0 0 25 15 193 44 0 16 0 0 0 132 0 0 19 12 17 45 0 0 0 0 0 20 0 0 11 0 0 5 0 4 0 0 0 0 1 7 0 0 0 0 0 0 0 0 0 0 0 3 7 0 0 0 0 0 0 0 0 0 0 99 0 0 0 0 12 0 0 0 0 0 0 0 0 0 0 0 0 0 9 0 0 13 0 26 20 0 0 0 0 0 0 0 0 0 18 0 34 0 0 0
0 0 1 0 1 0 0 0 11 0 0 1 0 1559 0 5 0 0 0 14 0 1 2 0 0 0 0 0 0 0 0 0 0 0 1 0 0 0 0 0 0 0 0 0 0 0 0 0 0 11 0 0 0 0 0 0 304 0 0 0 0 1 0 0 0 0 0 0 0 0 0 0 1 0 0 0 0 0 0 0 0 0 0 0 0 0 0 0 0 0 0 0 0 0 0 0 0 0 0 0 0 1 0 0 0 0 0 0 0 0 0 0 0 0 0 0 0 0 0 0 0 0 0 0 0 0 0 0 0 0 0 0 0 0 0 0 0
3 1696 5 3 5 0 0 2087 384 663 1521 767 2723 758 0 59 0 0 0 126 0 32 10 1 0 0 0 52 0 0 0 0 0 0 4 0 1378 3 0 6 67 0 3 0 0 0 0 0 0 42 48 43 70 0 0 0 0 16 0 0 0 6 6 0 5 0 3 0 0 0 0 0 6 0 0 0 0 0 0 0 0 0 0 0 3 5 0 0 0 0 10 403 0 0 0 0 385 0 0 2 0 10 0 0 0 0 0 0 146 0 0 0 0 0 0 0 64 37 24 0 63 58 36 0 2 7 0 0 0 27 5 23 6 0 14 0 0
31 38 38 31 38 0 33 11 23 33 7 7 25 16 14 63 0 0 0 51 0 9 12 0 0 0 0 57 7 0 5 2 0 34 5 2 180 3022 48 6 785 0 7 0 65 1 0 5 0 399 53 152 228 0 0 1286 5332 8685 2200 0 79 12 0 1842 0 0 1 0 0 0 0 1 6 0 3 38 0 0 0 0 0 14 0 0 3 17 0 0 0 0 72 0 0 0 0 0 41 0 0 0 0 11 0 0 0 0 0 0 0 0 0 0 0 0 0 0 147 132 170 112 161 151 112 263 134 117 70 105 99 140 122 141 124 5 5 0 0
7 8 9 9 10 0 5 2 3 6 0 0 5 1 0 128 0 0 0 21 0 357 4 12 0 1 0 7 6 0 0 0 0 0 7 1 0 7 4 9 0 0 0 0 0 0 0 0 0 29 9 0 0 0 0 0 0 8 20 0 0 2091 73 0 2 0 6 0 0 134 0 90 20 0 108 43 70 0 0 40 0 7 13 0 2 17 0 0 0 0 0 0 0 0 0 0 0 0 0 0 1 3 0 0 0 0 0 0 0 0 0 0 0 0 10 0 586 0 8 0 91 61 0 0 1724 0 0 0 0 61 0 68 2224 11 0 0 0
0 0 0 0 0 0 0 0 0 0 0 0 0 0 0 0 0 0 0 1 0 20 0 0 0 0 0 0 0 0 0 0 0 0 0 0 0 0 0 0 0 0 0 0 0 0 0 0 0 2 0 0 0 0 0 0 0 0 0 0 0 0 4 0 0 0 0 0 0 0 0 5 1 0 0 0 0 0 0 0 0 0 0 0 0 0 0 0 0 0 0 0 0 0 0 0 0 0 0 0 0 0 0 0 0 0 0 0 0 0 0 0 0 0 0 0 0 0 0 0 0 0 0 0 1 0 0 0 0 0 0 0 81 0 0 0 0
2 3 3 3 4 0 0 1 1 2 0 0 2 1 0 17 0 0 0 9 0 31 1 1 0 0 0 0 0 0 0 0 0 0 1 0 0 0 2 0 0 0 0 0 0 0 0 0 0 19 15 0 0 0 0 158 10 19 0 1 0 0 0 0 1 0 0 3602 0 0 0 20 4 0 0 809 39 0 0 1246 0 2 1 0 1 3 0 0 0 0 0 0 0 0 0 0 0 0 0 0 0 0 0 0 0 0 0 0 0 0 0 0 0 0 0 0 0 0 0 0 0 0 0 0 0 0 0 0 0 0 0 0 0 0 0 0 0
24 26 66 27 29 0 26 7 15 18 0 3 14 142 0 331 0 1 1 31 3 94 3 2 1 8 0 13 11 0 2 1 0 0 25 3 40 75 40 213 0 1 0 0 0 0 9 0 0 18 49 4 0 0 0 84 101 157 16 0 329 372 265 0 151 0 0 2488 0 3497 0 114 26 602 363 1949 2792 0 0 0 0 19 0 0 3 27 0 0 214 0 0 0 0 0 0 0 0 0 0 0 0 4 0 0 0 0 0 0 0 0 0 0 0 0 0 0 334 183 80 238 241 229 136 36 193 280 91 65 294 334 132 358 343 8 0 0 0
0 0 0 0 1 0 0 20 8 0 1 208 150 0 0 14 0 0 0 4 0 7 1 0 0 0 0 0 1 0 0 0 0 2459 1 0 257 0 0 1 0 0 0 0 0 0 0 0 0 2 3 0 0 0 0 1816 0 2 0 0 0 11744 0 0 0 0 0 0 0 0 0 22 5 0 0 0 0 0 0 0 0 0 2 0 1 2 0 0 0 0 0 0 0 0 0 0 0 0 0 0 0 1 0 0 0 0 0 0 0 0 0 0 0 0 0 0 0 0 0 0 0 0 0 0 0 0 0 0 0 0 0 0 0 1 0 0 0
10 10 44 9 4 0 32 4 7 13 2 1 4 5 0 41 0 0 0 43 0 61 1 2 0 19 0 24 20 36 14 4 5 134 523 16 56 142 79 32 32 27 0 0 76 0 0 18 49 2 59 233 0 86 0 16 25 26 51 55 85 18 32 64 19 0 0 0 0 76 0 18 4 0 31 0 234 0 0 0 1 5 3 0 0 6 586 0 21564 440 25 0 0 0 0 0 0 0 0 0 0 1 0 0 0 0 0 0 0 0 0 10 0 27 45 62 56 14 20 0 71 62 0 0 20 9 0 0 0 56 0 59 47 39 21 60 0
0 0 0 0 0 0 0 0 0 0 0 0 0 0 0 8 0 0 0 0 0 19 0 0 0 0 0 0 0 0 0 0 0 0 0 0 0 0 0 0 0 0 0 0 0 0 0 0 0 0 0 0 0 0 0 0 0 2 0 0 0 71 5 52 239 60 0 0 0 0 0 0 0 0 0 12 0 0 0 0 0 0 0 0 0 1 0 0 0 0 0 0 0 0 0 0 0 0 0 0 0 0 0 0 0 0 0 0 0 0 0 0 0 0 0 0 0 0 0 0 0 0 0 0 0 0 0 0 0 0 0 0 0 0 0 0 0
33 37 37 33 39 0 29 11 21 27 6 3 21 1 0 1103 33 47 0 36 0 12 5 1 0 0 0 0 7 0 0 1 0 0 5 1 0 10 6 68 0 0 0 0 0 0 0 0 0 139 17 0 0 0 0 0 80 51 148 36 3592 1515 0 0 298 60 114 0 0 12237 66 112 25 701 1064 287 1363 0 124 0 74 57 112 69 3 116 0 17 0 112 0 0 0 0 0 0 0 0 0 0 0 4 0 0 0 0 0 0 0 0 0 13 0 0 0 0 1028 705 355 704 808 789 672 622 2396 4428 3360 2177 1985 1443 1238 1215 1235 12 0 0 0
380 423 1002 363 328 3 810 145 284 462 163 84 250 93 721 65 2226 39 35 3484 0 1001 61 26 1 3381 3729 4254 345 486 161 49 80 1489 4127 188 743 1693 1071 1446 1131 450 230 1634 3081 2147 11656 12 83 1602 1282 2224 3361 3372 0 2184 4408 2082 4165 3343 7740 3071 6743 9815 3533 2311 3915 7884 0 3614 0 407 91 3349 1673 4171 212 5085 19485 3059 2052 2530 15269 10079 2375 11539 8334 8405 0 11545 1040 429 223 518 0 0 676 149 0 1259 171 75 15 0 0 0 1266 137 821 521 201 3818 0 962 1479 1074 685 587 620 596 622 614 561 645 1001 660 488 309 445 368 342 366 343 1784 1053 888 1
687 862 2211 1724 1141 82 2973 45 57 148 95 59 86 235 727 1091 1509 0 1 547 0 1926 20 48 1 1842 1639 2590 66 0 10 5 0 18 108 12 58 222 134 76 0 0 4031 0 177 38 120 0 0 5559 203 0 1072 300 0 1438 1979 1218 1107 1409 0 29 83 0 36 0 93 0 0 0 0 58 13 95 1232 103 44 564 209 1055 570 714 224 546 695 530 380 474 0 109 621 0 157 58 0 0 42 0 0 0 16 20 0 0 0 0 0 0 0 792 0 0 0 0 0 90 276 0 301 0 283 274 209 319 0 184 90 27 239 0 0 241 233 11 143 236 1
3460 3493 3604 6496 5585 130 6199 344 307 403 254 261 194 758 404 492 347 0 0 1295 0 612 60 7 0 1536 2986 2146 193 423 169 53 82 1225 135 151 624 1467 936 143 5898 60 410 9186 5154 1364 998 0 0 186 40213 82 102 16870 0 2550 2226 1311 716 3532 263 1279 528 4533 474 128 172 0 79 273 0 679 153 862 5984 2081 24 656 642 337 1080 642 601 610 26 960 984 1006 245 521 1694 0 164 0 0 239 412 0 0 20 1413 186 2686 0 670 0 0 49 0 210 0 1936 287 288 461 78 249 203 153 118 176 186 153 25 124 198 151 0 146 162 187 136 148 1517 258 635 0
0 0 0 0 0 0 0 0 0 0 0 0 0 0 0 0 0 0 0 0 0 0 0 0 0 0 0 0 0 0 0 0 0 0 0 0 0 0 0 0 0 0 0 0 0 0 0 0 0 0 0 0 0 0 0 0 0 0 0 0 0 0 0 0 0 0 0 0 0 0 0 0 0 0 0 0 0 0 0 0 0 0 0 0 0 0 0 0 0 0 0 0 0 0 0 0 0 0 0 0 0 0 0 0 0 0 0 0 0 0 0 0 0 0 0 0 0 0 0 0 0 0 0 0 0 0 0 0 0 0 0 0 0 0 0 0 0
0 0 0 0 0 0 0 0 0 0 0 0 0 0 0 0 0 0 0 0 0 0 0 0 0 0 0 0 0 0 0 0 0 0 0 0 0 0 0 0 0 0 0 0 0 0 0 0 0 0 0 0 0 0 0 0 0 0 0 0 0 0 0 0 0 0 0 0 0 0 0 0 0 0 0 0 0 0 0 0 0 0 0 0 0 0 0 0 0 0 0 0 0 0 0 0 0 0 0 0 0 0 0 0 0 0 0 0 0 0 0 0 0 0 0 0 0 0 0 0 0 0 0 0 0 0 0 0 0 0 0 0 0 0 0 0 0
307 261 247 222 265 24 222 69 120 156 61 29 109 121 610 422 21 3 0 83 0 267 2 9 0 26 0 33 27 0 1 1 0 0 215 4 0 0 41 140 0 0 0 0 0 0 0 0 0 1503 4 32 0 0 0 376 205 292 429 186 927 402 1750 0 688 358 939 0 0 0 0 11 3 0 791 2232 62 0 0 60 76 96 23 46 17 105 58 92 28 82 10 0 20050 1112 0 0 0 0 0 0 482 50 0 0 0 0 17 4 0 1049 0 0 0 0 2 0 0 697 3 654 704 706 0 0 725 455 72 384 0 660 634 667 0 0 31 62 0
20 23 8 19 24 0 21 7 0 17 3 5 14 2 58 120 23 0 0 32 0 202 9 4 0 36 5 67 19 0 4 3 5 14 32 4 18 35 75 14 0 0 4 0 14 3 203 0 0 22 10 4 0 0 0 0 24 24 14 0 0 1 8 0 1 0 9 0 0 0 0 8 2 0 0 112 8 27 38 85 124 156 51 90 150 125 43 95 177 76 49 0 0 0 0 0 0 36 0 78 206 28 416 14 1843 0 738 141 0 0 0 0 0 490 38 57 5 0 17 0 24 22 0 0 1 0 0 0 0 20 0 18 6 109 313 45 0
94 123 136 117 144 2 127 39 51 112 44 24 81 8 167 128 41 0 1 184 1 59 97 1 1 62 0 52 123 0 21 5 0 0 170 11 77 133 194 48 0 169 178 0 29 0 0 0 0 91 93 77 72 0 0 0 30 59 31 0 0 18 0 0 33 1 0 0 0 0 0 815 183 0 0 0 0 0 0 0 27 43 9 1 24 34 0 0 1 26 50 0 0 0 0 0 434 12 0 0 149 99 0 0 0 0 150 5 0 0 0 0 0 26 0 63 95 80 92 76 92 92 66 73 92 24 0 49 117 60 76 86 84 99 83 73 0
4 5 5 4 5 0 2 2 1 4 1 1 4 2 4 2 0 0 0 6 0 3 0 0 0 0 0 3 2 0 1 0 0 0 4 1 0 130 7 5 14 0 0 0 0 5 0 0 0 38 4 0 0 0 0 133 345 552 156 250 0 209 0 0 22 0 464 0 0 0 0 0 0 0 0 6 0 0 0 0 2 3 1 0 2 3 0 0 0 2 3 0 0 0 0 0 0 0 0 0 0 0 0 0 0 0 0 0 0 0 0 0 0 0 0 1 0 0 8 0 16 18 0 0 0 0 0 0 0 19 0 15 0 3 0 0 0
119 119 733 101 28 0 553 30 94 183 45 23 23 70 0 24 0 5 0 1061 0 4829 1 86 0 524 481 666 43 88 32 9 12 294 1233 37 112 317 178 74 355 215 8 695 1001 172 54 10 0 0 179 799 1292 142 164 329 535 341 750 810 417 859 171 1410 107 103 234 19 0 0 0 0 0 6 0 231 28 0 0 0 0 0 0 0 0 0 3329 3873 0 0 160 0 0 49 0 0 47 0 0 47 7 1 0 0 0 0 60 0 0 0 0 0 0 31 137 263 70 59 111 37 112 108 41 0 187 66 0 0 0 7 0 0 0 150 104 243 0
40 42 201 47 25 0 161 14 27 48 12 6 14 18 4 8 115 2 0 335 0 144 0 10 0 147 171 179 10 19 8 2 2 66 306 9 10 70 44 18 90 27 1 134 264 33 9 2 0 12 87 195 312 0 0 81 137 86 186 205 88 211 42 351 25 22 58 0 0 0 0 579 130 10 0 55 6 2 0 3 0 6 1 2 0 3 743 866 0 3 11 0 0 10 0 0 0 12 0 9 0 0 0 0 0 0 0 0 0 0 0 0 0 0 6 49 0 0 0 0 16 11 0 0 0 0 0 0 0 0 0 0 0 41 18 58 0
143 135 746 117 31 0 552 51 104 205 47 23 53 70 21 22 596 9 3 1110 0 143 0 6 0 584 716 691 42 89 32 9 13 268 1202 37 100 298 172 70 340 79 6 540 1002 94 45 9 0 0 173 777 1254 92 143 307 515 331 725 786 0 804 0 1341 100 97 215 23 0 0 0 0 0 0 0 221 26 0 0 0 0 0 0 0 0 0 2873 3342 0 0 106 0 0 33 0 0 4 38 0 58 0 1 0 0 0 0 0 0 0 0 0 0 0 86 8 244 5 0 77 0 97 89 0 0 111 0 0 0 0 0 0 0 0 146 80 226 0
16 19 39 16 16 0 29 6 13 19 4 2 11 13 8 39 19 0 0 49 0 625 0 14 0 13 0 20 0 0 1 0 0 0 48 2 0 3 7 2 0 0 0 0 9 0 0 0 0 26 9 29 42 0 0 0 12 12 21 7 5 31 4 16 3 0 8 0 0 0 0 0 0 0 0 0 0 12 3 19 0 30 6 9 29 22 162 190 0 9 112 0 0 0 0 0 0 0 0 0 0 0 0 0 0 0 0 0 0 0 0 0 0 0 0 2 0 0 2 0 22 18 0 0 0 0 0 0 0 10 0 0 0 20 0 0 0
1 2 12 1 0 0 5 1 1 3 0 0 1 18 0 2 4 0 0 5 0 29 0 2 0 0 0 0 0 0 0 0 0 0 21 0 0 0 0 7 0 0 0 0 0 0 0 0 0 0 2 3 0 0 0 0 2 5 4 0 0 15 0 0 1 0 1 0 0 0 0 0 0 0 0 0 0 0 0 0 0 0 0 0 0 0 86 100 0 0 0 0 0 0 0 0 0 0 0 0 0 0 0 0 0 0 0 0 0 0 0 0 0 0 0 0 0 0 0 0 0 0 0 0 0 0 0 0 0 0 0 0 0 0 0 0 0
0 0 2 0 0 0 0 0 0 0 0 0 0 0 0 0 0 0 0 2 0 102 0 3 0 0 0 0 0 0 0 0 0 0 3 0 0 0 0 0 0 0 0 0 0 0 0 0 0 0 29 19 22 0 0 0 0 1 1 0 0 1 0 0 0 0 0 0 0 0 0 0 0 0 0 0 0 0 0 0 0 0 0 0 0 0 10 11 0 0 0 0 0 0 0 0 0 0 0 0 0 0 0 0 0 0 0 0 0 0 0 0 0 0 0 0 0 0 0 0 0 0 0 0 0 0 0 0 0 0 0 0 0 0 0 0 0
0 3 58 7 2 0 24 4 8 13 2 1 4 5 0 0 43 0 0 86 0 9 0 1 0 39 0 50 0 0 0 0 0 0 94 2 0 2 8 5 0 0 0 0 0 0 0 0 0 0 13 46 71 0 0 15 39 26 53 54 22 65 15 96 8 5 20 0 0 0 0 0 0 0 0 0 0 0 0 0 0 0 0 0 0 0 231 268 0 3 0 0 0 0 0 0 0 0 0 0 0 0 0 0 0 0 0 0 0 0 0 0 0 0 0 5 0 0 0 0 1 0 0 0 0 0 0 0 0 0 0 0 0 10 0 11 0
0 0 0 0 532 0 0 0 0 0 844 412 0 1179 0 105 0 208 187 0 0 0 0 0 0 0 0 0 0 0 0 0 268 0 0 0 0 0 0 301 0 1180 168 0 0 0 0 0 0 0 2843 0 0 0 0 0 0 0 0 0 0 0 0 0 0 0 3710 0 0 0 0 0 0 0 0 0 0 0 0 0 0 0 0 0 0 0 0 0 0 0 0 0 0 0 0 0 0 0 0 0 359 25 0 0 0 0 0 31 0 0 0 0 0 0 0 0 0 0 2060 0 1813 1791 0 0 0 0 0 0 0 322 266 233 313 0 0 0 0
0 0 2 0 0 0 0 0 0 0 0 0 0 0 0 0 0 0 0 2 0 22 0 0 0 0 0 0 0 0 0 0 0 0 4 0 0 0 0 0 0 0 0 0 0 0 0 0 0 0 0 0 0 0 0 0 0 0 0 0 0 1 0 0 0 0 0 0 0 0 0 0 0 0 0 0 0 0 0 0 0 0 0 0 0 0 8 9 0 1 0 0 0 0 0 0 0 0 0 0 0 0 0 0 0 0 0 0 0 0 0 0 0 0 0 0 0 0 0 0 0 0 0 0 0 0 0 0 0 0 0 0 0 0 0 0 0
108 102 564 88 24 0 416 39 79 155 21 17 40 53 16 0 457 7 2 857 0 866 0 19 0 449 547 532 30 8 23 6 0 173 888 27 69 218 124 51 240 0 5 320 769 12 32 2 0 0 126 559 900 0 108 224 378 243 533 566 357 143 119 961 76 0 164 13 0 0 0 0 0 0 0 147 17 0 0 0 0 0 0 0 0 0 0 0 3488 0 26 0 0 0 0 0 0 25 0 46 0 0 0 0 0 0 0 0 0 0 0 0 0 51 14 185 14 6 64 0 47 0 4 0 100 20 0 0 0 0 0 0 0 114 56 166 0
96 91 506 79 21 0 372 35 70 139 14 14 36 48 10 0 408 5 0 769 0 1101 0 25 0 400 478 473 25 39 20 5 0 138 797 24 41 178 106 46 204 0 3 279 665 0 17 1 0 0 113 495 797 0 59 184 334 218 13959 499 313 128 104 830 67 7866 147 0 0 0 0 0 0 0 0 7888 14 0 0 0 0 0 0 0 0 0 4429 0 3065 0 394 0 0 109 0 0 94 120 0 162 27 4 0 0 0 0 71 0 0 0 0 0 0 411 378 662 201 179 287 140 281 153 189 0 499 245 122 0 0 34 0 0 0 393 269 620 0
47 47 283 40 11 0 211 16 38 72 18 9 15 27 0 0 0 1 0 256 0 9 0 1 0 122 101 158 10 19 8 2 0 71 298 9 26 76 42 21 26 0 0 31 94 0 5 22 0 0 28 90 136 0 0 94 154 98 240 168 149 60 37 0 27 0 61 6 65 4 0 0 0 0 0 0 0 1144 1909 232 141 177 1124 416 173 795 0 0 0 0 36 0 0 10 0 0 0 0 0 0 3 0 0 0 0 0 6 0 0 0 0 0 0 0 15 50 0 0 18 0 21 0 0 0 29 0 0 0 0 0 0 0 0 39 23 62 0
1 4 38 2 1 0 0 1 0 6 0 0 1 0 0 0 0 0 0 35 0 15 0 0 0 9 0 15 15 27 12 3 3 111 483 14 10 96 63 28 0 0 0 0 0 0 0 16 39 0 48 211 337 0 0 0 24 20 40 40 24 16 2 5 2 0 9 0 0 0 0 0 0 0 0 0 0 0 0 0 0 0 0 0 0 0 608 708 17969 0 0 0 0 0 0 0 0 0 0 0 0 0 0 0 0 0 0 0 0 0 0 0 0 0 5 34 0 0 0 0 18 0 0 0 0 0 0 0 0 0 0 0 0 34 15 52 0
53 72 77 58 75 3 67 25 49 61 23 14 52 52 115 187 18 4 9 108 3 101 3 2 4 0 0 54 7 0 6 5 0 0 30 7 24 111 57 5 0 0 0 361 308 43 0 0 0 141 27 68 71 0 0 0 41 15 0 0 62 35 108 54 37 0 64 28 0 0 0 0 0 0 0 0 0 0 0 0 0 152 32 134 146 115 0 0 0 49 0 0 0 0 0 0 0 0 0 0 0 4 0 0 0 0 0 1 0 0 0 0 0 0 0 19 139 101 258 55 270 253 41 0 98 0 0 0 0 228 0 0 116 20 0 41 3
1585 1935 2423 2022 1841 132 3781 198 411 687 423 275 451 779 4302 1791 3161 356 263 6948 8 1474 1553 46 23 1071 895 1990 252 135 56 41 62 0 477 49 388 1528 731 129 884 146 703 2403 2038 1249 206 17 0 577 737 3439 3255 2026 65 1027 611 933 0 185 545 208 593 478 238 151 394 732 0 361 145 242 313 120 1152 2221 703 4177 6352 5296 5470 6760 4955 4718 6626 7494 5158 7038 1186 6208 3152 0 752 626 482 564 2312 778 0 4420 2297 1752 2372 3721 172 0 2283 125 4960 0 320 530 2021 5423 653 2234 951 819 860 797 846 844 757 1529 837 815 2859 738 3895 827 810 829 814 1261 1433 1585 7
379 395 389 335 395 2 372 106 219 287 127 63 214 30 1344 45 94 0 1 472 17 324 111 10 4 504 453 510 46 16 16 7 2 131 7298 19 88 162 150 30 162 0 24 99 114 124 114 0 0 1765 62 185 235 0 0 299 458 543 301 302 38 568 1508 46 1324 5 368 488 0 0 0 7 1 0 151 0 198 220 54 543 490 609 50 184 44 421 439 670 71 627 578 0 0 1497 0 0 38 0 2191 132 226 127 0 0 0 0 0 175 0 5863 0 130 0 0 6 237 1063 674 523 964 959 969 963 2239 944 1402 1271 1343 1715 1317 1285 1314 1028 259 47 620 0
156 166 155 140 168 1 156 46 0 118 45 25 92 0 1041 18 15 0 0 30 3 114 22 2 1 619 30 42 25 2 3 1 0 8 1023 4 0 10 25 853 0 0 8 20 0 0 24 0 0 118 11 53 29 0 0 16 80 33 31 29 79 43 259 333 171 74 55 123 0 0 498 2 0 0 48 39 129 0 0 0 32 38 5 13 9 26 1180 0 0 13 235 0 0 0 0 0 69 0 0 0 147 41 2 0 0 0 0 12 0 0 0 101 80 0 0 12 143 90 71 0 174 169 155 25 776 894 646 608 553 338 363 228 141 23 75 250 0
2652 3638 4034 3102 3927 12 3964 2455 3357 4403 2032 1025 3501 1480 2927 1373 2980 0 0 508 3 1037 2229 27 1 1055 1382 2779 1239 1783 669 604 365 3861 4300 678 7021 14682 11193 6826 6043 453 1250 1711 4420 3260 4515 83 0 10678 2711 4706 6202 3629 3797 3302 4808 3578 2571 2723 2587 1090 3662 1915 1050 846 2718 3069 2160 3645 339 3228 726 2820 2492 4489 972 1905 716 787 1999 2479 571 2121 2325 1794 1867 2192 874 759 2172 0 5273 990 0 4116 3792 89 0 327 1735 2057 1879 0 372 0 321 190 0 2557 0 1432 0 435 373 1626 3167 2801 3005 2694 2834 2820 2648 82 2876 2802 2667 2833 3773 2751 4849 2761 2732 1875 1046 837 0
2641 2911 9532 2599 1424 4 5148 1057 1243 4104 3592 2531 1313 1178 2254 6778 156 0 0 74 4 687 84443 19 1 104 39 143 864 1093 428 1177 2030 5644 6045 317 2752 1319 10234 351 1234 6093 16912 0 2787 2523 2332 0 0 511 1346 2535 3347 5338 2235 5365 200 2885 100 122 1751 690 2780 1340 694 567 2793 3284 1007 1896 0 183 41 2696 2415 3737 58 768 542 1061 1107 1366 441 727 175 1196 1071 1460 389 1199 1671 0 597 492 0 0 3345 108 0 723 197 68072 4387 0 0 0 873 312 0 1669 71 1428 0 0 496 1691 2358 2040 2091 2096 2040 2027 1906 0 2157 2150 2162 2151 3036 2106 2140 2110 2107 1257 1213 1374 0
0 0 229 0 150 0 254 224 238 0 161 110 190 267 105 349 167 0 0 257 0 283 2730 6 0 4 0 12 0 0 0 0 35 0 174 1 0 0 322 18 0 93 529 0 114 0 53 0 0 86 0 198 249 36 0 123 0 93 0 0 85 35 220 95 53 5 195 93 0 0 0 0 0 129 16 0 8 0 7 0 87 142 62 165 435 331 166 0 31 59 50 0 0 0 0 0 0 89 0 286 984 2421 1355 812 0 0 0 41 217 0 0 805 0 469 365 763 160 138 179 124 168 163 119 34 139 26 10768 0 14534 154 0 27 142 1198 0 0 0
10 15 19 12 19 1 17 7 4 11 6 3 14 7 75 19 391 0 0 369 0 185 13 9 0 485 126 716 13 19 8 3 2 73 104 10 32 55 45 24 38 8 2 0 106 82 35 77 0 1915 466 147 182 433 0 19 171 324 86 339 1492 586 129 123 67 44 97 16 0 6777 102 0 0 336 0 0 4 370 0 0 9 13 2 4 10 9 0 0 6 466 52 0 1 29 0 0 0 0 0 105 979 77 0 0 0 0 42 0 0 24 0 42 0 0 3 0 189 173 206 159 184 179 159 328 177 156 127 120 203 171 150 167 167 179 0 67 0
1069 1163 1122 964 1167 125 1084 343 676 874 388 192 676 381 1819 213 398 0 0 1913 0 442 55 10 0 18597 13916 1933 714 1653 527 153 267 5420 4705 598 2202 3406 3029 735 2774 86 220 3008 10111 2428 1583 321 0 6914 3019 8107 10891 847 1592 1514 2997 2765 6234 2563 2655 1054 1489 2858 4009 1739 399 1682 744 2511 2655 3 0 544 799 670 100 4835 1959 3123 4177 5170 1559 3407 5024 3905 3860 4391 3322 1392 333 392 0 1698 995 481 194 1363 0 3409 4739 872 285 0 459 0 0 0 290 0 0 617 6883 557 108 305 689 588 952 476 1007 998 951 2109 729 961 884 957 1275 959 948 958 596 1430 540 1123 0
5 6 6 2 6 0 1 2 2 2 0 0 4 2 45 4 208 0 0 299 0 213 2 2 0 0 0 47 0 0 0 0 0 0 7 0 0 1 0 2 0 0 0 716 499 231 0 7 0 42 14 5 0 0 0 3 67 19 0 2 56 23 111 55 38 287 71 216 0 626 0 0 0 8 0 4 40 0 0 0 0 2 4 176 1 31 0 0 40 115 2 0 0 5339 0 0 0 0 0 0 32 10 1 0 0 0 0 0 0 0 0 0 0 0 0 0 0 0 0 0 6 3 0 0 0 19 0 0 0 8 0 5 1 0 0 1 0
15 16 20 14 15 0 0 4 0 26 5 3 8 2 46 6 3 0 0 18 0 302 113 3 0 12 0 19 6 0 5 11 0 0 495 4 7 8 9 0 0 0 9 177 15 0 0 0 0 73 14 23 2 2452 0 6 14 23 12 10 0 2 70 0 32 7 17 14 0 0 0 0 0 0 0 0 41 0 0 2 17 21 2 6 0 17 1 0 0 20 15 0 0 0 0 0 0 0 0 0 0 52 0 0 0 0 0 0 0 0 0 0 0 0 0 6 21 7 13 12 28 30 13 0 14 19 41 0 81 42 6 34 21 13 0 17 0
0 0 0 0 0 0 0 0 0 0 0 0 0 0 0 0 0 0 0 0 0 12 5 0 0 0 0 0 0 0 0 0 0 0 2 0 0 0 0 1 0 0 0 0 0 0 0 0 0 2 0 0 0 0 0 0 0 0 0 0 0 0 0 0 0 0 0 0 0 0 0 0 0 0 0 0 0 0 0 0 0 0 0 0 0 0 1 0 0 0 0 0 0 0 0 0 0 0 0 0 0 0 0 0 0 0 0 0 0 0 0 0 0 0 0 0 0 0 0 0 0 0 0 0 0 0 0 0 0 0 0 0 0 0 0 0 0
188 241 233 199 242 0 218 76 121 237 97 53 175 64 142 65 198 0 0 4 0 271 10 7 0 51 56 180 53 99 40 13 16 223 248 42 435 948 707 400 378 0 46 21 272 165 255 0 0 703 154 277 363 163 0 170 295 217 157 169 158 63 223 110 57 45 173 178 0 194 0 0 0 160 0 11 62 88 38 13 119 148 35 80 144 107 94 70 48 38 121 0 163 0 0 0 0 2 0 0 136 28 0 194 0 0 0 7 0 0 0 4 0 0 0 82 178 157 180 145 170 168 146 0 157 138 95 0 168 160 266 157 152 109 0 13 0
773 979 970 817 987 114 933 313 656 954 416 215 702 518 2872 842 9878 0 0 1395 156 898 16 24 45 3385 4558 9462 111 211 75 27 34 614 514 81 436 758 648 335 102 8 18 83 337 120 194 0 0 21269 262 1223 1601 1724 119 1703 5088 3090 2818 2974 953 379 820 472 274 190 579 932 205 148 198 0 0 232 0 40 172 866 269 648 837 1036 221 634 1013 742 773 1017 336 689 908 0 327 2092 7383 127 0 7280 1674 1283 35535 3692 0 0 1199 0 450 164 0 2278 0 217 0 0 0 241 563 406 276 487 406 409 401 795 437 517 506 432 694 496 473 493 483 1507 463 0 0
180 175 188 148 171 5 163 49 88 129 61 32 89 66 456 157 109 0 8 295 33 174 272 5 4 90 94 229 18 30 13 7 11 105 104 13 93 166 165 50 151 54 86 0 161 122 1255 0 0 106 49 89 116 165 209 192 173 135 101 101 50 21 109 90 33 30 73 101 49 185 0 0 0 68 0 128 16 735 371 1050 764 945 296 574 915 742 693 872 1061 503 368 0 81 382 0 197 491 130 0 565 299 244 901 0 0 1165 5441 1843 0 254 0 520 0 3019 246 393 201 170 186 164 184 183 171 333 175 177 151 0 224 181 191 181 170 811 1905 279 0
1968 1490 1411 1286 1526 139 1319 376 611 814 355 165 536 1635 1281 489 1195 282 224 3309 920 1169 68 17 108 775 317 110 87 183 65 20 32 645 215 73 272 448 410 60 761 128 106 0 1531 327 1234 0 0 1117 137 430 578 32 219 498 1116 522 700 444 368 146 554 1317 261 535 94 134 796 840 234 0 0 222 446 402 107 1195 666 1498 1824 2258 527 933 2190 1681 1693 1893 139 416 1647 339 848 675 1661 139 1114 6685 566 2361 844 121 13481 889 0 0 1936 12057 1341 4949 0 552 0 738 390 1229 1811 1504 1409 1485 1473 1490 1459 3043 1482 1521 1386 1493 1940 1472 1493 1486 1484 5662 1424 750 0
551 720 721 591 730 0 688 227 487 695 313 163 525 287 186 559 305 0 0 148 0 255 64 4 0 58 134 64 11 0 9 4 4 1 22 9 96 281 163 87 294 13 38 221 478 0 0 0 0 1699 77 417 557 0 0 89 274 88 74 179 171 67 84 388 271 214 25 127 0 142 119 0 0 0 0 0 169 0 1 138 175 223 25 43 220 159 79 0 0 108 131 0 144 1501 0 0 224 0 204 200 665 131 1290 0 0 0 0 0 0 907 0 56 0 0 161 338 342 287 286 304 277 286 270 583 305 305 259 254 381 306 284 302 308 494 187 202 0
12 14 31 13 11 0 20 2 6 15 11 8 7 5 39 18 2 0 0 1 0 385 162 22 0 0 0 1 10 20 8 9 8 26 42 11 42 223 110 2 97 19 32 0 0 0 0 0 0 17 82 181 217 147 0 19 8 20 13 11 41 19 84 52 48 35 45 61 0 16 0 0 0 0 0 0 12 6 5 24 27 33 5 11 0 24 20 12 4 9 0 0 0 0 0 0 0 6 184 120 4 131 0 0 0 0 23606 0 0 0 0 0 0 0 0 0 0 0 1 0 5 3 0 0 0 0 0 0 0 1 0 0 0 3 0 1 0
636 503 567 489 520 46 636 103 163 224 99 55 142 51 1329 1919 490 10 1 209 0 239 209 8 0 150 0 419 120 219 77 26 40 604 631 80 443 816 699 2672 1099 28 467 0 404 425 1186 0 0 974 201 510 607 522 0 167 262 252 0 120 82 36 351 173 86 19 278 141 0 564 1231 5 1 211 121 438 105 732 296 1450 1774 2217 278 670 2162 1522 1515 1432 343 464 13191 0 626 5038 1367 3266 0 197 0 1037 1379 189 1501 2680 620 0 2660 1995 0 995 2317 406 0 1822 1726 2389 642 493 403 564 497 490 467 964 526 562 473 495 724 548 529 533 565 1797 3685 4487 0
72 85 163 84 77 1 126 16 35 73 47 31 41 19 46 116 250 0 0 281 0 248 782 16 0 158 172 526 75 111 46 24 36 356 429 49 384 711 672 218 107 0 177 261 0 186 400 0 0 813 134 311 407 390 0 16 153 103 87 106 134 54 245 139 71 76 203 3267 0 0 0 0 0 0 55 228 169 61 26 118 108 135 23 55 117 96 93 92 18 37 196 182 0 357 0 0 249 0 355 12 2119 951 5517 0 0 0 0 80 0 0 0 0 0 0 17 102 0 0 0 0 147 149 93 117 0 111 64 46 96 141 107 140 0 92 1016 351 0
211 255 295 212 245 1 254 73 154 236 116 65 166 22 479 518 124 0 0 21 0 229 589 12 0 49 42 151 106 90 38 19 30 207 158 40 384 860 661 2702 252 37 164 214 289 303 3328 0 0 1140 74 328 424 214 69 184 380 202 125 209 63 26 110 54 29 21 88 136 0 302 1664 0 0 217 42 67 78 489 149 798 700 867 120 348 49 585 649 729 154 108 377 0 263 356 97 0 434 53 58 93 56 483 121 647 652 6639 2301 387 0 1696 0 946 0 419 334 400 895 204 242 185 213 217 186 303 206 188 153 155 240 201 5028 201 193 465 1072 148 0
297 339 481 605 601 18 773 96 90 26 51 28 81 88 139 144 229 1 0 1467 5 443 164 13 1 294 385 297 725 56 30 37 11 64 317 36 49 107 111 268 208 0 50 290 186 0 0 0 0 716 1141 253 121 194 0 92 284 177 144 236 92 79 94 120 57 0 46 0 0 394 0 14452 3251 564 553 147 6 78 91 245 245 344 97 191 198 248 144 1 31 94 375 0 0 0 0 0 0 0 0 69 72 150 0 0 0 0 0 79 0 49 0 0 0 147 0 0 164 138 168 125 157 158 6 0 163 140 88 0 162 153 164 130 134 289 123 81 0
3516 2912 2940 2511 2953 277 2734 878 1390 1820 835 411 1223 1123 5503 1112 3491 869 1110 1186 168 2472 2093 45 181 1911 1322 1825 23606 2259 783 253 440 1866 9900 954 1819 2242 2190 6393 2393 408 536 6101 1154 2634 2379 173 2 5343 1470 4778 136 1442 0 1922 1395 1415 1845 1442 729 291 1021 1260 498 283 371 727 359 3046 0 1106 2663 152 1086 2411 205 2359 1568 4005 2932 3629 1229 2125 3488 2935 2746 3225 861 1355 7488 0 1146 0 3912 5342 4728 576 0 1840 1874 2771 1140 2030 806 4784 933 2010 2824 1639 2344 3308 0 6107 1497 1844 4927 4528 5111 4224 4554 4522 95 38 4583 4288 3800 4280 5698 4258 4261 4289 4268 3303 3229 1381 22
318 400 409 333 411 5 414 121 247 322 152 79 262 17 272 210 121 29 36 978 3 88 12 4 3 194 290 715 6 10 6 3 3 0 46 7 0 98 73 46 77 4 14 16 65 0 88 0 0 416 46 65 64 23 0 160 67 64 45 44 68 36 99 50 40 0 65 93 0 80 0 1 0 72 0 0 40 0 344 0 93 149 308 206 96 296 0 0 195 215 627 0 74 349 0 3136 0 46 0 87 280 40 20 171 0 0 1067 46 0 156 0 0 0 0 0 92 546 391 261 511 386 380 375 830 449 528 475 468 660 515 476 444 507 656 206 97 2
72 92 97 82 92 2 110 24 51 75 33 18 55 11 209 9 23 0 0 416 0 63 11 2 0 16 6 61 0 0 1 0 0 0 5 2 0 0 38 2 0 0 1 0 31 0 0 0 0 44 16 44 39 0 0 32 90 39 21 8 0 10 38 15 9 0 30 20 0 0 0 0 0 0 0 9 41 0 0 0 135 191 37 47 60 145 0 0 0 0 77 0 0 251 0 0 0 0 0 78 14 12 105 78 0 0 0 360 0 0 0 30 0 786 0 84 18 10 17 9 25 15 4 0 10 3 87 0 140 24 0 0 16 377 9 0 0
0 3 34 0 22 2 21 6 12 0 9 7 14 6 15 199 1 0 0 11 0 75 157 2 1 1 0 6 1 0 2 0 0 0 12 5 0 25 108 5 0 0 27 0 0 0 0 0 0 14 485 0 98 964 0 209 0 10 54 5 12 6 53 6 9 0 12 10 0 0 0 17 4 1 0 0 0 0 0 0 0 3 15 0 7 25 0 0 0 0 0 0 0 0 0 0 0 107 0 28 0 127 0 0 0 0 0 305 0 0 0 485 0 0 0 0 111 59 32 98 92 81 58 53 80 108 90 0 160 137 62 100 111 519 55 0 0
0 0 18 0 45 12 37 31 36 0 15 15 36 11 86 19 20 38 47 74 13 22 17 1 17 0 0 52 0 0 14 15 9 0 541 14 0 14 34 20 0 0 0 0 0 0 0 0 0 171 17 31 0 0 0 0 10 46 0 0 0 27 211 0 99 0 85 0 0 0 0 1 0 462 0 0 1 0 28 0 43 93 25 36 28 70 0 0 1 51 0 0 0 0 0 0 0 0 0 0 0 23 0 0 0 0 0 6 0 316 0 0 0 0 0 0 0 0 401 0 592 522 0 0 0 0 0 0 0 459 0 159 14 50 0 34 12
0 0 27 0 46 14 38 31 36 0 18 17 36 12 93 20 24 43 52 76 14 21 17 1 19 0 0 54 24 0 15 17 11 0 534 15 0 22 34 21 0 0 0 0 0 0 0 0 0 172 19 35 0 0 0 0 16 48 0 0 49 68 242 0 117 0 93 0 0 3514 0 0 0 0 1 0 8 0 35 8 49 97 27 39 30 73 0 0 5 56 0 0 0 0 0 0 0 0 0 5 0 24 0 0 0 0 0 8 0 335 0 0 0 0 0 0 163 0 511 0 668 603 0 0 0 0 0 0 0 540 0 265 151 48 0 38 13
0 0 9 0 18 7 12 12 14 0 5 6 15 5 24 7 8 19 24 32 6 7 7 0 9 0 0 21 8 0 7 8 2 0 202 7 0 6 10 8 0 0 0 0 0 0 0 0 0 70 8 8 0 0 0 0 0 18 0 0 0 34 113 0 64 0 47 0 0 0 0 0 0 0 0 0 0 0 0 0 0 40 12 11 0 31 0 0 0 6 0 0 0 0 0 0 0 0 0 1 0 10 0 0 0 0 0 0 0 25 0 0 0 0 0 0 0 0 0 0 195 123 0 0 0 0 0 0 0 75 0 0 0 13 0 0 6
0 20 50 11 53 16 45 38 43 11 25 21 43 14 117 24 28 52 64 88 17 23 22 2 23 0 0 62 31 0 19 20 15 0 610 18 0 4759 44 26 1 2355 0 0 0 0 4 0 0 198 23 44 0 0 0 0 22 55 4 0 162 122 376 0 177 17 148 0 0 2376 0 1 0 0 6 0 10 0 52 40 67 117 33 50 35 88 13 0 7 73 0 0 0 5 0 0 0 0 0 4 0 31 0 0 0 0 0 11 0 406 0 0 0 0 0 0 402 223 728 0 866 804 0 0 146 0 0 0 0 732 0 482 352 46 0 50 16
0 0 0 0 7 3 3 9 13 0 2 4 14 2 3 2 0 7 9 10 3 3 4 0 4 0 0 3 3 482 2 3 0 0 203 3 0 0 5 24 0 0 0 0 0 0 0 0 0 14 3 0 0 7883 0 0 0 1 0 0 0 9 10 0 18 0 2 0 0 0 0 0 0 0 0 0 0 0 0 0 0 11 5 0 0 10 0 0 0 0 0 0 0 0 0 0 0 0 0 0 0 5 0 0 0 0 0 0 0 0 0 0 0 0 0 0 0 0 0 0 0 0 0 0 0 0 0 0 0 0 0 0 0 2 0 0 3
0 0 0 0 5 4 6 7 7 0 0 3 7 4 0 4 30 11 14 19 4 4 5 0 5 0 0 7 7 0 6 5 0 0 88 6 0 14 17 10 0 0 0 0 0 0 0 2 0 17 12 36 0 0 0 0 0 5 0 0 0 21 26 0 6 0 2 0 0 0 0 0 0 0 0 0 0 0 0 0 0 15 7 2 0 13 32 0 3374 54 0 0 0 0 0 0 0 0 0 0 0 6 0 0 0 0 0 0 0 0 0 0 0 0 0 0 0 0 0 0 64 0 0 0 0 0 0 0 0 0 0 0 0 10 0 0 4
0 0 49 0 48 20 78 33 32 0 17 19 32 19 26 47 62 63 74 73 19 40 24 1 26 4 0 78 32 0 20 23 16 0 31 19 0 30 41 29 0 0 0 0 0 0 0 0 0 180 27 56 0 0 0 16 31 39 0 0 125 97 213 0 91 19 17 0 0 0 0 1 0 2048 29 0 4 0 59 27 47 79 32 53 53 72 0 0 13 28 0 0 0 0 0 0 0 0 0 8 0 32 0 0 0 0 0 10 0 0 0 0 0 0 0 0 441 277 826 11 921 856 0 0 172 0 0 0 0 746 0 486 375 42 0 11 17
11 118 127 59 122 77 114 143 135 92 96 83 133 67 144 125 178 265 307 266 79 28 105 1 107 27 0 162 156 87 88 94 92 60 127 83 59 162 189 130 63 0 41 0 0 0 51 1 0 354 111 214 0 0 0 24 53 83 43 0 788 423 976 0 426 278 414 0 0 0 0 5 1 1642 73 0 70 131 300 353 216 341 140 206 169 265 180 19 98 181 373 0 0 0 0 27 0 0 0 4 23 141 99 0 0 0 0 66 0 0 0 52 0 0 37 0 3310 2736 4159 1974 4168 4013 2047 0 2488 1470 0 0 991 3606 556 3043 2793 152 0 96 73
0 14 39 7 41 16 33 32 35 9 20 18 35 13 75 20 26 50 61 72 16 22 20 1 22 0 0 46 27 0 17 19 13 0 387 17 0 21 35 24 0 0 0 0 0 0 0 0 0 148 20 30 0 0 0 0 7 39 0 0 0 0 290 0 136 0 121 0 0 3398 0 0 0 0 0 0 5 0 16 0 43 94 30 33 34 73 0 0 0 23 0 0 0 0 0 0 0 0 0 4 0 27 0 0 0 0 0 9 0 198 0 0 0 0 0 0 259 94 627 0 753 698 0 0 0 0 0 0 0 624 0 351 229 45 0 29 15
0 7 41 1 42 23 35 46 45 9 26 24 44 21 43 43 97 72 86 129 23 81 32 1 31 0 0 40 214 0 30 29 24 1 45 31 0 50 69 38 4 0 5 0 0 0 10 0 0 106 31 58 0 0 0 12 6 33 0 0 125 111 233 0 94 0 110 0 0 0 0 2 0 0 116 0 7 0 63 5 52 99 42 53 50 79 0 0 3 32 18 0 0 0 0 0 0 0 0 0 0 41 0 0 0 0 0 14 0 0 0 0 0 0 0 0 674 490 1070 205 1132 1084 240 0 395 0 0 0 0 958 0 706 570 47 0 14 21
18 53 85 42 85 44 56 87 87 61 46 41 84 41 110 88 217 141 165 270 43 188 59 2 58 1 0 84 493 47 61 55 51 43 87 62 50 126 142 73 38 0 33 0 0 0 46 0 0 202 62 133 0 0 238 79 50 71 26 0 407 220 502 0 216 117 215 0 0 0 0 3 1 0 309 78 42 17 154 142 129 191 80 112 94 151 62 0 41 93 320 0 0 0 0 0 0 0 0 20 0 78 0 0 0 0 0 34 0 0 0 0 0 0 0 0 2014 1717 2380 1349 2315 2261 1431 1358 1616 1179 0 0 1161 2049 792 1824 1697 88 0 45 40
17 57 93 48 90 56 79 111 105 79 69 60 102 50 105 94 120 188 219 276 56 124 79 1 76 28 0 106 122 22 63 68 61 38 99 60 49 129 149 97 45 0 43 0 0 0 268 0 0 252 76 149 0 0 0 24 41 60 22 0 474 252 576 0 251 172 248 0 0 0 816 4 1 0 50 0 62 160 234 319 183 258 103 157 128 200 181 173 87 153 685 0 0 0 0 0 139 0 0 51 1649 214 3103 0 1067 0 0 46 0 0 0 60 0 0 44 491 2756 2378 3162 1927 3047 2985 2030 2444 2257 1737 381 0 1846 2710 1295 2459 2320 128 0 79 52
6 55 159 87 110 41 160 76 73 33 34 33 71 44 81 112 135 122 145 153 38 134 53 3 51 33 0 184 80 0 41 45 36 0 67 40 0 67 94 65 0 0 14 0 0 0 22 0 0 413 57 126 0 0 0 54 92 89 41 0 219 165 358 0 150 56 167 0 0 0 0 3 1 2013 83 0 26 127 165 254 127 199 78 127 117 153 133 106 55 100 173 0 0 0 0 0 0 0 0 19 0 69 0 0 0 0 0 26 0 0 0 0 0 0 0 0 1386 1099 1900 690 1948 1874 744 0 967 418 0 0 0 1669 0 1340 1169 69 0 34 35
0 0 7 0 9 5 4 10 10 0 2 4 10 5 34 8 4 11 17 46 5 33 6 0 6 0 0 28 8 0 4 5 0 0 9 5 0 0 9 7 0 0 0 106 256 53 0 0 0 27 11 2 0 0 0 0 21 12 0 0 0 31 78 0 17 0 67 0 0 998 0 0 0 0 0 0 0 0 17 7 0 21 9 122 0 16 1 0 3 62 0 0 0 0 0 0 0 0 0 0 0 8 0 0 0 0 0 0 0 0 0 0 0 0 0 0 0 0 0 0 101 50 0 0 0 0 0 0 0 0 0 0 0 7 0 0 4
0 14 46 9 46 30 38 1904 2185 1291 273 81 492 842 43 78 57 99 118 100 30 46 41 1 41 0 0 53 114 87 520 47 28 32 65 32 689 97 111 49 3 0 16 0 0 0 6 0 0 132 48 71 0 0 0 0 5 29 0 0 316 183 407 0 180 106 182 0 0 7268 0 2 0 0 11 0 24 78 132 163 87 138 56 83 0 107 91 72 47 84 95 0 0 0 0 0 118 0 0 15 0 54 0 0 0 0 0 21 0 0 0 0 0 0 15 0 1134 910 1516 597 1546 1489 641 0 811 395 0 0 108 1330 0 1084 957 75 0 28 28
0 22 51 12 55 8 47 29 42 14 22 15 43 37 49 127 20 22 29 68 8 17 11 0 11 0 0 31 18 0 10 10 5 0 25 10 0 43 54 13 0 0 0 0 0 0 0 0 0 113 21 57 0 0 0 0 0 8 0 0 0 30 43 0 8 0 36 0 0 0 0 0 0 0 0 0 0 38 50 83 73 123 31 47 0 92 79 60 17 44 495 0 0 0 0 0 0 0 0 0 0 15 0 0 0 0 0 0 0 0 0 0 0 0 23 0 0 0 235 0 383 327 0 0 0 0 0 0 0 257 0 0 0 63 0 23 7
0 6 36 0 39 10 32 27 32 0 16 13 31 10 81 18 16 30 39 63 10 34 14 1 14 0 0 44 21 0 11 12 7 0 469 11 0 10 30 17 0 0 0 0 0 0 0 0 0 147 14 24 0 0 0 0 6 40 0 0 0 0 156 0 71 0 64 0 0 0 0 1 0 432 0 0 0 25 42 76 39 81 21 37 0 60 47 35 16 62 0 0 0 0 0 0 0 0 0 0 0 20 0 0 0 0 0 4 0 275 0 0 0 0 0 0 0 0 328 0 492 437 0 0 0 0 0 0 0 383 0 127 0 30 0 29 10
0 0 6 0 4 0 0 3 4 0 0 0 4 2 0 4 0 0 0 15 1 13 12 1 0 0 0 0 0 0 14 0 0 0 11 21 0 0 0 38 11 33 46 7 0 0 0 0 0 5 18 0 0 0 0 0 0 9 608 0 0 1 0 0 0 0 1 0 0 0 0 0 0 458 0 0 0 0 0 0 0 0 0 0 2 2 0 0 0 0 0 0 0 0 0 0 0 0 0 0 0 10 0 0 0 0 0 0 0 0 0 0 0 0 0 0 0 0 0 0 0 0 0 0 0 0 0 0 0 0 0 0 0 0 0 0 0
0 0 31 0 35 2 32 18 19 0 9 6 19 25 28 28 14 0 0 50 13 327 97 13 2 325 399 821 6 0 7 2 1 0 12 4 3 66 59 8 0 0 18 0 11 0 0 0 0 20 116 70 101 7 0 3 23 17 0 0 8 4 29 19 6 0 7 7 0 0 0 0 0 0 0 0 15 0 0 0 27 43 10 10 39 35 0 0 0 0 75 0 0 0 0 0 1066 66 0 31 12 80 147 0 0 0 0 185 0 0 0 0 0 0 0 0 150 116 117 125 133 131 104 169 123 122 107 12 177 145 99 129 134 4004 0 2449 0
0 0 46 0 16 1 35 6 5 0 13 12 11 16 20 26 40 0 0 15 0 182 332 4 0 1 0 10 9 21 4 8 8 4 28 15 17 23 47 2 34 0 63 0 0 0 17 0 0 3 6 17 14 0 0 18 20 30 5 6 10 5 16 4 4 0 15 20 0 0 0 0 0 0 0 0 2 0 0 0 1 21 4 0 18 19 0 0 0 0 0 0 0 0 0 0 168 0 0 0 0 269 0 134 0 0 0 0 0 0 0 0 0 0 104 692 0 0 4 0 17 11 0 0 0 0 0 0 0 5 0 0 0 988 0 0 0
0 0 0 0 0 0 0 0 0 0 0 0 0 0 0 0 0 0 0 0 0 37 0 0 0 0 0 0 0 0 0 0 0 0 0 0 0 0 0 0 0 0 0 0 0 0 0 0 0 0 0 0 0 0 0 0 0 0 0 0 0 0 0 0 0 0 0 0 0 0 0 0 0 0 0 0 0 0 0 0 0 0 0 0 0 0 0 0 0 0 0 0 0 0 0 0 0 0 0 0 0 0 0 0 0 0 0 0 0 0 0 0 0 0 0 0 0 0 0 0 0 0 0 0 0 0 0 0 0 0 0 0 0 0 0 0 0
