114
0 0 0 0 0 0 0 1062 7085 92 2153 2075 1171 910 0 0 0 0 0 0 0 0 0 0 0 0 0 0 0 0 0 0 0 0 0 54627 0 4 0 0 0 0 0 0 0 617 539 16 0 4 0 0 0 0 9 8 9 0 10 0 0 0 0 0 0 0 0 0 0 0 0 0 0 0 0 0 0 0 0 0 0 0 0 0 0 0 0 0 57 0 32 0 0 0 0 0 0 0 0 0 0 0 0 0 0 0 0 0 0 0 2 112 0 9
0 0 0 0 0 0 0 5329 150 2228 11643 525 1417 3040 0 350 0 0 0 0 0 0 0 0 0 0 0 0 0 0 0 0 0 0 0 0 0 10203 0 0 151 0 0 0 0 0 0 0 0 0 0 0 0 0 0 0 0 0 0 0 0 0 0 0 0 0 0 0 0 0 0 0 0 0 0 0 0 0 0 0 0 0 0 0 0 0 0 0 0 0 0 0 0 0 0 0 0 0 0 0 0 0 0 0 0 0 0 0 0 0 2971 43 0 1
0 0 0 0 0 0 0 21 34 25 445 83 12 70 0 6 0 0 0 0 0 0 0 0 0 0 0 0 0 0 0 0 0 0 7395 0 0 16418 39383 0 0 0 0 0 0 0 0 0 0 1067 0 0 0 0 0 0 0 0 0 0 0 0 0 0 0 0 0 0 0 0 0 0 0 0 10 0 0 0 0 0 0 0 0 0 0 0 0 0 1448 1070 1399 1913 0 0 0 0 0 0 0 0 0 0 0 0 0 0 0 0 0 690 19932 401 288 588
0 0 0 0 0 0 0 0 0 0 0 0 0 0 0 0 0 0 0 0 0 0 0 0 0 0 0 0 0 0 0 0 0 36713 0 0 0 8 0 0 0 0 0 0 0 0 0 0 0 17597 0 0 0 0 0 0 0 0 0 0 0 0 0 0 0 0 0 0 0 0 0 0 0 0 0 0 0 0 0 0 0 0 0 0 0 0 0 0 0 0 0 0 0 0 0 0 0 0 0 0 0 0 0 0 0 0 0 0 0 0 0 0 0 0
0 0 0 0 0 0 0 23 19 0 374 22 4 0 0 0 0 0 0 0 0 0 0 0 0 0 0 0 0 0 0 0 0 0 0 0 10802 0 24 0 0 0 0 0 0 0 0 0 0 0 0 0 0 0 0 0 0 0 0 0 0 0 0 0 0 0 0 0 0 0 0 0 0 0 0 0 0 0 0 0 0 0 0 0 0 0 0 0 0 0 0 0 0 0 0 0 0 0 0 0 0 0 0 0 0 0 0 0 0 0 0 0 0 0
0 0 0 0 0 0 0 0 0 0 0 0 0 0 0 0 0 0 0 0 0 0 0 0 0 0 0 0 0 0 0 0 0 0 0 0 0 0 0 0 0 0 0 0 0 0 0 0 0 1 0 0 0 0 0 0 0 0 0 0 0 0 0 0 0 0 0 0 0 0 0 0 0 0 0 0 0 0 0 0 0 0 0 0 0 0 0 0 0 0 0 0 0 0 0 0 0 0 0 0 0 0 0 0 0 0 0 0 0 0 0 0 0 0
0 0 0 0 0 0 0 4967 2963 1431 0 1856 5758 8866 692 236 0 0 0 91 0 0 0 0 0 0 0 0 0 0 0 0 0 0 0 0 0 0 2821 0 495 0 0 0 0 29 0 0 0 477 0 0 0 0 0 0 0 0 12 0 0 0 0 0 0 0 0 0 0 0 0 0 0 0 10 0 0 0 0 0 0 0 0 0 0 0 0 0 0 0 0 0 0 0 0 0 0 0 0 0 0 0 20 0 0 0 0 909 493 7 373 551 398 399
0 0 0 0 0 0 0 0 0 0 182 414 314 0 0 0 0 0 0 0 0 0 0 0 0 0 0 0 0 88073 0 0 0 0 0 0 0 0 0 0 0 0 0 1004 0 0 0 0 0 0 0 0 0 0 0 0 0 0 0 0 0 0 0 0 0 0 0 0 0 0 0 0 0 0 0 0 0 0 0 0 0 0 0 0 0 0 0 0 0 0 0 0 0 0 0 423 0 0 420 0 0 0 0 0 0 0 0 0 0 0 0 0 0 0
0 0 0 0 0 0 0 25 0 0 0 130 16 0 0 0 0 0 0 5 0 0 0 0 0 0 0 0 0 0 97465 0 0 0 0 0 0 0 0 0 0 0 11 30 0 0 0 0 0 0 0 0 0 0 0 0 0 0 0 0 0 0 0 0 0 0 0 0 0 0 0 0 0 0 0 0 0 0 0 0 0 0 0 0 0 0 0 0 0 0 0 3 0 0 3 0 0 0 0 0 0 0 0 0 0 0 0 0 0 0 24 0 1 0
0 0 0 0 0 0 0 93 70 0 247 2986 184 0 0 98 0 0 0 0 0 0 0 0 0 0 0 0 0 0 0 5587 0 0 0 0 0 0 0 0 0 0 0 0 0 0 0 0 0 15 0 3 0 0 0 0 0 0 0 0 0 0 0 0 0 0 0 0 0 0 0 0 0 0 4 0 0 0 0 0 0 0 0 0 0 0 0 0 0 0 0 6022 0 0 0 89 24 0 0 0 0 0 0 48 101 2533 404 0 0 0 169 0 0 0
0 0 0 0 0 0 0 0 0 0 0 0 0 0 0 0 0 0 0 0 0 0 0 0 0 0 0 0 0 0 0 0 0 0 0 0 0 0 0 0 0 0 0 0 0 0 0 0 0 0 0 0 0 0 0 0 0 0 0 0 0 0 0 0 0 0 0 0 0 0 0 0 0 0 0 0 0 0 0 0 0 0 0 0 0 0 0 0 0 0 0 0 0 0 7 0 0 0 0 0 0 0 0 0 0 0 0 0 0 0 0 0 0 33
0 0 0 0 0 0 0 0 0 0 84 0 0 121 0 0 0 0 0 0 0 0 0 0 0 0 0 0 0 0 0 0 22641 0 0 0 0 0 0 0 0 0 0 0 0 0 0 0 0 0 0 0 0 0 0 0 0 0 0 0 0 0 0 0 0 0 0 0 0 0 0 0 0 0 0 0 0 0 0 0 0 0 0 0 0 0 0 0 0 0 0 0 0 0 0 0 0 0 0 0 0 0 0 0 0 0 0 0 0 0 0 0 0 0
0 0 0 0 0 0 0 0 0 0 9 12 0 0 0 0 0 0 0 0 0 0 0 0 0 0 0 0 0 0 0 0 0 0 33491 0 0 0 0 0 0 9 32 87 0 0 0 0 0 0 0 0 0 0 0 0 0 0 0 0 0 0 0 0 0 0 0 0 0 0 0 0 0 0 0 0 0 0 0 0 0 0 0 0 0 0 0 0 0 0 0 10 0 0 0 142 0 0 0 0 0 0 0 0 0 0 0 0 0 0 71 0 2 0
0 0 0 0 0 0 0 0 0 0 0 0 0 0 0 0 0 0 0 0 0 0 0 0 0 0 0 0 0 0 0 0 0 0 0 0 0 0 0 0 0 0 0 0 0 0 0 0 0 0 0 0 0 0 0 0 0 0 0 0 0 0 0 0 0 0 0 0 0 0 0 0 0 0 0 0 0 0 0 0 0 0 0 0 0 0 0 0 0 0 0 0 0 0 1 0 0 0 0 0 0 0 0 0 0 0 0 0 0 0 666 0 0 0
64 3 45 2 215 283 0 501 1062 0 0 0 819 0 0 33 73 0 0 0 0 0 0 0 0 0 0 0 0 0 0 0 0 59 50 0 7 57 0 23 0 8 3 5 1169 15870 0 0 0 97 0 0 18 0 0 43 0 0 0 0 0 0 0 0 0 0 0 0 0 0 0 0 9 45 399 0 0 0 0 0 123 0 0 0 0 0 0 12 0 0 0 0 69 0 0 0 0 0 0 0 0 0 0 16 32 420 30 0 139 54 101 81 29 0
0 0 0 0 0 2 0 0 0 0 0 0 0 0 0 0 0 0 0 0 0 0 0 0 0 0 0 0 0 0 0 0 0 0 0 0 0 0 0 8866 0 0 0 0 0 0 0 0 0 229 0 0 0 0 0 0 0 0 0 0 0 0 0 0 0 0 0 0 0 0 0 0 0 0 14 0 0 0 0 0 0 0 0 0 0 0 0 0 42 0 0 2028 0 0 0 0 0 0 0 0 0 0 0 0 12 60 0 91 0 62 879 635 0 0
0 0 0 0 0 0 0 0 0 0 0 0 0 0 0 0 0 0 0 12 0 0 0 0 0 0 0 0 0 0 0 0 0 0 0 0 54701 10 0 0 37 1289 0 0 0 3554 243 0 0 0 0 38 47228 2205 0 2 249 19927 322 1083 9705 55 0 1 1266 69 0 820 0 0 0 0 0 0 0 55066 0 0 0 0 0 0 0 0 0 0 0 0 0 0 0 0 7551 0 0 0 0 0 0 0 0 0 0 0 0 0 0 0 0 0 0 0 0 0
0 0 0 0 0 0 0 0 0 0 0 0 0 0 0 0 0 0 0 0 0 0 0 0 0 0 0 0 0 0 0 0 0 0 4 0 0 0 0 1 0 0 0 0 0 1 0 0 60932 443 5 1365 12 0 0 0 0 33 0 0 0 0 0 0 0 0 0 0 0 0 0 0 0 0 0 0 0 0 0 0 0 0 0 0 0 0 0 0 0 0 0 0 0 0 0 0 0 0 0 0 0 0 0 0 0 0 0 0 0 0 0 0 0 0
0 0 0 0 2 0 0 0 0 0 0 0 0 0 1 2 12 2483 0 104 2998 11329 2807 17309 1885 98746 11559 646 38718 0 0 0 0 0 12 0 1 0 0 4 0 0 0 0 0 2 0 0 0 15374 26142 28183 620 19158 1 2 0 65 0 589 321 0 0 0 0 0 0 1 0 0 0 45 0 0 2 0 88560 0 0 0 0 0 0 0 0 0 0 9 14 8 15 0 0 0 0 0 0 0 0 7 0 0 7 99 0 139 0 4 12 0 0 101 0 0
0 0 0 0 0 0 0 0 0 0 0 0 0 0 0 0 0 0 0 0 0 0 0 0 0 0 0 0 0 0 0 0 0 0 0 0 0 0 0 0 0 0 0 0 0 0 0 0 0 0 0 0 0 0 0 0 0 0 0 0 0 0 0 0 0 0 0 0 0 0 0 0 0 0 0 0 0 0 0 0 0 0 0 0 0 0 0 0 0 0 0 0 0 0 0 0 0 0 0 0 0 0 0 0 0 0 0 0 0 0 0 0 0 0
0 0 0 0 0 0 0 0 0 0 0 0 0 0 3 6 1 0 0 413 0 14 0 3 0 1 0 0 0 0 0 0 0 0 10 0 0 0 0 8 0 8 2 2 0 0 0 0 0 0 0 1 0 0 0 31 3522 122 136 0 0 0 0 0 1032 0 0 0 0 0 0 0 0 0 1 0 0 0 0 0 0 0 0 0 0 1 0 0 0 0 0 0 38 0 0 0 0 0 0 0 0 0 0 0 0 0 0 0 0 0 0 0 0 0
0 0 0 0 0 0 0 0 0 0 0 0 0 0 0 0 0 0 0 22 0 0 0 0 0 0 0 0 0 0 0 0 0 0 42 0 0 0 0 0 0 0 0 0 0 0 0 0 0 0 0 0 0 0 0 0 0 0 0 0 0 0 0 0 0 0 0 0 0 0 0 0 0 0 0 0 0 0 0 0 0 0 0 0 0 4 0 0 0 0 0 0 169 0 0 0 0 0 0 0 0 0 0 0 0 0 0 0 0 0 0 0 0 0
0 0 0 0 0 0 0 0 0 0 0 0 0 0 0 0 0 0 0 0 0 0 0 0 0 0 0 0 0 0 0 0 0 0 0 0 0 0 0 0 0 0 0 0 0 0 0 0 0 0 0 0 0 0 55 2 0 9 10 0 0 0 168 0 0 0 39 0 0 0 0 0 0 0 0 0 0 0 0 0 0 0 0 0 0 0 0 0 0 0 0 0 1 0 0 0 0 0 0 0 0 0 0 0 0 0 0 0 0 0 0 0 0 0
0 0 0 0 0 0 0 0 0 0 0 0 0 0 0 0 2 0 0 203 0 13 0 0 0 0 0 0 0 0 0 0 0 0 23 0 0 0 0 19 0 20 5 6 0 0 0 0 0 0 0 0 0 0 0 0 0 0 0 0 0 946 0 0 0 0 0 0 0 0 0 0 0 1 2 0 0 0 0 0 0 0 0 0 0 2 0 0 1 0 0 1 92 0 0 0 0 0 0 0 0 0 0 0 0 0 0 0 0 0 0 0 0 0
0 0 0 0 0 0 0 0 0 0 0 0 0 0 0 0 0 0 0 143 0 59 0 1 0 0 0 0 0 0 0 0 0 0 283 0 0 0 1 0 0 0 0 0 0 0 0 0 0 0 0 0 0 0 0 0 0 0 303 0 0 0 0 0 0 0 2435 0 0 0 0 4 0 0 0 0 0 0 0 0 0 0 0 0 0 31 0 0 0 0 0 0 1144 0 0 0 0 0 0 0 0 0 0 0 0 0 0 0 0 0 0 0 0 0
0 0 0 0 0 0 0 0 0 0 0 0 0 0 0 0 0 0 0 177 0 7 0 0 0 0 0 0 0 0 0 0 0 0 3 0 0 0 0 0 0 0 0 1 0 0 0 0 0 0 0 0 0 0 0 4 18 0 1 0 0 0 0 0 0 0 0 0 0 0 0 0 0 0 0 0 0 0 0 0 0 0 0 0 0 0 0 0 0 0 0 0 11 0 0 0 0 0 0 0 0 0 0 0 0 0 0 0 0 0 0 0 0 0
0 0 0 0 0 0 0 0 0 0 0 0 0 0 0 0 0 0 0 93 0 1 0 0 0 0 0 0 0 0 0 0 0 0 0 0 0 0 0 0 0 0 0 0 0 0 0 0 0 0 68 0 0 0 0 0 0 0 0 0 0 0 0 0 0 0 0 0 0 0 0 0 0 0 0 0 0 0 0 0 0 0 0 0 0 0 0 0 0 0 0 0 0 0 0 0 0 0 0 0 0 0 0 0 0 0 0 0 0 0 0 0 0 0
0 0 0 0 0 0 0 0 0 0 0 0 0 0 28 0 0 0 0 299 0 1 0 0 0 0 27 0 13 0 0 0 0 0 0 0 0 0 0 0 0 0 0 0 0 0 0 0 0 0 0 0 0 0 0 0 0 0 104 0 0 0 0 0 0 0 0 0 0 0 0 0 0 0 0 0 0 0 0 0 0 0 0 0 0 0 0 0 0 0 0 0 0 0 0 0 0 0 0 0 0 0 0 0 0 0 0 0 0 0 4 0 0 0
0 0 0 0 0 0 0 0 0 0 0 0 0 0 0 0 0 0 0 42 0 0 0 0 0 0 1 0 0 0 0 0 0 0 0 0 0 0 0 0 0 0 0 0 0 0 0 0 0 0 341 0 0 0 0 0 0 0 0 0 0 0 0 0 0 0 0 0 0 0 0 0 0 0 0 0 0 0 0 0 0 0 0 0 0 0 0 0 0 0 0 0 0 0 0 0 0 0 0 0 0 0 0 0 0 0 0 0 0 0 0 0 0 0
0 0 0 0 0 0 0 0 0 0 1 0 0 0 0 0 0 0 0 0 0 0 0 0 0 0 0 0 0 0 0 0 0 0 0 0 0 12 0 0 0 0 0 0 0 0 0 0 0 0 0 0 0 3 0 0 0 0 0 0 0 0 0 0 0 0 0 4 0 0 0 0 0 0 0 0 0 0 0 0 0 0 0 0 0 0 0 0 0 0 0 2573 0 0 0 0 0 0 0 0 0 0 0 0 0 0 16 111 0 74 1920 0 197 0
0 0 0 0 0 0 0 0 0 0 1 0 0 0 0 0 0 0 0 0 0 0 0 0 0 0 0 0 0 0 0 0 0 0 0 0 0 5 0 0 0 0 0 0 0 0 0 0 0 0 0 0 0 1 0 0 0 0 0 0 0 0 0 0 0 0 0 1 0 0 0 0 0 0 0 0 0 0 0 0 0 0 0 0 0 0 0 0 0 0 0 517 0 0 0 0 0 0 0 0 0 0 0 0 0 0 10 110 0 22 102 0 30 0
0 0 0 0 0 0 0 2 1 0 7 1 1 0 0 0 0 0 0 0 0 0 0 0 0 0 0 0 0 0 0 0 0 0 0 0 0 38 0 0 0 1 0 0 0 0 0 0 0 0 0 0 0 0 0 0 0 0 0 0 0 0 0 0 0 0 0 0 0 0 0 0 0 0 0 0 0 0 0 0 0 0 0 0 0 0 0 0 0 0 0 6189 0 0 0 0 0 0 0 0 0 0 0 0 0 0 3 20 0 245 1088 0 267 0
0 0 0 0 0 0 0 0 0 0 1 0 0 0 0 0 0 0 0 0 0 0 0 0 0 0 0 0 0 0 0 0 0 0 0 0 0 5 0 7 0 0 2540 0 0 0 0 0 0 0 0 0 0 0 0 0 0 0 0 0 0 0 0 0 0 0 0 0 0 0 0 0 0 0 29 0 0 0 0 0 0 0 0 0 0 0 0 0 0 0 0 752 0 0 0 0 0 0 0 0 0 0 0 0 0 0 3 51 0 29 894 0 33 0
0 0 0 0 0 0 9 0 1482 2 0 0 528 0 0 0 0 0 0 10 0 0 0 0 0 0 0 0 0 0 0 0 0 0 3683 0 0 630 2 3480 0 0 0 0 7 0 0 0 0 2878 0 1 992 0 0 0 0 0 0 0 0 0 0 0 0 0 0 0 0 0 0 0 0 0 0 0 0 0 0 0 0 0 0 0 0 0 0 0 859 0 0 0 0 0 0 0 0 0 0 0 0 0 0 0 0 0 0 0 0 0 0 82 0 0
0 0 0 0 0 0 0 0 0 0 0 0 0 0 0 0 0 0 0 4 0 0 0 0 0 0 0 0 0 0 0 0 0 0 0 0 0 0 0 0 0 0 4 0 0 0 0 0 0 0 0 0 0 0 0 0 0 0 0 0 0 0 0 0 0 0 0 0 0 0 0 0 0 0 0 0 0 0 0 0 0 0 0 0 0 0 0 0 0 5 0 347 1 0 0 0 0 0 0 0 0 0 0 0 0 0 36 0 0 0 117 1231 228 0
0 0 0 0 0 0 2 28 23 36 0 0 8 0 0 80 0 0 0 0 0 0 0 0 0 0 0 0 0 0 0 0 0 0 2741 0 0 1501 615 2590 0 0 0 0 0 0 0 0 0 0 0 0 223 0 22 20 23 0 26 0 0 0 0 0 0 0 0 0 0 0 0 0 0 0 0 0 0 0 0 0 0 0 0 0 0 0 0 0 0 0 0 1782 0 0 0 17 7 0 0 0 0 0 0 0 0 0 0 4 0 1774 0 0 0 0
0 0 0 0 0 0 0 1 0 0 1 0 11 0 0 0 0 0 0 0 0 0 0 0 0 0 0 0 0 0 0 0 0 0 4360 0 0 0 0 197 41 0 0 0 0 0 0 0 0 0 0 0 0 0 0 0 0 0 0 0 0 0 0 0 0 0 0 0 0 0 0 0 0 0 0 0 0 0 0 0 0 0 0 0 0 0 0 0 0 0 0 79 126 0 0 0 0 0 0 0 0 0 0 0 0 0 0 15 0 28 0 0 0 2
0 0 0 0 0 0 91 7133 7914 11284 16851 5274 2640 4400 0 701 0 0 0 28 0 1 0 0 0 0 0 0 0 0 0 0 0 0 542 0 384 0 5253 59 0 10 1 0 0 0 182 0 0 5 10 384 0 0 0 0 0 0 0 0 0 0 0 0 0 0 0 0 0 0 0 0 0 0 0 0 0 0 0 0 0 0 0 0 0 0 2 0 2087 0 249 1719 0 0 0 0 0 0 0 0 0 0 0 0 0 3 77 463 0 187 2322 4639 214 0
0 0 0 0 0 0 0 0 0 0 0 0 0 0 0 0 0 0 0 0 0 0 0 0 0 0 0 0 0 0 0 0 0 0 0 0 24 0 0 0 0 0 0 0 0 0 0 0 0 24 0 0 0 0 0 0 0 0 0 0 0 0 0 0 0 0 0 0 0 0 0 0 0 0 0 0 0 0 0 0 0 0 0 0 0 0 113 0 0 47 0 0 249 0 0 0 0 0 0 0 0 15 169 60 181 545 76 94 0 0 0 1173 0 0
0 0 0 0 0 0 0 307 255 0 0 0 91 0 0 0 0 0 0 4 0 0 0 0 0 0 0 0 0 0 0 0 0 0 258 0 0 0 0 0 0 0 2 0 0 0 0 0 0 0 0 0 0 0 0 0 0 0 0 0 0 0 0 0 0 0 0 0 0 0 0 0 0 0 1 0 0 0 0 0 0 0 0 0 0 0 0 0 0 0 0 1717 3 0 1 0 3 0 0 0 0 0 0 0 0 1 58 118 0 109 0 0 0 0
0 0 0 0 0 0 0 0 0 0 0 0 0 0 0 0 0 0 0 0 0 0 0 0 0 0 0 0 0 0 0 0 0 0 0 0 0 0 0 0 0 0 0 0 0 0 0 0 0 0 0 0 0 0 0 0 0 0 0 0 0 0 0 0 0 0 0 0 0 0 0 0 0 0 0 0 0 0 0 0 0 0 0 0 0 0 0 0 0 0 0 868 0 0 0 0 0 0 0 0 0 0 0 0 0 0 0 16 0 0 0 0 0 0
3 0 56 31 69 47 72 1 1 0 2 0 0 0 0 384 0 1 0 6 0 1 0 0 0 0 0 0 1 0 0 0 0 7 6 0 0 0 0 0 0 0 30667 2980 28 0 206 54 0 0 0 44 0 467 124 0 0 18 40 0 0 1 0 0 0 2 1 16 758 2248 1768 2820 321 284 1803 0 0 0 0 0 0 0 0 0 0 0 172 0 293 0 0 188 0 0 98 0 44 0 0 42 0 0 18 0 130 630 99 397 156 1685 501 462 1652 0
21 0 8 4 10 7 11 0 0 0 124 7 0 32 0 10 33 4 5 26 0 1 0 0 0 0 0 0 0 0 0 1 0 0 0 51 54 0 0 0 0 0 0 0 0 38 0 0 0 13 0 50 0 0 0 15 6 0 16 0 0 0 0 0 0 0 1 0 470 220 471 182 17 129 44 0 0 2 0 0 0 0 7 0 0 10 0 162 38 51 218 0 0 0 0 0 138 0 0 0 0 0 7 0 54 155 5 561 153 706 470 905 882 0
0 0 17 9 21 14 23 0 0 0 0 0 0 0 0 13 32 2 2 15 0 0 0 0 0 0 0 0 0 0 0 0 0 0 1 24 3 0 0 0 0 0 634 0 0 22 0 2 0 0 0 2 0 0 0 4 1 0 1 0 0 0 0 0 0 0 2 0 130 281 162 743 76 140 320 0 0 0 0 0 0 0 0 0 0 9 23 0 0 0 255 0 87 0 0 0 0 0 0 0 0 0 35 0 53 121 0 285 46 174 161 336 546 0
0 3 53 0 0 8 177 0 1 41 23 0 2 0 0 60 0 0 0 22 0 0 0 0 0 0 1 0 1 0 0 0 0 0 95 5 118 0 559 96 31 0 25 76 0 7392 3574 61 0 312 0 80 0 0 0 175 53 0 23 0 0 0 0 0 0 0 0 340 0 28 15 17 121 357 3269 0 0 0 0 0 0 0 0 0 0 0 0 41 100 109 205 46 0 0 402 0 0 0 0 0 0 0 0 306 79 335 0 77 96 40 882 0 0 0
0 0 0 0 0 0 0 0 0 0 0 0 0 0 0 0 0 0 0 0 0 0 0 0 0 0 0 0 0 0 0 0 0 0 0 3 0 0 0 0 0 0 0 0 0 0 0 0 0 0 0 0 0 0 0 0 0 0 0 0 0 0 0 0 0 0 0 0 0 0 0 0 0 0 0 0 0 0 0 0 0 0 0 0 0 0 0 0 2357 0 0 0 0 0 158 0 0 0 0 0 0 0 836 0 0 0 0 0 0 0 807 0 0 0
0 0 55 179 51 21 30 5 2 47 191 88 4 50 18 66 0 13 12 183 0 0 0 0 0 0 0 0 3 0 0 2 2 0 588 2 8 0 2156 198 0 0 277 624 0 1 0 6886 0 747 30 827 0 0 0 81 53 363 3 44 20 0 0 0 66 18 5 0 84 585 477 329 109 207 1072 0 0 0 11314 0 19 14425 15 0 0 3 0 14 819 268 0 0 43 0 75 0 91 0 161 0 134 169 396 0 1253 1076 551 542 575 609 431 580 454 0
0 0 8 142 0 58 22 0 1 3 10 0 1 0 44 0 68 5 2 241 0 1 0 0 0 0 1 0 0 0 0 2 2 0 11 0 1 42 20 17 1033 0 69 0 0 48 0 0 0 25 14 255 0 0 0 3 2 79 2 8 4 1 0 0 0 0 4 0 0 231 205 148 0 66 1077 0 0 32 11 0 234 18 53 54 2 0 0 0 211 0 0 0 124 0 9 0 93 0 107 0 0 113 2760 0 1332 3210 1157 1153 1836 597 3296 2413 47 0
80 12 616 5066 9142 13845 5176 438 135 1185 1505 1340 673 611 1321 2104 302 0 767 2991 4158 86666 1576 1713 3546 1 22099 29593 18706 0 0 97 237 9 1062 223 1093 584 1385 548 2560 1438 599 537 1744 1095 561 578 0 2971 122 1286 1507 2362 4504 7884 7597 4713 4955 17384 8008 121 1782 37 186 304 3059 1266 160 376 628 3777 211 1995 10228 119 8 1179 106 50364 617 133 3 370 191 1179 5305 1321 499 0 1105 689 4609 15795 826 19471 19204 20406 3961 690 0 534 2259 469 1503 2617 1017 3271 1045 1328 3 2772 3018 2
0 0 0 0 0 0 0 0 0 0 0 0 0 0 0 0 456 0 0 112 0 4 0 0 0 0 0 0 0 0 0 0 0 0 0 0 0 0 0 0 0 87 0 251 0 0 0 0 0 0 0 0 74 8889 0 0 0 0 0 2 1 0 0 0 0 0 0 0 182 755 489 423 145 8 0 0 0 0 0 0 0 0 0 0 0 0 0 0 0 0 0 0 0 0 4 0 0 0 0 0 0 0 0 0 0 0 0 0 0 0 12 0 43 0
0 0 0 0 13 96 0 0 0 0 0 0 0 0 10 0 0 0 0 0 0 0 0 0 0 0 0 0 0 0 0 0 0 0 0 0 25 0 3 0 0 0 1 0 2 0 0 0 0 0 0 0 0 0 1 0 0 3 7 0 0 0 0 0 0 0 0 0 0 6 0 0 0 0 2 0 0 0 0 0 0 0 0 0 0 0 0 0 5 0 0 0 0 0 0 0 0 0 0 0 0 0 0 0 0 0 0 0 0 0 95 0 0 0
2139 928 682 2801 2401 1145 1391 0 0 0 0 0 0 0 0 22 0 0 0 71 0 2 0 0 0 0 0 0 0 0 0 0 0 0 0 0 125 0 15 92 1 0 0 0 0 2 0 0 0 3058 0 0 0 0 0 0 0 14 0 0 0 0 0 0 0 0 0 0 0 30 0 0 0 0 2 0 0 0 0 0 0 0 0 0 0 0 0 0 29 0 0 0 0 0 0 0 0 0 0 0 0 0 0 0 0 0 0 12 0 0 560 412 2005 0
0 0 0 542 68 2751 1569 119 151 284 472 117 85 94 0 25 0 0 0 356 92820 7 95587 80737 94564 1206 65478 69597 42102 0 0 125 154 0 467 0 425 273 1271 315 311 2185 479 70 4099 3247 597 1930 0 0 102 431 0 3602 90 388 181 33 1456 715 846 88 2498 93 0 252 121 1073 1509 1303 1647 3473 284 1614 1334 6776 878 5945 337 7 311 528 1288 198 93 30 1390 585 75 0 0 0 520 0 196 0 155 0 401 0 162 119 219 149 210 4046 417 343 638 32 516 366 403 7
94 0 29 3 7 25 118 66 79 304 5476 880 190 1430 0 134 0 0 0 462 0 9 0 2 0 1 7 1 2 0 0 53 83 2 620 201 359 348 40 1260 1974 0 722 2910 71 234 373 777 0 0 13 453 0 0 277 55 97 13 180 583 266 45 127 10 83 284 429 812 46 257 181 136 1679 2993 7361 0 0 0 0 0 0 0 0 0 0 0 3699 802 6 0 411 0 0 0 1176 0 88 1 407 0 0 0 214 0 427 770 324 292 165 534 515 427 1074 0
0 0 0 1 0 2 1 0 0 0 0 0 1 0 0 0 1 0 0 81 0 2 0 1 0 0 6 1 2 0 0 0 0 0 1691 0 15 290 971 0 0 0 10 0 138 135 25 22 0 185 0 9 0 0 0 0 1 1 0 0 0 0 0 0 0 0 0 226 0 0 0 2 134 212 1064 0 0 0 0 0 0 0 0 0 0 0 1786 99 0 0 33 0 208 0 0 0 0 0 0 0 0 0 37 128 46 249 63 53 66 69 0 86 0 0
0 0 0 0 0 0 0 0 0 0 0 0 0 0 0 0 0 0 0 0 0 0 0 0 0 0 0 0 0 0 0 0 0 0 0 0 0 0 1 0 0 0 0 0 0 0 0 0 0 0 0 0 0 0 0 0 0 1 0 0 0 0 0 0 0 0 0 0 0 0 1 0 2 1 14 0 0 0 0 0 0 0 0 0 0 0 1678 0 0 61 24 0 51 0 0 0 0 0 0 0 0 0 0 0 0 0 0 19 0 38 0 0 0 0
0 0 0 0 0 0 0 0 0 0 0 0 0 0 0 0 0 0 0 0 0 0 0 0 0 0 0 0 0 0 0 0 0 0 0 0 0 0 0 0 0 0 0 0 0 0 0 0 0 0 0 0 0 0 0 3 0 0 0 0 0 0 0 0 0 0 0 0 0 0 0 0 0 0 0 0 0 0 0 0 0 0 0 0 0 0 0 0 0 0 0 0 0 0 0 0 0 0 0 0 0 0 0 0 0 0 0 0 0 0 0 0 0 0
0 0 0 0 0 0 0 0 0 0 0 0 0 0 0 0 0 0 0 31 0 0 0 0 0 0 2 0 1 0 0 0 0 0 0 0 0 0 0 0 0 0 0 0 0 0 0 0 0 0 0 0 0 0 0 0 9319 0 6381 0 0 0 0 0 0 0 0 1839 0 2 0 0 0 0 88 0 0 0 0 0 0 0 0 0 0 0 2685 0 0 0 0 0 0 0 0 0 0 0 0 0 0 0 0 0 0 0 0 0 0 0 0 0 0 0
0 0 0 0 0 0 0 2 1 0 15 1 0 4 0 0 0 1 0 9 0 0 0 0 0 0 0 0 0 0 0 0 0 0 0 0 55 38 0 0 0 0 0 0 0 12 0 0 0 4 0 64 0 0 8 49 169 0 0 0 0 0 12 0 0 0 0 0 0 0 0 0 8 5 31 0 0 0 0 0 0 0 0 0 0 0 405 1 0 0 0 0 0 0 0 0 0 0 0 0 0 0 0 0 0 0 0 2 7 0 0 10 22 0
0 0 0 0 0 0 0 0 0 0 0 0 0 0 0 0 0 7 0 248 0 1 0 0 0 0 1 0 1 0 0 0 0 0 0 0 0 0 0 0 0 4 0 2 1 0 0 0 0 0 0 0 0 0 0 80 22 0 200 0 1625 1 0 0 0 0 146 363 43 0 0 44 326 1019 1754 0 0 0 0 0 0 0 0 0 0 0 568 85 79 8 1 0 0 0 0 0 0 0 0 0 0 0 0 0 0 0 0 0 0 0 0 3 132 0
0 0 0 0 0 0 0 0 0 0 0 0 0 0 0 0 0 12 0 448 0 2 0 1 0 0 1 0 1 0 0 0 0 0 0 0 0 0 0 0 0 8 0 3 2 0 0 0 0 0 0 0 0 0 0 145 40 0 363 0 0 1 0 0 1 0 310 1733 178 1086 188 80 590 1844 3180 0 0 0 0 0 0 0 0 0 0 0 1052 153 143 15 2 0 0 0 0 0 0 0 0 0 0 0 0 0 0 4 0 0 0 5 0 6 256 0
0 0 0 0 0 0 0 0 0 0 0 0 0 0 0 0 0 0 0 8 0 0 0 0 0 0 0 0 0 0 0 0 0 0 0 0 0 0 0 0 0 0 0 0 0 0 0 0 0 0 0 0 0 0 0 0 2 0 0 0 0 0 0 0 0 0 3049 0 0 0 0 0 0 0 0 0 0 0 0 0 0 0 0 0 0 0 0 0 0 0 0 0 0 0 0 0 0 0 0 0 0 0 0 0 0 0 0 0 0 0 0 0 0 0
0 0 0 0 0 0 0 0 0 0 0 0 0 0 0 0 3 0 0 22 0 1 0 0 0 0 0 0 0 0 0 0 0 4 0 0 0 1 0 0 0 3 6 1 0 0 68 345 0 0 0 0 0 0 7 3 10 0 0 13 15 0 0 0 0 0 615 0 0 0 0 0 78 61 84 0 0 0 0 0 0 0 0 0 0 0 0 50 0 4 0 0 0 0 0 0 0 0 0 0 0 0 0 0 0 2 0 0 0 0 0 0 0 0
0 0 0 0 0 0 0 0 0 0 0 0 0 0 0 0 0 0 0 0 0 0 0 0 0 0 0 0 0 0 0 0 0 0 0 0 0 0 0 0 0 0 0 0 0 1 0 10 0 0 0 0 0 0 0 1 0 0 0 5 2 0 0 0 0 0 15 0 0 0 0 0 2 0 0 0 0 0 0 0 0 0 0 0 0 0 0 1 0 0 0 0 0 0 0 0 0 0 0 0 0 0 0 0 0 0 0 0 0 0 0 0 0 0
0 0 0 0 0 0 0 0 0 0 0 0 0 0 0 0 0 0 0 15 0 1 0 0 0 0 0 0 0 0 0 0 0 0 0 0 0 0 0 0 0 2 0 1 0 2 0 29 0 0 0 0 1233 0 0 0 0 0 0 59 0 0 0 0 0 0 48 965 0 0 0 0 5 93 7 0 0 0 0 0 0 0 0 0 0 0 141 111 0 0 0 0 0 0 0 0 0 0 0 0 0 0 0 0 0 2 0 0 0 0 0 0 1 0
0 0 0 0 0 0 0 0 0 0 0 0 0 0 0 0 0 0 0 5 0 0 0 0 0 0 0 0 0 0 0 0 0 0 0 0 0 0 0 0 0 0 0 0 0 1 0 4 0 0 0 0 0 0 1 5 5 0 5 10 63 8 1732 545 938 0 515 392 0 0 0 0 24 359 473 0 0 0 0 0 0 0 0 0 0 0 0 4 2 3 0 0 0 0 0 0 0 0 0 0 0 0 0 0 0 0 0 0 0 0 0 0 0 0
0 0 0 0 0 0 0 0 0 0 0 0 0 0 0 0 2 4 1 89 0 0 0 0 0 0 0 0 0 0 0 0 0 19 0 0 181 0 0 13 0 0 0 0 2 1 0 0 0 0 0 0 0 0 0 0 0 0 0 0 0 0 0 0 0 0 0 0 0 0 0 0 59 218 9 0 0 0 0 0 0 0 0 0 0 0 127 28 26 2 0 0 0 0 0 0 0 0 0 0 0 0 0 0 0 1 0 0 0 0 0 0 0 0
122 20 66 161 171 89 325 4 5 1 382 35 12 100 18 90 0 1 0 1064 0 9 0 3 0 1 8 1 3 0 0 21 30 12 42 23 5 49 959 1012 1 0 199 344 0 399 90 89 0 18 0 95 0 0 0 258 29 0 225 0 0 377 1070 75 0 0 3064 0 179 644 338 423 1007 2846 3572 0 0 156 46 0 378 70 201 240 109 2 4657 29 183 0 0 0 372 0 590 0 250 0 177 0 0 0 26 0 261 657 103 466 145 64 61 188 318 0
0 0 2 52 7 0 2 0 0 0 0 0 0 58 32 11 60 1 1 12 0 0 0 0 0 0 0 0 0 0 0 6 11 0 11 40 203 3 0 40 44 0 0 0 152 67 0 173 0 0 0 0 0 0 19 4 4 0 9 0 0 27 28 3 20 153 45 0 0 352 703 560 0 324 96 206 17 51 66 1 672 345 319 308 185 623 0 3 0 0 21 50 0 0 113 0 0 6 0 19 133 55 583 0 2175 412 0 509 107 29 0 316 192 0
0 0 0 0 53 1 0 0 0 0 16 1 1 0 19 0 0 0 0 294 0 5 0 1 0 0 2 1 2 0 0 0 0 0 20 0 0 0 0 0 0 0 0 0 0 105 0 0 0 0 0 0 0 0 50 0 0 0 0 166 0 66 63 7 34 372 221 0 0 0 0 1689 0 0 0 0 1 6 1898 0 0 5323 7 9 6 323 0 0 3 0 0 0 0 0 154 0 76 0 0 0 0 0 200 0 0 0 0 0 0 0 0 0 0 0
0 0 0 0 14 0 0 0 0 0 0 0 0 0 8 0 0 0 0 10 0 0 0 0 0 0 0 0 0 0 0 0 0 0 8 0 3 0 0 0 0 0 0 0 0 16 0 0 0 0 0 0 0 0 34 0 0 0 1 1 0 205 26 8 28 74 39 0 0 138 0 4590 0 0 0 0 5 20 54 0 0 65 23 29 18 0 0 0 0 0 0 0 0 0 79 0 0 0 0 0 0 0 626 0 0 0 0 0 0 0 0 0 0 0
0 0 1 0 5 0 1 0 0 0 0 0 0 0 5 0 0 1 0 35 0 0 0 0 0 0 0 0 0 0 0 0 0 0 11 0 3 0 0 0 19 0 0 0 0 22 0 0 0 0 0 1 0 0 0 76 40 0 61 0 0 13 11 2 7 101 122 0 0 0 0 0 0 0 0 0 0 0 27 0 0 75 0 0 0 3187 0 4 0 10 0 0 0 0 218 0 51 0 0 0 0 0 0 0 0 0 0 0 0 0 0 0 0 0
0 0 0 0 3 0 0 0 0 0 0 0 0 0 0 2 2 24 28 252 0 2 0 1 0 0 2 1 2 0 0 0 0 0 0 0 0 0 0 0 0 0 0 0 0 0 0 148 0 0 0 0 0 0 0 0 0 0 0 0 0 0 0 0 0 0 0 0 33 155 69 75 0 2923 1321 0 0 0 0 0 0 0 0 0 0 0 0 7465 322 0 382 0 0 0 0 4745 2203 0 0 67 0 0 225 0 427 641 403 80 6 200 0 248 5791 0
0 0 0 0 0 0 0 0 0 0 0 0 0 0 0 82 0 0 0 50 0 2 0 0 0 0 0 0 0 0 0 0 0 0 0 0 0 0 0 0 0 0 0 0 0 0 0 0 0 0 0 0 0 0 0 0 0 0 0 0 0 0 0 0 0 0 0 0 0 0 0 0 0 0 230 0 0 0 0 0 0 0 0 0 0 0 0 107 0 0 0 0 530 0 0 76 1117 0 0 4 0 0 0 0 0 15 0 838 8 0 0 0 693 41949
0 0 0 0 0 0 0 2 1 0 0 0 4 0 0 0 2 2 0 54 0 2 0 0 0 0 2 0 0 0 0 15 0 0 1095 0 140 412 24 0 14 0 0 0 0 1 0 0 0 1 0 0 0 0 0 0 3 0 0 0 0 0 0 0 0 0 0 0 0 296 136 420 0 0 0 0 0 26 29 0 422 7 96 66 0 1 0 298 111 0 0 0 0 0 1 0 108 0 0 0 98 0 0 0 0 7 0 183 308 691 24 0 1 0
0 0 0 1 6 10 408 405 214 553 369 207 879 448 35 77 0 1 1 1543 1 85 2 9 0 3 16 4 7 0 0 7 9 6 154 28 296 102 436 133 123 328 91 110 174 599 134 64 0 27 20 0 0 357 26 23 26 252 69 14 34 4 28 14 2 40 110 23 0 0 0 46 62 214 660 0 0 0 0 0 0 0 0 5300 4907 0 0 191 0 152 40 421 2479 55 17 0 15 0 390 0 0 0 305 364 424 922 94 686 775 881 1351 1219 894 346
0 0 0 0 1 3 6 104 55 142 95 53 225 115 9 20 76 1 0 275 0 3 0 1 0 0 6 1 5 0 0 2 2 2 42 8 80 28 118 36 33 92 25 30 72 157 35 40 0 23 16 0 0 95 8 7 8 74 20 4 10 1 8 6 1 20 1 43 0 0 0 13 18 61 216 0 0 0 0 0 0 0 0 2193 1351 0 16 49 26 0 169 110 701 0 0 0 8 4 130 0 0 19 84 114 118 227 48 179 202 225 314 320 232 106
0 0 0 0 1 1 3 53 28 72 48 27 115 59 5 10 32 0 0 398 0 16 0 2 0 1 4 1 2 0 0 1 1 1 21 4 40 14 59 18 17 46 0 13 32 80 5 0 0 7 6 0 0 48 4 3 4 36 6 3 8 2 9 3 1 15 1 0 0 0 0 6 9 30 0 0 0 0 0 0 0 0 0 1095 674 0 0 25 0 20 0 0 357 0 2 17 6 0 44 0 0 0 13 0 29 112 0 79 103 115 166 159 117 45
0 0 0 0 0 0 0 0 0 0 0 0 0 0 0 0 0 0 0 10 0 0 0 0 0 0 0 0 0 0 0 0 0 0 0 0 0 0 0 0 0 0 0 0 0 44 0 0 0 2 1 0 0 0 0 0 0 0 0 0 0 0 0 0 0 0 0 0 0 0 0 0 0 0 0 0 0 0 0 0 0 0 0 0 0 0 0 0 0 0 0 0 0 0 0 0 0 0 0 0 0 0 0 0 0 0 0 3 0 0 0 0 0 0
0 0 0 0 0 0 1 17 9 23 16 9 37 19 1 3 7 0 0 63 0 2 0 0 0 0 1 0 0 0 0 0 0 0 7 1 13 4 19 6 5 14 4 5 8 25 6 9 0 4 2 0 0 15 1 1 1 11 3 1 3 0 2 3 0 3 0 11 0 0 0 2 3 9 39 0 0 0 0 0 0 0 0 341 182 0 6 8 5 6 28 21 114 0 1 5 2 3 24 10 10 6 15 22 21 39 12 29 33 37 56 52 38 289
0 0 0 0 0 0 0 7 3 9 6 3 14 7 0 1 2 0 0 21 0 0 0 0 0 0 0 0 0 0 0 0 0 0 2 0 5 2 7 2 2 5 1 2 3 9 0 0 0 3 1 0 0 6 0 0 0 4 1 0 1 0 1 1 0 1 0 0 0 0 0 1 1 3 0 0 0 0 0 0 0 0 0 127 78 0 0 3 2 2 12 0 43 1 0 2 1 0 0 0 0 2 0 0 0 2 0 0 12 14 22 6 14 0
0 0 0 0 0 0 0 0 0 1 0 0 1 0 0 0 0 0 0 0 0 0 0 0 0 0 0 0 0 0 0 0 0 0 0 0 0 0 0 0 0 0 0 0 0 1 0 0 0 0 0 0 0 0 0 0 0 0 0 0 0 0 0 0 0 0 0 0 0 0 0 0 0 0 0 0 0 0 0 0 0 0 0 8 5 0 0 0 0 0 1 0 3 0 0 0 0 0 0 0 0 0 0 0 0 0 0 0 0 0 1 0 1 0
0 0 0 0 0 1 2 35 19 48 32 18 76 39 3 7 11 0 0 0 0 0 0 0 0 0 0 0 0 0 0 1 1 1 13 2 26 9 38 12 11 28 0 7 15 52 0 0 0 0 0 0 0 31 2 2 2 22 2 0 0 0 0 0 0 0 0 0 0 0 0 4 5 18 0 0 0 0 0 0 0 0 0 687 423 0 0 17 9 13 0 0 233 0 1 11 4 0 10 0 0 0 0 0 1 73 0 52 67 76 117 101 76 31
0 0 0 0 1 2 4 74 39 101 68 38 161 82 6 14 19 0 0 186 0 9 0 1 0 0 2 1 2 0 0 1 1 1 26 5 3095 18 75 23 21 56 7 18 27 103 15 0 0 7 4 0 0 61 4 4 4 42 10 789 3 1 4 2 0 6 0 0 0 0 0 8 10 36 0 0 0 0 0 0 0 0 0 0 0 0 0 35 0 28 137 0 491 0 3 23 8 0 54 0 0 0 15 0 37 162 0 116 141 161 251 218 162 57
0 0 0 1 6 10 23 418 221 570 381 213 907 462 36 79 28 0 0 291 0 11 0 1 0 0 4 1 2 0 0 2 2 2 39 7 75 26 111 34 31 83 15 27 40 153 24 0 0 14 6 0 0 91 6 6 6 63 15 8 4 1 5 3 1 8 0 0 0 0 0 12 16 54 98 0 0 0 0 0 0 0 0 7371 0 0 0 197 110 156 773 213 2769 0 17 127 47 33 553 54 0 0 340 435 474 961 211 704 797 910 1418 1259 921 299
0 0 0 0 0 0 1 13 7 17 12 6 27 14 1 2 0 23 24 350 0 0 0 0 0 0 3 1 1 0 0 16 21 15 383 0 737 0 0 0 0 0 0 0 0 0 0 0 0 0 48 0 0 0 64 56 62 0 172 0 0 1 1 0 0 0 3 0 0 0 0 0 0 0 0 34 2 15 420 0 6 605 16 610 0 0 0 15 8 0 0 0 208 0 0 10 4 0 27 0 0 0 21 0 32 73 0 0 0 0 106 93 0 0
33 13 6 224 166 24 33 0 1 0 102 6 1 27 43 29 925 38 34 1127 0 10 0 3 0 0 5 1 4 0 0 0 0 5 21 0 23 0 0 19 1 0 6 0 36 49 2915 12 0 60 0 0 0 0 0 0 40 0 0 0 0 33 52 8 0 210 0 0 25 115 90 58 22 1349 136 91 0 172 36 0 281 55 209 261 139 1 0 72 51 0 0 0 1220 0 121 0 25 0 477 0 176 0 145 0 141 457 0 705 470 420 166 415 0 0
0 0 0 0 0 0 0 0 0 0 0 0 0 0 0 120 0 0 0 272 0 4 0 1 0 0 1 0 2 0 0 0 0 0 0 0 0 0 0 0 0 159 0 76 0 0 0 140 0 0 0 0 0 0 0 0 0 0 0 0 0 0 0 0 0 0 0 0 0 0 0 0 0 0 0 0 0 0 0 0 0 0 0 0 0 0 0 0 1713 0 980 0 0 3730 113 391 0 0 1355 0 0 0 913 0 1083 737 573 0 322 0 1820 0 1008 0
0 3 0 1402 343 0 630 0 0 0 0 0 24 0 221 0 0 1 0 99 0 1 0 0 0 0 1 0 0 0 0 254 0 0 0 431 1735 0 1266 0 0 0 0 54 0 0 0 0 0 1529 0 0 0 0 223 0 184 0 195 0 0 5 610 28 65 0 0 0 520 0 991 1745 0 1045 0 195 0 38 0 0 0 0 0 50 0 0 0 0 0 0 0 57 4 0 0 0 9 649 0 0 0 0 0 0 158 410 0 0 0 0 18 923 0 0
7068 0 0 0 3239 1814 850 0 0 1480 5455 0 0 0 957 1334 177 0 0 1481 0 10 0 3 0 0 15 3 11 0 0 0 2486 5161 0 3744 0 0 0 6416 2941 11605 0 5653 0 9604 0 11428 4020 0 0 0 2640 2774 5203 0 7512 0 5832 0 0 0 0 75368 8209 0 0 3374 9210 0 4689 0 777 4272 4625 0 3664 0 0 0 0 0 0 0 0 37308 7417 1837 488 0 5083 299 0 0 896 1987 2855 2834 1312 817 0 691 2317 0 9423 3397 2250 1298 810 3051 2193 6394 2655 0
0 0 0 700 0 461 408 1413 0 3008 0 0 0 0 107 373 0 0 0 1083 0 7 0 2 0 0 10 2 8 0 0 579 0 3382 1421 2244 1325 0 1072 0 0 3985 0 0 0 0 938 26 0 4597 43 0 96 0 0 0 1393 173 100 0 0 940 0 0 574 0 0 56 0 3480 158 0 0 498 569 0 0 459 0 0 0 0 106 0 0 229 534 0 51 0 0 3336 593 0 8580 375 0 533 0 0 0 0 163 0 413 771 0 516 224 915 339 1104 129 0
0 280 0 53 39 6241 20 7 0 0 537 70 0 2650 235 0 231 93 119 686 0 3 0 0 0 0 2 1 2 0 0 0 0 19 0 0 0 0 501 0 0 0 392 315 0 296 281 2034 0 504 37 963 454 226 8144 1474 25 295 56 394 180 121 118 14 85 8977 130 551 0 70 76 60 169 1368 4098 0 0 30 17 0 1553 86 610 524 0 97 1305 546 0 0 0 0 2839 0 175 612 303 3972 1904 0 1535 327 3422 0 2934 5197 1200 1788 2754 0 10678 4683 553 0
2 0 1 0 49 2 0 4 5 0 56 12 11 15 0 60 0 6 2 338 0 0 0 0 0 0 2 0 3 0 0 32 32 1 0 1 0 70 0 0 13 58 33 0 15 66 0 0 0 425 0 31 0 115 0 0 457 227 488 342 156 43 123 10 80 274 0 0 58 20 35 17 51 0 318 0 0 0 0 0 0 0 0 0 0 0 0 1 0 78 0 0 0 0 53 0 0 44 0 141 0 16 867 0 0 121 0 0 432 0 16 311 446 0
653 692 353 956 2365 336 564 191 275 150 914 210 139 243 595 346 50 0 0 354 0 4 0 1 0 0 39 4 5 0 0 9 8 34 818 177 497 617 1970 613 8439 2377 1415 1794 1351 4868 1118 3044 0 12319 71 937 653 757 1642 1832 3036 499 3237 1810 1292 274 1690 594 1447 480 1063 1514 8 402 361 326 842 1198 2228 0 229 609 215 0 0 635 709 901 171 467 4932 0 116 235 3689 349 5466 0 563 1086 1587 0 402 0 0 0 516 128 2855 2310 1102 1658 1062 1339 65 2134 1314 0
0 0 0 0 0 0 0 0 0 0 0 0 0 0 0 0 1973 87 29 103 0 2 0 0 0 0 0 0 0 0 0 0 0 0 0 0 0 0 0 0 0 0 0 0 0 0 0 0 0 0 0 0 0 0 0 0 0 0 0 0 0 0 0 0 0 0 0 0 0 0 0 0 0 0 0 0 1 0 0 0 0 1 0 0 0 99 0 0 12188 0 0 0 0 0 0 0 0 0 0 0 0 0 0 0 0 0 0 0 0 0 2 0 0 0
139 7 29 0 0 82 16 0 165 0 527 144 0 151 210 364 859 23 20 129 0 4 0 0 0 0 1 0 0 0 0 0 1 46 58 0 38 169 131 67 696 48 32 301 2843 730 59 341 0 3426 3 601 29 138 135 137 261 215 490 876 400 173 74 13 530 92 10 204 95 243 135 136 0 0 614 453 41 0 0 0 0 0 0 0 0 0 292 0 1 0 0 0 4848 0 591 0 12 0 1667 0 0 0 180 0 254 505 83 275 94 126 5 200 246 1
3 0 1 0 0 1 1 23 7 0 18 14 7 10 20 39 312 8 7 25 0 0 0 0 0 0 0 0 0 0 0 0 0 0 13 0 9 5 21 0 31 0 0 61 74 44 0 0 0 916 0 105 0 0 34 25 44 41 131 64 29 1 4 0 2 0 1 0 12 0 12 0 0 0 0 0 0 0 0 0 0 0 0 0 0 0 0 24 0 0 165 0 739 0 74 0 0 14 0 0 0 0 41 1 171 164 0 118 54 0 1 0 59 0
0 4 15 7 287 446 103 63 107 26 0 1 292 0 45 74 426 114 146 153 0 2 0 0 0 0 2 0 1 0 0 1 1 1 6 0 44 16 69 96 700 90 40 482 35 169 57 603 0 164 0 154 2028 0 109 46 164 13 100 146 67 30 32 3 23 173 111 313 0 23 32 28 58 134 1972 34 0 26 30 0 156 46 34 39 0 745 326 209 0 0 0 0 0 73 98 373 0 0 3141 0 0 0 1492 0 1856 1940 864 1246 430 286 3 1238 559 0
61 19 21 129 13 64 54 0 5 0 1032 175 13 270 41 120 343 45 54 2031 0 6 0 1 0 2 9 2 6 0 0 0 0 2 23 15 58 14 407 65 545 99 70 141 677 237 0 0 0 20 17 340 0 0 69 157 121 35 173 191 87 13 14 1 0 75 38 0 3630 26 37 26 69 101 525 0 0 0 12 0 284 15 0 0 0 0 0 0 764 0 66 0 1869 0 47 0 995 0 0 0 0 0 28 0 76 241 0 101 18 0 272 1311 0 0
0 0 175 94 89 137 87 92 157 50 316 142 427 83 78 177 416 0 0 447 0 1 0 0 0 0 2 0 2 0 0 93 90 34 145 58 66 117 380 374 63 0 427 350 3760 184 316 3563 0 419 2 2150 588 83 66 33 40 130 41 36 10 103 108 11 78 592 247 578 0 248 256 207 0 0 4802 369 14 150 114 0 989 117 191 226 0 350 723 329 845 0 2120 369 0 31 1367 294 280 49 1882 0 3185 1831 10341 0 10895 3873 3147 2119 1225 2136 6886 5030 1938 0
336 4 69 3077 1344 333 1166 434 154 0 2763 98 200 721 309 311 1220 587 552 1732 0 12 0 1 0 0 16 1 3 0 0 62 57 956 433 35 661 260 186 278 777 1018 959 366 607 1442 0 962 70 461 72 2090 0 717 281 366 274 24 271 253 116 462 3138 123 1670 453 271 750 0 280 308 444 420 1871 0 1016 96 748 97 0 2069 124 883 1109 263 27 0 846 780 870 347 0 2033 137 1773 866 746 136 2110 0 0 2515 0 4327 4455 3572 0 3038 1246 1792 5156 3526 1315 0
108 2 16 2190 487 1 127 118 22 0 291 2 83 76 154 61 743 149 139 227 0 3 0 0 0 0 2 1 1 0 0 15 14 255 31 2 61 61 0 75 40 380 398 132 90 557 0 0 0 58 16 1070 0 177 61 142 29 3 166 30 14 8 212 35 180 18 75 383 0 234 175 163 108 510 1275 13 0 310 659 0 0 1397 369 461 144 24 1749 178 2555 0 888 0 0 532 292 1048 1499 247 978 0 0 0 0 252 1159 945 528 664 421 1039 1392 745 584 0
6 0 6 70 10 0 0 1 1 0 11 1 1 3 14 6 124 4 0 515 0 4 0 1 0 0 2 0 2 0 0 6 5 80 38 2 35 20 0 15 114 0 0 0 2 0 0 0 0 30 0 103 0 0 0 22 25 1 20 39 18 103 145 35 157 367 169 0 0 0 0 18 0 377 117 0 0 0 40 0 82 49 9 0 0 0 0 0 28 0 0 0 0 0 14 0 0 0 0 0 1333 3116 0 0 0 154 0 24 0 0 224 0 0 1
4 1 14 274 108 1 4 15 25 0 0 1 69 0 0 32 237 3 0 852 0 1 0 0 0 0 2 1 2 0 0 0 0 35 9 0 19 3 0 4 500 204 304 205 0 85 42 918 0 142 0 21 0 27 0 14 12 62 12 43 17 16 16 1 6 92 20 141 810 880 787 676 9 393 1742 0 0 40 56 0 241 115 81 66 0 24 818 683 3353 206 6309 1033 2045 0 259 367 0 152 1217 82 0 0 2465 0 2573 1860 1353 1107 1144 1370 2306 2543 2525 0
7 2 0 4 2 0 0 0 0 0 0 3 1 0 0 0 59 8 0 982 0 2 0 0 0 0 1 0 1 0 0 0 0 4 3 0 18 2 0 1 110 0 0 0 0 19 0 0 0 52 0 119 0 0 0 7 5 12 5 35 13 5 4 0 3 27 12 0 0 206 293 167 0 71 325 0 0 0 7 0 102 9 0 0 0 0 0 0 0 0 0 0 333 0 12 0 0 0 0 0 0 0 782 0 0 535 0 212 0 0 230 0 0 0
0 0 0 3 2 0 0 2 1 0 135 1 2 35 0 0 51 3 0 244 0 4 0 1 0 0 1 0 0 0 0 0 0 0 0 0 2 0 0 0 5 0 0 0 0 8 0 0 0 11 1 705 0 0 0 2 2 4 2 0 0 0 0 0 0 0 0 0 0 97 104 44 0 0 0 0 0 0 1 0 0 0 0 0 0 0 0 0 0 0 0 0 0 0 0 0 0 0 0 0 0 0 0 0 0 0 0 0 0 0 0 0 0 0
46 15 0 24 18 2 1 73 18 0 1371 141 38 358 0 12 192 71 22 3407 0 26 1 4 0 0 29 3 8 0 0 0 0 44 0 0 27 0 0 0 723 0 0 41 132 133 0 0 0 840 0 453 0 0 0 7 14 80 18 183 74 18 66 5 14 26 38 0 573 696 614 802 0 459 175 0 0 63 73 0 316 115 92 96 0 8 1332 0 765 0 260 0 888 0 97 0 209 0 364 0 810 0 781 0 1390 1179 0 264 177 0 628 0 0 0
1 3 6 6 3 0 0 5 6 2 8 1 6 1 4 0 1 0 0 76 0 1 0 0 0 0 0 0 1 0 0 0 0 2 12 0 0 0 0 0 0 0 0 0 0 19 0 0 0 213 4 0 0 0 0 0 7 9 0 6 3 3 2 5 1 15 6 0 0 23 19 18 0 0 0 0 0 0 0 0 36 27 0 0 0 13 0 16 99 0 0 0 583 0 0 0 0 0 0 0 0 0 0 0 0 150 0 0 0 0 67 0 0 0
0 0 0 0 0 0 0 0 0 0 0 0 0 0 0 0 0 0 0 17 0 0 0 0 0 0 1 0 0 1 1 0 2 1 5 0 1 4 16 2 6 0 0 0 0 7 0 0 0 109 5 0 0 0 0 0 3 2 0 2 1 1 0 1 0 4 1 0 0 15 15 11 0 0 0 0 0 0 2017 0 0 2697 0 0 0 0 0 0 123 0 0 0 0 0 10 0 0 0 0 0 0 0 65 0 45 275 0 52 0 0 262 0 0 0
0 0 0 0 0 0 0 99 58 2 55 35 87 14 0 0 1 2 1 17 0 1 0 0 0 0 0 0 0 0 0 0 0 0 49 0 0 0 195 0 90 0 0 0 0 24 0 0 0 102 0 0 0 0 0 0 0 0 0 1 0 1980 184 81 214 730 312 0 0 13 21 13 0 67 0 0 0 0 3960 0 0 2406 0 0 0 27 0 25 78 0 0 26 294 0 0 0 41 0 19 0 0 0 370 0 414 1388 790 828 163 0 990 54 0 2
0 0 0 0 36 0 0 0 0 0 0 1 0 0 0 0 0 0 0 39 0 0 0 0 0 0 0 0 0 0 0 0 0 0 0 0 2 0 1 1 2 0 0 0 0 0 0 0 0 0 0 0 0 0 0 0 0 1 0 1 0 34 35 12 37 124 50 0 0 1 1 1 2 3 0 0 0 0 0 0 0 0 0 0 0 0 0 0 0 0 0 0 0 0 0 0 0 0 0 0 0 0 0 0 0 11 0 0 0 0 0 0 0 0
0 0 0 4 1 0 0 10 4 0 0 0 1 0 0 0 3 0 0 91 0 3 0 0 0 0 1 0 1 0 0 0 0 0 0 0 0 0 0 0 12 0 0 0 623 9 0 0 0 10 0 0 0 0 0 4 1 1 0 0 0 0 0 0 0 0 0 0 0 36 40 26 0 8 1 0 0 0 1 0 0 0 0 0 0 0 0 106 0 0 0 0 0 0 1 0 2 0 0 0 0 0 145 0 619 405 526 246 272 0 2062 0 0 0
7 9 0 3 1 1628 0 0 0 2 987 23 0 258 0 0 803 2 3 23 0 2 0 0 0 0 1 0 1 0 0 0 0 23 0 15 165 0 23 7 12 0 0 0 1076 0 0 0 0 0 0 0 0 0 0 8477 5 7 0 0 0 5 1691 0 0 24 8 0 0 8 19 13 0 0 0 0 0 0 0 0 0 0 0 0 0 48525 520 0 6 0 0 0 0 0 0 0 0 0 679 0 0 0 184 0 1826 1259 402 460 530 2918 16 1674 0 0
0 0 0 0 0 0 0 0 0 0 0 0 0 0 0 0 900 64 192 56 0 0 0 0 0 0 0 0 0 0 0 0 0 0 0 0 0 0 0 0 0 0 0 0 0 0 0 0 0 0 0 0 0 0 0 0 0 0 0 0 0 0 0 0 0 0 0 0 0 0 0 0 0 0 0 0 0 0 0 0 0 0 0 0 0 0 0 0 0 0 0 0 0 0 0 0 0 0 0 0 0 0 0 0 0 0 0 0 0 0 0 0 0 0
