144
0 0 0 0 0 0 0 0 23 944 0 26 149 40 26 0 0 0 0 0 0 0 0 0 0 0 0 0 0 0 0 0 0 0 0 0 0 110 0 0 0 0 0 0 0 0 0 0 0 0 0 0 0 0 0 0 0 0 0 0 0 0 0 0 0 0 0 0 0 0 0 0 0 0 0 0 0 0 0 0 0 0 0 0 0 0 0 0 0 0 0 0 0 0 0 0 0 0 0 0 0 0 0 0 0 0 0 0 0 0 0 0 0 0 0 0 0 10 0 0 0 0 0 0 0 0 0 0 0 0 0 0 0 0 0 0 0 0 0 0 0 0 0 0
0 0 568 0 0 0 0 1 112 77 34 118 282 18 9 0 0 0 0 0 0 13 0 0 0 0 0 0 0 0 0 0 0 0 0 0 0 0 0 0 0 0 0 0 0 0 0 0 0 0 0 0 0 0 0 0 0 0 0 0 0 0 0 0 0 0 0 0 0 0 0 0 0 0 0 0 0 0 0 0 0 0 0 0 0 0 0 0 0 0 0 0 0 0 0 0 0 0 0 11 0 0 0 0 0 0 0 0 0 0 0 0 0 0 0 0 0 35 0 0 0 0 0 0 0 0 0 0 0 0 0 0 0 0 0 0 0 0 0 0 0 0 0 0
0 0 0 0 0 0 0 2 9378 1011 3485 7114 1913 2448 4424 0 1 0 0 0 0 0 0 0 0 0 0 0 0 0 0 0 0 0 0 0 0 0 0 7313 0 0 0 0 0 0 0 0 0 0 0 0 0 0 0 0 0 0 0 0 0 0 0 0 0 0 0 0 0 0 0 0 0 0 0 0 0 0 0 0 0 0 0 0 0 0 0 0 0 0 0 0 0 0 0 0 0 0 0 13 0 0 0 0 0 0 0 0 0 0 0 0 0 0 0 0 0 70 0 0 0 0 0 0 0 0 0 0 0 0 0 0 0 0 0 0 0 0 0 0 0 0 0 0
0 0 0 0 0 0 0 2 0 0 0 2 1 0 2 0 0 0 0 0 0 0 0 0 0 0 0 0 0 0 0 0 0 0 0 0 156 0 0 1822 919 0 0 0 0 0 0 0 0 0 0 0 0 0 0 0 0 0 0 0 0 0 0 0 0 0 0 0 0 0 0 0 0 0 0 0 0 0 0 61 14 0 0 0 0 0 0 5 0 0 0 0 0 0 0 0 0 0 0 878 0 79 0 1 0 0 0 0 0 0 0 0 0 0 0 0 0 0 0 0 0 1 0 0 0 0 0 0 0 0 0 0 0 0 0 0 0 0 0 0 5 0 0 0
0 0 0 0 0 0 0 1 1 0 0 1 1 2 1 0 0 0 0 0 0 0 0 0 0 0 0 0 0 0 0 0 0 0 0 16535 0 0 0 0 0 0 0 0 0 0 0 0 0 0 0 0 0 0 0 0 0 0 0 0 0 0 0 0 0 0 0 0 0 0 0 0 0 0 0 0 0 0 0 0 0 0 0 0 0 0 0 0 0 0 0 0 0 0 0 0 0 0 0 0 0 0 0 0 0 0 156 6 0 0 0 0 0 0 0 0 0 0 0 0 0 0 0 0 0 0 0 0 0 0 0 0 0 0 0 0 0 0 0 0 0 0 0 0
0 0 0 0 0 0 0 0 0 0 0 0 0 0 0 0 0 0 0 0 0 0 0 0 0 0 0 0 0 0 0 0 0 0 0 0 0 0 66577 0 0 0 0 0 0 0 0 0 0 0 0 0 0 0 0 0 0 0 0 0 0 0 0 0 0 0 0 0 0 0 0 0 0 0 0 0 0 0 0 0 0 0 0 0 0 0 0 0 0 0 0 0 0 0 0 0 0 0 0 0 0 0 0 0 0 0 0 0 0 0 0 0 0 0 0 0 0 9 0 0 0 0 0 0 0 0 0 0 0 0 0 0 0 0 0 0 0 0 0 0 0 0 0 0
0 0 0 0 0 0 0 0 0 0 0 0 0 0 0 0 0 0 0 0 0 0 0 0 0 0 0 0 0 0 0 0 0 0 0 0 0 0 0 0 0 0 0 0 0 0 0 0 0 0 0 0 0 0 0 0 0 0 0 0 0 0 0 0 0 0 0 0 0 0 0 0 0 0 0 0 0 0 0 0 0 0 0 0 0 0 0 0 0 0 0 0 0 0 0 0 0 0 0 0 0 0 0 0 0 0 0 0 0 0 0 0 0 0 0 0 0 4 0 0 0 0 0 0 0 0 0 0 0 0 0 0 0 0 0 0 0 0 0 0 0 0 0 0
0 0 0 0 0 0 0 0 0 0 0 3083 1706 0 2813 0 0 14 0 0 0 3 0 1 0 0 0 0 0 0 0 0 0 0 0 0 0 0 0 0 152 0 0 0 0 1 19 29 0 0 0 0 0 0 0 0 0 0 0 0 0 0 0 0 0 0 0 0 0 0 0 0 0 0 0 0 0 0 0 0 0 0 0 0 0 0 0 0 0 0 0 0 0 0 0 0 0 0 0 0 0 0 0 0 0 0 0 0 0 0 0 0 0 0 0 0 0 0 0 0 0 0 10 0 0 0 8 7 9 0 9 0 0 0 0 0 0 0 12 0 0 0 0 0
0 0 0 0 0 0 0 1 0 65 0 241 3253 426 15 0 0 0 0 0 0 0 0 0 0 0 0 0 0 0 0 65967 0 0 0 0 0 0 0 0 0 0 0 0 0 1647 0 0 0 0 0 0 0 0 0 0 0 0 0 0 0 0 0 0 0 0 0 0 0 0 0 0 0 0 0 0 0 0 0 0 0 0 0 0 0 0 0 0 0 0 0 0 0 0 0 0 0 0 0 0 0 0 0 0 0 0 0 0 0 0 0 0 0 0 0 0 0 6 0 0 0 0 0 0 0 0 0 0 0 0 0 0 0 0 0 0 0 0 0 0 0 0 0 0
0 0 0 0 0 0 0 1 0 0 0 3 516 55 1 60 7 0 0 0 0 0 0 0 0 0 0 0 0 0 0 0 35142 0 0 0 0 0 0 0 0 0 0 70 0 0 0 0 0 0 0 0 0 0 0 0 0 0 0 0 0 0 0 0 0 0 0 0 0 0 36 0 0 0 0 0 0 0 0 0 0 0 0 0 0 0 0 0 0 0 0 0 0 0 0 0 0 0 0 0 0 0 0 0 0 0 3 0 0 0 0 0 0 0 0 0 0 0 0 0 0 0 0 0 0 0 0 0 0 0 0 0 0 0 0 0 0 0 0 0 0 0 0 0
0 0 0 0 0 0 0 1 0 0 0 2 1 0 1 0 0 0 0 0 0 0 0 0 0 0 0 0 0 0 0 0 0 46944 0 0 0 0 0 0 0 0 0 0 0 0 0 0 0 0 0 0 0 0 0 0 0 0 0 0 0 0 0 0 0 0 0 0 0 0 0 0 0 0 0 0 0 0 0 0 0 0 0 0 0 0 0 0 0 0 0 0 0 0 0 0 0 0 0 123 0 0 0 0 0 0 125 5 0 0 0 0 0 0 0 0 0 0 0 0 0 0 0 0 0 0 0 0 0 0 0 0 0 0 0 0 0 0 0 0 0 0 0 0
0 0 0 0 0 0 0 0 0 0 0 0 0 19 0 0 0 0 0 0 0 0 0 0 0 0 0 0 0 0 0 0 0 0 0 0 0 0 0 0 0 0 0 0 0 0 0 14 0 0 0 0 0 0 0 0 0 0 0 0 0 0 0 0 0 0 0 0 0 0 0 0 0 0 0 0 0 0 0 0 0 0 0 0 0 0 0 0 0 0 0 0 0 0 0 0 0 0 0 0 0 0 0 0 0 0 0 1 0 0 0 0 0 0 0 0 0 0 0 0 0 0 0 0 0 0 0 0 0 0 0 0 0 0 0 0 0 0 0 0 0 0 0 0
0 0 0 0 0 0 0 0 0 0 0 481 0 95 1643 104 0 0 0 0 0 0 0 0 0 0 0 0 0 0 0 0 0 0 217 0 0 0 0 0 0 6 0 0 0 1 6 76 0 0 0 0 0 0 0 0 0 0 0 0 0 0 0 0 0 0 0 0 0 0 0 0 0 0 0 0 0 0 0 0 0 0 0 0 0 0 0 0 0 0 0 0 0 0 0 0 0 0 0 0 0 0 0 0 0 0 10 1 0 0 0 0 0 0 0 0 0 0 0 0 0 0 0 0 0 0 0 0 0 0 0 0 0 0 0 0 0 0 0 0 0 0 0 0
0 0 0 0 0 0 0 0 0 0 0 0 0 0 0 0 0 0 0 0 0 0 0 0 0 0 0 0 0 0 0 0 0 0 0 0 33481 0 0 0 0 0 0 0 0 0 0 0 0 0 0 0 0 0 0 0 0 0 0 0 0 0 0 0 0 0 0 0 0 0 0 0 0 0 0 0 0 0 0 0 0 0 0 0 0 0 0 0 0 0 0 0 0 0 0 0 0 0 0 0 0 0 0 0 0 0 90 9 0 0 0 0 0 0 0 0 0 0 0 0 0 0 0 0 0 0 0 0 0 0 0 0 0 0 0 0 0 0 0 0 0 0 0 0
0 0 0 0 0 0 0 0 0 0 0 0 0 0 0 0 0 0 0 0 0 0 0 0 0 0 0 0 0 0 0 0 0 0 0 0 0 0 0 0 0 0 0 0 0 0 0 6 0 0 0 0 0 0 0 0 0 0 0 0 0 0 0 0 0 0 0 0 0 0 0 0 0 0 0 0 0 0 0 0 0 0 0 0 0 0 0 0 0 0 0 0 0 0 0 0 0 0 0 0 0 0 0 0 0 0 0 0 0 0 0 0 0 0 0 0 0 0 0 0 0 0 0 0 0 0 0 0 0 0 0 0 0 0 0 0 0 0 0 0 0 0 0 0
1 0 0 0 0 1 1 136 0 0 0 101 0 0 110 0 0 2 0 0 0 93 0 0 0 0 0 0 0 0 0 0 0 0 0 0 0 1 0 0 13 0 0 0 225 505 16686 18034 0 0 0 0 2 0 0 0 0 94 0 0 0 0 0 0 0 1 0 0 0 0 0 0 0 0 0 0 0 0 0 0 0 0 0 0 0 0 0 12 1 1 1 1 0 0 0 0 0 0 0 0 0 0 0 0 0 1 0 0 0 0 0 0 0 0 0 0 0 3 0 0 0 0 0 0 0 0 0 0 0 0 0 0 0 0 0 0 0 0 0 0 1 0 0 0
0 0 0 35 10 18 3 23 14 0 1 1 281 3 0 0 0 0 0 0 0 0 0 0 0 0 0 0 0 0 0 0 0 0 0 0 0 0 0 0 0 1764 0 0 0 1 0 0 0 0 0 0 0 0 1 1 0 0 0 0 0 0 0 0 0 0 0 0 0 0 0 0 0 0 0 0 0 0 0 0 0 0 0 0 0 0 0 0 0 0 0 0 0 0 0 0 0 0 0 0 0 0 0 0 0 0 0 0 0 0 0 0 0 0 0 0 0 0 0 0 0 0 0 0 0 0 0 0 0 0 0 0 0 0 0 0 0 0 0 0 1 0 0 0
0 0 0 0 0 0 0 0 0 0 0 0 0 0 0 0 0 0 0 0 0 26 0 0 0 0 0 0 0 0 0 3 14 10 24 34 13 1114 36 18 13 39 5 0 0 0 0 61 13 0 43869 0 0 61 34 87 0 0 377 156 418 0 162 0 0 0 0 3247 0 0 0 0 0 0 0 0 0 0 0 0 0 46322 0 0 0 0 0 0 0 0 0 0 0 0 96 0 0 0 0 0 0 0 0 0 0 0 0 0 0 0 0 0 0 0 0 0 0 0 0 0 0 0 0 0 0 0 0 0 0 0 0 0 0 0 0 0 0 0 0 0 0 0 0 0
13 47 45 608 110 13640 15 13101 35 15 13 1157 31 39 33648 114 492 10991 0 0 0 61773 98242 43033 22890 92081 11076 97316 1068 42808 15897 61 0 36 1304 14119 17 172 2192 0 24 600 5 64 16 43 66 337 0 0 49665 50571 5 14076 10497 24 21587 8746 811 12844 22 861 599 623 0 194 85 789 74 139 51 0 30208 0 0 2750 0 0 3 21532 79977 0 0 0 0 0 0 0 0 0 0 0 0 0 0 386 28127 0 0 0 0 0 0 249 0 8133 5531 4442 168 0 0 0 0 0 0 0 0 0 0 0 6 0 193 61 25 1118 82 666 3616 134 20451 1 212 1058 697 365 86 524 672 208 0 31 17 0
97 80 100 46 77 121 73 51 59 27 18 30 36 27 19 3 0 12 1057 0 2449 10 0 0 0 0 0 0 0 0 0 44 117 87 155 255 91 529 259 98 145 359 68 62 0 0 53 668 342 0 0 0 3 1788 804 1248 0 110 617 7 316 59 201 277 157 0 477 0 0 0 564 0 27 0 56 82 29 0 74 68 0 0 42688 0 0 0 0 3 0 4 2 3 0 0 122 0 0 0 0 0 0 0 0 0 0 0 0 0 0 0 0 0 0 0 0 0 0 0 0 600 0 2 1 0 0 0 3 2 4 0 4 0 0 0 0 0 0 0 4 0 0 0 9 0
0 0 0 1 0 16 0 16 0 0 0 1 0 0 41 0 0 74 0 0 0 2778 1182 37333 76260 4067 73464 468 78625 48865 71395 0 0 0 1 2 0 0 2 0 0 0 0 0 0 0 0 0 0 0 0 0 0 0 4 1 0 0 1 15 0 0 0 0 0 0 0 0 0 0 0 0 0 0 0 0 0 0 0 0 0 0 0 0 0 0 39 0 0 0 0 0 0 0 0 15 2 30 0 0 0 0 0 0 0 18 0 0 0 0 0 0 0 0 0 0 0 0 0 0 0 0 0 0 0 0 0 0 0 0 0 0 0 0 0 0 0 0 0 0 0 0 0 9
0 0 0 0 0 0 0 0 0 0 0 0 0 0 0 0 0 0 0 0 0 0 0 0 0 0 0 0 0 0 0 0 0 0 0 0 0 0 0 0 0 0 0 0 0 0 0 0 0 0 0 0 1010 0 0 0 0 0 0 0 0 0 0 0 0 0 0 0 0 0 0 0 0 0 0 0 0 0 0 0 0 0 0 0 0 0 0 0 0 0 0 0 0 0 0 0 0 0 0 0 0 0 0 0 0 0 0 0 0 0 0 0 0 0 0 0 0 0 0 0 0 0 0 0 0 0 0 0 0 0 0 0 0 0 0 0 0 0 0 0 0 0 0 0
0 0 0 0 0 1 1 0 0 0 0 1 1 0 1 0 0 0 0 0 0 0 0 0 0 0 0 0 0 0 0 0 0 0 0 0 0 0 0 0 0 0 0 0 0 0 0 0 0 0 0 0 3 0 1 0 0 0 0 0 0 0 0 1 0 0 0 0 0 0 0 0 3 0 1 1 1 0 0 0 0 0 0 0 0 0 0 0 0 0 0 0 0 0 0 0 0 0 0 0 0 0 0 0 0 5 0 0 0 0 0 0 0 0 0 0 0 0 0 0 0 0 0 0 0 0 0 0 1 0 1 0 1 1 0 0 0 0 0 0 0 0 0 0
0 0 0 0 0 0 0 0 0 0 0 0 0 0 0 0 1 0 0 0 0 0 0 0 1 0 0 6 0 0 0 0 0 0 0 0 0 0 0 0 0 0 0 0 0 0 0 0 0 0 0 0 0 0 0 0 0 0 0 0 0 0 4 0 0 0 0 0 0 0 0 0 0 0 1 1 0 0 0 0 0 0 0 0 0 0 0 0 0 0 0 0 0 0 0 0 0 0 0 0 0 0 0 0 0 0 0 0 0 0 0 0 0 0 0 0 0 0 0 0 0 0 0 0 0 0 1 0 2 0 2 0 0 0 0 0 0 0 0 0 0 0 0 0
0 0 0 0 0 0 0 0 0 0 0 0 0 0 0 0 0 0 0 0 0 0 0 0 0 0 0 0 0 0 0 0 0 0 0 0 0 0 0 0 0 0 0 0 0 0 0 0 0 0 0 0 0 0 0 0 0 0 0 0 0 0 0 0 0 0 0 0 0 0 0 0 0 0 0 0 0 0 0 0 0 0 0 0 0 0 0 0 0 0 0 0 0 0 0 0 0 0 0 0 0 0 0 0 0 0 0 0 0 0 0 0 0 0 0 0 0 0 0 0 0 0 0 0 0 0 0 0 0 0 0 0 0 0 0 0 0 0 0 0 0 0 0 0
0 0 0 0 0 0 0 0 0 0 0 0 0 0 0 0 0 0 0 0 0 8 0 3224 1 0 1215 389 0 0 0 0 0 0 0 0 0 0 0 0 0 0 0 0 0 0 0 0 0 0 0 0 0 0 0 0 0 0 0 406 77 0 59 0 0 0 0 0 0 0 0 7 0 0 14 0 3 0 0 0 0 0 0 0 0 0 0 0 0 0 0 0 0 0 0 0 0 0 0 0 0 0 0 0 0 0 0 0 0 0 0 0 0 0 0 0 0 0 0 0 0 0 0 0 0 0 0 0 0 0 0 0 0 0 0 0 0 0 0 0 0 0 0 0
0 0 0 0 0 0 0 0 0 0 0 0 0 0 0 0 0 0 0 0 0 0 0 0 1 0 0 0 0 0 0 0 0 0 0 0 0 0 0 0 0 0 0 0 0 0 0 0 0 0 0 0 0 0 0 0 0 0 0 0 0 0 1 0 0 0 0 0 0 0 0 0 0 0 0 0 0 0 0 0 0 0 0 0 0 0 0 0 0 0 0 0 0 0 0 0 0 0 0 0 0 0 0 0 0 0 0 0 0 0 0 0 0 0 0 0 0 0 0 0 0 0 0 0 0 0 0 0 0 0 1 0 0 0 0 0 0 0 0 0 0 0 0 0
1 1 1 1 1 2 2 1 0 0 0 2 2 1 1 0 1 0 0 0 0 1 0 0 1 0 0 0 0 0 0 0 0 0 1 0 0 0 0 0 0 1 1 0 0 0 0 1 0 0 0 0 7 0 2 0 0 0 1 1 1 0 1 0 0 0 1 0 1 1 0 0 0 0 2 2 2 0 0 1 0 0 0 0 0 0 0 0 0 0 0 0 0 0 0 0 0 0 0 0 0 0 0 0 0 12 0 0 0 0 0 0 0 0 0 0 0 0 0 0 0 0 0 0 0 0 2 0 3 0 2 0 2 2 0 0 0 0 0 0 0 0 1 0
0 0 0 0 0 0 0 0 0 0 0 0 0 0 0 0 0 0 0 0 0 0 0 0 0 0 0 0 0 0 0 0 0 0 0 0 0 0 0 0 0 0 0 0 0 0 0 0 0 0 0 0 1 0 0 0 0 0 0 0 0 0 0 0 0 0 0 0 0 0 0 0 0 0 0 0 0 0 0 0 0 0 0 0 0 0 0 0 0 0 0 0 0 0 0 0 0 0 0 0 0 0 0 0 0 1 0 0 0 0 0 0 0 0 0 0 0 0 0 0 0 0 0 0 0 0 0 0 0 0 0 0 0 0 0 0 0 0 0 0 0 0 0 0
0 0 0 0 0 0 0 0 0 0 0 0 0 0 0 0 0 0 0 0 0 8 0 0 0 0 0 0 1 0 0 0 0 0 0 0 0 0 0 0 0 0 0 0 0 0 0 0 0 0 0 0 0 0 0 0 0 0 0 0 10 0 0 0 0 0 0 0 0 0 0 0 0 0 0 0 0 0 0 0 0 0 0 0 0 0 0 0 0 0 0 0 0 0 0 0 25 0 0 0 0 0 0 0 0 0 0 0 0 0 0 0 0 0 0 0 0 0 0 0 0 0 0 0 0 0 0 0 0 0 0 0 4 0 0 0 0 0 0 0 0 0 0 0
0 0 0 0 0 0 0 0 0 0 0 0 0 0 0 0 0 0 0 0 0 0 0 0 0 0 0 0 0 0 0 0 0 0 0 0 0 0 0 0 0 0 0 0 0 0 0 0 0 0 0 0 0 0 0 0 0 0 0 0 0 0 0 24 0 0 0 0 0 0 0 0 0 0 0 0 0 0 0 0 0 0 0 0 0 0 0 0 0 0 0 0 0 0 0 0 0 0 0 0 0 0 0 0 0 0 0 0 0 0 0 0 0 0 0 0 0 0 0 0 0 0 0 0 0 0 0 0 0 0 0 0 0 0 0 0 0 0 0 0 0 0 0 0
1 1 1 5 1 1 1 3 0 14 175 18 12 41 11 5 38 0 0 0 0 1 0 0 0 0 0 0 0 0 0 0 2 12 6 205 33 38 2 227 17 14 13 6 0 6 0 0 0 0 0 0 4 12 8 0 25 0 8 14 10 3 7 23 13 10 7 3 1 29 8 0 0 6 4 4 2 5 5 0 14 0 0 0 0 0 0 0 0 0 0 0 0 0 0 0 4 0 0 2 0 0 313 1 0 19 247 16 0 0 0 0 0 0 0 0 0 12 0 0 0 218 0 0 0 0 0 0 0 0 0 0 0 0 0 0 0 0 0 0 66 4 9 0
1 1 1 4 1 1 1 2 13 0 149 15 11 35 10 5 22 0 0 0 0 0 0 0 0 0 0 0 0 0 0 0 0 0 3 207 27 23 1 139 8 18 10 4 0 5 0 0 0 0 0 0 3 8 7 0 0 0 6 11 9 1 5 19 11 9 6 3 1 25 7 0 0 2 1 3 1 0 4 0 12 0 0 0 0 0 0 0 0 0 0 0 0 0 0 0 3 0 0 0 0 0 0 0 0 4 293 23 0 0 0 0 0 0 0 0 0 0 0 0 0 106 0 0 0 0 0 0 0 0 0 0 0 0 0 0 0 0 0 0 0 0 6 0
0 0 0 1 0 0 0 0 5 3 0 3 3 10 2 1 1 0 0 0 0 0 0 0 0 0 0 0 0 0 0 0 73 0 3 3 1 1 0 434 9 2 2 0 0 0 0 0 0 0 0 0 1 0 1 0 0 0 1 2 2 0 0 4 2 2 1 1 0 6 1 0 0 0 0 0 0 0 1 0 3 0 0 0 0 0 0 0 0 0 0 0 0 0 0 0 1 0 0 0 0 0 245 0 0 0 355 26 0 0 0 0 0 0 0 0 0 0 0 0 0 159 0 0 0 0 0 0 0 0 0 0 0 0 0 0 0 0 0 0 3 0 1 0
0 0 0 0 0 0 0 0 1 3 57 2 0 2 1 0 14 0 0 0 0 0 0 0 0 0 0 0 0 0 0 0 0 0 0 30 0 11 1 0 0 86 2 0 0 1 0 0 0 0 0 0 0 0 2 0 0 0 2 2 0 0 1 1 0 1 0 1 1 2 1 0 0 0 0 0 0 0 0 0 0 0 0 0 0 0 0 0 0 0 0 0 0 0 0 0 0 0 0 0 0 0 0 0 0 6 23 2 0 0 0 0 0 0 0 0 0 0 0 0 0 1 0 0 0 0 0 0 0 0 0 0 0 0 0 0 0 0 0 0 0 0 0 0
0 0 0 0 0 0 0 0 0 0 1 0 0 0 0 0 0 0 0 0 0 0 0 0 0 0 0 0 0 0 0 0 0 0 0 0 0 0 0 0 0 0 0 0 0 0 0 0 0 0 0 0 0 0 0 0 0 0 0 0 0 0 0 0 0 0 0 0 0 0 0 0 0 0 0 0 0 0 0 0 0 0 0 0 0 0 0 0 0 0 0 0 0 0 0 0 0 0 0 0 0 0 0 0 0 0 0 0 0 0 0 0 0 0 0 0 0 0 0 0 0 0 0 0 0 0 0 0 0 0 0 0 0 0 0 0 0 0 0 0 0 0 0 0
8 3 3 0 6 7 10 7 26 28 182 13 13 0 8 4 3 0 0 0 0 3 0 0 0 0 0 0 0 0 0 0 0 0 3 7 0 719 0 0 26 0 3 0 0 9 0 5 0 0 0 0 5 0 5 0 0 0 0 10 9 0 7 12 7 6 4 2 2 17 5 0 0 0 0 2 1 0 2 0 8 0 0 0 0 0 0 0 0 0 0 0 0 0 0 0 4 0 0 3 0 0 1033 2 0 8 1006 0 0 0 0 0 0 0 0 0 0 0 0 241 342 484 0 0 0 0 1 0 2 0 1 0 0 0 0 0 0 0 0 0 141 0 2 0
0 0 0 0 0 0 0 0 0 0 0 0 0 0 0 0 0 0 0 0 0 1 0 0 0 0 0 0 0 0 0 0 0 0 0 0 0 0 0 0 0 0 0 0 0 0 0 0 0 0 0 0 0 0 0 0 0 0 0 0 0 0 0 0 0 0 0 0 0 0 0 0 0 0 0 0 0 0 0 0 0 0 0 0 0 0 0 0 0 0 0 0 0 0 0 0 0 0 0 0 0 0 0 0 0 0 2 0 0 0 0 0 0 0 0 0 0 0 0 0 0 0 0 0 0 0 0 0 0 0 0 0 0 0 0 0 0 0 0 0 0 0 0 0
0 0 0 0 0 0 0 0 1 23 41 11 1 84 7 0 0 0 0 0 0 0 0 0 0 0 0 0 0 0 0 0 0 0 0 0 316 46 0 0 95 1 1 0 0 0 0 0 0 0 0 0 0 0 0 0 0 0 0 1 1 0 0 1 1 1 0 0 0 2 0 0 0 0 0 0 0 0 0 0 1 0 0 0 0 0 0 0 0 0 0 0 0 0 0 0 0 0 0 0 0 0 0 0 0 0 0 0 0 0 0 0 0 0 0 0 0 0 0 0 0 0 0 0 0 0 0 0 0 0 0 0 1 0 0 0 0 0 2 0 0 0 0 0
234 87 0 0 47 209 293 320 3142 3140 19643 617 1306 4034 383 139 6 0 19 0 3 18 0 0 0 0 0 0 0 0 0 0 0 0 1706 1083 1456 151 3 0 17295 32 14 0 7 209 7 360 0 0 6 0 96 0 61 0 0 0 0 115 118 338 151 24 51 38 38 28 67 62 44 0 23 2 13 64 41 0 23 33 12 0 52 0 0 0 0 0 0 0 4 1 0 0 0 0 49 0 0 3 0 0 2230 3 0 16 2823 175 0 0 0 0 0 0 0 0 0 249 0 465 629 594 44 16 10 0 36 35 38 8 19 6 8 11 0 0 0 13 28 0 355 260 58 0
0 0 0 0 0 0 0 0 33 42 262 13 14 63 8 0 2 0 0 0 0 11 0 0 0 0 0 0 0 0 0 0 0 0 3 8 0 3 0 0 0 0 2 0 0 2 0 1 0 0 0 0 1 0 2 0 0 0 0 3 4 0 0 8 4 4 0 1 0 11 3 0 0 0 0 0 0 0 1 0 5 0 0 0 0 0 0 0 0 0 0 0 0 0 0 0 2 0 0 0 0 0 1150 7 0 14 734 46 125 0 0 0 0 0 0 0 0 4 0 0 63 73 0 0 0 0 0 0 3 0 1 0 0 0 0 0 0 0 1 0 126 100 3 0
0 0 0 0 0 0 0 0 4 4 21 2 0 7 1 0 0 0 0 0 0 8 0 0 0 0 0 0 0 0 0 0 0 0 0 1 22 1 0 0 15 0 0 0 0 0 0 0 0 0 0 0 0 0 0 0 0 0 0 1 1 0 0 1 0 1 0 0 0 2 0 0 0 0 0 0 0 0 0 0 1 0 0 0 0 0 0 0 0 0 0 0 0 0 0 0 0 0 0 0 0 0 60 5 0 8 0 21 0 0 0 0 0 0 0 0 0 0 0 0 64 90 0 0 0 0 0 0 1 0 1 0 0 0 0 0 0 0 0 0 0 0 0 0
0 0 0 2 0 0 0 0 5 2 0 5 3 14 3 2 2 0 0 0 0 0 0 0 0 0 0 0 0 0 0 0 0 0 0 0 0 0 0 0 0 3 0 0 0 2 0 0 0 0 0 0 1 0 2 0 0 0 0 4 0 0 0 0 0 11 0 2 0 11 4 0 0 0 0 0 0 0 0 0 5 0 0 0 0 0 0 0 0 0 0 0 0 0 0 0 1 0 0 0 0 0 0 2 0 0 1 0 0 0 0 0 0 0 0 0 0 0 0 0 0 2 0 0 0 0 0 0 0 0 0 0 0 0 0 0 0 0 0 0 0 0 2 0
207 91 74 205 58 60 84 552 39 0 27 8 57 58 5 3 1825 147 0 0 1 17 0 0 0 0 0 0 0 0 0 0 0 3 1 2 7 1 1 2 12 5 33 0 6479 573 884 39 0 0 2 0 33 213 19 0 0 0 0 120 876 45 462 0 0 21 3 11 24 24 20 0 0 0 0 21 275 288 197 221 4 0 0 0 0 0 0 0 0 0 0 0 0 0 0 0 15 0 0 203 0 0 0 0 0 814 1649 201 0 0 0 0 0 0 0 0 0 318 0 0 0 119 126 0 0 5 102 102 106 108 88 0 0 0 0 0 0 0 131 10 151 2 23 0
3 1 1 4 0 0 0 9 4 2 0 4 3 12 3 0 32 3 0 1 0 19 0 0 0 0 0 0 0 0 0 0 0 0 1 0 2 0 0 0 2 3 3 0 0 0 0 0 0 0 0 0 2 6 2 0 0 0 1 5 17 1 0 11 7 16 0 3 4 9 10 0 0 0 3 0 1 0 3 0 4 0 0 0 0 0 0 0 0 0 0 0 0 0 0 0 2 0 0 4 0 0 0 0 0 14 0 0 0 0 0 0 0 0 0 0 0 0 0 0 0 2 0 0 0 0 1 0 2 0 1 0 0 0 0 0 0 0 0 0 35 0 6 0
0 0 0 0 0 0 0 0 0 21 0 3 0 1 2 0 0 0 0 0 0 2 0 0 0 0 0 0 0 0 0 0 0 12 0 0 0 0 0 0 0 0 0 0 91 0 0 0 0 0 0 0 0 0 0 0 0 0 0 0 0 0 0 2 1 1 0 0 0 1 6 0 0 0 0 0 0 96 0 0 0 0 0 0 0 0 0 1 0 0 0 0 0 0 0 0 0 0 0 0 0 0 0 0 0 0 0 0 0 0 0 0 0 0 0 0 0 0 0 0 0 0 0 0 0 0 0 0 0 0 0 0 0 0 0 0 0 0 0 0 0 0 0 0
16 100 113 332 22 34 36 0 6 37 13 72 0 56 48 0 3435 6 0 0 0 65 0 0 0 1 0 0 0 1 0 1 6 20 17 12 72 7 12 0 200 21 271 0 7 128 0 23914 1644 0 0 0 45 63 181 739 0 0 0 527 1021 0 0 0 0 602 0 167 72 1357 326 0 95 57 0 24 12 82 82 796 1 0 0 0 0 0 0 1676 0 0 0 0 0 0 0 0 1 1349 0 173 0 59 0 3 0 712 32 22 0 0 0 0 0 0 69 0 0 0 0 0 84 65 19 0 0 0 17 11 18 0 16 0 0 0 0 0 0 0 22 0 93 0 18 0
1 0 0 1 0 1 1 0 1 0 0 0 0 2 0 0 0 0 0 0 0 2 0 0 0 0 0 0 0 0 0 0 0 0 0 0 0 0 0 0 0 0 1 0 0 1 0 0 0 0 0 0 0 0 1 0 0 0 0 1 1 0 1 0 0 1 0 0 0 2 1 0 0 0 0 0 0 0 0 0 0 0 0 0 0 0 0 0 0 0 0 0 0 0 0 0 0 0 0 0 0 0 0 0 0 0 0 0 0 0 0 0 0 0 0 0 0 0 0 0 0 0 0 0 0 0 0 0 0 0 0 0 0 0 0 0 0 0 0 0 0 0 0 0
9 8 5 173 5 12 12 15 9 7 101 18 16 28 11 7 320 0 40 0 1 24 0 0 0 0 0 0 1 1 1 179 606 1673 1601 959 1894 703 1212 3585 4321 1954 2471 210 225 832 0 1311 0 1034 0 0 14 1793 1294 48 302 0 1569 1703 351 470 1042 895 545 684 0 428 597 1316 866 0 249 194 206 133 364 154 166 443 8 0 0 0 0 0 0 158 0 8 5 8 0 0 0 0 6 0 0 238 0 121 309 372 0 75 244 68 0 0 0 0 0 0 0 0 0 135 281 172 411 630 245 78 75 52 253 252 244 118 194 81 88 102 55 73 54 71 247 54 250 12 37 0
34 37 32 70 30 59 47 57 103 53 39 120 101 289 75 59 143 119 0 115 4 41 0 35 0 1 11 0 8 3 3 20 72 71 153 43 106 176 47 30 168 223 127 670 255 133 109 50 0 0 0 0 251 265 167 28 0 0 86 220 192 103 113 187 127 156 60 66 83 284 98 0 112 136 120 173 177 61 134 55 97 42 51 82 88 100 0 180 110 110 108 111 71 18 0 3 113 62 175 590 0 312 0 268 0 230 243 209 0 0 0 0 40 14 0 226 0 785 916 409 1492 1557 167 48 40 31 173 170 166 109 133 45 136 156 30 40 30 36 168 33 627 214 597 0
0 0 0 0 0 0 0 0 0 0 0 0 0 0 0 0 0 0 0 0 0 0 0 0 0 0 0 0 0 0 0 0 0 0 0 0 0 0 0 0 0 0 0 0 0 0 0 0 0 0 0 0 0 0 0 0 0 2 0 0 0 0 0 3454 0 0 0 0 0 0 26 0 0 0 0 0 0 0 0 0 0 0 0 0 0 0 0 0 0 0 0 0 0 0 0 0 0 0 0 0 0 0 0 0 0 0 0 0 0 0 0 0 0 0 0 0 0 0 0 0 0 0 0 0 0 0 0 0 0 0 0 0 0 0 0 0 0 0 0 0 0 0 0 0
2337 3884 4520 711 3483 5601 3995 3918 2728 706 2472 586 7271 1544 199 2693 21427 3277 0 1325 20136 1999 169 107 57 97 47 91 135 468 123 8 20 45 79 55 174 99 103 163 202 172 473 152 36 232 447 183 542 157 50 0 1247 4431 1010 1621 0 382 2294 1545 1191 2116 1652 256 415 131 309 99 111 166 222 130 175 14 58 65 45 64 107 71 79 1458 635 422 749 732 25 914 646 599 627 683 485 527 0 6222 1577 1009 329 317 0 127 159 870 0 1325 13129 5329 18887 764 1292 590 26 0 92 283 0 301 0 3385 2630 323 1033 336 145 66 758 745 755 0 2534 235 1614 1371 844 640 386 575 786 211 798 190 155 0
0 0 0 0 0 0 0 0 0 0 0 0 0 0 0 0 0 0 0 0 0 0 0 0 0 0 0 0 0 0 0 0 0 0 0 0 0 0 0 0 0 0 0 0 0 0 0 0 0 0 0 0 0 0 0 0 0 0 0 0 0 0 0 0 0 0 0 0 0 0 0 0 0 0 0 0 0 0 0 0 0 0 0 0 0 0 0 0 0 0 0 0 0 0 0 0 0 0 0 0 0 0 0 0 0 0 0 0 0 0 0 0 0 0 0 0 0 0 0 0 0 0 0 0 0 0 0 0 0 0 0 0 0 0 0 0 0 0 0 0 0 0 0 0
6 3 3 8 5 6 8 6 16 6 3 15 11 41 9 6 8 0 0 0 2 63 0 0 0 0 0 0 0 0 0 0 0 0 1 0 3 0 0 1 3 9 7 0 0 1121 0 2 0 0 0 0 7 0 0 0 0 19032 0 6 13 0 0 0 0 11 7 3 2 31 8 0 6 0 299 29 297 0 9 0 16 0 0 0 0 0 0 0 0 0 0 0 0 0 0 0 6 0 0 0 0 0 0 0 0 0 0 0 0 0 0 0 0 0 0 0 0 0 0 0 0 6 0 0 0 0 0 0 0 0 0 0 0 0 0 0 0 0 0 0 0 0 6 0
210 616 234 27 198 45 224 268 0 0 0 0 0 1 0 0 0 0 0 0 0 4 0 0 0 0 0 0 0 0 0 0 0 0 0 0 0 0 0 0 0 0 0 0 0 7 0 0 0 0 0 0 0 144 0 0 0 0 7 0 2 0 0 0 0 0 0 0 2 0 0 0 0 0 0 0 0 0 0 0 0 0 0 0 0 0 0 0 0 0 0 0 0 0 0 0 0 0 0 10 0 0 0 0 0 0 0 0 0 0 0 0 0 0 0 0 0 0 0 0 0 0 0 0 0 0 0 0 0 0 0 0 0 0 0 0 0 0 0 0 0 0 0 0
557 8303 9766 833 1081 1768 1870 2539 24 6 29 3 3 91 2 1 0 0 0 0 0 58 0 0 0 0 0 0 0 0 0 0 1 1 3 1 4 0 0 16 25 1 2 2 1 51 0 5 0 0 0 0 4 3016 8014 0 0 0 47 5 17 4 0 42 0 2 2 1 13 5 2 0 0 0 0 2 1 0 2 0 2 0 0 0 0 0 0 0 0 0 0 0 0 0 0 0 2 328 0 68 0 0 0 0 0 0 0 0 0 0 0 0 0 0 85 0 0 0 0 0 0 2 0 0 0 0 0 0 1 0 0 0 0 0 0 0 0 0 0 0 0 0 0 0
4697 2721 2071 2575 3791 4038 5163 5801 1135 1249 2106 184 787 3519 111 11 251 345 0 2115 2950 292 28 19 18 35 13 31 3268 182 57 0 2 180 74 19277 386 1566 111 117 568 195 308 28 139 3780 1008 2299 0 16 114 60 1640 262 1081 635 0 0 747 1940 1977 1576 2676 149 682 585 686 447 1185 712 837 0 426 107 695 1204 823 437 409 981 37 245 2991 0 24 18 2 46 15 13 99 28 0 0 525 213 807 332 64 59 0 0 29 869 0 1597 879 170 201 0 57 0 0 0 0 0 0 199 234 266 231 1520 804 254 134 89 629 628 636 73 327 70 725 745 191 188 133 175 497 115 283 229 1030 0
515 343 314 460 286 538 280 312 137 70 46 237 679 171 148 0 83 260 0 0 1 77 0 11 1 10 4 5 19 5 4 87 279 1348 873 668 1661 182 367 1428 4828 365 180 554 215 9188 576 51 95 83 0 0 3070 0 216 471 829 0 834 666 81 509 1478 532 188 242 478 129 187 490 712 0 644 422 367 436 1144 3434 1035 844 10 0 0 0 0 0 0 2 0 1 0 1 0 0 0 0 7 1207 406 65 0 388 206 19 0 4434 37 15 0 0 200 0 0 0 0 0 0 816 84 187 81 999 424 144 149 97 438 434 421 212 336 155 37 46 106 138 104 140 426 97 135 134 126 0
0 0 0 0 0 0 0 43 1 0 0 1 1 6 1 24 3 0 0 0 0 30 0 0 0 0 0 0 0 0 0 0 0 0 0 12 22 5 0 143 2229 0 33 268 0 0 87 0 0 0 0 0 0 415 0 0 0 0 0 1 0 52 386 32 11 2 4 0 1 2 39 0 0 0 288 131 48 751 40 0 0 0 0 0 0 0 0 0 0 0 0 0 0 0 0 0 2 0 0 0 0 0 0 0 0 0 0 0 0 0 0 0 0 0 0 0 0 293 0 0 1 162 0 0 0 0 0 0 1 0 1 0 0 0 0 0 0 0 0 0 0 0 0 0
0 0 0 0 0 0 0 0 0 0 0 0 0 0 0 12 0 0 0 0 0 3 0 0 0 0 0 0 0 0 0 0 0 0 0 0 0 0 0 0 0 0 0 0 0 0 0 0 0 0 0 0 1 0 0 0 0 0 0 0 0 0 0 0 0 0 0 0 0 0 5 0 0 14 46 0 0 5 0 0 0 0 0 0 0 0 0 0 0 0 0 0 0 0 0 0 0 0 0 0 0 0 0 0 0 0 0 1 0 0 0 0 0 0 0 0 0 0 0 0 0 0 0 0 0 0 0 0 0 0 0 0 0 0 0 0 0 0 0 0 0 0 0 0
0 0 0 0 0 0 0 0 0 0 0 0 0 0 0 2 0 0 0 0 0 1 0 0 0 0 0 0 0 0 0 0 0 0 0 0 0 0 0 0 0 0 30 0 0 0 0 0 0 0 0 0 0 0 0 0 0 0 1497 2525 0 269 0 458 293 0 0 0 192 0 596 0 0 36 0 2 0 0 0 0 0 0 0 0 0 0 0 0 0 0 0 0 0 0 0 0 0 68 0 75 0 0 0 0 0 0 0 0 0 0 0 0 0 0 0 0 0 0 0 0 0 5 0 0 0 0 0 0 0 0 0 0 0 0 0 0 0 0 0 0 0 0 0 0
1 1 0 2 48 1 1 91 4 2 1 4 383 11 2 71 3 107 0 0 189 147 2 1119 0 157 420 76 392 433 543 0 0 3 3 2 0 1 2 0 7 11 7 0 0 3 59 1154 0 0 0 0 1 1 8 0 0 0 0 530 0 0 755 436 0 5 2 3 2 5 10 0 0 83 0 42 93 0 1 0 4 0 0 0 0 0 0 3 0 3 2 3 0 0 0 0 5 3560 0 149 0 0 0 5 0 190 0 0 0 0 0 0 0 0 0 0 0 118 0 0 0 23 110 18 0 10 117 116 113 4 90 5 218 273 0 2 1 0 112 14 48 0 216 0
2 2 0 2 0 0 0 6 1 0 0 1 1 2 0 48 18 0 0 0 2 4 0 0 0 0 0 0 1 0 2 0 0 1 0 0 0 0 0 0 0 0 25 0 52 6 100 0 0 0 0 0 0 4 645 1427 0 0 0 183 619 0 0 363 0 59 16 14 41 41 406 0 0 0 1 0 7 0 17 0 2 0 0 0 0 0 0 0 0 0 0 0 0 0 0 0 33 489 0 1 0 0 0 0 0 6 0 0 0 0 0 0 0 0 0 0 0 0 0 0 0 0 20 0 0 0 24 24 24 0 19 0 0 0 0 0 0 0 22 0 0 0 0 0
4 4 4 1 1 2 2 1 2 1 1 1 1 3 1 0 1 225 0 0 0 20 0 15 0 7 6 2 12 3 0 0 0 0 0 0 0 0 0 0 0 0 3 210 0 0 46 2 0 0 0 0 218 7 3 0 0 0 0 2 0 0 0 0 5317 382 87 210 32 563 534 1579 0 0 0 12 86 799 338 206 0 0 0 0 0 0 0 0 0 0 0 0 0 0 0 0 1 0 0 0 0 0 0 55 0 0 0 0 0 0 0 0 0 0 0 0 0 0 0 0 0 1 38 1 0 2 33 33 34 26 29 0 0 0 0 0 0 0 40 4 0 0 0 0
9 11 9 3 2 5 4 2 5 3 3 4 3 11 2 1 2 492 839 0 2 51 0 38 0 16 14 7 30 13 20 0 0 0 0 0 0 0 0 0 0 1 27 533 0 0 163 8 0 0 0 0 542 67 9 16 0 0 0 3 0 375 59 0 0 952 264 561 80 1263 1692 5927 759 27 765 64 219 2303 846 559 18 0 0 0 0 0 0 0 0 0 0 0 0 0 0 0 2 0 0 0 0 0 0 138 0 0 0 0 0 0 0 0 0 0 0 0 0 23 0 0 0 6 96 21 5 18 83 83 84 112 71 15 0 0 16 22 16 19 102 19 0 27 0 0
0 0 0 0 0 0 0 0 0 0 0 0 0 0 0 0 0 2 0 0 123 2 0 0 0 0 0 0 0 0 0 0 0 0 0 0 0 0 0 0 0 0 0 0 0 0 0 0 0 0 0 0 158 0 0 0 0 0 0 0 0 0 0 0 0 0 0 3 0 4 2388 0 0 1 120 265 202 2 1 359 0 0 0 0 0 0 0 0 0 0 0 0 0 0 0 0 0 0 0 107 0 0 0 0 0 0 0 0 0 0 0 0 0 0 0 0 0 0 0 0 0 0 0 0 0 0 0 0 0 0 0 0 0 0 0 0 0 0 0 0 0 0 0 0
1 1 1 1 1 1 2 1 1 1 0 1 1 3 1 0 1 0 0 0 0 10 0 0 0 0 0 0 0 0 0 0 0 0 0 0 0 0 0 0 4135 0 7 0 0 3 39 0 332 0 0 0 2 0 1 0 0 0 0 1 2 0 0 0 0 161 0 99 0 158 3698 750 0 15 97 75 109 47 1296 236 2 0 0 0 0 0 0 0 0 0 0 0 0 0 0 0 1 0 0 0 0 0 0 0 0 0 0 0 0 0 0 0 0 0 0 0 0 0 0 0 0 0 126 22 0 28 85 86 92 260 85 14 0 0 27 36 26 33 139 28 0 0 0 0
0 0 0 0 0 0 0 1 0 0 0 0 0 0 0 0 0 0 0 1 27 0 0 0 0 0 0 0 0 0 0 0 0 0 0 0 0 0 0 0 0 0 0 0 0 0 0 0 0 0 0 0 0 0 0 0 0 0 0 0 0 0 0 0 0 0 0 0 0 0 2 0 0 0 0 5 0 0 0 0 0 0 0 0 0 0 0 0 0 0 0 0 0 0 0 0 0 0 0 33 0 0 0 0 0 1 0 0 0 0 0 0 0 0 0 0 0 0 0 0 0 0 0 0 0 0 0 0 0 0 0 0 0 0 0 0 0 0 0 0 0 0 0 0
0 0 0 0 0 0 0 0 0 0 0 0 0 0 0 0 0 0 0 0 0 5 0 0 0 0 0 0 0 0 0 0 0 0 0 0 0 0 0 0 0 0 15 0 0 0 0 0 0 0 0 0 0 0 0 0 0 0 0 0 0 0 0 0 0 846 0 521 0 1208 941 0 0 21 1256 134 142 23 102 2 4 0 0 0 0 0 0 0 0 0 0 0 0 0 0 0 0 0 0 0 0 0 0 0 0 0 0 0 0 0 0 0 0 0 0 0 0 0 0 0 0 0 0 0 0 0 0 0 0 0 0 0 0 0 0 0 0 0 0 0 0 0 0 0
0 0 0 0 0 0 0 0 0 0 0 0 0 0 0 0 0 1 0 0 49 1 0 0 0 0 0 0 0 0 0 0 0 0 0 0 0 0 0 0 0 0 0 0 0 0 0 0 0 0 0 0 265 0 0 0 0 0 0 0 0 0 0 0 0 0 0 119 0 0 27 0 0 18 0 17 11 0 66 0 0 0 0 0 0 0 0 0 0 0 0 0 0 0 0 0 0 0 0 14 0 0 0 0 0 0 0 0 0 0 0 0 0 0 0 0 0 0 0 0 0 0 0 0 0 0 0 0 0 0 0 0 0 0 0 0 0 0 0 0 0 0 0 0
0 0 0 0 0 0 0 0 0 0 0 0 0 1 0 0 0 0 0 0 0 6 0 0 0 6 0 11 0 0 0 0 0 0 0 0 0 0 0 0 0 0 0 0 0 0 0 0 0 0 0 0 0 0 0 0 0 0 0 0 0 0 0 0 0 0 0 0 0 0 0 0 1315 1 580 40 374 4564 511 119 3 0 0 0 0 0 0 0 0 0 0 0 0 0 0 0 0 0 0 0 0 0 0 923 0 0 0 0 0 0 0 0 0 0 0 0 0 0 0 0 0 0 0 0 0 0 0 0 0 0 0 0 0 0 0 0 0 0 0 0 0 0 0 0
151 176 106 133 160 257 271 88 213 52 133 192 635 403 120 100 726 212 508 124 1 980 1 4 1 0 1 1 3 2 3 11 46 181 159 188 456 194 143 1177 5491 732 1165 2209 517 2770 2350 770 2028 402 0 0 4622 2505 899 1291 336 1312 1005 4016 5140 1870 2025 0 0 776 0 423 805 1647 471 0 2530 1310 2398 1109 1910 9925 2664 1197 65 0 0 0 0 0 0 7 0 7 6 7 0 0 0 0 11 4444 0 96 0 0 0 72 0 19 5319 3262 0 0 151 0 0 0 0 0 0 606 0 206 23 76 1036 300 191 287 811 30 837 1792 735 317 28 17 328 419 315 441 1108 272 128 6 20 0
206 175 288 151 330 673 473 236 34 135 79 595 581 199 372 102 39 1 0 0 0 177 0 0 2 26 0 4 48 25 73 22 77 93 186 78 137 40 77 0 0 240 205 16 9 18 0 228 0 0 0 0 2232 0 525 0 0 0 360 262 141 95 49 316 0 238 72 128 40 692 0 0 0 93 103 556 511 0 0 139 6 34 44 61 34 39 0 140 44 45 44 45 20 14 49 0 14 0 0 29 0 0 0 36 0 3297 91 5 0 0 0 0 0 0 0 221 0 0 0 0 0 0 1068 401 456 274 1106 1101 1061 607 844 463 543 621 323 416 312 441 1072 267 65 65 209 0
1 1 1 5 1 1 1 7 10 4 1 10 7 28 9 6 6 8 3 6 0 5 0 1 0 0 0 0 0 0 0 0 0 4 8 1 4 8 1 0 6 13 6 43 11 13 0 4 0 0 0 0 6 3 5 0 0 0 10 0 0 0 9 3 0 0 0 2 0 0 0 0 0 0 0 10 24 5 5 0 10 0 0 0 0 0 0 2 1 2 1 1 0 0 0 0 4 0 0 100 0 0 0 0 0 107 5 1 0 0 0 0 1 0 0 0 0 0 0 0 8 12 20 0 0 0 22 21 21 0 17 0 7 3 0 0 0 0 21 0 16 0 7 0
35 39 35 21 38 101 45 22 8 19 9 44 701 43 28 2 27 4 3 0 31 244 0 0 0 0 0 0 0 0 0 0 0 47 5 41 42 1 25 0 87 7 79 54 0 7 202 0 0 0 0 0 193 0 36 82 0 0 0 0 27 64 0 9 0 0 0 133 0 893 0 0 0 171 0 107 289 0 65 0 7 0 0 0 0 0 0 1 0 1 0 1 0 0 0 0 23 0 0 8 0 0 0 194 0 719 320 77 0 0 0 0 0 0 0 0 0 0 0 0 0 11 98 22 9 18 90 90 89 87 74 17 4 1 15 20 15 17 102 19 10 0 19 0
1 1 1 1 1 1 1 0 0 1 0 1 1 1 0 0 0 1 0 0 0 2 0 0 0 0 0 0 0 0 0 0 0 1 2 2 0 4 1 0 1 2 0 0 6 19 0 4 0 0 0 0 2 0 16 0 0 0 0 12 0 0 4 0 0 0 0 0 0 0 0 0 0 0 0 0 19 0 0 0 0 0 0 0 0 0 0 0 0 0 0 0 0 0 0 0 3 0 0 0 0 0 0 6 0 107 4 0 0 0 0 0 0 0 0 0 0 0 0 0 0 0 5 0 0 0 5 5 6 0 5 0 15 2 0 0 0 0 6 0 0 0 0 0
1 1 1 1 1 1 1 1 1 0 0 1 1 2 0 0 3 0 0 0 0 3 0 0 0 0 0 0 0 0 0 0 0 0 0 0 0 0 0 0 2 1 7 0 0 4 0 11 0 0 0 0 1 0 1 0 0 0 0 7 7 0 0 0 0 0 0 1 0 0 0 0 0 0 0 0 0 0 0 0 1 0 0 0 0 0 0 1 0 0 0 0 0 0 0 0 8 0 0 10 0 0 0 0 0 39 0 0 0 0 0 0 0 0 0 0 0 0 0 0 0 0 42 2 0 0 43 43 42 0 34 0 23 6 0 0 0 0 43 3 0 0 0 0
139 111 143 85 161 463 177 120 41 13 39 279 544 134 54 16 2288 197 202 230 1 16 0 2 0 0 1 2 11 6 6 0 1 87 14 35 131 45 0 43 264 21 272 0 4 0 0 15 0 0 0 0 153 87 53 130 0 0 0 0 38 406 15 0 0 0 0 3 0 9 0 0 926 0 154 128 48 0 625 0 1 0 0 0 0 0 0 0 0 1 0 0 0 0 0 0 2 0 0 24 0 0 0 125 0 0 113 9 0 379 41 0 0 0 0 0 0 172 0 0 55 72 1059 396 447 271 1094 1090 1050 632 836 457 66 81 320 412 310 437 1064 265 99 76 103 0
0 0 0 1 0 0 0 0 2 1 0 2 1 5 1 1 5279 69 0 0 0 6 0 0 0 0 0 0 0 0 0 0 0 0 0 0 0 0 0 0 0 1 0 0 0 1 0 7 0 0 0 0 1 0 1 0 0 0 0 1 1 0 0 0 0 0 0 0 0 0 0 0 16 0 0 2288 0 0 0 0 2 0 0 0 0 0 0 0 0 0 0 0 0 0 0 0 1 0 0 0 0 0 0 57 0 0 3464 3379 306 0 0 0 0 0 0 0 0 87 0 1023 0 0 33 0 0 0 23 23 25 47 23 0 0 0 0 0 0 0 37 2 0 0 0 0
9 9 8 0 9 15 16 20 60 7 8 14 26 47 9 0 16 22 0 0 64 5 0 0 0 0 0 0 1 1 1 0 2 7 7 4 16 4 4 0 33 13 43 0 1789 239 0 1 0 0 0 0 13 100 10 3 0 0 204 52 17 8 67 0 0 0 0 7 0 33 0 0 0 19 62 39 25 160 36 0 12 0 0 0 0 0 0 1 0 1 1 1 0 0 0 0 4 198 0 425 0 0 0 2 0 119 17 0 0 0 0 0 0 0 0 0 0 10 0 0 61 59 12 0 0 0 14 14 14 0 11 0 4 4 0 0 0 0 13 0 101 0 293 0
0 0 0 0 0 0 0 0 0 0 0 0 0 0 0 0 0 0 0 0 0 0 0 0 0 0 0 0 0 0 0 0 0 0 0 0 0 0 0 0 0 0 0 0 0 0 0 8 0 0 0 0 26 0 0 0 0 0 7 0 0 0 0 21 0 22 0 10 0 57 0 0 0 0 0 0 0 0 0 0 0 0 0 0 0 0 0 0 0 0 0 0 0 0 0 0 0 0 0 0 0 0 0 0 0 0 0 0 0 0 0 0 0 0 0 0 0 0 0 0 0 0 0 0 0 0 0 0 0 0 0 0 0 0 0 0 0 0 0 0 0 0 0 0
204 60 59 84 89 291 111 110 54 39 22 9 36 55 25 10 303 0 70 84 0 485 0 59 3 8 19 2 18 7 15 8 27 32 81 51 36 190 44 51 34 79 13 211 5 2 54 120 159 0 0 0 0 140 161 644 0 38 124 53 106 80 82 79 273 70 344 42 85 207 171 72 0 8 41 25 8 20 15 5 0 0 0 0 0 0 0 0 0 0 0 0 2 2 0 0 29 0 42 49 30 93 0 2 0 258 34 3 0 0 0 0 0 0 0 0 0 0 0 0 28 21 12 0 0 0 16 15 16 0 24 0 6 5 0 0 0 0 2 0 17 0 16 0
300 89 87 124 131 427 163 161 80 57 33 14 53 81 36 15 398 308 135 0 374 132 0 177 0 25 55 5 66 26 54 16 56 68 168 106 70 395 92 0 71 165 27 378 9 5 106 239 321 0 63 0 0 284 332 1239 0 92 266 113 228 171 177 177 543 139 676 84 170 422 346 145 0 15 81 49 19 41 30 13 1 0 0 0 0 0 0 0 0 0 0 0 4 4 135 56 58 0 88 97 69 200 0 4 0 512 73 6 0 0 0 0 0 0 0 0 0 0 0 0 61 41 10 0 0 0 25 30 28 0 39 0 18 17 0 0 0 0 0 0 36 0 32 0
166 49 48 68 73 237 90 89 44 32 18 8 29 45 20 7 462 154 67 80 0 86 0 56 0 7 18 2 17 7 15 8 26 32 79 50 35 184 43 50 33 77 12 205 5 2 53 115 151 0 0 0 0 136 157 627 4 36 119 50 103 75 80 77 265 68 328 41 83 201 166 68 0 7 38 24 7 19 15 5 0 0 0 0 0 0 0 0 0 0 0 0 2 2 0 0 28 0 38 47 25 99 0 2 0 249 43 3 0 0 0 0 0 0 0 0 0 0 0 0 18 20 8 0 0 0 15 13 15 0 24 0 0 0 0 0 0 0 0 0 9 0 16 0
59 16 15 22 23 87 29 36 14 10 7 4 10 15 7 1 136 53 21 22 0 69 0 15 1 2 5 0 7 3 5 3 10 12 29 18 13 63 15 16 10 29 4 75 2 1 26 35 52 0 0 0 2 47 59 233 0 12 38 14 36 19 30 29 97 24 94 14 31 72 62 20 0 1 9 7 2 6 6 1 0 0 0 0 0 0 0 37 0 45 45 47 1 1 0 0 14 0 5 17 0 21 0 1 0 84 3 1 0 0 0 0 0 0 0 0 0 0 0 0 0 7 2 0 0 0 6 5 7 0 11 0 0 0 0 0 0 0 0 0 0 0 6 0
20 6 6 8 9 29 11 11 5 4 2 1 4 5 2 0 18 64 27 29 0 11 0 21 0 3 7 1 7 3 6 3 11 14 34 21 15 77 18 21 13 33 5 88 2 1 23 46 60 0 0 0 0 56 67 270 0 14 48 19 43 26 34 33 113 28 128 17 36 85 72 24 0 2 14 9 3 8 6 1 0 0 0 0 0 0 0 0 0 0 0 0 1 1 0 0 12 0 5 20 0 27 0 1 0 103 8 1 0 0 0 0 0 0 0 0 0 0 0 0 0 8 0 0 0 0 5 4 6 0 10 0 0 0 0 0 0 0 0 0 0 0 6 0
16 5 5 7 7 23 9 9 4 3 2 1 3 4 2 1 115 7 3 4 0 19 0 2 0 0 1 0 1 0 1 0 1 1 4 2 2 8 2 2 1 3 1 9 0 0 2 5 7 1 0 0 0 6 7 28 0 2 5 2 5 3 4 3 12 3 14 2 4 9 7 3 1 0 2 1 0 1 1 0 0 0 0 0 0 0 0 0 0 0 0 0 0 0 7 0 1 1 2 2 2 5 5 0 1 11 2 0 0 6 0 0 0 0 6 1 0 1 1 0 2 1 1 0 0 0 1 0 1 0 1 0 1 1 0 0 0 0 0 0 1 1 1 0
2 1 1 0 1 3 1 1 1 0 0 0 0 1 0 0 28 2 1 0 0 8 0 1 0 0 0 0 0 0 0 0 0 0 1 1 0 3 1 0 0 1 0 3 0 0 0 2 0 0 0 0 0 1 2 9 0 0 2 1 2 0 1 1 4 0 5 0 1 2 3 0 0 0 0 0 0 0 0 0 0 0 0 0 0 0 0 0 0 0 0 0 0 0 1 0 0 0 0 0 0 0 0 0 0 4 0 0 0 0 0 0 0 0 0 0 0 0 0 0 0 0 0 0 0 0 0 0 0 0 0 0 0 0 0 0 0 0 0 0 0 0 0 0
8 2 2 4 4 12 5 5 2 2 1 0 1 2 0 0 1 21 7 5 0 0 0 4 0 0 1 0 3 1 2 1 4 6 14 9 6 45 7 7 4 13 2 34 1 0 9 10 19 0 0 0 0 18 38 106 0 3 13 3 14 2 14 13 44 10 22 6 15 30 30 4 0 0 1 2 1 1 2 0 0 0 0 0 0 0 0 0 0 0 0 0 0 0 4 0 7 0 0 7 0 0 0 0 0 33 0 0 0 0 0 0 0 0 0 0 0 0 0 0 0 2 0 0 0 0 2 0 3 0 5 0 0 0 0 0 0 0 0 0 0 0 2 0
0 0 0 0 0 0 0 0 0 0 0 0 0 0 0 0 0 0 0 0 0 0 0 0 0 0 0 0 0 0 0 0 0 0 0 0 0 0 0 0 0 0 0 0 0 0 0 0 0 0 0 0 0 0 0 1 0 0 0 0 0 0 0 0 0 0 1 0 0 0 0 0 0 0 0 0 0 0 0 0 0 0 0 0 0 0 0 0 0 0 0 0 0 0 0 0 0 0 0 0 0 0 0 0 0 0 0 0 0 0 0 0 0 0 0 0 0 0 0 0 0 0 0 0 0 0 0 0 0 0 0 0 0 0 0 0 0 0 0 0 0 0 0 0
3 1 1 1 1 5 2 2 1 1 0 0 1 1 0 0 4 4 1 0 0 1 0 1 0 0 0 0 0 0 0 0 1 1 2 1 1 4 1 0 1 2 0 3 0 0 1 3 0 0 0 0 0 2 4 14 0 0 3 1 2 0 2 2 6 1 7 1 2 3 4 0 0 0 0 0 0 0 0 0 0 0 0 0 0 0 0 0 0 0 0 0 0 0 2 0 1 0 0 0 0 0 0 0 0 6 0 0 0 0 0 0 0 0 0 0 0 0 0 0 0 0 0 0 0 0 0 0 0 0 0 0 0 0 0 0 0 0 0 0 0 0 0 0
1 0 0 0 0 2 1 1 0 0 0 0 0 0 0 0 16 1 0 0 0 5 0 0 0 0 0 0 0 0 0 0 0 0 0 0 0 1 0 0 0 0 0 1 0 0 0 1 0 0 0 0 0 0 1 4 0 0 1 0 1 0 0 0 2 0 2 0 0 0 1 0 0 0 0 0 0 0 0 0 0 0 0 0 0 0 0 0 0 0 0 0 0 0 0 0 0 0 0 0 0 0 0 0 0 1 0 0 0 0 0 0 0 0 0 0 0 0 0 0 0 0 0 0 0 0 0 0 0 0 0 0 0 0 0 0 0 0 0 0 0 0 0 0
225 66 65 93 99 321 122 121 60 43 25 10 39 60 27 10 213 210 93 110 0 146 0 78 1 10 25 2 23 9 20 10 35 43 106 67 47 250 58 67 45 104 17 276 6 3 69 158 206 0 0 0 0 185 211 844 7 49 163 70 140 105 108 346 231 92 454 55 112 279 224 92 0 10 54 33 10 26 20 5 0 0 0 0 0 0 0 0 0 0 0 0 0 0 85 0 40 0 56 67 44 0 0 3 0 358 58 4 0 0 0 0 0 0 0 0 0 0 0 0 25 16 15 0 0 0 21 20 21 0 33 0 19 18 0 0 0 0 3 0 18 0 0 0
1245 367 360 514 546 1773 674 668 330 237 136 58 218 334 150 59 747 311 137 164 0 306 0 115 1 15 37 4 35 14 30 15 52 63 157 99 70 370 85 100 67 154 25 409 9 4 102 234 308 0 0 0 0 274 312 1250 19 74 242 104 207 156 159 512 341 136 672 82 166 413 331 139 0 15 80 48 15 39 29 10 0 0 0 0 0 0 0 0 0 0 0 0 12 0 127 0 227 0 387 381 0 0 0 18 0 2014 366 23 0 0 0 0 0 0 723 0 0 0 0 0 343 0 113 0 0 0 128 126 123 0 188 0 149 154 0 0 0 0 30 0 176 80 128 0
71 26 23 39 24 65 41 32 21 28 45 5 16 27 12 132 40 0 3 0 33196 86 0 3873 0 605 1089 175 1882 718 1471 101 360 438 1087 687 482 2562 592 656 463 1068 172 1485 32 12 265 853 1142 12 50 227 0 1450 1952 155 0 799 2482 1064 2119 1603 1636 1834 1196 336 1654 203 394 1023 1205 375 0 43 181 150 260 173 135 182 7 0 0 1 5 4 0 0 0 0 0 0 0 0 0 4037 160 0 240 267 0 578 440 13 0 1417 258 16 0 0 0 0 0 0 0 0 0 0 0 0 1 115 76 0 0 0 89 87 86 0 132 0 102 105 0 0 0 0 19 0 60 22 88 0
0 0 0 0 0 1 0 0 0 0 0 0 0 0 0 8 10 1 0 0 0 8 0 0 0 0 0 0 0 0 0 0 0 1 1 2 1 2 0 0 1 1 0 3 0 0 1 3 3 0 0 0 0 1 0 0 0 11 2 1 0 0 0 4 2 0 4 0 0 1 3 0 0 0 0 0 0 2 0 2 0 0 0 0 0 0 0 0 0 0 0 0 64 70 0 0 0 0 0 0 1 2 3 0 0 0 2 0 0 0 0 0 0 0 0 0 0 0 0 0 10 1 0 0 0 0 0 0 0 0 0 0 0 0 0 0 0 0 0 0 7 0 1 0
0 0 0 0 0 0 0 0 0 0 0 0 0 0 0 0 0 0 0 0 0 0 0 0 0 0 0 0 0 0 0 0 0 0 0 0 0 0 0 0 0 0 0 0 0 0 0 0 0 0 0 0 0 0 0 0 0 0 0 0 0 0 0 0 0 0 0 0 0 0 0 0 0 0 0 0 0 0 0 0 0 0 0 0 0 0 0 0 0 0 0 0 0 0 0 0 0 0 0 0 0 0 0 0 0 0 0 0 0 0 0 0 0 0 0 0 0 0 0 0 0 0 0 0 0 0 0 0 0 0 0 0 0 0 0 0 0 0 0 0 0 0 0 0
2751 703 486 537 858 3371 1821 137 21 240 938 2015 965 209 1257 73 820 2 869 628 0 1901 1 5 1 0 2 0 0 0 0 550 170 166 363 146 157 118 124 188 485 484 24 820 111 153 0 328 530 0 26 0 7102 815 511 0 0 0 320 45 0 0 0 348 11 103 271 45 215 244 545 0 68 21 80 90 66 1 56 0 0 1291 1932 2586 4085 4688 0 3595 4743 4675 4594 4707 4317 4773 79 230 411 0 0 216 0 0 200 0 0 4353 765 123 102 649 0 0 27 21 4874 46 0 0 0 4271 842 62 8 3 4 2 7 8 8 5 6 4 129 128 2 3 2 3 8 2 1242 35 190 0
260 346 175 73 234 595 252 122 32 150 52 3 225 99 1 730 496 75 204 195 5 139 0 42 0 2 6 0 9 4 7 79 241 203 359 177 196 62457 151 173 145 589 36 434 209 517 278 503 581 0 0 0 154 1028 629 7 0 0 522 315 482 565 415 17 5 470 18 284 24 745 1907 85 622 63 170 284 182 2311 533 121 0 0 0 0 0 0 0 22 7 15 15 17 0 0 0 0 19 125 0 470 0 0 0 2 174 51 15 138 0 302 0 0 0 0 0 14 0 151 0 0 148 372 1009 358 358 250 945 946 930 1000 767 410 63 26 278 423 270 452 1040 244 107 0 34 0
0 0 0 0 0 1 1 0 1 0 0 0 2 0 0 0 99 2 0 1 0 31 0 0 0 0 0 0 0 0 0 0 0 0 0 0 0 0 0 0 0 0 0 0 0 0 0 0 0 0 0 0 160 0 0 0 0 0 1 1 0 0 0 1 1 0 1 0 1 0 1 0 0 0 0 0 0 0 0 0 0 0 0 0 0 0 0 0 0 1 0 1 0 0 0 0 1 0 0 0 0 0 0 0 0 4 0 6 0 0 0 0 0 0 0 0 0 0 0 0 0 0 0 0 0 0 0 0 1 0 1 0 0 0 0 0 0 0 0 0 0 0 0 0
873 978 1072 5563 924 1373 1278 3492 15438 6001 1176 18154 12533 42632 12030 6326 5735 3302 2319 3001 24 966 1 206 2 16 74 1 203 59 73 567 1659 1776 3486 391 8207 270 453 8917 6514 10389 11386 5006 530 6215 490 142 9036 1360 1 1280 4453 11344 7545 126 8799 4644 7250 13634 11820 2824 6683 26014 15064 11514 9010 3267 1181 32420 8337 5640 5187 8297 6712 6105 3735 6552 5230 512 15993 0 0 0 15 12 0 52 435 28 29 31 0 31 4962 0 4896 6369 1983 938 0 0 2283 417 0 4727 7461 1371 441 0 0 0 0 0 0 2614 0 963 1128 2521 1593 5482 1347 495 531 363 1318 1318 1281 1158 1039 573 1029 314 433 555 417 594 1370 349 1198 997 8009 0
13 17 1913 0 14 21 20 902 36 44 688 161 134 385 174 44 305 265 8 33 1 311 1 2 1 0 3 1 9 1 8 100 158 30 16435 409 1335 83 482 113 101 196 71 1254 1716 1073 0 386 0 0 1 0 2302 363 1593 1031 294 0 174 111 90 87 253 131 88 34 17 9 166 44 125 6 192 417 52 404 252 51 111 51 0 0 0 0 0 0 0 64 16 32 38 41 9203 35 0 0 47 6255 924 732 53 0 501 24 215 358 2964 635 164 0 0 0 0 0 0 72 0 231 0 0 0 175 251 94 103 67 249 250 242 186 195 109 131 44 80 103 77 110 254 511 163 11 95 0
73 72 93 118 118 153 124 33 30 75 97 142 98 116 1421 141 256 44 148 163 0 39 1 2 0 1 1 0 9 3 3 0 49 0 488 65 0 46 69 0 0 0 23 230 185 149 880 89 0 148 0 0 622 288 94 201 0 0 306 190 138 227 463 280 183 117 130 28 221 250 340 12 87 13 88 90 225 18 87 194 5 138 38 154 187 152 0 1500 1041 1044 1025 1056 644 815 0 0 84 0 117 189 0 0 0 230 0 970 332 54 2887 485 0 40 0 112 0 142 0 0 0 138 379 3360 1045 401 462 275 1080 1076 1035 641 824 470 144 142 330 424 318 454 1048 270 778 2975 733 0
0 0 0 0 0 0 0 0 3 0 0 0 0 0 0 0 96 0 0 1 1 31 0 0 0 0 0 0 0 0 0 0 0 0 0 0 0 0 0 0 0 0 0 0 0 0 0 0 0 0 0 0 273 0 1 1 0 0 0 0 0 0 0 0 0 0 0 0 0 1 0 0 0 0 0 0 0 0 0 0 0 0 0 0 0 0 0 0 0 0 0 0 0 0 0 0 0 60 0 1 0 0 0 0 0 2 0 0 0 0 402 0 0 0 0 0 0 554 127 0 0 15 0 0 0 0 0 0 0 0 0 0 0 0 0 0 0 0 0 0 0 0 0 0
948 783 942 1500 322 5854 5950 763 213 2676 7237 831 1636 545 523 2303 2346 192 3627 3674 282 183 0 15 0 6 5 2 47 11 14 1905 11135 6762 11213 1617 4629 5018 1721 7740 6310 8288 1557 4808 3194 2496 177 1595 5112 453 3 817 686 8789 2110 3594 1375 2201 6751 5670 4739 8970 8578 6412 4293 3011 4168 9851 4813 2703 9210 2381 748 430 715 898 1385 2391 1328 876 7 2227 3354 1662 2390 2732 0 6001 2749 2711 2697 2785 2521 2686 13056 26 3304 3276 0 589 95 0 791 452 0 1499 3342 653 663 0 0 440 0 0 0 307 406 854 0 1324 2469 1621 3578 1376 1584 943 3700 3686 3550 2196 2826 1610 140 117 1132 1452 1092 1555 3590 902 367 523 485 33
2 1 1 1 1 2 1 1 0 0 0 0 0 0 0 0 2 0 0 1 0 16 0 1 0 0 0 0 0 0 0 0 0 0 0 1 0 2 0 0 0 0 0 0 0 0 0 1 0 0 0 0 0 1 2 6 0 0 1 1 1 0 0 1 3 1 2 0 1 2 2 0 0 0 0 0 0 178 0 0 1 0 0 0 0 0 0 0 0 0 0 0 0 0 0 1 0 0 0 0 0 0 0 0 0 0 0 0 0 0 0 0 0 0 0 0 0 0 0 0 0 0 0 0 0 0 0 0 0 0 0 0 0 0 0 0 0 0 0 0 0 0 0 0
0 0 0 1 0 1 46 1 63 0 0 8 0 0 1 2 269 47 0 3 0 22 0 0 0 0 0 0 8 0 0 0 0 0 0 1 0 0 0 0 0 181 0 0 11 95 0 52 0 0 1 0 27 81 5 5 0 0 8 8 10 26 0 95 62 75 0 42 1 2 3 0 0 0 0 0 3 0 0 0 0 0 0 0 0 0 0 21 1 1 8 9 0 0 0 0 12 0 0 57 0 0 0 16 0 46 0 81 0 21 0 0 0 0 0 0 0 0 0 0 0 4 27 0 0 0 6 27 8 0 7 0 0 0 0 0 0 0 21 0 0 0 0 0
0 396 537 0 0 0 0 0 0 0 0 0 0 0 0 2 185 0 0 0 1 4 0 0 0 0 0 0 0 0 0 0 0 0 0 0 389 0 0 0 0 0 0 0 145 88 0 15 0 0 0 0 0 193 0 0 0 0 759 0 296 0 559 0 0 198 0 0 387 0 0 0 0 0 0 72 0 0 0 63 2 0 0 0 0 0 0 0 0 0 0 0 0 0 0 1047 19 0 0 0 0 0 0 0 0 59 0 0 0 0 0 0 0 0 0 0 0 146 0 0 5 0 44 0 0 0 0 36 33 0 0 0 0 0 0 0 0 0 0 0 0 0 1 0
0 4 4 1 4 6 1 7262 7 10 12 10 6 2 8 91 20 18 0 68 0 22 0 1 0 0 0 0 4 1 2 49 159 124 276 33 61 72 81 15 0 124 8 86 88 98 340 75 103 127 0 0 175 181 36 89 0 112 139 80 76 169 246 121 81 38 52 11 96 84 140 61 36 5 21 39 96 37 0 62 0 43 68 77 74 85 0 115 87 85 86 91 80 82 101 0 40 0 465 137 0 0 0 17 0 91 1685 232 0 0 0 0 0 15 154 151 392 319 115 357 0 531 354 125 135 86 364 363 350 203 279 140 40 36 98 127 95 132 356 85 46 23 87 0
41 71 68 174 288 129 148 122 45 39 145 179 191 23 111 32 26094 849 149 413 3 69 2 1 1 12 0 6 1094 33 0 66 349 593 630 128 283 447 129 810 543 1667 187 6661 2096 1202 737 1114 3462 608 4 0 3658 1719 726 1292 281 2383 1261 1279 1437 3828 2148 296 221 163 218 132 193 321 474 389 110 258 80 426 539 0 6 376 11 1708 2524 202 1088 1240 0 2953 472 202 1269 1311 1006 474 405 26 220 0 0 7675 1639 4632 0 1993 4083 2 0 10903 7646 0 0 0 0 0 0 270 0 3848 0 203 68 720 1363 468 442 379 1229 1233 1220 1681 1020 533 98 66 450 575 432 615 1416 340 361 143 68 0
129 136 126 181 170 226 197 91 51 171 140 80 78 226 52 197 721 171 337 420 1 125 0 23 0 2 8 1 22 8 12 40 127 217 281 57 116 241 47 178 149 357 55 335 151 169 242 108 73 1510 0 0 442 457 352 514 0 0 397 357 302 217 426 389 251 210 236 52 265 335 388 0 309 115 374 781 352 0 76 203 30 158 237 222 189 216 0 459 223 219 217 227 192 133 511 15 699 452 2340 2147 4821 2768 1893 0 8262 5053 79 4813 87 470 0 2149 716 0 0 837 1930 815 0 1528 2128 3111 1014 385 434 269 1032 1028 994 703 795 449 776 523 323 414 293 443 1022 253 1978 509 1662 0
597 555 698 593 598 550 744 1000 1235 284 362 309 2639 274 193 215 259 5548 1584 2993 76 511 1 249 1 35 36 9 296 101 197 217 662 874 1427 385 554 412 369 593 387 1509 84 942 985 931 269 172 324 107 0 0 1235 1238 623 1075 115 697 1351 906 974 1024 1511 1690 1127 1549 1042 753 1419 912 2262 984 465 22 659 337 1117 428 531 815 3 776 1163 931 1383 1587 0 2160 1608 1585 1558 1597 1457 1548 3379 140 936 313 1281 1133 911 1496 0 2 0 6891 695 13140 1087 1108 0 0 8737 0 0 5312 0 695 0 1217 434 2354 663 249 276 168 666 665 644 471 517 290 439 507 195 272 189 291 670 164 9504 605 1072 0
1 1 1 953 1 1 1 5480 411 10038 3180 11793 5412 2260 7336 42 0 2555 2248 2502 70 91 0 386 0 71 52 18 367 118 201 31 95 62 202 67 84 50 114 122 57 360 33 226 772 6 0 131 53 0 0 0 3 505 426 1087 24 54 559 2 4 325 478 209 140 70 168 333 178 82 77 88 37 0 742 590 27 91 480 36 0 6 6 94 73 84 0 41 88 88 86 88 70 25 37 0 118 0 272 4382 1501 426 4 0 933 21 3273 742 40 310 0 0 0 0 0 599 0 355 0 3427 74 8251 1116 416 456 299 1110 1108 1075 880 867 483 0 0 357 457 344 490 1129 288 0 340 672 0
246 194 246 111 195 309 175 133 149 47 17 57 83 58 35 231 4 219 243 271 50 18 0 24 0 4 9 2 18 6 9 152 455 507 674 111 278 182 148 349 156 1026 26 749 1507 1433 189 102 208 0 0 16 247 1028 258 652 76 160 803 447 985 619 934 372 248 159 163 97 370 237 532 205 154 18 459 128 304 149 106 200 0 37 60 67 67 77 0 101 78 77 76 78 70 72 225 1 253 0 200 177 155 284 0 594 223 5330 1272 107 0 242 66 535 21529 0 0 104 0 0 0 69 56 72 63 15 9 10 66 65 63 20 51 11 178 157 7 10 7 7 64 11 115 192 198 0
22599 25507 17815 6858 22284 16395 5457 7049 11832 5475 1428 1041 682 3777 712 664 264 107 390 479 1 40 1 4 0 2 1 1 9 3 3 176 534 114 1128 176 390 1588 71 724 473 1259 77 766 4971 2206 0 201 936 1477 0 0 810 1457 925 0 290 1138 750 686 504 726 897 502 323 279 310 69 326 645 631 1152 271 388 713 1345 1205 363 1356 1297 0 226 245 70 211 247 0 978 818 830 400 468 424 0 616 15 1134 0 4407 8500 6321 11866 8905 578 560 11 2177 11 0 4224 658 746 4977 342 0 2553 2127 4990 289 1607 3361 12552 1607 593 641 432 1583 1581 1535 1345 1242 688 1576 757 515 660 496 707 1632 416 12671 4833 5390 0
1052 1702 905 970 856 1501 1637 1007 214 463 458 96 153 674 64 648 42 435 10 1078 1 267 0 24 0 3 9 0 27 8 9 69 224 308 600 201 356 441 199 157 578 664 137 254 553 292 239 151 276 0 0 0 795 682 890 9 37 66 607 403 388 714 666 472 310 303 336 87 377 695 616 78 0 161 305 386 717 114 295 48 9 81 111 158 171 194 0 281 203 202 198 203 171 34 6 3 223 0 0 394 0 0 0 4 0 45 3007 219 0 0 0 0 0 0 0 0 0 0 0 0 165 462 1374 501 543 357 1377 1374 1331 1017 1071 574 256 299 420 540 406 573 1391 347 28 686 397 0
145 123 149 243 39 199 79 233 77 68 115 103 236 175 65 147 174 481 9 1933 11 109 1 975 0 7 354 3 36 12 16 139 426 452 878 197 284 506 202 447 303 1006 136 1158 299 372 516 334 775 818 2 116 2088 699 626 886 136 490 861 804 740 808 1191 832 605 539 475 191 764 1007 1164 975 675 881 192 541 764 238 813 125 43 396 594 622 617 707 0 1110 719 708 697 716 656 540 973 8 459 484 1370 2572 316 1264 27 14 0 725 315 415 0 677 0 1373 559 50 0 997 0 1819 0 2868 653 2756 1400 527 598 360 1448 1443 1389 832 1106 609 729 842 426 548 412 583 1405 352 1609 519 3437 0
0 0 0 8 1 0 0 196 0 0 5 0 6 7 0 0 2 319 490 987 2 145 0 54 1 5 24 5 101 63 6 0 5 22 39 10 6 2 6 0 0 34 20 0 39 36 193 24 0 0 0 0 416 34 44 54 0 0 0 41 35 0 45 33 0 20 22 11 40 60 78 0 31 44 1 25 31 0 0 0 0 80 112 203 227 267 0 292 279 276 271 278 378 101 80 7 135 120 0 113 0 0 107 0 0 35 22 0 0 0 0 0 0 53 0 97 0 0 0 159 0 206 84 29 27 23 75 76 75 106 63 33 126 28 28 35 27 38 88 30 53 0 0 0
642 884 680 783 512 1403 842 1863 258 396 847 1313 2009 673 823 636 1278 4770 19 3755 214 1707 3 493 2 74 76 19 375 126 170 1004 3062 1832 6094 1644 1481 10739 1717 2683 2406 7672 6 60 27 2958 3902 2502 0 0 25 520 1098 47 6353 55 0 0 34 6382 5398 2620 751 51 1540 3807 28 2087 2286 2876 78 3662 3703 5541 4077 7554 8092 1743 3140 2661 11 2957 4464 5105 4477 5135 0 8140 5199 5122 5046 5192 4776 1952 2714 189 5145 2617 1738 16733 0 6364 6130 0 1004 143 26 9809 0 1692 583 3534 2367 120 0 3637 3752 8408 0 2722 933 9960 6891 2644 3041 1817 7113 7086 6824 4271 5433 3096 7910 9117 2178 2795 2102 2994 6914 1764 4778 4572 3277 0
1623 402 48 28 42 2444 95 2042 38 95 291 280 653 92 187 41 728 359 21 0 158 189 0 154 0 31 58 19 64 36 1060 68 43 217 207 113 0 66 33 0 40 248 35 155 51 118 82 155 0 0 99 0 683 437 3062 315 0 0 325 361 199 130 287 166 115 66 140 30 77 129 43 0 0 12 55 83 59 4 0 58 3 156 215 316 240 269 1 8448 215 9842 9934 10516 166 138 430 13 1270 0 125 121 0 11 0 47 0 815 278 7 0 0 0 0 0 0 0 450 0 0 0 0 0 0 1562 576 679 412 1602 1595 1539 992 1228 696 49 36 494 633 476 678 1566 399 108 18 163 19
14 14 13 1 8 16 11 18 6 14 5 6 3 2 18 120 344 3 0 11 0 50 0 3 0 0 1 0 1 0 0 0 6 2 17 10 0 5 6 0 0 0 14 87 87 15 0 5 0 0 0 0 485 16 10 2 0 0 0 14 7 7 16 9 3 6 3 3 8 12 13 0 5 0 3 4 8 0 5 0 0 0 0 0 2 2 0 32 20 26 25 26 0 0 0 0 2 0 0 809 0 444 0 156 0 111 9 0 73 0 0 0 0 0 0 0 0 4 0 164 0 49 16 6 7 4 16 16 16 10 13 7 4 4 5 7 5 7 15 4 2169 220 32 0
0 0 3 0 0 0 0 1 78 156 151 24 3559 19 21 0 0 1 0 0 0 12 0 2 0 0 1 0 0 0 0 0 0 0 0 0 0 0 0 0 0 0 0 0 0 1 0 0 0 0 0 0 7 0 3 0 0 0 0 0 0 0 1 0 0 1 0 0 1 1 1 0 0 0 0 0 0 0 0 0 0 0 0 0 0 0 0 2 0 2 1 2 0 2 0 0 1 0 0 4 0 0 0 0 0 1 0 1 0 0 0 0 0 0 0 0 0 0 0 289 0 0 2 1 1 1 2 2 2 1 2 1 1 1 1 1 1 1 2 1 17 0 0 0
2 2 2 2 2 4 2 0 2 2 2 2 2 2 3 1 11 4 0 0 9 4 4 1 4 6 3 2 2 4 3 2 2 4 3 4 1 1 1 0 3 3 2 0 1 4 0 2 0 0 3 0 0 14 3 7 0 0 4 4 3 0 0 0 0 1 0 1 2 1 2 0 0 0 0 0 0 0 0 0 5 0 0 0 0 0 0 6 3 5 6 6 0 0 0 1 14 0 0 2 0 0 0 3 0 54 0 0 0 0 0 0 0 0 0 0 0 0 0 0 0 0 0 0 0 0 75 57 93 0 77 0 0 0 0 0 0 0 40 0 0 0 0 1
17 14 16 12 14 24 14 10 12 13 12 12 12 11 12 12 81 29 0 38 61 6 8 9 5 9 6 8 7 7 6 22 19 30 28 23 24 9 8 0 22 31 17 0 26 31 17 12 0 0 5 0 0 2 26 65 0 0 34 27 24 0 25 0 0 9 0 8 11 8 15 0 0 0 0 11 0 0 4 6 9 22 50 45 40 44 0 49 38 40 46 47 35 0 29 6 93 0 0 27 0 0 0 29 0 410 84 14 0 0 0 0 0 0 0 0 0 0 0 0 0 0 728 0 0 0 782 772 758 0 606 0 23 16 0 0 0 0 745 22 16 0 34 9
33 27 32 23 27 46 27 24 23 25 24 24 23 22 22 24 162 56 0 76 115 8 10 14 7 13 8 11 11 10 9 43 37 59 56 45 48 18 16 0 43 61 33 51 52 62 43 24 0 0 7 0 0 3 51 129 0 0 68 52 47 0 57 12 0 17 10 17 23 16 31 0 0 7 0 25 11 0 22 16 12 48 99 91 78 86 0 94 73 77 87 89 73 35 81 14 175 0 0 52 0 0 0 58 0 813 170 27 0 0 0 0 0 0 0 0 0 0 0 0 0 0 1497 253 0 139 1583 1569 1527 101 1218 73 50 36 14 48 25 0 1519 193 41 0 71 18
13 11 13 9 11 18 11 7 9 10 9 9 9 9 10 9 63 23 0 31 50 6 7 7 5 8 5 7 6 6 5 17 14 22 21 18 18 7 7 14 15 23 13 0 20 24 13 10 0 0 4 0 0 84 13 50 0 0 27 21 18 0 20 0 0 7 0 7 9 7 12 0 0 1 0 9 0 0 0 5 7 18 53 35 31 34 0 38 29 31 35 36 27 4 25 5 72 0 0 21 0 0 0 24 0 319 65 11 0 0 0 0 0 0 0 0 0 0 0 0 0 0 576 30 0 0 616 609 597 0 477 0 20 14 0 0 0 0 589 35 13 0 26 7
1 0 1 0 0 1 1 0 0 0 0 0 0 0 1 0 3 1 0 0 3 2 1 0 1 2 0 0 0 1 0 0 0 1 1 1 0 0 0 0 1 0 1 0 0 1 0 0 0 0 1 0 0 4 1 1 0 0 0 1 1 0 0 0 0 0 0 0 0 0 1 0 0 0 0 0 0 0 0 0 2 0 0 0 0 0 0 2 0 1 1 1 0 0 0 0 4 0 0 0 0 0 0 1 0 15 0 1 0 0 0 0 0 0 0 0 0 0 0 0 0 0 0 0 0 0 0 0 22 0 19 0 0 0 0 0 0 0 0 0 0 0 0 0
1 1 1 1 1 2 1 0 1 1 1 1 1 1 2 0 5 2 0 0 84 20 9 247 505 30 487 2 520 325 473 1 1 2 1 2 0 0 0 0 1 1 1 0 0 2 0 1 0 0 2 0 0 6 1 3 0 0 1 2 1 0 0 0 0 1 0 1 1 1 1 0 0 0 0 0 0 0 0 0 3 0 0 0 0 0 0 3 0 2 2 2 0 0 0 0 6 0 0 0 0 0 0 1 0 24 0 0 0 0 0 0 0 0 0 0 0 0 0 0 0 0 0 0 0 0 18 0 39 0 34 0 0 0 0 0 0 0 0 0 0 0 0 1
0 0 0 0 0 0 0 0 0 0 0 0 0 0 0 0 1 0 0 0 1 1 0 0 0 1 0 0 0 0 0 0 0 0 0 0 0 0 0 0 0 0 0 0 0 0 0 0 0 0 0 0 0 0 0 0 0 0 0 0 0 0 0 0 0 0 0 0 0 0 0 0 0 0 0 0 0 0 0 0 1 0 0 0 0 0 0 0 0 0 0 0 0 0 0 0 1 0 0 0 0 0 0 0 0 3 0 0 0 0 0 0 0 0 0 0 0 0 0 0 0 0 0 0 0 0 0 0 0 0 2 0 0 0 0 0 0 0 0 0 0 0 0 0
40 33 39 29 33 69 33 14 29 31 29 30 29 27 59 28 197 80 0 85 156 69 105 69 65 104 54 104 50 75 59 53 46 74 71 69 59 24 23 0 54 77 40 0 61 77 21 32 0 0 55 35 0 23 76 164 0 0 87 77 59 0 69 0 0 21 0 21 28 20 39 0 0 6 0 27 3 0 0 38 91 61 269 115 97 107 0 117 106 109 108 110 93 60 112 17 244 0 0 63 0 0 0 72 0 1012 211 38 0 0 0 0 0 0 0 0 0 0 0 0 0 0 1824 259 0 131 1933 1915 1870 0 1508 0 60 44 0 0 0 0 1853 207 48 0 87 22
0 0 0 0 0 0 0 0 0 0 0 0 0 0 0 0 0 0 0 0 1 0 0 0 0 1 0 0 0 0 0 0 0 0 0 0 0 0 0 0 0 0 0 0 0 0 0 0 0 0 0 0 0 0 0 0 0 0 0 0 0 0 0 0 0 0 0 0 0 0 0 0 0 0 0 0 0 0 0 0 0 0 0 0 0 0 0 0 0 0 0 0 0 0 0 0 1 0 0 0 0 0 0 0 0 2 0 0 0 0 0 0 0 0 0 0 0 0 0 0 0 0 0 0 0 0 0 0 0 0 0 0 0 0 0 0 0 0 0 0 0 0 0 0
29 24 28 21 24 42 24 20 21 23 22 21 21 19 22 22 145 52 0 69 106 11 15 16 10 17 10 15 12 13 11 39 34 54 52 42 44 16 15 0 40 56 30 32 47 57 35 22 0 0 9 0 0 4 48 119 0 0 64 49 43 0 51 6 0 15 0 15 21 14 28 0 0 6 0 22 8 0 14 15 16 42 94 82 71 77 0 86 65 68 79 81 65 25 69 13 162 0 0 47 0 0 0 54 0 747 152 1 0 0 0 0 0 0 0 0 0 0 0 0 0 0 1356 194 0 98 1437 1423 1388 3 1108 0 44 32 0 0 0 0 1377 154 36 0 65 16
5 6 5 1 2 3 7 1 1 1 1 1 3 1 1 1 6 3 0 4 8 1 0 0 0 0 0 0 0 0 0 3 4 9 7 4 1 1 0 0 0 0 1 10 3 6 1 2 0 0 4 0 1 35 8 19 0 0 3 5 8 0 8 1 1 1 1 0 1 1 1 0 0 0 0 0 0 0 1 0 0 0 0 11 12 15 0 36 20 23 23 24 0 0 0 1 11 0 0 3 0 0 0 6 0 23 1 1 0 0 0 0 1 0 0 0 0 0 0 0 0 0 13 0 0 0 16 15 16 0 13 0 0 0 0 0 0 0 14 0 0 0 12 1
6 7 6 1 2 4 7 1 1 1 1 1 1 2 1 1 10 4 0 6 11 29 0 1 0 0 0 0 0 0 0 3 4 10 8 5 2 1 0 0 1 1 2 11 4 7 1 2 0 0 4 0 0 39 2 21 0 0 4 5 9 0 8 1 1 1 1 0 1 1 1 0 0 0 0 0 0 0 1 0 0 0 0 14 15 18 0 40 22 8 26 28 0 0 0 1 16 0 0 5 0 0 0 7 0 29 12 2 0 0 0 0 2 0 0 0 0 0 0 0 0 0 15 0 0 0 18 17 18 0 14 0 1 0 0 0 0 0 16 0 0 0 14 1
23 19 23 16 19 34 19 14 17 18 17 17 17 15 18 17 113 42 0 55 89 20 16 15 10 17 10 15 11 13 11 31 27 42 40 33 34 13 11 25 30 43 23 13 37 44 26 17 0 0 9 0 0 157 38 93 0 0 49 39 34 0 41 3 0 12 0 12 16 11 22 0 0 5 0 17 7 0 6 13 15 39 103 72 60 66 0 70 55 57 65 67 60 56 82 9 135 0 0 38 0 0 0 42 0 580 122 20 0 0 0 0 0 0 0 0 0 0 0 0 0 0 1035 168 0 90 1094 1085 1057 52 844 37 36 26 0 21 8 0 1050 130 29 0 51 13
28 23 27 20 23 40 23 17 20 21 20 20 20 18 22 20 137 50 0 65 104 18 19 18 12 20 12 19 13 15 13 37 32 51 48 40 41 15 14 32 36 52 28 14 44 54 31 21 0 0 11 0 0 5 46 112 0 0 60 47 41 0 49 3 0 14 0 14 19 14 26 0 0 6 0 21 7 0 7 15 19 47 113 85 71 78 0 83 65 67 77 79 70 65 96 12 160 0 0 45 0 0 0 51 0 702 148 24 0 0 0 0 0 0 0 0 0 0 0 0 0 0 1260 189 0 98 1334 1322 1289 26 1030 18 43 31 0 0 0 0 1280 149 34 0 61 15
21 17 21 15 18 31 17 13 15 16 16 15 15 14 17 15 105 38 0 49 77 13 15 13 9 16 9 15 10 12 10 28 24 39 37 30 31 11 10 25 28 40 21 12 34 41 24 16 0 0 9 0 0 144 35 85 0 0 45 35 31 0 37 3 0 11 0 11 15 10 20 0 0 4 0 16 6 0 5 12 14 35 81 63 53 58 0 62 48 50 57 58 52 48 71 8 118 0 0 34 0 0 0 38 0 534 113 19 0 0 0 0 0 0 0 0 0 0 0 0 0 0 973 152 0 81 1030 1021 995 36 795 25 32 23 0 11 0 0 988 119 26 0 47 12
37 30 36 26 30 53 30 24 26 28 26 26 26 24 28 27 179 66 0 86 137 20 24 23 15 26 15 24 17 19 16 49 42 66 63 52 53 20 18 0 48 69 37 31 58 70 43 27 0 0 14 0 0 6 59 146 0 0 77 61 53 8 66 8 0 19 0 19 25 18 34 0 0 10 0 27 13 0 13 21 24 62 150 112 93 102 0 109 100 89 102 104 93 89 129 16 209 0 0 60 0 0 0 66 0 913 192 31 0 0 0 0 0 0 0 0 0 0 0 0 0 0 1646 317 80 183 1736 1722 1674 208 1338 152 57 42 71 120 79 0 1668 235 48 0 81 20
1 1 1 1 1 2 1 0 1 1 1 1 1 1 2 0 6 3 0 0 6 4 4 0 3 5 2 1 2 4 3 1 1 2 2 3 0 1 0 0 0 1 1 0 0 2 0 1 0 0 3 0 0 9 2 4 0 0 2 2 2 0 0 0 0 1 0 1 1 1 1 0 0 0 0 0 0 0 0 0 4 0 8 0 1 2 0 4 2 3 3 4 0 0 0 0 9 0 0 1 0 0 0 2 0 32 0 1 0 0 0 0 0 0 0 0 0 0 0 0 0 0 0 0 0 0 34 16 54 0 45 0 0 0 0 0 0 0 0 0 0 0 0 1
10 8 9 7 8 14 8 4 7 7 7 7 7 6 8 7 47 17 0 22 36 6 6 6 4 7 4 6 5 5 4 13 11 18 17 14 14 5 4 8 12 18 10 0 15 19 8 7 0 0 4 0 0 66 9 39 0 0 21 16 14 0 14 0 0 5 0 5 7 5 9 0 0 0 0 6 0 0 0 3 6 16 37 29 24 27 0 29 22 23 27 27 24 19 30 4 55 0 0 16 0 0 0 18 0 243 50 8 0 0 0 0 0 0 0 0 0 0 0 0 0 0 427 0 0 0 461 455 447 0 358 0 13 9 0 0 0 0 438 0 8 0 19 5
13 10 12 0 140 36 38 7 8 14 24 6 28 22 4 0 0 26 35 0 1 13 0 3 0 0 1 0 2 1 1 0 8 0 17 4 0 21 7 0 0 9 1 0 0 11 0 12 0 0 0 0 163 10 4 9 0 0 28 17 19 0 42 19 4 4 14 2 23 7 34 0 0 0 0 18 22 0 5 0 0 0 0 0 4 7 0 22 13 17 17 18 0 0 0 0 16 0 0 23 0 0 0 95 0 414 11 1 0 0 0 0 76 0 0 0 0 0 0 0 0 0 27 0 0 0 30 29 29 0 24 0 13 13 0 0 0 0 28 0 0 0 126 0
19 22 18 12 19 34 24 8 4 0 28 22 26 18 19 16 16 74 0 93 3 33 0 6 0 1 1 0 7 2 3 0 44 33 120 30 9 143 33 0 0 103 4 0 2 45 101 44 0 0 0 0 20 27 91 23 0 0 45 103 79 52 62 14 0 72 2 27 62 40 50 0 0 65 58 108 115 0 48 26 0 29 36 84 60 69 0 123 76 77 76 78 66 0 0 2 107 0 93 408 0 0 0 614 0 35 60 142 0 0 0 0 0 0 0 0 0 139 0 0 0 271 177 51 44 34 182 181 175 79 140 49 104 111 33 44 33 40 179 37 617 0 585 0
1 1 6 0 1 1 0 16 0 0 1 0 522 1 0 0 1 1 0 0 0 3 0 0 0 0 0 0 0 0 0 0 0 0 0 0 0 1 0 0 0 0 0 0 0 6 0 1 0 0 0 0 7 0 7 0 0 0 113 3 10 0 3 9 0 7 4 2 167 11 21 0 0 0 0 16 5 0 16 0 0 0 0 0 0 0 0 0 0 0 0 0 7 0 0 0 1 0 0 7 0 0 0 1 0 19 6 0 0 0 0 0 0 0 0 0 0 25 0 0 0 407 6 0 0 0 10 9 11 0 9 0 0 0 0 0 0 0 9 0 0 0 0 0
0 0 0 0 0 0 0 0 0 0 0 0 0 0 0 0 0 0 0 0 0 3 0 0 0 0 0 0 0 0 0 0 0 0 0 0 0 0 0 0 0 0 0 0 0 0 0 0 0 0 0 0 0 0 0 0 0 0 0 0 0 0 0 0 0 0 0 0 0 0 0 0 0 0 0 0 0 0 0 0 0 0 0 0 0 0 0 0 0 0 0 0 0 0 0 0 0 0 0 0 0 0 0 0 0 0 0 0 0 0 0 0 0 0 0 0 0 0 0 0 0 0 0 0 0 0 0 0 0 0 0 0 0 0 0 0 0 0 0 0 0 0 0 0
