132
0 0 0 0 0 0 1 605 126 11 281 234 147 2 0 0 5 0 0 0 36 0 0 0 0 0 0 0 0 0 0 0 379 0 0 0 0 0 0 0 0 0 0 0 0 0 0 0 0 0 0 0 0 0 0 0 0 0 0 0 0 0 0 0 0 0 0 0 0 0 0 0 0 0 0 0 3 0 0 0 0 0 0 0 0 0 0 0 0 95 0 0 0 0 0 0 0 0 0 0 0 0 0 0 0 0 1 0 23 0 0 0 0 41 0 0 0 4 0 0 0 0 1 1 1 0 4 4 0 0 10 0
0 0 0 0 0 0 0 224 1012 902 117 99 212 376 0 0 5 0 0 0 38 0 2 1 0 0 0 0 0 0 0 0 24 0 0 0 0 0 0 0 0 0 0 0 0 0 0 0 0 0 0 0 17 172 0 0 0 0 0 0 0 0 0 0 0 0 0 0 0 0 0 0 0 0 0 0 1 0 0 0 0 0 0 0 0 0 3 0 0 0 0 0 0 0 0 0 0 0 0 0 0 0 0 0 0 0 0 0 8 0 0 0 0 0 0 0 0 3 0 0 0 0 1 1 1 0 4 4 0 0 0 0
0 0 0 0 0 0 0 15 7 13 19 14 12 6 0 0 341 0 0 39 478 21 33 27 11 0 0 0 0 2 0 0 2122 2198 0 0 0 0 0 0 0 0 0 0 0 0 0 0 0 0 0 0 0 0 0 0 0 25 2 23 0 0 6 0 0 0 0 0 0 0 0 0 0 0 0 0 0 0 0 0 0 0 0 0 0 0 0 0 0 0 0 0 0 0 0 0 0 0 0 0 0 0 0 0 0 0 0 0 14 0 0 0 0 6 4 0 2 5 0 0 6 2 3 3 3 0 8 8 0 0 12 0
0 0 0 0 0 0 0 0 0 0 0 0 0 0 0 0 30 0 0 3 57 0 0 0 0 0 0 0 0 0 0 0 0 0 0 0 0 0 0 0 0 0 0 0 0 0 0 0 0 0 0 0 0 1 0 0 0 0 0 0 0 0 0 0 0 0 0 0 0 0 0 0 0 0 0 0 0 0 0 0 0 0 0 0 0 0 0 0 0 0 0 0 0 0 0 0 0 0 0 0 0 0 0 0 0 0 0 0 4 0 0 0 0 0 0 0 0 0 0 0 0 0 0 0 0 0 0 0 0 0 0 0
0 0 0 0 0 0 0 0 0 0 0 0 0 0 0 0 121 0 0 4 243 0 0 0 0 0 0 0 0 0 0 21920 0 0 0 0 0 0 0 0 0 0 0 0 0 0 0 0 0 0 0 0 0 1591 0 0 0 0 0 0 0 0 0 0 0 0 0 0 0 0 0 0 0 0 0 0 0 0 0 0 0 0 0 0 0 0 0 0 0 0 0 0 0 0 0 0 0 0 0 0 0 0 0 0 0 0 0 0 0 0 0 0 0 1 0 0 1 6 0 0 1 0 4 4 4 1 8 8 0 0 3 0
0 0 0 0 0 0 0 0 0 0 0 0 0 0 0 0 0 0 0 0 14 0 0 0 0 0 0 0 0 0 0 0 0 0 0 0 0 0 0 0 0 0 0 0 0 0 0 0 0 0 0 0 0 0 0 0 0 0 0 0 0 0 0 0 0 0 0 0 0 0 0 0 0 0 0 0 0 0 0 0 0 0 0 0 0 0 9 0 0 0 0 0 0 0 0 0 0 0 0 0 0 0 0 0 0 0 0 0 0 0 0 0 0 0 0 0 0 0 0 0 0 0 0 0 0 0 0 0 0 0 0 0
0 0 0 106 0 0 0 3145 208 111 170 57 1250 657 301 0 159 0 0 49 152 0 11 6 0 0 0 14 0 0 0 0 170 28 0 0 0 0 0 0 0 0 0 0 0 0 0 0 0 0 0 0 0 0 0 0 0 23 0 14 0 0 4 0 0 0 0 0 0 0 1 0 0 0 0 0 861 0 1 0 0 0 1 0 0 0 31 0 0 0 0 0 0 0 0 0 0 0 0 0 0 0 0 0 0 0 0 0 8 0 0 0 0 0 0 0 0 1 0 0 0 0 0 0 0 0 3 3 0 0 0 0
0 0 0 0 0 0 0 0 0 0 0 0 0 50 0 0 28 0 0 0 189 7 18 20 14416 0 0 103 0 0 0 0 0 0 0 0 0 0 313 0 0 0 0 0 0 0 0 0 0 0 0 0 1 0 0 20 0 0 0 0 0 0 0 7 0 0 0 0 0 0 0 0 0 0 0 0 0 0 0 0 0 0 0 0 0 0 0 0 0 0 0 0 0 0 0 0 0 0 0 0 0 0 0 0 4251 0 0 0 0 0 0 0 0 0 0 0 0 0 0 0 0 0 0 0 0 0 0 3 0 0 0 0
0 0 0 5 7 5 0 10 0 4 0 0 0 35 0 0 330 0 0 0 13202 71 90 93 0 41444 0 61 0 0 0 0 0 0 0 0 0 0 0 0 0 0 0 0 0 0 0 0 0 0 0 581 0 0 0 0 0 4 1 0 0 0 0 0 0 0 0 29 0 18 9 0 0 15 0 3 30 5 19 0 0 0 1 0 0 0 2 0 0 0 0 0 0 0 0 0 437 0 0 0 0 0 0 0 0 0 0 3 0 0 0 0 0 0 0 0 0 4 0 0 0 0 0 0 0 0 5 7 0 0 5 0
0 0 0 0 0 0 0 0 0 0 0 0 0 7 0 0 24 0 0 0 160 0 0 0 0 0 7776 6 0 0 0 0 0 0 0 0 0 0 0 0 0 0 0 0 0 0 0 0 0 0 0 0 0 0 0 0 0 0 0 0 0 0 0 0 0 0 0 0 0 0 0 0 0 0 0 0 0 0 0 0 0 0 0 0 0 0 0 0 0 259 0 0 0 0 0 0 0 0 0 0 0 0 0 0 0 0 5 0 17 0 0 0 0 0 0 0 0 0 0 0 0 0 0 0 0 0 0 0 0 0 0 0
0 0 0 0 0 0 0 2 0 0 0 2 0 7 0 0 3 0 0 0 43 0 0 0 0 77 0 16 0 0 0 0 0 0 0 0 0 0 0 0 0 0 0 0 0 0 0 0 0 0 0 0 0 0 0 0 0 0 0 0 0 0 0 0 0 0 0 0 0 0 0 0 0 0 0 0 0 0 0 0 0 0 0 0 0 0 0 0 0 0 0 0 0 0 0 0 0 0 0 0 0 0 0 0 0 0 0 0 0 0 0 0 0 0 0 0 0 0 0 0 0 0 0 0 0 0 0 0 0 0 0 0
0 0 0 0 0 0 0 1 0 0 0 0 0 3 0 0 2 0 0 0 33 0 0 0 0 29 0 5 0 0 0 0 0 0 0 0 0 0 0 0 0 0 0 0 0 0 0 0 0 0 0 0 0 0 0 0 0 0 0 0 0 0 0 0 0 0 0 0 0 0 0 0 0 0 0 0 0 0 0 0 0 0 0 0 0 0 0 0 0 0 0 0 0 0 0 0 0 0 0 0 0 0 0 0 0 0 0 0 0 0 0 0 0 0 0 0 0 0 0 0 0 0 0 0 0 0 0 0 0 0 0 0
0 0 0 0 0 0 0 219 154 0 23 313 0 75 0 0 280 0 0 0 887 0 5 12 0 0 0 251 0 0 0 0 0 0 0 0 0 0 25 0 0 0 0 2 0 7 0 0 0 0 0 0 0 0 0 0 0 0 0 0 0 0 0 0 0 0 0 0 0 0 16 0 0 14 0 12 10 0 22 0 0 0 2 0 0 0 0 0 0 0 0 0 0 0 0 0 0 8 0 0 0 0 0 48 283 0 7 0 6 0 0 0 0 3 0 0 0 9 0 0 0 0 0 4 6 0 12 14 0 0 0 0
0 0 0 0 0 0 0 0 0 0 0 0 0 0 0 0 34 0 0 29 256 0 0 0 0 0 0 0 0 0 0 0 0 0 0 0 0 0 0 0 0 0 0 0 0 0 0 0 0 0 0 0 0 0 0 0 0 0 0 0 0 0 0 0 0 0 0 0 0 0 0 0 0 0 0 0 0 0 0 0 0 0 0 0 0 0 0 0 0 0 0 0 0 0 0 0 0 0 0 0 0 0 0 0 0 0 0 0 0 0 0 0 0 0 0 0 0 0 0 0 0 0 0 0 0 0 0 0 0 0 0 0
126 2 37 9 10 3 0 29 21 13 5 8 41 6 0 0 0 0 0 0 0 0 8 17 0 0 0 132 0 0 0 0 0 0 5 0 0 0 0 1811 631 64 1 42 0 0 0 0 0 0 0 0 29 3 0 134 0 0 0 0 0 0 0 0 0 0 0 0 0 345 0 0 0 0 0 0 771 0 0 0 0 0 116 0 0 0 5 0 0 0 0 0 0 0 0 0 0 0 0 0 0 7 0 0 0 0 0 0 0 0 0 0 0 0 0 0 0 0 0 0 0 0 0 0 0 0 0 0 0 0 8 0
0 0 0 0 0 0 0 0 0 0 0 0 0 0 0 0 0 0 0 0 0 0 0 0 0 0 0 0 0 0 0 0 0 0 212 0 0 0 0 0 0 0 0 0 0 1 0 0 0 0 0 0 0 0 0 0 0 0 0 0 0 0 0 0 0 0 0 0 0 0 2 3 1 2 2 1 2 2 3 2 2 1 0 0 0 0 0 0 0 246 0 0 0 0 0 0 0 0 0 0 0 0 0 0 0 0 0 0 1 0 0 0 0 0 0 0 0 0 0 0 0 0 0 0 0 0 0 0 0 0 0 0
0 0 0 0 0 0 0 0 0 0 0 0 0 0 0 0 0 0 0 0 0 5 5 4 0 0 0 0 0 0 0 0 0 0 0 0 0 0 0 0 0 0 0 0 0 0 0 0 0 0 0 30 26 31 76 30 0 0 0 0 0 0 0 0 0 0 0 0 0 0 0 0 0 0 0 0 0 0 0 0 0 0 0 1 16 0 1 0 0 0 0 0 0 0 0 0 0 0 0 0 0 2 0 0 0 0 0 0 0 0 0 0 0 0 0 0 0 0 0 0 0 0 0 0 0 0 0 0 0 0 0 0
0 0 0 0 0 0 0 0 0 0 0 0 0 0 0 0 0 0 0 0 0 0 0 0 0 0 0 0 0 0 0 0 0 0 0 0 0 0 0 0 0 0 0 0 0 0 0 0 0 0 0 0 0 0 0 0 0 0 0 0 0 0 0 0 0 0 0 0 0 0 0 0 0 0 1 0 0 1 0 0 0 0 0 0 0 0 0 0 0 0 0 0 0 0 0 0 0 0 0 0 0 0 0 0 0 0 0 0 0 0 0 0 0 0 0 0 0 0 0 0 0 0 0 0 0 0 0 0 0 0 0 0
28 9 2 5 46 2 64 29 36 11 6 4 44 10 38 39 0 0 0 0 0 17 30 48 0 14 3 1 3 0 1 2 24 33 56 57 1 56 0 1 37 6 28 28 27 64 15 5 5 0 41 24 25 30 31 27 50 30 40 15 3 20 76 20 32 46 0 15 10 5 18 27 2 9 12 14 17 12 17 11 15 21 1 5 15 29 12 129 0 34 0 5 0 0 0 2 7 13 0 1 4 4 3 2 6 5 0 1 13 11 9 4 34 10 18 14 4 4 4 6 3 3 32 26 32 23 31 29 3 7 13 0
0 0 0 0 0 0 0 0 0 0 0 0 0 0 0 0 0 0 0 0 0 0 0 0 0 0 0 0 0 0 0 0 0 0 0 0 0 0 0 0 0 0 0 0 375 0 0 0 0 0 0 0 0 0 0 0 0 0 0 0 0 0 0 0 0 0 0 0 0 0 0 0 0 0 0 0 0 0 0 0 0 0 0 0 0 0 0 0 0 0 0 0 0 0 0 0 0 0 0 0 0 0 0 0 0 0 0 0 0 0 0 0 0 0 0 0 0 0 0 0 0 0 0 0 0 0 0 0 0 0 0 0
0 0 0 0 0 0 0 0 0 0 0 0 0 0 0 0 0 0 0 0 0 0 0 0 0 0 0 0 0 0 0 0 0 0 0 0 0 0 0 0 0 0 0 0 0 0 0 0 0 0 0 0 0 0 0 0 0 0 0 0 0 0 266 0 0 0 0 0 0 0 0 0 0 0 0 0 0 1 0 0 0 0 0 0 0 0 0 0 0 0 0 0 0 0 0 0 0 0 0 0 0 0 0 0 0 0 0 0 0 0 0 0 0 0 0 0 0 0 0 0 0 0 0 0 0 0 0 0 0 0 0 0
12 4 0 3 12 2 9 0 0 5 5 1 7 5 0 8 0 0 0 1 1 0 0 0 0 0 0 0 0 9 0 1 0 8 13 8 0 0 0 0 0 0 0 15 0 13 0 9 9 0 0 0 216 713 191 999 2 16 2 651 0 0 0 49 0 0 0 3 0 0 26 0 0 46 0 11 72 0 70 0 0 0 0 29 0 0 11 0 0 0 0 0 0 0 0 0 0 0 0 0 0 0 0 0 0 0 0 0 0 0 0 0 0 0 0 0 0 16 0 0 0 0 3 1 0 0 20 20 0 0 0 0
4 0 0 1 5 1 0 0 0 1 1 1 0 2 0 9 0 0 0 0 2 1723 0 1872 0 0 0 0 0 0 0 1 0 0 0 5 0 0 0 0 0 0 0 1 0 11 0 1 1 0 0 0 268 302 0 0 0 1 0 0 0 0 0 0 0 0 0 0 0 0 3 0 0 0 0 0 0 0 6 0 0 6 0 0 2617 0 0 0 0 0 0 0 0 0 0 0 0 0 0 0 0 0 0 0 0 0 0 0 0 0 0 0 0 0 0 0 0 0 0 0 0 0 0 0 0 0 2 1 0 0 0 0
6 0 0 2 7 0 0 0 0 1 0 1 0 1 0 1 0 0 0 1 0 437 0 0 0 0 0 0 0 0 0 0 0 0 0 0 0 0 0 0 0 0 0 4 0 8 0 1 0 0 0 60 143 212 230 1144 0 1 0 0 0 0 0 308 0 0 0 0 0 431 3 0 0 0 0 2 0 0 5 0 0 0 1 0 0 0 19 0 0 0 0 0 0 0 0 0 0 0 0 0 0 0 0 0 0 0 0 0 0 0 0 0 0 0 0 0 0 0 0 0 0 0 0 0 0 0 2 1 0 0 0 0
19 7 0 4 27 1 636 0 817 431 566 182 2213 2460 1387 13 486 0 10 171 370 2 9 16 0 0 46 138 0 0 0 0 0 0 217 427 0 16 12 0 111 0 0 14 0 25 0 8 8 0 0 0 6 2 0 0 0 11 10 0 0 0 19 1 0 0 0 3 0 0 7 0 0 6 0 6 3116 0 9 0 0 0 5 2 0 50 201 0 0 474 0 0 1 0 0 2 0 0 0 0 0 0 0 0 0 0 0 1 56 0 0 0 0 1 0 0 26 30 0 0 0 0 10 12 9 1 18 17 0 0 27 0
59 20 4 12 97 5 145 181 0 81 0 0 145 70 80 82 1 0 0 0 2 31 62 101 26 0 20 63 0 0 0 0 0 0 532 118 0 108 2 0 49 0 0 57 2060 134 0 11 10 0 0 1507 47 52 29 34 79 61 78 5 0 5 152 37 0 0 0 19 5 0 38 0 0 24 3 30 36 12 36 0 0 17 2 0 0 25 35 0 0 491 0 0 0 0 0 20 0 3 0 0 0 0 0 0 0 0 0 3 59 0 0 0 0 20 31 0 48 14 687 0 85 10 141 63 67 79 77 73 0 0 41 0
17 6 4 4 24 2 39 346 159 0 10 4 156 133 40 20 13 0 0 3 37 19 27 36 0 0 0 138 0 4 0 0 0 0 550 44 0 26 111 0 38 0 850 24 16 48 0 21 20 35 0 0 23 16 0 6 2 16 17 0 0 0 29 7 10 0 0 0 10 59 16 6 0 11 6 13 71 0 17 0 0 4 1 2 0 0 132 0 52 273 0 0 0 0 0 26 0 30 0 0 113 0 0 0 0 0 56 26 35 0 0 0 0 7 4 0 0 6 0 0 10 9 16 18 18 1 26 25 94 137 77 0
0 0 0 0 0 0 0 0 0 0 0 0 0 244 0 0 86 0 0 0 564 0 0 0 0 0 0 0 0 0 0 0 0 0 0 0 0 0 0 0 0 0 0 0 0 0 0 0 1 0 0 0 0 0 0 0 0 0 0 0 0 0 0 0 0 0 0 0 0 0 0 0 0 0 0 0 0 0 0 0 0 0 0 0 0 0 0 0 0 0 0 0 0 0 0 0 0 0 0 0 0 0 0 0 0 0 0 0 1 0 0 0 0 0 0 0 0 0 0 0 0 0 0 0 0 0 0 0 0 0 0 0
2 1 0 0 3 0 4 773 417 191 93 69 426 73 3 3 0 0 0 0 1 1 2 3 23 2 47 90 0 5 0 0 70 4 5 3 0 2 4 0 1 0 0 0 30 3 0 1 1 0 0 0 3 0 0 0 0 1 0 0 0 0 0 0 0 0 0 1 0 0 5 0 0 1 0 4 5 0 7 0 0 0 9 0 0 0 3 0 0 183 0 0 0 0 0 0 0 0 0 0 0 0 0 0 0 0 0 1 11 0 0 0 0 0 0 0 0 0 0 0 5 0 2 2 0 0 8 8 0 0 3 0
6 2 0 1 10 1 15 717 3932 1512 1120 844 1792 149 16 11 7 0 0 2 19 0 7 14 30 10 0 175 0 0 0 0 0 0 838 16 0 8 6 0 0 0 0 7 3 14 0 4 3 0 0 0 0 0 0 0 0 5 2 0 0 0 5 0 0 0 0 0 1 0 5 0 0 4 0 4 27 0 6 0 0 3 19 0 0 0 21 0 0 3141 0 0 0 0 0 5 0 0 0 0 0 0 0 0 0 0 0 3 154 0 0 0 0 6 1 0 107 114 0 0 20 16 23 31 11 19 30 29 0 8 68 0
0 0 0 0 0 0 0 21 21 10 1 0 9 9 0 0 0 0 0 0 0 2 2 2 4 0 5 11 0 1 0 0 33 1 71 0 0 0 0 0 1 0 0 0 13 0 0 0 0 0 0 0 0 0 0 0 0 2 0 0 0 0 0 0 0 0 0 0 0 0 0 0 0 0 0 0 0 0 0 0 0 0 4 0 0 0 2 0 0 33 0 0 0 0 0 0 1 0 0 0 0 0 0 0 0 0 0 0 0 0 0 0 0 0 0 0 0 2 0 0 0 0 0 0 0 0 2 2 0 0 0 0
1 0 0 0 0 0 3 1691 801 357 221 166 963 80 2 1 0 0 0 0 1 0 0 1 21 3 48 100 0 268 0 0 223 237 352 2 0 1 4 0 0 0 0 0 0 2 0 0 0 0 0 0 0 0 0 0 0 0 0 0 0 0 0 0 0 0 0 0 0 0 1 0 0 1 0 1 2 0 2 0 0 0 0 0 0 0 1 0 0 363 0 0 0 0 0 0 0 0 0 0 0 0 0 0 0 0 1 1 26 0 0 0 0 0 0 0 0 0 0 0 40 18 69 53 67 35 72 66 0 12 11 0
0 0 0 5 38 0 0 16997 17075 8160 974 490 7547 6319 47 31 24 0 0 3 124 16 30 50 1041 369 4093 8007 0 479 0 0 0 0 979 48 0 27 391 0 97 0 0 51 519 54 78 33 32 329 0 309 24 31 0 20 9 20 21 0 0 0 35 11 0 0 0 13 9 0 80 49 0 76 58 61 111 4 125 23 106 39 34 0 0 0 60 0 0 4045 0 0 7 0 0 27 0 0 0 0 18 0 0 0 0 0 143 17 326 12 0 0 159 47 34 89 61 67 166 42 205 179 190 197 107 127 179 173 0 0 170 0
6 2 0 1 10 0 0 4409 4603 2009 282 143 2707 1315 8 8 3 0 0 1 10 0 4 10 286 61 877 1645 0 90 0 0 950 0 166 7 0 3 133 0 2 0 0 9 0 13 0 8 8 0 0 0 3 3 0 0 0 4 3 0 0 0 7 0 0 0 0 0 0 0 29 0 0 30 0 22 29 0 48 0 0 0 18 0 0 0 12 0 0 1071 0 0 0 0 0 0 0 0 0 0 0 0 0 0 0 0 38 0 103 0 0 0 112 8 5 58 8 13 2 24 92 78 81 100 26 53 80 77 0 0 46 0
11 4 2 2 17 1 17 646 1057 268 76 40 815 12 0 0 1 0 0 0 4 0 13 14 0 0 0 6 0 0 0 0 0 0 0 11 0 4 0 0 0 0 0 24 60 24 0 7 7 0 0 0 4 0 0 0 0 7 5 0 0 0 11 2 0 0 0 0 0 0 45 0 0 43 0 34 36 0 71 0 0 0 54 0 0 0 21 0 0 0 0 0 0 0 0 0 0 0 0 0 0 0 0 0 0 0 0 0 79 22 12 0 0 38 14 8 4 12 0 11 94 87 65 64 51 45 68 66 0 0 6 0
20 8 95 15 22 40 107 57 11 9 4 6 23 3 27 6 0 0 0 0 1 0 0 5 0 0 0 0 0 0 0 0 0 0 0 0 0 1 0 0 0 0 0 17 0 11 0 1 0 0 0 0 0 0 0 0 0 5 23 0 0 0 10 0 0 0 0 61 0 0 15 0 0 13 0 11 12 0 19 0 0 0 62 0 0 0 8 0 0 0 0 0 6 50 125 0 0 0 0 0 0 0 0 0 0 0 0 2 9 0 0 0 36 12 5 25 0 3 0 0 78 60 62 71 19 32 63 59 0 0 61 0
226 108 612 67 191 11 516 1517 1485 762 178 108 4217 849 13 1003 0 1 0 937 25 3028 68 3180 1969 316 24 17 50 17 12 38 289 755 601 259 0 134 41 14 423 0 150 599 378 47 0 628 727 72 1 330 323 350 974 894 1601 967 338 2354 51 379 690 109 0 0 1 393 263 976 2311 3324 1542 1991 2221 1826 2190 2227 3004 6320 0 6 1833 464 4 158 164 0 416 154 81 0 145 0 0 0 0 0 0 0 44 0 0 9 264 0 67 94 279 489 507 315 340 530 526 508 248 182 235 1006 605 570 117 108 110 104 113 113 15 249 733 0
13 9 12 4 11 1 24 9 8 6 10 2 10 11 5 13 1 0 0 0 17 31 49 34 0 0 0 0 0 0 0 0 0 0 0 0 0 0 0 0 0 0 0 2 0 10 0 13 12 0 0 0 21 0 0 1 0 8 1 0 0 0 3 1 0 0 0 25 13 0 7 13 8 16 18 4 14 4 20 13 17 11 0 4 11 0 2 0 0 24 0 0 0 0 0 0 0 0 0 0 0 0 0 0 0 0 0 0 10 0 0 0 0 6 2 0 4 12 0 0 2 0 8 7 8 1 15 15 0 0 12 0
3 1 4 2 3 0 3 0 10 1 1 0 0 0 1 1 0 0 0 0 5 22 41 28 0 0 0 0 0 0 0 0 0 0 0 11 0 5 0 0 0 0 0 0 0 2 0 1 1 1 0 0 0 0 0 0 0 0 0 0 0 0 0 0 0 0 0 0 0 0 1 0 0 1 0 0 1 0 1 0 0 0 0 3 0 0 0 0 0 0 0 0 0 0 0 0 0 0 0 0 0 0 0 0 0 0 0 0 0 0 0 0 0 0 0 0 0 0 0 0 0 0 0 0 0 0 0 0 0 0 0 0
3519 56 147 61 122 22 326 169 131 75 48 46 211 55 0 88 3 0 0 33 15 285 471 669 94 99 17 3647 55 125 69 37 202 194 492 488 0 89 54 0 5355 503 0 1229 41 114 30 40 39 116 0 412 841 362 148 4081 1404 885 1379 455 116 900 731 709 348 361 210 78 692 10481 86 0 0 60 0 42 1226 11 72 0 0 41 3259 1767 869 76 70 0 44 5 202 0 25 0 1 47 0 2 34 0 21 125 23 0 139 0 57 40 45 1828 1850 1138 1257 1904 1887 1828 1955 1953 1927 1761 1846 1832 1819 1839 1842 1858 1857 1862 38 0 394 19
373 46 567 92 114 239 1269 336 44 48 25 33 125 15 0 19 0 1 0 1 8 13 26 68 0 0 0 278 0 1 0 0 0 0 49 65 0 20 11 0 0 2126 1283 89 0 43 0 7 6 0 0 0 206 147 7 332 0 6 161 0 0 0 33 34 0 0 0 408 23 839 84 0 0 72 0 65 71 0 115 0 0 0 618 0 0 0 99 0 0 0 0 0 116 132 728 0 0 0 0 0 0 0 0 0 0 0 0 0 47 0 0 0 0 0 0 0 0 6 0 0 0 0 0 0 0 0 19 16 0 0 409 0
134 21 78 20 58 11 75 47 32 35 24 23 42 31 0 37 2 1 0 19 10 67 83 79 4284 386 113 134 104 740 63 74 342 519 787 48 158 37 282 0 0 0 0 50 0 44 0 38 37 51 0 0 61 63 7 143 964 640 1031 396 129 846 704 524 228 72 148 63 401 498 94 123 455 144 132 42 220 148 167 87 129 26 96 1050 0 70 66 0 0 173 15 0 24 12 23 16 280 0 4 15 0 0 0 0 51 0 92 33 70 1202 1215 714 850 1253 1238 1218 1285 1290 1270 1173 1207 1198 1188 1203 1202 1218 1212 1216 72 2 66 13
24 10 7 8 16 6 27 26 11 10 7 2 17 6 0 0 0 1 0 0 1 69 85 91 39 3 0 4 7 452 2 9 46 130 239 37 0 16 634 91 0 36 0 63 0 122 0 103 99 133 0 24 108 80 89 81 159 106 43 7 0 1 40 95 120 82 148 81 53 231 51 0 0 72 0 38 65 49 73 0 0 29 2 0 0 714 708 0 0 18 0 0 0 0 4 0 0 0 0 0 618 0 0 0 0 0 233 168 32 0 0 0 0 9 6 0 8 13 0 0 5 0 10 10 11 5 15 15 551 0 333 0
1 1 1 1 2 0 1 1 1 1 1 1 0 1 0 2 0 0 0 1 0 0 0 0 0 0 0 1 1 0 3 1 0 0 0 0 0 0 2 0 0 0 0 0 0 2 0 0 0 0 0 0 0 0 0 0 1394 30 43 0 36 2 20 36 0 0 0 0 0 0 3 0 0 1 0 1 2 0 2 0 0 0 2 0 0 0 1 0 0 0 0 0 0 0 0 0 0 0 0 0 0 0 0 0 0 0 0 0 0 51 50 12 0 62 63 39 67 72 60 42 56 48 61 63 63 59 67 67 0 0 0 0
2658 1641 1139 1252 3316 221 11783 2788 3700 744 292 191 2973 573 10574 5584 3 7 0 0 131 593 3662 475 12 0 0 2 0 0 0 17 0 94 0 33 0 72 48 0 273 54 39 201 0 5710 853 841 751 0 1172 385 1049 350 490 467 35 772 63 17 0 0 107 146 0 49 25 77 34 4345 466 33 0 80 60 14531 97 32 103 0 0 236 1175 0 0 460 329 0 0 163 0 1014 16 0 10046 10266 0 35 0 0 219 3 1276 0 0 0 446 58 347 385 291 7 158 295 297 256 240 305 218 777 930 802 757 632 553 592 486 492 23 107 406 0
0 0 0 0 0 0 0 0 0 0 0 0 0 0 0 0 0 0 0 0 0 0 0 0 0 0 0 0 0 0 0 0 0 0 0 0 0 0 0 0 0 0 0 0 0 0 0 0 0 0 0 0 0 0 0 0 0 0 0 0 0 0 0 0 0 0 0 0 0 0 0 0 0 0 0 0 0 0 0 0 0 0 0 0 0 0 0 0 0 0 0 0 0 0 0 0 0 0 0 0 0 0 0 0 0 0 0 0 0 0 0 0 0 0 0 0 0 0 0 0 0 0 0 0 0 0 0 0 0 0 0 0
283 116 87 86 301 20 856 335 405 106 44 30 369 85 686 437 1 4 0 22 19 138 367 235 80 89 136 12 23 176 7 355 0 217 302 155 379 132 1010 0 3024 2086 930 390 0 915 0 1587 1549 5248 21654 762 512 486 3965 1095 354 258 239 8 8 6 248 257 430 123 1668 335 174 1042 177 97 0 96 112 1308 137 92 131 3332 4 120 91 0 0 146 165 0 0 116 0 0 12 0 469 902 0 6 0 0 0 0 0 0 2457 0 276 0 1774 54 40 0 0 73 85 29 57 72 45 46 102 385 154 134 141 117 145 142 137 70 115 0
437 183 89 81 562 11 460 57 20 11 2 1 53 26 29 0 0 0 0 2 1 0 0 0 0 0 0 0 0 0 0 0 0 0 0 0 0 0 0 0 0 0 0 3 0 4 0 0 0 0 0 0 0 0 0 0 0 0 0 0 0 0 0 0 0 0 0 0 0 0 5 0 0 2 2 4 1 0 3 0 0 0 15 0 0 0 0 0 0 0 0 0 0 0 0 0 0 0 0 0 0 0 0 0 0 0 0 0 0 0 0 0 0 0 0 0 0 0 0 0 0 0 0 0 0 0 0 0 0 0 0 0
1956 817 401 363 2516 47 2067 254 89 48 8 4 245 118 7 0 0 1 0 6 7 0 0 0 0 0 0 0 0 0 0 0 0 0 0 0 0 0 0 0 0 0 0 8 0 8 0 0 0 0 0 0 0 0 0 0 0 0 0 0 0 0 0 0 0 0 0 0 0 0 8 0 0 4 4 8 4 0 6 0 0 0 47 0 0 0 0 0 0 0 0 0 0 0 0 0 0 0 0 0 0 0 0 0 0 0 0 0 0 0 0 0 0 0 0 0 0 0 0 0 0 0 0 0 0 0 0 0 0 0 0 0
1881 786 394 352 2418 52 2031 281 109 59 13 9 272 120 205 34 440 8 108 2943 44404 30 76 57 10 27 0 4 6 80 19 162 0 12 102 25 0 9 0 0 3 0 0 2919 3777 2044 0 100 76 0 0 24 225 104 275 95 152 1215 628 1560 115 406 492 272 0 0 0 11 7355 56 568 1855 0 606 277 1486 623 246 719 417 263 511 63429 54 89 0 34 0 0 0 0 0 0 0 6 409 0 0 0 0 0 0 0 0 1397 0 18 80 271 40 30 0 0 54 51 7 23 37 13 13 88 96 81 67 65 56 68 68 0 0 356 0
82 52 269 64 87 136 473 111 44 42 41 55 91 37 55 103 1 3 0 5 38 386 471 500 274 2980 46 18 67 579 24 52 235 382 540 297 0 33 42 15 127 403 379 64 0 219 0 91 87 361 0 383 159 179 154 233 556 391 616 169 30 232 478 633 315 416 599 736 267 711 135 95 0 207 13 63 412 186 268 53 78 149 48 445 174 256 73 0 0 126 0 0 0 0 49 0 0 129 0 0 0 0 0 0 75 0 4 0 23 226 225 84 0 280 274 194 282 294 257 190 260 245 278 277 282 267 295 294 0 0 386 2
43 26 47 24 40 22 78 38 0 28 19 17 54 21 5 34 0 1 0 24 24 88 39 0 26 0 12 13 35 118 50 24 0 42 69 29 0 34 37 0 146 20 0 21 0 40 0 24 21 0 0 0 37 47 20 0 1271 783 1150 286 121 841 565 612 0 0 81 102 314 144 73 19 0 71 73 31 124 64 79 0 0 10 44 616 0 0 30 0 0 0 0 0 21 0 0 0 0 0 0 0 0 0 0 0 0 0 0 0 0 1414 1434 889 1049 1456 1443 1439 1498 1494 1486 1383 1406 1399 1377 1396 1393 1416 1402 1408 0 0 31 15
3 0 2 2 0 1 3 0 2 3 2 3 4 3 0 6 0 0 0 4 2 0 0 0 0 0 0 2 0 0 7 3 0 0 0 1 0 0 5 0 0 0 0 2 0 6 0 4 1 0 0 0 0 0 0 0 142 100 0 0 1 69 24 38 0 0 0 0 69 0 8 0 0 5 5 3 6 0 6 0 0 0 8 102 0 0 3 0 0 0 0 0 0 0 0 0 0 0 0 0 0 0 0 0 0 0 0 0 0 181 182 87 62 235 199 168 210 215 199 167 194 186 193 196 195 194 202 202 0 0 0 0
7 0 4 0 0 3 10 1 5 7 5 6 10 7 0 16 0 0 0 8 3 0 0 0 0 0 0 4 10 7 18 7 0 0 0 8 0 1 13 0 0 0 0 5 0 15 0 9 6 0 0 0 167 0 0 0 287 199 107 0 6 153 84 133 0 0 23 0 170 0 21 0 0 14 15 10 18 3 15 0 0 54 5 538 0 0 55 0 0 0 0 0 5 0 0 0 0 0 0 0 0 0 0 0 0 0 3 0 3 449 453 241 212 412 483 414 506 514 488 422 474 463 466 473 471 472 483 484 0 0 0 3
30 8 16 19 36 12 52 36 31 23 18 22 42 24 29 58 0 1 0 26 11 0 103 0 23 0 7 15 37 32 54 26 4 25 37 46 0 40 41 0 0 0 0 30 0 57 0 32 28 0 0 0 54 13 0 0 933 594 812 254 73 582 428 325 0 0 143 4 508 41 72 0 0 51 52 37 63 19 53 0 0 0 21 1855 1327 0 146 0 0 0 0 0 34 0 0 11 0 0 0 0 0 5 0 0 0 0 29 0 16 1457 1477 892 1016 1520 1504 1469 1558 1562 1540 1415 1463 1450 1441 1459 1459 1475 1471 1476 0 0 60 15
24 14 13 12 23 6 30 0 8 17 18 11 29 18 0 26 0 1 0 16 6 0 508 0 5 0 0 8 18 40 32 15 0 11 24 19 0 0 23 0 0 0 0 38 0 27 0 21 19 0 0 167 443 1425 360 0 773 440 506 1610 43 380 248 290 0 0 57 44 262 29 82 0 0 139 147 36 204 123 162 0 0 0 9 828 0 0 28 0 0 0 0 0 13 0 0 0 0 0 0 0 0 0 0 0 0 0 16 7 9 894 906 529 561 941 935 890 974 979 954 860 912 899 895 907 899 914 918 921 0 0 24 9
18 13 4 12 25 7 16 20 10 14 11 13 18 15 16 34 2 6 0 19 9 0 66 57 8 0 0 11 27 19 42 20 0 7 11 11 0 15 36 0 223 0 0 0 0 29 0 25 20 0 0 0 0 0 0 0 0 439 530 0 0 0 83 0 0 0 97 0 420 0 51 0 0 42 0 23 61 0 48 0 0 0 13 1115 0 0 18 0 0 4 0 0 6 0 0 0 0 0 0 0 0 0 0 0 0 0 0 27 26 354 258 0 0 980 839 71 907 1193 709 164 835 680 973 977 963 865 1117 1117 0 2 5 12
4 2 0 1 6 0 0 1 0 0 0 0 0 1 0 1 0 3 0 0 0 0 0 0 0 0 0 0 0 0 0 0 0 0 0 0 0 0 2 0 0 0 0 0 0 3 0 3 2 0 0 0 0 0 0 0 0 0 0 0 0 0 0 0 0 0 0 0 0 0 3 0 0 6 0 0 0 0 9 0 0 0 1 0 0 0 0 0 0 0 0 0 0 0 0 0 0 0 0 0 0 0 0 0 0 0 0 1 2 0 0 0 0 0 0 0 0 0 0 0 0 0 0 0 0 0 0 0 0 0 0 0
7 4 0 3 10 1 5 5 0 3 2 2 2 3 1 5 0 0 0 4 2 0 5 1 0 0 0 2 3 0 7 4 0 0 0 0 0 0 7 0 0 0 0 0 0 9 0 7 5 0 0 0 75 0 0 0 0 93 0 0 0 0 0 3803 0 0 7 0 32 671 9 0 0 5 0 5 6 0 8 0 0 0 8 0 0 0 20 0 0 0 0 0 0 0 0 0 0 0 0 0 0 0 0 0 0 0 0 0 0 0 0 0 0 0 0 0 0 177 0 0 0 0 41 32 20 0 165 161 0 0 0 2
17 13 0 12 23 8 0 20 14 15 11 13 20 15 20 39 2 0 0 20 11 0 50 44 20 0 15 11 30 26 42 22 15 18 34 21 0 31 38 0 213 0 0 3 0 31 0 27 26 0 0 0 51 137 0 0 600 679 649 0 0 160 429 1263 0 685 876 54 543 300 48 0 0 38 0 19 11 0 41 0 0 0 9 1643 0 0 27 0 0 7 0 0 0 0 0 0 0 0 0 0 0 0 0 0 0 0 35 28 27 940 919 129 35 1174 1120 863 1172 1266 1101 862 1094 1039 1123 1159 1130 1111 1185 1188 0 10 16 12
8 7 6 7 11 5 11 12 11 9 8 9 13 9 13 25 1 0 0 13 6 47 54 40 16 12 16 7 20 18 29 14 15 10 15 14 0 20 23 0 142 0 7 0 23 17 0 14 14 0 0 0 0 0 0 0 412 298 446 88 0 238 76 213 0 0 106 5 330 12 35 0 0 31 14 17 42 11 29 0 0 7 5 925 0 0 12 0 0 14 0 0 6 0 0 13 0 0 0 0 0 0 0 0 8 0 30 12 14 687 687 301 331 765 745 675 776 801 754 658 727 711 726 735 733 735 750 752 0 10 12 4
32 20 12 17 43 10 38 30 22 20 16 18 30 21 28 53 2 0 0 25 12 98 111 86 29 0 22 15 39 36 57 31 23 22 33 31 0 42 55 0 261 0 0 0 32 47 0 42 39 0 0 0 0 0 0 0 816 523 745 0 0 0 46 407 1250 442 582 62 677 60 67 0 0 50 0 34 69 0 54 0 0 0 12 2176 0 37 37 0 0 14 0 0 3 0 0 13 0 0 0 0 0 0 0 0 0 0 39 38 43 1013 959 0 0 1456 1354 841 1429 1619 1290 872 1330 1224 1407 1420 1410 1356 1517 1519 0 13 22 16
4 3 0 3 6 2 0 5 1 4 3 4 2 4 3 9 0 0 0 5 0 3 9 6 0 0 0 3 4 0 11 3 0 0 0 0 0 0 8 0 0 0 0 0 0 8 0 5 4 0 0 0 0 0 0 0 0 218 146 0 0 0 0 0 0 0 54 0 100 64 113 0 581 258 118 47 394 203 310 0 0 0 3 0 0 0 4 0 0 0 0 0 0 0 0 0 0 0 0 0 0 0 0 0 0 0 0 0 0 0 0 0 0 249 188 0 212 339 122 0 189 120 254 254 248 201 316 315 0 0 0 2
3 3 2 3 5 2 4 0 2 3 3 3 3 3 4 10 0 2 0 5 24 0 9 0 0 0 0 3 6 3 11 4 0 0 0 1 0 0 8 0 0 0 0 0 0 7 0 16 15 0 0 0 0 0 0 0 308 394 0 0 0 0 7250 0 0 340 690 130 157 26 20 65 0 139 25 8 95 197 76 7 6 116 18 68 0 0 16 0 0 0 0 0 0 0 0 0 0 0 0 0 0 0 0 0 0 0 0 0 2 0 0 0 0 169 105 0 128 268 31 0 111 34 185 182 174 122 250 249 0 0 0 0
78 49 90 57 62 31 221 83 56 43 20 39 85 20 15 662 3 12 0 2 65 884 1062 1112 67 22 0 5 7 711 1 19 67 152 222 302 94 44 408 0 267 0 0 336 124 1276 0 26 25 516 0 171 570 107 339 408 2480 1574 547 463 78 0 1170 1691 0 1905 0 1489 788 142 928 2232 1309 1885 1999 389 3513 2060 2275 1170 1748 267 2 265 0 240 393 0 0 44 0 0 287 0 0 0 322 0 0 0 0 0 0 0 0 0 159 0 14 0 0 0 0 1 0 0 0 41 0 0 9 0 24 19 22 0 60 58 0 0 24 0
61 27 98 25 195 13 562 63 79 26 17 12 85 38 1711 355 5 19 0 12 133 97 127 125 94 32 1 8 25 394 8 39 273 1201 471 243 426 72 0 0 38 0 0 126 0 356 0 66 63 193 0 13 90 42 66 33 121 91 67 0 0 0 125 0 0 0 0 427 39 973 202 298 20 135 59 108 580 117 174 65 59 90 11 203 139 94 102 0 0 0 153 0 366 0 0 0 0 0 0 0 19 0 0 0 2586 0 36 0 20 28 25 0 0 47 55 18 39 46 29 11 32 28 78 69 79 60 83 80 45 0 66 0
152 87 346 80 147 17 949 144 132 83 50 17 222 6503 187 36 0 1 0 7 11 38 51 65 225 36 14 3 8 43 2 40 12 57 79 67 0 51 15 0 33 0 0 52 0 81 0 18 17 33 0 0 6 0 0 0 0 32 0 0 0 0 0 0 38 39 0 14 0 11 44 67 23 35 38 34 46 33 49 28 40 57 14 0 0 86 102 0 0 45 0 0 16 142 354 0 7 80 45 19 95 8 0 0 0 0 10 0 46 0 0 0 0 0 0 0 0 15 0 0 0 0 0 0 1 0 39 37 0 21 0 0
16 12 21 12 18 3 49 12 0 11 21 15 11 9 1 7 0 1 0 12 1 0 20 20 0 0 335 0 0 11 0 8 0 2 3 0 0 0 0 0 0 0 0 10 0 13 0 9 9 0 0 0 18 1 0 0 27 31 23 0 0 0 29 0 0 0 0 0 525 0 14 0 0 9 2 10 12 2 13 0 0 411 3 0 0 0 58 0 0 0 0 554 26 0 4 14 0 0 0 0 0 0 1988 0 110 0 13 0 15 40 39 14 0 60 52 23 32 41 66 28 61 55 76 83 75 72 86 87 39 0 0 0
8 3 5 2 12 1 17 11 9 3 2 2 10 9 3 35 0 2 0 0 0 9 7 15 3 0 0 0 1 0 1 21 0 5 5 10 0 0 1 0 0 0 0 4 0 22 0 15 14 0 0 0 0 0 0 0 0 15 0 0 0 0 0 0 0 0 3475 0 0 75 13 0 0 14 8 10 11 4 14 0 0 0 2 0 0 0 81 0 0 0 553 0 1 0 754 384 0 0 0 0 0 0 0 0 0 0 0 0 0 0 0 0 0 0 0 0 0 13 0 0 0 0 0 0 0 0 17 14 0 0 0 0
92 92 122 136 284 48 542 100 0 28 108 91 158 6 0 26 0 0 0 5 3 126 390 0 41 40 0 3 3 14 0 0 10 35 80 26 0 17 4 0 0 0 0 10 0 29 0 50 20 0 0 0 9 1 0 0 8 20 0 0 0 0 0 0 0 0 0 84 0 0 25 0 0 26 0 18 25 0 32 0 0 0 67 30 0 25 14 0 0 0 0 0 0 0 182 380 0 0 0 0 0 0 0 0 0 0 0 0 0 0 0 0 0 0 0 0 0 5 0 0 0 0 12 9 8 3 16 15 0 0 89 0
0 0 0 0 0 0 0 0 0 0 0 0 0 0 0 0 0 0 0 0 0 0 0 0 0 0 0 0 0 0 0 0 0 0 0 0 0 0 0 0 0 0 0 0 0 0 0 0 0 0 0 0 0 0 0 0 0 0 0 0 0 0 0 0 0 0 0 0 0 0 0 0 0 0 0 0 0 0 0 3 4 0 0 0 0 0 0 0 0 0 0 0 0 0 0 0 0 0 0 0 0 0 0 0 0 0 0 0 0 0 0 0 0 0 0 0 0 0 0 0 0 0 0 0 0 0 0 0 0 0 0 0
8 4 27 3 7 0 21 68 43 34 8 5 164 38 0 0 2 7 0 0 15 570 794 637 669 12 0 5 6 145 4 8 0 169 89 46 0 0 4 296 382 0 104 15 0 0 0 60 65 0 0 0 62 58 156 55 303 1084 184 1426 8 180 142 0 0 0 0 25 40 158 0 0 0 0 0 0 0 0 0 152 211 0 0 81 0 0 36 0 0 12 30 0 41 0 0 0 0 0 0 0 0 0 0 0 0 0 0 0 32 72 74 13 0 107 100 52 44 38 29 171 117 93 13 12 13 4 20 20 0 0 0 0
9 5 28 3 7 0 22 72 57 36 8 5 186 41 1 0 0 3 0 0 5 758 966 778 893 89 17 6 14 198 5 13 23 252 163 81 0 0 8 190 575 0 204 23 175 0 23 89 103 129 83 36 94 95 275 256 387 1327 229 1747 22 240 0 11 0 0 0 60 81 265 0 0 0 0 0 0 0 0 0 0 0 0 0 128 0 18 33 0 0 55 66 0 62 0 0 0 0 0 0 0 0 0 0 0 0 0 0 0 46 101 104 29 0 140 132 83 59 49 43 232 158 134 20 18 18 10 26 26 0 0 23 0
0 0 0 0 0 0 0 0 0 0 0 0 0 10 0 0 36 5 0 0 1157 0 11 8 0 0 0 0 0 0 0 0 0 0 0 0 0 0 0 0 0 0 0 0 0 1 0 0 0 0 0 0 0 0 0 0 0 0 0 0 0 0 0 0 0 0 0 0 0 0 0 0 0 0 0 0 0 0 0 0 0 0 0 0 0 0 0 0 0 0 0 0 0 0 0 0 0 0 0 0 0 0 0 0 0 0 0 0 0 0 0 0 0 0 0 0 0 0 0 0 0 0 0 0 0 0 0 0 0 0 0 0
3 1 8 8 2 1 6 21 4 10 2 1 41 119 0 0 2 0 0 0 16 496 703 567 224 0 0 1 3 47 1 2 0 40 5 13 0 0 0 134 300 0 97 0 0 0 0 0 0 0 0 0 0 0 0 0 97 428 69 545 0 45 0 0 0 0 0 0 0 44 0 0 0 0 0 0 0 0 0 0 0 0 0 76 0 0 26 0 0 48 36 0 45 0 0 0 0 0 0 0 0 0 0 0 0 0 0 0 1 20 19 0 0 50 44 0 17 19 4 62 53 33 3 2 2 0 74 74 0 0 0 0
0 0 0 0 0 0 0 0 0 0 0 0 0 0 0 0 0 0 0 0 1 0 0 0 0 0 0 0 0 0 0 0 0 0 0 0 0 0 0 0 0 0 0 0 0 0 0 0 0 0 0 0 0 0 0 0 0 0 0 0 0 0 0 0 0 0 0 0 0 0 0 0 0 0 0 0 0 0 0 2 3 0 0 0 0 0 0 0 0 0 0 0 0 0 0 0 0 0 0 0 0 0 0 0 0 0 0 0 0 0 0 0 0 0 0 0 0 0 0 0 0 0 0 0 0 0 0 0 0 0 0 0
0 0 1 0 0 0 0 2 0 1 0 0 0 1 0 0 0 0 0 0 0 0 16 13 0 0 0 0 0 0 0 0 0 0 0 0 0 0 0 0 0 0 0 0 0 0 0 0 0 0 0 0 0 0 0 0 0 22 0 0 0 0 0 0 0 0 0 0 0 0 0 0 0 0 0 0 0 0 0 17 23 0 0 0 0 0 0 0 0 0 0 0 0 0 0 0 0 0 0 0 0 0 0 0 0 0 0 0 0 0 0 0 0 0 0 0 0 0 0 0 0 0 0 0 0 0 0 0 0 0 0 0
6 3 5 2 5 0 4 12 0 6 5 3 17 26 0 0 0 0 0 0 0 75 171 138 134 0 5 4 12 28 3 2 0 40 23 0 0 0 0 0 26 0 0 1 0 0 0 8 9 0 0 0 3 0 0 0 31 217 34 272 0 9 0 0 0 0 0 0 0 19 0 0 0 0 0 0 0 0 0 0 0 0 0 28 0 0 6 0 0 0 0 0 8 0 0 0 0 0 0 0 0 0 0 0 0 0 0 0 3 0 0 0 0 82 76 0 33 29 21 6 89 68 10 9 9 2 15 15 0 4 0 0
0 0 0 0 0 0 0 0 0 0 0 0 0 0 0 0 0 0 0 0 0 0 0 0 0 0 0 0 0 0 0 0 0 0 0 0 0 0 0 0 0 0 0 0 0 0 0 0 0 0 0 0 0 0 0 0 0 0 0 0 0 0 0 0 0 0 0 0 0 0 0 0 0 0 0 0 0 0 0 0 0 0 0 0 0 0 0 0 0 0 0 0 0 0 0 0 0 0 0 0 0 0 0 0 0 0 0 0 0 0 0 0 0 0 0 0 0 0 0 0 0 0 0 0 0 0 0 0 0 0 0 0
4 2 14 1 4 0 5 31 25 18 4 2 87 20 0 0 1 2 0 0 42 261 377 172 465 24 2 3 5 96 2 6 0 120 68 32 0 0 4 34 173 0 53 15 87 0 0 73 83 0 0 36 79 80 226 147 405 255 109 847 7 102 67 0 0 0 0 20 5 126 0 0 0 0 0 0 0 0 0 0 0 0 0 73 0 0 22 0 0 0 34 0 42 0 0 0 0 0 0 0 0 0 0 0 0 0 0 0 49 96 98 39 0 122 117 85 51 42 42 212 137 115 18 17 17 11 23 23 0 17 84 0
6 3 19 2 5 0 8 47 31 24 5 3 112 27 0 0 2 3 0 0 50 335 494 397 610 32 2 4 7 133 3 8 0 156 86 41 234 0 6 41 222 0 77 20 116 0 0 96 110 0 0 45 104 106 304 180 529 335 144 1109 8 137 56 0 0 0 0 42 70 163 0 0 0 0 0 0 0 0 0 3425 0 0 0 359 0 52 81 0 0 117 176 0 159 0 0 0 0 0 0 0 0 0 0 0 0 0 42 43 210 404 418 241 212 454 443 407 208 155 190 851 518 482 82 76 77 71 83 84 0 164 374 0
25 3 80 7 19 1 65 202 190 102 23 14 553 114 0 0 0 0 0 105 4 313 0 337 259 0 0 2 1 0 1 3 0 60 24 21 0 0 1 0 27 0 0 3218 0 0 0 69 80 0 0 0 29 0 51 46 152 132 29 240 0 8 67 0 0 0 0 0 18 44 296 457 300 223 250 205 260 249 337 719 0 0 292 31 0 0 10 0 0 0 0 0 0 0 0 0 0 0 0 0 0 0 0 0 0 0 0 0 26 34 34 0 0 54 50 21 22 19 12 83 58 47 6 5 6 0 10 10 0 0 28 0
0 0 0 0 0 0 0 0 0 0 0 0 0 0 0 0 0 0 0 2 6 0 0 0 0 0 0 0 0 0 0 0 0 0 0 0 0 0 0 0 0 0 0 0 0 0 0 0 0 0 0 0 0 0 0 0 0 0 0 0 0 0 0 0 0 0 0 0 0 0 0 0 0 0 0 0 0 0 0 0 0 0 0 0 0 0 0 0 0 0 0 0 0 747 0 0 0 0 0 0 0 0 0 0 0 0 0 0 0 0 0 0 0 0 0 0 0 0 0 0 0 0 0 0 0 0 0 0 0 0 0 0
31 10 44 7 57 3 84 83 38 16 11 8 51 27 1 1 0 0 0 1 0 0 27 19 0 1 0 1 3 36 2 2 56 64 186 0 0 0 0 0 45 0 0 28 0 170 14 38 37 0 0 0 0 0 0 0 0 219 326 0 0 0 140 0 0 0 81 15 27 0 33 0 0 39 0 25 27 0 71 0 0 0 10 0 0 0 10 0 0 128 8 0 0 0 0 0 0 0 0 0 0 0 0 0 0 0 0 13 101 0 0 0 0 0 0 0 0 102 0 0 0 0 0 0 0 0 121 118 0 15 96 0
1931 924 1150 1202 1562 906 3145 732 329 617 746 533 710 2105 29 17 0 18 0 9 25 3772 0 4464 29 43 3 8 14 189 4 104 145 650 441 1442 0 0 4 0 380 26 292 539 59 1771 327 680 656 0 0 78 148 632 0 554 278 222 7461 142 10 271 172 1550 1046 0 202 445 290 4340 5525 8528 6858 9765 10918 4399 5322 10915 117 9386 85 146 617 2515 0 408 420 0 829 497 127 13 3936 73 202 81 719 18 0 0 0 1506 0 325 1228 0 827 489 593 2108 2179 1414 1584 2209 2186 2184 2261 2237 2242 2082 2059 2031 2026 2056 2055 2087 2063 2069 1080 725 3644 0
167 91 65 73 115 9 111 759 328 367 144 121 508 16 36 60 1 6 0 454 12 20 46 88 0 0 12553 107 5 186 0 21 215 239 629 55 0 40 5 0 29 0 0 47 0 118 0 19 18 16 0 29 187 178 231 168 33 32 300 9 41 0 276 149 0 0 0 2432 130 0 38 19 0 28 2 30 37 21 41 13 0 15000 24 63 0 0 570 0 0 62 0 0 60 0 0 0 0 0 0 0 0 0 6213 0 0 0 0 44 269 558 411 79 464 399 405 420 461 517 450 466 689 680 652 643 650 637 654 652 0 0 419 0
2 0 0 4 8 0 0 2 0 1 4 3 3 0 0 0 0 0 0 1 0 0 3 0 0 0 0 0 0 0 0 0 0 0 0 0 0 0 0 0 0 0 0 0 0 1 0 2 0 0 0 0 0 0 0 0 0 0 0 0 0 0 0 0 0 0 0 0 0 0 1 0 0 0 0 0 0 0 1 0 0 0 0 0 0 0 0 0 0 0 0 0 0 0 0 0 0 0 0 0 0 0 0 0 0 0 0 0 0 0 0 0 0 0 0 0 0 0 0 0 0 0 0 0 0 0 0 0 0 0 0 0
3972 1469 645 905 6374 363 10726 4668 5662 1771 917 1214 6481 2101 6333 6015 22 11 0 1851 466 2495 4840 6345 1781 1582 785 326 395 213 97 742 3091 4267 7225 7836 99 7024 138 8 5050 984 3607 3961 7436 8964 2482 943 894 6977 6286 3283 3362 3957 4269 3623 6550 3950 5300 2086 349 2691 9616 2788 4126 5650 660 2054 1558 1298 2569 3911 459 1674 1802 3956 2440 1790 2429 1626 2107 3411 358 974 1689 3275 2214 0 2283 4436 98 0 313 0 1696 3333 0 1492 0 0 365 0 499 0 1176 722 553 250 1881 1724 1520 721 4532 1573 2600 2118 847 897 902 1131 789 770 4443 3673 4369 3258 4281 4054 682 1205 2020 1
240 187 199 207 172 64 623 235 240 376 784 13586 2278 1361 3545 5970 409 8 213 41852 9640 75 115 146 74 31 0 60 1116 105 64 177 124 214 588 280 0 942 691 0 1302 305 886 294 656 2205 37 733 366 756 742 806 650 302 358 988 489 307 593 168 26 201 1167 332 407 547 4188 424 2125 60 342 1547 633 1674 222 1251 677 211 513 436 263 512 320 923 0 1601 341 0 0 281 0 0 133 1228 2331 1942 0 0 0 89 171 0 0 0 2027 0 45 64 161 812 749 265 413 772 680 485 99 114 54 328 164 157 752 834 631 690 613 551 850 1423 1022 0
0 36 450 22 22 10 12 158 120 0 35 40 135 274 10 0 100 3 0 95 428 53 100 155 0 0 0 31 0 0 0 0 0 0 88 32 0 0 50 0 37 0 0 74 0 149 0 14 13 76 0 30 47 37 38 82 0 12 51 0 0 0 58 11 0 66 0 48 80 246 63 0 0 31 0 106 135 121 190 26 0 56 12 0 0 0 97 0 0 0 0 4 20 46 41 2771 2660 0 0 0 1717 0 0 96 360 0 143 566 643 0 0 0 0 32 21 0 27 36 3 0 21 0 26 31 30 16 39 39 1319 616 550 0
35 16 44 13 50 38 167 34 37 15 15 14 42 54 31 71 1 3 0 2 29 697 848 943 39 44 35 3 5 207 1 11 4 53 97 165 0 52 2 0 196 0 45 216 6050 199 363 40 39 618 367 65 195 558 233 624 2009 1210 256 213 20 189 281 68 268 0 19 154 0 135 428 0 0 20 0 18 26 10 24 0 0 34 790 0 0 241 259 0 80 32 0 0 289 0 103 113 0 465 0 8 153 0 0 0 89 0 50 33 0 795 785 457 595 803 800 790 825 832 824 775 810 808 816 820 826 825 830 832 17 14 403 0
144 337 244 290 833 166 711 555 681 666 624 503 591 305 9 106 1 3 0 14 20 8702 8348 1742 714 810 225 60 116 5641 28 104 639 1103 1256 1787 1078 19 22 2038 4679 175 832 516 0 397 1143 582 562 511 4645 1173 1307 1898 5205 2004 1894 2128 731 1221 566 2180 647 601 1181 855 51 0 558 2283 6301 9622 2158 3483 3786 4985 6028 3874 5265 3248 5202 11409 903 30 0 996 2224 957 1231 0 1060 0 3164 221 298 592 0 0 0 0 0 0 262 0 90 0 286 69 417 1542 1574 996 1170 1595 1579 1585 1636 1626 1632 1867 1525 1522 1496 1517 1517 1540 1522 1528 1021 1024 1829 0
52 68 17 99 209 4 249 45 14 14 85 69 98 5 0 5 0 5 0 2 4 110 315 63 0 1 1 0 0 1230 0 1 0 10 31 0 0 0 0 0 0 0 35 3 0 4 0 39 15 30 79 0 8875 0 0 0 0 5 13 14 0 0 15 10422 0 0 0 0 0 203 4 0 0 6 0 3 7 0 6 0 0 102 8 20 0 0 1101 0 0 0 0 0 0 0 66 322 0 0 0 0 0 0 0 0 0 0 0 0 0 0 0 0 0 3 0 0 192 334 27 0 40 19 8 7 7 3 10 10 0 19 0 0
3 1 2 1 3 0 5 3 3 1 1 1 3 2 2 26 0 4 0 1 1 171 447 318 44 48 12 4 11 161 4 9 258 261 755 0 159 5 2 207 0 0 12 2597 293 59 154 106 102 86 117 44 68 118 439 215 271 172 921 144 25 1492 117 27 442 109 0 164 50 91 3 3 2 2 1 2 3 2 4 3 2 1 0 34 0 2048 168 129 0 0 12 0 10 0 147 60 0 0 0 0 0 0 0 0 0 0 0 0 3 161 142 14 78 166 128 145 183 174 227 534 487 618 465 440 475 376 459 459 0 0 0 0
2 2 2 2 3 1 4 4 4 3 2 3 4 3 4 10 0 1 0 4 1 131 332 117 9 9 3 3 7 15 9 5 14 28 80 0 105 8 7 0 0 0 0 42 0 14 0 23 21 0 0 3 20 27 90 70 148 103 138 23 3 79 61 67 46 12 0 0 0 0 9 6 7 6 5 4 9 6 7 5 5 3 8 314 0 98 70 0 0 0 0 0 0 0 0 0 0 0 0 0 0 1 0 0 0 0 0 2 5 229 229 116 118 250 241 226 258 261 274 303 324 354 312 309 316 295 318 318 0 0 0 0
7 7 8 8 3 2 19 6 5 13 29 523 80 51 132 232 16 2 0 1602 377 114 48 127 0 0 0 2 42 0 2 5 0 8 54 8 12 44 26 0 105 0 21 15 0 97 0 38 23 0 47 19 29 32 0 38 27 31 47 1 0 0 66 34 25 97 228 0 0 0 12 56 25 64 9 47 25 5 20 16 8 64 13 36 0 64 80 0 0 0 0 0 0 0 168 0 0 0 0 0 525 0 0 0 0 0 0 76 4 5 1 0 0 26 17 0 0 4 0 0 0 0 22 26 18 16 23 21 412 245 5 0
129 90 66 97 91 30 207 101 0 97 69 140 90 160 6 2941 2 3 0 21 140 1165 1676 5421 123 123 193 10 19 1197 0 15 127 257 422 1899 1234 26 75 57 7820 0 147 726 70 1654 313 273 263 1202 369 193 880 348 569 422 816 559 501 2998 54 362 499 988 0 269 0 11 2955 606 436 576 134 273 265 326 394 297 313 229 201 886 104 0 0 2194 2582 3143 1034 0 14635 12676 2440 4893 8063 6542 0 634 0 0 0 0 704 0 0 0 0 91 69 185 180 87 92 206 197 178 200 215 333 233 197 198 206 222 219 228 222 227 128 72 140 0
23 10 16 16 14 5 46 26 17 14 8 7 0 6 3 10 0 2 0 9 4 96 166 263 17 0 0 2 3 121 0 6 70 95 229 293 31 10 240 0 113 9 2056 69 0 138 0 21 20 201 0 153 97 100 110 99 61 48 146 55 2 51 157 97 103 164 0 41 85 404 505 745 376 308 311 396 477 336 471 274 298 1899 91 701 0 346 635 0 48 184 0 11 921 25 58 134 0 0 1100 358 0 0 0 0 0 0 872 208 614 203 203 111 116 216 212 198 222 225 218 194 211 208 208 211 211 212 214 215 1143 1000 257 0
181 582 298 403 1365 1854 1758 1336 815 270 1589 1255 1784 1679 440 615 13 13 0 1277 101 2548 1685 465 2647 142 18 10 27 708 7 35 570 2104 1642 334 82 2 2 0 712 0 330 1136 819 920 742 388 375 348 459 298 420 331 596 321 323 13775 392 742 44 671 113 82 421 516 0 473 419 1288 1767 2707 1329 1775 1968 1399 1687 1980 2685 1682 2258 589 1189 817 536 603 577 264 382 321 1233 137 476 63 937 606 485 0 0 6264 0 3295 1206 0 307 0 1787 0 571 597 572 307 428 583 577 572 608 622 606 565 621 616 598 606 605 613 609 611 169 429 923 0
243 82 344 47 397 21 620 549 285 102 65 48 367 314 1116 402 1 2 0 15 3 378 1902 358 36 39 7 3 7 216 2 6 154 184 444 675 527 14 0 132 291 0 153 125 155 98 407 408 394 57 187 128 284 103 157 317 88 63 39 130 27 183 22 43 242 186 0 222 151 575 202 309 833 570 635 158 191 636 864 543 741 281 98 245 305 351 1406 163 0 152 0 801 304 304 962 575 214 0 0 0 0 616 1392 0 14 0 68 152 250 329 266 80 236 268 267 266 293 321 296 285 376 373 351 354 353 357 356 357 0 144 301 0
83 108 323 124 147 16 1118 66 56 113 133 108 34 1 218 355 13 4 0 17442 228 618 1147 1641 119 120 0 9 20 764 6 18 0 577 1346 48 0 8 27 0 661 95 0 583 0 283 137 99 95 665 157 314 407 454 583 369 290 188 427 187 58 322 312 220 169 0 0 60 151 597 3694 6154 4244 3809 4252 2915 3463 4276 5828 3620 4811 3446 188 1154 109 430 500 0 0 0 0 490 221 570 517 0 305 661 1075 33542 0 0 248 0 0 0 0 0 416 847 847 501 605 867 857 847 894 899 887 820 856 851 834 845 844 856 850 853 0 195 189 0
235 356 77 300 156 133 464 335 61 34 17 14 124 16 0 2 0 4 0 0 1 185 366 549 80 83 19 7 17 764 5 12 202 284 522 1430 225 1 1 0 296 56 455 37 0 87 41 20 20 155 142 112 136 109 0 118 38 32 149 49 1 26 169 49 357 321 0 384 355 1208 248 378 238 306 344 194 242 343 374 279 273 233 43 111 0 917 1618 654 3004 3767 461 838 1935 76 0 330 2876 541 0 0 3863 0 976 966 1833 0 1339 1000 1578 891 843 462 695 843 838 853 883 904 887 844 922 918 884 895 893 908 896 900 3838 2080 1915 0
166 67 216 47 284 54 451 356 209 73 72 53 271 179 38 46 5 18 0 20 64 1165 2078 3296 209 152 1 13 27 875 5 417 211 327 472 274 317 81 49 0 441 61 344 621 0 739 1663 718 696 2913 387 216 437 344 1005 744 299 450 652 260 33 277 703 289 681 219 310 0 329 1285 304 475 321 290 325 237 309 322 436 472 340 267 59 172 478 0 1015 0 54 111 28 0 110 1355 914 6011 0 1250 0 0 0 0 0 85 208 0 311 246 296 773 736 394 567 749 744 738 780 799 778 729 804 815 784 792 793 800 798 800 628 2748 739 0
114 50 53 31 191 14 333 130 150 61 33 30 0 198 137 113 0 4 0 1 2 750 1131 1540 75 77 0 5 13 181 3 34 125 202 377 319 0 188 209 49 363 65 1053 395 211 823 150 256 247 413 305 139 222 196 539 208 406 266 429 171 29 213 577 300 440 435 1075 364 108 103 1480 2275 1279 1275 1428 1163 1411 1423 1943 1492 1543 1070 106 295 0 215 324 693 96 0 391 660 518 20 24 231 460 1688 2894 893 6017 0 0 0 0 0 1125 0 624 125 121 48 125 141 165 128 123 129 116 102 106 127 213 193 214 179 215 209 1057 647 0 0
90 32 96 19 140 8 203 0 90 28 8 8 0 149 17 16 16 8 0 3 501 305 430 577 64 52 150 4 16 150 5 351 26 82 131 151 0 33 62 0 110 0 354 596 18 494 0 886 854 0 0 45 95 107 4453 135 312 227 185 86 0 26 158 249 113 0 950 0 208 99 257 384 217 250 287 200 296 273 369 4402 31 156 37 26 0 275 470 0 0 0 0 0 86 144 131 251 113 47 0 0 447 0 0 238 0 0 419 0 135 111 104 12 0 161 149 81 165 180 134 91 160 499 126 144 151 136 175 174 585 397 123 0
3420 1158 4168 672 5535 343 8411 7545 5037 1493 861 638 5978 6878 975 1021 37 33 0 265 132 6123 5324 4602 3655 3133 1633 421 862 2127 240 19849 2818 2787 3579 7540 1897 1971 995 1328 3477 664 5757 17984 30 9525 112 5039 4877 374 3577 3630 1795 2733 5267 3336 2180 1657 2583 2354 349 1363 1352 1255 6472 3615 15621 2314 3419 597 6183 9611 6634 5391 6024 4866 6071 6021 8216 5398 7125 5890 1060 4259 3005 8513 20073 0 4238 6794 1562 2727 5101 1484 4429 6388 4619 2052 944 3568 1203 285 2532 6090 8352 0 4365 1972 4544 5244 5383 3502 4309 5399 5392 5484 5508 5447 5498 5186 5087 5098 5120 5168 5177 5236 5189 5199 13633 9926 6875 1
0 1 29 11 11 4 65 9 4 0 4 3 0 4 9 11 347 1 25 594 2469 9 12 13 23 22 0 1 18 48 6 0 0 0 170 7 0 2 4 0 43 0 0 38 0 79 0 8 8 0 0 23 10 0 0 0 22 48 80 0 0 0 34 32 0 0 0 0 47 98 46 58 37 46 52 33 52 6 73 34 0 1754 98 126 0 120 329 0 0 0 0 0 14 76 61 121 106 0 0 0 213 0 0 0 0 0 0 0 0 105 92 0 0 143 133 47 150 166 126 64 162 148 151 153 153 144 167 167 135 76 0 1
0 0 1 0 1 0 3 1 0 0 0 0 0 1 0 0 4 0 0 7 31 70 137 221 0 0 0 0 0 0 0 0 0 3 29 0 0 23 0 0 0 0 0 21 0 31 7 46 44 0 15 11 53 25 251 0 0 0 12 0 0 0 12 13 24 20 29 10 45 116 22 18 12 27 25 17 24 27 42 249 0 41 5 0 0 0 72 0 0 0 0 0 34 3 0 0 0 0 49 0 497 0 0 59 309 0 41 0 42 8 3 0 0 21 17 0 21 28 14 0 24 41 24 25 25 21 29 29 0 0 51 0
0 0 0 0 3 0 0 2 2 0 0 0 0 1 0 0 2 0 0 0 55 0 1 3 0 0 0 0 0 0 0 0 0 0 0 0 0 0 3 0 0 0 0 2 0 4 0 3 3 0 0 4 3 0 0 0 0 0 58 0 0 0 0 0 0 0 0 0 17 29 3 0 0 2 0 3 2 0 5 0 0 0 0 0 0 0 6 0 0 0 1 0 7 0 0 0 0 0 0 0 0 0 0 0 0 0 66 0 0 0 0 0 0 0 0 0 0 5 0 0 0 0 1 1 1 0 7 7 0 0 0 0
8 8 5 11 9 8 16 90 87 50 17 17 46 41 20 39 2 0 0 21 9 60 86 64 27 0 31 43 27 16 45 20 0 2 0 2 0 20 39 0 244 0 8 0 0 30 0 24 23 0 0 0 0 0 0 0 0 494 581 0 0 0 26 128 132 0 144 0 482 19 50 0 0 35 0 22 49 7 36 0 0 0 13 1548 0 0 21 0 0 9 0 0 7 0 0 0 0 0 0 0 0 0 0 0 0 0 0 0 20 0 0 0 0 1035 813 0 979 1338 567 0 948 687 1013 1012 999 807 1261 1260 0 0 13 14
10 10 7 12 13 9 18 95 92 53 18 18 52 44 21 41 2 0 0 23 10 65 92 68 32 7 36 46 31 24 50 22 4 8 0 10 0 23 42 0 278 0 9 0 0 32 0 26 25 0 0 0 0 0 0 0 0 564 687 0 0 0 71 179 155 0 155 0 511 23 55 0 0 38 0 24 53 9 39 0 0 0 14 1602 0 0 23 0 0 11 0 0 11 0 0 0 0 0 0 0 0 0 0 0 0 0 0 0 24 108 0 0 0 1162 935 0 1108 1472 689 0 1069 804 1133 1134 1120 927 1387 1386 0 0 15 15
22 21 19 22 31 15 33 98 97 59 27 29 67 53 33 60 3 0 0 38 17 108 136 101 56 42 62 50 59 56 88 41 57 28 35 41 0 52 68 0 549 0 28 0 0 54 33 41 40 36 0 0 0 0 0 0 1142 1153 1675 0 0 287 622 748 292 13 236 0 718 52 89 0 0 62 24 38 91 40 61 0 0 2 15 2005 0 0 38 0 0 38 0 0 28 0 0 39 0 0 0 0 0 0 0 0 0 0 2 25 44 1648 1604 0 0 2348 2191 1206 2360 2581 2091 1296 2236 2066 2238 2260 2249 2156 2421 2427 0 10 36 26
49 42 39 44 65 31 69 142 135 82 56 59 128 67 80 158 6 0 0 79 35 304 352 265 87 14 85 54 116 69 183 80 0 0 36 0 0 116 145 0 883 0 69 24 0 116 25 92 90 87 6 0 0 0 0 0 1739 1634 2382 0 0 581 919 1086 674 17 655 43 2111 83 194 67 47 140 96 92 199 101 141 9 0 46 31 7523 0 0 80 0 0 107 0 0 57 0 0 92 0 0 0 0 0 0 0 0 77 0 138 55 93 3936 3913 1242 0 4830 4621 4277 4899 5157 4566 3478 4627 4415 4584 4638 4621 4542 4835 4850 0 52 85 50
0 0 0 2 0 2 1 5 2 4 3 4 0 4 4 9 0 0 0 5 2 0 21 16 0 0 0 3 3 0 9 2 0 0 0 0 0 0 9 0 50 0 0 0 0 7 0 5 5 0 0 0 0 0 0 0 0 124 4 0 0 0 0 0 0 0 12 0 82 2 12 0 0 8 0 5 8 0 8 0 0 0 3 194 0 0 5 0 0 0 0 0 0 0 0 0 0 0 0 0 0 0 0 0 0 0 0 0 1 0 0 0 0 0 0 0 0 285 0 0 0 0 37 22 10 0 275 270 0 0 0 3
2 2 0 4 1 3 4 11 8 8 6 6 3 7 7 15 1 0 0 8 4 9 30 22 2 0 0 5 9 0 17 7 0 0 0 0 0 0 14 0 88 0 0 0 0 12 0 9 9 0 0 0 0 0 0 0 0 205 130 0 0 0 0 0 24 0 31 0 161 0 20 0 0 13 0 8 17 0 14 0 0 0 5 462 0 0 8 0 0 0 0 0 0 0 0 0 0 0 0 0 0 0 0 0 0 0 0 0 5 0 0 0 0 131 0 0 138 506 0 0 157 0 243 230 219 9 482 478 0 0 0 5
18 16 13 18 24 13 26 93 88 52 25 26 62 43 34 67 3 0 0 34 15 117 149 111 38 4 42 41 47 17 76 32 0 0 0 0 0 40 62 0 368 0 21 0 0 49 0 39 38 0 0 0 0 0 0 0 0 691 878 0 0 0 157 275 263 0 266 0 877 33 82 0 0 59 0 39 82 24 60 0 0 0 14 3097 0 0 34 0 0 26 0 0 20 0 0 25 0 0 0 0 0 0 0 0 0 0 0 7 37 755 656 0 0 1835 1600 0 1799 2163 1373 221 1718 1449 1768 1777 1763 1579 2033 2035 0 0 30 21
0 1 0 3 0 3 4 22 19 13 5 5 4 12 5 9 0 0 0 6 3 0 20 14 0 0 5 12 8 0 11 6 0 0 0 4 0 0 11 0 79 0 0 0 0 9 0 7 7 0 0 0 0 0 0 0 0 189 99 0 0 0 0 0 6 0 18 0 81 4 15 0 0 10 0 6 14 0 10 0 0 0 2 160 0 0 6 0 0 0 0 0 0 0 0 4 0 0 0 0 0 0 0 0 0 0 0 0 2 0 0 0 0 87 0 0 0 382 0 0 28 0 120 106 94 0 366 362 0 0 0 4
0 0 0 0 0 0 0 2 0 1 1 1 0 1 0 1 0 0 0 1 0 0 1 0 0 0 0 0 0 0 0 0 0 0 0 0 0 0 1 0 0 0 0 0 0 1 0 1 1 0 0 0 0 0 0 0 0 11 0 0 0 0 0 0 0 0 0 0 0 0 2 0 0 0 0 1 0 0 1 0 0 0 0 0 0 0 0 0 0 0 0 0 0 0 0 0 0 0 0 0 0 0 0 0 0 0 0 0 0 0 0 0 0 0 0 0 0 0 0 0 0 0 0 0 0 0 8 2 0 0 0 0
4 4 2 7 5 5 10 21 16 13 9 10 11 11 13 27 1 0 0 13 6 33 57 43 13 0 15 9 20 7 31 14 0 0 26 11 0 8 24 0 151 0 0 0 0 19 0 16 15 0 0 0 0 0 0 0 0 310 287 0 0 0 0 0 73 0 98 0 326 14 32 0 0 22 0 14 31 0 23 0 0 0 5 867 0 0 14 0 0 0 0 0 0 0 0 8 0 0 0 0 0 0 0 0 0 0 0 0 12 0 0 0 0 506 278 0 430 809 0 0 434 162 515 507 494 282 767 764 0 0 9 8
14 13 7 16 18 11 20 134 133 72 24 23 78 59 29 57 2 0 0 29 13 99 128 95 39 22 54 62 41 15 65 17 0 0 0 15 0 35 55 0 321 0 17 0 0 41 0 34 33 0 0 0 0 0 0 0 0 603 750 0 0 0 108 217 220 0 231 0 738 28 71 0 0 51 0 33 66 0 52 0 0 0 12 2574 0 0 30 0 0 33 0 0 14 0 0 26 0 0 0 0 0 0 0 0 0 0 0 2 32 509 411 0 0 1540 1317 0 1500 1850 1092 0 1437 1179 1489 1495 1481 1301 1741 1742 0 0 26 18
1 0 0 3 0 3 4 41 37 20 7 6 15 18 5 8 0 0 0 6 2 3 21 15 0 0 0 15 0 0 6 0 0 0 0 0 0 0 11 0 77 0 0 0 0 14 0 8 8 0 0 0 0 0 0 0 0 188 109 0 0 0 0 0 0 0 17 0 56 1 18 0 0 13 0 9 14 0 14 0 0 0 12 22 0 0 14 0 0 0 0 0 0 0 0 3 0 0 0 0 0 0 0 0 0 0 0 0 2 0 0 0 0 55 0 0 0 332 0 0 0 0 88 74 63 0 320 315 0 0 2 0
6 3 0 6 5 5 12 136 74 36 24 20 81 16 10 17 1 0 0 11 4 24 45 34 3 0 0 9 2 0 15 0 0 0 0 0 0 6 18 0 128 0 0 0 0 23 0 14 14 0 0 0 0 0 0 0 0 282 256 0 0 0 0 0 31 0 54 0 158 11 34 0 0 29 0 18 30 0 23 0 0 0 29 366 0 0 22 0 0 13 0 0 0 0 0 8 0 0 0 0 0 0 0 0 0 0 0 0 9 0 0 0 0 320 105 0 243 601 0 0 258 0 339 329 316 114 573 570 0 0 11 0
0 0 0 2 0 2 1 25 22 14 4 4 4 12 5 10 0 0 0 5 2 0 18 13 0 0 0 12 0 0 7 0 0 0 0 0 0 0 8 0 25 0 0 0 0 7 0 6 5 0 0 0 0 0 0 0 0 88 0 0 0 0 0 0 0 0 1 0 102 0 12 0 0 8 0 6 11 0 9 0 0 0 18 219 0 0 6 0 0 0 0 0 0 0 0 0 0 0 0 0 0 0 0 0 0 0 0 0 0 0 0 0 0 0 0 0 0 231 0 0 0 0 0 0 0 0 225 220 0 0 0 3
0 0 0 2 0 2 0 8 3 5 4 4 0 5 5 10 0 0 0 5 2 0 19 14 0 0 0 3 0 0 8 0 0 0 0 0 0 0 8 0 31 0 0 0 0 7 0 6 6 0 0 0 0 0 0 0 0 95 0 0 0 0 0 0 0 0 7 0 107 0 12 0 0 8 0 6 11 0 9 0 0 0 10 242 0 0 5 0 0 0 0 0 0 0 0 0 0 0 0 0 0 0 0 0 0 0 0 0 0 0 0 0 0 0 0 0 0 251 0 0 0 0 15 0 0 0 243 238 0 0 0 3
0 0 0 2 0 2 3 5 1 4 3 4 0 4 4 10 0 0 0 5 2 0 21 17 0 0 0 3 1 0 8 0 0 0 0 0 0 0 8 0 31 0 0 0 0 7 0 6 5 0 0 0 0 0 0 0 0 102 0 0 0 0 0 0 0 0 0 0 100 0 11 0 0 8 0 5 11 0 8 0 0 0 8 237 0 0 4 0 0 0 0 0 0 0 0 0 0 0 0 0 0 0 0 0 0 0 0 0 0 0 0 0 0 0 0 0 0 262 0 0 0 0 26 11 0 0 253 249 0 0 0 3
1 1 0 4 0 3 6 43 40 23 8 7 17 19 8 17 1 0 0 9 4 14 36 27 0 0 0 19 6 0 17 0 0 0 0 0 0 0 16 0 76 0 0 0 0 13 0 11 10 0 0 0 0 0 0 0 0 176 90 0 0 0 0 0 15 0 41 0 201 0 22 0 0 15 6 10 21 0 16 0 0 0 10 558 0 0 10 0 0 0 0 0 0 0 0 0 0 0 0 0 0 0 0 0 0 0 0 0 4 0 0 0 0 205 0 0 126 487 0 0 145 0 230 218 206 0 465 461 0 0 3 5
0 0 0 0 0 0 0 1 0 0 1 1 0 1 0 1 0 0 0 1 0 0 0 0 0 0 0 0 0 0 0 0 0 0 0 0 0 0 0 0 0 0 0 0 0 1 0 1 0 0 0 0 0 0 0 0 0 9 0 0 0 0 0 0 0 0 0 0 0 0 1 0 0 0 0 0 1 0 1 0 0 0 2 0 0 0 0 0 0 0 0 0 0 0 0 0 0 0 0 0 0 0 0 0 0 0 0 0 0 0 0 0 0 0 0 0 0 0 0 0 0 0 0 0 0 0 0 0 0 0 0 0
0 0 0 0 0 0 0 0 0 0 0 1 0 1 0 1 0 0 0 1 0 0 0 0 0 0 0 0 0 0 0 0 0 0 0 0 0 0 0 0 0 0 0 0 0 1 0 1 1 0 0 0 0 0 0 0 0 12 0 0 0 0 0 0 0 0 0 0 0 0 2 0 0 1 0 1 1 0 1 0 0 0 2 0 0 0 0 0 0 0 0 0 0 0 0 0 0 0 0 0 0 0 0 0 0 0 0 0 0 0 0 0 0 0 0 0 0 0 0 0 0 0 0 0 0 0 6 0 0 0 0 0
22 14 39 13 58 11 77 80 47 10 21 21 49 36 41 43 2 0 0 32 10 200 252 165 37 43 0 14 39 183 53 38 27 91 194 33 0 10 51 0 252 0 0 51 0 53 0 80 77 121 71 4 81 104 61 88 997 635 1104 416 113 792 612 538 229 0 166 0 632 135 328 492 348 318 354 242 313 348 467 276 319 277 89 2051 0 120 182 0 0 0 0 0 65 35 33 0 0 0 0 105 869 0 0 0 0 0 0 196 747 1550 1567 913 595 1617 1596 1574 1659 1666 1636 1516 1552 1537 1526 1548 1546 1567 1559 1565 0 248 691 14
121 28 67 168 76 55 195 139 55 54 56 64 77 16 60 52 2 1 0 174 55 24 89 79 16 3 0 4 5 0 3 0 28 202 838 6 0 137 4 36 138 0 10 18 0 24 0 21 19 52 16 95 162 62 48 51 0 10 111 0 0 0 17 6 51 16 0 42 128 249 53 35 58 51 32 45 52 0 72 0 0 51 13 0 0 681 805 0 0 0 0 0 0 6 44 0 0 0 0 0 0 0 0 0 0 0 0 1 186 19 16 0 0 36 28 3 20 26 49 36 31 35 41 52 45 45 47 49 0 0 126 0
0 18 0 1 0 1 4 3 0 4 23 61 0 25 0 22 1 0 0 151 35 1 23 31 0 0 0 0 0 0 0 0 0 0 0 0 0 0 8 0 0 0 0 13 0 26 0 11 8 0 0 0 6 0 0 0 0 8 10 0 0 0 15 7 0 0 27 2 694 0 42 16 0 37 36 33 34 32 52 0 0 0 4 0 0 0 9 0 0 0 0 0 2 2 5 0 0 0 0 0 0 0 0 300 0 0 1 0 90 0 0 0 0 5 2 0 0 6 0 0 0 0 2 2 2 0 7 6 0 0 0 0
539 3926 0 4417 717 35910 775 0 0 0 0 0 0 0 2385 0 44830 1 2853 4581 14334 0 0 0 0 0 0 120 521 0 835 4607 0 0 23 563 0 0 1696 0 0 0 0 1698 0 0 0 290 1076 0 0 0 68 0 0 0 0 0 0 0 0 0 0 62 0 0 0 0 0 353 626 0 0 378 1 75 14 0 5604 0 0 5 0 265 0 0 0 0 0 0 0 0 0 0 0 0 0 0 0 0 0 0 0 0 0 0 0 0 0 0 0 0 0 0 0 0 0 0 0 0 11 2 0 0 0 0 0 0 0 0 0 0
