143
0 0 0 0 0 17 0 0 175 1111 2067 313 166 142 418 35 37 0 0 0 112 0 0 0 0 0 0 0 0 0 0 0 0 0 0 0 41708 36 1366 0 0 170 0 13 76 0 224 0 10 13 0 0 0 77 1561 645 0 0 41 50 363 0 0 0 0 0 0 0 0 0 0 0 2 0 0 0 0 0 0 0 0 0 0 0 0 0 219 0 0 0 0 0 0 0 0 0 757 0 0 0 0 0 0 0 0 0 0 0 0 0 0 0 0 0 0 0 2 0 0 185 0 0 20 174 125 72 0 0 0 0 0 0 0 17 20 43 18 63 59 11 13 0 0
146 0 550 25 43 57 301 26 1278 390 88 1158 522 295 81 43 192 216 74 62 1078 0 11 27 85 6 5 17 11 21 114 60 86 190 446 41 115 62 5135 59 77 162 0 315 222 628 107 348 248 230 6 0 232 352 184 0 548 0 40 62 46 65 102 55 211 34 142 38 41 56 0 10 137 50 50 65 22 25 86 3725 0 0 51 93 45 0 85 28 40 22 17 1 11 26 0 0 3298 0 0 283 0 0 0 0 39 0 0 82 0 0 0 0 85 39 259 0 23 129 72 3645 2 3 4595 3605 4284 6655 2937 8002 3 5 2 2 2 511 750 1191 891 1893 1978 192 116 129 0
7 0 0 2 4 60 21 4 0 359 2202 5 1143 1874 1017 4 30 50 0 3 324 113 756 1404 776 1395 1895 722 1958 1845 13 0 0 20 92 21 4 131 5924 5 1 770 0 44 18 0 0 0 0 0 0 0 0 43 0 0 160 0 0 145 83 1 0 0 0 1 0 1 0 3 0 1209 17 0 0 3 0 0 0 73 0 0 5 0 4 0 3 2 4 2 0 0 0 1 0 0 2023 0 0 119 0 0 0 0 0 0 0 0 0 0 0 0 4 0 41 0 0 0 0 363 0 0 693 404 501 625 171 466 1 1 0 1 1 22 42 43 71 77 95 86 83 0 0
2 0 0 0 1 27 4 1 37 45 28 104 91 21 26 180 159 229 44 30 165 0 0 0 0 0 0 0 0 0 0 0 0 0 4 736 0 62 5933 3907 0 788 392 429 1063 566 802 0 126 175 0 0 1 511 0 0 118 65 130 228 598 0 216 9 172 196 227 227 233 251 0 0 195 0 0 99 0 36 95 0 0 0 0 0 0 0 101 0 0 0 0 0 0 0 0 0 3473 0 0 1097 0 0 0 0 0 0 0 0 0 0 0 0 4 0 0 0 49 0 69 0 0 0 2 0 0 1 0 0 0 0 0 0 0 0 0 0 0 0 0 147 106 137 15
0 0 0 0 0 0 1 0 42 0 12 43 38 17 10 42 0 12 6 0 125 0 0 0 0 0 0 0 0 0 31 0 0 0 20627 53 0 0 1161 3 0 207 0 108 148 124 58 0 1 5 0 0 0 124 0 0 0 0 20 0 0 0 0 0 1 16 9 15 8 16 0 0 62 0 0 24 0 0 14 0 0 0 0 0 0 0 0 0 0 0 0 0 0 0 0 0 0 0 0 4 0 0 0 0 0 0 0 0 0 0 0 0 1 0 0 0 0 0 0 0 0 0 0 0 0 0 0 0 0 0 0 0 0 0 0 0 0 0 0 0 0 0 0
0 0 0 0 3 0 46 2 22 12 2 57 21 0 4 24 0 34 15 0 349 0 1 1 3 0 0 0 0 0 25 0 5 20 195 30 4 31465 68 53 3 125 2 111 180 73 0 0 21 22 0 0 0 46 975 218 0 0 24 33 103 3 30 0 14 30 23 31 28 37 0 0 50 0 6 21 0 0 19 0 0 0 4 0 3 0 14 0 3 2 4 0 1 0 0 0 19 0 0 11 0 0 0 0 0 0 0 0 0 0 0 0 4 0 0 0 0 0 9 182 0 0 165 194 181 259 110 299 0 0 0 0 0 28 40 69 47 106 109 23 15 0 0
0 0 0 0 0 0 0 0 3 0 0 0 6 0 0 0 0 0 0 0 176 0 0 0 0 0 0 0 0 0 0 0 0 0 0 0 0 0 0 0 0 0 524 0 0 0 0 0 0 0 0 0 0 0 0 0 1218 0 0 0 0 0 0 0 0 0 0 0 0 0 0 0 0 0 0 0 0 0 0 0 0 0 0 0 0 0 0 0 0 0 0 0 0 0 0 0 0 0 0 0 0 0 0 0 0 0 0 0 0 0 0 0 0 0 0 0 0 0 0 0 0 0 0 0 0 0 0 0 0 0 0 0 0 0 0 0 0 0 0 0 0 0 0
5 0 0 0 41 0 5 0 5428 229 923 8 4649 22 1573 520 1 36 20 0 169 0 2 2 1 0 0 0 1 2 171 0 0 0 230 143 0 0 1196 351 0 4215 110 186 257 6 0 0 0 0 0 0 1 103 139 0 0 0 0 0 0 0 0 0 0 0 0 32 0 0 0 0 47 0 0 11 0 0 0 0 0 0 0 0 0 0 66 0 0 0 0 0 0 0 0 0 74 0 0 139 0 0 0 0 0 0 0 0 0 0 0 0 2 0 0 0 0 0 0 23 0 0 1 1 1 20 0 1 0 0 0 0 0 0 0 0 0 0 0 0 8 22 0
0 0 10 0 0 0 0 0 0 0 0 1190 2033 2860 177 20 0 24 0 0 121 0 0 0 0 0 0 0 0 0 38254 0 0 0 0 331 0 0 0 0 0 10 9 5 128 0 0 0 0 0 0 0 0 0 0 101 372 0 17 0 0 0 21 0 9 0 14 0 20 0 0 0 0 0 0 0 0 0 0 0 0 0 0 0 0 0 22 0 0 0 0 0 0 0 0 0 3 0 0 0 0 0 0 0 26 0 0 0 0 0 0 0 0 0 0 0 0 0 0 1 0 0 0 0 0 0 0 0 0 0 0 0 0 0 0 0 0 0 0 0 0 0 7
0 0 0 0 0 0 1 0 54 0 0 0 913 17 8 44 636 58 13 11 182 0 0 2 4 1 0 7 0 0 0 64105 0 0 0 0 0 1 0 0 0 183 281 109 578 123 305 0 115 58 7 0 0 0 0 644 174 0 55 1 0 0 53 9 41 59 65 70 82 79 0 0 37 0 0 24 0 29 13601 10 0 17 0 0 0 0 369 0 0 0 0 0 0 4 0 0 1806 23 37 526 0 0 88 2 319 0 0 0 0 0 0 0 8 0 0 0 0 0 0 0 0 0 0 0 0 0 0 0 0 0 0 0 0 0 0 0 0 0 0 47 24 9 4
0 0 0 0 0 0 13 0 22 24 0 0 768 27 16 24 24 12 0 0 132 0 0 0 0 0 0 0 0 0 0 0 0 0 0 0 0 0 0 0 0 25 0 4 0 0 0 0 0 0 0 0 0 34 1072 534 0 0 0 0 0 68 0 0 0 0 0 0 0 0 0 0 0 0 0 0 0 0 0 0 0 0 0 0 0 0 88 0 0 0 0 0 0 0 0 0 0 0 0 233 0 0 0 0 98 0 0 0 0 0 0 0 0 0 23 0 10 0 0 17 0 0 0 0 0 17 0 0 0 0 0 0 0 0 0 0 0 0 0 22 0 0 2
0 0 0 0 0 0 8 0 0 391 977 0 151 182 33 30 22 54 1 1 166 0 0 1 2 0 0 1 0 0 1546 772 0 229 0 2502 0 0 0 0 1 16 27 18 155 0 14 0 0 0 0 0 2 10 45 247 225 0 33 0 0 0 36 0 29 4 45 4 58 8 0 0 0 0 0 0 0 0 173 1 0 0 0 0 0 0 216 0 0 0 0 0 0 0 0 0 26 0 0 0 0 0 0 12 56 0 0 0 0 0 0 0 1 0 0 0 0 0 0 2 0 0 1 2 1 2 0 1 0 0 0 0 0 0 0 0 0 0 0 4 0 0 347
0 0 0 0 0 0 0 0 0 0 0 0 0 0 834 7 0 0 0 0 70 0 0 0 0 0 0 0 0 0 0 0 0 0 0 51 0 0 0 0 12 2 0 0 67 32 0 0 0 0 0 0 0 0 0 0 0 0 9 12 0 0 11 0 0 0 0 0 5 0 0 0 9 0 0 6 0 0 0 0 0 0 0 0 0 0 0 0 0 0 0 0 0 0 0 0 0 0 0 0 0 0 0 0 0 0 0 0 0 0 0 0 0 0 0 0 0 0 0 0 0 0 0 0 0 0 0 0 0 0 0 0 0 0 0 0 0 0 0 0 0 0 0
0 0 0 0 0 1 10 0 0 0 0 0 119 0 46 37 135 2 7 0 131 0 1 9 5 1 2 3 2 5 572 0 8 0 0 35850 0 0 204 0 0 152 166 81 1011 77 165 0 28 14 0 0 67 0 0 478 0 0 12 16 0 19 0 0 24 42 37 46 51 64 0 1 18 0 0 39 0 5 46 13 0 0 0 0 0 0 131 0 3 0 0 0 3 0 0 0 58 0 0 696 0 0 0 0 144 0 0 0 0 0 0 0 280 0 0 0 0 0 0 98 0 0 89 101 137 126 36 96 0 0 0 0 0 3 6 8 9 11 12 60 17 0 11
0 0 0 0 0 0 25 0 0 0 0 0 0 0 0 0 0 0 2 0 127 0 0 0 1 0 0 0 0 0 0 0 4 0 0 0 0 0 0 0 0 7 19 16 43 48 0 0 0 0 0 0 0 12 18 167 0 0 0 0 0 0 11 0 0 0 0 0 0 0 0 0 0 0 0 10 0 0 7 0 0 0 0 0 0 0 0 0 0 0 0 0 0 0 0 0 414 0 0 0 0 0 0 0 0 0 0 0 0 0 0 0 0 0 0 0 0 0 0 0 0 0 0 0 0 0 0 0 0 0 0 0 0 0 0 0 0 0 0 21 0 0 0
0 0 0 0 0 0 14 0 0 0 0 0 0 0 0 0 0 9 0 0 118 0 0 1 1 0 0 1 0 1 0 0 0 14 88 0 1 0 0 0 0 52 0 25 0 0 248 0 173 0 0 0 0 0 0 229 105 0 0 0 0 0 0 0 0 0 0 0 0 0 0 0 0 0 0 0 0 0 39 0 0 0 0 0 0 0 9 0 0 0 0 0 0 0 0 0 0 0 0 0 0 0 0 0 0 0 0 0 0 0 0 0 1 0 0 0 0 0 0 0 0 0 0 0 0 0 0 0 0 0 0 0 0 0 0 0 0 0 0 0 0 0 0
0 0 0 0 10 6 67 0 43 0 0 0 5 0 4 18 0 17 0 0 115 0 0 0 0 0 0 0 0 0 0 0 0 0 0 0 0 0 0 0 28440 98 0 109 0 18 70 0 0 0 18 0 0 17 855 1265 0 0 19 0 0 0 0 0 1 21 1 22 9 22 0 0 0 0 0 3 0 0 0 0 0 0 0 0 0 0 0 0 0 0 0 0 0 0 0 0 415 0 0 947 0 0 0 0 0 0 0 0 0 0 0 0 0 0 0 0 0 0 0 0 0 0 0 0 0 0 0 0 0 0 0 0 0 0 0 0 0 0 0 3 13 0 0
7 0 0 0 0 0 849 0 0 0 0 0 54 0 326 0 0 0 6 0 51 3 3 4 12 2 1 2 0 0 0 0 0 17 79 14 10 0 1 0 0 10 6 39 15 0 446 2 38 0 23244 0 1 0 0 172 0 0 0 44 0 595 693 0 0 0 0 0 0 228 0 1 0 0 0 1916 0 0 500 1 32283 0 0 0 0 0 0 0 0 0 0 0 0 0 0 0 1 0 0 0 0 0 0 0 0 0 0 0 0 0 0 0 1 0 0 0 0 0 0 2 0 0 1 1 1 1 2 1 0 0 0 0 0 3 3 2 3 2 2 0 0 0 0
3 0 1 0 0 0 14 0 1 0 0 0 1 0 0 0 2 0 0 0 425 0 0 1 2 0 0 1 0 0 0 0 0 0 50 0 0 0 0 0 0 0 0 16 0 0 0 1 0 0 0 19070 3 0 0 28 0 0 0 0 0 0 0 0 0 0 0 0 0 0 0 0 0 0 0 0 0 0 0 1 0 0 1 0 3 0 5 0 0 5 0 0 0 0 0 0 0 0 0 0 0 0 7 0 0 0 0 0 0 0 0 0 5 0 0 0 0 0 0 5 0 0 4 5 6 6 2 5 0 0 0 0 0 0 1 1 1 1 1 0 0 0 0
2 0 0 0 19 6 6 1 18 0 0 0 0 9 0 12 1 11 110 0 31722 0 4 16 44 5 6 25 1 5 70 0 0 86 48 21 19 22 7 15 11 24 0 10 13 3 79 0 0 0 2594 0 1 0 415 1406 0 0 214 437 0 67 0 0 0 8 8 11 9 78 0 0 0 0 0 649 0 0 572 0 0 49871 0 0 1 0 0 0 0 1 0 0 83 1950 0 0 0 0 0 0 0 0 1768 0 0 0 0 0 0 0 0 0 4 0 0 0 10 0 0 1 0 0 1 1 1 1 0 1 0 0 0 0 0 1 1 3 1 0 4 46 0 0 0
0 0 0 0 0 0 0 0 0 0 0 0 0 0 0 0 0 0 0 0 0 5146 34437 63912 35308 63544 86293 32869 89162 84000 0 0 0 0 0 0 0 0 0 0 0 0 0 0 0 0 0 0 0 0 0 0 0 0 0 0 0 0 0 0 0 0 0 0 0 0 0 0 0 0 0 55041 0 0 0 0 0 0 0 2927 0 0 0 0 0 0 0 0 0 0 0 0 0 0 0 0 0 0 0 0 0 0 0 0 0 0 0 0 0 0 0 0 18 0 0 0 0 0 0 0 0 0 11975 0 1908 2605 0 0 10 10 0 28 43 406 511 241 1119 622 858 0 0 0 0
0 0 0 0 0 0 0 0 0 0 0 0 0 0 0 0 0 0 0 0 0 0 0 0 0 0 0 0 0 0 0 0 0 0 0 0 0 0 0 0 0 0 0 0 0 0 0 0 0 0 0 0 0 0 0 0 0 0 0 0 0 0 0 0 0 0 0 0 0 0 0 0 0 0 0 0 0 0 0 0 0 0 0 0 0 0 0 0 0 0 0 0 0 0 0 0 0 0 0 0 0 0 0 0 0 0 0 0 0 0 0 0 0 0 0 0 0 0 0 0 0 0 0 0 0 0 0 0 0 0 0 0 0 0 0 0 0 0 0 0 0 0 0
0 0 0 0 0 0 0 0 0 0 0 0 0 0 0 0 0 0 0 0 0 0 0 0 0 0 0 0 0 0 0 0 0 0 0 0 0 0 0 0 0 0 0 0 0 0 0 0 0 0 0 0 0 0 0 0 0 0 0 0 0 0 0 0 0 0 0 0 0 0 0 0 0 0 0 0 0 0 0 0 0 0 0 0 0 0 0 0 0 0 0 0 0 0 0 0 0 0 0 0 0 0 0 0 0 0 0 0 0 0 0 0 0 0 0 0 0 0 0 0 0 0 0 0 0 0 0 0 0 0 0 0 0 0 0 0 0 0 0 0 0 0 0
0 0 0 0 0 0 0 0 0 0 0 0 0 0 0 0 0 0 0 0 0 0 0 0 0 0 0 0 0 0 0 0 0 0 0 0 0 0 0 0 0 0 0 0 0 0 0 0 0 0 0 0 0 0 0 0 0 0 0 0 0 0 0 0 0 0 0 0 0 0 0 0 0 0 0 0 0 0 0 0 0 0 0 0 0 0 0 0 0 0 0 0 0 0 0 0 0 0 0 0 0 0 0 0 0 0 0 0 0 0 0 0 0 0 0 0 0 0 0 0 0 0 0 0 0 0 0 0 0 0 0 0 0 0 0 0 0 0 0 0 0 0 0
0 0 0 0 0 0 0 0 0 0 0 0 0 0 0 0 0 0 0 0 0 0 0 0 0 0 0 0 0 0 0 0 0 0 0 0 0 0 0 0 0 0 0 0 0 0 0 0 0 0 0 0 0 0 0 0 0 0 0 0 0 0 0 0 0 0 0 0 0 0 0 0 0 0 0 0 0 0 0 0 0 0 0 0 0 0 0 0 0 0 0 0 0 0 0 0 0 0 0 0 0 0 0 0 0 0 0 0 0 0 0 0 0 0 0 0 0 0 0 0 0 0 0 0 0 0 0 0 0 0 0 0 0 0 0 0 0 0 0 0 0 0 0
0 0 0 0 0 0 0 0 0 0 0 0 0 0 0 0 0 0 0 0 0 0 0 0 0 0 0 0 0 0 0 0 0 0 0 0 0 0 0 0 0 0 0 0 0 0 0 0 0 0 0 0 0 0 0 0 0 0 0 0 0 0 0 0 0 0 0 0 0 0 0 0 0 0 0 0 0 0 0 0 0 0 0 0 0 0 0 0 0 0 0 0 0 0 0 0 0 0 0 0 0 0 0 0 0 0 0 0 0 0 0 0 0 0 0 0 0 0 0 0 0 0 0 0 0 0 0 0 0 0 0 0 0 0 0 0 0 0 0 0 0 0 0
0 0 0 0 0 0 0 0 0 0 0 0 0 0 0 0 0 0 0 0 0 0 0 0 0 0 0 0 0 0 0 0 0 0 0 0 0 0 0 0 0 0 0 0 0 0 0 0 0 0 0 0 0 0 0 0 0 0 0 0 0 0 0 0 0 0 0 0 0 0 0 0 0 0 0 0 0 0 0 0 0 0 0 0 0 0 0 0 0 0 0 0 0 0 0 0 0 0 0 0 0 0 0 0 0 0 0 0 0 0 0 0 0 0 0 0 0 0 0 0 0 0 0 0 0 0 0 0 0 0 0 0 0 0 0 0 0 0 0 0 0 0 0
0 0 0 0 0 0 0 0 0 0 0 0 0 0 0 0 0 0 0 0 0 0 0 0 0 0 0 0 0 0 0 0 0 0 0 0 0 0 0 0 0 0 0 0 0 0 0 0 0 0 0 0 0 0 0 0 0 0 0 0 0 0 0 0 0 0 0 0 0 0 0 0 0 0 0 0 0 0 0 0 0 0 0 0 0 0 0 0 0 0 0 0 0 0 0 0 0 0 0 0 0 0 0 0 0 0 0 0 0 0 0 0 0 0 0 0 0 0 0 0 0 0 0 0 0 0 0 0 0 0 0 0 0 0 0 0 0 0 0 0 0 0 0
0 0 0 0 0 0 0 0 0 0 0 0 0 0 0 0 0 0 0 0 0 688 444 90 40 199 16 358 0 9 0 0 0 0 0 0 0 0 0 0 0 0 0 0 0 0 0 544 0 0 0 0 0 0 0 0 0 0 0 0 0 0 0 0 0 0 0 0 0 0 0 267 0 0 0 0 0 0 0 172 0 0 0 0 0 0 0 0 0 0 0 0 0 0 0 0 0 0 0 0 0 0 0 0 0 0 0 0 0 0 0 0 0 0 0 0 0 0 0 0 0 0 163 0 0 0 444 0 0 0 0 1 1 665 625 528 599 355 359 0 0 0 0
0 0 0 0 0 0 0 0 0 0 0 0 0 0 0 0 0 0 0 0 0 0 0 0 0 0 0 0 0 0 0 0 0 0 0 0 0 0 0 0 0 0 0 0 0 0 0 0 0 0 0 0 0 0 0 0 0 0 0 0 0 0 0 0 0 0 0 0 0 0 0 0 0 0 0 0 0 0 0 0 0 0 0 0 0 0 0 0 0 0 0 0 0 0 0 0 0 0 0 0 0 0 0 0 0 0 0 0 0 0 0 0 0 0 0 0 0 0 0 0 0 0 0 0 0 0 0 0 0 0 0 0 0 0 0 0 0 0 0 0 0 0 0
11 0 0 42 0 0 54 0 0 11 81 0 53 0 34 19 18 5 4 0 521 1 1 3 6 1 0 3 0 2 0 0 64 0 124 0 5 29 0 37 0 30 0 46 42 1 0 1 0 0 2 0 9 0 0 413 0 0 0 10 0 5 4 3 0 0 0 0 0 0 0 1 0 0 0 0 2 0 0 6 0 0 3 0 0 0 0 0 1 2 0 0 4 0 0 0 27 0 0 0 0 0 20 8 0 0 0 0 0 0 0 0 6 0 0 0 0 0 44 11 0 0 6 9 9 9 2 5 0 0 0 0 0 2 2 2 2 3 3 39 6 0 0
4 0 3 24 10 1 45 5 39 0 45 0 35 25 19 12 10 3 3 1 1013 0 0 2 5 1 0 2 0 1 4 0 30 0 113 0 0 0 0 18 0 17 0 69 23 0 0 1 0 0 2 1 5 0 0 407 56 0 0 0 0 5 3 0 0 0 0 0 0 0 0 0 0 0 0 0 0 0 0 3 0 0 7 0 5 0 3 0 3 5 0 0 1 0 0 0 7 0 0 0 0 0 0 3 0 0 0 0 0 0 0 0 4 0 0 0 0 0 0 11 0 0 4 7 7 6 1 3 0 0 0 0 0 1 1 2 1 3 3 4 0 0 0
12 0 3 18 15 0 53 2 9 5 6 9 6 0 0 12 3 0 0 0 387 1 1 2 4 1 0 2 0 1 0 0 0 0 44 0 1 0 0 0 0 3 0 35 0 0 0 1 0 0 0 0 1 0 0 348 0 0 0 0 0 1 0 0 0 0 0 0 0 0 0 0 0 0 0 0 0 0 0 1 0 0 2 0 1 0 0 0 0 1 0 0 0 0 0 0 0 0 0 0 0 0 0 0 0 0 0 0 0 0 0 0 2 0 0 0 0 0 0 2 0 0 2 2 2 2 1 1 0 0 0 0 0 1 1 1 1 1 1 0 0 0 0
22 0 0 8 13 0 76 9 280 8 466 0 325 272 199 0 106 0 0 0 426 4 3 8 18 4 1 9 0 3 190 117 188 0 0 0 0 0 871 66 74 0 0 602 0 0 0 3 0 0 0 0 7 0 0 392 58 0 0 0 0 0 0 0 0 0 0 0 0 0 0 2 0 0 0 0 0 0 0 5 0 0 0 0 0 0 0 0 0 2 0 0 0 0 0 0 0 0 0 0 0 0 0 36 0 0 0 0 0 0 0 0 2 0 0 0 0 0 0 4 0 0 6 1 1 4 3 1 0 0 0 0 0 4 4 3 4 3 3 0 0 0 0
34 0 0 0 0 0 203 0 876 282 679 67 237 521 45 0 53 0 0 0 379 1 1 1 2 0 0 2 0 1 0 0 0 520 0 29 367 0 810 83 863 0 0 0 0 0 0 1 0 0 0 0 2 0 0 431 0 0 0 0 0 0 0 0 0 0 0 0 0 0 0 0 0 0 0 0 0 0 0 1 0 0 173 0 121 0 169 0 21 162 0 0 0 0 0 0 0 0 0 121 0 0 0 0 0 0 0 0 0 0 0 0 7 0 0 0 0 0 0 1 0 0 2 0 0 1 1 0 0 0 0 0 0 1 1 1 1 1 1 0 0 0 0
90 0 0 0 0 0 30 0 0 184 214 0 0 0 0 4 108 0 0 0 237 7346 4735 957 428 2129 175 3821 13 94 6 0 9 85 0 0 119 0 91 44 277 6 0 29 58 0 0 5806 0 0 0 0 0 0 0 199 0 0 0 0 0 0 0 0 0 0 0 0 0 0 0 2849 0 0 0 0 0 0 0 1833 0 0 1 0 1 0 0 0 0 2 0 0 0 0 0 0 0 0 0 0 0 0 0 0 0 0 0 0 0 0 0 0 4 0 0 0 0 0 0 1 0 0 1744 1 1 1 4746 0 1 1 0 9 14 7103 6669 5639 6397 3792 3831 0 0 0 0
0 0 0 4 3 0 29 1 14 11 18 4 5 6 1 0 10 0 1 0 225 0 0 0 1 0 0 0 0 0 0 2 0 60 0 0 0 0 52 15 128 11 0 20 12 0 0 0 0 0 0 0 0 0 0 291 89 0 0 0 0 0 0 0 0 0 0 0 0 0 0 0 0 0 0 0 0 0 0 0 0 0 1 0 0 0 0 0 0 1 0 0 0 0 0 0 0 0 0 0 0 0 0 0 0 0 0 0 0 0 0 0 5 0 0 0 0 0 0 0 0 0 0 0 0 0 0 0 0 0 0 0 0 0 0 0 0 0 0 0 0 0 0
0 0 0 0 22 0 37 7 23 0 14 20 16 151 8 3 4 0 3 0 278 0 0 0 1 0 0 0 0 0 0 0 3 104 34 52 82 0 0 357 64 16 0 23 0 0 0 0 0 0 0 0 1 0 0 484 0 0 0 0 0 0 0 0 0 0 0 0 0 0 0 0 0 0 0 0 0 0 0 1 0 0 1 0 0 0 0 0 1 1 0 0 0 0 0 0 0 0 0 0 0 0 0 0 0 0 0 0 0 0 0 0 1 0 0 0 0 0 0 2 0 0 1 1 1 1 0 0 0 0 0 0 0 3 3 7 3 10 10 0 0 0 0
0 0 0 0 0 0 22 0 813 12 1398 689 910 0 603 10 212 0 4 0 402 1 1 5 13 2 0 5 0 0 306 76 611 0 0 0 0 27 0 712 0 7 0 26 157 0 0 1 0 0 0 0 21 0 0 412 0 0 0 0 0 0 0 0 0 0 0 0 0 0 0 0 0 0 0 0 0 0 0 12 0 0 7 0 6 0 6 4 0 6 0 0 0 0 0 0 119 0 0 542 0 0 0 0 0 0 0 0 0 0 0 0 5 0 0 0 0 0 65 7 0 0 19 1 1 13 1 1 0 0 0 0 0 2 3 2 2 4 4 7 0 0 0
1 0 0 0 0 0 49 0 363 218 73 27 37 252 23 8 158 0 5 0 129 0 0 1 2 0 0 2 0 1 0 0 46 0 0 0 0 0 0 0 0 3 0 36 194 0 0 0 0 0 0 0 17 0 0 392 0 0 0 0 0 0 0 0 0 0 0 0 0 0 0 0 0 0 0 5 0 0 0 1 0 0 0 0 0 0 0 0 0 0 0 0 0 0 0 0 87 0 0 0 0 0 0 0 0 0 0 0 0 0 0 0 15 0 0 0 0 0 0 1 0 0 62 1 1 34 0 0 0 0 0 0 0 3 5 2 3 9 9 0 18 0 0
16 0 0 0 6 0 23 0 97 75 26 0 0 91 0 1 0 1 3 0 192 0 0 2 5 1 0 6 1 2 254 40 773 0 0 0 0 0 686 165 0 6 0 36 149 0 0 0 0 0 0 0 1 0 0 327 0 0 0 0 0 0 0 0 0 0 0 0 0 0 0 1 0 0 4 1 0 0 0 10 0 0 1 0 0 0 0 0 0 1 0 0 0 0 0 0 36 0 0 193 0 0 0 0 0 0 0 0 0 0 0 0 69 0 0 0 0 0 52 12 0 0 0 1 1 1 0 0 0 0 0 0 0 1 1 2 1 0 0 0 10 0 0
0 0 0 0 0 0 9 0 0 0 0 0 0 0 0 0 0 0 0 0 117 0 0 0 0 0 0 0 0 0 0 0 0 5 60 0 0 0 0 0 0 0 0 18 0 0 0 0 0 0 0 0 0 0 0 200 0 0 0 0 0 0 0 0 0 0 0 0 0 0 0 0 0 0 0 0 0 0 0 0 0 0 0 0 0 0 0 0 0 0 0 0 0 0 0 0 0 0 0 0 0 0 0 0 0 0 0 0 0 0 0 0 2 0 0 0 0 0 0 0 0 0 0 0 0 0 0 0 0 0 0 0 0 0 0 0 0 0 0 0 0 0 0
305 50 158 0 93 0 0 0 0 0 71 0 41 0 0 127 509 0 15 2 553 22 25 104 91 14 21 50 27 57 29 96 191 208 216 171 77 68 228 303 89 262 0 8361 1875 142 0 17 509 0 0 0 728 36 72 710 0 0 142 137 0 270 79 0 0 36 0 53 89 202 0 27 0 47 0 331 127 55 764 162 0 0 35 0 30 0 31 21 50 28 157 0 45 0 0 0 1081 0 0 0 0 0 161 0 189 0 0 0 0 0 0 0 3075 0 0 0 38 0 91 1093 1 1 1016 1139 1513 1389 404 1039 1 1 1 0 0 52 93 118 119 151 162 415 43 293 0
0 0 0 0 0 0 8 0 0 0 0 0 4 0 0 0 0 0 0 0 169 0 0 8 25 3 2 37 1 5 0 0 0 0 18 0 0 0 0 0 0 0 0 0 0 0 0 0 0 0 0 0 1 0 0 149 0 0 0 0 0 0 0 0 0 0 0 0 0 0 0 1 0 0 0 0 0 0 0 9 0 0 0 0 0 0 8 0 0 11 0 0 0 0 0 0 0 0 0 0 0 0 0 0 0 0 0 0 0 0 0 0 16 0 0 0 0 0 0 120 0 0 48 113 103 127 53 140 0 0 0 0 0 12 17 22 16 42 43 0 0 0 0
0 0 0 0 0 0 64 0 0 0 55 0 0 0 0 1 36 0 44 0 312 0 0 2 5 1 0 9 1 4 0 0 24 11 859 0 0 0 0 0 0 46 0 145 0 0 0 0 0 0 0 0 8 10 0 7 261 5 0 61 0 0 0 0 0 0 0 0 0 10 0 1 0 0 0 138 242 0 10 1 0 0 0 0 0 0 0 0 0 3 0 0 0 0 0 0 171 0 0 0 0 0 0 0 0 0 0 0 0 0 0 0 8 0 0 0 57 0 0 14 0 0 9 4 3 18 0 1 0 0 0 0 0 1 2 3 2 1 5 14 65 300 0
4 0 5 0 0 0 25 0 23 0 18 23 0 0 0 73 0 55 5 0 230 2 2 9 6 1 1 9 2 5 0 0 3 65 123 17 12 5 37 43 26 27 0 55 6 0 262 2 189 0 0 0 11 0 0 364 0 0 0 144 0 11 0 0 0 0 0 0 0 0 0 5 0 0 6 18 0 0 1031 39 0 0 1 0 0 0 10 0 0 1 0 0 0 0 407 0 20 0 0 0 0 0 0 0 0 0 0 0 0 0 0 0 89 0 0 0 0 0 0 65 0 0 70 54 90 96 29 78 0 0 0 0 0 3 4 2 5 2 6 0 0 0 0
0 0 11 0 0 24 43 6 1 0 3 0 2 0 2 0 0 0 19 0 339 0 0 3 8 1 1 3 0 1 478 265 379 210 333 146 148 118 20 83 29 184 13 120 119 0 0 0 1126 47 33 0 14 133 35 880 0 0 64 101 4 133 53 0 0 0 0 17 31 96 52 1 49 0 12 34 2 0 29 21 0 0 0 0 0 0 0 0 0 1 0 0 2 0 0 0 1016 0 0 0 0 0 0 0 0 0 0 0 0 4 20 0 3 0 0 0 0 0 0 60 0 0 52 116 89 18 0 1 0 0 0 0 0 7 16 32 21 41 40 37 2 0 0
0 0 0 0 0 0 0 0 0 0 0 0 0 0 0 0 0 0 0 0 0 0 0 0 0 0 0 0 0 0 0 0 0 0 0 0 0 0 0 0 0 0 0 0 0 0 0 0 0 0 0 0 0 0 0 0 0 0 0 0 0 0 0 0 0 0 0 0 0 0 0 0 0 0 0 0 0 0 0 0 0 0 0 0 0 0 0 0 0 0 0 0 0 0 0 0 0 0 0 0 0 0 0 0 0 0 0 0 0 0 0 0 0 0 0 0 0 0 0 0 0 0 0 0 0 0 0 0 0 0 0 0 0 0 0 0 0 0 0 0 0 0 0
0 0 8 0 0 0 70 19 12 0 31 16 4 0 3 0 10 0 30 10 905 0 3 3 10 1 0 4 1 3 202 199 773 987 684 399 163 311 782 688 318 702 0 234 387 0 0 0 0 3327 0 0 28 87 0 884 0 0 341 955 0 131 129 0 0 0 0 0 0 15 0 7 98 0 38 129 0 0 143 492 0 0 7 0 5 0 3 0 0 4 0 0 0 0 0 0 112 0 0 0 0 0 0 0 0 0 0 0 0 91 0 0 88 0 0 0 95 8 85 87 0 0 101 101 96 110 37 96 0 0 0 0 0 8 16 21 17 35 36 69 94 128 0
0 0 14 0 0 0 76 13 21 0 14 16 11 0 3 28 1 260 26 3 173 0 6 14 30 3 3 21 4 7 42 11 90 245 199 49 33 32 268 136 107 135 19 185 11 18 0 32 0 0 0 0 130 73 0 854 0 0 53 144 0 52 63 0 0 0 0 0 0 649 0 9 0 0 51 90 31 0 0 41 0 0 8 0 1 0 3 0 11 1 11 13 4 0 0 0 625 0 0 0 0 0 0 0 0 0 0 0 0 663 0 0 358 0 715 0 343 329 176 446 0 0 375 442 485 495 155 391 0 0 0 0 0 22 36 49 39 85 87 645 85 355 0
6 0 4 5 7 0 426 0 1 0 2 0 0 0 0 1 0 0 13 0 379 0 4 55 133 20 5 57 1 25 0 0 55 13 263 13 26 7 7 4 0 68 1 77 53 35 0 0 3 6 0 0 0 0 119 315 107 0 0 0 2 21 0 421 0 0 11 0 0 88 0 1 37 0 3 14 0 0 11 0 0 0 1 0 0 0 0 0 0 0 0 0 14 0 0 0 0 0 0 0 0 0 0 0 0 0 0 0 0 0 0 0 1 0 0 0 0 0 0 1 0 0 0 0 0 0 0 0 0 0 0 0 0 0 0 0 0 0 0 0 0 0 0
173 1043 384 124 628 408 2428 382 274 4 115 166 290 257 3 219 454 616 0 106 1001 74141 47902 9973 4680 21719 2038 38733 414 1243 8 0 20 188 658 6 50 6 85 29 30 42 102 167 60 93 5 58594 87 54 3503 0 530 4847 234 1555 1328 32 186 1376 0 18 0 315 0 113 0 54 30 308 0 28927 120 0 0 413 0 6 760 18551 0 0 345 26 278 24 289 207 134 258 7 0 9443 49 0 0 0 0 0 51 576 23 0 530 7600 39038 63 0 0 0 0 0 148 0 0 0 273 11 111 307 0 0 17626 200 214 206 47838 150 10 6 0 94 137 71709 67326 56948 64581 38304 38693 53 82 157 0
0 0 0 0 0 0 0 0 0 0 0 0 0 0 0 0 0 0 0 0 0 0 0 0 0 0 0 0 0 0 0 0 0 0 0 0 0 0 0 0 0 0 0 0 0 0 0 0 0 0 0 0 0 0 0 0 0 0 0 0 0 0 0 0 0 0 0 0 0 0 0 0 0 0 0 0 0 0 0 0 0 0 0 0 0 0 0 0 0 0 0 0 0 0 0 0 0 0 0 0 0 0 0 0 0 0 0 0 0 0 0 0 0 0 0 0 0 0 0 0 0 0 0 0 0 0 0 0 0 0 0 0 0 0 0 0 0 0 0 0 0 0 0
0 0 0 0 0 0 956 0 123 68 0 0 14 98 0 23 0 64 26 18 6840 9863 6362 1323 667 2866 240 5147 21 132 461 240 444 755 929 160 143 128 135 269 71 190 0 377 0 105 0 7829 0 0 34 0 104 0 1367 1562 114 0 0 0 0 104 0 0 0 0 0 0 0 24 0 3831 0 0 32 58 0 0 0 2486 0 437 1807 249 1451 0 1478 1078 671 1309 27 0 69 24 0 0 522 0 0 0 0 0 0 0 0 0 0 0 0 0 0 0 152 0 0 0 0 0 0 151 0 0 2473 157 194 193 6409 137 1 1 0 13 18 9546 8968 7592 8605 5122 5175 33 52 0 0
0 0 18 38 88 0 244 0 126 68 0 0 45 66 0 47 0 505 69 0 736 20 28 71 312 32 27 103 128 253 60 46 444 33 291 381 266 86 180 142 88 462 0 186 234 389 0 16 251 116 0 0 3 0 0 310 88 0 190 52 1254 830 189 0 0 0 0 0 0 596 65 13 106 0 38 39 41 129 38 22 264 0 1299 0 85 0 686 5 780 6 663 0 129 0 0 23 0 0 46 0 0 0 95 1 0 0 0 0 0 18 0 0 58 0 0 0 0 0 0 135 0 0 126 102 127 125 45 62 0 0 0 0 0 48 51 77 50 101 103 63 11 0 59
0 2182 2730 6968 2738 0 2309 132 0 0 0 0 1 0 0 0 0 0 0 0 669 1912 1239 283 162 570 61 1017 18 38 0 0 0 0 0 0 0 0 0 0 0 0 0 0 0 0 0 1511 0 0 0 0 0 0 0 0 0 0 0 0 0 0 0 0 0 0 0 0 0 0 0 750 0 0 0 0 0 0 0 477 0 0 294 0 184 0 321 0 0 325 0 0 0 0 0 0 0 0 0 0 0 0 0 0 0 0 0 0 0 0 0 0 1 0 0 0 0 0 0 12 0 0 454 0 1 1 1232 0 0 0 0 2 4 1848 1735 1468 1665 987 997 0 0 0 0
203 0 0 0 177 73 0 69 0 0 70 0 287 232 94 0 26 281 27 91 1137 176 1183 2259 1391 2211 2954 1279 3076 3064 243 0 246 0 15 152 0 61 331 410 390 93 421 143 0 290 80 773 305 194 0 0 1785 0 0 1985 0 122 220 99 0 0 314 85 0 26 0 0 72 110 114 1901 61 176 294 94 0 95 0 375 0 0 63 0 46 0 130 0 419 144 39 29 0 0 310 282 85 99 116 242 0 28 178 23 82 21 27 19 0 0 0 0 134 73 578 16 0 13 1020 1177 1 0 657 905 830 759 82 240 0 1 0 2 3 76 91 128 111 190 201 30 60 228 0
154 101 143 0 188 57 493 408 148 29 116 242 155 110 140 94 543 1435 54 151 124 5 10 65 185 22 15 259 19 40 611 487 1596 18 12 856 224 263 1296 1923 1560 331 594 83 0 500 152 5 384 208 35 0 2125 541 653 31 0 0 998 317 19 291 511 122 37 133 48 92 91 427 653 53 0 1182 1409 1051 18 853 0 294 11 77 6 35 4 1 6 2 6 3 85 100 42 24 0 0 447 0 0 0 95 0 1347 0 206 48 307 38 0 113 48 34 132 195 0 215 0 106 385 896 0 0 279 859 708 554 112 292 0 0 0 0 0 30 41 62 44 96 97 188 268 0 5
0 0 9 0 0 0 134 24 0 0 10 0 0 0 1 7 0 470 100 0 117 2 3 35 57 8 6 94 20 46 15 24 18 205 495 73 13 10 383 1032 29 37 0 128 49 173 0 2 0 0 1 0 3 168 0 368 0 0 0 3 0 18 0 0 0 0 0 0 0 0 0 6 292 0 366 261 141 25 238 55 0 0 0 0 0 0 4 0 9 0 0 0 1 0 387 0 0 0 0 0 0 0 0 0 0 0 0 0 0 0 0 0 9 0 0 0 0 0 0 17 0 0 13 2 2 19 2 2 0 0 0 0 0 5 6 7 5 11 11 0 26 0 0
0 0 0 0 0 0 16 1 1 0 4 7 0 0 0 30 0 0 17 0 114 1 1 2 6 0 0 2 0 1 0 23 71 602 42 19 0 0 6 10 1 149 0 114 0 0 0 1 0 0 6 0 789 108 0 813 0 0 0 0 0 16 0 0 0 0 0 0 0 0 0 1 87 0 347 19 0 0 0 1 0 0 0 0 0 0 0 0 0 0 0 0 1 0 1929 0 0 0 0 0 0 0 0 0 0 0 0 0 0 0 0 0 1 0 0 0 0 0 34 20 0 0 10 1 1 19 1 1 0 0 0 0 0 5 6 11 6 16 16 0 0 0 0
0 0 0 0 2 0 36 0 4 4 3 2 3 3 2 3 4 36 7 3 312 0 3 96 1362 28 57 39 0 1 9 5 9 90 190 113 4 3 2 69 29 147 13 27 78 78 0 0 1 0 0 12 3 35 0 255 32 0 60 125 0 0 0 15 0 0 15 33 3 140 4 1 11 11 7 29 2 19 111 3 43 34 311 44 5 2 1 1 2 1 117 30 11 1 70 0 136 0 0 0 0 0 0 0 0 0 0 3 0 6 4 0 3 0 0 0 0 0 1 89 0 0 82 83 88 187 259 705 0 0 0 0 0 5 10 7 18 17 20 6 3 0 0
1 0 0 0 3 0 29 2 5 4 0 27 10 0 0 5 2 0 87 0 115 30 20 12 14 11 2 19 5 13 0 0 0 14 51 1 1 0 3 1 0 3 0 15 2 0 0 24 0 0 0 0 3 0 0 145 78 0 0 0 4 0 898 0 0 0 0 0 0 0 0 12 10 0 0 2 0 0 0 9 0 0 0 0 0 0 0 0 0 0 0 0 0 0 1072 0 574 0 0 0 0 0 0 0 0 0 0 0 0 0 0 0 14 0 0 0 0 0 0 23 0 0 73 30 26 42 20 2 0 0 0 0 0 34 36 33 34 36 36 0 0 0 0
2 0 12 0 2 0 78 2 0 0 7 0 0 9 0 11 1 0 127 92 117 2 2 7 4 1 1 3 2 69 0 0 35 172 301 18 16 13 21 23 3 43 0 71 32 23 0 2 0 0 10 4 1 49 0 548 0 0 416 2168 281 0 0 0 0 1508 0 0 0 90 0 5 39 0 50 65 0 0 0 20 0 0 0 0 0 0 0 0 0 0 0 0 1 0 995 0 0 0 0 0 0 0 0 0 0 0 0 0 0 0 0 0 5 0 0 0 13 0 0 166 0 0 73 158 139 151 20 51 0 0 0 0 0 36 44 82 41 125 122 0 0 0 0
4 0 20 0 32 3 128 31 2 0 4 111 38 6 0 51 26 1044 195 462 182 47 43 92 91 25 15 133 7 24 0 244 366 140 303 106 113 115 23 66 211 188 52 76 121 274 55 38 149 35 0 0 592 152 1160 357 0 0 79 467 0 1033 625 0 298 116 116 318 151 1627 3886 184 741 2047 524 315 2204 2655 839 519 0 0 0 0 1 0 1 0 0 1 92 0 8 18 1674 117 687 0 0 0 0 0 7 0 0 0 0 14 0 0 0 0 28 0 98 0 12 0 0 60 0 0 45 53 50 53 31 0 0 0 0 0 0 68 71 90 66 108 104 36 16 0 11
26 0 8 0 0 0 114 9 0 0 16 0 0 0 2 38 0 39 31 4 633 5 13 238 346 39 54 379 2 3 68 42 157 714 735 127 76 26 31 67 35 38 16 201 208 204 113 4 59 35 25 68 108 355 413 615 318 0 20 433 678 155 231 0 0 0 0 0 0 4492 19 5 110 191 145 192 15 0 835 106 0 1 170 46 11 2 6 5 9 6 97 19 10 0 27 0 0 0 0 0 0 0 0 0 0 0 0 0 0 49 0 23 30 0 0 0 4 0 0 807 0 1 724 848 815 1132 425 1152 1 1 1 0 0 104 151 259 185 386 403 11 11 0 0
6 0 0 0 0 0 120 8 1 0 4 0 1 0 0 25 0 238 32 0 323 8 9 84 187 24 20 289 0 2 32 23 150 514 343 193 58 38 90 576 67 341 0 92 157 92 303 6 232 173 19 0 16 246 380 904 0 0 327 348 535 174 0 0 26 0 1 0 68 1711 368 52 150 429 218 275 321 436 386 162 0 0 503 0 246 0 0 0 0 1 0 0 17 0 0 0 32 0 0 0 0 0 0 0 0 0 0 0 0 0 0 0 16 0 0 0 0 0 0 1 0 0 10 1 1 0 5 0 0 0 0 0 0 8 9 6 9 4 4 0 0 0 0
20 0 5 0 0 0 90 20 0 0 13 0 2 0 3 40 0 43 21 0 478 2 2 10 3 1 1 3 1 1 418 235 343 210 514 97 108 8 31 57 29 33 14 155 122 117 20 2 43 41 0 11 0 172 1156 942 192 0 40 73 0 85 47 0 19 0 0 5 0 106 0 2 81 0 19 33 10 0 19 41 0 0 11 0 9 1 5 3 8 5 6 0 3 8 0 0 514 0 0 0 0 0 0 0 0 0 0 0 0 0 12 35 13 0 0 0 10 0 12 1179 1 1 1128 1131 1191 1834 622 1697 1 1 0 0 0 31 61 58 123 109 152 28 23 0 0
6 0 0 0 0 0 24 0 9 0 4 0 8 0 13 22 0 39 1 0 152 6 4 17 14 3 2 17 0 1 31 36 116 381 237 30 47 22 12 12 3 13 0 67 68 63 0 5 10 16 17 0 1 111 281 754 11 0 15 8 0 47 11 0 18 0 0 0 0 293 141 15 54 649 200 143 0 51 10 241 0 0 0 0 0 0 4 0 9 0 0 0 2 0 49 13 39 0 0 0 0 0 48 0 0 0 0 0 0 0 0 0 4 0 0 0 0 0 0 1 0 0 2 1 1 1 4 1 0 0 0 0 0 7 6 5 6 3 4 1 0 0 0
17 0 2 0 0 0 38 8 0 0 11 0 0 0 4 22 0 12 19 0 253 1 1 4 6 1 1 6 1 1 96 56 107 69 314 31 42 31 22 28 12 9 0 76 77 48 0 1 17 14 12 0 204 74 231 824 0 0 28 239 0 42 117 0 4 0 1821 1408 0 1016 0 5 78 12 197 69 21 22 82 43 0 0 14 0 7 0 4 2 6 3 0 0 2 2 0 0 126 0 0 0 0 0 0 0 0 0 0 0 0 12 0 0 9 0 0 0 0 0 8 521 0 1 522 664 618 705 281 763 1 1 1 0 0 28 70 112 111 144 167 13 10 0 0
4 0 0 0 0 0 55 3 1 0 2 0 1 0 0 13 0 0 132 0 130 7 6 5 3 3 1 8 0 1 104 62 111 223 132 31 0 32 6 16 12 61 0 30 0 13 0 5 0 0 0 0 68 0 0 437 0 0 6 29 0 52 0 0 0 0 0 0 0 0 0 41 43 66 26 97 1225 171 0 73 0 0 0 0 0 0 0 0 0 0 3 0 2 0 476 0 0 0 0 0 9 0 0 0 0 0 0 0 0 0 0 0 1 0 0 0 0 0 0 1 0 0 2 1 0 0 4 0 0 0 0 0 0 14 11 14 10 11 12 0 0 0 0
63 94 99 168 198 19 178 223 103 63 108 142 103 179 5 93 175 1528 178 539 454 2 20 81 206 24 21 275 25 44 182 48 153 693 562 260 285 54 472 1056 618 220 145 202 444 683 0 2 444 163 6 175 3585 256 0 382 0 0 297 1397 0 428 684 0 0 0 26 0 183 1043 0 192 523 438 706 916 1380 1155 1162 1433 0 0 10 130 3 0 10 1 18 2 174 248 58 46 0 336 520 0 0 0 0 0 1380 153 1263 0 0 172 0 14 0 0 201 0 316 0 225 56 53 546 0 0 602 502 843 840 299 823 1 0 0 0 0 17 33 40 49 67 73 175 123 227 0
0 0 0 0 0 0 0 0 0 0 0 0 0 0 0 0 0 0 0 0 0 0 0 0 0 0 0 0 0 0 0 0 0 0 0 0 0 0 0 0 0 0 0 0 0 0 0 0 0 0 0 0 0 0 0 0 0 0 0 0 0 0 0 0 0 0 0 0 0 0 0 0 0 0 0 0 0 0 0 0 0 0 0 0 0 0 0 0 0 0 0 0 0 0 0 0 0 0 0 0 0 0 0 0 0 0 0 0 0 0 0 0 0 0 0 0 0 0 0 0 0 0 0 0 0 0 0 0 0 0 0 0 0 0 0 0 0 0 0 0 0 0 0
0 0 0 0 0 0 194 0 15 0 42 7 0 0 41 105 24 83 20 179 1427 0 0 4 11 1 1 15 0 2 8 3 13 540 211 4 1 3 45 1 121 62 51 58 47 11 0 0 0 252 0 0 2 238 0 176 0 2 0 0 0 0 0 0 0 0 0 0 0 0 0 2 0 730 0 0 54 0 0 1 285 0 11 291 5 0 12 0 9 13 0 0 0 0 48 0 122 0 0 0 0 0 0 0 0 0 0 538 0 55 0 0 61 931 0 0 513 328 111 79 0 0 37 75 71 63 15 6 0 0 0 0 0 7 9 17 9 25 25 37 246 444 53
321 0 45 68 85 54 118 99 61 16 49 191 312 104 236 69 162 1342 260 343 143 1 5 37 109 11 10 135 7 27 523 290 432 6 262 145 121 148 92 181 55 234 0 85 135 196 126 1 151 108 35 85 350 109 1427 857 0 0 358 63 0 148 139 0 0 0 37 0 0 0 0 79 0 0 1724 761 478 908 107 47 653 657 187 1396 5 16 12 0 397 3 755 660 232 77 0 132 651 0 0 0 557 0 246 0 126 0 20 51 0 26 0 0 896 519 0 0 51 162 68 1060 0 0 184 997 739 468 47 123 0 0 0 0 0 45 54 110 52 165 157 92 240 297 0
6 0 0 2 7 0 34 1 3 1 4 1 2 2 2 9 0 6 14 8 229 0 0 1 5 0 0 4 0 1 5 3 7 46 172 2 1 3 11 33 0 11 17 55 42 0 0 1 0 0 0 19 20 0 0 655 0 0 0 0 0 13 0 0 0 0 0 0 0 0 0 17 3511 0 0 1438 113 65 158 44 0 0 3 0 1 0 2 0 2 1 0 0 0 0 0 0 9 0 0 0 0 0 0 0 0 0 0 350 0 0 0 0 96 0 0 0 120 0 1 35 0 0 18 39 31 22 1 4 0 0 0 0 0 1 3 5 4 7 8 0 83 4 0
3 0 0 0 0 0 18 0 0 0 2 1 0 0 0 1 0 0 19 0 481 1 1 4 10 1 1 11 1 2 3 2 5 27 112 2 0 1 1 0 0 13 0 42 0 0 0 1 0 0 0 0 87 0 0 256 0 0 0 0 0 0 0 0 0 0 0 0 0 0 0 10 142 0 0 0 0 57 0 13 0 0 6 0 3 0 5 0 0 5 0 0 0 0 0 0 6 0 0 0 0 0 0 0 0 0 0 0 0 0 0 0 23 0 0 0 60 0 283 52 0 0 37 82 64 20 1 1 0 0 0 0 0 5 10 19 13 23 23 0 20 0 0
17 0 38 57 55 1 76 111 9 5 8 161 65 42 14 89 15 327 94 171 147 0 5 23 44 5 6 76 7 30 0 2 48 179 190 21 11 6 69 54 17 60 0 62 0 21 0 0 3 0 3 15 126 22 0 603 10 0 0 5 0 100 7 0 0 0 0 1 0 0 0 17 0 0 0 2 0 407 0 130 34 0 12 36 7 0 9 0 10 3 0 0 13 0 6 0 414 0 0 0 0 310 0 83 321 0 0 62 0 0 0 0 242 0 0 0 190 0 22 411 0 0 230 469 418 365 54 145 0 0 1 0 0 43 69 111 70 177 180 38 77 260 113
12 0 17 0 48 34 116 29 23 0 3 107 52 0 2 60 2009 301 147 128 126 0 1 18 46 5 4 68 2 4 1 0 3 22 256 129 132 146 26 77 54 206 0 91 79 101 150 0 54 13 39 0 3 91 0 813 0 0 0 55 0 107 54 0 16 0 43 0 0 0 0 6 24 0 0 0 0 0 0 9 0 0 2 27 1 0 1 0 2 1 100 1 8 18 0 0 1035 0 0 0 2371 0 15 0 2364 1736 33 0 0 0 0 0 114 0 170 0 534 0 0 16 0 0 10 3 3 2 0 1 0 0 0 0 0 1 2 2 2 0 1 30 25 174 327
4 0 2 0 0 0 94 25 18 0 1 0 6 0 0 0 164 0 26 0 858 53 36 23 49 21 5 98 5 15 15 9 14 99 153 10 2 15 30 32 5 42 0 228 0 0 0 43 0 37 0 0 64 2 0 364 70 15 0 297 0 6 59 0 0 0 0 0 0 294 0 32 55 0 0 42 28 23 0 38 0 30 20 116 19 0 21 4 37 11 33 95 0 0 335 41 72 0 0 67 205 0 70 53 43 0 0 0 0 39 0 0 92 2 711 0 134 395 179 288 0 0 144 272 211 220 65 82 0 0 0 1 1 74 81 94 79 106 110 163 350 176 0
0 0 0 0 0 0 0 0 0 0 0 0 0 0 0 0 0 0 0 0 0 0 0 0 0 0 0 0 0 0 0 0 0 0 0 0 0 0 0 0 0 0 0 0 0 0 0 0 0 0 0 0 0 0 0 0 0 0 0 0 0 0 0 0 0 0 0 0 0 0 0 0 0 0 0 0 0 0 0 0 0 0 0 0 0 0 0 0 0 0 0 0 0 0 0 0 0 0 0 0 0 0 0 0 0 0 0 0 0 0 0 0 0 0 0 0 0 0 0 0 0 0 0 0 0 0 0 0 0 0 0 0 0 0 0 0 0 0 0 0 0 0 0
273 43 36 44 67 18 133 65 43 67 98 35 25 166 10 28 36 0 244 261 127 0 19 518 1334 119 108 562 34 120 133 78 151 337 412 70 128 53 101 105 79 81 150 139 74 111 161 0 253 55 3 123 34 87 0 1149 138 0 157 243 0 219 369 127 4 588 21 59 147 73 61 16 0 0 58 33 0 2 5 125 0 0 0 0 0 0 0 0 0 0 3279 2478 0 20 0 0 224 0 0 36 60 0 17 0 0 0 2 34 0 23 0 51 124 0 175 0 63 63 44 781 0 0 246 752 577 404 46 66 0 0 0 0 0 50 53 112 49 168 157 56 71 0 0
365 42 56 76 109 38 168 99 88 0 153 95 41 240 13 32 28 746 297 0 206 0 4 59 47 8 16 27 16 34 96 55 146 301 42 126 204 51 153 174 126 102 110 104 119 174 304 306 374 69 116 4 38 0 354 898 24 0 246 362 0 1308 564 141 0 856 34 89 259 100 13 7 115 0 85 51 52 26 0 63 3 0 0 0 0 0 0 0 0 0 4307 3207 44 20 0 0 227 0 0 2 149 0 0 0 0 0 0 0 0 20 0 0 94 0 0 0 60 114 86 855 0 0 216 815 603 461 44 82 0 0 0 0 0 137 144 310 128 460 430 76 109 0 0
0 0 0 0 0 0 13 0 1 0 3 0 0 1 0 0 0 2 0 3 61 0 2 26 37 4 7 15 12 16 0 0 0 13 0 0 0 0 0 0 0 3 0 1 5 0 439 0 0 0 0 0 48 0 0 0 0 0 0 0 0 0 1 1 0 0 0 0 0 0 0 4 0 0 0 0 0 0 0 45 0 0 0 0 0 0 0 0 0 0 50 48 0 0 0 0 2 0 0 0 0 0 0 0 0 0 0 0 0 0 0 0 48 0 0 0 0 0 0 946 0 0 158 898 653 427 15 0 0 0 0 0 0 35 37 79 33 117 109 0 0 0 0
186 0 25 37 51 5 79 49 30 43 73 17 13 114 2 21 26 407 163 180 109 0 5 111 286 24 29 114 9 27 47 29 89 249 108 47 97 32 74 75 58 58 14 36 57 82 84 0 186 8 6 0 0 0 65 585 251 0 119 176 0 169 245 30 0 380 6 31 69 30 0 4 0 0 42 23 0 0 0 30 0 0 0 0 0 0 0 0 0 0 2326 1723 0 18 0 0 85 0 0 0 82 0 8 0 0 0 0 0 0 0 0 0 21 0 0 0 0 0 0 61 0 0 41 60 48 47 0 0 0 0 0 0 0 47 49 106 44 158 147 32 18 0 0
1 0 0 0 0 0 18 0 8 1 18 5 2 5 1 3 0 0 0 0 64 0 0 2 3 0 1 1 1 2 0 0 0 57 0 0 1 0 0 0 0 13 0 6 10 4 433 0 0 0 0 0 0 0 0 0 0 0 0 0 0 2 3 0 0 0 0 0 0 0 0 0 0 0 0 0 0 0 0 0 0 0 0 0 0 0 0 0 0 0 4 3 0 0 0 0 14 0 0 0 2 0 0 0 0 0 0 0 0 0 0 0 3 0 4 0 0 0 0 10 0 0 0 0 0 0 0 0 0 0 0 0 0 0 0 0 0 0 0 0 0 0 0
20 0 2 4 4 1340 15 5 0 5 9 0 0 14 0 4 1 46 19 21 27 1 1 23 34 3 5 12 3 7 2 2 15 52 33 7 14 4 10 10 7 13 13 11 12 14 0 1 23 7 2 0 23 6 6 126 31 0 14 20 0 20 33 10 0 52 0 4 14 5 9 2 8 0 5 4 3 0 5 19 0 0 0 0 0 0 0 0 0 0 270 202 7 1 0 0 6 0 0 5 9 0 0 0 0 0 0 3 0 3 0 5 12 0 10 0 6 7 5 438 0 0 61 413 298 184 1 0 0 0 0 0 0 9 10 19 9 28 26 5 7 2 0
0 0 0 0 0 0 3 0 0 0 0 0 0 0 0 0 0 2 0 0 14 0 0 3 3 0 1 1 1 2 3 0 5 19 0 1 2 0 0 1 0 5 0 0 0 0 68 0 0 0 0 0 0 0 0 0 0 0 0 0 0 2 0 0 0 1 0 0 0 0 0 0 0 0 0 0 0 0 0 0 0 1 0 0 0 0 0 0 1 0 20 15 0 1 0 0 8 0 0 0 0 0 0 0 0 0 0 0 0 0 0 0 4 0 0 0 0 0 0 52 0 0 16 49 39 31 0 0 0 0 0 0 0 1 1 3 1 2 2 1 1 0 0
0 0 0 0 0 660 29 1 2 0 5 1 1 1 0 1 0 2 0 0 552 0 0 0 0 0 0 0 0 0 33 15 26 50 135 7 10 8 0 4 1 17 0 84 22 8 5 0 79 5 2 0 1 0 0 105 133 0 3 3 0 7 4 0 0 0 0 0 0 3 0 0 6 0 0 0 0 0 0 1 0 0 0 0 0 0 0 0 0 0 0 0 0 0 0 0 78 0 0 0 1 0 4 0 0 0 0 0 0 0 2 0 0 0 0 0 0 0 0 0 0 0 0 0 0 0 0 0 0 0 0 0 0 0 0 0 0 0 0 2 0 0 0
0 0 0 1 0 0 837 1 1 0 1 0 0 0 0 4 0 14 5 6 64 0 0 2 1 0 0 0 0 0 0 0 1 70 0 0 7 0 1 2 1 17 0 10 12 22 0 0 6 0 1 0 0 0 0 28 0 0 0 5 0 10 8 4 0 17 0 0 0 0 0 0 0 0 0 1 0 0 0 0 0 0 0 0 0 0 0 0 0 0 89 76 0 0 0 0 1 0 0 0 0 0 0 0 0 0 0 0 0 0 0 0 1 0 0 0 0 0 0 0 0 0 0 0 0 0 0 0 0 0 0 0 0 0 0 0 0 0 0 0 0 0 0
0 0 0 0 0 0 0 0 0 0 0 0 0 0 0 0 0 0 0 0 0 0 0 1 1 0 0 1 0 0 0 0 0 0 0 0 0 0 0 0 0 0 0 0 0 0 0 0 0 0 0 0 0 0 0 0 0 0 0 0 0 0 0 0 0 0 0 0 0 0 0 0 0 0 0 0 0 0 0 0 0 0 0 0 0 0 0 0 0 0 0 0 0 0 0 0 0 0 0 0 0 0 0 0 0 0 0 0 0 0 0 0 0 0 0 0 0 0 0 3 0 0 0 0 0 0 0 0 0 0 0 0 0 0 0 1 0 1 1 0 0 0 0
172 0 20 27 30 0 74 37 16 38 61 6 7 66 1 18 13 345 123 147 115 0 3 86 200 18 20 84 7 22 46 30 94 238 141 43 81 26 51 62 41 59 0 43 50 70 47 0 122 0 7 0 0 0 0 585 0 0 91 124 0 125 213 0 0 200 0 22 47 0 0 3 37 0 23 16 17 0 0 27 0 0 0 0 0 0 0 0 0 0 0 0 22 0 0 0 74 0 0 0 47 0 2 0 0 0 0 0 0 0 0 0 32 0 0 0 0 0 0 114 0 0 74 111 91 88 14 0 0 0 0 0 0 25 26 56 24 84 78 22 8 0 0
243 0 43 69 101 24 103 95 90 74 129 64 35 170 1 21 62 443 150 194 116 0 5 107 254 22 26 100 12 34 81 59 114 280 153 57 100 39 106 105 60 66 164 56 73 102 169 0 188 0 7 73 0 110 174 633 0 0 129 212 0 225 320 8 0 449 5 41 81 40 0 5 51 0 39 27 24 0 0 45 0 0 0 0 0 0 0 0 0 0 9575 0 87 0 0 77 531 0 0 0 254 0 127 0 1 0 0 4 0 0 0 0 189 0 0 0 150 237 169 610 0 0 344 593 482 487 111 201 0 1 0 0 0 103 110 232 100 346 324 169 203 161 0
2 0 0 1 1 0 54 1 1 0 2 0 0 0 0 1 0 2 16 0 238 0 0 1 1 0 0 1 1 2 0 0 34 25 230 9 18 5 5 4 0 50 0 66 22 12 0 1 2 0 0 0 0 0 0 527 72 0 0 0 0 4 0 0 0 0 0 0 0 0 0 0 23 0 1 1 0 0 6 0 18 0 9 0 0 0 6 0 13 0 0 0 0 1 0 0 0 0 0 0 0 0 0 0 0 0 0 0 0 0 0 0 1 0 0 0 0 0 0 5 0 0 2 5 4 3 0 0 0 0 0 0 0 1 1 2 1 3 3 0 0 0 0
0 0 0 4 12 3 12 12 0 0 0 0 0 5 0 14 0 60 16 0 110 0 0 10 8 1 1 13 0 3 158 91 143 256 124 41 44 43 11 30 14 72 5 38 41 50 33 0 33 17 0 0 0 0 91 509 32 0 19 12 0 38 16 0 3 28 0 6 0 8 0 0 24 0 4 11 1 0 11 8 0 0 0 0 0 0 0 0 46 0 509 352 0 0 0 0 198 0 0 0 0 0 0 0 0 0 0 0 0 5 0 1 9 0 5 0 6 29 9 20 0 0 51 19 21 43 0 0 0 0 0 0 0 15 16 33 14 50 47 24 31 0 0
816 259 205 182 357 176 354 141 139 90 170 522 192 159 324 161 165 710 5 1210 132 1 21 90 215 24 39 52 19 53 385 234 352 677 316 133 242 158 157 286 205 195 67 177 102 0 103 3 206 194 24 64 5528 187 1082 636 0 21 0 0 0 0 0 0 0 39 7 0 159 0 213 11 0 101 97 75 0 67 0 136 155 666 387 1231 3 9 29 1 678 3 1915 1760 89 54 0 0 1023 0 0 0 1191 0 2312 0 343 0 533 112 0 637 116 2249 249 0 2449 0 1017 306 522 1665 1 1 1105 1556 1549 1788 805 2198 0 1 0 1 1 181 232 417 252 654 635 578 584 399 0
239 421 292 189 574 451 386 196 622 389 404 1064 406 397 2277 962 790 519 520 672 200 4 8 54 88 6 13 31 5 15 38 514 2200 1079 709 635 745 755 199 431 217 717 82 151 105 695 1400 7 431 104 163 11 123 320 0 35 0 56 22 297 2444 532 364 0 231 4 347 0 460 433 0 12 138 0 45 98 2417 1185 0 63 2 51 2274 204 1454 4 1673 6 1872 498 653 0 55 80 255 0 341 0 0 0 804 4458 503 0 1418 0 0 0 0 0 0 0 1029 0 198 0 840 283 362 397 0 0 405 384 496 579 267 713 0 0 0 0 0 80 114 175 118 256 247 237 335 0 0
0 0 0 0 22 0 12 0 0 0 3 0 86 0 0 31 0 0 10 4 110 1 2 12 17 3 1 6 3 17 0 0 52 337 123 10 20 6 0 0 0 39 0 13 0 0 0 1 0 0 4 99 116 0 9 392 0 0 3 34 0 0 16 0 756 0 0 0 0 423 0 1 0 0 0 0 0 0 0 61 0 0 0 0 0 0 0 0 0 0 0 0 4 0 0 0 0 0 0 0 0 0 0 0 0 0 0 0 0 0 0 0 18 0 0 0 0 0 0 74 0 0 44 52 66 88 13 46 0 0 0 0 0 11 13 10 15 15 17 0 0 0 0
63 1482 1117 1181 1307 1545 772 1630 4431 0 2722 1239 5919 5881 2522 1045 2562 2055 412 819 330 171 137 178 263 83 33 217 46 127 8436 777 3251 3325 2144 3412 3586 3580 5604 4670 6804 1453 2277 1890 2327 7640 1755 796 5625 4109 183 1225 3266 1975 305 309 0 6232 2116 2642 3056 1642 3700 3806 469 1443 475 1192 5616 2201 3233 166 4427 1993 5082 1285 672 746 3632 695 264 5799 2732 347 2532 55 2194 415 1981 2182 1636 1096 572 76 9090 13130 842 0 4256 7083 178 3833 1734 202 2157 217 1252 190 686 369 354 0 910 2004 10344 1814 1590 783 5922 1469 1 0 811 1286 1298 1159 382 727 0 1 0 1 1 245 256 304 258 333 334 858 1230 3677 349
2521 1050 778 465 796 1013 480 643 2789 0 3417 1627 4218 2815 3362 434 1063 1244 437 744 147 1 19 115 159 21 21 83 31 84 4732 559 3072 3148 1319 1411 1435 1309 2351 1727 4198 898 1001 720 965 2076 2112 350 2061 1143 217 544 1756 763 0 1259 0 488 1186 1256 4209 755 1704 786 353 621 517 533 900 1002 673 60 1254 817 1061 418 360 339 373 391 27 1833 3945 242 4012 14 3213 2236 2727 3655 957 370 184 93 5127 432 1514 0 0 3730 98 0 1268 0 2379 0 503 0 235 100 0 0 269 226 2235 394 1009 437 2921 721 0 0 447 648 740 721 194 520 0 0 0 0 0 56 75 116 81 163 165 614 748 1132 158
108 0 0 0 0 0 145 0 116 0 0 262 123 0 731 62 0 817 220 371 122 0 12 28 78 9 7 113 7 32 620 392 597 517 0 240 86 167 0 286 0 275 60 200 210 276 337 2 98 440 52 0 491 182 1918 1017 0 50 160 252 350 246 314 89 72 146 83 141 358 240 8 11 112 101 117 132 57 150 0 54 0 0 323 46 10 0 152 5 781 9 514 201 49 6 78 639 1742 0 0 0 40 0 292 0 476 899 940 0 349 538 1170 0 367 793 1870 1185 1120 969 764 247 0 0 287 346 305 216 84 213 0 0 1 0 0 28 51 94 62 134 132 1079 1231 4530 11
368 6 106 8 137 156 179 56 171 78 148 356 193 155 771 70 78 784 252 115 117 0 6 37 41 7 9 62 7 15 1271 689 846 1092 342 244 238 295 134 164 384 301 132 144 136 193 448 1 167 91 67 0 223 225 1444 514 32 0 136 191 716 234 296 214 96 110 121 151 162 0 17 4 88 0 74 48 61 0 0 39 0 0 2 0 0 0 1 0 3 1 0 0 0 24 0 0 1515 0 0 0 0 0 204 0 492 0 0 0 0 234 0 0 27 0 425 0 0 147 0 417 0 0 135 393 296 237 17 45 0 0 0 0 0 15 20 32 19 51 51 143 53 26 0
174 759 729 413 726 1020 598 479 1036 19 1168 1137 1432 1295 1057 462 554 460 312 321 129 0 7 81 93 11 10 64 116 153 34 315 1858 940 698 907 845 827 1280 1350 2316 675 932 737 816 1380 1544 882 1323 964 83 0 547 771 2660 728 0 158 761 993 1105 2030 1501 523 173 541 402 536 306 781 422 28 494 235 473 299 0 177 551 875 140 591 781 219 4 9 561 1 805 2 871 454 194 39 1642 0 3180 0 276 201 509 0 1156 0 1020 0 2988 0 0 0 0 0 384 158 1451 0 884 926 629 1665 1 0 470 1585 1194 889 97 256 0 0 0 0 0 47 66 111 70 172 171 571 689 515 76
76 15 64 13 159 173 279 57 122 0 77 332 144 28 1078 100 94 423 0 0 341 0 54 33 70 7 6 45 6 28 0 969 1224 35 620 339 344 398 52 196 83 453 0 169 206 340 533 0 80 43 99 40 16 215 0 1110 0 0 65 171 822 215 153 0 121 0 159 0 176 173 0 0 68 0 9 53 13 0 0 0 0 82 1 0 1 7 377 0 925 0 0 0 57 49 0 0 4 0 0 0 0 0 0 0 453 0 0 0 0 0 0 0 9 0 0 0 0 0 8 27 0 0 10 1 1 23 44 136 0 0 0 0 0 2 3 2 4 0 0 87 28 0 0
293 53 782 60 275 397 221 80 409 0 346 0 286 227 1916 101 172 266 252 162 110 0 2 13 91 4 4 14 3 13 0 0 1682 0 373 410 562 504 125 245 224 481 78 65 178 431 1190 0 144 97 109 0 34 194 0 149 0 14 187 226 2455 344 233 229 190 206 284 487 362 275 0 3 107 69 58 52 0 25 0 323 63 132 1 0 1 0 1 0 1 1 0 0 0 69 42 490 3201 0 21 153 86 243 824 0 1387 49 518 55 32 64 99 8 10 39 735 0 107 70 57 32 0 0 12 28 21 20 0 0 0 0 0 0 0 4 5 10 5 14 14 144 57 93 119
12 0 22 5 68 69 130 4 0 0 0 0 53 0 462 46 18 55 18 24 114 1 1 3 9 1 1 2 1 3 805 447 580 797 272 154 187 188 18 87 32 223 0 61 98 171 246 1 44 1 48 0 1 30 1867 906 0 0 50 50 256 137 73 13 38 63 57 63 64 75 0 1 58 0 9 27 0 0 0 1 17 32 0 0 0 0 0 0 0 0 0 0 2 24 0 0 987 0 0 0 0 0 0 0 0 0 0 0 0 0 0 0 3 0 0 0 0 3 0 1 0 0 1 1 1 1 1 0 0 0 0 0 0 2 2 2 1 1 1 41 11 0 0
141 90 91 45 195 227 201 66 280 44 217 527 233 165 1147 88 127 293 240 262 116 0 3 12 51 4 6 24 6 12 609 946 1145 569 386 320 323 395 212 224 316 403 163 159 239 346 697 1 192 407 88 0 146 222 3129 657 0 0 190 195 1200 286 200 59 124 152 177 171 253 248 111 6 274 1 158 112 71 0 36 17 35 85 1092 123 455 2 775 1 961 1 374 114 39 48 145 75 2246 0 104 0 131 66 271 0 819 0 0 437 91 336 330 0 130 139 1135 291 582 143 141 104 0 0 68 125 117 78 18 46 0 0 0 0 0 8 13 26 16 35 34 390 999 46 10
246 178 218 49 333 161 196 143 370 117 437 572 375 233 761 98 621 1569 202 184 121 0 34 62 141 15 20 373 27 60 1390 34 873 401 631 420 394 361 647 652 671 356 406 462 444 643 662 305 840 647 58 0 2782 403 28 944 0 0 444 684 563 713 596 310 94 233 113 178 335 588 80 19 310 0 289 172 145 0 235 279 0 112 373 87 6 0 202 0 504 1 415 176 70 19 0 435 93 0 0 0 1775 0 834 0 11412 1272 0 0 0 361 20 0 342 0 821 0 450 217 187 243 0 0 212 243 222 232 35 93 0 0 0 0 0 18 31 51 39 72 77 302 660 26 28
56 0 29 68 60 11 102 81 71 54 56 146 48 100 20 79 111 196 159 211 120 0 8 16 35 2 6 10 6 14 347 219 298 575 270 148 140 127 136 211 169 173 124 191 66 179 36 1 110 811 22 52 343 252 815 847 0 0 115 124 0 170 144 0 17 69 3 62 68 172 0 12 0 0 0 114 0 60 58 47 0 62 2 46 0 0 0 0 52 0 140 0 111 0 0 2671 727 0 565 297 8 524 1183 0 531 0 287 0 1921 1576 995 0 825 1651 1113 976 1338 301 680 669 0 0 624 724 719 760 309 773 1 0 1 0 0 31 66 80 78 139 145 1013 287 798 0
602 369 432 298 533 381 1046 337 826 541 274 110 255 761 818 222 575 1442 1061 966 170 0 30 96 284 37 20 56 47 55 959 542 622 339 771 332 409 326 510 657 474 413 791 649 493 471 424 496 457 373 37 379 822 519 34 31 35 17 609 1453 39 495 746 513 121 1179 109 567 193 373 427 29 411 196 470 403 298 366 469 214 515 756 149 1598 0 12 0 0 510 0 931 819 91 154 345 1425 37 0 0 0 4240 57 914 0 1687 0 649 0 0 3356 3076 3459 1467 0 1807 0 640 384 666 835 0 0 631 794 830 877 319 811 0 0 0 1 1 73 102 162 101 270 265 7276 757 1217 0
253 188 160 101 365 271 46 94 1387 85 62 348 23 296 48 65 216 305 117 103 121 0 4 25 59 5 4 13 6 26 76 21 48 247 156 53 63 42 90 98 86 62 96 94 52 77 0 1 0 0 5 56 97 66 0 666 117 0 41 151 0 51 104 44 0 73 0 52 0 38 0 6 0 0 52 37 5 20 0 44 0 0 0 80 0 0 0 0 0 0 109 16 15 0 0 136 2280 0 0 0 0 342 423 0 659 0 0 0 0 0 0 0 728 0 144 0 88 0 303 406 0 0 414 513 593 461 129 348 1 0 1 0 0 22 51 89 68 116 122 160 172 49 0
359 184 683 249 808 240 439 539 1086 118 70 187 208 351 21 142 83 392 366 554 346 0 9 44 91 5 22 31 7 13 310 222 495 975 437 143 134 133 188 166 105 245 108 144 141 209 0 11 182 170 28 138 193 159 974 547 89 0 117 127 0 171 167 88 10 112 0 73 46 170 18 6 141 26 119 110 129 80 62 37 52 158 4 226 0 1 0 0 56 0 301 303 142 6 0 541 834 0 227 0 108 23 424 0 8 0 0 0 0 7471 0 494 755 0 428 0 264 64 234 180 0 0 127 213 168 139 38 99 0 0 0 0 0 12 24 38 29 53 52 1452 236 233 0
257 302 841 115 956 179 644 404 604 85 71 5 68 268 3 90 25 269 277 243 126 0 15 11 24 3 4 11 8 24 187 443 79 727 470 121 56 73 236 262 108 179 191 446 384 197 8 263 200 704 3 145 654 384 26 390 84 0 62 159 6 101 145 32 0 55 0 38 54 154 83 20 189 4 163 170 145 98 194 183 0 15 2 72 0 0 0 0 11 0 216 82 60 0 0 1134 2 282 644 537 210 163 692 0 9 30 527 835 0 899 0 0 1668 1046 1654 1345 598 959 1608 625 0 1 741 631 890 953 224 608 1 0 0 0 0 28 55 73 74 119 128 1576 1223 1813 0
0 0 0 0 0 0 0 0 0 0 0 0 0 0 0 0 0 0 0 0 0 0 0 0 0 0 0 0 0 0 0 0 0 0 0 0 0 0 0 0 0 0 0 0 0 0 0 0 0 0 0 0 0 0 0 0 0 0 0 0 0 0 0 0 0 0 0 0 0 0 0 0 0 0 0 0 0 0 0 0 0 0 0 0 0 0 0 0 0 0 0 0 0 0 0 0 0 0 0 0 0 0 0 0 0 0 0 0 0 0 0 0 0 0 0 0 0 0 0 0 0 0 0 0 0 0 0 0 0 0 0 0 0 0 0 0 0 0 0 0 0 0 0
93 0 37 110 52 46 71 77 56 16 60 136 71 48 7 53 92 161 230 335 119 0 17 46 47 3 12 21 4 11 451 250 338 496 165 132 92 120 139 178 91 146 96 119 110 139 140 3 107 652 23 126 1801 89 1058 632 0 0 81 156 100 107 142 179 50 118 44 91 267 305 61 14 0 0 282 382 85 233 0 49 41 140 140 213 3 0 14 0 254 3 211 148 61 7 42 138 1700 0 0 0 224 0 277 0 119 0 267 0 388 1173 442 0 393 0 889 0 646 0 339 1412 1 1 653 1389 1354 1117 256 662 0 0 0 0 0 45 71 126 86 179 183 429 518 439 0
38 0 0 64 151 122 191 40 46 29 0 540 119 101 842 87 93 255 472 280 534 12 12 50 95 19 17 36 4 8 1176 658 838 1069 413 247 2 275 139 298 88 342 5 145 114 226 437 11 25 0 64 39 230 793 4713 1233 0 106 111 422 604 204 472 0 60 41 141 152 327 325 0 27 1194 235 4399 642 2086 0 0 20 0 10 735 49 0 0 346 0 798 2 407 68 42 0 0 0 9 0 0 0 0 0 65 0 220 0 0 0 0 0 0 0 46 0 0 155 3211 0 81 190 0 0 196 129 178 214 58 155 0 0 0 0 0 21 31 39 35 41 50 247 0 0 0
63 207 567 113 209 346 843 378 468 85 239 108 410 463 121 630 631 1132 128 2 524 1 80 502 1091 107 103 768 143 254 546 54 2871 56 47 829 809 872 2914 1934 785 1399 857 687 1156 965 458 1470 1428 235 31 257 2409 810 344 482 0 0 840 510 51 1171 868 366 223 611 189 628 118 1303 810 416 517 244 1709 1489 1079 1072 999 552 314 611 115 927 4 9 12 1 386 2 1476 1193 286 74 1173 1134 269 0 0 0 565 413 2235 25 1470 0 961 0 1170 3302 1567 0 5546 1784 0 0 0 152 1203 6109 4 5 4905 6394 7803 7320 2056 5542 4 3 4 3 2 267 479 765 610 1133 1197 2652 2592 1033 0
0 0 2 0 31 15 66 22 40 32 0 1 4 30 10 38 44 128 55 0 134 0 2 11 19 2 4 8 1 4 308 171 7 353 3 67 75 81 9 50 26 111 0 197 0 73 105 2 0 0 22 0 166 82 891 488 335 2 23 18 43 49 0 0 0 32 0 31 41 68 0 2 0 0 0 0 0 0 0 56 0 0 51 19 0 0 1 0 2 0 113 0 172 0 0 0 763 0 0 0 540 0 19 0 73 0 0 0 0 0 0 0 76 0 0 180 0 0 0 181 0 0 215 120 212 223 69 209 0 0 0 0 0 4 8 9 13 14 15 1201 0 0 0
32 0 34 31 76 58 138 66 100 57 56 4 4 27 13 56 282 180 39 54 119 0 0 4 10 1 1 12 2 7 719 401 534 737 274 128 153 169 7 74 26 229 7 68 40 159 193 0 0 0 45 0 378 136 2638 888 0 0 16 99 263 138 32 15 24 66 40 69 64 96 0 3 0 0 78 34 40 0 0 12 0 0 255 1 1 0 132 1 318 1 114 0 28 0 0 0 2362 0 0 0 0 0 96 0 0 0 0 0 0 101 0 0 33 114 1392 0 681 0 95 92 0 0 86 82 86 127 59 150 0 0 0 0 0 6 11 14 14 20 25 457 0 0 0
1 0 28 0 52 0 96 35 261 317 187 162 87 405 63 35 44 141 20 0 150 0 0 7 17 2 2 27 1 6 0 115 230 428 182 17 63 67 0 3 0 146 0 48 41 85 3 1 0 0 23 0 51 23 890 733 0 0 58 0 0 69 26 7 13 30 0 21 0 27 0 3 0 0 0 0 0 19 0 10 0 0 1 10 0 0 0 0 38 0 28 0 6 0 0 0 397 0 0 0 19 0 0 0 6 0 0 0 0 0 0 0 14 0 0 0 234 0 0 67 0 0 45 47 39 57 24 74 0 0 0 0 0 5 8 10 10 16 18 0 4 0 0
0 0 0 0 0 0 0 0 0 0 0 0 0 0 0 0 0 0 0 0 0 0 0 0 0 0 0 0 0 0 0 0 0 0 0 0 0 0 0 0 0 0 0 0 0 0 0 0 0 0 0 0 0 0 0 0 0 0 0 0 0 0 0 0 0 0 0 0 0 0 0 0 0 0 0 0 0 0 0 0 0 0 0 0 0 0 0 0 0 0 0 0 0 0 0 0 0 0 0 0 0 0 0 0 0 0 0 0 0 0 0 0 0 0 0 0 0 0 0 0 0 0 0 0 0 0 0 0 0 0 0 0 0 0 0 0 0 0 0 0 0 0 0
0 0 0 0 0 0 0 0 0 0 0 0 0 0 0 0 0 0 0 0 1 1 10 18 10 18 24 9 25 23 0 0 0 0 0 0 0 0 0 0 0 0 0 0 0 0 0 0 0 0 0 0 0 0 0 0 0 0 0 0 0 0 0 0 0 0 0 0 0 0 0 15 0 0 0 0 0 0 0 1 0 0 0 0 0 0 0 0 0 0 0 0 0 0 0 0 0 0 0 0 0 0 0 0 0 0 0 0 0 0 0 0 0 0 0 0 0 0 0 0 0 0 3 0 1 1 0 0 0 0 0 0 0 0 0 0 0 0 0 0 0 0 0
0 0 0 0 0 0 0 0 0 0 0 0 0 0 0 0 0 0 0 0 0 1 7 13 7 13 17 7 18 17 0 0 0 0 0 0 0 0 0 0 0 0 0 0 0 0 0 0 0 0 0 0 0 0 0 0 0 0 0 0 0 0 0 0 0 0 0 0 0 0 0 11 0 0 0 0 0 0 0 1 0 0 0 0 0 0 0 0 0 0 0 0 0 0 0 0 0 0 0 0 0 0 0 0 0 0 0 0 0 0 0 0 0 0 0 0 0 0 0 0 0 0 2 0 0 1 0 0 0 0 0 0 0 0 0 0 0 0 0 0 0 0 0
0 0 0 0 0 0 0 0 0 0 0 0 0 0 0 0 0 0 0 0 0 0 0 0 0 0 0 0 0 0 0 0 0 0 0 0 0 0 0 0 0 0 0 0 0 0 0 0 0 0 0 0 0 0 0 0 0 0 0 0 0 0 0 0 0 0 0 0 0 0 0 0 0 0 0 0 0 0 0 0 0 0 0 0 0 0 0 0 0 0 0 0 0 0 0 0 0 0 0 0 0 0 0 0 0 0 0 0 0 0 0 0 0 0 0 0 0 0 0 0 0 0 0 0 0 0 0 0 0 0 0 0 0 0 0 0 0 0 0 0 0 0 0
0 0 0 0 0 0 0 0 0 0 0 0 0 0 0 0 0 0 0 0 0 0 0 0 0 0 0 0 0 0 0 0 0 0 0 0 0 0 0 0 0 0 0 0 0 0 0 0 0 0 0 0 0 0 0 0 0 0 0 0 0 0 0 0 0 0 0 0 0 0 0 0 0 0 0 0 0 0 0 0 0 0 0 0 0 0 0 0 0 0 0 0 0 0 0 0 0 0 0 0 0 0 0 0 0 0 0 0 0 0 0 0 0 0 0 0 0 0 0 0 0 0 0 0 0 0 0 0 0 0 0 0 0 0 0 0 0 0 0 0 0 0 0
0 0 0 0 0 0 0 0 0 0 0 0 0 0 0 0 0 0 0 0 0 0 0 0 0 0 0 0 0 0 0 0 0 0 0 0 0 0 0 0 0 0 0 0 0 0 0 0 0 0 0 0 0 0 0 0 0 0 0 0 0 0 0 0 0 0 0 0 0 0 0 0 0 0 0 0 0 0 0 0 0 0 0 0 0 0 0 0 0 0 0 0 0 0 0 0 0 0 0 0 0 0 0 0 0 0 0 0 0 0 0 0 0 0 0 0 0 0 0 0 0 0 0 0 0 0 0 0 0 0 0 0 0 0 0 0 0 0 0 0 0 0 0
0 0 0 0 0 0 0 0 0 0 0 0 0 0 0 0 0 0 0 0 0 0 0 0 0 0 0 0 0 0 0 0 0 0 0 0 0 0 0 0 0 0 0 0 0 0 0 0 0 0 0 0 0 0 0 0 0 0 0 0 0 0 0 0 0 0 0 0 0 0 0 0 0 0 0 0 0 0 0 0 0 0 0 0 0 0 0 0 0 0 0 0 0 0 0 0 0 0 0 0 0 0 0 0 0 0 0 0 0 0 0 0 0 0 0 0 0 0 0 0 0 0 0 0 0 0 0 0 0 0 0 0 0 0 0 0 0 0 0 0 0 0 0
0 0 0 0 0 0 0 0 0 0 0 0 0 0 0 0 0 0 0 0 0 0 0 0 0 0 0 0 0 0 0 0 0 0 0 0 0 0 0 0 0 0 0 0 0 0 0 0 0 0 0 0 0 0 0 0 0 0 0 0 0 0 0 0 0 0 0 0 0 0 0 0 0 0 0 0 0 0 0 0 0 0 0 0 0 0 0 0 0 0 0 0 0 0 0 0 0 0 0 0 0 0 0 0 0 0 0 0 0 0 0 0 0 0 0 0 0 0 0 0 0 0 0 0 0 0 0 0 0 0 0 0 0 0 0 0 0 0 0 0 0 0 0
0 0 0 0 0 0 0 0 0 0 0 0 0 0 0 0 0 0 0 0 0 0 0 0 0 0 0 0 0 0 0 0 0 0 0 0 0 0 0 0 0 0 0 0 0 0 0 0 0 0 0 0 0 0 0 0 0 0 0 0 0 0 0 0 0 0 0 0 0 0 0 0 0 0 0 0 0 0 0 0 0 0 0 0 0 0 0 0 0 0 0 0 0 0 0 0 0 0 0 0 0 0 0 0 0 0 0 0 0 0 0 0 0 0 0 0 0 0 0 0 0 0 0 0 0 0 0 0 0 0 0 0 0 0 0 0 0 0 0 0 0 0 0
0 0 0 0 0 0 0 0 0 0 0 0 0 0 0 0 0 0 0 0 0 1 7 13 7 12 17 6 17 16 0 0 0 0 0 0 0 0 0 0 0 0 0 0 0 0 0 0 0 0 0 0 0 0 0 0 0 0 0 0 0 0 0 0 0 0 0 0 0 0 0 11 0 0 0 0 0 0 0 1 0 0 0 0 0 0 0 0 0 0 0 0 0 0 0 0 0 0 0 0 0 0 0 0 0 0 0 0 0 0 0 0 0 0 0 0 0 0 0 0 0 0 2 0 0 1 0 0 0 0 0 0 0 0 0 0 0 0 0 0 0 0 0
0 0 0 0 0 0 0 0 0 0 0 0 0 0 0 0 0 0 0 0 0 0 0 0 0 0 0 0 0 0 0 0 0 0 0 0 0 0 0 0 0 0 0 0 0 0 0 0 0 0 0 0 0 0 0 0 0 0 0 0 0 0 0 0 0 0 0 0 0 0 0 0 0 0 0 0 0 0 0 0 0 0 0 0 0 0 0 0 0 0 0 0 0 0 0 0 0 0 0 0 0 0 0 0 0 0 0 0 0 0 0 0 0 0 0 0 0 0 0 0 0 0 0 0 0 0 0 0 0 0 0 0 0 0 0 0 0 0 0 0 0 0 0
0 0 0 0 0 0 0 0 0 0 0 0 0 0 0 0 0 0 0 0 0 0 3 6 3 6 8 3 8 8 0 0 0 0 0 0 0 0 0 0 0 0 0 0 0 0 0 0 0 0 0 0 0 0 0 0 0 0 0 0 0 0 0 0 0 0 0 0 0 0 0 5 0 0 0 0 0 0 0 0 0 0 0 0 0 0 0 0 0 0 0 0 0 0 0 0 0 0 0 0 0 0 0 0 0 0 0 0 0 0 0 0 0 0 0 0 0 0 0 0 0 0 1 0 0 0 0 0 0 0 0 0 0 0 0 0 0 0 0 0 0 0 0
0 0 0 0 0 0 0 0 0 0 0 0 0 0 0 0 0 0 0 0 0 0 0 0 0 0 0 0 0 0 0 0 0 0 0 0 0 0 0 0 0 0 0 0 0 0 0 0 0 0 0 0 0 0 0 0 0 0 0 0 0 0 0 0 0 0 0 0 0 0 0 0 0 0 0 0 0 0 0 0 0 0 0 0 0 0 0 0 0 0 0 0 0 0 0 0 0 0 0 0 0 0 0 0 0 0 0 0 0 0 0 0 0 0 0 0 0 0 0 0 0 0 0 0 0 0 0 0 0 0 0 0 0 0 0 0 0 0 0 0 0 0 0
0 0 0 0 0 0 0 0 0 0 0 0 0 0 0 0 0 0 0 0 0 0 0 0 0 0 0 0 0 0 0 0 0 0 0 0 0 0 0 0 0 0 0 0 0 0 0 0 0 0 0 0 0 0 0 0 0 0 0 0 0 0 0 0 0 0 0 0 0 0 0 0 0 0 0 0 0 0 0 0 0 0 0 0 0 0 0 0 0 0 0 0 0 0 0 0 0 0 0 0 0 0 0 0 0 0 0 0 0 0 0 0 0 0 0 0 0 0 0 0 0 0 0 0 0 0 0 0 0 0 0 0 0 0 0 0 0 0 0 0 0 0 0
0 0 0 0 0 0 0 0 0 0 0 0 0 0 0 0 0 0 0 0 0 0 0 0 0 0 0 0 0 0 0 0 0 0 0 0 0 0 0 0 0 0 0 0 0 0 0 0 0 0 0 0 0 0 0 0 0 0 0 0 0 0 0 0 0 0 0 0 0 0 0 0 0 0 0 0 0 0 0 0 0 0 0 0 0 0 0 0 0 0 0 0 0 0 0 0 0 0 0 0 0 0 0 0 0 0 0 0 0 0 0 0 0 0 0 0 0 0 0 0 0 0 0 0 0 0 0 0 0 0 0 0 0 0 0 0 0 0 0 0 0 0 0
0 0 0 0 0 0 0 0 0 0 0 0 0 0 0 0 0 0 0 0 0 0 0 0 0 0 0 0 0 0 0 0 0 0 0 0 0 0 0 0 0 0 0 0 0 0 0 0 0 0 0 0 0 0 0 0 0 0 0 0 0 0 0 0 0 0 0 0 0 0 0 0 0 0 0 0 0 0 0 0 0 0 0 0 0 0 0 0 0 0 0 0 0 0 0 0 0 0 0 0 0 0 0 0 0 0 0 0 0 0 0 0 0 0 0 0 0 0 0 0 0 0 0 0 0 0 0 0 0 0 0 0 0 0 0 0 0 0 0 0 0 0 0
0 0 0 0 0 0 0 0 0 0 0 0 0 0 0 0 0 0 0 0 0 0 0 0 0 0 0 0 0 0 0 0 0 0 0 0 0 0 0 0 0 0 0 0 0 0 0 0 0 0 0 0 0 0 0 0 0 0 0 0 0 0 0 0 0 0 0 0 0 0 0 0 0 0 0 0 0 0 0 0 0 0 0 0 0 0 0 0 0 0 0 0 0 0 0 0 0 0 0 0 0 0 0 0 0 0 0 0 0 0 0 0 0 0 0 0 0 0 0 0 0 0 0 0 0 0 0 0 0 0 0 0 0 0 0 0 0 0 0 0 0 0 0
0 0 0 0 0 0 0 0 0 0 0 0 0 0 0 0 0 0 0 0 0 0 0 0 0 0 0 0 0 0 0 0 0 0 0 0 0 0 0 0 0 0 0 0 0 0 0 0 0 0 0 0 0 0 0 0 0 0 0 0 0 0 0 0 0 0 0 0 0 0 0 0 0 0 0 0 0 0 0 0 0 0 0 0 0 0 0 0 0 0 0 0 0 0 0 0 0 0 0 0 0 0 0 0 0 0 0 0 0 0 0 0 0 0 0 0 0 0 0 0 0 0 0 0 0 0 0 0 0 0 0 0 0 0 0 0 0 0 0 0 0 0 0
0 0 0 0 0 0 0 0 0 0 0 0 0 0 0 0 0 0 0 0 0 0 0 0 0 0 0 0 0 0 0 0 0 0 0 0 0 0 0 0 0 0 0 0 0 0 0 0 0 0 0 0 0 0 0 0 0 0 0 0 0 0 0 0 0 0 0 0 0 0 0 0 0 0 0 0 0 0 0 0 0 0 0 0 0 0 0 0 0 0 0 0 0 0 0 0 0 0 0 0 0 0 0 0 0 0 0 0 0 0 0 0 0 0 0 0 0 0 0 0 0 0 0 0 0 0 0 0 0 0 0 0 0 0 0 0 0 0 0 0 0 0 0
0 0 0 0 0 0 0 0 0 0 0 0 0 0 0 0 0 0 0 0 0 0 0 0 0 0 0 0 0 0 0 0 0 0 0 0 0 0 0 0 0 0 0 0 0 0 0 0 0 0 0 0 0 0 0 0 0 0 0 0 0 0 0 0 0 0 0 0 0 0 0 0 0 0 0 0 0 0 0 0 0 0 0 0 0 0 0 0 0 0 0 0 0 0 0 0 0 0 0 0 0 0 0 0 0 0 0 0 0 0 0 0 0 0 0 0 0 0 0 0 0 0 0 0 0 0 0 0 0 0 0 0 0 0 0 0 0 0 0 0 0 0 0
0 0 0 0 39 0 54 12 2 0 0 0 0 0 0 36 0 7 16 0 114 0 1 2 2 3 1 1 2 3 0 0 27 137 168 5 13 12 0 0 17 72 0 30 0 16 0 0 0 0 3 0 124 0 0 502 0 0 14 2 0 2 46 0 0 4 0 0 0 2 0 3 0 0 6 16 0 0 0 17 0 0 1 0 0 0 0 0 1 0 0 0 6 0 0 0 34 0 0 0 0 0 0 0 0 0 0 0 0 0 0 0 109 0 0 0 0 0 11 451 0 0 170 439 413 303 50 135 0 0 0 0 0 3 6 10 10 13 15 0 0 0 0
0 0 0 0 25 0 70 0 11 0 4 151 11 0 2 43 0 61 60 47 119 0 2 24 75 3 14 25 2 15 0 68 54 190 169 6 18 21 9 0 0 112 0 64 0 11 0 6 0 0 3 0 53 0 0 512 0 0 0 76 0 30 1 0 0 5 0 1 0 19 0 3 0 0 0 0 0 0 0 14 0 0 2 0 0 0 0 0 0 0 0 0 7 0 0 0 388 0 0 0 0 0 0 0 0 0 0 0 0 0 0 0 162 0 92 0 146 15 0 128 0 0 92 132 124 130 35 92 0 0 0 0 0 10 19 28 21 40 42 336 0 46 0
339 0 315 0 113 103 238 0 98 0 89 822 322 64 979 96 311 683 74 98 149 0 1 9 43 2 4 24 3 11 1361 758 988 1435 508 218 302 355 58 138 83 415 0 11 0 251 396 1 0 0 82 0 58 190 2778 1095 0 8 115 301 323 237 148 25 49 115 109 150 199 205 0 5 0 0 0 46 0 0 0 41 48 26 293 209 0 0 32 0 648 1 261 0 61 24 0 419 1698 0 0 0 0 0 86 0 606 0 0 0 0 0 0 0 149 0 1608 0 264 297 382 583 0 0 283 553 629 527 114 310 0 0 0 0 0 16 23 42 28 58 61 819 0 0 0
573 103 121 0 295 386 284 61 0 0 0 0 0 0 2 125 1 314 102 71 376 176 1179 2324 1515 2196 2978 1378 3041 2865 436 0 1850 304 495 624 498 670 76 292 162 719 44 163 292 578 1297 0 224 166 144 41 1 21 0 879 28 0 209 385 2940 335 351 0 215 1 324 0 394 313 47 1878 0 13 34 88 0 0 11 111 71 161 2755 246 2216 13 1937 1 2 1602 684 149 51 0 12 81 2 0 0 0 81 0 405 0 1469 0 0 42 32 74 111 50 2 13 229 20 1 41 22 1 0 0 409 1 66 89 0 0 0 0 0 1 1 14 18 8 38 21 29 163 61 67 0
