139
0 0 0 0 0 27 1215 163 154 669 1902 300 1390 384 0 36 0 0 0 0 0 0 0 0 0 0 0 0 0 0 0 0 0 950 344 0 0 0 0 0 0 0 0 0 0 0 0 0 1 0 0 0 0 0 0 0 0 0 0 0 0 0 0 0 0 0 0 0 0 1 0 0 0 0 0 0 0 0 0 0 0 7 0 0 0 0 0 0 0 0 0 0 0 0 0 74 0 0 0 0 0 0 0 0 0 0 0 0 0 0 0 0 0 0 0 0 0 0 0 0 0 0 0 3 0 0 4 0 0 6 3 3 0 6 5 0 0 0 0
0 0 0 0 0 29 2931 668 2665 803 2357 1623 2521 412 0 38 0 0 0 0 0 0 0 0 0 0 0 0 0 0 0 0 0 1632 370 0 0 0 0 0 0 0 0 0 0 0 0 0 1 0 0 0 0 0 0 0 0 0 0 0 0 0 0 0 0 0 0 0 0 1 0 0 0 0 0 0 0 0 0 0 0 9 0 0 0 0 0 0 0 0 0 0 1 0 0 111 1 0 0 0 0 0 0 0 0 0 0 0 0 0 0 0 0 0 2 0 0 0 0 0 0 0 0 5 0 0 6 0 0 7 5 6 0 7 6 0 5 0 0
0 0 0 0 0 0 1 7 16 15 50 9 0 0 0 0 0 0 0 0 0 0 0 0 0 0 0 0 0 0 0 0 0 5833 4299 0 0 0 0 0 0 0 0 0 0 0 0 0 0 0 0 0 0 0 0 0 0 0 0 0 0 0 0 0 0 0 0 0 0 0 0 0 0 0 0 0 0 0 0 0 0 0 0 0 0 0 0 0 0 0 0 0 0 0 0 0 0 0 0 0 0 0 0 0 0 0 0 0 0 0 0 0 0 0 0 0 0 0 0 0 0 0 0 0 0 0 0 0 0 0 0 0 0 0 0 0 0 0 0
0 0 0 0 0 0 0 0 0 0 0 0 0 0 0 0 0 0 0 0 0 0 0 0 0 0 0 0 0 13595 0 0 0 818 0 0 0 0 0 0 0 0 0 0 0 0 0 0 0 0 0 0 0 0 0 0 0 0 0 0 0 0 0 0 0 0 0 0 0 0 0 0 0 0 0 0 0 0 0 0 0 0 0 0 0 0 0 0 0 0 0 0 0 0 0 9 0 0 6 0 7 0 0 0 0 0 0 0 0 0 0 0 0 0 0 0 0 0 0 0 0 0 0 0 0 0 1 0 0 1 0 0 0 3 0 0 0 0 0
0 0 0 0 0 0 1 2 0 170 358 1 0 7 68 0 0 0 3 7 17 215 0 0 0 0 0 0 0 0 0 0 20663 0 13 0 3 299 66 912 0 0 0 0 0 0 0 0 2 0 0 0 0 1 2 0 0 0 0 0 8 0 0 3 0 0 0 0 0 7 0 0 0 0 0 16 59 36 4 19 89 229 27 26 23 33 16 0 79 0 0 0 0 0 0 62 0 0 4 0 0 0 0 0 0 0 0 0 0 0 0 0 0 0 0 0 0 0 0 0 0 0 0 0 0 0 0 0 0 0 0 0 0 1 0 0 0 0 0
0 0 0 0 0 0 612 45 73 159 251 0 800 65 0 12 0 0 0 0 0 0 0 0 0 0 0 0 0 0 0 0 0 0 199 0 0 0 0 0 0 0 0 0 0 0 0 0 0 0 0 0 0 0 0 0 0 0 0 0 0 0 0 0 0 0 0 0 0 0 0 0 0 0 0 0 0 0 0 0 0 1 0 0 0 0 0 0 0 0 0 0 0 0 0 0 0 0 0 0 0 0 0 0 0 0 0 0 0 0 0 0 0 0 0 0 0 0 0 0 0 0 0 0 0 0 0 0 0 0 0 0 0 1 0 0 0 0 0
0 0 0 0 0 0 0 8 0 7 127 0 545 0 0 0 0 0 0 0 0 0 0 0 0 36559 0 0 509 0 371 0 0 0 0 0 0 0 0 567 0 0 0 0 0 0 0 0 0 0 0 0 0 0 0 0 0 0 0 0 0 0 0 0 0 0 0 0 0 0 0 0 0 0 0 0 0 0 0 0 0 0 0 0 0 0 0 0 0 0 0 0 0 0 0 0 0 0 0 0 0 0 0 0 0 0 0 0 0 0 0 0 0 0 0 0 0 0 0 0 0 0 0 0 0 0 0 0 0 0 0 0 0 0 0 0 0 0 0
0 0 0 0 0 0 0 0 0 0 4 0 113 0 0 0 0 0 0 0 0 0 0 0 0 0 0 0 22 0 0 0 0 2183 0 26973 0 0 0 0 0 0 0 0 0 0 0 0 0 0 0 0 0 0 0 0 0 0 0 0 0 0 0 0 0 0 0 0 0 0 0 0 0 0 0 0 0 0 0 0 0 0 0 0 0 0 0 0 0 0 0 0 0 0 0 0 0 0 0 0 0 0 0 0 0 0 0 0 0 0 0 0 0 0 0 0 0 0 0 0 0 0 0 0 0 0 0 0 0 0 0 0 0 0 0 0 0 0 0
0 0 0 0 0 0 0 1 0 0 2 0 49 0 0 0 0 0 0 0 0 0 0 0 0 0 0 2808 0 0 0 0 0 0 0 0 0 0 0 0 0 0 0 0 0 0 0 0 0 0 0 0 0 0 0 0 0 0 0 0 0 0 0 0 0 0 0 0 0 0 0 0 0 0 0 0 0 0 0 0 0 0 0 0 0 0 0 0 0 0 0 0 0 0 0 0 0 0 4 7 41 0 0 0 0 0 0 0 0 0 0 0 0 0 0 0 0 0 0 0 0 0 0 0 0 0 0 0 0 1 0 0 0 0 0 0 0 0 0
0 0 0 0 0 0 0 0 0 0 56 0 18 0 0 0 0 0 0 0 0 0 0 0 0 356 0 9 8 0 0 0 0 0 0 154 0 0 0 5 0 0 0 0 0 0 0 0 0 0 0 0 0 0 0 0 0 0 0 0 0 0 0 0 0 0 0 0 0 0 0 0 0 0 0 0 0 0 0 0 0 0 0 0 0 0 0 0 0 0 0 0 0 0 0 0 0 0 0 0 0 0 0 0 0 0 0 0 0 0 0 0 0 0 0 0 0 0 0 0 0 0 0 0 0 0 0 0 0 0 0 0 0 0 0 0 0 0 0
0 0 0 0 0 0 0 0 0 0 0 0 4 0 0 0 0 0 0 0 0 0 0 0 0 75 0 0 0 0 0 0 0 0 0 0 0 0 0 0 0 0 0 0 0 0 0 0 0 0 0 0 0 0 0 0 0 0 0 0 0 0 0 0 0 0 0 0 0 0 0 0 0 0 0 0 0 0 0 0 0 0 0 0 0 0 0 0 0 0 0 0 0 0 0 0 0 0 0 0 0 0 0 0 0 0 0 0 0 0 0 0 0 0 0 0 0 0 0 0 0 0 0 0 0 0 0 0 0 0 0 0 0 0 0 0 0 0 0
0 0 0 0 0 0 21 63 0 48 4157 0 113 0 0 0 0 0 0 0 0 0 0 0 0 3771 0 0 95 0 21105 0 0 0 0 0 0 0 0 59 0 0 0 0 0 0 0 0 0 0 0 0 0 0 0 0 0 0 0 0 0 0 0 0 0 0 0 0 0 0 0 0 0 0 0 0 0 0 0 0 0 0 0 0 0 0 0 0 0 0 0 0 0 0 0 0 0 0 0 0 0 0 0 0 0 0 0 0 0 0 0 0 0 0 0 0 0 0 0 0 0 0 0 0 0 0 0 0 0 0 0 0 0 0 0 0 0 0 0
0 0 0 0 0 0 0 0 0 0 0 0 0 0 0 2 0 0 0 0 0 0 0 0 0 0 0 0 0 0 0 0 0 0 0 0 0 0 0 0 0 0 0 0 0 0 0 0 0 0 0 0 0 0 0 0 0 0 0 0 0 0 0 0 0 0 0 0 0 0 0 0 0 0 0 0 0 0 0 0 0 0 0 0 0 0 0 0 1 0 0 0 0 0 0 0 0 0 0 0 0 0 0 0 0 0 0 0 0 0 0 0 0 0 0 0 0 0 0 0 0 0 0 0 0 0 0 0 0 0 0 0 0 0 0 0 0 0 0
0 0 71 0 0 0 147 83 143 43 131 221 0 0 0 70 255 387 3654 175 284 26 128 400 561 0 0 0 0 5 0 1 0 13 3 0 3 0 0 0 8380 6405 778 0 0 0 0 0 0 0 0 0 0 1 4 0 0 0 0 0 0 0 0 0 0 0 0 0 0 0 0 0 0 24 0 0 0 0 0 0 0 194 0 0 0 0 0 0 1 0 0 0 0 0 0 0 0 0 0 0 0 0 0 0 0 0 0 0 0 0 0 0 0 0 0 0 0 0 0 0 0 0 0 0 0 0 0 0 0 0 0 0 0 0 0 0 0 0 0
0 0 0 0 0 0 0 0 0 0 0 0 0 0 0 0 0 0 0 0 0 0 0 0 0 0 0 0 0 0 0 0 0 0 0 2228 0 0 0 0 0 0 0 0 0 0 0 0 0 0 543 0 0 0 0 0 0 0 0 0 0 0 0 0 0 0 0 0 0 0 0 0 0 0 0 0 0 0 0 0 0 0 0 0 0 0 0 0 0 0 0 0 0 0 0 0 0 0 0 0 0 0 0 0 0 0 0 0 0 0 0 0 0 0 0 0 0 0 0 0 0 0 0 0 0 0 0 0 0 0 0 0 0 0 0 0 0 0 0
0 0 5 14 2 0 3 1 2 0 0 2 0 0 3 0 0 371 153 190 144 9 0 9 368 1 0 0 0 0 2 0 0 0 164 33 7 0 0 0 0 196 0 0 24994 0 9 0 34 7 0 0 0 28 1434 6388 1684 0 0 0 0 0 0 0 0 0 0 0 0 0 0 0 0 0 0 32072 0 0 0 0 0 0 0 1 0 0 0 0 3752 0 0 0 0 0 0 0 0 0 0 0 0 0 0 0 0 0 0 0 0 0 0 0 0 0 0 0 0 0 0 0 0 0 0 0 0 0 0 0 0 0 0 0 0 0 0 0 0 0 0
2 2 2 16 1 12 4 2 3 0 0 3 2 0 4 5212 0 0 0 0 0 0 0 0 0 0 0 0 0 0 0 0 0 0 0 0 0 0 0 0 0 0 0 0 17 7043 3 0 0 0 0 0 0 0 4 0 5 0 0 0 0 0 0 0 0 0 0 0 0 0 0 0 0 0 0 0 0 0 0 0 49 0 0 0 0 0 0 0 22 0 0 0 0 0 0 0 0 0 0 0 1 0 0 0 0 0 0 0 0 0 0 0 0 0 0 0 0 0 0 0 0 0 0 0 0 0 0 0 0 1 0 0 0 1 0 0 0 0 0
1 1 1 1 0 1 2 1 2 0 0 2 1 0 0 0 1054 0 0 0 0 0 0 0 0 0 0 0 0 0 0 0 0 0 0 0 0 0 0 1 0 0 0 0 0 0 14 0 0 0 0 0 0 0 0 0 0 0 0 0 0 0 0 0 0 0 0 0 0 0 0 0 0 0 0 0 0 0 0 0 1 0 0 2 0 0 0 0 0 0 0 0 0 0 0 0 0 0 0 0 0 0 0 0 0 0 0 0 0 0 0 0 0 0 0 0 0 0 0 0 0 0 0 0 0 0 0 0 0 0 0 0 0 0 0 0 0 0 0
0 0 0 0 0 0 0 0 0 0 0 0 0 0 0 0 0 0 0 0 0 0 0 0 0 0 0 0 0 0 0 0 0 0 0 0 0 0 0 0 0 0 0 0 0 0 65 0 0 0 0 0 0 0 10 0 0 0 0 0 0 0 0 0 0 0 0 0 0 0 0 0 0 0 0 0 0 0 0 0 0 0 0 0 0 0 0 0 0 0 0 0 0 0 0 0 0 0 0 0 0 0 0 0 0 0 0 0 0 0 33 0 0 0 0 0 0 0 0 0 0 0 0 0 0 0 0 0 0 0 0 0 0 0 0 0 0 0 0
0 0 0 0 0 0 0 0 0 0 0 0 0 0 0 0 0 0 2 0 11 0 0 0 0 0 0 0 0 0 0 0 0 0 0 0 0 0 0 0 0 0 0 0 0 0 0 0 2 1 0 0 0 1 65 0 0 0 0 0 0 0 0 0 0 0 0 0 0 0 0 0 0 0 0 0 0 0 0 0 0 0 0 1 0 0 0 0 0 0 0 0 0 0 0 0 0 0 0 0 0 0 0 0 0 0 0 0 0 0 0 0 0 0 0 0 0 0 0 0 0 0 0 0 0 0 0 0 0 0 0 0 0 0 0 0 0 0 0
5 3 2 0 0 6 3 0 1 0 0 1 1 0 1 0 0 0 0 0 0 0 0 0 0 0 0 0 0 0 0 0 0 0 0 0 0 0 0 0 0 0 0 0 1 0 5 0 1 0 0 0 0 0 0 0 0 0 0 0 0 0 0 0 0 0 0 0 0 0 0 0 0 0 0 0 0 0 0 0 0 0 0 0 0 0 0 0 0 0 0 0 0 0 0 0 0 0 0 0 0 0 0 0 0 0 0 0 0 0 0 0 0 0 0 0 0 0 0 0 0 0 0 0 0 0 0 0 0 0 0 0 0 0 0 0 0 0 0
0 0 0 0 0 0 0 0 0 0 1 1 0 0 0 0 0 0 0 11 17 0 0 0 3 0 0 0 0 0 0 0 0 0 0 1 0 0 0 0 0 0 0 0 0 0 1 0 1 1 2 0 0 5 19 0 19 0 0 0 0 0 0 274 14 0 0 0 0 0 0 0 0 0 0 0 0 0 0 0 0 0 0 0 0 0 0 0 0 0 0 0 0 0 0 0 0 0 0 0 0 0 0 0 0 0 0 0 0 0 0 0 0 0 0 0 0 0 0 0 0 0 0 0 0 0 0 0 0 0 0 0 0 0 0 0 0 0 0
8 5 10 69 4 36 15 9 12 2 6 17 9 0 3 32 2 3 191 94 152 11 0 0 0 1 0 0 0 0 0 0 0 0 4 2 2 5 6 22 0 0 0 0 3 0 38 0 13 10 0 0 0 0 1 615 1477 0 0 3 0 2 0 13 358 0 0 0 0 1 0 0 1 0 21 0 0 0 14 0 36 0 0 15 55 0 0 0 32 0 0 0 0 0 0 0 0 0 0 0 0 0 0 0 0 0 2 0 0 0 0 0 0 0 1 0 0 0 0 0 0 0 0 35 0 0 35 0 0 31 41 41 0 51 47 0 0 0 0
13 9 18 44 15 24 33 19 25 7 21 36 24 0 8 0 5 7 297 147 240 15 20262 0 13280 4 3 0 0 1 8 0 1 0 13 19 9 25 18 64 0 0 0 0 6 0 27 0 8 0 0 0 367 1281 1364 2677 0 0 0 12 0 13 2 66 0 0 0 0 7 4 0 0 6 0 147 0 0 0 0 0 22 0 0 22 42 0 0 34 24 0 1215 0 0 0 0 4 0 0 0 0 0 0 0 0 6 0 5 0 0 0 0 0 61 0 2 0 0 0 0 33 0 0 0 141 0 0 139 0 0 59 146 146 0 158 155 0 0 0 0
18 12 24 266 13 138 37 21 30 5 13 47 9 0 74 0 2 2 68 24 46 0 65 0 0 4 5 0 0 1 26 0 1 25 54 39 3 4 5 16 0 0 0 0 2 0 9 0 70 76 0 0 0 59 133 0 89 0 0 3 0 3 0 16 0 0 0 0 0 0 0 0 1 0 2 0 0 0 0 0 0 0 0 4 1 0 0 0 0 0 0 0 0 0 0 0 0 0 0 0 0 0 0 0 0 0 0 0 0 0 0 0 1 0 0 0 0 0 0 0 0 0 0 35 0 0 36 0 0 15 34 36 0 44 40 0 0 0 0
1 1 1 0 1 0 0 125 99 0 0 0 147 2 2 0 1 2 0 0 0 0 0 0 0 0 8 0 0 0 6 0 0 1 0 177 3 1 5 12 0 0 0 0 1 0 2 0 1 1 0 0 0 1 2 0 0 0 0 1 0 0 0 2 1 0 0 0 0 0 0 0 0 2 14 0 0 0 0 0 0 0 0 0 1 0 0 0 0 0 0 0 0 0 0 194 0 0 0 20 27 13 0 0 0 0 0 0 0 0 0 0 0 1 39 0 0 0 0 0 0 0 0 0 0 0 0 0 0 0 0 0 0 0 0 0 0 0 0
14 8 16 1 12 1 87 83 76 10 22 125 99 26 19 1 2 3 4 2 4 0 6 0 0 0 0 0 0 0 15 3 0 0 0 304 29 13 53 35 0 8 0 0 5 0 2 0 4 4 0 0 0 20 19 9 10 0 8 5 5 3 6 24 15 0 0 0 3 4 0 0 6 7 171 0 0 0 2 0 9 1 0 4 9 0 0 0 0 0 0 0 0 0 0 331 0 0 0 0 47 13 0 0 0 0 0 0 0 0 0 0 0 1 62 0 0 0 0 0 0 0 0 0 0 0 0 0 0 0 0 0 0 0 0 0 0 0 0
6 3 6 1 5 1 29 27 0 0 4 41 33 9 6 2 1 1 1 1 2 0 3 1 0 1 3 0 0 0 7 2 0 0 0 30 12 8 17 30 4 6 0 0 4 3 9 10 3 3 12 0 13 6 7 4 11 1 4 2 3 1 2 8 97 0 0 0 2 2 0 2 2 2 56 0 0 0 2 0 3 3 1 1 3 0 0 0 1 0 0 0 1 0 0 24 0 0 1 4 6 3 0 0 0 0 0 0 0 0 1 0 0 1 8 0 0 0 0 0 0 0 0 0 0 0 0 0 0 0 0 0 0 0 0 0 0 0 0
0 0 0 0 0 0 0 0 0 0 0 0 34 0 0 0 0 0 0 0 0 0 0 0 0 2 4 0 0 0 2 0 0 0 0 0 0 0 0 1 0 0 0 0 0 0 0 2 0 0 1 0 0 0 0 0 0 0 0 0 0 0 0 0 0 0 0 0 0 0 0 0 0 0 0 0 0 0 0 0 0 0 0 0 0 0 0 0 0 0 0 0 0 0 0 14 0 0 0 1 3 1 0 0 0 0 0 0 0 0 0 0 0 0 3 0 0 0 0 0 0 0 0 0 0 0 0 0 0 0 0 0 0 0 0 0 0 0 0
0 0 0 0 0 0 111 84 105 36 111 162 55 0 0 0 1 1 0 0 1 0 0 0 0 6 6 1 0 0 4 0 0 83 8 89 0 2 1 9 0 0 0 0 0 0 1 13 2 2 9 0 0 1 1 0 3 0 0 0 0 0 0 1 63 0 0 0 0 0 0 0 0 0 2 0 0 0 0 0 0 0 0 0 0 0 0 0 0 0 0 0 0 0 0 70 0 0 0 7 10 4 0 0 0 0 0 0 0 0 0 0 0 0 14 0 0 0 0 0 0 0 0 0 0 0 0 0 0 0 0 0 0 0 0 0 0 0 0
7 4 6 1 0 4 0 776 3259 130 1272 0 90 6 5 0 10 10 1 1 1 0 0 0 0 0 0 0 0 0 0 3 0 0 0 484 13 0 13 80 0 0 0 0 6 0 27 0 4 2 0 0 0 1 5 0 0 0 0 1 0 0 1 7 1 0 0 0 0 3 0 0 0 0 37 0 0 0 0 0 0 0 0 2 2 0 0 0 0 0 0 0 0 0 0 1233 0 0 0 125 160 56 0 0 0 0 0 0 0 0 0 0 0 0 229 0 0 0 0 0 0 0 0 0 0 0 0 0 0 0 0 0 0 1 0 0 0 0 0
0 0 0 0 0 0 1 1 1 0 0 1 1 0 0 0 0 0 0 0 0 0 0 0 0 0 0 0 0 0 0 0 0 0 0 0 0 0 0 0 0 0 0 0 0 0 0 0 0 0 0 0 0 0 0 0 0 0 0 0 1 0 0 0 0 0 0 0 0 0 0 0 0 0 0 0 0 0 0 0 0 0 0 0 0 0 0 0 0 11 0 0 0 0 0 0 0 0 0 0 0 0 0 0 0 0 0 0 0 0 0 0 0 0 0 0 0 0 0 0 0 0 0 0 0 0 0 0 0 0 0 0 0 0 0 0 0 0 0
1 0 1 0 0 0 154 116 146 50 156 226 76 1 1 0 1 1 0 0 0 0 0 0 0 8 9 1 1 0 112 0 0 279 270 160 1 0 2 6 0 0 0 0 0 0 1 2 1 1 1 0 0 1 1 0 0 0 0 0 0 0 0 1 0 0 0 0 0 0 0 0 0 0 7 0 0 0 0 0 0 0 0 0 0 0 0 0 0 0 0 0 0 0 0 125 0 0 0 13 15 5 0 0 0 0 0 0 0 0 0 0 0 2 22 0 0 0 0 0 0 0 0 0 0 0 0 0 0 0 0 0 0 0 0 0 0 0 0
0 0 0 0 9 9 3567 0 3260 246 677 136 3636 0 53 60 249 312 726 127 203 0 466 1 0 0 142 1 321 0 309 3 0 0 0 858 23 79 22 308 0 8 0 0 27 24 442 452 59 67 403 0 0 378 220 84 257 8 9 116 145 76 129 359 12 0 0 0 72 25 0 0 3 38 63 0 0 9 19 0 37 33 11 19 49 0 0 0 29 120 0 0 0 0 0 3189 0 0 678 298 2640 123 0 0 4 14 0 0 0 0 0 0 0 21 461 0 0 0 0 0 0 0 0 0 0 0 0 0 0 2 0 0 0 2 1 1 0 0 0
0 0 0 0 0 0 1545 1182 1302 122 212 1712 1035 0 2 0 9 10 1 0 0 0 0 0 0 83 104 8 2 0 70 1 0 723 0 344 6 19 4 121 0 0 0 0 0 0 8 164 15 16 31 0 0 5 16 0 0 0 0 6 0 2 0 7 0 0 0 0 0 0 0 0 0 0 5 0 0 0 0 0 0 0 0 1 0 0 0 0 0 0 0 0 0 0 0 2021 0 0 0 103 161 26 0 0 0 0 0 0 0 0 0 0 0 0 224 0 0 0 0 0 0 0 0 0 0 0 0 0 0 0 0 0 0 0 0 0 0 0 0
86 53 43 4 73 101 485 0 349 0 14 279 19 2 0 0 4 4 1 0 1 0 0 0 0 0 0 0 0 0 0 1 0 0 0 0 7 0 6 54 0 0 0 0 15 0 82 0 3 2 0 0 0 3 12 0 0 0 0 5 0 3 1 8 1 0 0 0 0 1 0 0 0 0 15 0 0 0 0 0 1 0 0 1 2 0 0 0 0 0 0 0 0 0 0 37 0 0 0 0 17 0 0 0 0 0 0 0 0 0 0 0 0 0 52 0 0 0 0 0 0 0 0 0 0 0 0 0 0 1 0 0 0 1 0 0 0 0 0
1 0 1 0 0 0 1 1 1 0 1 1 1 0 1 0 0 0 0 0 0 0 0 0 0 0 0 0 0 0 0 0 0 0 0 0 0 0 0 0 0 0 0 0 0 0 0 0 0 0 0 0 0 0 0 0 0 0 0 0 0 0 0 1 0 0 0 0 0 0 0 0 0 0 5 0 0 0 0 0 0 0 0 0 0 0 0 0 0 0 0 0 0 0 0 0 0 0 0 0 0 0 0 0 0 0 0 0 0 0 0 0 0 0 0 0 0 0 0 0 0 0 0 0 0 0 0 0 0 0 0 0 0 0 0 0 0 0 0
35 17 33 38 0 23 42 23 40 14 42 61 6 22 2999 1 6 8 10 4 6 0 0 0 0 0 0 0 0 0 8 19 3 0 0 11 70 0 4816 330 0 0 0 0 5 0 30 0 18 15 0 0 0 0 0 0 0 0 0 3 0 2 0 18 0 0 0 0 10 16 0 0 65 84 20 0 0 0 0 0 0 0 0 4 7 0 0 0 0 0 0 0 0 0 0 15 0 0 16 0 0 0 0 0 0 0 1 0 0 0 0 3 0 0 18 0 0 0 0 0 0 0 0 0 0 0 0 0 0 5 0 0 0 4 0 0 0 0 0
12 5 11 12 0 7 14 8 14 7 23 21 53 32 5 15 0 1 0 0 0 0 0 0 0 0 0 0 0 0 0 8 0 0 0 0 25 0 0 4 0 0 0 0 0 0 0 0 3 1 0 0 0 0 0 0 0 0 0 0 0 0 0 1 0 0 0 0 0 0 0 0 0 0 0 0 0 0 0 0 0 0 0 0 0 0 0 0 0 0 0 0 0 0 0 0 0 0 0 0 0 0 0 0 0 0 0 0 0 0 0 0 0 0 21 0 0 0 0 0 0 0 0 0 0 0 0 0 0 1 0 0 0 1 0 0 32 0 0
2 0 1 0 0 0 0 1 1 0 0 0 1 3 2 4 0 0 0 0 0 0 0 0 0 0 0 0 0 0 0 3 0 0 0 0 11 0 0 0 0 0 0 0 0 0 1 0 2 1 0 0 0 4 3 0 0 0 0 0 0 0 0 0 0 0 0 0 0 0 0 0 0 43 3 0 0 0 0 0 0 0 0 0 0 0 0 0 0 0 0 0 0 0 0 0 0 0 0 0 0 0 0 0 0 0 0 0 0 0 0 0 0 0 1 0 0 0 0 0 0 0 0 0 0 0 0 0 0 1 0 0 0 1 0 0 0 0 0
52 31 76 197 63 112 96 54 92 27 79 143 70 0 190 358 56 66 632 142 225 20 197 563 842 14 19 0 1 5 85 0 50 46 161 102 44 168 109 199 0 0 1539 0 562 0 48 81 20 22 0 0 0 460 160 116 0 35 1 33 48 20 41 147 91 0 90 0 0 23 0 0 578 923 62 441 0 0 0 0 0 2235 0 4 3 0 0 0 1174 0 190 0 0 0 0 44 0 0 43 0 4 0 0 0 0 0 4 0 0 0 0 0 0 0 12 19 0 0 0 86 41 0 96 55 0 45 56 64 0 59 54 53 62 57 56 0 49 848 0
9 5 15 33 1 18 22 12 21 5 16 30 14 0 30 0 252 288 153 64 85 3 37 79 141 2 0 0 0 0 13 1 15 0 24 13 61 243 19 32 2541 0 30864 0 0 0 11 537 4 3 0 0 0 75 21 0 0 0 0 11 0 2 0 34 0 0 0 0 0 0 0 0 89 226 19 0 0 0 0 0 0 209 0 1 0 0 0 0 65 0 0 0 26 0 0 0 0 0 86 0 0 0 0 0 0 0 6 0 0 0 0 0 0 0 3 0 0 0 0 0 0 0 0 0 0 0 3 0 0 8 0 0 0 9 5 0 9 60 0
14 8 18 44 12 25 26 14 25 8 24 36 18 0 1337 34 111 126 53 23 35 3 58 114 1636 432 671 65 29 160 1083 20 3566 634 1908 947 374 706 617 1327 0 0 0 0 1 0 10 329 380 432 252 0 186 946 512 42 99 0 0 2 0 0 0 13 0 0 0 6 99 272 0 0 59 582 2 0 0 0 0 0 1 104 0 22 4 0 0 0 54 0 0 0 0 0 0 20 0 0 15 0 11 0 0 0 0 0 1 0 0 0 0 0 0 3 24 0 0 0 0 0 0 0 0 4 0 0 5 0 0 6 4 4 0 6 5 0 28 42 0
70 22 47 74 38 42 59 34 57 19 60 88 16 161 164 169 48 41 40 68 103 8 207 360 312 23 50 2 2 9 170 69 66 97 238 172 282 393 519 242 101 251 1301 0 28 0 389 130 285 309 182 29 120 252 184 100 158 211 96 46 107 46 89 186 158 60 0 57 25 104 0 88 74 193 232 53 36 0 91 39 154 162 70 127 151 41 96 0 39 96 0 13 133 0 0 191 55 0 205 64 297 0 39 0 0 0 344 0 0 0 291 0 0 294 266 540 539 537 543 603 608 577 635 360 572 569 360 505 471 331 353 354 455 358 356 663 0 49 0
0 0 0 0 0 0 0 0 0 0 0 0 0 0 1 0 0 1 0 0 0 0 0 0 0 0 0 0 0 0 0 0 0 0 0 0 0 0 1 5 0 9 0 0 0 0 2 0 0 0 0 0 6 12 10 3 14 459 0 0 0 0 0 0 0 0 0 0 0 0 0 0 0 0 0 0 0 0 0 0 0 0 0 0 0 0 0 0 0 0 0 0 0 0 0 0 0 0 0 0 0 0 0 0 0 0 0 0 0 0 0 0 0 0 0 0 0 0 0 0 0 0 0 0 0 0 0 0 0 1 0 0 0 1 1 0 0 0 0
897 866 2680 7320 1018 4930 1777 799 1125 118 248 1370 838 2149 1688 408 0 494 54 169 63 0 414 1444 211 15 14 0 1 6 156 1 5 0 258 88 30 112 101 327 307 334 55 234 3046 0 4891 2477 98 94 122 130 1065 2423 1912 564 1172 165 53 103 373 56 188 252 301 0 0 0 6 28 52537 31 65 171 1026 0 0 40 174 0 11731 174 73 85 264 0 0 0 7518 40 170 128 42 0 0 42 0 0 0 1046 3649 2702 0 0 0 0 3 0 0 0 101 0 0 0 33 408 350 158 182 314 313 313 75 73 0 1919 194 1844 1441 792 532 377 723 245 260 0 105 143 0
0 0 0 0 0 0 0 0 0 0 0 0 0 0 0 0 0 0 0 0 0 0 0 0 0 0 0 0 0 0 0 0 0 0 0 0 0 0 0 0 0 0 0 0 0 0 0 0 0 0 0 0 0 0 0 0 0 0 0 0 0 0 0 0 0 0 0 0 0 0 0 0 0 0 0 0 0 0 0 0 0 0 0 0 0 0 0 0 0 0 0 0 0 0 0 0 0 0 0 0 0 0 0 0 0 0 0 0 0 0 0 0 0 0 0 0 0 0 0 0 0 0 0 0 0 0 0 0 0 0 0 0 0 0 0 0 0 0 0
103 40 128 224 74 130 161 85 118 21 57 147 105 152 127 285 97 111 130 71 101 1 62 44 35 5 13 0 0 0 44 89 0 0 0 77 346 2036 181 17973 0 0 0 0 978 0 6100 0 438 474 4816 11371 252 249 249 147 227 120 270 65 34 102 136 166 172 0 40 40 206 626 0 112 87 57 430 0 0 0 38 0 450 41 0 50 93 0 0 0 150 0 0 0 19 0 0 0 0 0 25 0 112 0 0 0 0 0 26 17 0 0 0 24 0 0 111 0 0 0 0 26 0 0 0 67 0 0 71 7 0 79 73 78 26 83 72 0 19 13 0
0 0 0 0 0 0 0 0 0 0 0 0 0 0 0 0 2 2 0 0 0 0 0 0 0 0 0 0 0 0 0 0 0 0 0 0 0 0 0 0 0 0 0 0 1 0 7 0 0 0 0 0 0 0 0 0 0 0 0 0 0 0 0 0 0 0 0 0 0 0 0 0 0 0 0 0 0 0 0 0 0 0 0 0 0 0 0 0 0 0 0 0 0 0 0 0 0 0 0 0 0 0 0 0 0 0 0 0 0 0 0 0 0 0 0 0 0 0 0 0 0 0 0 0 0 0 0 0 0 0 0 0 0 0 0 0 0 0 0
454 283 216 1 395 555 219 16 62 4 9 98 79 6 42 0 7 8 1 0 1 0 0 0 0 0 0 0 0 0 0 0 0 0 0 0 1 0 0 0 0 0 0 0 58 0 354 0 0 0 0 0 0 0 0 0 0 0 0 2 0 0 1 3 0 0 0 0 0 0 0 0 0 0 0 0 0 0 0 0 0 0 0 0 0 0 0 0 0 0 0 0 0 0 0 0 0 0 0 0 0 0 0 0 0 0 0 0 0 0 0 0 0 0 0 0 0 0 0 0 0 0 0 0 0 0 0 0 0 0 0 0 0 0 0 0 0 0 0
1872 1431 787 1312 1376 3971 928 84 234 22 42 371 242 225 0 5219 106 102 14 38 17 0 201 543 76 7 11 0 0 0 169 10 0 0 0 43 37 3 144 116 2617 1832 0 0 1466 0 1191 0 55 23 0 0 504 719 531 751 1912 85 618 200 1312 0 210 291 209 0 0 0 0 16 0 0 107 213 84 86 48 200 458 162 485 697 240 71 603 0 0 0 328 7 0 57 20 0 0 0 0 0 287 5 72 0 0 0 0 0 0 0 0 0 0 57 0 0 56 465 398 202 205 387 385 380 129 79 103 402 97 722 631 310 228 203 359 155 183 255 47 0 0
168 103 214 429 148 235 204 149 247 56 160 383 176 183 135 1005 104 89 36 53 83 6 119 179 199 173 318 9 11 61 1863 28 86 315 955 509 138 1352 918 325 305 737 1388 0 36 0 992 0 300 332 920 0 308 193 216 137 282 24 19 30 30 31 51 120 125 0 1492 0 261 114 0 1522 425 2780 342 0 0 49 133 0 174 154 51 124 237 0 0 0 149 17 2326 802 29 0 0 21 0 0 1116 0 23 29 0 0 0 0 3 0 0 0 0 0 0 0 92 242 152 34 269 454 380 381 569 318 362 295 321 296 307 291 274 273 336 315 298 0 19 0 0
169 111 229 664 189 331 323 188 259 41 104 446 367 17 14 806 34 50 107 42 69 5 289 0 25 23 14 0 2 9 281 2 7 41 239 101 10 583 44 38 3217 998 0 0 0 0 18 0 13 12 0 0 0 50 71 58 0 2 5 13 0 0 13 42 11 0 0 0 199 23 0 67 54 675 67 0 0 32 72 0 101 86 36 66 140 0 0 0 87 0 0 0 0 0 0 8 0 0 28 0 8 0 0 0 0 0 0 0 0 0 10 0 0 0 11 0 0 0 0 0 0 0 0 8 0 0 8 0 0 5 7 8 0 8 9 0 14 0 0
4 2 6 11 0 5 8 5 7 1 4 10 8 0 5 0 1 16 31 0 16 0 51 0 0 0 0 0 0 0 0 0 0 0 0 0 3 34 12 0 0 0 0 0 0 0 4 0 3 2 0 0 0 0 0 2 0 0 0 0 0 0 0 0 0 0 0 0 0 23 0 0 0 0 8 0 0 0 19 0 45 17 0 43 67 0 0 0 39 0 0 0 0 0 0 21 0 0 5 0 3 0 0 0 0 0 0 0 0 0 0 0 0 0 6 0 0 0 0 0 0 0 0 5 0 0 5 0 0 5 4 4 0 3 5 0 0 0 0
2 1 4 10 0 5 6 3 5 1 2 8 6 0 2 0 0 8 0 0 8 0 0 0 0 0 0 0 0 0 0 0 0 0 0 0 1 7 5 0 0 0 0 0 0 0 2 0 1 0 0 0 0 350 0 0 0 0 0 0 0 0 0 0 0 0 0 0 0 0 0 0 0 0 0 0 0 0 25 0 48 24 0 32 72 0 0 0 41 0 0 0 0 0 0 0 0 0 2 0 0 0 0 0 0 0 0 0 0 0 0 0 0 0 1 0 0 0 0 0 0 0 0 0 0 0 0 0 0 0 0 0 0 1 0 0 0 0 0
25 16 34 88 15 43 48 28 38 7 19 62 50 379 18 0 47 63 134 45 77 4 0 0 64 1 0 0 0 0 6 1 0 0 7 10 13 176 41 12 0 43 0 0 0 0 13 0 11 10 0 0 0 0 39 0 0 0 0 11 14 1 13 48 0 0 0 0 5 4 0 0 8 27 59 62 36 283 357 75 438 438 265 340 617 97 8 0 361 0 2336 0 0 0 0 0 0 0 170 0 0 0 0 0 0 0 0 0 0 0 0 0 0 0 4 0 0 0 0 0 0 0 0 8 0 0 9 0 0 7 8 8 0 9 9 0 10 0 0
97 63 134 371 100 184 190 111 152 24 61 262 216 141 9 0 0 2 9 1 7 0 0 373 0 3 0 0 0 0 41 0 0 0 26 13 7 112 19 19 96 133 0 0 0 0 4 0 25 24 0 0 411 1479 4137 769 0 108 0 0 1496 0 0 0 40 0 0 0 44 3 0 0 2 9 28 0 0 0 33 0 56 0 0 194 95 0 0 0 41 0 0 0 0 0 0 0 0 0 0 0 0 0 0 0 0 0 0 0 0 0 0 0 0 0 2 0 0 0 0 38 0 0 38 32 0 0 33 18 0 34 32 32 17 34 33 0 10 12 0
21 15 36 116 18 71 37 20 31 8 23 45 8 37 10 462 269 227 50 141 228 20 129 209 186 1 1 0 0 0 4 0 2 0 8 3 3 22 2 52 0 6 90 0 0 0 205 0 6 7 0 0 0 44 32 74 0 0 12391 149 0 54 0 215 0 2151 1021 169 1168 430 0 1166 367 346 158 0 0 0 29 0 159 2 0 10 96 0 0 0 121 0 0 70 0 0 0 0 0 0 41 0 14 0 0 0 0 0 0 0 0 0 0 0 0 0 0 0 0 0 0 0 0 0 0 111 0 0 116 0 0 8 83 81 0 116 100 0 0 0 0
11 8 18 58 8 35 19 10 17 4 13 25 4 20 5 352 145 121 27 76 122 11 67 121 98 0 0 0 0 0 0 0 1 0 3 1 2 9 3 23 0 5 42 0 14 0 105 0 7 7 0 0 0 21 15 32 5 0 0 80 0 37 89 38 0 1409 594 30 632 233 0 623 198 187 76 0 0 0 0 0 57 0 0 5 46 0 0 0 62 0 0 31 0 0 0 0 0 0 22 0 6 0 0 0 0 0 0 0 0 0 0 0 0 0 0 0 0 0 0 0 0 0 0 49 0 0 51 0 0 4 38 37 0 51 44 0 0 0 0
0 0 1 3 0 2 1 1 1 0 1 1 1 1 1 3 2 3 0 0 1 0 0 0 0 0 0 0 0 0 0 0 0 0 0 0 0 0 0 2 0 0 0 0 2 0 10 0 0 0 0 0 0 13 9 0 2 0 0 0 0 0 0 0 0 0 0 0 0 6 0 0 0 13 0 0 0 0 0 0 8 0 0 2 6 0 0 0 6 0 0 0 0 0 0 0 0 0 0 0 339 0 0 0 0 0 0 0 0 0 0 0 0 0 0 0 0 0 0 0 0 0 0 5 0 0 6 0 0 0 0 0 0 7 3 0 0 0 0
6 5 11 32 0 20 12 6 10 2 7 14 3 5 4 118 77 84 17 45 72 6 17 21 24 1 0 0 0 1 258 0 1 0 29 21 2 0 8 18 0 3 64 0 4 0 27 0 4 4 0 0 16 26 57 0 0 134 204 36 0 26 1 0 1857 0 33 0 328 211 0 56 81 360 57 0 0 0 0 0 6 0 0 7 19 0 0 0 25 0 0 0 0 0 0 0 0 0 13 0 4 0 0 0 0 0 0 0 0 0 0 0 0 0 0 0 0 0 0 0 0 0 0 38 0 0 39 0 0 2 30 30 0 39 35 0 0 0 0
1 0 2 4 0 3 2 1 1 0 1 2 1 1 1 6 1 0 1 2 3 0 0 0 0 0 0 0 0 0 0 0 0 0 0 0 0 0 1 3 0 0 1 0 21 0 4 0 0 0 502 0 7 37 32 0 18 0 0 0 0 0 0 0 0 0 0 0 0 0 0 0 0 0 0 0 0 0 0 0 126 0 0 0 6 0 0 0 18 0 0 0 0 0 0 0 0 0 0 0 0 0 0 0 0 0 0 0 0 0 0 0 0 0 0 0 0 0 0 0 0 0 0 8 0 0 9 0 0 0 2 2 0 9 6 0 0 0 0
4 3 8 20 3 13 7 4 6 1 3 8 3 5 4 29 15 16 9 27 44 4 4 0 5 0 0 0 0 0 0 0 0 0 2 0 1 1 2 17 0 0 9 0 10 0 19 0 4 0 0 0 0 6 6 0 4 182 0 16 0 13 0 0 0 0 0 0 292 116 0 0 10 3 42 0 0 0 17 0 58 3 0 5 45 0 0 0 43 0 0 17 0 0 0 0 0 0 6 0 6 0 0 0 0 0 0 0 0 0 0 0 0 0 0 0 0 0 0 0 0 0 0 0 0 0 44 0 0 1 30 29 0 44 37 0 0 0 0
1 0 1 5 0 3 2 1 1 0 1 2 1 1 1 8 6 7 0 0 0 0 0 0 0 0 0 0 0 0 0 0 0 0 0 0 0 0 0 1 0 0 0 0 0 0 4 0 0 0 0 0 0 9 15 0 11 0 0 0 279 370 164 0 0 0 0 0 0 39 0 0 15 18 0 0 0 0 0 0 19 0 0 25 40 0 0 0 9 0 0 0 0 0 0 0 0 0 2 0 0 0 0 0 0 0 0 0 0 0 0 0 0 0 0 0 0 0 0 0 0 0 0 3 0 0 5 0 0 0 0 0 0 5 0 0 0 0 0
9 6 14 57 9 34 15 8 13 3 10 19 4 7 4 662 645 342 13 55 29 0 0 59 48 0 0 0 0 0 0 0 0 0 1 0 2 7 1 14 0 9 42 0 17 0 33 0 12 8 0 0 0 14 11 2 0 2688 1059 150 0 121 25 156 0 0 406 265 3608 866 0 1523 264 209 15 0 0 12 20 0 71 37 21 5 54 0 0 0 59 0 0 67 0 0 0 0 82 0 10 0 6 0 0 0 0 0 0 0 0 0 0 0 0 0 0 0 0 0 0 0 0 0 0 45 0 0 47 0 0 2 30 30 0 47 39 0 0 0 0
248 151 310 940 261 490 423 244 359 65 171 594 298 630 1432 6106 2551 1829 855 313 506 45 750 1337 1170 76 130 7 4 26 808 38 23 161 407 213 131 535 1054 1558 548 483 28 0 94 225 3269 109 58 56 556 833 155 749 181 354 527 0 0 173 34 168 123 449 298 0 3499 869 1491 1135 0 2802 6565 4173 33 199 174 356 385 254 477 524 324 374 643 259 207 128 442 409 2901 1119 607 0 0 0 0 0 4314 27 150 0 0 0 0 0 12 0 0 0 75 0 0 0 27 1077 998 914 1112 1267 1274 1236 1454 728 1218 1167 728 1031 1016 724 712 659 1027 712 696 0 33 28 0
1089 716 3178 4328 1505 3161 219 163 295 48 133 435 982 3287 485 8958 5742 4603 28 44 70 5 89 114 112 54 77 5 4 21 510 47 22 207 1090 362 242 737 416 298 0 181 98 22 61 333 1509 0 151 151 290 0 315 375 301 255 404 0 0 115 0 124 206 518 0 0 0 167 747 264 0 0 1189 2425 570 724 515 732 426 368 1123 1253 385 392 671 356 333 9 142 1077 261 160 0 0 0 0 0 0 911 688 671 0 0 0 0 0 5 0 0 0 36 0 0 0 56 269 263 259 263 308 311 284 327 182 281 291 182 260 246 177 178 180 245 183 181 0 13 0 0
132 87 173 21 147 15 226 128 212 62 187 326 999 259 204 82 109 148 44 28 45 0 79 10 7 33 50 5 2 12 201 1 11 100 235 394 192 248 625 358 871 463 0 0 103 227 305 0 142 141 138 140 385 276 318 240 344 0 0 146 112 94 179 657 0 0 0 0 48 90 0 8 94 13 1766 28 0 11 67 0 120 116 37 64 117 0 0 57 31 28 0 37 0 5 0 44 22 0 336 66 122 7778 0 0 0 0 17 4 0 0 0 34 0 0 91 0 0 0 0 24 0 0 24 23 0 0 23 16 0 27 23 23 22 26 25 0 66 11 0
10 6 14 16 7 8 19 11 16 4 13 24 12 21 6 87 258 341 630 169 274 24 116 0 1 1 0 0 0 0 4 0 0 0 12 12 3 0 23 10 18 90 0 0 3 0 36 0 10 10 19 0 0 11 43 0 0 0 0 1 0 30 0 114 0 0 0 0 0 10 0 0 0 0 16 138 113 203 203 0 250 277 180 127 337 0 0 0 235 8 0 0 0 0 0 0 0 0 140 6 22 0 0 0 0 0 0 0 0 0 0 0 0 0 0 0 0 0 0 5 0 0 0 13 0 0 13 0 0 4 12 12 0 13 13 0 0 0 0
0 0 1 1 0 0 1 1 1 0 0 1 1 1 4 1 10 11 14 1 2 0 0 0 4 0 0 0 0 0 0 0 0 0 0 0 0 0 2 0 0 0 0 0 2 0 9 0 2 1 0 0 0 0 51 0 0 0 0 0 0 1 0 0 0 0 0 0 0 0 0 0 16 0 0 0 0 0 0 0 1 0 0 4 3 0 0 0 0 0 0 0 0 0 0 0 0 0 0 0 0 0 0 0 0 0 0 0 0 0 0 0 0 0 0 0 0 0 0 0 0 0 0 0 0 0 1 0 0 0 0 0 0 1 0 0 0 0 0
0 0 0 0 0 0 0 0 0 0 0 0 0 0 0 0 0 0 0 0 0 0 0 0 0 0 0 0 0 0 0 0 0 0 0 0 0 0 0 0 0 0 0 0 0 0 0 0 0 0 0 0 0 0 0 0 0 0 0 0 0 0 0 0 0 0 0 0 0 0 0 0 0 0 0 0 0 0 0 0 0 0 0 0 0 0 0 0 0 0 0 0 0 0 0 0 0 0 0 0 0 0 0 0 0 0 0 0 0 0 0 0 0 0 0 0 0 0 0 0 0 0 0 0 0 0 0 0 0 0 0 0 0 0 0 0 0 0 0
355 233 479 659 403 349 638 367 565 116 317 924 651 161 66 365 7 7 324 344 328 22 61 158 173 7 9 0 1 3 56 1 2 33 77 82 26 51 145 32 1 152 16 0 12 0 70 0 525 495 383 0 0 100 112 150 91 0 0 21 0 15 23 82 0 0 852 0 242 275 0 0 110 9 3298 11 4 43 64 9 118 121 67 70 146 16 0 45 42 134 0 0 52 0 0 0 0 741 82 0 36 0 0 0 0 0 28 0 0 0 123 0 0 0 7 130 103 75 123 135 136 118 150 82 113 158 78 162 153 103 94 92 137 92 92 0 12 0 0
19 6 99 2 9 0 9 7 13 12 11 35 8 5 3 1 1 1 3 1 2 0 0 0 0 0 0 0 0 0 1 1 0 0 2 3 5 0 5 3 0 0 0 0 0 0 2 0 18 16 0 0 0 0 3 0 0 0 0 0 0 0 0 0 0 0 0 0 2723 0 0 0 0 1378 24 0 0 0 0 0 2 0 0 2 3 0 0 0 0 0 0 0 0 0 0 0 0 0 2 36 124 1743 0 0 0 0 0 0 0 0 0 0 526 0 2 0 0 0 0 0 0 0 0 3 0 0 3 0 0 4 2 2 0 4 3 0 0 0 0
46 6 11 18 3 11 18 10 8 1 3 11 15 0 56 15 12 18 40 119 189 0 146 255 204 0 0 0 0 1 10 72 1 0 12 3 244 0 805 0 0 0 0 0 16 0 64 0 32 20 0 0 0 40 11 0 0 0 0 0 0 4 0 0 0 0 0 0 0 9 0 0 0 0 0 0 0 0 2 0 13 0 0 15 21 0 0 0 3 0 0 0 4 0 0 36 0 0 58 4 20 0 0 0 0 0 18 0 0 0 69 0 0 0 17 35 38 37 22 60 63 31 58 40 32 48 40 45 30 52 38 45 52 46 40 0 0 0 0
8 6 13 24 9 12 12 7 10 2 5 14 20 4 10 14 0 1 35 17 33 0 0 0 0 0 0 0 0 0 0 0 0 0 0 0 0 0 8 0 0 0 0 0 1 0 11 0 6 6 0 0 0 0 4 0 0 0 0 22 0 26 0 179 0 0 0 0 0 3 0 0 0 3 0 0 0 0 4 0 7 1 0 10 11 0 0 0 2 0 0 0 0 0 0 8 0 0 0 0 0 0 0 0 0 0 2 0 0 0 0 0 0 0 4 0 0 0 0 236 0 0 0 418 0 0 418 0 0 43 409 402 4 408 412 0 7 4 0
30 25 296 129 0 70 320 292 738 28 75 274 311 33 120 0 88 110 202 167 292 16 326 831 479 21 32 1 1 8 221 1 6 23 255 65 13 365 94 61 0 681 42 0 137 59 0 150 121 164 0 113 1210 123 107 0 312 308 688 41 1372 72 121 344 20 0 0 0 0 43 0 0 27 104 28 0 0 0 0 0 0 0 0 0 0 1482 1483 0 0 335 0 0 26 0 0 80 0 0 177 0 0 0 0 0 0 0 0 0 0 0 17 0 0 8 38 4 0 0 0 18 10 4 8 3 0 33 12 17 0 2 1 1 0 1 1 0 1 43 0
23 19 224 40 0 21 243 221 560 21 57 208 236 26 93 1058 68 85 127 105 183 10 199 516 300 16 26 1 1 6 173 1 5 17 200 51 9 280 73 47 329 536 33 0 115 85 0 120 96 131 0 84 44 99 87 0 250 238 543 32 1088 57 96 274 11 0 0 4 0 33 0 0 20 89 22 0 0 0 0 0 0 0 0 0 0 1383 1383 0 0 252 0 0 21 0 0 67 45 0 137 0 6975 0 0 0 0 0 1 0 0 0 18 0 0 7 30 0 0 0 0 11 0 0 4 2 0 18 9 8 0 1 0 0 0 1 1 0 2 34 0
12 10 121 50 0 27 311 120 303 12 31 112 127 13 49 1312 37 46 36 29 53 3 27 124 84 9 15 0 1 3 98 0 3 0 113 28 5 151 40 26 262 303 17 252 79 0 0 41 56 77 0 0 0 30 20 0 115 105 302 16 631 29 38 65 0 0 0 0 0 16 0 0 10 41 10 0 0 0 0 0 0 0 0 0 0 1019 1020 0 0 130 0 0 11 0 0 28 27 0 85 0 0 0 0 0 0 0 0 0 0 0 0 0 0 0 16 0 0 0 0 5 0 0 1 1 0 4 6 1 0 1 44 0 68 1 0 0 0 1 0
12 8 26 64 0 34 31 22 47 5 13 39 44 4 21 128 3 4 73 10 17 8 0 31 83 2 0 0 0 1 19 0 0 0 30 16 1 26 11 5 27 53 3 0 9 0 12 0 12 15 0 0 0 0 0 0 0 0 5 43 48 2 0 263 0 0 0 0 0 5 0 0 0 0 0 1 1 1 0 1 2 2 1 1 2 1 1 0 1 0 0 0 0 0 0 4 0 0 7 0 1 0 0 0 0 0 0 0 0 0 0 0 0 0 3 0 0 0 0 0 0 0 1 2 0 0 3 0 0 2 1 1 0 3 2 0 0 6 0
2795 25 296 14 0 8 321 292 739 28 75 274 312 34 122 387 89 112 170 140 246 25 264 691 402 22 34 1 1 8 226 1 7 21 261 66 12 372 96 62 386 696 43 0 142 70 0 171 124 169 0 98 74 132 109 0 308 310 703 41 1405 74 121 344 17 0 0 15 47 43 0 0 27 116 27 0 0 0 0 0 0 0 0 0 0 1432 1433 0 0 330 0 0 26 0 0 86 61 0 179 0 1 0 0 0 0 0 0 0 0 0 18 0 0 4 38 0 0 0 0 17 7 0 7 3 0 31 12 15 8 2 0 0 0 1 1 0 0 44 0
1 1 10 4 0 2 10 9 24 1 2 9 9 1 4 72 0 0 3 324 5 1 0 0 5 0 0 0 0 0 4 0 0 0 7 0 0 3 3 1 11 21 0 0 627 0 0 0 4 4 0 0 0 0 0 0 0 0 0 0 0 0 0 0 0 0 0 0 0 0 0 0 0 0 0 0 0 0 0 0 0 0 0 0 0 74 74 0 0 0 0 0 0 0 0 0 0 0 1 0 14 0 0 0 0 0 0 0 0 0 0 0 0 0 0 0 0 0 0 0 0 0 0 0 0 0 0 0 0 0 0 0 0 0 0 0 0 0 0
0 0 75 13 0 0 81 74 187 7 19 69 78 0 30 359 22 27 61 50 89 5 60 216 141 4 0 0 0 2 50 0 1 0 61 13 3 83 23 14 0 0 0 0 34 0 0 0 30 40 0 0 0 0 0 0 12 0 128 5 316 13 0 60 0 0 0 0 0 9 0 0 4 12 0 0 0 0 0 0 0 0 0 0 0 440 441 0 0 61 0 0 2 0 0 0 7 0 40 0 0 0 0 0 0 0 0 0 0 0 0 0 0 0 5 0 0 0 0 0 0 0 0 0 0 0 3 1326 0 0 0 0 0 0 0 0 0 0 0
11 9 110 1 0 1 119 108 274 10 28 102 115 12 44 27 32 40 90 74 130 7 1530 352 211 7 9 0 0 3 78 0 2 0 92 22 5 130 34 22 131 246 26 0 49 0 0 18 44 59 0 0 0 18 10 0 72 73 228 12 483 24 26 105 0 0 0 0 0 15 0 0 9 34 5 0 0 0 0 0 0 0 0 0 0 641 642 0 0 109 0 0 8 0 0 6 19 0 63 0 0 0 0 0 0 0 0 0 0 0 0 0 0 0 11 0 0 0 0 2 0 0 0 1 0 0 4 0 0 0 0 0 0 0 0 0 0 6 0
0 0 0 0 0 0 0 0 0 0 0 0 6336 0 0 0 0 0 0 0 0 399 0 0 0 0 0 0 0 0 0 16 0 0 0 0 0 0 0 0 0 0 0 0 0 0 0 0 0 0 0 0 0 0 0 0 0 0 0 0 0 0 0 0 0 0 0 0 0 0 0 0 0 0 0 0 0 0 0 0 0 0 0 0 0 0 0 0 0 0 0 0 0 0 0 0 0 0 0 0 69 0 0 0 0 0 0 0 0 0 0 0 0 0 0 0 0 0 0 0 0 0 224 78 0 0 245 0 0 45 39 39 57 22 41 0 0 0 0
0 0 3 5 0 2 4 3 8 0 1 3 3 0 1 122 1 1 1 612 2958 0 0 0 0 0 0 0 0 0 0 0 0 0 1 0 0 0 0 0 0 5 0 0 1 0 0 0 1 1 0 0 0 0 0 0 0 0 0 0 0 0 0 0 0 0 0 0 0 0 0 0 0 0 0 0 0 0 0 0 0 0 0 0 0 15 15 0 0 0 0 0 0 0 0 0 0 0 0 0 0 0 0 0 0 0 0 0 0 0 0 0 0 0 0 0 0 0 0 0 0 0 0 0 0 0 0 0 0 0 0 0 0 0 0 0 0 0 0
28 24 281 68 0 37 305 278 703 27 71 261 296 31 189 6818 82 103 240 199 347 19 389 991 570 20 32 1 1 7 205 1 6 18 236 60 12 345 87 57 2290 629 39 0 124 48 0 151 111 152 228 85 61 116 95 0 272 664 245 37 1260 66 106 307 12 0 0 26 44 42 0 0 26 108 24 0 0 0 0 0 0 0 0 0 0 0 0 0 0 565 0 0 42 0 0 131 103 0 289 0 3 0 0 0 0 0 4 0 0 0 55 0 0 19 62 14 6 3 6 31 22 15 14 6 0 60 19 31 23 3 2 2 0 2 2 0 16 85 0
38 32 379 83 0 45 411 374 946 36 96 351 399 41 949 2266 110 139 324 268 468 25 536 1345 769 27 44 2 2 9 276 1 8 35 318 82 17 466 117 77 448 848 53 0 167 122 0 217 150 204 311 166 104 167 142 0 388 917 342 51 1704 90 153 423 28 0 0 54 59 58 0 3 35 150 35 0 0 0 0 0 0 0 0 0 0 11283 0 0 0 2990 0 291 227 0 0 784 549 365 1484 8 16 18 0 117 0 0 57 0 0 0 471 0 0 189 330 159 150 148 156 183 183 173 90 32 61 375 101 198 177 18 15 15 19 9 16 103 218 510 0
1 1 8 3 0 2 12 10 26 1 2 0 11 16 1083 21 203 251 596 493 861 46 1011 0 1417 127 219 14 8 45 1318 5 39 299 1515 394 79 1527 384 254 414 2417 156 136 1062 283 0 648 408 557 986 144 959 1224 1095 2507 2780 1485 1064 97 3173 170 304 826 126 0 0 0 94 91 0 0 63 163 42 8501 17592 9011 3498 7590 18759 20857 7071 5372 4955 10249 7851 0 17383 2237 0 154 169 0 0 568 407 0 1065 0 11 0 0 0 0 0 36 0 0 0 324 0 0 114 237 116 108 106 112 136 134 126 67 24 42 278 75 147 131 14 11 11 13 7 12 0 129 303 0
0 0 0 0 0 0 0 0 0 0 0 0 0 0 51 0 0 0 1 0 2 0 0 0 0 3 3 0 0 1 30 0 1 0 36 8 2 13 5 3 0 0 0 0 0 0 0 0 33 44 0 0 0 0 0 0 0 0 0 0 0 0 0 0 0 0 0 0 0 4 0 0 4 0 0 0 0 0 0 0 0 0 0 1 0 653 653 0 0 116 0 0 9 0 0 23 0 0 66 0 0 0 0 0 0 0 0 0 0 0 12 0 0 0 11 0 0 0 0 1 0 0 0 1 0 0 4 0 0 0 0 0 0 0 0 0 0 17 0
139 91 217 658 145 351 269 168 303 62 182 389 394 50 267 647 22 27 805 141 211 36 317 744 958 26 32 6 8 12 202 0 14 0 294 194 14 253 108 72 81 446 53 0 37 0 145 100 109 125 0 0 63 182 155 4 41 215 133 188 212 69 168 971 131 0 0 0 0 67 0 0 13 74 51 0 0 0 14 0 15 0 0 21 34 0 0 0 0 0 0 0 13 0 0 206 0 0 36 0 22 0 0 0 0 0 10 0 0 0 1 0 0 61 0 438 428 422 442 473 483 469 510 268 462 463 268 407 308 255 261 257 376 212 263 0 50 200 0
2309 1610 4755 1592 3208 938 470 320 591 128 265 850 3402 3746 1796 3339 3781 4190 11275 3510 5663 508 2516 0 3430 90 137 9 7 35 763 14 30 478 2629 731 106 2040 1293 897 0 2266 478 914 158 0 5099 1001 952 1081 1397 0 1327 1025 2337 0 1714 1195 1116 827 1650 611 1221 3146 574 0 0 322 2831 845 0 322 239 903 445 4762 3667 5886 6952 5008 6640 7569 6619 8371 10933 4847 4840 1268 3723 4413 0 730 277 0 0 1465 306 639 1410 143 320 182 804 1193 0 501 79 3447 0 130 1044 0 943 1172 1254 2664 3292 3421 3239 5621 11516 3707 17 5894 3424 11000 5883 11 9406 5947 5777 5686 8962 5734 5812 1432 1184 611 0
159 99 206 552 169 306 256 147 241 59 168 382 40 36 17 116 39 48 4656 4724 4305 293 21 33 35 18 23 2 1 7 138 18 6 166 321 270 71 194 198 37 89 506 115 0 14 0 81 103 48 51 0 0 53 163 158 175 158 0 0 15 1 10 0 39 0 0 0 0 7 25 0 664 838 107 134 61 43 108 119 75 148 157 101 16 202 44 0 0 94 154 0 0 503 0 83 22 0 949 110 60 73 31 470 1311 0 0 157 0 433 0 0 0 104 64 85 939 921 920 949 994 1040 1004 1097 539 994 990 538 873 815 549 527 520 815 526 531 0 28 12 0
4 0 15 40 12 18 19 11 18 4 12 28 3 492 35 3 3 4 18 148 32 0 310 1340 193 1 0 0 0 0 7 1 0 6 17 14 12 61 31 48 4 0 2 0 0 0 2 0 53 24 0 0 92 586 82 171 217 87 32 50 254 84 125 183 86 0 281 264 24 86 0 0 301 0 77 0 0 0 1 0 2 0 0 56 4 0 0 0 0 0 0 0 0 0 0 198 0 0 0 9 40 1 0 0 0 0 1 0 0 0 184 0 0 0 2 123 97 28 29 101 93 86 14 20 0 644 64 651 497 275 178 127 235 80 86 0 120 0 0
4162 2622 5422 116 4592 80 7056 4011 6773 1926 5728 10481 5271 8811 6499 454 187 181 1437 1082 1701 5 2799 623 432 971 1719 153 69 366 6316 307 377 3109 5817 11511 7245 5691 18380 9299 715 4234 4032 1305 1976 5606 232 175 1079 1171 6986 2911 5044 4606 6677 4353 5604 173 3340 2260 2884 1771 2662 11201 6339 3123 3364 0 1211 1370 0 2401 2239 592 68423 2359 1668 882 1816 1831 3249 3667 1720 1296 2849 1398 1290 4798 848 2448 5463 1226 208 0 1831 3692 0 0 380 1312 2319 373 0 0 0 0 252 0 0 0 1494 0 671 383 2166 53 92 89 44 3889 114 31 48 6704 50 77 6690 63 58 670 6576 6496 105 6547 6615 699 319 1032 0
9154 77 167 7 140 5 233 131 222 61 181 338 163 6067 2457 20 29 1208 67 384 66 2 85 13 17 30 94 3 2 12 199 17502 9 95 196 364 59202 167 565 16312 9 4604 566 722 71 101 68 492 5682 2832 2194 994 6117 149 212 140 179 1399 632 622 641 300 466 2639 1160 925 669 710 89 199 0 494 3317 100 1831 519 534 598 641 583 882 941 597 42 1151 572 41 567 688 1729 611 0 705 0 0 3317 149 0 703 1617 3531 1652 0 0 0 0 579 0 0 0 1364 0 305 390 2363 0 3195 3205 0 4 2944 0 6 7 0 0 8 0 0 2655 6 1690 0 1522 7 436 975 915 0
0 0 2 0 0 5 46 24 5 6 16 44 12 27 370 145 7 15 1 3 3 0 0 0 5 0 0 0 0 0 0 64 0 0 0 0 218 0 1 62 0 17 0 0 9 0 162 5 50 43 116 0 0 0 11 7 17 33 12 19 28 11 22 88 29 33 25 0 19 49 0 0 20 0 0 0 0 0 0 0 38 22 0 92 49 0 0 0 0 0 0 0 0 0 0 0 219 634 933 131 160 1872 0 0 0 0 612 0 0 0 22 0 0 10 0 0 0 0 0 0 0 0 0 11 0 0 12 0 0 23 10 17 0 19 12 481 328 0 0
10 0 13 8 8 5 15 9 12 4 12 22 17 70 31 399 746 470 24 58 93 8 245 469 312 24 490 3 2 9 76 2 8 35 135 74 21 72 66 14 23 105 23 0 454 403 2904 511 32 36 339 22 41 215 584 137 651 3814 1459 66 184 64 138 246 0 19 1 0 21 18 0 257 5 18 74 4 0 0 2 0 7 0 0 6 9 0 0 0 90 6 0 4 12 249 0 0 0 0 375 495 116 232 0 0 0 0 16 0 0 0 37 0 0 574 2 8 1 0 0 24 18 8 25 16 6 17 16 15 15 17 15 15 19 17 16 291 0 0 0
215 128 267 243 221 137 337 192 319 90 267 504 376 598 83 92 333 376 51 46 63 2 2511 570 479 365 6472 58 26 138 1169 18 119 36 2079 1082 217 1294 593 458 1938 4130 290 595 1017 7464 6715 1450 524 595 178 766 1252 1912 2420 4639 2413 4340 1664 415 2556 1271 2371 648 1629 269 527 955 99 242 0 0 119 856 620 712 514 422 586 494 1138 1264 524 348 931 405 0 1790 268 181 0 0 63 5727 2082 0 460 0 2734 1438 738 620 0 0 0 0 3 7 0 0 156 6 81 2612 10 50 42 39 43 70 71 155 72 44 200 67 44 53 58 45 42 42 60 44 43 854 61 0 0
2 1 1 0 0 0 1 1 0 0 1 2 2 1 5 56 2927 1184 6 6 6 0 15 31 13 1 47 0 0 1 1 0 0 0 9 2 1 0 2 1 0 0 0 0 2 1218 18 0 1 0 0 0 0 0 0 0 4 0 0 1 0 0 0 0 0 0 0 0 0 0 0 0 0 0 8 0 0 0 0 0 0 0 0 1 4 0 0 0 0 0 0 0 182 0 0 0 0 0 0 14 0 30 0 0 0 0 0 0 0 0 0 0 0 0 0 0 0 0 0 0 0 0 10 14 0 0 0 0 0 0 0 0 0 1 0 0 0 0 0
28 21 61 135 29 102 47 24 0 8 23 52 31 56 315 57 25 26 37 38 39 3 66 367 178 0 55 0 0 0 0 0 0 0 0 40 21 69 108 60 16 56 4 0 161 0 114 42 25 28 0 12 48 93 92 55 74 72 32 40 38 21 182 45 25 0 0 0 0 8 0 101 0 0 190 321 225 5 8 7 291 15 7 6 13 4 0 11 137 8 0 0 0 0 0 0 0 0 0 0 150 111 0 0 0 0 1 0 0 0 0 0 0 0 6 0 0 0 0 0 0 0 0 1 0 16 3 21 0 12 7 5 5 4 3 0 3 0 0
2 1 4 0 2 10 2 2 0 0 2 3 2 4 127 20 0 10 14 15 14 1 16 106 23 0 0 0 0 0 0 0 0 0 0 0 1 15 27 12 0 3 0 0 8 0 9 0 6 7 0 0 0 0 8 3 13 0 0 0 0 0 0 1 0 0 0 0 0 1 0 0 0 0 11 46 0 0 0 0 0 1 0 0 1 0 0 0 14 0 0 0 0 0 0 0 0 0 2 0 0 3 0 0 0 0 0 0 0 0 0 0 0 0 0 0 0 0 0 0 0 0 0 0 0 0 0 0 0 0 0 0 0 0 0 0 0 0 0
3 2 6 47 5 27 8 4 7 3 11 12 0 23 44 91 128 162 188 56 89 6 135 381 496 0 0 0 0 0 0 0 0 0 0 4 25 144 41 5 192 132 16 11 12 0 184 14 13 14 57 0 91 63 105 38 77 67 51 153 63 46 63 117 102 125 297 0 98 3325 0 65 0 202 0 6 4 9 9 7 12 13 8 36 16 5 0 15 9 62 0 0 0 0 0 0 0 0 0 0 0 0 0 0 0 0 60 0 0 0 0 0 0 0 26 18 14 12 15 27 23 20 31 16 19 21 16 21 19 16 15 14 20 16 15 4 286 21 0
792 130 272 159 226 85 360 205 333 120 377 500 638 146 1867 108 218 125 73 336 539 48 470 1001 1383 993 25668 159 70 374 3072 44 322 2196 5514 2831 232 1395 379 359 819 1237 389 0 309 907 5452 87 310 353 1082 882 783 1827 1357 1365 1636 1359 529 153 344 152 296 598 633 369 1120 1860 103 249 0 1243 156 257 1323 270 193 130 174 164 375 420 162 132 279 149 38 344 112 365 0 0 1001 15906 2203 12 11221 4771 5013 17373 58 17351 0 6855 0 0 91 0 0 0 0 101 0 187 16 6 0 0 0 28 16 0 11 32 11 20 32 16 12 32 30 30 42 31 31 0 462 0 0
120 79 168 162 138 91 199 113 189 59 177 294 23 333 8 415 2313 3403 570 403 644 57 745 1995 2549 55 83 9 4 21 638 3 18 287 678 424 79 1561 890 337 149 493 174 2443 68 151 1232 1370 298 339 2497 551 658 460 447 284 438 371 145 149 227 92 182 638 459 589 1287 1513 1088 1323 0 393 277 954 12 201 149 222 205 158 327 364 186 221 333 131 0 925 142 494 0 0 406 1268 6529 1844 667 1107 4 112 208 444 0 0 196 1115 1868 0 0 0 547 0 803 0 352 506 495 493 512 546 585 543 585 305 537 558 304 465 467 310 298 293 460 297 301 400 1938 589 0
845 558 1146 1748 971 841 1677 988 1266 182 439 2250 5532 1508 1066 633 761 863 339 313 358 27 3534 0 872 167 270 26 11 62 2040 7 54 0 1370 788 267 1422 844 105 673 2085 167 704 326 1450 2296 1556 587 669 444 854 653 1132 742 858 687 1362 527 333 2610 410 1549 358 312 846 875 1701 390 505 0 672 598 607 221 1083 806 876 1173 1187 1561 1770 1111 566 1812 1132 989 626 349 588 558 1542 993 569 1087 1243 2453 322 2629 860 1907 1158 273 0 0 1576 0 2543 754 0 298 0 882 0 935 1363 1339 1337 1386 1430 1497 1461 1581 771 1447 1431 770 1262 1221 783 755 744 1170 751 761 1784 417 1413 0
582 381 780 891 660 478 1036 596 932 190 518 1524 1471 394 210 358 593 672 47 45 46 0 241 1733 297 35 52 6 3 14 334 2 12 0 549 393 57 205 139 78 544 1163 3 120 17 197 119 801 600 681 73 334 304 856 217 232 760 212 81 20 260 148 240 31 92 73 149 158 25 87 0 136 82 301 18 508 388 1013 827 841 703 797 787 927 1314 814 741 824 488 740 0 190 1204 14 361 201 40 1992 5473 200 720 398 213 0 0 0 0 0 1084 0 0 0 427 536 167 1471 1449 1446 1501 1537 1613 1578 1698 828 1564 1541 827 1357 1316 840 811 798 1259 806 816 420 32 60 0
0 0 0 0 0 0 0 0 0 0 0 0 0 0 0 31 1 2 0 0 0 0 0 0 0 0 0 0 1 0 0 1 0 0 1 0 0 0 0 0 0 0 0 0 0 0 4 0 7 7 13 0 0 4 4 0 2 1 1 1 1 1 1 2 1 0 0 0 1935 766 0 0 1 0 0 0 0 4 8 1 10 10 5 19 13 0 0 0 1 0 0 0 0 0 0 0 0 0 4 0 0 0 0 0 2180 23488 0 0 0 0 0 0 0 0 0 0 0 0 0 0 0 0 2 2 0 0 2 0 0 2 1 1 0 2 2 0 0 0 0
552 350 774 1025 659 550 1038 598 918 185 500 1523 10 345 209 3752 632 891 88 98 154 13 306 820 1017 489 3347 79 35 186 1298 22 159 286 2404 1203 355 732 1297 421 1321 2381 908 1511 75 369 1282 0 217 250 1449 439 1624 1622 1285 1317 1255 832 319 570 907 356 725 2691 998 502 370 0 430 584 0 447 615 805 278 1101 804 1166 1315 1346 1528 1727 1252 1784 2062 1304 1262 2138 557 1128 0 1406 14643 744 3830 2597 497 0 5546 194 9 342 286 1108 0 1311 3094 0 888 663 590 0 613 234 742 2307 2280 2274 2369 2388 2521 2476 2638 1285 2457 2409 1282 2117 2062 1304 1260 1240 1965 1251 1268 1693 1355 1255 0
1532 1065 2232 5582 1921 2135 4781 2857 2101 211 438 3830 14 1831 5 1101 221 335 92 183 294 26 621 1869 2693 119 195 18 8 44 1440 5 38 367 898 497 54 514 307 237 1371 1797 772 1160 62 252 1204 1042 260 297 2135 773 430 1535 921 1521 2194 609 235 295 475 183 378 1463 661 535 460 1139 200 515 0 267 599 446 218 1217 883 1405 1318 1350 1694 1914 1256 1891 2062 1308 1275 1577 518 821 3051 0 173 1188 853 924 68 2306 163 2352 1583 3186 895 297 0 0 1982 0 0 0 673 0 0 293 369 4063 4021 4017 4170 4219 4470 4366 4641 2278 4329 4270 2273 3720 3652 2310 2232 2197 3481 2216 2246 764 998 782 0
210 33 71 87 59 47 89 51 78 31 98 118 23 229 117 191 969 1465 234 254 392 6 521 1249 1389 35 48 5 3 13 251 312 11 317 597 481 1201 214 728 498 371 910 365 6164 78 301 1743 1136 1187 1251 2359 511 597 1074 667 399 846 1106 1178 316 518 205 410 1375 1029 815 1006 1276 158 334 0 624 702 125 112 568 408 556 548 555 809 910 520 893 853 532 465 650 144 464 0 488 518 620 808 351 632 1246 2038 121 267 1713 751 1882 1931 1409 1729 0 300 0 4898 0 1001 540 826 3859 3869 3856 3960 4001 4282 4135 4404 2163 4105 4045 2157 3543 3464 2245 2123 2119 3308 2135 2136 782 1474 489 0
8 4 12 26 8 12 21 12 14 4 12 23 1 27 2 27 80 120 0 42 68 0 43 110 132 5 3 0 1 3 32 1 3 17 99 74 15 28 53 29 25 72 12 0 10 0 191 1365 6540 6156 4270 141 0 298 190 105 258 177 129 34 47 21 43 122 82 0 0 167 73 157 0 0 415 0 7 0 0 16 41 0 64 60 22 74 71 0 0 0 0 0 0 13 0 0 0 0 0 0 187 9 11 80 2 0 0 2 142 0 0 0 0 0 29 0 115 981 769 455 1077 778 829 837 907 481 849 910 412 1084 1049 630 585 588 899 591 589 0 32 0 0
3469 2414 5166 9305 4472 3466 12009 6983 4804 472 969 3850 15240 4570 1421 5071 4921 5588 5346 3835 5259 377 3718 11 32 3400 1922 227 93 525 1242 61 432 3 2291 1027 1324 0 3174 2101 1582 10 1688 6576 977 2221 4201 0 4704 5359 0 2795 6550 4051 5268 6293 6072 64 2264 1448 3093 1833 1965 1958 3382 2222 12 0 4138 8899 0 53 3471 2915 443 3500 2658 3923 3391 3472 4924 5607 3231 3832 5321 3366 3265 480 1900 5463 1390 2801 14443 2035 3439 2191 2735 0 32 1884 5270 1804 0 295 6730 5918 7404 616 2295 703 2763 0 1201 854 1716 4503 4265 4558 4835 6436 5174 43 64 8225 4466 6759 8208 4600 4022 8345 8064 7936 12579 8003 8113 1935 3340 2823 0
328 196 479 315 414 181 629 359 484 170 502 947 0 2092 634 2053 605 892 193 2031 3287 297 1463 0 0 75 110 13 6 30 890 4 20 355 1176 839 208 857 498 692 417 1291 298 82 77 222 1756 634 35 40 1334 446 1936 451 434 362 439 866 331 179 283 112 226 827 734 215 209 554 236 377 0 211 0 444 259 1220 1404 1364 1273 1279 1879 2304 1210 1130 2094 1242 923 14636 3061 1567 0 0 950 0 0 338 519 0 466 64 123 52 71 0 0 0 74 0 93 0 0 0 0 0 110 2051 1376 450 2383 1396 1479 1564 1727 976 1627 1831 744 2314 2239 1331 1270 1248 1948 1256 1272 1047 0 77 0
20 11 32 87 25 50 40 23 37 13 40 60 0 146 0 131 13 19 7 9 14 0 9 24 30 0 0 0 0 0 14 0 0 0 124 99 28 144 97 137 66 1 0 0 13 62 318 376 1367 1286 1067 48 3 55 35 19 42 23 12 4 18 2 49 11 4 61 102 287 49 99 0 279 201 51 0 0 0 15 15 0 24 22 12 20 34 0 0 0 1 0 0 0 47 0 0 0 0 0 214 43 19 226 0 116 418 0 137 0 0 0 3163 0 870 0 0 190 139 72 200 161 162 157 238 101 158 178 87 222 210 133 122 123 180 125 124 469 0 0 0
6 0 31 944 24 460 44 26 27 5 12 60 17 0 3 0 0 0 0 0 0 0 0 0 0 0 0 0 0 0 0 0 0 0 0 0 0 0 0 0 0 0 0 0 1 0 6 0 5 5 0 0 0 0 0 0 0 20 7 45 11 10 13 18 14 0 0 0 963 1896 0 0 0 0 0 0 0 0 0 0 3 0 0 0 6 0 0 0 0 56 0 0 0 0 0 18 0 0 0 0 2 0 0 0 0 0 0 0 0 0 0 0 0 41 0 0 0 0 0 0 0 0 0 0 0 0 0 0 0 0 0 0 0 1 0 0 126 0 0
84 46 130 94 106 45 153 93 168 69 234 263 106 60 74 198 31 36 98 97 87 2 312 297 198 35 47 20 22 21 189 19 28 93 181 109 14 153 68 125 0 384 57 0 8 0 56 133 78 86 0 0 39 36 95 58 43 317 126 79 80 65 126 96 157 0 0 15 12 20 0 0 12 0 26 0 9 13 17 0 22 21 15 23 23 0 0 0 21 0 0 0 0 0 33 88 0 0 36 10 22 0 0 0 0 0 13 0 0 0 0 0 0 0 39 0 0 0 0 921 412 164 1258 675 89 285 691 525 360 704 588 578 631 685 642 0 42 0 8
123 70 184 132 150 63 216 131 239 97 327 371 148 84 93 279 44 50 135 137 122 4 476 469 292 50 65 28 31 30 269 26 39 131 256 155 20 214 95 176 19 552 85 0 12 0 77 194 110 121 0 0 58 54 134 85 86 432 172 107 109 89 172 130 213 0 0 40 18 28 0 0 18 0 38 4 19 23 26 9 31 31 24 32 32 0 0 0 33 0 0 0 0 0 0 122 0 0 51 17 30 0 3 0 0 0 20 0 0 0 0 0 0 0 55 478 0 0 196 1406 930 675 1790 933 597 781 949 958 784 967 843 828 1031 937 898 0 54 0 11
123 69 183 131 149 61 213 130 240 102 347 371 148 88 94 276 46 52 130 135 121 4 489 494 296 51 66 30 33 31 263 29 42 130 249 150 22 214 96 177 22 543 84 0 15 0 83 211 114 126 0 0 59 54 132 85 84 523 207 129 131 106 207 154 256 0 0 49 19 29 0 0 21 0 42 6 22 26 29 12 34 34 27 35 35 0 0 0 36 0 0 0 0 0 0 121 1 0 55 24 34 0 4 0 0 0 23 0 0 0 0 0 0 0 56 781 301 0 508 1717 1260 1000 2134 1100 919 1096 1115 1235 1054 1136 1007 1091 1287 1099 1063 0 57 0 12
147 86 217 174 177 85 260 156 278 106 352 435 179 92 107 337 48 55 189 164 149 4 549 545 367 56 75 31 32 32 326 27 42 160 314 192 21 259 112 206 30 663 101 0 14 0 84 238 122 136 0 0 71 69 163 105 113 385 154 96 100 81 154 123 195 0 0 41 20 32 0 0 18 0 39 4 21 24 27 10 32 32 25 32 34 0 0 0 34 0 0 0 0 0 60 165 0 0 52 20 30 0 2 0 0 0 20 0 0 0 0 0 0 0 62 297 0 0 0 1252 747 487 1629 857 407 602 873 811 635 890 765 752 899 863 821 0 67 0 10
11 0 29 18 24 9 34 21 37 18 61 62 25 15 36 45 7 9 22 22 20 0 37 0 17 9 11 5 6 5 42 5 7 19 40 23 4 32 16 28 0 73 5 0 1 0 15 0 20 21 0 0 1 2 21 5 0 33 10 21 2 15 14 27 22 0 0 0 0 4 0 0 0 0 0 0 0 0 0 0 6 2 0 6 6 0 0 0 0 0 0 0 0 0 0 0 0 0 9 0 6 0 0 0 0 0 0 0 0 0 0 0 0 0 9 0 0 0 0 0 0 0 250 186 0 0 203 0 0 208 106 103 0 210 159 0 9 0 2
68 36 109 76 90 37 130 79 141 57 191 222 88 49 64 168 25 29 81 82 73 2 271 254 167 29 38 16 18 17 162 15 23 77 155 93 12 124 56 105 0 324 46 0 6 0 45 74 65 71 0 0 30 28 80 47 22 237 94 60 60 50 95 72 118 0 0 5 8 16 0 0 8 0 10 0 2 7 12 0 18 15 9 18 18 0 0 0 14 0 0 0 0 0 0 56 0 0 29 8 17 0 0 0 0 0 9 0 0 0 0 0 0 0 32 0 0 0 0 581 0 0 905 509 0 0 526 196 24 537 418 410 339 526 476 0 29 0 6
114 65 171 124 140 61 206 124 219 83 277 345 136 72 86 265 38 43 134 130 116 3 449 439 279 45 60 24 25 26 262 21 33 126 251 152 16 203 88 165 0 528 79 0 9 0 63 190 96 106 0 0 55 50 129 82 76 280 112 71 73 60 113 87 140 0 0 30 16 24 0 0 14 0 29 0 11 15 19 1 25 23 17 25 26 0 0 0 24 0 0 0 0 0 44 123 0 0 41 12 22 0 3 0 0 0 14 0 0 0 0 0 0 0 48 0 0 0 0 819 263 0 1163 633 0 134 650 413 239 663 542 532 538 647 599 0 49 0 8
12 1 30 22 26 12 39 23 37 15 49 65 27 13 36 51 7 7 29 24 22 0 53 36 42 8 11 4 4 5 49 4 6 22 47 29 3 34 16 29 0 83 5 0 1 0 12 12 18 19 0 0 5 3 24 12 0 43 17 11 12 9 18 15 22 0 0 0 1 4 0 0 0 0 4 0 0 0 0 0 4 2 0 0 5 0 0 0 1 0 0 0 0 0 0 0 0 0 0 1 4 0 0 0 0 0 0 0 0 0 0 0 0 0 8 0 0 0 0 0 0 0 0 71 0 0 90 0 0 93 0 0 0 101 43 0 9 0 1
0 0 3 1 3 1 5 3 3 2 7 8 1 2 26 6 1 1 3 3 3 0 0 0 0 1 1 0 1 1 5 0 1 1 6 3 1 2 2 3 0 3 0 0 0 0 2 0 2 2 0 0 0 0 2 0 0 0 0 0 0 0 2265 0 0 0 0 0 0 0 0 0 0 0 0 0 0 0 0 0 1 0 0 0 1 0 0 0 0 0 0 0 0 0 0 0 0 0 0 0 0 0 0 0 0 0 0 0 0 0 0 0 0 0 1 0 0 0 0 0 0 0 0 0 0 0 9 0 0 10 0 0 0 15 0 0 8 0 0
119 69 178 132 146 64 214 129 228 87 288 358 143 75 90 275 40 45 142 135 120 3 463 453 292 46 62 26 26 27 270 22 34 131 259 158 17 211 91 171 4 547 82 0 12 9 66 193 100 111 0 0 56 53 134 84 81 298 119 75 78 64 120 93 150 0 0 29 15 27 0 0 14 0 30 11 23 23 21 16 27 28 23 26 27 8 0 0 30 0 0 0 26 0 46 129 0 0 40 18 24 0 0 0 0 0 15 0 0 0 0 0 0 0 50 0 0 0 0 887 340 79 1236 668 0 210 685 477 303 699 577 567 595 681 634 0 51 0 8
61 32 98 89 80 43 116 71 127 53 181 201 89 46 65 151 19 26 97 73 69 2 222 219 169 27 35 15 17 16 138 15 21 68 136 82 11 116 53 91 0 278 39 0 7 0 48 42 61 67 0 0 28 29 72 42 15 262 103 67 66 54 104 86 132 0 0 1 8 17 0 0 7 0 10 0 0 0 11 0 17 9 1 18 19 0 0 0 5 0 0 0 0 0 19 60 0 0 28 0 16 0 0 0 0 0 9 0 0 0 0 0 0 0 30 0 0 0 0 667 119 0 989 546 0 0 563 286 120 574 459 450 417 561 514 0 31 0 6
0 0 1 0 1 0 3 2 1 1 4 4 1 1 25 3 0 0 0 1 1 0 0 0 0 1 1 0 0 0 3 0 0 0 3 1692 0 0 1 2 0 0 0 0 0 0 1 0 1 1 0 0 0 0 1 0 0 0 0 0 0 0 0 0 0 0 0 0 0 0 0 0 0 0 0 0 0 0 0 0 0 0 0 0 0 0 0 0 0 0 0 0 0 0 0 0 0 0 0 0 0 0 0 0 0 0 0 0 0 0 0 0 0 0 0 0 0 0 0 0 0 0 0 0 0 0 0 0 0 0 0 0 0 6 0 0 1 0 0
22 8 44 29 36 14 51 32 58 28 99 94 39 25 44 64 10 15 32 34 31 1 74 51 52 14 18 8 10 9 63 8 12 30 59 35 6 52 25 44 0 120 15 0 2 0 26 0 31 33 0 0 10 9 32 16 0 160 63 42 40 34 65 51 78 0 0 0 3 8 0 0 4 0 11 0 0 0 5 0 10 0 1 11 11 0 0 0 4 0 0 0 0 0 5 17 0 0 14 0 9 0 0 0 0 0 4 0 0 0 0 0 0 0 15 0 0 0 0 303 0 0 556 328 0 0 343 0 0 350 254 249 133 345 302 0 18 0 0
72 40 113 94 92 48 135 81 143 55 183 225 89 79 72 302 525 693 1306 391 584 49 425 183 138 26 35 14 15 15 141 12 20 81 157 102 12 105 88 93 41 443 78 0 7 0 104 43 56 62 0 0 188 140 174 132 129 185 73 149 205 105 202 482 93 0 0 0 497 43 0 0 6 0 12 349 293 440 414 0 504 574 393 261 674 0 0 0 481 0 0 0 0 0 23 57 0 0 296 9 53 0 0 0 0 0 9 0 0 0 0 0 0 0 34 0 0 0 0 453 0 0 716 404 0 0 419 140 0 427 330 324 259 419 378 0 30 0 0
0 0 0 0 0 0 1 1 0 1 3 2 2 1 6 0 0 0 3 1 1 0 0 0 0 0 0 0 0 0 0 0 0 0 0 0 0 0 0 0 0 0 0 0 0 0 2 0 1 1 0 0 0 0 0 0 0 0 0 1 0 1 0 3 0 0 0 0 0 0 0 0 0 0 0 0 0 0 0 0 0 0 0 0 1 0 0 0 0 0 0 0 0 0 0 0 0 0 0 0 0 0 0 0 0 0 0 0 0 0 0 0 0 0 0 0 0 0 0 0 0 0 0 0 0 0 0 0 0 0 0 0 0 0 0 0 0 0 0
0 0 4 3 3 2 4 3 4 4 14 9 4 4 25 6 1 2 6 3 3 0 0 0 0 1 2 1 1 1 4 1 2 1 4 2 1 3 3 3 0 1 0 0 0 0 5 0 4 4 0 0 0 0 2 0 0 0 0 2 0 0 0 6 0 0 0 0 0 1 0 0 0 0 0 0 1 0 0 0 2 2 1 0 2 0 0 0 2 0 0 0 0 0 0 0 0 0 2 0 1 0 0 0 0 0 0 0 0 0 0 0 0 0 2 0 0 0 0 0 0 0 15 41 0 0 50 0 0 52 0 0 0 55 28 0 6 0 1
0 0 3 1 3 1 4 3 4 4 13 8 3 3 26 5 1 2 2 2 3 0 0 0 0 1 1 1 1 1 3 1 1 0 3 1 1 0 2 3 0 0 0 0 0 0 5 0 4 4 0 0 0 0 2 0 0 0 0 2 0 0 0 6 0 0 0 0 0 0 0 0 0 0 0 0 0 1 0 0 2 1 1 0 2 0 0 0 2 0 0 0 0 0 0 0 0 0 2 0 1 0 0 0 0 0 0 0 0 0 0 0 0 0 2 0 0 0 0 0 0 0 16 41 0 0 50 0 0 51 1 0 0 55 28 0 0 0 1
22 9 42 39 35 20 51 31 54 23 79 88 40 20 44 66 9 12 47 33 32 1 72 55 66 12 16 7 8 7 62 6 10 30 63 38 7 50 23 40 0 117 13 0 2 0 22 0 26 29 0 0 7 10 32 13 0 109 43 29 28 23 44 38 56 0 0 0 0 7 0 0 1 0 0 4 7 0 4 5 8 9 7 0 9 3 0 0 9 0 0 0 0 0 3 20 0 0 12 0 7 0 0 0 0 0 2 0 0 0 0 0 0 0 14 0 0 0 0 131 0 0 350 223 0 0 237 0 0 242 156 153 0 241 200 0 104 0 3
0 0 0 0 0 0 0 0 0 0 0 0 0 0 1 0 0 0 0 0 0 0 0 0 0 0 0 0 0 0 0 0 0 0 0 0 0 0 0 0 0 0 0 0 0 0 0 0 0 0 0 0 0 0 0 0 0 0 0 0 0 0 0 0 0 0 0 0 0 0 0 0 0 0 0 0 0 0 0 0 0 0 0 0 0 0 0 0 0 0 0 0 0 0 0 0 0 0 0 0 0 0 0 0 0 0 0 0 0 0 0 0 0 0 0 0 0 0 0 0 0 0 0 0 0 0 0 0 0 0 0 0 0 0 0 0 0 0 0
0 0 1 0 2 0 2 1 1 2 7 5 2 2 21 2 0 1 2 0 1 0 0 0 0 1 1 0 1 1 2 1 1 0 2 1 1 0 1 1 0 0 0 0 0 0 2 0 2 2 0 0 0 0 1 0 0 0 0 0 0 0 0 0 0 0 0 0 0 0 0 0 0 0 0 0 0 0 0 0 1 1 0 0 1 0 0 0 0 0 0 0 0 0 0 0 0 0 1 0 1 0 0 0 0 0 0 0 0 0 0 0 0 0 1 0 0 0 0 0 0 0 0 13 0 0 23 0 0 23 0 0 0 28 0 0 4 0 0
76 48 105 185 88 105 134 76 131 42 129 202 164 112 575 528 144 164 167 152 187 0 428 927 503 4 6 0 1 2 75 1 0 0 205 161 15 381 154 103 41 151 31 0 20 17 102 146 51 57 0 52 78 102 94 48 91 136 52 37 76 61 87 112 87 4 25 83 24 57 0 23 28 17 12 65 55 93 93 75 126 138 84 136 153 58 0 8 46 24 0 137 79 0 0 0 0 0 206 11 16 0 94 0 0 0 54 0 0 0 84 0 0 0 119 349 336 334 344 382 389 371 423 207 367 372 208 333 314 212 202 200 297 203 205 0 0 226 0
3 0 2 3 1 2 3 2 1 1 3 3 2 5 0 36 1 1 4 3 5 0 8 18 24 14 19 2 1 5 113 12 4 124 279 225 299 5 0 10 0 0 0 866 0 0 3 0 10 8 0 0 0 2 1 0 0 2 1 6 2 2 2 4 2 0 0 0 38 5 0 0 97 44 0 0 0 36 21 2 40 39 20 16 52 0 0 0 13 0 0 0 0 0 0 0 22 0 64 0 2 0 0 0 0 0 2 0 0 0 0 0 1110 275 0 0 0 0 0 0 0 0 0 0 0 0 0 0 0 3 0 0 0 3 0 1528 0 0 0
58 7 29 191 24 110 38 22 37 13 40 58 203 132 317 285 15 28 62 111 174 15 207 504 541 4 3 0 0 2 35 79 1 40 112 96 282 55 34 75 0 0 0 0 11 0 187 0 83 77 34 4 26 32 44 13 0 81 31 15 21 9 17 61 35 0 3 0 22 50 0 2 26 12 0 0 0 0 0 0 25 15 0 6 28 0 0 0 0 0 0 0 1 0 0 356 3 14 6 28 43 0 13 0 0 0 29 0 0 0 62 0 0 8 243 289 275 276 251 350 347 295 386 194 288 315 195 300 266 210 189 195 276 198 192 0 386 0 0
0 3564 0 435 1200 16500 0 0 0 0 0 0 0 2759 0 3386 9236 3380 596 42166 14127 90174 256 0 881 85 0 0 163 2218 0 16846 17167 0 0 58 2072 0 0 2595 0 0 0 150 4895 0 0 0 3675 2605 0 0 0 58 8 0 85 0 0 216 0 16 0 5 0 0 0 0 17231 2871 0 0 0 0 0 4 9 4 66 1 22 5 0 0 663 4 0 0 0 257 0 0 0 0 0 0 0 0 257 0 21 0 0 0 0 0 0 0 0 0 0 0 0 0 0 0 0 0 0 0 0 0 0 0 0 0 0 18 8 0 0 0 0 0 0 0 0 0 0
