125
0 164 0 0 0 70 7 0 27 0 7 1 5 0 0 0 0 0 0 0 0 0 0 0 0 0 0 0 0 0 0 2614 0 0 0 0 0 0 0 0 0 0 0 0 0 0 0 0 0 0 0 0 0 0 0 0 0 0 0 0 0 0 0 0 0 0 0 0 0 0 0 0 0 7 0 0 0 0 0 0 0 0 0 0 0 0 0 0 0 0 0 0 0 0 0 0 0 0 0 0 0 0 0 0 0 0 0 0 0 0 0 0 0 0 0 0 0 0 0 0 0 0 0 0 0
0 0 0 0 0 1680 58 69 994 43 736 232 18 0 0 0 0 0 0 0 0 0 0 0 0 0 0 0 0 0 0 3923 0 0 0 0 0 0 0 0 0 0 0 440 0 0 0 0 0 0 0 0 0 0 0 0 0 0 0 0 0 0 0 0 0 0 0 0 0 0 0 0 0 12 0 0 0 0 0 0 0 0 0 0 0 0 0 0 0 0 0 0 0 0 0 0 0 0 0 0 0 0 0 0 0 0 0 0 0 0 0 0 0 0 0 0 0 0 0 0 0 0 5 0 0
0 0 0 0 0 1 1 0 0 0 0 1 1 0 0 0 0 0 0 0 0 0 0 0 0 0 0 0 972 0 0 1871 1989 0 57 41 195 0 0 0 0 0 0 0 0 0 0 0 0 0 0 1 0 0 0 0 0 0 0 0 0 0 0 0 0 0 0 0 0 0 0 0 0 1 0 0 0 0 0 0 0 0 0 0 0 0 1 0 0 0 0 0 0 0 0 0 0 0 0 0 0 0 0 0 2 0 0 0 0 0 0 0 0 0 0 0 0 0 0 0 0 0 0 1 0
612 360 27 0 2 0 0 0 0 0 0 0 0 0 0 0 0 0 0 0 0 0 0 0 0 0 0 1955 0 0 0 56 0 0 1 0 0 0 0 0 0 0 0 0 8 0 0 0 0 0 0 0 0 0 0 0 0 0 0 0 0 0 0 0 0 0 0 0 0 0 0 0 0 0 0 0 0 0 0 0 0 0 0 0 0 0 0 0 2 0 0 0 0 0 0 0 0 0 0 0 0 0 0 0 0 0 0 0 0 0 0 0 0 0 0 0 0 0 0 0 0 0 0 2 0
1 1 1 0 0 894 656 583 1116 174 1711 386 0 0 0 0 0 11 32 1334 10564 187 0 0 0 0 0 0 0 0 0 204 0 0 14683 0 120 0 0 0 0 0 0 0 0 0 0 0 0 0 0 0 0 0 0 0 0 0 0 0 0 0 0 0 0 0 0 19 0 0 0 0 0 1207 0 0 0 0 0 0 0 0 0 0 0 0 1 0 54 0 0 0 0 0 0 0 0 0 0 0 0 0 0 0 1 0 0 0 0 0 0 0 0 0 0 0 0 0 0 0 0 124 0 6 0
0 0 0 0 0 0 17 0 219 888 2347 5 0 0 0 0 0 0 0 0 0 0 0 35439 0 0 0 0 0 0 0 0 0 0 0 0 0 0 0 0 0 0 0 0 0 0 0 0 0 0 0 0 0 0 0 0 0 0 0 0 0 0 0 0 0 0 0 0 0 0 0 0 0 23 0 0 0 0 0 0 0 0 0 0 0 0 0 0 0 0 0 0 0 0 0 0 0 0 0 0 37 0 0 1 0 0 0 0 0 0 0 0 0 0 0 0 0 0 0 0 0 0 0 0 0
0 0 0 0 0 0 0 0 0 25 393 0 0 0 0 0 0 0 0 0 0 0 0 0 22604 0 0 0 0 0 0 0 0 0 3 0 175 0 0 6 0 52 0 0 0 0 0 0 0 0 0 0 0 0 0 1 0 0 0 0 0 0 0 0 0 0 0 0 0 0 0 0 0 98 0 0 0 0 0 12 0 0 0 0 0 0 1 0 3 0 0 0 0 0 0 0 14 0 0 0 0 0 0 0 0 0 0 0 0 0 0 0 0 0 0 0 0 0 0 1 0 0 0 0 0
0 0 0 0 0 5 2 0 1 72 11 0 653 0 0 0 0 0 0 0 0 0 0 0 0 36588 0 0 0 0 0 0 0 0 0 0 0 0 539 490 0 0 0 0 5 0 0 0 0 0 0 0 0 0 0 0 0 0 0 0 0 0 0 0 0 0 0 0 0 0 0 0 0 122 0 0 0 0 0 0 0 0 0 0 0 0 0 0 0 0 0 0 0 0 0 0 0 0 0 0 0 0 0 0 0 0 0 0 0 0 10 0 0 0 0 0 0 0 0 0 0 0 0 0 0
0 0 2 0 0 0 0 0 0 0 47 1 0 0 0 0 0 0 0 0 0 0 0 0 0 0 0 0 0 0 0 0 0 0 0 0 0 0 0 0 0 0 0 0 0 0 0 0 0 0 0 0 0 0 0 0 0 0 0 0 0 0 0 0 0 0 0 0 0 0 0 0 0 1051 0 0 0 0 0 0 0 0 0 0 0 0 0 0 0 0 0 0 0 0 0 0 0 0 0 0 0 0 0 0 0 0 0 0 0 0 0 0 0 0 0 0 0 0 0 0 0 0 0 0 0
24 0 6 10 0 0 0 0 14 0 0 18 0 0 0 0 0 0 0 0 0 0 0 0 0 0 17 0 0 0 0 0 0 0 0 41 336 0 0 0 0 0 0 0 0 0 0 0 0 0 0 0 0 0 0 0 0 0 0 0 0 0 0 0 0 0 0 0 0 0 0 0 0 0 0 0 0 0 0 0 0 0 0 0 0 0 0 0 0 0 0 0 0 0 0 0 0 0 0 0 0 0 0 0 0 0 0 0 0 0 0 0 0 0 0 0 0 0 0 0 0 0 0 0 0
0 0 0 0 0 0 0 0 0 13 0 0 0 0 0 0 0 0 0 0 0 0 0 0 0 0 0 0 21107 0 0 0 0 0 29 390 2835 0 0 0 0 63 0 0 0 0 0 0 0 0 0 3 0 249 0 2 0 0 0 0 0 0 0 0 0 0 0 0 0 0 0 0 0 15 0 0 0 0 48528 9 0 0 0 0 0 278 18 0 5 0 0 0 0 0 0 0 10 0 0 0 0 0 0 0 0 0 0 0 0 0 0 0 0 0 0 0 0 0 0 1 0 0 0 15 0
0 0 0 0 0 0 0 0 0 0 0 0 0 0 0 0 0 0 0 0 0 0 0 0 0 0 0 0 0 0 0 0 0 0 0 0 0 0 23 0 0 0 0 0 0 0 0 0 0 0 0 0 0 0 0 0 0 0 0 0 0 0 0 0 0 0 0 0 0 0 0 0 0 21 0 0 0 0 0 0 0 0 0 0 0 0 0 0 0 0 0 0 0 0 0 0 0 0 0 0 0 0 0 0 0 0 0 0 0 0 0 0 0 0 0 0 0 0 0 0 0 44 0 0 0
0 0 0 0 24 100 120 0 244 35 353 24 0 1 0 0 0 0 0 0 0 0 0 37 0 0 0 0 0 0 0 47 0 0 3219 10 28 0 5353 4783 1976 0 0 0 262 0 0 2 0 0 0 1 0 0 0 7 0 0 0 1 0 0 0 0 0 0 0 0 0 0 0 0 0 425 0 0 0 0 1 5 0 0 0 0 0 0 5 0 1 0 0 0 0 0 0 1 0 0 0 0 0 0 0 0 0 0 0 0 0 0 165 0 0 3 0 0 2 5 0 5 4 0 0 3 0
8 10 178 41 239 155 101 17 23 4 153 6 0 0 0 0 0 0 0 0 0 0 0 0 0 0 0 0 0 0 0 0 0 30181 11 0 53 0 0 0 0 33 0 0 0 2 0 0 0 0 1 8 4 0 0 4 0 1 0 1 0 0 0 0 0 0 0 0 0 0 0 0 0 0 0 0 0 0 17 11 0 0 0 0 0 762 0 0 5 0 48 0 0 0 0 0 8 0 0 0 0 0 0 0 0 0 0 0 0 0 0 0 0 0 0 0 0 0 0 1 1 0 0 0 0
1 1 1 0 2 4 2 4 10 2 3 2 1 0 0 0 0 0 0 0 0 0 0 1 1 1 1 0 0 0 0 0 1 0 2 0 1 0 0 2192 926 0 0 0 1 1 0 0 0 0 0 2 3 1 1024 2887 1040 466 831 2307 270 0 0 3 0 0 0 0 282 4 0 0 1 0 2 2 1 11 1 4 0 0 5 0 0 0 0 0 0 0 0 0 0 0 0 0 0 0 0 0 0 0 0 0 0 0 0 0 0 0 0 0 0 0 0 0 0 5 0 4 4 0 0 2 11
693 677 6690 49132 17316 258 118 112 1706 2 394 10373 1077 329 55146 0 17874 7744 1404 43799 9145 59392 77108 521 12 440 745 354 337 52008 89396 64 358 680 7 559 204 384 954 729 641 3871 0 82453 16825 67844 66990 68177 57496 5493 44488 988 31695 2151 1912 2309 190 777 986 158 1397 910 3935 0 398 0 64528 96243 0 0 0 0 0 0 36 0 0 0 0 43 149 0 0 78 0 339 13280 1201 1812 569 43314 1330 4258 13980 0 0 0 0 3 0 5253 7 148 106 491 0 0 28 84 0 34 7 126 413 293 415 386 862 189 285 362 39 722 296 0
412 413 237 323 186 232 245 235 260 107 415 138 5 12 23795 0 0 90714 91155 51351 27478 14171 6129 271 237 148 85 705 1205 19 287 140 625 270 612 20160 0 0 78 0 0 4084 2 5522 29457 12260 2091 3299 316 2828 1758 205 155 62 0 64 473 522 203 340 517 0 0 3 28 0 479 338 0 3620 0 0 0 2 36 0 0 0 13665 1 0 997 1484 0 0 0 19 0 0 0 1045 0 10 0 0 0 1152 0 0 0 0 0 0 0 0 112 118 115 79 108 87 127 116 100 65 71 102 84 90 84 83 7 0 3 1486
0 0 3 0 0 0 0 0 0 0 1 0 1 7 0 0 0 0 0 0 0 0 0 4 5 3 5 2 12 0 0 8 39 2 10 13 80 0 39 5 5 10 0 0 37 6 9 0 5 6 20 3 2 10 0 0 0 249 0 0 58 8 1 0 2 19 2 0 0 0 0 0 0 0 0 0 0 0 0 3 0 8 6 17 9 6 18 14 81 14 2 19 11 6 2 28 95 3 51 4 2 9 1 0 3 6 7 5 6 5 4 7 6 4 3 3 4 3 5 3 3 17 11 5 0
0 0 0 0 0 0 0 0 0 0 0 0 0 0 0 0 0 0 0 0 0 0 0 0 0 0 0 0 1 0 0 0 3 0 1 1 5 0 3 0 0 1 0 0 0 0 0 0 0 0 1 0 0 1 0 0 0 17 0 1 0 0 0 0 0 1 0 0 0 0 0 0 0 0 0 0 0 0 0 0 0 1 0 1 1 0 18 4 11 1 0 1 1 0 0 2 6 0 4 0 0 1 0 0 0 0 0 0 0 0 0 0 0 0 0 0 0 0 0 0 0 1 1 0 0
0 0 0 0 0 0 0 0 0 0 0 0 0 0 0 0 0 0 0 0 0 0 0 0 0 0 0 0 0 0 0 0 0 0 0 0 0 0 0 0 0 0 0 0 42 7 9 0 0 0 0 0 0 0 0 0 0 0 0 1060 162 6 0 0 0 0 0 0 0 0 0 0 0 0 0 0 0 0 0 0 0 0 0 0 0 0 1 1 2 0 0 0 1 0 0 0 0 0 1 0 0 0 0 0 0 0 0 0 0 0 0 0 0 0 0 0 0 0 0 0 0 0 0 0 0
0 0 0 0 0 0 0 0 0 0 0 0 0 0 0 0 0 0 0 0 0 0 0 0 0 0 0 0 0 0 0 0 0 0 0 0 0 0 0 0 0 0 0 0 0 0 0 0 0 0 0 0 0 0 0 0 0 0 0 0 0 0 0 0 0 0 0 0 0 0 0 0 0 0 0 0 0 0 0 0 0 0 0 0 0 0 0 0 0 0 0 0 0 0 0 0 0 0 0 0 0 0 0 0 0 0 0 0 0 0 0 0 0 0 0 0 0 0 0 0 0 0 0 0 0
0 0 0 0 0 0 0 0 0 0 0 0 0 0 0 0 0 0 0 0 0 0 0 0 0 0 0 0 0 0 0 0 0 0 0 0 0 0 0 0 0 0 0 0 0 0 0 0 0 0 0 0 0 0 0 0 0 0 0 0 0 0 0 0 0 0 0 0 0 0 0 0 0 0 0 0 0 0 0 0 1 0 0 0 0 0 0 0 0 0 0 0 0 0 0 0 0 0 0 0 0 0 0 0 0 0 0 0 0 0 0 0 0 0 0 0 0 0 0 0 0 0 0 0 0
0 0 0 0 0 0 0 0 0 0 0 0 0 0 0 0 0 0 0 0 0 0 0 0 0 0 0 0 0 0 0 0 0 0 0 0 0 0 0 0 0 0 0 0 0 0 0 0 0 0 0 0 0 0 0 0 0 0 0 0 0 0 0 0 0 0 0 0 0 0 0 0 0 0 0 0 0 0 0 0 1 0 0 0 0 0 0 0 0 0 0 0 1 0 0 0 0 0 0 0 0 0 0 0 0 0 0 0 0 0 0 0 0 0 0 0 0 0 0 0 0 0 0 0 0
7 7 4 2 4 0 11 5 11 7 14 3 0 23 0 0 0 0 0 0 0 0 0 0 0 0 0 0 0 2 0 0 0 0 1 0 0 0 0 0 0 0 0 0 0 0 0 0 0 0 0 3 0 0 0 6 0 0 0 1 0 0 0 0 0 0 0 0 0 0 0 0 0 2 0 0 0 0 0 0 0 0 0 0 0 206 0 0 17 0 0 0 0 0 0 0 0 0 0 0 0 0 0 0 0 0 0 0 0 0 0 0 0 0 0 0 0 0 0 1 0 0 0 0 0
7 8 5 2 5 22 0 12 15 5 18 4 0 118 0 0 0 0 0 0 0 0 0 0 0 0 0 0 0 0 0 0 0 0 2 0 0 0 0 0 0 0 0 0 0 0 0 0 0 3 1 8 1 0 0 24 0 0 0 0 0 0 0 0 0 0 0 0 0 0 0 0 0 2 0 0 0 0 0 0 0 0 0 0 0 530 0 0 4 0 0 0 0 0 0 0 0 0 0 0 0 0 0 0 0 0 0 0 0 0 0 0 0 0 0 0 0 0 0 0 0 0 0 0 0
5 7 4 2 4 1368 13 0 23 47 131 3 4 94 0 0 0 0 0 0 0 0 0 1750 0 0 0 0 0 0 0 0 0 0 0 0 0 0 0 0 0 0 0 0 0 0 0 0 0 0 0 2 0 0 0 4 0 0 0 0 0 0 500 0 0 0 0 0 0 0 0 0 0 2 1 0 0 0 0 0 0 0 0 0 0 239 0 0 0 0 0 0 0 0 0 0 0 0 0 0 0 0 0 0 0 0 0 0 0 0 0 0 0 0 0 0 0 0 0 0 0 0 0 0 0
377 68 5 3 4 48 17 12 25 0 21 4 1 1211 0 0 0 0 0 0 1 0 0 0 0 0 0 0 0 6 0 0 0 67 0 20 809 0 0 0 0 0 0 0 0 0 0 0 0 0 0 1 0 0 0 3 0 0 0 0 0 0 0 0 0 0 0 0 0 0 0 0 0 4 0 0 0 0 0 0 0 0 0 0 0 614 0 0 27 0 0 0 0 0 0 0 0 0 0 0 0 0 0 0 0 0 0 0 0 0 0 0 0 0 0 0 0 0 0 0 0 0 0 0 0
6 5 2 0 1 876 893 3 4 2 430 1 1 179 0 0 0 0 0 0 1 0 0 2 3 2 67 0 0 31 0 0 0 281 5 0 0 0 0 1 0 5 0 0 0 0 0 0 0 0 4 3 0 0 0 5 0 7 0 2 1 0 0 0 0 0 0 0 0 3 0 0 6 3 0 0 0 0 0 0 0 0 0 0 0 0 0 0 1 0 9 0 0 0 0 0 0 0 0 0 0 0 0 0 0 0 0 0 0 0 0 0 0 0 0 0 0 3 0 3 3 0 0 0 0
139 1239 0 4 15 327 321 19 136 9 0 33 0 2301 1 0 0 0 0 0 1 0 0 3355 3659 2889 4473 524 0 339 0 1085 31 3440 46 0 14 0 82 12 0 111 0 0 0 1 0 0 0 0 11 51 7 0 0 82 0 10 0 11 4 0 0 0 0 2 0 0 0 159 0 0 114 2 2 0 0 17 0 1 0 0 0 0 0 836 0 0 17 0 211 0 0 0 0 0 0 0 0 0 3 0 0 42 0 0 0 5 0 7 2 0 0 4 0 0 7 9 0 12 12 0 53 1 0
0 0 0 0 0 1 1 0 0 0 0 0 0 1 0 0 0 0 0 0 0 0 0 0 0 0 0 0 0 0 0 0 1 0 1 0 0 0 0 0 0 0 0 0 0 0 0 0 0 0 0 0 0 0 0 0 0 0 0 0 0 0 0 0 0 0 0 0 0 0 0 0 0 0 0 0 0 0 0 0 0 0 0 0 0 0 0 0 0 0 0 0 0 0 0 0 0 0 0 0 0 0 0 0 0 0 0 0 0 0 0 0 0 0 0 0 0 0 0 0 0 0 0 0 0
0 0 0 0 0 0 0 0 0 0 0 0 0 4 0 0 0 0 0 0 0 0 0 0 0 0 0 0 0 0 0 0 0 0 0 0 0 0 0 5 0 0 0 0 0 0 0 0 0 0 0 0 0 0 0 0 0 0 0 0 0 0 0 0 0 0 0 0 0 0 0 0 0 0 0 0 0 0 0 0 10 0 0 0 0 0 0 0 0 0 0 0 0 0 0 0 0 0 0 0 0 0 0 0 0 0 0 0 0 0 0 0 0 0 0 0 0 0 0 0 0 0 0 0 0
0 0 0 0 0 9877 17702 35348 16293 9052 2468 3836 0 6141 0 0 0 0 0 2 13 0 0 1162 917 822 1421 2800 0 21 367 0 3833 0 7 49 0 0 55 15 0 0 0 0 0 1 0 0 0 6 10 142 6 0 1 60 0 16 1 6 2 0 0 0 0 6 0 0 0 0 0 0 0 28 3 0 0 0 0 0 0 0 0 0 0 1532 0 0 7 0 0 0 0 0 0 0 0 0 0 0 0 0 0 0 0 0 0 0 0 0 0 0 0 0 0 0 1 7 0 6 6 0 0 1 0
34 34 0 10 13 68 48 37 48 16 55 13 0 1101 0 0 0 0 0 1 5 0 0 8 8 6 7 93 0 0 0 0 0 0 18 0 0 0 0 0 0 24 0 0 0 0 0 0 0 0 6 44 0 0 0 39 0 6 0 6 2 0 0 0 0 0 0 0 0 128 0 0 49 11 1 0 0 0 0 0 0 0 0 0 0 1507 0 0 3 0 75 0 0 0 0 0 0 0 0 0 0 0 0 0 0 0 0 0 0 0 0 0 0 0 0 0 0 1 0 2 2 0 0 0 0
9 10 6 3 5 492 498 10 14 4 247 4 0 0 0 0 0 0 0 0 1 0 0 85 89 74 0 0 0 19 0 278 3 0 10 0 0 0 23 8 0 18 0 0 0 0 0 0 0 33 9 47 10 0 0 93 1 5 0 3 1 0 0 0 0 0 0 0 0 32 0 0 24 3 4 0 0 0 0 0 0 0 0 0 0 403 0 0 1 0 40 0 0 0 0 0 0 0 0 0 0 0 0 0 3 0 0 0 0 0 0 0 0 0 0 0 0 0 0 0 0 0 0 0 0
1 0 0 0 0 0 0 0 0 0 0 0 0 0 0 0 0 0 0 0 0 0 0 0 0 0 0 0 0 0 0 0 0 0 0 0 0 0 0 0 0 0 0 0 0 0 0 0 0 0 0 4 0 0 0 1 0 2 0 0 0 0 0 0 0 0 0 0 0 0 0 0 0 0 0 0 0 0 0 0 0 0 0 0 0 0 0 0 0 0 0 0 0 0 0 0 0 0 0 0 0 0 0 0 0 0 0 0 0 0 0 0 0 0 0 0 0 0 0 0 0 0 0 0 0
26 23 0 21 40 37 31 41 67 0 0 15 0 32 2 0 0 0 0 0 1 0 0 21 26 13 0 24 26 1 0 0 86 35 129 0 2535 0 126 0 17 23 0 0 0 10 0 0 0 66 136 184 87 127 278 22729 0 63 8644 78 5704 265 0 112 1336 95 489 29 0 8 0 0 0 22 459 0 0 0 0 210 63 0 0 0 0 0 0 0 116 0 0 0 0 0 0 0 0 0 0 0 0 0 0 0 0 181 167 118 162 136 112 177 170 154 109 92 151 120 149 121 121 0 78 2 0
17 19 0 4 0 5 0 45 68 0 0 16 0 0 0 0 1 0 0 0 0 0 0 8 9 7 0 197 0 0 0 3 8 8 13 0 0 0 84 0 0 0 0 0 0 5 0 0 0 0 15 12 9 10 17 15 0 10 10 32 39 0 0 203 0 0 0 0 0 7 0 0 0 6 12 0 0 13 0 10 0 0 0 0 0 0 0 0 9 0 0 0 0 0 0 0 0 0 0 0 0 0 0 0 6 16 12 34 0 40 29 23 20 45 20 0 43 43 15 43 42 0 0 0 0
87 72 18 20 4 1 3 1 2 1 2 1 0 5 0 0 1 0 0 0 0 0 0 1 1 1 1 11660 2 0 0 1 2 1 2 1 7 0 12 2 1 2 0 0 2 0 0 0 2 1 3 3 1 1 2 1 0 0 0 1 9 2 1 1 3 1 10 0 0 3 1 1 0 4 33 2 1 8 4 6 3 2 2 1 0 1 1 0 1 0 0 0 1 0 0 0 1 0 4 1 0 1 0 1 1 15 15 11 15 11 9 15 14 11 8 9 11 8 12 8 8 1 5 1 0
8 12 128 18 108 17 10 0 88 6 32 0 0 1 0 0 0 0 0 0 0 0 0 4 2 3 4 0 0 0 0 0 9 0 26 0 0 0 0 9644 4044 10 0 0 0 1 0 0 0 0 167 349 46 0 0 121 0 7 0 0 0 0 0 6 589 1 158 0 0 2 0 0 0 883 2 0 0 0 57 365 12 76 203 0 0 0 4 0 44 0 1 24 0 0 0 0 0 0 0 0 13 0 0 0 0 449 325 109 446 260 215 358 384 421 302 300 396 313 393 315 314 0 150 179 0
206 169 36 50 4 4 0 0 58 6 3 24 0 8 0 0 3 0 0 12 93 1 0 0 0 1 96 0 0 92 0 0 3503 0 87 123 1146 0 0 0 3263 0 0 0 155 2 0 0 0 0 3 0 0 0 0 0 0 0 0 0 0 0 0 0 24 0 0 0 0 1 0 0 0 27 1 0 0 0 2 1 0 0 0 0 0 0 0 0 138 0 0 0 0 0 0 0 0 0 0 0 0 0 0 0 0 142 87 32 107 101 80 112 122 172 110 100 160 4 132 136 135 0 0 4 0
120 96 932 22 323 55 18 68 453 364 55 91 0 93 0 0 0 0 0 2 15 0 0 37 40 32 67 185 788 10 0 193 607 118 258 0 9 0 0 0 0 410 0 0 0 34 0 0 0 0 235 252 0 0 0 1 0 2 5 0 0 0 0 0 23 0 0 0 0 43 0 0 2 25 28 0 0 59 2 90 0 38 0 0 0 0 0 0 39 0 2 0 0 234 0 19 0 0 0 0 0 0 0 0 0 171 152 103 152 128 104 164 160 104 20 89 147 117 143 119 119 0 0 36 0
4 4 42 5 46 6 0 14 12 5 0 3 0 0 43 0 0 0 0 0 0 0 0 7 7 6 10 0 0 1 0 6 0 0 11 0 119 0 0 10 0 0 0 0 0 2 0 0 0 0 9 12 2 0 0 7 0 5 0 15 11 0 0 118 9 0 0 0 0 40 0 0 4 1 15 0 0 12 0 32 0 30 0 0 0 0 0 0 25 0 1 0 0 0 0 0 668 0 0 0 150 0 0 119 0 0 0 13 0 16 9 0 0 16 0 0 17 22 0 22 21 814 0 46 0
25 21 4 6 0 0 0 0 0 0 0 0 0 1 0 0 0 0 0 0 0 0 0 0 0 0 0 0 0 0 0 0 0 0 0 0 0 0 0 0 0 0 0 0 0 0 0 0 0 0 0 0 0 0 0 0 0 0 0 0 0 0 0 0 0 0 0 0 0 0 0 0 0 0 0 0 0 0 0 0 0 0 0 0 0 0 0 0 0 0 0 0 0 0 0 0 0 0 0 0 0 0 0 0 0 0 0 0 0 0 0 0 0 0 0 0 0 0 0 0 0 0 0 0 0
9 0 27 169 54 190 203 19 20 49 143 43 6 215 405 0 0 955 837 622 31206 20945 13649 25 24 22 72 298 1933 246 315 560 270 824 144 120 26 110 29 77 83 65 0 0 2984 945 650 2314 209 67 198 102 124 25 86 194 529 866 384 1811 186 103 0 17 82 26 312 381 5874 231 0 7 17619 8313 2 7 4 38 203 10 0 13 0 0 0 39 45 0 0 0 172 4 2 45 0 2 6 1 0 3 17 0 0 0 0 15 5 3 2 5 4 4 3 5 3 5 8 6 5 4 4 0 4 3 13
32 11 11 0 16 2804 2878 0 34 89 1404 12 0 840 0 0 0 0 2 0 41 28 18 28 41 30 7658 435 2879 108 1 747 91 1277 22 598 236 0 10 0 173 49 0 0 0 0 0 73 3809 0 49 67 35 0 25 170 60 155 79 72 73 0 7 17 1475 17 30 2 8 37 0 0 45 60 3 0 0 0 2 8 0 0 0 0 0 384 0 0 98 0 32 0 0 0 0 0 0 0 0 0 0 0 0 0 0 44 25 18 11 44 32 34 36 61 32 42 66 47 41 56 55 0 0 208 0
602 354 27 215 2 0 0 0 0 0 0 0 0 0 0 0 0 0 0 0 0 0 0 0 0 0 0 0 0 0 0 0 0 0 0 0 0 0 0 0 0 0 0 0 120 0 26 0 0 0 0 0 0 0 0 0 0 0 0 2746 421 8 0 0 0 0 0 0 0 0 0 0 0 1 0 0 0 0 0 0 0 0 0 0 0 0 0 0 7 0 0 0 0 0 0 0 0 0 0 0 0 0 0 0 0 0 0 0 0 0 0 0 0 0 0 0 0 0 0 0 0 0 0 1 0
15391 11089 2625 3621 224 62 21 114 306 10 67 114 22 712 6 0 0 0 1 0 5 8 7 146 160 116 171 54 397 9 7 249 1286 54 333 492 2562 13 1384 325 136 322 0 0 194 0 0 0 37 172 691 127 187 369 793 60 45 8052 43 67 395 613 188 0 56 741 137 27 1 10 0 0 4 8 122 0 0 0 7 183 0 333 0 312 0 127 65 0 1014 328 69 584 665 105 0 874 3022 39 1491 42 0 0 15 0 86 170 182 250 142 150 124 190 173 133 93 98 137 110 135 111 110 529 340 203 0
388 1377 347 640 80 4141 7414 2416 4616 1102 4309 950 0 1106 5 0 0 4 38 1562 12488 239 12 190 214 151 262 18309 365 6 13 397 1838 142 1582 1390 845 0 3301 3570 977 153 2 0 0 495 1011 0 2228 3449 2634 4975 3585 1838 190 303 1144 296 165 231 364 196 91 0 2082 122 268 109 2 352 0 11 48 62 11174 89 37 231 14 221 1008 716 0 0 0 33 8783 224 901 0 6 0 19 0 0 38 189 0 326 0 114 0 0 127 2797 1086 943 382 836 620 523 908 740 902 747 614 711 532 751 519 522 324 482 618 0
88 104 1115 98 1044 113 102 318 485 144 179 115 31 96 219 0 0 0 0 0 1 1 0 254 273 206 443 268 753 22 2 626 1555 630 529 205 831 0 18 112 561 4809 0 0 0 91 0 0 0 0 45 67 28 0 0 24 0 30 19 54 43 0 87 2034 155 62 43 0 0 266 0 60 31 25 195 94 45 115 0 257 738 1555 874 0 229 275 14 0 1680 0 38 769 178 460 28 0 4240 0 1928 0 1376 466 162 894 44 2054 2130 1680 1965 1599 1330 2177 2022 1491 1122 1181 1518 1153 1641 1178 1176 5180 1452 271 0
3 1 196 16 183 7 7 3 4 3 18 1 5 11 5 0 0 0 0 0 22 15 9 2 0 2 4 56 34 0 0 0 324 0 6 0 41 0 1824 942 292 21 0 0 261 31 0 0 162 0 17 44 36 0 0 12 0 5634 0 0 0 0 0 1 408 629 38 1 2628 3 0 0 12 9 7 0 0 0 9 0 214 218 0 0 0 9 0 0 0 0 20 0 0 0 0 0 0 0 0 0 172 0 0 0 0 0 0 2 0 11 6 0 0 13 0 0 18 19 0 19 19 0 0 0 0
1 1 2 0 1 2 2 2 3 1 1 1 0 0 0 0 0 0 0 0 4 3 1 0 0 0 0 0 0 0 0 0 0 0 0 0 0 0 0 0 0 0 0 0 0 3 0 0 0 0 0 4 7 0 0 0 0 68 0 0 0 0 0 0 3 1 0 0 808 0 0 0 2 2 4 0 0 0 3 0 218 0 0 0 0 0 0 0 0 0 25 0 0 0 0 0 0 0 0 0 0 0 0 0 0 0 0 0 0 0 0 0 0 0 0 0 0 1 0 0 0 0 0 4 0
0 0 0 0 0 0 0 0 0 0 0 0 0 0 0 0 0 0 0 0 1 1 0 0 0 0 0 0 0 0 0 0 0 0 0 0 0 0 0 13 0 0 0 0 0 6 0 0 0 0 0 0 0 0 0 0 0 193 0 0 0 0 0 0 0 0 0 0 1800 0 0 0 0 0 1 0 0 0 6 0 0 0 0 0 0 0 0 0 0 0 0 0 0 0 0 0 0 0 0 0 0 0 0 0 0 0 0 0 0 0 0 0 0 0 0 0 0 0 0 0 0 0 0 0 0
2 1 9 0 4 2 2 4 6 4 1 1 0 0 0 0 0 0 0 0 1 0 0 1 0 0 1 1 0 0 0 0 5 0 3 0 0 0 0 0 3 0 0 0 0 4 0 0 0 0 0 1 0 0 0 5157 0 111 0 0 0 0 0 3 0 0 0 0 1156 0 0 0 0 1 24 0 0 0 3 4 598 0 0 0 0 0 0 0 0 0 0 0 0 0 0 0 0 0 0 0 0 0 0 0 0 0 0 0 0 0 0 0 0 0 0 0 0 1 0 1 0 0 0 0 0
320 650 945 153 756 1364 893 688 1173 211 0 293 11 11 0 0 0 0 0 0 66 44 28 447 478 321 457 306 654 1 2 485 794 276 1216 0 0 0 375 736 419 5 1 0 190 1523 0 0 169 1253 2071 10804 1510 0 0 0 51 648 0 0 15620 0 133 0 206 170 42 323 5777 5 0 0 36 26 8 0 0 0 20 427 95 0 0 0 0 0 661 0 199 0 0 0 0 0 0 0 0 0 0 0 0 0 0 16 0 89 94 101 51 97 77 105 94 87 50 53 91 77 73 78 78 0 94 60 0
49 41 8 12 1 2 2 1 3 2 2 1 0 7 0 0 85 0 0 3 22 1 0 2 2 1 1 1 2 0 0 0 1 2 3 0 0 0 442 560 33 13 0 0 0 1 0 0 101 21 103 128 421 137 0 109 0 36 73 0 214 1225 571 0 3 405 223 2 0 0 0 0 0 0 0 0 0 0 0 301 3 277 46 0 0 0 0 0 1 0 0 0 783 0 0 0 0 0 0 0 0 0 0 0 0 0 0 0 0 0 0 0 0 0 0 0 0 0 0 0 0 0 0 0 0
10 9 2 2 0 0 0 0 1 1 0 0 0 0 0 0 0 0 0 1 5 0 0 0 0 0 0 0 0 0 0 0 0 0 0 0 0 0 0 1 0 0 0 0 0 0 0 0 0 0 112 155 0 9 0 0 0 0 0 0 6694 0 0 0 37 0 0 0 0 0 0 0 0 0 0 0 0 0 0 0 0 0 0 0 0 0 0 0 0 0 0 0 0 0 0 0 0 0 0 0 0 0 0 0 0 0 0 0 0 0 0 0 0 0 0 0 0 0 0 0 0 0 0 0 0
94 80 16 23 2 4 5 3 7 2 4 2 0 7 0 0 0 1 1 6 43 1 0 2 1 1 1 2 2 0 0 0 1 0 5 204 4 0 76 423 37 73 0 0 0 1 0 0 60 601 259 1057 104 0 321 112 0 82 0 0 2637 1248 690 0 2257 257 1007 9 0 0 0 0 0 0 1 0 0 0 12 4 0 76 0 0 0 0 0 0 1 0 1 0 0 0 0 0 0 0 0 0 0 0 0 0 0 0 0 0 0 0 0 0 0 0 0 0 0 0 0 0 0 0 0 1 0
8 7 1 2 0 1 0 0 1 0 0 0 0 0 0 0 0 0 0 0 4 0 0 0 0 0 0 0 0 0 0 0 0 0 0 0 0 0 0 1 0 0 0 0 0 0 0 0 0 0 0 0 0 0 0 527 0 0 0 0 0 0 0 0 19 0 0 0 0 0 0 0 0 0 3 0 0 0 1 7 14 0 0 0 0 0 0 0 0 0 0 0 0 0 0 0 0 0 0 0 0 0 0 0 0 0 0 0 0 0 0 0 0 0 0 0 0 0 0 0 0 0 0 0 0
14 12 2 3 0 1 0 0 1 1 0 0 0 0 0 0 0 0 0 1 6 0 0 0 0 0 0 0 0 0 0 0 0 0 1 0 0 0 12 67 0 1 0 0 0 0 0 0 0 6 7 25 0 20 0 20 0 15 0 0 52 0 84 0 148 25 9 0 0 0 0 0 0 0 0 0 0 0 0 11 3 102 0 0 0 0 0 0 0 0 0 0 0 0 0 0 0 0 0 0 0 0 0 0 0 0 0 0 0 0 0 0 0 0 0 0 0 0 0 0 0 0 0 0 0
61 52 10 15 1 2 3 2 4 1 2 1 0 0 0 0 0 0 0 0 28 1 0 0 0 0 0 0 0 0 0 0 0 0 1 0 0 0 7 34 1 0 0 0 0 0 0 0 0 29 71 158 8 14 9 37 1380 2469 1004 0 235 0 0 0 121 16 159 0 0 0 0 0 0 0 1 0 0 0 2 0 0 0 0 0 0 0 0 0 0 0 0 0 0 0 0 0 0 0 0 0 0 0 0 0 0 0 0 0 0 0 0 0 0 0 0 0 0 0 0 0 0 0 0 0 0
10 8 2 2 0 0 0 0 1 0 0 0 0 2 0 0 0 0 0 0 5 0 0 0 0 0 0 0 0 0 0 0 0 0 1 0 0 0 15 56 2 0 0 0 0 0 0 0 0 34 59 82 139 0 0 0 0 22 0 0 0 0 202 0 2342 130 32 0 0 0 0 0 0 0 0 0 0 0 0 338 0 14 0 0 0 0 0 0 0 0 0 0 0 0 0 0 0 0 0 0 0 0 0 0 0 0 0 0 0 0 0 0 0 0 0 0 0 0 0 0 0 0 0 0 0
199 175 983 114 912 139 142 492 606 110 195 143 161 140 16 0 220 0 0 0 5 1 0 129 138 99 187 89 127 12 3 142 385 356 288 0 96 0 1357 683 500 104 1 0 17 0 0 0 60 108 290 218 220 157 0 389 0 241 23 658 198 0 1816 6151 669 0 431 0 0 218 0 69 31 14 1640 105 59 305 0 848 1195 0 0 0 0 0 0 0 240 0 4 107 1970 0 0 0 0 0 0 0 213 0 0 0 34 832 646 233 884 455 387 680 717 701 532 517 665 509 715 513 512 299 145 59 0
114 229 373 32 350 241 404 631 493 188 120 117 276 733 284 0 787 0 0 0 2 2 0 162 264 0 241 106 278 19 6 273 199 127 52 32 247 0 32 122 76 251 4 53 0 4 0 0 0 20 28 112 27 0 0 35 0 8 0 17 0 0 0 8157 1362 4301 283 0 0 457 0 122 37 80 91 174 126 186 0 230 652 1528 0 0 0 0 80 0 2996 0 7 0 0 0 0 0 0 0 2382 211 91 0 40 0 4 212 221 184 192 174 144 228 212 162 119 117 165 128 170 130 129 76 123 25 0
6 8 53 5 46 8 7 20 33 53 29 65 6 9 0 3 0 0 0 0 1 0 0 11 14 11 25 23 27 2 0 19 115 39 32 0 0 0 0 10 79 0 0 0 0 7 7 1 0 0 2 6 0 7 6 16 5 3 4 23 7 0 0 0 14 10 0 0 0 0 0 0 0 3 5223 0 0 0 5 0 0 0 28 0 0 0 0 0 88 4 0 0 0 0 0 3 0 0 0 0 0 0 0 0 0 0 0 43 0 48 27 0 0 39 0 0 38 50 0 53 50 14 9 9 0
16 10 4 3 2 10 7 38 3 11 4 1 1 1 0 0 0 0 0 0 0 1 0 27 24 16 7 12 5 1173 0 9 7 3 43 0 54 0 0 0 0 0 0 0 0 0 0 0 0 0 0 4 2 0 0 0 0 0 0 0 0 0 0 0 0 0 0 0 0 1 0 0 0 12 0 0 0 2 0 0 0 0 0 0 0 0 0 0 5 0 0 0 0 0 0 0 0 0 0 0 0 0 0 0 0 0 0 24 0 22 15 2 0 18 0 0 20 23 0 22 22 0 0 9 0
4 1 13 2 15 7 6 2 5 18 10 2 8 9 0 332 300 0 0 0 0 0 0 6 6 5 6 7 0 0 0 0 2 2 44 0 18 0 0 9 4 5 0 0 0 1 0 0 0 0 0 7 3 0 0 3 0 3 0 0 0 102 0 0 713 0 730 0 0 11 0 0 1 7 1 0 0 20 0 31 0 0 0 0 0 0 166 0 5 76 10144 852 0 0 0 0 0 0 0 0 0 0 0 0 0 32 16 10 12 29 22 24 26 47 27 13 45 40 29 40 40 49 0 14 0
74 18 239 4 64 16 67 68 113 120 19 28 10 34 1 0 0 0 0 0 0 0 0 42 40 30 30 62 165 3 1 69 154 32 81 0 67 0 0 27 282 112 0 0 0 9 0 0 0 0 64 79 84 0 0 868 0 70 0 0 0 0 0 9 1 0 0 0 0 13 2 6 1 110 18 9 7 22 0 46 255 0 0 0 0 0 1 0 23 0 2 17 0 103 0 0 51 0 0 0 0 0 4 7 0 65 61 42 60 49 40 63 60 52 37 40 53 42 54 42 42 0 0 14 0
0 0 0 0 0 0 0 0 0 0 0 0 0 0 0 0 0 0 0 0 0 0 0 0 0 0 0 0 0 0 0 0 0 0 0 0 0 0 0 140 59 0 0 0 0 0 0 0 0 0 0 0 0 0 0 170 0 26 28 141 10 1 0 0 0 0 0 0 0 0 0 0 0 0 0 0 0 0 0 0 0 0 0 0 0 0 0 0 0 0 0 0 0 0 0 0 0 0 0 0 0 0 0 0 0 0 0 0 0 0 0 0 0 0 0 0 0 0 0 0 0 0 0 0 0
0 0 0 0 0 1 1 1 0 0 3 0 2 2 0 0 0 0 1 0 8 13 0 0 0 0 0 0 0 0 3380 0 0 0 1 1 1 0 0 0 0 0 1 0 0 0 0 0 0 0 0 0 0 0 0 0 0 0 0 0 0 0 0 7 0 0 0 0 0 0 0 0 0 0 0 6 0 0 0 0 0 0 0 0 0 0 0 0 0 0 0 0 1 0 0 0 0 0 0 0 0 0 0 0 0 0 0 0 0 2 0 0 0 0 0 0 0 0 0 0 0 0 0 0 0
5 7 7 3 11 41 27 31 10 9 137 10 16 11 0 12 0 0 0 0 4 4 0 2 3 3 6 0 0 2 1 5 0 0 17 0 0 0 0 0 0 0 1 0 0 0 0 0 0 0 4 9 10 0 0 0 0 0 0 0 0 0 0 44 0 0 0 0 0 0 0 0 0 0 0 49 38 0 1 2 0 0 0 0 0 0 0 0 1 0 0 0 0 0 0 0 0 0 0 0 0 0 0 0 0 0 0 0 0 0 0 0 0 0 0 0 0 0 0 0 0 0 0 0 0
606 799 772 393 1253 4723 3104 3603 1154 1082 15865 1188 813 638 6 733 886 0 0 0 1 1 0 276 354 270 622 697 1006 260 25 668 1841 389 1745 892 241 0 1636 7638 1677 412 0 1529 325 110 226 223 583 531 372 697 928 1161 10391 1371 40383 1072 1592 5517 436 414 112 2398 890 345 0 1 0 0 0 0 0 0 0 2265 1780 0 68 638 166 95 137 0 0 269 38 29 170 22 0 2 349 0 0 0 9 0 0 0 688 0 311 163 55 261 275 229 233 217 178 285 543 242 173 36 53 24 40 29 49 366 100 196 0
45 230 57 29 92 348 229 265 85 80 1179 87 0 46 3394 53 62 0 0 0 0 0 0 20 26 20 46 49 33 19 2873 49 79 20 128 56 10 0 114 574 105 15 0 0 15 8 13 0 0 34 27 51 67 74 782 103 1052 81 120 415 33 0 0 171 62 18 0 0 0 0 0 0 0 0 0 163 128 0 0 45 0 0 0 0 0 0 3 0 12 1 0 0 6 0 0 0 0 0 0 0 0 0 1 0 0 0 0 4 0 4 0 0 0 6 0 0 0 1 0 0 0 0 0 10 0
0 0 0 6 0 1 1 7 0 0 4 0 4 2 0 2 1 0 0 0 1 1 0 0 0 0 0 0 0 4 0 0 0 0 1 0 0 0 1 0 0 0 0 0 0 0 0 0 0 0 0 10 1 0 0 0 0 0 0 0 0 0 0 11 0 0 0 0 0 0 0 0 0 0 0 28 20 0 1 5 0 0 0 0 0 0 0 0 1 0 0 0 0 0 0 0 0 0 0 0 0 0 0 0 0 0 0 0 0 0 0 0 0 1 0 0 0 0 0 0 0 0 0 1 0
0 0 0 0 0 0 0 0 0 0 0 0 0 0 0 0 0 0 0 0 0 0 0 0 0 0 0 0 0 0 26 0 0 0 0 0 0 0 0 0 0 0 0 0 0 0 0 0 0 0 0 0 0 0 0 0 0 0 0 0 0 0 0 0 0 0 0 0 0 0 0 0 0 0 0 0 0 0 0 0 0 0 0 0 0 0 0 0 0 0 0 0 0 0 0 0 0 0 0 0 0 0 0 0 0 0 0 0 0 0 0 0 0 0 0 0 0 0 0 0 0 0 0 0 0
0 0 1 20 1 1 2 1 1 2 1 3 0 0 0 0 0 0 0 0 0 0 0 0 0 0 0 0 0 2 477 0 0 0 0 0 0 0 0 0 0 0 0 0 0 0 0 0 0 0 0 0 0 0 1 0 0 0 0 0 0 0 0 0 0 0 0 0 0 0 0 0 0 0 0 20 1 6 0 0 0 0 0 0 0 0 0 0 0 0 1 0 0 0 0 0 0 0 0 0 0 0 0 0 0 0 0 0 0 0 0 0 0 0 0 0 0 0 0 0 0 0 0 0 0
54 71 69 35 111 420 276 320 102 96 1411 106 72 53 0 60 71 0 0 0 0 0 0 24 31 24 54 58 29 23 2 30 81 22 153 64 10 0 118 719 127 15 0 0 15 10 14 0 0 40 32 62 81 87 986 130 1326 102 151 523 41 0 0 198 75 20 0 0 0 0 0 0 0 0 0 0 0 0 0 238 0 0 0 8 0 0 13 0 58 3 0 0 86 0 0 0 0 0 0 0 0 0 90 53 18 56 61 71 25 67 52 69 158 76 47 0 10 9 0 10 15 66 0 71 0
68 90 87 44 141 530 348 404 129 121 1779 133 90 66 0 76 91 0 0 0 0 1 0 30 39 30 69 74 66 29 3 73 143 34 193 89 18 0 150 908 176 30 0 0 26 12 21 0 0 54 41 78 103 118 1244 164 1673 128 191 660 52 0 0 252 98 30 0 0 0 0 0 0 0 0 0 3565 0 0 0 1146 0 192 325 171 346 368 61 51 277 16 0 7 519 0 0 0 38 0 0 0 321 0 558 292 127 454 477 384 421 364 300 491 916 405 294 71 93 47 83 58 82 844 251 365 0
35 46 44 22 71 269 177 205 66 62 904 68 46 0 0 35 37 0 0 0 0 0 0 33 43 33 76 77 0 32 3 80 42 18 213 5 0 0 119 51 0 0 0 0 115 50 99 0 0 46 41 80 105 105 42 42 428 33 49 169 2 0 0 30 0 0 0 0 10 1615 0 0 0 22 0 61 48 0 11 17 0 0 0 0 0 0 1 0 5 125 0 0 0 0 0 0 0 0 0 0 0 0 0 0 0 0 0 0 0 0 0 0 0 0 0 0 0 0 0 0 0 0 0 0 0
0 0 0 0 0 1 0 48 0 0 0 0 0 0 0 0 0 0 0 0 0 0 0 0 1 1 1 2 2 1 0 1 4 1 4 0 0 0 0 0 0 0 0 0 0 0 0 0 0 0 0 0 0 0 1 0 0 0 0 0 0 1 1 0 5 2 0 0 0 0 0 0 0 0 0 140 108 0 0 39 0 12 14 7 21 0 2 0 9 0 0 0 18 2 1 7 6 0 8 5 15 1 20 10 5 7 8 12 0 11 8 10 24 13 7 0 0 0 0 0 0 32 13 13 0
5 5 4 3 4 7 0 3 0 1 0 2 0 0 0 0 0 0 0 0 0 0 0 4 4 3 7 1 0 0 0 4 8 4 7 0 0 0 0 0 0 0 0 0 0 3 0 0 0 14 21 36 0 0 0 2 0 0 0 9 0 0 0 48 19 0 0 0 0 0 0 0 0 5 0 0 0 0 0 0 0 0 0 0 0 0 0 0 0 0 0 1 0 0 0 0 0 0 0 0 0 0 0 0 0 0 0 0 0 0 0 0 0 0 0 0 0 0 0 0 0 0 0 0 0
950 1085 9311 935 8794 2230 1465 4093 13498 1593 2453 3214 839 518 4 0 23 0 0 0 0 0 0 134 141 105 161 131 229 9 0 144 405 110 364 0 25 0 0 186 71 102 0 3 52 39 43 0 0 0 0 482 0 0 0 26 10 0 0 58 0 0 0 20 222 97 0 0 0 343 0 264 40 26 152 376 280 98 0 9698 0 0 0 0 0 1098 0 0 411 0 1 0 1096 1355 0 1344 0 1978 0 0 6889 0 0 588 412 2750 2857 2296 2582 2183 1809 2932 2717 2034 1521 1592 2066 1592 2195 1598 1572 858 594 139 0
297 237 59 57 18 231 106 1106 33 137 180 13 3 277 31 223 0 0 0 0 0 0 0 732 644 399 232 335 972 34773 0 441 574 302 1185 574 2557 0 0 37 0 0 0 0 21 2 0 0 0 0 44 90 112 67 0 21 0 17 0 37 0 48 0 10 1301 197 15 0 0 251 0 120 9 12 109 120 0 414 0 165 562 0 1125 0 0 0 0 1390 195 153 1 0 1310 0 0 66 1199 0 1236 0 0 0 251 222 322 1098 1171 1012 968 934 768 1209 1104 831 605 639 851 668 864 675 672 1337 0 450 0
1892 3377 505 1555 2726 3853 985 1115 2819 5986 6757 206 1107 587 0 8 0 0 0 0 0 0 0 1176 979 671 391 459 4359 200 0 1923 2574 789 3107 2686 568 0 0 584 1997 428 0 51 267 801 93 432 0 561 1658 450 993 1068 0 596 1512 684 759 1622 397 75 2280 0 432 2663 1861 0 0 152 0 82 7 92 4 29 0 120 0 1153 1423 0 0 0 0 881 2 0 0 0 0 1046 0 0 0 48 0 0 0 685 0 0 0 0 1 1229 1166 473 492 726 588 983 5191 4133 2491 2247 1978 1126 1859 729 767 4 1002 301 0
19467 22 6387 10 4717 14 24093 40 77 5402 269 76 3535 5260 5 0 883 0 0 0 2 2 0 11650 10399 7530 4952 6206 2544 96 1 53 2876 2301 4807 8277 234 0 417 15292 169 2348 9 409 1050 187 0 1138 2511 3737 2237 4939 2937 3360 2335 3447 1552 1184 1305 7876 2468 2178 2208 455 77 4449 5785 0 0 49 1442 12 6 40712 25 0 0 83 0 6004 2533 4931 974 0 0 2334 0 0 128 1464 207 1832 3303 972 0 970 6534 0 4504 1299 0 1339 270 664 941 6063 5882 4160 6120 4378 3651 6046 5563 4330 3293 3497 4553 3483 4941 3561 3548 4803 2972 2869 0
772 884 700 327 785 617 514 2137 4089 36278 15676 3850 1205 1443 18 371 687 0 0 0 1 1 0 944 714 852 2792 7852 2353 2170 67 1211 3475 7928 2213 4211 7328 0 402 2655 3634 1706 5 56 307 1372 844 516 0 1913 1058 780 372 2168 1751 2238 1011 708 907 5068 1429 1179 1538 13520 2579 3141 18 0 1 847 139 78 212 189 56 286 0 1364 0 1498 1860 1805 3648 488 0 1899 217 0 1638 444 92 2368 2483 1043 0 2099 7244 0 1897 664 0 0 329 427 621 4425 4123 1901 2538 3072 2190 2652 1997 767 552 2319 3261 1771 2855 1687 1503 2507 1662 940 0
221 146 58 12 68 76 202 67 104 76 0 211 30 0 45 0 270 0 0 0 0 1 0 0 0 0 0 74 0 8 6 0 0 0 791 313 563 0 221 205 142 469 0 0 0 31 0 0 0 0 82 213 169 239 78 250 111 64 97 531 98 83 61 1776 490 196 26 0 0 324 0 97 38 346 93 263 0 1207 37 79 0 204 0 0 0 0 7 0 543 83 2 1604 2894 0 0 0 742 0 0 148 290 0 249 128 76 68 74 119 0 116 86 93 76 101 52 52 106 98 54 94 95 666 340 0 0
1 1 0 0 0 1 0 0 2 0 0 0 0 11 87 0 0 0 0 0 0 0 0 21 23 17 32 2 2 0 0 28 11 2 11 15 45 0 0 34 24 14 1 0 106 1 0 0 0 9 50 325 42 0 403 27 31 14 24 63 1 18 0 96 115 0 0 0 0 0 0 0 0 0 0 0 0 0 0 7 0 8 0 39 0 0 0 0 28 0 0 0 0 0 0 0 228 0 0 0 0 0 0 136 0 93 102 106 63 96 77 110 99 80 54 61 86 72 74 71 71 26 0 42 0
266 497 187 132 138 1853 1641 1747 1188 470 1093 280 101 320 47 0 26 0 0 0 4 3 0 1756 1913 1498 2400 1158 2600 228 60 2487 2081 894 1181 1410 1938 0 1936 6190 1419 2880 2 62 949 178 241 0 1200 2088 1815 4885 6978 3165 1335 628 1476 2587 1539 462 701 626 519 3596 913 309 56 1 0 84 0 23 8 2 27 21 0 362 35 198 2402 0 209 7883 1648 19 70 0 1294 0 0 365 2781 115 0 0 16 0 0 231 81 0 0 1051 302 1319 1346 1026 1282 1000 833 1375 1289 964 732 762 973 744 1059 752 751 630 953 405 0
0 1 0 0 0 1 0 0 0 1 0 0 0 0 189 0 134 0 0 0 0 0 0 0 0 0 0 0 0 1 0 0 0 0 0 0 0 0 0 0 0 0 0 19 0 0 0 0 0 3 3 0 0 0 0 0 0 0 0 0 0 0 0 0 0 0 0 0 0 0 0 0 0 0 0 0 0 0 0 0 0 0 2564 0 0 0 0 0 0 0 0 0 0 0 0 0 0 0 0 0 0 0 0 0 0 0 0 0 0 0 0 0 0 55 7 0 0 0 0 0 0 0 0 0 0
55 98 22 16 28 305 274 299 187 79 179 44 10 45 66 0 302 0 0 0 0 0 0 229 250 196 322 852 16 1084 16 711 255 83 231 239 301 0 92 1467 215 649 1 3 245 63 0 3 246 313 255 808 1360 927 252 1121 194 168 1696 225 22 126 107 0 270 0 204 0 2 2314 0 0 0 0 0 0 0 0 0 29 92 0 0 0 0 0 52 1030 9640 0 3 90 0 65 0 0 0 0 0 32 31 0 0 33 0 611 540 0 605 0 341 567 562 0 375 375 0 379 512 0 0 298 253 99 0
0 0 0 0 0 4 4 4 2 1 2 0 1 0 0 0 0 0 0 0 0 0 0 0 0 0 0 0 0 4 0 1 0 0 0 3 8 0 0 0 0 0 0 0 0 0 0 0 0 0 0 1 2 2 0 0 0 0 0 0 0 0 0 0 0 0 0 0 0 17 0 0 0 0 0 0 0 0 0 3 0 0 0 0 0 0 1 23 139 0 0 0 0 0 0 0 0 0 0 0 0 0 0 0 0 0 0 0 0 0 0 0 0 0 0 0 0 6 0 2 3 0 0 13 0
3 4 105 15 90 14 11 6 7 2 28 2 8 2 58 0 3722 0 0 0 0 0 0 58 63 46 75 36 58 3 2 47 186 154 396 110 222 0 0 157 63 13 1 0 3696 14 0 32 0 167 71 346 64 142 157 166 81 48 69 346 194 0 83 1276 288 0 0 0 0 9 0 3 1 0 2 3 0 650 0 0 129 170 0 0 0 0 89 0 553 0 7 0 0 0 0 0 106 0 0 0 312 0 0 33 0 44 46 60 12 58 45 56 49 55 32 23 55 49 37 49 48 707 0 110 0
94 139 147 25 125 25 19 618 522 169 40 122 50 79 67 0 0 0 0 0 1 1 0 159 169 125 203 170 252 90 6 313 291 263 403 290 469 0 988 804 361 408 2 0 42 24 0 0 0 80 60 878 566 631 0 251 119 69 99 524 144 0 87 704 346 57 16 0 0 79 0 0 3 0 4 0 0 151 0 114 0 0 244 0 0 0 1070 0 435 639 1126 10821 0 70 0 0 0 0 0 0 0 0 0 0 0 51 0 40 0 109 74 42 60 191 95 89 171 166 65 133 159 0 0 106 0
57 90 1111 158 919 130 133 157 97 43 351 25 20 74 16 0 151 0 0 0 0 0 0 79 86 60 91 148 276 11 2 114 424 204 432 357 501 0 5 159 0 3677 0 0 134 14 0 151 0 227 89 177 88 87 62 148 69 40 59 311 116 105 106 1326 344 118 0 0 1 1040 219 330 116 0 268 455 302 9568 0 1291 0 124 489 0 0 285 39 0 499 0 144 174 0 0 0 16 2259 0 513 0 0 0 457 206 164 1652 1695 1303 1602 1259 1050 1730 1615 1199 1741 949 1214 928 1323 939 938 975 684 456 0
112 528 143 115 308 2698 1187 418 4585 295 2049 1077 610 576 47 813 859 0 0 0 2 1 0 831 901 667 1069 790 1506 52 37 1183 1803 513 2174 1197 1498 0 778 1693 459 904 0 62 1192 253 355 159 0 829 814 1096 903 687 368 537 1416 299 933 230 110 725 597 5086 1597 811 306 0 2 1568 583 780 212 3 372 1084 831 1209 0 187 924 850 1342 427 263 645 1558 70 3214 1342 117 1016 1872 425 0 5124 6189 6743 1025 0 661 0 1613 300 285 852 841 612 829 629 524 865 820 644 486 500 643 494 691 499 498 3516 1146 705 0
184 137 23 57 23 533 123 4 353 5 611 83 0 172 2 17 15 0 0 0 0 0 0 35 39 30 50 41 28 0 0 51 71 24 32 48 142 0 133 136 0 25 0 0 31 16 0 0 2 23 39 18 14 47 30 8 72 60 76 7 19 35 36 0 58 29 65 0 0 510 255 489 73 0 683 656 349 1333 0 288 0 0 0 0 0 78 0 35 151 3126 423 441 78 0 0 0 0 5 0 0 78 0 0 30 17 169 164 129 148 136 111 173 164 143 102 95 141 113 138 114 113 24 72 36 0
7 14 17 6 29 19 0 28 40 9 0 9 21 0 171 146 0 0 0 0 0 0 0 236 254 171 240 180 332 9 6 248 255 80 720 170 508 0 17 97 154 0 0 0 105 27 0 0 0 183 166 323 185 170 146 260 151 181 196 348 158 20 73 1363 351 175 0 0 0 265 0 124 21 50 39 146 0 594 0 40 19 0 181 0 0 0 0 0 279 133 11 0 298 0 0 2414 0 0 0 0 170 0 48 13 0 90 91 107 34 110 84 106 94 104 58 26 102 92 67 93 92 346 0 0 0
24 29 49 10 58 166 45 102 164 34 85 41 584 26 31 419 199 0 0 0 0 0 0 545 625 474 464 623 1372 61 13 709 2597 365 2758 3120 4491 0 446 749 861 2064 0 0 201 24 0 93 710 809 584 969 696 589 39 169 81 45 66 346 67 1595 778 9005 2112 896 56 0 0 1054 209 588 86 28 797 768 279 2924 325 736 0 1358 11138 4800 8778 9300 132 120 4013 222 1 452 2693 577 0 0 4724 0 6333 1639 2085 0 2018 1382 807 2527 2294 1397 2552 1681 1411 2376 2337 1990 1506 1527 1946 1492 2096 1507 1504 4365 3474 5226 0
373 165 825 112 691 104 306 96 135 193 291 43 333 226 25 0 3123 0 0 0 1 1 0 275 278 202 295 336 568 39 4 658 1461 227 816 885 433 0 743 554 461 431 0 2 193 30 0 0 0 380 781 973 1129 1457 141 413 188 105 160 871 205 129 0 4855 723 545 27 0 0 848 214 423 67 356 602 559 248 1478 0 516 1055 0 822 0 0 1744 35 1549 221 3296 145 15154 1566 0 0 137 2332 0 0 145 116 652 238 154 190 2964 3016 2303 2857 2253 1877 3083 2882 2174 1645 1708 2203 1686 2377 1705 1702 766 1539 1101 0
31 54 97 15 86 22 23 79 41 67 40 14 18 66 2166 93 12 0 0 0 0 0 0 102 109 82 130 67 188 4 4 159 426 61 393 108 1301 0 8 145 105 3066 0 0 86 52 0 73 26 100 137 171 76 153 71 130 60 35 52 273 100 7 0 1217 301 123 2 0 2 2967 942 1355 193 13 601 1871 1354 5191 0 1052 177 292 0 0 0 0 58 0 615 0 2 72 3721 147 2469 2208 6103 0 0 0 2416 0 55 145 628 1395 1500 1266 1290 1147 950 1532 1399 1003 752 793 1032 796 1100 805 802 552 0 370 0
18 22 25 8 39 0 24 54 129 154 84 48 17 33 253 0 135 0 0 0 0 0 0 44 48 35 63 44 0 3 0 42 116 32 93 15 128 0 0 87 5 0 0 0 19 98 117 0 0 0 112 92 66 115 68 34 11 11 13 61 13 0 0 231 126 143 7 1 0 90 0 37 9 3 38 30 0 176 0 133 0 252 26 86 97 0 11 0 123 0 2 0 34 120 0 0 0 0 0 0 0 0 0 0 7 101 88 87 41 108 82 99 89 117 72 85 124 107 86 104 103 0 0 107 0
1471 1677 984 446 2218 4818 2490 4968 11218 2320 4005 2699 106 1892 342 0 34 0 0 0 3 2 0 765 823 628 974 693 1308 296 10 1395 1951 364 2716 1082 3711 0 768 1015 714 2930 1 16 1057 265 234 150 0 920 331 867 736 661 363 524 742 315 228 365 331 606 660 5896 1566 694 68 0 7 5334 1677 2231 848 147 3097 3113 2401 12790 0 4537 1 619 6755 0 3545 4131 258 198 6761 316 39 1903 35 1919 2171 2957 13530 304 0 4033 6082 0 1957 1342 844 6629 7063 5752 6333 5265 4382 7176 6593 4670 3553 3761 4793 3659 5241 3702 3696 8721 3244 2410 0
3 4 316 46 266 23 25 7 9 0 11 0 145 31 3 0 209 0 0 0 0 0 0 117 123 83 118 492 592 16 0 129 1253 326 2552 612 1279 0 264 550 383 463 0 21 475 9 0 579 0 965 130 327 187 163 447 593 270 152 233 1247 552 4895 0 4315 1266 243 0 0 1 121 0 0 106 6 55 0 0 1859 0 117 1251 0 672 0 0 0 9632 1332 4717 108 27 108 1368 0 0 12 0 0 0 0 502 0 0 349 196 189 135 45 185 111 92 150 162 182 130 127 171 136 166 134 135 3908 1379 68 0
1 1 52 8 43 0 5 1 2 0 6 0 23 6 0 0 11 0 0 0 0 0 0 22 24 17 24 9 0 1 0 31 119 3 261 73 224 0 107 61 29 0 0 2 41 2 3863 0 0 43 87 87 34 0 37 65 27 16 24 137 30 12 14 468 144 6322 0 0 0 3 0 7 1 0 12 0 0 76 0 15 0 0 21 0 0 0 0 0 50 0 0 0 139 0 0 0 0 0 0 0 69 0 0 0 77 65 50 34 48 52 42 59 60 71 47 47 68 58 56 58 57 311 356 0 0
2 1 0 1 0 422 655 1197 549 297 181 129 1927 215 0 0 1 0 0 0 0 0 0 52 40 30 86 102 49 1 12 314 250 0 85 186 0 0 1394 1305 562 37 0 5 53 1 0 0 0 107 17 41 23 26 9 323 12 29 25 49 19 0 0 2 205 29 92 0 1 2 0 9 1 42 5 0 0 51 0 81 0 0 0 0 0 0 85 0 17 10 8 41 82 0 0 0 56 0 0 0 0 0 0 0 0 43 27 10 33 30 67 33 37 51 33 31 48 41 39 41 40 185 74 0 0
26 23 22 17 22 30 18 28 11 26 45 19 14 30 19 22 0 0 0 0 0 0 0 45 41 30 32 22 24 25 8 26 27 29 37 0 0 0 0 0 0 19 0 0 0 17 0 0 0 3 27 70 40 0 41 66 34 41 53 54 41 0 0 49 9 0 0 0 10 52 0 25 12 73 36 0 0 146 0 62 0 0 0 0 0 0 0 0 60 0 64 0 0 0 0 0 0 0 0 0 0 0 0 0 0 0 203 2404 0 2213 1512 899 597 2021 749 1014 2023 2138 171 2066 2022 0 0 9 30
26 23 22 17 22 30 19 28 11 26 47 19 16 31 18 18 0 0 0 0 0 0 0 46 42 31 32 24 25 25 8 28 28 29 37 0 0 0 0 0 0 20 0 0 0 17 0 0 0 10 27 70 40 0 41 66 34 42 54 54 41 0 0 48 7 0 0 0 10 51 0 24 11 73 36 0 0 145 0 62 0 0 0 0 0 0 0 0 60 0 63 0 4 0 0 0 0 0 0 0 0 0 0 0 0 0 0 2348 0 2159 1451 724 424 1971 675 949 1971 2125 17 2049 2003 0 0 5 30
6 6 5 4 5 7 4 6 2 6 11 5 3 7 1 0 0 0 0 0 0 0 0 11 10 8 8 5 0 6 2 4 5 6 9 0 0 0 0 0 0 0 0 0 0 5 0 0 0 0 5 17 9 0 11 17 8 11 14 14 11 0 0 0 0 0 0 0 1 7 0 0 0 17 10 0 0 30 0 13 0 0 0 0 0 0 0 0 15 917 9 0 0 0 0 0 0 0 0 0 0 0 0 0 0 0 0 0 0 0 0 0 0 0 0 0 0 438 0 362 329 0 0 0 7
43 38 36 27 36 49 31 45 19 42 77 31 27 31 37 0 0 0 0 0 1 0 0 75 70 51 54 40 56 40 13 51 50 49 60 0 24 0 0 0 0 58 0 0 0 28 0 0 0 24 47 114 68 0 67 106 55 67 86 87 66 0 0 143 45 0 0 1 19 89 0 52 22 120 56 0 0 242 0 109 0 0 0 0 0 13 0 0 98 0 111 0 81 0 0 0 0 0 0 0 0 0 0 0 0 2660 2979 4522 0 4201 3179 3700 3201 3850 2171 2509 3885 3536 2280 3484 3440 32 0 49 48
6 5 4 4 5 7 3 6 2 6 9 4 0 6 1 0 0 0 0 0 0 0 0 9 8 6 6 3 0 6 2 1 4 5 9 0 0 0 0 0 0 0 0 0 0 5 0 0 0 0 5 16 7 0 9 15 7 9 12 12 9 0 0 0 0 0 0 0 0 7 0 0 0 16 8 0 0 28 0 10 0 0 0 0 0 0 0 0 14 1260 8 0 0 0 0 0 0 0 0 0 0 0 0 0 0 0 0 34 0 0 0 0 0 0 0 0 0 433 0 363 332 0 0 0 7
7 6 5 4 6 8 4 0 3 7 11 4 0 7 1 0 0 0 0 0 0 0 0 12 11 8 8 5 0 7 2 4 6 7 10 0 0 0 0 0 0 0 0 0 0 5 0 0 0 0 6 19 10 0 11 18 9 11 15 14 11 0 0 0 0 0 0 0 2 11 0 0 1 20 10 0 0 37 0 15 0 0 0 0 0 0 0 0 16 0 13 0 0 0 0 0 0 0 0 0 0 0 0 0 0 0 0 304 0 258 0 0 0 228 0 0 211 545 0 488 462 0 0 0 8
22 20 18 14 18 25 15 23 9 22 39 16 12 10 14 0 0 0 0 0 0 0 0 38 35 26 27 19 17 21 7 21 23 24 31 0 0 0 0 0 0 10 0 0 0 14 0 0 0 3 22 59 34 0 34 54 28 34 44 44 34 0 0 17 0 0 0 0 8 41 0 17 9 62 29 0 0 121 0 53 0 0 0 0 0 0 0 0 51 0 51 0 0 0 0 0 0 0 0 0 0 0 0 0 0 0 0 1816 0 1659 1028 0 0 1511 309 578 1502 1778 0 1696 1650 0 0 0 24
22 20 18 14 18 25 15 23 9 22 39 16 12 26 14 0 0 0 0 0 0 0 0 39 36 26 27 19 19 21 7 22 23 25 31 0 0 0 0 0 0 12 0 0 0 14 0 0 0 2 23 59 34 0 35 56 29 35 46 46 35 0 0 32 0 0 0 0 8 36 0 1 4 62 29 0 0 115 0 55 0 0 0 0 0 0 0 0 51 0 52 0 0 0 0 0 0 0 0 0 0 0 0 0 0 0 0 1879 0 1721 1106 252 0 1569 415 673 1564 1780 0 1705 1662 0 0 0 25
17 15 10 6 6 8 5 8 6 8 8 5 0 5 2 0 0 0 0 1 6 0 0 9 8 6 6 2 0 6 2 0 50 6 12 0 0 0 0 0 0 0 0 0 0 5 0 0 0 0 8 28 8 0 9 18 7 9 12 12 9 0 0 0 0 0 0 0 1 6 0 0 0 15 8 0 0 28 0 14 0 0 0 0 0 0 0 0 0 1028 7 0 0 0 0 0 0 0 0 0 0 0 0 0 0 0 0 42 0 11 0 0 0 0 0 0 0 407 0 343 314 0 0 0 6
29 26 19 11 12 14 10 14 12 13 18 9 3 12 9 0 0 0 0 1 11 0 0 18 16 12 12 9 12 11 3 11 94 12 20 0 0 0 0 0 0 3 0 0 0 8 0 0 0 5 17 49 18 0 16 31 14 16 20 21 16 0 0 5 1 0 0 0 3 17 0 5 3 26 14 0 0 53 0 27 0 0 0 0 0 0 0 0 0 0 20 0 0 0 0 0 0 0 0 0 0 0 0 0 0 0 0 686 0 623 338 0 0 567 0 135 559 748 0 707 684 0 0 0 10
12 13 10 7 11 13 8 20 27 211 101 28 8 16 4 0 0 0 0 0 0 0 0 20 17 14 25 49 15 8 3 11 27 53 24 0 15 0 0 0 0 7 0 0 0 13 0 0 0 2 14 27 14 0 25 35 18 18 24 47 22 0 0 72 9 0 0 0 4 23 0 12 6 23 12 0 0 57 0 29 0 0 0 0 0 0 0 0 30 0 17 0 0 0 0 0 0 0 0 0 0 0 0 0 0 0 0 524 0 476 204 0 0 417 0 0 420 657 0 608 583 0 0 0 9
6 6 4 4 5 7 3 6 2 6 8 4 0 3 2 0 0 0 0 0 0 0 0 10 9 7 6 1 0 6 2 0 4 6 9 0 0 0 0 0 0 0 0 0 0 5 0 0 0 0 5 17 7 0 11 17 8 11 14 14 11 0 0 0 0 0 0 0 2 12 0 7 3 17 8 0 0 35 2 14 0 0 0 0 0 0 0 0 15 1049 8 0 0 0 0 0 0 0 0 0 0 0 0 0 0 0 0 71 0 37 0 0 0 23 0 0 0 432 0 366 337 0 0 0 7
351 207 15 125 1 1 1 1 0 4 0 1 0 0 0 0 0 0 0 0 0 0 0 1 1 1 1 0 0 1 0 0 0 1 1 0 0 0 0 0 0 0 0 0 0 0 0 0 0 0 0 1 0 0 2 3 1 2 3 3 2 0 0 0 0 0 0 0 0 1 0 0 0 2 1 0 0 4 0 0 0 0 0 0 0 0 0 0 4 0 0 0 0 0 0 0 0 0 0 0 0 0 0 0 0 0 0 0 0 0 0 0 0 0 0 0 0 0 0 0 0 0 0 0 34177
21 18 16 13 17 23 14 21 9 20 35 15 9 17 14 0 0 0 0 0 0 0 0 36 33 24 24 17 19 19 6 19 21 22 29 0 0 0 0 0 0 14 0 0 0 13 0 0 0 0 21 54 31 0 31 50 26 32 41 42 31 0 0 41 6 0 0 0 9 44 0 30 12 56 26 13 0 117 3 51 0 0 0 0 0 0 0 0 48 0 48 0 0 0 0 0 0 0 0 0 0 0 0 0 0 0 0 1771 0 1628 1092 533 307 1486 502 713 1486 1606 0 1548 1513 0 0 7 22
1 1 0 1 1 2 0 1 0 1 0 1 0 0 0 0 0 0 0 0 0 0 0 0 2 2 2 0 0 1 0 0 0 1 2 0 0 0 0 0 0 0 0 0 0 1 0 0 0 0 11 3 0 0 2 3 1 2 3 2 2 0 0 0 0 0 0 0 0 2 0 0 0 3 2 0 0 7 0 1 0 0 0 0 0 0 0 0 3 214 0 0 0 0 0 0 0 0 0 0 0 0 0 0 0 0 0 0 0 0 0 0 0 0 0 0 0 53 0 0 0 0 0 0 1
2 1 0 1 1 2 0 1 0 2 0 1 0 0 0 0 0 0 0 0 0 0 0 0 1 2 2 0 0 1 0 0 0 1 2 0 0 0 0 0 0 0 0 0 0 1 0 0 0 0 0 4 11 0 2 234 2 3 4 3 3 0 0 0 0 0 0 0 0 2 0 0 0 4 3 0 0 8 1 2 0 0 0 0 0 0 0 0 4 315 0 0 0 0 0 0 0 0 0 0 0 0 0 0 0 0 0 0 0 0 0 0 0 0 0 0 0 76 0 23 0 0 0 0 2
5 12 6 0 0 44 33 25 35 8 34 0 31 8 27 0 0 0 0 0 0 0 0 140 151 101 142 91 205 6 0 156 240 90 395 284 776 0 120 85 136 0 0 0 120 41 0 0 0 175 128 250 141 158 107 192 111 133 145 256 102 0 0 0 248 0 279 0 0 208 0 61 36 0 138 0 0 416 0 0 0 0 0 0 0 0 0 0 200 0 2 0 280 0 0 0 0 0 0 0 91 0 0 0 0 40 44 90 0 87 64 63 53 78 35 36 81 77 34 78 76 0 0 141 0
2 0 55 13 68 50 33 3 4 0 29 2 5 6 7 0 34 0 0 0 0 0 0 42 46 36 55 1 0 0 0 59 172 1 178 0 254 0 0 77 5 125 0 0 36 11 0 0 0 104 120 82 38 0 9 400 20 34 32 60 24 0 0 0 119 29 69 0 0 293 0 108 25 0 87 91 0 1362 0 305 0 90 0 0 0 0 38 0 223 0 4 413 266 0 0 0 341 0 0 517 273 0 0 0 0 319 304 230 285 249 205 322 307 268 193 191 266 211 263 213 212 52 0 232 0
4 0 0 0 0 0 4 0 0 1 0 0 0 2 0 0 0 0 0 0 0 0 0 3 3 3 3 1 0 0 0 0 0 0 3 0 19 0 0 0 0 0 0 0 0 0 0 0 0 0 0 5 1 0 1 2 0 0 1 4 1 0 0 0 0 0 0 0 0 9 0 0 0 9 2 0 0 73 0 16 0 0 0 0 0 84 0 0 0 0 0 0 0 0 0 0 13 0 0 0 0 0 0 70 146 0 0 30 0 27 18 4 0 21 2 3 21 25 0 25 25 0 0 0 0
0 0 0 0 0 0 0 0 0 0 0 0 0 0 0 0 0 0 0 0 0 0 0 0 0 0 0 0 0 0 0 0 0 0 0 0 0 0 0 0 0 0 0 0 0 0 0 0 0 0 0 0 0 0 0 0 0 0 0 0 0 0 0 0 0 0 0 0 0 0 0 0 0 0 0 0 0 0 0 0 0 0 0 0 0 0 0 0 0 0 0 0 0 0 0 0 0 0 0 0 0 0 0 0 0 0 0 0 0 0 0 0 0 0 0 0 0 0 0 0 0 0 0 0 0
