114
0 0 0 1 0 1 1 0 14 105 305 13 54 30 14 0 0 0 0 0 0 0 0 0 0 0 0 1 0 0 1999 0 245 0 0 166 0 0 13 0 0 0 0 0 0 0 0 0 0 0 0 0 1 0 0 0 0 0 0 0 0 0 0 0 0 0 0 0 0 0 0 0 0 0 0 0 0 0 2 0 0 0 0 0 0 0 0 0 0 0 0 0 0 0 0 0 0 0 0 0 0 0 0 0 0 0 0 0 0 0 0 0 0 0
0 0 1228 0 0 0 0 0 177 37 3 152 258 39 18 0 5 0 0 0 0 0 0 0 0 0 0 12 5 0 21 29 0 0 0 0 56 66 91 0 0 0 0 0 0 0 0 0 0 0 0 0 0 0 0 0 0 0 0 0 0 0 0 0 0 0 0 0 0 299 0 0 0 0 0 0 0 0 17 0 0 0 0 0 0 0 0 0 0 0 0 0 0 0 0 0 0 0 0 0 0 0 0 0 0 0 0 0 0 0 0 0 0 0
0 0 0 0 0 0 0 0 2166 102 168 2788 550 1470 1693 0 5 0 0 0 0 0 0 0 0 3 0 12 4 0 22 39 8500 0 0 0 54 58 80 0 0 0 0 0 0 0 0 0 0 0 0 0 0 0 0 0 0 0 0 0 0 0 0 0 0 0 0 0 0 242 0 0 0 0 0 0 0 0 10 0 0 0 0 0 0 0 0 0 0 0 0 0 0 0 0 0 0 0 0 0 0 0 0 0 0 0 0 1 1 0 0 1 0 0
0 0 0 0 0 0 0 0 11 17 1 14 22 6 10 119 5 0 0 0 0 0 0 0 0 0 0 4 0 163 6 4 1967 2366 0 34 0 100 393 0 0 0 0 0 0 266 0 0 0 671 0 0 0 0 0 0 0 0 0 0 0 0 0 0 0 0 0 0 0 0 0 0 0 0 0 0 0 0 11 0 0 0 0 0 0 0 0 0 0 0 394 0 0 0 0 0 0 0 0 0 0 0 0 0 0 0 0 28 80 0 0 14 78 0
0 0 0 0 0 0 0 0 5 5 0 5 16 9 3 0 0 0 0 0 0 0 0 0 0 0 0 1 44172 0 5 14 569 0 0 0 47 89 152 0 0 0 0 0 0 1 0 0 0 78 0 0 0 0 0 0 0 0 0 0 0 0 0 0 0 0 0 0 0 61 0 0 0 0 0 0 0 0 11 0 0 0 0 0 0 0 0 0 0 0 37 0 0 0 32 9 0 0 0 0 0 0 0 0 0 0 0 0 10 0 0 0 0 0
0 0 0 0 0 0 0 0 3 4 0 5 5 1 2 0 34 0 0 0 0 0 0 0 0 0 0 1 0 0 4 73693 0 0 0 1 20 45 102 0 0 0 0 0 0 0 0 0 0 0 0 0 0 0 0 0 0 0 0 0 0 0 0 0 0 0 0 0 0 91 0 0 0 0 0 0 0 0 4 0 0 0 0 0 0 0 0 0 0 0 19 0 0 0 0 0 0 0 0 0 0 0 0 0 0 0 0 0 5 0 0 0 0 0
0 0 0 0 0 0 0 0 0 0 0 0 0 0 0 0 0 0 0 0 0 0 0 0 0 0 0 0 0 0 0 0 0 0 0 0 0 0 0 0 0 0 0 0 0 0 0 0 0 0 0 6 51 0 0 39 0 0 0 0 0 0 0 0 0 0 0 0 0 0 0 0 0 0 0 0 0 0 7 0 0 0 0 0 0 0 0 0 0 0 0 0 0 0 0 0 0 0 0 0 0 0 0 0 0 0 0 0 0 0 0 0 0 0
0 0 0 0 0 0 0 0 9 8 10 20 9 0 20 0 0 0 0 0 0 0 0 0 0 0 0 0 0 0 1 0 0 0 0 0 0 0 0 0 0 0 0 0 0 0 0 0 0 0 0 1 19 0 0 0 0 0 0 0 0 0 0 0 0 0 0 0 0 0 0 0 0 0 0 0 0 0 7 0 0 0 0 0 0 0 0 0 0 0 0 0 0 0 0 0 0 0 0 0 0 0 0 0 0 0 0 0 0 0 0 0 0 0
0 0 0 0 0 0 0 0 0 0 0 995 9732 13983 61 44 0 0 0 0 0 0 0 0 0 9 0 0 0 0 0 0 0 0 0 0 0 5 218 0 0 0 0 0 0 0 0 0 0 0 0 0 0 0 0 0 0 0 0 0 0 0 0 0 0 0 0 0 0 0 0 0 0 0 0 0 0 0 20 0 0 0 0 0 0 0 0 0 0 0 1 0 0 0 0 0 0 0 0 0 0 0 0 0 14 0 0 0 0 0 0 0 0 0
0 0 0 0 0 0 0 0 157 0 0 1 2468 296 0 103 147 0 0 0 0 0 0 0 0 83232 0 1 0 0 0 0 0 0 0 62 77 141 517 0 0 0 0 0 0 0 0 0 0 0 0 0 0 0 0 0 0 0 0 0 0 0 0 0 0 0 0 0 0 618 0 0 0 0 0 0 0 0 118 0 0 0 0 0 0 0 0 0 0 0 320 0 0 0 0 0 0 0 0 0 0 0 0 0 0 0 21 34 7 0 0 3 0 0
0 0 0 0 0 0 0 0 84 1 0 69 4131 219 7 69 1 0 0 0 0 0 0 0 0 2 31731 5 0 0 4 6 0 0 0 0 0 2 0 0 0 0 0 0 0 0 0 0 0 0 0 0 0 0 0 0 0 0 0 0 0 0 0 0 0 0 0 0 0 28 0 0 0 0 0 0 0 0 111 0 0 0 0 0 0 0 0 0 0 0 0 0 0 0 7 2 0 0 0 0 0 0 0 0 0 0 0 0 0 0 0 0 0 0
0 0 0 0 0 0 2 0 0 0 0 0 0 9 12 0 0 0 0 0 0 0 0 0 0 0 0 7 0 0 5 0 0 0 0 0 0 0 1 0 0 0 0 0 0 0 1 0 0 0 1 4 4 0 0 0 0 2 0 1 0 0 2 0 0 0 0 9 0 0 0 0 0 0 0 0 0 1 285 1 2 0 0 0 0 0 0 0 0 0 0 0 0 0 0 5 0 0 0 0 0 0 0 0 0 0 0 0 0 0 0 0 0 4
0 0 0 0 0 0 0 0 0 0 0 33 0 0 186 0 0 0 0 0 0 0 0 0 0 0 0 94 0 0 0 0 0 0 0 0 29 28 0 0 0 0 0 0 0 0 8 0 0 0 0 0 0 0 0 0 0 0 0 0 0 0 0 0 0 0 0 1 0 0 0 0 0 0 0 0 0 0 2 0 0 0 0 0 0 0 0 0 0 0 52 0 0 0 0 0 0 0 0 0 0 0 0 0 0 0 0 0 6 0 0 0 0 0
0 0 0 0 0 0 0 0 0 0 0 0 445 0 4 470 44 0 0 0 0 0 0 0 0 14 0 11 0 85995 0 3 0 0 0 232 696 1022 2770 0 0 0 0 0 0 5 9 0 0 0 0 0 0 0 0 0 0 0 0 0 0 0 0 0 0 0 0 0 0 3302 0 0 0 0 0 0 0 0 25 0 0 0 0 0 0 0 0 0 0 0 1488 0 0 0 15 12 0 0 0 0 0 1899 0 0 0 0 96 154 128 0 20 16 47 0
0 0 0 0 0 0 0 0 0 0 0 0 0 0 0 0 0 0 0 0 0 0 0 0 0 0 0 0 0 0 0 0 0 0 0 0 0 0 0 0 0 0 0 0 0 0 0 0 0 0 0 0 1 0 0 0 0 0 0 0 0 0 0 0 0 0 0 0 0 0 0 0 0 0 0 0 0 0 1 0 0 0 0 0 0 0 0 0 0 0 0 0 0 0 0 0 0 0 0 0 0 0 0 0 0 0 0 0 0 0 0 0 0 0
0 0 0 0 1 7 10 43 0 0 0 1 1 0 2 0 8 0 0 0 0 0 0 0 0 0 0 5 0 0 6 0 0 0 0 0 86 94 154 0 31342 2886 0 238 0 0 0 0 0 0 8 19 16 0 6 0 0 20 3 5 3 13 7 0 0 17 0 0 0 0 0 0 0 0 0 0 7 0 36690 2 7 0 0 0 367 0 0 0 0 0 0 0 0 23 0 0 0 0 0 0 0 0 0 0 0 0 0 0 0 0 0 18 12 0
0 0 0 0 4 0 3 5 11 0 0 11 2 0 10 0 0 0 0 0 0 0 0 0 0 0 0 0 0 0 0 7 0 0 5996 0 0 0 0 0 3 0 0 0 0 0 5 0 0 0 0 0 1 0 0 0 0 0 0 0 0 0 0 0 0 19 0 0 0 8 0 0 0 0 0 0 0 0 0 0 0 0 0 0 0 0 0 0 0 0 251 0 0 0 0 0 0 0 0 0 0 0 0 0 0 0 0 0 0 0 0 0 0 0
9 15 21 10 30 55 2 99 8 3 7 10 66 12 7 51 94 0 0 0 0 0 0 0 0 0 1 0 0 0 11 0 0 0 0 0 0 0 0 0 0 0 0 58502 0 0 2 0 0 0 0 6 0 11 83 0 0 7 0 5 0 11 9 0 0 0 0 0 0 0 0 0 0 0 0 0 1 500 12 4 3 0 0 66 0 0 0 1 0 0 0 0 0 0 0 23 241 0 0 0 0 0 0 0 0 0 0 0 0 0 0 3 0 0
16 27 29 33 82 138 8 43 11 6 7 24 64 31 9 84 100 105 0 0 18 16 17 14 6 2 13 19 0 1 15 0 11 12 36 11 3 10 5 24 11 11 2 0 74736 0 21 61 0 0 5 9 18 39 21 0 304 15 12 6 9 20 166 0 16 44 0 5 0 8 0 1 0 0 0 0 9 1759 5 6 9 0 0 17 116 0 0 12 0 0 0 131 0 0 0 49 0 12 0 3 0 0 0 0 0 0 0 0 0 0 6 5 10 0
25 100 48 218 134 87 86 280 13 15 19 45 24 43 30 50 60 424 196 0 95497 86867 91684 78105 31 1 44 88 66 19 71 28 210 1134 237 59 289 96 2011 138 271 328 80 1790 0 148 1237 2312 350 171 1711 3759 377 221 346 605 712 60 218 267 292 98 935 397 87887 35 0 36 0 0 101 0 0 23071 0 0 40 218 18 50 43 30 0 90689 4136 0 0 27 0 0 0 0 0 10937 0 38 0 0 0 0 162 576 0 0 0 0 0 0 0 0 0 28 86 0
0 0 0 0 0 0 0 0 0 0 0 0 0 0 0 0 10 0 0 0 0 0 0 0 0 0 0 0 0 0 0 0 0 0 17 0 0 0 0 0 0 0 0 0 0 0 0 0 0 0 0 0 0 0 0 0 0 0 0 0 0 0 0 0 0 0 0 0 0 0 0 0 0 0 0 0 0 0 0 0 0 0 0 0 0 0 0 0 0 0 1 0 0 0 0 0 0 0 0 0 0 0 0 0 0 0 0 0 0 0 0 0 0 0
0 0 0 0 0 0 0 0 0 0 0 0 0 0 0 0 2 0 0 0 0 0 0 0 0 0 0 0 0 0 0 0 0 0 3 0 0 0 0 0 0 0 0 0 0 0 0 0 0 0 0 0 0 0 0 0 0 0 0 0 0 0 0 0 0 0 0 0 0 0 0 0 0 0 0 0 0 0 0 0 0 0 0 0 0 0 0 0 0 0 0 0 0 0 0 0 0 0 0 0 0 0 0 0 0 0 0 0 0 0 0 0 0 0
0 0 0 0 0 0 0 0 0 0 0 0 0 0 0 0 0 1 0 0 0 0 0 0 0 0 0 0 0 0 0 0 0 0 0 0 0 0 0 1 0 0 0 0 0 1 0 0 0 0 0 0 0 1 0 2 18 0 0 0 0 1 7 0 0 0 0 0 0 0 0 0 0 0 0 0 0 0 0 0 0 0 0 0 0 1 0 0 0 0 0 0 0 0 0 0 0 0 0 0 0 0 0 0 0 0 0 0 0 0 0 0 0 0
0 0 0 0 0 0 0 0 0 0 0 0 0 0 0 0 0 0 0 0 0 0 0 0 0 0 0 0 0 0 0 0 0 0 0 0 0 0 0 0 0 0 0 0 0 0 0 0 0 0 0 0 0 0 0 0 0 0 0 0 0 0 0 0 0 0 0 0 0 0 0 0 0 0 0 0 0 0 0 0 0 0 0 0 0 0 0 0 0 0 0 0 0 0 0 0 0 0 0 0 0 0 0 0 0 0 0 0 0 0 0 0 0 0
15 12 11 60 28 28 8 47 83 4 30 16 26 22 16 49 64 43 0 0 0 0 0 0 0 28 93 137 21 0 35 0 0 32 0 45 0 27 2 0 0 0 0 20 0 39 37 238 0 0 38 95 104 69 90 13 12 70 0 19 19 0 56 0 0 49 0 0 0 0 21 0 31 0 0 0 55 31 33 6 55 57 0 0 0 0 5 1 0 0 193 0 0 0 0 27 0 0 0 0 0 0 0 0 0 0 6 5 29 0 0 4 17 22
3 5 0 12 5 5 4 8 0 0 0 6 3 0 5 22 27 10 0 0 0 0 0 0 0 0 12 21 7 0 13 7 120 2 0 7 0 10 0 0 1 0 0 3 0 4 7 30 0 0 0 16 17 11 15 6 22 12 3 3 3 0 17 0 0 9 0 0 0 156 33 0 10 2 0 3 9 5 9 1 9 14 5 0 0 0 35 5 0 0 686 0 0 1 11 33 15 0 0 0 0 0 0 0 0 0 16 1 62 0 38 1 20 74
4 6 3 3 9 5 9 2 60 5 0 5 17 18 6 3 7 0 0 0 0 0 0 0 0 0 0 0 0 0 4 0 0 0 0 0 0 0 0 0 14 0 0 0 0 0 26 0 0 0 0 7 7 0 0 0 3 0 0 1 0 0 3 0 0 0 0 0 0 0 0 0 0 0 0 0 0 0 5 0 2 0 0 0 0 0 6 0 0 0 22 0 0 0 0 6 2 0 0 0 0 0 0 0 0 0 0 0 0 0 0 0 3 26
0 0 0 0 0 0 1 2 3 0 0 0 0 0 6 0 20 437 0 0 0 0 0 0 0 0 1 0 0 0 21 83 0 0 0 0 0 6222 7 0 0 0 0 0 0 0 5 0 0 0 0 0 4 0 0 0 0 0 0 1 0 0 0 0 0 0 0 0 0 0 0 0 0 0 0 0 0 0 21 1 3 0 0 0 0 0 0 0 0 0 313 0 0 2 0 0 0 0 0 0 0 0 0 0 0 0 0 0 23 0 0 0 0 2
20 0 0 2 0 27 1 5 9 1 13 84 19 16 293 0 982 20 12 0 0 0 0 0 0 0 17 1292 0 1067 6326 117 0 0 0 0 37 442 199 0 0 0 0 0 0 569 20 21 84 0 0 59 15 0 0 0 0 8 0 4 0 2 7 0 0 0 0 0 0 0 0 0 0 0 0 0 7 4 9 1 8 0 0 0 0 0 0 20 0 0 85 0 0 0 0 2 0 0 0 0 0 0 0 0 0 0 0 236 25 0 0 0 2 1
345 150 733 0 4 11 8 4 98 68 81 64 18 0 39 8 1106 10 0 0 0 0 0 0 4817 142 1337 2175 0 0 1880 0 605 0 3316 4 0 274 0 0 6 0 0 1 0 33 11 7 0 0 0 6 8 2 6 2 4 4 1 2 1 4 6 7 0 4 0 0 0 0 4 0 0 0 0 0 5 2 11 2 5 0 0 0 0 0 7 0 0 0 904 9 0 10 2117 18 3 0 0 0 0 0 0 0 0 0 283 496 299 0 41 47 168 15
0 0 0 0 0 0 1 0 27 34 0 0 0 18 1 0 54 0 0 0 0 0 0 0 0 0 0 0 0 0 0 0 0 109 0 57 0 15 8 0 0 0 0 0 0 0 0 0 0 0 41 0 0 0 0 0 0 0 0 0 0 0 0 0 0 0 0 0 0 0 0 0 0 0 0 0 0 0 0 0 0 0 0 0 0 0 0 0 0 0 0 0 0 0 0 0 0 0 0 0 0 0 0 0 0 0 0 1 0 0 0 0 0 0
1 0 0 0 0 0 0 0 40 7 0 8 1 0 10 2 0 4 5 0 0 0 0 0 21 0 24 0 0 496 238 0 0 0 525 36 64 69 90 0 1 0 0 0 0 0 3 0 0 0 0 4 5 0 0 0 0 2 0 1 0 0 2 0 0 0 0 0 0 0 0 0 0 0 0 0 3 1 2 0 3 0 0 0 0 0 0 7 0 0 391 0 0 0 0 0 0 0 0 0 0 0 0 0 0 0 0 0 35 0 0 0 0 0
0 41 0 0 0 382 22 18 7047 10453 5 9806 13035 3735 5988 36 1203 5 0 0 0 0 0 0 3185 0 1203 2997 2897 0 327 5285 0 3066 17 5 299 214 254 0 8 0 0 1 0 0 42 111 0 0 0 27 91 2 18 3 4 17 0 6 3 0 17 0 0 1 0 0 0 8 0 0 0 0 0 0 15 7 47 6 15 0 0 0 0 0 5 0 0 0 3267 0 0 0 0 34 2 0 0 0 0 0 0 0 5 0 40 18 466 0 338 30 40 24
5 1 9 0 12 12 8 22 58 8 44 29 23 17 31 12 638 7 0 0 0 0 0 0 0 0 39 43 66 38 0 15 0 0 30 9 0 120 19 0 0 0 0 0 0 0 0 0 0 0 0 25 34 6 23 0 0 16 0 8 3 0 15 0 0 0 0 0 0 0 0 0 0 0 0 0 18 0 26 5 17 0 0 0 0 0 0 0 0 158 2612 0 0 0 0 22 0 0 0 0 0 0 0 0 0 0 0 79 0 0 0 11 9 5
33 50 36 11 5 6 5 10 338 248 52 32 6 192 25 7 0 1 0 0 0 0 0 0 181 3 163 184 151 0 551 0 0 0 0 1 6 141 34 0 0 0 0 0 0 0 8 0 0 0 1 15 19 0 11 0 0 7 0 4 0 0 0 0 0 0 0 0 0 11 0 0 0 0 0 0 10 5 17 3 10 0 0 0 0 0 0 0 0 0 1486 0 0 0 4 27 0 0 0 0 0 0 0 0 0 0 0 141 254 0 0 1 7 13
0 0 0 0 1 0 2 13 2 0 3 2 2 0 3 5 13 4 0 0 0 0 0 0 0 0 2 26 1 0 0 0 0 0 0 0 0 7 23 0 0 0 0 0 0 0 7 0 0 0 0 16 21 0 10 0 0 3 0 4 0 0 3 0 0 0 0 0 0 0 0 0 0 0 0 0 12 4 6 1 11 0 0 0 0 0 0 0 0 0 0 0 0 0 0 3 0 0 0 0 0 0 0 0 0 0 0 0 0 0 0 0 8 2
7 0 0 1 0 0 28 55 21 0 2 6 0 0 5 0 1263 113 0 0 0 0 0 0 6 0 26 27 0 1 260 0 0 104 0 306 0 27658 2766 233 0 0 0 0 0 0 85 213 158 847 64 27 33 0 43 8 6 28 9 8 7 29 22 0 0 12 0 20 0 244 0 319 0 0 0 0 16 6 16 11 39 0 0 0 0 0 0 0 0 0 76 0 0 49 0 42 0 0 0 3 0 0 0 0 0 0 0 41 76 0 0 41 1259 0
12 0 0 0 0 0 5 8 0 0 0 14 0 0 13 0 81 76 0 0 0 0 0 0 0 0 25 0 0 0 0 0 0 0 0 0 0 0 0 0 0 0 0 0 0 0 55 86 0 0 0 16 17 0 9 2 1 10 0 2 1 0 6 0 0 0 0 0 0 0 0 0 0 0 0 0 8 1 7 12 31 0 0 0 0 0 41 0 0 0 0 0 0 0 0 33 0 0 0 0 0 0 0 0 0 0 0 2 0 0 0 34 352 0
0 0 0 0 0 0 6 10 0 0 68 0 69 0 6 0 11 94 0 0 0 0 0 0 0 16 40 0 0 136 0 0 0 0 0 0 0 510 0 0 0 0 0 0 0 0 7 0 0 0 0 0 11 0 0 0 0 6 0 2 0 0 9 0 0 0 0 0 0 27 0 0 0 0 0 0 5 1 8 5 14 0 0 1 0 0 0 0 0 0 0 0 0 0 0 0 0 0 0 0 0 0 0 0 0 0 0 0 0 0 0 15 214 0
18 44 26 273 108 70 38 141 8 11 15 59 18 20 37 811 80 112 0 0 0 0 0 0 30 7 64 122 56 3 77 16 37 246 88 164 0 83 126 0 2202 0 0 12 0 215 75 277 0 0 207 1311 446 120 285 0 0 32 0 18 0 0 0 0 0 201 159 129 116 68 28 15 0 0 0 0 41 22 678 18 40 22 0 0 183 6 32 33 0 13 29 23 0 24 0 15 0 0 0 0 0 37 41 6 0 0 14 10 28 0 38 26 590 6
3 9 4 38 17 10 8 13 1 1 2 5 1 3 5 0 0 9 0 0 0 0 0 0 3 0 0 12 0 0 1707 0 0 29 7 118 56 11 14 0 0 5045 0 0 0 208 16 45 0 0 24 191 71 20 46 151 89 0 0 0 0 151 0 0 0 0 0 0 0 0 0 0 0 0 0 0 3 0 667 4 4 0 0 0 0 0 0 141 0 0 0 0 0 31 0 0 0 0 0 0 0 0 0 0 0 0 0 0 0 0 57 4 71 1
79 73 35 908 43 1460 51 189 7 4 70 132 255 14 82 0 2679 1 0 0 0 0 0 0 304 12 189 454 1013 597 892 181 1264 3194 1505 1397 285 282 859 809 0 0 0 0 0 65 653 1797 0 277 879 2631 1509 107 391 0 0 0 0 1 0 0 0 0 0 116 78 216 155 5 0 167 0 0 0 0 3 2 349 31 3 0 0 0 0 0 0 25 0 0 532 0 0 18 0 291 2 0 0 0 0 0 0 0 0 0 0 40 50 0 17 73 112 0
5 7 4 65 14 30 48 34 1 1 5 13 9 3 8 59 70 52 0 0 0 0 0 0 385 23 220 364 48 15 108 15 248 189 123 260 47 114 114 146 14 324 0 0 0 0 208 710 132 0 21 76 56 0 29 0 0 0 0 0 0 0 3 0 0 0 0 0 0 25 0 0 0 0 0 0 6 9 15 8 27 0 0 0 0 0 622 214 30 262 363 0 0 7 39 137 0 0 0 0 210 1813 0 0 0 618 67 347 222 0 3035 744 216 1
6 14 7 7 11 5 10 8 2 2 3 2 3 8 3 0 6 0 6 0 0 0 0 0 0 0 5 9 3 0 9 0 0 0 2 3 1 4 6 0 12 9 1 0 0 0 7 0 543 0 5 8 13 1 57 5364 0 0 0 969 0 0 0 10 0 0 0 0 0 5 0 0 7 8 4 5 5 2 2 5 5 24 21 0 4 0 1 7 0 0 0 0 0 0 0 2 0 0 1 0 0 0 0 0 0 0 0 3 3 0 0 1 9 0
1734 3409 2799 1668 5117 6996 1362 6862 902 610 1133 1455 11835 1539 475 8304 16079 3920 0 2592 669 609 643 547 166 44 398 717 386 66 1788 103 661 1891 1370 1178 379 452 1300 846 2067 2276 144 25421 0 4228 8369 6510 3287 1115 2168 4658 1028 793 2138 363 661 838 1190 450 484 443 670 1048 616 2081 389 426 200 464 451 1819 424 9385 22 305 292 55760 194 635 297 478 289 4481 1736 2038 837 230 0 489 241 3401 2513 7707 2648 3809 42512 1408 453 0 109 778 50 135 186 322 711 369 423 0 300 411 1825 0
3 4 3 0 0 14 7 21 2 2 5 13 10 0 9 8 38 46 28 0 0 0 0 0 0 0 36 56 0 0 45 5 3 3 19 25 371 36 2576 0 0 0 112 15 0 0 0 0 149 10188 0 48 49 0 16 0 0 0 0 0 0 0 18 0 0 378 649 399 239 398 3 26 0 0 0 0 24 25 11 3 23 0 0 0 0 0 0 0 0 0 0 0 0 15 0 0 0 0 0 0 0 0 0 0 0 0 0 0 0 0 0 3 64 0
486 1161 419 67 1251 10 716 4 2 0 1 0 0 0 0 2 0 0 0 0 0 0 0 0 0 0 0 0 0 0 2 0 0 479 0 0 0 0 0 0 0 0 0 0 0 8 0 0 0 0 0 0 0 0 0 0 0 0 0 0 0 0 0 0 0 0 0 0 0 0 0 0 0 0 0 0 0 0 0 11410 1 0 0 0 0 0 0 0 0 0 0 0 0 0 0 0 0 0 0 0 0 0 0 0 0 0 0 0 0 0 0 0 0 0
1114 10185 4367 1950 6005 365 5236 84 99 19 27 91 31 8 85 17 134 36 0 0 10 9 8 8 0 0 24 55 0 0 212 20 0 10 25 42 0 0 292 0 0 0 0 64 0 40 25 0 0 0 0 91 80 0 0 0 0 21 0 18 0 0 11 0 9 0 0 0 0 12 0 0 0 0 0 0 21 101 17 7 23 0 0 0 0 0 0 0 0 0 0 0 0 54 0 0 16 0 0 0 0 0 0 0 0 0 0 0 4 0 0 3 19 0
671 209 514 317 1177 110 1033 52 607 1059 552 1223 681 812 655 54 131 85 82 0 7 6 6 5 71 12 232 395 0 74 151 132 432 845 314 2744 0 67 872 598 4740 852 0 0 0 0 5440 152 0 0 1152 1248 1076 479 3961 0 0 0 965 163 0 176 114 0 6 1570 175 809 0 576 144 1564 0 0 0 0 46 99 27 8 170 0 0 0 0 0 412 0 0 0 26 0 0 40 73 90 12 0 0 0 0 0 0 0 0 0 0 11 0 0 0 180 1423 0
45 23 22 0 0 75 390 268 51 2 38 70 56 27 43 299 976 461 38 0 0 0 0 0 94 4 97 130 61 37 103 1 195 492 634 152 0 193 965 131 156 0 692 51 0 0 13 37 15 0 0 94 110 5 124 0 0 26 0 12 8 36 44 0 0 213 172 113 227 1408 132 1475 0 0 0 0 15 234 27 162 38 0 0 0 0 2663 243 0 0 0 87 0 0 174 0 44 51 0 0 0 0 0 0 0 0 0 0 0 0 0 0 0 53 4
0 1 1 185 34 21 165 102 2 1 1 0 1 5 0 0 23 620 0 0 0 0 0 0 0 9 10 30 429 67 0 6 103 2480 0 10 0 35 32 0 0 0 0 0 0 138 31 38 0 403 0 24 48 18 0 0 32 2 0 3 0 0 12 0 0 320 133 194 462 699 136 138 0 0 0 0 3 14 21 21 60 0 0 0 27 22 127 0 0 0 12 0 0 7 0 7 0 0 0 0 0 0 0 0 34 0 0 0 0 0 0 17 0 2
0 0 0 3 1 2 0 0 0 0 1 0 0 0 0 0 2 0 0 0 0 0 0 0 0 0 0 0 0 0 6 0 0 0 0 0 0 0 6 0 0 0 0 0 0 0 2 0 0 0 0 0 0 0 0 0 0 0 0 0 0 0 0 0 0 0 0 472 0 6 0 0 0 0 0 0 2 0 2 13 6 0 0 0 0 670 0 0 0 0 11 0 0 1 0 38 0 0 0 0 0 0 0 0 0 0 0 0 9 0 0 0 88 3
0 0 0 1 0 0 0 0 0 0 0 0 0 0 0 0 0 6 0 0 0 0 0 0 0 0 0 0 0 0 0 0 0 0 0 0 0 0 0 0 0 0 0 0 0 0 0 0 0 0 0 157 0 0 0 0 0 0 0 0 0 0 0 0 0 0 0 0 0 0 0 0 0 0 0 0 0 0 1 12 1 0 0 0 0 0 0 0 0 0 0 0 0 0 0 0 0 0 0 0 0 0 0 0 0 0 0 0 0 0 0 0 16 0
5 4 4 23 9 12 2 14 1 2 5 5 5 3 5 19 27 0 0 0 0 0 0 0 0 0 29 39 10 0 31 1 0 0 7 5 1 27 56 0 0 0 9 0 0 40 71 208 0 0 0 16 151 0 0 0 0 21 0 10 0 0 2 0 0 0 0 0 0 0 0 0 0 0 0 0 17 10 12 119 29 0 0 0 0 6632 0 0 0 0 0 0 0 361 0 0 0 0 0 0 0 0 0 0 0 0 0 0 0 0 163 4 53 3
41 17 55 16 10 13 2 13 12 11 15 57 10 2 37 0 4 0 0 0 0 0 0 0 0 0 3 29 15 0 9 53 0 0 0 0 0 0 20 0 0 0 0 0 0 0 92 272 0 0 784 2385 7174 1522 0 728 0 0 526 0 0 0 0 0 0 12 71 80 18 109 0 0 0 0 0 0 3 9 18 28 73 0 0 0 0 0 0 0 0 0 0 0 0 3 0 0 0 0 0 0 0 0 0 0 0 0 0 4 0 0 0 13 128 0
15 92 41 69 70 10 0 30 3 4 4 5 4 5 5 14 105 942 106 0 0 0 0 0 0 0 7 16 11 0 24 2 0 13 136 21 0 0 16 1298 0 56 15 0 0 827 630 2126 1237 331 7 417 208 1493 0 0 25000 295 0 0 0 392 11299 0 0 0 0 0 0 0 65 0 0 0 0 0 5 18 37 76 57 0 0 0 155 2061 14 0 0 0 0 0 0 0 67 0 0 0 0 0 0 0 0 0 0 0 0 0 0 0 0 1 25 0
8 47 21 36 36 6 47 15 1 2 2 2 2 3 2 7 32 464 0 0 0 0 0 0 0 0 0 11 6 0 6 1 0 6 66 10 0 0 6 637 0 27 5 232 0 408 315 1028 237 162 0 189 104 691 111 0 0 175 0 92 135 0 4528 0 0 0 0 0 0 0 30 0 0 0 0 0 3 8 19 38 29 0 0 0 74 840 6 0 0 0 0 0 0 0 22 37 0 0 0 0 0 0 0 0 0 0 0 0 0 0 0 0 13 0
1 14 6 3 10 1 8 0 0 0 0 0 0 0 0 0 0 0 0 0 0 0 0 0 0 0 2 3 0 0 5 0 0 0 0 0 0 0 0 0 3 0 4 53 0 97 6 0 239 0 0 169 114 0 55 0 0 0 0 9 0 0 1409 0 0 0 141 0 341 0 0 0 0 0 0 0 0 24 32 13 102 19 0 1 130 0 0 0 0 0 0 0 0 0 0 0 0 0 0 0 0 0 0 0 0 0 0 0 0 0 0 0 0 0
4 25 11 8 17 2 15 2 1 1 1 2 1 1 2 0 7 10 0 0 0 0 0 0 8 0 14 33 10 0 18 1 78 14 31 143 0 2 1 63 16 149 280 84 0 125 30 69 0 6 218 144 352 6 0 565 1011 4 0 17 0 0 286 2102 0 393 874 376 703 2147 1953 6578 0 0 0 0 212 38 64 58 215 0 0 2 234 0 5 0 0 0 0 0 0 0 0 0 0 0 0 0 0 0 0 0 0 0 0 0 0 0 0 0 4 0
0 3 1 1 2 0 2 0 0 0 0 0 0 0 0 0 0 0 0 0 0 0 0 0 0 0 0 0 0 0 0 0 0 0 0 0 0 0 0 0 0 0 3 0 0 5 1 0 0 0 0 23 0 0 9 922 0 0 0 0 0 0 0 0 0 0 0 0 0 19 0 0 0 0 0 0 0 1 6 9 0 0 0 0 51 0 0 0 0 0 0 0 0 0 0 0 0 0 0 0 0 0 0 0 0 0 0 0 0 0 0 0 0 0
3 21 9 6 14 1 12 1 1 1 1 1 1 1 1 0 10 0 0 0 0 0 0 0 0 0 3 5 1 0 4 0 0 0 0 4 0 0 1 41 20 10 35 83 0 77 18 32 163 0 6 10 10 0 18 1116 0 2 1 14 0 0 23 936 0 1 2227 492 776 82 438 169 0 0 0 0 1 27 48 70 92 0 0 1 285 0 38 0 0 0 0 0 0 0 0 0 0 0 0 0 0 0 0 0 0 0 0 0 0 0 0 0 3 0
4 24 11 7 17 2 14 2 1 1 1 1 1 1 2 0 3 0 0 0 0 0 0 0 4 0 4 10 0 0 5 1 1 5 4 12 0 3 2 19 0 2 11 81 0 10 18 17 0 0 20 182 186 3 173 0 2921 8 474 999 309 0 138 0 0 44 0 71 74 171 576 4304 0 0 0 0 379 63 93 94 373 0 0 1 129 0 0 0 0 0 0 0 0 0 0 6 0 0 0 0 0 0 0 0 0 0 0 0 0 0 0 0 0 0
0 4 2 1 3 0 3 3 0 0 0 0 0 0 0 0 0 0 0 0 0 0 0 0 0 0 0 5 0 0 1 0 0 0 9 0 0 0 0 34 2 6 0 16 0 0 9 0 0 0 0 8 11 0 10 0 0 0 0 0 0 0 0 0 0 82 391 61 38 1270 651 71 8 0 0 36 0 21 54 155 44 53 31 0 362 0 0 0 0 0 0 363 0 0 0 0 0 0 0 0 0 0 0 0 0 0 0 0 0 0 0 0 0 0
46 68 33 677 142 75 624 376 7 3 85 119 50 18 74 866 1469 709 12 0 0 0 0 0 157 10 126 325 49 0 114 34 95 531 1414 170 661 636 1422 2048 451 199 106 0 0 339 154 478 1023 755 703 1850 368 990 1456 204 111 204 0 179 0 286 653 0 0 1417 1652 1174 1317 2949 3498 0 0 0 0 0 220 73 148 337 218 101 0 0 792 0 484 117 0 0 0 0 0 1138 146 646 3 0 0 0 0 605 0 0 0 0 0 4 5 0 0 54 1233 0
0 0 0 0 0 0 0 0 0 0 0 0 0 0 0 0 0 0 0 0 0 0 0 0 0 0 0 0 0 0 0 0 0 0 0 0 0 0 0 0 0 0 0 0 0 0 0 0 0 0 0 0 0 0 0 0 0 0 0 0 0 0 0 0 0 0 0 0 0 0 0 0 0 0 0 0 0 0 0 0 0 0 0 0 0 0 0 0 0 0 0 0 0 0 0 0 0 0 0 0 0 0 0 0 0 0 0 0 0 0 0 0 0 0
6 7 7 43 17 13 6 26 0 1 4 4 3 3 309 0 0 87 0 0 0 0 0 0 0 0 35 103 21 0 38 2 0 31 56 29 0 57 118 0 88 0 148 95 0 0 17 63 0 0 0 41 51 23 0 50 27 35 0 11 0 0 0 0 0 0 0 190 0 0 0 0 0 0 0 0 14 30 41 47 90 0 0 0 46 0 0 0 0 0 0 0 0 37 0 1 62 0 23 0 0 0 0 0 138 0 0 0 20 0 94 61 2 0
5 6 5 621 190 142 43 306 3 7 126 107 48 35 67 222 493 2394 28 1556 0 0 0 0 50 1 50 83 37 19 42 13 43 153 60 216 93 126 232 0 465 0 111 120 0 0 48 161 0 0 0 1 57 55 0 968 537 0 0 19 0 54 0 0 0 1634 0 757 876 812 1278 341 131 37 66 73 22 100 222 677 197 245 198 0 1609 0 203 0 0 55 0 371 0 186 0 97 168 0 800 0 0 316 0 640 1274 0 0 24 50 0 82 203 744 0
1 1 1 36 18 20 2 29 3 3 1 0 0 6 1 10 124 168 0 0 0 0 0 0 16 3 14 27 22 4 23 5 13 38 32 56 0 16 29 0 25 0 152 12 0 0 13 17 0 0 0 0 12 2 0 95 53 72 0 3 0 0 0 0 0 0 0 0 1010 146 450 649 7 0 0 0 2 30 43 8 112 103 66 0 176 0 0 0 0 0 0 0 0 55 0 0 188 0 0 0 0 200 0 755 0 0 0 0 8 0 2 317 871 0
10 19 11 57 21 15 6 32 0 1 11 4 4 4 5 37 531 1015 14 207 0 0 0 0 17 0 32 55 23 8 24 7 24 88 33 92 10 84 136 0 83 0 36 118 0 0 33 117 320 0 0 179 98 61 0 285 157 0 0 12 0 0 0 0 0 375 0 0 0 0 1400 69 45 0 23 32 21 32 52 11 93 114 87 22 156 0 0 0 0 0 0 0 0 248 12 62 78 0 81 0 0 383 0 205 0 0 76 19 0 0 78 112 307 0
35 0 0 193 0 0 12 105 11 0 0 361 216 0 76 1615 0 510 0 69 0 0 0 0 0 0 37 94 55 13 394 41 0 53 0 69 0 29 0 0 104 0 0 0 0 0 10 0 0 0 0 0 17 37 0 90 56 16 0 0 0 0 0 0 0 36 0 0 45 0 161 0 0 0 0 0 2 17 26 22 74 0 0 1 18 0 4949 177 0 0 0 0 0 0 1 50 0 0 0 0 0 0 0 0 0 0 0 0 12 0 1 22 308 0
3 4 3 17 6 12 4 10 1 0 6 6 5 2 6 910 2175 122 3 0 0 0 0 0 0 0 5 27 17 0 41 2 2 22 17 55 43 142 39 0 25 126 0 114 0 0 16 44 0 0 0 33 30 6 12 0 0 9 0 5 0 0 0 0 0 87 0 0 0 0 0 0 0 0 0 0 15 5 8 2 14 0 0 0 0 0 0 0 0 0 0 4786 0 0 3280 5828 3273 0 0 0 0 1089 0 506 545 0 80 0 0 0 60 24 3049 15398
25 42 25 980 184 106 884 550 9 1 16 16 11 24 12 525 1728 496 0 131 0 0 0 0 95 1 84 150 27 26 42 49 125 403 39 168 0 651 308 0 217 0 122 229 0 0 107 302 0 0 0 1421 146 147 574 257 143 29 0 11 0 0 0 279 0 69 0 0 0 76 30 0 535 431 234 480 20 174 343 23 682 996 937 0 442 0 11 0 0 0 0 109 0 330 693 1542 345 56 0 0 0 983 0 67 1889 0 0 173 173 0 378 917 1319 0
293 79 64 969 160 214 236 138 122 95 179 58 148 650 175 109 84 1584 87 23 0 0 0 0 0 0 39 99 82 12 549 35 48 212 101 213 676 263 482 2 926 127 94 0 0 29 135 532 65 279 78 141 141 263 330 42 240 85 1642 180 129 1170 0 100 0 120 0 0 0 64 97 0 0 0 0 0 0 0 0 0 0 1357 1348 0 0 0 69 1 0 0 54 35 0 98 0 20 0 0 0 0 0 83 0 0 0 0 61 183 129 0 10 112 730 0
848 353 238 25 537 607 737 390 348 273 507 178 421 1839 499 321 239 4509 268 0 0 0 0 0 72 0 115 290 254 46 1548 107 181 654 314 650 1985 773 1402 122 2651 388 322 0 0 131 408 1439 239 882 292 405 407 771 1012 201 724 367 4913 513 487 3682 31 568 0 470 0 134 13 264 301 0 0 0 0 0 0 0 0 45 1 3807 3782 0 0 0 216 51 0 86 364 357 0 276 72 63 0 0 41 0 11 297 0 0 49 0 262 584 419 0 77 320 1562 0
385 103 84 187 210 280 309 181 160 124 234 81 194 852 230 149 111 4477 127 76 0 0 0 0 74 5 54 136 121 23 719 51 93 313 152 304 921 357 652 79 1222 174 146 0 0 81 177 722 168 398 113 189 187 378 477 74 327 120 2173 194 186 537 2 184 0 214 0 10 0 101 142 0 0 0 0 0 0 0 0 0 0 1705 1694 0 0 0 99 32 0 56 151 168 0 129 57 31 0 31 0 0 0 119 0 0 0 0 145 225 190 0 9 146 602 0
376 101 82 183 205 274 302 177 157 122 229 77 190 833 224 142 109 4399 119 44 0 0 0 0 18 0 52 130 112 19 703 48 77 290 140 286 886 331 628 44 1191 168 138 0 0 60 173 697 123 376 110 183 182 355 415 71 317 121 2131 233 184 1459 0 167 0 193 0 11 0 99 130 0 0 0 0 0 0 0 0 0 0 1783 1772 0 0 0 94 0 0 0 152 162 0 126 49 29 0 0 12 0 0 110 0 0 0 0 149 234 186 0 2 144 668 0
14 0 0 0 0 11 12 0 0 0 0 1 7 1 8 0 0 0 0 0 0 0 0 0 0 0 0 2 0 0 28 0 0 0 0 0 0 0 0 0 0 0 0 0 0 0 6 0 0 0 0 0 6 0 0 0 0 0 0 9 0 0 1 0 0 0 0 0 0 0 0 0 0 0 0 0 0 0 0 0 0 5 5 0 0 0 0 0 0 0 0 0 0 0 0 0 0 0 0 0 0 0 0 0 0 0 0 0 0 0 0 0 0 0
2 1 1 7 2 2 7 4 1 1 1 0 1 5 1 4 12 0 0 0 0 0 0 0 0 0 0 0 0 0 4 0 0 5 0 0 0 0 0 0 6 0 0 0 0 0 0 0 0 0 0 8 1 0 0 0 0 0 0 0 0 0 0 0 0 0 0 0 0 0 0 0 4 4 2 4 0 0 2 0 4 19 19 0 4 0 0 0 0 0 0 0 0 3 1 9 0 0 0 0 0 0 0 0 0 0 0 0 0 0 0 6 11 0
0 0 0 0 0 0 0 0 0 0 0 0 0 0 0 0 1 0 0 0 0 0 0 0 0 0 0 0 0 0 0 0 0 0 0 0 0 0 0 0 0 0 0 0 0 0 0 0 0 0 0 0 0 0 0 0 0 0 0 0 0 0 0 0 0 0 0 0 0 0 0 0 0 0 0 0 0 0 0 0 0 1 1 0 0 0 0 0 0 0 0 0 0 0 0 0 0 0 0 0 0 0 0 0 0 0 0 0 0 0 0 0 0 0
1 0 0 0 0 0 0 0 0 0 0 0 0 0 0 0 0 0 0 0 0 0 0 0 0 0 0 0 0 0 0 0 0 0 0 0 0 0 0 0 0 0 0 0 0 0 0 0 0 0 0 0 0 0 0 0 0 0 0 0 0 0 0 0 0 0 0 0 0 0 0 0 0 0 0 0 0 0 0 0 0 0 0 0 0 0 0 0 0 0 0 0 0 0 0 0 0 0 0 0 0 0 0 0 0 0 0 0 0 0 0 0 0 0
0 0 0 0 0 0 1 0 0 0 0 0 0 1 0 0 0 0 0 0 0 0 0 0 0 0 0 0 0 0 0 0 0 0 0 0 0 0 0 0 0 0 0 0 0 0 0 0 0 0 0 0 0 0 0 0 0 0 0 0 0 0 0 0 0 0 0 0 0 0 0 0 0 0 0 0 0 0 0 0 0 5 5 0 0 0 0 0 0 0 0 0 0 0 0 0 0 0 0 0 0 0 0 0 0 0 0 0 0 0 0 0 0 0
252 68 55 228 138 184 203 119 106 82 154 49 128 561 150 87 73 1373 70 0 0 0 0 0 0 0 32 84 66 7 473 29 32 173 82 177 553 190 408 0 793 93 66 0 0 11 115 437 14 212 14 116 121 205 206 97 56 0 1222 155 33 615 0 0 0 32 0 0 0 17 72 0 0 0 0 0 0 0 0 0 0 0 0 0 0 0 58 0 0 0 0 105 0 89 634 20 0 0 0 0 0 41 0 0 0 0 86 111 104 0 0 101 458 0
366 98 79 178 199 266 294 172 153 118 223 74 185 810 218 134 106 1988 112 6 0 0 0 0 12 0 50 126 108 17 684 46 72 280 134 277 844 304 605 34 1155 150 118 0 0 54 168 667 104 347 67 174 176 333 354 186 106 47 180 225 116 1158 0 14 0 121 0 0 0 62 121 0 0 0 0 0 0 0 0 0 0 5318 0 0 0 0 390 92 0 336 515 638 356 493 215 118 5 2 333 0 0 552 0 0 0 0 594 1025 783 0 163 567 1862 0
311 83 67 151 169 226 249 146 129 100 189 65 157 687 185 123 47 0 0 0 0 0 0 0 174 15 116 291 263 53 1532 111 205 673 0 650 321 125 0 101 312 47 42 17 0 1593 3256 582 127 486 9 2597 2510 21 27 374 882 0 0 0 0 0 277 353 0 229 89 106 0 0 155 150 0 0 0 0 13977 13610 35261 7760 13698 1720 0 0 1083 0 106 38 0 0 208 164 0 127 59 31 0 54 128 25 41 165 0 18 152 0 0 0 0 0 0 151 499 0
99 27 21 48 54 72 80 46 41 30 60 19 50 219 59 0 23 189 0 0 0 0 0 0 11 0 27 69 49 0 371 25 41 150 69 152 198 84 155 0 341 28 33 0 0 111 259 1042 219 778 0 62 67 112 159 0 0 0 0 0 0 0 0 0 0 0 0 0 0 0 24 0 0 0 0 0 0 0 0 10 0 808 802 0 0 0 29 13 0 0 62 0 0 61 20 13 0 0 0 0 0 65 0 0 0 0 0 111 0 0 18 69 288 0
281 48 31 1108 216 129 989 1292 882 752 1188 2833 929 32 2396 1136 1273 379 744 4342 0 0 0 0 217 12 197 346 225 78 255 48 177 668 443 413 550 1166 1100 0 974 546 199 13 0 163 731 2545 327 0 0 0 3248 0 165 0 0 669 780 471 503 2857 765 803 0 527 476 406 173 106 483 1519 680 631 746 1216 1505 263 385 514 1475 2271 2196 3 504 0 190 0 0 0 1360 88 0 9209 517 1036 128 37 309 0 0 525 3434 228 0 0 6492 3023 3174 1 623 3050 1004 0
12 13 8 19 12 13 27 18 3 2 16 34 12 5 21 19 19 54 39 286 0 0 0 0 0 0 0 13 6 0 13131 1 0 6 0 13 5 0 5 0 9 5 0 0 0 19 9 79 0 0 0 12 10 6 8 0 0 12 0 10 0 25 8 0 0 16 0 20 14 0 17 0 0 0 0 0 6 3 6 1063 9 0 0 0 0 0 0 429 0 0 0 0 0 14 0 13 0 0 0 0 0 553 0 0 0 0 862 96 99 0 0 1 214 0
35 59 66 23 152 316 4 73 23 7 13 37 191 65 16 839 62 0 0 0 0 0 0 0 0 0 0 0 0 2 89 0 13 29 7 23 109 115 169 0 0 0 0 0 0 47 265 343 75 69 27 183 17 61 81 7 4 51 146 78 71 293 54 0 0 92 25 46 19 0 77 489 0 0 0 21 0 8 29 39 16 25 0 0 0 48 0 0 0 0 0 0 0 0 103 155 0 0 0 0 0 0 0 0 29 0 0 0 0 0 0 99 148 0
1797 1582 1738 7550 3562 2998 851 5797 204 223 1495 2267 1703 789 1373 5994 8305 5838 328 2564 0 0 0 0 477 1082 9616 15770 6888 281 4202 1220 6347 4140 5825 5242 331 7005 378 243 958 7083 0 4398 728 5241 4808 30199 27389 6736 8232 11366 12437 8883 10997 4461 1861 10169 3412 4277 2683 145 10022 6434 0 9975 2239 2255 2148 2358 2695 5165 10982 12453 1149 7295 6851 5511 3128 898 6402 12979 7697 512 3714 5166 934 328 0 1576 3903 0 0 501 2031 2248 126 0 776 0 128 926 0 3146 3300 0 555 697 3613 1 829 742 3604 31
428 435 322 1386 439 338 178 730 46 66 277 473 285 89 289 834 613 327 10 161 0 0 0 0 91 50 138 861 239 40 266 100 149 0 409 166 114 486 244 0 223 100 0 26 0 102 95 485 377 70 303 261 186 124 203 63 35 182 83 58 65 377 202 98 0 190 0 16 6 30 52 32 98 0 0 26 85 71 85 16 183 209 0 6 121 780 76 70 0 0 107 0 0 542 43 93 0 0 0 0 0 212 0 0 1250 0 0 52 119 0 0 115 1258 0
45 25 22 0 0 0 51 38 0 0 9 71 0 0 110 86 0 146 23 230 0 0 0 0 0 0 0 0 0 0 49 0 0 0 0 63 0 92 123 0 75 0 0 21 0 63 80 223 0 0 0 0 46 50 71 18 9 58 34 30 27 230 36 11 0 165 3 81 77 41 246 303 0 0 0 0 15 70 92 123 239 147 0 0 0 0 296 101 0 0 0 0 0 68 118 83 419 0 0 0 0 566 0 226 656 0 1232 547 388 0 1179 574 0 0
14 13 14 120 25 16 101 67 1 1 19 17 13 5 13 666 114 7553 0 180 9 8 8 7 162 15 88 188 3 0 73 51 100 43 14 15 92 179 21 0 188 89 35 174 0 1378 202 690 1692 102 20 233 751 150 881 2114 1212 153 190 112 143 716 0 310 8 160 0 18 34 806 0 0 0 0 0 0 3 0 3 3 4 0 0 0 514 0 187 99 708 58 127 0 0 69 531 398 0 0 256 0 23 312 0 212 199 0 0 0 0 0 286 48 192 22
1654 1104 1271 1097 1664 4713 725 688 1484 1554 2697 2119 1995 1353 1289 7033 1077 877 325 160 34 31 32 27 5319 270 2554 4342 1599 490 4870 947 2939 3526 2754 1246 2299 2012 3434 1315 8133 1250 1611 336 0 3565 4258 129 1091 2453 1440 2168 3087 7151 3213 2762 1530 890 2232 4951 2261 1500 1453 1482 31 1913 1141 1091 1013 1342 458 1483 914 494 1 290 803 415 542 855 784 955 0 78 241 770 2429 635 6690 1685 543 118 0 801 1270 1594 457 2055 89 0 0 0 0 908 918 0 1215 151 550 0 848 501 1373 59
1 1 0 2 1 1 1 1 0 0 3 3 2 0 2 0 4 412 782 0 3 3 3 3 0 0 0 0 1 0 3 0 0 0 2 2 0 1 3 0 0 0 0 2 0 0 4 0 0 0 0 0 4 0 0 2 1 2 1 1 0 8 2 0 3 0 0 0 0 1 1 0 0 0 0 0 0 0 0 1 0 0 0 0 0 0 0 853 0 0 0 0 0 0 27 43 0 0 0 0 0 0 0 0 0 0 0 0 0 0 0 0 0 2
15 17 18 17 0 70 5 12 14 16 0 16 22 0 15 288 11870 17 164 24 0 0 0 0 71 0 55 161 193 0 3803 41 46 0 0 48 88 111 316 338 1412 12 0 14 0 78 119 408 0 48 62 73 147 348 250 0 0 249 50 56 400 107 16 0 0 46 4 32 0 0 0 0 4 0 0 0 7 0 3 2 3 0 0 0 0 0 58 0 0 0 0 0 0 0 0 36 0 0 0 0 0 0 0 0 0 0 0 0 0 0 0 0 0 2
1 1 1 1 0 2 0 1 3 3 0 0 3 0 2 23 1976 0 0 0 0 0 0 0 0 0 0 3 0 0 384 3 0 0 0 0 0 0 32 0 55 0 0 0 0 5 15 29 0 0 0 0 22 47 58 17 0 1 1 2 1 0 1 0 0 0 0 0 0 0 0 0 0 0 0 0 1 0 0 0 0 0 0 0 0 0 0 0 0 0 0 0 0 0 0 0 0 0 0 0 0 0 0 0 0 0 0 1 0 0 0 0 0 0
1 1 1 16 5 4 1 8 0 0 4 3 2 1 2 101 133 0 88 22 0 0 0 0 1 0 0 7 3 0 4 1 0 11 27 17 16 21 85 70 30 0 26 1 0 15 2 0 0 0 17 16 30 9 22 42 23 28 14 10 12 127 51 0 0 0 0 0 0 29 0 0 11 5 6 4 0 3 7 7 11 14 0 12 8 0 38 2 0 18 0 17 0 15 116 147 0 286 0 0 0 0 0 0 0 0 72 0 93 0 0 105 0 0
362 581 526 1396 430 340 102 691 17 9 1487 1438 1040 6 877 3255 1728 53 0 418 0 0 0 0 649 43 397 723 468 69 785 206 789 682 1877 804 784 1065 1561 627 3758 1267 787 164 0 674 1631 5630 3282 490 1077 2473 2052 2210 2740 1471 817 836 426 323 374 3627 1231 658 0 879 129 448 260 889 116 0 305 265 0 80 40 115 153 48 148 207 0 0 50 0 2848 9970 1823 1082 116 1089 0 225 17458 23800 0 0 253 0 0 0 0 0 274 0 1308 7 0 0 602 171 502 0
10 7 8 232 71 57 22 115 5 4 9 13 7 16 9 213 355 181 47 5 0 0 0 0 12 4 13 22 44 11 49 6 16 119 143 111 383 478 419 277 95 32 1233 0 0 44 31 106 164 150 155 90 93 67 93 33 18 57 29 20 24 250 67 58 0 0 0 135 0 17 50 143 134 0 34 0 6 83 114 144 150 133 0 0 68 0 442 265 0 512 132 0 0 1478 538 444 505 0 0 270 1298 5404 0 429 0 0 0 635 249 0 925 1437 1172 0
1257 429 1356 802 1442 4857 5131 1050 2208 1114 620 8290 1256 2489 5034 2691 1923 311 0 223 0 0 0 0 1670 98 916 1646 1004 249 875 553 1177 2043 1196 2266 0 1 1988 817 3536 565 1031 80 615 1071 1459 5021 336 1967 859 1485 970 1332 936 1256 695 521 1547 419 994 482 163 1268 0 1756 777 921 1264 1446 589 1797 990 1073 695 1027 1226 348 468 163 1192 1854 1746 0 545 1157 1923 726 782 1776 2807 3104 363 1075 2027 2447 1406 1902 0 0 5953 0 0 336 0 0 900 151 334 0 3002 975 3443 0
200 532 244 90 506 867 8 56 298 51 4 431 13 394 256 634 550 124 131 0 0 0 0 0 683 40 193 351 234 16 43 45 241 355 292 107 1129 1258 640 128 754 38 0 2 0 120 311 1063 12 430 166 498 98 132 492 260 144 22 203 217 207 47 72 159 0 299 203 207 256 273 73 13 38 0 271 183 0 22 36 901 244 366 230 0 70 242 246 944 0 247 330 0 262 111 548 1073 260 347 0 0 0 9982 0 0 0 0 0 0 2 0 315 260 911 0
44 27 34 104 57 36 61 112 14 11 42 65 37 0 40 471 873 104 12 0 0 0 0 0 229 94 77 54 31 4 22 12 30 36 26 131 744 998 817 0 104 50 0 1 0 56 81 259 191 318 46 74 76 56 57 50 27 28 18 29 23 83 27 0 0 164 0 0 0 118 0 0 0 0 0 0 0 5 16 797 46 0 0 0 0 0 0 47 0 0 0 0 6 17 1030 576 47 68 0 244 0 0 0 0 0 0 0 0 0 0 310 349 1048 0
833 44 33 977 922 614 3241 2384 72 59 222 829 242 203 512 796 884 13051 21 745 0 0 0 0 1247 851 335 316 543 232 968 132 314 2532 426 2394 318 7499 108 0 1015 645 3962 17 0 432 397 4129 1311 2467 623 2062 1689 1087 938 74 415 1941 438 1098 554 2196 2830 1139 0 2017 871 1636 814 1024 608 2740 775 429 616 698 5211 352 499 15901 1161 1642 1864 20 189 0 2693 17680 1929 9274 5915 3425 6716 20606 1181 849 990 3183 2175 2574 4867 457 0 7388 1024 3096 1069 1386 1634 0 4110 3408 9403 7
8 5 7 31 12 9 8 20 0 0 4 7 5 3 9 63 48 58 62 41 0 0 0 0 60 46 63 113 31 9 34 21 76 274 5 217 148 207 165 0 108 78 690 3 0 60 214 743 30 104 53 111 75 41 94 111 61 26 33 23 21 192 74 112 0 844 0 0 0 400 0 0 227 245 257 232 306 36 187 3 294 357 341 0 73 0 431 327 0 232 0 0 0 84 38 18 154 107 0 0 1962 8469 0 0 202 0 1352 369 221 0 640 926 950 0
15 17 12 113 47 32 78 85 0 11 31 133 23 7 90 133 363 693 1169 586 0 0 0 0 66 15 56 109 5 1 39 12 0 183 109 124 456 432 240 227 457 89 101 45 0 108 502 1600 30 160 0 313 151 147 278 203 135 81 201 174 60 1281 218 301 0 0 0 848 832 338 0 0 47 0 296 337 545 103 310 65 547 516 58 0 170 111 113 0 0 0 0 0 0 174 206 286 253 0 59 3543 3436 26765 0 0 0 0 0 0 0 0 7083 94 532 385
1491 1687 1134 1221 1418 1830 8659 4051 431 259 1137 12251 3622 1275 7498 616 689 338 6 745 0 0 0 0 1574 106 997 1718 946 240 7978 117 1694 2719 898 3676 2473 56 28 113 1441 302 0 24 0 1190 2003 6844 746 1343 1157 1017 6407 1385 2283 1487 827 153 1040 510 217 629 577 779 0 1943 822 855 999 1254 1582 82 848 1013 1092 825 945 176 735 14 943 1211 1316 11 1736 94 1453 11695 397 1060 888 603 316 2460 587 966 712 788 1447 967 3233 39 0 1281 2810 0 678 1033 718 1 1490 997 4080 17
2 2 1 600 186 140 11 310 3 0 1 13 4 0 9 206 376 634 92 33 0 0 0 0 0 0 0 7 180 0 73 0 0 383 139 972 724 545 716 0 314 80 0 6 0 87 5 13 207 454 1087 81 86 75 90 124 69 64 32 23 26 294 92 196 0 172 80 36 0 201 0 206 0 0 0 0 1 56 181 1172 1 0 0 39 1513 0 0 1045 0 59 0 196 0 0 473 229 0 0 853 0 217 2723 0 0 325 0 0 0 0 0 94 0 270 0
0 0 0 0 4 5 2 21 0 0 0 1 0 0 1 17 40 44 28 3 0 0 0 0 0 0 24 3 0 0 0 2 0 0 0 113 0 0 14 0 70 0 0 0 0 26 4 5 0 30 15 75 36 15 0 22 13 19 9 6 6 89 13 0 0 37 0 14 0 8 39 0 0 0 0 0 0 11 19 10 58 0 0 1 0 0 0 407 0 0 0 15 0 127 186 0 140 0 0 0 84 492 0 0 113 0 342 0 0 0 733 0 153 0
0 0 0 0 0 0 1 1 39 0 31 15 0 0 10 16 99 55 36 4 0 0 0 0 0 0 2 0 0 0 1 0 0 124 0 97 0 14 30 0 75 0 0 0 0 4 1 0 73 45 95 0 12 0 11 29 16 240 15 30 20 75 23 0 0 0 0 0 18 0 34 0 0 0 0 0 2 18 52 41 2 0 0 15 311 0 0 1 0 0 0 281 0 1 54 297 0 468 0 0 0 574 0 0 167 0 705 194 0 0 1400 76 0 0
0 0 0 0 0 0 0 0 0 0 0 0 0 0 0 0 0 0 0 0 0 0 0 0 0 0 0 0 0 0 0 0 0 0 0 0 0 0 0 0 0 0 0 0 0 0 0 0 0 0 0 0 0 0 0 0 0 0 0 0 0 0 0 0 0 0 0 0 0 0 0 0 0 0 0 0 0 0 0 0 0 0 0 0 0 0 0 0 0 0 0 0 0 0 0 0 0 0 0 0 0 0 0 0 0 0 0 0 0 0 0 0 0 0
87 26 40 7 42 96 424 20158 22 7 13 77 126 0 241 173 65 245 0 235 0 0 0 0 15 0 33 4 1199 0 130 484 0 250 215 409 68 92 139 0 0 0 0 72 0 70 85 281 252 47 24 40 121 0 45 476 264 81 301 440 231 957 313 730 0 0 0 0 0 0 0 0 0 0 0 0 0 50 712 0 843 45 0 60 0 0 573 183 0 35 0 0 0 22 1345 606 239 0 0 0 0 0 0 0 0 0 0 0 0 0 0 0 0 2
1 1 0 0 0 2 7 5 1 0 1 8 3 0 6 0 0 0 0 0 0 0 0 0 0 0 0 1 0 0 6 0 0 0 0 1 0 0 0 0 0 0 0 0 0 0 2 0 0 6 0 1 1 0 0 0 0 20 1 3 1 7 2 0 0 0 0 0 0 0 0 0 0 0 0 0 1 0 1 1 1 0 0 0 0 0 0 0 0 0 0 0 0 2 15 69 0 0 0 0 0 0 0 0 0 0 73 35 0 0 3893 0 0 0
2 1 6 0 1 1 0 1 0 0 2 7 1 0 10 0 15 0 0 0 0 0 0 0 0 0 0 2 0 0 4 0 0 0 0 0 0 0 0 0 0 0 0 0 0 0 3 0 0 0 2 0 0 0 0 0 0 0 0 1 0 3 2 0 0 0 0 0 0 0 0 0 0 0 0 0 1 0 4 2 6 0 0 0 0 0 0 0 0 0 142 0 0 1 26 23 3 0 0 0 0 0 0 0 0 0 0 0 92 0 201 95 0 0
0 0 0 0 0 0 0 0 0 0 0 0 0 0 0 0 0 22 50 44 0 0 0 0 0 0 0 0 0 0 0 0 0 0 0 0 0 0 0 0 0 0 0 0 1 0 0 0 21 0 0 0 0 0 0 0 0 0 0 0 0 0 0 10 0 0 0 0 0 0 0 0 0 0 0 0 0 0 0 0 0 0 0 0 0 0 0 0 0 0 0 0 0 0 0 0 0 0 0 0 0 0 0 0 0 0 0 0 0 0 0 0 0 0
