132
0 0 0 0 0 0 101 786 841 573 428 403 1829 1302 0 0 0 0 0 0 0 0 0 0 0 0 0 0 0 0 0 0 0 75 0 0 0 0 0 0 0 0 0 0 0 0 0 0 27 0 0 0 0 0 0 0 0 0 0 0 0 0 0 0 0 0 0 0 0 0 0 0 0 0 0 0 10 0 0 0 0 0 0 0 0 0 0 0 0 0 0 0 0 0 0 0 0 0 0 0 0 0 0 0 0 0 0 0 0 0 0 0 0 0 0 0 0 0 0 0 0 0 0 0 0 0 0 0 0 0 0 0
0 0 0 0 0 0 173 1343 1438 3721 937 886 3128 5112 0 0 0 0 0 0 0 0 0 0 0 0 0 0 0 0 0 0 0 129 0 0 0 0 0 0 0 0 0 0 0 0 0 0 60 19 0 0 0 0 0 0 0 0 0 0 0 0 0 0 0 0 0 0 0 0 0 0 0 0 0 0 12 0 0 0 0 0 0 0 0 0 0 0 0 0 0 0 0 0 0 0 0 0 0 0 0 0 0 0 0 0 0 0 0 0 0 0 0 0 0 0 0 0 0 1 0 0 0 0 0 0 0 0 0 0 0 0
0 0 0 0 0 0 0 17 50 28 41 36 15 0 0 0 0 0 0 0 0 0 0 0 0 0 0 0 0 0 0 0 1493 2965 0 0 0 0 0 0 0 0 0 0 0 0 0 0 6 0 0 0 0 0 0 0 0 0 0 0 0 0 0 0 0 0 0 0 0 0 0 0 0 0 0 0 3 0 0 0 0 0 0 0 0 0 0 0 0 0 0 0 0 0 0 0 0 0 0 0 0 0 0 0 0 0 0 0 0 0 0 0 0 0 0 0 0 0 0 0 0 0 0 0 0 0 0 0 0 0 0 0
0 0 0 0 0 0 0 0 0 0 0 0 0 0 0 0 0 0 0 0 0 0 0 0 0 0 0 0 0 0 0 0 0 0 0 0 0 0 0 0 0 0 0 0 0 0 0 0 7 0 0 0 0 0 0 0 0 0 0 0 0 0 0 0 0 0 0 0 0 0 0 0 0 0 0 0 2 0 0 0 0 0 0 0 0 0 0 0 0 0 0 0 17 11 0 0 0 0 0 0 0 0 0 0 0 0 0 0 0 0 0 0 0 0 0 0 0 0 0 0 0 0 0 0 0 0 0 0 0 0 0 0
0 0 0 0 0 0 0 0 0 0 10 9 0 0 0 1 0 0 0 0 0 0 0 0 0 0 0 0 0 0 0 21833 0 0 0 0 0 0 5 0 0 0 0 0 0 0 0 0 0 0 0 0 0 0 0 0 0 0 0 0 0 0 0 0 0 0 0 0 0 0 0 0 0 0 0 0 145 0 0 0 0 0 0 0 0 0 0 0 0 0 0 0 0 0 0 0 0 0 0 0 0 0 0 0 0 0 0 0 0 0 0 0 0 0 0 0 0 0 0 0 0 0 0 0 0 0 0 0 0 0 0 0
0 0 0 0 0 0 0 0 0 0 0 0 0 0 0 0 0 0 0 0 0 0 0 0 0 0 0 0 0 0 0 0 0 0 0 0 0 0 0 0 0 0 0 0 0 0 0 0 0 0 0 0 0 0 0 0 0 0 0 0 0 0 0 0 0 0 0 0 0 0 0 0 0 0 0 0 3 0 0 0 0 0 0 0 0 0 0 0 0 0 0 0 0 0 0 0 0 0 0 0 0 0 0 0 0 0 0 0 0 0 0 0 0 0 0 0 0 0 0 0 0 0 0 0 0 0 0 0 0 0 0 0
0 0 0 0 0 0 0 20 21 14 2 1 44 32 0 0 0 0 0 0 0 0 0 0 0 0 0 0 0 0 0 0 0 1 37 0 0 0 0 0 0 0 0 0 0 0 0 0 0 0 0 0 0 0 0 0 1 0 2 0 0 0 0 0 0 0 0 0 0 0 0 0 0 0 0 0 6 0 0 0 0 0 0 0 0 0 0 0 0 0 0 0 0 0 0 0 0 0 0 0 0 0 0 0 0 0 0 0 7 7 7 3 8 8 7 8 8 8 4 3 7 7 7 8 8 8 7 8 0 0 0 0
0 0 0 0 0 0 0 0 42 0 6 83 0 601 0 0 0 0 0 0 0 0 0 0 20268 0 0 107 0 250 0 0 0 0 0 0 0 0 120 0 0 0 0 0 0 0 0 0 0 0 0 0 0 0 0 0 0 0 0 0 0 0 0 0 0 0 0 0 0 0 0 0 0 0 0 0 41 0 0 0 0 0 0 0 0 0 0 0 0 0 0 0 1 0 0 0 0 0 0 0 0 0 0 0 0 0 0 0 0 0 0 0 0 0 0 0 0 0 0 0 0 0 0 0 0 0 0 0 0 0 0 0
0 0 0 0 0 0 0 0 0 0 0 0 0 254 0 0 0 0 0 0 0 0 0 0 0 33273 0 51 0 0 0 0 0 0 0 0 0 0 0 0 0 0 0 0 0 0 0 0 0 0 0 0 0 0 0 0 0 0 0 0 0 0 0 0 0 0 0 0 0 0 0 0 0 0 0 0 98 0 0 0 0 0 0 0 0 0 0 0 0 0 0 0 0 0 0 0 0 0 0 0 0 0 0 0 0 0 0 0 0 0 0 0 0 0 0 0 0 0 0 0 0 0 0 0 0 0 0 0 0 0 0 0
0 0 0 0 0 0 0 0 91 0 21 20 0 2302 0 0 0 0 0 0 0 0 0 0 0 0 2563 415 0 0 0 0 0 0 0 0 0 0 0 0 0 0 0 0 0 0 0 0 1 0 0 0 0 0 0 0 0 0 0 0 0 0 0 0 0 0 0 0 0 0 0 0 0 0 0 0 147 0 0 0 0 0 0 0 0 0 0 0 0 0 0 0 52 37 0 0 0 0 0 0 0 0 0 0 0 0 188 0 0 0 0 0 0 0 0 0 0 0 0 0 0 0 0 0 0 0 0 0 0 0 0 0
0 0 0 0 0 0 0 0 2 0 0 13 0 31 0 0 0 0 0 0 0 0 0 0 134 270 16 11 0 10 0 0 0 0 0 0 0 0 0 0 0 0 0 0 0 0 0 0 0 0 0 0 0 0 0 0 0 0 0 0 0 0 0 0 0 0 0 0 0 0 0 0 0 0 0 0 3 0 0 0 0 0 0 0 0 0 0 0 0 0 0 0 0 0 0 0 0 0 0 0 0 0 0 0 0 0 0 0 0 0 0 0 0 0 0 0 0 0 0 0 0 0 0 0 0 0 0 0 0 0 0 0
0 0 0 0 0 0 0 0 0 0 0 0 0 17 0 0 0 0 0 0 0 0 0 0 55 151 9 5 0 0 0 0 0 0 0 0 0 0 0 0 0 0 0 0 0 0 0 0 0 0 0 0 0 0 0 0 0 0 0 0 0 0 0 0 0 0 0 0 0 0 0 0 0 0 0 0 2 0 0 0 0 0 0 0 0 0 0 0 0 0 0 0 0 0 0 0 0 0 0 0 0 0 0 0 0 0 0 0 0 0 0 0 0 0 0 0 0 0 0 0 0 0 0 0 0 0 0 0 0 0 0 0
0 0 0 0 0 0 0 194 256 0 47 1073 0 202 0 0 0 0 0 0 0 0 0 0 1692 0 0 134 0 11406 0 0 0 0 0 0 0 0 0 0 0 0 0 0 0 0 0 0 0 0 0 0 0 0 0 0 0 0 0 0 0 0 0 0 0 0 0 0 0 0 0 0 0 0 0 0 31 0 0 0 0 0 0 0 0 0 0 0 0 0 0 0 0 0 0 0 0 0 0 0 0 0 0 0 0 0 0 0 0 0 0 0 0 0 0 0 0 0 0 0 0 0 0 0 0 0 0 0 0 0 0 0
0 0 0 0 0 0 0 0 0 0 0 0 0 0 0 0 0 0 0 0 0 0 0 0 0 0 0 0 0 0 0 0 0 0 0 0 0 0 0 0 0 0 0 0 0 0 0 0 0 0 0 0 0 0 0 0 0 0 0 0 0 0 0 0 0 0 0 0 0 0 0 0 0 0 0 0 0 0 0 0 0 0 0 0 0 0 0 0 0 0 0 0 0 0 0 0 0 0 0 0 0 0 0 0 0 0 0 0 0 0 0 0 0 0 0 0 0 0 0 0 0 0 0 0 0 0 0 0 0 0 0 0
0 0 51 0 0 0 41 116 64 40 3 3 46 0 0 0 2 0 0 1 0 15 20 49 0 0 0 0 0 0 0 0 0 3 1 0 0 0 0 7913 2213 398 0 0 0 0 0 7 9 134 0 0 0 0 0 0 1 0 26 4 0 2 5 4 0 0 0 0 0 0 2 0 0 0 0 0 23601 0 0 0 0 180 0 0 0 0 0 0 0 0 0 0 0 0 0 0 0 0 0 0 0 0 0 0 0 0 0 0 0 0 0 0 0 1 1 0 0 0 0 0 0 0 0 0 0 0 0 0 0 0 0 0
0 0 0 0 0 0 0 0 0 0 0 0 0 0 0 0 0 0 0 3 3 0 0 0 0 0 0 0 0 0 0 0 0 0 4592 0 0 0 0 0 0 0 0 0 0 0 0 0 12 0 0 0 0 0 0 0 2 0 1 0 0 0 0 0 0 0 0 0 0 0 0 0 0 0 0 0 0 0 0 0 0 0 0 0 0 0 0 0 0 0 0 0 0 0 0 0 0 0 0 0 0 0 0 0 0 0 0 0 0 0 0 0 0 0 0 0 0 0 0 0 0 0 0 0 0 0 0 0 0 0 0 0
0 0 0 0 0 0 0 0 0 0 0 0 0 0 0 1 0 0 0 0 0 0 0 0 0 0 0 0 0 0 0 0 0 0 0 0 0 0 0 0 0 0 0 0 0 0 0 0 0 0 0 0 0 0 0 0 0 0 0 0 0 0 0 0 0 0 0 0 0 0 0 0 0 0 0 0 0 0 0 0 0 0 0 0 0 0 0 0 0 0 0 0 0 0 0 0 0 0 0 0 0 0 0 0 0 0 0 0 0 0 0 0 0 0 0 0 0 0 0 0 0 0 0 0 0 0 0 0 0 0 0 0
11 10 17 18 177 17 3349 18 7 7 16 0 5 7202 3 17 87369 0 12152 140 7 0 6 13 0 0 0 12 1 0 48 5 0 1 70 0 0 0 0 0 0 0 0 420 5565 3 0 256 9697 1002 60 38 53 0 0 0 10 0 17 57 0 0 17 8 0 2796 6 0 0 1326 6 0 0 0 0 305 4 0 0 0 0 11713 0 0 0 0 0 0 0 0 0 0 1033 315 0 0 0 0 0 0 0 0 0 0 0 0 0 0 9 10 2 22 9 41 18 10 11 667 16 259 266 212 1525 586 548 429 1066 378 0 0 0 1186
0 1 2 2 10 60 603 6 3 2 2 1 2 546 0 2 4917 0 0 1287 7 0 3 8 0 0 0 1 5 0 13 0 0 1 1 195 0 0 0 0 0 0 0 5 0 3 0 35 67 0 0 0 0 0 0 0 117 0 454 19 0 0 32 22 0 0 0 0 0 0 0 0 0 0 0 23 5 0 0 0 0 9 0 0 0 0 0 0 0 0 0 0 1042 113 0 0 0 0 0 0 0 0 0 0 0 0 0 0 1 0 0 0 2 1 0 1 2 2 0 0 8 6 27 13 12 4 27 9 0 0 0 141
0 0 0 0 0 0 0 1 0 0 0 0 0 0 0 0 0 0 0 0 0 0 0 0 0 0 0 0 0 0 0 0 0 0 0 0 0 0 0 0 0 0 0 2 0 2 0 0 0 0 0 0 0 0 0 0 92 0 0 2 0 0 0 0 0 0 0 0 0 0 0 0 0 0 0 28 0 0 0 0 0 48 0 0 0 0 0 0 0 0 0 0 0 0 0 0 0 0 0 0 0 0 0 0 0 0 0 0 0 0 0 0 0 0 0 0 0 0 0 0 0 0 0 0 0 0 0 0 0 0 0 0
7 6 1 4 3 0 7 6 4 3 0 0 3 1 0 0 0 0 0 27 0 0 0 3 0 0 0 0 0 0 0 0 0 0 0 0 0 0 0 0 0 0 0 33 0 26 0 0 0 0 0 0 0 8 0 0 14 0 0 3 0 0 0 267 0 0 0 0 0 0 0 0 0 0 0 32 1 0 0 0 5676 36 0 0 0 0 0 0 0 0 0 0 17 12 0 0 0 0 0 0 0 0 0 0 0 0 0 0 1 0 0 0 1 1 0 1 1 1 0 0 2 1 2 2 1 1 1 1 0 0 0 0
7 7 8 5 9 0 6 40 22 16 1 1 14 1 0 12 2 1 0 12 12 0 0 7 0 5 0 0 1 5 0 1 0 23 9 1 0 0 0 0 3 0 0 12 0 11 0 0 15 0 0 0 2772 0 0 278 13 0 4 0 0 0 0 0 0 4 5 0 0 0 12 0 0 0 0 0 0 0 0 0 0 0 0 0 0 13 0 0 0 0 0 89 3 0 3 0 0 2 0 0 0 0 0 0 0 3 0 0 32 29 24 28 29 29 29 30 32 30 26 1 33 33 32 33 33 34 33 34 0 0 0 0
2 2 2 2 3 1 14 34 19 13 1 1 12 12 0 10 0 0 0 5 2 304 0 444 0 0 0 0 1 1 1 0 0 11 4 9 0 0 0 0 0 0 0 9 0 8 0 0 2 0 0 14 55 61 0 0 14 0 11 0 0 0 0 0 0 2 2 0 0 0 4 0 0 0 0 0 0 0 0 0 0 0 0 0 0 9 0 0 0 0 0 53 22 0 0 0 0 2 0 0 0 0 0 0 0 2 0 0 19 19 17 14 19 19 19 19 17 19 14 75 19 18 19 19 19 19 17 20 0 0 0 1
7 7 9 6 9 1 12 33 19 13 2 1 13 6 0 31 0 0 0 3 0 0 0 0 0 0 0 1 1 0 1 0 0 9 1 0 0 0 0 0 0 0 0 2 0 2 0 0 0 0 0 0 0 0 0 0 12 0 12 0 0 0 0 0 0 0 0 0 0 0 0 0 0 0 0 0 0 0 0 0 0 0 0 0 0 0 0 0 0 0 0 0 2 0 0 0 0 0 0 0 0 0 0 0 0 0 0 0 38 38 37 32 38 38 38 39 38 38 32 4 36 36 36 37 38 38 37 38 0 0 0 0
53 55 59 54 57 25 45 0 111 98 0 0 0 65 40 258 0 82 115 60 63 36 39 50 0 65 32 33 35 53 40 39 0 0 236 32 42 114 103 0 185 0 0 123 0 106 0 53 78 38 0 68 36 93 72 17 425 30 426 525 101 297 435 581 0 89 51 0 21 136 159 9 119 0 15 92 41 85 0 0 0 45 19 0 0 61 0 0 15 0 32 89 159 104 18 0 0 68 32 57 0 62 0 14 0 42 106 67 2877 2899 2937 2872 2905 2904 2899 2933 2916 2911 2792 42 2759 2786 2736 2828 2841 2866 2786 2868 71 0 69 45
4 4 7 3 4 0 3 145 0 82 0 0 39 40 4 292 0 2 2 9 11 0 4 1 0 0 0 0 0 4 0 0 0 0 224 0 0 52 0 0 0 0 0 12 0 10 0 3 3 5 0 10 0 108 12 0 1 0 7 52 0 0 4 2 0 4 0 0 0 10 2 0 0 0 0 1 0 0 0 0 0 0 1 0 0 2 0 0 102 0 0 18 155 93 0 0 0 2 0 0 0 1 0 0 0 0 103 26 2 2 0 0 3 2 2 3 3 3 0 1 2 2 2 2 3 2 3 3 1 0 20 0
4 4 5 3 4 0 3 30 12 0 0 0 8 5 2 31 0 1 3 7 8 2 2 4 0 2 0 0 0 6 0 0 21 0 14 5 0 0 0 0 2 0 0 27 6 24 0 6 5 5 0 0 0 8 5 0 8 0 10 4 1 3 4 3 0 11 6 0 4 17 11 0 1 0 2 1 0 2 0 0 0 0 2 0 0 10 0 0 17 0 0 3 13 10 6 0 0 5 0 0 0 5 0 7 0 1 1 5 2 2 1 0 3 3 2 3 3 3 0 0 2 2 3 3 3 3 3 3 5 0 6 0
0 0 0 0 0 0 0 0 0 0 0 0 0 23 0 11 0 0 0 0 0 0 0 0 0 2 0 0 0 1 0 0 0 0 0 0 0 27 0 0 0 0 0 0 0 0 0 0 0 2 0 0 0 0 0 0 0 0 0 0 0 0 0 0 0 0 0 0 0 0 0 0 0 0 0 0 0 0 0 0 0 0 0 0 0 0 0 0 4 4 0 0 5 3 0 0 0 0 0 0 0 0 0 0 0 0 0 1 0 0 0 0 0 0 0 0 0 0 0 0 0 0 0 0 0 0 0 0 0 0 0 0
0 0 0 0 0 0 0 95 59 52 3 2 34 18 0 18 0 0 0 0 0 0 0 0 0 1 0 0 0 1 0 0 0 3 6 0 0 14 0 0 0 0 0 0 0 0 0 0 0 3 0 0 0 0 0 0 0 0 0 0 0 0 0 0 0 0 0 0 0 0 0 0 0 0 0 0 0 0 0 0 0 0 0 0 0 0 0 0 4 0 0 1 8 4 0 0 0 0 0 0 0 0 0 0 0 0 0 1 0 0 0 0 0 0 0 0 0 0 0 0 0 0 0 0 0 0 0 0 0 0 0 0
1014 1546 283 1024 1612 6 492 0 2334 1801 0 39 0 96 69 849 0 55 51 239 160 0 0 2 0 0 0 0 0 0 0 0 0 0 343 0 0 36 9 0 16 0 0 8235 116 7143 1660 2 6 185 0 1 0 5 0 0 5 0 143 0 0 197 205 197 0 4 0 0 0 0 3 0 0 0 0 1 1 0 0 0 0 0 0 0 0 3 0 0 555 0 0 66 467 273 0 0 0 7 0 0 0 0 0 0 0 0 0 77 5 5 4 0 6 6 5 6 6 6 0 1 6 5 5 5 6 6 6 6 0 0 90 0
0 0 0 0 0 0 0 2 1 1 0 0 1 1 0 1 0 0 0 0 0 0 0 0 0 0 0 0 0 0 0 0 0 0 0 0 0 0 0 0 0 0 0 0 0 0 0 0 0 0 0 0 0 0 0 0 0 0 0 0 0 0 0 0 0 0 0 0 0 0 0 0 0 0 0 0 0 0 0 0 0 0 0 0 0 0 0 0 0 0 0 0 0 0 0 0 0 0 0 0 0 0 0 0 0 0 0 0 0 0 0 0 0 0 0 0 0 0 0 0 0 0 0 0 0 0 0 0 0 0 0 0
1 1 2 1 0 0 1 314 222 162 14 11 137 34 1 72 0 0 0 2 2 0 0 0 0 4 0 0 0 32 0 0 0 67 33 0 0 53 0 0 0 0 0 7 0 6 0 2 2 4 0 0 0 2 0 0 2 0 3 0 0 1 1 1 0 2 1 0 0 0 3 0 0 0 0 0 0 0 0 0 0 0 0 0 0 2 0 0 42 0 0 0 30 18 0 0 0 1 0 0 0 0 0 0 0 0 150 8 0 0 0 0 1 0 0 1 1 1 0 0 0 0 1 1 1 0 1 1 1 0 3 0
150 137 0 225 198 131 166 10006 4098 5695 360 305 1450 2670 184 2087 1 415 589 232 226 160 140 174 452 399 0 269 59 461 213 174 0 60 622 200 166 6479 2379 433 703 0 65 300 0 249 313 181 336 541 107 276 196 326 352 607 685 390 2073 641 596 1533 1207 3075 0 163 218 0 125 143 664 63 704 513 582 485 206 575 651 611 29 349 162 0 141 252 0 74 1870 843 0 509 1175 734 263 0 32 321 361 350 0 281 0 141 0 227 245 429 15565 15681 15894 15570 15710 15709 15683 15861 15772 15744 15130 31 14924 15070 14798 15296 15363 15504 15065 15512 327 0 340 240
0 0 0 1 1 0 0 4088 1536 1933 60 39 1106 640 0 1026 0 0 0 4 2 0 0 0 20 51 3 2 0 21 0 0 0 0 256 17 0 1636 1227 0 0 0 0 17 0 15 0 8 13 210 0 0 0 8 0 0 3 0 16 0 0 0 14 13 0 0 0 0 0 0 0 0 0 0 0 1 0 0 0 0 0 0 0 0 0 0 0 0 247 0 0 0 494 313 0 0 0 2 0 0 0 0 0 0 0 0 0 59 2 2 0 0 2 2 1 2 2 2 0 0 2 2 2 2 2 2 2 2 0 0 38 0
5 5 6 5 5 2 0 114 40 37 5 5 29 4 0 0 0 0 0 8 0 0 0 0 0 0 0 1 0 0 3 0 0 0 0 0 0 0 0 0 5 0 0 0 0 29 0 1 7 0 0 4 0 8 0 0 87 0 88 104 0 49 96 123 0 3 0 0 0 0 7 1 10 0 0 8 3 0 0 0 0 2 0 0 0 3 0 0 0 0 0 0 0 0 0 0 0 7 0 0 0 0 0 0 0 0 0 0 183 185 186 179 185 185 185 187 186 186 175 87 176 177 159 180 181 183 178 183 0 0 0 0
1 1 9 8 36 258 2550 4 5 2 7 4 3 2349 0 2 0 4 0 6 1 0 0 0 0 1 0 4 20 0 58 1 0 0 38 0 0 0 148 0 0 0 0 7 0 0 0 2 4 0 0 0 0 1 0 0 499 62 1924 63 138 27 123 83 0 0 2 0 0 0 0 19 0 0 0 30 6 0 510 0 0 0 0 0 0 0 0 0 42 5 0 0 4420 420 10 0 0 4 1 0 0 0 0 0 0 16 0 0 3 2 0 0 3 2 3 1 2 4 0 0 29 22 111 52 47 14 112 32 9 0 31 592
91 95 102 93 92 42 80 141 155 106 82 80 116 80 61 89 1 130 187 77 77 48 52 59 0 90 43 61 61 66 68 66 0 50 39 52 0 1192 509 47 246 0 0 119 0 100 0 66 113 63 0 434 67 62 100 185 550 77 552 737 95 370 657 817 0 56 60 0 0 97 215 19 218 19 158 154 66 175 109 86 0 111 15 0 0 228 0 0 0 0 0 152 62 23 0 0 0 100 0 102 0 70 0 0 0 54 0 65 4985 5022 5089 4983 5031 5031 5022 5080 5052 5043 4843 92 4780 4827 4740 4900 4921 4966 4826 4969 89 69 71 78
35 37 39 40 34 22 32 48 58 43 42 41 47 42 32 39 2 69 98 41 41 26 27 32 0 0 4 0 0 0 35 0 0 0 21 22 0 0 26 48 185 0 0 40 0 33 0 31 56 0 0 56 10 7 25 30 546 80 536 704 153 360 603 802 0 31 4 0 0 22 114 11 126 75 101 86 36 41 106 97 131 61 16 0 0 45 0 0 0 0 0 67 39 0 0 0 0 52 1 52 0 45 0 0 0 18 53 34 2565 2584 2619 2563 2589 2589 2585 2614 2600 2595 2491 134 2460 2484 2439 2521 2532 2555 2483 2557 36 26 0 41
26 27 29 31 0 18 23 0 15 26 32 32 22 34 24 30 1 55 40 31 29 11 13 20 0 5 2 11 1 0 29 3 0 0 1 0 0 0 0 0 122 0 0 32 0 27 0 21 42 0 0 31 7 29 0 0 318 34 344 432 93 229 378 512 0 8 0 0 0 38 81 8 89 0 63 68 28 28 22 10 0 48 0 0 0 12 0 0 0 0 0 0 29 1 0 0 0 42 0 39 0 33 0 0 0 0 52 21 2121 2137 2165 2117 2142 2141 2137 2162 2150 2146 2058 24 2034 2054 2017 2085 2095 2113 2054 2115 20 20 20 34
417 414 453 267 468 19 333 828 602 349 36 31 397 87 0 400 3 66 65 539 758 169 218 425 30 84 2 3 5 84 3 8 0 206 126 125 0 0 95 0 6737 372 0 13 0 11 0 36 0 58 0 246 804 395 68 74 76 0 218 212 16 94 326 202 143 136 103 0 47 2128 0 0 1 0 0 7 6511 0 0 0 0 9092 59 261 0 24 0 44 0 0 0 107 32 21 0 0 0 12 0 0 0 0 0 21 0 106 38 49 190 180 164 180 180 180 181 184 188 185 168 4 189 190 185 191 192 193 188 194 25 64 22 2
36 36 38 24 41 1 27 77 50 31 3 3 33 8 0 55 0 35 32 84 94 0 1 27 0 0 0 0 0 0 0 0 0 5 0 569 0 0 0 0 0 44970 0 11 0 10 0 27 5 0 0 0 0 38 0 0 0 0 71 5 0 0 38 12 0 6 11 0 0 107 0 0 0 0 0 1 417 0 0 0 0 590 0 0 0 274 0 0 0 0 0 344 9 5 0 0 0 4 0 54 0 0 0 0 0 0 0 0 11 9 3 0 12 11 9 12 13 12 0 0 12 11 12 13 13 12 13 13 165 1 0 0
193 190 236 120 209 5 174 583 455 266 24 21 268 2 0 553 2 195 198 219 272 39 51 408 650 2775 21 213 27 875 13 70 657 982 577 3512 159 37 77 0 0 0 0 10 1 12 0 228 179 314 0 388 789 0 179 173 0 0 77 8 0 38 182 53 82 140 457 0 117 49 266 3 29 47 73 17 121 72 2547 62 0 1209 177 0 175 188 0 0 311 43 0 501 1435 733 64 0 145 126 75 175 0 1991 54 681 0 233 118 302 174 175 176 164 176 176 175 142 133 141 229 48 183 180 118 121 121 122 119 123 638 352 335 0
29 29 33 19 32 0 23 60 45 26 4 4 29 1 8 80 1 39 37 75 96 2 4 15 64 96 0 2 4 328 2 10 0 212 119 316 77 80 111 2 92 749 0 5 0 5 0 395 316 338 0 60 104 124 60 63 33 0 11607 35 0 38 79 65 90 83 273 24 74 526 93 4 47 24 75 28 7 78 58 48 0 4 11 0 235 237 0 0 0 0 0 107 35 37 91 0 0 342 239 399 0 227 0 586 0 360 211 69 83 84 84 79 84 84 84 85 85 85 78 14 80 80 79 82 83 83 81 83 1065 0 143 0
0 0 0 0 0 0 0 0 0 0 0 0 189 0 0 0 0 0 0 0 0 0 0 0 0 0 0 0 0 0 0 0 0 0 1058 0 0 0 0 0 0 0 0 0 0 2 0 0 0 0 0 0 0 0 0 0 2850 0 0 0 162 0 0 0 0 0 0 0 0 0 0 0 0 0 0 0 0 0 0 0 0 0 0 0 0 0 0 0 0 0 0 0 0 0 0 0 0 0 0 0 0 0 0 0 0 0 0 0 0 0 0 0 0 0 0 0 0 0 0 0 0 0 0 0 0 0 0 0 0 0 0 0
4759 4375 939 2575 1856 66 5383 3033 1500 1364 82 65 978 1006 1315 622 554 0 251 1513 1347 487 635 497 12 29 0 2 3 0 14 5 28 401 238 11 3 380 227 259 230 0 114 274 0 355 3637 361 298 552 76 233 703 205 268 348 209 218 423 2542 235 601 973 840 37 28 204 93 2 2543 2051 1 7 8 8 11981 1 6 8 6 0 16194 580 0 55 54 0 0 122 0 0 1112 5800 5789 10864 0 0 169 0 19 0 1262 0 228 0 205 513 307 226 205 117 124 172 170 176 68 93 51 776 86 871 712 614 439 338 391 224 239 607 297 325 2
0 0 0 0 0 0 0 0 0 0 0 0 0 0 0 0 0 0 0 0 0 0 0 0 0 0 0 0 0 0 0 0 0 0 0 0 0 0 0 0 0 0 0 0 0 0 0 0 0 0 0 0 0 0 0 0 0 0 0 0 0 0 0 0 0 0 0 0 0 0 0 0 0 0 0 0 0 0 0 0 0 0 0 0 0 0 0 0 0 0 0 0 0 0 0 0 0 0 0 0 0 0 0 0 0 0 0 0 0 0 0 0 0 0 0 0 0 0 0 0 0 0 0 0 0 0 0 0 0 0 0 0
3118 3115 3307 2017 3573 157 2529 6214 5518 2956 343 299 3365 6016 1296 988 866 1775 1741 2029 1438 756 375 158 646 542 17 16 30 0 17 81 0 1425 1308 334 1337 882 5271 668 1625 2153 521 12790 0 11121 0 2596 2409 2990 2913 1196 1235 1377 1253 1030 1409 195 1568 365 489 1456 1435 1374 0 1366 2043 1058 1145 526 2041 142 1638 2852 3544 1008 239 3419 1577 0 0 236 1111 0 1617 1366 0 0 607 0 635 1872 638 694 1750 0 906 17159 1348 4536 51 1918 0 585 1207 0 0 469 1483 1476 1469 1479 1477 1478 1478 1496 1494 1494 1422 37 1434 1448 1430 1469 1475 1487 1451 1488 2832 1688 1892 11
62 67 23 87 151 1 48 35 18 10 1 1 11 6 0 4 0 0 0 22 14 16 27 55 0 0 0 0 0 0 0 0 0 0 0 0 0 0 0 0 0 0 0 734 0 637 0 0 0 0 0 0 0 0 0 0 0 0 12 0 0 0 16 14 0 0 0 0 0 0 0 0 0 0 0 0 0 0 0 0 0 0 0 0 0 0 0 0 0 0 0 0 0 0 0 0 0 0 0 0 0 0 0 0 0 0 0 0 0 0 0 0 0 0 0 0 0 0 0 0 0 0 0 0 0 0 0 0 0 0 0 0
0 0 0 0 0 0 0 1 0 0 0 0 0 0 0 0 0 0 0 33 25 0 0 5 0 0 0 0 0 0 0 0 0 0 0 0 0 0 0 10 0 0 0 0 0 0 0 0 0 0 0 0 0 0 0 0 0 0 0 0 0 0 0 0 0 0 0 0 0 0 0 0 0 0 0 0 0 0 0 0 0 0 0 0 0 0 0 0 0 0 0 0 0 0 0 0 0 0 0 0 0 0 0 0 0 1 0 0 0 0 0 0 0 0 0 0 0 0 0 0 0 0 0 0 0 0 0 0 0 0 0 0
16 0 14 6 6 0 21 78 41 27 2 2 26 19 0 12 222 0 57 123 210 7161 6120 9666 0 0 0 0 0 0 0 0 0 0 15 2150 0 4547 7 0 84 0 0 29 0 23 0 23 65 0 0 1023 1332 1636 1559 75 1199 0 0 0 0 0 2 45 0 20 2093 0 0 39 2351 3 41 0 89 4 16 0 0 0 0 13 133 0 0 15 0 0 0 0 0 11 20 11 0 0 0 5 0 0 0 0 0 12371 0 65 0 0 24 17 7 16 17 18 18 19 21 21 12 22 28 28 29 28 27 27 28 27 0 0 0 3
252 248 270 157 278 9 204 516 339 195 19 16 227 47 17 198 13 0 70 258 348 98 92 139 1913 284 9 9 17 461 8 42 0 580 315 163 138 176 58 508 237 1385 129 11 0 23 0 271 232 524 0 503 130 238 136 109 275 0 167 231 0 94 0 446 0 479 681 532 3796 192 0 1 30 0 15 28 12 44 0 0 0 17 301 0 475 313 0 0 0 0 0 747 48 118 317 0 0 67 0 67 0 146 0 68 17 795 2 206 20 19 18 11 20 20 19 21 21 20 14 30 19 19 19 20 20 20 20 20 107 81 196 0
8 9 9 10 9 5 7 9 13 10 10 10 11 10 18 141 4 0 23 41 51 42 0 60 0 0 1 8 8 0 9 7 0 4 0 3 0 0 0 0 110 0 0 10 0 8 0 7 13 0 0 0 1 0 0 0 115 0 137 77 24 83 133 186 0 0 0 0 0 0 0 2 28 0 3 22 8 2 0 0 0 15 0 0 0 6 0 0 0 0 0 34 6 0 0 0 0 11 0 6 0 2 0 1 0 0 0 0 597 601 608 591 603 603 602 609 606 605 576 117 573 578 568 588 590 595 579 596 0 0 0 10
18 19 20 21 19 12 16 19 29 21 23 22 24 22 17 18 1 0 52 22 17 0 0 43 0 2 13 18 18 18 20 20 0 17 1485 15 0 0 0 0 58 0 0 22 0 18 0 14 24 0 0 0 0 0 0 0 384 36 349 460 77 245 362 530 0 10 13 0 0 6 13 6 69 0 41 48 18 16 0 0 0 34 0 0 0 15 0 0 0 0 0 37 18 7 0 0 0 27 0 20 0 13 0 0 0 14 0 17 1338 1347 1365 1332 1350 1350 1348 1363 1355 1354 1296 322 1283 1295 1272 1315 1321 1333 1295 1334 11 0 16 22
5 5 6 3 6 0 4 11 7 4 0 0 5 0 1 3 0 1 1 4 0 8 0 43 0 0 0 0 0 0 0 0 0 0 0 0 0 0 0 0 0 858 0 0 0 0 0 3 2 0 0 3 23635 0 0 0 0 0 0 0 0 0 0 0 0 20 0 0 0 0 0 0 0 0 0 0 0 0 0 0 0 0 0 0 0 7 0 0 0 0 0 4 0 0 0 0 0 0 0 0 0 0 0 0 0 0 0 0 1 0 0 0 1 1 0 1 1 1 0 1 1 1 1 1 1 1 1 1 0 0 0 0
102 104 104 67 119 0 77 164 105 63 7 6 70 9 64 139 1 52 49 114 142 347 492 818 0 0 0 1 2 77 1 2 0 108 59 10 0 0 8 0 36 0 0 6 0 9 0 136 112 0 0 96 805 218 0 0 37 0 48 79 0 20 67 0 0 49 22 0 0 123 0 0 5 0 0 10 3 28 0 0 0 5 544 6194 0 45 0 0 0 0 0 754 16 8 0 0 0 26 0 0 0 5 0 0 0 90 0 12 60 59 55 51 59 59 59 61 58 60 51 12 59 60 59 60 61 61 56 61 121 37 45 0
50 52 55 46 55 17 42 76 73 50 34 33 55 43 35 263 1 54 83 42 26 0 205 128 0 11 20 22 23 96 28 25 0 0 56 21 0 0 27 0 169 0 0 31 0 25 0 34 53 0 0 322 529 1855 414 0 233 0 202 1334 9 125 175 275 0 42 31 0 17 180 41 7 83 0 26 64 27 23 0 0 0 45 291 0 0 28 0 0 0 0 0 94 26 11 0 0 0 41 0 36 0 17 0 0 0 21 19 21 2062 2077 2104 2056 2082 2081 2077 2102 2090 2086 2000 22 1978 1997 1961 2027 2036 2054 1997 2056 23 20 58 31
2 2 2 1 2 0 0 4 2 1 0 0 1 0 0 0 21 0 0 0 0 0 0 0 0 0 0 0 0 0 0 0 0 0 0 0 0 0 0 0 16 9 0 0 0 110 0 4 5 0 0 0 0 7 0 0 0 0 39 0 0 0 0 0 0 0 0 0 0 0 0 0 24 0 0 25 5 5 0 0 0 12 16 0 0 2 0 0 0 0 0 0 1 0 0 0 0 1 0 0 0 0 0 0 0 0 0 1 0 0 0 0 3 1 0 4 4 3 0 3 3 1 3 3 4 1 4 4 0 0 0 0
37 40 42 45 40 27 33 36 60 45 50 49 50 49 36 36 3 71 96 45 44 32 32 33 0 65 39 39 40 48 43 46 0 43 8 0 0 0 0 82 207 41 21 60 0 50 0 31 63 36 1 27 0 60 63 4 379 0 372 352 109 258 0 70 0 26 40 0 13 2 0 12 141 0 93 101 42 110 114 104 94 73 43 0 33 44 0 0 16 0 0 88 42 30 37 0 14 63 85 72 405 53 0 0 0 44 81 43 3198 3222 3264 3190 3229 3228 3222 3260 3242 3236 3105 5 3067 3097 3041 3144 3158 3186 3096 3188 66 50 44 49
0 0 0 0 0 0 0 1 1 0 0 0 0 0 0 0 0 0 0 0 0 0 0 0 0 0 0 0 0 0 0 0 0 0 0 0 0 0 0 0 0 0 0 12 0 11 0 0 0 3 0 0 0 28 0 0 0 0 0 0 0 0 0 0 0 0 0 0 0 683 0 0 0 0 0 0 0 0 0 0 0 0 0 0 0 0 0 0 0 0 0 0 0 0 0 0 0 0 0 0 0 0 0 0 0 0 0 0 0 0 0 0 0 0 0 0 0 0 0 0 0 0 0 0 0 0 0 0 0 0 0 0
3 3 3 2 3 0 0 7 4 2 0 0 3 0 0 0 4 0 0 0 0 24 20 23 0 0 0 6 6 1 5 2 0 17 0 0 0 0 0 0 0 0 0 93 0 81 0 4 5 80 0 0 0 146 0 0 256 0 75 0 0 0 136 4894 0 294 41 0 8 1589 0 0 0 0 0 0 0 0 0 0 0 0 0 0 0 0 0 0 0 0 0 0 0 0 0 0 0 1 0 0 0 0 0 0 0 0 0 0 0 0 0 0 2 0 0 3 3 1 0 2 2 0 2 2 3 0 3 2 0 0 0 0
91 89 95 55 100 3 73 177 111 69 6 5 77 0 78 246 1 52 27 81 111 9 16 45 0 13 0 0 1 31 0 2 0 49 13 0 0 0 0 0 36 4 28 0 0 15 0 108 88 423 5 0 0 30 53 0 7 0 48 28 0 2 0 0 0 28 198 0 43 0 0 2 17 5 38 11 2 40 24 19 0 1 6 0 46 24 0 0 54 0 0 1570 1046 500 0 0 62 41 0 86 0 1497 0 102 0 0 0 53 84 84 82 70 86 85 84 87 87 86 75 18 82 82 81 84 85 85 83 85 269 108 37 0
2 2 3 2 3 0 1 6 3 2 0 0 2 0 0 3 2 6 23 108 138 14 15 18 0 4 0 0 0 0 0 0 0 22 0 0 0 0 0 0 99 0 0 67 0 58 0 527 1153 533 0 0 0 36 0 0 271 0 61 58 0 0 0 253 0 95 74 0 37 59 0 1 3 0 3 5 2 14 0 0 0 1 0 1693 0 0 0 0 0 0 0 16 14 3 0 0 0 12 0 0 0 16 0 698 0 31 0 2 0 0 0 0 2 0 0 3 3 2 0 2 2 1 3 2 3 1 3 3 26 0 0 0
5 5 6 3 6 0 2 11 7 4 0 0 5 1 0 3 1 0 0 6 6 1 4 0 0 0 0 0 0 0 0 0 0 0 0 0 0 0 0 0 0 0 0 46 0 40 0 0 2 0 1087 0 0 93 0 0 122 137 64 0 3434 2613 0 1833 0 18 13 0 0 794 0 0 0 0 0 3 70 0 0 0 0 92 0 0 0 0 0 0 0 0 0 0 0 0 0 0 0 0 0 0 0 0 0 0 0 0 0 0 0 0 0 0 0 0 0 1 2 0 0 0 1 0 1 1 2 0 2 1 0 0 0 0
8 8 9 5 9 0 4 18 11 7 1 1 8 1 0 4 2 0 0 5 0 211 346 695 0 0 0 0 0 0 0 0 0 0 0 0 0 0 0 0 0 0 0 2 0 45 0 0 3 0 0 0 0 26 90 0 2649 0 200 0 10 0 0 0 0 635 57 0 666 23 0 0 13 0 0 12 70 14 0 0 0 101 86 0 0 0 0 0 0 0 0 0 0 0 0 0 0 0 0 0 0 0 0 0 0 0 179 0 0 0 0 0 0 0 0 1 2 0 0 1 0 0 1 1 2 0 2 1 0 0 0 0
513 496 503 291 546 15 412 954 495 330 26 22 349 104 267 195 21 371 235 600 833 81 79 119 2856 415 22 14 26 878 13 66 116 1042 566 24 121 365 49 0 551 0 0 10 0 21 5 69 69 216 206 510 764 302 753 563 2938 508 1380 1840 346 701 2712 1353 0 2856 1461 1255 2829 1789 228 4 99 0 81 77 62 102 0 0 0 94 106 0 1325 860 0 0 0 0 86 2931 19 56 0 0 0 49 0 20 0 51 0 320 17 69 126 67 28 27 25 22 28 28 27 28 28 28 22 49 28 28 28 28 29 29 28 29 128 99 36 0
6 7 6 5 8 1 5 7 5 4 2 2 4 3 2 108 1 0 4 10 11 0 0 2 0 0 0 2 2 0 2 0 0 4 0 7 0 0 0 0 0 0 0 2 0 2 0 10 11 0 0 1 0 0 0 0 17 0 13 0 0 0 0 0 0 0 17 0 0 0 3 0 6 0 0 5 2 2 0 0 0 1 0 0 0 0 0 0 0 0 0 0 3 0 0 0 0 3 0 0 0 0 0 0 0 0 0 4 128 128 129 123 129 129 128 130 130 129 121 4 123 124 122 126 126 127 124 128 0 0 0 0
7 7 7 4 8 0 5 24 12 6 1 1 7 0 3 8 1 0 2 9 11 0 0 6 0 0 0 0 0 4 0 0 0 6 13 0 0 0 0 0 0 0 0 1 0 2 0 29 47 0 0 2 0 13 0 0 11 0 13 0 0 0 0 0 0 0 0 0 0 34 17 0 0 0 0 1 0 0 0 0 0 0 0 0 0 0 0 0 0 0 0 3 3 0 0 0 0 0 0 0 0 0 0 0 0 0 0 2 0 0 0 0 0 0 0 0 1 1 0 3 0 0 0 1 1 0 1 1 0 0 0 0
153 164 170 182 162 105 135 159 253 183 196 193 203 193 149 193 4 344 489 215 221 136 136 142 183 250 152 153 155 194 170 194 12 181 113 135 79 107 146 337 746 24 0 188 0 155 0 140 277 152 0 217 143 235 294 131 945 179 945 235 229 645 1055 835 0 265 167 0 137 215 541 50 544 405 456 381 164 468 508 478 823 271 196 0 49 207 0 0 69 0 0 354 175 133 211 0 87 253 361 291 0 194 0 0 0 180 0 175 12622 12716 12888 12627 12739 12738 12717 12862 12790 12767 12270 113 12104 12221 12001 12405 12459 12573 12217 12580 288 206 197 192
70 68 75 44 77 4 57 146 101 56 5 4 64 1 43 779 2 17 15 48 28 5 6 10 0 12 0 1 1 78 1 14 0 96 64 20 31 13 104 0 178 0 0 1 0 1 0 70 93 43 0 16 34 24 6 0 79 0 46 0 0 0 17 0 0 53 150 0 0 41 179 2 15 41 45 8 4 28 29 26 0 0 0 0 0 189 0 0 0 51 0 44 37 63 214 0 0 16 0 0 0 26 0 0 0 491 0 0 106 94 47 51 77 76 78 22 36 14 395 2 447 363 304 217 163 193 104 113 17 71 24 0
14 14 16 12 15 4 12 24 20 13 8 8 14 8 5 32 0 0 23 39 48 5 9 15 0 0 0 5 6 0 6 1 0 12 7 4 0 0 0 0 0 0 0 17 0 14 0 22 32 0 0 14 0 14 0 0 116 0 0 0 30 0 0 0 0 8 0 0 0 0 40 2 0 9 20 15 8 11 18 16 28 18 0 0 0 29 0 0 0 0 0 24 21 0 0 0 0 24 0 11 0 28 0 0 0 0 0 0 401 404 409 398 405 405 404 409 407 406 387 7 385 389 382 395 397 400 389 400 0 4 0 0
3 3 4 2 9 0 3 22 11 9 1 1 7 4 0 27 1 0 1 12 14 0 0 12 0 0 0 0 0 0 0 0 0 4 0 2 0 0 0 0 71 0 0 7 0 1 0 4 8 0 2 1019 0 64 2 0 1367 130 1305 3372 233 1072 3777 869 0 0 0 0 0 0 0 0 3 0 0 7 2 0 0 0 0 0 0 0 0 0 0 0 0 0 0 0 4 0 0 0 0 0 0 0 0 0 0 0 0 0 0 0 9 8 5 0 10 10 8 11 11 11 0 4 9 9 10 10 10 10 10 10 0 0 0 0
0 0 2 0 0 0 1 5 2 3 0 0 1 1 0 1 8 5 1 11 12 15 18 18 0 0 0 0 0 1 0 0 0 2 0 0 0 0 0 20 4 0 0 0 0 0 0 2 2 0 0 0 0 1 1 0 0 0 1 12 0 0 2 0 0 0 0 0 0 0 1 0 0 0 0 0 0 0 63 60 0 0 0 0 0 0 0 0 0 0 0 1 0 0 0 0 0 0 0 0 0 0 0 0 0 0 0 0 0 0 0 0 0 0 0 0 0 0 0 5 0 0 0 0 0 0 0 0 0 0 0 0
2 2 12 1 167 0 8 25 11 15 0 0 7 5 2 3 1 8 6 61 51 84 101 96 0 1 0 0 0 2 0 0 0 8 0 1 0 0 0 0 12 0 0 223 0 20 0 12 141 0 0 0 0 5 0 0 0 0 3 63 0 0 11 0 0 0 1 0 0 310 0 0 0 0 0 0 0 0 222 211 0 0 0 0 0 0 0 0 0 0 0 3 1 0 0 0 0 0 0 0 0 0 0 0 0 0 0 1 0 0 0 0 1 1 0 0 0 0 0 2 1 1 0 0 0 0 0 0 0 0 0 0
66 59 374 26 16 0 253 801 345 472 13 10 214 159 49 120 3 935 946 1917 2051 2687 3212 3075 444 75 2 2 5 138 1 12 0 308 80 69 0 0 43 189 652 0 0 0 0 0 0 383 357 206 188 114 57 164 387 236 143 35 96 2118 0 85 448 58 93 37 103 0 0 0 204 0 0 0 1 0 0 0 2531 2407 0 0 154 0 0 0 0 0 0 33 0 187 40 22 0 0 0 5 0 0 0 2 0 0 0 47 53 52 52 52 50 37 54 53 52 28 22 28 88 8 61 58 15 15 15 14 14 15 80 69 30 0
12 10 68 4 2 0 46 147 63 87 2 2 39 60 9 20 0 168 170 355 377 495 593 567 0 12 0 0 1 23 1 2 0 54 5 12 0 0 0 38 115 0 0 0 0 0 0 70 65 0 0 0 0 28 26 0 14 0 17 389 0 0 70 4 0 1 15 0 0 0 35 0 0 0 0 0 0 0 85 81 0 0 0 0 0 0 0 0 0 0 0 31 7 2 0 0 0 0 0 0 0 0 0 0 0 7 0 7 7 7 4 0 8 8 7 4 3 4 5 0 10 9 1 1 1 1 3 1 10 2 1 0
0 0 1 0 0 0 0 1 1 1 0 0 0 0 0 0 0 0 0 0 0 3 4 3 0 0 0 0 0 0 0 0 0 0 0 0 0 0 0 0 0 0 0 0 0 0 0 1 0 0 0 0 0 0 0 0 0 0 0 0 0 0 0 0 0 0 0 0 0 0 0 0 0 0 0 0 0 0 14 13 0 0 0 0 0 0 0 0 0 0 0 0 0 0 0 0 0 0 0 0 0 0 0 0 0 0 0 0 0 0 0 0 0 0 0 0 0 0 0 0 0 0 0 0 0 0 0 0 0 0 0 0
0 0 0 0 0 0 0 0 0 0 0 0 0 0 0 1 0 0 0 1 0 0 1 1 0 0 0 0 0 0 0 0 0 0 0 0 0 0 0 0 0 0 0 0 0 0 0 0 0 0 0 0 0 1 0 0 0 0 0 0 0 0 0 0 0 0 0 0 0 0 0 0 0 0 0 0 0 0 10 9 0 17 0 0 0 0 0 0 0 0 0 0 0 0 0 0 0 0 0 0 0 0 0 0 0 0 0 0 0 0 0 0 0 0 0 0 0 0 0 0 0 0 0 0 0 0 0 0 0 0 0 0
3 3 20 1 11 0 14 43 18 26 1 9 11 141 3 5 0 46 46 104 108 144 173 167 0 1 0 0 0 5 1 0 0 15 0 3 0 0 0 0 29 0 0 0 0 0 0 21 19 24 0 0 0 8 0 0 0 0 5 114 0 0 12 0 0 0 2 0 0 0 8 0 0 0 0 0 0 0 0 0 0 0 4 0 0 0 0 0 0 0 0 7 35 0 0 0 0 0 0 0 0 0 0 0 0 2 0 1 2 1 0 0 2 2 1 19 14 19 0 0 3 2 8 7 7 7 7 7 0 0 0 0
43 38 253 16 8 0 171 544 232 321 8 6 144 107 33 281 6 631 511 1312 1398 1838 2195 2100 245 49 0 2 3 92 1 7 0 205 45 0 0 0 0 108 441 0 0 0 0 0 0 260 242 161 98 63 6 110 235 118 128 0 64 1448 0 54 297 37 6 21 68 0 0 0 130 0 0 0 0 0 0 0 0 0 0 0 211 0 0 12 0 0 0 76 0 494 105 57 2 0 0 17 0 1 0 20 0 0 0 105 271 128 120 122 121 104 125 124 122 57 40 55 233 5 146 139 23 21 21 21 21 22 199 178 79 0
47 42 280 18 9 0 189 602 257 355 9 7 160 118 37 1170 7 706 715 1452 1552 2034 2432 2326 292 55 1 2 3 102 1 8 0 228 53 53 0 0 0 123 490 0 0 0 0 0 82 287 268 209 121 75 18 122 273 147 145 0 71 1603 0 63 331 43 29 25 76 0 0 0 146 0 0 0 0 0 0 0 17308 0 5272 0 1116 0 82 79 0 0 0 438 1176 2129 444 254 41 0 231 83 0 39 0 136 0 185 0 446 701 548 512 519 527 499 527 526 523 240 169 233 1025 28 616 589 95 91 91 91 87 92 854 792 355 0
35 31 206 13 7 0 139 442 189 261 4 3 117 87 27 1024 2 1400 1387 2863 0 4014 4797 4587 2196 330 15 11 20 604 6 51 0 1317 17963 307 107 0 161 227 1787 1 126 1 5 0 1129 1414 1320 1703 149 782 562 963 2537 1715 760 0 310 6675 82 339 1493 238 301 67 191 0 31 0 82 1914 76495 17377 17934 65361 15270 17064 9137 0 0 41544 975 0 50 70 0 0 0 304 0 1761 374 210 0 0 0 69 0 30 0 112 0 183 26 340 1412 457 425 433 436 427 444 440 433 202 142 196 852 12 519 496 80 76 76 77 74 78 718 661 296 0
3 3 18 1 1 0 12 38 9 23 0 0 8 0 0 64 0 0 0 0 0 7 9 8 0 3 0 0 0 5 0 0 0 13 0 1 0 0 0 0 0 0 0 0 0 0 0 24 22 0 0 0 0 0 0 0 0 0 1 31 0 0 0 0 0 0 4 0 0 0 0 0 0 0 0 0 0 0 1232 0 0 0 71 0 1 5 0 0 0 0 0 99 27 15 2 0 12 5 0 3 9 9 0 13 0 26 0 33 31 31 30 22 32 32 31 15 10 14 56 0 37 36 6 5 5 5 5 6 52 48 20 0
98 98 114 65 112 0 82 206 175 98 11 10 107 86 21 271 1 20 20 52 63 28 114 208 0 0 0 1 2 51 0 3 0 189 117 47 0 0 358 0 27 0 0 1 0 1 0 124 99 0 0 21 5 31 0 0 0 0 62 95 0 7 159 0 0 9 27 0 20 0 7 0 5 0 1 5 1 0 0 0 0 0 0 0 0 10 0 0 0 2 0 36 24 33 0 0 0 98 159 42 802 44 0 108 0 188 2 85 200 202 205 191 204 203 202 205 204 203 187 24 192 194 190 197 198 199 194 200 195 190 29 0
2566 2741 2320 1810 3239 37 1747 1724 1087 707 70 57 719 576 1848 8541 15 2039 1439 4234 5964 1172 1199 1788 517 416 22 15 30 1501 14 68 665 3576 1161 880 1381 445 1232 0 2495 493 901 199 1196 438 1606 2549 2006 4425 1077 1062 2495 3638 0 2545 2036 357 1197 2408 307 0 2975 1777 1857 1045 2742 841 627 702 2687 49 539 1780 1910 318 130 1809 2139 2028 390 138 13796 0 1032 649 2 1404 2459 212 0 6495 7247 3827 399 5908 1411 1293 371 1156 8847 10347 470 1528 741 1611 14 1396 3594 3608 3639 3599 3613 3614 3610 3652 3636 3627 3480 134 3452 3486 3421 3536 3552 3584 3483 3586 3805 4161 1426 1
243 238 273 154 265 0 195 510 2067 200 29 25 220 2 16 178 4 653 606 623 458 60 67 95 34 55 0 3 6 228 1 3901 0 244 212 21 61 77 89 7 38 0 0 15 0 9 0 87 60 61 0 256 231 356 404 258 57 0 98 45 0 19 50 38 0 152 43 0 168 221 145 2 24 38 53 13 3 52 31 0 0 0 398 0 0 2697 0 0 0 0 2638 182 154 120 55 901 0 98 0 133 0 1442 0 0 0 144 6 195 934 767 515 1012 735 747 782 788 848 806 819 55 1007 1018 950 975 978 987 957 986 552 21 219 0
13 12 14 8 14 0 10 26 17 10 1 1 11 0 3 150 0 1 0 8 4 0 0 0 0 0 0 0 0 0 0 0 0 3 0 3 0 0 0 0 0 0 0 0 0 0 0 6 3 0 0 0 0 0 0 0 0 0 7 24 0 0 14 6 0 0 28 0 0 0 34 0 3 4 8 1 1 5 0 0 0 0 0 0 0 0 0 0 0 0 0 0 0 5 0 0 0 0 0 0 0 0 0 0 0 0 0 0 19 16 7 2 14 13 13 3 6 2 69 0 83 67 57 40 30 35 19 21 0 0 0 0
2404 2303 2534 1548 2607 3 1853 7930 3893 2090 271 238 2340 52 921 6470 57 577 558 1804 2511 970 1239 2615 2232 1671 95 63 121 3118 58 366 386 2726 6407 616 12580 10616 9326 765 281 1617 1305 894 2865 1047 101 3230 2605 106 850 3465 3180 4598 4299 3161 4525 809 6139 3770 760 2550 820 800 231 10489 2927 1842 3197 16914 6495 56 586 854 905 442 96 856 1024 831 2005 198 696 0 1555 977 0 2439 2754 16 0 822 1686 1645 924 0 53 539 5 505 0 2478 0 1637 1074 560 162 1678 196 192 183 190 191 191 192 193 182 192 191 161 202 201 195 199 198 201 180 198 1447 2786 2523 1
939 880 2230 810 425 3 868 572 409 974 1153 1060 411 31 1576 13392 15 687 701 3851 5399 227 293 603 309 330 28 37 199 2094 3 95 0 298 1285 68 2569 769 1069 0 780 27 846 839 7222 35 269 452 354 1819 780 2637 1286 853 685 909 614 86 926 858 100 361 1850 1633 453 537 1320 529 992 816 1125 24 306 513 555 300 46 534 641 380 981 108 1809 0 456 664 0 0 764 87 0 1639 5160 5422 4821 378 701 351 337 525 0 928 0 1793 0 284 219 453 556 552 545 554 551 551 552 556 556 553 548 44 554 555 542 556 555 562 541 558 1417 2479 1411 0
110 110 10 74 120 0 88 232 185 30 18 16 116 263 39 190 6 227 213 325 414 98 112 202 0 0 0 0 0 0 5 0 0 0 496 0 204 180 188 130 264 0 75 18 0 17 0 169 128 430 144 194 116 204 254 239 147 0 424 408 0 167 1016 346 251 320 357 0 190 136 452 13 109 169 172 133 32 574 488 225 373 4 93 0 269 370 0 0 0 86 425 791 1628 981 3264 1803 8 407 980 170 0 372 0 190 0 301 57 265 273 274 276 267 275 275 274 278 277 276 260 147 262 264 260 269 270 272 265 272 813 691 0 0
13 11 14 8 16 0 31 30 25 9 1 1 12 46 6 33 580 128 128 252 338 844 735 1144 764 97 3 0 1 216 0 18 0 69 150 0 106 90 5 27 215 0 36 299 1540 263 3234 338 324 2225 59 46 176 762 184 646 3162 573 310 728 76 238 762 158 359 162 192 245 0 55 952 2 6 0 1 4 1 6 0 0 0 53 0 0 125 51 0 0 0 0 0 605 116 91 52 0 165 17 54 59 0 25 0 20 0 15 20 0 32 30 28 28 31 31 31 31 32 35 27 6 33 33 40 35 35 35 38 35 51 14 14 7
517 521 577 345 597 1 500 1056 938 482 59 52 555 189 67 393 2382 287 432 227 180 15179 10463 1610 0 3429 183 109 208 2552 103 579 2827 8455 4316 17 3431 1305 2315 3033 5151 280 2374 912 3003 812 0 5130 4253 2668 2625 2290 2331 4429 3242 3468 4617 832 2371 1871 4424 4839 2374 5523 0 2463 2528 857 880 928 12809 17 185 113 231 108 27 235 29 0 43 221 65 652 0 703 2103 57 0 533 0 827 491 448 1001 0 208 116 0 19 0 492 0 96 0 206 269 138 112 108 100 108 107 108 108 109 111 126 103 56 120 119 149 128 127 125 138 123 206 134 112 31
4 4 4 0 4 0 12 301 124 98 6 5 85 21 2 118 258 253 117 32 20 0 0 18 0 0 0 0 0 0 0 2 0 25 32 3 0 0 76 0 0 0 0 2 0 1 0 6 27 0 0 0 0 0 0 0 4 0 9 5 0 0 11 7 0 3 0 0 0 0 4 0 0 0 0 2 0 0 0 0 0 0 0 0 0 839 0 0 0 0 0 0 88 68 0 0 0 1 0 0 0 0 0 0 0 0 0 0 6 5 2 0 7 7 5 12 16 10 0 2 9 7 12 9 9 9 11 9 0 0 0 3
0 0 1 0 1 0 0 0 0 0 0 0 0 0 1 1 2 0 0 0 0 0 0 0 0 0 0 0 0 0 0 0 0 0 24 0 0 0 0 0 0 0 0 0 0 0 0 0 0 0 0 0 0 3 0 0 0 0 1 0 0 0 2 0 0 0 0 0 0 0 0 0 0 0 0 0 0 0 0 0 0 0 0 0 0 6 0 0 0 0 0 0 0 0 0 0 0 0 0 0 0 0 0 0 0 0 0 0 2 1 0 0 2 2 1 2 2 2 0 1 2 2 2 2 2 2 2 2 0 0 0 0
5 5 6 0 6 0 3953 17 8 0 0 1173 5 0 2 7 0 0 0 4 0 1 8 8 0 0 0 0 0 0 0 0 0 0 5 0 0 3059 0 0 0 0 0 1 0 1 0 13 10 0 0 2 0 12 0 0 15 0 15 15 0 0 2 3 0 18 0 0 0 21 14 1 15 0 0 1 0 1 0 0 0 0 0 0 0 0 0 0 0 0 0 0 7 0 0 0 0 0 0 0 0 0 0 0 0 0 0 0 0 0 0 0 0 0 0 0 0 0 0 0 0 0 0 0 1 0 1 1 0 0 0 0
14 14 16 10 16 0 11 28 26 14 2 1 15 0 8 16 2 4 13 40 0 0 0 5 0 17 0 1 2 120 2 2 0 346 248 0 39 17 42 8702 89 0 0 6 0 11 0 77 61 242 0 359 148 616 221 268 113 0 117 130 18 29 293 310 170 151 187 0 0 178 338 0 3 1 5 2 0 1 0 0 383 0 26 0 0 61 0 0 0 0 0 282 35 22 0 0 0 91 0 51 0 208 0 83 0 87 0 27 86 86 86 76 87 87 86 88 88 87 76 35 82 83 82 85 85 86 84 86 286 0 0 0
149 344 166 100 172 1 300 313 268 143 17 67 156 103 65 155 16 1293 1029 2031 2704 2892 3358 5862 328 359 19 13 24 1393 12 84 321 1599 888 17 418 305 258 946 1472 16 318 177 1285 325 871 901 708 1713 478 641 1080 1091 1226 997 1310 203 965 1076 265 179 2284 2101 382 356 439 21 101 136 1954 89 903 723 794 503 124 757 4431 385 2078 25 4 0 0 978 939 0 0 3733 5734 3599 11809 11674 20082 0 0 107 0 121 0 443 0 33 0 344 0 50 1111 994 818 1164 972 980 1004 1014 1056 1024 1014 54 1147 1159 1101 1133 1137 1147 1114 1147 190 94 168 2
228 226 251 147 255 9 182 431 311 183 22 19 205 11 71 660 2 249 286 613 832 54 70 147 80 78 2 3 7 419 3 19 0 454 262 5 222 141 99 50 289 0 471 10 29 10 0 95 84 243 200 379 168 283 268 197 120 0 226 236 0 85 549 389 312 239 240 0 96 32 610 4 45 38 67 27 6 67 7 0 225 0 222 0 530 738 0 0 0 0 0 2360 388 311 165 665 0 1632 1735 1510 0 327 0 341 0 879 328 352 341 341 342 338 342 342 342 346 345 344 327 121 329 332 326 337 338 341 332 341 3859 1931 351 0
5 5 6 4 6 0 4 10 9 5 1 0 6 10 2 1 0 3 3 3 2 0 0 0 0 0 0 0 0 0 0 0 0 0 0 0 0 0 0 0 0 0 0 1 0 1 0 5 4 0 0 0 0 1 0 0 0 0 2 0 0 0 0 0 0 0 0 0 0 0 3 0 3 0 5 2 0 5 0 0 0 0 0 0 0 2 0 0 0 0 0 0 0 1 0 0 0 0 0 0 0 0 0 0 0 0 0 0 2 2 0 0 3 2 2 3 3 3 0 0 2 2 3 3 3 3 3 3 0 0 0 0
250 246 267 156 278 10 201 494 334 199 17 15 226 217 70 599 5 344 318 390 277 47 108 71 0 46 0 2 3 208 2 7 0 383 230 0 2 0 37 127 285 0 0 7 72 6 0 217 169 26 68 166 277 145 206 290 79 0 32 391 55 114 46 116 149 122 170 0 43 25 118 2 29 117 137 18 4 130 143 102 66 4 0 0 357 2582 0 0 0 0 302 762 122 138 275 81 0 264 0 0 0 433 0 77 0 0 0 117 279 274 266 270 275 275 275 279 281 279 258 176 273 275 269 278 279 281 274 282 337 161 230 0
4 5 10 5 4 0 4 4 5 6 6 6 4 0 3 20 3 8 8 34 47 2 4 8 0 10 3 6 6 17 5 4 0 13 7 2 0 0 0 10 0 0 0 1 0 1 0 8 5 14 0 0 0 19 6 0 10 0 18 21 0 0 27 23 0 11 13 0 4 0 32 0 4 2 9 2 1 1 0 0 0 0 0 0 0 26 0 0 0 0 0 27 15 10 0 0 0 4365 18691 0 0 0 0 0 0 0 0 5 19 19 17 10 20 20 19 20 20 20 11 59 19 19 19 20 20 20 19 20 0 0 1 0
404 403 437 262 458 17 321 774 596 333 33 29 378 12 153 1293 5 155 145 246 310 2946 3961 8621 494 593 30 18 34 2848 17 121 576 1591 811 246 1025 821 124 539 974 71 1358 46 359 70 0 321 243 909 1331 1174 696 1129 1367 613 231 0 787 801 60 305 1982 719 1638 835 1485 389 1326 54 1313 15 161 336 438 92 22 419 411 39 233 0 0 0 3005 9203 2858 14482 6031 907 2874 67 13086 739 1759 3373 2413 2494 513 2334 0 2068 2646 1281 1834 4994 0 2183 1806 1728 1618 1852 1719 1724 1735 1759 1783 1759 1714 92 1793 1810 1754 1809 1817 1832 1780 1833 3847 3266 7448 2
26 25 28 16 29 1 21 53 38 20 2 1 23 0 22 69 0 20 22 32 41 4 7 17 0 0 0 0 0 13 0 10 0 12 5 4 0 0 0 31 10 0 0 1 0 2 0 47 55 112 0 0 0 14 0 0 8 0 17 14 0 0 37 17 0 7 51 0 0 0 33 0 5 0 11 3 1 12 0 0 0 0 0 0 0 25 0 0 0 0 0 4 281 131 0 0 0 14 0 1 0 0 0 0 0 0 0 13 28 27 25 21 28 28 27 28 28 28 21 6 28 28 27 28 28 28 28 28 34 0 0 0
89 88 127 60 92 2 72 225 124 80 24 21 81 8 97 364 3 674 711 1076 1430 60 69 132 391 288 15 11 23 1412 3 51 120 1096 695 240 693 398 451 35 518 0 2067 53 160 83 1166 1014 1013 1438 401 551 664 684 566 653 339 13 497 464 78 619 997 705 654 502 951 338 560 460 1057 33 323 75 713 180 44 676 795 418 732 11 467 0 962 1491 46 153 83 94 337 4707 240 213 823 734 1547 1859 5264 1813 0 1091 0 1058 815 463 508 452 420 422 427 412 424 424 422 428 426 425 402 103 402 406 399 413 415 418 406 419 1973 1407 766 0
19 14 21 11 23 3 44 773 257 241 12 10 183 30 8 129 1 31 110 316 396 16 20 34 0 3 0 1 2 33 1 5 0 64 54 167 45 99 110 0 242 0 0 197 0 171 0 1398 2924 0 0 0 87 99 52 77 274 26 108 74 0 0 153 62 0 116 207 76 4 112 194 4 11 31 57 10 5 59 0 0 0 0 0 0 16 128 0 0 0 0 0 55 211 100 0 0 0 88 0 47 0 79 0 0 0 85 0 0 25 22 19 13 24 24 22 24 24 24 13 10 25 25 25 25 25 25 25 25 146 46 27 6
2263 2211 2367 1367 2486 84 1826 4435 2733 1688 138 116 1883 823 395 2487 22 7479 6919 7927 7678 1682 1218 1412 5836 21 246 138 270 2243 127 753 564 1152 2874 1363 2855 1780 2439 1860 1641 436 2354 333 583 255 0 3492 2787 3262 0 3362 1450 2828 293 2577 2567 462 3176 127 980 1498 2877 1164 0 3788 6823 3097 2340 2473 2357 117 1423 2393 2493 882 209 2359 2784 2586 0 204 3466 0 4580 31446 0 2542 1691 1462 1141 51 2853 2985 7615 1273 5072 12783 6571 6223 0 5297 0 4838 0 1182 0 1530 4329 4368 4436 4326 4377 4376 4368 4419 4392 4385 4206 744 4145 4185 4113 4253 4272 4311 4189 4314 9661 9674 4856 1
17 9 18 10 20 0 14 34 31 10 2 2 19 0 11 50 2 1 0 39 55 0 0 7 0 0 0 0 0 3 0 0 0 59 44 0 0 0 1 0 19 0 0 1 0 2 7 2 0 0 0 112 0 26 0 0 9 0 15 14 2 0 38 29 0 13 15 0 0 0 13 0 3 0 0 3 1 0 0 0 0 0 0 0 0 101 0 0 0 0 0 36 37 23 0 0 0 171 115 656 0 39 0 0 0 0 0 0 47 33 11 47 31 32 34 35 40 37 33 9 54 54 50 51 51 51 50 51 94 67 0 0
27 27 4465 54 30 0 22 6723 46 0 3 3 28 1 16 175 2 132 144 309 416 54 17 36 0 0 0 0 0 40 0 0 0 34 73 10 37 0 0 0 130 0 0 11 0 18 80 246 486 333 0 61 57 82 66 0 101 0 113 116 17 36 282 0 0 87 95 46 73 86 323 3 35 0 79 24 6 94 0 0 0 6 0 0 0 563 0 0 0 0 0 373 54 25 597 52 0 154 305 247 16 35 0 675 73 105 0 48 91 89 88 93 90 90 89 92 92 91 88 3 89 90 88 91 92 92 90 92 158 103 32 0
1583 1447 1543 830 1583 43 1785 3636 1017 807 63 53 942 532 2 22 2 18 21 62 86 1 3 9 0 0 0 0 0 0 0 0 0 0 42 7 0 0 0 0 15 0 0 2 0 0 0 11 13 78 0 22 0 7 0 0 0 0 21 1 0 0 7 3 0 0 0 0 0 2 98 0 0 0 0 1 0 0 0 0 0 0 0 0 0 7 0 0 0 40 0 18 11 7 0 0 0 11 0 0 0 0 0 511 0 112 0 0 2 1 0 0 2 2 1 2 2 2 0 1 2 2 2 2 2 2 2 2 0 0 0 0
0 0 0 0 0 0 0 0 1 0 0 0 1 0 0 0 0 0 0 0 0 0 0 0 0 0 0 0 0 0 0 0 0 0 0 0 0 0 0 0 0 0 0 1 0 1 0 0 1 0 0 0 0 0 0 0 1 0 5 3 0 1 4 5 0 0 0 0 0 0 0 0 0 0 0 1 0 0 0 0 0 0 0 0 0 0 0 0 0 0 0 0 0 0 0 0 0 0 0 0 0 0 0 0 0 0 0 0 0 0 0 0 23 18 0 23 30 28 0 0 18 6 26 25 29 19 29 27 0 0 0 0
1 1 1 1 1 0 0 1 1 1 1 1 1 1 0 1 0 0 0 1 0 0 0 0 0 0 0 1 1 0 1 0 0 0 0 0 0 0 0 0 0 0 0 1 0 1 0 2 3 0 0 0 0 0 0 0 2 0 6 5 0 2 5 7 0 0 0 0 0 0 0 0 1 0 0 1 1 0 0 0 0 0 0 0 0 0 0 0 0 0 0 0 0 0 0 0 0 0 0 0 0 0 0 0 0 0 0 0 15 0 0 0 38 33 0 39 45 44 0 1 33 21 40 40 44 34 44 43 0 0 0 1
2 2 2 2 2 1 0 2 2 2 2 2 2 2 1 2 0 0 4 2 1 0 0 0 0 0 0 2 2 0 2 1 0 0 0 0 0 0 0 0 0 0 0 2 0 2 0 3 6 0 0 0 0 1 0 0 10 0 13 14 0 7 13 18 0 0 1 0 0 0 0 0 4 0 0 4 2 2 0 0 0 0 0 0 0 0 0 0 0 0 0 0 0 1 0 0 0 0 0 0 0 0 0 0 0 0 0 0 94 79 0 0 118 113 75 120 126 124 0 2 109 97 116 118 122 113 121 122 0 0 0 2
5 6 6 6 6 3 0 6 9 6 6 6 7 6 4 6 1 0 14 8 7 0 0 0 0 8 2 5 5 1 6 5 0 5 0 4 0 0 0 0 6 0 0 9 0 8 0 10 21 0 0 0 0 8 0 0 15 0 53 14 0 37 30 78 0 0 6 0 0 0 9 1 17 0 7 13 6 13 0 0 0 0 0 0 0 0 0 0 0 0 0 9 5 5 0 0 0 6 0 0 0 0 0 0 0 0 0 4 375 363 289 0 401 397 359 405 410 408 69 1 378 369 382 394 399 392 392 401 0 0 0 6
0 0 0 0 0 0 0 0 0 0 0 0 0 0 0 0 0 0 0 0 0 0 0 0 0 0 0 0 0 0 0 0 0 0 0 0 0 0 0 0 0 0 0 0 0 0 0 0 0 0 0 0 0 0 0 0 0 0 1 0 0 0 0 0 0 0 0 0 0 0 0 0 0 0 0 0 0 0 0 0 0 0 0 0 0 0 0 0 0 0 0 0 0 0 0 0 0 0 0 0 0 0 0 0 0 0 0 0 0 0 0 0 0 0 0 0 7 5 0 0 0 0 4 3 6 0 7 5 0 0 0 0
0 0 0 0 0 0 0 0 0 0 0 0 0 0 0 0 0 0 0 0 0 0 0 0 0 0 0 0 0 0 0 0 0 0 0 0 0 0 0 0 0 0 0 0 0 0 0 0 0 0 0 0 0 0 0 0 0 0 3 1 0 0 2 3 0 0 0 0 0 0 0 0 0 0 0 0 0 0 0 0 0 0 0 0 0 0 0 0 0 0 0 0 0 0 0 0 0 0 0 0 0 0 0 0 0 0 0 0 0 0 0 0 5 0 0 5 12 10 0 0 1 0 9 8 11 1 12 10 0 0 0 0
1 1 1 1 1 0 0 1 1 1 1 1 1 1 0 1 0 0 0 1 0 0 0 0 0 0 0 1 1 0 1 0 0 0 0 0 0 0 0 0 0 0 0 1 0 1 0 2 3 0 0 0 0 0 0 0 2 0 5 5 0 1 5 7 0 0 0 0 0 0 0 0 1 0 0 1 1 0 0 0 0 0 0 0 0 0 0 0 0 0 0 0 0 0 0 0 0 0 0 0 0 0 0 0 0 0 0 0 19 4 0 0 42 37 0 43 49 48 0 0 37 25 44 44 48 38 48 47 0 0 0 1
0 0 0 0 0 0 0 0 0 0 0 0 0 0 0 0 0 0 0 0 0 0 0 0 0 0 0 0 0 0 0 0 0 0 0 0 0 0 0 0 0 0 0 0 0 0 0 0 0 0 0 0 0 0 0 0 0 0 0 0 0 0 0 0 0 0 0 0 0 0 0 0 0 0 0 0 0 0 0 0 0 0 0 0 0 0 0 0 0 0 0 0 0 0 0 0 0 0 0 0 0 0 0 0 0 0 0 0 0 0 0 0 0 0 0 0 7 5 0 0 0 0 4 3 6 0 7 5 0 0 0 0
0 0 0 0 0 0 0 0 0 0 0 0 0 0 0 0 0 0 0 0 0 0 0 0 0 0 0 0 0 0 0 0 0 0 0 0 0 0 0 0 0 0 0 0 0 0 0 0 0 0 0 0 0 0 0 0 0 0 0 0 0 0 0 0 0 0 0 0 0 0 0 0 0 0 0 0 0 0 0 0 0 0 0 0 0 0 0 0 0 0 0 0 0 0 0 0 0 0 0 0 0 0 0 0 0 0 0 0 0 0 0 0 0 0 0 0 0 0 0 0 0 0 0 0 0 0 0 0 0 0 0 0
0 0 0 0 0 0 0 0 0 0 0 0 0 0 0 0 0 0 0 0 0 0 0 0 0 0 0 0 0 0 0 0 0 0 0 0 0 0 0 0 0 0 0 0 0 0 0 0 0 0 0 0 0 0 0 0 0 0 1 0 0 0 0 0 0 0 0 0 0 0 0 0 0 0 0 0 0 0 0 0 0 0 0 0 0 0 0 0 0 0 0 0 0 0 0 0 0 0 0 0 0 0 0 0 0 0 0 0 0 0 0 0 0 0 0 0 1 0 0 2 0 0 0 0 1 0 2 0 0 0 0 0
4 4 5 5 4 3 0 5 7 5 5 5 5 5 3 5 0 0 11 6 4 0 0 0 0 6 1 4 4 0 4 4 0 4 0 5 0 0 0 0 9 0 0 6 0 5 0 9 17 0 0 0 0 6 0 0 22 0 24 8 0 16 27 36 0 0 5 0 0 0 5 1 11 0 0 10 5 7 0 0 0 0 0 0 0 0 0 0 0 0 0 5 4 4 0 0 0 4 0 0 0 0 0 0 0 0 0 3 295 283 210 0 320 316 279 323 328 326 0 0 301 292 306 315 320 312 314 321 0 0 0 5
0 0 0 0 0 0 0 0 0 0 0 0 0 0 0 0 0 0 0 0 0 0 0 0 0 0 0 0 0 0 0 0 0 0 0 0 0 0 0 0 0 0 0 0 0 0 0 0 0 0 0 0 0 0 0 0 0 0 0 0 0 0 0 0 0 0 0 0 0 0 0 0 0 0 0 0 0 0 0 0 0 0 0 0 0 0 0 0 0 0 0 0 0 0 0 0 0 0 0 0 0 0 0 0 0 0 0 0 0 0 0 0 0 0 0 0 0 0 0 0 0 0 0 0 0 0 0 0 0 0 0 0
0 0 0 0 0 0 0 0 1 0 0 0 0 0 0 0 0 0 0 0 0 0 0 0 0 0 0 0 0 0 0 0 0 0 0 0 0 0 0 0 0 0 0 1 0 1 0 0 0 0 0 0 0 0 0 0 0 0 1 0 0 0 0 0 0 0 0 0 0 0 0 0 0 0 0 0 0 0 0 0 0 0 0 0 0 0 0 0 0 0 0 0 0 0 0 0 0 0 0 0 0 0 0 0 0 0 0 0 0 0 0 0 3 0 0 4 10 9 0 0 0 0 7 6 10 0 10 8 0 0 0 0
0 0 0 0 0 0 0 0 1 0 0 0 0 0 0 1 0 0 0 1 0 0 0 0 0 0 0 0 0 0 0 0 0 0 0 0 0 0 0 0 0 0 0 1 0 1 0 0 0 0 0 0 0 0 0 0 0 0 2 0 0 0 1 2 0 0 0 0 0 0 0 0 0 0 0 1 0 0 0 0 0 0 0 0 0 0 0 0 0 0 0 0 0 0 0 0 0 0 0 0 0 0 0 0 0 0 0 0 0 0 0 0 16 11 0 16 23 21 0 0 12 0 19 18 22 12 22 20 0 0 0 0
0 0 0 0 0 0 0 0 0 0 0 0 0 0 0 0 0 0 0 0 0 0 0 0 0 0 0 0 0 0 0 0 0 0 0 0 0 0 0 0 0 0 0 0 0 0 0 0 0 0 0 0 0 0 0 0 0 0 0 0 0 0 0 0 0 0 0 0 0 0 0 0 0 0 0 0 0 0 0 0 0 0 0 0 0 0 0 0 0 0 0 0 0 0 0 0 0 0 0 0 0 0 0 0 0 0 0 0 0 0 0 0 0 0 0 0 2 1 0 1 0 0 0 0 2 0 3 0 0 0 0 0
0 0 0 0 0 0 0 0 0 0 0 0 0 0 0 0 0 0 0 0 0 0 0 0 0 0 0 0 0 0 0 0 0 0 0 0 0 0 0 0 0 0 0 0 0 0 0 0 0 0 0 0 0 0 0 0 0 0 1 0 0 0 0 0 0 0 0 0 0 0 0 0 0 0 0 0 0 0 0 0 0 0 0 0 0 0 0 0 0 0 0 0 0 0 0 0 0 0 0 0 0 0 0 0 0 0 0 0 0 0 0 0 0 0 0 0 4 2 0 1 0 0 1 0 3 0 4 2 0 0 0 0
0 0 0 0 0 0 0 0 0 0 0 0 0 0 0 0 4 0 0 0 0 0 0 0 0 0 0 0 0 0 0 0 0 0 0 0 0 0 0 0 0 0 0 0 0 0 0 0 0 0 0 0 0 0 0 0 0 0 0 0 0 0 0 0 0 0 0 0 0 0 0 0 0 0 0 0 0 0 0 0 0 0 0 0 0 0 0 0 0 0 0 0 0 0 0 0 0 0 0 0 0 0 0 0 0 0 0 0 0 0 0 0 0 0 0 0 0 0 0 1 0 0 0 0 0 0 1 0 0 0 0 0
0 0 0 0 0 0 0 0 0 0 0 0 0 0 0 0 0 0 0 0 0 0 0 0 0 0 0 0 0 0 0 0 0 0 0 0 0 0 0 0 0 0 0 0 0 0 0 0 1 0 0 0 0 0 0 0 0 0 3 1 0 0 1 2 0 0 0 0 0 0 0 0 0 0 0 0 0 0 0 0 0 0 0 0 0 0 0 0 0 0 0 0 0 0 0 0 0 0 0 0 0 0 0 0 0 0 0 0 0 0 0 0 4 0 0 4 11 9 0 1 0 0 8 7 10 0 11 9 0 0 0 0
0 0 0 0 0 0 0 0 0 0 0 0 0 0 0 0 2 0 0 0 0 0 0 0 0 0 0 0 0 0 0 0 0 0 0 0 0 0 0 0 0 0 0 0 0 0 0 0 0 0 0 0 0 0 0 0 0 0 0 0 0 0 0 0 0 0 0 0 0 0 0 0 0 0 0 0 0 0 0 0 0 0 0 0 0 0 0 0 0 0 0 0 0 0 0 0 0 0 0 0 0 0 0 0 0 0 0 0 0 0 0 0 0 0 0 0 0 0 0 0 0 0 0 0 0 0 0 0 0 0 0 0
0 0 0 0 0 0 0 0 0 0 0 0 0 0 0 0 0 0 0 0 0 0 0 0 0 0 0 0 0 0 0 0 0 0 0 0 0 0 0 0 0 0 0 0 0 0 0 0 0 0 0 0 0 0 0 0 0 0 0 0 0 0 0 0 0 0 0 0 0 0 0 0 0 0 0 0 0 0 0 0 0 0 0 0 0 0 0 0 0 0 0 0 0 0 0 0 0 0 0 0 0 0 0 0 0 0 0 0 0 0 0 0 0 0 0 0 2 0 0 0 0 0 0 0 2 0 2 0 0 0 0 0
103 103 116 70 119 0 83 207 192 100 13 11 114 0 35 8 0 46 42 64 59 9 11 12 0 0 0 0 0 6 0 0 0 62 38 0 0 0 0 0 0 0 0 0 0 0 0 13 10 0 0 10 0 23 0 0 8 0 21 25 0 0 34 14 0 11 4 0 0 9 51 0 0 0 0 1 0 0 0 0 0 0 0 0 0 16 0 0 0 0 0 28 8 5 0 0 0 57 0 7 0 0 0 0 0 0 0 0 31 31 29 22 32 32 31 32 32 32 23 19 30 30 30 31 31 31 31 32 0 0 15 0
6 2 7 3 7 0 5 15 13 4 1 1 6 2 2 28 1 6 17 23 24 13 18 38 322 278 9 10 19 377 10 51 182 1467 872 9 0 0 0 0 0 0 111 3 0 2 0 22 20 16 0 16 2 21 0 0 12 0 100 17 0 5 27 18 0 10 15 0 0 0 56 0 3 0 0 3 1 2 0 0 0 0 0 0 0 70 0 0 0 0 0 8 21 9 8 0 0 61 0 15 0 575 0 0 0 0 0 2 12 11 9 4 12 12 11 12 12 12 5 16 12 11 12 12 12 12 11 12 2 0 0 0
16 14 20 10 16 0 13 29 25 14 4 4 15 1 0 59 6 33 28 57 76 5 7 14 0 0 0 0 0 0 0 0 0 0 18 0 0 54 0 0 6 0 0 14 0 11 0 3 6 6 0 0 0 6 0 0 10 0 14 10 0 4 27 17 0 0 4 0 0 10 23 0 1 0 0 2 1 2 0 0 0 0 0 0 0 16 0 0 87 0 0 1 43 31 21 0 0 16 0 0 0 19 0 0 0 38 0 259 18 17 17 12 18 18 17 18 18 18 12 11 17 17 17 18 18 18 17 18 0 31 0 0
0 0 0 0 0 46972 8784 0 0 0 0 0 0 0 0 0 1 0 0 4967 0 0 0 642 0 0 0 0 116 0 0 0 0 0 25 0 0 0 0 0 0 0 0 0 0 0 0 23 0 0 0 0 0 0 0 0 0 0 0 0 0 0 0 0 0 1888 0 0 0 210 0 11 0 0 0 1 2 0 0 0 0 0 0 0 0 0 0 0 0 0 0 0 0 0 0 0 0 163 0 0 0 0 0 0 0 0 0 0 0 0 0 0 0 0 0 0 0 0 0 0 180 108 0 0 0 0 0 0 0 0 0 0
