116
0 0 0 0 0 0 0 0 2 7 33 0 1 1 1 0 0 0 0 0 0 0 0 0 0 0 0 0 0 0 0 0 0 0 0 0 0 33 0 0 0 0 1 0 0 0 0 0 0 0 0 0 0 0 0 0 0 0 0 0 0 0 0 0 0 0 0 0 0 0 0 0 0 0 0 0 0 0 0 0 0 0 0 0 0 0 0 0 0 0 0 0 0 0 0 0 0 0 0 0 0 0 0 0 0 0 0 0 0 0 0 0 0 0 0 0
0 0 427 0 0 0 0 0 281 16 4 42 0 12 5 0 0 0 0 0 0 0 0 0 0 0 0 0 0 0 0 0 0 0 0 0 0 0 0 2083 0 0 60 0 0 5 0 0 0 0 0 0 0 0 0 0 0 0 0 0 0 0 0 0 0 0 0 0 0 0 0 1 0 1 1 0 0 19 0 0 0 0 0 0 0 0 0 0 0 0 0 0 0 0 0 0 6 0 0 0 0 0 0 0 0 0 0 1 0 0 0 1 36 3 0 12
0 0 0 0 0 0 0 0 7305 140 416 1674 346 1094 1717 0 1 0 0 0 0 0 0 0 0 0 0 0 0 0 0 0 0 0 0 0 0 0 0 5297 0 0 97 0 0 118 0 0 0 0 0 0 29 0 0 0 0 0 0 0 0 0 0 0 0 0 0 0 0 0 0 2 0 2 2 0 1 31 0 0 0 0 0 0 0 0 0 0 0 0 0 0 0 0 0 0 11 0 0 0 0 0 0 0 0 3 0 2 0 0 1 3 30 66 0 24
0 0 0 0 0 0 0 0 2 1 2 2 0 0 1 1218 257 0 0 0 0 0 0 0 0 0 0 0 0 0 0 0 0 0 0 0 967 0 0 7440 382 0 51 0 0 68 0 94 23 0 0 0 1378 0 0 0 271 233 0 3 0 0 0 0 44 49 36 31 35 13 0 1 0 0 6 0 0 0 0 0 0 0 0 0 0 0 0 0 0 0 0 0 0 2165 0 0 8 0 0 0 0 0 0 0 0 0 0 69 0 13 163 169 209 232 445 85
0 0 0 0 0 0 0 0 4 1 1 1 0 4 0 88 24 0 0 0 0 0 0 0 0 0 0 0 0 0 0 0 0 0 0 310 0 0 0 2527 0 0 6 0 0 7 0 7 1 0 0 0 0 0 0 0 0 18 0 0 0 0 0 0 3 1 2 0 2 0 0 2 0 2 2 0 0 0 0 0 0 0 0 0 0 0 0 0 0 0 0 0 0 143 0 0 11 0 0 0 0 0 0 0 0 0 0 7 0 0 597 15 21 22 38 3
0 0 0 0 0 0 0 0 3 1 0 2 0 0 0 105 34 0 0 0 0 0 0 0 0 0 0 0 0 0 0 0 0 0 0 0 0 0 27889 42 0 0 1 0 0 4 0 11 0 0 0 0 0 0 0 0 0 22 0 0 0 0 0 0 4 2 2 1 2 0 0 0 0 0 0 2198 0 0 0 0 0 0 0 0 0 0 0 0 0 0 0 0 0 172 0 0 0 0 0 0 0 0 0 0 0 0 0 6 0 0 14 14 13 18 38 1
0 0 0 0 0 0 0 0 0 0 0 0 0 0 0 0 9 0 0 0 0 0 0 0 0 0 0 0 0 0 0 0 0 0 0 0 0 0 0 0 0 0 1 0 4 5 0 2 0 0 0 0 0 0 0 0 0 0 0 3 0 0 0 0 1 0 1 0 0 0 0 0 0 0 0 0 0 0 0 0 0 0 0 0 0 0 0 0 0 0 0 0 0 0 0 0 1 0 0 0 0 0 0 0 0 0 0 0 0 0 0 0 0 0 0 1
0 0 0 0 0 0 0 0 408 166 372 199 73 267 300 56 13 0 0 0 0 0 0 0 0 0 0 0 0 0 0 0 0 0 0 0 0 0 0 60 0 0 597 0 0 32 0 0 0 0 0 0 0 1 0 0 0 9 0 4 0 0 0 0 2 0 1 0 1 0 0 0 0 0 0 0 0 0 0 0 0 0 0 0 0 0 0 0 0 0 0 0 0 0 0 0 2 0 0 0 0 0 0 0 0 0 0 3 0 0 8 8 0 9 8 4
0 0 0 0 0 0 0 0 0 0 0 0 0 0 0 0 0 0 0 0 0 0 0 0 0 0 0 0 0 0 0 16425 0 0 0 0 0 0 0 0 0 0 0 723 0 10681 0 0 0 0 0 0 0 0 0 0 0 0 0 0 0 0 0 0 0 0 0 0 0 0 0 0 0 0 0 0 0 37 0 0 0 0 0 0 0 0 0 0 0 0 0 0 0 0 0 0 0 0 0 0 0 0 0 0 0 0 0 0 0 0 0 0 0 0 0 22
0 0 0 0 0 0 0 0 0 0 0 0 0 0 0 0 0 0 0 0 0 0 0 0 0 0 0 0 0 0 0 0 52243 0 0 0 0 0 0 0 0 0 0 1049 0 995 0 0 0 0 0 0 0 0 0 0 0 0 0 0 0 0 0 0 0 0 0 0 0 0 0 0 0 0 0 0 0 0 0 0 0 0 0 0 0 0 0 0 0 0 0 0 0 0 0 0 0 0 0 0 0 0 0 0 0 0 0 0 0 0 0 0 0 0 0 5
0 0 0 0 0 0 0 0 0 0 0 0 0 0 0 0 0 0 0 0 0 0 0 0 0 0 0 0 0 0 0 0 0 18476 0 0 0 0 0 0 0 0 0 1207 0 15179 0 0 0 0 0 0 0 0 0 0 0 0 0 0 0 0 0 0 0 0 0 0 0 0 0 0 0 0 0 0 0 30 0 0 0 0 0 0 0 0 0 0 0 0 0 0 0 0 0 0 0 0 0 0 0 0 0 0 0 0 0 0 0 0 0 0 0 0 0 22
0 0 0 0 0 0 0 0 0 0 0 0 0 0 0 0 0 0 0 0 0 0 0 0 0 0 0 0 0 0 0 0 0 0 0 0 0 0 0 0 0 0 0 131 0 1 0 0 0 0 0 0 0 0 0 0 0 0 0 0 0 0 0 0 0 0 0 0 0 0 0 0 0 0 0 0 0 0 0 0 0 0 0 0 0 0 0 0 0 0 0 0 0 0 0 0 0 0 0 0 0 0 0 0 0 0 0 0 0 0 0 0 0 0 0 142
0 0 0 0 0 0 0 0 0 0 0 0 0 0 0 0 0 0 0 0 0 0 0 0 0 0 0 0 0 0 0 0 0 0 0 0 0 0 0 0 0 0 0 23 0 0 0 0 0 0 0 0 0 0 0 0 0 0 0 0 0 0 0 0 0 0 0 0 0 0 0 0 0 0 0 0 0 0 0 0 0 0 0 0 0 0 0 0 0 0 0 0 0 0 0 0 0 0 0 0 0 0 0 0 0 0 0 0 0 0 0 0 0 0 0 0
0 0 0 0 0 0 0 0 0 0 0 0 0 0 0 0 0 0 0 0 0 0 0 0 0 0 0 0 0 0 0 0 0 0 0 0 0 0 0 0 0 0 17 1344 0 281 0 0 0 0 0 0 0 0 0 0 0 0 0 0 0 0 0 0 0 0 0 0 0 0 0 0 0 0 0 0 0 0 0 0 0 0 0 0 0 0 0 0 0 0 0 0 0 0 0 0 0 0 0 0 0 0 0 0 0 0 0 0 0 0 0 0 0 0 0 1
0 0 0 0 0 0 0 0 0 0 0 0 0 0 0 0 0 0 0 0 0 0 0 0 0 0 0 0 0 0 0 0 0 0 0 0 0 0 0 0 0 0 0 16 0 915 0 0 0 0 0 0 0 0 0 0 0 0 0 0 0 0 0 0 0 0 0 0 0 0 0 0 0 0 0 0 0 0 0 0 0 0 0 0 0 0 0 0 0 0 0 0 0 0 0 0 0 0 0 0 0 0 0 0 0 0 0 0 0 0 0 0 0 0 0 0
0 0 0 0 0 0 0 0 0 0 0 0 0 0 0 0 0 0 0 0 0 0 0 0 0 0 0 0 0 0 0 0 0 0 0 0 0 3 0 0 0 4 21 0 0 0 511 0 0 0 0 0 0 0 0 0 0 0 0 0 0 0 0 0 0 0 0 0 0 0 0 0 0 0 0 0 12 209 0 0 0 0 0 0 0 0 0 0 0 0 0 0 0 13 0 0 0 0 0 0 0 0 0 0 0 0 0 0 0 0 0 0 128 27 40 11
0 0 0 0 0 0 0 0 0 0 0 0 0 0 0 0 0 0 0 0 0 0 0 0 0 0 0 0 0 0 0 0 0 0 0 0 0 0 0 0 0 31558 1 0 0 0 0 0 0 0 0 0 22 19 0 0 0 0 0 0 0 0 0 0 0 0 0 0 0 0 0 0 0 1 0 0 0 4 0 0 0 0 0 0 0 0 0 0 0 0 0 0 0 522 0 0 0 0 0 0 0 2 0 0 0 0 18 35 0 0 2073 0 130 126 11 24
4 324 367 427 319 789 441 481 1521 778 1516 581 2 564 598 3 1 0 1662 3750 82914 2 0 0 2 0 1 0 0 0 1 13 8 10 12 25 12 4767 46 23 0 256 0 52 0 0 0 554 58 404 366 0 1643 6395 9823 547 1903 135 2775 23083 24239 5134 0 42093 20017 21060 12409 26740 14594 15372 0 24 0 5 1567 0 10 33883 87378 0 0 0 11 0 0 0 0 75657 0 0 196 0 12 290 0 0 1129 0 6 0 141 0 0 0 0 6 0 197 20 176 1595 161 684 613 0 140
0 0 0 0 0 0 0 0 0 0 0 0 0 0 0 0 0 0 0 0 0 0 0 0 0 0 0 0 0 0 0 0 0 0 0 0 0 0 0 0 0 0 0 0 0 0 0 0 0 0 0 0 0 0 0 0 0 0 0 0 0 0 0 0 0 0 0 0 0 0 0 1 0 0 0 0 0 0 0 0 0 0 0 0 0 0 0 0 0 0 0 0 0 0 0 0 0 0 0 0 0 0 0 0 0 0 0 0 0 0 0 0 0 1 1 0
0 0 0 2 1 2 0 44 0 0 0 0 0 0 0 7 0 0 0 0 3413 0 16 26 0 44 0 83 0 0 0 13 3 8 23 8404 3 0 12 3 0 376 0 0 0 0 0 0 0 18 0 0 1068 537 858 0 0 526 842 21 0 245 308 0 2 37 33 8195 24 141 0 0 0 4 0 2 0 82 0 0 0 0 142 0 0 0 0 2 0 0 0 0 0 0 2 0 0 0 0 1 0 0 0 0 0 0 0 4 0 0 0 2 0 2 0 0
0 0 0 0 0 0 0 0 0 0 0 0 0 0 0 0 0 0 0 0 0 0 0 0 0 0 0 0 0 0 0 0 0 0 0 0 0 0 0 0 0 0 0 0 0 0 0 0 0 0 0 27366 0 0 0 0 0 0 0 0 0 0 0 0 0 0 0 0 0 0 0 0 0 0 0 0 0 0 0 0 0 0 0 0 0 0 0 0 0 0 0 0 0 0 0 0 0 0 0 0 0 0 0 0 0 0 0 0 0 0 0 0 0 0 0 0
0 4 2 1 2 0 3 0 0 0 0 0 0 0 0 0 0 0 0 0 0 0 0 0 0 0 0 0 0 0 0 0 0 0 0 0 0 0 0 0 0 0 0 0 0 0 0 0 0 0 0 0 0 0 0 0 0 0 0 0 0 0 0 0 0 0 0 0 0 0 0 0 0 0 0 0 0 0 0 0 0 0 0 0 0 0 0 0 0 0 0 0 0 0 0 0 0 0 0 0 0 0 0 0 0 0 0 0 0 0 0 0 0 0 0 0
0 0 0 0 0 0 0 0 0 0 0 0 0 0 0 0 0 0 0 0 0 0 0 0 0 0 0 0 0 0 0 0 0 0 0 0 0 0 0 0 0 0 0 0 0 0 0 0 0 0 0 0 0 0 0 0 0 0 0 0 0 0 290 0 0 0 0 0 0 590 0 0 0 18 0 0 8 0 0 0 0 0 0 0 0 0 0 0 0 0 0 0 0 0 0 0 0 0 0 0 0 0 0 0 0 0 0 0 0 0 0 0 0 0 0 0
0 0 0 0 0 0 0 0 0 0 0 0 0 0 0 0 0 0 0 0 0 0 0 0 1 0 0 0 0 0 0 0 0 0 0 0 0 0 0 0 0 0 0 0 0 0 0 0 0 0 0 0 0 0 0 0 0 0 0 0 0 0 0 0 0 0 0 0 0 0 0 0 0 151 0 0 0 0 0 0 0 0 0 0 0 0 0 0 0 0 0 1 0 0 0 0 0 0 0 0 0 0 0 0 0 2 3 12 5 0 0 0 0 0 0 0
0 0 0 0 0 0 0 0 0 0 0 0 0 0 0 0 0 0 0 0 0 0 0 0 0 0 0 0 0 0 0 0 0 0 0 0 0 0 0 0 0 0 0 0 0 0 0 0 0 0 0 0 0 0 0 0 0 0 0 0 0 0 0 0 0 0 0 0 57 2 0 0 1 1 0 0 0 0 0 0 0 0 0 0 0 0 0 0 0 0 0 0 0 0 0 0 0 0 0 0 0 0 0 0 0 0 0 0 0 0 0 0 0 0 0 0
0 0 0 0 0 1 0 0 1 0 1 0 0 0 0 0 0 10 0 0 8 0 0 0 0 0 0 0 0 0 0 0 0 0 0 0 0 0 0 0 0 0 0 0 0 0 0 0 9 22 0 0 0 0 0 0 0 0 0 0 0 0 1073 0 0 0 1 360 1 80 603 132 491 29 0 121 5 0 0 0 0 0 0 0 0 0 0 0 0 0 0 0 0 0 0 0 0 0 0 0 0 0 0 0 0 5 0 0 0 1 0 0 0 0 0 1
0 0 0 0 0 0 0 0 0 0 0 0 0 0 0 0 0 0 0 0 0 0 0 0 0 0 0 0 0 0 0 0 0 0 0 0 0 0 0 0 0 0 0 0 0 0 0 0 0 0 0 0 0 0 0 0 0 0 0 0 0 0 0 0 0 0 0 0 0 0 0 0 1 0 0 0 0 0 0 0 0 0 0 0 0 0 0 0 0 0 0 0 0 0 0 0 0 0 0 0 0 0 0 0 0 0 0 0 0 0 0 0 0 0 0 0
0 0 0 2 1 2 0 44 0 0 0 0 0 0 0 7 0 0 0 0 0 0 16 26 0 46 0 0 0 0 0 0 0 0 0 0 0 0 0 0 0 1 0 0 0 0 0 0 0 2 0 0 0 0 0 0 0 13 0 0 0 0 18 0 1 4 5 18 5 5 18 0 21 1 0 0 0 18 0 0 0 0 142 0 0 0 0 4 1 0 0 0 0 0 2 0 1 0 0 1 0 2 0 0 0 0 0 0 0 0 0 1 0 1 0 9
0 0 0 0 0 0 0 0 0 0 0 0 0 0 0 0 0 0 0 0 0 0 0 0 0 0 0 0 0 0 0 0 0 0 0 0 0 0 0 0 0 0 0 0 0 0 0 0 0 0 0 0 0 0 0 0 0 0 0 0 0 0 0 0 0 0 0 0 0 0 0 0 0 0 0 0 0 0 0 0 0 0 0 0 0 0 0 0 0 0 0 0 0 0 0 0 0 0 0 0 0 0 0 0 0 0 0 0 0 0 0 0 0 0 0 0
0 0 0 0 0 0 0 0 0 0 0 0 0 0 0 0 0 0 0 0 0 0 0 0 0 0 0 0 0 0 0 0 0 0 0 0 0 0 0 0 0 0 0 0 0 0 0 0 0 0 0 0 0 0 0 0 0 0 0 0 0 0 0 0 0 0 0 0 0 0 0 0 0 0 0 0 0 0 0 0 0 0 0 0 0 0 0 0 0 0 0 0 0 0 0 0 0 0 0 0 0 0 0 0 0 0 0 0 0 0 0 0 0 0 0 0
0 0 0 0 0 0 0 0 0 0 0 0 0 0 0 0 0 0 0 0 0 0 0 0 0 0 0 0 0 0 0 0 0 0 0 0 0 0 0 0 0 0 0 0 0 0 0 0 0 0 0 0 0 0 0 0 0 0 0 0 0 0 0 0 0 0 0 0 0 0 0 0 0 0 0 0 0 0 0 0 0 0 0 0 0 0 0 0 0 0 0 0 0 0 0 0 0 0 0 0 0 0 0 0 0 0 0 0 0 0 0 0 0 0 0 0
0 0 0 0 0 0 0 0 0 192 0 63 90 53 65 38 9 0 0 0 0 2 4 4 4 4 3 3 4 4 4 0 4 32 4 0 8 1 0 0 0 676 1 0 0 0 0 0 0 0 0 0 0 2 3 0 0 0 0 0 0 0 0 0 1 0 1 0 2 0 0 0 0 0 0 0 0 0 0 0 3 0 0 0 0 0 0 0 0 0 0 0 0 34 0 0 21 0 0 0 0 0 0 0 0 0 735 1295 0 0 4199 6 318 462 532 54
0 0 0 0 0 0 0 0 0 0 0 24 34 20 25 15 3 0 0 0 0 1 1 1 1 1 1 1 2 1 1 0 0 0 0 0 0 0 0 0 0 90 0 0 0 0 0 0 0 0 0 0 0 1 2 0 0 0 0 0 0 0 0 0 1 0 1 0 1 0 0 0 0 0 0 0 0 0 0 0 0 0 0 0 0 0 0 0 0 0 0 0 0 0 0 0 1 0 0 0 0 0 0 0 0 0 23 49 0 0 3 0 4 30 20 1
0 0 0 0 0 0 0 0 0 277 0 91 130 77 93 56 13 0 0 0 0 0 0 0 0 0 0 0 0 0 0 0 3 0 22 0 15 1 0 0 0 807 1 0 0 40 0 0 0 0 0 0 0 0 0 0 0 0 0 0 0 0 0 0 0 0 0 0 0 0 0 0 0 0 0 0 0 0 0 6 10 0 0 0 0 0 0 0 0 0 0 0 0 18 0 0 0 0 0 0 0 0 0 0 0 0 244 442 0 10 3 15 62 704 252 36
0 0 0 0 0 0 0 0 0 236 0 77 111 65 79 47 11 0 0 0 0 0 0 0 0 0 0 0 0 0 0 0 4 0 0 0 0 1 0 0 0 263 0 0 0 34 0 0 0 0 0 0 0 0 0 0 0 0 0 0 0 0 0 0 0 0 0 0 0 0 0 0 0 0 0 0 0 0 0 0 1 0 0 0 0 0 0 0 0 0 0 0 0 0 0 0 9 0 0 0 0 0 0 0 0 0 245 451 0 0 2204 3 95 269 60 13
4153 2 1 1 0 0 3 0 106 439 1665 42 109 70 53 34 12 0 0 0 0 12 19 19 18 18 17 17 19 19 19 31 18 21 133 0 0 1666 60 0 0 0 71 0 0 34 0 0 0 0 0 0 557 217 357 268 0 0 11 3 0 2 0 0 3 0 5 0 6 1 0 0 0 0 0 0 7 0 0 2 3 0 0 0 0 2 1 0 0 0 0 0 0 15 0 0 0 0 0 0 0 0 0 0 0 0 14 10 0 0 190 282 71 199 129 9
2 4 2 0 2 0 3 0 3 91 2 31 43 26 31 18 4 0 0 0 0 50 76 76 72 75 68 69 78 77 77 0 0 0 7 4 0 1 20 0 0 56 72 27 0 6 0 0 0 0 0 0 0 17 26 0 0 0 0 0 0 0 0 0 7 0 10 0 12 0 0 0 0 0 0 0 11 0 0 27 29 0 1 0 0 0 0 0 0 0 0 242 0 545 3 0 1 0 0 0 0 0 0 0 0 0 1443 1075 0 0 700 0 287 884 491 49
0 0 0 0 0 0 0 0 0 0 0 0 0 0 0 0 0 0 0 0 0 0 0 0 0 0 0 0 0 0 0 0 0 0 0 0 0 0 0 0 0 0 0 0 0 0 0 0 0 0 0 0 0 0 0 0 0 0 0 0 0 0 0 0 0 0 0 0 0 0 0 0 0 0 0 0 0 0 0 0 0 0 0 0 0 0 0 0 0 0 0 0 0 1 0 0 0 0 0 0 0 0 0 0 0 0 0 1 0 0 0 0 0 0 0 0
0 1 0 0 0 0 0 0 0 37 0 12 18 10 13 8 2 0 0 0 0 7 11 11 10 11 10 2 11 11 11 182 107 137 172 0 0 2 0 0 0 266 2 0 0 3 0 0 0 0 0 0 0 1 1 52 0 0 0 0 0 0 1 0 0 0 0 0 1 0 0 0 0 0 0 0 0 0 0 2 2 0 0 0 0 3 2 0 0 0 0 0 0 0 0 0 0 0 0 0 0 0 0 0 0 3 191 3 0 0 0 0 0 30 0 2
35 0 0 0 0 0 1 0 2 22582 1 7405 10605 3989 7595 4540 1036 0 0 0 0 11 17 17 16 15 15 15 18 17 17 805 1509 3155 5531 462 2799 58 189 0 0 12742 108 0 5 1 0 0 0 0 0 0 0 7 11 0 0 0 6 18 36 96 0 0 2 0 4 0 4 1 0 30 0 0 5 0 9 0 0 74 80 0 1 0 0 0 0 0 0 0 0 0 0 0 0 0 6 0 1 0 0 0 0 0 0 0 1330 2299 0 10 939 150 232 620 503 167
4 5 3 0 2 2 299 0 1 2325 1 763 1092 641 782 467 111 181 0 1 2 31 48 48 45 47 42 43 49 48 48 246 146 200 359 19 1375 6 9 982 0 1292 51 0 2 0 0 0 0 1 0 0 0 6 9 0 0 0 3 2 0 0 0 0 3 0 4 0 4 0 0 0 0 0 0 0 12 0 0 10 8 0 0 0 0 11 9 0 0 0 0 0 0 9024 1212 0 127 280 130 897 347 0 0 0 0 0 107 211 0 364 1347 852 543 1633 876 367
0 0 0 0 0 0 0 0 0 0 0 0 0 0 0 0 0 0 0 0 0 0 0 0 0 0 0 0 0 0 0 0 0 0 0 0 0 19 0 0 0 0 0 0 0 0 0 0 0 0 0 0 0 0 0 0 0 0 0 0 0 0 0 0 0 0 0 0 0 0 0 0 0 0 0 0 30 0 0 0 0 0 0 0 0 0 0 0 0 0 0 0 0 0 0 0 0 0 0 0 0 0 0 0 0 0 0 0 0 0 8 0 4 9 5 2
0 0 0 0 0 0 0 0 0 5 0 2 3 0 2 0 0 82 0 2 1 0 0 0 0 0 0 0 0 0 0 0 0 0 0 0 0 0 0 0 0 3 0 0 0 0 0 0 0 0 0 0 0 0 0 0 0 0 0 0 0 0 0 0 0 0 0 0 0 0 0 0 0 0 0 0 0 0 0 0 0 0 0 0 0 0 0 0 0 0 0 0 0 4251 517 0 8 93 44 35 0 0 0 0 0 0 0 0 0 121 410 254 167 524 268 126
92 29 13 1011 196 227 145 924 0 0 0 0 0 0 0 645 136 0 4 2 4 30 45 45 43 27 40 40 46 46 46 30 18 23 113 8903 0 91 59 47 42 734 252 0 44010 736 0 0 515 130 2 0 375 22 35 531 0 4 0 5 0 20 0 0 0 0 7 0 10 0 0 9 0 2797 1948 0 489 560 0 0 0 0 2 0 0 0 0 0 692 0 0 0 0 259 0 0 596 41 57 124 0 0 0 0 0 0 0 0 0 42 850 627 354 818 1721 318
2 1 0 19 5 4 0 18 2 2 2 1 0 2 1 13 3 232 6 5 6 1 1 1 1 1 1 1 1 1 1 2 1 1 2 1 0 6 1 0 0 2 2 0 0 31 0 0 0 0 0 0 0 4 7 0 0 1 0 0 0 0 0 0 2 0 2 0 3 0 0 0 0 52 36 0 11 0 0 0 42 0 0 0 0 0 0 0 0 0 0 0 0 51 0 0 10 0 27 0 0 0 0 0 0 0 74 119 0 46 0 127 36 108 202 8
0 0 0 0 0 0 0 0 0 0 0 0 3 0 0 4 1 132 3 56 29 19921 30206 30166 28723 29885 26763 27238 30797 30509 30517 4 2 0 0 0 0 5 0 0 3 13 1 0 0 0 0 0 0 0 0 0 0 0 0 0 0 3 2 3 2 6 0 0 0 0 0 0 0 0 0 0 0 2 5 1191 8 0 0 0 0 0 0 0 0 0 0 0 76 12 0 0 0 0 1 0 24 0 2 0 0 0 0 0 0 0 0 11 0 13 283 164 98 257 603 31
35 28 22 562 138 139 85 405 124 54 94 119 3 67 125 0 25 455 23 26 35 3919 5942 5927 5650 5866 5264 5356 6058 6001 6003 126 77 111 144 117 1709 1445 98 873 647 227 574 353 346 173 0 18028 344 138 35 91 494 158 259 0 0 467 1766 167 1081 1876 0 0 92 48 123 27 208 527 0 1 36 5498 64 0 332 1096 0 4 5 3 0 0 1 0 0 0 714 34 68 348 377 41 413 0 552 0 3 236 0 0 0 4 6 69 13 47 0 74 1200 70 146 227 1738 195
1 1 0 0 0 0 0 5 3 1 2 3 0 2 3 5 1 0 1 1 2 0 0 0 0 0 0 0 0 0 0 3 2 3 4 1 43 13957 34 22 15 5 89 281 43 3 0 0 0 1762 2 0 0 4 0 0 0 15 46 4 17 251 2 0 14 1 23 1 28 28 0 48 0 94 0 0 21 0 0 0 0 0 0 0 0 0 0 0 0 18 56 0 0 0 0 0 5733 0 0 0 0 0 0 0 1 0 0 21 0 0 0 0 1574 3 45 12
2 6 3 0 0 29 6 8 4 3 11 5 1 2 5 62 29 0 1 1 2 0 0 0 0 0 0 0 0 0 1 613 434 502 975 72 769 1219 117 906 123 6907 114 0 422 39 0 323 0 0 2 26 0 46 66 0 0 771 502 263 1082 413 0 0 0 0 32 64 44 91 0 3443 5 265 87 129 126 0 0 26 30 28 0 0 25 39 31 0 123 61 0 0 0 430 0 0 658 58 148 200 0 0 0 0 0 0 1455 2778 0 71 1106 282 125 552 1208 89
0 1 0 37 4 4 48 34 4 7 7 2 0 2 0 59 15 0 7 0 17 0 0 0 0 0 0 0 0 0 0 113 67 99 132 10 89 0 21 336 0 185 77 0 28 12 0 0 181 0 5 0 98 34 52 0 0 115 52 55 146 232 9 0 0 0 0 0 6 0 0 1131 26 0 200 3 59 0 0 58 73 0 2 0 4 0 0 0 0 0 216 0 0 0 0 0 30 0 44 0 0 0 0 0 0 0 3729 7700 0 0 2399 86 2105 1672 643 82
0 0 0 0 0 0 0 0 0 0 0 0 0 0 0 0 0 0 0 0 0 6 9 9 9 8 8 8 9 9 9 0 0 0 0 1 0 0 0 0 0 0 0 0 0 0 0 0 0 0 0 0 0 1 2 0 0 0 0 1 2 4 2005 0 0 0 25 0 1 618 0 0 0 0 0 0 0 0 0 0 0 0 0 0 0 0 0 0 0 0 0 0 0 0 0 0 0 0 0 0 0 0 0 0 0 0 0 0 0 0 0 0 0 0 0 0
5573 8848 9824 3580 14228 31235 957 22831 17678 2732 9218 4795 31261 9592 1911 7317 3127 5 74794 61733 0 37790 5728 5829 10323 6648 16477 14837 3912 4808 4746 449 812 406 427 2466 1 0 1 0 1 7 3 366 431 322 0 478 0 233 2 0 3906 14756 6744 5253 595 0 171 29 1059 422 12870 13206 202 489 219 189 1242 7142 0 0 736 0 0 5 548 1030 0 5 43 0 66265 0 59 0 0 0 10787 0 0 0 0 346 2746 4521 5885 6171 7993 367 8338 1333 46 0 3 285 7160 10719 5 983 1840 471 1977 1604 2465 2303
34 19 0 0 54 18 95 11 59 54 46 26 31 24 23 44 0 0 48 0 9 1937 2906 2903 2767 2871 2582 2594 2962 2935 2936 99 58 76 95 0 703 166 178 212 433 2428 1092 0 46 1799 0 69 1465 0 103 0 0 13408 21921 849 9834 43 1250 40 4 404 590 42 6927 2 8538 0 9695 82 82 51 142 0 166 143 87 0 0 0 0 0 44 0 0 0 0 0 0 0 0 0 0 0 0 0 63 0 10 0 0 0 9 0 0 0 26 0 0 0 170 2182 32 21 264 47
1533 3486 1265 120 2518 20 2671 0 1 1 3 2 0 1 1 3138 0 0 24 0 26 1625 2466 2463 2345 2440 2185 2219 2514 2491 2491 0 0 0 0 0 0 0 0 0 0 2 1 0 0 0 0 0 0 0 0 0 0 0 0 0 0 0 0 0 0 0 0 0 5 0 7 0 6 0 0 0 0 0 0 0 0 0 1 0 3 0 0 0 0 5 4 0 0 0 0 0 0 23 0 0 34 0 0 0 0 0 0 0 0 0 36 27 0 0 34 807 17 15 200 6
2975 21435 11138 4405 10196 578 16529 166 76 18 199 158 3 26 253 2165 1042 0 95 0 81 643 980 979 932 969 868 874 999 990 990 0 0 0 1 0 0 0 0 0 0 8 5 0 0 5 0 9 0 0 0 0 0 4866 0 222 0 1 0 3 0 0 0 0 21 0 28 0 28 0 0 0 2 0 1 0 1 0 5 0 17 0 1 0 0 23 19 0 0 0 0 0 0 104 0 0 110 0 1 3 0 0 0 0 0 0 122 123 0 0 155 935 62 52 624 28
1910 731 1416 1252 2531 620 3639 1577 6440 6475 5219 2839 1588 2179 2552 2500 3676 0 197 38 410 30221 45807 45746 43560 45320 40589 41294 46702 46267 46278 443 259 360 506 0 26 43 0 501 143 3947 603 0 168 580 1626 8887 3407 2283 59 0 0 24 0 0 0 629 1848 1930 1522 5870 619 1429 80 1587 185 106 5623 9889 2168 3318 1872 1897 162 1555 391 1444 0 37 315 104 53 166 0 451 266 0 813 1 19 0 0 266 0 0 225 0 132 710 0 21 0 0 0 437 2314 114 0 0 92 2 1095 1312 4316 479
53 31 27 0 16 2 500 304 54 20 153 68 57 25 70 183 57 0 418 246 576 20 3 3 6 3 9 4 2 3 3 374 232 326 614 401 2006 352 91 1772 821 1457 460 108 1106 945 1773 480 343 509 7 0 0 40 42 637 0 813 304 117 487 726 0 0 24 75 35 40 63 103 0 3376 489 437 2719 1345 1633 621 0 1 11 0 32 2 4 0 0 0 2239 17 27 0 0 0 216 0 2493 321 604 1351 456 0 0 0 1 0 207 323 0 41 296 201 217 254 1092 448
0 0 0 0 0 0 4 0 0 0 0 0 0 0 0 3 0 0 0 0 0 0 0 0 0 0 0 0 0 0 0 79 75 12 8 8 61 0 1 1 727 0 16 0 0 0 0 0 0 0 0 0 0 0 0 0 0 0 2 0 0 0 0 0 0 0 0 0 0 0 0 0 1 0 3633 1416 223 0 0 0 0 0 0 0 0 0 0 0 0 0 0 0 0 0 0 0 0 0 0 0 0 0 0 0 0 0 0 0 0 0 59 0 50 22 91 43
41 38 31 7 29 63 72 57 150 52 103 37 1 41 42 4 1 0 2 0 7 102 155 155 147 152 137 112 158 157 157 1 1 2 1 0 0 3 0 0 0 13 1 10 3 0 0 0 0 0 42 0 0 7 7 0 0 0 0 79 831 14 437 666 0 68 82 125 115 376 674 350 226 6 24 0 13 0 0 0 0 0 0 0 0 0 0 0 2305 0 0 0 0 0 0 0 3 0 2 0 0 0 0 0 0 0 32 231 0 0 0 13 17 9 0 84
0 0 0 0 0 0 0 0 0 0 0 0 0 0 0 0 0 0 0 0 0 0 0 0 0 0 0 0 0 0 0 0 0 0 0 0 0 0 0 0 0 0 0 0 0 0 0 0 0 0 0 0 0 0 0 0 0 0 0 0 0 0 0 0 1 0 2 12 2 0 0 0 0 0 0 0 1 0 0 0 0 0 0 0 0 0 0 0 390 1 0 0 0 0 0 0 0 0 0 0 0 0 0 0 0 0 0 1 0 0 0 0 0 0 0 0
76 70 58 74 57 105 78 60 253 86 190 68 43 69 77 81 25 0 2 2 6 2 3 3 3 3 3 3 3 3 3 4 9 6 3 4 9 11 12 0 2 6 3 1 12 0 0 0 0 0 0 0 0 16 26 0 0 2 0 4819 0 26549 0 0 8 0 9 0 11 0 0 4 1 2 5 0 7 0 0 0 38 0 1 1 33 48 36 7 1419 0 0 0 0 0 0 2 9 0 27 161 0 0 0 0 0 0 1 4 0 43 225 13 158 83 204 140
46 24 59 11 10 9 10 13 49 29 55 54 1 3 56 20 4 0 4 0 4 76 115 115 109 112 102 100 117 116 116 1 1 4 3 0 3 19 1 0 1 7 3 0 21 0 0 0 0 0 0 0 0 17 20 0 0 3 0 36 0 0 0 0 0 6 5 0 9 3 0 5 18 0 8 123 17 0 0 2 3 2 1 3 0 3 2 1 8201 0 0 0 0 0 0 0 33 0 5 0 0 0 0 0 0 0 0 6 0 0 0 0 0 0 0 527
3 15 9 45 14 10 62 36 15 6 17 6 3 5 6 25 2 14 579 0 137 26 0 38 36 0 33 0 39 38 39 10 10 11 4 0 0 5 0 0 4 4 4 90 0 32 142 0 0 0 0 0 0 27 43 0 44 0 0 9 224 96 0 3228 491 1006 277 0 850 0 4337 246 280 509 339 1632 3148 205 0 103 113 0 5 0 0 0 0 0 2341 1 0 0 0 0 0 0 53 5 63 81 0 0 0 0 0 0 5 11 0 1 0 0 0 8 0 56
4 15 10 70 18 16 90 56 24 9 26 9 4 8 10 38 2 0 963 78 228 24 35 35 34 34 31 31 35 35 35 14 14 15 5 0 1 5 0 1 6 4 5 154 0 53 427 1 4 1 2 0 0 31 48 0 242 1 0 14 464 341 0 0 814 1982 1171 1236 4527 755 7625 513 1387 912 562 3224 5247 384 0 171 187 0 8 0 0 0 0 0 3945 1 0 0 0 0 0 0 84 35 105 171 51 0 0 0 0 0 10 0 5 10 0 11 0 13 44 92
0 0 0 0 0 0 0 0 0 0 0 0 0 0 0 0 0 0 0 0 4 0 0 0 0 0 0 0 0 0 0 0 0 0 0 0 0 0 0 0 0 1 0 5 0 0 0 0 64 16 1 0 0 0 0 0 0 0 14 0 0 6 0 0 0 0 0 0 0 1713 148 66 80 6 30 0 5 2 0 0 0 0 0 0 0 0 0 0 0 0 0 0 0 0 0 0 1 0 0 0 0 0 0 0 0 0 0 0 0 0 0 0 0 0 0 3
1 2 1 0 0 0 5 2 1 1 2 1 1 1 1 2 0 0 7 0 8 0 0 0 2 0 0 0 0 0 0 2 2 2 1 0 1 2 0 16 1 1 1 27 2 1 0 0 91 72 1 0 0 6 7 0 0 5 0 0 0 0 0 0 3 0 20717 0 0 490 824 888 278 121 36 641 21 0 0 0 0 0 0 0 0 0 0 0 0 0 0 0 0 0 0 0 3 0 0 0 0 0 0 0 0 0 0 3 0 0 0 0 0 1 0 2
0 0 0 0 0 0 0 0 1 0 1 0 0 0 0 0 0 0 0 0 1 0 0 0 0 0 0 0 0 0 0 0 0 0 0 0 0 115 0 0 0 0 1 0 0 0 0 0 0 16 0 0 0 0 0 0 0 0 0 0 0 0 0 0 0 0 0 0 0 0 0 18 9 2 0 0 2 0 0 0 0 0 0 0 0 0 0 0 0 0 0 0 0 0 0 0 47 0 0 0 0 0 0 0 0 0 0 0 0 0 0 0 8 0 0 0
0 2 1 0 0 0 3 1 2 1 2 1 0 1 1 1 0 0 2 0 8 0 0 0 0 0 0 0 0 0 0 1 1 1 1 0 0 1 0 2 0 1 1 16 0 1 0 0 0 16 1 0 9 5 9 0 0 0 0 0 0 1 285 0 3 0 4 0 0 73 532 405 457 28 41 91 11 0 0 0 0 0 0 0 0 0 0 0 0 0 0 0 0 0 0 0 2 0 0 0 0 0 0 0 0 0 0 3 0 0 0 0 0 1 0 2
0 0 0 0 0 0 0 0 0 0 0 0 0 0 0 0 0 0 0 0 2 0 0 0 0 0 0 0 0 0 0 0 0 0 0 0 0 0 0 0 0 0 0 0 0 0 0 0 0 0 0 0 0 0 0 0 0 0 0 0 0 0 0 0 1 24 36 9 0 78 176 97 40 3 4 0 4 0 0 0 0 0 0 0 0 0 0 0 0 0 0 0 0 0 0 0 0 0 0 0 0 0 0 0 0 0 0 0 0 0 0 0 0 0 0 0
1 2 1 0 0 0 12 7 4 1 7 2 2 1 2 6 1 0 79 0 8 1 0 0 0 0 1 0 0 0 0 8 8 8 3 0 0 5 0 0 3 2 2 2 0 2 0 0 0 18 0 0 0 14 18 0 0 0 0 0 0 0 680 0 0 0 618 0 0 0 569 405 269 0 22 3929 34 0 0 2 2 2 2 2 0 1 0 0 0 0 0 0 0 0 0 0 8 0 1 0 0 0 0 0 0 0 0 8 0 0 0 0 0 2 0 7
213 200 119 2100 326 259 2656 1714 278 112 1153 395 181 121 410 1092 216 695 465 168 50 7 10 10 5 0 8 0 10 10 11 1749 1784 1886 616 4 16 34 2 12 722 12 408 202 78 504 540 48 381 217 0 0 0 1506 2529 0 460 9 0 3 259 792 0 0 0 0 15 0 0 0 0 91 842 0 1623 1466 3113 1336 0 350 385 452 5 475 65 440 318 0 86 0 0 0 0 123 0 0 1401 38 104 106 0 0 0 0 1 0 1272 1718 0 185 752 46 269 319 835 715
0 0 0 0 0 0 1 0 1 1 1 0 0 0 0 1 0 0 0 1 1 202 307 307 290 0 271 258 313 310 310 0 0 0 1 0 0 7 0 0 0 2 1 0 3 2 0 0 0 0 0 0 0 3 5 0 0 0 0 0 0 0 0 0 0 0 0 0 0 0 0 0 0 10 20 0 0 0 0 0 0 1 0 1 0 0 0 0 0 0 0 0 0 1 0 0 0 0 0 0 0 0 0 0 0 0 0 7 2 0 4170 0 3 9 7 2
72 62 53 333 110 146 93 243 246 89 392 108 0 83 118 258 220 856 38 23 13 0 0 0 0 0 0 0 0 0 0 1 1 1 2 1 5 1 0 4 2 4 1 64 0 0 0 1 0 0 0 0 0 0 0 0 0 0 0 0 0 0 0 0 0 0 0 0 0 0 0 6 0 0 87 0 2593 44 519 2467 3117 3724 60 3888 46 4317 3625 553 3380 0 0 0 0 70 126 0 145 50 102 261 195 3336 0 0 0 0 232 353 0 228 144 16 90 410 260 552
0 0 0 0 0 0 0 1 0 0 0 0 0 0 0 0 0 0 2 0 3 0 0 0 0 0 0 0 0 0 0 0 0 0 0 0 5 4 0 2 2 1 2 0 0 0 0 0 0 381 0 1 189 0 0 0 0 1 0 0 0 1 0 0 0 0 0 0 0 1284 50 0 538 0 6080 2023 526 0 0 0 0 0 0 0 0 0 0 0 0 0 0 0 0 0 0 0 139 39 10 76 0 341 0 0 0 0 0 0 0 0 0 0 661 1496 1396 139
0 0 0 0 0 0 1 0 0 0 1 0 0 0 0 0 0 0 0 2 2 627 950 949 903 898 842 855 969 960 960 0 0 1 1 0 3 1 0 0 1 2 1 0 0 0 0 0 0 0 0 0 0 0 0 0 0 0 0 0 0 0 0 0 0 0 0 0 0 0 0 0 0 0 0 0 0 0 0 0 0 0 0 0 0 0 0 0 0 0 0 0 0 0 0 0 3 0 1 0 0 0 2 0 0 0 0 37 0 0 0 0 0 14 0 7
242 165 184 765 206 0 106 894 1938 785 1909 1992 956 1209 1655 623 136 12 16 0 18 11 16 8 10 0 14 8 17 17 18 735 437 653 696 10 107 11 28 367 51 1133 2480 6 134 0 95 91 0 0 27 0 0 71 114 0 0 0 2785 6274 44 0 0 0 21 0 15 0 19 0 0 52 102 0 326 0 535 30 0 64 51 2 4 284 4 68 37 1 7 2949 0 0 0 0 24 244 220 252 142 920 294 0 0 0 1 0 1201 1137 0 40 2438 24 259 378 261 301
0 0 0 2 0 1 3 3 1 0 0 0 0 0 0 0 0 0 28 0 2 0 0 0 0 0 0 0 0 0 0 0 0 0 0 0 0 0 0 0 0 0 1 0 0 0 0 0 0 0 0 0 0 0 0 0 0 0 0 0 0 0 0 0 0 0 0 0 0 0 0 144 0 0 13 0 0 0 0 0 0 0 0 0 0 0 0 0 0 0 0 0 0 0 0 0 0 0 6 0 0 0 0 0 0 0 0 0 0 0 0 0 0 0 0 3
4 0 0 14 6 5 23 21 0 4 0 11 8 7 10 0 0 0 8 0 5 3 4 3 4 4 4 0 4 4 4 230 235 195 250 16 172 83 49 113 80 105 54 0 169 2 0 425 73 257 44 0 125 222 365 0 0 630 276 9 50 17 0 0 0 5 14 7 18 303 0 37 0 76 1367 0 30 0 0 11 21 1 2 4 1 19 11 0 42 90 29 0 0 240 107 0 484 59 141 284 0 478 0 0 0 52 1549 2437 253 0 913 356 142 58 155 49
749 196 160 178 167 267 708 198 1385 498 1546 137 321 1663 627 357 57 0 127 227 0 0 0 0 1 0 0 0 0 0 0 135 95 135 270 37106 149 3069 0 399 1 451 3 615 504 120 29 1556 137 422 0 80 1728 0 0 71 221 2410 113 90 6 1 675 1126 228 3498 400 14117 788 3 18 3073 0 1 926 36 116 45 0 0 0 0 0 0 0 1138 958 0 112 235 621 0 314 831 706 5 713 5 9 21 99 441 0 0 2 526 258 386 0 44 2009 970 1758 2292 3145 37
42 11 9 10 9 15 40 11 79 28 88 8 18 94 36 20 3 95 7 13 0 0 0 0 0 0 0 0 0 0 0 3 4 0 10 0 0 174 0 0 0 26 0 34 4 6 0 90 0 0 0 0 78 0 0 0 0 107 6 5 596 0 0 0 13 196 23 24 44 0 0 131 0 0 52 0 6 0 0 0 0 0 0 0 0 46 39 0 0 10 27 0 0 20 31 0 31 1 0 0 0 0 0 0 0 0 0 16 0 0 72 9 75 93 131 2
10 3 2 2 2 4 10 3 19 7 21 2 4 23 9 4 1 6 0 1 0 0 0 0 0 0 0 0 0 0 0 0 0 0 0 0 0 35 0 0 0 5 0 4 0 1 0 3 0 0 0 0 11 0 0 0 0 44 3 2 0 0 0 0 4 58 7 608 13 0 0 17 0 0 14 0 5 0 0 0 0 0 0 0 0 17 14 0 0 1 3 0 0 0 4 0 4 0 0 0 0 0 0 0 0 0 0 4 0 0 0 0 5 10 10 0
46 12 10 11 10 16 44 12 85 31 95 8 20 103 39 22 3 97 7 13 0 0 0 0 0 0 0 0 0 0 0 8 6 8 17 0 9 188 0 24 0 28 0 37 31 7 0 91 0 27 0 5 107 0 0 0 7 132 7 6 315 0 41 69 14 218 25 27 49 0 0 0 0 0 57 0 8 0 0 0 0 0 0 0 0 21 18 0 0 4 10 0 7 14 12 0 17 0 0 0 0 0 0 0 0 0 5 0 0 0 33 16 0 33 0 0
0 0 0 0 0 0 0 0 0 0 1 0 0 1 0 0 0 0 0 0 0 0 0 0 0 0 0 0 0 0 0 0 0 0 0 0 0 1 0 0 0 0 0 0 0 0 0 0 0 0 0 0 0 0 0 0 0 1 2 0 0 0 0 0 0 0 0 181 0 0 0 6 0 0 0 0 0 0 0 0 0 0 0 0 0 6 5 0 8 0 1 0 0 0 1 0 1 0 0 0 0 0 0 0 0 0 0 1 0 0 3 1 2 4 4 0
15 4 3 4 3 5 14 4 28 10 31 3 6 33 13 7 1 32 2 4 0 0 0 0 0 0 0 0 0 0 0 3 2 3 5 0 3 61 0 7 0 9 0 11 10 1 0 30 2 9 0 2 33 0 0 0 0 50 2 2 0 0 11 19 5 207 8 1496 16 0 0 0 0 0 19 0 3 0 0 0 0 0 0 0 0 21 17 0 2 4 0 0 7 0 12 0 0 0 0 0 0 0 0 0 0 0 5 0 3 0 34 16 0 32 0 0
0 0 0 0 0 0 0 0 0 0 0 0 0 0 0 0 0 0 263 0 0 0 0 0 0 0 0 0 0 0 0 0 0 0 0 0 0 0 0 0 0 0 0 0 0 0 0 1 0 0 0 0 0 0 0 0 0 0 0 0 0 0 0 0 0 0 0 0 0 0 0 0 0 0 0 0 0 0 0 0 0 0 0 0 0 0 0 0 0 0 0 0 0 0 0 0 0 0 0 0 0 0 0 0 0 0 0 0 0 48 0 0 0 0 0 0
648 194 153 155 158 223 693 156 1270 421 1293 118 266 1899 532 302 42 508 35 83 0 0 0 0 0 0 0 0 0 0 0 56 42 46 117 0 26 1455 0 74 0 205 1 148 91 38 2 37 0 53 0 14 117 0 0 0 50 1309 82 66 0 0 835 35 69 1057 121 131 238 0 0 55 0 1 280 0 111 0 0 0 0 0 0 0 0 0 0 0 0 3 0 0 0 121 16 0 10 0 0 0 0 0 0 0 1 0 64 242 0 0 17 27 64 62 31 10
781 234 184 187 190 269 836 188 1531 507 1558 143 321 1900 641 364 181 710 49 117 0 0 0 0 0 0 0 0 0 0 0 81 59 73 167 0 61 2032 0 170 0 287 2 209 162 53 7 51 0 133 0 28 180 0 0 0 80 1846 116 93 0 0 1264 213 96 1477 169 184 333 0 0 78 0 2 391 0 156 0 0 0 0 0 0 0 0 2311 0 0 0 18 57 0 0 917 83 0 53 1 0 0 0 432 0 0 3 1296 709 1284 0 21 151 328 347 338 178 47
3 1 1 1 1 1 3 1 6 2 6 1 2 9 2 2 0 0 1 0 0 0 0 0 0 0 0 0 0 0 0 7 5 7 13 1 7 151 0 20 0 22 0 1 1 0 0 81 7 23 0 0 242 0 0 16 1 190 9 7 0 0 1166 242 0 5 1 1 1 2 74 1255 0 1 4 0 1 0 0 0 0 0 1 0 0 3 2 0 0 0 0 0 0 0 0 0 1 0 0 0 0 0 0 0 0 1 1 2 0 0 1 0 2 1 2 0
8 1 0 19 2 4 27 17 6 2 11 10 3 2 10 57 103 251 26 15 10 0 0 0 0 0 0 0 0 0 0 3 1 2 3 3 103 70 3 22 23 10 27 0 83 0 0 21 0 217 2 0 396 77 126 0 0 5 0 0 0 0 0 0 13 40 20 21 36 48 0 524 0 459 460 0 212 0 0 13 25 29 0 0 2 34 28 0 0 11 1 8 0 307 3 0 2253 39 64 0 0 0 0 0 2 1088 152 378 0 0 72 531 1663 1249 1382 189
0 22 11 6 0 0 0 0 0 0 105 0 0 0 0 0 0 117 464 35 112 0 0 0 0 0 0 0 0 0 0 0 0 0 0 0 0 1483 6 0 4 0 11 0 1 0 0 0 0 11 0 0 0 0 1 0 0 0 11 0 0 3 0 0 1 0 0 0 0 0 6 0 4 2 2 0 24 0 0 0 0 0 0 0 352 0 0 0 0 0 534 0 43 0 0 0 3 0 0 39 0 0 0 0 1 0 0 26 0 201 1481 0 50 35 31 8
0 246 276 84 417 925 0 386 486 299 197 139 0 289 0 179 43 0 3 2 20 0 0 0 0 0 0 0 0 0 0 0 0 0 0 0 2 0 36 3 47 0 68 22 15 17 0 0 21 0 0 4 12 0 2 0 0 2 101 0 11 54 0 0 13 68 27 26 35 4 38 39 41 15 22 1262 176 0 0 0 0 0 0 0 0 10 0 0 0 0 0 0 0 0 0 0 0 112 150 118 0 0 0 0 0 0 178 443 0 26 0 0 0 0 0 1
805 690 760 4241 1047 863 436 3304 217 170 2227 841 0 336 865 3079 1412 3674 88 59 71 0 0 0 0 0 0 0 0 0 1 7787 4645 6856 9433 84 0 951 31899 1212 6841 126 15633 8047 2363 8025 0 6285 3994 5692 936 10588 2422 1045 1713 24393 2858 1033 9376 10716 1968 9711 241 74 56167 19770 9388 11359 33703 7219 3846 2740 2658 246 1077 3637 4544 1939 395 180 2121 2534 62 2640 0 2937 2470 4 0 1569 394 0 1231 2354 0 289 44 576 620 2091 0 669 0 0 147 0 4603 5395 0 525 3337 2122 1722 3510 4908 66
1699 1660 1181 4231 1075 884 446 3395 213 172 3723 1035 0 343 1064 3286 1400 0 92 34 34 0 0 0 0 0 0 0 0 0 1 222 132 185 263 165 834 2323 4374 650 13182 27 21444 6529 3387 16637 0 2893 3382 1914 16 624 1770 661 1086 7652 5072 541 2271 879 119 1239 30 7 1896 2947 1379 1698 5214 1412 2846 991 1011 89 535 1037 1458 1013 0 383 572 0 10 0 0 793 662 1 2753 0 75 0 0 4571 81 705 2344 672 909 2229 409 792 0 0 27 0 3494 3303 0 546 97 2313 1594 2764 4605 41
0 2 1 0 0 0 0 14 1 1 2 1 0 1 7 0 0 0 2 5 3 0 0 0 0 0 0 0 0 0 0 0 0 0 2 0 0 0 292 38 0 21 0 0 0 68 0 77 0 88 8 0 104 0 0 0 33 82 13 23 230 103 39 11 12 12 7 9 37 18 0 0 0 49 427 3431 163 0 0 0 5 0 4 24 183 0 0 0 0 125 35 0 0 0 0 221 923 199 105 1656 501 195 0 0 0 0 228 731 0 0 1296 311 1047 630 527 148
5 3 4 48 7 4 62 40 2 1 9 1 0 1 1 108 30 1132 0 0 0 0 0 0 0 0 0 0 0 0 0 21 12 18 29 11 0 70 33 104 0 55 0 43 319 0 0 29 71 79 58 0 269 7 12 727 0 10 456 1229 110 342 1335 386 281 832 441 450 596 5976 183 310 0 15 106 0 198 0 0 0 0 0 0 0 0 0 0 0 0 163 10 61 0 73 0 0 115 100 47 0 0 0 0 6 50 0 187 746 0 0 546 0 303 89 229 15
865 550 635 487 552 1669 450 442 3635 1784 4739 909 921 731 934 1113 409 273 0 0 1 0 0 0 0 0 0 0 0 0 0 571 340 499 686 319 890 5794 481 3187 271 1648 399 2172 2702 997 1534 2083 1298 983 129 0 574 62 111 214 63 5312 3587 4634 0 2839 1227 320 542 2987 3600 1977 724 10856 958 2532 69 627 1427 0 550 678 0 268 432 515 14 537 121 597 492 1 1691 76 28 0 0 0 71 0 1024 109 273 783 0 0 0 0 4 0 703 1858 0 112 1075 509 781 921 1613 146
0 0 0 0 0 0 0 0 0 0 0 0 0 0 0 0 0 0 1 0 0 0 0 0 0 0 0 0 0 0 0 0 0 0 0 0 0 0 0 0 0 0 0 0 0 0 0 0 0 0 5 0 0 0 0 0 0 0 0 0 0 0 0 0 0 0 0 0 0 0 0 0 0 0 0 0 6 0 0 0 0 0 0 0 0 0 0 0 0 0 95 0 0 0 0 0 0 0 0 0 0 0 0 0 0 0 0 2 0 0 0 0 0 0 0 1
7 7 8 3 4 24 2 4 38 19 52 9 10 8 9 33 57 61 0 0 1 0 0 0 0 0 0 0 0 0 0 2 1 2 3 6 1 772 4 25 0 14 0 0 5 17 47 44 0 1 81 0 40 4 6 5569 0 114 77 108 36 82 0 0 46 31 20 140 17 87 0 36 0 0 29 0 61 0 0 0 0 0 0 0 0 0 0 0 0 35 0 0 0 0 0 0 257 0 1 0 0 5 0 0 1 0 21 106 0 0 27 0 12 22 22 13
0 0 0 0 0 0 0 0 0 0 0 0 0 0 0 0 0 0 0 0 0 0 0 0 0 0 0 0 0 0 0 0 0 0 0 0 0 2 0 0 0 0 0 0 0 0 0 0 0 0 69016 0 0 0 0 0 0 0 0 0 0 0 0 0 0 0 0 0 0 0 0 0 0 0 0 0 0 0 0 0 0 0 0 0 0 0 0 0 0 0 0 0 0 0 0 0 1 0 0 0 0 0 0 0 0 0 0 1 0 0 0 0 1 0 0 0
0 1 1 66 15 14 7 47 7 4 4 1 0 6 2 60 72 122 0 0 0 0 0 0 0 0 0 0 0 0 0 23 14 20 30 25 16 0 20 114 0 54 0 0 118 134 0 54 0 129 5 0 22 0 0 0 0 670 169 446 0 48 0 0 17 30 15 17 48 369 0 635 0 0 329 0 230 0 0 50 39 0 1 0 996 53 40 5 59 0 0 0 0 0 90 0 161 20 69 0 0 146 0 0 111 0 401 1465 0 121 0 0 1017 587 416 15
68 321 201 129 243 99 62 160 458 98 581 117 442 130 704 329 743 0 0 0 0 0 0 0 0 0 0 0 0 0 0 354 212 303 445 98 263 419 65 390 0 1730 110 496 913 347 83 860 406 697 64 0 48 113 186 326 0 2059 1518 891 262 547 65 0 530 919 455 523 1392 626 254 2259 0 205 474 0 452 30 0 38 93 122 2 98 82 96 44 39 206 316 2548 353 0 0 2751 2049 411 2783 2508 8300 0 0 0 0 19 0 378 2190 0 37 192 0 682 690 613 1
0 3 1 122 25 25 13 89 10 6 18 3 0 10 3 56 0 156 22 14 13 0 0 0 0 0 0 0 0 0 0 145 86 124 187 22 91 555 35 262 33 632 79 703 1736 508 981 840 91 671 1 0 285 120 200 0 58 689 253 217 303 341 196 38 92 143 67 82 254 147 750 4606 0 0 1821 115 311 0 0 123 90 105 2 109 117 28 0 0 847 1317 2228 0 0 0 138 1065 8315 0 27 0 629 0 0 0 0 0 6594 4324 0 1430 7335 549 2300 3818 1971 977
2084 719 2135 1183 1520 5373 9830 2163 0 4093 3564 152 1841 4355 2085 810 4330 1276 110 112 356 0 0 0 0 0 0 0 0 0 0 696 415 605 876 494 129 366 26 675 66 564 130 974 2995 813 962 776 300 1229 3 0 0 83 137 1106 601 918 1095 843 972 1596 19 6 196 1422 272 629 157 130 1197 594 119 27 0 235 1115 902 37 408 558 667 10 695 60 768 624 0 1570 2591 13558 1768 4443 886 1107 68 707 383 399 1025 2601 111 0 28505 0 5026 2463 5217 0 622 1714 915 3559 2679 4451 666
1804 4582 2116 743 2905 5320 91 639 12555 1614 150 3244 107 4927 3327 1862 445 731 12 8 26 0 0 0 0 0 0 0 0 0 0 1112 662 960 1393 74 21 1 23 3 10 662 6 822 472 338 0 1074 276 422 3 62 297 194 318 125 305 259 58 13 856 977 936 303 37 507 323 341 60 143 497 3950 25 123 662 196 400 103 5 554 368 440 2 459 48 510 429 0 929 2138 2644 600 1106 518 0 2240 1688 24 42 635 667 357 0 0 0 1058 600 2711 0 401 1047 449 1046 1035 1351 83
0 0 0 0 0 0 0 0 0 0 0 0 0 0 0 0 0 2505 193 104 1607 0 0 0 0 0 0 0 0 0 0 40 49 103 73 19 87 62 25 63 56 66 42 0 0 0 0 0 0 207 0 0 173 111 149 199 0 0 0 0 0 0 0 0 0 0 0 0 0 0 0 343 14 12 123 0 1002 15 0 0 0 0 0 0 0 0 0 0 0 0 0 0 0 558 0 0 0 0 0 0 0 399 16642 3961 0 0 0 0 0 0 0 0 582 443 768 1686
0 5 0 389 86 86 46 296 47 24 33 10 0 37 11 149 283 0 329 71 66 0 0 0 0 0 0 0 0 0 0 236 156 214 306 17 163 1593 0 594 92 1259 156 864 1160 497 0 380 379 2300 9 0 509 189 304 0 268 1789 396 444 49 175 252 76 63 90 39 48 181 75 390 8811 168 837 4930 484 763 0 0 183 252 298 2 310 384 55 0 0 0 3036 4672 1834 7952 3899 457 675 4505 342 5 819 1760 2614 0 0 424 0 2737 6460 415 586 5947 2944 4322 6132 11882 624
135 18 25 46 17 17 9 73 6 3 34 2 0 6 2 119 0 3 0 0 0 0 0 0 0 0 0 0 0 0 0 0 0 0 0 0 0 9 0 0 0 24 17 32 0 0 0 12 0 0 2 0 0 0 0 0 0 134 0 38 0 3 0 0 74 122 60 69 199 66 0 382 0 5 5 0 16 0 0 53 57 0 0 0 82 0 0 0 0 59 0 0 0 0 0 0 134 0 0 0 0 0 0 0 0 0 0 432 0 804 395 0 48 77 20 102
0 0 0 0 0 0 0 0 0 0 0 0 0 0 0 0 0 0 1 0 0 0 0 0 0 0 0 0 0 0 0 0 0 0 0 0 0 0 0 0 0 1 3 12 0 0 0 0 0 0 0 0 868 0 0 0 0 15 0 0 0 0 0 3 0 0 0 0 1 0 0 0 0 84 0 0 4 0 0 0 0 0 0 0 0 0 0 0 0 0 0 0 0 0 0 0 0 0 0 0 0 0 0 0 0 0 0 0 113 0 0 0 1206 1331 466 77
489 490 368 318 319 595 1314 758 1674 484 2161 1307 667 739 1373 541 861 0 164 147 471 0 0 0 1 0 0 0 0 0 1 830 526 746 1031 60 2325 17467 15 2625 393 2244 1159 1730 1048 612 15 969 1489 4292 76 0 1168 30 36 1643 840 9636 1263 1008 109 545 35 0 1331 4206 1589 1131 1176 869 1589 0 716 427 892 1283 3128 0 29 1280 999 1194 21 0 223 1290 661 1 4331 2881 2822 614 2448 2568 980 1291 4096 524 966 1314 2260 3964 240 1247 976 0 6048 0 0 620 4745 2192 7948 584 8124 1388
0 2 1 0 0 0 0 1 6 4 3 0 0 3 0 17 20 0 0 0 0 0 0 0 0 0 0 0 0 0 0 1 1 0 2 1 29 18 3 0 0 21 0 0 0 0 0 8 0 41 18 0 291 3 4 34 0 20 2 10 0 9 0 0 1 1 0 0 4 2 0 106 0 25 98 0 195 16 0 5 7 19 0 42 0 5 0 1 138 0 0 0 0 41 421 0 93 59 33 0 0 0 0 0 2 0 0 21 0 0 8 0 1228 1048 788 5
115 0 0 0 0 0 0 0 3 10 46 1 2 2 1 1 0 0 62 63 53 0 0 0 0 0 0 0 0 0 0 0 0 0 0 0 0 46 12 0 0 0 0 0 14 0 0 18 0 0 1 0 0 0 0 0 0 0 2 4 0 6 53 12 6 6 4 3 18 0 0 0 0 2 19 0 27 0 0 0 0 0 0 0 2 0 0 0 0 0 2 0 0 0 0 0 170 0 0 17 0 0 0 0 21 0 0 1327 0 0 0 0 349 125 124 107
0 0 0 0 0 0 0 0 440 192 259 29 16 186 29 40 73 0 0 0 0 0 0 0 0 0 0 0 0 0 0 0 8 0 0 0 62 1 2 0 0 33 0 0 0 0 0 74 0 0 0 0 0 0 0 0 0 288 0 11 0 16 2 0 16 2 4 2 7 0 0 354 0 26 88 0 33 0 0 0 24 0 0 0 0 0 0 22 0 77 240 0 0 0 228 0 21 13 83 376 8 0 0 0 33 0 243 2357 0 851 156 0 1468 793 1305 234
3 0 0 0 0 0 1 2 8 3 6 2 0 3 2 0 0 0 0 0 1 0 0 0 0 0 0 0 0 0 0 0 0 0 0 0 0 6 42 0 0 0 0 0 0 0 0 0 0 0 1 0 0 0 0 0 0 0 0 3 0 3 24 4 4 3 0 4 7 2 0 0 0 0 0 0 5 0 0 0 0 1 0 1 8 0 0 0 0 0 12 0 0 0 0 0 3 0 0 0 0 0 0 0 0 0 0 0 0 0 0 0 0 0 0 2
0 0 0 0 0 0 0 0 2 1 0 0 0 1 0 0 0 0 0 0 0 0 0 0 0 0 0 0 0 0 0 0 0 0 0 0 0 0 0 0 0 0 0 0 0 0 0 0 0 0 0 0 0 0 0 0 0 0 0 4 0 8 0 0 0 0 0 0 0 0 0 0 0 0 0 0 5 0 0 0 0 0 0 0 6 0 0 0 0 0 27 0 0 0 0 0 3 0 14 0 0 0 0 0 0 0 0 0 0 0 0 0 562 0 71 34
6 0 8 0 0 0 0 0 0 0 6 7 4 0 6 0 0 2524 0 0 0 0 0 0 0 0 0 0 0 0 0 0 0 0 0 0 0 8 741 0 0 0 0 0 0 0 0 0 0 0 2 0 0 0 0 0 0 0 10 28 0 29 26 0 5 4 4 3 16 2 0 0 0 0 13 0 36 0 0 0 0 2 0 2 2 0 0 0 0 0 11 0 0 0 0 0 0 0 4 0 0 0 0 0 0 0 0 0 0 0 0 0 87 0 0 4
0 0 0 0 0 0 0 0 0 0 0 0 0 0 0 0 0 0 0 145 155 0 0 0 0 0 0 0 0 0 0 0 0 0 0 0 0 0 0 0 0 0 0 0 0 0 0 0 0 0 0 0 0 0 0 0 0 0 0 0 0 0 0 0 0 0 0 0 0 0 0 0 0 0 0 0 0 0 0 0 0 0 0 0 0 0 0 0 0 0 0 0 0 0 0 0 0 0 0 0 0 0 0 0 0 0 0 0 0 0 0 0 0 0 0 0
