118
0 0 0 0 0 0 176 46 5 109 105 47 1 0 0 0 4 0 0 0 0 0 0 0 0 0 218 1 0 0 0 0 111 42 3 0 0 0 0 0 0 0 0 0 0 13 4 0 0 0 0 0 0 0 0 0 0 0 0 1 10 22 0 0 0 0 0 191 0 0 0 0 29 0 0 0 0 0 0 24 0 0 0 0 0 0 0 0 0 0 0 0 0 0 0 0 0 0 0 2 0 58 49 61 20 61 84 79 60 72 91 0 87 86 0 0 0 0
0 0 0 0 9 0 5512 486 639 197 191 4840 866 0 0 0 4 0 0 0 0 0 0 0 0 0 397 1 0 0 0 0 133 52 14 0 0 0 0 0 0 0 0 0 0 15 5 0 0 0 0 0 0 0 0 0 0 0 0 1 12 27 0 0 0 0 0 217 0 0 0 0 33 0 0 0 0 0 0 74 2 0 0 0 0 0 0 0 0 0 0 0 0 0 0 0 0 0 0 2 0 110 105 124 83 115 168 164 138 157 171 0 167 166 0 0 0 0
0 0 0 0 3 0 6 23 16 8 7 9 0 0 0 0 4 0 0 0 0 0 0 0 0 0 4701 3020 26 0 0 0 110 50 20 0 0 0 0 0 0 0 0 0 0 13 4 0 0 0 0 0 0 0 0 0 0 0 0 1 10 24 1 0 0 0 0 181 0 0 0 0 24 0 0 0 0 0 0 151 2 0 0 0 0 0 0 0 0 0 0 0 0 0 0 0 0 9 5 5 0 180 184 211 181 187 284 286 259 278 279 0 274 273 0 6 8 0
0 0 0 0 1 0 0 0 0 0 0 0 0 0 0 0 4 0 0 0 0 0 5874 0 0 0 952 0 0 0 0 0 107 41 5 0 0 0 0 0 0 0 0 0 0 13 4 0 0 0 0 0 0 0 0 0 0 0 0 1 10 21 0 0 0 0 0 185 0 0 0 0 33 0 0 0 0 0 0 12 0 0 0 0 0 0 0 0 0 0 0 0 0 0 0 0 0 0 0 1 0 38 28 37 0 40 52 46 30 39 60 0 56 55 0 0 0 0
0 0 0 0 0 0 0 0 0 0 0 0 0 0 0 0 0 0 0 0 0 0 0 0 0 0 0 0 0 0 0 0 0 0 0 0 0 0 0 0 0 0 0 0 0 0 0 0 0 0 0 0 0 0 0 0 0 0 0 0 0 0 0 0 0 0 0 0 0 0 0 0 0 0 0 0 0 0 0 0 0 0 0 0 0 0 0 0 0 0 0 0 0 0 0 0 0 0 0 0 0 0 0 0 0 0 0 0 0 0 0 0 0 0 0 0 0 0
0 0 0 0 11 0 432 132 85 13 6 302 261 0 0 0 0 0 8 4 1 1 0 0 0 57 38 0 1162 0 16 0 13 166 0 0 0 0 1 5 0 0 0 0 0 0 0 0 0 0 0 0 0 0 0 0 0 0 0 0 0 0 1 0 0 0 0 17 1 0 0 0 0 0 0 0 0 0 0 12 0 0 0 0 0 0 0 0 0 0 0 0 0 0 0 0 0 0 0 1 0 2 0 0 0 4 0 0 307 0 4 0 3 2 0 0 0 0
0 0 0 0 12 0 0 1 0 0 0 0 84 0 0 0 0 0 6529 0 0 0 0 0 0 0 0 0 0 0 0 132 0 0 0 0 0 0 0 0 0 0 0 0 0 0 0 0 0 0 0 0 0 0 0 0 0 0 0 0 0 0 0 0 0 0 0 0 0 0 0 0 0 0 0 0 0 0 0 0 0 0 0 0 0 0 0 0 0 0 0 0 0 0 0 0 0 0 0 0 0 0 0 0 0 0 0 0 0 0 0 0 0 0 0 0 0 0
0 0 0 0 26 0 0 0 0 0 0 0 35 0 0 0 0 0 0 63815 0 0 0 0 0 0 0 0 0 0 0 7 0 0 23 0 0 0 0 0 0 0 0 0 0 0 0 0 0 0 0 0 0 0 0 0 0 0 0 0 0 0 8 0 0 0 0 0 0 0 0 0 0 0 0 0 0 0 0 0 0 0 0 0 0 0 0 0 0 0 0 0 0 0 0 0 0 0 0 3 0 0 0 0 0 0 0 0 0 0 0 0 0 0 0 0 0 0
0 0 0 0 4 0 0 0 0 0 0 0 13 0 0 0 1 0 0 0 1224 0 0 0 0 0 0 0 0 0 0 0 15 0 0 0 0 0 0 0 0 0 0 0 0 2 1 0 0 0 0 0 0 0 0 0 0 0 0 0 2 0 0 0 0 0 0 42 0 0 0 0 1 0 0 0 0 0 0 0 0 0 0 0 0 0 0 0 0 0 0 0 0 0 0 0 0 0 0 4 0 48 38 49 0 51 68 63 44 55 76 0 72 71 0 0 0 0
0 0 0 1 1 0 1 1 0 0 4 0 3 0 0 0 1 0 0 112 3 0 0 0 0 0 3 0 0 1 0 0 0 0 0 0 0 0 2 0 0 0 0 0 0 0 1 1 0 0 0 1 0 2 1 0 0 0 0 1 1 0 0 0 0 0 0 0 3 0 0 0 0 0 0 0 0 0 0 0 1 0 0 2 1 0 0 0 0 0 0 0 0 0 0 0 0 0 0 2 0 0 0 0 0 0 0 0 0 0 0 0 0 0 0 1 0 0
0 0 0 1 1 0 1 1 0 0 0 0 4 0 0 0 1 0 0 201 5 0 0 8 0 0 68 0 0 0 0 0 0 0 0 0 0 0 1 0 0 0 0 0 0 0 1 0 0 0 0 1 0 1 0 0 0 0 0 0 1 0 0 0 0 0 0 0 2 0 0 0 0 0 0 0 0 0 0 0 1 0 0 1 1 0 0 0 0 0 0 0 0 0 0 0 0 0 0 1 0 0 0 0 0 0 0 0 0 0 0 0 0 0 0 0 0 0
0 0 0 0 109 0 159 140 0 33 1168 0 42 0 0 0 0 0 98 0 0 1046 0 9642 0 0 14791 0 0 0 0 0 0 0 0 0 0 0 0 0 0 0 0 0 0 0 0 0 0 0 0 0 0 0 0 0 0 0 0 0 0 0 3 0 0 0 0 0 0 0 0 0 0 0 0 0 0 0 0 0 0 0 0 0 0 0 0 0 0 0 0 0 0 0 0 0 0 0 0 2 0 5 0 0 0 0 0 0 0 0 9 0 7 6 0 0 0 0
0 0 0 0 8 0 0 0 0 0 0 0 0 0 0 0 0 0 0 0 0 0 0 0 0 0 0 0 0 0 0 0 0 0 0 0 0 0 0 0 0 0 0 0 0 0 0 0 0 0 0 0 0 0 0 0 0 0 0 0 0 0 0 0 0 0 0 0 0 0 0 0 0 0 0 0 0 0 0 0 0 0 0 0 0 0 0 0 0 0 0 0 0 0 0 0 0 0 0 0 0 0 0 0 0 0 0 0 0 0 0 0 0 0 0 0 0 0
124 115 101 135 54 331 517 170 131 23 13 429 459 0 16 0 119 23 9 25 0 1 11 55 0 29 129 185 136 41 223 2 10458 7591 6025 0 12 0 83 7 42 15 17 68 69 71 163 184 157 0 11 24 8 91 14 3 0 0 0 23 66 85 19 23 83 51 0 6682 224 102 103 30 107 133 0 0 0 0 0 1 0 0 37 0 0 0 0 0 0 0 0 0 0 0 133 0 220 184 50 191 7 115 100 112 67 102 101 94 81 97 95 0 113 112 0 56 25 0
0 0 0 0 0 39 7 3 2 10 20 3 1 0 0 0 0 0 0 0 0 0 0 0 0 2 0 0 5203 0 0 0 0 0 0 0 0 0 0 0 0 0 0 0 0 0 0 0 0 0 0 0 0 0 0 0 0 0 0 0 0 0 0 0 0 0 0 0 0 0 0 0 0 0 0 0 0 0 0 177 0 0 0 0 0 0 0 0 0 0 0 0 0 0 0 0 0 4 0 0 0 0 0 0 0 0 0 0 0 0 0 0 0 0 0 0 0 0
0 0 0 0 0 0 0 0 0 0 0 0 0 0 0 0 0 0 0 0 0 0 0 0 0 0 0 0 0 0 0 0 1 0 0 0 0 0 0 0 8 0 0 0 0 0 0 1 0 9 8 8 9 9 10 4 0 0 0 0 0 3 0 0 0 0 0 1 1 0 0 0 0 0 0 0 0 0 0 0 0 0 0 0 0 0 0 0 0 0 0 0 0 0 0 0 0 0 0 2 0 10 9 10 9 11 9 9 9 9 10 11 9 9 0 0 0 0
0 0 0 0 1 0 0 0 0 0 0 0 0 0 0 0 0 76298 0 0 0 0 0 0 0 0 0 0 185 0 0 0 0 17 0 0 72106 0 8 0 0 0 0 0 80 61 48 0 60 0 0 0 0 0 0 0 0 0 0 0 0 0 0 0 0 0 0 0 0 0 0 22576 70484 0 0 0 0 0 0 0 0 0 0 0 0 0 0 0 0 0 0 0 0 0 0 0 0 0 0 2 0 0 0 0 0 2 0 0 27 0 0 0 0 0 0 0 0 0
12 12 9 11 7 26 12 7 5 1 0 15 9 0 4 0 0 0 3 5 1 0 3 15 1 13 10 19 30 0 3 3 0 28 8 3 2 11256 14 7 15 13 14 0 243 15 16 32 19 8 5 33 9 23 15 4 0 0 0 8 23 17 5 0 6 3 5 56 23 5 6 9 0 0 0 0 3 0 0 6 2 0 0 0 3 0 0 0 0 0 0 5 1 0 0 0 13 23 6 19 0 16 15 14 14 14 16 15 16 12 14 0 13 13 8 6 6 0
5 6 4 5 2 0 0 35 15 4 2 0 23 0 4 0 7 0 0 11 5 0 5 0 5 54 0 0 0 0 12 0 0 4 0 0 7 0 21 6 7 3 0 0 1 4 6 4 0 0 4 3 4 4 5 0 0 0 0 4 17 0 3 0 4 0 0 3 19 0 0 0 0 0 0 0 0 0 0 0 0 0 0 3 5 0 0 0 0 0 0 0 0 0 3 0 1 15 6 211 0 312 291 301 247 344 280 278 250 280 310 137 291 288 14 3 0 3
2 2 1 1 2 0 30 0 4 0 0 11 7 0 9 0 4 0 0 0 0 0 0 0 0 18 0 0 0 0 6 0 0 0 0 0 1 0 8 0 2 0 0 0 0 1 2 0 0 0 1 0 0 4 4 0 0 0 0 0 6 0 1 0 0 0 0 0 6 0 0 0 0 0 0 0 0 0 0 2957 0 0 0 0 2 0 0 0 0 0 0 0 0 0 0 0 0 16 4 5 0 3 0 0 0 1 0 0 0 0 0 0 0 0 0 2 0 0
0 0 0 0 1 0 9 4 0 0 0 3 2 1 62 0 3 0 0 1 0 0 0 0 0 5 98 0 160 0 5 0 0 3 0 0 0 0 5 0 1 0 0 0 0 0 1 0 0 0 0 0 0 0 1 0 0 1 0 1 4 4 1 0 0 0 0 0 4 0 0 0 0 0 0 0 0 0 0 451 8 0 0 1 2 0 0 0 0 0 0 0 0 0 2 0 10 104 28 3 0 2 0 0 0 0 0 0 0 0 0 0 0 0 12 17 0 0
0 0 0 0 0 0 32 12 3 0 0 0 11 0 1 0 0 0 0 3 1 0 0 4 0 25 0 0 0 0 0 0 0 0 0 0 0 0 0 2 0 0 0 0 0 0 0 0 0 0 0 0 0 0 0 0 0 0 0 0 0 0 0 0 0 0 0 0 0 0 0 0 0 0 0 0 0 0 0 0 0 0 0 0 0 0 0 0 0 0 0 0 0 0 0 0 0 1 0 0 0 0 0 0 0 0 0 0 0 0 0 0 0 0 0 0 0 0
0 0 0 0 3 0 18 16 11 1 1 15 3 0 3 0 4 0 0 2 0 0 0 2 0 7 192 9 25 0 9 0 0 3 0 0 0 0 8 1 1 0 0 0 0 1 2 0 0 8 12 10 11 11 15 0 0 0 0 1 7 0 1 0 1 0 0 0 7 0 0 0 0 0 0 0 0 0 0 8 0 0 0 0 2 0 0 0 0 0 0 0 0 0 0 0 0 0 2 7 0 22 15 10 0 19 6 0 0 0 16 0 18 16 0 0 0 0
16 19 3 15 16 14 972 926 630 30 0 0 87 0 125 0 175 0 25 23 4 0 0 0 0 195 0 0 0 0 14 11 0 0 0 71 2 0 18 48 6 0 0 1693 41 54 45 56 59 0 1 4 1 9 5 0 0 0 0 63 46 0 6 0 0 0 0 0 19 0 0 0 0 0 0 0 15 0 0 699 0 0 0 7 17 0 0 0 0 0 0 0 0 0 0 0 0 233 63 10 0 13 0 0 0 5 0 0 0 0 4 0 12 10 0 28 44 0
0 0 0 0 0 0 2 1 0 0 0 1 1 0 0 0 0 0 0 0 0 0 0 0 0 0 0 0 0 0 0 0 0 0 0 0 0 0 0 0 0 0 0 0 0 0 0 0 0 0 0 0 0 0 0 0 0 0 0 0 0 0 0 0 0 0 0 0 0 0 0 0 0 0 0 0 0 0 0 0 0 0 0 0 0 0 0 0 0 0 0 0 0 0 0 0 0 0 0 0 0 0 0 0 0 0 0 0 0 0 0 0 0 0 0 0 0 0
2 1 1 1 1 0 43 61 42 7 6 58 1 0 0 0 1 0 0 0 0 0 0 0 0 0 0 0 2 0 0 0 0 0 0 0 2 0 4 0 2 0 0 0 0 0 1 0 0 0 9 7 9 9 11 0 0 0 0 0 3 0 1 0 0 0 0 0 4 0 0 0 0 0 0 0 0 0 0 0 0 0 0 0 0 0 0 0 0 0 0 0 0 0 0 0 4 0 0 29 0 91 72 73 331 104 62 51 25 42 92 0 81 78 0 0 0 1
0 0 0 0 36 0 4026 1752 620 0 0 0 948 0 168 0 9 0 500 320 0 251 0 500 0 2282 0 281 4650 8 7 12 0 539 0 0 0 0 7 208 19 4 343 0 0 1 4 0 0 0 0 0 0 2 2 0 0 0 0 0 5 19 12 0 0 0 0 0 8 0 0 0 0 0 0 0 0 0 0 1287 0 0 0 0 4 0 0 0 0 0 0 0 0 0 0 0 0 308 80 13 0 3 0 0 0 1 0 0 1157 0 0 0 2 0 0 55 0 0
0 0 0 0 4 11 1156 466 151 24 32 425 279 0 175 0 1 0 130 86 17 3 0 115 0 669 0 0 19673 0 0 0 0 1632 0 0 0 0 1 49 5 0 51 0 0 0 1 0 0 0 0 0 0 0 0 0 0 0 0 0 0 0 6 0 0 0 0 0 1 0 0 0 0 0 0 0 25 0 0 171 0 0 0 0 0 0 0 0 0 0 0 0 0 0 0 0 0 0 0 3 0 0 0 0 0 0 0 0 3594 0 0 0 0 0 0 0 0 0
1 1 0 1 2 0 384 218 264 13 8 345 0 0 0 0 0 0 610 33 0 27 0 284 0 0 0 0 0 0 0 8 0 0 0 0 0 0 2 206 22 0 364 0 0 0 3 0 0 0 0 0 0 0 0 0 0 0 0 0 0 3 8 0 0 0 0 0 2 0 0 0 0 0 0 0 2 0 0 460 0 0 0 0 0 0 0 0 0 0 0 0 0 0 0 0 0 131 15 12 0 0 0 0 0 0 0 0 0 0 0 0 1 0 0 28 0 0
16 18 17 9 8 32 32 12 11 0 0 40 1 0 296 0 26 30 11 24 0 1 9 36 0 73 0 59 12 0 2933 887 0 14 0 0 14 0 108 0 216 246 0 0 137 43 29 63 94 0 0 0 0 0 15 5 0 0 0 215 49 223 15 0 0 0 0 5 9 534 548 0 0 731 0 0 35 0 0 88 0 0 0 0 1 0 0 0 0 0 0 0 97 0 0 0 123 315 0 48 0 99 86 40 146 110 102 86 0 4 25 0 23 22 156 133 178 0
6 5 4 5 2 0 5 8 5 0 0 8 13 0 108 0 12 0 0 0 0 0 0 0 0 3 0 9 4 0 0 426 0 4 0 0 2 0 7 0 7 0 0 0 0 2 2 0 0 8 0 0 0 1 6 17 0 0 0 0 16 0 7 0 2 0 0 0 8 0 0 0 0 0 0 0 0 0 0 0 0 0 0 0 1 0 0 0 0 0 0 0 0 0 0 0 0 12 0 110 0 1 0 0 0 1 0 0 0 0 0 0 0 0 0 0 27 0
9 9 6 9 13 8 0 0 9 10 10 8 9 0 28 0 11 0 7 14 10 10 12 0 11 17 0 9 0 0 0 0 0 2 0 0 11 0 23 0 538 0 0 0 6 12 12 7 11 583 548 545 577 563 668 291 0 0 20 9 0 361 6 0 5 0 0 9 34 0 0 0 0 0 0 0 0 0 0 0 11 0 0 0 10 0 0 0 0 0 0 0 0 0 0 0 25 26 53 132 1 626 609 622 560 697 582 589 555 607 630 616 587 586 57 17 12 8
0 0 0 0 21 0 18 25 0 2 2 26 16 0 25 0 513 2 5 30 3 2 15 70 1 26 82 141 126 228 146 53 0 6573 5607 0 11 0 78 57 32 0 0 258 519 1582 556 495 498 27 36 28 22 108 92 5 0 0 0 229 1300 3525 33 0 0 0 0 21368 68 0 0 0 4455 64 0 0 1 0 0 0 914 0 15 0 5 0 0 0 0 0 0 0 0 0 292 0 0 33 19 103 0 78 45 57 0 55 64 52 13 33 63 0 82 79 19 27 99 0
0 0 0 0 15 0 16 15 0 0 0 27 14 0 1 0 0 0 0 1 0 0 0 7 0 14 0 0 15 0 0 0 0 0 0 0 2 0 7 0 1 0 0 113 1430 26 14 0 35 0 1 0 1 0 2 1 0 0 0 0 95 59 19 0 0 0 0 275 37 0 0 0 48 0 0 0 0 0 0 0 0 0 0 0 0 0 0 0 0 0 0 0 0 0 0 0 0 0 0 18 0 2 0 0 0 4 0 0 0 0 2 0 1 0 4 0 0 0
0 0 0 0 2 14 41 0 31 21 22 56 37 0 24 0 28 0 69 98 27 25 62 220 26 82 108 195 126 35 101 88 0 8 0 1431 29 43 68 0 87 29 5 9 216 429 420 152 218 485 451 485 447 466 540 233 0 0 0 27 79 55 57 0 26 0 0 382 100 0 0 0 80 19 0 0 0 0 0 0 0 0 0 0 12 0 0 0 0 0 0 0 0 0 0 0 0 72 42 156 1 1351 1323 1347 1229 1504 1257 1272 1217 1330 1364 1492 1270 1267 165 11 8 15
10 8 7 8 5 8 10 13 9 0 1 14 1 18 19 0 12 0 11 24 2 1 11 0 0 10 33 77 48 21 97 25 229 109 0 0 5 0 79 0 22 0 0 0 30 58 27 0 17 0 0 0 0 0 1 1 0 0 0 7 39 48 10 0 0 0 0 359 17 0 0 0 74 0 0 0 48 0 0 0 0 0 0 0 15 0 0 0 0 0 0 0 0 0 111 0 32 566 13 76 0 2 0 0 0 3 0 0 0 0 2 0 0 0 514 0 10 0
1 2 0 1 1 2 0 0 0 0 0 0 0 0 0 0 0 0 0 0 0 0 0 0 0 0 0 0 0 0 0 0 0 0 0 0 0 35 1 0 0 0 0 0 0 0 0 0 0 11 15 15 16 15 18 6 0 0 0 0 0 0 4 0 0 0 0 0 0 0 0 0 0 0 0 0 0 0 0 0 0 0 0 0 0 0 0 0 0 0 0 0 0 0 0 0 0 0 0 238 0 3 0 0 0 5 0 0 0 0 3 0 0 0 0 0 0 0
6165 7738 1058 5663 160 11243 1178 581 292 34 29 384 614 150 25 0 944 0 1 26 3 2 15 89 7 70 28 58 57 1 33 9 20 85 0 13 0 0 7 161 368 115 61 104 0 0 34 58 0 45 25 335 29 39 122 30 0 0 0 38 20 0 5 0 0 0 8 3 4 0 0 0 0 0 0 0 0 0 0 35 0 0 0 0 0 0 0 0 0 0 0 0 0 0 0 0 0 95 0 216 1 43 0 0 0 49 5 0 0 0 63 0 2 0 56 24 33 0
0 0 0 0 0 0 0 0 0 0 0 0 0 0 0 0 0 0 0 0 0 0 0 0 0 0 0 0 0 0 0 0 0 0 0 0 0 0 0 0 0 0 0 0 0 0 0 0 0 0 0 0 0 0 0 0 0 0 0 0 0 0 0 0 0 0 0 0 0 0 0 0 0 0 0 0 0 0 0 0 0 0 0 0 0 0 0 0 0 0 0 0 0 0 0 0 0 0 0 0 0 0 0 0 0 0 0 0 0 0 0 0 0 0 0 0 0 0
1 0 0 0 3 0 1 2 1 0 0 2 1 0 5 0 668 0 0 1 0 0 0 0 0 8 0 0 0 112 23 82 0 16 120 592 6 0 22 0 11 0 0 8799 282 216 172 300 265 0 2736 106 209 865 423 578 0 67 0 262 139 209 100 0 4 0 0 0 23 0 0 0 0 0 0 0 105 0 0 0 0 0 3 0 0 0 0 0 0 0 0 0 0 0 0 0 0 65 0 23 0 31 20 24 22 25 23 52 35 50 22 0 29 28 10 0 367 0
311 390 51 286 3 565 57 28 14 1 1 16 30 0 0 0 5 0 0 0 0 0 0 0 0 0 0 0 0 0 0 0 0 0 0 0 0 0 0 0 0 0 0 0 0 0 0 0 0 0 0 0 0 0 0 0 0 0 0 0 0 0 0 0 0 0 0 0 0 0 0 0 0 0 0 0 0 0 0 0 0 0 0 0 0 0 0 0 0 0 0 0 0 0 0 0 0 0 0 0 0 0 0 0 0 0 0 0 0 0 0 0 0 0 0 0 0 0
4483 5625 750 4125 3699 8155 821 419 205 25 21 232 428 0 180 0 547 0 0 3 0 0 1 19 0 13 0 28 5 0 188 8 37 27 0 1 10 0 12 68 36 0 0 0 24 56 7 0 46 0 138 0 15 63 21 35 0 0 0 49 28 48 21 0 0 0 0 0 14 0 0 0 0 0 0 0 214 0 0 0 0 0 39 0 0 0 0 0 0 0 0 0 0 0 0 0 76 250 81 70 0 23 12 16 0 20 13 3 0 3 17 0 21 20 13 131 337 0
127 157 25 117 39 213 27 19 13 8 8 14 18 0 10 0 80 0 14 28 8 5 16 28 9 54 0 0 0 82 62 1 61 29 0 30 13 0 33 997 495 535 0 17 83 58 44 38 176 0 7 137 24 18 14 16 0 0 0 28 0 11 13 0 15 0 0 2 28 0 0 0 0 31 0 0 0 0 0 0 0 0 0 0 3 0 0 0 0 0 0 0 0 0 0 0 0 0 11 185 1 472 459 461 412 517 441 447 417 455 472 452 440 439 22 4 87 5
46 39 31 41 292 44 40 50 59 6 6 64 22 0 243 0 304 167 106 141 23 11 91 0 11 15 141 258 150 398 340 394 0 0 0 53 10 0 149 0 170 181 0 0 624 251 224 274 361 116 157 144 151 145 204 104 0 159 0 308 1366 388 215 0 8 0 0 6 47 0 0 0 0 122 0 0 0 0 0 6 0 0 115 0 0 0 0 0 0 0 0 0 0 0 14 0 12 14 69 851 0 344 470 333 246 377 314 296 282 317 342 111 327 324 72 32 20 3
23 17 13 19 29 26 28 33 22 1 1 48 24 0 3 0 0 0 0 10 0 1 4 0 0 25 18 41 27 0 0 0 0 0 0 0 3 164 16 0 1 0 0 0 0 11 13 0 0 0 0 0 0 3 0 0 0 0 0 5 138 33 33 0 0 0 0 0 37 0 0 0 0 0 0 0 0 0 0 0 0 0 0 0 0 0 0 0 0 0 0 0 0 0 0 0 0 0 0 391 0 0 0 0 0 2 0 0 0 0 0 0 0 0 0 0 0 0
0 0 0 0 0 1 1 1 0 0 1 2 1 0 1 0 0 0 0 0 0 1 0 0 1 1 0 2 0 0 0 0 0 0 0 0 1 19 3 0 1 0 0 0 0 0 1 0 0 0 0 0 0 0 0 0 0 0 0 0 2 0 1 0 0 0 0 0 19 0 0 0 0 0 0 0 0 0 0 0 0 0 0 0 0 0 0 0 0 0 0 0 0 0 0 0 0 0 0 24 0 67 57 61 18 77 55 41 37 47 68 0 62 61 0 0 0 1
0 0 0 0 0 0 0 1 0 0 0 1 0 0 0 0 0 0 0 0 0 0 0 0 0 0 0 0 0 0 0 0 0 0 0 0 0 0 0 0 0 0 0 0 0 0 0 0 0 0 0 0 0 0 0 0 0 0 0 0 0 0 0 0 0 0 0 0 31 0 0 0 0 0 0 0 0 0 0 0 0 0 0 0 0 0 0 0 0 0 0 0 0 0 0 0 0 0 0 1 0 0 0 0 0 0 0 0 0 0 0 0 0 0 0 0 0 0
9 7 6 8 8 17 10 13 7 0 0 15 5 0 17 0 89 0 0 6 0 0 2 0 0 7 18 40 32 0 48 0 0 20 0 6 13 0 23 0 16 5 0 0 67 75 97 0 0 0 41 1 42 21 72 0 0 0 0 32 107 0 11 0 40 0 0 0 379 0 0 0 0 0 144 192 89 0 0 0 0 0 87 0 7 0 0 0 0 0 0 0 0 0 0 0 19 0 0 102 0 31 14 20 0 33 20 0 0 4 30 0 31 30 39 0 0 0
20 16 12 17 3 20 21 25 19 6 6 34 19 0 5 0 0 0 0 7 4 5 6 0 5 11 8 14 10 0 3 0 0 0 0 0 10 1063 17 0 13 0 0 0 31 130 314 34 0 0 0 61 3 3 0 2 0 0 0 0 16 0 11 0 0 0 0 0 55 0 0 0 0 0 0 0 0 0 0 0 0 0 0 0 0 0 0 0 0 0 0 0 0 0 0 0 0 0 0 157 0 338 319 328 251 378 306 297 279 311 340 179 316 314 5 0 0 3
12 14 3 11 15 19 4 4 2 0 0 4 3 7 7 0 21 0 0 5 0 0 0 14 0 1 14 26 30 1 0 0 0 21 0 17 0 0 28 3 22 18 4 0 13 10 10 19 9 0 2 13 4 7 0 0 0 0 0 0 1 0 420 0 5 0 0 0 32 0 0 0 0 0 0 0 0 0 0 0 0 0 0 0 6 0 0 0 0 0 0 0 0 0 7 0 0 0 2 79 0 0 10 14 0 0 12 0 0 3 0 0 18 17 0 5 0 0
3 4 0 3 2 6 1 1 0 0 0 0 0 0 1 0 3 0 0 0 0 0 0 0 0 0 0 2 3 0 0 0 0 0 0 0 0 0 2 0 23 0 0 0 2 11 7 0 3 0 0 4 2 3 0 1493 0 0 0 0 3 0 57 0 0 0 0 0 2 0 0 0 0 0 0 0 0 0 0 0 0 0 0 0 0 0 0 0 0 0 0 0 0 0 0 0 0 0 0 3 0 0 0 0 0 0 0 0 0 0 0 0 1 0 0 0 0 0
4 4 1 3 3 6 1 1 0 0 0 1 1 0 1 0 4 0 0 0 0 0 0 0 0 0 0 5 5 4 3 0 0 3 0 3 0 0 4 0 12 0 0 0 3 2 2 0 0 0 0 0 0 3 0 0 0 0 0 0 3 0 128 0 0 0 0 0 5 0 0 0 0 0 0 0 0 0 0 0 0 0 0 0 0 0 0 0 0 0 0 0 0 0 0 0 0 0 0 11 0 0 0 0 0 0 0 0 0 0 0 0 0 0 0 0 0 0
1 1 0 1 1 2 0 0 0 0 0 0 0 0 0 0 2 0 0 0 0 0 0 0 0 0 0 2 2 1 1 0 0 0 0 1 0 0 2 0 3 0 0 0 0 0 1 0 0 0 0 0 0 1 0 0 0 0 0 0 1 0 16 0 0 0 0 0 2 0 0 0 0 0 0 0 0 0 0 0 0 0 0 0 0 0 0 0 0 0 0 0 0 0 0 0 0 0 0 1 0 0 0 0 0 0 0 0 0 0 0 0 0 0 0 0 0 0
2 3 1 2 1 2 1 1 0 0 0 1 0 0 1 0 3 0 0 0 0 0 0 0 0 0 0 3 3 0 0 0 0 1 0 1 0 0 3 0 12 0 0 0 0 1 2 0 0 0 0 0 0 0 0 8 0 0 0 0 14 0 160 0 0 0 0 0 3 0 0 0 0 0 0 0 0 0 0 0 0 0 0 0 0 0 0 0 0 0 0 0 0 0 0 0 0 0 0 5 0 0 0 0 0 0 0 0 0 0 0 0 0 0 0 0 0 0
2 2 0 1 1 3 1 1 0 0 0 1 0 0 0 0 1 0 0 0 0 0 0 0 0 0 0 2 1 0 0 0 0 0 0 0 0 0 2 0 15 0 0 0 1 8 8 0 5 63 3 537 936 322 0 64 0 0 0 0 15 0 25 0 0 0 0 0 3 0 0 0 0 0 0 0 0 0 0 0 0 0 0 0 0 0 0 0 0 0 0 0 0 0 0 0 0 0 0 2 0 0 0 0 0 0 0 0 0 0 0 0 0 0 0 0 0 0
0 0 0 0 1 0 0 0 0 0 0 0 0 0 0 0 0 0 67 54 29 13 550 146 0 11 60 20 92 0 0 0 0 0 0 0 0 0 0 0 2 0 0 0 0 0 0 0 0 57 0 7 4 0 0 0 0 0 0 8 45 1051 3102 0 0 0 0 0 1 0 0 0 1 0 0 0 0 0 0 0 60 0 0 0 0 0 0 0 0 0 0 0 0 0 0 0 0 0 0 794 0 0 0 0 0 0 0 0 0 0 0 0 0 0 0 0 0 0
430 370 274 375 124 341 361 396 308 26 21 662 192 885 537 0 1132 1075 394 564 78 28 327 1843 28 492 634 1241 740 1114 318 2741 676 640 1064 630 16 30 247 1538 977 1065 4027 1805 2997 4124 1047 3761 3280 1179 321 538 280 293 874 845 0 12501 190 3753 5266 13094 1074 1849 476 373 1909 778 1370 614 653 293 208 41 3690 1428 609 0 0 0 0 0 1894 0 23 0 0 0 0 0 0 0 2272 0 40 0 1064 75 61 617 1 2909 3027 3167 3169 3132 4021 4130 3711 4003 4035 1675 3762 3758 138 238 92 1
128 377 244 533 277 1027 26 31 28 4 3 41 150 233 66 1 31 1776 0 9 0 2 1 16 1 30 29 875 82 9 224 110 115 55 17 19 79 315 811 0 132 71 94 0 229 165 115 169 190 44 37 59 46 16 78 9 0 0 0 64 80 258 94 339 377 182 124 145 503 448 458 0 0 0 0 0 3 0 0 0 0 0 368 0 18 0 0 0 0 0 0 0 0 0 0 0 0 13 0 777 0 157 144 150 110 142 137 128 120 138 128 17 148 147 11 0 0 1
250 291 75 226 76 396 86 90 55 7 7 83 1166 96 51 0 655 11 30 53 6 3 27 132 2 90 93 176 151 497 239 0 206 66 308 255 130 516 1865 1681 829 1026 910 265 199 156 114 132 339 36 45 384 45 249 73 22 0 51 0 93 107 8 22 62 102 0 0 50 290 91 94 814 0 124 0 368 243 0 0 0 0 0 0 344 122 142 0 1722 0 0 13 0 0 0 322 0 72 202 714 234 0 170 157 153 120 141 163 161 136 153 140 15 160 159 569 141 169 0
0 0 0 0 24 1 1 1 0 0 0 1 1 0 3 0 6 0 0 0 0 0 0 0 0 4 4 11 25 0 6 0 0 1 0 0 3 0 14 0 7 0 0 0 0 5 5 0 0 84 98 53 36 49 133 0 0 0 0 0 0 0 110 0 0 0 0 0 11 0 0 0 0 0 0 0 0 0 0 0 0 0 0 0 0 0 0 0 0 0 0 0 0 0 0 0 0 0 0 503 0 14 4 8 0 11 6 0 0 0 9 0 14 13 0 0 0 0
0 0 0 0 6 1 0 0 0 0 0 0 1 0 18 0 0 0 0 0 0 0 0 0 0 0 0 1 0 0 0 26 0 0 0 0 0 0 2 0 0 0 6 0 0 0 1 0 0 0 0 0 0 0 0 0 0 0 0 0 0 1032 7 27 138 51 0 180 2 66 81 71 57 0 0 0 44 0 0 0 93 0 0 1714 3312 0 0 0 0 0 0 0 124 0 9 0 0 0 0 12 0 0 0 0 0 0 0 0 0 0 0 0 0 0 0 13 0 0
0 0 0 0 7 14 7 8 0 7 7 9 10 0 12 0 16 0 8 12 0 8 10 0 9 16 0 15 0 0 37 0 0 0 0 0 8 16 27 0 18 0 0 0 0 16 15 19 16 859 482 810 819 838 895 0 0 0 0 15 0 0 6 8 14 0 0 22 43 7 8 13 4 17 0 0 2 0 0 0 0 0 7 0 7 0 0 0 0 4 1 0 0 0 0 0 0 12 14 299 1 436 429 271 391 476 407 98 391 427 431 456 409 408 10 12 11 7
0 0 0 0 0 0 0 0 0 0 0 0 0 0 0 0 0 0 0 0 0 0 0 0 0 0 0 0 0 0 0 0 0 0 0 0 0 0 0 0 0 0 0 0 0 0 0 0 0 0 0 0 0 0 0 0 0 0 0 0 0 0 0 0 0 0 0 0 0 0 0 0 0 0 0 0 0 0 0 0 0 0 0 0 0 0 0 0 0 0 0 0 0 0 0 0 0 0 0 0 0 0 0 0 0 0 0 0 0 0 0 0 0 0 0 0 0 0
762 943 252 652 82 1452 374 138 111 8 7 358 186 0 94 0 210 1 76 112 12 6 62 389 3 311 116 238 135 206 169 146 248 391 136 111 87 371 584 182 428 559 317 344 211 173 136 486 403 241 102 1410 1932 133 509 13 0 0 0 168 0 0 48 0 0 0 0 0 0 1189 1190 0 0 1051 0 142 68 0 115 207 4 0 6 0 0 0 0 66 0 0 0 0 0 0 83 0 0 532 85 770 0 153 139 58 254 171 162 143 0 2 27 0 24 21 276 177 286 0
4 5 5 3 63 7 7 4 3 0 0 10 16 0 4 0 22 0 0 1 0 0 0 6 0 13 3 11 7 4 0 0 20 7 0 18 3 11 132 0 9 8 0 0 0 4 4 0 5 0 12 30 171 322 11 2 0 0 0 0 0 0 19 1 0 1 1 0 2 2 2 0 0 0 0 0 0 0 0 0 0 0 0 0 0 0 0 0 0 0 0 0 0 0 0 0 4 0 2 52 0 17 0 0 0 21 0 0 0 0 2 0 0 0 11 4 8 0
145 598 173 75 3 341 307 94 98 11 10 387 264 0 112 0 412 0 98 139 19 7 82 476 7 370 146 283 163 246 200 176 356 464 160 132 1 4 1621 204 504 670 395 413 102 205 161 552 478 307 119 1678 132 160 605 31 0 0 60 209 0 2 3 0 0 0 0 0 0 335 336 0 0 0 0 134 74 0 355 258 14 0 0 3 5 2 0 100 0 0 0 0 0 0 17 0 0 625 139 11 0 183 170 73 32 396 1536 185 6 669 61 0 56 55 334 219 334 0
304 348 387 157 16 716 644 199 206 12 11 814 286 18 235 0 3887 0 211 294 41 14 175 1005 70 777 309 595 343 519 434 380 648 982 376 285 0 0 1 437 1063 1417 823 870 528 431 337 1253 1465 652 249 3528 279 337 1272 297 0 0 126 442 81 19 12 0 0 0 0 0 0 36 36 0 0 0 0 421 188 0 916 549 43 0 33 13 10 4 0 259 0 15 0 0 0 0 279 0 0 1433 272 334 8 387 371 163 707 429 436 448 74 46 592 0 60 60 707 464 732 0
0 0 0 0 3 0 12 2 0 0 0 14 15 0 5 0 24 0 0 5 0 0 2 17 0 13 4 12 6 0 7 0 0 0 0 0 0 0 95 4 18 21 0 0 6 7 7 5 13 8 13 66 15 6 24 0 0 0 0 5 0 0 4 0 0 0 0 0 0 0 0 0 0 0 0 0 0 0 0 5 0 0 0 0 0 0 0 0 0 0 0 0 0 0 0 0 0 1 0 62 0 17 0 0 0 22 0 0 0 0 0 0 0 0 7 6 10 0
0 0 0 0 5 0 0 0 0 0 0 0 0 0 0 0 0 0 0 0 0 0 0 0 0 0 0 0 0 0 0 0 0 0 0 0 0 0 0 0 0 0 0 0 0 0 0 0 0 0 0 0 0 0 0 0 0 0 0 0 0 0 14 0 0 0 0 0 0 0 0 0 0 0 0 0 0 0 0 0 0 0 0 0 0 0 0 0 0 0 0 0 0 0 0 0 0 0 0 2114 99832 0 0 0 0 0 0 0 0 0 0 0 0 0 0 0 0 0
81 93 97 42 65 190 172 53 55 2 2 217 76 0 63 0 119 0 51 76 9 4 44 261 2 206 79 158 90 0 105 94 145 261 73 68 69 295 468 109 283 369 199 219 138 114 90 264 264 163 65 938 73 88 337 8 0 0 0 113 0 0 23 0 0 0 0 0 0 0 0 0 0 820 0 13 32 0 69 133 0 0 0 0 2 0 0 9 0 0 0 0 0 0 0 0 148 291 73 117 0 107 94 38 160 120 113 98 0 0 17 0 14 13 188 112 183 0
73 84 88 38 121 172 155 48 50 2 2 196 69 0 57 0 108 0 45 68 8 3 39 236 2 186 71 143 82 0 94 84 129 236 62 60 63 266 424 98 256 333 182 196 125 103 81 228 239 146 59 15707 66 80 33092 8 0 0 0 102 0 0 38 0 0 0 0 0 0 1955 0 0 0 3139 0 326 171 0 826 521 35 0 4 11 9 0 0 240 0 0 0 0 0 0 183 0 542 1339 289 629 0 375 359 157 677 416 421 398 39 43 64 0 58 58 683 434 694 0
123 141 147 63 51 289 260 80 83 4 4 329 116 0 0 0 0 0 211 294 37 15 170 1013 8 796 310 608 349 93 71 64 114 862 323 254 491 3986 3283 131 520 469 266 226 496 407 318 1138 951 184 9 160 11 12 86 9 0 73 0 122 0 0 13 25766 860 929 24463 8987 4623 764 764 0 4522 835 0 26 39 0 0 3037 0 0 0 0 2 0 0 0 0 0 0 0 0 0 47 0 0 183 0 103 0 103 90 36 162 116 103 85 0 0 16 0 13 12 177 83 125 0
0 0 0 0 0 30 27 8 0 0 0 35 0 0 0 0 0 0 16 25 3 1 14 85 0 66 26 51 29 122 105 89 0 0 0 0 7 31 0 79 192 257 152 79 30 25 20 64 57 20 0 0 0 0 0 0 0 13 10 19 0 0 3 0 0 0 0 0 3 623 624 0 0 732 0 91 40 0 211 122 0 0 3 2 2 1 0 68 0 9 0 0 0 0 69 0 101 327 64 11 0 85 79 34 147 95 93 85 3 5 14 0 13 12 156 102 162 0
109 97 84 100 69 105 97 135 92 12 11 138 145 0 100 0 13 18 53 99 12 5 50 248 1 451 196 400 285 0 159 90 0 15 0 1458 207 826 2991 28 73 68 0 0 45 49 40 6 30 37 44 33 10076 19548 93 32 0 21 0 52 16 0 19 0 88 84 78 24 153 0 0 0 0 0 0 0 0 0 0 332 0 0 0 0 8 0 0 0 0 0 0 0 0 0 0 0 102 578 180 408 0 94 84 84 16 108 76 58 55 68 94 0 87 86 242 242 659 1
1194 1098 917 1265 293 2795 277 292 223 28 24 396 1035 4171 202 0 750 308 495 709 97 36 411 2295 34 446 865 1652 1043 653 1177 1059 13422 8652 8561 12554 52 3911 373 458 936 883 1010 894 2757 4105 2676 0 2197 291 247 209 146 377 386 192 0 2284 375 854 1659 4296 665 619 752 741 585 16446 1859 1091 1104 201 2701 1367 0 0 323 0 442 579 589 0 453 98 58 12 0 848 0 0 12 969 0 92 552 0 2257 1824 752 1722 57 1392 1396 1463 1296 1471 1510 1532 1428 1561 1531 1147 1496 1492 487 698 705 1
51 43 37 43 115 40 46 62 42 4 4 68 7 55 125 0 1009 65 50 77 9 4 44 251 2 11 123 228 168 198 321 189 266 76 200 24 22 88 76 61 116 118 79 501 476 331 271 0 373 32 254 73 238 143 416 13 0 235 0 336 547 117 103 0 76 0 0 1 577 0 0 0 0 215 124 0 532 0 20 0 0 0 0 0 42 0 0 111 0 0 0 0 789 0 19 0 0 131 59 609 0 160 146 154 113 173 153 145 129 149 168 0 160 158 218 0 0 0
38 33 27 33 4 28 34 46 86 11 11 48 8 29 10 0 13 0 9 11 9 9 12 0 10 16 0 0 0 0 17 3 0 7 2 0 11 54 26 0 22 0 4 13 19 19 14 0 16 373 353 358 347 389 431 170 0 0 0 17 0 0 19 0 23 0 0 11 43 0 0 0 0 21 0 0 0 0 0 0 0 0 0 11 19 0 0 0 0 0 0 0 0 0 11 0 0 0 0 153 1 565 884 540 611 632 646 626 575 596 598 610 539 539 44 0 0 6
3822 1628 82 426 4792 1530 30543 7091 5903 1612 1228 25408 14502 2791 1280 0 1742 60 39232 736 3032 65 15737 6288 2 1626 8686 5246 4387 4526 6379 17442 1039 3484 4319 8989 254 805 3772 532 595 653 1354 2803 1305 1116 927 1659 1028 421 503 380 132 530 1130 206 1039 3570 2455 1276 3048 699 546 4255 1664 984 898 1223 3204 1628 1588 5241 406 665 2570 1718 736 0 880 4109 368 0 189 1599 1486 0 0 1031 0 46 276 0 693 173 1186 0 809 4561 1555 1729 1 3935 3981 4153 3966 1095 4429 4533 4307 4594 1552 3701 4323 4318 3016 1149 2002 1
549 475 433 489 526 335 239 642 10 0 0 503 16 289 1064 0 102 648 58 104 7 104 55 207 1 97 328 549 589 1389 2417 562 9 508 222 543 71 139 1133 329 293 313 1143 231 1272 78 66 259 71 952 795 471 14 397 3076 15 175 801 344 564 1336 141 318 0 76 0 0 59 201 0 0 190 0 321 0 0 176 0 0 3282 12 0 594 507 471 403 0 0 0 0 0 0 0 0 368 0 20 622 165 779 0 450 424 460 356 361 406 401 388 425 319 246 434 431 348 364 755 0
0 0 0 0 25 0 3681 1468 412 30 11 1314 913 0 0 0 35 0 471 0 0 17 0 0 0 2213 0 0 0 0 14 8 11 36 13 96 4 0 37 644 50 6 376 0 51 47 35 51 57 10 32 33 11 37 101 14 2 119 79 132 102 14 34 0 3 0 0 0 50 0 0 0 0 0 0 11 54 0 0 0 0 0 76 0 15 740 0 0 0 0 0 0 0 0 456 0 448 1854 194 210 0 23 9 15 0 21 13 3 0 2 19 0 24 22 531 331 0 0
0 0 0 0 92 9 6 9 4 0 0 10 4 142 53 0 910 0 15 28 0 1 16 79 0 66 45 95 69 44 63 0 0 79 143 15 476 1020 1816 233 90 74 307 53 58 139 294 129 400 449 30 66 3 76 298 0 150 15 69 308 0 1 34 0 10 0 0 17 52 0 0 12 22 6 0 60 11 0 0 3 0 0 173 154 94 0 0 282 0 0 0 0 0 0 164 0 0 425 0 422 0 496 481 492 475 544 462 465 437 480 494 458 466 465 0 36 112 0
599 506 446 506 478 486 554 767 513 64 61 791 374 3444 807 0 852 125 980 1552 198 69 829 4434 65 3358 2284 4653 3072 1931 1339 255 3166 5401 2785 3602 1252 5843 5058 986 1488 1652 581 2347 2336 2063 2069 7279 2572 761 289 874 1365 16050 319 267 745 2156 1653 1167 2023 1095 765 717 546 546 729 292 3575 842 794 3981 67 490 2737 1116 646 1358 3134 816 940 0 3450 1669 1677 188 0 15807 621 0 445 0 1542 1510 904 0 642 3335 0 2335 1 2235 2210 2251 2109 2423 2176 2225 2100 2283 2284 2504 2160 2157 4912 8862 1531 0
66 56 49 56 23 52 61 84 57 6 6 88 0 0 87 0 2542 16 1 3 0 0 3 10 0 0 12 25 21 14 36 4 0 12 17 15 30 556 5 0 23 0 3 0 22 30 17 0 23 3 8 56 8 58 70 0 0 0 74 21 130 0 39 0 39 11 0 5 44 26 0 20 0 61 0 151 370 0 0 0 0 0 0 0 8 0 0 0 0 0 0 0 0 0 25 0 0 0 2 94 0 58 54 31 262 71 352 281 208 156 124 96 76 79 0 79 93 0
29 25 23 25 61 18 18 36 9 0 0 30 1 496 74 0 295 14 0 3 0 0 1 0 0 21 11 35 30 23 29 24 428 297 62 19 198 189 36 72 149 156 50 209 53 16 21 87 38 37 92 29 14 126 119 0 33 13 0 38 0 77 245 58 2 0 0 2 9 3 0 7 0 11 0 7 0 0 0 131 0 0 186 0 18 0 0 0 0 0 0 0 0 0 52 0 165 44 7 55 0 77 61 68 28 13 56 42 39 52 79 0 72 70 0 0 79 0
2 2 2 2 4 1 1 3 1 0 0 2 0 23 11 0 83 0 0 0 0 0 0 0 0 2 0 4 2 0 0 0 0 11 0 0 2 26 3 17 16 9 0 0 2 2 2 0 2 0 2 1 0 1 8 0 0 0 0 3 0 0 4 2 0 0 0 0 1 0 0 0 0 0 0 0 0 0 0 0 0 0 0 0 0 0 0 0 0 0 0 0 0 0 25 0 45 63 0 9 0 17 6 10 0 1 5 0 0 0 21 0 14 13 0 0 0 0
11 9 8 9 37 8 10 14 9 1 1 14 6 64 55 0 20 4 1 8 0 0 4 6 0 26 22 47 41 23 41 68 25 25 22 86 2 6 16 234 26 2 61 39 102 58 87 63 83 18 23 16 8 12 65 19 7 58 0 90 94 90 24 1 0 0 0 1 22 7 2 194 0 4 0 74 27 4168 0 0 30 0 75 59 32 0 0 599 0 60 0 0 0 0 438 0 265 677 114 201 0 15 5 10 0 19 12 7 0 9 18 0 15 14 604 213 55 0
6870 8425 1418 6287 2165 11995 1612 1177 703 85 74 1373 1253 5707 5578 0 6569 294 1074 1577 218 79 900 5031 61 2669 1876 3708 2269 14787 3435 298 5290 3707 2426 2496 574 2698 7333 59465 27452 34629 30294 14175 7214 4021 2754 3435 10392 1773 1046 7884 1234 1063 1896 729 330 1859 3059 3918 1722 307 426 1609 1111 538 1841 456 1430 1581 1051 2213 39 3159 373 2385 1968 2232 1272 249 7856 850 1019 19002 19959 7873 0 1122 0 0 92 0 5842 0 2386 0 706 2880 2366 1323 13 3444 3605 3355 3450 3298 4779 5056 4253 4477 4451 2017 4170 4173 1506 845 7460 4
63 54 47 54 59 48 54 74 48 5 5 81 13 42 53 0 109 10 11 25 2 1 12 165 0 52 66 121 103 279 913 89 366 107 246 340 8 0 59 124 161 180 394 100 182 289 60 84 145 10 17 32 3 38 50 4 2 192 0 455 178 21 26 0 51 0 0 14 218 0 0 294 0 94 0 0 21 0 26 119 0 0 252 63 59 0 0 0 0 58 0 0 335 0 44 0 0 1046 347 374 0 118 108 114 71 131 108 101 92 106 122 0 114 113 496 466 471 0
977 837 633 842 919 741 847 286 729 61 50 1502 2425 1145 1284 0 708 867 170 272 33 12 146 815 0 674 378 849 502 701 1215 452 251 887 333 561 157 625 694 336 588 664 123 655 484 555 312 930 362 538 524 1856 423 1007 308 150 375 853 539 902 611 22 180 1347 1432 1513 1540 464 895 2163 2094 783 84 517 599 1652 922 168 3867 619 2312 0 989 2123 2223 1130 223 1022 0 2694 0 0 839 0 354 0 1698 137 485 897 0 502 495 511 466 556 533 538 495 544 564 383 524 522 1647 594 945 0
37 31 28 31 26 29 34 49 32 4 4 47 25 31 133 0 57 1 8 19 1 1 9 39 0 28 50 93 82 162 94 13 148 162 64 82 8 95 3 26 74 81 17 108 102 126 53 85 119 6256 4280 385 328 338 3020 94 31 76 5 67 202 0 41 18 86 62 0 14 558 112 66 80 0 189 50 171 987 0 403 229 4 142 375 192 339 0 35 0 0 0 0 0 0 0 76 0 118 0 53 558 0 106 100 106 83 118 113 109 97 110 123 0 113 112 144 138 185 0
30 26 21 26 301 23 26 29 23 3 2 41 29 77 62 0 40 14 11 21 2 1 11 73 0 50 56 98 86 166 42 114 15 34 31 596 20 487 20 137 32 20 49 38 86 80 62 105 69 21 28 1519 19 29 54 6 6 81 0 107 132 0 36 32 43 42 31 11 77 66 58 59 0 32 0 6 63 0 407 196 26 0 57 139 91 213 0 33 288 18430 0 0 0 0 155 0 173 391 0 252 0 35 30 32 16 40 30 26 22 27 37 0 33 33 179 328 145 0
315 270 240 265 781 277 293 388 261 34 30 411 27 766 314 0 692 0 224 373 47 17 193 949 3 270 735 1439 1066 1660 3260 782 1041 551 1267 1841 22 85 180 276 299 261 781 2207 855 595 419 882 545 806 2498 1611 938 1261 6417 945 578 1353 1800 1602 1161 42 160 355 716 702 325 120 4317 1049 948 1274 1 939 0 6313 18431 2529 18791 9268 408 424 1951 405 72 180 3307 1468 121 862 1639 0 1129 3498 1732 840 1972 4572 1252 833 10 2364 2405 2478 2414 2570 2835 2911 2648 2864 2906 1911 2701 2697 5079 4393 5188 1
141 121 108 122 145 141 118 163 107 14 13 165 29 389 419 0 581 0 86 149 14 6 76 344 1 72 333 653 517 0 340 449 337 230 12926 211 165 2137 1790 450 509 415 1429 318 334 561 333 736 780 231 369 6572 164 10580 592 247 0 99 249 113 0 356 133 400 730 763 397 501 6521 1072 993 875 88 390 517 0 182 0 196 370 13 0 1 14881 3927 2690 0 0 0 514 24 0 0 683 411 0 115 867 282 1345 1 1192 1165 1197 1106 1310 1170 1190 1120 1221 1239 1207 1163 1161 1501 680 0 0
59 57 50 61 46 74 56 73 49 6 5 83 34 3710 71 0 606 88 73 131 15 6 66 10789 0 258 337 637 526 17628 786 382 5414 3794 3165 1732 59 228 863 136 445 496 491 494 337 450 242 3150 386 78 99 108 10 97 242 9 99 348 358 20836 506 23 56 739 1260 1357 859 3403 3806 1866 1754 1753 49 321 0 1376 1286 0 1148 59 241 0 303 257 89 524 108 5079 407 1430 765 0 0 0 1424 0 1584 1777 530 1554 0 218 204 212 170 194 200 194 177 203 175 98 206 205 2471 663 688 0
51 73 21 68 723 160 182 150 38 50 46 143 6462 0 5 0 16 73 0 2 0 2 0 64 0 8 21 65 4593 69 53 35 0 32 15 0 690 1173 720 35 152 101 26 0 33 261 143 1907 185 0 1 10 1 9 5 1 0 66 0 600 0 7 16 0 133 0 0 22 55 46 0 0 0 122 0 0 0 0 0 0 0 0 0 0 0 0 0 0 0 0 0 0 0 0 0 0 285 0 0 192 0 334 348 397 372 320 534 537 481 531 512 0 509 508 12 75 6 0
1459 1242 1011 1244 311 1179 1294 1641 1163 122 105 2012 1044 1742 1900 0 2365 42 1026 1380 190 71 837 4883 70 566 1423 2718 1610 2356 1904 496 1635 828 1341 2815 1357 5480 2817 1107 2232 2438 1052 1806 1595 718 781 1917 1110 1194 1158 2098 1083 997 1101 817 909 4014 2760 2323 1441 86 398 3071 2234 2384 3495 1076 8488 3366 3328 4780 253 2532 4865 4617 16848 336 8161 2305 1032 194 4055 1090 1031 1200 1586 2889 336 901 1596 0 790 2297 2429 0 3546 5370 1589 6884 2 2259 2224 2260 2111 2469 2140 2191 2072 2255 2257 2607 2136 2132 7762 3865 3138 2
32 25 19 27 1 25 31 43 27 2 2 43 0 0 493 0 98 0 0 19 0 1 10 20 0 0 25 108 74 0 56 0 4 36 6 0 10 46 3 45 12 0 171 0 119 19 17 0 9 45 46 26 0 20 120 0 0 20 0 45 21 5 46 44 0 9 263 96 328 0 0 291 0 0 0 260 823 0 0 0 666 0 142 0 0 0 0 25 0 0 0 0 0 0 0 0 0 0 0 161 0 78 51 67 0 86 108 100 50 75 130 0 115 112 1037 181 0 0
13 4 0 11 20 7 16 23 10 1 1 20 0 0 0 0 59 0 0 0 0 0 1 0 0 26 0 4 0 0 0 0 0 1 0 0 19 0 265 0 15 0 78 0 75 113 48 41 5 90 76 65 36 73 194 80 0 0 0 47 13 0 10 0 68 0 0 0 310 0 0 0 0 0 0 0 220 0 0 0 0 0 68 0 0 0 0 0 0 160 0 0 0 0 632 0 892 0 0 94 0 24 0 7 0 33 13 0 0 0 33 0 27 24 1047 0 85 0
2 0 0 1 2 0 2 2 1 0 0 2 1 0 11 0 50 0 0 0 0 0 0 0 0 1 0 2 0 526 7 0 0 7 0 0 18 22 49 336 4 0 0 0 29 8 6 4 3 0 31 6 5 9 13 3 0 8806 0 24 4068 0 8 0 0 0 0 9 17 0 0 34 0 0 0 0 12 0 0 0 25 2220 0 0 0 0 0 0 0 0 103 0 0 0 231 0 586 1599 0 52 0 3 15 21 0 3 31 21 12 21 38 0 35 34 191 81 0 0
0 0 0 0 2 0 0 0 0 0 0 0 0 0 0 0 0 0 0 0 0 0 0 0 0 0 0 0 0 0 0 0 0 0 0 0 0 0 0 0 0 0 0 0 0 0 0 0 0 0 0 0 0 0 0 0 0 0 0 0 0 0 4 0 0 0 0 0 0 0 0 0 0 0 0 0 0 0 0 0 0 0 0 0 0 0 0 0 0 0 0 0 0 0 0 0 0 0 0 0 0 0 0 0 0 0 0 0 0 0 0 0 0 0 0 0 0 0
0 0 0 0 0 0 0 0 0 0 0 0 0 0 0 0 0 0 0 0 0 0 0 0 0 0 0 0 0 0 0 0 0 0 0 0 0 0 0 0 0 0 0 0 0 0 0 0 0 6 5 5 5 6 7 3 0 0 0 0 0 0 3 0 0 0 0 0 0 0 0 0 0 0 0 0 0 0 0 0 0 0 0 0 0 0 0 0 0 0 0 0 0 0 0 0 0 0 0 201 0 0 0 0 0 0 0 0 0 0 0 0 0 0 0 0 0 0
0 0 0 0 0 0 1 2 0 0 1 0 2 0 2 0 0 0 0 0 0 2 0 0 2 0 0 2 1 0 0 0 0 0 0 0 0 0 4 0 3 0 0 0 0 0 2 0 0 239 241 241 247 252 298 125 0 0 0 0 2 0 1 0 0 0 0 0 8 0 0 0 0 0 0 0 0 0 0 0 0 0 0 0 0 0 0 0 0 0 0 0 0 0 0 0 0 0 0 75 0 0 0 0 0 85 0 0 0 0 10 0 0 0 0 0 0 2
0 0 0 0 1 9 11 16 0 15 15 8 14 0 12 0 12 0 0 18 11 14 0 8 15 0 20 31 23 0 14 0 0 7 0 11 14 9 45 0 18 0 0 0 16 0 14 0 0 0 7 8 13 17 11 5 0 0 0 0 36 0 6 0 13 0 0 11 45 0 0 0 0 0 0 0 0 0 0 0 0 0 0 0 0 0 0 0 0 0 0 0 0 0 0 0 0 7 0 327 1 798 0 284 0 969 102 0 0 0 813 0 595 533 0 3 0 9
0 0 0 0 0 5 7 12 0 11 11 3 10 0 9 0 8 0 0 11 7 10 0 0 11 0 12 21 13 0 9 0 0 5 0 7 13 13 34 0 13 0 0 0 11 0 10 0 0 0 4 5 9 12 7 4 0 0 0 0 25 0 4 0 0 0 0 10 33 0 0 0 0 0 0 0 0 0 0 0 0 0 0 0 0 0 0 0 0 0 0 0 0 0 0 0 0 0 0 424 0 523 0 0 0 665 0 0 0 0 635 0 335 272 0 0 0 6
0 0 0 5 5 65 31 41 210 38 38 33 47 0 32 0 41 0 0 52 36 40 28 38 42 0 60 73 63 0 51 0 8 35 0 37 39 43 103 0 58 20 0 0 64 0 58 49 0 1686 1556 1472 1516 1540 1804 753 0 0 0 24 86 0 12 0 45 0 0 45 151 0 0 0 0 0 0 0 0 0 0 20 0 0 0 0 17 1 0 0 0 0 0 0 0 0 0 0 10 74 10 562 3 2308 3002 1821 0 2640 1552 1146 465 920 2330 0 2020 1958 132 26 13 29
0 0 0 0 0 0 0 1 0 0 0 1 1 0 0 0 0 0 0 0 0 1 0 0 1 0 0 1 1 0 0 0 0 0 0 0 0 0 2 0 1 0 0 0 0 0 0 0 0 15 19 21 23 23 26 12 0 0 0 0 1 0 0 0 0 0 0 0 2 0 0 0 0 0 0 0 0 0 0 0 0 0 0 0 0 0 0 0 0 0 0 0 0 0 0 0 0 0 0 42 0 0 0 0 0 0 0 0 0 0 0 0 0 0 0 0 0 0
0 0 0 0 19 5 9 13 0 12 12 1 11 0 11 0 11 0 0 14 8 12 0 3 12 0 16 29 19 0 16 0 0 9 0 10 11 0 42 0 15 0 0 0 13 0 11 0 0 0 6 9 17 29 10 5 0 0 0 0 33 0 10 0 12 0 0 8 43 0 0 0 0 0 0 0 0 0 0 0 0 0 0 0 0 0 0 0 0 0 0 0 0 0 0 0 0 0 0 198 1 657 0 166 0 805 0 0 0 0 667 0 470 411 0 0 0 7
0 0 0 0 27 12 16 20 0 18 19 9 19 0 19 0 23 0 0 23 16 21 3 4 23 0 26 40 31 0 33 0 0 22 0 22 17 6 60 0 1068 0 0 0 32 0 26 1 0 1132 1086 1085 1160 1156 1329 554 0 0 0 8 46 0 12 0 24 0 0 25 81 0 0 0 0 0 0 0 0 0 0 0 0 0 0 0 5 0 0 0 0 0 0 0 0 0 0 0 0 13 0 259 1 1149 364 647 0 1350 447 0 0 0 1160 0 928 867 0 7 0 16
0 0 0 0 12 0 22 33 0 31 31 21 27 0 25 0 0 0 0 41 25 29 18 25 30 0 0 0 53 2 34 0 0 19 0 27 33 93 89 0 37 4 0 0 34 0 27 5 0 2 20 21 28 38 24 12 0 0 0 9 77 0 12 4 23 0 0 37 92 9 0 11 0 0 0 0 0 0 0 4 0 0 0 0 8 6 0 0 0 0 0 0 0 0 0 0 0 42 0 352 1 1756 1000 1280 0 2025 1048 640 0 405 1774 0 1505 1446 123 15 0 18
0 0 0 0 6 16 19 28 0 26 26 15 23 0 20 0 21 0 0 33 20 24 10 15 26 0 38 52 42 0 26 0 0 15 0 20 27 78 75 0 31 0 0 0 28 0 23 0 0 0 16 17 22 29 19 10 0 0 0 2 64 0 9 0 19 0 0 31 77 4 0 5 0 0 0 0 0 0 0 0 0 0 0 0 2 0 0 0 0 0 0 0 0 0 0 0 0 9 0 337 1 1465 651 947 0 1710 723 269 0 0 1484 0 1220 1156 67 6 0 16
0 0 0 0 2 0 1 1 0 1 1 0 2 0 2 0 0 0 0 1 1 2 0 0 2 0 1 3 2 0 1 0 0 0 0 0 0 0 4 0 2 0 0 0 0 0 2 0 0 184 178 180 184 188 221 93 0 0 0 0 2 0 1 0 0 0 0 0 7 0 0 0 0 0 0 0 0 0 0 0 0 0 0 0 0 0 0 0 0 0 0 0 0 0 0 0 0 0 0 54 0 0 0 0 0 74 0 0 0 0 0 0 0 0 0 0 0 2
179 166 84 180 6 175 153 209 189 202 201 203 177 64 154 0 182 5 0 291 197 195 227 299 206 267 354 386 358 149 223 0 397 146 0 182 226 649 632 127 255 155 0 0 261 98 187 249 0 4650 4050 4023 4091 4184 4918 2058 0 0 0 154 457 0 13 157 176 137 104 270 606 161 103 150 64 135 0 22 0 0 0 175 0 0 0 111 132 64 0 10 0 4 45 0 0 0 40 0 400 378 155 582 12 12099 10965 11487 8580 13539 10575 10277 8959 10265 12189 0 11161 11072 1308 124 134 135
0 0 0 0 2 0 3 4 0 3 3 0 4 0 3 0 2 0 0 0 0 4 0 0 4 0 0 7 0 0 1 0 0 0 0 0 0 0 11 0 4 0 0 0 1 0 2 0 0 0 0 0 2 3 2 1 0 0 0 0 9 0 1 0 0 0 0 2 12 0 0 0 0 0 0 0 0 0 0 0 0 0 0 0 0 0 0 0 0 0 0 0 0 0 0 0 0 0 0 56 0 156 0 0 0 253 0 0 0 0 166 0 0 0 0 0 0 3
0 0 0 0 2 0 3 5 0 4 4 0 5 0 4 0 3 0 0 2 1 5 0 0 5 0 0 10 2 0 2 0 0 0 0 1 2 3 15 0 5 0 0 0 3 0 3 0 0 0 0 1 3 5 3 2 0 0 0 0 12 0 2 0 1 0 0 3 16 0 0 0 0 0 0 0 0 0 0 0 0 0 0 0 0 0 0 0 0 0 0 0 0 0 0 0 0 0 0 98 0 218 0 0 0 321 0 0 0 0 229 0 59 0 0 0 0 3
138 145 78 98 15 119 75 88 93 16 17 149 125 15 57 0 16 0 0 42 0 16 41 45 0 124 117 13177 224 0 16 0 0 0 0 0 10 0 0 0 26 0 0 0 41 41 34 0 0 24838 5 2 5 4 8 0 0 0 0 5 2 0 15 0 0 0 0 0 43 0 0 0 0 0 0 0 0 0 0 0 3029 0 32 31 10 0 0 0 0 0 0 0 0 0 0 0 0 0 0 488 0 130 17 59 0 148 33 14 0 0 133 0 99 90 0 0 0 0
9 5 0 7 8 7 9 13 6 0 1 11 2 0 7 0 5 0 0 0 0 0 2 0 0 2 0 10 0 0 1 0 0 2 0 21 7 0 14 40 6 0 0 0 9 23 9 14 0 0 6 7 22 48 15 2 0 6 0 27 0 0 5 0 0 0 0 0 39 0 0 0 0 0 0 29 4 0 0 0 0 0 0 235 304 0 0 0 0 0 0 0 0 0 0 0 0 418 0 48 0 8 0 1 0 5 1 0 0 0 8 0 7 6 447 0 0 0
15 10 0 13 14 12 15 23 12 1 1 20 34 0 21 0 92 0 12 28 0 1 13 0 0 278 97 174 163 0 0 0 0 23 0 0 11 0 115 0 21 0 0 0 45 151 131 158 102 16 42 18 20 22 99 0 0 76 0 78 221 0 38 0 0 0 0 0 66 0 0 0 0 0 0 188 10 0 0 2498 0 0 0 0 3 0 0 0 0 0 0 0 75 0 0 0 112 0 111 655 0 28 16 21 0 15 16 5 0 8 26 0 26 25 95 54 0 0
0 0 0 0 6 0 0 0 0 0 0 0 0 0 0 0 0 0 0 0 0 0 0 0 0 0 0 0 0 0 0 0 0 0 0 0 0 0 0 0 0 0 0 0 0 0 0 0 0 0 0 0 0 0 0 0 0 0 0 0 0 0 0 0 0 0 0 0 0 0 0 0 0 0 0 0 0 0 0 0 0 0 0 0 0 0 0 0 0 0 0 0 0 0 0 0 0 0 0 0 0 0 0 0 0 0 0 0 0 0 0 0 0 0 0 0 0 0
