126
0 0 0 0 0 30 169 3853 782 1606 630 707 2295 2390 30 157 47 0 0 0 0 0 0 0 0 0 0 0 0 0 0 0 0 0 0 326 269 0 248 240 0 34 0 0 0 0 0 0 2409 776 0 1040 0 0 0 0 0 0 0 0 0 0 0 0 0 0 0 0 0 0 0 0 0 0 0 0 7 0 0 0 0 0 13 0 0 0 0 0 0 0 0 0 0 0 0 0 0 0 0 0 0 0 0 0 0 0 15 0 18 13 0 0 0 0 0 0 0 0 0 0 0 0 0 0 0 0
0 0 0 0 0 3 4 2397 652 1100 528 509 3055 691 0 0 1 0 0 0 0 0 0 0 0 0 0 0 0 0 0 0 0 0 0 0 2 0 161 0 0 0 0 0 0 0 0 0 1819 310 0 784 0 0 0 0 0 0 0 0 0 0 0 0 0 0 0 0 0 0 0 0 0 0 0 0 0 0 0 0 0 0 0 0 0 0 0 0 0 0 0 0 0 0 0 0 0 0 0 0 0 0 0 0 0 0 5 0 4 3 0 0 0 0 0 0 0 0 0 0 0 0 0 0 0 0
17 24 0 10 12 0 3 67 16 49 10 18 0 0 0 0 0 1 0 0 0 0 0 0 0 0 0 1 0 0 0 0 0 0 0 2058 1174 0 420 0 0 6 0 0 0 0 0 0 63 0 0 29 0 0 0 1 0 0 0 3 4 0 2 0 2 0 0 0 0 0 95 0 23 56 61 2 7 28 61 0 0 0 0 0 0 0 0 0 0 0 0 0 0 6 63 0 0 0 0 0 0 0 0 0 0 0 0 0 34 33 0 0 0 0 0 0 0 0 0 0 0 0 0 0 0 0
0 0 0 0 0 0 0 0 0 0 0 0 0 0 5 0 0 0 0 0 0 0 0 0 0 0 0 0 0 0 0 9357 0 0 0 0 0 0 171 0 0 0 0 2 0 0 0 0 622 0 0 267 0 0 0 0 0 0 0 0 0 0 0 0 0 0 0 0 0 0 0 0 0 0 0 0 0 0 0 0 0 0 0 0 0 0 0 0 0 0 0 0 0 0 0 0 0 0 0 0 0 0 0 0 0 0 0 0 2 2 0 0 0 0 0 0 0 0 0 0 0 0 0 0 0 0
1 1 0 0 0 0 0 0 0 0 0 0 0 1 0 0 0 0 0 0 0 0 0 0 0 0 0 0 0 0 0 0 0 0 19052 0 0 0 0 0 0 0 0 0 0 0 0 8 0 0 0 0 0 0 0 0 0 0 0 0 0 0 0 0 0 0 0 0 0 0 0 0 3 5 6 0 1 3 4 3 0 0 0 0 0 0 0 0 0 0 0 0 0 0 0 0 0 0 0 0 0 0 0 1 0 0 0 0 1 1 0 0 0 0 0 0 0 0 0 0 0 0 0 0 0 0
0 0 0 0 0 0 0 0 0 0 0 0 0 0 0 0 0 0 0 0 0 0 0 0 0 0 0 0 0 0 0 0 0 0 0 0 0 0 0 0 0 0 0 0 0 0 0 0 0 0 0 0 0 0 0 0 0 0 0 0 0 0 0 0 0 0 0 0 0 0 0 0 0 0 0 0 0 0 0 0 0 0 0 0 0 0 0 0 0 0 0 0 0 0 0 0 0 0 0 0 0 0 0 0 0 0 0 0 0 0 0 0 0 0 0 0 0 0 0 0 0 0 0 0 0 0
0 0 0 1 2 14 0 1518 352 768 162 153 1021 1102 79 97 24 0 0 0 0 0 0 0 0 0 0 14 15 7 1 34 10 4 0 174 171 28 106 122 3 19 0 33 8 2 0 1 407 140 16 212 0 0 5 5 5 2 0 7 13 6 8 15 25 7 0 0 3 0 2 23 5 2 2 1 13 1 0 0 0 12 9 0 0 0 0 0 28 3 0 3 9 10 0 0 0 0 0 2 0 0 0 1 0 0 0 0 9 8 0 1 0 0 0 0 0 0 1 0 0 0 0 0 0 0
0 0 0 0 0 57 0 0 67 0 100 113 0 2087 642 6 0 0 0 0 0 0 0 0 0 0 0 6364 0 0 283 0 0 0 0 0 0 0 485 0 0 119 0 259 78 0 0 0 389 150 106 108 0 0 0 0 0 0 0 0 0 0 0 0 0 0 0 0 0 0 0 0 0 0 0 0 20 0 0 0 0 0 0 0 0 0 0 0 0 0 0 0 0 0 0 0 0 0 0 0 0 0 0 0 0 0 0 0 3 2 0 0 0 0 0 0 0 0 0 0 0 0 0 0 0 0
0 0 0 0 0 3 0 0 0 0 0 0 0 10 420 3 0 0 0 0 0 0 0 0 0 0 0 0 15393 0 93 0 0 0 0 0 0 0 639 0 0 813 0 162 60 0 0 0 14 5 0 0 0 0 0 0 0 0 0 0 0 0 0 0 0 0 0 0 0 0 0 0 0 0 0 0 13 0 0 0 0 0 0 0 0 0 0 0 0 0 0 0 0 0 0 439 0 0 0 0 0 0 0 0 0 0 0 0 4 3 0 0 0 0 0 0 0 0 0 0 0 0 0 0 0 0
0 0 0 0 0 3 0 0 1 0 0 1 0 21 2280 31 1 0 0 0 0 0 0 0 0 0 0 0 0 6471 194 0 0 0 0 0 0 0 604 0 0 242 12 869 349 0 0 0 36 13 0 0 0 0 0 0 0 0 0 0 0 0 0 0 0 0 0 0 0 0 0 0 0 0 0 0 67 0 0 0 0 0 0 0 0 0 0 0 0 0 0 0 0 0 0 0 0 0 0 0 0 0 0 0 0 1 32 0 17 12 0 0 0 0 0 0 0 0 1 0 0 0 0 0 0 0
0 0 0 2 3 0 0 0 8 3 0 27 0 4 0 3 5 5 0 0 0 0 0 0 4 0 0 26 157 32 9 0 15 7 0 64 10 9 33 5 0 19 0 13 3 5 0 1 3 16 1 0 0 0 9 9 8 2 2 11 16 10 7 22 36 13 0 0 5 0 4 35 4 2 2 2 12 1 0 0 0 36 0 0 0 0 0 0 0 4 0 4 4 6 0 0 0 0 0 1 0 0 0 1 0 0 0 0 8 7 0 2 0 0 0 0 0 0 1 0 1 0 0 0 0 0
0 0 0 0 0 0 0 0 0 0 0 0 0 0 0 0 0 0 0 0 0 0 0 0 0 0 0 0 0 0 0 0 0 0 0 0 0 0 0 0 0 0 0 0 0 0 0 0 0 0 0 0 0 0 0 0 0 0 0 0 1 0 0 1 2 0 0 0 0 0 0 0 0 0 0 0 1 0 0 0 0 0 0 0 0 0 0 0 0 0 0 0 0 0 0 0 0 0 0 0 0 0 0 0 0 0 0 0 0 0 0 0 0 0 0 0 0 0 0 0 0 0 0 0 0 0
0 0 102 22 30 2 0 343 130 104 47 1344 0 7 0 3 0 2 0 0 0 0 0 0 0 0 0 347 0 0 131 0 9539 0 0 12201 0 13 2124 0 0 46 0 4 0 5 0 0 16 9 2 0 0 0 1 3 0 0 0 9 8 0 9 0 5 8 0 0 0 8 207 0 50 120 131 5 14 60 95 93 0 0 0 0 0 0 0 0 0 0 0 0 0 13 256 0 0 0 0 0 0 0 0 0 0 21 0 0 62 63 0 0 0 0 0 0 0 0 0 0 0 0 0 0 0 0
0 0 0 0 0 3 0 0 0 0 0 0 0 0 0 0 0 0 0 0 0 0 0 0 0 0 0 0 0 0 0 0 0 0 0 0 0 0 0 0 0 0 0 0 0 0 0 0 0 0 0 0 0 0 0 0 0 0 0 0 0 0 0 0 0 0 0 0 0 0 0 0 0 0 0 0 0 0 0 0 0 0 0 0 0 0 0 0 0 0 0 0 0 0 0 0 0 0 0 0 0 0 0 0 0 0 0 0 0 0 0 0 0 0 0 0 0 0 0 0 0 0 0 0 0 0
0 6 18 0 12 1 0 0 0 0 5 10 34 46 0 155 16 15 0 0 0 0 0 0 22 19 0 4 4 2 1 41 7 3 0 0 54 16 22 0 5 3 1373 3311 1463 4 0 0 12 0 0 33 0 10 13 15 4 4 10 1 0 1 1 28 1 1 4 0 9 0 4 78 2 2 2 0 274 2 0 0 0 88 0 0 0 0 0 0 0 0 0 5 0 3 0 0 0 0 0 0 30 0 0 0 0 0 0 0 17 17 0 2 1 0 0 0 0 0 1 0 1 0 0 0 23 0
0 1 16 5 7 0 0 0 0 0 0 10 0 7 0 0 52 2 0 0 0 0 0 0 0 0 0 0 0 0 2 0 0 3 0 0 0 12044 11274 0 0 21 0 2 0 0 0 67 0 9 0 0 0 0 0 4 0 1 0 7 10 6 4 7 23 8 0 0 0 0 0 0 29 44 47 5 7 23 0 0 6 4 5 0 0 0 0 0 224 0 0 9 0 3 13 0 0 0 0 13 0 0 0 0 0 1 0 41 35 33 0 7 5 0 0 0 0 0 5 0 4 3 0 0 0 0
0 0 1 0 1 0 0 0 0 0 0 0 1 1 0 0 0 0 0 0 0 0 0 0 0 0 0 0 0 0 0 0 0 9 0 0 0 0 0 0 0 0 0 9 1 2 0 0 0 0 0 3 0 1 2 1 0 0 0 0 0 0 0 0 0 0 0 0 3 0 0 22 0 0 0 0 13 0 0 0 0 12 0 0 0 0 0 0 0 0 0 0 0 0 0 0 0 0 0 0 0 0 0 0 0 0 0 0 0 0 0 0 0 0 0 0 0 0 0 0 0 0 0 0 0 0
0 0 0 0 139 414 55 1 0 0 0 0 0 1012 0 0 46254 0 0 0 0 0 0 0 0 0 38247 7 0 4 86 3 11 410 13 4 26 287 0 16 0 11 0 0 0 110 0 0 3033 454 3397 726 2858 430 5841 30 462 5935 249 500 1724 85 8 19 173 72 46 236 0 0 0 10598 0 0 0 0 0 0 0 0 0 21868 0 0 0 0 0 0 0 0 0 0 0 2375 0 0 240 0 0 0 0 0 0 0 0 0 0 0 1144 1008 0 24 24 0 6 4 0 0 10 0 2 3 0 0 0 0
0 0 0 0 0 0 0 0 0 0 0 0 0 0 0 0 0 0 0 0 0 0 0 0 0 0 0 0 0 0 0 0 0 9 0 0 0 0 0 0 0 0 0 0 0 0 0 0 0 0 0 0 0 0 0 0 0 0 0 0 0 0 0 0 0 0 0 0 0 0 0 0 0 0 0 0 0 0 0 0 0 0 0 0 0 0 0 0 0 0 0 0 0 0 0 0 0 0 0 0 0 0 0 0 0 0 0 0 0 0 0 0 0 0 0 0 0 0 0 0 0 0 0 0 0 0
0 0 0 0 0 0 0 0 0 0 0 0 0 0 0 0 0 0 0 0 0 0 0 0 0 0 0 0 0 0 0 0 0 9 0 0 0 0 0 0 0 0 0 0 0 0 0 0 0 0 0 0 0 0 0 0 0 0 0 0 0 0 0 0 0 0 0 0 0 0 0 0 0 0 0 0 0 0 0 0 0 0 0 0 0 0 0 0 0 0 0 0 0 0 0 0 0 0 0 0 0 0 0 0 0 0 0 0 0 0 0 0 0 0 0 0 0 0 0 0 0 0 0 0 0 0
0 0 0 0 0 0 0 0 0 0 0 0 0 0 0 0 0 0 0 0 0 0 0 0 0 0 0 0 0 0 0 0 0 9 0 0 0 0 0 0 0 0 0 0 0 0 0 0 0 0 0 0 0 0 0 0 0 0 0 0 0 0 0 0 0 0 0 0 0 0 0 0 0 0 0 0 0 0 0 0 0 0 0 0 0 0 0 0 0 0 0 0 0 0 0 0 0 0 0 0 0 0 0 0 0 0 0 0 0 0 0 0 0 0 0 0 0 0 0 0 0 0 0 0 0 0
0 0 0 0 0 0 0 0 0 0 0 0 0 0 0 0 0 0 0 0 0 0 0 0 0 0 0 0 0 0 0 0 0 9 0 0 0 0 0 0 0 0 0 0 0 0 0 0 0 0 0 0 0 0 0 0 0 0 0 0 0 0 0 0 0 0 0 0 0 0 0 0 0 0 0 0 0 0 0 0 0 0 0 0 0 0 0 0 0 0 0 0 0 0 0 0 0 0 0 0 0 0 0 0 0 0 0 0 0 0 0 0 0 0 0 0 0 0 0 0 0 0 0 0 0 0
0 0 0 0 0 0 0 0 0 0 0 0 0 0 0 0 0 0 0 0 0 0 0 0 0 0 0 0 0 0 0 0 0 9 0 0 0 0 0 0 0 0 0 0 0 0 0 0 0 0 0 0 0 0 0 0 0 0 0 0 0 0 0 0 0 0 0 0 0 0 0 0 0 0 0 0 0 0 0 0 0 0 0 0 0 0 0 0 0 0 0 0 0 0 0 0 0 0 0 0 0 0 0 0 0 0 0 0 0 0 0 0 0 0 0 0 0 0 0 0 0 0 0 0 0 0
0 0 0 0 0 0 0 0 0 0 0 0 0 0 0 0 0 0 0 0 0 0 0 0 0 0 0 0 0 0 0 0 0 9 0 0 0 0 0 0 0 0 0 0 0 0 0 0 0 0 0 0 0 0 0 0 0 0 0 0 0 0 0 0 0 0 0 0 0 0 0 0 0 0 0 0 0 0 0 0 0 0 0 0 0 0 0 0 0 0 0 0 0 0 0 0 0 0 0 0 0 0 0 0 0 0 0 0 0 0 0 0 0 0 0 0 0 0 0 0 0 0 0 0 0 0
23 10 16 5 9 1 0 12 10 6 0 5 16 12 0 3 0 1 0 0 0 0 0 0 0 0 0 8 11 5 1 50 18 12 7 28 68 35 33 11 7 3 0 1 0 3 0 1 0 7 4 27 0 11 25 35 270 78 505 6 5 6 10 25 10 213 11 0 0 0 3 23 88 4 5 6 34 2 5 0 0 43 0 0 0 16 0 0 0 0 0 14 61 87 0 0 0 0 0 16 0 0 0 23 0 0 0 0 26 22 0 9 9 1 6 3 0 2 11 0 10 10 0 1 0 0
152 101 145 47 91 0 48 123 98 194 37 41 228 353 0 29 0 0 0 0 0 0 0 0 610 0 0 12 16 7 1 75 29 12 11 24 49 27 26 0 8 266 0 161 141 3 0 1 1 5 3 17 0 472 491 1072 745 214 256 15 1 177 6 28 2 34 9 0 0 3 9 22 135 5 4 8 54 2 5 0 0 50 14 0 0 0 0 0 0 0 0 1 0 10 0 0 0 0 0 1 38 0 0 0 0 0 0 0 153 148 294 331 350 277 251 257 275 282 285 259 303 302 0 0 0 0
0 0 0 0 0 0 0 0 0 0 0 0 0 0 0 0 0 0 0 0 0 0 0 0 0 0 0 0 0 0 0 0 0 9 0 0 0 0 0 0 0 0 0 0 0 0 0 0 0 0 0 0 0 0 0 0 0 0 0 0 0 0 0 0 0 0 0 0 0 0 0 0 0 0 0 0 0 0 0 0 0 0 0 0 0 0 0 0 0 0 0 0 0 0 0 0 0 0 0 0 0 0 0 0 0 0 0 0 0 0 0 0 0 0 0 0 0 0 0 0 0 0 0 0 0 0
3 4 0 3 2 0 0 0 3 6 0 0 0 9 0 61 1 0 0 0 0 0 0 0 0 0 2 0 0 0 0 7 1 6 0 430 0 255 247 0 0 33 0 1 0 11 0 0 0 15 7 0 0 0 7 3 0 1 3 14 17 10 9 10 38 18 0 0 1 0 1 1 4 1 0 4 1 1 0 0 0 7 0 0 0 8 0 0 82 0 0 1 19 11 0 0 0 0 0 0 0 0 0 1 0 0 0 0 4 3 0 3 0 0 0 0 0 0 3 0 2 1 0 0 0 0
35 25 17 14 16 1 0 42 0 27 0 0 23 24 0 93 1 1 0 0 0 0 0 0 0 0 9 29 0 13 3 50 72 1 29 215 27 247 244 0 6 110 0 0 72 347 0 0 5 13 0 16 0 0 62 51 1 2 12 3 4 3 4 8 8 4 0 83 6 0 1 11 2 0 1 12 1 1 0 92 0 3 0 0 0 0 0 0 5 0 0 3 13 10 0 0 0 0 0 0 0 0 0 1 0 17 93 0 19 21 12 24 23 5 21 18 12 18 25 0 26 26 0 0 0 0
4 8 1 7 5 1 0 24 6 0 0 2 14 17 0 43 1 0 0 0 0 0 0 0 0 0 2 3 0 0 1 12 7 1 3 107 0 128 126 0 0 7 0 2 0 2 0 0 4 10 9 5 0 0 9 2 0 0 1 4 2 2 7 7 4 7 0 0 0 0 0 2 1 1 1 5 0 2 0 0 0 28 0 0 0 0 0 0 34 0 0 0 1 3 0 0 0 0 0 0 0 0 0 0 0 0 0 0 4 3 0 2 0 0 0 0 0 0 2 0 1 1 0 0 0 0
0 0 0 0 0 0 0 0 0 0 0 0 0 1 0 0 0 0 0 0 0 0 0 0 0 0 0 0 0 0 0 1 0 0 0 0 0 5 0 0 28 13 0 0 0 0 0 0 0 0 0 0 0 0 0 0 0 0 0 0 0 0 0 0 0 0 0 0 0 0 0 0 0 0 0 0 0 0 0 0 0 0 0 0 0 0 0 0 0 0 0 0 0 0 0 0 0 0 0 0 0 0 0 0 0 0 0 0 0 0 0 0 0 0 0 0 0 0 0 0 0 0 0 0 0 0
0 0 0 0 0 2 0 91 85 158 13 33 54 0 0 15 0 0 0 0 0 0 0 0 0 0 0 0 0 0 0 0 0 0 0 299 0 24 19 0 4 42 0 0 0 0 0 2 0 0 0 0 0 0 0 0 0 0 0 0 0 0 0 0 0 0 0 0 0 0 0 0 1 1 1 0 0 3 0 0 0 0 0 0 0 0 0 0 0 0 0 0 0 18 0 0 0 0 0 5 0 0 0 0 0 0 0 0 2 2 0 0 0 0 0 0 0 0 0 0 0 0 0 0 0 0
15 35 2 31 21 4 0 34 109 175 0 44 0 24 0 90 1 0 0 0 0 0 0 0 0 0 6 0 0 0 239 71 0 1 0 22 0 88 234 0 0 13 0 0 0 0 0 0 46 26 23 0 0 0 7 3 0 1 0 4 3 3 6 8 7 6 0 0 0 0 0 0 2 1 1 8 1 1 0 0 0 11 0 0 0 0 0 0 112 0 0 1 1 5 0 0 0 0 0 0 0 0 0 0 0 0 0 0 6 5 0 7 4 0 2 0 0 0 6 0 5 5 0 0 0 0
0 0 0 0 0 0 0 0 0 0 0 0 0 0 0 0 0 0 0 0 0 0 0 0 0 0 0 0 0 0 0 12 0 0 0 0 0 1 1 0 0 0 0 0 8 2 0 0 0 0 0 0 0 0 0 0 0 0 0 0 0 0 0 0 0 0 0 0 0 0 0 0 0 0 0 0 0 0 0 0 0 0 0 0 0 0 0 0 0 0 0 0 1 1 0 0 0 0 0 0 0 0 0 0 0 0 0 0 0 0 0 0 0 0 0 0 0 0 0 0 0 0 0 0 0 0
3 3 4 2 0 0 0 128 113 204 45 45 72 6 0 67 1 0 0 0 0 0 0 0 0 0 2 0 0 0 0 24 153 2 0 247 399 243 224 0 1 32 0 3 0 5 0 0 12 3 1 0 0 0 9 11 4 3 8 1 1 1 0 13 2 1 0 0 2 2 4 9 1 0 0 3 0 1 0 0 0 25 0 0 0 0 0 0 74 0 0 0 7 8 0 0 0 0 0 0 0 0 0 0 0 0 0 0 4 4 0 1 0 0 0 0 0 0 1 0 1 0 0 0 0 0
0 293 0 323 293 4 0 337 149 153 0 12 0 195 17 35 1 0 0 0 0 0 0 0 0 0 2 0 0 0 18 0 0 0 0 0 0 49 20 0 0 9 0 0 0 0 0 0 0 0 0 0 0 0 1 1 0 0 1 2 3 1 3 4 7 2 0 0 0 0 0 0 3 1 2 4 1 1 0 0 0 0 0 0 0 0 0 0 0 0 0 0 0 5 0 0 0 0 0 0 0 0 0 0 0 0 0 0 2 2 0 2 0 0 0 0 0 0 1 0 0 0 0 0 0 0
0 0 0 7 5 1 0 200 81 98 0 10 23 47 0 48 2 0 0 0 0 0 0 0 0 0 2 11 0 2 3 41 4 1 0 42 0 52 42 0 0 10 0 3 0 0 0 0 7 7 0 0 0 0 4 4 0 1 0 3 8 3 11 7 13 4 0 0 0 0 0 0 100 28 31 10 22 41 0 0 0 10 0 0 0 0 0 0 0 0 0 1 0 5 0 0 0 0 0 0 0 0 0 0 0 0 0 0 253 292 63 98 97 39 72 68 49 71 91 0 94 93 0 0 0 1
33 89 0 81 51 1 0 9 4 10 0 2 0 19 0 0 0 0 0 0 0 0 0 0 0 0 2 0 0 0 0 0 0 0 0 0 0 0 0 0 0 5 0 0 0 0 0 0 0 0 0 0 0 0 1 1 0 0 0 1 3 1 2 3 6 1 0 0 0 0 0 0 8 1 4 3 2 2 0 0 0 0 0 0 0 0 0 0 0 0 0 0 0 3 0 0 0 0 0 0 0 0 0 0 0 0 0 0 23 27 0 2 13 0 8 4 0 3 14 0 14 13 0 0 0 0
0 0 0 0 3 0 0 0 0 0 0 4 0 4 0 0 1 0 0 0 0 0 0 0 0 0 2 0 0 0 6 0 0 0 0 0 0 21 0 0 0 3 0 1 5 3 0 0 0 0 0 0 0 0 2 2 0 1 0 1 143 1 1 2 2 1 0 0 0 0 0 0 50 13 13 6 11 31 0 0 0 2 0 0 0 0 0 0 0 0 0 3 0 1 0 0 0 0 0 0 0 0 0 0 0 0 0 0 273 277 11 4 29 1 21 18 7 18 4 0 30 29 0 0 0 0
0 42 29 52 35 1 0 22 6 16 0 2 5 1 3 40 0 0 0 0 0 0 0 0 0 0 195 17 1 7 2 32 43 0 14 11 30 25 22 0 1312 143 22 0 0 0 0 0 0 2 0 2 0 17 26 19 18 6 14 0 1 6 6 6 0 1 0 0 0 0 644 605 107 62 67 248 34 42 37 31 0 43 0 0 0 0 0 0 0 0 0 13 22 43 0 0 0 0 0 15 0 0 0 0 0 3 0 0 31 29 10 19 16 18 33 28 20 20 25 0 23 23 0 8 0 0
2 22 49 9 13 0 0 61 14 44 7 15 14 1 0 0 0 0 0 0 0 0 0 0 0 0 0 1 0 1 0 0 4 0 0 7 19 10 10 0 0 61 0 0 0 0 0 0 0 1 0 2 0 0 1 2 0 0 1 0 4 1 4 1 3 6 0 0 0 0 332 217 61 68 75 5 19 39 42 38 0 5 0 0 0 7 0 0 0 0 0 7 15 22 93 0 0 0 0 3 0 0 0 0 0 4 5 0 31 31 0 5 4 0 3 2 0 1 6 0 6 6 0 0 0 0
0 0 0 0 1 0 0 0 0 0 0 49 0 0 0 0 0 0 0 0 0 0 0 0 0 0 0 0 0 0 0 0 0 0 0 0 0 0 0 0 0 0 0 0 0 0 0 0 0 0 0 0 0 0 0 1 0 0 0 0 0 0 0 0 0 0 0 0 0 0 2 10 1 0 1 0 1 2 0 0 0 0 0 0 0 0 0 0 0 0 0 0 0 2 0 0 0 0 0 0 0 0 0 0 0 0 0 0 8 9 0 0 0 0 0 0 0 0 0 0 0 0 0 0 0 0
240 171 264 81 158 3 76 110 103 0 73 75 399 433 0 176 30 415 0 0 0 0 0 0 197 190 0 114 41 64 11 786 290 2 114 173 215 172 153 0 36 680 0 1842 1041 323 0 3 16 6 76 444 301 965 345 158 40 14 81 8 7 15 16 18 17 11 0 0 540 0 89 2738 4 5 5 1 1558 5 0 17 0 1417 0 0 0 0 0 0 71 0 0 19 97 143 0 0 0 0 3 5 295 26 0 4 0 17 48 0 50 49 58 60 64 44 52 53 49 55 59 28 62 62 0 0 0 0
4 4 2 0 5 0 0 0 0 0 0 2 0 6 0 0 0 9 0 0 0 0 0 0 0 0 0 0 0 0 0 2 1 0 0 1 0 1 0 49 0 6 0 0 1189 354 0 2 48 0 3 20 0 0 34 148 7 3 0 0 0 0 0 1 0 0 0 0 29 0 0 183 1 1 1 0 109 1 0 0 0 52 0 0 0 2 0 0 0 0 0 64 0 0 0 0 0 0 0 0 0 0 0 0 0 0 0 0 2 2 0 0 0 0 0 0 0 0 0 0 1 0 10 0 0 0
54 33 32 12 23 0 0 0 0 0 0 6 21 22 0 0 0 27 0 0 0 0 0 0 10 0 0 37 0 21 3 65 107 0 36 51 56 46 0 27 4 158 0 0 0 240 0 9 0 14 21 53 0 0 122 88 4 4 0 0 1 1 3 4 2 0 0 187 54 0 0 271 3 6 6 0 154 3 0 197 0 129 0 0 0 0 0 0 0 0 0 4 0 2 15 0 0 0 0 0 0 0 0 2 0 33 121 0 24 27 8 25 24 8 24 21 18 22 29 0 31 30 0 5 0 0
6 4 0 2 3 0 0 5 3 6 0 1 0 3 0 0 0 0 0 0 0 0 0 0 0 0 3 0 0 0 0 9 4 0 0 8 14 10 0 39 6 90 0 0 0 0 0 0 0 3 2 5 0 0 8 3 0 1 0 0 6 0 8 6 8 5 0 0 2 0 0 0 8 7 7 5 2 5 0 10 0 0 0 0 0 0 0 0 0 0 0 18 0 3 4 0 0 0 0 8 0 0 0 40 0 21 0 0 15 16 0 5 5 0 2 0 0 0 5 0 5 5 12 0 0 0
14656 34287 7895 40030 26189 386 2959 2412 1590 3041 610 586 3496 1383 14368 31493 480 3971 0 0 0 0 0 0 1383 11681 61328 7757 10371 4508 745 18097 19091 6 7779 10312 14107 9987 9300 3309 3739 7333 30688 9690 3983 1287 0 0 26109 7779 9161 20308 8290 11691 19574 10875 14834 4242 14549 1116 505 5425 4718 4137 3026 1876 2544 2675 2468 746 3848 5879 895 622 402 77006 208 452 596 271 16113 14371 2322 44429 6357 1666 0 1273 1567 22966 18819 873 15542 22671 2096 1181 1677 0 1180 4911 2210 13744 821 1696 399 4853 1639 5880 7129 6266 5273 6267 3271 18858 18584 16226 15333 11534 9154 12452 7404 7606 4344 6300 3938 0
0 0 0 0 0 0 0 0 0 0 0 0 0 0 0 0 0 0 0 0 0 0 0 0 0 0 0 0 0 0 0 0 0 0 0 0 0 0 0 0 0 0 0 0 0 0 0 0 0 0 0 0 0 0 0 0 0 0 0 0 0 0 0 0 0 0 0 0 0 0 0 0 0 0 0 0 0 0 0 0 0 0 0 0 0 0 0 0 0 0 0 0 0 0 0 0 0 0 0 0 0 0 0 0 0 0 0 0 0 0 0 0 0 0 0 0 0 0 0 0 0 0 0 0 0 0
0 0 0 0 1 0 0 0 0 0 0 4 0 1 0 29 3 0 0 0 0 0 0 0 0 0 0 37 0 0 0 19 0 4 0 66 0 92 100 20 7 520 0 0 31 16 0 0 0 0 0 208 1303 113 86 114 109 31 109 9 12 7 6 15 26 10 5 0 56 48 48 38 4 1 1 1 1 1 0 0 0 9 0 0 0 10 0 0 33 0 0 1 0 0 0 0 0 0 0 0 0 0 0 9 0 0 0 0 5 4 0 1 0 0 0 0 0 0 0 0 0 0 0 1 10 0
0 0 6 109 219 2 0 0 0 0 0 0 0 76 19 0 1 0 0 0 0 0 0 0 0 0 0 0 0 0 0 0 0 0 0 7 0 5 5 0 0 1 0 0 0 0 0 0 59 0 0 2 0 0 0 0 0 0 0 0 0 0 0 1 1 0 0 0 0 0 0 0 1 1 1 0 0 0 0 0 0 0 0 0 0 0 0 0 0 0 0 0 0 0 0 0 0 0 0 0 0 0 0 0 0 0 0 0 0 0 0 0 0 0 0 0 0 0 0 0 0 0 0 0 0 0
27 2048 204 2281 1609 181 0 0 16 11 0 4 0 103 6 26 3 0 0 0 0 0 0 0 0 0 0 0 28 0 0 7 0 2 0 55 1 62 59 1 1 3 0 0 0 0 0 0 270 4 0 56 0 1 1 2 0 1 7 3 5 3 2 6 10 4 0 0 0 0 0 3 6 1 6 1 0 0 0 0 0 0 0 0 0 7 0 0 4 0 0 1 0 0 0 0 0 0 0 0 0 0 0 0 0 0 0 0 8 7 0 0 0 0 0 0 0 0 0 0 0 0 0 3 0 0
0 0 0 0 1 0 0 0 51 95 6 24 27 0 0 37 0 0 0 0 0 0 0 0 0 0 0 4 0 0 0 4 56 0 32 143 147 146 146 0 0 35 0 0 0 0 0 0 0 0 0 0 0 0 0 0 0 0 13 0 0 0 0 0 1 0 0 0 0 0 0 0 3 0 0 0 0 2 0 866 0 0 0 0 0 0 0 0 8 0 0 0 0 11 0 0 0 0 0 0 0 0 0 0 0 0 0 0 1 0 0 0 0 0 0 0 0 0 0 0 0 0 0 0 0 0
344 251 344 131 226 6 122 287 226 483 100 99 528 195 14 92 30 0 0 0 0 0 0 0 73 35 110 138 183 81 20 262 326 1 65 246 401 269 253 70 66 157 0 40 84 63 0 31 0 37 36 96 0 26 61 78 44 21 84 104 69 141 162 169 121 187 0 0 85 48 190 74 270 112 118 158 73 82 0 0 0 48 20 0 0 0 0 0 5 0 0 15 48 134 94 0 0 0 4 14 0 0 0 1 0 61 0 0 364 361 990 1002 1066 897 839 864 923 930 920 949 979 976 8 13 0 8
54 36 48 17 31 1 12 42 31 68 5 13 75 123 0 51 0 0 0 0 0 0 0 0 0 0 3 37 23 20 4 205 99 0 32 52 66 50 46 0 3 134 0 236 68 56 0 0 0 2 0 7 0 0 12 11 0 1 0 1 1 3 3 3 4 0 0 0 15 0 16 2 1 0 0 3 0 0 0 0 0 0 0 0 0 0 0 0 0 0 0 0 0 25 0 0 0 0 0 0 0 0 0 0 0 0 0 0 6 6 0 11 5 0 7 4 0 4 12 0 12 12 0 0 0 0
0 0 0 0 0 0 0 0 0 0 0 0 0 0 0 2 0 0 0 0 0 0 0 0 0 0 0 0 0 0 0 0 0 0 0 0 0 0 0 0 0 57 0 0 0 0 0 0 0 0 0 0 0 0 0 0 0 0 0 0 0 0 0 0 0 0 0 0 0 0 0 0 0 0 0 1 0 0 0 0 0 0 0 0 0 0 0 0 0 0 0 0 0 12 0 0 0 0 0 0 0 0 0 0 0 0 0 0 3 3 0 4 0 0 0 0 0 0 3 0 3 2 0 0 0 0
0 0 0 0 0 0 0 0 0 0 0 0 0 0 0 0 0 0 0 0 0 0 0 0 0 0 0 0 0 0 0 1 0 0 0 0 0 0 0 0 0 0 0 0 0 0 0 0 0 0 0 0 0 0 3 0 0 0 0 0 0 0 0 0 0 0 0 0 0 0 0 0 0 0 0 0 0 0 0 0 0 0 0 0 0 0 0 0 0 0 0 0 0 0 0 0 0 0 0 0 0 0 0 0 0 0 0 0 0 0 0 0 0 0 0 0 0 0 0 0 0 0 0 0 0 0
4 8 2 8 5 1 0 1 1 0 0 0 0 0 0 4 0 0 0 0 0 0 0 0 0 0 7 4 0 2 0 15 11 835 0 6 7 6 5 0 0 2 0 0 0 3 0 0 0 10 8 2 0 7 15 12 0 101 0 4 2 3 9 9 5 6 0 0 0 0 0 15 1 0 1 11 0 2 0 0 0 38 0 0 0 0 0 0 0 0 0 0 0 2 0 0 0 0 0 0 2 0 0 0 0 0 0 0 10 10 0 11 3 0 5 2 0 2 10 0 10 9 0 0 0 0
0 0 0 0 0 0 0 0 0 0 0 0 0 0 0 0 0 0 0 0 0 0 0 0 0 0 0 0 0 0 0 0 0 9 0 0 0 0 0 0 0 0 0 0 0 0 0 0 0 0 0 0 0 0 0 0 0 0 0 0 0 0 0 0 0 0 0 0 0 0 0 0 0 0 0 0 0 0 0 0 0 0 0 0 0 0 0 0 0 0 0 0 0 0 0 0 0 0 0 0 0 0 0 0 0 0 0 0 0 0 0 0 0 0 0 0 0 0 0 0 0 0 0 0 0 0
28 19 25 9 17 0 3 22 17 37 0 7 40 66 0 1 0 0 0 0 0 0 0 0 0 0 2 0 0 0 0 11 2 0 0 0 0 1 1 0 0 49 0 19 152 38 0 0 0 0 0 0 0 9 25 103 15 7 0 2 1 31 0 1 2 1 0 0 0 0 0 0 0 0 1 3 0 0 0 0 0 0 0 0 0 0 0 0 0 0 0 8 0 1 0 0 0 0 0 0 0 0 0 0 0 0 0 0 25 24 30 59 56 29 39 36 32 40 50 0 53 52 0 0 0 0
2 2 0 1 1 1 0 3 3 5 0 0 0 0 0 0 0 0 0 0 0 0 0 0 0 0 0 0 0 0 0 0 0 0 0 0 0 0 0 85 1 145 0 6 15 4 0 0 0 0 0 0 0 0 0 0 0 1 0 0 37 75 96 65 45 0 0 26 0 30 11 0 17 0 0 1 7 112 0 0 0 0 0 0 0 0 0 0 0 0 0 0 0 1 0 0 0 0 0 0 0 0 0 0 0 0 0 0 57 54 34 43 47 16 38 36 28 39 49 0 51 51 0 0 0 0
0 0 0 0 0 0 0 0 0 0 0 0 0 0 0 0 0 0 0 0 0 0 0 0 0 0 0 0 0 0 0 1 0 0 0 0 0 0 0 0 0 0 0 0 0 0 0 0 0 0 0 0 0 0 0 0 0 0 0 0 0 0 0 0 0 0 0 0 0 0 0 0 0 0 0 0 0 0 0 0 0 1 0 0 0 0 0 0 0 0 0 0 0 0 0 0 0 0 0 0 0 0 0 0 0 0 0 0 1 1 0 0 0 0 0 0 0 0 0 0 0 0 0 0 0 0
0 0 1 0 0 0 0 0 0 0 0 1 0 1 0 0 0 0 0 0 0 0 0 0 0 0 0 0 0 0 0 0 0 0 0 0 0 0 0 0 0 38 0 0 0 48 0 5 0 0 0 0 0 0 1 3 0 0 0 0 25 0 0 0 0 244 0 0 0 0 0 0 2 3 3 0 0 25 4 4 0 0 0 0 0 0 0 0 0 0 0 0 0 0 0 0 0 0 0 0 0 0 0 0 0 0 0 0 7 7 0 0 0 0 0 0 0 0 2 0 1 0 0 0 0 0
1 1 0 0 1 0 0 0 0 0 0 0 0 1 0 0 0 0 0 0 0 0 0 0 0 0 0 0 0 0 0 1 0 0 0 0 0 0 0 0 0 1 0 0 0 0 0 8 0 0 0 0 0 0 0 0 0 0 0 0 0 0 0 0 0 0 0 0 0 0 0 0 3 5 5 0 1 6 5 6 0 0 0 0 0 0 0 0 0 0 0 0 0 0 0 0 0 0 0 0 0 0 0 0 0 0 0 0 1 1 0 0 0 0 0 0 0 0 0 0 0 0 0 0 0 0
0 0 0 0 0 0 0 0 0 0 0 0 0 0 0 0 0 0 0 0 0 0 0 0 0 0 0 0 0 0 0 0 0 0 0 0 0 0 0 0 0 21 0 0 0 0 0 0 0 0 0 0 0 0 0 0 0 0 0 0 16 0 0 0 0 0 0 0 0 0 0 0 0 0 0 0 3 30 0 0 0 0 0 0 0 0 0 0 0 0 0 0 0 0 0 0 0 0 0 0 0 0 0 0 0 0 0 0 3 3 0 0 8 0 0 0 0 0 4 0 2 1 0 0 0 0
0 0 0 0 0 0 0 0 0 0 0 0 0 0 0 0 0 0 0 0 0 0 0 0 0 0 0 0 0 0 0 0 0 0 0 0 0 0 0 1 0 10 0 0 0 0 0 0 0 0 0 0 0 0 0 0 0 0 0 0 3 33 190 44 0 0 0 0 0 0 0 0 1 1 1 0 0 42 1 1 0 0 0 0 0 0 0 0 0 0 0 0 0 1 0 0 0 0 0 0 0 0 0 0 0 0 0 0 0 0 0 0 0 0 0 0 0 0 0 0 0 0 0 0 0 0
3 3 0 2 3 0 0 6 5 10 0 2 0 0 0 0 0 0 0 0 0 0 0 0 0 0 0 0 0 0 0 0 0 0 0 0 0 0 0 0 0 20 0 1 1 0 0 0 0 0 0 0 0 0 1 1 0 1 0 181 137 0 107 62 32 0 4 256 52 185 41 45 33 4 1 2 13 75 0 0 0 2 0 0 0 0 0 0 0 0 0 0 0 0 0 0 0 0 0 0 0 0 0 0 0 0 0 0 2 2 52 181 22 229 491 445 263 170 167 62 123 132 0 0 0 0
230 101 107 45 80 2 30 108 54 136 20 24 120 192 0 12 1 0 0 0 0 0 0 0 0 0 0 86 123 43 8 125 212 1 85 104 128 95 88 101 35 270 403 167 566 962 0 1 0 26 25 33 2 134 215 160 54 19 88 47 68 133 165 164 111 0 0 435 113 367 382 47 28 4 5 2 14 11 0 255 0 6 3 0 0 14 0 0 1 0 0 320 20 77 36 0 12 0 0 0 0 0 0 3 0 42 258 0 132 146 78 70 75 55 73 73 69 75 80 38 84 83 3 7 0 0
571 260 295 165 317 10 133 61 46 114 69 74 62 505 41 44 5 0 0 0 0 0 0 0 94 61 52 42 0 26 5 97 110 3 42 111 291 133 124 46 29 397 25 20 0 19 0 0 117 11 5 139 723 90 86 106 99 29 113 0 14 18 18 25 26 0 0 0 53 35 24 47 71 50 53 75 14 68 0 0 0 23 0 0 0 0 0 0 0 0 0 19 26 28 26 0 0 0 0 0 0 214 0 6 0 0 0 0 267 286 44 63 63 43 48 46 43 49 54 12 57 56 0 0 20 0
2 2 5 1 2 0 0 5 4 8 0 71 8 161 0 1 0 5 0 0 0 0 0 0 40 36 0 0 0 0 0 5 1 1 0 5 15 6 5 3 1 14 0 0 0 0 0 0 0 3 0 6 0 0 3 2 2 1 3 15 34 9 10 11 9 0 0 0 0 0 0 6 5 5 11 1 1 55 0 0 0 0 5 0 0 0 0 0 0 0 0 8 0 0 0 0 0 0 9 21 0 54 0 4 0 0 0 0 74 75 0 9 8 0 4 1 0 0 9 0 8 8 6 0 0 0
12 11 22 6 11 2 6 11 9 19 3 8 0 16 5 29 1 4 0 0 0 0 0 0 8 0 0 3 5 25 0 0 7 0 0 12 37 15 15 30 22 5 331 1 1 2 0 93 0 3 2 5 0 697 4 8 1242 3 5 0 4 10 11 11 7 0 0 0 1 0 7 8 33 60 65 4 8 37 46 44 0 2 26 0 59 0 0 0 0 0 0 3 0 4 0 0 4 0 0 9 0 8 0 26 0 11 0 0 323 359 13 23 24 417 18 16 12 16 21 0 22 21 5 6 0 0
2 1 0 1 1 0 0 2 2 2 0 1 0 2 0 372 2 0 0 0 0 0 0 0 0 0 0 0 0 0 0 3 0 0 0 1 3 2 2 0 0 0 0 2 3 0 0 4 0 1 0 1 0 0 1 2 0 0 0 0 1 2 2 3 3 0 0 0 314 0 0 15 2 3 3 0 1 2 0 353 0 2 0 0 0 0 0 0 0 48 0 1 164 448 0 0 0 0 0 3 0 0 0 0 0 0 0 0 5 4 0 1 1 0 0 0 0 0 1 0 0 0 0 16 0 0
3 2 3 1 2 0 0 14 12 22 0 4 8 2 0 5 0 0 0 0 0 0 0 0 0 0 0 0 0 0 0 5 10 0 0 21 35 21 20 0 0 0 0 0 0 0 0 0 0 0 0 8 0 0 5 3 0 0 0 1 0 1 1 2 1 0 0 0 0 0 0 0 2 1 2 0 22 1 0 0 1 26 0 0 0 0 0 0 0 0 0 0 0 2 0 0 0 0 0 0 0 0 0 0 0 0 0 0 2 2 0 1 0 0 0 0 0 0 0 0 0 0 0 0 0 0
0 0 0 0 0 0 0 0 0 5 0 0 0 0 0 0 0 0 0 0 0 0 0 0 0 0 0 0 0 0 0 0 0 0 0 0 0 0 0 0 0 0 0 0 0 0 0 0 0 0 0 0 0 0 0 0 0 0 0 0 0 0 0 0 0 0 0 0 0 0 0 0 0 0 0 0 0 0 0 0 0 0 0 0 0 0 0 0 0 0 0 0 0 0 0 0 0 0 0 0 0 0 0 0 0 0 0 0 0 0 0 0 0 0 0 0 0 0 0 0 0 0 0 0 0 0
0 0 0 0 0 0 0 0 0 0 0 0 0 0 0 0 0 0 0 0 0 0 0 0 0 0 0 0 0 0 0 0 0 0 0 0 0 0 0 0 0 0 0 0 0 0 0 0 0 0 0 0 0 2 2 3 2 1 2 0 0 0 0 0 0 0 0 0 0 0 0 0 2 0 2 0 0 1 2 2 0 0 0 0 0 0 0 0 0 0 0 0 0 1 0 0 0 0 0 0 0 0 0 0 0 0 0 0 3 3 0 0 0 0 0 0 0 0 0 0 0 0 0 0 0 0
0 0 0 0 0 0 0 0 0 5 0 0 0 0 0 0 0 0 0 0 0 0 0 0 0 0 0 0 0 0 0 0 0 0 0 0 0 0 0 0 0 0 0 0 0 0 0 0 0 0 0 0 0 0 0 0 0 0 0 0 0 0 0 0 0 0 0 0 0 0 0 0 0 0 0 0 0 0 0 0 0 0 0 0 0 0 0 0 0 0 0 0 0 0 0 0 0 0 0 0 0 0 0 0 0 0 0 0 0 0 0 0 0 0 0 0 0 0 0 0 0 0 0 0 0 0
0 0 0 0 0 0 0 0 0 0 0 0 0 0 0 0 0 0 0 0 0 0 0 0 0 0 0 0 0 0 0 0 0 0 0 0 0 0 0 0 0 0 0 0 0 0 0 0 0 0 0 0 0 0 0 0 0 0 0 0 0 0 0 0 0 0 0 0 0 0 0 0 0 0 0 0 0 0 0 0 0 0 0 0 0 0 0 0 0 0 0 0 0 0 0 0 0 0 0 0 0 0 0 0 0 0 0 0 0 0 0 0 0 0 0 0 0 0 0 0 0 0 0 0 0 0
0 0 0 0 0 0 0 0 0 0 0 0 0 0 0 0 0 0 0 0 0 0 0 0 0 0 0 0 0 0 0 0 0 0 0 0 0 0 0 0 0 0 0 0 0 0 0 0 0 0 0 0 0 0 0 0 0 0 0 0 0 0 0 0 0 0 0 0 0 0 0 0 0 0 0 0 0 0 0 0 0 0 0 0 0 0 0 0 0 0 0 0 0 0 0 0 0 0 0 0 0 0 0 0 0 0 0 0 0 0 0 0 0 0 0 0 0 0 0 0 0 0 0 0 0 0
0 0 0 0 0 0 0 0 0 0 0 0 0 0 0 0 0 0 0 0 0 0 0 0 0 0 0 0 0 0 0 0 0 0 0 0 0 0 0 0 0 0 0 0 0 0 0 0 0 0 0 0 0 0 0 0 0 0 0 0 0 0 0 0 0 0 0 0 0 0 0 0 0 0 0 0 0 0 0 0 0 0 0 0 0 0 0 0 0 0 0 0 0 0 0 0 0 0 0 0 0 0 0 0 0 0 0 0 1 0 0 0 0 0 0 0 0 0 0 0 0 0 0 0 0 0
18 31 0 11 0 5 77 20 23 62 29 30 0 37 3 73 0 189 0 0 0 0 0 0 0 0 0 29 41 17 3 87 73 0 30 39 25 38 24 0 0 120 14 79 13 2 0 0 2 4 1 12 55 83 62 85 163 47 177 2696 0 0 0 0 0 505 83 0 115 0 15 0 0 0 0 0 0 0 0 0 0 0 125 0 0 0 0 0 0 0 0 5 0 3 18 0 35 0 0 34 0 0 0 0 0 0 0 0 109 102 0 46 0 0 11 0 0 0 4 0 3 0 13 52 35 0
23 39 393 14 0 10 99 26 29 78 37 38 0 47 5 102 0 238 0 0 0 0 0 0 315 271 0 30 0 18 3 110 83 0 33 48 37 47 31 0 0 151 0 99 0 0 0 0 3 5 2 0 87 82 79 106 204 59 223 3399 0 0 0 0 0 637 0 12 147 0 0 0 0 0 0 0 0 0 1905 0 0 0 838 0 81 0 0 30 568 6 0 25 20 17 142 0 348 0 42 191 0 0 0 130 0 471 165 339 583 548 74 261 110 334 213 0 0 0 56 0 58 0 271 340 217 0
152 260 2953 91 17 4 663 172 189 516 253 250 2711 310 41 0 0 70 0 0 0 0 0 0 71 76 0 219 315 96 21 679 547 0 229 320 398 318 279 28 49 544 57 489 117 48 0 0 184 303 393 710 58 450 338 459 834 253 960 271 0 0 0 0 0 40 209 120 263 30 32 0 25799 994 1075 1570 10155 2473 582 610 0 1139 216 0 0 0 0 0 1703 0 0 0 0 5 0 0 0 0 0 41 0 0 0 0 0 4 0 0 89 88 0 73 3 0 27 0 0 0 8 0 4 1 0 25 25 0
3 5 60 2 0 0 0 3 3 8 0 3 3 0 0 0 0 0 0 0 0 0 0 0 0 0 0 0 0 0 0 10 0 0 0 0 0 1 0 0 0 3 0 0 0 4 0 0 0 17 16 42 0 0 1 1 0 1 1 4 0 0 0 0 0 0 0 0 3 0 0 0 0 0 0 0 0 0 74 78 0 0 36 0 0 0 0 0 5 0 0 1 0 0 6 0 0 0 0 7 0 0 0 3 0 15 0 12 1 1 0 8 0 0 0 0 0 0 0 0 0 0 1 0 0 0
0 2 5 2 1 2 0 5 4 7 0 2 3 1 0 0 2 10 0 0 0 0 0 0 2 0 0 13 18 9 3 18 28 0 14 37 75 47 45 2 25 23 3 4 2 1 0 0 4 7 6 8 0 87 87 114 104 30 88 17 9 8 9 11 14 8 0 1 0 0 1 1 111 93 104 11 30 41 0 0 0 0 0 0 0 0 0 0 50 0 0 2 4 27 19 0 0 0 0 0 0 0 0 28 0 6 0 53 165 163 195 208 209 84 158 146 94 145 188 0 201 201 0 18 26 2
2220 1461 3307 798 1422 44 1040 1146 807 1815 813 788 1655 2018 410 1679 2059 2150 0 0 0 0 0 0 1158 711 0 306 467 180 55 939 666 28 300 783 1688 946 910 1075 230 558 617 1362 1441 410 0 9749 359 171 146 933 478 1173 1545 1272 584 217 1741 676 508 806 952 1039 931 1297 2220 916 882 2303 2023 1173 4016 6399 6936 428 1209 3297 6940 7376 215 383 2995 0 343 223 0 587 884 6565 98 3610 689 1349 2353 2372 1622 1245 886 937 1545 277 1623 1962 0 2466 2458 1071 2626 2601 1608 1604 1706 1438 1338 1382 1491 1492 1478 1549 1577 1572 1560 2273 1295 1
82 77 214 39 70 4 57 187 174 322 71 80 128 21 356 29 185 899 0 0 0 0 0 0 47 69 0 86 121 59 10 457 156 21 89 345 1229 454 424 23 104 17 97 139 111 13 0 8 272 267 254 421 174 351 168 229 478 68 223 55 66 49 43 48 140 65 178 127 303 0 107 9 33 29 27 9 6 191 7 0 49 6 40 0 0 186 0 0 110 46 179 1475 152 159 0 0 100 0 0 623 0 1209 0 31 6060 161 50 232 456 495 306 264 280 311 271 277 272 287 292 269 309 307 356 18 259 0
24 26 78 13 24 0 15 69 65 119 26 26 42 1 46 133 3 9 0 0 0 0 0 0 0 105 0 0 2 3 0 15 4 1 3 7 51 18 17 21 0 164 17 0 57 40 0 1 0 14 0 15 9 58 38 16 92 7 21 47 134 458 434 399 282 156 0 31 9 17 25 1 30 109 80 4 6 3 49 1 4 0 60 0 0 0 0 0 0 0 0 0 10 103 0 0 0 0 0 5 0 0 0 54 0 0 0 0 39 40 13 36 13 122 128 105 76 68 59 21 44 45 0 29 0 0
2250 1817 4145 911 1782 367 1311 16643 8912 7097 2234 2085 6701 4137 2875 4871 970 2196 0 0 0 0 0 0 2587 2485 0 2630 3742 1528 249 12983 10833 849 1061 6331 11358 6264 5963 3824 3221 812 4442 8468 5519 2973 6868 74 2094 1278 1465 8636 1639 2903 2963 3033 3741 1070 2294 373 620 515 591 7867 1200 554 2386 2299 2347 1589 1428 21896 411 282 282 78 7059 221 315 221 729 22517 804 1402 869 441 0 230 4466 0 0 269 1454 1119 1005 844 3087 581 183 1607 1679 1393 0 4123 0 1791 1131 2753 2412 2389 457 480 476 364 388 398 398 425 454 321 470 466 1153 1710 2248 0
784 1977 470 1754 1180 167 203 972 698 1308 425 1466 628 194 319 3462 380 588 0 0 0 0 0 0 416 580 22 85 105 75 32 1165 165 2450 135 2662 3131 2214 2020 529 488 501 143 571 303 549 0 7 1214 6110 2196 4672 1346 1360 1035 540 522 149 1677 5130 7207 4231 3057 4009 15594 6483 599 994 868 591 691 743 1419 553 164 757 246 86 281 0 452 1417 655 0 263 693 0 0 2853 0 0 132 1396 1751 527 0 208 0 50 519 0 548 0 749 0 250 293 1491 785 774 212 693 69 113 97 90 249 303 485 139 330 278 757 2842 508 0
19 21 47 10 15 1 0 52 25 52 7 17 25 13 12 0 9 23 0 0 0 0 0 0 18 24 0 0 0 0 18420 64 0 15 0 212 26 308 274 14 663 321 0 25 11 79 0 4 0 42 0 0 0 22 26 32 41 12 48 55 174 135 150 199 325 114 0 49 40 27 207 11 23 16 16 6 5 20 21 0 0 0 0 0 0 62 0 0 0 0 0 23 120 106 908 186 63 0 138 216 0 0 0 30 0 266 258 528 170 196 0 23 14 0 9 4 0 4 20 0 18 17 7 436 0 0
23 12 18 6 11 4 0 15 13 25 0 2 24 9 46 33 2656 2726 0 0 0 0 0 0 133 114 0 27 35 16 3 94 57 0 26 77 179 98 91 3 9 7 9 60 46 23 0 1 372 45 46 768 26 30 99 422 99 28 419 312 15 34 34 40 32 8 87 38 107 148 0 7 8 6 6 1 2 3 4 0 18 28 16 0 0 90 63 11 40 0 0 165 0 93 0 0 54 0 1 75 0 0 0 29 0 23 40 0 237 216 169 189 200 152 146 149 143 163 164 164 175 174 198 0 20 0
1102 844 2067 385 703 27 611 1052 854 1859 433 408 1897 1077 582 531 987 5298 0 0 0 0 0 0 6279 3126 0 1287 1718 760 128 4036 2743 2 1261 3523 7796 4383 4102 508 279 444 368 2366 1152 1103 0 6 1608 1622 1796 1288 1097 1801 1626 3036 6330 1802 2727 535 191 590 1327 802 253 328 1495 950 2063 511 259 32 935 683 738 115 211 771 1820 1886 5677 3243 740 0 0 234 2352 1275 604 326 0 2778 0 191 0 2907 397 0 0 179 0 0 0 149 0 486 391 270 1244 1146 999 1029 1011 1050 866 886 825 840 831 877 885 882 1030 443 457 0
0 0 0 0 0 1 0 0 0 0 0 0 0 0 0 0 150 574 0 0 0 0 0 0 0 0 0 0 0 0 0 0 0 0 0 0 0 0 0 0 0 0 0 0 0 0 0 0 0 0 0 0 0 4 0 0 8 0 0 0 0 0 0 0 0 0 0 0 0 0 0 0 0 0 0 0 0 1 0 0 3 0 0 0 0 45 0 0 0 0 0 0 0 0 0 0 0 0 0 0 0 0 0 0 0 0 0 0 13 12 0 0 0 0 0 0 0 0 0 0 0 0 0 0 0 0
8 3 2 4 3 2 0 4 3 6 0 1 14 5 2 61 2 6 0 0 0 0 0 0 0 5 0 0 0 0 0 5 0 0 0 6 45 17 20 0 0 5 0 153 26 0 0 0 471 551 584 220 0 0 6 22 49 15 30 12 5 11 12 24 5 8 0 0 25 2 0 14 250 6 7 1 1 5 1 0 11 8 0 0 0 0 0 0 0 12 271 609 0 47 0 0 0 0 0 0 0 35 0 0 0 0 0 0 48 48 0 6 6 0 8 8 0 2 12 0 11 11 0 0 0 0
0 0 0 0 0 0 0 0 0 0 0 0 0 0 0 0 0 0 0 0 0 0 0 0 0 0 0 0 0 0 0 0 0 0 0 0 0 0 0 0 0 0 0 0 0 0 0 0 1 5 3 0 0 0 0 0 0 0 0 0 0 0 0 0 0 0 0 0 0 0 0 0 3 0 0 0 0 0 0 0 0 0 0 0 0 0 0 0 0 0 0 26 0 0 0 0 0 0 0 0 0 0 0 0 0 0 0 0 2 2 0 0 0 0 0 0 0 0 0 0 0 0 0 0 0 0
72 41 0 19 33 3 13 85 30 78 4 7 0 40 21 0 6 9 0 0 0 0 0 0 0 3 0 20 9 12 3 113 46 0 20 79 187 104 96 14 0 2 9 27 0 0 0 0 6 14 12 62 0 31 30 32 36 11 44 32 14 20 24 28 27 32 0 0 27 11 57 134 26 15 17 4 4 5 0 0 47 0 0 0 210 95 0 0 0 375 123 58 356 391 0 0 0 0 0 56 0 59 0 54 0 0 0 0 88 94 0 0 0 10 0 0 0 0 344 0 0 0 155 0 0 0
431 201 264 96 173 13 79 261 0 328 62 81 230 270 207 3008 71 144 0 0 0 0 0 0 47 169 0 202 268 120 21 843 413 35 198 592 1410 748 700 147 73 38 198 344 166 166 0 1 505 663 657 667 362 276 267 309 366 107 336 230 234 213 243 324 387 290 266 454 2101 204 292 412 446 140 146 38 41 81 142 2390 745 163 62 0 1228 2458 0 448 0 1419 0 954 4198 4984 619 0 209 0 0 298 0 271 0 631 0 189 0 0 356 350 117 130 132 302 108 112 83 118 308 430 128 129 2878 3927 0 1
14 14 25 7 12 1 10 23 19 26 9 15 5 14 23 44 27 0 0 0 0 0 0 0 15 23 0 14 12 8 2 70 31 11 14 36 78 43 40 19 16 32 3 17 6 118 0 36 6 29 14 35 2 22 15 18 15 4 21 33 48 51 52 73 97 57 0 30 9 0 13 26 35 40 42 6 8 24 0 0 8 30 61 0 0 26 0 0 0 0 0 27 13 27 12 0 0 0 0 252 0 0 0 598 0 60 0 10 132 139 34 46 45 21 35 34 30 34 44 0 45 44 124 0 18 0
217 200 424 96 180 73 137 367 312 627 132 125 453 998 188 187 13 56 0 0 0 0 0 0 320 105 0 129 169 77 13 532 267 0 127 389 913 492 461 215 206 505 196 362 96 243 288 0 354 381 407 192 207 223 237 229 291 83 192 117 116 426 279 435 123 41 181 204 273 186 193 49 492 502 544 54 130 136 532 493 397 15 249 0 345 241 0 713 247 676 31 514 283 376 233 2 307 0 567 0 713 755 0 504 0 3671 0 74 802 790 275 259 278 222 241 246 253 258 264 226 280 279 742 188 255 0
67 55 103 26 50 1 33 87 71 146 30 29 128 79 89 139 10 43 0 0 0 0 0 0 35 86 0 20 24 11 2 163 35 0 20 78 246 102 96 82 19 124 0 78 23 57 0 0 11 25 27 16 0 45 68 40 34 10 78 120 15 198 286 295 19 99 40 43 0 51 55 183 69 118 158 10 29 124 99 0 378 6 110 0 119 448 0 0 0 0 84 146 426 863 519 1860 205 0 0 0 0 161 0 0 0 0 0 58 515 600 108 118 124 85 101 102 99 105 115 44 121 120 0 0 45 0
0 0 1 0 0 20 0 1 0 1 0 0 1 0 11 0 0 47 0 0 0 0 0 0 0 0 0 1 0 1 0 0 1 0 1 7 27 10 8 0 0 3 0 23 62 0 0 0 29 19 17 78 0 30 41 51 47 14 30 0 0 0 0 0 0 0 7 2 0 0 0 0 3 5 5 0 0 2 0 0 0 0 31 0 0 0 0 0 0 0 0 2 123 87 0 0 0 324 4930 0 0 0 0 0 0 0 0 57 135 144 0 6 6 0 0 0 0 0 5 0 1 0 9107 0 71 0
485 464 1111 229 418 61 347 950 839 1600 357 342 919 30 0 403 49 29 0 0 0 0 0 0 110 0 0 41 53 33 16 173 68 5 40 116 308 145 137 44 381 26 0 47 86 317 0 38 63 48 45 361 40 198 188 235 0 76 195 426 1560 2400 2941 2922 2880 1101 239 371 605 74 43 55 463 303 324 45 113 290 329 1505 495 40 184 0 1735 6965 0 3583 2240 243 40 1019 228 149 216 588 1151 0 500 2235 0 1739 2955 504 0 1062 721 416 2029 2116 2055 1898 2048 1755 1734 1792 1896 1901 1882 1975 1966 2001 1450 2487 4933 14
30 29 75 14 25 11 25 203 92 172 38 59 150 151 11 195 80 224 0 0 0 0 0 0 560 583 0 329 28 61 52 180 71 41 34 488 529 1182 1195 166 9 23 0 98 112 19 0 0 88 140 73 181 86 61 79 32 125 36 138 223 125 344 365 415 267 399 250 0 0 0 44 506 147 197 207 29 28 215 206 204 352 48 314 0 0 28 0 0 30 3 228 41 0 44 0 0 238 0 0 227 0 0 465 23 0 70 0 221 991 1105 123 141 138 95 109 109 106 119 131 38 135 133 760 458 131 0
61 62 206 32 55 3 52 163 134 221 56 78 125 16 244 79 296 241 0 0 0 0 0 0 84 127 0 111 147 66 12 244 217 40 110 359 967 461 431 871 535 3600 13 170 500 5863 0 2 31 164 141 231 83 216 263 239 167 48 290 147 281 274 293 422 513 274 110 320 114 106 63 102 719 881 948 103 112 455 928 146 3095 123 743 0 256 322 6988 828 35 65 20 237 408 186 3980 3867 3324 2667 3092 2658 0 0 0 1499 0 2608 1242 518 1504 1491 157 184 185 139 141 143 150 155 166 120 172 171 4869 1236 123 0
1 2 3 1 0 1 0 3 2 4 0 14 2311 1 13 29 3 191 0 0 0 0 0 0 0 3 0 0 0 0 0 3 0 19 1 2 7 4 3 44 2 14 0 3 0 0 0 1 0 85 41 19 0 12 11 6 4 1 16 303 223 185 193 200 321 52 0 0 0 0 2 0 31 30 14 29 5 5 13 0 2 0 0 0 0 0 0 0 0 0 0 4 1 15 0 0 0 0 32 41 0 0 0 0 0 5 0 48 175 142 0 6 0 0 0 0 0 0 4 0 1 0 48 0 119 0
1488 1430 2983 669 1251 26 967 4047 3172 6078 1536 1468 5083 2758 694 1793 67 290 0 0 0 0 0 0 977 742 0 1396 1903 813 201 3050 6556 38 976 3394 4560 3338 3266 934 370 1478 146 930 920 1360 0 40 1860 1415 1436 2028 456 976 506 730 945 271 796 1009 1591 4021 4022 3396 2429 1602 353 1008 1568 716 465 101 2151 1794 1832 224 637 1590 1761 1777 4299 133 1329 633 0 3713 2042 5253 3472 224 214 2198 3120 4463 5726 697 4926 3557 5247 8524 2440 986 3266 5852 0 2474 1446 1161 5334 5863 1846 1867 1901 2024 1917 1896 1988 1892 1816 1940 1871 1871 9227 3289 1432 0
2 6 147 38 16 0 100 1 3 0 31 33 0 1 36 0 8 62 0 0 0 0 0 0 60 42 0 57 0 5 12 150 57 0 55 35 68 68 50 0 0 243 0 9 0 0 0 0 123 2 1 525 0 58 13 17 12 4 14 44 28 38 44 47 57 73 0 25 21 0 82 4 51 0 1 3 20 20 1 0 0 0 0 0 0 88 0 0 0 0 0 2 48 37 7 0 0 0 117 1145 0 0 0 0 0 0 0 0 167 140 93 70 79 46 90 88 85 91 103 0 108 107 1219 55 43 0
0 0 118 26 15 2 146 0 4 0 45 227 184 1 56 12 11517 53 0 0 0 0 0 0 58 1924 0 5 0 5 2 2 15 2 7 56 240 76 71 35 0 770 0 35 0 51 0 0 14 10 1269 79 1190 16 67 38 24 7 16 85 184 128 129 149 269 92 0 66 76 3 28 203 3279 134 74 165 70 52 217 0 173 62 79 0 0 694 0 0 0 0 0 30 158 42 1283 723 171 359 786 575 0 83 0 392 0 472 0 213 103 96 0 1 0 0 0 0 0 0 0 0 0 0 364 291 764 0
48 37 61 18 41 2 10 61 46 74 15 22 98 61 42 0 56 1145 0 0 0 0 0 0 350 170 0 56 84 37 8 217 137 5 56 218 492 286 263 26 13 334 10 97 51 56 0 1 60 88 78 36 64 134 101 181 361 104 163 35 27 47 90 62 44 31 77 87 85 26 81 47 70 42 47 9 18 47 47 0 274 0 0 0 0 10 0 0 0 89 0 161 4 17 6 147 0 0 0 0 0 0 0 0 0 274 0 0 131 109 20 50 44 7 31 26 12 27 44 0 44 43 506 5 0 0
0 0 0 0 0 0 0 0 0 0 0 0 0 0 0 0 0 0 0 0 0 0 0 0 0 0 0 0 0 0 0 0 0 0 0 0 0 0 0 0 0 0 0 0 0 0 0 0 0 0 0 0 0 0 0 0 0 0 0 0 0 0 0 0 0 0 0 0 0 0 0 0 0 0 0 0 0 0 0 0 0 0 0 0 0 0 0 0 0 0 0 0 0 0 0 0 0 0 0 0 0 0 0 0 0 0 0 0 0 0 0 0 0 0 0 0 0 0 0 0 0 0 0 0 0 0
0 0 0 0 0 0 0 0 0 0 0 0 0 0 0 0 0 0 0 0 0 0 0 0 0 0 0 0 0 0 0 0 0 0 0 0 0 0 0 0 0 0 0 0 0 0 0 0 0 0 0 0 0 0 0 0 0 0 0 0 0 0 0 0 0 0 0 0 0 0 0 0 0 0 0 0 0 0 0 0 0 0 0 0 0 0 0 0 0 0 0 0 0 0 0 0 0 0 0 0 0 0 0 0 0 0 0 0 7 0 0 0 0 0 0 0 0 0 0 0 0 0 0 0 0 0
9 9 13 7 8 0 7 14 12 13 7 18 14 29 9 6 13 2 0 0 0 0 0 0 4 0 0 11 0 15 13 26 9 4 12 19 0 5 0 0 2 13 0 22 0 4 0 1 12 18 12 18 0 4 10 16 10 6 0 0 22 19 18 27 31 0 0 0 12 0 7 13 433 158 166 37 108 129 121 0 174 40 0 0 0 0 0 0 2 0 0 15 6 15 24 0 0 0 0 22 0 0 0 20 0 0 25 0 301 315 0 1324 1354 0 774 571 186 619 1195 0 1205 1177 0 16 7 13
0 0 0 0 0 0 0 0 0 0 0 0 0 0 0 0 0 0 0 0 0 0 0 0 0 0 0 0 0 0 0 0 0 0 0 0 0 0 0 0 0 0 0 1 0 0 0 1 0 1 0 0 0 0 0 1 0 0 0 0 68 0 0 1 2 0 0 0 0 0 0 0 24 7 6 2 5 15 0 0 0 0 0 0 0 0 0 0 0 0 0 0 0 0 0 0 0 0 0 0 0 0 0 0 0 0 0 0 128 130 0 0 0 0 0 0 0 0 0 0 0 0 0 0 0 0
0 1 1 1 0 0 0 2 2 1 0 1 1 1 0 0 1 0 0 0 0 0 0 0 0 0 0 0 0 0 2 4 0 0 1 2 0 0 0 0 0 2 0 2 0 0 0 0 1 2 1 2 0 0 3 9 0 2 0 0 2 0 3 0 4 0 0 0 0 0 0 0 76 26 27 6 17 33 1 0 0 3 0 0 0 0 0 0 0 0 0 1 0 3 4 0 0 0 0 0 0 0 0 3 0 0 4 0 196 225 0 58 0 0 0 0 0 0 13 0 0 0 0 0 0 1
13 12 18 8 10 0 9 19 16 18 9 14 20 15 13 13 15 11 0 0 0 0 0 0 0 0 0 12 0 14 12 37 13 7 13 24 0 14 0 0 6 13 0 17 0 7 0 1 13 26 16 26 0 9 11 16 9 6 0 0 27 23 22 35 49 0 0 0 11 0 9 19 306 116 122 28 80 63 33 0 43 30 0 0 0 0 0 0 18 0 0 15 14 39 0 0 0 0 0 34 0 0 0 32 0 0 31 0 582 570 184 1361 1400 0 843 667 335 722 1233 0 1253 1228 13 28 17 13
2 3 6 2 2 1 2 4 4 2 2 4 4 4 2 1 4 0 0 0 0 0 0 0 0 0 0 1 0 2 3 9 0 2 2 4 0 0 0 0 0 3 0 3 0 0 0 7 3 7 4 6 0 0 0 4 0 2 0 0 7 5 4 9 13 0 0 0 0 0 2 5 91 37 39 8 23 25 0 0 0 5 0 0 0 0 0 0 0 0 0 3 0 5 5 0 0 0 0 1 0 0 0 6 0 0 8 0 168 174 0 342 316 0 0 0 0 0 286 0 0 227 0 2 0 3
4 5 9 4 4 3 4 7 6 5 4 6 8 6 5 4 6 0 0 0 0 0 0 0 0 0 0 4 0 5 5 15 1 3 5 8 0 0 0 0 0 5 0 7 0 0 0 12 5 11 6 10 0 0 3 7 0 3 0 0 12 9 8 15 21 0 0 0 0 0 3 8 157 64 67 14 40 44 19 1144 11 14 0 0 0 0 0 0 0 0 0 6 0 8 9 0 0 0 0 6 0 0 0 14 0 0 14 0 313 316 0 582 569 0 192 0 0 3 508 0 483 460 0 9 3 6
11 9 15 7 8 1 7 16 13 13 7 13 15 13 11 12 12 8 0 0 0 0 0 0 4 0 0 9 0 10 9 33 9 8 10 20 0 9 0 0 4 10 0 12 0 5 0 1 10 25 14 25 0 4 9 14 4 5 0 0 27 21 18 33 51 0 0 0 7 0 8 19 214 82 85 20 57 41 74 23 109 41 0 0 0 0 0 0 11 0 0 14 18 35 20 0 0 0 0 24 0 0 0 23 0 0 26 0 296 324 0 1047 1062 0 564 369 0 402 939 0 937 911 4 28 12 10
6 6 12 4 5 1 5 9 8 7 4 8 12 9 5 5 7 3 0 0 0 0 0 0 0 0 0 4 0 5 6 17 2 4 5 10 0 0 0 0 0 6 0 7 0 0 0 16 6 13 7 12 0 0 3 8 0 3 0 0 14 12 10 18 26 0 0 0 0 0 4 9 154 65 69 14 40 34 57 6477 68 22 0 0 0 0 0 0 0 0 0 8 0 12 12 0 0 0 0 13 0 0 0 20 0 0 17 0 231 261 0 623 609 0 204 0 0 0 544 0 516 492 0 12 4 6
0 0 1 0 0 0 0 1 1 0 0 1 1 1 0 0 1 0 0 0 0 0 0 0 0 0 0 0 0 0 1 1 0 0 0 0 0 0 0 0 0 0 0 1 0 0 0 1 0 1 0 1 0 0 0 1 0 0 0 0 1 0 1 0 2 0 0 0 0 0 0 0 23 8 8 2 5 6 0 0 0 1 0 0 0 0 0 0 0 0 0 1 0 0 0 0 0 0 0 0 0 0 0 0 0 0 0 0 77 90 0 0 0 0 0 0 0 0 0 0 0 0 0 0 0 0
30 31 52 21 27 4 25 52 45 54 27 41 67 41 34 52 37 52 0 0 0 0 0 0 26 0 0 56 47 49 30 115 90 23 57 130 181 139 116 18 73 74 0 41 6 34 0 3 40 86 54 79 0 204 201 270 237 71 176 49 94 79 72 110 176 0 0 0 47 9 28 51 757 401 424 73 206 177 419 383 571 119 387 0 0 0 0 0 205 0 0 40 57 118 48 0 5 0 0 100 0 0 0 185 0 41 166 226 687 698 2047 3291 3451 1641 2464 2325 2079 2510 3025 0 3181 3147 87 157 125 32
0 0 1 1 0 0 0 2 2 0 0 3 1 5 0 0 1 0 0 0 0 0 0 0 0 0 0 0 0 0 1 3 0 1 0 0 0 0 0 0 0 1 0 0 0 0 0 0 0 3 1 2 0 0 0 1 0 1 0 0 4 0 2 0 5 0 0 0 0 0 0 1 28 10 11 3 7 7 0 0 0 2 0 0 0 0 0 0 0 0 0 2 0 2 3 0 0 0 0 0 0 0 0 0 0 0 2 0 48 55 0 108 57 0 25 0 0 0 63 0 0 0 0 0 0 1
1 1 3 1 1 0 0 2 2 0 0 2 2 2 0 0 2 0 0 0 0 0 0 0 0 0 0 0 0 0 1 4 0 1 0 0 0 0 0 0 0 1 0 0 0 0 0 4 1 3 2 3 0 0 0 1 0 1 0 0 3 2 2 0 6 0 0 0 0 0 0 1 37 15 16 3 9 8 3 1140 0 4 0 0 0 0 0 0 0 0 0 2 0 2 3 0 0 0 0 0 0 0 0 1 0 0 3 0 85 94 0 132 83 0 0 0 0 0 85 0 24 0 0 0 0 1
36 58 70 38 57 6 70 72 67 106 61 103 55 13 19 19 868 27 0 0 0 0 0 0 0 10 0 3 9 9 48 22 20 0 12 24 43 23 21 18 18 84 27 0 18 0 0 0 7 11 9 23 0 24 24 31 28 8 20 5 5 15 16 14 9 7 0 7 0 0 3 7 84 44 44 21 27 39 0 0 5 0 4 0 0 5 0 0 0 0 0 14 16 43 0 0 0 0 590 0 0 0 0 0 0 0 0 0 432 424 3 33 29 0 17 12 0 8 28 0 26 25 0 0 0 0
11 19 39 5 11 1 1 42 14 38 4 15 16 14 3 323 30 6 0 0 0 0 0 0 0 1 0 4 6 4 2 32 3 5 8 20 73 37 34 0 0 11 0 8 0 36 0 0 0 13 0 22 0 18 18 15 9 4 15 17 44 26 29 37 45 23 0 7 3 0 0 13 23 18 19 4 5 26 0 0 0 2 0 0 0 0 0 0 0 15 0 19 68 135 65 0 50 0 172 55 0 0 0 83 0 0 0 0 80 82 0 11 7 0 0 0 0 0 9 0 7 6 1296 0 0 0
14 15 30 7 13 2 7 30 27 8 7 15 13 6 0 31 10 46 0 0 0 0 0 0 10 5 0 11 15 6 1 89 21 15 8 35 107 50 47 20 16 68 36 23 22 16 0 4 0 28 5 23 2 25 22 29 23 7 26 53 57 48 54 115 118 59 18 0 9 1 20 77 14 10 11 4 3 8 0 0 0 120 0 0 0 15 0 0 374 0 0 13 4 23 16 1263 0 0 0 0 0 0 0 0 0 0 0 140 504 506 0 11 6 0 1 0 0 0 9 0 8 7 25 71 0 0
0 0 0 0 0 0 0 0 0 0 0 0 0 0 0 0 0 0 0 0 0 0 0 0 0 0 0 0 0 0 0 0 0 0 0 0 0 0 0 0 0 0 0 0 0 0 0 0 0 0 0 0 0 0 0 0 0 0 0 0 0 0 0 0 0 0 0 0 0 0 0 0 0 0 0 0 0 0 0 0 0 0 0 0 0 0 0 0 0 0 0 0 0 0 0 0 0 0 0 0 0 0 0 0 0 0 0 0 0 0 0 0 0 0 0 0 0 0 0 0 0 0 0 0 0 0
