123
0 0 0 0 0 0 0 0 0 1 0 0 0 0 0 0 0 0 0 0 0 0 0 0 0 0 0 0 0 0 0 739 0 0 0 1 0 0 0 0 0 0 0 0 0 0 0 0 0 0 0 0 0 0 0 0 0 0 0 0 0 0 0 0 0 0 0 0 0 0 0 0 0 0 0 0 0 0 0 0 23 0 0 0 0 0 0 0 0 0 0 0 0 0 0 0 0 0 0 0 0 0 0 0 0 0 0 0 0 0 0 0 0 0 0 0 0 0 0 0 0 0 0
0 0 0 1 0 1 1 3 366 84 9 432 1275 45 0 0 0 0 0 0 0 0 1 0 0 0 0 0 0 0 0 0 0 127 0 748 9 0 0 0 0 0 0 0 0 0 0 0 0 0 0 0 0 0 0 0 0 1 0 0 0 2 0 0 0 0 0 0 0 0 0 0 1 3 1 1 1 0 0 0 0 0 0 0 0 0 0 0 0 0 0 0 0 0 0 0 0 0 0 0 0 0 0 0 0 0 0 0 0 0 0 0 0 0 0 0 0 0 0 0 0 0 0
0 2 0 2 0 1 1 5 3668 609 804 2836 2794 3034 0 0 24 0 0 2 0 0 2 0 0 0 0 0 0 0 0 1 0 697 0 39 15 0 0 0 0 0 0 0 0 0 0 0 0 0 0 0 0 0 0 0 0 5 157 4 0 6 0 0 0 0 0 0 0 0 176 0 1 6 1 2 1 0 0 0 2 0 0 0 0 0 0 0 0 0 0 0 3 0 0 0 0 0 0 0 0 0 0 0 0 0 0 0 0 0 0 0 0 0 0 0 0 0 0 102 49 7 0
0 0 0 0 0 3 2 22 2 0 3 1 4 0 0 0 0 0 0 0 0 0 2 0 0 0 0 0 0 0 0 0 0 2728 2535 7 53 0 0 0 0 0 0 0 0 0 5 0 0 0 0 0 0 0 0 0 0 4 0 1 0 1 0 0 0 0 0 0 3 0 0 0 1 1 0 2 1 0 0 0 0 0 0 0 0 0 0 0 0 0 0 0 0 0 0 0 0 0 0 0 0 0 0 0 0 0 0 0 0 0 0 0 0 0 0 0 0 0 0 0 0 0 0
0 0 0 0 0 0 0 2 0 0 0 0 0 0 0 0 3 0 0 0 0 0 0 0 0 0 0 0 0 0 0 0 0 0 0 43 6 0 0 0 0 0 0 0 0 0 0 0 0 0 0 0 0 0 0 0 0 1 20 0 0 0 0 0 0 0 0 0 0 0 21 0 0 1 0 0 0 0 0 0 0 0 0 0 0 0 0 0 0 0 1 0 0 0 0 0 0 0 0 0 0 0 0 0 0 0 0 0 0 0 0 0 0 0 0 0 0 0 0 14 0 0 0
0 0 0 0 0 0 1 6 0 0 0 0 0 0 0 3 6 0 0 3 0 0 1 0 0 0 1 0 0 0 0 1 25181 97 0 104 17 0 0 0 0 0 0 0 0 0 0 0 0 0 0 1 0 0 0 0 1 2 3 2 1 2 0 0 0 0 1 0 0 0 0 0 0 1 19 1 1 0 0 0 0 1 0 0 10 0 0 0 0 0 2 0 0 0 0 0 0 0 0 0 0 2 0 0 0 0 0 0 0 0 0 0 0 0 0 0 0 0 0 0 2 0 0
0 0 0 0 0 0 0 0 6 9 8 0 2 6 0 0 0 0 0 0 0 0 0 0 0 0 0 0 0 0 0 0 0 0 0 0 0 0 0 0 0 0 0 0 0 0 1 0 0 0 0 0 0 0 0 0 0 0 0 0 0 0 0 0 0 0 0 0 0 0 0 0 0 0 0 0 0 0 0 0 0 0 0 0 0 0 0 0 0 0 0 0 0 0 0 0 0 0 0 0 0 0 0 0 0 0 0 0 0 0 0 0 0 0 0 0 0 0 0 0 0 0 0
0 0 0 0 0 0 1 0 50 54 77 83 77 42 0 0 0 0 0 0 0 0 0 0 0 0 0 0 0 0 0 0 0 0 0 141 0 0 0 73 0 0 0 0 0 0 0 0 0 0 0 0 0 0 0 0 0 0 0 0 0 1 0 0 0 0 0 0 0 0 0 0 0 1 0 0 0 0 0 0 1 0 0 0 0 0 0 0 0 0 0 0 2 0 0 0 0 0 0 0 0 0 0 0 0 0 0 0 0 0 0 0 0 0 0 0 0 0 0 0 0 0 0
0 0 0 0 0 1 0 0 0 0 0 0 2 0 0 0 0 0 0 0 0 0 1 0 0 1621 0 0 0 0 0 0 0 0 0 0 9 0 0 44 0 0 0 0 0 0 0 0 0 0 0 0 0 0 0 0 0 0 0 0 0 0 0 0 0 0 0 0 0 0 0 0 0 0 1 1 0 0 0 0 0 0 0 0 0 0 0 0 0 0 0 0 0 0 0 0 0 0 0 0 0 0 0 0 0 0 0 0 0 0 0 0 0 0 0 0 0 0 0 0 0 0 0
0 0 0 2 1 1 0 0 2 0 1 0 0 0 0 0 0 0 0 0 0 0 1 0 0 0 3236 0 0 0 0 0 0 0 0 0 10 0 0 0 0 0 0 0 0 0 0 1 0 0 0 0 0 0 0 0 0 2 9 7 4 3 0 0 0 0 0 0 6 0 4 0 1 3 2 1 1 0 0 0 1 0 0 0 0 0 0 0 0 0 0 0 4 0 0 0 0 0 0 0 0 0 0 0 0 0 0 0 0 0 0 0 0 0 0 0 0 0 0 0 0 0 0
0 0 0 0 0 0 0 0 0 0 0 0 0 0 0 0 0 0 0 0 0 0 0 0 0 0 0 615 0 0 0 0 0 0 0 0 6 0 0 0 0 0 0 0 0 0 0 0 0 0 0 0 0 0 0 0 0 0 5 0 0 0 0 0 0 0 0 0 0 0 9 0 0 0 1 0 0 0 0 0 0 0 0 0 0 0 0 0 0 0 0 0 0 0 0 0 0 0 0 0 0 0 0 0 0 0 0 0 0 0 0 0 0 0 0 0 0 0 0 6 0 0 0
0 0 0 0 1 2 0 0 31 42 34 0 6 27 0 0 0 0 0 0 0 0 1 0 0 0 2298 0 0 0 0 0 0 0 0 0 5 0 0 0 0 0 0 0 0 0 0 2 0 0 0 0 0 0 0 0 0 3 0 2 0 7 0 0 0 0 0 0 1 0 2 0 1 4 2 1 1 0 0 0 2 0 0 0 0 0 0 0 5 0 0 0 7 0 0 0 0 0 0 0 0 0 0 0 0 0 0 0 0 0 0 0 0 0 0 0 0 0 0 6 0 0 0
0 0 0 0 0 0 0 0 0 4 3 0 0 0 0 0 0 0 0 0 0 0 0 0 0 0 0 0 0 0 0 0 0 0 0 5 0 0 0 0 0 0 0 0 0 0 0 0 0 0 0 0 0 0 0 0 0 0 0 0 0 1 0 0 0 0 0 0 0 0 0 0 0 0 0 0 0 0 0 0 0 0 0 0 0 0 0 0 0 0 0 0 1 0 0 0 0 0 0 0 0 0 0 0 0 0 0 0 0 0 0 0 0 0 0 0 0 0 0 0 0 0 0
0 0 0 22 5 2 0 0 9 5 3 0 111 0 0 0 0 0 0 0 0 0 3 1 0 52 0 0 0 0 0 0 0 0 0 0 14 0 0 0 0 0 0 0 0 0 0 5 0 0 0 0 2 0 0 0 0 5 57 25 17 11 0 0 0 0 0 0 22 1 17 3 2 11 4 2 2 2 3 0 2 0 0 0 0 0 0 0 0 0 0 4 14 0 0 0 0 32 0 0 0 0 0 0 0 0 0 0 0 0 0 0 0 0 0 0 0 0 0 8 0 0 0
0 0 0 0 0 0 0 0 0 0 0 0 0 0 0 0 1 0 0 0 0 0 0 0 0 0 0 0 0 0 0 0 0 0 0 0 0 0 0 0 0 0 0 0 0 0 0 0 0 0 0 0 0 0 0 0 0 0 2 0 0 0 0 0 0 0 0 0 0 0 2 0 0 0 0 0 0 0 0 0 0 0 0 0 0 0 0 0 0 0 0 0 0 0 0 0 0 0 0 0 0 0 0 0 0 0 0 0 0 0 0 0 0 0 0 0 0 0 0 1 0 0 0
0 9 3 179 1 0 0 23 96 23 20 7 11 17 0 0 33 1 21 7 0 0 8 1 0 0 0 0 0 17 187 5 0 0 0 22 23 0 0 0 12024 2242 3241 0 0 0 0 8 0 20 0 73 120 31 0 16 38 97 34 23 23 48 0 0 0 0 0 6931 3 0 0 0 3 5 10097 7 6 0 0 0 517 0 0 0 11 0 0 0 0 0 11 0 0 0 0 0 0 0 0 0 0 0 0 0 0 0 0 0 0 0 0 0 0 0 0 0 0 0 0 0 0 29 0
107 6155 0 245 0 0 23 16 288 89 30 310 875 64 0 0 0 0 0 1 0 0 4 1 0 7 0 0 0 0 0 5 24 0 0 7362 0 0 0 18 12 0 0 0 0 0 0 18 0 0 0 0 0 0 0 0 11 13 14 15 6 70 0 0 0 0 0 0 5 0 36 0 0 32 0 1 1 0 0 34 4 0 0 0 0 0 0 0 0 0 4 0 71 0 0 0 0 0 0 0 0 0 0 0 0 0 0 0 0 0 0 0 0 0 0 0 0 0 0 0 0 0 0
31 53 42 209 104 292 80 2349 252 56 42 102 12 69 4284 0 24 0 2834 15147 9512 167 7832 6110 1832 450 0 24 20 0 0 28 108 0 35 812 6 0 11 3 0 0 19 31 64129 0 3835 7348 45104 10285 3222 4497 6341 0 0 291 64 2894 48 1137 35 1153 0 190 0 30 13 25602 4874 0 12 0 0 46 1 1 1 0 0 0 17 0 0 0 0 0 0 0 0 0 0 136 2818 0 0 1186 0 0 0 0 0 0 126 0 0 0 15 65783 46316 48742 59711 10885 18204 7826 7586 14350 9779 5884 7787 0 0 0 9224
0 49 37 49 11 8 2 34 47 15 13 10 11 12 0 0 2 0 0 0 48913 39050 10298 653 64 10 0 0 1 19 0 2 40 0 23 26 7 0 0 0 0 0 0 0 0 0 1334 627 187 75 0 142 84 0 0 0 1 17 28 28 8 74 0 0 0 10 0 0 276 0 2519 0 0 24 0 1 1 0 0 266 2070 0 0 0 0 0 0 0 0 0 0 0 89 0 0 0 0 0 0 0 0 0 0 0 0 0 0 0 0 0 0 0 1 0 0 0 0 0 0 0 0 0 18
0 0 0 0 25 0 3 32 94 127 88 143 134 89 59 0 0 0 0 0 1299 6323 14911 78634 93403 6 0 0 0 0 0 0 1 0 0 9 0 0 0 0 0 0 0 0 0 0 0 30 6 0 0 50 45 0 0 0 0 30 1 13 0 14 0 0 0 0 0 184 0 0 0 0 0 346 0 0 0 0 0 0 0 0 0 0 0 0 0 0 0 0 0 0 0 0 0 0 0 0 0 0 0 0 0 0 0 0 0 6 7 7 6 7 11 1 1 1 1 0 1 0 0 0 0
0 0 0 0 0 0 0 0 0 0 0 0 0 0 0 0 0 0 0 0 0 0 0 0 0 0 0 0 0 0 0 0 0 0 0 0 0 0 0 0 0 0 0 0 0 0 0 0 0 0 0 0 0 0 0 0 0 0 0 0 0 0 0 0 0 0 0 0 0 0 0 0 0 0 0 0 0 0 0 0 0 0 0 0 1 1 0 0 0 0 0 0 0 1 0 0 0 1 0 0 0 0 0 0 0 0 0 0 0 0 0 0 0 0 0 0 0 0 0 1 1 0 0
0 0 0 0 0 0 0 0 0 0 0 0 0 0 0 0 0 0 0 0 1 0 9 47 56 0 0 0 0 0 0 0 0 0 0 0 0 0 0 0 0 0 0 0 0 0 0 0 0 0 0 0 0 0 0 0 0 0 0 0 0 0 0 0 0 0 0 0 0 0 0 0 0 0 0 0 0 0 0 0 0 0 0 0 0 0 0 0 0 0 0 0 0 0 0 0 0 0 0 0 0 0 0 0 0 0 0 0 0 0 0 0 0 0 0 0 0 0 0 0 0 0 0
0 0 0 0 0 0 0 0 0 0 0 0 0 0 0 0 0 0 0 0 0 0 0 0 0 0 0 0 0 0 0 0 0 0 0 0 0 0 0 0 0 0 0 0 0 0 0 0 0 0 0 0 0 0 0 0 0 0 0 0 0 0 0 0 0 0 0 0 0 0 0 0 0 0 0 0 0 0 0 0 0 0 0 0 0 0 0 0 0 0 0 0 0 0 0 0 0 0 0 0 0 0 0 0 0 0 0 0 0 0 0 0 0 0 0 0 0 0 0 0 0 0 0
0 0 0 0 0 0 0 0 0 0 0 0 0 0 0 0 0 0 0 0 0 0 1 0 0 0 0 0 0 0 0 0 0 0 0 0 0 0 0 0 0 0 0 0 0 0 0 0 0 0 0 0 0 0 0 0 0 0 0 0 0 0 0 0 0 0 0 0 0 0 0 0 0 0 0 0 0 0 0 0 0 0 0 0 0 0 0 0 0 0 0 0 0 0 0 0 0 0 0 0 0 0 0 0 0 0 0 0 0 0 0 0 0 0 0 0 0 0 0 0 0 0 0
1 0 0 0 0 4 1 0 0 0 0 0 0 0 0 0 0 0 0 0 0 0 0 0 0 0 0 0 0 0 0 0 0 0 0 0 0 0 0 0 0 0 0 0 0 0 0 0 0 0 0 0 0 0 0 0 0 0 0 0 0 0 0 0 0 0 0 0 0 0 0 0 0 0 0 0 0 0 0 0 0 0 0 0 0 0 0 0 0 0 0 0 0 0 0 0 0 0 0 0 0 0 0 0 0 0 0 0 0 0 0 0 0 0 0 0 0 0 0 0 0 0 0
0 1 1 2 0 0 1 2 0 11 2 53 56 0 0 0 0 0 0 0 0 0 0 0 0 0 0 0 0 0 0 0 0 0 0 0 0 0 0 0 87 0 0 0 0 0 0 0 0 0 0 0 0 0 0 0 0 1 0 2 0 8 0 0 0 0 0 0 0 0 1 0 0 2 0 0 0 0 0 0 0 0 0 0 0 0 0 0 0 0 0 0 3 0 0 0 0 0 0 0 0 0 0 0 0 0 0 0 0 0 0 0 0 0 0 0 0 0 0 0 0 0 0
0 40 23 40 7 0 0 27 72 0 19 0 10 22 1 4 1008 14 19 26 0 0 51 8 0 4 0 0 1 0 0 0 15 0 0 7 42 0 0 2 0 0 0 0 0 0 23 6 0 0 0 4 2 0 0 0 6 7 6 8 5 38 0 0 0 0 5 0 25 1 24 0 0 11 1 1 1 0 0 0 22 0 0 0 0 0 0 0 0 0 9 0 47 0 0 0 0 0 0 0 0 0 0 0 0 0 5 0 0 0 0 0 0 0 0 0 0 0 0 0 0 3 0
0 25 19 35 5 1 5 34 53 39 0 21 22 44 0 15 11 0 7 0 0 0 3 0 0 5 2 0 27 1 6 1 17 0 0 28 135 0 0 8 0 0 94 0 0 0 60 14 3 0 0 11 6 3 0 0 16 12 25 17 17 69 0 0 0 0 22 1 5 7 31 2 1 29 4 2 2 1 0 3 65 1 0 0 33 0 0 0 0 0 31 0 53 0 0 0 0 3 2 0 24 0 0 0 0 0 6 0 0 0 0 0 0 0 0 0 0 0 0 23 0 3 0
1 4 2 24 1 0 8 60 131 118 97 62 36 119 0 22 18 0 0 0 0 0 1 0 0 0 0 0 0 0 0 0 0 0 0 0 11 0 0 23 0 0 0 0 0 15 1 3 1 0 0 1 1 0 0 0 4 6 16 10 13 37 0 0 0 0 10 0 2 4 10 2 0 9 3 1 2 2 1 3 3 0 0 0 0 0 0 0 0 14 2 0 11 0 0 0 0 2 0 0 0 0 0 0 0 0 2 0 0 0 0 0 0 0 0 0 0 0 0 19 0 0 0
44 5 4 7 1 0 418 11 1252 1769 1374 647 597 1322 1 0 11 3821 0 3 0 0 2 0 0 7 3 0 8 0 0 3 1 65 0 4 4 0 0 377 0 0 7 0 0 0 5 8 2 20 0 0 0 0 0 0 0 2 0 7 0 18 0 0 0 0 0 0 1 3 11 1 1 5 1 1 1 1 1 2 0 0 0 0 0 0 0 16 0 0 0 0 30 0 0 0 0 1 0 0 0 0 0 0 0 7 5 0 0 0 0 0 0 0 0 0 0 0 0 5 0 0 0
365 92 74 123 18 8 37 169 657 6639 10705 7877 7388 4740 0 0 194 3 4 11 0 0 40 6 0 14 4 0 103 8 0 11 25 0 68 197 0 0 14 70 16458 0 50 0 0 0 36 72 21 0 0 66 29 10 4084 0 18 54 49 72 52 240 0 0 0 0 80 35 26 21 96 0 7 146 23 19 13 0 0 0 14575 86 0 0 0 0 0 836 4 0 245 54 258 0 0 0 0 34 0 0 310 0 17 0 0 73 100 0 0 0 0 0 0 0 0 0 0 0 0 101 0 235 0
0 0 0 0 0 0 13 0 45 63 51 12 11 47 0 0 0 0 0 0 0 0 0 0 0 0 0 0 30 0 0 0 0 0 0 4 0 0 0 15 0 0 0 0 0 0 0 0 0 0 0 0 0 0 0 0 0 0 0 1 0 0 0 0 0 0 0 0 0 3 0 1 0 2 0 0 0 0 0 0 6 0 0 0 0 0 0 0 0 0 0 0 0 0 0 0 0 0 0 0 349 0 0 0 0 0 0 0 0 0 0 0 0 0 0 0 0 0 0 0 0 0 0
3 8 6 10 1 0 19 9 480 670 507 371 347 496 0 4 0 0 0 0 0 0 1 0 0 3 0 0 2 0 0 1 0 0 0 11 0 0 0 75 0 0 2 0 0 0 0 7 1 0 0 0 0 0 0 0 0 3 0 6 0 25 0 0 0 0 0 0 1 3 13 1 0 8 0 1 1 0 0 0 0 0 0 0 0 0 0 0 0 0 1 0 26 0 0 0 0 0 0 0 0 0 0 0 0 0 0 0 0 0 0 0 0 0 0 0 0 0 0 4 0 0 0
164 0 0 0 24 0 699 274 14774 21313 17459 5058 4582 15727 20 82 570 549 43 12 0 0 27 6 0 108 215 95 960 0 50 4 70 0 0 211 69 29 76 4225 2515 0 0 46 0 0 81 137 40 458 0 66 45 27 0 0 110 87 1788 104 84 330 0 824 0 0 107 0 27 39 1865 16 7 155 30 17 14 20 13 74 1340 0 0 0 509 0 0 1702 0 0 0 110 449 0 0 103 0 19 134 0 0 0 7 0 0 190 241 0 0 0 0 0 0 0 0 0 0 0 0 1050 1963 238 0
52 46 32 0 8 19 269 11613 20469 13038 11807 12311 11737 19486 6 3198 56 0 0 3 0 0 23 3 0 29 34 6 1 7 0 9 11 4558 0 144 2484 0 0 4153 3247 0 0 0 0 0 391 85 44 0 0 16 0 0 0 29 0 25 0 43 13 115 0 0 0 0 0 0 12 8 51 0 4 56 250 8 5 0 0 0 463 0 0 0 326 0 0 941 0 0 0 37 168 0 0 0 0 0 0 0 364 0 0 0 0 105 132 0 0 0 0 0 0 0 0 0 0 0 0 7 0 5 0
0 0 0 0 0 0 0 0 33 44 52 41 0 37 0 0 0 0 0 0 0 0 2 0 0 1 0 0 7 0 0 0 0 0 0 0 0 0 0 0 0 0 0 0 0 0 0 5 0 0 0 8 0 0 0 0 0 7 0 4 0 26 0 0 0 0 0 0 2 0 2 0 0 22 1 1 1 0 0 0 0 0 0 0 0 0 0 0 0 0 0 0 21 0 0 0 0 0 0 0 0 0 0 0 0 0 0 0 0 0 0 0 0 0 0 0 0 0 0 0 0 0 0
0 0 0 0 0 0 0 537 0 0 0 0 0 0 0 0 35 0 0 1 0 0 1 0 0 11 0 0 0 0 28 1 10 0 0 92 0 0 0 0 0 0 0 0 0 0 0 0 0 0 0 0 0 0 0 0 0 4 0 11 6 16 0 0 0 0 0 0 1 0 0 0 0 5 0 1 1 0 0 0 0 0 0 0 0 0 0 0 0 0 0 0 0 0 0 0 0 0 0 0 148 0 0 0 0 28 27 0 0 0 0 0 0 0 0 0 0 0 0 0 0 0 0
5 299 313 214 58 52 59 152 103 34 30 12 32 26 0 166 74 23 113 12 0 0 26 5 0 61 14 12143 24 149 9 11 270 0 15 34 94 0 0 0 0 0 151 0 0 0 0 202 48 0 0 650 119 653 136 630 148 65 204 92 56 418 482 0 0 0 100 42 915 0 302 0 2 61 45 6 10 0 0 59 26 7 0 0 0 0 0 0 0 0 32 55 763 0 0 52 0 8 0 0 145 0 61 0 345 384 427 0 0 0 0 0 0 0 0 0 0 0 0 69 748 804 0
0 413 330 349 79 2 3 248 222 73 61 65 70 49 3 541 104 0 52 3 0 0 35 7 0 50 17 4 19 93 0 13 182 0 283 324 34 1103 0 160 0 0 126 0 0 0 0 119 23 115 0 741 762 558 262 904 225 135 171 110 65 537 272 0 0 38 189 24 605 29 267 0 2 492 34 4 6 0 0 249 132 0 0 0 0 0 0 0 0 0 86 157 877 0 0 412 0 0 0 0 411 0 4 0 1750 268 235 0 0 0 0 0 0 0 0 0 0 0 0 44 352 450 0
0 50 39 42 9 1 0 0 0 69 21 568 593 11 0 39 0 0 6 0 0 0 8 2 0 7 0 0 0 0 0 0 0 0 0 2 42 812 0 0 573 0 0 0 0 0 0 24 0 0 0 42 563 194 153 45 29 15 14 16 8 80 0 0 0 0 7 6 7 1 47 0 1 40 35 1 2 0 0 3 30 0 0 0 0 0 0 0 111 0 13 0 159 0 0 107 0 0 0 0 270 0 0 0 0 6 38 0 0 0 0 0 0 0 0 0 0 0 0 0 0 0 0
10 161 124 186 35 1 41 0 716 556 680 551 526 553 5 0 0 578 296 16 0 0 26 5 1 0 14 9 4 13 0 4 29 0 0 44 8039 464 152 0 0 0 1431 462 0 0 74 31 0 0 0 591 1051 821 185 247 288 310 155 93 191 199 0 0 0 0 196 454 107 6 89 0 6 33 5104 11 12 10 9 52 754 40 0 0 187 0 0 0 0 0 190 68 172 0 108 6 0 243 33 0 164 13 47 0 195 95 51 3 2 2 2 0 1 0 0 1 0 0 0 23 0 623 0
0 305 156 217 38 1 21 127 411 106 91 77 91 129 6 0 918 159 227 79 0 0 25 26 0 60 572 72 8 9 372 14 30 232 422 344 3240 181 27 153 5229 0 7650 64 0 0 1397 72 0 0 237 633 1010 672 280 433 373 601 1016 145 156 337 457 261 0 106 296 834 13 0 0 0 2 115 10440 4 3 0 0 0 2490 378 0 0 444 0 0 0 0 0 599 0 28 0 224 0 0 0 88 0 0 0 0 0 0 0 1 0 0 0 0 0 0 0 0 0 0 0 0 106 0 1361 1
878 774 923 426 124 755 21723 213 134 35 36 41 65 63 1 0 81 0 1 18 0 0 7 1 0 40 31142 0 4100 0 0 40 0 43 8 25 2253 0 0 310 0 0 0 0 0 0 0 2 0 0 0 124 208 80 0 0 13 41 0 29 31 45 0 0 0 0 15 11 6 0 0 0 2 39 484 4 3 0 0 0 55 0 0 0 0 0 0 0 0 0 35 0 29 0 0 0 0 92 0 0 0 0 0 0 0 0 2 0 0 0 0 0 0 0 0 0 0 0 0 0 0 318 0
0 345 263 299 63 0 1 201 208 55 57 50 48 72 1 69 145 0 47 4 0 0 26 6 0 42 35 14 9 48 212 13 95 0 246 230 3009 125 112 77 0 0 1416 0 0 0 611 188 49 110 0 138 237 142 66 99 0 65 139 223 120 275 0 26 0 9 199 18 163 66 405 44 34 595 69 52 50 47 46 89 746 55 0 0 335 0 0 0 0 0 285 56 362 0 0 0 0 489 34 0 206 34 49 0 0 18 17 0 0 0 0 0 0 0 0 0 0 0 0 0 0 0 0
18 39 61 15 8 53 210 13 1 1 1 1 1 1 0 0 2 0 1 0 0 0 0 0 0 0 0 0 0 0 0 0 0 0 0 0 0 0 0 0 12 0 0 0 0 0 1 0 0 0 0 0 0 0 0 0 0 0 0 0 0 0 0 0 0 0 0 0 0 0 0 0 0 0 0 0 0 0 0 0 0 0 0 0 0 0 0 0 0 0 0 0 0 0 0 0 0 0 0 0 0 0 0 0 0 0 0 0 0 0 0 0 0 0 0 0 0 0 0 0 0 0 0
624 98 81 199 66 5254 1460 1228 157 37 30 60 16 42 2151 126 123 8929 12529 7927 21859 13863 9125 6381 3382 292 77 31 0 116 412 32 231 95 826 764 916 285 338 116 90 181 110 87 32172 0 2823 4849 22986 6619 1890 2356 3267 51 124 254 1723 1481 147 612 40 701 390 375 21 41 48 12889 2596 1559 313 14 0 532 12 8 4 1719 1505 224 211 573 0 250 171 0 2194 0 26 22 299 0 1695 8 903 1020 0 351 118 0 952 388 258 41 1815 579 600 33002 24892 24896 29956 5461 9134 3927 3806 7199 4907 2952 3906 271 810 603 4636
0 11 905 0 2 1 0 9 1339 232 305 1035 1020 1106 0 25 13 0 0 3 0 0 11 2 0 4 0 0 0 0 0 1 20 0 0 15 73 431 70 211 0 0 48 0 0 0 0 33 3 0 0 34 277 111 0 36 30 14 86 57 24 55 0 0 0 0 14 20 12 3 32 0 2 21 6 5 9 2 0 0 3 0 0 0 0 0 0 0 0 0 19 0 93 0 0 54 0 0 0 0 50 0 15 0 0 0 17 0 0 0 0 0 0 0 0 0 0 0 0 0 0 3 0
73 6 9 1 1 43 327 0 0 0 0 0 0 0 0 0 0 0 0 0 0 0 0 0 0 7 0 0 0 0 0 0 0 0 0 0 0 0 0 0 0 0 0 0 0 0 0 0 0 0 0 0 0 0 0 0 0 0 0 0 0 0 0 0 0 0 0 0 0 0 0 0 0 0 3 0 0 0 0 0 0 0 0 0 0 0 0 0 0 0 0 0 0 0 0 0 0 0 0 0 0 0 0 0 0 0 0 0 0 0 0 0 0 0 0 0 0 0 0 0 0 0 0
122 249 399 87 50 353 1399 85 11 6 7 6 6 5 0 11 7 0 0 0 0 0 1 0 0 26537 27 0 0 0 0 0 0 0 0 2 6 0 0 1264 202 33 73 0 0 0 0 2 0 0 0 10 15 4 0 0 0 11 2 6 1 7 0 0 0 0 0 11 0 0 0 0 0 2 169 1 1 0 0 0 0 0 0 0 0 0 0 0 0 0 3 0 1 0 0 0 0 0 0 0 0 0 0 0 0 0 0 0 0 0 0 0 0 0 0 0 0 0 0 0 0 6 0
53 1902 2971 716 389 904 613 622 81 109 146 121 116 87 0 0 155 0 0 179 0 0 82 30 0 1670 1222 53 13 0 560 12 45 0 150 437 269 1585 0 1679 1482 180 261 0 0 0 4804 1009 410 0 1095 2335 8628 10998 1159 11865 3604 839 1752 40571 13084 29959 2310 955 0 264 608 2263 1806 15 194 0 6 196 15 14 41 4 0 0 55 72 0 0 0 0 0 0 0 0 62 149 191 0 0 0 0 25 0 0 27 0 6 0 0 73 2931 0 1 0 0 0 0 0 0 0 0 0 0 8 0 327 0
6 250 192 228 51 27 18 151 1414 1338 2057 2318 2125 1469 2 128 1733 0 66 13 0 0 148 21 0 264 344 241 51 105 1596 38 235 1123 776 598 123 298 193 8695 290 0 387 72 0 0 123 233 68 0 0 750 174 238 151 324 280 163 57 233 142 494 421 713 0 0 912 797 137 57 263 10 12 187 78 26 32 15 8 200 212 418 0 0 48 0 0 4233 0 0 1427 0 521 32 0 0 0 1354 0 0 785 0 145 0 0 274 465 0 0 0 0 0 0 0 0 0 0 0 0 30 0 129 0
0 13 7 13 2 0 0 9 26 5 6 1 3 6 0 0 388 0 0 0 0 0 21 3 0 0 0 0 0 3 0 0 1 0 0 0 0 0 0 0 0 0 0 0 0 0 0 10 0 0 0 0 43 23 0 0 0 3084 0 685 0 10 0 0 0 0 0 95 22 0 11 0 0 6 0 1 0 0 0 0 10 0 0 0 0 0 0 0 0 0 0 0 9 0 0 0 0 0 0 0 0 0 0 0 0 0 0 0 0 0 0 0 0 0 0 0 0 0 0 0 0 0 0
0 7 3 6 1 0 0 4 5 1 1 0 1 0 0 0 13 0 0 0 0 0 127 21 1 1 0 0 0 1 0 0 2 0 5 10 3 0 0 0 0 0 0 0 0 0 0 3 0 0 0 0 0 0 0 0 0 0 0 7 0 17 0 0 0 0 0 0 3 0 0 0 0 7 0 1 0 0 0 0 5 0 0 0 0 0 0 0 0 0 0 0 18 0 0 0 0 0 0 0 0 0 0 0 0 0 0 0 0 0 0 0 0 0 0 0 0 0 0 0 0 81 0
0 20 15 18 3 0 0 13 18 5 4 3 4 3 0 0 1 247 102 255 0 0 769 128 4 5 0 0 0 5 0 1 12 0 63 71 11 0 0 0 0 0 0 0 0 0 0 8 0 0 0 0 38 0 0 0 65 51 0 27 27 55 0 0 0 0 0 15 4 0 0 0 1 15 0 1 1 0 0 0 15 3 0 0 0 0 0 0 26 0 2 15 78 0 72 0 0 0 0 0 0 0 0 0 0 0 0 0 0 0 0 0 0 0 0 0 0 0 0 0 0 203 0
23 336 265 316 118 103 92 234 484 134 117 94 92 130 1 184 455 890 854 1422 0 0 104 13 3 74 65 75 61 167 0 40 172 147 943 825 143 0 0 0 0 0 200 0 0 0 10 178 59 0 0 114 69 65 0 23 0 238 221 274 217 530 0 0 0 0 103 80 146 28 775 0 20 352 97 33 40 0 0 0 892 96 0 0 0 0 0 0 0 0 255 0 284 0 0 0 0 0 0 0 0 0 17 0 0 0 43 0 1 1 0 0 0 1 1 1 1 1 1 87 12 494 7
0 63 44 60 12 0 0 40 106 27 24 14 14 27 2 0 529 0 2 38 0 0 9 19 0 21 23 13 2 10 161 5 27 7 0 129 14 0 0 0 0 0 72 0 0 0 0 52 11 0 0 51 86 301 0 0 0 0 48 8 0 41 0 0 0 0 109 183 4 0 0 0 1 33 0 3 2 0 0 0 15 294 0 0 0 0 0 0 0 0 0 0 44 0 0 0 0 0 0 0 0 0 0 0 0 0 0 0 0 0 0 0 0 0 0 0 0 0 0 0 0 677 0
0 43 32 45 8 0 0 27 35 8 9 5 8 2 0 0 0 0 0 1 0 0 58 13 0 9 0 0 0 12 0 2 23 0 21 36 9 0 0 0 0 0 0 166 0 0 0 37 1 0 0 21 41 0 172 71 0 34 0 24 13 72 0 0 0 0 23 200 220 0 0 0 5 109 0 12 6 0 0 0 0 160 0 0 0 0 0 0 0 0 0 0 99 0 0 0 0 0 0 0 0 0 279 0 0 0 0 0 0 0 0 0 0 0 0 0 0 0 0 16 0 0 0
0 0 0 0 0 0 0 0 0 0 0 0 0 0 0 0 0 0 0 0 0 0 0 0 0 0 0 0 0 0 0 0 0 0 0 0 0 0 0 0 0 0 0 0 0 0 0 5 0 0 0 0 1 0 0 0 0 0 0 1 0 2 0 0 0 0 0 48 7 0 0 0 0 1 0 0 0 0 0 0 6 0 0 0 0 0 0 0 0 0 0 0 0 0 0 0 0 0 0 0 0 0 0 0 0 0 0 0 0 0 0 0 0 0 0 0 0 0 0 0 0 0 0
0 34 0 32 0 0 0 22 34 0 0 3 7 0 0 0 0 0 0 0 0 0 4 1 0 5 0 0 0 6 0 2 14 0 21 43 34 0 0 0 0 0 49 0 0 0 0 52 0 0 0 949 441 1233 0 0 246 88 0 49 2 71 0 81 0 0 92 896 438 0 0 0 5 117 0 11 7 0 0 0 34 0 0 0 0 0 0 0 0 0 0 0 50 0 0 0 0 0 0 0 0 0 0 0 0 0 0 0 0 0 0 0 0 0 0 0 0 0 0 0 0 0 0
0 0 0 0 0 0 0 0 0 0 0 0 0 0 0 0 0 0 0 0 0 0 0 0 0 0 0 0 0 0 0 0 0 0 0 0 0 0 0 0 0 0 0 0 0 0 0 1 0 0 0 0 0 0 0 0 0 0 0 0 0 0 0 0 0 0 0 0 0 0 0 0 0 5 0 0 0 0 0 0 1 0 0 0 0 0 0 0 0 0 0 0 0 0 0 0 0 0 0 0 0 0 0 0 0 0 0 0 0 0 0 0 0 0 0 0 0 0 0 0 0 0 0
0 9 6 9 2 0 0 6 5 0 1 0 1 0 0 0 0 0 0 0 0 0 1 0 0 0 0 0 0 1 0 1 3 0 0 5 0 0 0 0 0 0 0 0 0 0 0 13 0 0 0 5 1 0 0 13 0 12 0 8 0 19 0 0 0 0 2 14 165 0 0 0 1 29 0 3 1 0 0 0 20 0 0 0 0 0 0 0 0 0 0 0 14 0 0 0 0 0 0 0 0 0 15 0 0 0 0 0 0 0 0 0 0 0 0 0 0 0 0 0 0 0 0
0 0 0 0 0 0 0 0 0 0 0 0 0 0 0 0 0 0 0 0 0 0 0 0 0 0 0 0 0 0 0 0 0 0 0 0 0 0 0 0 0 0 0 0 0 0 0 0 0 0 0 0 0 0 0 0 0 0 0 1 0 0 0 0 0 0 0 0 0 0 0 0 0 2 0 0 0 0 0 0 1 0 0 0 0 0 0 0 0 0 0 0 0 0 0 0 0 0 0 0 0 0 0 0 0 0 0 0 0 0 0 0 0 0 0 0 0 0 0 0 0 0 0
10 523 428 485 122 305 197 357 168 90 75 93 93 81 0 173 1100 41 52 25 0 0 176 21 1 130 115 63 32 106 970 37 219 294 811 653 327 0 0 376 84 0 398 365 0 0 53 135 22 0 0 235 312 195 27 142 4040 2706 2115 1143 1295 1546 0 1266 0 683 2741 1903 165 64 511 37 25 386 54 45 33 54 47 354 383 0 0 887 716 0 0 0 0 0 1694 0 452 0 0 0 0 1769 444 0 0 0 71 0 365 54 17 0 0 1 0 0 0 0 0 0 0 0 0 272 0 296 0
0 1297 740 1523 812 0 0 560 257 94 87 169 164 87 18 394 161 0 127 20 0 0 409 58 2 54 23 13 29 129 72 28 234 0 248 182 130 97 90 63 65 0 118 0 1 0 41 149 29 0 0 213 502 139 157 388 175 109 0 116 58 452 0 0 0 342 563 161 38 35 382 11 12 273 29 25 32 13 4 204 73 25 0 25 0 0 0 0 6 0 176 320 1252 396 204 294 0 218 38 0 5 0 0 0 733 0 56 0 0 1 0 0 0 0 0 0 0 0 0 0 0 88 0
24 513 418 438 213 1149 157 314 223 81 68 90 83 64 0 206 334 146 229 17 0 0 33 6 0 85 40 28 44 196 127 60 353 223 406 322 121 95 320 125 25 94 184 90 0 0 75 209 41 13 83 277 130 139 141 139 303 166 270 163 102 750 902 112 0 204 30 7 65 49 483 39 12 447 39 57 50 36 32 446 155 257 170 0 47 0 0 0 29 2 375 45 911 0 22 234 0 195 67 0 139 0 91 0 193 32 328 0 0 0 0 0 0 0 0 0 0 0 0 56 107 202 0
0 79 60 72 15 2 3 49 131 34 29 17 18 30 1 37 702 0 0 1 0 0 137 26 1 109 130 89 8 28 923 19 79 188 379 292 9 420 0 230 242 0 137 0 0 0 25 77 24 0 970 447 209 169 91 193 8 32 44 91 27 160 0 0 0 0 486 465 158 13 47 0 2 58 232 6 6 0 0 150 108 214 0 0 0 0 0 0 0 0 869 0 106 0 0 24 0 794 105 0 150 0 0 0 71 4 20 0 0 1 0 0 0 0 0 0 0 0 0 0 0 62 0
0 73 57 62 14 0 0 44 34 11 9 10 12 4 0 27 38 0 5 2 0 0 19 3 0 11 0 0 0 27 0 3 52 0 15 33 4 0 0 0 0 0 0 0 0 0 0 42 4 0 0 39 19 9 0 0 0 24 0 24 0 119 0 0 0 0 0 4 8 2 65 0 1 63 4 3 5 0 0 45 24 0 0 0 0 0 0 0 0 0 3 0 148 0 0 0 0 0 0 0 0 0 0 0 0 0 0 0 0 0 0 0 0 0 0 0 0 0 0 0 0 0 0
0 55 36 53 10 0 1 35 140 34 31 16 15 38 3 0 2340 0 2 0 0 0 115 17 0 1 0 0 1 0 0 1 1 1 0 1 8 0 0 0 0 0 0 0 0 0 0 3 0 0 0 0 9 0 0 0 0 0 0 2 0 3 0 0 0 0 0 0 54 1 4 0 1 2 56 2 1 1 1 3 10 0 0 0 0 0 0 0 0 0 2 0 2 0 0 0 0 3 0 0 17 0 0 0 0 0 0 0 0 0 0 0 0 0 0 0 0 0 0 0 0 15 0
13 0 1 0 0 5 57 1 0 0 0 0 0 0 0 0 0 0 0 0 0 0 0 0 0 0 0 0 0 0 0 0 0 0 0 0 0 0 0 0 0 0 0 0 1 0 0 1 0 0 0 0 0 0 0 0 0 0 0 0 0 2 0 0 0 0 0 0 0 0 0 0 0 5 0 0 0 0 0 0 0 0 0 0 0 0 0 0 0 0 0 0 1 0 0 0 0 0 0 0 0 0 0 0 0 0 0 1 1 1 1 0 0 0 0 0 0 0 0 0 0 0 0
5 3 1 37 0 2 17 7 0 0 1 0 1 0 0 0 39 2 3 10 0 0 104 23 0 0 0 0 0 0 0 0 0 0 0 1 25 0 0 0 0 2 2 0 0 0 0 2 0 0 0 9 6 6 0 380 51 15 66 9 16 10 0 0 0 0 0 0 1 0 0 0 0 0 0 0 0 81 83 0 0 13 0 0 0 0 0 0 0 0 0 0 11 0 0 2 0 0 0 0 0 0 0 0 0 8 14 0 0 0 0 0 0 0 0 0 0 0 0 0 3 7 0
28 9 0 98 0 14 94 19 0 0 0 0 3 0 0 3 0 0 0 9 0 0 69 9 1 0 0 0 0 0 0 0 0 0 0 0 144 0 0 0 0 16 0 0 0 0 0 3 0 0 0 0 12 2 0 32 101 40 167 32 22 41 0 0 0 0 0 0 1 0 0 0 0 0 0 0 0 214 220 0 0 0 0 0 0 0 0 0 0 0 0 0 72 0 0 0 0 0 0 0 0 0 0 0 0 0 32 0 0 0 0 0 0 0 0 0 0 0 0 0 0 6 0
12 9 8 113 2 6 40 23 0 1 4 4 4 0 0 21 28 34 32 16 0 0 22 4 0 3 2 0 0 0 11 0 0 0 35 16 48 32 7 11 200 66 28 0 0 0 1 8 3 0 0 66 48 57 83 151 341 79 419 49 101 59 0 0 0 11 25 0 10 0 0 0 0 0 0 0 0 291 298 0 0 93 0 0 0 0 0 0 0 0 30 73 37 0 0 64 0 0 0 0 124 0 1 0 82 96 97 0 0 0 0 0 0 0 0 0 0 0 0 64 128 109 0
1341 0 0 0 277 717 4427 0 0 0 0 0 0 0 0 0 0 1691 1562 485 0 0 8 1 0 0 0 0 0 0 0 81 0 0 0 0 7115 0 0 0 0 0 0 0 0 55 0 0 0 0 0 0 0 0 0 0 0 0 0 0 0 0 0 0 0 0 0 0 0 0 0 0 0 0 0 0 0 0 0 0 0 0 0 0 0 0 0 0 0 0 0 0 3732 0 0 0 0 0 0 0 0 0 0 0 0 0 0 0 0 0 0 0 0 0 0 0 0 0 0 0 0 0 0
0 0 0 0 0 0 0 0 0 0 0 0 0 0 0 0 0 0 0 0 0 0 1 0 0 0 0 0 0 0 0 0 0 0 0 0 0 0 0 0 0 0 0 0 0 0 0 0 0 0 0 0 0 0 0 0 0 0 0 0 0 0 0 0 0 0 0 0 0 0 0 0 0 0 0 0 0 4 4 0 0 0 0 0 0 0 0 0 0 0 0 0 0 0 0 0 0 0 0 0 0 0 0 0 0 0 0 0 0 0 0 0 0 0 0 0 0 0 0 0 0 0 0
2 0 0 7 23 0 8 0 0 0 0 0 0 0 0 0 1 0 1 6 0 0 4 1 0 0 0 0 0 0 0 0 114 0 0 0 12 0 0 0 0 0 0 0 0 0 0 0 0 0 0 3 2 1 0 7 20 8 32 4 6 6 0 0 0 0 0 0 0 0 0 0 0 0 0 0 0 23 24 0 0 3 0 0 0 0 0 0 0 0 0 0 6 0 0 0 0 0 0 0 0 0 0 0 0 0 0 0 0 0 0 0 0 0 0 0 0 0 0 0 0 0 0
0 0 0 0 0 0 0 0 0 0 0 0 0 0 7568 0 0 0 0 0 0 0 817 118 2 0 0 0 0 0 0 0 0 0 0 0 0 0 0 0 0 0 0 0 0 0 0 0 0 0 0 0 0 0 0 0 0 0 0 0 0 0 0 0 0 0 0 0 0 0 0 0 0 0 0 0 0 0 0 0 0 0 0 0 0 0 0 0 0 0 0 0 0 0 0 0 0 0 0 0 0 0 0 0 0 0 0 0 1 0 0 0 0 0 0 0 0 0 0 0 0 0 0
0 0 0 0 0 0 0 0 0 0 0 0 0 0 7408 0 0 0 0 0 0 0 1824 262 6 0 0 0 0 0 0 0 0 0 0 0 0 0 0 0 0 0 0 0 0 0 0 0 0 0 0 0 0 0 0 0 0 0 0 0 0 0 0 0 0 0 0 0 0 0 0 0 0 0 0 0 0 0 0 0 0 0 0 0 0 0 0 0 0 0 0 0 0 0 0 0 0 0 0 0 0 0 0 0 0 0 0 0 4 1 0 1 3 1 1 1 0 1 1 0 0 0 0
8 6 5 77 1 3 27 15 0 1 3 2 3 0 0 7 32 7 6 2 0 0 78 15 0 2 1 0 0 0 1 0 0 0 26 13 43 16 5 8 0 59 23 0 0 0 0 6 2 0 0 57 42 50 92 135 304 71 378 44 90 53 0 0 0 7 21 0 7 0 0 0 0 0 0 0 0 0 0 0 0 83 0 0 0 0 0 0 0 0 30 35 25 0 0 52 0 0 0 0 40 0 0 0 0 61 86 0 0 0 0 0 0 0 0 0 0 0 0 40 109 89 0
12 9 8 107 2 5 38 21 0 1 4 3 4 0 0 12 297 11 10 2 0 0 125 23 1 3 3 0 0 0 11 1 1 0 42 19 60 34 15 12 0 82 32 0 0 0 0 9 3 4 0 81 58 69 165 188 429 100 530 62 127 74 0 0 0 15 33 0 10 0 0 0 0 0 0 0 0 1051 0 0 0 491 0 163 50 0 1720 143 2 0 220 284 137 0 434 351 0 94 51 0 781 250 170 0 1219 484 491 0 0 0 0 0 0 0 0 0 0 0 0 312 702 524 0
98 80 73 927 20 51 324 184 6 14 34 34 36 5 0 148 0 3 0 30 0 0 110 16 0 18 9 0 0 0 80 3 5 0 266 111 356 0 0 0 0 353 141 0 0 0 239 386 171 819 0 475 336 396 962 1086 1224 35 156 22 24 28 0 0 0 0 0 0 11 2426 3219 2355 744 2991 2851 1256 925 544 557 0 25165 112 0 0 0 0 1482 0 0 0 0 60 54 0 0 23 0 54 0 0 316 0 38 0 0 0 160 0 0 0 0 0 0 0 0 0 0 0 0 103 51 180 0
0 0 0 4 0 0 0 0 0 0 0 0 0 0 0 0 0 0 0 0 0 0 1 0 0 5 0 0 0 5 0 0 0 0 0 3 108 0 0 0 0 0 0 0 0 0 0 71 9 0 0 0 0 0 0 0 110 0 0 0 0 0 0 0 0 0 0 0 13 0 0 0 0 0 0 0 0 205 179 0 0 30 0 0 0 0 0 0 0 0 0 7 20 0 38 20 0 16 6 0 92 0 15 0 0 12 49 0 0 0 0 0 0 0 0 0 0 0 0 11 0 53 0
0 96 76 79 19 0 0 58 47 14 13 16 16 6 0 376 375 37 57 22 0 0 32 4 0 19 6 0 2 41 0 4 75 6 73 73 13 0 33 26 0 0 36 0 0 0 22 60 14 0 0 44 12 0 0 0 0 49 32 37 12 164 28 0 0 0 44 3 67 0 19 0 1 88 0 4 3 0 0 0 0 0 0 0 0 0 0 0 0 0 1 0 265 0 0 0 0 0 0 0 0 0 18 0 0 0 181 0 1 1 0 0 0 0 0 0 0 0 0 114 14 245 0
196 8168 11659 4189 2010 4333 2642 3093 543 296 287 353 334 289 9 2452 3049 1763 1258 1373 0 0 1244 225 6 588 664 513 129 308 3520 135 684 1967 5642 2702 2283 11764 2075 6331 4227 1182 1057 1382 2 927 17090 4106 1628 9899 12456 4571 2219 3165 1715 8041 5438 3961 10805 2004 3185 2227 4703 3060 0 1708 3231 3172 2197 988 2447 1260 830 2097 1143 1456 1197 1898 1926 1312 637 3905 0 2773 5499 3031 0 285 4094 0 7941 927 1832 5275 5095 6230 0 6774 2027 1191 1237 2067 1825 6671 89 1284 10387 1 8 10 1 1 2 3 3 2 4 3 3 5802 3170 2713 1
18 653 545 579 138 16 63 380 375 205 176 134 125 168 1 288 523 316 403 774 0 0 88 16 1 139 126 189 288 277 344 618 525 6041 594 493 821 487 534 268 109 188 483 300 0 0 272 311 86 275 178 364 207 260 80 269 392 392 366 1006 136 1724 0 0 13 354 416 58 147 359 987 60 75 654 170 125 16 99 0 608 249 78 0 0 402 0 0 0 0 0 161 15 995 0 0 0 0 0 320 0 2300 0 5 0 0 0 147 0 0 1 0 0 0 0 0 0 0 0 0 0 129 314 0
1 249 206 202 49 0 6 130 97 30 38 29 35 34 0 0 168 23 19 2 0 0 61 14 0 9 0 0 29 22 0 86 18 0 0 261 151 89 128 65 0 0 107 0 0 0 72 90 17 32 0 1661 68 40 58 99 341 138 1176 449 352 517 0 36 0 51 89 13 2336 86 2333 32 13 3571 204 84 138 55 0 386 117 80 0 0 0 0 0 0 143 0 0 59 180 0 0 0 114 0 0 0 0 0 0 0 0 0 0 0 1 1 0 0 0 0 0 0 0 0 0 0 9 5 0
2239 4111 3129 3017 817 830 1240 2501 2595 2365 2803 2684 5217 4968 3 1542 1958 1425 2420 408 0 0 541 116 3 1171 500 313 621 2642 12192 422 4881 14365 853 1898 3350 2452 3124 2115 4127 855 3202 1317 2 192 1654 2919 598 899 1584 970 813 1521 2325 1128 3268 1519 3498 1890 1263 7648 12372 1552 426 2240 2523 353 837 640 5936 313 95 1461 806 230 210 412 30 3557 3493 1146 0 1472 1142 0 0 1305 476 509 893 257 11336 0 94 414 228 1638 627 0 2031 1051 886 0 1167 39 1662 0 494 134 0 0 0 0 0 0 1 0 0 1030 1307 1634 1
120 4925 4084 4191 963 345 280 2951 2901 2466 2966 2788 2573 1989 7 1378 1938 875 864 320 0 0 423 92 3 585 440 377 7039 956 1891 280 2073 3287 5621 5908 2038 929 4551 2246 3345 1198 1766 1773 2 0 1276 1271 362 2829 1449 4189 2160 1404 1853 2138 3021 2385 2796 2007 1029 6213 4970 1631 863 2054 2696 287 834 2946 2927 57 61 7239 550 110 84 30 0 0 4171 770 8058 1628 1173 951 0 1801 0 581 1700 855 5110 169 637 2767 0 1920 720 0 2111 1172 755 0 2272 0 0 1 6849 1835 0 0 0 0 0 0 0 0 0 737 1081 1223 0
32 502 331 2289 91 4 184 245 638 881 1085 1132 1061 762 0 832 692 1944 208 17 0 0 79 21 1 104 180 143 153 0 0 79 254 0 0 466 189 148 331 813 1247 170 602 1497 0 6285 311 260 77 141 0 284 246 218 500 324 902 769 3001 1466 2062 5382 638 501 159 922 2351 130 334 185 1535 0 38 1409 384 116 218 229 0 340 871 447 0 515 1578 0 0 0 0 10932 277 424 831 444 4114 248 0 422 184 0 644 579 499 0 2140 110 105 0 0 1 0 0 0 0 0 0 0 0 0 3940 521 948 0
43 56 46 55 99 378 599 40 11 11 8 0 11 9 0 263 153 467 250 14 0 0 130 20 1 8 11 2 17 5 0 7 32 30 77 33 92 289 491 0 535 14 76 26 0 0 135 86 30 467 262 155 733 0 18 339 478 54 54 30 29 49 24 0 0 139 75 2 33 173 969 99 127 552 54 48 180 69 0 55 294 301 0 82 0 0 15 77 0 0 184 45 51 0 0 39 0 94 0 0 938 0 0 0 187 0 0 0 0 0 0 0 0 0 0 0 0 0 0 110 153 54 0
309 532 444 530 142 1193 406 3373 83 86 74 85 95 87 0 316 606 219 214 323 0 0 1214 103 2 249 352 218 0 36 2243 42 202 538 1935 1493 8180 1808 1102 883 520 710 192 557 1 0 606 481 176 132 2062 125 125 209 566 210 718 429 785 1112 510 137 425 451 0 158 809 12 480 497 678 280 188 642 583 610 149 427 332 1064 76 153 8741 517 198 0 0 0 792 0 908 0 323 117 0 131 0 44 0 0 1106 18 0 40 946 471 775 0 1 2 0 0 0 0 0 0 0 0 0 202 359 215 0
1 59 38 227 0 0 0 40 166 48 40 23 26 45 0 0 0 576 237 327 0 0 373 9 0 1 0 0 0 2 0 7 0 5651 48 29 0 0 0 0 0 0 0 0 0 0 0 4 0 0 0 137 3 0 0 176 10 8 48 73 14 63 0 0 0 0 0 0 184 14 196 0 1 295 26 9 11 0 0 20 59 0 0 0 333 0 0 0 0 0 0 0 27 0 0 0 0 0 0 0 0 0 0 0 0 0 0 0 0 0 0 0 0 0 0 0 0 0 0 0 0 3 0
0 39 31 190 133 0 0 22 15 4 5 6 7 0 33 56 833 0 42 43 0 0 40 10 0 9 12 10 10 9 0 6 24 0 0 72 29 0 0 814 0 20 31 0 0 129 1 37 11 0 22 26 15 0 38 32 79 266 255 142 343 458 55 0 0 59 200 1 44 292 437 0 1 99 11 6 16 0 0 0 0 11 0 0 0 0 0 0 0 932 457 0 98 30 151 0 0 0 0 0 5279 0 25 0 110 0 21 0 0 0 0 0 0 0 0 0 0 0 0 273 29 1747 0
0 2 0 8 0 0 0 0 1 0 0 0 0 0 0 0 0 0 0 3 0 0 8 2 0 0 0 0 0 0 0 0 0 0 0 0 0 0 0 0 0 0 0 0 0 0 0 1 0 0 0 0 0 0 0 0 0 0 0 4 0 20 0 0 0 0 0 0 0 0 0 0 0 3 0 0 1 0 0 0 0 0 0 0 0 0 0 0 0 0 0 0 0 0 0 0 0 0 0 0 0 0 0 0 0 0 0 0 0 0 0 0 0 0 0 0 0 0 0 0 0 0 0
6 174 167 169 45 485 194 127 20 19 22 19 27 24 0 865 835 262 270 361 0 0 228 24 1 105 128 86 9 8 642 15 45 124 388 425 820 131 157 151 121 77 63 356 0 0 162 130 48 185 0 284 116 325 292 253 322 480 490 178 119 118 143 0 44 27 266 35 395 119 165 114 121 168 142 224 144 170 146 456 47 352 0 639 2463 79 0 0 31 0 492 0 47 0 0 665 0 0 282 0 0 999 174 0 224 123 36 0 1 2 0 0 0 0 0 0 0 0 0 2287 1075 67 0
10 192 155 784 46 123 39 120 68 27 26 23 28 29 1 139 244 80 234 274 0 0 212 31 1 32 40 16 0 31 1210 73 69 559 468 174 251 11475 3949 117 0 0 95 60 0 0 64 90 19 391 21449 113 121 0 93 221 321 350 382 249 153 355 7 0 0 359 165 41 136 512 732 53 143 698 658 217 138 198 0 227 0 76 0 145 703 0 0 0 8492 4836 36 0 344 859 0 267 0 238 90 0 371 220 10 0 76 0 13 0 0 1 0 0 0 0 0 0 0 0 0 80 100 142 0
1 88 59 77 15 13 3 55 40 14 11 15 15 9 0 20 339 0 41 14 0 0 22 3 0 17 8 3 5 35 27 3 65 0 78 69 65 0 0 0 0 17 34 24 0 0 0 40 8 37 38 58 28 30 19 28 67 69 71 36 28 150 17 0 0 0 56 0 39 0 55 0 6 82 13 8 7 0 0 0 0 17 0 4 76 0 0 0 0 0 338 59 254 0 0 0 204 729 1098 0 106 213 22 0 0 0 0 0 0 0 0 0 0 0 0 0 0 0 0 0 0 72 0
29 303 251 277 74 512 702 216 84 45 43 56 54 28 0 4273 886 2845 2429 3719 0 0 551 43 1 425 563 466 99 174 3874 93 428 3475 7632 6340 3773 2778 2408 664 354 57759 541 5918 0 1834 5480 3459 1269 1972 559 1561 1850 1616 8220 1615 3607 4596 11010 1872 4540 627 2526 11618 1023 898 5348 9 208 5674 7885 6451 2982 7038 6672 4510 4409 9767 9904 729 1512 5416 11012 3878 0 0 1622 418 967 75 560 513 1819 791 1004 0 0 56 0 313 2557 5571 0 0 13449 181 91 0 1 1 0 0 0 0 0 0 0 0 0 1980 168 937 0
41 201 168 184 55 484 6 160 28 20 28 39 42 0 0 202 210 110 91 159 0 0 62 17 0 3 1 0 0 0 0 1 0 0 71 78 1595 0 2570 22 0 22 0 0 0 0 120 202 73 0 0 88 176 63 73 221 62 22 175 124 117 4 0 0 0 0 113 0 130 23 10 71 121 43 37 300 97 141 0 0 0 97 0 165 1454 0 0 0 0 0 277 16 113 11539 0 0 0 0 0 0 336 0 0 0 0 0 0 0 0 2 0 0 0 0 0 0 0 0 0 231 264 91 0
1 24 10 31 4 32 10 17 21 5 6 3 5 7 0 79 3093 31 28 105 0 0 69 8 1 8 5 0 0 1 8 1 8 0 1 40 115 300 135 17 0 0 1 0 0 0 3 37 12 16 333 17 18 19 14 20 42 61 47 30 24 30 0 0 0 0 49 2 27 32 46 12 18 44 39 32 37 28 0 1 0 35 0 0 153 0 0 0 203 191 109 1272 787 0 0 0 73 2189 0 0 0 0 0 0 14 0 0 0 0 0 0 0 0 0 0 0 0 0 0 0 0 0 0
455 243 305 11611 133 406 1839 114 47 22 18 23 23 20 0 94 118 760 713 323 0 0 120 21 1 35 67 46 21 7 20747 40 26 242 5737 439 2526 882 423 238 514 4 189 198 0 373 234 67 24 5798 1269 328 204 173 326 272 256 1033 673 315 358 920 260 213 128 6216 456 25 136 131 219 90 101 314 287 242 128 172 5 168 42 31 0 986 3238 6505 5828 170 881 1605 2995 101 1172 363 698 1106 0 367 129 0 615 554 591 1083 1733 72 146 0 1 2 0 0 0 0 0 0 0 0 0 689 695 699 0
0 66 1307 120 12 7 11 29 1846 314 406 1392 1372 1500 0 119 165 48 37 57 0 0 140 18 1 19 2 0 2 6 0 0 53 115 0 85 0 0 0 0 0 128 2 0 0 0 0 81 27 0 0 28 32 34 63 33 79 96 406 70 91 162 43 0 0 0 105 0 28 17 237 0 42 111 73 70 62 0 0 0 0 61 0 0 26 0 0 0 0 0 39 0 242 433 0 0 0 0 78 0 0 0 0 0 0 0 13 0 1 1 0 0 0 0 0 0 0 0 0 239 210 0 0
0 852 681 727 164 0 0 520 542 169 143 159 149 123 0 300 285 109 263 48 0 0 80 13 1 133 65 46 59 300 169 52 549 472 676 531 117 179 607 219 0 175 286 0 0 0 118 345 70 265 115 444 224 209 216 229 501 300 422 283 166 1240 385 134 195 351 423 40 116 117 793 45 28 823 117 53 67 71 0 631 229 127 0 338 128 0 0 0 32 0 227 20 1359 0 0 0 0 2431 753 0 135 0 0 0 0 0 189 0 1 1 0 0 0 0 0 0 0 0 0 362 86 0 0
0 71 50 101 15 47 10 64 86 28 24 26 27 30 0 440 432 0 80 62 0 0 41 5 0 10 5 0 13 17 0 3 33 0 33 49 59 0 0 37 0 16 19 0 0 0 0 330 116 0 0 0 43 30 0 50 0 50 2 52 0 185 0 27 0 108 206 24 19 31 107 0 33 101 47 87 159 37 0 0 0 0 0 0 80 0 0 0 204 233 72 0 86 0 0 0 210 714 270 0 21 808 0 0 0 0 0 0 0 0 0 0 0 0 0 0 0 0 0 350 65 0 0
30 955 801 914 235 1022 507 621 2200 2844 2243 604 553 2167 8 2118 2267 675 712 892 17946 14380 4346 1148 1056 326 343 225 3914 263 1665 68 547 833 886 702 1551 114 341 754 258 279 325 823 54 0 861 730 250 489 292 497 207 137 262 303 789 892 1283 523 305 989 1087 858 153 419 775 232 892 306 947 239 257 795 478 475 280 380 158 826 251 609 0 1260 5242 1253 10 389 116 0 832 197 1251 2500 381 655 743 3597 1922 0 642 1117 314 0 361 503 253 56 41 45 51 10 16 7 7 12 9 5 7 4862 2395 154 15
0 148 90 295 26 20 10 107 355 84 83 43 43 113 0 146 145 273 188 18 1 1 56 8 0 187 274 216 34 47 2284 59 141 864 2120 1578 57 0 0 239 0 219 1743 19412 0 0 297 976 365 1189 140 331 623 500 442 389 206 79 657 222 145 373 0 0 0 0 53 49 259 436 3931 0 244 4128 415 455 308 147 0 186 819 154 0 354 12498 0 0 0 0 0 81 0 332 0 0 366 0 181 0 0 57 1348 515 0 0 0 0 0 0 1 0 0 0 0 0 0 0 0 0 3273 1748 0 0
22 363 288 342 97 922 384 294 77 83 57 92 88 66 0 262 30 93 127 8 0 0 32 6 0 6 7 0 5 0 0 6 8 0 0 29 0 0 0 0 0 5 1 0 0 0 45 17 4 0 0 20 25 33 9 10 58 30 95 67 43 135 0 20 0 0 85 56 55 0 79 0 20 135 79 34 16 0 0 79 0 122 0 9 3363 0 651 0 42 0 138 10 31 0 29 89 0 198 105 0 48 835 153 0 3186 0 0 0 0 0 0 0 0 0 0 0 0 0 0 59 65 38 0
0 30 11 22 7 8 3 19 22 7 5 6 7 5 1 84 16 0 26 3 0 0 22 5 0 6 0 0 0 0 0 3 17 0 0 22 0 0 0 0 0 0 0 0 0 0 0 27 8 0 0 52 20 199 0 12 20 18 22 23 10 71 0 0 0 0 26 41 38 0 0 0 2 31 48 6 7 0 0 0 0 0 0 0 1423 0 1543 0 21 0 15 0 61 0 0 80 0 8609 41 0 0 0 73 0 234 102 0 0 0 0 0 0 0 0 0 0 0 0 0 6171 697 183 0
0 0 0 0 0 0 0 0 0 0 0 0 0 0 0 0 0 0 0 0 0 0 0 0 0 0 0 0 0 0 0 0 0 0 0 0 0 0 0 0 0 0 0 0 0 0 0 0 0 0 0 0 0 0 0 0 0 0 0 0 0 0 0 0 0 0 0 0 0 0 0 0 0 0 0 0 0 0 0 0 0 0 0 0 0 0 0 0 0 0 0 0 0 0 0 0 0 0 0 0 0 0 0 0 0 0 0 0 0 0 0 0 0 0 0 0 0 0 0 0 0 0 0
0 0 0 0 0 0 0 0 0 0 0 0 0 0 0 0 0 0 0 0 0 0 0 0 0 0 0 0 0 0 0 0 0 0 0 0 0 0 0 0 0 0 0 0 0 0 0 0 0 0 0 0 0 0 0 0 0 0 0 0 0 0 0 0 0 0 0 0 0 0 0 0 0 0 0 0 0 0 0 0 0 0 0 0 0 0 0 0 0 0 0 0 0 0 0 0 0 0 0 0 0 0 0 0 0 0 0 0 0 0 0 0 0 0 0 0 0 0 0 0 0 0 0
0 0 0 0 0 0 0 0 0 0 0 0 0 0 0 0 0 0 0 0 0 0 0 0 0 0 0 0 0 0 0 0 0 0 0 0 0 0 0 0 0 0 0 0 0 0 0 0 0 0 0 0 0 0 0 0 0 0 0 0 0 0 0 0 0 0 0 0 0 0 0 0 0 0 0 0 0 0 0 0 0 0 0 0 0 0 0 0 0 0 0 0 0 0 0 0 0 0 0 0 0 0 0 0 0 0 0 0 0 0 0 0 0 0 0 0 0 0 0 0 0 0 0
0 0 0 0 0 0 0 0 0 0 0 0 0 0 0 0 0 0 0 0 0 0 0 0 0 0 0 0 0 0 0 0 0 0 0 0 0 0 0 0 0 0 0 0 0 0 0 0 0 0 0 0 0 0 0 0 0 0 0 0 0 0 0 0 0 0 0 0 0 0 0 0 0 0 0 0 0 0 0 0 0 0 0 0 0 0 0 0 0 0 0 0 0 0 0 0 0 0 0 0 0 0 0 0 0 0 0 0 0 0 0 0 0 0 0 0 0 0 0 0 0 0 0
0 0 0 0 0 0 0 0 0 0 0 0 0 0 0 0 0 0 0 0 0 0 0 0 0 0 0 0 0 0 0 0 0 0 0 0 0 0 0 0 0 0 0 0 0 0 0 0 0 0 0 0 0 0 0 0 0 0 0 0 0 0 0 0 0 0 0 0 0 0 0 0 0 0 0 0 0 0 0 0 0 0 0 0 0 0 0 0 0 0 0 0 0 0 0 0 0 0 0 0 0 0 0 0 0 0 0 0 0 0 0 0 0 0 0 0 0 0 0 0 0 0 0
0 0 0 0 0 0 0 0 0 0 0 0 0 0 0 0 0 0 0 0 0 0 0 0 0 0 0 0 0 0 0 0 0 0 0 0 0 0 0 0 0 0 0 0 0 0 0 0 0 0 0 0 0 0 0 0 0 0 0 0 0 0 0 0 0 0 0 0 0 0 0 0 0 0 0 0 0 0 0 0 0 0 0 0 0 0 0 0 0 0 0 0 0 0 0 0 0 0 0 0 0 0 0 0 0 0 0 0 0 0 0 0 0 0 0 0 0 0 0 0 0 0 0
0 0 0 0 0 0 0 22 30 12 11 17 17 27 0 6 0 0 0 0 0 0 0 0 0 0 0 0 0 0 0 0 0 8 4 0 5 0 0 1 0 0 0 0 0 0 0 0 0 0 0 0 0 0 0 0 0 0 0 0 0 0 0 0 0 0 0 0 0 0 0 0 0 0 0 0 0 0 0 0 1 0 0 0 0 1 0 0 0 0 0 0 0 0 0 0 0 0 0 0 0 0 0 0 0 0 0 0 0 0 0 0 0 0 0 0 0 0 0 0 0 0 0
0 0 0 0 0 0 0 0 0 0 0 0 0 0 0 0 0 0 0 0 0 0 0 0 0 0 0 0 0 0 0 0 0 0 0 0 0 0 0 0 0 0 0 0 0 0 0 0 0 0 0 0 0 0 0 0 0 0 0 0 0 0 0 0 0 0 0 0 0 0 0 0 0 0 0 0 0 0 0 0 0 0 0 0 0 0 0 0 0 0 0 0 0 0 0 0 0 0 0 0 0 0 0 0 0 0 0 0 0 0 0 0 0 0 0 0 0 0 0 0 0 0 0
0 0 0 0 0 0 0 0 0 0 0 0 0 0 0 0 0 0 0 0 0 0 0 0 0 0 0 0 0 0 0 0 0 0 0 0 0 0 0 0 0 0 0 0 0 0 0 0 0 0 0 0 0 0 0 0 0 0 0 0 0 0 0 0 0 0 0 0 0 0 0 0 0 0 0 0 0 0 0 0 0 0 0 0 0 0 0 0 0 0 0 0 0 0 0 0 0 0 0 0 0 0 0 0 0 0 0 0 0 0 0 0 0 0 0 0 0 0 0 0 0 0 0
0 0 0 0 0 0 0 0 0 0 0 0 0 0 0 1 1 0 0 0 0 0 0 0 0 0 0 0 0 0 0 0 0 0 0 0 0 0 0 0 0 0 0 0 0 0 0 0 0 0 0 0 0 0 0 0 0 0 0 0 0 0 0 0 0 0 0 0 0 0 0 0 0 0 0 0 0 0 0 0 0 0 0 0 0 0 0 0 0 0 0 0 0 0 0 0 0 0 0 0 0 0 0 0 0 0 0 0 0 0 0 0 0 0 0 0 0 0 0 0 0 0 0
0 0 0 0 0 0 0 0 0 0 0 0 0 0 0 0 0 0 0 0 0 0 0 0 0 0 0 0 0 0 0 0 0 0 0 0 0 0 0 0 0 0 0 0 0 0 0 0 0 0 0 0 0 0 0 0 0 0 0 0 0 0 0 0 0 0 0 0 0 0 0 0 0 0 0 0 0 0 0 0 0 0 0 0 0 0 0 0 0 0 0 0 0 0 0 0 0 0 0 0 0 0 0 0 0 0 0 0 0 0 0 0 0 0 0 0 0 0 0 0 0 0 0
0 0 0 0 0 0 0 0 0 0 0 0 0 0 0 0 0 0 0 0 0 0 0 0 0 0 0 0 0 0 0 0 0 0 0 0 0 0 0 0 0 0 0 0 0 0 0 0 0 0 0 0 0 0 0 0 0 0 0 0 0 0 0 0 0 0 0 0 0 0 0 0 0 0 0 0 0 0 0 0 0 0 0 0 0 0 0 0 0 0 0 0 0 0 0 0 0 0 0 0 0 0 0 0 0 0 0 0 0 0 0 0 0 0 0 0 0 0 0 0 0 0 0
2 0 0 27 0 6 4 11 8 0 0 0 5 0 0 63 40 15 12 18 0 0 20 3 0 5 7 0 0 0 0 2 0 0 0 73 16 0 0 14 0 0 37 119 0 0 8 8 9 0 0 26 25 20 0 26 0 41 145 81 47 330 0 37 0 6 67 40 14 23 192 0 9 126 64 20 16 0 0 0 0 0 0 153 76 0 0 0 0 0 22 0 11 0 0 736 0 0 10 0 0 0 0 0 0 0 0 0 0 0 0 0 0 0 0 0 0 0 0 0 0 0 0
16 211 0 198 8 0 86 131 1942 2659 2092 515 465 1982 0 1255 750 15 88 17 0 0 28 7 0 58 114 33 32 97 34 14 187 0 114 153 53 0 0 549 1178 20 383 90 0 0 99 120 22 128 21 117 76 68 0 24 154 114 2477 105 62 401 160 1302 0 76 4 871 31 0 2512 0 6 211 1113 15 8 0 0 0 36 0 0 0 0 0 0 0 0 0 42 0 502 0 0 150 0 0 88 0 0 0 0 0 0 0 0 0 0 0 0 0 0 0 0 0 0 0 0 1063 0 600 0
0 56 0 71 5 13 5 37 87 23 16 13 13 17 6 0 14 2 15 39 0 0 32 7 0 2 0 0 1 3 0 31 10 0 0 30 15 0 0 56 0 0 0 165 0 0 0 9 0 0 0 48 0 0 0 0 12 26 35 59 15 92 0 0 0 0 19 0 47 0 0 0 6 103 2 11 6 0 0 0 0 0 0 0 0 0 0 0 0 0 0 0 8 0 0 0 0 0 39 0 15 56 115 0 297 0 0 0 0 0 0 0 0 0 0 0 0 0 0 44 0 0 1
28711 31 58 6 16 3 1226 256 0 0 0 0 0 0 0 63 0 0 0 744 0 0 3 0 0 29 0 0 0 13 0 63 430 3 1 11 33 0 10 200 3 0 9 4 0 0 0 25 26 24 4 36 11 0 0 7 0 541 0 130 0 224 1 10 0 2 7 5 0 1 1 0 0 5 0 0 0 0 0 0 0 10 0 0 0 0 0 0 1 2 7 0 1 0 0 0 0 1 0 0 0 0 1 0 0 1 0 0 0 0 0 0 0 0 0 0 0 0 0 0 0 0 0
