139
0 0 0 0 0 0 0 0 39 159 573 10 58 46 4 2 0 0 0 0 0 0 0 0 0 0 0 0 0 0 0 0 0 0 22890 0 481 3 1 114 0 0 0 0 0 0 0 0 0 0 0 0 0 0 0 0 0 0 0 0 0 0 0 0 0 0 0 0 0 0 0 0 0 0 0 0 0 0 0 0 0 0 0 0 0 0 0 0 0 0 0 0 4 0 0 0 0 0 0 0 0 0 0 0 0 0 0 0 0 0 0 0 0 0 0 0 0 0 0 0 0 0 0 0 0 0 0 0 0 0 0 0 0 0 0 0 0 0 0
6 0 235 10 0 186 1 12 716 178 29 135 235 164 0 34 0 12 0 84 0 5 6 10 2 3 123 109 0 0 0 4 7 0 14 282 0 20 7 120 0 84 12 0 6 127 0 0 0 0 1 73 0 0 0 0 0 9 8 16 18 0 14 5 0 50 16 13 0 116 0 0 0 0 0 0 0 127 0 0 8 0 0 0 12 93 0 0 0 18 0 0 273 0 0 0 26 0 0 0 0 0 0 0 0 0 0 0 0 26 0 0 0 46 0 127 127 90 127 127 127 127 127 127 5 127 0 125 127 0 127 127 127 127 127 0 14 6 1
1 0 0 0 0 247 0 8 3654 1101 874 1442 1451 2312 2051 105 61 0 0 0 0 5 4 7 1 2 87 78 31 4 0 0 23 34 5 335 0 12 59 320 0 61 0 0 308 91 0 0 0 0 0 595 0 0 0 0 960 3 3 6 9 0 683 0 263 811 1201 1062 0 82 12 15 0 0 0 0 30 91 0 0 1 0 0 0 4 59 0 0 0 0 0 48 1000 0 0 111 0 0 0 0 0 0 0 0 0 0 0 0 0 0 31 0 21 64 18 91 90 64 91 91 91 91 91 91 3 91 0 89 90 0 91 91 91 91 91 20 42 0 83
0 0 0 0 0 0 0 0 27 30 29 31 71 12 0 0 0 0 0 0 0 4 4 8 1 2 94 84 0 0 0 1 2 160 0 1 1493 2719 3 57 152 48 30 0 0 98 0 0 0 0 1 152 0 0 0 0 0 0 0 0 0 0 1 0 0 84 2 0 0 89 0 0 0 0 0 0 0 98 0 0 0 0 0 0 47 0 0 0 0 0 0 0 93 0 0 458 0 0 0 0 0 0 0 0 0 0 0 0 0 0 0 0 0 5 40 98 97 69 98 98 98 98 98 98 4 98 0 96 97 0 98 98 98 98 98 0 0 18 31
69 47 43 77 0 0 17 18 125 77 44 36 133 110 8 79 1 130 52 569 0 11 7 12 2 4 149 133 102 53 59 66 20573 188 52 68 911 155 110 177 58 58 78 45 156 154 62 110 42 0 1 380 0 0 0 0 57 119 123 309 229 73 221 107 97 649 207 141 0 140 56 8 27 25 0 0 38 154 0 23 114 0 10 0 160 635 16 84 25 148 0 19 580 0 0 145 233 0 54 219 6 0 71 0 0 0 0 0 0 227 0 28 129 189 96 154 154 109 154 154 154 154 154 154 6 154 0 151 153 0 154 154 154 154 154 0 130 224 14
20 0 0 94 26 0 13 51 26 94 24 28 21 77 0 86 0 160 0 831 0 11 6 11 2 3 131 117 79 63 72 51 57 167 19 21628 38 202 54 133 121 90 66 80 89 136 7 175 0 0 1 276 0 0 0 0 48 80 57 360 217 62 125 83 3 514 127 149 28 123 76 50 65 73 0 0 82 136 14 14 64 0 0 0 78 894 0 117 116 189 0 20 497 0 0 116 267 0 52 70 0 0 259 0 42 52 19 0 0 330 163 123 95 155 101 136 135 96 136 136 136 136 136 136 5 136 0 133 135 0 136 136 136 136 136 0 216 221 0
1 0 0 0 0 0 0 0 0 0 0 1 2 0 1 25 0 0 0 0 0 2 2 3 1 1 41 36 0 0 0 0 0 0 1 0 0 0 1 1 592 37 0 0 0 42 0 0 0 0 0 0 0 0 0 0 0 1 2 0 0 0 1 0 0 79 2 7 0 38 0 0 0 0 0 0 0 42 0 0 1 0 0 0 1 0 0 0 0 0 0 19 306 0 0 0 0 0 1 0 0 0 0 0 0 0 0 0 0 0 0 0 0 0 0 42 42 30 42 42 42 42 42 42 2 42 0 41 42 0 42 42 42 42 42 0 0 0 0
20 0 0 1 0 0 3 0 96 1516 1349 1143 5239 2433 642 889 0 45 41 24 0 8 6 10 2 3 126 112 134 37 3 4 259 198 7 7 258 713 106 9032 102 63 7 0 385 131 0 0 0 0 1 95 653 201 170 0 0 12 7 0 13 5 116 26 39 475 111 6 0 119 0 0 0 0 0 0 0 131 0 0 26 0 3 0 120 18 3 0 0 0 0 49 658 0 0 176 4 0 1 0 1 0 0 0 0 0 0 0 0 0 0 0 39 57 21 131 130 92 131 131 131 131 131 131 5 131 0 128 130 0 131 131 131 131 131 0 27 141 35
0 0 0 0 0 0 20 0 0 0 0 458 2136 2529 109 25 0 0 0 0 0 5 6 10 2 3 124 111 48977 0 0 277 0 438 0 51 0 0 0 110 166 0 0 0 1 129 0 0 0 0 1 194 8695 341 0 0 49 0 0 87 0 0 2 0 0 170 3 0 0 117 0 0 0 0 0 0 0 129 0 0 2 0 0 0 6 4 1 0 0 0 0 54 360 0 0 0 0 0 2 0 0 0 0 0 0 0 0 0 0 0 90 0 0 25 0 129 128 91 129 129 129 129 129 129 5 129 0 126 128 0 129 129 129 129 129 0 0 0 41
0 0 0 0 0 0 0 0 98 0 0 0 536 39 0 28 158 0 0 0 0 0 0 0 0 0 0 0 0 35284 0 0 0 0 0 0 0 0 0 75 291 67 582 0 4 0 0 0 0 0 0 112 760 265 0 0 65 273 0 61 63 0 0 0 0 78 2 0 0 0 0 0 2 0 0 0 962 0 276 0 0 0 0 0 0 4 0 0 0 0 0 0 548 0 0 132 0 0 0 0 0 0 73 0 0 0 0 0 0 0 62 0 0 19 0 0 0 0 0 0 0 0 0 0 0 0 0 0 0 0 0 0 0 0 0 0 5 0 6
0 0 0 0 0 0 4 0 21 3 0 0 612 26 0 0 0 0 0 2 0 5 5 9 2 3 113 101 0 0 56019 0 0 0 0 0 0 0 0 6 16 0 0 0 3 118 0 0 0 0 1 120 0 0 141 0 0 0 2 0 0 1 8 3 4 167 6 0 0 107 2 0 0 0 0 0 305 118 0 0 3 0 0 0 7 36 2 0 0 0 0 0 244 0 0 231 0 0 5 0 0 0 0 0 0 0 0 0 0 0 34 0 13 36 0 118 117 83 118 118 118 118 117 117 4 118 0 115 117 0 118 118 118 118 118 0 3 10 39
0 0 0 0 0 0 0 0 0 100 125 0 0 3 0 20 0 0 0 0 0 0 5 9 0 0 106 95 0 199 0 1647 28 63 0 0 0 0 73 8 775 0 0 0 19 110 0 0 0 0 1 0 0 47 0 0 4 8 12 0 4 0 40 6 7 417 42 0 0 100 0 0 0 0 0 0 0 110 0 0 5 0 4 0 9 65 3 0 0 0 0 41 22 0 0 0 7 0 0 0 0 0 0 0 0 11 3 21 0 3 0 0 0 37 0 110 110 78 110 110 110 110 110 110 4 110 0 108 109 0 110 110 110 110 110 0 0 0 217
0 0 0 0 0 0 0 0 0 0 0 386 0 0 0 0 0 0 0 0 0 2 3 2 1 1 53 47 0 0 0 41 0 0 0 0 0 0 42 2 0 0 0 0 0 56 0 0 0 0 0 0 0 23 0 0 0 0 0 0 0 0 1 0 0 43 2 0 0 49 0 0 0 0 0 0 0 56 0 0 1 0 0 0 3 1 0 0 0 0 0 0 0 0 0 0 0 0 0 0 0 0 0 0 0 1 0 0 0 0 0 0 0 1 0 56 56 40 56 56 56 56 56 56 2 56 0 55 56 0 56 56 56 56 56 0 0 0 0
0 0 0 0 0 0 9 0 0 0 0 0 227 0 3 12 39 1 5 7 0 4 4 7 1 2 84 75 576 0 0 186 0 33845 6 0 0 0 0 128 353 69 285 0 8 87 0 0 0 0 0 225 1129 277 44 0 52 144 282 84 82 7 19 12 9 414 12 0 0 79 10 0 0 0 0 0 54 87 0 0 4 0 6 0 10 75 5 0 0 1 0 42 297 0 0 254 9 0 14 0 2 0 0 0 0 0 0 0 0 0 0 0 17 30 0 87 87 61 87 87 87 87 87 87 3 87 0 85 87 0 87 87 87 87 87 0 0 11 31
0 17 0 1 0 29 0 0 0 3 0 7 672 0 0 5 0 10 0 11 79 1563 1907 3384 629 1045 41181 36696 0 0 0 0 5 0 17 0 0 0 17 1 0 0 0 0 3 42736 0 0 50 0 218 0 0 104 0 0 9 3 0 0 0 46 1 0 1 63 1 49 0 38803 0 0 0 0 0 0 0 42729 0 0 3 0 0 0 935 0 2 0 0 162 0 31 62 0 0 0 1 6 26 0 9 0 0 0 0 0 0 0 0 0 0 0 0 1 0 42733 42547 30150 42729 42724 42729 42735 42689 42657 1570 42719 110 41861 42439 0 42735 42734 42736 42733 42733 0 6 4 0
0 0 0 9 0 0 0 0 0 0 7 0 73 0 0 0 0 0 0 0 7 147 179 318 59 98 3872 3451 0 0 0 3 63 62 8 3 0 21 64 191 0 0 9 0 2220 4019 344 0 0 0 21 0 0 66 14 0 1 4 0 3 0 0 3 0 0 80 1 0 0 3649 0 0 0 0 0 0 45 4018 0 0 0 0 0 0 453 1 0 0 0 0 0 0 0 0 0 0 0 0 0 0 0 0 0 0 0 0 0 0 0 0 0 0 0 12 0 4018 4001 2835 4018 4018 4018 4019 4014 4011 148 4017 10 3936 3991 0 4019 4018 4019 4018 4018 0 0 0 0
14 2 0 11 0 12 36 7 41 0 110 165 215 0 5 4 0 1 17 3 0 1 0 0 0 0 2 2 0 0 7 0 47 0 6 7 0 0 15877 62 0 0 3405 0 35 2 0 0 2 0 0 17 501 330 104 0 7 7 0 16 23 14 59 18 6 351 54 5 0 2 0 0 0 0 0 0 0 2 0 0 6 0 6 0 7 35 5 1 0 12 0 65 213 0 0 599 22 0 0 50 200 0 0 0 0 0 0 26 0 0 31 0 40 14 38 2 2 1 2 2 2 2 2 2 0 2 0 2 2 0 2 2 2 2 2 0 30 0 4
5 0 2 5 0 0 4 0 11 7 6 15 9 0 0 0 0 0 16 0 0 7 5 10 2 3 118 105 3 18 16 11 411 9 424 26 4 12 630 28 18 0 0 0 695 122 243 0 24 0 1 0 0 136 100 0 0 16 35 371 202 0 30 0 8 398 19 0 0 111 0 0 0 0 0 0 0 122 40043 0 0 0 6 0 10 74 2 0 0 0 0 26 0 0 0 0 0 0 0 0 2 0 0 0 0 0 0 0 0 0 0 0 0 18 13 122 122 86 122 122 122 122 122 122 4 122 0 120 121 0 122 122 122 122 122 0 0 0 0
8 11 15 8 0 30 5 0 15 3 0 7 10 0 14 6 0 0 0 0 441 397 423 413 436 432 91 125 0 0 0 0 2 0 3 2 0 21 1 1 0 0 30 0 23 80 0 0 38 78510 0 0 0 0 0 1101 0 6 5 0 0 0 4 1 4 1 4 0 0 113 0 0 0 0 0 0 0 80 17559 20049 20236 23526 24801 9069 21545 0 20871 0 0 26 0 0 0 0 0 0 0 36 0 0 0 0 0 0 0 0 0 0 0 0 0 0 0 0 0 80 79 56 80 80 80 80 79 79 3 80 0 78 81 0 80 80 80 80 80 0 0 0 0
2 0 1 2 0 0 3 0 2 1 0 9 7 0 0 0 0 268 331 0 99331 88552 94354 91581 97805 96850 3253 12875 32 77 25 58 292 151 185 140 62 133 169 87 256 78 0 0 548 98 13 0 15045 0 1 12700 227 1678 201 761 856 889 261 534 90 719 67 118 91 69 74 644 0 9242 0 0 0 189 0 0 330 98 0 35867 0 0 0 0 4 1 0 0 0 13681 0 0 0 0 0 0 0 0 1605 0 0 0 0 0 0 0 0 0 0 0 0 0 0 0 2 98 98 69 98 98 98 98 98 98 4 98 0 96 481 0 98 98 98 98 98 0 0 0 0
0 0 0 0 0 0 0 0 2 1 1 0 0 1 0 0 0 0 0 0 0 0 0 0 0 0 0 0 0 0 0 0 7 0 1 0 1 0 3 0 0 0 0 0 0 0 0 0 0 0 0 0 0 0 0 0 0 0 0 0 0 0 0 0 0 0 0 0 0 0 0 0 0 0 0 0 0 0 0 0 0 0 0 0 0 0 0 0 0 0 0 0 0 0 0 1 0 0 0 0 0 0 0 0 0 0 0 0 0 0 0 0 0 0 0 0 0 0 0 0 0 0 0 0 0 0 0 0 0 0 0 0 0 0 0 0 0 0 0
0 0 0 0 0 0 0 0 0 0 0 73 0 0 0 0 0 0 0 0 0 0 0 0 0 0 0 0 0 0 0 0 2 0 0 0 0 0 4 0 0 0 0 0 0 0 0 0 0 0 0 0 0 0 0 0 0 0 0 0 0 0 0 0 0 6 0 0 0 0 0 0 0 0 0 0 0 0 0 0 0 0 0 0 0 0 0 0 0 0 0 0 0 0 0 0 0 0 0 0 0 0 0 0 0 0 0 0 0 0 0 0 0 0 0 0 0 0 0 0 0 0 0 0 0 0 0 0 0 0 0 0 0 0 0 0 0 0 0
0 0 0 0 0 0 0 0 0 0 0 0 0 0 0 0 0 0 0 0 0 0 0 0 0 0 0 0 0 0 0 0 0 0 0 0 0 0 0 0 0 0 0 0 0 0 0 0 0 0 0 0 0 0 0 0 0 0 0 0 0 0 0 0 0 0 28 0 0 0 0 0 0 0 0 0 0 0 0 0 0 0 0 0 0 0 0 0 0 0 0 0 0 0 0 0 0 0 0 0 0 0 0 0 0 0 0 0 0 0 0 0 0 0 0 0 0 0 0 0 0 0 0 0 0 0 0 0 0 0 0 0 0 0 0 0 0 0 0
0 0 0 0 0 0 0 0 0 0 0 0 0 0 0 0 0 0 0 0 0 5 6 0 2 3 118 105 0 0 0 0 0 0 0 0 0 0 0 0 0 0 0 0 0 128 0 0 0 0 1 0 0 0 0 0 0 0 0 0 0 0 0 0 0 0 0 0 0 107 0 0 0 0 0 0 0 128 0 0 0 0 0 0 3 0 0 0 0 0 0 0 0 0 0 0 0 0 0 0 0 0 0 0 0 0 0 0 0 0 0 0 0 0 0 128 128 91 128 128 128 128 128 128 5 128 0 126 128 0 128 128 128 128 128 0 0 0 0
0 0 0 0 0 0 0 0 0 0 0 25 0 0 0 0 0 0 0 0 0 0 0 0 0 0 0 0 0 0 0 0 1 0 0 0 0 0 1 0 0 0 0 0 0 0 0 0 0 0 0 0 0 0 0 0 0 0 0 0 0 0 0 0 0 2 0 0 0 0 0 0 0 0 0 0 0 0 0 0 0 0 0 0 0 0 0 0 0 0 0 0 0 0 0 0 0 0 0 0 0 0 0 0 0 0 0 0 0 0 0 0 0 0 0 0 0 0 0 0 0 0 0 0 0 0 0 0 0 0 0 0 0 0 0 0 0 0 0
0 0 0 0 0 0 0 0 0 0 0 33 0 0 0 0 0 0 0 0 0 0 0 0 0 0 0 0 0 0 0 0 1 0 0 0 0 0 2 0 0 0 0 0 0 0 0 0 0 0 0 0 0 0 0 0 0 0 0 0 0 0 0 0 0 3 0 0 0 0 0 0 0 0 0 0 0 0 0 0 0 0 0 0 0 0 0 0 0 0 0 0 0 0 0 0 0 0 0 0 0 0 0 0 0 0 0 0 0 0 0 0 0 0 0 0 0 0 0 0 0 0 0 0 0 0 0 0 0 0 0 0 0 0 0 0 0 0 0
0 0 0 0 0 0 0 0 0 0 0 0 0 0 0 0 0 0 0 0 0 3 3 0 1 2 0 0 0 0 0 0 0 0 0 0 0 0 0 0 0 0 0 0 0 69 0 0 0 0 0 0 0 0 0 0 0 0 0 0 0 0 0 0 0 0 0 0 0 0 0 0 0 0 0 0 0 69 0 0 0 0 0 0 2 0 0 0 0 0 0 0 0 0 0 0 0 0 0 0 0 0 0 0 0 0 0 0 0 0 0 0 0 0 0 69 68 49 69 69 69 69 69 69 3 69 0 67 68 0 69 69 69 69 69 0 0 0 0
0 0 0 0 0 0 0 0 0 0 0 0 0 0 0 0 0 0 0 0 0 3 3 0 1 2 9 0 0 0 0 0 0 0 0 0 0 0 0 0 0 0 0 0 0 71 0 0 0 0 0 0 0 0 0 0 0 0 0 0 0 0 0 0 0 0 0 0 0 0 0 0 0 0 0 0 0 71 0 0 0 0 0 0 2 0 0 0 0 0 0 0 0 0 0 0 0 0 0 0 0 0 0 0 0 0 0 0 0 0 0 0 0 0 0 71 71 50 71 71 71 71 71 71 3 71 0 70 71 0 71 71 71 71 71 0 0 0 0
24 23 0 6 0 0 6 0 0 73 101 71 128 0 5 6 4 0 12 0 4 74 88 156 29 48 1894 1688 0 28 31 33 149 0 133 78 0 48 0 50 0 6 95 0 105 1965 0 0 18 0 10 0 0 239 182 0 0 19 25 19 12 97 63 22 40 101 54 45 0 1784 223 8 0 0 0 0 1 1965 6 0 39 0 2 0 73 9 3 0 0 0 0 58 226 0 0 605 2 0 10 0 70 0 0 0 0 0 0 0 0 0 0 0 29 33 70 1965 1957 1387 1965 1965 1965 1965 1963 1962 72 1965 5 1925 1952 0 1965 1965 1965 1965 1965 26 0 37 11
5 2 0 1 0 0 2 0 27 0 68 0 109 14 140 2 4 0 1 0 1 25 30 53 10 16 650 579 0 0 0 0 178 0 94 0 0 9 25 47 0 0 31 0 107 674 0 0 0 0 3 0 0 220 0 0 0 1 0 0 2 3 21 6 0 31 19 4 0 612 0 0 0 0 0 0 0 674 0 0 12 0 0 0 25 2 1 0 0 0 0 2 175 0 0 339 0 0 3 0 164 0 0 0 0 1 0 0 0 0 0 0 0 31 50 674 671 476 674 674 674 674 673 673 25 674 2 660 669 0 674 674 674 674 674 0 0 11 7
27 35 9 6 0 0 9 0 21 31 0 92 172 6 4 9 0 0 10 0 6 127 151 268 50 83 3266 2911 0 55 0 48 188 0 207 92 0 0 0 111 0 4 91 0 251 3390 0 0 28 0 17 0 0 540 183 0 8 26 32 11 13 10 81 25 54 157 75 14 0 3078 35 0 0 6 0 0 0 3389 0 0 83 0 8 0 130 8 8 0 0 0 0 20 347 0 0 0 0 0 13 0 260 0 0 0 0 6 0 0 0 0 0 0 0 35 51 3389 3375 2391 3389 3389 3389 3390 3386 3383 125 3388 9 3320 3366 0 3390 3389 3390 3389 3389 0 0 40 10
1 0 0 0 0 0 0 0 0 27 6 0 0 0 1 0 15 0 0 0 0 24 18 32 6 10 395 352 0 22 0 0 0 0 0 4 0 0 0 16 0 405 38 0 36 409 0 0 55 0 2 0 0 126 92 0 0 0 4 0 3 22 10 1 7 93 10 38 0 372 0 0 0 0 0 0 0 409 0 0 6 0 0 0 15 1 0 0 0 0 0 0 96 0 0 0 0 0 0 0 13 0 0 0 0 0 0 0 0 0 0 0 0 41 9 409 408 289 409 409 409 409 409 409 15 409 1 401 407 0 409 409 409 409 409 0 0 0 3
0 0 0 0 0 0 1 0 305 175 193 0 32 117 0 0 0 0 0 0 0 0 0 0 0 0 0 0 0 0 0 17 0 0 156 0 0 0 208 0 0 0 0 0 0 0 0 0 0 0 0 0 0 0 0 0 0 0 0 0 0 0 0 0 0 0 0 0 0 0 0 0 0 0 0 0 0 0 0 0 0 0 0 0 0 1 0 0 0 0 0 0 0 0 0 0 0 0 0 0 0 0 0 0 0 0 0 0 0 0 0 0 0 0 0 0 0 0 0 0 0 0 0 0 0 0 0 0 0 0 0 0 0 0 0 0 0 0 0
17 19 0 0 0 0 5 0 0 594 731 0 99 0 107 0 166 0 6 0 2 57 67 119 22 37 1451 1293 182 128 150 451 694 0 788 287 0 255 1059 100 0 15 56 0 182 1506 0 0 10 0 8 49 25 402 57 0 0 0 22 44 0 6 345 14 33 74 39 11 0 1368 34 0 0 0 0 0 0 1506 0 0 48 0 2 0 60 5 4 0 0 0 0 30 299 0 0 502 0 0 9 85 151 0 0 0 0 0 4 0 0 0 0 0 58 211 191 1506 1500 1063 1506 1506 1506 1506 1505 1504 55 1506 4 1475 1496 0 1506 1506 1506 1506 1506 15 47 256 18
0 0 0 0 0 0 0 0 5 14 7 23 4 0 0 0 0 0 0 0 0 17 21 36 7 11 444 396 0 0 0 10 0 0 0 0 0 106 324 18 0 0 0 0 0 461 0 0 0 0 2 0 0 95 33 0 0 0 2 0 0 0 5 0 5 7 7 0 0 418 0 0 0 0 0 0 0 461 0 0 5 0 0 0 14 1 0 0 0 0 0 0 46 0 0 0 0 0 0 0 0 0 0 0 0 0 0 0 0 0 0 0 0 2 11 461 459 325 461 461 461 461 460 460 17 461 1 451 458 0 461 461 461 461 461 0 0 0 0
1 0 0 0 0 0 0 0 0 56 30 23 15 63 0 0 0 0 0 0 0 12 12 22 4 7 262 234 0 14 0 0 4 0 3 0 0 76 0 5 0 0 0 0 7 272 0 0 0 0 1 0 0 38 0 0 0 0 3 0 0 0 6 1 4 8 2280 132 0 247 0 0 0 0 0 0 0 272 0 0 9 0 0 0 9 2 0 0 0 0 0 0 10 0 0 0 0 0 0 0 0 0 0 0 0 1 0 0 0 0 0 0 0 3 0 272 271 192 272 272 272 272 272 272 10 272 1 267 270 0 272 272 272 272 272 0 0 0 0
0 18 28 0 0 0 19 0 4707 9186 8923 2845 4627 3436 486 83 369 0 6 0 0 35 41 73 14 23 887 791 783 1566 2884 9522 2446 242 339 2682 0 3661 73 81 92 480 542 0 113 921 0 0 0 0 5 595 33 481 94 0 0 0 48 23 66 2 42 0 29 47 32 0 0 836 33 0 0 0 0 0 0 921 0 0 9 0 0 0 35 9 0 0 0 0 0 0 369 0 0 41 0 0 1 81 48 0 0 0 0 0 0 0 0 0 252 0 94 259 248 921 917 650 921 921 921 921 920 919 34 920 2 902 914 0 921 921 921 921 921 119 146 315 40
0 0 0 0 0 0 3 0 683 627 694 152 210 424 18 0 68 0 0 0 0 6 7 13 2 4 154 137 0 0 51 234 86 0 0 0 0 0 0 9 0 0 0 0 0 160 0 0 0 0 1 248 0 54 0 0 0 0 3 0 0 0 39 0 6 3 40 0 0 145 0 0 0 0 0 0 0 160 0 0 0 0 0 0 6 3 0 0 0 0 0 0 119 0 0 950 0 0 0 0 0 0 0 0 0 0 0 0 0 0 0 0 0 55 79 160 159 113 160 160 160 160 160 159 6 160 0 157 159 0 160 160 160 160 160 0 0 0 25
0 0 0 0 0 0 0 0 237 153 174 0 0 101 0 0 0 0 0 0 0 0 0 0 0 0 0 0 34 0 864 1382 0 0 0 29 0 140 0 0 0 0 0 0 0 0 0 0 0 0 0 0 0 0 0 0 0 0 0 0 0 0 5 0 0 0 0 0 0 0 0 0 0 0 0 0 0 0 0 0 0 0 0 0 0 9 0 0 0 0 0 0 6 0 0 0 0 0 0 0 0 0 0 0 0 0 0 0 0 0 0 0 0 37 36 0 0 0 0 0 0 0 0 0 0 0 0 0 0 0 0 0 0 0 0 0 0 0 0
0 0 0 0 0 0 0 0 0 0 0 0 0 0 0 0 0 0 0 0 0 0 0 0 0 0 0 0 0 0 0 0 34 0 0 0 0 0 55 0 0 0 0 0 0 0 0 0 0 0 0 0 0 106 0 0 0 35 41 0 9 21 283 2 92 655 115 18 0 0 0 0 0 0 0 0 0 0 0 0 47 0 0 0 39 1 0 0 0 0 0 0 0 0 0 0 0 0 0 0 0 0 0 0 0 0 0 0 0 0 0 0 0 0 0 0 0 0 0 0 0 0 0 0 0 0 0 0 0 0 0 0 0 0 0 0 0 0 0
264 17 13 0 0 0 0 0 0 0 0 0 149 0 390 18 351 0 9 0 3 60 69 123 23 38 1493 1330 24 66 21 47 132 15 270 134 0 104 155 434 0 20733 2554 134 286 1549 498 0 382 0 8 202 1213 611 0 0 272 254 471 152 267 40 444 159 453 376 389 150 0 1407 60 0 0 46 257 0 952 1549 0 0 41 0 1 0 63 13 3 0 0 0 126 58 566 0 0 0 49 0 513 320 581 0 0 0 0 0 0 0 0 0 378 0 64 64 164 1549 1542 1093 1549 1549 1549 1549 1548 1546 57 1549 4 1518 1539 0 1549 1549 1549 1549 1549 250 52 603 140
34 0 0 0 0 0 0 0 6 0 6 144 17 0 7 8 11 29 10 0 2 51 59 105 20 33 1284 1144 0 21 0 0 55 0 16 15 0 27 88 24 0 0 0 0 38 1332 0 0 21 0 7 0 2 227 0 0 7 100 26 26 66 52 100 25 54 89 95 55 0 1210 29 0 0 0 0 0 0 1332 0 0 24 23 2 0 51 37 3 0 0 0 41 138 50 0 0 0 4 0 7 79 33 0 0 0 0 0 0 0 0 0 0 0 74 41 52 1332 1326 940 1332 1332 1332 1332 1331 1330 49 1332 3 1305 1323 0 1332 1332 1332 1332 1332 29 39 253 25
5 0 1 0 0 0 4 0 40 0 60 37 55 0 22 0 0 17 0 1 1 22 26 46 9 14 564 503 0 0 0 0 83 0 144 1660 0 248 81 2 0 48 0 0 16 585 0 0 2 0 3 0 0 141 0 0 7 6 0 0 1 1 47 12 18 12 48 36 0 531 0 0 0 0 0 0 0 585 0 0 20 0 0 0 21 10 0 0 0 2 0 40 44 0 0 0 0 0 0 0 0 0 0 0 0 2 0 0 0 0 0 0 0 20 9 585 583 413 585 585 585 585 585 584 22 585 2 573 581 0 585 585 585 585 585 0 0 34 8
103 45 29 126 0 0 4 31 99 37 34 83 66 74 4 142 66 162 23 16 1 21 22 39 7 12 472 421 14 33 5 27 147 114 179 61 63 227 177 202 0 10 64 0 3389 490 596 0 73 0 3 259 102 443 0 0 0 565 432 148 118 0 410 109 205 405 352 184 0 445 44 0 0 0 17 0 1124 490 0 0 6 0 6 0 515 5 3 0 0 0 651 33 224 0 0 0 242 0 59 0 1 0 0 0 0 0 0 3 0 0 0 0 40 71 20 490 488 346 490 490 490 490 489 489 18 490 1 480 487 0 490 490 490 490 490 9 39 234 55
1 0 0 1 0 0 3 0 0 0 0 0 1 0 0 0 0 0 0 0 0 0 0 0 0 0 0 0 0 0 0 0 18 0 46 0 0 74 32 18 0 0 0 0 0 0 2706 0 0 0 0 0 0 28 0 0 0 5 3 0 0 0 19 17 30 6 14 0 0 0 0 0 0 0 0 0 0 0 0 0 0 0 0 0 0 3 0 0 0 0 0 0 399 0 0 0 0 0 16 0 0 0 0 0 0 0 0 0 0 0 0 0 0 0 0 0 0 0 0 0 0 0 0 0 0 0 0 0 0 0 0 0 0 0 0 0 0 0 0
0 0 0 0 0 0 0 0 0 0 0 0 0 0 0 0 0 0 0 0 0 0 0 0 0 0 0 0 0 0 0 0 0 0 0 0 0 0 0 0 0 0 0 0 0 0 0 0 0 0 0 0 0 0 0 0 0 0 0 0 0 0 0 0 0 0 0 0 0 0 0 0 0 0 0 0 0 0 0 0 0 0 0 0 0 0 0 0 0 0 0 0 0 0 0 0 0 0 0 0 0 0 0 0 0 0 0 0 0 0 0 0 0 0 0 0 0 0 0 0 0 0 0 0 0 0 0 0 0 0 0 0 0 0 0 0 0 0 0
155 54 28 284 0 0 20 29 72 7 97 97 61 31 2 0 21 0 88 0 1 22 24 43 8 13 524 467 697 1347 2493 716 1044 1391 616 1305 1223 1837 607 2521 0 178 693 0 0 544 0 3242 174 0 3 1295 171 1296 0 0 1112 2519 1014 804 533 7 414 0 314 419 312 212 0 494 245 45 0 137 35 0 231 544 0 0 179 0 2 0 247 85 60 0 0 0 131 33 446 0 520 201 0 0 295 0 50 0 0 11 0 127 7 0 0 36 653 0 386 316 253 544 542 384 544 544 544 544 544 543 20 544 1 533 541 0 544 544 544 544 544 107 191 639 29
154 31 8 41 0 0 41 21 56 18 27 165 135 28 79 39 10 82 67 40 1 21 23 40 7 12 490 436 130 157 88 247 179 178 225 163 284 306 219 404 45 157 170 16 325 508 0 0 265 0 3 769 649 1110 0 0 180 407 375 343 222 74 363 67 340 326 328 188 0 461 213 0 0 0 48 0 31 508 57 59 241 0 198 0 396 330 269 108 103 123 0 859 885 473 1366 0 69 0 172 93 275 0 110 0 336 916 420 0 0 27 3116 0 764 1303 312 508 506 358 508 508 508 508 507 507 19 508 1 498 504 0 508 508 508 508 508 978 351 911 44
6 7 3 3 0 2 5 0 43 20 22 81 22 14 0 1 0 0 0 0 2 41 49 87 16 27 1059 944 0 3 0 0 121 0 36 2 31 14 67 4 0 0 0 0 8 1099 0 0 0 0 6 0 0 39 0 0 6 11 9 9 0 0 22 15 37 35 26 0 0 998 0 0 0 0 0 0 0 1099 1 0 12 1 0 0 35 3 0 0 1 0 0 0 3 0 0 0 0 0 0 0 0 0 0 0 1 2 3 0 0 0 0 0 0 2 0 1099 1095 776 1099 1099 1099 1099 1098 1097 40 1099 3 1077 1092 0 1099 1099 1099 1099 1099 0 0 0 0
1658 1489 2052 1124 3364 4176 865 1675 2486 514 827 7328 1967 1292 12143 1113 1859 1262 0 744 2 137 37 65 12 20 781 696 205 275 227 229 358 181 1015 485 122 3244 438 371 140 121 8861 151 3563 810 622 169 6805 0 4 2187 7807 2509 997 16540 556 1317 1397 705 710 241 1818 1058 1385 855 1046 574 21 736 156 51 41 2216 64 28 4407 810 238 317 5050 140 2534 45792 1618 162 1131 154 56 2346 562 1014 1476 661 368 117 2485 4643 4403 3927 5012 25025 963 540 116 134 177 53 0 76 1347 33 395 296 93 810 807 572 810 810 810 810 809 809 30 810 2 794 805 0 810 810 810 810 810 265 351 404 103
0 0 0 0 0 0 0 0 0 0 0 0 0 0 0 0 0 0 0 0 0 0 0 0 0 0 0 0 0 0 0 0 0 0 0 0 0 0 0 0 0 0 0 0 0 0 0 0 0 0 0 0 0 0 0 0 0 0 0 0 0 0 0 0 0 0 0 0 0 0 0 0 0 0 0 0 0 0 0 0 0 0 0 0 0 0 0 0 0 0 0 0 0 0 0 0 0 0 0 0 0 0 0 0 0 0 0 0 0 0 0 0 0 0 0 0 0 0 0 0 0 0 0 0 0 0 0 0 0 0 0 0 0 0 0 0 0 0 0
372 0 0 0 0 0 125 0 0 0 0 240 54 0 13 58 0 88 90 0 5 117 133 237 44 73 2880 2567 59 100 53 111 148 0 495 273 0 0 35 195 0 51 628 0 14 2989 0 0 852 0 15 0 2980 884 0 0 0 503 811 47 182 0 762 0 937 68 662 266 0 2714 47 0 0 0 0 0 0 2989 0 0 53 0 8 0 114 16 0 0 0 0 0 32 752 0 0 0 0 0 126 0 0 0 0 0 0 0 0 0 0 0 0 0 0 0 15 2989 2976 2109 2989 2988 2988 2989 2986 2983 110 2988 8 2928 2968 0 2989 2989 2989 2989 2989 0 0 0 0
267 173 110 50 181 96 163 0 0 0 34 726 250 0 544 30 0 343 56 0 11 227 257 456 85 141 5552 4948 15 96 17 49 201 0 213 90 0 49 287 110 0 0 109 0 313 5762 0 0 45 0 29 0 0 1118 250 0 29 324 397 0 51 14 528 70 452 548 463 1491 45 5232 70 0 0 0 0 2 0 5762 0 0 95 0 4 0 185 63 2 0 6 111 0 56 341 0 0 0 62 0 0 0 0 0 0 0 19 36 16 15 0 14 0 6 0 45 4 5762 5737 4065 5761 5761 5761 5762 5756 5752 212 5760 15 5644 5722 0 5762 5762 5762 5762 5762 0 0 53 41
1042 2272 1040 1362 1977 462 2297 0 0 0 23 0 0 0 0 0 0 0 111 0 0 4 0 0 0 0 0 0 0 0 0 0 41 0 0 0 0 0 58 0 0 0 0 0 0 0 0 0 0 0 0 0 0 0 0 0 0 0 0 0 0 0 37 6 29 251 39 0 0 0 0 0 0 0 0 0 0 0 0 0 0 0 0 0 0 6 0 0 0 0 0 0 0 0 0 0 0 0 0 0 0 0 0 0 0 0 0 0 0 0 0 0 0 0 0 0 0 0 0 0 0 0 0 0 0 0 0 0 0 0 0 0 0 0 0 0 0 0 0
133 103 299 43 117 88 249 0 162 88 0 1927 304 0 17 0 0 0 279 0 73 721 825 1433 297 467 16983 15137 0 303 0 0 445 0 0 18 0 174 389 35 953 119 63 51 768 17622 279 36 289 0 90 10315 0 3412 0 288 638 499 1377 6 857 48 774 647 308 1583 611 0 0 16004 117 0 0 0 0 0 117 17641 0 114 255 0 0 506 949 189 791 0 0 0 0 161 148 0 0 0 0 0 0 0 0 207 0 0 0 0 0 0 0 0 275 225 0 0 742 17621 17545 12432 17620 17618 17620 17622 17603 17590 648 17615 45 17262 17500 0 17622 17622 17622 17621 17621 6 0 408 7
207 126 81 796 202 56 347 250 237 65 142 118 238 142 53 58 225 1007 0 0 0 14 0 0 0 0 0 0 481 1096 2729 735 1175 1581 415 641 1125 2513 1088 549 399 463 2565 486 606 0 1528 724 212 0 0 1049 454 2512 0 0 1428 427 490 903 799 201 556 352 420 394 507 668 368 0 1725 1138 958 907 10 355 2080 0 40 3 261 0 126 0 377 243 147 42 63 382 0 59 404 0 0 288 128 0 2702 133 272 152 460 44 0 95 62 86 0 148 1132 0 308 134 338 0 0 0 0 0 0 0 0 0 0 0 0 0 0 0 0 0 0 0 0 141 213 973 128
8 13 0 113 0 0 11 25 0 0 12 0 2 0 0 0 0 262 105 0 0 5 0 0 0 0 0 0 61 43 0 38 236 154 6 18 234 1062 123 3 0 0 0 4 44 0 0 0 0 0 0 161 0 60 0 0 0 9 0 0 0 0 57 0 12 323 45 0 0 0 104 0 0 15 0 0 4 0 0 4 0 0 0 0 3 76 0 0 0 0 986 442 0 0 0 0 0 0 0 0 0 0 0 0 0 0 0 0 0 0 0 0 0 103 58 0 0 0 0 0 0 0 0 0 0 0 0 0 0 0 0 0 0 0 0 0 0 0 16
0 0 0 1 0 0 0 0 82 0 43 0 6 0 0 0 0 0 0 0 0 0 0 0 0 0 0 0 0 0 0 17 233 5 72 5 60 23 164 0 0 0 0 0 0 0 0 0 0 0 0 0 0 2 0 0 0 0 0 0 0 0 0 0 17 0 0 0 0 0 0 0 0 0 0 0 0 0 0 0 1 0 0 0 0 42 0 0 0 0 513 0 0 0 0 0 0 0 0 0 0 0 0 0 0 0 0 0 0 0 0 0 0 4 14 0 0 0 0 0 0 0 0 0 0 0 0 0 0 0 0 0 0 0 0 0 0 0 3
0 0 0 0 0 0 0 0 1 170 0 0 21 0 0 3 0 0 0 0 0 3 0 0 0 0 0 0 0 1394 0 0 40 0 0 0 0 0 130 0 0 0 20 0 0 0 0 0 0 0 0 0 0 32 0 0 93 182 0 0 0 202 25 0 12 193 4843 7 0 0 0 0 0 0 0 0 0 0 0 0 0 0 0 0 0 48 0 0 0 0 0 0 207 0 0 0 0 0 0 0 0 0 0 0 0 1 0 0 0 0 0 0 0 6 0 0 0 0 0 0 0 0 0 0 0 0 0 0 0 0 0 0 0 0 0 0 0 0 0
123 0 0 8 0 0 40 1 0 0 2 99 100 0 221 0 0 0 123 0 0 4 0 0 0 0 0 0 0 16 0 20 120 0 116 58 0 13 228 45 0 0 38 0 287 0 0 0 0 0 0 0 622 317 0 0 1737 4067 1503 0 1106 0 282 99 263 839 260 56 0 0 0 0 0 0 0 0 0 0 0 0 0 0 0 0 40 425 0 0 0 0 777 0 488 0 0 0 0 0 342 0 0 0 0 0 0 0 0 0 0 0 0 0 0 6 0 0 0 0 0 0 0 0 0 0 0 0 0 0 0 0 0 0 0 0 0 0 0 0 26
16 0 0 11 0 0 0 0 16 0 1 0 2 0 0 0 0 0 161 0 0 1 0 0 0 0 0 0 0 0 0 0 61 2 1 1 0 21 79 0 0 0 0 0 4 0 0 0 5 0 0 0 0 197 0 0 489 1912 2252 0 0 0 47 3273 0 265 0 141 0 0 0 0 0 0 0 0 0 0 0 0 0 0 0 0 2 96 0 0 0 0 987 0 0 0 0 0 0 0 0 0 0 0 0 0 0 0 0 0 0 0 0 0 0 39 0 0 0 0 0 0 0 0 0 0 0 0 0 0 0 0 0 0 0 0 0 0 0 0 65
6 1 7 8 0 0 5 0 4 1 0 11 7 0 0 7 0 876 630 0 0 33 7 15 3 5 177 158 0 0 0 0 55 0 3 2 0 7 127 0 0 0 0 72 14 184 0 0 0 0 1 10 0 143 0 0 8 177 0 1641 396 0 1013 66 126 435 21 5156 3006 167 345 786 55 0 1254 0 220 184 0 0 0 0 0 0 9 193 0 0 0 0 1965 75 0 0 0 0 0 0 8 0 0 0 0 0 0 0 0 0 0 0 0 0 0 2 0 184 183 130 184 184 184 184 184 184 7 184 0 180 183 0 184 184 184 184 184 0 0 0 0
1 0 0 0 0 0 0 0 0 0 0 0 0 0 0 0 0 0 0 0 0 2 0 0 0 0 0 0 0 0 0 0 22 0 0 0 0 0 0 0 0 0 0 0 0 0 0 0 0 0 0 0 0 0 0 0 0 1 0 0 0 0 0 0 0 0 0 4183 0 0 0 0 0 0 0 0 0 0 0 0 0 0 0 0 0 10 0 0 0 0 0 0 0 0 0 0 0 0 0 0 0 0 0 0 0 0 0 0 0 0 0 0 0 0 0 0 0 0 0 0 0 0 0 0 0 0 0 0 0 0 0 0 0 0 0 0 0 0 0
2 0 3 8 0 0 3 0 0 1 0 0 0 0 0 0 0 58 0 0 0 6 0 0 0 0 0 0 0 0 0 0 34 0 0 0 35 486 124 0 0 0 0 0 0 0 109 0 0 0 0 125 0 0 0 0 145 84 39 0 0 0 139 0 5 5 0 5546 310 0 0 76 0 0 0 2 86 0 0 0 0 0 0 0 0 47 0 0 0 0 0 0 0 0 0 0 0 0 0 0 0 0 0 0 0 0 0 0 0 0 0 0 0 0 0 0 0 0 0 0 0 0 0 0 0 0 0 0 0 0 0 0 0 0 0 0 0 0 0
4 3 0 1 0 0 1 0 0 125 0 0 6 0 0 0 0 0 0 0 0 2 0 0 0 0 0 0 0 427 0 0 19 0 0 0 0 0 41 0 0 0 0 0 0 0 0 0 0 0 0 0 0 0 0 0 0 0 0 0 5 0 2 0 0 0 0 0 0 0 0 0 0 0 0 0 0 0 0 0 0 0 0 0 0 9 0 0 0 0 0 0 0 0 0 0 0 0 0 0 0 0 0 0 0 0 0 0 0 0 0 0 0 0 0 0 0 0 0 0 0 0 0 0 0 0 0 0 0 0 0 0 0 0 0 0 0 0 0
6 0 0 0 0 0 0 0 0 0 0 0 0 0 0 0 0 0 0 0 0 0 0 0 0 0 4 4 0 0 0 0 13 0 0 0 0 0 27 0 0 0 0 0 0 4 0 0 0 0 0 0 0 0 0 0 0 0 0 0 0 0 38 0 10 0 0 0 0 4 0 0 0 0 0 0 0 4 0 0 0 0 0 0 0 66 0 0 0 0 0 0 0 0 0 0 0 0 12 0 0 0 0 0 0 0 0 0 0 0 0 0 0 0 0 4 4 3 4 4 4 4 4 4 0 4 0 4 4 0 4 4 4 4 4 0 0 0 0
0 0 0 0 0 0 0 0 0 0 0 0 0 0 0 0 0 0 0 0 0 2 0 0 0 0 0 0 0 0 0 0 10 0 0 0 0 0 29 0 0 0 0 0 0 0 0 0 0 0 0 0 0 0 0 0 0 23 0 0 24 0 6 3008 2723 6000 0 602 0 0 0 0 0 0 0 0 0 0 0 0 0 0 0 0 0 83 0 0 0 0 0 0 0 0 0 0 2308 0 0 0 0 0 0 0 0 0 0 0 0 0 0 0 0 0 0 0 0 0 0 0 0 0 0 0 0 0 0 0 0 0 0 0 0 0 0 0 0 0 0
32 0 0 2 0 0 0 0 28 14 15 17 9 4 0 0 0 57 208 0 1 12 13 23 4 7 280 249 0 0 0 0 39 0 2 0 4 75 49 0 0 0 0 0 22 291 0 0 2 0 1 0 0 76 3268 0 1 34 0 0 0 0 0 0 18 121 0 0 0 264 0 0 0 0 511 0 0 291 0 0 37 0 0 0 41 148 0 0 0 0 0 0 0 0 0 0 144 0 0 0 0 0 0 0 0 0 0 0 0 0 0 0 0 6 0 291 289 205 290 290 290 291 290 290 11 290 1 285 289 0 291 291 291 291 291 0 0 0 1
112 138 77 404 187 0 103 205 274 113 167 88 167 208 1 115 92 1448 594 663 1 32 20 35 7 11 431 384 197 204 385 262 653 602 598 174 498 1642 586 530 188 153 519 755 398 448 427 118 122 0 2 1479 0 822 92 0 676 1960 587 1655 1318 0 1351 0 453 740 794 3049 0 406 1274 848 426 827 898 434 1214 448 47 134 186 7 12 0 478 1047 76 301 436 548 2596 1040 0 0 164 85 93 30 3926 1085 1307 98 356 328 0 37 120 0 0 0 1270 0 265 152 78 448 446 316 447 447 447 448 447 447 16 447 1 438 444 0 448 448 448 448 448 69 115 355 145
0 0 0 0 0 0 0 0 0 0 0 0 0 0 0 0 0 0 0 0 0 4 5 0 2 3 51 37 0 0 0 0 0 0 0 0 0 0 0 0 0 0 0 0 0 118 0 0 0 0 1 0 0 0 0 0 0 0 0 0 0 0 0 0 0 0 0 0 0 0 0 0 0 0 0 0 0 118 0 0 0 0 0 0 3 0 0 0 0 0 0 0 0 0 0 0 0 0 0 0 0 0 0 0 0 0 0 0 0 0 0 0 0 0 0 118 117 83 118 118 118 118 118 117 4 118 0 115 117 0 118 118 118 118 118 0 0 0 0
280 8 0 16 0 0 8 3 1 1 0 149 67 0 4 18 1 44 135 84 3 56 66 117 22 36 1420 1265 0 97 0 9 79 0 275 16 0 26 131 47 0 0 4 0 132 1474 0 0 97 0 8 0 0 274 0 0 0 96 109 39 38 0 257 117 186 329 265 20 0 1338 0 0 0 0 0 0 0 1474 267 0 341 42 2 0 200 203 90 0 0 129 0 42 489 0 0 0 8 0 65 0 0 0 0 37 0 28 2 0 0 0 0 0 236 323 47 1474 1467 1040 1474 1473 1473 1474 1472 1471 54 1473 4 1444 1463 0 1474 1474 1474 1474 1474 10 36 210 1
110 12 0 84 0 0 4 56 38 4 15 40 197 58 0 40 45 789 366 272 1 23 20 35 7 11 427 381 0 12 28 12 101 62 18 40 66 190 111 198 46 21 81 79 126 443 0 9 33 0 2 157 3 230 58 0 428 59 77 234 164 0 398 0 141 182 334 39 0 403 1432 0 0 453 1424 108 35 443 790 766 206 978 20 70 911 3243 72 698 672 1646 0 986 0 0 12 62 510 11 392 26 1 63 147 0 0 20 14 0 0 329 0 0 176 147 51 443 441 313 443 443 443 443 443 443 16 443 1 434 440 0 443 443 443 443 443 17 153 536 104
164 25 9 25 0 0 46 14 9 0 5 158 137 28 130 46 17 42 53 39 1 14 14 25 5 8 301 268 1 47 48 51 147 27 169 109 47 261 169 111 101 15 164 94 227 312 150 102 278 0 2 278 761 569 112 0 36 113 407 391 136 0 554 414 363 527 269 380 0 283 14299 277 0 1779 1027 217 252 312 39 21 235 0 330 0 339 76 292 87 50 114 42 484 375 0 81 7 126 0 212 10 259 0 30 0 0 38 62 0 0 401 0 0 157 160 86 312 311 220 312 312 312 312 312 312 11 312 1 306 310 0 312 312 312 312 312 38 352 435 80
209 40 11 24 0 0 82 13 7 19 21 243 189 30 468 39 51 346 172 0 1 16 15 27 5 8 325 290 15 57 0 57 164 19 20 125 26 69 205 170 0 39 119 3 319 338 0 1 404 0 2 633 1254 533 0 0 0 411 441 153 199 6 469 79 482 526 414 228 0 307 924 0 0 0 354 609 0 338 1456 41 304 0 914 0 450 70 465 97 41 594 59 183 429 0 0 0 98 0 245 65 503 0 46 49 0 31 7 0 0 0 0 0 327 248 8 338 336 238 338 338 338 338 337 337 12 337 1 331 335 0 338 338 338 338 338 32 227 333 53
225 108 96 228 86 98 115 152 116 62 62 345 310 110 515 169 24 204 257 294 1 20 15 26 5 8 318 284 34 89 184 94 135 86 245 159 97 174 151 188 0 34 52 0 286 330 0 0 422 0 2 175 1319 544 18 0 120 267 451 719 196 0 590 60 549 354 509 0 0 300 41 0 0 0 0 92 0 330 218 20 313 19 993 0 487 176 516 81 10 277 0 9719 494 84 257 0 63 1429 167 2052 1162 0 280 223 0 33 0 0 0 0 184 0 310 92 59 330 329 233 330 330 330 330 330 330 12 330 1 324 328 0 330 330 330 330 330 0 103 140 768
467 130 40 41 87 318 296 28 69 103 87 707 3 65 0 112 1630 371 150 218 0 8 4 7 1 2 82 73 164 205 7 173 191 90 629 356 31 108 215 267 56 109 295 1 588 85 60 14 1086 0 0 735 0 1007 130 0 298 599 984 224 305 95 853 0 1074 8 737 282 0 77 411 0 0 0 0 0 25 85 9 0 2 0 1 0 5 1 0 0 0 274 2 242 1038 62 28 1 1866 97 353 792 3633 1259 455 23 38 52 78 10 0 16 0 48 1197 77 24 85 84 60 85 85 85 85 85 85 3 85 0 83 84 0 85 85 85 85 85 29 56 317 100
120 14 0 107 0 0 53 58 69 0 0 84 97 0 1 0 49 218 149 0 1 28 29 52 10 16 636 567 0 31 5 47 103 11 94 68 72 120 125 162 0 320 26 0 198 660 0 0 163 0 3 118 242 429 0 0 0 874 166 113 268 0 189 0 298 343 298 966 0 600 248 0 0 53 227 0 0 660 61 65 166 56 6 0 260 82 126 74 139 78 159 346 256 0 53 107 245 0 179 105 102 45 43 0 0 53 43 0 0 6 1060 0 0 522 196 660 657 466 660 660 660 660 660 659 24 660 2 647 656 0 660 660 660 660 660 235 373 1073 43
0 0 0 0 0 0 0 0 0 0 0 0 0 0 0 0 0 0 0 0 0 0 0 0 0 0 0 0 0 0 0 0 0 0 0 0 0 0 0 0 0 0 0 0 0 0 0 0 0 0 0 0 0 0 0 0 0 0 0 0 0 0 0 0 0 0 0 0 0 0 0 0 0 0 0 0 0 0 0 0 0 0 0 0 0 0 0 0 0 0 0 0 0 0 0 0 0 0 0 0 0 0 0 0 0 0 0 0 0 0 0 0 0 0 0 0 0 0 0 0 0 0 0 0 0 0 0 0 0 0 0 0 0 0 0 0 0 0 0
96 21 3 15 6 0 31 7 10 0 20 63 66 29 48 16 4 0 0 52 0 3 0 0 0 0 0 0 0 13 2 25 59 16 116 41 16 31 80 43 20 3 40 4 172 0 32 0 0 0 0 139 369 254 35 0 71 129 163 151 120 46 181 289 182 217 189 2094 0 0 0 0 0 0 0 0 0 0 0 0 0 0 0 0 0 0 0 911 721 0 0 25 160 0 0 0 11 0 41 0 121 0 0 0 0 13 0 8 0 0 0 0 0 27 5 0 0 0 0 0 0 0 0 0 0 0 0 0 0 0 0 0 0 0 0 0 0 0 5
145 57 34 75 0 0 84 48 88 67 116 132 88 157 73 27 7 411 0 0 0 22 6 11 2 4 138 123 32 63 87 69 105 90 247 84 91 157 112 79 200 32 87 111 525 144 211 0 4 0 1 566 392 517 0 0 0 312 237 792 587 215 262 1413 248 453 396 190 0 130 55 0 0 0 0 17 0 144 1 0 4 2 0 0 13 11 1 4210 3331 0 0 140 197 0 0 0 0 0 0 0 132 0 0 0 0 15 0 0 0 0 0 0 0 120 51 144 143 101 144 144 144 144 143 143 5 144 0 141 143 0 144 144 144 144 144 0 39 0 22
0 0 0 2 0 0 0 0 0 0 0 0 0 0 0 0 0 11 0 10 0 1 0 0 0 0 0 0 0 0 0 0 16 0 0 0 0 2 29 0 0 0 0 0 14 0 0 0 0 0 0 0 0 16 0 0 0 0 0 8 22 8 4 78 0 130 20 0 0 0 0 0 0 0 0 0 0 0 0 0 0 0 0 0 0 0 0 225 185 0 0 3 0 0 0 0 0 0 0 0 0 0 0 0 0 1 0 0 0 0 0 0 0 5 0 0 0 0 0 0 0 0 0 0 0 0 0 0 0 0 0 0 0 0 0 0 0 0 0
143 109 66 137 57 14 98 69 146 121 185 57 70 275 7 34 19 814 0 490 0 30 0 0 0 0 0 0 66 113 187 120 180 191 414 113 175 290 147 114 362 0 5779 218 1035 0 435 39 0 0 0 1199 200 959 80 142 462 507 272 1472 1056 405 296 2619 248 306 725 221 0 0 0 0 44 23 0 29 0 0 0 0 0 0 0 0 0 0 0 7186 5705 0 0 220 157 0 322 116 153 45 155 90 58 18 108 42 0 0 0 16 0 0 0 0 46 177 80 0 0 0 0 0 0 0 0 0 0 0 0 0 0 0 0 0 0 0 0 62 78 0 41
198 2 1 6 0 0 0 0 0 1 0 0 42 0 0 24 0 0 0 0 0 2 0 0 0 0 0 0 0 690 0 0 186 0 51 0 6 20 323 81 0 0 40 0 225 0 0 0 0 0 0 0 0 524 408 0 55 158 204 48 74 26 480 142 336 1013 447 49 0 0 0 0 0 0 0 0 0 0 0 0 0 0 0 0 0 0 0 7 47 0 0 28 314 0 0 0 12 0 0 0 0 0 0 0 18 31 26 3 0 5 93 0 0 32 0 0 0 0 0 0 0 0 0 0 0 0 0 0 0 0 0 0 0 0 0 0 0 19 0
51 21 12 27 762 9 29 18 32 24 42 27 31 60 14 10 6 146 0 87 0 6 0 0 0 0 0 0 10 20 30 25 37 32 87 29 33 57 40 29 72 13 33 40 177 0 87 14 0 0 0 117 162 180 0 32 82 103 87 290 203 70 95 495 90 89 141 46 35 0 14 0 11 7 13 4 16 0 0 0 1 0 0 0 1 0 0 1458 1155 85 0 52 73 0 48 28 35 0 23 15 46 2 26 14 0 9 3 0 0 0 54 0 23 40 18 0 0 0 0 0 0 0 0 0 0 0 0 0 0 0 0 0 0 0 0 11 24 19 7
0 0 0 0 0 0 0 0 0 0 0 0 0 0 0 0 0 0 0 0 0 0 0 0 0 0 0 0 0 0 0 0 1 0 0 0 0 0 0 0 0 0 0 0 0 0 0 0 0 0 0 0 0 1 0 0 0 0 1 0 0 0 2 2 2 1 2 0 0 0 0 0 0 0 0 0 0 0 0 0 0 0 0 0 0 0 0 7 6 0 0 0 1 0 0 0 0 0 0 0 0 0 0 0 0 0 0 0 0 0 0 0 0 0 0 0 0 0 0 0 0 0 0 0 0 0 0 0 0 0 0 0 0 0 0 0 0 0 0
0 0 0 0 0 0 0 0 0 0 0 0 0 0 0 0 0 0 0 0 2 0 729 64 250 236 472 1286 0 0 0 0 0 0 0 0 0 0 0 0 0 0 0 0 0 8 0 0 0 0 112 0 0 0 0 0 0 0 0 0 0 0 0 0 0 0 0 0 0 13 0 0 0 0 0 0 0 0 0 0 0 0 0 0 0 0 0 0 0 0 0 0 0 0 0 0 0 0 0 0 0 0 0 0 0 0 0 0 99933 0 0 0 0 0 0 15 16 39 24 36 25 9 119 193 10 6 13 5 4 99682 9 12 8 15 15 0 0 0 0
22 0 0 1 0 0 0 0 0 0 0 0 5 0 0 2 0 0 0 3 0 0 0 0 0 0 0 0 0 0 0 0 20 0 10 0 1 5 34 10 0 0 3 0 254 0 0 0 0 0 0 0 0 59 0 0 9 20 24 12 13 5 52 29 37 103 50 7 0 0 0 0 0 0 0 0 0 0 0 0 0 0 0 0 0 0 0 50 42 0 0 0 38 0 0 0 0 0 0 0 0 0 0 0 1 3 3 0 0 0 0 0 0 3 0 0 0 0 0 0 0 0 0 0 0 0 0 0 0 0 0 0 0 0 0 0 0 0 0
117 37 26 47 0 0 55 55 59 48 76 50 66 89 15 20 0 921 253 184 0 12 0 0 0 0 0 0 11 35 65 44 73 66 179 52 54 101 91 60 135 19 61 74 387 0 94 0 0 0 0 389 287 373 27 0 155 210 182 467 396 120 208 976 190 199 289 80 0 0 20 0 0 0 0 11 0 0 0 0 0 0 0 0 0 2 0 0 0 4 0 63 152 0 0 0 16 0 74 28 83 0 0 0 0 0 0 0 0 0 0 0 0 76 33 0 0 0 0 0 0 0 0 0 0 0 0 0 0 0 0 0 0 0 0 0 0 4 14
112 42 40 104 0 0 72 69 118 72 148 13 54 143 0 18 15 342 269 207 0 13 0 0 0 0 0 0 17 64 79 52 85 77 176 50 94 158 92 58 191 25 71 106 599 0 113 0 0 0 0 664 0 370 35 0 185 239 179 738 517 130 191 1192 146 206 289 84 0 0 26 0 0 0 0 11 0 0 0 0 0 0 0 0 0 3 0 12272 0 365 0 403 251 0 434 0 276 0 268 142 0 0 116 0 0 0 0 0 0 0 0 0 84 347 160 0 0 0 0 0 0 0 0 0 0 0 0 0 0 0 0 0 0 0 0 73 139 180 60
9 0 18 32 0 0 0 7 27 0 63 173 0 0 0 5 0 28 0 0 0 2 0 0 0 0 0 0 0 54 78 57 128 45 38 90 89 117 86 29 53 5 0 27 235 0 76 0 115 0 0 147 0 1879 11 0 190 110 230 561 206 82 74 168 1 296 44 92 0 0 0 0 0 0 0 0 0 0 185 1792 854 913 0 0 3396 6055 492 0 0 0 0 28 0 0 0 0 0 0 0 0 0 0 0 0 0 0 0 0 0 0 0 0 0 70 20 0 0 0 0 0 0 0 0 0 0 0 0 0 0 0 0 0 0 0 0 0 0 0 0
346 304 195 270 364 313 266 88 187 0 189 213 242 134 157 164 60 522 16 1239 0 24 12 21 4 7 257 229 58 176 156 102 256 135 400 214 151 389 234 182 0 0 125 0 356 267 0 121 229 0 1 867 445 893 23 67 0 0 103 0 0 0 425 277 324 313 528 163 0 242 21 93 0 0 86 0 0 267 238 1119 1031 223 442 66 1499 3374 676 2439 2462 751 0 783 221 0 0 158 1594 0 4619 473 388 16 1196 0 141 530 470 1232 0 5 3319 0 1706 948 463 266 265 188 266 266 266 266 266 266 10 266 1 261 265 0 266 266 267 266 266 425 506 396 156
10 61 0 13 0 0 0 0 0 4 2 0 19 0 0 246 0 0 377 254 0 6 0 0 0 0 0 0 0 0 0 24 84 0 144 24 18 70 93 18 0 0 0 0 82 0 0 0 3 0 0 0 0 97 0 0 0 13 5 138 58 0 91 19 20 8 84 51 0 0 0 0 0 0 0 0 0 0 0 0 0 0 0 0 9 172 1 0 0 0 0 0 175 0 0 0 0 0 82 0 0 0 0 0 0 0 0 0 0 0 0 89 0 73 53 0 0 0 0 0 0 0 0 0 0 0 0 0 0 0 0 0 0 0 0 0 0 0 1
0 0 0 0 0 0 0 0 0 0 0 0 15 0 0 2 0 128 100 11 0 4 0 0 0 0 0 0 0 0 0 0 17 0 0 0 0 0 0 3 0 0 0 0 0 0 0 0 0 0 0 0 0 23 0 0 5 41 0 0 104 2545 174 106 35 137 64 894 158 0 0 72 0 0 0 0 0 0 0 0 0 0 0 0 0 35 0 0 0 6 0 0 0 0 0 0 0 0 0 0 0 0 0 0 0 0 0 0 0 0 0 0 0 0 0 0 0 0 0 0 0 0 0 0 0 0 0 0 0 0 0 0 0 0 0 0 0 0 0
566 527 219 350 434 310 299 195 19 413 560 335 1512 341 176 242 97 684 459 264 2 54 44 79 15 24 957 852 675 935 628 1058 2244 466 1488 1676 7590 1269 1183 796 1119 865 1102 594 1067 993 310 0 441 0 5 3356 696 2955 380 340 1609 1055 837 2909 1400 1796 2495 1767 1028 1602 1966 1803 137 901 4011 56 303 317 0 0 304 993 434 605 164 57 168 300 364 179 308 495 235 851 5497 1291 671 0 447 0 0 476 677 543 476 0 344 425 164 0 0 123 0 0 1016 273 147 312 324 993 988 700 993 992 993 993 992 991 36 992 3 972 986 0 993 993 993 993 993 0 31 496 107
462 447 246 244 321 425 298 139 659 657 1026 323 1348 663 466 226 21 665 524 297 2 46 39 68 13 21 832 741 427 1031 951 985 1569 540 1281 773 6081 835 903 630 693 748 810 442 710 863 0 0 463 0 4 3223 1008 2207 177 270 1549 861 658 2279 1167 1464 1995 1378 821 1049 1146 1461 0 784 3753 0 0 149 0 0 0 863 368 442 214 0 771 0 438 27 512 360 0 562 6860 476 443 0 0 0 39 333 696 165 451 0 0 0 0 0 0 70 0 0 1046 156 130 268 345 863 859 609 863 863 863 863 862 862 32 863 2 845 857 0 863 863 863 863 863 0 0 608 87
142 41 0 0 0 0 46 0 36 0 0 107 113 0 68 24 0 435 317 296 0 5 0 0 0 0 0 0 0 0 3736 175 85 0 86 132 0 0 51 136 18 123 84 49 268 0 0 133 225 0 0 659 528 454 88 0 217 314 328 468 377 140 485 4757 347 339 603 207 0 0 168 0 0 20 29 0 0 0 83 56 228 0 70 0 590 455 455 399 190 215 0 868 541 70 370 0 67 250 341 324 295 1016 1169 0 164 346 1124 0 0 463 1611 830 653 691 479 0 0 0 0 0 0 0 0 0 0 0 0 0 0 0 0 0 0 0 0 616 685 3317 37
80 0 2 20 0 0 0 0 3 0 3 0 27 0 0 22 0 255 211 50 0 5 0 0 0 0 1 1 0 10 6 8 119 5 13 18 58 63 118 43 0 0 5 0 103 1 8 0 10 0 0 397 0 453 84 0 57 64 147 274 178 277 281 128 91 325 0 0 0 1 0 0 0 0 0 0 0 1 0 127 97 0 0 0 386 689 54 0 0 130 0 84 90 119 0 0 0 0 0 41 15 0 0 0 0 104 0 0 0 0 0 0 13 147 20 1 1 1 1 1 1 1 1 1 0 1 0 1 1 0 1 1 1 1 1 0 0 7 0
467 182 174 283 210 388 120 93 49 166 252 94 709 275 0 313 92 180 0 149 0 11 0 0 0 0 3 2 480 1008 640 357 893 470 334 482 708 951 717 521 417 273 428 600 1667 3 425 168 151 0 0 2402 185 1735 120 99 679 570 827 3807 1118 641 1231 833 848 1183 474 765 0 3 507 0 50 97 0 0 156 3 112 235 219 0 3 3 350 868 123 285 95 749 1377 104 813 0 0 0 303 0 775 543 334 0 0 0 0 0 0 0 0 0 877 223 314 541 219 3 3 2 3 3 3 3 3 3 0 3 0 3 3 0 3 3 3 3 3 103 293 92 62
114 12 1 16 0 0 0 0 0 0 0 21 69 0 0 17 4 125 3664 0 0 2 0 0 0 0 0 0 0 0 0 5 73 0 84 22 0 15 105 50 0 0 35 0 0 0 0 0 142 0 0 0 90 301 9 0 51 132 176 0 60 0 277 1 232 0 223 49 0 0 0 0 0 0 0 0 0 0 0 83 0 0 0 0 177 3 83 0 0 208 0 0 3313 0 0 0 8 0 0 0 14 0 0 0 0 0 0 0 0 0 84 0 6 6 0 0 0 0 0 0 0 0 0 0 0 0 0 0 0 0 0 0 0 0 0 0 0 0 1
239 28 36 23 0 0 105 27 36 39 41 248 212 25 605 56 0 45 473 123 0 3 0 0 0 0 0 0 24 41 16 79 335 0 898 173 0 3 118 157 0 0 145 94 382 0 2 0 474 0 0 422 1568 590 38 0 134 276 448 235 172 302 820 282 560 703 449 153 0 0 84 0 0 0 0 0 0 0 74 65 59 0 2 0 13 3 3 0 0 6 0 405 438 0 0 0 0 0 241 0 602 0 0 0 0 0 0 0 0 0 39 0 0 37 0 0 0 0 0 0 0 0 0 0 0 0 0 0 0 0 0 0 0 0 0 0 0 0 45
56 3 3 6 0 7 4 0 8 4 4 1 29 0 0 8 0 0 16 10 0 1 0 0 0 0 0 0 0 0 0 0 87 0 49 11 0 21 105 29 0 0 21 0 82 0 0 0 55 0 0 8 64 202 59 0 20 39 74 32 45 17 156 45 98 375 144 25 0 0 20 0 0 0 0 0 0 0 0 0 6 0 5 0 6 23 4 0 11 8 0 37 96 0 0 0 0 0 0 0 0 0 0 0 0 0 4 0 0 4 0 0 0 32 5 0 0 0 0 0 0 0 0 0 0 0 0 0 0 0 0 0 0 0 0 0 0 0 3
223 59 16 22 28 48 92 17 35 20 22 238 238 34 499 55 27 73 257 144 0 2 0 0 0 0 0 0 47 102 77 89 142 48 291 158 65 98 160 164 54 32 186 74 327 0 46 145 427 0 0 599 1355 528 0 0 142 285 496 226 185 103 464 183 487 309 423 222 0 0 275 0 36 17 29 0 0 0 62 49 307 0 997 0 448 26 507 99 0 211 0 294 496 237 177 0 93 9 164 217 616 0 0 510 30 104 233 0 0 0 604 0 221 105 65 0 0 0 0 0 0 0 0 0 0 0 0 0 0 0 0 0 0 0 0 178 534 0 32
96 112 64 68 0 0 13 46 1 0 54 33 150 33 11 47 106 457 156 76 0 7 0 0 0 0 0 0 171 799 110 136 457 216 218 228 134 386 269 213 93 90 158 238 839 0 6 0 48 0 0 1023 17 532 159 0 160 237 285 947 392 318 432 272 179 564 593 456 0 0 120 0 0 0 0 0 0 0 2 7 54 0 10 0 146 141 7 64 0 195 0 791 2997 0 1583 0 2514 288 705 16954 7964 2957 0 0 0 80 10 0 0 0 525 0 119 147 59 0 0 0 0 0 0 0 0 0 0 0 0 0 0 0 0 0 0 0 0 0 209 0 56
244 99 52 121 48 94 113 73 149 71 90 284 248 118 560 103 48 183 328 248 0 5 1 2 0 1 23 21 118 248 189 126 216 264 401 266 139 334 215 218 179 151 217 141 429 24 0 381 449 0 0 1407 1425 676 1825 0 275 371 574 593 408 95 605 250 530 349 524 397 0 22 0 149 215 0 0 0 39 24 93 210 378 0 1142 0 658 421 559 237 91 1112 1647 4468 2997 0 101 1204 235 3262 3018 1640 1173 0 1224 0 6406 1384 1861 0 0 4959 6447 5836 5905 624 2999 24 24 17 24 24 24 24 24 24 1 24 0 24 24 0 24 24 24 24 24 928 1197 974 366
55 173 158 206 90 0 447 117 150 127 90 162 58 219 0 144 99 480 922 460 0 11 0 0 0 0 0 0 107 270 130 167 583 193 227 215 232 452 252 437 385 244 225 222 509 0 72 0 0 0 0 1350 0 1192 98 4 463 803 117 840 593 431 478 1387 77 713 196 279 199 0 206 65 62 123 139 0 183 0 372 499 125 718 0 29 491 1712 0 532 528 383 0 1291 928 0 1810 0 2613 78 830 911 392 0 466 0 0 1460 1812 1548 0 0 1189 0 287 294 223 0 0 0 0 0 0 0 0 0 0 0 0 0 0 0 0 0 0 0 0 2430 197 607 157
33 144 60 88 4 0 0 12 9 28 12 0 0 80 0 37 18 101 100 47 0 2 0 0 0 0 0 0 1 0 0 3 69 16 0 0 38 81 72 16 12 8 0 15 60 0 0 0 0 0 0 272 0 492 1609 0 7 59 0 76 81 35 0 98 0 0 1 8 0 0 0 0 0 0 0 0 0 0 0 0 0 22 0 0 1 819 0 53 20 56 0 639 2129 155 92 0 0 588 500 221 234 0 0 0 0 0 0 0 0 0 120 0 19 63 35 0 0 0 0 0 0 0 0 0 0 0 0 0 0 0 0 0 0 0 0 0 10 55 11
58 72 268 164 255 0 144 197 3 32 34 0 71 104 0 67 5 111 292 247 0 5 0 0 0 0 0 0 28 88 138 69 118 0 0 48 56 92 100 76 3 7 21 41 58 0 0 0 0 0 0 228 0 151 82 0 65 44 57 178 112 62 107 115 25 296 124 118 0 0 0 0 0 0 38 0 0 0 20 85 51 88 0 0 73 328 0 141 161 550 0 636 173 107 392 0 81 47 423 84 0 0 0 0 0 4295 0 0 0 0 76 0 156 62 98 0 0 0 0 0 0 0 0 0 0 0 0 0 0 0 0 0 0 0 0 315 0 104 187
71 233 326 144 547 69 233 146 35 58 14 0 8 77 11 45 0 67 247 126 0 2 0 0 0 0 0 0 25 342 16 68 201 66 6 74 117 256 106 125 82 148 194 0 165 0 86 227 4 0 0 648 0 35 49 0 94 105 34 346 135 55 89 102 6 291 127 164 28 0 72 13 20 43 51 0 8 0 0 19 4 0 0 20 97 1394 5 140 89 318 0 1462 4317 0 0 746 244 275 909 614 36 102 634 331 0 620 43 0 0 698 1828 0 258 1139 676 0 0 0 0 0 0 0 0 0 0 0 0 0 0 0 0 0 0 0 0 258 590 1233 62
0 0 0 0 0 0 0 0 0 0 0 0 0 0 0 0 0 0 0 0 0 0 0 0 0 0 0 0 0 0 0 0 0 0 0 0 0 0 0 0 0 0 0 0 0 0 0 0 0 0 0 0 0 0 0 0 0 0 0 0 0 0 0 0 0 0 0 0 0 0 0 0 0 0 0 0 0 0 0 0 0 0 0 0 0 0 0 0 0 0 0 0 0 0 0 0 0 0 0 0 0 0 0 0 0 0 0 0 0 0 0 0 0 0 0 0 0 0 0 0 0 0 0 0 0 0 0 0 0 0 0 0 0 0 0 0 0 0 0
38 0 22 129 0 0 2 47 18 3 22 0 21 4 3 51 9 87 383 312 0 6 0 0 0 0 0 0 27 85 102 65 123 125 12 49 128 215 129 128 78 83 78 83 123 0 0 0 4 0 0 679 0 348 101 0 87 110 79 227 172 286 314 251 90 315 529 431 40 0 688 0 0 170 62 0 0 0 64 177 120 141 0 6 185 531 4 178 199 462 0 680 746 674 980 0 280 170 482 322 0 127 532 0 1333 849 804 0 0 0 2525 0 1066 595 265 0 0 0 0 0 0 0 0 0 0 0 0 0 0 0 0 0 0 0 0 214 337 362 34
245 336 0 22 230 0 276 224 0 0 0 121 211 18 2 536 0 30 403 1465 0 52 0 0 0 0 0 0 8 103 76 160 363 143 281 354 0 838 448 440 0 194 379 368 1108 0 0 0 522 0 0 3394 146 1992 0 0 1293 1716 753 1850 1687 4 1147 2044 782 1100 2119 3239 0 0 312 72 820 332 0 696 0 0 210 701 513 76 0 0 977 1744 365 631 536 416 0 20 441 0 0 0 740 0 0 0 101 0 0 0 0 0 0 0 0 0 0 254 299 0 0 0 0 0 0 0 0 0 0 0 0 0 0 0 0 0 0 0 0 0 0 0 0 0 0
33 297 176 235 0 0 154 263 289 301 208 222 272 265 1 282 268 775 1011 2126 0 34 0 0 0 0 0 0 1175 2363 2822 2174 2164 898 1250 1396 1083 1996 1245 2152 668 850 849 831 1336 0 957 1788 4 0 0 31 0 2140 0 146 1228 565 1211 3537 1313 701 1041 1444 350 28 350 2029 760 0 1219 375 621 627 1058 0 543 0 263 889 577 494 0 35 1574 5338 191 1244 1398 2048 1429 0 17 0 0 0 1037 0 5245 1146 1402 436 551 0 3660 5195 3661 789 0 3804 0 0 633 1896 1919 0 0 0 0 0 0 0 0 0 0 0 0 0 0 0 0 0 0 0 0 1393 2816 2616 286
3 6 0 0 0 0 21 0 15 21 0 64 82 0 76 30 0 42 93 62 0 8 9 16 3 5 195 174 0 4 25 21 78 0 100 56 0 41 221 74 0 0 30 0 155 202 0 0 5 0 1 315 362 207 177 0 69 92 162 34 53 27 191 79 184 936 179 109 0 183 0 0 0 0 0 0 274 202 31 10 135 0 209 0 381 946 167 118 0 1116 0 24 314 0 0 0 0 0 0 55 119 0 0 0 0 0 0 0 0 0 0 0 0 9 644 202 201 143 202 202 202 202 202 202 7 202 1 198 201 0 202 202 202 202 202 872 0 0 1
1 0 0 0 0 0 0 0 0 0 0 0 0 0 0 0 0 0 5 4 0 0 0 0 0 0 0 0 0 0 0 0 17 0 0 0 0 0 0 2 0 0 0 0 0 0 0 0 0 0 0 76 0 12 62 0 0 0 0 0 0 0 3 8 4 87 5 0 0 0 0 0 0 0 0 0 0 0 0 0 0 0 0 0 4 143 0 0 0 0 0 0 338 0 0 0 0 0 0 0 0 0 0 0 0 0 0 0 0 0 549 0 0 0 0 0 0 0 0 0 0 0 0 0 0 0 0 0 0 0 0 0 0 0 0 0 0 0 0
5 0 0 0 0 0 3 0 450 316 262 334 280 406 404 2 0 0 4 0 2 36 40 71 13 22 862 769 0 0 0 0 12 0 0 2 0 0 0 8 0 0 0 0 15 895 0 0 7 0 5 0 0 38 0 0 0 0 12 4 7 1 30 11 18 136 24 1 0 813 0 0 0 0 0 0 0 895 0 0 12 0 2 0 35 23 1 0 0 0 0 0 10 0 0 0 0 0 6 6 0 0 0 0 0 0 0 0 0 0 275 0 0 81 0 895 891 631 895 895 895 895 894 893 33 895 2 877 889 0 895 895 895 895 895 0 0 0 0
0 0 0 0 0 0 0 0 0 0 0 0 0 0 0 0 0 0 0 0 0 0 0 0 0 0 0 0 0 0 0 0 0 0 0 0 0 0 0 0 0 0 0 0 0 0 0 0 0 0 0 0 0 0 0 0 0 0 0 0 0 0 0 0 0 0 0 0 0 0 0 0 0 0 0 0 0 0 0 0 0 0 0 0 0 0 0 0 0 0 0 0 0 0 0 0 0 0 0 0 0 0 0 0 0 0 0 0 0 0 0 0 0 0 0 0 0 0 0 0 0 0 0 0 0 0 0 0 0 0 0 0 0 0 0 0 0 0 0
0 0 0 0 0 0 0 0 0 0 0 0 0 0 0 0 0 0 0 0 0 0 0 0 0 0 0 0 0 0 0 0 0 0 0 0 0 0 0 0 0 0 0 0 0 0 0 0 0 0 0 0 0 0 0 0 0 0 0 0 0 0 0 0 0 0 0 0 0 0 0 0 0 0 0 0 0 0 0 0 0 0 0 0 0 0 0 0 0 0 0 0 0 0 0 0 0 0 0 0 0 0 0 0 0 0 0 0 0 0 0 0 0 0 0 0 0 0 0 0 0 0 0 0 0 0 0 0 0 0 0 0 0 0 0 0 0 0 0
0 0 0 0 0 0 0 0 0 0 0 0 0 0 0 0 0 0 0 0 0 0 0 0 0 0 0 0 0 0 0 0 0 0 0 0 0 0 0 0 0 0 0 0 0 0 0 0 0 0 0 0 0 0 0 0 0 0 0 0 0 0 0 0 0 0 0 0 0 0 0 0 0 0 0 0 0 0 0 0 0 0 0 0 0 0 0 0 0 0 0 0 0 0 0 0 0 0 0 0 0 0 0 0 0 0 0 0 0 0 0 0 0 0 0 0 0 0 0 0 0 0 0 0 0 0 0 0 0 0 0 0 0 0 0 0 0 0 0
0 0 0 0 0 0 0 0 0 0 0 0 0 0 0 0 0 0 0 0 0 0 0 0 0 0 0 0 0 0 0 0 0 0 0 0 0 0 0 0 0 0 0 0 0 0 0 0 0 0 0 0 0 0 0 0 0 0 0 0 0 0 0 0 0 0 0 0 0 0 0 0 0 0 0 0 0 0 0 0 0 0 0 0 0 0 0 0 0 0 0 0 0 0 0 0 0 0 0 0 0 0 0 0 0 0 0 0 0 0 0 0 0 0 0 0 0 0 0 0 0 0 0 0 0 0 0 0 0 0 0 0 0 0 0 0 0 0 0
0 0 0 0 0 0 0 0 0 0 0 0 0 0 0 0 0 0 0 0 0 0 0 0 0 0 0 0 0 0 0 0 0 0 0 0 0 0 0 0 0 0 0 0 0 0 0 0 0 0 0 0 0 0 0 0 0 0 0 0 0 0 0 0 0 0 0 0 0 0 0 0 0 0 0 0 0 0 0 0 0 0 0 0 0 0 0 0 0 0 0 0 0 0 0 0 0 0 0 0 0 0 0 0 0 0 0 0 0 0 0 0 0 0 0 0 0 0 0 0 0 0 0 0 0 0 0 0 0 0 0 0 0 0 0 0 0 0 0
0 0 0 0 0 0 0 0 0 0 0 0 0 0 0 0 0 0 0 0 0 0 0 0 0 0 0 0 0 0 0 0 0 0 0 0 0 0 0 0 0 0 0 0 0 0 0 0 0 0 0 0 0 0 0 0 0 0 0 0 0 0 0 0 0 0 0 0 0 0 0 0 0 0 0 0 0 0 0 0 0 0 0 0 0 0 0 0 0 0 0 0 0 0 0 0 0 0 0 0 0 0 0 0 0 0 0 0 0 0 0 0 0 0 0 0 0 0 0 0 0 0 0 0 0 0 0 0 0 0 0 0 0 0 0 0 0 0 0
0 0 0 0 0 0 0 0 0 0 0 0 0 0 0 0 0 0 0 0 0 0 0 0 0 0 0 0 0 0 0 0 0 0 0 0 0 0 0 0 0 0 0 0 0 0 0 0 0 0 0 0 0 0 0 0 0 0 0 0 0 0 0 0 0 0 0 0 0 0 0 0 0 0 0 0 0 0 0 0 0 0 0 0 0 0 0 0 0 0 0 0 0 0 0 0 0 0 0 0 0 0 0 0 0 0 0 0 0 0 0 0 0 0 0 0 0 0 0 0 0 0 0 0 0 0 0 0 0 0 0 0 0 0 0 0 0 0 0
0 0 0 0 0 0 0 0 0 0 0 0 0 0 0 0 0 0 0 0 0 0 0 0 0 0 0 0 0 0 0 0 0 0 0 0 0 0 0 0 0 0 0 0 0 0 0 0 0 0 0 0 0 0 0 0 0 0 0 0 0 0 0 0 0 0 0 0 0 0 0 0 0 0 0 0 0 0 0 0 0 0 0 0 0 0 0 0 0 0 0 0 0 0 0 0 0 0 0 0 0 0 0 0 0 0 0 0 0 0 0 0 0 0 0 0 0 0 0 0 0 0 0 0 0 0 0 0 0 0 0 0 0 0 0 0 0 0 0
0 0 0 0 0 0 0 0 0 0 0 0 0 0 0 0 0 0 0 0 0 0 0 0 0 0 0 0 0 0 0 0 0 0 0 0 0 0 0 0 0 0 0 0 0 0 0 0 0 0 0 0 0 0 0 0 0 0 0 0 0 0 0 0 0 0 0 0 0 0 0 0 0 0 0 0 0 0 0 0 0 0 0 0 0 0 0 0 0 0 0 0 0 0 0 0 0 0 0 0 0 0 0 0 0 0 0 0 0 0 0 0 0 0 0 0 0 0 0 0 0 0 0 0 0 0 0 0 0 0 0 0 0 0 0 0 0 0 0
0 0 0 0 0 0 0 0 0 0 0 0 0 0 0 0 0 0 0 0 0 0 0 0 0 0 0 0 0 0 0 0 0 0 0 0 0 0 0 0 0 0 0 0 0 0 0 0 0 0 0 0 0 0 0 0 0 0 0 0 0 0 0 0 0 0 0 0 0 0 0 0 0 0 0 0 0 0 0 0 0 0 0 0 0 0 0 0 0 0 0 0 0 0 0 0 0 0 0 0 0 0 0 0 0 0 0 0 0 0 0 0 0 0 0 0 0 0 0 0 0 0 0 0 0 0 0 0 0 0 0 0 0 0 0 0 0 0 0
0 0 0 0 0 0 0 0 0 0 0 0 0 0 0 0 0 0 0 0 0 0 0 0 0 0 0 0 0 0 0 0 0 0 0 0 0 0 0 0 0 0 0 0 0 0 0 0 0 0 0 0 0 0 0 0 0 0 0 0 0 0 0 0 0 0 0 0 0 0 0 0 0 0 0 0 0 0 0 0 0 0 0 0 0 0 0 0 0 0 0 0 0 0 0 0 0 0 0 0 0 0 0 0 0 0 0 0 0 0 0 0 0 0 0 0 0 0 0 0 0 0 0 0 0 0 0 0 0 0 0 0 0 0 0 0 0 0 0
0 0 0 0 0 0 0 0 0 0 0 0 0 0 0 0 0 0 0 0 0 0 0 0 0 0 0 0 0 0 0 0 0 0 0 0 0 0 0 0 0 0 0 0 0 0 0 0 0 0 0 0 0 0 0 0 0 0 0 0 0 0 0 0 0 0 0 0 0 0 0 0 0 0 0 0 0 0 0 0 0 0 0 0 0 0 0 0 0 0 0 0 0 0 0 0 0 0 0 0 0 0 0 0 0 0 0 0 0 0 0 0 0 0 0 0 0 0 0 0 0 0 0 0 0 0 0 0 0 0 0 0 0 0 0 0 0 0 0
0 0 0 0 0 0 0 0 0 0 0 0 0 0 0 0 0 0 0 0 0 0 0 0 0 0 0 0 0 0 0 0 0 0 0 0 0 0 0 0 0 0 0 0 0 0 0 0 0 0 0 0 0 0 0 0 0 0 0 0 0 0 0 0 0 0 0 0 0 0 0 0 0 0 0 0 0 0 0 0 0 0 0 0 0 0 0 0 0 0 0 0 0 0 0 0 0 0 0 0 0 0 0 0 0 0 0 0 0 0 0 0 0 0 0 0 0 0 0 0 0 0 0 0 0 0 0 0 0 0 0 0 0 0 0 0 0 0 0
0 0 0 0 0 0 0 0 0 0 0 0 0 0 0 0 0 0 0 0 0 0 0 0 0 0 0 0 0 0 0 0 0 0 0 0 0 0 0 0 0 0 0 0 0 0 0 0 0 0 0 0 0 0 0 0 0 0 0 0 0 0 0 0 0 0 0 0 0 0 0 0 0 0 0 0 0 0 0 0 0 0 0 0 0 0 0 0 0 0 0 0 0 0 0 0 0 0 0 0 0 0 0 0 0 0 0 0 0 0 0 0 0 0 0 0 0 0 0 0 0 0 0 0 0 0 0 0 0 0 0 0 0 0 0 0 0 0 0
0 0 0 0 0 0 0 0 0 0 0 0 0 0 0 0 0 0 0 0 0 0 0 0 0 0 0 0 0 0 0 0 0 0 0 0 0 0 0 0 0 0 0 0 0 0 0 0 0 0 0 0 0 0 0 0 0 0 0 0 0 0 0 0 0 0 0 0 0 0 0 0 0 0 0 0 0 0 0 0 0 0 0 0 0 0 0 0 0 0 0 0 0 0 0 0 0 0 0 0 0 0 0 0 0 0 0 0 0 0 0 0 0 0 0 0 0 0 0 0 0 0 0 0 0 0 0 0 0 0 0 0 0 0 0 0 0 0 0
0 0 0 0 0 0 0 0 0 0 0 0 0 0 0 0 0 0 0 0 0 0 0 0 0 0 0 0 0 0 0 0 0 0 0 0 0 0 0 0 0 0 0 0 0 0 0 0 0 0 0 0 0 0 0 0 0 0 0 0 0 0 0 0 0 0 0 0 0 0 0 0 0 0 0 0 0 0 0 0 0 0 0 0 0 0 0 0 0 0 0 0 0 0 0 0 0 0 0 0 0 0 0 0 0 0 0 0 0 0 0 0 0 0 0 0 0 0 0 0 0 0 0 0 0 0 0 0 0 0 0 0 0 0 0 0 0 0 0
0 0 0 0 0 0 0 0 0 0 0 0 0 0 0 0 0 0 0 0 0 0 0 0 0 0 0 0 0 0 0 0 0 0 0 0 0 0 0 0 0 0 0 0 0 0 0 0 0 0 0 0 0 0 0 0 0 0 0 0 0 0 0 0 0 0 0 0 0 0 0 0 0 0 0 0 0 0 0 0 0 0 0 0 0 0 0 0 0 0 0 0 0 0 0 0 0 0 0 0 0 0 0 0 0 0 0 0 0 0 0 0 0 0 0 0 0 0 0 0 0 0 0 0 0 0 0 0 0 0 0 0 0 0 0 0 0 0 0
0 0 0 0 0 0 0 0 0 0 0 0 0 0 0 0 0 0 0 0 0 0 0 0 0 0 0 0 0 0 0 0 0 0 0 0 0 0 0 0 0 0 0 0 0 0 0 0 0 0 0 0 0 0 0 0 0 0 0 0 0 0 0 0 0 0 0 0 0 0 0 0 0 0 0 0 0 0 0 0 0 0 0 0 0 0 0 0 0 0 0 0 0 0 0 0 0 0 0 0 0 0 0 0 0 0 0 0 0 0 0 0 0 0 0 0 0 0 0 0 0 0 0 0 0 0 0 0 0 0 0 0 0 0 0 0 0 0 0
0 0 0 0 0 0 0 0 0 0 0 0 0 0 0 0 0 0 0 0 0 0 0 0 0 0 0 0 0 0 0 0 0 0 0 0 0 0 0 0 0 0 0 0 0 0 0 0 0 0 0 0 0 0 0 0 0 0 0 0 0 0 0 0 0 0 0 0 0 0 0 0 0 0 0 0 0 0 0 0 0 0 0 0 0 0 0 0 0 0 0 0 0 0 0 0 0 0 0 0 0 0 0 0 0 0 0 0 0 0 0 0 0 0 0 0 0 0 0 0 0 0 0 0 0 0 0 0 0 0 0 0 0 0 0 0 0 0 0
0 0 0 0 0 0 0 0 0 0 0 0 0 0 0 0 0 0 0 0 0 0 0 0 0 0 0 0 0 0 0 0 0 0 0 0 0 0 0 0 0 0 0 0 0 0 0 0 0 0 0 0 0 0 0 0 0 0 0 0 0 0 0 0 0 0 0 0 0 0 0 0 0 0 0 0 0 0 0 0 0 0 0 0 0 0 0 0 0 0 0 0 0 0 0 0 0 0 0 0 0 0 0 0 0 0 0 0 0 0 0 0 0 0 0 0 0 0 0 0 0 0 0 0 0 0 0 0 0 0 0 0 0 0 0 0 0 0 0
155 30 0 95 47 13 79 23 83 40 33 177 141 47 455 60 11 39 51 38 0 2 0 0 0 0 0 0 0 58 63 39 103 0 176 129 0 66 141 185 0 0 94 0 177 0 0 0 290 0 0 283 988 357 0 0 111 193 326 92 173 188 344 657 316 337 295 348 0 0 0 0 0 0 15 0 0 0 41 32 271 0 897 0 334 192 380 70 0 132 0 310 318 138 29 0 98 0 182 128 419 0 18 0 0 45 0 0 0 0 1377 0 0 78 61 0 0 0 0 0 0 0 0 0 0 0 0 0 0 0 0 0 0 0 0 0 0 0 70
62 0 0 2 0 0 37 0 56 0 0 60 69 2 0 44 0 50 120 91 0 4 0 0 0 0 5 4 1 190 27 48 90 0 51 54 0 33 85 214 0 0 63 0 120 5 0 0 68 0 0 204 66 203 41 0 39 146 109 87 48 27 316 71 118 286 180 66 0 5 0 0 0 0 0 0 0 5 22 0 90 0 0 0 117 186 42 21 0 66 0 227 290 0 90 0 26 0 72 15 22 0 0 0 0 0 75 0 0 0 115 0 199 287 8 5 5 4 5 5 5 5 5 5 0 5 0 5 5 0 5 5 5 5 5 263 0 554 12
86 0 58 0 0 0 5 0 10 1 0 64 123 0 0 20 39 276 70 63 0 11 11 20 4 6 241 214 0 0 0 21 93 0 37 67 0 297 105 57 0 0 0 0 73 250 0 0 4 0 1 186 0 190 0 0 28 154 81 92 66 85 204 76 80 302 253 91 0 227 0 0 0 0 0 0 0 250 66 23 55 16 0 0 121 152 0 0 0 162 0 579 65 0 0 0 0 0 4 314 43 53 161 0 0 0 0 0 0 0 750 0 88 218 215 250 249 176 250 250 250 250 250 249 9 250 1 245 248 0 250 250 250 250 250 280 0 0 8
0 0 0 0 0 0 0 0 0 0 0 0 0 0 0 0 0 47 118 22 0 69 0 0 0 0 1 1 0 0 0 0 7 0 0 0 0 0 20 0 0 0 0 0 0 1 0 0 10261 0 0 0 0 1 0 0 0 0 0 0 0 0 1 9 1 1 1 0 0 1 0 0 0 0 0 0 0 1 0 0 0 0 0 0 1 1 1 0 0 1 0 0 1 0 0 0 0 0 0 0 0 0 0 0 0 0 0 0 0 0 2 0 0 1 0 1 1 1 1 1 1 1 1 1 0 1 0 1 1 0 1 1 1 1 1 0 0 0 0
