122
0 0 0 0 0 0 0 307 2792 9064 84 468 246 0 129 54 0 0 0 0 0 1 0 0 0 0 1 0 0 0 0 1 0 0 25039 0 6524 0 0 408 0 0 37 0 30 0 0 0 0 0 0 0 0 2038 0 1 1 0 0 0 0 0 0 0 0 1 0 0 0 0 0 0 0 0 0 0 2 0 0 0 0 0 0 0 1 0 0 0 0 0 0 0 0 2 4 0 7 8 0 0 1 0 0 0 0 0 0 0 0 0 0 0 1 0 4 1 0 0 0 4 0 0
0 0 10 0 0 0 0 3 0 0 1 3 0 0 0 0 0 0 0 0 0 0 0 0 0 3 2 0 0 0 0 0 0 0 0 0 0 0 0 0 0 0 0 0 0 0 0 0 0 0 0 0 0 0 0 0 0 0 0 0 0 0 0 0 0 0 0 0 0 0 0 0 0 0 0 0 0 0 0 0 0 1 0 0 2 0 0 0 0 0 0 0 0 0 0 13 13 1 0 0 0 0 0 0 0 0 0 0 0 0 0 0 0 0 0 2 0 0 0 0 0 0
0 0 0 0 0 0 0 464 22 48 175 46 114 2 0 0 0 0 0 0 0 0 0 0 0 0 0 0 0 0 0 0 0 18 0 30 0 18 0 0 0 0 0 0 0 0 0 0 0 0 0 0 0 0 0 0 0 0 0 0 0 0 0 0 0 0 0 0 0 0 0 0 0 0 0 0 0 0 0 0 0 0 0 0 9 0 0 0 0 0 0 0 0 1 0 22 0 1 0 0 0 0 0 0 0 0 0 0 0 0 0 0 0 0 0 0 0 0 0 0 0 0
0 0 0 0 0 0 0 0 1 1 1 3 0 0 836 163 13 0 0 0 0 0 0 0 0 7 23 0 0 0 0 1 0 1594 0 0 3079 2236 0 11 0 0 102 0 2 0 0 0 0 0 0 0 0 0 0 0 0 0 0 0 0 0 0 0 0 0 0 0 0 0 0 0 0 0 0 0 20 0 0 0 0 0 0 0 4 0 0 0 0 0 0 0 0 3 11 0 129 1450 0 0 0 0 0 0 0 0 0 0 0 0 0 0 49 0 172 182 54 0 0 103 131 0
0 0 0 0 0 0 0 2 0 0 1 6 3 0 61 11 2 0 0 0 0 0 0 0 0 1 4 0 0 0 0 0 190 0 0 0 282 0 0 0 0 0 1 0 0 0 0 0 0 0 0 0 0 0 0 0 0 0 0 0 0 0 0 0 0 0 0 0 0 0 0 0 0 0 0 0 0 0 0 0 0 0 0 0 3 0 0 0 0 0 0 0 0 1 0 53 44 130 0 0 0 7 3 0 0 0 0 0 0 0 0 0 0 0 14 3 0 0 0 5 10 0
0 0 0 0 0 0 0 0 0 0 0 0 0 0 0 0 0 0 0 0 0 0 0 0 0 1 0 0 0 0 0 0 0 0 0 0 0 0 0 0 0 0 0 0 0 0 0 0 0 0 0 0 0 0 0 0 0 0 0 0 0 0 0 0 0 0 0 0 0 0 0 0 0 0 0 0 0 0 0 0 0 0 0 0 0 0 0 0 0 0 0 0 0 0 0 0 0 0 0 0 0 0 0 0 0 0 0 0 0 0 0 0 0 0 0 0 0 0 0 0 0 0
0 0 0 0 0 0 0 304 317 507 244 114 328 4 0 0 8 0 0 0 0 0 0 0 0 272 592 0 0 0 0 1 0 0 1 105 5 31 1 0 0 0 0 0 27 0 0 0 0 0 0 0 0 0 0 0 0 1 0 0 0 0 0 0 0 0 0 0 0 0 0 0 0 0 0 0 0 0 0 0 0 0 0 0 1848 0 0 0 0 0 0 4 0 2 34 18 28 47 0 0 0 0 0 0 0 0 0 0 0 0 0 0 0 0 7 0 0 0 0 0 0 0
0 0 0 0 0 0 0 0 36 7 126 1662 1192 0 239 0 1 0 0 0 0 0 0 0 0 0 0 0 96197 0 0 2 0 0 0 0 0 0 0 0 0 0 325 0 0 0 0 0 0 0 0 0 0 0 0 0 0 0 0 0 0 0 0 0 0 0 0 0 0 0 0 0 0 0 0 0 0 0 0 0 0 0 0 0 26 0 0 0 0 0 0 0 0 17 3 0 22 0 0 0 0 0 0 0 0 0 0 0 0 0 0 0 282 0 0 0 0 0 0 0 0 0
0 0 0 0 0 0 0 0 0 0 0 8 1 0 0 264 11 0 0 0 0 0 0 0 0 0 451 8 0 40724 0 1 0 0 0 0 0 0 0 0 0 0 0 0 14 513 7 0 0 0 0 0 0 0 0 0 0 0 0 0 0 0 1 0 1 1 1 1 0 0 0 0 0 0 0 0 34 0 0 0 0 0 0 0 104 0 0 0 0 0 0 3 0 2 319 18 22 28 1 0 0 0 0 3 0 0 0 0 7 0 0 0 0 0 2 0 0 0 0 0 8 0
0 0 0 0 0 0 0 0 1 0 0 28 1 0 16 0 1 0 0 0 0 0 0 0 0 0 0 0 0 0 39125 1 0 0 0 0 0 0 0 0 0 0 0 0 0 0 0 0 0 0 0 0 0 0 0 0 0 0 0 0 0 0 0 0 0 0 0 0 0 0 0 0 0 0 0 0 0 0 0 0 0 0 0 0 112 0 0 0 0 0 0 0 0 1 1 0 48 0 0 0 0 0 0 0 0 0 0 0 0 0 0 0 0 0 0 0 0 0 0 0 0 0
0 0 0 0 0 0 0 0 0 0 0 0 2 0 0 0 4 0 0 0 0 0 0 0 0 0 0 0 0 0 0 0 0 0 0 60 0 18 0 0 0 0 0 0 0 0 0 0 0 0 0 0 0 0 0 0 0 0 0 0 0 0 0 0 0 0 0 0 0 0 0 0 0 0 0 0 0 0 0 0 0 0 0 0 97 0 0 0 0 0 0 0 0 0 0 0 10 0 0 0 0 0 0 0 0 0 0 0 0 0 0 0 0 0 0 0 0 0 0 0 0 0
0 0 0 0 0 0 0 0 0 0 4 0 0 6 0 0 0 0 0 0 0 0 0 0 0 0 0 0 0 0 0 803 0 0 0 0 0 0 0 0 87 0 0 0 0 0 0 0 0 0 0 101 759 0 0 0 0 0 0 0 0 0 0 0 0 0 0 0 0 0 0 0 0 0 0 0 0 0 0 0 0 0 0 0 0 0 0 0 0 0 0 0 0 0 0 0 8 188 0 0 0 0 0 0 0 0 0 0 0 0 0 0 4 0 0 0 0 0 0 0 0 0
0 1 0 1 0 0 0 0 0 0 0 0 0 0 0 54 9 0 0 0 0 0 0 0 0 0 45 1 0 0 0 1 0 15991 0 0 0 0 0 0 0 0 0 0 2 28 0 0 0 0 0 0 0 0 0 0 0 0 0 0 0 0 0 0 0 0 0 0 0 0 0 0 0 0 0 0 0 0 0 0 0 0 0 0 15 0 0 0 0 0 0 1 0 2 0 0 0 94 0 0 0 6 3 0 0 0 0 0 1 0 0 0 0 0 17 0 0 0 48 0 23 0
0 0 0 0 0 0 0 0 0 0 0 0 0 0 0 0 2 0 0 0 0 0 0 0 0 14 329 40 0 0 0 0 0 0 0 0 0 0 0 0 0 0 0 0 0 0 0 0 0 0 0 0 0 0 0 0 0 0 0 0 0 0 0 0 0 0 0 0 0 0 0 0 0 0 0 0 0 0 0 0 0 0 0 0 27 0 0 0 0 0 0 0 0 0 89 0 0 0 0 0 0 0 0 0 0 0 0 0 0 0 0 0 0 0 0 0 0 0 42 0 0 0
0 0 3 0 0 0 72 0 120 0 1 1 154 0 0 10 16 0 19 58 12 492 276 86 104 22 111 14 0 0 0 0 48 0 2 0 0 0 0 0 0 0 0 0 3 0 0 0 0 0 0 0 0 0 0 21 34 10 16 0 0 0 279 120 206 187 191 294 0 0 0 0 0 0 0 36 0 0 0 0 0 0 0 0 0 0 0 0 0 0 0 377 0 0 1 0 0 0 0 0 0 0 0 0 0 0 0 0 0 0 0 0 1 0 0 0 0 0 0 0 0 0
0 0 0 0 0 0 54 1 0 0 0 0 0 0 0 0 1 0 0 0 0 0 0 0 0 14 248 0 0 0 0 0 0 0 0 0 0 0 14931 0 0 0 468 0 0 0 0 0 0 0 0 0 0 0 0 0 0 1 0 0 0 0 0 0 0 0 0 0 0 0 0 0 0 0 0 0 0 0 0 0 0 0 0 0 1 0 0 0 0 0 0 3 0 0 22 0 0 0 0 0 0 0 0 0 0 0 0 0 0 0 0 0 0 0 0 9 0 0 94 132 0 0
0 0 0 0 0 0 0 0 0 0 0 0 0 0 0 0 0 0 0 0 0 0 0 0 0 0 0 0 0 0 0 0 0 0 0 0 0 0 0 0 0 0 0 0 0 0 0 6122 0 0 0 0 0 0 0 0 0 0 0 0 207 0 0 0 0 0 0 7 0 0 0 0 0 15 0 0 35 0 682 0 0 0 0 0 0 0 0 0 0 0 0 1054 0 0 0 0 0 0 0 0 0 0 0 0 0 0 0 0 0 0 0 0 0 0 0 0 0 0 0 0 0 0
0 0 0 0 0 1 1 0 0 13 0 1 1 4 1 0 32 0 1098 4 4 0 11 3 4 0 1 0 0 0 0 0 0 0 0 1 0 0 0 0 0 0 0 0 1 2 2 2 0 0 0 0 0 0 2 1 0 1 0 0 0 0 0 0 0 0 1 3 0 762 0 2 3 30 2 8 1 55 1 8 10 4 4 0 2 4 0 3 7 7 0 135 0 1 0 0 1 0 0 0 0 1 3 1 0 0 0 0 0 0 0 0 0 0 0 1 0 13 0 1 0 0
0 0 0 0 0 0 0 0 1 14 0 1 1 0 0 0 0 0 0 2 0 0 9 3 4 6 60 4 3 0 0 0 0 2 2 1296 0 1 2 2 0 1 1 0 1 1 7 0 0 0 0 0 0 0 0 0 0 5 11 0 0 0 0 10 11 4 5 6 0 44 0 0 3 30 0 5 0 10 0 4944 0 0 3 0 1 3 0 0 0 0 0 179 0 4 1 0 7 0 0 0 0 0 0 0 0 0 0 0 0 0 0 0 0 0 0 7 0 0 0 0 0 0
0 0 0 0 0 0 0 0 0 0 0 0 0 0 0 0 0 0 0 0 0 0 0 0 0 17 107 4 0 0 0 0 0 0 0 0 0 0 0 0 0 0 0 0 0 0 0 0 0 0 0 0 0 0 0 0 0 0 0 0 0 0 0 0 0 0 0 31 0 0 0 0 0 0 0 0 0 0 0 0 0 0 0 0 0 0 0 0 0 0 0 0 0 0 0 0 0 0 0 0 0 0 0 0 0 0 0 0 0 0 0 0 0 0 0 0 0 0 0 0 0 0
0 0 0 0 0 0 0 0 0 0 0 0 0 0 0 0 0 0 0 0 0 0 0 0 0 0 0 0 0 0 0 0 0 0 0 0 0 0 0 0 0 0 0 0 0 0 0 0 0 0 0 0 0 0 0 0 0 4 0 0 0 0 0 0 0 0 0 0 0 0 0 0 0 0 0 0 0 0 0 0 0 0 0 0 0 0 0 0 0 0 0 0 0 0 0 0 0 0 0 0 0 0 0 0 0 0 0 0 0 0 0 0 0 0 0 0 0 0 0 0 0 0
0 0 0 0 0 0 0 0 0 0 0 0 0 0 0 0 0 0 0 0 0 0 0 0 0 1 3 0 0 0 0 0 0 0 0 0 0 0 0 0 0 0 0 0 0 0 0 0 0 0 0 0 0 0 0 1 3 3 0 3 3911 111 0 0 0 0 17386 0 0 0 0 0 0 0 0 0 0 0 0 0 0 0 0 0 0 0 0 0 0 0 0 0 1 0 0 0 0 0 0 0 0 0 0 0 0 0 0 0 0 0 0 0 1 0 0 0 0 0 0 0 0 0
0 0 0 0 0 0 0 0 0 3 0 0 0 0 0 2 3 0 0 0 0 0 0 0 0 8 1 9 0 54 57 0 0 0 0 0 0 0 0 0 0 0 0 0 4 0 0 0 0 0 0 0 0 0 0 1 5 7 0 0 0 0 0 0 0 0 0 0 0 0 0 0 0 0 0 0 0 0 0 0 0 0 0 0 0 0 0 0 0 0 11 0 0 4 2 0 0 0 0 0 0 0 0 0 0 0 0 0 0 0 0 0 1 0 0 0 0 0 0 0 0 0
0 0 0 0 0 0 0 0 0 2 0 0 0 0 0 0 0 0 0 0 0 0 1 0 0 0 1 0 0 0 0 0 0 0 0 0 0 0 0 0 0 0 0 0 0 0 0 0 0 0 0 0 0 0 0 0 8 0 0 3 0 0 0 0 0 0 0 101 0 0 0 0 0 0 0 0 0 0 0 0 0 1 1 0 0 1 0 0 0 0 0 0 0 0 0 0 0 0 0 0 0 0 0 0 0 0 0 0 0 0 0 0 1 0 0 0 0 0 0 0 0 0
0 0 0 0 0 0 0 0 0 2 0 0 0 0 0 1 2 0 0 0 0 0 0 0 0 6 5 6 0 35 36 0 0 0 0 0 0 0 0 0 0 0 0 0 3 0 0 0 0 0 0 0 0 0 0 1 12 9 0 4 0 0 13 0 0 0 17751 1096 0 0 0 0 0 0 0 0 0 0 0 0 0 0 0 0 0 0 0 0 0 0 7 0 0 3 0 0 0 0 0 0 0 0 0 0 0 0 0 0 0 0 0 0 3 0 0 0 0 0 0 0 0 0
2 0 0 0 0 0 0 131 4 11 0 0 40 0 0 0 11 0 0 0 0 0 0 0 0 0 0 0 0 148 157 0 0 0 0 0 0 0 0 0 0 3 0 0 65 22 0 0 0 0 0 14 0 0 0 0 26 61 529 1537 0 0 195 0 0 0 0 9 0 0 0 0 0 0 0 0 0 0 0 0 0 0 0 0 0 0 0 0 0 0 0 0 0 13 1 0 0 0 0 0 0 0 0 0 0 0 0 0 0 0 0 0 0 0 0 0 0 0 0 2 0 0
0 0 0 0 0 0 0 1 0 3 2 0 0 0 0 0 2 0 0 0 0 0 0 0 0 813 0 64 0 19 22 0 0 0 0 0 0 0 0 0 0 0 0 0 123 91 0 0 0 0 0 0 0 0 0 0 721 787 797 0 0 0 6 1 0 0 0 1 0 0 0 0 0 0 0 0 0 0 0 0 0 0 0 0 0 0 0 0 1 1 0 0 0 3 0 0 0 0 0 0 0 0 0 0 0 0 0 0 0 0 0 0 0 0 0 0 0 0 0 0 0 0
0 0 0 13 7 0 15 5 0 5 736 28 0 0 0 42 3 0 0 0 0 0 0 0 0 36 0 0 0 41 44 0 0 0 0 0 34 0 23 0 0 0 0 0 2 0 0 0 0 0 0 68 0 0 0 43 396 522 22 400 0 0 54 0 0 0 0 8 0 0 0 0 0 0 0 0 0 0 0 0 0 0 0 0 0 0 0 0 0 0 0 0 0 3 0 0 0 0 0 0 0 0 0 0 0 0 0 0 0 0 0 0 0 0 0 0 0 0 0 0 0 0
0 0 0 0 0 0 0 0 0 4 0 0 0 0 1 1 1 0 0 2 0 1 2 1 1 5 5 2 0 6 6 0 0 0 9 0 0 0 0 0 0 2 7 0 1 0 0 0 0 0 0 1 2 0 0 1 1 1 0 1 41 0 7 0 0 0 0 0 0 58 2 1 1 7 0 3 1 0 2 2 2 8 2 0 1 2 0 2 0 0 1 0 1 1 0 0 1 0 0 0 3 9 2 3 0 1 0 0 0 0 59 0 0 0 0 36 1 5 270 0 11 0
0 0 0 0 0 0 0 0 0 1 0 0 0 0 0 0 1 0 0 1 0 0 0 0 0 0 0 0 0 0 8 0 0 0 28 0 454 0 0 0 0 0 0 0 0 0 0 0 0 0 0 1 0 0 0 0 0 0 0 0 0 0 9 0 0 0 0 0 0 37 0 0 0 0 0 0 0 0 8 0 1 20 3 0 1 1 0 3 0 0 2 0 0 0 0 0 0 2029 0 0 1 6 1 0 0 0 0 0 0 0 27 0 0 0 0 17 5 3 74 0 18 0
0 0 0 0 0 0 0 0 0 0 0 0 0 0 0 0 1 0 0 1 0 0 0 0 0 0 0 0 0 0 0 0 0 0 0 0 301 0 0 0 0 0 0 0 0 0 0 0 0 0 0 0 0 0 0 0 0 0 0 0 0 0 0 0 0 0 0 0 0 35 0 0 0 0 0 0 0 0 17 0 3 39 5 0 3 2 0 6 0 0 0 0 0 0 0 0 0 1257 0 0 0 0 0 0 0 0 0 0 0 0 24 0 0 0 0 13 2 3 56 0 6 0
0 0 0 0 0 0 0 0 0 0 0 0 0 0 0 0 0 0 0 0 0 0 0 0 0 3 9 1 0 0 0 0 0 0 48 0 0 0 0 1 0 0 0 0 2 0 0 0 0 0 0 0 0 0 0 0 0 0 0 0 0 0 0 0 0 0 0 0 0 2 0 0 0 0 0 0 8 0 0 0 0 21 2 0 3 0 0 3 0 0 60 0 0 0 0 0 0 0 0 0 5 0 0 0 0 0 0 0 0 0 2 0 0 0 0 0 3 0 0 0 0 0
0 1 0 1 0 0 0 3 5 1 0 0 2 0 0 1 1 0 6 2 0 34 10 4 2 110 66 4 0 1 2 0 0 0 0 0 0 0 61 0 0 0 0 0 5 0 2 1 0 0 25 0 2 0 0 0 3 1 1 2 0 0 2 7 1 0 3 0 0 10 0 0 0 0 2 12 0 0 11 4 4 30 5 0 4 2 13 7 0 0 3 13 0 1 0 0 0 28 0 0 0 7 2 0 0 0 0 5 22 0 10 0 0 0 16 5 0 1 9 0 0 0
2 5 0 0 3 0 213 694 763 984 478 220 0 7 40 19 17 3 0 3 0 2 3 1 1 557 1219 60 167 140 156 3431 27 0 5810 0 0 96 29 1 0 0 8931 0 57 0 0 0 0 1 0 0 0 74 0 4 2579 4 1 21 0 0 0 0 0 0 0 0 0 128 0 0 0 0 0 15 206 0 0 0 0 15 2 0 3576 0 1 2 0 0 4 25 0 0 65 37 55 1673 12 0 3 6 0 0 0 0 0 0 0 0 130 0 49 0 0 359 0 11 176 1006 365 0
0 0 0 0 29 0 0 0 0 0 0 0 0 0 0 2 1 0 0 1 0 0 0 0 0 5 18 1 0 0 0 0 8 0 0 0 0 25 0 0 0 0 0 0 0 0 0 0 0 0 0 0 0 0 0 0 0 0 0 0 0 0 0 0 0 0 0 0 0 30 0 0 0 0 0 0 0 0 0 0 0 9 0 0 0 0 0 0 0 0 0 4 0 0 0 0 0 0 0 0 0 0 0 0 0 0 0 0 0 0 30 0 1 0 0 3 0 2 0 0 0 0
0 396 0 1 1 0 0 21 4 3 0 12 9 0 1 1 1 0 0 1 0 7 3 1 1 13 33 1 1 10 11 7 0 1544 46 0 0 1664 75 0 0 0 0 0 9 0 0 0 0 0 0 0 0 0 0 0 4 2 2 0 0 0 8 6 1 0 2 0 0 41 0 0 0 0 0 4 0 0 0 0 0 24 2 0 10 0 0 2 0 0 0 0 0 3 1 56 53 44 0 0 0 0 0 0 0 0 0 0 0 0 42 0 0 0 0 0 0 3 0 0 0 0
0 61 27 0 0 2 0 42636 40973 9 14481 54954 12248 21 26 4061 10 1 0 13 0 4 12 3 5 40 35 0 93 0 0 4704 128 280 781 48735 0 16636 0 3 0 0 0 0 26 0 69 0 0 1 0 652 5765 0 0 0 19 5 1 6 7 2 15 0 5 2 4 9 0 596 0 0 0 0 0 17 1 0 0 0 0 82 27 2 36 0 239 22 27 30 10 14 5 10 5 0 11 12414 0 0 8 0 0 6 0 0 0 0 0 0 605 0 90 0 955 387 5139 50 800 642 730 0
1 9 0 0 6 0 0 4 3 8 0 2 3 0 3 2224 6 0 0 8 0 3 6 3 4 33 34 10 3 18 21 0 1 0 0 0 0 0 3 2 0 1 0 0 4 0 0 0 0 8 0 1 0 0 0 0 5 4 0 5 0 0 14 0 2 0 2 7 0 316 0 0 0 0 0 8 0 0 0 0 0 25 14 4 27 0 177 12 0 0 12 32 136 6 4600 981 2023 7414 0 0 9 0 0 0 0 0 0 0 0 0 321 0 75 0 0 167 0 26 86 0 349 0
1 2 144 4 2 0 0 206 11 24 77 21 51 1 2 0 2 0 0 1 0 2 2 1 1 63 221 0 7 7 9 31 0 0 429 0 1091 0 0 0 0 0 0 0 1 0 2 0 0 1 0 0 0 0 0 0 2 1 0 1 0 0 2 3 1 0 1 3 0 21 0 0 0 0 0 41 0 0 0 0 0 154 29 0 20 6 189 30 0 0 12 59 0 2 1 10 26 3673 21 0 3 0 0 0 0 0 0 0 0 0 21 0 25 0 0 291 0 2 74 0 96 0
0 0 0 0 0 0 0 0 0 1 0 0 0 0 0 1 1 0 0 0 0 1 1 0 0 2 1 2 0 10 11 0 0 0 0 0 0 0 0 0 0 8 13 0 0 0 0 0 0 0 0 1 0 0 0 0 1 2 0 0 0 0 31 7 25 12 32 15 0 0 0 0 0 0 0 3 0 0 0 0 0 9 2 0 0 0 0 0 0 0 7 1 0 1 1 0 0 0 9 0 0 0 0 0 0 0 0 0 0 0 0 0 0 0 0 0 1 0 0 0 0 0
17 39 22 487 122 0 433 44 84 96 25 0 78 0 442 1330 34 0 4 263 0 2091 1270 388 482 709 2544 549 0 73 77 23 0 78 27 49 49 90 149 1772 0 42 11086 232 148 1399 724 18 0 1 0 154 2178 274 2877 455 274 60 54 1790 171 89 103 451 64 61 157 211 0 4 24 22 59 73 425 2269 3377 0 0 0 0 7 3 0 3 0 7 2 12 10 16 0 429 262 3104 0 0 462 0 0 1825 545 547 0 0 0 0 0 25 44 4 0 271 94 835 548 4360 0 1051 1042 896 0
19 13 12 9 3 0 7 2 3 196 83 29 3 0 54 6 7 0 0 22 0 178 95 29 34 0 50 13 0 30 33 29 0 2 11 23 48 0 0 0 0 0 0 0 3 0 0 2 0 0 0 19 244 0 0 0 219 26 9 0 26 12 40 0 19 0 22 0 0 1 0 0 0 0 0 87 0 0 0 94 198 164 165 0 26 148 1 99 205 173 7 0 0 318 37 0 0 0 0 0 2 0 61 0 0 0 0 0 0 0 0 0 0 0 0 0 0 0 8 41 0 0
0 3 2 0 0 0 25 0 3 3 2 3 3 0 49 0 1 0 0 77 0 620 360 114 135 49 200 38 0 4 7 10610 1 0 104 27 30 35 61 0 0 5055 0 0 43 0 0 0 0 0 0 16 205 0 0 48 227 186 87 163 33 10 10 4 3 3 6 487 0 0 17 0 0 78 268 567 546 0 0 170 21 62 46 0 40 39 3 29 26 4 16 0 146 154 139 0 0 0 51 0 19 0 0 0 0 0 0 0 0 0 0 0 0 0 216 11 572 0 260 144 2472 0
0 0 0 66 13 0 53 44 129 41 447 20 187 0 192 70 9 0 5 705 0 828 3351 1047 1272 56 231 46 0 0 0 8 3 36 256 1 45 41 7 0 0 19 39 0 4945 3591 49 10 0 0 0 17 258 0 0 432 581 748 25 466 0 0 13 45 31 46 147 146 0 0 16 0 0 10 0 417 1644 0 0 0 0 0 0 0 13074 0 0 0 0 0 0 0 2341 53 72 46 88 28 38 0 35 0 0 0 0 0 0 0 0 122 0 0 0 0 22 37 0 0 0 16 0 0
0 3 2 0 1 0 0 0 0 1 0 0 0 0 0 1 3 0 0 0 0 1 0 0 0 0 0 0 0 9 11 0 0 0 550 0 0 0 0 44 0 0 0 0 0 3060 0 0 0 0 0 0 0 0 0 0 0 2 0 0 0 0 10 0 0 0 0 5 0 0 0 0 0 0 0 0 0 0 0 0 0 0 0 0 27 0 0 0 0 0 1 0 0 0 1202 0 0 0 0 0 137 0 0 0 0 0 0 0 93 0 0 0 0 0 0 0 0 0 144 0 0 0
5 27 14 271 9 0 55 8 0 103 42 109 0 0 62 149 7 0 0 4 0 10 19 6 8 0 0 35910 7 61 63 227 11 9778 647 631 1014 984 586 3083 0 507 640 0 0 0 17042 0 0 5 0 51 774 1297 0 1362 3404 2530 268 1060 0 0 57 0 47 716 92 154 0 1 529 0 0 2 0 83 640 0 0 0 0 53 0 0 33 0 1 32 99 99 8 0 24 56 2067 0 0 105 0 75 217 0 151 0 0 0 0 0 185 0 1 31 220 262 195 523 0 0 276 215 146 0
1 0 1 57 7 0 52 7 0 66 3 9 12 0 81 19 7 0 0 40 1 337 190 0 72 168 377 98 7 21 22 168 0 42 7 6 0 93 0 2437 0 90 209 0 45 0 0 4 0 0 0 15 268 75 0 37 906 125 62 79 0 0 0 0 1 0 44 132 0 0 146 0 0 0 0 46 18 0 0 128 33 65 65 0 55 48 1 39 114 115 2 0 0 507 205 372 0 0 0 0 20 0 89 0 0 0 0 0 510 0 0 688 425 455 158 932 0 0 1558 0 0 0
616 1391 551 154 1219 0 9 4 3 13 6 2 7 0 265 2 0 0 6 2 0 36 9 5 1 35 131 13 0 0 0 1 0 2 72 2 4 1 1 0 0 0 2 0 50 1 0 0 0 0 88 122 31 0 0 41 0 5 0 0 2033 10 0 50 3 3 7 4 0 1 0 0 0 0 0 4 0 0 0 0 0 0 0 0 0 0 1 0 0 0 0 0 0 3 1 0 0 0 0 0 1 0 0 0 0 0 0 0 0 0 0 0 0 0 13 0 2 0 0 21 0 0
2341 4420 4845 3592 8337 1 7066 1964 735 1382 1019 5333 2220 1 2872 39462 97 2058 7847 4655 3 2634 4708 1130 1438 9639 2144 1728 30 19 25 234 3 969 5721 2685 454 763 249 601 34 613 773 1613 4085 799 395 529 0 0 15637 150 467 1826 0 1179 4618 2778 2173 5695 62 724 393 9804 1746 502 1201 3971 0 189 414 456 158 445 306 1358 2086 0 44 2603 1642 25112 25873 56746 2119 23114 43746 15343 214 0 7895 11913 1955 2451 309 0 757 367 6590 6688 0 13615 14026 65316 2013 438 0 211 1068 275 190 235 773 0 3121 739 1415 16 4324 439 1338 5
0 0 0 0 0 0 0 0 0 0 0 0 0 0 0 0 0 0 0 0 0 0 0 0 0 0 0 0 0 0 0 0 0 0 0 0 0 0 0 0 0 0 0 0 0 0 0 0 0 0 0 0 0 0 0 0 0 0 0 0 0 0 0 0 0 0 0 0 0 0 0 0 0 0 0 0 0 0 0 0 0 0 0 0 0 0 0 0 0 0 0 0 0 0 0 0 0 0 0 0 0 0 0 0 0 0 0 0 0 0 0 0 0 0 0 0 0 0 0 0 0 0
509 751 939 312 1534 0 1551 434 270 1595 1463 1438 571 0 953 7792 411 377 1156 1523 1 1076 857 1294 1527 972 128 1406 2 28 40 62 0 406 202 144 111 115 135 36 194 185 662 30 60 248 556 0 0 4 0 0 0 0 14215 216 439 837 336 817 107 58 0 534 291 55 647 1572 0 0 18 85 24 1186 164 121 323 0 0 611 456 122 158 7005 152 98 5 70 199 201 660 1353 361 342 122 0 189 0 1052 730 921 2059 2594 2374 50 20 0 0 102 38 0 90 35 0 147 93 0 0 144 135 198 0
97 215 84 17 191 1 5 0 0 1 1 0 0 4 30 4 32 4483 1160 20 4 0 48 10 7 0 5 0 0 0 0 1 0 0 9 0 0 0 1 0 0 0 0 0 1 0 0 0 0 0 2 0 0 0 0 8 7 4 1 0 0 0 0 0 3 2 0 8 0 754 0 0 0 0 0 0 0 55 0 0 0 0 0 7 0 0 0 0 0 0 7 49 0 1 0 0 0 0 0 0 0 0 0 0 0 0 0 0 0 0 0 0 0 0 1 0 0 13 0 0 0 1
2997 20920 11700 20505 12286 2 341 192 42 935 679 0 117 0 120 421 0 68 298 56 0 23 80 18 19 33 14 8 0 0 0 6 0 25 317 6 0 4 4 4 0 0 0 0 68 0 0 0 0 3 1149 623 0 0 0 208 46 114 44 0 0 0 0 9 10 6 3 16 0 0 0 0 0 0 0 0 13 0 0 0 0 0 0 2174 0 0 0 0 1 0 118 0 0 21 0 0 0 0 0 0 8 0 0 0 0 0 0 0 0 0 0 0 0 0 103 0 0 0 0 0 0 0
0 93 110 62 199 1 167 190 194 326 106 206 116 1 89 1377 1151 917 2443 2598 57 634 4044 663 1165 4148 3035 946 2 10 12 138 3 0 46 482 111 505 236 477 0 606 1218 2955 8395 0 0 98 0 6 96 266 73 0 0 607 5991 505 277 1430 414 1697 0 20568 1241 372 352 1116 0 95185 350 336 628 696 157 1709 752 0 1343 24152 5580 8463 7904 2564 2049 7515 7379 3674 462 0 589 711 749 1073 51 0 275 51 0 527 348 1014 827 196 0 0 0 45 0 198 96694 0 0 0 229 354 2076 7985 622 548 821 0
45 28 26 207 66 0 799 21 41 609 256 238 51 0 297 490 59 0 6 920 1 417 4360 1366 1658 3746 183 1367 26 129 138 1091 23 2486 667 40 929 2533 1698 1003 0 2257 2382 1233 406 2336 1313 282 36 27 0 546 2409 1519 0 4067 1417 705 480 3115 1067 369 260 871 646 1085 1482 6539 0 0 441 1436 1549 2697 2431 54 3014 0 0 371 331 170 170 0 90 148 500 111 295 296 24 0 3439 3674 106 0 0 311 115 514 4829 53 335 0 83 239 0 0 125 35 0 48 116 0 202 248 0 0 414 256 955 0
0 1 1 7 2 0 8 310 578 26 15 8 784 0 0 27 10 0 1 1 0 0 0 1 0 151 295 0 0 15 16 0 11 0 1 56 188 2696 3 0 0 1392 0 0 4 0 0 0 0 2 0 0 0 0 0 0 0 18 21 0 0 0 3 0 6 7 9 15 0 0 207 0 5720 31 239 380 552 0 0 0 0 6 6 10 2 0 0 3 0 0 5 4 582 474 0 0 0 0 15 0 11 0 0 0 0 0 0 0 0 215 0 0 0 0 0 0 54 0 180 0 74 0
0 0 1 0 1 0 0 1 1 1 2 0 0 0 0 2 7 3 1 0 0 0 0 0 0 0 0 0 0 4 6 0 0 0 0 0 0 0 0 0 0 0 0 0 19 0 0 233 0 1 0 0 0 0 0 112 0 0 84 0 0 156 0 5 52 0 0 98 0 1 0 0 0 0 0 18 0 0 0 0 0 60 59 0 29 18 0 36 0 0 3 1 1441 0 0 0 0 0 0 0 0 0 0 0 0 0 0 0 0 0 0 0 0 0 0 0 0 0 0 0 0 0
0 0 0 0 0 0 0 0 0 0 0 0 0 0 0 0 0 0 0 0 0 0 0 0 0 0 0 0 0 0 1 0 0 0 0 0 0 0 0 0 0 0 0 0 0 0 0 0 0 0 0 0 0 0 0 0 0 0 0 0 0 0 0 0 0 0 0 0 0 0 0 0 0 0 0 0 0 0 0 0 0 0 0 0 0 0 0 0 0 0 0 0 0 0 0 0 0 0 0 0 0 0 0 0 0 0 0 0 0 0 0 0 0 0 0 0 0 0 0 0 0 0
0 1 1 1 3 0 1 6 4 1 11 2 3 0 0 12 2 1 0 2 0 0 1 1 0 0 0 0 0 0 0 0 0 0 1 0 0 0 0 1 0 0 0 0 4 0 0 84 0 2 0 0 0 0 0 0 0 298 0 0 0 0 0 0 1 0 0 51 0 0 0 0 0 0 0 0 0 0 0 0 0 0 0 9 0 0 0 0 1 0 1043 4 7850 0 0 0 0 0 0 0 1 0 0 0 0 0 0 0 0 0 0 0 0 0 0 0 0 0 0 0 0 0
20 8 27 7 5 0 1 30 43 55 63 12 3 0 26 39 18 2 2 1 0 0 0 0 0 0 16 0 0 0 0 0 0 0 1 0 0 0 0 1 0 553 0 0 385 0 0 30 0 0 0 12 175 0 0 313 1945 18822 4383 0 410 0 0 549 0 0 0 31 0 0 8 0 0 0 0 175 162 0 0 0 0 0 0 3 0 0 0 0 0 0 8 4 6218 0 0 0 0 0 0 0 0 0 0 0 0 0 0 0 0 0 0 0 0 0 40 0 0 0 0 0 0 0
4 17 10 31 14 0 16 49 48 77 20 17 35 0 37 21 0 0 19 467 0 0 2433 759 923 125 269 47 0 7 7 1 2 3 13 53 0 69 0 55 0 0 0 5 7 36 3 0 0 0 0 7 107 0 0 3 65 120 2385 0 0 28291 10 0 0 0 0 1641 9451 0 607 3084 133 646 2513 6725 0 0 0 0 0 53 53 7 26 30 6 33 96 96 0 10 4271 13 0 0 0 0 0 0 10 0 0 0 0 0 0 0 0 0 0 0 0 0 0 0 0 0 0 0 2 0
2 8 5 15 7 0 8 25 24 38 10 9 18 0 19 13 30 1 13 255 0 0 1211 378 459 63 137 27 0 5 5 0 0 2 7 25 0 35 0 33 0 0 0 5 0 13 7 0 0 0 0 1 51 0 0 14 0 60 1224 315 0 0 0 0 0 6 0 924 4995 0 302 840 0 345 1261 3345 0 0 0 0 0 23 22 0 10 0 2 12 48 0 0 6 2133 7 0 0 0 0 0 0 5 0 0 0 0 0 0 0 0 0 0 0 0 0 0 0 0 0 0 0 3 0
0 4 2 4 2 0 0 0 0 1 0 0 1 0 0 2 0 102 241 61 0 0 73 34 0 0 0 0 0 0 1 7 0 4 0 0 0 0 0 0 0 0 0 0 0 0 20 0 0 0 40 1 9 69 0 0 113 27 3 31 0 2 0 0 10 0 2 6755 0 0 0 178 0 386 0 0 1491 0 0 0 0 0 0 2 0 0 0 0 0 0 27 0 0 22 11 0 0 0 0 0 0 0 0 0 0 0 0 1 0 0 0 0 0 0 0 0 0 0 0 0 2 0
1 3 2 4 3 0 2 0 0 0 0 1 0 0 0 7 0 0 0 1 0 1 2 0 1 1 0 5 27 23 25 578 0 25 11 0 33 13 0 0 0 8 0 0 3 77 357 0 0 0 0 0 0 0 0 83 0 49 0 0 45 39 0 0 2 0 0 945 0 0 126 197 32 707 0 25 371 0 0 0 0 0 0 0 0 0 0 0 0 0 2 0 0 273 17 0 0 0 0 0 1 0 0 0 0 0 0 0 0 0 0 0 0 0 0 0 0 0 0 0 0 0
0 1 1 1 1 0 0 0 0 0 0 0 0 0 0 1 0 0 0 0 0 0 0 0 0 0 0 1 0 1 1 1 0 0 0 0 0 0 0 0 0 0 0 0 1 0 0 0 0 0 0 0 0 0 0 0 0 0 0 2 25 6 0 0 0 0 0 82 0 0 0 0 0 0 0 0 0 0 0 0 0 0 0 0 0 0 0 0 0 0 2 0 0 2 1 0 0 0 0 0 0 0 0 0 0 0 0 0 0 0 0 0 0 0 0 0 0 0 0 0 0 0
0 5 3 5 4 0 1 0 0 1 0 1 0 0 0 7 0 0 0 1 0 1 2 0 0 2 1 3 1 4 4 17 0 30 0 1 0 9 0 0 0 5 0 0 1768 0 111 0 0 0 0 0 0 0 0 0 2 1 0 1 257 0 203 2 875 0 2037 1382 0 0 4 3412 378 828 0 23 22 0 0 0 0 0 0 3 0 0 1 0 0 0 2 0 0 1063 16 0 0 0 0 0 0 0 0 0 0 0 0 0 0 0 0 0 0 0 0 0 0 0 0 0 0 0
0 1 1 1 1 0 0 0 0 0 0 0 0 0 0 1 0 0 0 0 0 0 0 0 0 0 0 1 0 1 1 4 0 5 0 0 0 0 0 0 0 0 0 0 1 0 0 0 0 0 0 0 0 0 0 0 1 31 2 25 11 92 0 223 430 0 0 103 0 0 120 0 0 43 0 8 209 0 0 0 827 87 87 0 31 61 0 51 0 0 1 0 0 11 0 0 0 0 0 0 0 0 2 0 0 0 0 0 0 0 0 0 0 0 0 0 0 0 0 0 0 0
0 1 0 1 1 0 0 0 0 0 0 0 0 0 0 4 0 0 0 0 0 0 1 0 0 0 0 0 0 1 1 3 1112 6 0 0 0 0 0 0 0 316 0 0 0 0 0 0 0 0 0 0 0 0 0 0 0 1 0 0 0 0 0 0 0 0 0 0 0 0 242 2150 92 0 301 59 33 0 0 3 0 28 6 1 4 32 5 7 0 0 0 0 0 66 0 0 0 0 0 0 0 0 2 0 0 0 0 0 0 0 0 0 0 0 0 0 0 0 0 0 0 0
33 40 21 574 75 0 512 137 224 4829 1462 798 259 0 548 431 288 3 158 2867 1 9 30 4256 5171 1967 4446 571 73 177 180 2692 2 907 540 838 688 3388 584 65 226 574 1475 2065 1250 1982 775 126 232 31655 398 107 1508 1953 1024 2175 751 495 2333 3002 0 0 627 5685 2221 3012 4082 13926 0 0 536 1156 507 1477 2737 8419 4643 0 0 1063 1051 549 554 0 239 502 200 336 928 761 24 0 7576 1807 557 0 0 121 0 0 2997 373 1104 0 181 0 0 0 46 8 0 23 476 0 511 291 0 0 338 176 527 0
0 0 0 0 0 0 0 0 0 0 0 0 0 0 0 0 0 0 0 0 0 0 0 0 0 0 0 0 0 0 0 0 0 0 0 0 0 0 0 0 0 0 0 0 0 0 0 0 0 0 0 0 0 0 0 0 0 0 0 0 25 0 0 0 0 0 0 0 0 0 0 0 0 0 0 0 0 0 0 0 0 0 0 0 0 0 0 0 0 0 0 0 0 0 0 0 0 0 0 0 0 0 0 0 0 0 0 0 0 0 0 0 0 0 0 0 0 0 0 0 0 0
3 2 1 3 1 0 1 0 0 14 0 0 2 0 10 8 14 0 0 9 0 69 4 1 2 35 1 42 0 223 232 1 1 2 10 4 1 1 1 3 0 37 0 0 27 0 0 12 0 0 0 20 1 0 0 0 39 31 15 0 0 0 286 0 1 0 0 0 0 4 0 6 9 191 0 20 7 0 0 0 0 29 27 0 7 18 28 13 4 4 47 1 0 184 96 94 224 0 0 0 3 0 0 0 0 4458 13 0 48 0 4 5595 0 304 417 0 0 0 0 0 0 0
2 2 1 70 14 0 55 33 93 1767 328 197 134 0 271 348 120 0 74 548 1 1 2605 813 989 856 3444 704 0 102 107 1 3 104 26 103 37 76 29 70 0 31 17 285 479 388 197 84 0 0 0 117 1734 0 0 1173 1100 380 1566 926 0 0 0 0 98 0 423 0 0 0 0 0 359 2127 0 0 247 0 0 5655 2715 1826 1844 6 1216 1685 43 1118 3057 3089 26 0 0 2226 21 0 145 71 1241 0 680 297 725 202 311 0 0 26 177 41 0 325 0 0 0 220 0 0 407 405 286 0
2 1 1 41 14 0 54 20 20 8 0 0 14 0 120 76 14 0 0 0 2 0 0 0 0 146 588 121 0 110 115 2 26 88 918 46 55 55 48 120 0 32 10 46 161 155 153 30 0 0 0 28 277 0 0 0 129 100 155 149 0 16 164 0 39 0 46 0 0 3 0 0 0 3807 298 402 253 0 0 672 333 208 210 0 153 188 393 127 253 210 23 0 170 735 319 0 684 0 122 0 147 19 6 0 131 1150 0 71 582 218 2 49 0 0 166 28 0 0 200 492 261 0
5 11 6 38 8 0 29 34 78 1213 5 75 106 0 99 45 0 0 0 176 1 1 835 257 317 19 56 20 0 40 43 0 6 14 5 70 20 13 8 27 0 3 0 0 99 0 186 6 0 0 0 33 488 0 0 0 104 72 19 142 0 0 0 0 43 0 0 78 0 1 0 0 0 0 0 748 0 0 63 765 952 380 383 1 198 352 3 250 626 613 60 0 139 71 25 0 67 0 0 0 108 0 41 0 0 0 0 0 0 0 1 0 0 0 0 70 0 0 10 124 0 0
50 32 42 246 56 0 220 27 71 458 2274 1700 99 0 446 83 1 0 3 332 0 2 1575 492 598 1549 14 1319 0 0 5 24 0 22 2 0 50 94 48 64 0 59 0 230 434 208 277 11 0 0 0 17 242 0 0 0 301 301 1317 476 0 0 75 146 166 232 724 0 0 1 747 331 0 58 0 576 0 0 0 204 129 53 35 0 173 262 2 169 125 33 50 0 314 16435 528 0 0 0 0 3824 23 240 187 0 333 40 0 0 58 0 1 0 0 0 410 83 0 0 377 139 149 0
0 1 1 8 2 0 8 6 4 1 0 0 2 0 0 133 6 0 0 343 0 0 1628 509 617 142 380 27 0 4 5 0 0 0 173 0 0 0 0 0 0 0 0 0 2 0 0 0 0 0 0 1 2 0 0 0 0 5 9 0 0 0 5 0 0 0 0 0 0 0 0 12 0 0 0 0 0 0 0 0 0 0 0 0 0 0 0 0 0 0 1 0 0 271 806 0 0 0 156 0 0 1111 2302 184 0 0 0 0 0 0 0 0 6 0 377 0 0 0 0 0 0 0
0 8 6 0 1 0 17 18 0 79 2 5 32 0 22 5 0 0 0 17 6 130 81 3 31 121 208 66 0 161 168 0 27 0 2 11 0 11 7 4085 0 620 0 0 85 0 0 10 0 0 0 14 0 0 0 0 62 38 28 0 3 3 0 0 3 0 0 0 0 8 0 0 0 21 2131 216 0 0 0 0 0 6 6 0 0 2 1 0 0 0 34 0 484 439 78 0 0 181 24 0 89 252 546 0 0 0 0 0 373 0 8 0 0 0 269 930 0 1 756 1210 698 0
0 0 0 0 0 0 0 0 0 0 0 0 0 0 0 0 0 0 0 0 0 0 0 0 0 0 0 0 0 0 0 0 0 0 0 0 0 0 0 0 0 0 0 0 0 0 0 0 0 0 0 0 0 0 0 0 0 4 0 0 0 0 0 0 0 0 0 0 0 0 0 0 0 0 0 0 0 0 0 0 0 0 0 0 0 0 0 0 0 0 0 0 2 0 0 0 0 0 0 0 0 0 0 0 0 0 0 0 0 0 0 0 0 0 0 0 0 0 0 0 0 0
92 23 20 28 24 0 36 88 82 182 14 45 178 0 42 54 0 0 317 96 0 1854 523 285 99 1272 4185 457 0 0 0 29 0 88 402 73 113 70 52 10 120 23 13 126 1046 357 149 54 0 0 100 27 416 0 109 123 411 131 290 409 189 355 9 748 72 100 204 32 55 0 119 11 45 0 31 84 40 0 0 0 0 0 0 0 0 0 0 0 18 17 0 0 27 78 36 31 110 17 20 0 19 36 12 6 48 56 24 21 4 71 0 23 50 23 60 121 45 0 63 40 45 0
86 22 19 27 23 0 35 84 78 175 13 43 170 0 35 52 0 0 0 51 0 981 277 150 53 1206 3940 436 0 0 0 21 0 78 389 75 77 44 37 9 74 0 0 120 1001 179 0 48 0 0 0 25 396 0 0 95 220 125 274 388 55 272 8 858 69 95 50 0 0 0 30 0 0 0 0 78 15 0 0 0 0 0 0 0 0 0 0 0 15 15 0 0 0 74 11 0 0 0 14 0 0 0 0 0 0 0 0 0 0 0 0 0 0 0 0 0 0 0 0 0 0 0
79 20 18 25 21 0 32 78 72 160 12 39 156 0 40 48 0 0 274 86 0 1664 470 254 89 1108 3613 400 0 0 0 33 0 75 357 68 77 47 23 8 96 0 0 111 920 167 0 47 0 0 0 23 365 0 0 88 205 115 254 358 52 251 8 788 22 88 0 13 0 0 86 0 0 0 0 72 26 0 0 0 0 0 0 0 0 0 0 0 13 14 0 0 0 0 25 0 92 0 17 0 16 32 15 0 0 0 0 0 0 0 0 0 0 0 0 0 0 0 0 0 0 0
1 0 0 0 0 0 0 1 1 3 0 1 3 0 2 1 0 0 0 1 0 27 0 0 0 20 69 7 0 0 0 0 0 0 0 0 0 0 0 0 0 0 0 2 15 0 0 0 0 0 0 0 5 0 0 0 0 2 3 6 0 0 0 12 1 1 0 0 0 0 0 0 0 0 0 0 0 0 0 0 0 0 0 0 0 0 0 0 1 1 0 0 0 1 1 0 0 0 0 0 0 1 0 0 0 0 0 0 0 0 0 0 0 0 0 0 0 0 0 0 0 0
1 0 0 0 0 0 1 2 1 3 0 1 3 0 1 1 0 0 0 0 0 8 0 0 0 22 71 8 0 0 0 0 0 0 5 0 0 0 0 0 0 0 0 2 18 5 0 0 0 0 0 0 4 0 0 0 0 2 4 7 0 0 0 15 1 1 0 0 0 0 0 0 0 0 0 1 0 0 0 0 0 0 0 0 0 0 0 0 0 0 0 0 0 1 1 0 0 0 0 0 0 1 0 0 0 0 0 0 0 0 0 0 0 0 0 0 0 0 0 0 0 0
3 1 1 1 1 0 1 3 3 6 0 1 6 0 2 2 0 0 66 20 0 383 108 59 21 41 133 15 0 0 0 1 0 1 13 2 0 0 0 0 2 1 0 4 33 11 5 2 0 0 0 0 0 0 2 0 8 4 0 0 0 0 0 24 1 0 6 0 1 0 4 0 1 0 0 3 1 0 0 0 0 0 0 0 0 0 0 0 1 1 0 0 1 2 1 0 0 0 1 0 1 1 1 0 0 0 0 0 0 2 0 0 1 0 0 3 0 0 2 1 1 0
0 0 0 0 0 0 0 0 0 0 0 0 0 0 1 0 0 0 0 0 0 6 0 0 0 17 56 6 0 0 0 0 0 0 5 0 0 0 0 6 0 0 0 0 0 0 0 0 0 0 0 0 5 0 0 0 0 2 3 5 0 0 0 12 1 1 0 0 0 0 0 0 0 0 0 1 15 0 0 0 0 0 0 0 0 0 0 0 0 0 0 0 0 2 1 0 1 0 0 0 0 1 1 0 0 0 0 0 0 0 0 0 0 0 0 0 0 0 0 0 0 0
9 2 2 3 2 0 4 9 8 18 1 5 18 0 4 5 0 0 0 0 0 0 0 0 0 126 413 46 0 0 0 3 0 6 40 6 0 0 0 0 6 0 0 13 105 34 0 5 0 0 0 3 42 0 0 12 0 13 28 41 0 11 1 90 7 10 0 0 0 0 0 0 0 0 0 8 0 0 0 0 0 0 0 0 0 0 0 0 2 2 0 0 0 7 3 0 9 0 2 0 2 4 2 1 0 0 0 0 0 0 0 0 0 0 0 0 0 0 0 0 0 0
0 0 0 0 0 0 0 0 0 0 0 0 0 0 0 0 0 0 0 0 0 0 0 0 0 0 0 0 0 0 0 0 0 0 0 0 0 0 0 0 0 0 0 0 0 0 0 0 0 0 0 0 0 0 0 1 0 0 1 2 0 0 0 2 0 0 0 0 0 0 0 0 0 0 0 0 0 0 0 0 0 0 0 0 0 0 0 0 0 0 0 0 0 0 0 0 0 0 0 0 0 0 0 0 0 0 0 0 0 0 0 0 0 0 0 0 0 0 0 0 0 0
1 0 0 1 0 0 1 2 1 3 0 1 3 0 1 1 0 0 22 7 0 143 40 0 8 22 70 8 0 0 0 0 0 0 5 0 0 0 0 8 0 0 0 2 18 0 0 1 0 0 0 0 7 0 0 0 0 2 4 7 0 0 0 15 1 2 0 0 0 0 0 0 0 0 0 1 23 0 0 0 0 0 0 0 0 0 0 0 0 0 0 0 0 2 0 0 1 0 0 0 0 1 1 0 0 0 0 0 0 0 0 0 0 0 0 0 0 0 0 0 0 0
200 50 44 62 53 0 79 194 179 399 31 99 390 0 88 117 0 0 293 91 0 923 495 269 94 2766 0 1001 0 2 2 88 0 191 896 175 0 135 96 22 0 0 0 277 2298 0 0 118 0 0 0 58 0 0 0 256 817 287 0 0 0 0 20 0 158 220 322 59 0 0 0 0 0 0 0 183 76 0 0 0 0 0 0 0 0 0 0 0 0 0 0 0 0 178 81 32 0 0 46 0 43 84 38 0 0 0 0 0 0 0 0 0 0 0 0 0 0 0 84 59 63 0
297 75 66 92 79 0 118 288 266 594 45 147 579 0 129 176 0 0 396 122 0 0 665 361 126 4109 0 1486 2 3 3 131 1 285 1331 261 0 206 149 32 0 0 0 411 3413 0 0 176 36 0 0 86 1358 22 0 386 1268 427 946 0 0 548 30 2928 235 327 550 97 0 0 0 0 0 0 0 272 119 0 0 0 0 0 0 0 0 0 0 0 169 0 0 0 0 1005 461 238 0 0 260 0 244 473 216 0 0 0 0 0 0 0 0 0 0 0 0 0 0 0 877 481 0 0
0 0 0 0 0 0 0 0 0 0 0 0 0 0 0 0 3 0 23 0 0 0 0 0 0 38 223 2 0 0 0 0 0 0 3 0 0 0 0 0 0 0 0 0 0 0 0 7 0 0 0 0 0 0 0 0 0 0 0 0 373 72 0 0 0 0 0 468 0 0 0 0 0 0 0 0 0 0 6 70 0 0 0 0 1 0 0 0 0 0 0 26 0 1 0 0 0 0 0 0 0 0 0 0 0 0 0 0 0 0 0 0 0 0 0 0 0 0 0 0 0 0
0 0 0 0 0 0 0 0 0 0 0 0 0 0 0 0 0 0 0 0 0 0 0 0 0 1482 1914 239 0 0 0 0 0 0 0 0 0 0 0 0 95 5 10 0 39 141 52 0 0 0 0 0 669 0 0 0 0 0 0 0 0 0 44 229 135 288 116 0 10 0 0 5 4 0 0 0 0 0 0 0 0 0 0 0 0 0 0 0 575 583 0 0 0 3 0 1 2 0 0 2 13 2 1 0 0 2 0 0 6 2 0 0 4 1 0 12 9 0 16 11 20 0
22 3 2 32 4 0 96 5 10 190 195 64 13 2 197 70 28 0 18 264 0 0 1252 392 475 1465 3563 437 0 2 3 6 3 2 25 10 0 0 3 101 0 47 0 0 63 0 93 18 0 49172 0 11 153 0 0 0 0 8 0 0 0 0 7 109 41 10 148 191 0 0 18 21 0 0 0 6 0 0 0 218 224 160 162 0 51 145 6 97 271 186 1 1 0 139 29 0 0 0 0 0 633 0 61 0 0 0 0 0 12 0 0 0 0 0 135 124 0 0 145 59 0 0
0 0 0 0 0 0 0 0 0 0 1 1 0 0 19 1 0 0 0 0 0 0 0 0 0 0 0 0 0 5 0 253 0 93 7 0 0 0 0 0 0 0 0 0 9 0 0 0 0 0 0 0 0 0 0 0 3 18 23 24 0 0 0 0 0 0 0 0 0 0 0 0 0 0 0 0 0 0 0 0 37 0 0 0 0 0 0 0 0 0 0 0 0 0 44 0 0 0 0 0 0 0 0 0 0 0 0 0 0 0 0 0 0 0 0 0 0 0 0 0 0 0
0 0 18 0 0 0 0 0 0 0 0 0 15 0 0 0 0 0 0 0 74 0 0 0 0 0 0 479 0 0 0 0 316 0 0 0 0 0 0 0 0 0 0 0 0 0 0 0 0 0 0 0 32 0 0 8 21 5 12 14 17 5 0 0 0 0 7 1 0 0 0 0 0 0 0 0 0 0 0 0 0 0 0 0 0 0 0 30 0 0 0 0 0 0 0 0 0 0 0 20 0 15 7 0 0 0 0 0 0 0 0 0 6 0 0 0 0 0 0 0 0 0
700 0 0 160 0 0 0 4 0 3130 33 16 458 2 1229 1714 3219 0 4 72 187 44 109 79 81 7530 28 8726 0 52210 54381 13 617 0 62 0 10 0 0 40 2791 7940 4868 0 4941 844 0 3238 8362 0 4285 4646 115 3787 2299 3208 4760 6621 1668 69 40 14 67396 36 27 20 41 52 1485 0 0 643 1098 992 1317 4957 1718 0 0 98 24 23 23 0 17 19 1 14 0 0 10908 0 2394 4587 347 0 1101 2182 104 0 161 1983 1042 221 0 164 0 253 2980 0 0 1753 858 0 217 801 2027 0 1616 1937 1842 0
0 0 5070 0 0 0 0 0 0 0 0 0 4630 2 858 2277 6 0 0 3 20502 13 7 4 3 11 6 17 0 101 106 2 88593 0 3 0 0 0 0 2 6303 10641 4874 0 6789 2621 3094 97 0 0 0 9 9592 0 978 2113 1214 465 592 2623 1650 532 326 325 403 529 3283 1131 328 0 0 0 0 0 280 1836 3502 0 0 6481 0 0 0 54 0 0 0 0 3 3 21 0 1011 1074 473 0 0 9131 209 0 237 884 438 40 0 0 0 0 133 0 0 0 810 0 839 829 4641 0 1274 1328 1871 0
0 0 0 0 0 0 0 3 0 2 1 0 0 1 304 56 10 2 1 8 0 7 7 10 10 275 1746 38 54 0 0 57 0 0 34 0 0 0 0 58 0 171 116 0 100 0 503 0 0 0 167 11 34 0 0 143 166 100 194 255 174 56 33 86 95 146 590 218 0 0 134 0 1 52 0 255 0 0 0 88 111 108 79 9 104 256 5 79 246 129 101 15 169 351 107 0 0 0 2 114 85 401 130 671 813 0 0 0 404 0 0 310 514 0 479 851 891 0 1947 433 280 0
2 0 5 31 4 0 30 0 0 4 1 1 1 0 68 26 1 0 24 3981 11 3 1 5913 7187 625 1258 172 0 4 5 49 39 0 21 88 56 1 0 0 48 178 0 0 136 179 19 173 0 0 0 17 204 117 0 0 43 814 145 994 1630 987 15 87 44 80 116 2 98 0 89 0 0 23 237 0 0 0 0 0 0 0 0 0 0 0 0 0 0 0 1 4 2 51 6 0 0 0 0 0 30 447 193 0 0 36 0 30 0 0 0 0 79 0 0 208 0 0 233 5 69 0
485 322 375 653 408 0 604 783 1022 1887 315 408 340 1 888 383 1 0 18 1270 25 7 5530 1286 1293 11166 707 310 52 56 58 1200 111 1539 1960 1713 1920 2596 1507 1125 1619 2437 1867 2374 6922 0 1146 288 0 0 0 395 2413 0 0 686 914 3369 4897 3545 1870 938 123 3150 2650 1576 582 1668 853 0 1265 530 426 944 0 842 2829 0 9 5201 1750 1120 1131 5 1122 1031 1 686 1813 1478 1847 0 1163 1325 0 963 535 0 66 0 325 168 894 0 0 0 0 0 84 0 0 0 328 0 417 553 439 0 924 328 549 0
0 0 0 0 0 0 0 0 0 0 0 0 0 0 0 0 4 0 1146 7959 2 0 9333 5849 5333 0 0 0 0 0 0 0 5 0 0 0 0 0 0 0 0 0 0 0 0 0 0 0 3 0 0 0 0 0 0 0 0 0 0 0 0 0 0 0 0 0 0 0 0 0 0 0 0 0 0 0 0 0 0 35 0 0 0 0 0 0 0 0 0 0 188 0 0 0 7352 0 0 0 0 0 0 0 0 0 0 0 0 0 0 0 0 0 0 0 0 0 0 0 0 0 0 1
30 33 39 23 0 0 27 35 45 62 11 16 0 0 205 287 0 0 0 52 0 652 183 0 34 91 2313 140 0 0 2 82 0 0 7027 380 185 142 146 178 0 51 88 171 1596 352 213 1221 0 0 0 100 1427 0 0 285 262 372 1055 557 791 485 100 122 127 1237 87 26 0 0 388 0 0 40 0 0 0 0 0 1057 0 0 0 0 0 0 0 0 0 0 0 0 22 339 0 0 0 0 0 0 1057 0 0 0 0 0 0 0 58 0 0 0 0 0 0 0 0 0 0 0 0 0
1 0 2 2 0 0 3 5 7 11 1 3 0 0 69 229 0 0 1 82 0 1030 289 0 54 50 777 13 0 0 0 6 0 6 1664 117 18 29 13 9 0 0 16 24 164 0 0 9 0 0 0 21 236 0 0 61 64 81 252 185 104 31 0 5 3 3 0 0 0 0 81 0 0 0 0 0 0 0 0 39 0 0 0 0 0 0 0 0 0 0 0 0 0 54 0 0 0 0 0 0 234 165 0 0 0 0 0 0 0 0 0 0 0 0 0 33 0 0 0 0 0 0
0 0 0 143 28 0 115 1 0 0 0 0 2 0 98 101 0 0 0 117 2 985 555 173 210 285 1177 234 0 0 5 46 6 11 33 73 0 326 1056 1120 48 258 197 34 253 308 645 83 0 0 0 13 52 0 73 940 339 893 193 465 488 156 7 22 14 22 72 157 176 0 880 0 4 32 26 0 87 0 0 427 265 91 92 0 92 0 2 56 142 86 628 0 145 526 94 0 0 0 196 51 192 495 478 0 5533 100 0 0 472 0 0 156 645 0 685 379 196 0 1307 337 240 0
76 97 94 227 64 0 192 40 54 819 168 157 129 1 237 450 12 1 12 443 4 3882 1842 472 635 4213 516 3293 49 23 25 383 14 543 245 319 397 468 1007 312 219 714 354 567 1059 833 936 142 0 0 0 143 2202 255 0 301 356 1255 1429 1725 1003 553 299 472 678 349 1478 2776 0 0 701 0 0 153 0 474 173 0 0 1438 196 213 213 1 321 191 31 124 197 350 242 2 76 1170 2912 326 700 0 2299 300 233 14951 7831 0 0 0 0 0 218 0 0 0 369 325 87 103 0 0 584 305 0 7
8 6 6 309 61 0 250 52 152 376 31 79 219 0 187 209 90 0 48 347 0 3035 1649 515 626 346 1433 284 0 1 1 25 7 187 493 192 212 307 142 635 142 533 199 167 170 316 2492 44 0 0 0 67 1047 221 0 371 539 632 490 648 232 66 40 136 88 137 430 608 179 0 0 250 0 162 0 311 339 0 0 1148 674 216 218 0 257 195 3 131 237 371 36 0 171 1350 837 0 637 116 0 288 2204 523 431 0 505 0 308 953 2932 0 0 312 947 0 715 733 823 0 2270 992 833 0
1080 343 1170 792 944 1 1723 1876 1166 702 2060 425 798 3 997 654 7 2 1694 4487 1 0 0 3584 3268 4566 5268 70 21 18 18 538 1 892 565 1519 1043 923 810 681 776 1284 748 642 3840 1576 2243 799 1032 0 2030 192 3005 440 973 928 1269 1877 2738 2291 3197 1031 227 6814 1085 3403 385 738 1160 0 0 249 194 521 570 1082 1296 0 0 3013 1788 1122 1134 3 651 1034 4 686 1838 1605 4050 92 2196 3086 1245 3390 2738 50 3207 93 1042 1726 1799 193 1338 0 0 6895 0 4428 0 0 1068 255 1778 1243 1284 0 3256 1232 2129 0
558 1385 687 303 1079 0 300 823 270 16 349 14 530 1 455 421 4 0 196 643 0 1262 2553 532 484 421 4253 86 3 3 3 99 0 42 21 106 181 130 164 26 230 449 402 93 1444 349 213 24 0 0 300 54 928 0 188 170 425 168 259 1208 280 90 0 247 246 297 13 149 236 0 326 0 0 126 95 329 0 0 0 155 683 208 210 0 36 3216 22 127 308 88 1263 11 319 779 3129 0 554 7 0 1612 765 1649 2796 44 505 0 0 0 0 0 0 0 179 0 210 163 0 0 523 211 367 0
15 9 13 58 19 0 79 5 0 20 7 5 0 0 87 28 0 0 10 501 0 0 2378 744 902 15 100 15 2 2 2 51 0 71 41 96 91 38 45 110 0 74 67 29 0 0 0 35 0 0 0 5 68 95 0 12 66 153 146 152 465 150 43 178 259 271 261 454 0 0 0 0 0 0 0 314 0 0 0 94 82 34 34 0 18 31 4 20 49 8 409 0 0 161 43 0 0 0 770 0 35 0 5969 0 0 0 2114 7794 0 0 0 0 0 0 0 0 0 0 0 0 17 0
2 2 3 197 37 0 158 21 39 129 46 28 54 0 89 101 10 0 11 301 5 1697 981 444 538 365 1126 277 0 55 58 70 19 166 583 203 11 233 7 86 0 315 43 0 169 515 28 14 0 467 0 47 640 0 0 0 466 305 436 412 207 72 104 186 93 2324 330 414 0 0 443 0 0 135 144 336 76 0 0 401 280 189 190 0 99 169 4 115 321 325 21 0 1704 1742 5074 2130 8900 763 651 239 1085 1112 197 122 916 752 0 590 934 0 0 592 729 851 510 1321 1864 0 1274 1070 1768 0
0 0 0 0 0 0 0 0 0 1 0 0 0 0 0 0 1 0 0 0 0 0 0 0 0 2 0 2 0 0 0 0 0 0 0 0 0 0 0 0 0 1 1 0 1 0 0 0 0 0 1 1 0 0 1 1 1 1 0 0 0 0 14 0 0 0 0 0 0 0 0 0 0 0 0 1 0 0 0 0 0 0 0 0 0 0 0 0 0 0 2 0 0 1 0 1 0 1 0 0 0 0 0 0 0 0 0 0 1 0 0 0 0 0 0 0 0 0 0 0 0 0
173 107 190 34 103 0 782 111 229 2286 1991 712 292 0 766 315 703 7 53 1222 6 347 195 1842 2205 58 248 2181 1 26 28 109 20 380 123 249 83 751 153 221 22 373 395 225 629 0 0 149 0 0 0 75 589 285 0 491 509 851 69 222 236 76 165 877 459 144 1394 2797 0 0 0 0 0 257 16 86 233 0 0 1781 1345 402 406 1 386 369 12 246 627 395 21 1 163 601 632 0 63 0 309 92 1424 498 257 0 159 0 382 653 1913 0 0 0 662 0 75 238 0 0 875 748 225 0
0 0 0 0 11 0 87 0 10 0 108 0 5 1 0 10 2166 69 36 0 0 0 0 0 0 119 532 92 1 2 3 36 0 0 0 6 0 0 0 3 0 74 142 54 251 0 0 180 0 0 0 47 687 136 0 472 144 196 125 243 65 20 2 4 3 4 14 1 0 0 845 13 1231 760 155 0 41 0 0 236 281 141 142 0 60 126 0 86 124 242 6 0 297 56 0 0 0 0 0 0 9 187 54 0 0 0 0 0 207 0 0 0 0 0 200 0 0 0 311 0 0 0
109 145 90 63 70 0 583 1233 546 5741 3980 2380 591 2 531 382 152 25 704 647 1 14 3779 789 720 449 700 155 13 22 27 612 3 942 5578 416 728 2069 415 2907 0 3361 975 501 1447 0 0 225 18 1 1283 352 1505 1229 1018 2507 1418 714 1067 1303 1886 607 286 3019 1455 972 692 3039 1203 0 0 901 1403 1065 697 1924 366 0 0 4241 3703 1316 1329 4 916 1213 53 806 2167 2253 145 0 2042 3339 10715 1473 1696 513 786 946 3529 2370 4339 191 0 598 0 1744 3401 0 0 2481 1352 0 0 530 205 0 4844 2615 0 0
0 1 1 0 0 0 0 3 0 2 0 0 0 0 152 19 22 6 0 0 0 0 0 0 0 382 1850 197 19 4 5 5 0 1276 19 15 0 106 38 36 0 15 0 0 180 0 0 0 0 0 0 0 0 0 0 288 26 76 104 0 14 2 0 7 9 12 31 51 0 0 0 50 0 45 0 0 0 0 0 31 104 205 469 2 148 1010 20 93 186 175 912 123 0 161 520 0 0 0 558 0 7 107 19 0 0 0 0 0 120 0 0 0 0 221 0 0 0 0 454 18 6 0
0 0 3 0 0 0 47 3 5 6 3 2 8 0 26 0 64 0 0 1 12 5 5 1 1 968 3939 846 0 0 0 1371 0 0 0 36 0 0 0 99 0 61 0 0 77 0 0 19 0 0 0 5 60 0 0 2 117 248 140 80 96 30 9 27 23 28 120 86 0 0 51 0 0 0 0 22 0 0 0 9 67 62 53 0 22 37 3 43 97 99 8 0 0 20 1774 0 0 0 0 0 104 52 0 0 0 0 0 0 267 0 0 0 418 0 159 0 67 0 712 0 0 0
42 43 53 0 38 0 75 1174 1478 1319 129 112 951 0 690 832 25 1 17 281 0 2 1330 417 505 217 499 718 0 0 0 0 3 320 570 2492 0 136 285 0 0 6 0 329 673 695 194 0 0 0 366 250 4029 0 233 0 863 1044 1067 1586 379 122 162 62 121 101 111 169 513 0 10 1118 70 1418 271 217 1605 0 0 1015 929 383 383 0 198 349 5 254 658 659 615 0 504 1811 576 0 0 0 3195 0 5 938 4155 0 1495 0 0 3166 4736 0 0 1407 1264 0 236 0 0 0 10510 2439 587 9
0 0 0 0 0 0 0 0 0 1 0 0 0 0 0 0 0 0 0 0 0 0 1 0 0 0 1 0 0 0 0 0 0 0 0 0 0 0 0 0 0 0 0 0 0 0 0 0 0 0 0 0 1 0 0 0 0 0 1 0 0 0 0 0 0 0 0 0 0 0 0 3 0 1 0 0 0 0 0 2 1 1 1 0 0 1 0 0 1 1 0 0 0 1 0 0 0 0 0 0 0 0 0 0 0 0 0 0 0 0 0 0 0 0 0 0 0 0 0 0 0 0
49 25 29 32 35 0 79 82 71 113 42 33 0 0 10 0 3 0 7 37 0 461 159 0 42 714 1928 195 0 0 0 17 0 0 6 22 0 0 0 5 0 0 0 23 0 0 0 3 0 0 0 6 76 0 0 0 72 156 149 168 95 30 7 30 46 47 46 69 0 0 42 0 0 0 0 69 0 0 0 77 63 50 50 0 26 40 0 29 0 0 27 0 0 217 61 0 0 0 0 0 14 7 21 0 0 0 0 0 84 0 0 0 0 0 0 0 0 0 0 0 0 1
0 0 8 0 0 0 18 12 8 8 5 3 14 0 22 0 1 0 12 103 40 790 448 152 183 0 75 7 16 16 17 66 174 0 7 1 0 59 6 250 0 0 0 0 68 0 921 0 0 0 0 8 22 0 0 14 60 65 44 84 20 6 30 13 20 20 24 32 0 0 98 0 0 0 0 59 0 0 0 42 126 18 19 0 13 14 1 8 0 0 3 0 0 230 143 0 0 0 0 0 21 50 280 0 0 0 0 0 56 0 0 0 139 0 0 178 0 0 1954 0 0 0
10 14 172 0 0 0 15 1 0 106 101 20 0 1 45 82 14 0 179 7047 20 5 3 10465 12719 313 946 813 0 0 0 297 87 0 4 35 0 0 0 38 0 89 0 1835 61 0 65 22 0 0 0 3 49 0 0 0 70 109 102 65 0 0 0 11 8 12 39 36 0 1 76 0 0 37 0 7 0 0 0 40 60 23 22 0 14 17 0 13 0 40 49 0 71 325 7 0 0 0 0 0 4 386 158 0 3 0 0 0 0 0 1 0 104 202 0 101 0 0 602 11 0 0
0 0 0 0 0 0 0 0 0 0 0 0 0 0 0 0 38993 17457 3 121 0 0 395 0 0 0 0 0 0 0 0 0 0 0 0 0 0 0 0 0 0 0 0 0 0 0 0 0 0 0 0 0 0 0 0 0 0 0 0 0 0 0 0 0 0 0 0 0 0 0 0 0 0 0 0 0 0 0 0 0 0 0 0 0 0 0 0 0 0 0 0 0 0 0 0 0 0 0 0 0 0 0 0 0 0 0 0 0 0 0 0 0 0 0 0 0 0 0 0 0 0 0
