116
0 0 0 0 0 0 0 0 69 437 0 39 118 68 24 3 5 0 0 0 0 0 0 0 0 0 0 0 0 0 0 0 0 0 0 538 0 25 0 0 45 0 0 0 0 18 0 0 0 0 1 0 0 0 0 0 0 0 0 0 0 0 0 0 0 0 0 0 0 0 0 0 0 0 0 0 0 0 0 0 0 0 0 13 0 0 0 0 0 0 0 0 0 0 0 0 0 0 0 0 0 0 0 0 0 0 0 0 11 0 2 0 0 0 0 2
0 0 132 0 0 0 0 0 416 244 74 259 278 180 57 0 0 0 0 0 0 0 0 0 0 0 0 0 0 0 0 0 0 0 0 0 0 400 0 0 11 0 0 0 0 0 0 0 0 0 0 0 0 0 0 0 0 0 0 0 0 0 0 0 0 0 0 0 0 0 0 0 0 0 0 0 0 0 0 0 0 0 0 66 0 0 0 0 0 0 5 5 0 0 0 0 0 0 0 0 0 0 0 0 0 0 0 3 59 0 33 7 0 3 0 10
0 0 0 0 0 0 0 0 17744 1552 5964 8232 2318 5332 3784 0 0 0 0 0 0 0 0 0 0 0 0 0 0 0 0 0 0 0 0 0 0 9260 0 0 41 0 0 0 0 0 0 0 0 0 1 1 0 0 0 0 0 0 0 0 0 0 0 0 0 0 0 0 0 0 0 0 0 0 0 0 0 0 0 0 0 0 0 76 0 0 0 0 0 0 14 10 0 0 0 0 0 0 0 0 0 0 0 0 0 0 0 3 86 0 61 5 0 18 33 8
0 0 0 0 0 0 0 0 24 47 89 129 109 17 34 334 168 0 0 0 0 0 0 0 0 0 0 0 0 0 0 0 0 0 14 0 0 1444 903 0 38 84 0 0 0 3 0 0 0 0 1 927 0 0 0 74 0 0 0 0 0 0 0 0 0 0 0 0 0 0 0 0 0 0 0 0 12 0 0 0 0 0 0 22 0 0 0 0 0 0 4 82 0 0 0 0 0 0 0 0 1 0 0 0 0 0 0 8 53 0 111 15 67 120 58 158
0 0 0 0 0 0 0 0 54 24 38 68 118 127 12 20 44 0 0 0 0 0 0 0 0 0 0 0 0 0 0 0 0 8509 0 0 0 316 0 0 11 0 0 0 0 1 0 0 0 0 0 0 0 0 0 0 0 0 0 0 0 0 0 0 0 0 0 0 0 0 0 0 0 0 0 0 0 0 0 0 0 0 0 16 0 0 0 0 0 0 4 5 0 0 0 0 0 0 14 4 0 0 0 0 0 0 0 5 15 0 18 2 0 0 0 28
0 0 0 0 0 0 0 0 33 32 1 137 35 7 0 149 2 0 0 0 0 0 0 0 0 0 0 0 0 0 0 0 0 0 0 0 46536 0 7 0 22 0 0 0 0 5 0 0 0 0 0 0 0 0 0 61 0 0 0 0 0 0 0 0 0 0 0 0 0 4 0 0 0 0 0 0 3 0 0 0 0 0 0 792 0 0 0 0 0 0 3 3 0 0 0 0 0 0 0 0 0 0 0 0 0 0 0 0 26 0 0 3 12 41 23 169
0 0 0 0 0 0 0 0 0 0 0 0 0 0 0 0 11 0 0 0 0 0 0 0 0 0 0 0 0 0 0 0 0 0 0 0 0 0 0 0 0 1990 0 0 0 1 0 0 0 0 0 0 0 0 0 0 0 0 0 0 0 0 0 0 0 0 0 0 0 0 0 0 0 0 0 0 0 0 0 0 0 0 0 18 0 0 0 0 0 0 0 0 0 0 0 0 0 0 0 0 0 0 0 0 0 0 0 0 4 0 2 0 0 0 0 0
0 0 0 0 0 0 0 0 0 0 0 3923 1621 0 2618 17 123 0 0 9 0 0 0 0 0 0 0 0 0 0 0 0 0 0 0 0 0 32 0 0 0 0 0 0 0 48 0 0 0 0 0 0 3 0 0 0 0 0 0 0 0 0 0 0 0 0 0 0 0 4 0 0 0 0 0 0 0 0 0 0 0 0 0 29323 0 0 0 0 0 0 0 0 0 0 0 0 5 0 0 0 0 0 0 0 0 0 0 9 190 0 104 20 0 12 6 196
0 0 0 0 0 0 0 0 0 26 10 22 211 137 5 0 5 0 0 0 0 0 0 0 0 0 0 0 0 74250 0 0 59 0 0 3 0 0 21 0 34 0 0 357 0 0 0 0 0 0 0 94 15 0 0 0 0 0 1 0 0 0 0 0 0 0 0 0 0 0 0 0 0 0 0 0 0 0 0 0 0 0 0 144 0 0 0 0 0 0 25 33 0 0 2 0 0 0 0 0 0 0 0 0 0 0 0 0 329 0 0 0 0 0 0 2
0 0 0 0 0 0 0 0 0 0 0 0 8 0 1 0 655 0 0 0 0 0 0 0 0 0 0 0 0 0 91914 0 0 0 0 1 0 0 0 0 20 122 0 5 0 8 182 4 0 0 0 77 12 0 0 0 0 0 1 2 0 0 0 3 0 0 0 0 0 0 0 0 0 0 0 0 4 0 0 0 0 0 0 560 0 0 0 0 0 0 12 1065 0 0 77 0 0 0 0 0 0 0 0 0 0 10 0 0 34 0 0 8 0 0 0 7
0 0 0 0 0 0 0 0 0 5 0 0 69 3 5 0 2 0 0 0 0 0 0 0 0 0 0 0 0 0 0 84124 0 0 0 0 0 0 5 0 7 0 0 63 0 0 0 0 0 0 0 0 0 0 0 0 0 0 0 0 0 0 0 0 0 0 0 0 0 0 0 0 0 0 0 0 0 0 0 0 0 0 0 598 0 0 0 0 0 0 0 26 0 0 10 0 0 0 0 1 0 0 0 0 0 0 0 0 24 0 30 3 0 0 0 15
0 0 0 0 0 0 0 0 0 6 13 0 7 2 4 0 0 0 0 0 0 0 0 0 0 0 0 0 0 0 0 0 1822 0 0 3 0 0 0 0 8 0 6 1 0 0 0 0 0 0 0 0 0 0 0 0 0 0 0 0 0 0 0 0 0 0 0 0 0 0 0 0 0 0 0 0 0 0 0 0 0 0 0 526 0 0 0 0 0 0 0 99 0 0 9 0 0 0 0 0 0 0 0 0 0 0 0 0 0 0 0 0 0 1 0 0
0 0 0 0 0 0 0 0 0 0 0 0 0 0 1 0 0 0 0 0 0 0 0 0 0 0 0 0 0 0 0 0 1435 0 0 0 0 0 0 0 0 140 0 0 0 0 0 0 0 0 0 0 8 0 0 0 0 1 0 0 0 0 0 0 0 0 0 0 0 0 0 0 0 0 0 0 0 0 0 0 0 0 0 5 0 0 0 0 0 0 0 0 0 0 643 0 0 0 0 0 0 0 0 0 0 0 0 0 274 0 5 2 0 0 0 3
0 0 0 0 0 0 0 0 0 6 0 0 9 0 2 24 1091 0 0 0 0 0 0 0 0 0 0 0 0 0 0 0 2 0 89041 1 0 0 0 0 32 3427 1 100 0 1 0 0 0 0 0 125 20 0 0 0 0 0 2 3 1 0 0 0 0 0 0 0 0 0 0 0 0 0 0 0 15 0 0 0 0 0 0 92 0 0 0 0 0 0 0 11 0 0 1459 0 0 0 4 6 0 0 0 0 0 0 0 5 43 0 46 16 0 0 0 23
0 0 0 0 0 0 0 0 0 0 0 0 0 0 0 0 0 0 0 0 0 0 0 0 0 0 0 0 0 0 0 0 0 0 0 0 0 0 0 0 0 0 0 0 0 0 0 0 0 0 0 0 0 0 0 0 0 0 0 0 0 0 0 0 0 0 0 0 0 0 0 0 0 0 0 0 0 0 0 0 0 0 0 139 0 0 0 0 0 0 0 163 0 0 0 0 0 0 0 0 0 0 0 0 0 0 0 0 0 0 0 0 0 0 0 0
0 0 0 0 0 0 20 0 0 0 0 0 0 0 0 0 61 1 0 0 0 0 0 0 0 0 0 0 0 0 0 0 0 4 0 5 0 0 0 3 0 0 0 0 0 5546 2210 0 0 0 0 9 0 0 0 0 0 0 11 6 1 12 0 279 10 27 23 15 16 0 0 0 0 0 0 1 90 0 0 0 0 0 0 14341 0 0 0 0 0 0 6 23 0 0 0 2 0 0 0 0 0 0 0 0 0 0 0 6 97 0 0 6 0 71 4 24
0 0 0 0 0 0 0 0 0 0 0 0 0 0 0 0 0 0 0 0 0 0 0 0 0 0 0 0 0 0 10 35 0 0 0 2 0 0 0 6388 0 118 0 0 0 0 0 0 0 0 5 2 6 0 0 0 877 0 0 0 0 0 0 0 0 0 0 0 0 0 0 0 0 0 0 0 0 0 0 0 0 0 0 1 0 0 0 0 0 0 0 8 0 0 17 0 0 0 0 0 0 0 0 0 0 0 0 0 6 0 0 0 0 28 24 0
0 0 1 0 0 0 0 0 1 0 1 1 0 0 0 0 0 0 1 1 0 0 0 0 0 0 0 0 0 0 0 0 0 1 0 2 1 0 0 0 0 0 0 0 0 0 0 0 1034 0 3 0 0 0 0 0 0 0 1 0 0 0 0 0 0 0 0 0 0 0 0 0 0 0 0 1 0 368 1 0 2 2 0 1 0 2 2 2 0 0 0 0 0 0 0 2 0 0 1 0 1 2 0 0 0 1 0 0 0 0 4 0 2 0 0 13
0 23 6 199 773 1077 3 2052 11 5 7 144 0 18 40956 312 73 0 0 0 0 73377 6627 92355 15154 97631 42377 85595 98857 54 2 42 244 295 146 338 581 0 14 70 0 57 2 4 160 931 17 100 34589 0 0 6816 62241 41682 39950 9740 303 1742 111 1364 667 1135 117 77 167 42 27 228 88 0 0 0 31 3180 0 2 1679 0 0 0 0 0 0 0 0 0 0 0 0 0 0 0 0 0 0 7002 162 5486 924 17375 417 1497 0 0 0 0 0 0 2870 0 83 26 168 40 237 120
0 0 0 0 0 0 0 0 0 0 0 0 0 0 0 6 0 0 731 0 0 0 0 0 0 0 0 0 0 16 27 99 13 6 22 11 10 9 16 10 20 0 0 0 0 53 94 55 2172 487 0 192 49 77 0 79 190 251 771 176 7256 684 703 0 0 0 0 0 859 0 0 0 0 43 0 424 81 0 9279 0 0 0 0 0 0 0 0 0 0 0 0 0 0 0 0 0 0 0 0 0 0 0 0 0 0 0 0 0 0 0 0 0 0 0 0 0
0 0 0 0 0 0 0 0 0 0 0 0 0 0 0 0 0 0 0 0 0 0 0 0 0 0 0 0 0 0 0 0 0 0 0 0 0 0 0 0 0 0 0 0 0 0 0 0 0 0 0 0 0 0 0 0 0 0 0 0 0 0 0 0 0 0 0 0 0 0 0 0 0 0 0 0 0 0 0 0 0 0 0 0 0 0 0 0 0 0 0 0 0 0 0 0 0 0 0 0 0 0 0 0 0 0 0 0 0 0 0 0 0 0 0 0
0 0 0 0 0 0 0 0 0 0 0 0 0 0 0 0 0 0 0 0 0 0 0 0 0 0 0 0 0 0 0 0 0 0 0 0 0 0 0 0 0 0 0 0 0 0 0 0 0 0 0 0 0 0 0 0 0 0 0 0 0 0 0 0 0 0 0 0 0 0 0 0 0 0 0 0 0 0 0 0 0 0 0 0 0 0 0 0 0 0 0 0 0 0 0 0 0 0 0 0 0 0 0 0 0 0 0 0 0 0 0 0 0 0 0 0
0 0 0 0 0 0 0 0 0 0 0 0 0 0 0 0 0 0 0 0 0 0 0 0 0 0 0 0 0 0 0 0 0 0 0 0 0 0 0 0 0 0 0 0 0 0 0 0 0 0 0 0 0 0 0 0 0 7 35 3 1 0 0 0 0 0 1 0 0 0 0 0 0 0 0 0 0 0 0 0 0 0 0 0 0 0 0 0 0 1 0 0 0 0 0 2 0 0 0 0 0 0 0 0 0 0 0 0 0 0 0 0 0 1 0 1
0 0 0 0 358 0 0 1 0 0 0 0 2 0 0 0 1 2 0 55 0 0 0 0 0 0 0 0 0 0 0 0 0 1 0 0 0 0 0 0 0 0 0 0 0 0 0 0 0 0 0 0 0 0 0 0 0 0 0 0 0 0 0 0 0 0 0 0 0 0 0 0 0 0 0 0 0 2 2 1 7 0 1 106 0 1 0 0 1 0 1 1 0 0 0 4 5 1 0 0 0 1 0 0 0 0 0 0 0 0 0 0 0 8 1 2
0 0 0 0 0 0 0 0 0 0 0 0 0 0 0 0 0 0 0 0 0 0 0 0 0 0 0 0 0 0 0 0 0 0 0 0 0 0 0 0 0 0 0 0 0 0 0 0 0 0 0 0 0 0 0 0 0 0 1 0 0 0 0 0 0 0 0 0 0 0 0 0 0 0 0 0 0 0 0 0 0 0 0 0 0 0 0 0 0 0 0 0 0 0 0 0 0 0 0 0 0 0 0 0 0 0 0 0 0 0 0 0 0 0 0 0
0 0 0 0 0 0 0 0 0 0 0 0 0 0 0 0 0 0 0 0 0 0 0 0 0 0 0 0 0 0 0 0 0 0 0 0 0 0 0 0 0 0 0 0 0 0 0 0 0 0 0 0 0 0 0 0 0 6 27 3 1 0 0 0 0 0 1 0 0 0 0 0 0 0 0 0 0 0 0 0 0 0 0 0 0 0 0 0 0 1 0 0 0 0 0 2 0 0 0 0 0 0 0 0 0 0 0 0 0 0 0 0 0 1 0 1
0 0 0 0 0 0 0 0 0 0 0 0 0 0 0 0 0 0 0 0 0 0 0 0 0 0 0 0 0 0 0 0 0 0 0 0 0 0 0 0 0 0 0 0 0 0 0 0 0 0 0 0 0 0 0 0 0 0 0 0 0 0 0 0 0 0 0 0 0 0 0 0 0 0 0 0 0 0 0 0 0 0 0 0 0 0 0 0 0 0 0 0 0 0 0 0 0 0 0 0 0 0 0 0 0 0 0 0 0 0 0 0 0 0 0 0
0 0 0 0 0 0 0 0 0 0 0 0 0 0 0 0 0 0 0 0 0 0 0 0 0 0 0 0 0 0 0 0 0 0 0 0 0 0 0 0 0 0 0 0 0 0 0 0 0 0 0 0 0 0 0 0 0 0 2 0 0 0 0 0 0 0 0 0 0 0 0 0 0 0 0 0 0 0 0 0 0 0 0 0 0 0 0 0 0 0 0 0 0 0 0 0 0 0 0 0 0 0 0 0 0 0 0 0 0 0 0 0 0 0 0 0
0 0 0 0 0 0 0 0 0 0 0 0 0 0 0 0 0 0 0 0 0 0 0 0 0 0 0 0 0 0 0 0 0 0 0 0 0 0 0 0 0 0 0 0 0 0 0 0 0 0 0 0 0 0 0 0 0 0 0 0 0 0 0 0 0 0 0 0 0 0 0 0 0 0 0 0 0 0 0 0 0 0 0 0 0 0 0 0 0 0 0 0 0 0 0 0 0 0 0 0 0 0 0 0 0 0 0 0 0 0 0 0 0 0 0 0
7 79 29 15 32 1 67 1 0 39 146 36 26 30 18 0 1 0 0 0 6 0 0 0 0 0 0 0 0 0 28 103 0 1 47 20 2 0 5 0 44 3 0 556 0 2 0 0 2 0 1 0 0 0 0 0 0 0 2 0 0 0 1 0 0 0 0 0 0 0 0 0 0 0 0 1 0 0 0 0 0 0 0 3 0 1 0 0 0 0 0 1286 0 0 860 0 0 5 0 1 10 0 0 0 1 0 0 1 1 0 0 0 7 39 29 80
0 0 0 0 2 0 1 0 97 0 284 74 54 63 37 0 0 0 0 0 5 0 0 0 0 0 0 0 0 0 0 93 0 0 34 11 0 0 42 0 99 4 0 1062 0 3 3 0 1 47 1 2 1 1 0 0 1 1 2 1 1 0 0 0 0 1 0 0 0 0 0 0 0 0 0 3 0 0 0 0 0 0 0 3 0 0 0 0 0 1 4 327 0 0 802 0 0 5 0 1 6 0 0 0 0 0 0 1 1 0 35 0 23 9 36 59
0 0 0 0 8 0 2 12 0 0 0 1 1 0 0 0 0 0 0 0 1 0 0 0 0 0 0 0 0 0 0 0 0 0 0 0 0 0 0 0 2 0 0 0 0 0 0 0 0 43 0 38 1 0 0 0 0 0 0 0 0 0 0 0 0 0 0 0 0 0 0 0 0 0 0 0 0 0 0 0 0 0 0 0 0 0 0 0 138 0 0 0 0 0 137 0 0 1 1 0 0 0 0 0 0 0 0 0 1 0 0 0 0 0 0 6
0 0 0 0 0 0 0 0 0 23 113 0 0 0 22 0 0 0 0 0 1 0 0 0 0 0 0 0 0 1 5 13 0 0 6 15 0 0 0 0 56 0 48 50 27 1 0 0 1 0 0 33 2 0 0 0 0 0 0 0 0 0 0 0 0 0 0 0 1 0 0 0 0 0 0 3 0 0 0 0 0 0 0 0 0 0 0 0 0 0 0 770 0 0 0 0 0 0 0 0 0 0 0 0 0 0 0 0 0 0 9 0 15 20 4 18
0 0 0 0 0 0 0 0 94 134 26 6 5 40 3 0 34 0 0 0 3 0 0 0 0 0 0 0 0 0 1 6 19 0 4 147 0 0 0 0 7 0 0 0 0 0 0 0 4 40 2 0 0 0 0 0 0 12 0 0 0 0 0 0 0 0 0 0 0 0 0 0 0 0 0 0 0 0 0 0 0 0 0 0 0 0 0 0 0 0 0 0 0 0 0 0 0 0 0 0 0 0 0 0 0 0 0 0 2 0 0 0 6 0 3 0
0 0 0 0 1 0 0 0 32 32 78 22 14 0 11 0 103 0 0 0 2 0 0 0 0 0 0 0 0 0 0 31 0 0 0 0 0 0 29 0 76 0 0 0 0 1 0 0 1 0 0 0 0 0 0 0 43 159 51 21 27 0 0 1 0 0 2 1 0 0 0 0 0 0 0 5 0 0 0 0 0 0 0 1 0 0 0 0 0 0 0 7 0 0 461 0 0 2 14 3 29 0 0 0 0 0 0 0 34 0 260 42 0 0 95 705
0 0 0 0 0 0 0 0 0 0 1 0 0 0 0 0 0 0 0 0 0 0 0 0 0 0 0 0 0 0 0 24 0 0 0 0 0 0 112 0 102 0 0 0 0 0 0 0 0 0 0 0 0 0 0 0 0 0 0 0 0 0 0 0 0 0 0 0 0 0 0 0 0 0 0 0 0 0 0 0 0 0 0 0 0 0 0 0 0 0 0 0 0 0 0 0 0 0 0 0 0 0 0 0 0 0 0 0 0 0 0 0 0 0 0 0
0 0 0 0 0 0 0 0 105 88 291 76 53 553 39 0 1 0 0 0 1 0 0 0 0 0 0 0 0 0 4 20 21 4 22 109 0 0 0 126 211 0 0 305 0 1 0 0 0 0 0 0 0 0 0 0 0 0 1 0 0 385 1 1 1 0 0 1 8 0 0 0 0 0 0 0 0 0 0 0 0 0 0 1 0 0 0 0 0 0 0 3 0 0 0 0 0 0 0 0 1 0 0 0 0 0 0 0 0 0 0 0 9 0 18 10
0 0 0 0 0 5 5 0 6551 10690 153 4624 7003 3326 2130 1 1017 20 0 0 70 0 0 0 0 0 0 0 0 109 359 1326 2160 1174 663 312 2593 0 14940 369 743 79 0 1213 4 32 0 30 19 61 129 43 23 38 0 0 0 227 482 20 238 12 14 12484 39 29 44 39 0 134 0 494 6 11 61 90 406 0 0 0 0 0 0 40 0 4 0 0 10 31 1264 92 0 0 2083 0 0 55 0 13 392 0 5 0 0 0 0 15 154 16 144 0 433 86 272 376
1 1 0 0 1 0 0 0 0 9 0 5 26 2 6 0 6289 0 0 0 63 0 0 0 0 0 0 0 0 0 0 33 49 320 0 0 37 0 0 23 10 0 0 0 0 6 0 0 0 0 36 46 7 0 0 0 0 10 26 9 7 0 0 35 0 8 0 40 0 0 0 0 0 0 0 5 0 0 0 27 6 12 0 27 0 26 0 0 0 82 0 0 0 0 489 0 23 24 22 9 0 0 0 0 42 13 0 53 6 0 11 196 0 242 8 47
0 1 0 0 2 1 1 0 94 120 103 18 19 45 12 0 0 9 0 0 8 0 0 0 0 0 0 0 0 16 52 154 21 22 72 168 0 0 0 0 35 0 0 63 0 2 0 0 2 0 5 0 1 0 0 0 0 0 6 4 0 3 8 17 9 13 28 9 16 0 0 0 0 0 0 7 0 0 0 0 0 0 0 4 0 0 0 0 2 0 0 0 0 0 503 0 0 0 1 5 0 0 0 0 0 0 0 0 1 0 130 3 59 0 22 3
0 0 0 0 0 0 0 0 0 0 0 0 2 0 1 0 1 0 0 0 8 0 0 0 0 0 0 0 0 0 0 0 0 0 0 0 0 0 0 0 0 0 0 0 0 0 0 0 4 0 1 0 0 0 0 0 0 18 91 7 3 0 0 38 0 1 0 10 0 0 0 0 0 0 0 0 0 0 0 1 0 0 0 7 0 1 0 0 0 3 0 0 0 0 0 0 0 0 1 1 0 0 0 0 1 0 0 0 0 0 0 0 0 378 0 140
26 65 51 0 89 93 0 29 27 0 133 22 0 0 8 50 0 21 0 2 4 0 0 0 0 0 0 0 0 0 0 2 8 4 0 11 2 0 4 4 38 0 9344 2273 491 32 225 0 1 0 10 0 31 59 0 0 216 8 4 7 70 1 1 6 3 64 2 20 9 0 0 0 0 11 147 77 179 0 0 0 0 0 0 0 0 0 0 0 0 0 81 337 0 0 0 110 23 0 0 40 9 72 0 0 0 0 0 10 15 0 0 0 328 50 2 135
163 148 97 73 21 4 10 46 2 3 7 0 9 0 3 7 2089 717 0 2 26 0 0 0 0 0 0 0 0 7 0 5 0 7 2 28 18 9 14 11 17 0 0 321 0 6 0 268 4 0 21 41 403 801 0 99 0 74 28 29 43 10 11 104 9 27 47 15 23 0 0 0 0 0 25 27 271 0 0 9 13 17 0 9 22 22 0 0 1 14 525 282 0 0 0 0 0 14 80 113 0 0 41 0 76 25 0 98 405 0 35 40 216 363 225 2693
1 0 0 1 0 0 0 1 0 0 0 0 1 0 0 0 5 158 0 1 4 0 0 0 0 0 0 0 0 0 0 0 0 4 0 23 0 0 0 0 0 0 0 0 0 0 0 0 7 0 88 0 45 2 0 0 0 206 42 40 29 5 16 0 126 0 103 1279 206 0 0 0 0 0 0 59 0 0 0 0 46 0 0 9 1 29 0 0 10 128 36 8 0 0 0 0 0 0 128 62 11 19 0 0 0 0 0 0 0 0 2198 1 0 0 183 14
3 3 2 139 29 12 19 81 3 4 10 9 9 6 3 211 247 914 0 1 25 0 0 0 0 0 0 0 0 6 1 3 0 24 2 57 10 0 146 65 110 0 201 328 0 4966 3281 99 8 0 36 81 8 12 0 0 0 734 145 76 98 5 0 37 9 11 14 112 61 0 0 1 2 6 166 6 1257 0 0 0 0 0 0 1865 0 0 0 0 0 2861 155 275 23 0 53 638 0 23 32 9 0 103 0 0 0 0 0 53 127 0 118 29 19 55 126 1313
0 0 0 0 0 0 0 0 0 0 0 0 0 0 0 0 0 0 0 0 0 0 0 0 0 0 0 0 0 0 0 0 0 0 0 781 0 0 0 0 6 0 0 0 0 0 925 0 1 0 18 222 0 0 0 0 0 0 0 0 0 0 0 0 0 0 0 0 0 0 0 0 0 0 0 2 0 0 0 0 0 0 0 27 0 0 0 0 0 0 70 1048 0 0 0 0 0 0 0 0 0 0 0 0 0 137 0 0 0 0 0 0 0 283 0 0
11 22 8 261 7 338 21 10 69 0 207 54 42 32 27 0 556 75 0 0 16 0 0 0 0 0 2 0 0 4 0 20 309 418 31 880 138 609 408 736 300 0 280 1945 0 0 0 10366 9 0 28 0 266 539 0 0 441 2625 891 201 65 50 15 5 2 11 146 87 33 0 121 18 306 152 124 110 145 0 0 32 387 408 0 205 21 384 229 142 1 3 497 1513 0 0 396 43 0 0 0 95 169 0 9 0 773 193 0 1069 911 0 445 238 264 369 426 829
3 45 14 25 17 13 17 11 27 0 50 16 6 21 3 37 80 107 0 0 9 0 0 0 0 0 0 0 0 2 1 8 139 13 1 59 9 0 232 34 570 3 0 226 0 21 0 0 17 0 142 0 91 180 0 0 18 357 100 105 94 0 0 7 0 0 0 35 21 0 0 61 0 13 0 67 0 0 0 36 15 23 0 59 35 35 0 0 0 0 879 739 0 0 0 8 0 9 0 76 116 0 0 0 1201 581 0 1969 1462 0 996 354 0 1629 744 580
0 0 0 0 0 0 0 0 0 0 0 0 0 0 0 0 0 0 0 0 0 0 0 0 0 0 0 0 0 0 0 0 0 0 0 0 0 0 0 0 0 0 0 0 0 0 0 0 0 0 0 0 0 0 0 0 0 0 0 0 0 7015 0 0 0 0 0 0 135 0 0 0 0 0 0 0 0 0 0 0 0 0 0 0 0 0 0 0 0 0 0 0 0 0 0 0 0 0 0 0 0 0 0 0 0 0 0 0 0 0 0 0 0 0 0 0
2667 7329 5767 2160 13360 10931 1269 9140 574 216 813 542 2270 918 119 2274 7449 6 559 0 146 0 0 0 1 0 2 1 0 19 0 0 61 0 8 331 57 0 1085 112 2106 42 350 466 5345 1416 994 538 172 0 787 4897 334 602 0 489 1105 3608 1085 670 6247 0 1204 241 535 231 224 508 781 78 38 0 47 5226 95 259 531 0 0 0 0 0 74536 12 0 2 0 0 46385 1136 2736 389 190 0 301 15470 5366 71 8527 7597 13596 1376 528 0 1443 555 0 560 1096 0 864 235 338 1170 613 2315
0 0 0 0 0 0 0 0 0 0 0 0 0 0 0 0 0 0 0 0 0 0 0 0 0 0 0 0 0 0 0 0 0 0 0 0 0 0 0 0 0 0 0 0 0 0 0 0 0 0 0 0 0 0 0 0 0 0 0 0 0 0 0 0 0 0 0 0 0 0 0 0 0 0 0 0 0 0 0 0 0 0 0 0 0 0 0 0 0 0 0 0 0 0 0 0 0 0 0 0 0 0 0 0 0 0 0 0 0 0 0 0 0 0 0 0
5 10 0 0 20 11 2 12 0 0 2 10 21 0 4 0 0 7 0 0 58 0 0 0 0 0 0 0 0 10 0 0 0 12 3 15 21 0 0 19 13 349 0 2515 0 0 74 412 86 0 134 0 6 0 130 10350 0 43 39 34 71 0 5 4 0 1 0 25 15 72 20 431 44 4 787 376 712 0 0 0 0 0 489 2 0 0 0 0 54 0 14 34 0 0 0 23 0 27 0 0 0 0 0 0 0 0 0 12 10 2 0 0 0 187 0 326
0 0 0 0 0 0 0 0 0 0 0 0 0 0 0 0 0 0 0 0 1 0 0 0 0 0 0 0 0 0 0 0 0 0 0 0 0 0 0 0 0 0 0 0 0 0 0 0 0 0 4 0 0 0 0 0 0 0 0 0 0 0 0 0 0 0 0 0 0 0 0 0 0 0 0 0 0 0 0 0 0 0 0 0 0 0 0 0 0 0 0 0 0 0 0 0 0 0 0 0 0 0 0 0 0 0 0 0 0 0 0 0 0 10 0 6
247 2827 1033 526 1106 28 2398 13 733 1037 266 84 27 281 48 7 277 1 0 0 8 0 0 0 0 0 0 0 0 0 0 4 477 140 16 1153 1 0 27 2 76 0 0 0 0 3 0 0 6 0 12 64 0 0 0 0 0 107 2 2 0 0 0 3 0 0 15 2 1 0 0 0 0 0 0 4 0 0 0 0 0 0 10 3 2 0 0 0 3 0 0 53 0 0 0 2 0 3 0 0 3 0 0 0 0 0 0 0 0 0 0 10 72 120 43 73
285 142 237 138 4202 28 904 28 833 2062 2776 1039 700 669 421 205 711 31 0 725 105 0 0 0 2 0 5 1 0 17 4 8 358 333 10 51 166 460 504 279 2121 4682 3359 262 3324 5507 1962 2897 8230 261 1809 0 991 2225 0 1057 3231 3660 1448 1464 10899 190 1998 1250 12591 2257 660 1940 1476 414 32 200 61 0 440 706 0 9 251 19 210 28 627 1274 64 1273 56 0 82 130 2972 60 0 0 152 529 0 75 355 123 540 0 0 0 115 24 0 196 2632 0 815 326 0 741 731 11901
12 9 5 0 16 0 197 61 50 44 229 74 63 40 36 18 394 1660 0 0 40 0 0 0 0 0 3 0 0 72 20 8 652 199 10 279 19 615 138 1396 60 223 0 1273 1802 148 460 1280 56 0 3064 0 196 389 0 0 1125 369 298 415 539 161 76 178 48 74 111 371 548 66 79 223 102 71 1449 926 1222 0 0 72 62 66 0 96 73 69 17 0 28 712 40 161 0 0 133 0 0 18 40 96 176 188 117 0 192 103 0 401 565 0 375 78 310 291 230 1396
0 0 0 308 513 318 466 2177 119 87 350 134 65 56 1 951 0 794 0 0 8 0 0 0 0 0 3 0 0 2 0 12 35 384 0 5 14 137 2349 21 20 0 247 11 651 456 0 0 10 0 9 135 0 1 0 0 0 36 54 90 537 596 498 115 0 88 89 417 71 203 35 527 26 85 542 359 648 0 0 0 0 0 0 0 0 0 0 0 6 170 897 3 0 0 0 189 0 360 0 0 10 0 0 0 0 0 0 76 449 0 180 60 0 4 65 41
0 84 51 0 92 92 415 271 37 28 6 1 0 21 0 244 1986 2 0 0 4 0 0 0 0 0 5 0 0 0 0 0 3 0 0 5 2 0 0 1 0 0 0 0 0 9 0 0 2 0 11 0 0 0 0 0 0 0 0 34 0 0 0 0 0 0 0 1 0 0 0 52 59 0 0 7 0 0 0 0 0 0 0 0 0 0 0 0 5 1333 0 1 0 0 0 158 0 2 28 18 0 0 0 0 0 0 0 0 68 0 64 0 60 27 3 174
0 0 0 0 0 0 0 0 0 0 0 0 0 0 0 0 0 0 0 0 0 0 0 0 0 0 0 0 0 0 0 0 0 0 0 0 0 0 0 0 0 0 0 0 0 0 0 0 0 0 0 0 0 0 0 0 0 191 0 36 0 3 0 0 0 0 12 2 0 0 0 0 0 0 0 0 0 0 0 0 0 0 0 0 0 0 0 0 3 0 0 0 0 0 0 0 0 0 0 0 0 0 0 0 0 0 0 0 0 0 0 0 0 0 0 15
1 1 1 1 1 1 1 1 0 0 1 1 0 0 0 0 11 0 0 0 5 0 0 0 0 0 1 0 0 1 0 2 1 1 0 2 1 0 0 0 0 0 0 0 0 2 0 0 3 0 1 0 0 0 0 0 0 0 0 0 35 0 0 0 0 1 0 5 0 0 0 0 0 0 0 0 0 0 0 0 0 0 0 0 0 0 0 0 21 4245 0 4 0 0 0 609 0 1 0 0 0 0 0 0 0 0 0 0 1 0 0 0 0 269 0 46
25 16 36 9 4 3 4 10 7 10 32 24 1 0 0 0 1852 38 0 0 4 0 0 0 1 0 1 0 0 1 0 2 14 34 0 1 35 0 0 22 0 0 0 0 0 1 0 0 2 0 3 0 0 57 0 0 0 63 117 0 0 928 0 0 0 0 0 5222 153 0 0 0 0 0 0 0 0 0 0 0 0 0 0 36 0 37 0 0 2 484 5 0 0 0 0 49 0 0 0 0 0 0 0 0 0 0 0 0 0 0 0 3 0 0 10 136
1 3 2 10 5 4 15 9 0 0 9 0 1 0 0 0 10 794 0 0 0 0 0 0 0 0 0 0 0 0 3 69 0 0 6 0 0 0 29 0 8 0 0 0 0 3 0 2 0 37 163 127 3 4 0 0 0 35 0 189 0 0 818 4 0 0 0 5 589 321 0 176 0 0 503 492 102 0 0 0 0 0 42 0 0 0 0 0 163 397 231 16 0 0 0 64 0 9 0 1 0 0 0 0 0 0 0 0 0 0 0 0 0 0 0 8
4 9 6 37 19 12 54 31 2 1 26 1 3 2 0 13 35 2972 0 0 1 0 0 0 0 0 1 0 0 0 9 188 0 0 18 1 0 0 124 0 38 0 0 0 27 9 0 54 9 0 608 0 1 1 0 0 0 130 18 729 168 0 0 18 0 0 10 0 3129 3857 5 1260 5 0 2004 1840 395 0 0 0 0 0 82 1 0 0 0 0 606 1751 922 63 0 0 0 255 0 32 0 19 0 0 0 0 0 0 0 2 4 0 0 0 2 0 2 30
0 1 1 0 2 0 0 0 15 0 1 0 2 1 0 0 4 14 0 0 0 0 0 0 0 0 0 0 0 580 152 0 1 0 0 0 0 0 0 0 0 0 0 5 0 11 0 0 1 0 85 0 0 0 0 0 0 198 78 0 45 0 0 0 0 0 0 0 0 0 0 331 0 0 0 75 0 0 0 0 0 0 14 14 0 0 0 0 13 33 0 7 0 0 0 0 0 0 0 0 0 0 0 0 0 0 0 0 3 0 0 0 0 0 0 1
0 1 1 9 2 1 13 6 4 1 9 1 1 1 0 0 14 648 0 0 0 0 0 0 0 0 0 0 0 130 35 51 0 0 4 0 0 0 30 0 423 0 0 0 0 0 0 942 3 0 20 23 0 1 0 0 13 78 120 4 50 72 146 4 0 3 0 0 2251 459 0 242 0 0 24 50 519 0 0 0 0 0 0 3 0 0 0 0 114 182 390 36 0 0 0 18 0 0 0 0 0 0 0 0 0 0 0 0 2 0 3 0 0 0 1 11
0 1 0 0 1 1 0 0 3 0 8 0 1 0 0 0 1 39 0 0 0 0 0 0 0 0 0 0 0 104 0 62 0 0 6 0 0 0 0 0 0 0 0 2 0 2 0 13 0 0 0 0 0 0 0 0 0 51 0 0 16 29 14 0 0 0 0 0 45 0 0 12 0 0 5 22 0 0 0 0 0 0 0 3 0 0 0 0 26 156 0 2 0 0 0 1 0 0 0 0 0 0 0 0 0 0 0 0 0 0 0 0 0 0 0 0
1 2 1 1 2 2 1 1 13 0 13 0 2 1 0 0 9 188 0 0 0 0 0 0 0 0 0 0 0 489 134 104 1 0 0 0 0 0 0 0 3 0 0 0 0 5 0 91 1 0 8 14 0 0 0 0 0 11 0 11 14 699 0 2 0 2 0 0 178 530 0 1692 3 9 75 218 26 0 0 0 0 0 15 12 0 0 0 0 135 16 558 14 0 0 0 36 0 0 0 0 0 0 0 0 0 0 0 0 4 0 4 0 0 0 0 7
0 0 0 0 0 0 0 0 1 0 0 0 0 0 0 0 2 24 0 0 0 0 0 0 0 0 0 0 0 18 3 0 0 0 0 0 0 0 0 0 0 0 0 0 0 0 0 0 0 0 183 0 0 0 0 0 0 0 0 0 0 0 25 4 262 0 246 0 182 0 0 0 0 0 0 0 0 0 0 0 0 0 0 0 0 0 0 0 22 0 0 3 0 0 0 0 0 0 0 11 0 0 0 0 0 0 0 0 0 0 0 0 0 0 0 0
1 1 1 2 62 1 1 1 5 2 23 6 10 11 1 0 9 338 0 0 0 0 0 0 0 0 0 0 0 0 8 163 0 701 15 0 0 0 4 0 108 0 0 0 0 4 0 0 0 0 89 0 0 0 0 0 0 37 9 132 0 0 0 14 0 0 0 0 0 0 0 490 0 0 1289 524 25 0 0 0 0 0 29 3 0 0 0 0 133 623 34 4 0 0 0 330 0 0 0 2 0 0 0 0 0 0 0 0 1 0 0 0 0 0 0 3
3 3 1 12 6 0 13 0 113 102 937 245 160 99 116 81 360 1593 6 109 108 0 0 0 1 0 4 0 0 27 7 30 267 57 10 132 66 0 1799 999 628 310 29 595 255 227 207 450 63 0 4658 0 17 22 0 0 0 770 108 483 381 0 0 154 0 145 0 1576 1847 0 338 592 480 351 1453 1179 563 0 27 151 180 186 0 134 191 173 120 90 1 2246 1599 606 0 0 0 35 0 87 101 181 65 0 0 0 85 6 0 363 379 0 644 35 0 200 91 392
1 2 1 1 14 0 4 1 49 47 142 43 31 39 1 111 147 8 2 4 1 0 0 0 0 0 0 0 0 0 1 49 96 12 0 56 4 1 130 71 113 36 68 18 1 35 0 57 13 0 26 0 3 4 0 0 0 15 10 17 23 9 0 31 27 13 9 141 46 0 0 0 0 0 82 232 0 0 48 34 29 20 1 152 156 140 109 105 0 6 88 100 0 0 0 0 0 0 0 1 0 0 0 157 540 213 0 1016 111 4 118 0 0 155 76 22
5 7 4 80 24 9 17 47 2 3 53 10 7 4 1 1 49 451 17 24 7 0 0 0 0 0 1 0 0 2 1 4 24 9 3 24 8 0 19 15 33 4 6 8 0 43 0 0 6 31 460 0 1 4 0 0 0 0 12 21 17 0 0 0 0 0 0 829 0 0 543 0 653 291 588 160 536 0 157 189 298 312 0 341 322 290 193 137 0 293 510 15 0 0 0 0 0 0 1 1 219 141 146 0 0 0 0 1686 3 0 304 11 0 0 63 632
1 2 1 1 15 0 4 1 20 22 21 3 2 17 1 21 172 9 0 3 1 0 0 0 0 0 0 0 0 0 0 42 6 7 4 11 1 0 24 12 27 18 18 19 0 14 0 27 15 0 39 0 3 4 0 0 0 0 16 24 26 10 0 201 27 26 0 64 29 0 1638 0 0 517 143 400 0 0 18 10 14 14 1 36 14 14 13 13 0 54 225 204 0 0 0 0 0 0 0 0 0 0 575 70 231 156 0 757 316 0 31 0 0 79 222 27
0 1 1 0 4 0 1 0 1 4 85 1 1 5 0 16 382 2249 0 0 0 0 0 0 0 0 0 0 0 4 4 47 2 1 10 1 0 0 49 2 42 0 46 1 0 8 0 0 5 0 118 0 1 0 18 0 0 102 30 18 51 33 20 11 10 7 0 89 103 0 153 0 0 0 423 750 0 0 0 0 0 0 0 2 0 0 0 0 1 0 137 90 0 0 0 0 0 0 0 1 0 0 0 1 39 35 0 193 179 0 62 0 0 30 60 6
18 14 12 78 19 6 11 43 16 14 8 46 83 26 21 59 78 58 7 29 275 0 0 0 0 0 1 0 0 61 11 24 20 59 22 71 104 0 63 108 84 0 0 45 0 77 0 41 6 0 213 0 20 32 0 0 0 50 127 201 69 0 0 40 0 0 0 133 0 0 0 0 0 0 0 630 88 0 0 11 8 4 0 54 54 52 0 0 1 67 1835 296 0 0 0 11 0 362 0 43 129 0 0 0 24 2 0 99 101 0 287 0 0 105 68 146
0 0 0 0 0 0 0 0 0 0 0 0 2 1 0 0 16 0 0 0 5 0 0 0 0 0 0 0 0 0 0 0 0 1 0 1 1 0 0 0 2 0 0 0 0 0 0 0 0 0 5 0 0 0 0 0 0 0 2 1 0 0 0 0 0 0 0 1 0 0 0 0 0 0 0 0 0 0 0 0 0 0 0 0 0 0 0 0 0 0 0 7 0 0 0 11 0 62 0 37 0 0 0 0 0 0 0 0 0 0 70 0 0 0 0 0
5 7 4 0 22 0 4 0 6 0 9 10 13 0 5 0 61 139 0 0 32 0 0 0 0 0 1 0 0 483 1 9 47 15 3 31 42 0 16 16 17 0 0 152 0 88 0 352 36 0 75 0 16 24 264 0 0 706 55 60 197 0 0 15 0 3 0 12 0 0 1726 0 1029 1198 0 15 0 12 0 4 2 4 23 25 3 12 0 0 4 112 1099 483 0 0 115 11 0 0 114 364 0 0 0 0 38 0 0 662 2782 0 659 206 905 56 183 1534
15 6 4 5 4 3 25 5 4 3 16 1 3 10 2 2 25 0 9 15 0 0 0 0 1 0 3 0 0 0 0 0 7 2 0 32 1 5 15 6 18 27 7 11 25 105 14 16 0 17 22 10 4 9 0 9 13 20 17 71 53 16 72 7 68 8 9 70 4 9 0 17 0 3 8 8 0 0 0 0 0 0 0 0 0 0 140 139 0 4 3 14 0 0 11 1 3 24 3 1 3 0 5 3 7 3 2 6 13 1 15 7 9 14 9 26
195 81 46 66 57 41 325 61 48 44 206 16 36 126 26 31 234 0 118 0 0 0 0 0 0 0 1 0 0 0 1 5 98 31 1 433 15 62 166 86 232 351 85 141 337 1402 274 147 0 223 29 134 58 113 0 34 236 314 230 996 704 219 959 94 908 109 123 937 48 0 0 0 0 41 86 112 64 0 0 0 0 0 0 0 0 0 1675 1667 0 0 195 184 0 0 0 7 0 304 0 13 18 0 0 0 68 17 0 66 161 0 127 75 97 173 115 322
7 3 2 2 2 2 12 2 2 2 8 1 1 5 1 1 10 0 4 7 0 0 0 0 0 0 1 0 0 0 0 0 3 1 0 14 0 1 0 3 0 9 0 1 8 46 0 0 0 7 19 4 2 4 0 0 8 11 8 34 25 7 32 3 30 4 4 31 2 0 0 0 0 1 0 4 0 0 0 0 0 0 0 0 0 0 57 57 0 0 8 9 0 0 0 0 0 15 2 1 0 1 0 0 0 2 0 0 5 0 0 0 0 0 5 11
28 12 7 10 8 6 47 9 7 6 30 2 5 18 4 4 33 0 17 28 0 0 0 0 0 0 1 0 0 0 0 1 14 4 0 62 2 5 0 12 26 11 0 0 43 200 0 0 0 16 1 17 8 15 0 0 33 45 33 142 41 31 137 13 130 16 17 134 7 0 0 0 0 6 0 16 0 0 0 0 0 0 0 0 0 0 248 247 0 0 19 23 0 0 0 1 0 44 5 2 0 0 0 0 0 0 0 4 20 0 0 0 0 23 16 44
21 9 5 7 6 5 36 7 5 5 23 2 4 14 3 3 5 0 13 22 0 0 0 0 0 0 0 0 0 0 0 0 11 3 0 48 2 4 0 9 18 10 0 5 34 154 0 0 0 18 0 13 6 11 0 0 26 34 25 109 15 24 105 10 100 12 13 103 5 0 0 0 0 4 0 12 0 0 0 0 0 0 0 0 0 0 184 183 0 0 15 17 0 0 10 1 0 34 4 1 0 0 0 4 0 4 0 8 14 0 0 0 0 15 13 36
50 21 12 17 14 11 83 16 12 11 53 4 9 32 7 8 120 0 30 50 0 0 0 0 0 0 0 0 0 0 0 1 25 8 0 111 4 16 52 22 62 75 24 38 87 360 93 54 0 0 18 0 15 0 0 28 59 80 59 254 190 0 0 0 208 6 0 231 0 26 0 57 0 6 28 29 0 0 0 0 0 0 0 0 0 0 420 418 0 13 51 47 0 11 0 2 6 75 10 3 9 31 14 7 22 10 6 19 42 0 46 23 25 45 29 82
0 0 0 0 0 0 0 0 0 0 0 0 0 0 0 0 0 0 0 0 0 0 0 0 0 0 0 0 0 0 0 0 0 0 0 0 0 0 0 0 0 0 0 0 0 0 0 0 0 0 1 0 0 0 0 0 0 0 0 0 0 0 0 0 0 0 0 0 0 0 0 0 0 0 0 0 0 0 0 0 0 0 0 0 0 0 2 2 0 0 0 0 0 0 0 0 0 0 0 0 0 0 0 0 0 0 0 0 0 0 0 0 0 0 0 0
10 4 2 3 3 2 17 3 3 2 11 0 2 7 9 2 18 0 6 10 0 0 0 0 0 0 0 0 0 0 0 2 5 2 0 23 1 0 8 4 12 17 0 0 15 74 0 0 0 6 0 5 20 0 0 0 12 16 0 52 39 11 50 5 48 6 6 49 3 0 0 0 0 2 0 6 0 0 0 0 0 0 0 0 0 0 2 2 0 0 3 9 0 0 0 0 0 16 2 4 0 5 0 2 0 13 0 3 5 0 0 0 0 1 6 17
6 2 1 2 2 1 10 2 1 1 6 0 1 4 1 1 13 0 3 6 0 0 0 0 0 0 0 0 0 0 0 0 3 1 0 13 0 0 0 2 0 9 0 0 6 41 0 0 0 0 0 1 2 2 0 0 7 9 7 29 0 6 28 3 27 3 4 28 1 0 0 0 0 1 0 3 0 0 0 0 0 0 0 0 0 0 49 48 0 0 0 2 0 0 0 0 0 5 1 0 0 0 0 0 0 1 0 0 1 0 0 0 0 0 2 7
94 39 23 32 27 20 158 30 23 21 100 8 17 61 13 15 86 0 57 96 0 0 0 0 1 0 1 0 0 0 0 2 48 15 1 211 6 30 67 42 109 169 21 64 163 683 0 62 0 14 4 64 28 55 0 0 115 153 112 485 302 376 320 46 442 53 60 456 24 0 0 0 0 20 34 54 25 0 0 0 0 0 0 0 0 0 0 0 0 0 97 91 0 0 0 4 0 155 19 7 9 27 0 0 0 0 0 31 79 0 46 27 0 85 58 162
140 58 33 48 41 30 233 44 34 32 148 11 26 90 19 22 49 0 85 141 0 0 0 0 1 0 2 0 0 0 0 3 71 22 1 312 9 45 114 62 166 250 44 92 242 1009 0 112 0 141 6 96 41 82 45 10 169 226 165 716 476 556 473 68 653 78 88 674 35 0 0 0 0 29 60 80 43 0 0 0 0 0 0 0 0 0 3867 0 0 0 571 527 0 0 120 20 0 869 107 38 93 319 82 0 194 92 0 204 463 0 474 243 243 497 330 923
0 0 0 0 0 11 0 0 2 2 7 2 1 2 1 0 0 0 0 0 0 0 0 0 0 0 0 0 0 0 0 0 0 0 0 3 0 0 3 0 4 3 0 0 1 0 0 2 0 0 0 0 0 0 0 0 0 0 0 0 0 0 0 0 0 0 0 0 0 0 0 0 0 0 0 0 0 0 2 0 14 14 0 1 0 12 13 13 0 3 0 0 0 0 0 0 0 0 0 0 0 2 0 0 2 0 0 2 5 0 18 0 0 1 0 1
0 195 118 142 125 96 234 112 35 38 657 481 148 44 220 409 591 1490 1 0 1 0 0 0 1 0 15 1 0 32 0 0 30 12 0 32 4 0 0 21 0 78 0 0 0 288 0 116 4924 0 7197 24 23 41 0 0 0 0 188 0 0 0 0 0 0 0 0 12 0 0 0 0 0 66 0 59 0 0 66 127 200 206 0 104 207 184 166 152 0 0 397 172 0 0 0 91 0 214 375 311 80 183 60 0 193 136 0 885 783 48 679 161 100 367 310 1017
4 0 0 0 0 0 1 1 0 0 24 30 70 13 17 0 28 1 2 3 234 0 0 0 0 0 1 0 0 50 0 19 5 42 10 71 80 0 25 60 37 0 0 0 0 0 0 0 11 0 155 0 11 3 0 0 0 34 90 22 0 0 0 57 0 4 0 27 0 0 0 0 0 0 0 31 0 0 0 0 0 0 0 5 0 3 0 0 2 0 0 122 0 0 0 0 0 152 0 12 0 0 0 0 0 0 0 7 13 0 0 0 0 0 0 0
1 0 0 0 0 0 0 0 0 0 0 0 4 0 0 0 0 2 2 3 875 0 0 0 0 0 1 0 0 0 0 1 0 1 0 2 0 0 8 0 12 0 0 0 0 0 0 0 0 0 152 0 1 0 0 0 0 0 4 0 1 0 0 0 0 0 0 0 0 0 0 0 0 0 0 0 0 0 0 0 0 0 0 2 0 0 0 0 0 0 0 0 0 0 0 0 0 5 0 1 0 0 0 0 0 0 0 0 0 0 0 0 0 0 0 9
1746 586 437 912 641 138 397 459 1307 482 831 2096 16992 5390 1797 926 3065 30 3 20 79957 0 0 0 1 0 7 1 0 19866 3927 6717 2044 5237 6964 838 32681 3204 10290 675 7198 3135 8619 2491 0 3171 5205 9284 126 0 4171 6630 3053 3960 6336 2772 2452 5717 28745 5423 4110 6148 7389 28234 2340 1021 2479 11916 5019 4784 5004 741 2533 1306 5052 3931 49 144 1634 268 2736 1505 39 703 1823 2238 1038 974 34 5098 7170 4147 0 4350 2315 341 1457 1370 3313 3389 5348 3378 3708 466 6839 2011 0 12449 138 761 2596 437 1787 2768 5933 2853
212 283 139 698 162 48 90 416 2045 2490 48 9233 7224 3411 4277 1268 7662 437 392 613 1799 0 0 0 2 0 5 0 0 430 74 334 639 10567 281 14958 830 684 196 25630 4953 2314 2742 162 25 4133 155 149 688 3485 2400 179 481 897 9637 3348 5714 4969 1495 1011 2579 1581 1394 2695 712 652 852 8943 5649 1699 2575 690 2299 1023 1954 2054 2052 176 987 559 954 948 0 880 950 858 822 654 2 2912 3393 3066 0 0 3423 3273 0 53750 1946 1848 3380 841 364 0 1011 514 108 1679 2634 0 1678 448 1606 1500 1240 5098
0 0 0 0 0 0 0 0 0 0 0 0 0 0 85 150 0 31 71 1648 10 0 0 0 0 0 1 0 0 0 0 0 133 1310 0 52 201 0 0 0 164 641 1183 236 0 43 0 404 3 0 631 22 4 4 0 0 1 85 67 194 108 34 28 172 47 26 50 515 99 111 79 356 863 639 193 230 0 0 13 273 189 0 20 6862 23 1471 210 0 40 254 267 34 0 0 0 231 0 87 756 296 1831 125 0 0 277 904 0 357 1279 339 775 158 142 411 168 25
7 13 5 2 8 3 6 11 9 22 26 8 22 14 15 0 9 0 0 12 0 0 0 0 0 0 1 0 0 20 73 0 43 241 47 6 84 0 12 3 7 0 3 5 0 1 0 0 3 0 277 0 0 0 0 3 0 0 11 0 0 0 0 23 0 0 0 7 0 0 0 5 14 8 0 0 0 0 0 0 0 0 0 0 0 0 0 0 0 0 71 38 0 0 0 0 0 0 0 0 0 0 0 0 0 0 0 0 24 0 1 0 0 0 0 21
0 0 0 1 0 0 0 0 2439 3442 1152 1994 2006 1355 3 536 2576 6509 0 1 0 0 0 0 0 0 18 1 0 12 47 518 3087 685 25 4612 688 1222 0 1411 3433 0 4875 2 15 6698 2143 2916 351 0 648 4074 740 1479 243 1001 991 1847 1608 7813 1853 3260 2768 1278 2261 7199 3291 1702 3747 1743 5 3031 8 5 1687 1537 1535 0 796 241 431 441 0 735 439 390 381 277 2 1599 3644 852 0 223 832 1174 0 2107 1221 941 2803 0 23 0 264 199 0 572 1110 0 748 171 446 592 410 2009
12 13 9 7 19 10 3 103 1 2 7 4 16 4 6 3 23 1 0 34 0 0 0 0 0 0 0 0 0 0 0 0 21 70 0 6 35 0 0 3 8 690 0 13 0 19 0 0 2 0 21 0 1 0 0 0 0 0 11 0 6 0 0 14 0 29 0 25 23 0 10 226 180 32 0 0 120 0 0 0 0 0 0 29 0 0 0 0 0 0 0 0 0 0 0 2 0 0 3 2 0 0 0 0 0 0 0 38 1 0 5 0 0 0 6 18
9 10 11 3 0 61 5 13 8 5 14 4 2 0 5 87 902 0 0 60 0 0 0 0 0 0 0 0 0 13 14 0 36 62 0 2112 21 28 0 0 0 7693 0 0 0 466 28 62 53 0 45 151 36 62 0 0 41 0 345 311 215 81 968 303 45 35 336 47 5 0 29 0 38 24 34 114 0 0 1 0 0 0 0 0 0 0 0 0 0 0 381 4 0 0 0 8113 0 0 0 14 66 0 0 0 0 0 0 62 105 0 33 0 0 46 23 95
0 0 0 0 0 1 0 1 1 1 0 0 0 0 0 2 85 0 0 0 0 0 0 0 0 0 0 0 0 0 0 0 0 0 0 217 7 0 0 0 0 0 0 0 0 26 0 0 1 0 5 55 6 9 0 0 1 0 107 70 67 0 0 0 1 0 0 0 0 0 0 0 0 0 0 0 0 0 0 0 0 0 0 0 0 0 0 0 0 0 0 0 0 0 0 159 0 0 0 0 0 0 0 0 0 0 0 42 46 0 0 3 0 6 0 0
0 0 0 0 0 0 0 0 33 15 95 27 0 35 0 12 61 0 0 17 0 0 0 0 0 0 1 0 0 0 0 2 16 3 0 9 0 0 97 31 332 0 5 0 72 31 0 0 5 0 176 6 2 0 0 0 0 33 59 25 39 13 1 15 4 4 4 69 50 0 294 0 202 114 0 20 37 0 0 10 5 6 0 16 8 8 0 0 0 0 117 27 0 0 0 20 0 1 0 18 0 0 0 0 0 0 0 150 170 0 54 0 0 107 24 64
5 429 7 7 2 249 3 7 120 97 2291 417 353 85 194 108 819 0 0 170 24 0 0 0 1 0 4 0 0 6 3 195 159 72 4 221 58 173 1084 328 1669 0 1298 0 0 578 137 179 1 0 3803 169 1 118 98 0 31 5310 335 685 501 791 275 288 91 91 109 1159 705 41 196 0 190 73 223 227 118 3 7 0 22 27 0 115 0 32 0 0 0 0 843 4454 0 0 0 91 155 468 2330 2413 3236 0 0 0 0 7 0 207 289 0 104 0 0 181 74 291
0 0 0 3 2 0 1 1 99 119 490 80 82 148 39 60 324 65 43 72 6 0 0 0 0 0 1 0 0 1 0 2 34 49 0 117 10 0 177 197 220 193 0 203 118 75 0 730 22 0 463 92 10 18 103 0 220 153 108 166 120 40 12 103 32 32 37 420 204 83 141 0 0 31 37 193 63 0 144 126 89 93 0 179 96 86 60 0 1 0 1321 1635 0 0 242 110 0 63 135 118 520 620 0 660 2340 1841 0 2769 1203 0 1396 162 221 1394 1406 1151
109 273 176 147 178 194 662 133 360 204 345 782 83 238 428 160 506 14 112 101 4 0 0 0 1 0 7 0 0 100 155 426 99 87 187 128 89 112 220 102 195 293 358 138 142 536 86 207 80 4 1073 465 102 191 15 71 202 633 868 272 322 361 305 378 559 177 505 165 261 219 0 257 0 0 244 353 286 0 243 174 267 0 0 244 0 242 233 149 0 286 1384 1221 0 27 105 66 127 48 281 290 619 516 0 0 2741 96 0 881 742 0 852 69 30 867 405 1245
11 42 13 5 21 19 1 1 182 59 13 132 6 158 60 41 186 185 18 18 4 0 0 0 0 0 1 0 0 0 0 1 23 6 0 5 3 7 0 13 0 4 0 55 91 142 0 0 1 0 124 45 20 40 0 0 0 116 16 42 75 14 10 5 21 31 30 11 20 0 0 6 0 0 0 45 0 0 0 68 42 46 0 15 50 46 7 0 0 0 192 1737 0 0 0 8 0 172 159 193 112 25 0 0 0 0 0 30 85 0 0 0 0 68 0 122
4 8 17 8 16 7 13 13 31 0 8 3 5 2 3 28 46 0 16 26 14 0 0 0 1 0 1 0 0 17 45 261 33 8 33 9 15 21 0 14 28 63 0 41 23 0 0 0 6 0 239 20 0 8 0 0 695 31 346 48 55 75 63 120 60 88 92 141 210 0 0 53 0 0 0 150 9 0 0 0 22 0 0 0 0 0 10 0 0 0 145 0 0 0 0 1 0 18 44 25 947 0 0 0 14399 0 0 37 87 0 0 0 0 5 8 90
2 2 1 211 43 17 25 119 133 178 373 81 63 249 3 114 602 461 64 107 12 0 0 0 0 0 1 0 0 4 4 7 208 320 11 1090 72 325 54 328 80 24 1290 1257 348 217 407 2326 39 223 807 200 23 45 177 254 384 513 237 623 260 62 53 274 86 85 102 1124 265 480 472 0 382 192 628 686 355 0 297 250 350 359 0 276 2 316 312 238 0 701 422 2 227 0 1535 81 517 19 1144 26 1396 2813 1581 960 3694 2764 0 4353 3549 319 2994 1297 1822 2923 2545 8940
0 0 0 0 0 0 0 0 1 0 0 0 0 0 0 0 1 25 0 0 0 0 0 0 0 0 1 0 0 0 0 0 5 1 0 6 1 0 0 1 3 0 0 1 0 3 0 0 1 0 2359 0 0 4 0 0 0 7 5 4 7 2 0 5 1 2 1 21 10 0 0 0 0 0 0 9 0 0 0 2 0 0 0 7 0 4 0 0 0 0 0 67 0 0 0 2 0 0 0 0 0 0 0 0 0 0 0 0 55 0 0 0 0 10 0 0
0 0 0 0 0 0 0 0 0 0 0 6 0 0 3 0 0 23 0 4 1 0 0 0 0 0 1 0 0 0 0 0 1 0 0 5 0 0 0 0 2 0 0 9 0 5 0 0 1 0 302 0 11 1 0 0 0 0 5 0 9 1 0 0 0 0 0 2 0 0 0 0 0 0 0 1 0 0 0 0 0 0 0 3 0 0 0 0 0 0 0 1 0 0 0 0 0 0 0 0 0 0 0 0 0 0 0 0 0 0 0 0 0 0 0 0
35 66 31 1 38 11 255 88 1378 1146 5041 1667 1055 974 802 483 1676 923 569 707 63 0 0 0 1 0 13 1 0 7 31 26 2294 735 19 12870 156 0 2691 872 4863 593 1108 1933 1660 1805 2102 4387 219 1096 1093 0 872 1728 1446 1129 2828 1916 1638 4813 2269 862 696 1029 1125 810 1261 1129 1672 2299 0 1883 2616 1530 1105 3315 1839 0 1723 1603 1416 1446 6 1526 1432 1270 1300 1252 30 0 48 43 0 167 0 3501 1437 2683 4303 4496 796 1560 3634 4187 8434 5202 0 4359 3587 0 2726 1668 3327 6340 5785 9894
0 0 0 0 0 2 0 0 10 8 0 0 0 0 0 31 92 0 0 9 0 0 0 0 0 0 0 0 0 0 0 47 0 1 0 3 2 0 0 0 5 19 0 0 0 44 0 0 0 0 204 67 0 1 0 0 0 0 101 27 7 0 1211 5 0 0 0 7 10 0 0 0 0 0 0 0 0 0 0 68 56 75 0 49 93 55 0 0 0 0 129 601 0 0 0 0 0 0 0 16 0 0 0 0 1589 10 0 91 238 0 0 0 0 208 31 138
0 0 0 0 0 0 3 0 4 0 0 0 0 0 0 0 24 286 0 2 0 0 0 0 0 0 0 0 0 3 4 6 4 1 0 2 2 3 0 0 5 6 0 0 0 54 0 0 4 0 489 61 1 0 0 0 0 22 187 26 0 8 4 7 2 3 4 12 15 0 12 0 20 8 9 16 0 0 0 21 8 11 0 22 16 18 0 0 0 0 76 1314 0 0 0 0 0 9 12 0 136 33 0 0 283 105 0 293 615 0 294 0 0 295 78 146
0 53 21 0 18 0 0 4 71 91 161 23 25 79 11 56 361 0 0 0 4 0 0 0 0 0 0 0 0 0 0 30 0 0 118 2 0 0 402 0 185 0 0 10 0 49 0 84 0 0 61 547 3 0 154 0 130 0 38 10 10 6 0 97 2 8 5 12 8 16 88 8 52 16 44 48 0 0 0 48 294 116 0 40 50 3 2 0 0 0 449 1213 0 0 0 944 0 25 114 274 1278 258 0 0 2947 769 0 690 1338 0 820 18 0 1610 425 1637
2 0 0 0 5 0 1 0 3 2 6 0 1 3 0 0 0 21 0 1 0 0 0 0 0 0 0 0 0 0 0 6 0 0 1 0 1 0 0 0 0 0 0 3 0 0 0 0 1 0 164 0 0 0 0 0 0 0 35 0 11 3 0 1 1 2 2 1 4 0 0 0 0 0 0 4 0 0 0 0 0 0 0 3 0 2 0 0 0 0 10 10 0 0 0 46 0 105 0 0 0 0 0 0 0 0 0 0 69 0 0 0 0 0 0 0
0 1 0 0 0 0 2 0 1 1 1 0 1 1 1 0 0 14 0 2 3 0 0 0 0 0 0 0 0 0 0 1 0 0 0 0 0 0 0 0 7 0 0 0 0 9 0 0 0 0 64 5 2 0 0 0 0 0 4 4 0 1 0 20 0 1 1 5 2 0 0 0 0 0 0 36 0 0 0 0 0 0 0 7 0 0 0 0 36 0 112 126 0 0 0 7 0 0 0 27 0 0 0 0 6 0 0 190 103 0 0 0 0 342 0 173
0 0 0 0 0 0 0 0 0 0 0 7 0 0 0 0 20 0 0 0 2 0 0 0 0 0 0 0 0 0 0 0 0 0 0 1 0 0 0 0 0 0 0 0 0 2 0 0 1 0 64 0 0 0 0 0 0 0 0 0 0 0 0 0 0 0 0 0 0 0 0 0 0 0 0 0 0 0 0 0 0 0 0 3 0 0 0 0 0 0 8 0 0 0 0 0 0 0 0 16 0 0 0 0 0 0 0 25 41 0 0 0 0 56 0 0
