122
0 0 0 0 0 0 0 0 2 6 22 3 5 1 2 0 1 0 0 0 0 0 0 0 0 0 0 0 0 0 0 0 0 0 0 0 0 288 0 0 0 0 53 0 0 0 0 0 0 0 0 0 0 22 0 0 0 0 0 0 0 0 0 0 0 0 0 0 0 0 0 0 0 0 0 0 0 0 0 153 0 0 0 0 0 0 0 0 0 0 0 0 0 0 0 0 0 0 0 0 0 0 0 0 0 0 0 0 0 0 0 0 0 0 0 0 0 0 0 0 0 0
1 0 52 0 0 0 0 0 36 16 46 48 39 11 15 0 6 0 0 0 0 1 2 1 2 3 0 1 0 0 0 0 0 0 4 0 0 0 0 5849 0 3 1 0 0 0 0 3 0 0 0 0 1 0 0 0 0 0 0 0 0 0 0 0 0 0 0 0 0 0 0 0 0 0 0 0 0 0 0 0 0 0 0 0 0 15 0 0 0 0 0 0 0 0 0 0 0 0 0 0 0 0 0 0 0 0 0 0 0 0 0 0 0 0 0 0 0 0 0 0 2 0
0 0 0 0 0 0 0 0 177 34 31 305 35 41 71 0 7 0 0 0 0 0 1 1 1 3 0 0 0 0 0 0 0 0 5 0 0 0 0 3319 2 3 1 104 71 1 0 1 0 0 0 0 0 0 0 0 0 0 0 0 0 0 0 0 0 0 0 0 0 0 0 0 0 2 0 0 0 2 2 4 0 0 0 0 0 7 0 0 0 0 0 0 1 0 0 0 0 0 0 0 0 4 0 1 0 0 0 0 0 1 0 0 0 0 0 0 0 1 0 0 4 0
6 10 4 0 4 3 9 4 65 6 434 49 196 67 90 79 107 1 2 2 0 5 8 6 10 14 3 3 0 0 0 7 1 4 28 0 89 2 21 5186 15475 69 67 0 1 52 0 22 0 0 3 0 3 1504 8 0 0 0 0 0 4 0 0 0 0 0 0 0 0 0 0 0 0 0 1 0 1 0 0 0 0 0 0 0 0 13 0 0 1 0 0 1 0 0 0 6 0 0 287 0 0 0 0 0 0 0 0 0 0 3 0 0 0 9 0 0 4 24 0 10 14 0
0 0 0 0 0 0 0 0 19 0 24 36 18 9 12 1 13 0 0 0 0 0 1 1 1 2 0 0 0 0 0 0 0 0 3 31203 0 0 0 0 0 1 6 28 35 3 0 2 0 0 0 0 0 3 0 0 0 0 0 0 0 0 0 0 0 0 0 0 0 0 0 0 0 0 0 0 0 0 1 0 0 0 0 0 0 10 0 0 0 0 0 0 0 0 0 0 0 0 13 0 0 2 4 3 0 0 0 0 0 1 0 0 0 0 0 0 0 2 0 0 3 0
0 0 0 0 0 0 0 0 10 0 7 31 8 3 1 162 109 1 0 3 0 0 1 0 0 3 0 0 0 0 0 0 0 0 0 0 0 0 90980 0 119 0 87 0 2 52 0 26 0 0 0 0 0 61 22 84 0 0 0 0 0 0 0 0 0 0 0 0 0 0 0 0 0 0 0 0 0 0 0 0 0 0 0 0 0 301 0 0 0 0 0 0 0 4 0 0 0 0 299 2 0 0 0 0 0 0 0 0 0 5 0 0 0 2 0 0 5 17 0 7 2 0
0 0 0 0 0 0 0 0 2 0 22 0 10 2 5 0 48 0 6 1 0 0 1 1 1 2 0 0 0 0 0 0 0 0 1 0 0 0 0 0 0 0 0 3172 57 6 0 46 13 0 0 0 0 266 0 0 0 0 0 0 0 0 0 0 0 0 0 0 0 0 0 0 0 1 0 0 0 0 0 0 0 0 0 0 0 137 0 0 0 0 0 0 0 0 0 0 0 0 0 0 0 1 0 1 0 0 0 0 0 2 0 0 0 0 0 0 0 0 0 0 3 0
3 2 4 0 0 0 0 0 271 14 156 992 136 247 319 0 39 0 0 0 0 0 0 0 1 1 0 0 0 0 0 4 0 0 127 0 0 3 0 0 11 96 0 0 0 3 0 1 0 0 0 0 0 0 3 2 0 0 0 0 0 0 0 0 0 0 0 0 0 0 0 0 0 0 0 0 1 0 0 0 0 0 0 0 0 2 0 0 2 0 0 1 0 0 0 0 0 0 0 0 0 0 0 0 0 0 0 0 0 1 0 0 0 0 0 0 0 3 0 0 26 0
0 0 0 0 0 0 0 0 0 1 0 952 3585 1510 28 73 15 1 0 0 0 1 2 1 2 4 0 0 0 0 0 43817 0 0 0 0 0 0 0 0 0 0 1 95 148 697 0 6 0 0 0 0 1 0 7 23 0 0 0 0 0 0 0 0 0 0 0 0 0 0 0 0 0 5 0 0 1 9 5 11 0 0 0 0 0 201 0 0 0 0 0 0 1 0 0 0 0 0 0 0 0 8 0 2 0 0 0 0 0 2 0 0 0 46 0 0 0 0 0 0 9 0
0 0 0 0 0 0 0 0 0 0 0 0 0 0 0 0 0 0 0 0 0 0 0 0 0 0 1 0 0 0 0 0 2378 0 0 0 0 0 0 0 0 0 0 0 0 0 0 0 0 0 0 0 0 0 0 0 0 0 0 0 0 0 0 0 0 0 0 0 0 0 0 0 0 0 0 0 0 0 0 0 0 0 0 0 0 2 0 0 0 0 0 0 0 0 0 0 0 0 0 0 0 0 0 0 0 0 0 0 0 0 0 0 0 0 0 0 0 0 0 0 0 0
0 0 0 0 0 0 0 0 10 1 0 42 649 0 9 52 12 1 0 0 0 1 2 2 2 3 1 1 0 0 0 0 0 91948 0 0 0 0 0 0 0 0 1 51 60 0 0 13 0 0 0 0 1 0 2 4 0 0 0 0 0 0 0 0 0 0 0 0 0 0 0 0 0 2 0 0 1 0 3 3 0 0 0 0 0 540 0 0 0 0 0 0 1 0 0 0 0 0 0 0 0 4 0 1 0 0 0 0 0 1 0 0 0 0 0 0 0 0 0 0 6 0
0 0 0 0 0 0 0 0 0 0 0 0 0 0 6 0 25 3 0 0 0 1 1 1 2 3 1 1 0 0 0 0 0 0 12 0 0 0 0 0 0 0 0 509 350 1 0 2 0 0 1 0 1 0 7 0 0 0 0 0 1 0 0 0 0 0 0 0 0 0 0 0 0 10 0 0 3 0 12 26 0 0 0 0 0 0 0 0 0 0 0 1 3 0 0 0 0 0 0 0 0 17 0 2 0 0 0 0 0 5 0 0 0 0 0 0 0 0 0 0 18 0
0 0 0 0 0 0 0 0 0 0 0 108 0 0 144 0 1 0 0 0 0 0 0 0 0 0 0 0 0 0 0 0 0 0 0 0 0 0 0 0 0 0 0 0 0 0 0 0 0 0 0 0 0 0 21 81 0 0 0 0 0 0 0 0 0 0 0 0 0 0 0 0 0 0 0 0 0 0 0 0 0 0 0 0 0 4 0 0 0 0 0 0 0 0 0 0 0 0 115 0 0 0 0 0 0 0 0 0 0 0 0 0 0 0 0 0 0 0 0 0 0 0
0 0 0 0 0 0 0 0 0 45 65 196 267 0 9 1086 981 4 160 23 0 4 6 2 2 23 5 4 3 4 2 1 0 0 7 0 95450 0 0 0 1 0 567 537 88 346 0 221 327 0 1 0 1 499 158 673 0 0 0 1 2 0 0 0 0 0 1 0 1 1 0 0 0 3 0 0 2 6 3 5 0 0 0 0 0 362 0 0 0 0 0 0 1 58 0 2 195 0 2015 29 0 9 139 75 9 0 0 0 0 47 0 0 3 28 0 0 44 0 20 61 18 0
0 0 0 0 0 0 0 0 0 0 0 0 0 0 0 0 0 0 0 0 0 0 0 0 0 0 0 0 0 0 0 0 0 0 0 0 0 0 0 0 0 0 0 0 0 0 0 0 0 0 0 0 0 0 0 0 0 0 0 0 0 0 0 0 0 0 0 0 0 0 0 0 0 0 0 0 0 0 0 0 0 0 0 0 0 107 0 0 0 0 0 0 0 0 0 165 0 0 0 0 0 0 0 0 0 0 0 0 0 0 0 0 0 0 0 0 0 0 45 0 0 0
1 2 1 0 0 0 9 28 0 1 0 6 1 0 2 0 46 314 0 1 0 5 6 7 5 21 8 6 3 17 0 0 0 0 29 0 0 2 0 0 44 55 0 0 0 0 0 3554 2187 0 0 0 4 14 0 34 0 0 2 0 9 0 0 0 0 111 12 0 14 23 19 0 0 0 0 0 0 0 14 0 0 0 0 0 0 4373 1 0 3 0 0 0 0 0 0 0 0 0 0 0 0 1 0 0 0 0 0 0 0 0 0 0 9 53 0 0 2 0 7 0 53 0
0 0 0 0 0 0 0 0 0 0 0 0 0 0 0 0 0 0 0 0 0 0 0 0 0 0 0 0 0 0 0 0 3 0 0 0 0 0 0 0 0 5843 0 0 0 0 0 0 0 0 0 0 0 0 13 50 0 0 0 0 0 0 0 0 0 0 0 0 0 0 0 0 0 0 0 0 0 0 0 0 0 0 0 0 0 0 0 0 0 0 0 0 0 0 0 0 0 0 0 0 0 0 0 0 0 0 0 0 0 0 0 0 0 0 0 0 0 0 1 0 0 0
0 0 0 0 0 0 0 0 0 0 0 0 0 0 0 0 0 0 0 0 0 1 2 2 2 6 1 1 0 0 0 0 15910 0 1107 0 0 500 5 0 76 117 0 0 0 275 0 0 1092 0 47596 0 0 55 81 280 0 0 0 0 177 483 140 0 0 144 0 0 0 184 0 0 0 0 0 0 0 189 0 0 23441 0 0 0 0 0 0 0 0 0 0 0 0 0 0 6 0 0 0 0 0 0 0 0 0 0 0 0 0 0 0 0 0 0 0 0 0 0 0 0 0 0
0 1 1 0 10 176 0 240 1 25175 1 5 0 0 168 15 3 836 0 40612 2763 178 3 6 1 33 1 198 0 0 0 2 16864 3 4 0 3 44 64 0 3 19 0 0 0 3 0 79 0 0 509 10682 2 452 1322 3325 1278 0 0 40 4 128 0 0 0 1 0 11 0 35 0 0 93343 0 0 82 10362 0 0 1191 0 0 0 0 0 0 0 0 0 0 0 1 1 0 0 0 0 0 0 0 0 0 69 643 0 0 0 0 0 0 0 13524 0 0 0 257 0 4 0 8 0 7656
0 0 0 0 0 0 0 0 0 71149 0 0 0 0 0 0 14 0 0 0 0 4 9 10 7 30 6 4 0 0 0 0 0 0 2 0 0 0 0 0 4 3 0 0 0 0 0 0 0 0 9 0 0 4 5 20 0 0 0 2 0 0 0 0 0 0 0 0 0 0 570 0 4 0 0 0 54 0 0 63 0 0 0 0 0 0 0 0 0 0 0 0 0 0 0 0 0 0 0 0 0 0 0 0 0 0 0 0 0 0 0 1 0 0 0 0 0 0 0 0 0 0
0 0 0 0 0 6 0 7 0 738 0 0 0 0 5 1 0 158 0 2 0 56 49 169 23 37 99 25 3 0 61 0 393 0 0 0 0 0 2 0 0 0 0 0 0 0 0 0 0 0 0 0 0 0 13 1 0 0 0 0 0 0 0 0 0 0 0 0 0 0 0 0 239 0 0 0 0 0 0 26 0 0 0 0 865 0 0 0 0 0 0 57 0 75 0 0 0 0 0 0 0 0 0 0 0 0 0 0 0 0 0 8 0 0 0 7 0 0 0 0 0 245
0 0 0 0 0 0 0 0 0 0 0 0 0 0 0 0 0 0 0 0 0 0 0 25 16 23 0 0 0 0 0 0 0 0 0 0 0 0 0 0 0 0 0 0 0 0 0 0 0 0 521 0 0 0 0 0 0 0 0 0 4 0 0 14 0 0 0 0 0 0 0 0 0 0 0 0 0 0 0 0 0 0 0 0 0 0 0 0 0 0 0 0 7 0 0 0 0 0 0 0 0 0 0 0 0 0 0 0 0 0 0 0 0 0 0 0 0 0 0 0 0 0
0 0 0 0 0 0 0 0 0 0 0 0 0 0 0 0 0 0 0 0 0 173 0 269 199 1010 237 63 0 0 0 0 0 0 0 0 0 0 0 0 0 0 0 0 0 0 0 0 0 0 0 0 0 0 0 0 0 0 0 0 1268 9 0 0 0 0 0 0 13487 0 0 0 0 0 0 0 0 0 0 0 0 0 0 0 0 0 0 0 0 0 0 0 0 0 0 0 0 0 0 0 0 0 0 0 0 0 0 0 0 0 0 0 0 0 0 0 0 0 0 0 0 0
0 0 0 0 0 0 0 0 0 0 0 0 0 0 0 0 0 0 0 0 0 0 0 0 0 0 0 0 0 0 0 0 0 0 0 0 0 0 0 0 0 0 0 0 0 0 0 0 0 0 0 0 0 0 0 0 0 0 0 0 0 0 0 0 3 0 0 0 0 213 0 0 0 0 0 0 0 0 0 0 0 0 0 0 0 0 0 0 0 0 0 0 0 0 0 0 0 0 0 0 0 0 0 0 0 0 0 0 0 0 0 0 0 0 0 0 0 0 0 0 0 0
0 0 0 0 0 0 0 0 0 0 0 0 0 0 0 0 0 0 0 0 0 0 0 3 0 0 0 0 0 0 0 0 0 0 0 0 0 0 0 0 0 0 0 0 0 0 0 0 0 0 0 0 0 0 0 0 0 0 0 0 0 0 0 0 0 0 0 0 0 0 0 0 0 0 0 0 0 0 0 0 0 0 0 0 0 0 0 0 0 0 0 0 1 0 0 0 0 0 0 0 0 0 0 0 0 0 0 0 0 0 0 0 0 0 0 0 0 0 0 0 0 0
0 0 0 0 0 0 0 0 0 0 0 0 0 0 0 0 0 0 0 0 0 0 0 108 63 0 0 0 0 0 0 0 0 0 0 0 0 0 0 0 0 0 0 0 0 0 0 0 0 0 0 0 1 0 0 0 0 0 0 0 0 0 0 0 0 61424 0 0 0 0 0 0 0 0 0 0 0 0 0 0 0 0 0 0 0 0 0 0 0 0 0 0 0 0 0 0 0 0 0 0 0 0 0 0 0 0 0 0 0 0 0 0 0 0 0 0 0 0 0 0 0 0
0 0 0 0 0 0 0 0 0 0 0 0 0 0 0 0 0 0 0 0 0 1 0 76 19 36 0 0 0 0 0 0 0 0 0 0 0 0 0 0 0 0 0 0 0 0 0 0 0 0 0 0 0 0 0 0 0 0 0 0 0 0 0 0 0 0 0 1064 0 0 0 0 0 0 0 0 0 0 0 0 0 0 0 0 0 0 0 0 0 0 0 0 0 0 0 0 0 0 0 0 0 0 0 0 0 0 0 0 0 0 0 0 0 0 0 0 0 0 0 0 0 0
0 0 0 0 0 0 0 0 0 0 0 0 0 0 0 0 0 0 0 0 0 85 0 134 98 546 125 0 0 0 0 0 0 0 0 0 0 0 0 0 0 0 0 0 0 0 0 0 0 0 0 0 0 0 0 0 0 0 0 0 16 0 0 0 0 0 0 0 0 14169 683 0 0 0 0 0 0 0 0 0 0 0 0 0 0 0 0 0 0 0 0 0 0 0 0 0 0 0 0 0 0 0 0 0 0 0 0 0 0 0 0 0 0 0 0 0 0 0 0 0 0 0
0 0 0 15 2 1 14 12 2 0 0 1 0 0 0 0 1 170 170 24 0 288 358 378 284 1147 433 310 0 0 0 0 0 0 12 0 0 0 0 0 0 2 32 0 0 2 17 36 28 0 66 0 2 3 210 880 0 0 0 62 94 1805 3166 0 0 28 97 7 0 54 0 152 0 20 0 55 27 27 22 0 0 0 0 0 1 2 4 0 4 0 0 2 15 15 0 0 0 0 0 0 0 0 0 0 0 0 0 0 0 9 0 0 0 17 0 0 0 0 0 0 0 0
1 1 0 0 1 0 1 1 1 0 0 3 1 0 1 0 0 6 205 28 25 348 432 455 342 1807 524 376 1982 0 3022 0 0 0 8 0 0 0 0 0 23 0 0 0 0 1 19 179 114 0 31 0 1 56 23 96 0 0 1438 1839 2587 3023 0 1749 0 131 336 25 198 338 1912 174 0 1 153 72 69 38 48 0 0 0 0 0 1 5 141 2 12 0 0 2 15 0 0 0 0 0 0 0 0 0 0 0 0 0 0 0 0 0 0 0 0 0 0 0 0 0 0 0 0 0
5 6 4 78 51 36 7 265 9 0 4 34 5 0 8 40 524 59 58 7 0 101 125 133 100 632 153 110 59 0 0 0 0 0 90 0 0 0 0 0 0 614 0 0 0 0 7 2 0 0 35 0 0 192 1351 3596 0 0 180 138 281 8 303 0 0 47 0 12 0 80 6682 0 0 0 0 21 2 1 0 0 0 0 0 0 0 0 0 0 0 0 0 0 0 0 0 0 0 0 0 0 0 0 0 0 0 0 0 0 0 0 0 0 0 0 0 0 0 0 0 0 0 0
3 0 0 0 1 2 16 0 0 0 7 16 4 0 4 18 29 57 0 1 0 49 60 62 48 3 70 52 11 11 16 0 2 0 0 0 0 0 19 0 0 0 3 0 0 4 0 11 0 28 11 0 128 0 15 59 0 0 0 0 31 14 0 3 0 0 0 0 1 4 1 0 0 3 20 11 19 0 9 0 0 0 66 78 7 48 29 73 101 0 0 2 1 134 0 4 0 0 48 0 0 71 1 7 0 0 0 0 0 11 0 0 0 0 0 0 0 16 11 9 19 0
0 0 0 0 0 0 0 0 0 0 0 0 0 0 0 0 0 0 0 0 0 0 0 0 0 0 0 0 0 0 0 0 0 0 0 0 0 0 0 0 0 0 0 0 0 0 0 0 0 0 0 0 0 0 0 0 0 0 0 0 0 0 0 0 0 0 0 0 0 0 0 0 0 0 0 0 0 0 0 0 0 0 0 0 0 0 0 0 0 0 0 0 0 0 0 0 0 0 0 0 0 0 0 0 0 0 0 0 0 0 0 0 0 0 0 0 0 0 0 0 0 0
5 7 3 0 5 10 11 4 66 0 0 22 10 5 6 3 4 0 0 0 0 8 6 5 7 9 4 8 1 2 1 6 22 0 0 119 0 0 65 0 0 0 6 0 0 14 4 6 0 0 4 0 5 4 8 12 0 0 0 5 4 2 0 7 5 1 3 0 5 4 3 0 0 5 5 4 7 0 3 0 0 0 0 2 7 10 2 3 3 0 0 4 2 0 0 0 0 0 450 0 0 3 2 3 1 0 0 0 0 0 0 0 0 0 0 0 0 23 9 0 20 0
0 0 0 0 0 4 0 0 27 0 6 0 4 0 2 0 2 0 0 0 0 5 3 2 4 5 2 5 0 0 0 20 2 60 0 0 0 1 20 0 0 0 3 0 0 3 0 0 0 0 0 0 3 0 0 0 0 0 0 0 1 0 0 0 0 0 0 0 0 1 0 0 0 0 0 0 1 0 0 0 0 0 0 0 0 3 2 0 0 0 0 2 1 0 0 0 0 0 0 0 0 0 0 0 0 0 0 0 0 0 0 0 0 0 0 0 0 3 0 0 3 0
52 64 35 6 0 38 70 42 1284 17 58 202 53 591 49 0 1173 2 356 129 2 15 16 9 14 51 16 15 10 13 23 27 0 0 2094 0 1219 305 22 0 0 5842 15 0 30 1389 0 48 0 0 3 81 17 1073 8 34 0 0 0 63 14 10 0 49 25 31 14 5 13 63 88 0 0 292 100 117 145 20 15 16 0 0 89 5 15 16 11 6 165 0 0 173 23 0 0 0 0 17 21 11 0 9 2 8 67 0 0 0 0 14 0 0 0 77 0 0 55 378 0 6 28 0
77 55 133 0 12 18 28 18 118 11 40 100 21 0 24 2 757 7 0 0 0 9 7 4 7 14 5 9 6 7 9 399 2 126 3824 0 0 100 65 0 0 2978 6 0 21 216 0 7 0 7 3 0 5 25 5 16 8 0 0 6 4 3 3 7 6 2 7 1 5 6 4 5 0 23 12 8 28 9 13 10 19 10 65 67 13 69 2 67 94 12 14 39 2 5 0 0 0 0 613 9 4 5 10 6 50 5 3 10 16 10 6 0 3 63 10 0 98 127 31 291 789 0
0 0 0 0 0 0 0 0 1 1 1 0 0 0 0 0 0 0 0 0 0 0 0 0 0 0 0 0 0 0 0 1 0 2 0 0 0 0 0 0 0 0 3 0 0 0 0 0 0 0 0 0 0 0 0 1 0 0 0 0 0 0 0 0 0 0 0 0 0 0 0 0 0 0 0 0 0 0 0 0 0 0 0 0 0 0 0 0 0 0 0 0 0 0 0 0 0 0 0 0 0 0 0 0 0 0 0 0 0 0 0 0 0 0 0 0 0 0 0 0 0 0
7 7 4 0 4 0 9 6 26 2 7 30 7 108 8 0 0 0 0 0 0 1 1 1 1 1 1 1 0 0 0 0 0 0 0 0 0 0 0 0 247 36 2 0 0 2 0 0 0 0 0 0 1 0 1 1 0 0 0 0 1 0 0 1 0 0 0 0 1 1 0 0 0 0 1 1 1 0 0 0 0 0 0 0 1 1 1 0 0 0 0 0 0 0 0 0 0 0 70 0 0 0 0 0 0 0 0 0 0 0 0 0 0 0 0 0 0 4 0 0 3 0
92 0 0 0 317 312 612 409 4615 419 39396 3231 17427 5685 8019 36 3962 545 65 23 5 1394 1677 1723 1350 824 1974 1478 263 428 885 1323 55 356 868 3578 503 84 3283 0 7154 3478 89 35 46 807 137 679 0 129 141 0 1879 829 212 806 0 0 0 133 378 105 0 353 262 291 113 4 163 294 254 0 1 2307 2454 4084 561 457 1962 0 260 83 971 1023 189 1042 558 992 1427 138 170 669 6434 52 186 45 0 196 7072 261 0 220 36 27 166 0 111 0 0 32 0 5 81 533 0 0 141 1286 687 1077 661 0
91 0 0 0 0 0 10 0 123 18 59 11 18 0 7 0 137 0 0 0 0 18 13 9 14 20 8 17 1 0 5 79 1 215 9 22 150 183 0 0 0 0 45 0 0 92 0 11 0 0 0 0 10 0 13 31 0 0 0 0 8 0 0 0 0 0 0 0 5 9 3 0 0 0 0 8 12 0 0 0 0 0 0 4 8 25 4 5 6 0 0 8 4 0 0 0 0 70 917 0 0 0 0 0 0 0 0 0 0 3 0 0 0 0 0 0 0 12 0 19 8 0
5 0 0 0 0 5 3 0 82 10 4 12 7 5 6 0 0 0 0 0 0 5 4 3 4 6 3 5 0 0 0 31 5 57 251 0 0 10 0 0 1 0 1 0 0 41 0 1 0 0 0 0 3 0 1 0 0 0 0 0 1 0 0 0 0 0 0 0 0 2 0 0 0 0 0 1 8 0 0 0 0 0 0 0 0 5 7 1 24 0 0 12 1 0 0 0 0 0 406 0 0 0 0 0 0 0 0 0 0 3 0 0 0 0 0 0 2 42 0 0 2 0
0 0 0 0 0 0 2 1 0 0 0 1 0 0 1 3 5 17 0 0 0 9 11 12 7 1 13 9 0 1 3 0 0 0 0 0 0 0 0 0 0 0 0 0 0 0 0 0 0 0 0 0 24 0 2 0 0 0 0 0 0 0 0 0 0 0 0 0 0 0 0 0 0 0 0 2 4 0 0 0 0 0 0 14 0 8 5 13 18 0 0 0 1 0 0 0 0 0 0 0 0 9 81 47 0 0 0 0 0 2 0 0 0 0 0 0 0 0 0 0 3 0
11 137 0 106 0 10 0 151 0 1 0 0 23 0 19 16 1021 115 8 2 1 82 69 55 61 185 59 79 1 8 28 130 2 239 684 87 155 11 190 0 393 259 146 0 16087 0 1132 71 312 61 38 0 36 336 335 1374 0 0 0 14 34 8 0 39 13 2 36 2 27 30 19 106 3 610 37 158 151 1627 644 1501 0 0 0 0 57 39 0 17 44 8 0 31 132 0 0 255 0 0 0 0 0 921 0 210 0 0 0 0 0 212 0 45 0 0 0 33 0 290 19 25 895 0
0 11 0 0 0 0 0 34 0 0 0 0 6 0 6 28 92 146 2 2 0 520 601 621 478 2645 721 555 12 24 54 13 1 0 287 0 0 2 2 0 23 13 33 0 0 0 0 11 0 0 91 0 15 0 30 115 0 0 12 174 93 69 150 63 42 3 9 1 7 11 50 0 0 31 43 581 24 75 34 0 0 0 77 101 59 38 0 101 154 0 0 57 7 57 22 91 0 0 0 0 0 58 0 46 73 0 0 0 0 22 0 0 0 0 0 0 10 406 0 101 1091 0
0 0 0 0 0 0 0 0 0 0 2 0 2 0 1 2 142 0 0 0 0 13 8 6 7 23 8 12 0 0 1 0 0 0 0 0 0 0 0 0 0 0 2 163 1362 0 0 1 0 0 0 0 3 0 10 30 0 0 22 312 163 79 74 0 0 0 0 0 0 0 0 0 0 0 1 183 18 0 35 52 0 0 0 0 11 6 0 3 8 0 0 9 1 0 0 0 0 0 0 0 0 1 0 0 0 0 0 0 0 2 0 0 0 0 0 0 0 0 0 43 16 0
23 28 10 67 25 20 38 77 490 8 30 109 29 231 35 7 517 53 520 182 64 33 44 37 37 119 43 32 0 0 0 13 3 0 1041 233 26 127 2 0 413 2621 245 0 5 740 0 4347 4757 57 59 0 57 166 56 218 0 0 0 393 190 56 0 0 0 0 0 4 37 55 179 291 0 134 2766 11054 90 426 369 0 0 0 0 0 9 80 26 12 93 0 0 38 119 1516 15 0 0 0 0 32 0 50 0 9 0 0 0 0 0 65 0 0 0 0 0 0 15 78 0 23 35 0
0 0 0 0 0 0 0 0 0 1 0 0 0 0 0 0 0 12 0 0 0 4 6 8 6 23 5 4 0 0 0 0 0 0 1 0 0 30 0 0 0 0 147 0 0 0 0 0 0 0 3 0 1 49 17 68 0 0 0 0 8 0 0 25 2 0 0 0 45 251 0 0 0 0 0 27 0 0 0 0 0 0 0 0 0 0 0 0 0 0 0 0 0 0 0 96 0 0 0 0 0 12 0 0 0 0 0 0 0 0 0 0 0 0 0 0 0 0 1 0 1 0
31 52 19 121 19 56 0 72 34 26 40 150 96 0 41 0 260 0 63 22 8 272 579 597 486 1441 247 153 0 0 1527 132 60 68 3013 672 87 100 101 551 4197 2931 12438 0 268 1049 0 595 0 12357 128 0 40 724 565 2265 0 0 495 1563 1233 138 109 83 31 31 0 9 170 84 53 0 0 132 837 1989 828 489 105 366 0 0 0 111 30 182 94 171 269 42 0 95 1211 0 230 543 263 0 135 0 0 101 0 149 13 0 0 0 0 393 0 0 0 398 0 0 70 0 207 81 468 0
7 10 5 22 7 7 29 28 15 1 55 29 30 10 16 70 35 572 45 12 9 93 111 24 89 480 118 94 6 10 63 0 6 8 457 15 0 12 5 0 154 133 385 0 87 202 0 55 0 0 175 0 21 0 201 814 0 0 53 154 153 59 67 24 0 2 0 0 0 30 22 0 0 502 20 43 69 154 45 0 26 5 173 219 52 339 129 215 312 0 0 30 47 0 267 222 0 0 0 0 0 29 0 82 0 0 0 0 522 408 0 1 0 1030 0 0 105 0 769 0 238 0
0 0 0 0 0 0 0 0 0 5 0 0 0 0 0 0 0 0 0 0 0 0 1 1 1 2 1 1 0 0 0 0 1 0 1350 0 0 30 1 0 3 12 3 0 0 1 0 0 0 0 0 0 0 0 0 0 0 0 0 0 0 0 0 5494 0 0 0 16 0 0 147 0 3 0 0 0 0 0 0 0 0 0 0 0 0 0 0 0 0 0 0 0 0 0 0 0 0 0 0 0 0 0 0 0 0 0 0 0 0 0 0 0 0 0 0 0 0 0 0 0 0 0
1648 4976 2699 20512 2831 3848 1171 22468 2640 478 1897 7192 6561 3064 2403 10413 3675 5235 0 2105 10232 3854 2830 5056 4299 494 5381 2681 13011 10241 2755 95 254 21 1851 0 3 2357 38 50 1371 1254 346 550 162 869 5352 3703 1433 235 987 0 5937 3486 2251 794 48 0 905 5366 2008 3987 1114 709 35 660 2355 126 866 1587 2086 540 6205 1277 72 143 173 2290 835 417 3002 2588 1575 20367 22149 32177 13678 25650 35729 4811 1164 22655 26948 1741 2272 498 0 969 426 956 0 8168 19087 20366 29364 1883 936 0 854 720 0 83623 0 1964 0 96592 162 352 12161 504 3153 19
0 0 0 0 0 0 0 0 0 0 0 0 0 0 0 0 0 0 0 0 0 0 0 0 0 0 0 0 0 0 0 0 0 0 0 0 0 0 0 0 0 0 0 0 0 0 0 0 0 0 0 0 0 0 0 0 0 0 0 0 0 0 0 0 0 0 0 0 0 0 0 0 0 0 0 0 0 0 0 0 0 0 0 0 0 0 0 0 0 0 0 0 0 0 0 0 0 0 0 0 0 0 0 0 0 0 0 0 0 0 0 0 0 0 0 0 0 0 0 0 0 0
0 15 7 0 0 0 0 60 8 2 102 33 62 0 30 0 28 0 0 0 1 502 1117 1180 814 2694 473 259 0 0 0 9 3 0 87 0 0 3 6 0 37 65 167 0 19 986 0 0 0 21 34 0 42 0 22 144 0 3994 0 62 28 24 0 74 2 0 0 0 0 61 36 0 7 107 717 186 952 495 71 0 0 0 0 5 96 43 17 22 55 0 0 70 58 0 0 0 0 0 0 0 0 36 0 0 0 0 0 0 0 0 0 108 0 0 0 0 0 0 0 0 26 0
123 446 102 0 198 0 234 0 0 0 0 0 0 0 0 0 0 0 0 0 0 27 56 69 47 160 23 12 0 0 0 0 0 0 1 0 0 0 0 0 0 0 0 0 0 0 0 0 0 0 0 0 0 0 0 0 0 0 0 0 0 0 0 0 0 0 0 0 0 0 232 0 0 0 0 0 0 0 0 0 0 0 0 0 0 0 0 0 0 0 0 0 0 0 0 0 0 0 0 0 0 0 0 0 0 0 0 0 0 0 0 0 0 0 0 0 0 0 0 0 0 0
76 1251 412 77 358 0 537 0 0 1 0 0 0 0 12 0 0 0 0 0 0 306 680 765 524 1758 281 143 0 0 0 0 0 0 3 0 0 0 0 0 0 15 17 0 0 0 0 0 0 0 3 0 9 0 4 0 0 0 0 0 0 0 0 4 0 0 0 803 0 4 6 0 0 1 0 0 8 0 0 0 0 0 0 0 10 0 12 0 2 0 0 8 9 0 0 0 0 0 0 0 0 6 0 0 0 0 0 0 0 0 0 12 0 0 0 0 0 0 0 0 0 0
356 233 256 194 347 63 749 174 711 19 453 2162 532 354 449 246 391 428 0 14 17191 692 1837 1622 4006 3600 658 1071 349 607 65 159 6 42 3454 22 0 10 90 326 2025 1252 2957 1379 257 917 8537 3517 1761 1016 1570 0 1576 18 2615 3234 0 1183 1136 745 853 416 2244 188 1033 299 6344 126 1132 447 1140 409 9 302 1349 782 1406 1026 799 224 13 51 183 87 184 251 20385 1492 272 0 0 216 94 51 498 25 0 0 0 0 0 88 23 146 113 0 0 0 43 0 0 123 0 933 0 108 0 0 177 36 2308 0
104 168 61 467 127 66 397 568 52 13 68 211 79 43 57 195 366 2176 2450 1362 202 646 764 794 606 2770 914 689 435 529 1067 346 50 108 293 512 27 149 5 1478 4624 8187 5989 73 111 1803 3215 314 451 627 658 157 2685 0 884 3714 0 0 1074 584 704 775 730 361 73 190 214 25 0 449 566 593 9 1648 3219 1115 1345 4698 1151 1799 219 108 894 960 228 983 727 912 1301 62 23 531 1198 702 1426 173 0 0 234 14 0 1583 558 720 511 0 0 0 0 59 0 143 0 0 0 113 2 0 326 0 787 0
4 5 3 104 16 7 197 109 7 1 4 18 5 1 8 0 4 353 9 1 0 1495 1846 1955 1459 3 2254 1616 104 0 0 19 3 5 378 708 17 1 8 120 7452 35 21 80 0 0 616 277 0 0 64 0 11 236 24 92 0 0 0 17 50 38 0 0 0 0 0 0 0 12 12 94 0 630 147 6 53 637 318 67 0 0 0 52 14 79 38 72 126 0 0 45 890 318 190 0 0 0 0 0 0 5 0 0 0 0 0 0 0 28 0 4 0 0 0 0 0 0 0 0 5 0
1 1 0 2 1 1 1 4 1 0 2 2 1 0 1 2 4 11 0 0 0 16 37 12 43 106 31 17 0 0 0 0 0 0 21 0 0 1 0 0 17 10 11 0 0 0 0 3 0 0 5 0 10 0 7 6 0 0 0 0 0 39 0 0 0 0 0 0 0 1 4 0 0 1158 90 8 16 44 18 0 0 0 0 13 9 40 20 32 66 0 0 25 39 0 0 0 0 0 0 0 0 2 0 0 0 0 0 0 0 3 0 3 0 0 0 0 0 0 0 0 15 0
0 0 0 0 0 0 0 0 0 0 0 0 0 0 0 0 0 0 0 0 0 0 0 1 3 1 3 0 0 0 0 0 0 0 0 0 0 7 0 0 0 0 31 0 0 0 0 0 0 0 1 0 1 0 4 11 0 0 0 82 0 0 0 0 0 0 0 0 0 0 0 0 0 0 0 0 0 0 0 0 0 0 0 0 0 0 13 0 0 0 0 5 3 0 0 13 0 0 0 0 0 2 0 0 0 0 0 0 0 0 0 0 0 0 0 0 0 0 0 0 1 0
2 6 3 41 2 2 2 225 1 0 10 6 2 0 4 13 4 0 0 2 5 31 0 90 68 186 46 26 0 0 0 0 0 0 11 0 0 1 0 0 0 8 8 0 0 0 0 4 0 0 5 0 32 0 6 14 0 0 0 0 24 0 0 0 0 0 0 0 0 7 0 0 91 21 6 5 8 0 18 0 0 0 0 0 5 0 207 0 10 0 0 9 37 102 0 0 0 0 0 0 0 157 0 0 395 0 0 0 0 4 0 1288 0 0 0 1462 0 0 227 0 9 0
71 42 86 16 10 7 9 34 43 1 30 366 24 2 80 21 33 0 44 14 6 143 69 119 88 255 50 23 0 326 0 5 1 2 917 179 0 5 125 16 7 119 15 12 0 0 31 113 0 0 20 0 13 144 92 373 0 0 1934 3481 14383 3137 0 243 0 0 3978 0 0 6 102 0 0 375 188 5 52 306 96 0 0 0 0 95 23 134 32 140 247 38 44 66 834 0 0 0 0 0 0 0 0 4 0 0 0 0 0 0 0 4 0 6 0 0 0 0 0 0 0 14 49 0
4 10 5 34 6 6 15 35 6 0 5 14 11 4 5 5 15 500 636 97 34 0 97 71 79 397 94 67 11 0 7 0 0 0 33 0 0 5 0 0 19 492 13 0 0 18 168 0 0 0 0 0 14 0 9 0 0 0 37 109 99 424 0 0 2070 15 0 0 0 32 1197 1284 6 934 156 331 120 2282 1197 116 0 0 38 103 65 119 212 118 186 34 34 76 852 0 166 15 0 0 0 0 0 11 0 13 0 0 0 0 0 0 0 92 0 0 0 85 0 0 0 0 12 0
8 21 11 72 13 13 32 74 12 1 10 33 23 10 10 46 33 1058 1428 216 76 17 22 0 22 46 15 15 29 34 14 6 1 0 77 0 0 10 0 0 63 1083 32 0 0 41 305 0 0 16 92 0 29 0 17 27 0 0 80 217 169 902 254 0 0 41 0 3 62 72 3113 4408 14 2134 388 749 273 5018 2632 833 0 0 0 174 138 255 443 237 404 73 74 225 1867 377 414 69 0 0 0 0 0 32 0 53 14 0 0 0 0 0 0 194 0 0 0 208 0 0 0 0 31 0
2 4 2 9 2 2 2 9 3 0 2 7 4 0 2 0 4 0 0 1 1 3 4 3 4 0 3 3 0 0 0 4 0 0 12 0 0 2 0 0 3 4 3 0 0 6 120 6 0 0 18 0 4 30 2 5 0 0 9 163 173 18 72 0 0 0 0 2 13 17 11492 171 2 89 36 27 226 22 45 467 0 0 30 38 19 38 22 39 57 0 0 27 261 87 0 0 0 0 0 0 0 3 0 2 0 0 0 0 0 0 0 27 0 0 0 19 0 0 0 0 0 0
2 3 2 5 2 3 3 16 2 0 0 8 6 0 3 0 10 23 61 9 2 5 6 6 0 16 5 5 0 0 3 7 0 0 186 0 0 4 0 0 14 66 1558 0 0 12 115 8 570 146 624 0 7 31 4 9 0 0 238 127 424 20 0 119 189 11 0 3 0 91 0 2037 2 785 132 415 424 1302 555 0 0 0 0 23 36 85 28 68 141 0 0 61 669 0 153 0 0 0 0 0 0 5 0 4 0 0 0 0 0 3 0 49 0 0 0 31 0 0 498 0 537 0
472 1583 370 55 712 3 1125 6 1 0 1 5 1 0 1 30 1 22 0 0 0 97 231 245 168 565 0 47 0 0 0 0 254 0 19 0 0 1 0 0 5 8 0 0 0 2 0 1 0 0 0 0 1 66 0 0 0 0 0 6 1 0 4 5 0 0 0 0 1 1 835 0 0 0 3 0 1 4 1 0 0 0 0 0 2 1 7 0 1 0 0 2 0 25 0 0 0 0 41 0 0 1 0 0 0 0 0 0 0 0 0 4 0 0 0 3 0 0 10 0 10 0
1 1 1 1 1 2 1 9 0 0 0 4 3 0 2 0 6 76 0 0 1 3 0 4 4 9 3 3 5 0 2 0 0 0 12 0 0 1 0 0 0 3 5 0 0 6 0 0 0 2 10 0 4 8 2 4 0 582 3 9 24 10 15 577 0 0 0 0 0 7 87 801 2 259 205 356 321 95 111 0 20 9 138 155 31 145 183 153 224 0 0 81 1045 458 191 0 0 0 0 0 0 3 0 2 0 0 0 0 0 0 0 29 0 0 0 19 0 0 0 0 1 0
0 0 0 0 0 0 0 1 0 0 0 0 0 0 0 0 0 0 0 0 0 0 0 0 0 1 0 0 0 0 0 0 57 0 0 0 0 0 0 0 0 0 0 0 0 0 0 0 0 0 1105 0 1 0 0 0 0 0 0 0 9 0 0 0 0 0 0 0 0 0 0 0 0 0 0 0 6 26 22 0 0 0 0 0 1 3 98 0 9 0 0 2 26 0 0 0 0 0 0 0 0 0 0 0 0 0 0 0 0 0 0 4 0 0 0 0 0 0 0 0 0 0
1 1 1 4 1 1 1 5 1 0 0 2 2 0 1 0 3 47 254 0 3 76 149 156 92 728 104 0 2 0 0 0 0 0 3 0 0 1 0 0 0 24 36 0 0 0 0 1 0 0 0 0 2 0 0 0 0 0 0 0 29 15 0 0 0 0 5 0 0 15547 0 0 1 142 0 51 0 522 96 34 0 0 44 0 13 44 458 0 71 0 0 0 283 811 0 0 0 0 0 43 0 0 0 0 0 0 0 0 0 0 0 15 0 0 0 0 0 0 0 0 0 0
20 32 14 152 29 14 250 162 16 4 42 136 33 6 33 161 644 364 478 75 10 1284 1582 1660 1256 4192 1901 1380 0 0 104 146 12 47 4150 59 0 23 23 100 1529 6410 852 0 8 1751 0 300 130 16 679 0 3926 284 60 196 0 0 0 464 163 313 161 0 0 0 0 25 0 376 850 0 2 4123 1110 56 150 3390 1389 429 0 0 466 567 102 526 420 566 829 128 0 220 2616 1254 318 138 0 0 0 0 60 1257 0 319 0 0 0 0 0 23 0 42 0 0 0 16 0 0 6 0 244 0
0 0 0 0 0 0 0 0 0 0 0 0 1 0 0 3 3 0 0 0 0 0 0 0 0 0 0 0 4 10 2 0 0 0 0 0 0 0 0 0 0 0 0 0 0 1 6 1 2 0 0 0 0 0 1 1 0 0 0 2 0 0 1 0 0 0 0 0 0 0 0 0 0 5 1 0 1 0 0 0 1 0 6 4 0 7 0 1 3 1 1 0 0 0 0 0 0 0 0 0 0 0 0 0 0 0 0 3 1 0 1 0 1 1 0 0 0 0 0 0 0 0
1 1 0 3 0 0 0 3 0 0 0 0 0 0 13 1 2 15 12 5 0 6 8 2 5 34 10 7 0 0 3 0 0 0 164 0 0 1 0 0 8 40 32 0 0 3 0 11 0 0 13 0 5 0 4 0 0 0 0 0 4 0 0 0 0 0 0 2 0 104 0 0 0 0 0 0 0 0 1 0 0 0 0 0 1 0 1 0 2 0 0 5 2 0 0 0 0 0 0 0 0 0 0 0 0 0 0 0 0 3 0 0 0 0 0 0 0 5 0 0 0 0
1 1 0 0 1 0 2 1 0 0 0 3 1 0 1 0 7 60 6 2 1 173 216 227 173 8 258 186 5 0 118 0 0 0 7 0 0 0 0 0 3 3 5 0 0 0 0 72 0 0 3246 0 4 0 13 43 0 0 0 0 9 0 0 0 0 0 0 0 0 19 143 0 0 304 0 0 0 25 149 0 37 20 138 143 14 130 0 139 200 22 23 92 974 0 0 0 0 0 0 9 0 9 0 0 0 0 0 0 0 0 0 0 0 0 0 0 0 0 0 0 0 0
1 1 0 6 3 2 2 12 3 0 3 2 2 1 1 7 1 10 0 0 0 6 4 1 3 11 4 6 0 0 0 0 0 0 1 0 0 0 0 0 0 0 0 0 0 0 0 0 0 0 3 0 1 0 11 31 0 0 0 0 3 0 0 0 0 0 0 0 0 3 0 0 0 0 37 0 110 0 3 0 0 0 0 1 5 3 0 2 3 0 0 4 4 0 17 8 0 0 0 0 0 3 0 0 0 0 0 0 0 0 0 0 0 0 0 0 0 0 0 25 0 0
24 80 18 0 36 0 57 0 0 0 0 0 0 0 0 1 0 4 0 0 0 6 13 13 10 33 6 3 0 0 0 0 0 0 0 0 0 0 0 0 0 0 0 0 0 0 0 0 0 0 0 0 1 0 0 0 0 0 0 0 0 0 0 0 0 0 0 0 0 0 7 0 0 27 0 0 0 0 0 0 0 0 0 0 0 0 0 0 1 0 0 16 0 0 0 0 0 0 0 0 0 0 0 0 0 0 0 0 0 0 0 0 0 0 0 0 0 19 0 0 0 0
5 10 0 11 3 5 4 30 0 1 15 21 22 0 8 16 9 0 101 35 35 41 20 13 17 32 14 37 0 0 0 3 1 9 131 0 0 338 0 0 46 21 20 0 0 4 0 20 0 0 11 0 16 0 13 25 0 0 0 0 19 21 0 0 0 0 0 0 0 0 0 0 1 118 0 4 35 0 6 0 5 8 13 10 49 30 16 24 40 3 2 0 29 0 0 22 0 0 0 0 0 0 0 9 0 0 0 0 0 4 0 10 0 0 0 0 0 0 0 0 23 0
2 2 0 2 0 0 0 6 0 0 0 0 0 0 0 0 101 136 35 6 0 7 8 2 5 31 9 8 0 0 0 0 0 0 36 0 0 9 0 0 21 49 0 0 0 0 0 3 0 0 29 0 4 0 4 8 0 0 0 0 1 0 0 0 0 0 0 0 0 0 0 0 0 0 0 0 2 0 0 0 0 0 3 3 2 3 1 3 4 0 0 2 10 0 60 61 0 0 0 70 0 0 94 950 604 0 0 0 0 0 0 0 0 39 0 0 0 0 0 0 0 0
0 6 0 26 2 2 49 31 0 0 0 0 3 0 2 2 22 52 0 0 0 15 5 18 20 68 21 15 8 18 25 15 0 5 331 0 0 14 10 39 166 17 36 0 148 0 48 105 0 96 42 0 9 226 133 548 0 0 0 67 11 6 22 0 0 0 823 116 723 1049 0 0 0 2 9 110 8 41 27 0 0 0 2 4 0 0 0 6 0 90 0 3 0 0 0 0 0 0 0 18 0 53 0 20 0 0 0 0 116 104 0 0 0 45 0 0 0 421 182 93 338 0
101 44 24 41 34 26 131 67 119 2 73 100 73 178 80 51 31 0 722 220 8 360 532 529 447 2173 596 290 45 63 62 1 3 4 428 7 0 39 11 0 196 139 59 133 31 24 93 804 753 0 0 0 0 114 77 389 0 0 130 128 188 368 318 85 392 2 291 4 0 63 11 8 0 208 0 1 6 0 0 3 0 0 0 0 0 0 0 0 0 2783 3267 0 1 0 60 0 0 0 0 0 0 3 0 3 18 0 0 0 0 25 0 0 0 228 0 0 0 0 0 0 185 0
65 28 15 26 22 17 84 43 76 1 47 64 47 114 51 32 20 231 464 71 0 231 342 340 287 1396 383 186 29 41 40 20 2 9 784 58 0 71 19 0 360 261 113 80 15 14 66 516 519 0 0 0 0 72 50 252 0 0 86 83 121 236 208 58 258 2 194 2 0 41 6 20 0 135 0 0 4 0 0 1 0 0 0 0 0 0 0 0 0 1795 2108 0 1 0 40 0 0 0 0 0 0 1 0 3 12 0 0 0 0 17 0 0 0 158 0 0 0 12 0 13 119 0
77 33 18 30 26 19 99 49 90 1 55 75 55 135 60 36 23 272 546 167 0 273 402 400 338 1230 451 219 32 40 46 0 1 2 290 0 0 26 7 0 129 79 28 80 0 15 23 608 60 0 0 0 0 61 59 294 0 0 28 59 141 270 92 0 8 0 141 2 0 42 0 0 0 156 0 0 4 0 0 0 0 0 0 0 0 0 0 0 0 2151 2815 0 0 0 12 0 0 0 0 0 0 0 791 10 13 0 0 0 0 19 0 0 0 68 0 0 0 0 0 0 139 0
26 11 6 10 9 7 33 15 30 0 18 25 18 45 20 10 8 91 182 56 0 91 135 137 113 550 151 73 8 7 15 0 0 0 2 0 0 0 0 0 0 0 0 9 0 1 4 203 0 0 0 0 0 0 20 94 0 0 0 0 47 84 0 0 0 0 0 0 0 9 1734 0 0 49 0 0 1 0 0 0 0 0 0 0 0 0 0 0 0 688 808 0 0 0 0 0 0 0 0 0 0 0 0 3 3 0 0 0 0 6 0 0 0 0 0 0 0 0 0 0 45 0
0 0 0 0 0 0 0 0 0 0 0 0 0 0 0 0 0 0 0 0 0 0 1 1 0 2 1 0 0 0 0 0 0 0 13 0 0 1 0 0 0 0 1 0 0 0 0 1 0 0 0 0 0 0 0 0 0 0 0 0 0 0 0 0 0 0 0 0 0 0 0 0 0 0 0 0 0 0 0 8 0 0 0 0 0 0 0 0 0 4 4 0 0 0 0 0 0 0 0 0 0 0 0 0 0 0 0 0 0 0 0 0 0 0 0 0 0 0 0 0 0 0
0 0 0 0 0 0 0 0 0 0 0 2 0 0 0 0 1 11 21 7 0 11 17 17 14 67 19 9 0 0 2 0 0 0 0 0 0 0 0 0 0 0 0 0 0 0 0 24 0 0 0 0 0 0 2 7 0 0 0 0 5 1 0 0 0 0 0 0 0 0 0 0 0 1 0 0 0 0 0 152 0 0 0 0 0 0 0 0 0 87 102 0 0 0 0 0 0 0 0 0 0 0 0 0 0 0 0 0 0 1 0 0 0 0 0 0 0 0 0 0 4 0
1 0 0 0 1 0 1 5 0 0 1 0 1 1 1 0 46 9 0 2 0 14 4 0 3 1 4 12 0 0 0 0 0 0 0 0 0 0 0 0 0 0 0 57 2 34 0 4 0 0 0 0 0 0 0 0 0 0 0 0 0 0 0 0 0 0 0 0 0 0 0 0 0 0 112 68 110 0 0 1477 0 0 0 0 0 0 0 0 0 116 136 0 0 0 0 0 0 0 0 39 0 13 18 0 0 0 0 0 0 2 0 0 0 0 0 0 0 0 0 0 1 0
10 4 2 2 3 3 13 5 12 0 7 9 7 18 8 3 3 37 73 22 0 37 54 55 46 222 61 30 1 0 6 0 0 0 0 0 0 0 0 0 0 0 0 0 0 0 0 82 0 0 0 0 0 0 8 36 0 0 0 0 19 28 0 0 0 0 0 0 0 0 679 0 0 18 0 0 0 0 0 0 0 0 0 0 0 0 0 0 0 278 326 0 0 0 0 0 0 0 0 0 0 0 0 1 0 0 0 0 0 3 0 0 0 0 0 0 0 0 0 0 18 0
1 0 0 0 0 0 1 0 1 0 0 0 1 2 1 0 0 4 7 2 0 4 6 6 5 26 7 3 0 0 0 0 0 0 7 0 0 1 0 0 0 0 0 0 0 0 0 9 0 0 0 0 0 0 1 0 0 0 0 0 1 0 0 0 0 0 0 0 0 0 0 0 0 0 0 0 0 0 0 58 0 0 0 0 0 0 0 0 0 32 38 0 0 0 0 0 0 0 0 0 0 0 0 0 0 0 0 0 0 0 0 0 0 0 0 0 0 0 0 0 0 0
156 68 36 63 53 40 201 103 183 2 113 154 112 274 122 79 48 552 0 338 12 552 816 812 686 0 0 444 70 98 94 4 2 7 546 30 0 49 14 0 252 180 76 0 49 40 143 1233 0 77 0 0 0 185 117 592 34 0 222 208 290 568 0 0 0 12 474 6 8 98 25 0 0 318 0 3 9 0 0 0 0 0 0 0 0 0 0 0 0 0 0 0 0 0 113 20 0 0 0 6 0 7 42 23 32 0 0 0 0 41 0 0 7 0 0 0 14 0 0 15 300 0
227 100 53 91 77 58 293 151 266 3 164 223 163 399 178 114 70 803 0 491 4 804 1187 1181 998 0 1330 646 102 144 137 1 5 7 554 27 0 50 14 0 255 182 76 265 78 59 214 1794 373 126 0 0 0 280 170 862 105 0 330 306 422 827 0 0 0 22 699 8 24 144 41 98 0 462 0 4 13 0 0 9 0 0 0 0 0 0 0 0 0 34672 0 0 0 0 674 241 0 0 0 37 0 41 245 130 178 0 254 0 295 228 0 1 85 0 0 0 0 0 37 236 1662 0
0 0 0 0 0 0 0 0 0 0 0 0 0 0 0 0 0 0 0 0 0 0 0 0 0 0 0 0 0 0 0 0 0 0 0 0 0 0 0 0 0 0 0 0 0 0 0 0 0 0 5365 0 0 0 0 0 0 0 0 0 0 0 0 0 0 0 0 0 0 0 127 0 0 0 0 0 0 83 0 0 14 7 0 0 0 46 0 0 0 0 0 0 69 0 0 0 0 0 0 0 0 0 0 0 0 0 0 0 0 0 0 0 0 0 0 0 0 0 0 0 0 0
0 0 0 0 0 0 0 0 0 0 0 0 0 0 0 0 0 0 0 0 15 0 0 0 0 0 0 0 0 0 0 0 0 0 0 0 0 0 0 0 0 0 0 0 0 0 0 0 0 0 0 0 0 0 0 0 0 0 0 0 0 0 0 0 0 0 0 0 0 0 0 0 0 0 0 0 0 0 0 0 0 0 0 0 0 0 14 0 0 0 0 0 0 0 0 0 0 0 0 0 0 0 0 0 0 0 0 0 0 0 0 0 0 0 0 0 0 0 0 0 0 0
125 35 15 366 55 0 695 384 17 33 65 747 79 0 165 819 1361 4026 383 63 0 2220 2790 2938 2208 112 3320 2381 0 169 768 0 12 2 215 8 0 22 3 0 95 163 58 156 0 243 0 465 386 2542 508 0 6061 631 653 2652 0 0 0 240 1252 0 322 108 0 0 51 0 0 165 0 0 19 390 981 513 878 485 585 292 627 318 3583 3681 238 2118 1386 3424 4758 683 786 58 70 0 358 242 0 0 0 89 0 3358 30 290 137 518 663 0 538 530 4423 4 0 1850 0 0 246 240 950 422 824 2
278 423 133 62 102 61 22 24 159 2 498 37 125 7 11 134 71 438 119 53 213 567 1136 1194 901 2810 481 279 79 106 117 43 5 89 330 4 58 74972 70 0 94 118 25 345 0 115 0 22 0 0 153 0 19 96 13 144 0 0 0 68 90 524 57 0 0 182 0 45 0 309 245 0 0 47 70 0 80 2413 0 44 0 0 0 3 20 42 160 26 47 0 0 38 83 0 0 316 0 35 0 0 1875 45 89 234 316 0 0 0 0 144 0 4 0 0 0 0 0 0 90 0 507 0
30 15 10 0 18 17 1 19 12 2 3 22 51 0 0 186 144 0 1 1 0 3 2 22 2 2 2 2 224 547 132 0 0 2 11 275 1 51 3 0 7 7 34 0 0 40 240 0 0 0 1 0 1 10 46 81 0 0 22 131 0 54 50 0 0 14 27 4 17 39 24 0 0 258 75 0 72 0 0 20 18 4 285 198 15 402 6 67 184 0 0 12 5 0 0 0 0 0 0 0 0 0 0 0 0 0 0 0 0 0 0 0 0 0 0 0 0 0 0 0 0 0
649 892 575 2592 725 321 665 2630 608 50 1080 2886 817 0 720 568 1645 5291 134 44 165 1625 1627 1598 1340 3905 1841 1686 716 1195 2824 276 206 379 4054 41 66 183 235 333 356 627 3795 6982 3106 6609 1732 3440 0 1511 3500 7078 3468 6529 1847 4864 9285 5433 2492 6458 3619 2467 2329 11503 8656 109 2607 230 1699 5470 2145 5931 28 10046 1713 2368 6678 5850 3068 1558 1093 628 2175 2214 996 3545 1200 2090 2975 410 541 3262 1313 1324 852 299 0 399 549 0 0 351 147 777 900 0 0 0 96 255 0 394 0 1716 0 446 0 0 405 247 1737 0
471 1804 777 1208 1482 1286 2043 7555 1684 35 7317 2483 4153 793 1578 466 2190 8883 216 262 14 12155 3152 330 2913 989 2428 11597 326 1004 901 18 151 65 444 0 18 1329 56 0 0 85 190 8306 3588 6375 2590 779 1680 751 594 0 2052 1994 496 2028 13797 2175 1248 1264 1832 1202 1103 1068 796 714 1403 175 1074 857 1382 876 0 689 2819 4545 3110 1637 795 951 1058 2521 744 126 14620 448 81 141 2467 449 448 3111 90 302 0 3000 0 0 2596 634 0 5771 811 393 1068 0 0 0 0 225 0 3 0 1764 230 0 0 2988 391 422 1827 0
97 83 66 0 0 0 17 1 12 3 23 86 0 0 237 604 82 962 1581 3376 9 1509 212 75 243 315 313 1781 185 367 1449 0 10 0 83 0 0 200 0 0 0 0 53 80 47 473 99 152 0 309 107 0 9 217 80 307 371 0 164 84 198 252 274 158 113 211 230 0 143 495 204 220 0 345 505 133 845 288 316 148 252 80 384 298 1538 2243 559 1934 2768 212 380 1437 573 83 980 260 0 0 0 161 143 310 793 450 4838 3944 153 1929 564 846 0 1 98 2376 0 0 491 1591 3000 419 881 0
5 6 4 19 4 0 41 22 5 3 6 19 5 0 4 50 54 69 171 30 6 1852 2294 2416 1816 3328 2788 2001 104 104 167 4 14 0 50 0 0 1 1 0 4 6 3 72 106 18 0 99 92 18 646 0 36 878 50 212 245 0 17 98 436 78 375 908 640 28 68 5 41 70 0 210 0 363 0 3 9 521 0 0 39 0 3 6 2 18 0 6 9 0 0 9 8 0 46 26 79 0 0 0 0 82 161 263 124 0 169 0 43 242 0 0 0 34 0 0 0 0 106 7 110 0
854 819 599 447 505 756 631 505 2073 14 1603 3956 1424 578 865 1050 1110 27 157 46 129 1030 2200 2318 1741 3310 982 552 11304 2853 340 99 108 34 1867 68 0 37 27 143 233 371 78 3661 2758 2785 75 7759 3131 1083 2949 1590 100 2547 1883 4779 340 1441 1548 1732 3475 7552 2678 1948 3167 335 1680 435 1280 325 954 0 0 7999 670 56 290 2369 812 69 1329 680 2275 2332 464 4307 4205 2172 3022 445 445 5601 1168 1275 0 361 2224 1266 0 389 0 1540 595 2109 1086 0 480 71 0 52 0 1 0 275 0 0 110 782 685 296 1587 0
0 0 0 0 0 0 0 1 0 0 0 0 0 0 0 0 4 39 2195 119 12 488 891 939 706 2233 371 203 0 1 2 0 0 0 21 0 0 0 0 0 1 32 0 0 0 0 0 0 0 0 152 0 25 0 1 0 0 0 0 0 0 0 0 0 0 0 0 0 0 2 4 0 0 21 0 0 1 3 6 0 0 0 0 3 1 5 0 3 5 0 0 74 15 0 0 1069 0 0 0 0 0 0 0 0 0 0 0 0 0 0 0 0 0 0 0 0 0 0 0 0 1 0
2 3 1 3 0 1 0 245 0 2 5 817 4 0 4 16 39 8 0 4 1 42 51 53 40 6 61 45 81 722 589 0 5 0 67 0 0 36 1 0 6 19 0 201 142 318 23 1727 399 46 618 0 62 1736 759 3195 0 0 286 309 664 1635 879 734 500 1085 443 59 2829 274 70 300 0 638 271 121 60 649 0 91 60 47 0 4 5 31 0 8 15 0 0 19 93 0 0 37 0 0 0 0 0 625 0 199 23 0 0 0 0 47 0 0 0 20 0 0 17 0 5 0 38 0
0 0 0 0 0 0 0 0 0 0 0 0 0 0 2 0 3 2 0 1 0 3 4 3 3 6 5 4 6 31 8 0 0 0 31 0 0 2 0 0 1 6 0 0 0 6 0 18 0 0 6 0 4 11 19 77 0 0 9 8 19 46 35 0 0 0 0 0 0 17 7 0 0 134 6 4 2 0 0 0 0 0 0 0 0 2 0 0 1 0 0 1 23 0 0 0 0 0 0 0 0 12 0 0 0 0 0 0 0 6 0 0 0 0 0 0 0 0 0 0 1 0
3 3 2 29 8 4 6 26 5 2 3 10 3 0 3 35 63 11 45 24 0 81 100 106 80 468 121 87 31 50 126 1 6 0 136 0 0 1 1 0 47 185 49 60 0 216 284 78 0 6 22 0 8 167 30 121 0 0 132 63 244 0 107 45 0 17 14 1 10 65 81 76 0 158 129 90 68 151 0 78 0 0 0 0 1 4 2 0 4 0 0 45 2 0 0 43 0 0 0 0 0 8 0 147 0 0 0 0 0 145 0 0 31 0 0 0 0 0 241 15 6 0
81 151 87 167 55 35 63 170 72 8 275 886 234 16 186 198 758 349 92 37 45 2045 2547 2682 2017 133 3060 2198 280 372 798 33 80 15 886 59 0 65 18 137 194 743 267 1044 734 762 1248 994 684 210 2085 0 3069 1027 572 2387 725 255 313 677 719 767 715 797 576 270 288 30 326 511 538 41 0 208 518 27 261 898 395 623 437 219 478 516 174 1556 215 489 689 20 124 849 631 0 488 1873 1504 594 0 1716 261 431 9461 9240 6911 0 33 0 0 118 0 1 0 902 0 0 0 0 179 14 136 0
13 15 9 146 37 18 30 135 18 2 15 39 13 13 9 129 273 42 55 32 15 460 575 610 452 2783 706 501 71 119 281 12 13 9 517 104 0 20 8 0 587 1040 71 250 65 162 346 129 75 680 320 0 61 341 98 412 230 198 312 194 241 176 179 113 72 98 104 10 66 215 190 275 0 567 1594 53 1426 359 171 36 285 121 516 549 120 1044 929 507 731 12 0 3215 861 0 456 702 487 734 0 0 0 1263 208 536 85 0 0 1416 1936 1782 0 3 0 2718 0 0 0 0 2056 2111 1057 0
324 188 309 173 217 370 1949 368 1441 9 201 7062 440 514 1540 42 80 459 91 25 29 260 516 544 408 1341 225 124 2094 1093 238 131 28 47 2487 137 0 24 55 316 626 562 1368 802 303 3974 435 2164 628 167 1793 2229 0 1934 739 3125 170 760 670 891 830 1053 591 1160 854 564 3266 114 1592 343 364 1006 0 128 2118 2391 3285 2174 586 258 1087 551 3497 3599 392 3641 745 3351 4658 641 840 751 240 1670 1586 667 1114 2300 0 2127 0 742 773 958 853 432 0 0 3144 0 5374 5 0 1619 0 0 0 0 954 149 2248 0
142 530 158 50 209 189 11 56 574 5 5 1121 14 290 244 0 372 324 203 56 216 609 1256 1323 994 3186 518 281 18 83 23 1 1 5 316 1 0 1 3 30 61 76 38 308 74 155 108 655 1466 0 85 0 0 299 233 980 0 102 79 232 71 82 233 84 59 9 158 20 120 13 50 168 0 10 1195 2 1072 257 140 0 29 9 707 750 28 260 1333 705 988 66 0 276 275 0 238 1625 0 89 0 0 564 273 631 1214 287 80 0 0 0 0 0 3 0 0 0 0 0 0 0 0 348 0
0 0 0 0 0 0 0 0 0 3 0 0 0 0 0 0 0 19 27 17 329 56 31 31 15 271 72 21 0 5 21 0 12 0 0 0 0 0 0 0 0 0 0 0 0 0 0 0 0 0 0 0 1 2096 120 183 120 0 0 0 0 0 0 327 239 369 0 99 410 433 932 0 0 0 5 5 6 0 380 0 0 0 0 0 0 0 0 0 0 0 0 0 0 0 0 0 0 0 0 0 0 0 0 0 0 0 0 3802 15624 0 0 3 0 0 0 0 0 0 0 0 0 0
11 20 10 162 45 22 42 174 25 9 42 55 28 6 18 116 263 43 332 123 28 340 383 391 305 3754 438 357 53 91 217 356 92 67 430 67 0 20 8 0 664 215 66 332 617 76 152 162 272 698 339 67 37 805 89 361 153 254 139 253 280 304 207 136 694 152 180 16 111 378 175 487 0 767 389 97 671 724 247 441 203 104 864 912 155 833 1143 859 1213 201 236 705 638 0 2099 5884 2642 6108 1644 260 495 1094 1069 102 637 938 1341 0 1076 1268 0 6 288 2479 0 0 455 1142 1191 704 3933 1
0 0 0 0 0 0 0 0 0 0 0 0 0 0 0 0 0 0 0 0 0 0 0 0 0 0 0 0 0 0 0 0 0 0 0 0 0 0 0 0 0 0 0 0 0 0 0 0 0 0 0 0 0 0 0 0 0 0 0 0 0 0 0 0 0 0 0 0 0 0 0 0 0 0 0 0 0 0 0 0 0 0 0 0 0 0 0 0 0 0 0 0 0 0 0 0 0 0 0 0 0 0 0 0 0 0 0 0 0 0 0 0 0 0 0 0 0 0 0 0 0 0
6 16 7 17 13 9 18 61 14 1 53 30 31 0 14 0 23 228 1723 641 103 183 145 129 118 594 165 189 45 77 162 11 8 4 238 3 0 1 3 0 117 48 155 295 347 217 135 179 251 858 686 560 1618 502 391 1640 521 76 202 351 301 190 305 256 188 134 166 15 107 333 284 370 0 1584 663 283 671 703 136 128 12 18 26 27 117 47 15 27 54 0 0 48 10 233 731 657 600 757 0 196 463 271 18 22 0 11 1285 2519 2108 1913 0 1 0 1616 0 0 40 179 736 437 163 0
5 5 3 0 2 0 11 4 0 1 4 27 2 0 9 0 10 37 1458 179 77 27 38 40 30 161 40 28 0 13 71 84 9 21 2278 0 0 6 12 0 524 35 72 232 239 231 138 431 0 0 220 0 349 381 1487 6225 0 322 53 564 509 320 479 92 36 34 51 5 24 85 73 109 0 254 258 58 251 354 0 0 0 0 0 79 202 205 64 119 196 42 49 86 83 0 178 267 0 0 0 0 0 84 0 29 10 0 0 0 341 456 0 1 0 0 0 0 0 281 205 0 67 0
309 434 223 254 199 179 838 436 598 20 390 2619 505 184 592 562 700 463 8854 2429 3500 189 525 552 417 1306 233 136 560 397 471 262 302 90 4548 238 0 410 22 637 1414 744 2029 114 1624 5208 1000 1181 1520 1526 1947 2311 83 3360 1586 4622 790 1168 1846 812 1568 2039 1433 1015 744 481 1540 107 410 437 808 1783 0 2570 7979 479 7631 1413 1586 864 1634 836 4325 4430 579 5305 4246 4123 5734 851 869 3880 1196 1438 3032 11319 2695 0 803 732 1506 2522 2019 3624 1647 1789 2017 2716 3825 2829 593 19 727 468 0 0 458 1471 3217 1420 4083 1
1 1 1 43 10 5 7 38 3 1 1 4 1 3 1 100 205 122 0 48 0 106 90 69 75 452 138 55 10 22 55 0 2 0 0 0 0 0 0 0 0 0 0 0 15 17 0 160 86 130 12 0 0 140 6 1 0 0 57 4 29 0 8 0 0 0 0 0 0 18 60 0 0 22 77 73 61 20 125 35 4 3 8 19 2 36 34 4 13 13 14 23 30 7 34 129 0 6 44 16 3 1 52 22 42 20 114 11 20 39 68 0 12 0 89 0 49 118 181 85 173 0
1 3 1 0 2 0 4 12 4 1 14 6 8 0 3 0 2 419 1345 568 28 128 88 83 72 379 105 139 3 7 14 18 1 1 86 0 0 2 1 0 54 0 153 100 0 45 0 52 0 0 168 0 10 120 33 138 82 0 81 135 99 56 14 37 25 22 26 2 16 52 29 86 0 77 330 136 354 169 22 57 31 14 248 276 61 234 223 263 377 0 69 300 2 0 108 928 58 49 0 41 0 97 0 1 313 78 76 353 659 323 0 0 0 342 0 0 0 505 852 66 280 0
1 1 0 0 0 0 0 0 947 9 424 514 121 569 138 510 1200 126 0 2 0 994 320 257 289 1211 421 1160 18 35 98 0 1 0 0 0 0 0 0 0 0 0 88 0 0 170 0 396 219 566 556 0 0 1426 70 298 1116 13 1005 62 181 161 135 112 76 611 95 17 88 115 110 574 0 0 4500 4338 0 769 122 0 1060 0 897 384 96 363 140 2 662 327 702 205 425 0 802 2004 1074 0 0 1986 0 126 835 1741 4299 724 780 1103 10034 778 0 0 0 0 0 0 0 0 5418 1182 4895 1
37 31 25 22 21 20 43 44 83 1 39 194 43 0 0 0 0 47 76 22 80 255 445 469 351 1389 271 176 126 171 155 0 2 0 202 10 0 2 3 0 51 71 130 0 27 92 59 0 0 0 0 0 0 49 28 132 0 0 62 34 64 0 60 32 3 23 0 0 31 43 38 0 0 71 106 67 75 66 55 0 55 30 200 209 24 204 130 197 275 26 0 147 0 0 0 59 0 0 0 0 0 30 0 42 0 0 0 0 10 175 0 0 0 0 0 0 0 0 0 0 0 0
2 1 0 0 2 0 4 0 4 0 2 7 2 0 1 20 28 1 0 9 8 21 28 38 18 102 59 32 1 7 11 0 10 0 23 0 0 0 0 0 0 27 4 0 0 0 0 30 0 87 6 0 19 35 22 89 0 142 12 56 29 19 0 7 3 14 7 0 4 6 11 26 0 61 83 0 77 66 28 0 31 0 40 33 11 42 23 12 41 0 0 19 39 0 27 115 0 0 0 0 0 15 45 251 0 0 0 0 35 24 0 0 0 301 0 0 0 0 1290 0 153 0
0 0 0 0 0 0 0 0 0 0 0 0 0 0 0 0 63 540 73 58 12 43 98 228 129 452 214 277 22 84 165 0 1 0 0 0 0 0 0 0 0 0 0 0 0 0 0 0 0 0 0 0 1 0 23 100 0 0 0 0 0 0 0 0 0 0 0 0 0 4 4 0 0 2 6 8 3 0 2 0 0 0 0 0 1 0 0 0 0 0 0 1 0 0 0 0 0 0 0 0 0 0 0 0 0 0 0 0 0 1 0 1 0 0 0 0 0 0 470 0 0 1
0 0 0 0 0 0 0 0 0 0 0 0 0 0 0 0 0 0 0 0 0 0 0 0 0 0 0 0 0 0 0 0 0 0 0 0 0 0 0 0 0 0 0 0 0 0 0 0 0 0 0 0 0 0 0 0 0 0 0 0 0 0 0 0 0 0 0 0 0 0 0 0 0 0 0 0 0 0 0 0 0 0 0 0 0 0 0 0 0 0 0 0 0 0 0 0 0 0 0 0 0 0 0 0 0 0 0 0 0 0 0 0 0 0 0 0 0 0 0 0 0 0
