91
0 2 0 349 11 576 19 30 155 70 1566 0 0 6 0 0 0 0 0 0 0 4 1 36 92 79 19 104 9 196 85 2 742 1 1809 121 0 6 108 0 125 0 0 0 20 5 71 3 8 3 15 0 0 68 0 41 0 14 1 5 0 0 0 9 0 0 0 39 0 1 0 0 0 0 0 0 0 0 2 49 0 16 0 0 10 0 237 0 0 433 0
0 0 0 322 8 177 7 44 37 54 1762 0 0 1 0 0 0 0 0 0 0 0 0 0 0 0 0 81 0 85 2062 0 397 0 1443 0 0 7 0 0 0 0 0 0 0 0 0 0 0 0 0 0 0 0 0 0 0 0 0 0 0 0 0 0 0 0 0 0 0 0 0 0 0 0 0 0 0 0 1 0 0 0 0 0 0 0 0 0 0 2 0
2 5 0 58 2 5 0 7 4 13 5 0 0 1 0 0 0 0 0 0 0 10 4 1 0 2 0 820 66 14 44 2 1502 0 7 1 0 0 1 0 4 0 0 0 1 1 0 0 0 0 0 0 0 4 0 0 0 0 0 0 0 0 0 2 0 0 0 121 1 0 0 0 0 0 0 0 0 0 12 35 0 0 0 0 11 0 0 5 0 39 0
0 0 0 0 0 0 0 0 0 0 0 0 0 0 0 0 0 0 0 0 0 0 0 0 0 0 0 1761 0 12 3 0 0 0 0 0 0 0 0 0 0 0 0 0 0 0 0 0 0 0 0 0 0 0 0 0 0 0 0 0 0 0 0 0 0 0 0 0 0 0 0 0 0 0 0 0 0 0 0 0 0 0 0 0 0 0 0 0 0 0 0
0 0 0 392 0 138 3 39 57 78 2288 0 0 2 0 0 0 0 0 0 0 0 0 4 0 8 2 75 1 0 52 1 111 0 2662 11 0 13 8 0 10 0 0 0 2 1 6 0 1 0 0 0 0 4 0 3 0 1 0 0 0 0 0 1 0 0 0 0 0 0 0 0 0 0 0 0 0 0 0 0 0 0 0 0 0 0 8 0 0 0 0
0 0 0 54 0 0 0 0 0 0 40 0 0 0 0 0 0 0 0 0 0 0 0 6784 0 0 508 5 145 24 24 0 5 0 1 0 0 119 0 0 0 0 0 0 0 0 0 0 0 0 0 0 0 0 0 0 0 0 0 0 0 0 0 0 0 0 0 0 0 0 0 0 0 0 0 0 0 0 0 0 0 0 0 0 0 0 0 0 0 12 0
0 0 1 56 0 1 0 1 0 0 2 0 0 0 0 0 0 0 0 0 0 0 0 1 11703 2 134 2 4 74 14 0 6 0 27 2 2 1750 2 0 2 0 0 0 3 5 2 0 2 1 0 7 0 11 1 35 0 137 185 0 0 0 0 13 15 0 0 0 0 0 1 6 2 0 0 0 1 0 2 11 0 0 0 0 5 0 0 3 7 9 0
0 0 0 47 0 0 0 0 0 0 14 0 0 1 0 0 0 0 0 0 0 2 0 11 29 709 237 19 33 9 30 0 316 0 13 41 1 99 34 52 39 0 0 0 6 1 22 1 2 1 3 0 0 21 0 13 0 4 0 0 0 0 0 1 0 0 0 161 0 0 0 0 0 0 0 0 0 0 0 11 0 0 0 0 2 0 65 0 0 193 0
0 0 0 40 0 25 7 6 0 0 16 0 0 0 0 0 0 0 0 0 0 2 1 1546 1113 160 474 8 2119 36 23 0 110 0 8 0 0 238 0 0 1 0 0 0 1 1 0 0 0 1 0 0 0 1 0 0 0 0 0 0 0 0 0 0 0 0 0 43 0 0 0 0 0 0 0 0 0 0 0 5 0 0 0 0 2 0 0 1 0 0 0
0 0 0 50 0 154 26 2 11 0 23 0 0 1 0 0 0 0 0 0 0 1 0 1788 1 4 190 18 18112 190 23 1 302 0 41 3 4 72 5 7 5 0 0 0 2 1 1 0 1 1 5 11 0 17 0 58 0 229 318 0 0 0 0 26 0 0 0 0 0 0 2 12 2 0 0 0 2 0 9 2 0 0 0 0 14 0 0 5 0 15 0
0 0 0 43 0 0 0 0 0 0 0 0 0 0 0 0 0 0 0 0 0 0 0 0 0 0 0 0 0 0 0 0 0 0 0 0 0 0 0 0 0 0 0 0 0 0 0 0 0 0 0 0 0 0 0 0 0 0 0 0 0 0 0 0 0 0 0 0 0 0 0 0 0 0 0 0 0 0 0 0 0 0 0 0 0 0 0 0 0 0 0
0 0 1 2 1 554 3458 372 193 6698 0 0 0 0 0 0 0 0 0 0 0 0 0 2554 3961 4997 1449 60 156 233 19 14 206 10 5 0 0 1 0 0 191 0 0 0 1 0 0 0 0 0 0 1 0 0 0 0 0 0 0 0 0 0 0 0 0 0 0 4162 0 0 0 0 0 0 0 0 0 0 0 0 0 0 0 0 0 0 0 8 0 7 0
0 0 0 0 0 0 0 0 0 0 0 0 0 0 0 0 0 0 0 0 0 0 0 0 0 0 0 0 0 0 0 0 0 0 0 0 0 0 0 0 0 0 0 0 0 0 0 194 0 0 0 0 0 0 0 0 0 0 0 0 0 0 0 0 0 0 0 0 0 0 0 0 0 0 0 0 0 0 0 0 0 0 0 0 0 0 0 0 0 0 0
0 0 0 0 0 0 0 0 0 0 0 0 0 0 0 0 0 0 0 0 0 0 0 0 0 0 0 0 0 0 0 0 0 0 0 1 0 0 0 0 0 0 0 0 0 0 0 0 0 0 0 0 0 0 0 0 0 0 0 0 0 0 0 0 0 0 0 0 0 0 0 0 0 0 0 0 0 0 0 0 0 0 0 0 0 0 0 0 0 0 0
0 0 0 0 0 0 0 0 0 0 0 0 0 0 0 0 0 0 0 0 0 0 0 0 0 0 0 0 0 0 0 0 0 0 0 0 0 0 0 0 0 0 0 0 0 0 0 194 0 0 0 0 0 0 0 0 0 0 0 0 0 0 0 0 0 0 0 0 0 0 0 0 0 0 0 0 0 0 0 0 0 0 0 0 0 0 0 0 0 0 0
0 0 0 0 0 0 0 0 0 0 0 0 0 0 0 0 0 0 0 0 0 0 0 0 0 0 0 0 0 0 0 0 0 0 0 0 0 0 0 0 0 0 0 0 0 0 0 194 0 0 0 0 0 0 0 0 0 0 0 0 0 0 0 0 0 0 0 0 0 0 0 0 0 0 0 0 0 0 0 0 0 0 0 0 0 0 0 0 0 0 0
0 0 0 0 0 0 0 0 0 0 0 0 0 0 0 0 0 0 0 0 0 0 0 0 0 0 0 0 0 0 0 0 0 0 0 0 0 0 0 0 0 0 0 0 0 0 0 194 0 0 0 0 0 0 0 0 0 0 0 0 0 0 0 0 0 0 0 0 0 0 0 0 0 0 0 0 0 0 0 0 0 0 0 0 0 0 0 0 0 0 0
0 0 0 0 0 0 0 0 0 0 0 0 0 0 0 0 0 0 0 0 0 0 0 0 0 0 0 0 0 0 0 0 0 0 0 0 0 0 0 0 0 0 0 0 0 0 0 194 0 0 0 0 0 0 0 0 0 0 0 0 0 0 0 0 0 0 0 0 0 0 0 0 0 0 0 0 0 0 0 0 0 0 0 0 0 0 0 0 0 0 0
0 0 0 0 0 0 0 0 0 0 0 0 0 0 0 0 0 0 0 0 0 0 0 0 0 0 0 0 0 0 0 0 0 0 0 0 0 0 0 0 0 0 0 0 0 0 0 194 0 0 0 0 0 0 0 0 0 0 0 0 0 0 0 0 0 0 0 0 0 0 0 0 0 0 0 0 0 0 0 0 0 0 0 0 0 0 0 0 0 0 0
0 0 0 0 0 0 0 0 0 0 0 0 0 0 0 0 0 0 0 0 0 0 0 0 0 0 0 0 0 0 0 0 0 0 0 0 0 0 0 0 0 0 0 0 0 0 0 194 0 0 0 0 0 0 0 0 0 0 0 0 0 0 0 0 0 0 0 0 0 0 0 0 0 0 0 0 0 0 0 0 0 0 0 0 0 0 0 0 0 0 0
24 52 51 48 23 17 64 14 7 145 34 64 0 19 0 0 0 0 0 0 0 136 162 71 66 74 46 34 49 49 53 4 97 11 40 51 49 24 60 84 141 0 0 0 184 384 87 222 123 21 59 131 0 67 3 42 0 298 215 0 20 1 0 12 0 0 0 0 51 95 36 0 0 0 0 0 48 12 68 504 7 103 22 118 207 0 176 73 140 121 0
0 0 0 1 0 0 0 0 0 0 1 1 0 4 0 0 0 0 0 0 0 0 30 0 0 1 0 0 1 1 1 0 5 0 0 0 1 0 1 1 21 0 0 0 96 16 25 198 15 20 0 0 0 0 0 1 0 9 3 0 0 0 0 0 0 0 0 0 0 0 0 0 0 0 0 0 0 0 0 0 0 0 0 0 0 0 4 2 0 0 0
0 0 0 5 0 0 0 0 0 0 8 6 0 0 0 0 0 0 0 0 0 0 0 0 0 0 0 1 2 0 5 0 6 0 6 0 0 0 0 0 10 0 0 0 98 33 8 198 8851 31 15 0 0 5 0 0 0 0 0 0 0 0 0 0 0 0 0 0 0 0 0 0 0 0 0 0 0 0 0 0 0 0 0 0 0 0 4 0 0 0 0
0 0 0 5 0 0 0 0 0 0 6 0 0 0 0 0 0 0 0 0 0 0 0 0 4 4 1 16 2 10 1 0 4 0 5 6 0 0 4 9 7 0 0 0 1 0 4 0 0 0 0 0 0 0 0 2 0 1 0 0 0 0 0 0 0 0 0 0 0 0 0 0 0 0 0 0 0 0 0 0 0 0 0 0 0 0 0 0 0 22 0
0 0 51 0 55 0 0 0 0 0 17 0 0 1 0 0 0 0 0 0 0 125 37 0 0 2 3 12 3 5 0 0 2 0 3 0 0 0 5 0 2 0 0 0 2 1 1 0 1 3 0 0 0 0 0 0 0 0 0 0 0 0 0 0 0 0 0 0 6 7 1 0 0 0 0 0 1 0 0 0 0 0 0 0 0 0 0 0 0 6 0
0 0 0 4 0 0 0 0 0 0 0 0 0 0 0 0 0 0 0 0 0 0 0 0 0 0 56 0 0 0 1 0 0 0 1 0 0 2 0 0 0 0 0 0 0 0 0 0 0 0 0 0 0 0 0 0 0 0 0 0 0 0 0 0 0 0 0 0 0 0 0 0 0 0 0 0 0 0 0 0 0 0 0 0 0 0 0 0 0 2 0
0 0 0 10 0 0 0 0 0 0 3 0 0 0 0 0 0 0 0 0 0 0 0 0 0 0 0 9 2 5 13 0 1 0 1 0 0 7 0 0 13 0 0 0 0 0 0 0 0 0 0 0 0 0 0 0 0 0 0 0 0 0 0 0 0 0 0 0 0 0 0 0 0 0 0 0 0 0 0 0 0 0 0 0 0 0 0 0 0 0 0
0 0 0 0 0 0 0 0 0 0 0 0 0 0 0 0 0 0 0 0 0 0 0 0 0 0 0 0 0 0 0 0 0 0 0 0 0 0 0 0 0 0 0 0 0 0 0 0 0 0 0 0 0 0 0 0 0 0 0 0 0 0 0 0 0 0 0 0 0 0 0 0 0 0 0 0 0 0 0 0 0 0 0 0 0 0 0 0 0 0 0
0 0 0 0 0 0 0 0 0 0 0 0 0 0 0 0 0 0 0 0 0 0 0 0 0 0 0 0 0 0 0 0 0 0 0 0 0 0 0 0 0 0 0 0 0 0 0 0 0 0 0 0 0 0 0 0 0 0 0 0 0 0 0 0 0 0 0 0 0 0 0 0 0 0 0 0 0 0 0 0 0 0 0 0 0 0 0 0 0 0 0
0 0 0 0 0 0 0 0 0 0 0 0 0 0 0 0 0 0 0 0 0 0 0 0 0 0 0 0 0 0 0 0 0 0 0 0 0 0 0 0 0 0 0 0 0 0 0 0 0 0 0 0 0 0 0 0 0 0 0 0 0 0 0 0 0 0 0 0 0 0 0 0 0 0 0 0 0 0 0 0 0 0 0 0 0 0 0 0 0 0 0
0 0 0 0 0 0 0 0 0 0 0 0 0 0 0 0 0 0 0 0 0 0 0 0 0 0 0 0 0 0 0 0 0 0 0 0 0 0 0 0 0 0 0 0 0 0 0 0 0 0 0 0 0 0 0 0 0 0 0 0 0 0 0 0 0 0 0 0 0 0 0 0 0 0 0 0 0 0 0 0 0 0 0 0 0 0 0 0 0 0 0
0 0 0 1 0 0 0 0 0 0 0 0 0 0 0 0 0 0 0 0 0 0 0 0 0 0 19 1 0 0 0 0 0 0 0 0 0 0 0 0 0 0 0 0 0 0 0 0 0 0 0 0 0 0 0 0 0 0 0 0 0 0 0 0 0 0 0 0 0 0 0 0 8 0 0 0 0 0 0 0 0 0 0 0 0 0 0 0 0 0 0
0 0 0 0 0 0 0 0 0 0 0 0 0 0 0 0 0 0 0 0 0 0 0 0 0 0 0 0 0 0 0 0 0 0 0 0 0 0 0 0 0 0 0 0 0 0 0 0 0 0 0 0 0 0 0 0 0 0 0 0 0 0 0 0 0 0 0 0 0 0 0 0 0 0 0 0 0 0 0 0 0 0 0 0 0 0 0 0 0 0 0
0 0 0 2 0 1 3 0 0 6 1 0 0 0 0 0 0 0 0 0 0 0 0 2 4 4 26 0 0 0 0 0 0 0 1 0 0 0 0 0 0 0 0 0 0 0 0 0 0 0 0 0 0 0 0 0 0 0 0 0 0 0 0 0 0 0 0 0 0 0 0 0 0 0 0 0 0 0 0 0 0 0 0 0 0 0 0 0 0 0 0
0 0 0 0 0 0 0 0 0 0 0 0 0 0 0 0 0 0 0 0 0 0 0 0 0 0 0 0 0 0 0 0 0 0 0 0 0 0 0 0 0 0 0 0 0 0 0 0 0 0 0 0 0 0 0 0 0 0 0 0 0 0 0 0 0 0 0 0 0 0 0 0 0 0 0 0 0 0 0 0 0 0 0 0 0 0 0 0 0 0 0
0 0 0 1 0 0 0 0 0 0 0 1 0 0 0 0 0 0 0 0 0 0 0 0 0 1 0 4 1 0 0 1 2 0 10 0 3 0 0 0 4 0 0 0 142 6986 10 475 6526 27 12 0 0 0 0 0 0 0 0 0 0 0 0 0 0 0 0 0 0 0 0 0 0 0 0 0 0 0 0 0 0 0 0 0 0 0 0 0 0 0 0
170 0 0 1 0 0 0 0 0 0 0 0 0 2 0 0 0 0 0 0 0 0 0 0 4 0 0 12 11 0 8 0 579 0 83 0 0 0 0 0 8 0 0 0 463 29 7608 3685 78 82 26 22 0 26 0 0 0 0 0 0 0 0 0 0 0 0 0 0 0 1 0 0 1 0 0 0 0 0 0 0 0 0 0 0 0 0 0 0 0 0 0
0 0 0 0 0 0 0 0 0 0 0 0 0 0 0 0 0 0 0 0 0 0 0 0 0 0 0 0 0 0 0 0 0 0 0 0 0 0 0 0 0 0 0 0 0 0 0 0 0 0 0 0 0 0 0 0 0 1 0 0 0 0 0 0 0 0 0 0 0 0 0 0 0 0 0 0 0 0 0 0 0 0 0 0 0 0 0 0 0 0 0
0 1 0 2 0 2 0 0 0 0 1 10 0 0 0 0 0 0 0 0 0 0 0 0 0 5 0 1 1 5 2 5 6 4 25 21 84 9 0 0 0 0 0 0 2 1 1 0 1 2 0 1 0 1 0 1 0 3 0 0 0 0 0 0 0 0 0 0 0 0 1 0 0 0 0 0 4 0 3 0 0 0 0 0 0 0 0 0 0 12 0
1103 60 4 1 16 4 30 0 2 0 2 2 0 2301 0 0 0 0 0 0 0 0 0 0 0 0 0 0 0 2 0 0 2 32 2 10 39 0 6 0 0 0 0 0 6 0 0 0 0 0 1 0 0 3 1215 0 0 0 0 0 0 0 0 0 0 0 0 0 531 134 9 0 0 0 2035 0 225 0 0 0 4099 0 0 0 981 0 0 21 0 3 0
0 0 0 5 0 1 0 0 0 0 2 0 0 0 0 0 0 0 0 0 0 0 0 0 0 5 0 7 11 840 44 2 50 1 16 0 0 1 4 10 0 0 0 0 1 0 4 0 1 0 0 0 0 0 0 2 0 1 0 0 0 0 0 0 0 0 0 0 0 0 0 0 0 0 0 0 0 0 0 0 0 0 0 0 0 0 0 0 0 14 0
12497 3 63 35 41 4 12 3 4 5 38 24 0 12 0 0 0 0 0 0 12 19 12 113 271 240 61 83 138 60 68 2 317 1 55 140 442 13 137 25 138 0 0 0 106 7 21 3 15 13 59 232 369 135 0 2 0 2 0 0 1 0 42 13 0 4 0 31 17 38 4 20 32 0 1 0 13 1 6 10 0 19 3 0 27 0 89 2 18 16 0
0 0 0 0 0 0 0 0 0 0 0 0 0 0 0 0 0 0 0 0 0 0 0 0 0 0 0 0 0 0 0 0 0 0 0 0 0 0 0 0 0 0 0 0 0 0 0 194 0 0 0 0 0 0 0 0 0 0 0 0 0 0 0 0 0 0 0 0 0 0 0 0 0 0 0 0 0 0 0 0 0 0 0 0 0 0 0 0 0 0 0
0 0 0 0 0 0 0 0 0 0 0 0 0 0 0 0 0 0 0 0 0 0 0 0 0 0 0 0 0 0 0 0 0 0 0 0 0 0 0 0 0 0 0 0 0 0 0 194 0 0 0 0 0 0 0 0 0 0 0 0 0 0 0 0 0 0 0 0 0 0 0 0 0 0 0 0 0 0 0 0 0 0 0 0 0 0 0 0 0 0 0
0 0 0 0 0 0 0 0 0 0 0 0 0 0 0 0 0 0 0 0 0 0 0 0 0 0 0 0 0 0 0 0 0 0 0 0 0 0 0 0 0 0 0 0 0 0 0 0 0 0 0 0 0 0 0 0 0 0 0 0 0 0 0 0 0 0 0 0 0 0 0 0 0 0 0 0 0 0 0 0 0 0 0 0 0 0 0 0 0 0 0
0 0 0 0 0 0 0 0 0 0 0 0 0 0 0 0 0 0 0 0 0 0 0 0 0 0 0 0 0 0 0 0 0 0 0 0 0 0 0 0 0 0 0 0 1 0 0 0 0 0 0 0 0 0 0 0 0 0 0 0 0 0 0 0 0 0 0 0 0 0 0 0 0 0 0 0 0 0 0 0 0 0 0 0 0 0 0 0 0 0 0
0 0 0 0 0 0 0 0 0 0 0 0 0 0 0 0 0 0 0 0 0 0 0 0 0 0 0 0 0 0 0 0 2 0 0 0 0 0 0 0 0 0 0 0 1 0 0 0 0 0 0 0 0 0 0 0 0 0 0 0 0 0 0 0 0 0 0 0 0 0 0 0 0 0 0 0 0 0 0 0 0 0 0 0 0 0 0 0 0 0 0
0 0 0 0 0 0 0 0 0 0 0 0 0 0 0 0 0 0 0 0 0 0 0 0 0 0 0 0 0 0 0 0 0 0 0 0 0 0 0 0 0 0 0 0 1 0 0 0 1 0 0 0 0 0 0 0 0 0 0 0 0 0 0 0 0 0 0 0 0 0 0 0 0 0 0 0 0 0 0 0 0 0 0 0 0 0 0 0 0 0 0
0 0 0 0 0 0 0 0 0 0 0 0 0 0 0 0 0 0 0 0 0 0 0 0 0 0 0 0 0 0 0 0 0 0 0 0 0 0 0 0 0 0 0 0 1 0 0 0 0 0 0 0 0 0 0 0 0 0 0 0 0 0 0 0 0 0 0 0 0 0 0 0 0 0 0 0 0 0 0 0 0 0 0 0 0 0 0 0 0 0 0
0 0 0 0 0 0 0 0 0 0 0 0 0 0 0 0 0 0 0 0 0 0 0 0 0 0 0 0 0 0 0 0 0 0 0 0 0 0 0 0 0 0 0 0 0 0 0 0 0 0 0 0 0 0 0 0 0 0 0 0 0 0 0 0 0 0 0 0 0 0 0 0 0 0 0 0 0 0 0 0 0 0 0 0 0 0 0 0 0 0 0
0 2 3 16 1 3 1 0 1 0 8 10 0 4 0 0 0 0 0 0 0 2 0 53 132 118 29 38 61 26 30 1 144 0 25 0 0 3 13 0 54 0 0 0 33 6 16 2 12 10 0 93 0 80 0 1 0 7 0 0 0 0 0 1 0 0 0 0 0 0 1 0 0 0 0 0 1 0 0 0 0 0 1 0 0 0 0 0 0 1 0
0 0 1 0 4 0 0 0 2 0 1 0 0 0 0 0 0 0 0 0 0 6 2 0 0 0 0 0 0 0 0 0 0 0 0 0 0 0 0 0 0 0 0 0 0 0 0 0 0 0 0 0 0 0 0 0 0 0 0 0 0 0 0 0 0 0 0 0 0 0 0 0 0 0 0 0 0 0 0 0 0 0 0 0 0 0 0 0 0 0 0
157 422 219 189 105 263 155 49 55 1024 198 256 0 76 0 0 0 0 0 0 688 659 211 49 135 117 28 50 78 97 97 422 171 430 113 284 243 322 108 91 288 0 0 0 204 51 87 14 77 110 67 153 0 297 0 0 6 1 0 3 1 0 0 240 11 0 54 228 18 81 83 0 0 0 52 7117 5 16 55 3113 0 0 51 0 692 0 684 302 0 466 0
0 0 0 7 0 0 0 0 0 0 1 71 0 25 0 0 0 0 0 0 0 0 0 8 11 10 0 14 2 5 0 1 9 6 64 1 0 1 0 0 2 0 0 0 132 5 12 9 22 21 0 0 0 0 0 0 0 0 0 0 0 0 0 4 0 0 0 0 26 0 0 0 0 0 0 0 1 0 0 0 0 0 0 0 0 0 0 12 0 5 0
0 0 0 0 0 0 0 0 0 0 0 0 0 0 0 0 0 0 0 0 0 0 0 0 0 0 0 0 0 0 0 0 0 0 0 0 0 0 0 0 0 0 0 0 0 0 0 0 0 0 0 0 0 0 0 0 0 0 0 0 0 0 0 0 0 0 0 0 0 0 0 0 0 0 0 0 0 0 0 0 0 0 0 0 0 0 0 0 0 1 0
0 0 0 169 0 0 0 0 0 0 72 0 0 88 0 0 0 0 0 0 0 0 0 0 0 0 0 120 122 16054 106 0 305 0 125 0 0 0 0 0 0 0 0 0 292 42 959 38 141 334 0 0 0 0 0 0 0 0 0 0 0 19965 0 0 0 0 0 0 0 0 0 0 0 0 0 0 0 0 0 0 0 0 0 0 0 0 0 0 0 0 0
0 0 0 1 0 0 0 0 0 0 0 0 0 0 0 0 0 0 0 0 0 0 0 0 0 0 0 0 0 0 0 0 1 0 0 0 0 0 0 11 0 0 0 0 2 0 4 0 1 0 0 0 0 53 0 0 0 0 0 6 6 0 0 0 0 0 0 0 0 0 0 0 0 0 0 0 0 0 0 0 0 0 0 0 0 0 0 0 0 0 0
0 0 0 0 0 0 0 0 0 0 0 0 0 0 0 0 0 0 0 0 0 0 0 0 0 0 0 0 0 0 0 0 0 0 0 0 0 0 0 0 0 0 0 0 0 0 0 0 0 0 0 0 0 0 0 0 0 0 0 0 0 0 0 0 0 0 0 0 0 0 0 0 0 0 0 0 0 0 0 0 0 0 0 0 0 0 0 0 0 0 0
0 0 2 0 0 2 0 1 1 0 0 0 0 0 0 0 0 0 0 0 0 0 0 6 26 23 5 0 0 0 0 0 0 0 0 91 27 3 12 0 22 0 0 0 0 0 0 0 0 0 2 26 9 0 0 0 0 0 0 389 394 0 0 0 0 0 0 0 0 0 0 0 0 0 0 0 0 0 0 0 0 0 0 0 0 0 22 2 0 5 0
0 3 0 68 5 56 150 50 27 37 96 15 0 44 0 0 0 0 0 0 35 56 11 214 5213 609 142 37 79 228 52 4 139 2 50 2503 722 126 339 57 636 14 0 0 173 36 704 18 86 149 205 713 0 0 0 6 0 19 0 0 0 3 0 112 12 0 0 0 6 12 1 58 17 1 19 0 2 3 12 130 0 0 0 0 0 0 771 68 0 189 0
9 18 0 207 29 321 864 297 155 232 135 0 0 58 0 0 0 0 0 0 0 0 16 308 10779 877 204 55 114 307 80 5 228 3 68 3603 1039 181 488 69 917 0 0 0 248 49 969 24 122 183 295 1026 0 0 0 9 0 44 0 62745 0 7 0 0 0 0 0 0 36 69 4 0 0 0 0 0 12 101 76 784 0 0 2 0 0 0 0 387 0 1077 0
0 0 0 0 0 0 0 0 0 0 0 0 0 6 0 0 0 0 0 0 0 0 0 0 0 0 0 0 2 0 0 0 4 0 0 0 0 0 0 0 0 0 0 0 1 0 0 0 0 0 0 0 0 0 0 0 0 10874 0 0 0 0 0 0 0 0 0 0 0 0 0 0 0 0 0 0 0 0 0 0 0 0 0 0 0 0 0 0 0 0 0
575 1200 3079 415 1932 219 173 185 248 3514 553 1079 0 169 0 0 0 0 0 0 1122 3243 1040 345 545 564 386 132 133 448 267 80 486 102 244 411 346 192 1205 733 1228 0 0 0 447 155 221 39 248 201 474 858 14969 2340 5 47 0 103 94 42 42 1 0 962 0 125 1113 1349 212 457 383 401 369 332 747 0 143 191 1280 11980 1 0 245 0 3917 0 6585 1185 176 1733 0
0 0 0 418 0 0 0 0 0 0 208 61 0 141 0 0 0 0 0 0 0 56 1655 1 0 1 2 96 83 410 139 0 182 0 215 1 1 1 2 2 2 0 0 0 105 30 76 13 42 58 0 2 0 0 0 2 0 5 2 0 1 0 0 0 0 0 0 0 2 1078 4 0 0 0 0 0 1 0 3 0 1 0 0 0 119 0 48 0 0 1 0
7 15 11 198 10 4 0 4 3 15 22 764 0 6 0 0 0 0 0 0 102 173 226 2 30 5 1 8 21 15 19 1 49 1 21 4 1 0 10 0 11 0 0 0 32 8 70 8 44 13 5 7 0 13 0 0 2 0 0 0 2 0 6 3 0 0 0 1 1 49 0 6 0 0 0 0 1 0 0 75 0 265 2 0 42 0 32 13 0 18 0
63 190 1391 1601 601 1030 5312 857 1473 421 2425 4671 0 240 0 0 0 0 0 0 1008 930 13275 4709 592 1388 4635 2060 2447 3647 3403 229 2947 228 1800 3753 3790 2584 3877 8621 6584 0 0 0 2443 861 2305 386 2108 807 3778 5419 992 1439 21 6020 4 9512 5839 1215 1279 68 0 5425 386 0 2912 2471 1695 900 1948 824 631 23 348 0 23498 1887 7356 6427 11 1235 1505 1092 1071 0 3143 442 800 8062 2198
3978 4204 540 1095 456 8437 5585 1421 908 4079 950 2168 0 88 0 0 0 0 0 0 733 53 167 137 372 60 133 1360 1642 2432 6507 16058 2645 16152 730 8284 9792 12836 1281 3534 2773 19 0 0 1021 413 768 148 827 413 920 326 0 166 1 68 231 177 296 163 90 1 0 1120 129 0 0 4087 1237 1284 109 0 0 0 93 0 108 4558 175 1091 0 0 85 0 624 0 1755 285 2657 2842 0
0 75 0 139 13 113 63 0 0 96 389 0 0 66 0 0 0 0 0 0 60 244 62 57 83 163 78 192 154 108 322 245 388 241 308 153 176 205 155 139 107 0 0 0 132 115 127 19 115 199 98 117 0 158 0 7 5 71 54 7 6 0 0 167 0 0 0 0 92 159 16 112 0 41 20 256 256 70 384 284 0 0 118 0 429 0 693 63 467 77 0
0 0 0 3 0 23 4 21 10 7 24 1 0 1 0 0 0 0 0 0 0 0 1 2 0 1 13 356 6344 823 400 0 92 0 13 0 0 0 0 0 15 0 0 0 8 1 2 0 2 1 0 1 0 0 0 0 0 0 0 0 0 0 0 0 0 0 0 0 0 1 0 0 0 0 0 0 0 0 4 0 0 0 0 0 0 0 0 0 0 63 0
0 4 0 209 0 184 8 43 12 20 939 9 0 1 0 0 0 0 0 0 0 3 1 3 0 8 15 83 14 169 3627 0 620 0 14 3 0 2 5 0 1 0 0 0 11 4 7 3 9 2 1 8 0 12 0 0 0 2 1 0 0 0 0 0 0 0 0 0 0 0 0 0 0 0 0 0 1 0 0 0 0 0 0 0 0 0 0 0 0 1 0
0 0 1 9 3 0 0 0 2 0 3 0 0 4 0 0 0 0 0 0 0 6 2 0 0 0 95 5 2 4 6 0 2 0 1 0 0 0 0 0 7 0 0 0 2 4 4 1 5 1 0 0 0 0 0 0 0 0 0 0 0 0 0 0 95 0 0 0 0 0 0 0 0 0 0 0 0 0 0 0 0 0 0 0 0 0 0 0 0 0 0
1 0 16 346 14 13 0 57 30 0 120 2725 0 815 0 0 0 0 0 0 96 194 62 283 217 304 1074 256 487 897 286 4 578 1 220 157 22 73 1067 198 135 0 0 0 363 215 218 39 548 189 581 89 2108 3924 0 43 0 138 208 0 1 0 0 1088 0 0 475 0 56 3052 14 0 98 758 0 0 343 153 192 0 3 5085 340 8 373 0 359 3 323 9 0
0 0 66 41 71 0 0 1 45 0 73 1744 0 26 0 0 0 0 0 0 209 214 83 223 142 428 213 47 40 149 68 0 70 0 93 332 0 151 232 71 187 0 0 0 104 27 51 6 38 54 502 1165 432 588 0 0 2 0 0 0 1 0 0 654 41 0 352 65 63 122 9 0 0 55 0 0 180 214 479 193 0 0 26 277 466 0 334 0 0 36 0
2 5 18 64 11 9 17 7 5 8 41 225 0 14 0 0 0 0 0 0 20 13 6 261 608 564 145 178 295 101 149 3 642 2 108 46 25 28 98 46 296 6 0 0 81 15 41 5 30 30 176 613 56 250 1 0 0 3 2 0 0 0 0 78 6 0 31 0 3 20 2 0 0 0 0 0 19 4 50 22 0 0 7 8 57 0 41 0 0 15 0
268 61 459 100 575 7 40 4 365 14 127 144 0 2419 0 0 0 0 0 0 110 1091 331 40 39 84 36 53 27 91 42 0 114 32 319 232 960 369 67 0 65 0 0 0 23741 199 2734 972 1211 6278 389 172 0 304 1215 3 0 13 12 0 1 0 0 6 512 0 0 0 825 450 601 49 837 122 0 0 246 6 22 0 4117 0 0 0 1011 0 165 26 0 243 0
400 841 1573 777 794 728 912 566 315 2064 1255 2224 0 516 0 0 0 0 0 0 3296 3441 981 973 1798 1966 782 1079 1482 2020 1876 172 2493 180 1908 808 1024 262 1808 445 2535 3 0 0 1414 406 987 120 667 514 628 3624 0 1528 1 713 2 17622 12391 566 586 11 3204 1798 1320 1040 2630 0 11294 11444 551 15862 9865 2242 2744 0 4223 859 7149 9410 3 6648 459 8225 8971 0 5152 2349 7961 1869 0
0 0 0 5 1 0 0 0 1 0 51 0 0 7 0 0 0 0 0 0 0 1 1 0 0 0 0 4 13 0 8 0 39 0 27 0 0 0 0 0 0 0 0 0 46 5 9 4 8 26 0 0 0 0 0 1 0 2 1 0 0 0 0 0 0 0 0 0 0 0 0 0 0 0 0 0 0 0 0 0 0 0 2 0 0 0 0 0 0 0 1
5 13 48 266 23 28 40 22 10 21 184 23 0 10 0 0 0 0 0 0 0 30 4 14 13 25 35 28 41 65 51 0 79 0 26 6 4 1 18 0 11 0 0 0 44 3 59 13 54 5 71 30 0 108 0 15 0 67 163 0 0 0 0 55 79 0 0 0 0 79 5 0 0 0 0 0 4 0 0 0 0 0 7 0 26 0 75 6 1829 45 0
0 0 0 501 1 2 0 2 0 0 89 3 0 50 0 0 0 0 0 0 0 4 2 2 2 3 1 44 69 44 91 0 100 0 73 2 3 1 0 94 5 0 0 0 62 26 48 12 53 45 3 8 0 36 0 2 0 40 28 0 0 0 0 0 0 0 0 0 0 8 1 0 0 0 0 0 11 1017 0 0 0 0 19 0 0 0 0 0 0 7 0
0 13 0 386 5 7 0 0 0 0 63 12 0 35 0 0 0 0 0 0 0 24 8 4 10 14 3 33 53 33 63 1 80 1 52 10 9 3 17 113 17 0 0 0 45 18 35 9 38 33 20 32 0 73 0 135 0 532 735 0 0 0 0 66 0 0 0 0 7 16 7 70 0 0 23 0 9 273 1727 0 0 0 16 0 49 0 51 20 0 43 0
0 0 0 0 0 0 0 0 0 0 0 0 0 0 0 0 0 0 0 0 0 0 0 0 0 0 0 0 0 0 0 0 0 0 0 0 0 0 0 0 0 0 0 0 0 0 0 0 0 0 0 0 0 0 0 0 0 0 0 0 0 0 0 0 0 0 0 0 0 0 0 0 0 0 0 0 0 0 0 0 0 0 0 0 0 0 0 0 0 0 0
0 7 495 62 99 10 56 2 60 1 43 319 0 77 0 0 0 0 0 0 0 49 171 76 49 61 65 70 295 125 129 1022 483 794 362 47 77 48 7285 87 997 0 0 0 434 98 199 32 161 315 149 1125 620 843 0 1628 0 4663 2079 53 57 4 561 307 0 0 722 690 97 331 32 0 768 90 120 0 2416 290 5324 896 0 0 100 778 5603 0 5170 73 22048 369 0
0 0 0 8 0 83 11 100 54 21 8 3 0 1 0 0 0 0 0 0 0 1 0 0 0 1 0 538 78 249 9 21 5 0 7 0 0 0 1 1 16 0 0 0 5 0 1 0 1 3 0 1 0 0 0 0 0 8 6 0 0 0 0 0 0 0 0 0 0 0 0 0 0 0 214 0 0 0 0 0 0 0 0 0 0 0 0 1 0 0 0
54 180 94 2553 70 6539 3614 5400 1400 5403 3700 560 0 251 0 0 0 0 0 0 0 294 433 3670 7161 7473 2087 5840 1790 2639 3692 237 7523 47 3891 3113 138 90 2585 3967 3236 26 0 0 2155 508 2354 152 793 625 7098 114 206 4647 2 983 2 426 63 148 143 5 674 316 10 0 54 3092 41 62 35 0 0 0 1612 0 62 25 58 1320 0 0 62 0 462 0 5762 29 0 11780 2
0 0 0 76 0 2 0 0 0 0 81 24 0 20 0 0 0 0 0 0 0 5 13 24 36 54 41 83 113 99 132 0 115 0 92 79 20 3 20 0 158 0 0 0 439 78 88 14 116 43 25 68 0 36 0 141 0 1272 0 63 274 0 0 0 0 0 0 0 5193 109 7 0 0 0 0 0 8 0 435 0 0 0 18 0 0 0 0 3 0 16 0
3091 3479 3684 3986 1045 6940 14802 1633 948 3650 2269 11779 0 668 0 0 0 0 0 0 1840 2501 25303 8261 1778 1609 6129 3121 4266 5391 5476 11863 5126 11931 3508 12958 14838 13840 8070 19801 15608 98 0 0 3504 1395 2528 426 2526 1729 7789 11085 6269 33675 3 11183 172 42887 44711 3228 3311 153 56806 7713 3758 1388 7883 32884 834 1785 3742 9370 47460 679 1518 13223 5702 2348 5827 9077 4 20026 3981 9102 9914 0 10795 3016 17958 15965 2
0 7 10 82 0 12 16 0 2 0 50 48 0 14 0 0 0 0 0 0 0 0 0 299 746 678 163 226 381 119 186 4 834 3 130 12 34 16 84 66 350 0 0 0 94 20 48 6 35 32 156 636 0 274 0 0 0 1 0 0 1 0 0 0 0 0 0 0 2 8 2 0 0 0 0 0 2 0 37 0 0 0 5 0 0 0 0 0 0 5 0
0 0 0 113 0 0 0 0 0 0 9 0 0 7 0 0 0 0 0 0 0 0 0 0 0 0 0 7 30 14 57 0 72 0 129 0 0 0 1 0 0 0 0 0 65 9 19 6 31 7 0 0 0 0 0 0 0 0 0 0 0 0 0 0 0 0 0 0 1 1 0 0 0 0 0 0 0 0 9 0 0 0 0 0 0 0 2 0 0 0 0
3 31 69 141 148 230 0 210 373 28 338 183 0 40 0 0 0 0 0 0 0 25 11 109 128 205 120 122 112 156 155 2 224 1 195 48 54 21 140 130 133 0 0 0 174 68 296 17 184 41 123 222 7 123 0 929 0 2041 1290 3 15 1 0 267 40 0 0 0 399 83 22 0 141 25 14 0 5659 0 1706 1260 0 0 84 77 235 0 402 39 0 409 564
0 0 0 2490 18 0 0 0 14 0 38 0 0 0 0 0 0 0 0 0 0 108 48 0 0 0 0 11077 5 79 24 5 7 3 5 0 4 4 0 0 0 0 0 0 9 2 3 1 4 7 0 5 0 0 0 2 0 4 0 0 0 0 0 0 0 0 0 0 0 0 0 0 0 0 0 0 2 0 0 0 0 0 2 0 0 0 0 0 0 0 0
0 0 0 1 0 0 0 0 0 0 0 0 0 4 0 0 0 0 0 0 0 0 0 0 0 0 0 7 0 7 163 0 0 0 19 0 0 0 0 0 0 0 0 0 0 1 0 0 1 0 0 0 0 0 0 0 0 0 0 0 0 0 0 0 0 0 0 0 0 0 0 0 0 0 0 0 0 0 0 0 0 0 0 0 0 0 0 617 0 0 0
