115
0 0 0 0 0 0 0 0 137 63 128 11 2 56 85 0 0 0 0 0 0 0 0 0 0 0 0 0 0 0 0 0 0 0 407 0 24 0 0 0 0 0 0 0 0 0 0 0 0 0 0 0 0 0 0 0 0 0 0 0 0 0 0 0 0 0 0 0 0 0 0 0 0 0 0 0 0 0 0 0 0 0 0 0 0 0 0 0 0 0 0 0 0 0 0 0 0 0 0 0 0 0 0 0 0 1 0 0 0 0 0 0 0 0 0
0 0 0 0 0 0 0 0 1363 305 41 274 170 233 27 0 0 0 0 0 0 0 0 0 0 0 0 0 0 0 0 0 0 0 0 0 247 0 0 0 0 0 0 0 0 0 0 0 19 0 0 0 0 0 0 0 0 0 0 0 0 0 0 0 0 0 0 0 0 0 0 0 0 0 0 0 0 0 0 0 0 0 0 0 0 0 0 0 0 0 0 0 0 0 0 0 0 0 0 0 0 0 0 0 11 0 0 0 0 0 0 0 0 0 0
0 2 0 0 2 0 0 0 3320 1234 2579 255 167 3090 1339 0 0 0 0 1 0 0 0 1 0 0 0 0 0 0 0 0 0 0 0 0 295 0 0 0 0 0 0 0 0 0 0 0 9 0 0 0 0 0 0 0 0 0 0 2 0 0 0 3 0 0 0 0 0 0 1 0 0 0 0 0 0 0 0 0 0 23 0 0 0 0 0 0 0 0 0 0 0 0 0 39 0 0 0 0 0 0 0 0 5 0 0 0 0 0 0 0 0 0 0
0 3 2 0 4 0 0 0 236 227 90 72 36 13 8 0 0 72 6 35 0 30 25 28 2 29 37 31 0 3 0 5 0 0 0 0 3591 4124 21 13 15 0 21 0 30 0 0 0 39 6 15 0 5 2 11 14 25 24 67 0 176 23 16 57 3 0 0 4 5 0 4 0 0 0 0 0 0 0 0 7 7 3 0 24 0 0 0 0 0 56 0 0 0 0 0 2 0 0 0 0 0 0 0 0 13 105 28 35 0 0 0 0 0 2 3
0 0 0 0 0 0 0 0 0 0 0 0 0 0 10 0 0 0 0 0 0 0 0 0 0 0 0 0 0 0 0 0 29126 0 0 0 1836 0 0 0 0 0 0 0 0 0 0 0 41 0 0 0 0 0 0 0 0 0 0 0 0 0 0 0 0 0 4444 0 0 0 0 0 0 0 0 0 0 0 0 0 0 0 0 0 0 0 0 0 0 10 0 0 0 0 0 0 0 0 0 0 0 0 0 0 15 0 0 0 100 0 0 0 0 1 0
0 0 0 0 0 0 0 0 0 0 0 0 0 0 0 0 0 1 0 1 0 1 0 1 0 1 1 1 0 0 0 0 0 0 0 16535 0 0 0 0 0 0 0 0 95 0 0 0 0 0 0 0 0 0 0 0 0 0 1 0 3 0 0 1 0 0 0 0 0 0 0 0 0 0 0 0 0 0 0 0 0 2 0 0 0 0 0 0 0 0 0 0 0 0 0 0 0 0 0 0 0 0 0 0 0 11 0 0 0 0 0 0 0 0 0
0 0 0 0 0 0 0 0 0 0 0 0 0 0 0 0 0 1 0 0 0 0 0 0 0 0 0 0 0 0 0 0 0 0 0 0 0 0 0 0 1 0 0 0 0 0 0 0 0 0 0 0 0 0 0 0 0 0 1 0 2 0 0 1 0 0 0 0 0 0 0 0 0 0 0 0 0 0 0 0 0 0 0 1 0 0 0 0 0 0 0 0 0 0 0 0 0 0 0 0 0 0 0 0 0 0 0 0 0 0 0 0 0 0 0
1 12 12 2 24 0 0 0 1232 159 417 30 7 515 758 0 25 29 0 9 4 13 0 27 6 0 0 0 0 0 0 0 0 0 0 0 0 335 208 82 398 0 5633 0 7 0 0 0 0 2 0 0 0 0 11 0 0 0 8 36 0 0 0 18 0 0 0 0 0 51 15 0 0 0 0 0 1 4 0 0 0 53 5 0 0 0 0 0 0 8 0 0 0 18 10 0 0 0 0 0 0 0 0 0 0 0 13 0 73 0 0 0 0 135 3
0 0 0 0 0 0 0 0 0 3 0 0 0 0 230 0 0 0 0 0 0 0 0 0 0 0 0 0 15269 0 0 1408 0 0 0 0 0 0 0 0 0 0 262 0 0 0 0 0 0 0 0 0 0 0 0 0 0 0 0 0 0 0 0 1 0 0 0 0 0 0 0 0 0 0 0 0 0 0 0 0 0 5 0 0 0 0 0 0 0 0 0 0 0 0 0 0 0 0 0 0 0 0 0 0 0 0 0 0 0 0 0 0 0 1 0
0 0 0 0 2 0 0 0 0 0 0 0 0 0 217 0 0 28 3 14 0 12 8 11 1 12 13 12 0 37263 0 1805 0 0 0 0 0 0 0 3 3 0 2 0 8 0 0 0 2 2 0 0 0 0 3 0 0 5 27 0 68 5 0 22 0 0 0 0 2 0 2 0 0 0 0 0 0 0 0 0 0 1 0 0 0 0 0 0 0 0 0 0 0 0 0 0 0 0 0 0 0 0 0 0 0 0 0 0 0 0 0 0 0 1 1
0 0 0 0 0 0 0 0 0 2 0 0 0 0 194 0 0 0 0 0 0 0 0 0 0 0 0 0 0 0 32486 1624 0 0 0 0 0 0 0 0 0 0 0 1179 8176 0 0 0 0 0 0 0 0 0 0 0 0 0 0 0 0 0 0 0 0 0 0 0 0 0 0 0 0 0 0 0 0 0 0 0 0 0 0 0 0 0 0 0 0 38 0 0 0 0 0 0 0 0 0 0 0 0 0 0 28 0 42 0 132 0 0 0 0 1 0
0 0 0 0 3 0 0 0 420 131 39 0 64 65 167 0 19 12 1 11 3 12 8 23 5 16 26 19 570 3575 1181 2989 0 686 0 0 0 0 35 8 20 0 68 28 289 4 6 6 9 2 0 0 0 8 13 1 0 10 16 32 24 5 0 22 0 0 0 5 5 13 9 16 17 0 5 1 14 5 0 5 4 46 8 0 0 0 0 0 0 9 0 0 0 15 7 0 0 0 0 0 0 0 0 0 9 3 13 0 22 0 0 0 0 7 5
0 0 0 0 6 1 0 0 58 21 30 0 0 0 32 0 40 9 1 16 8 19 13 45 11 28 40 34 53 495 172 199 0 77 5 1 0 0 21 18 5 0 103 0 43 7 0 39 5 3 0 0 0 14 21 9 0 12 19 72 13 13 9 35 11 0 0 13 5 27 20 51 42 7 14 3 32 12 2 15 13 105 19 0 0 0 0 0 0 0 0 0 0 34 17 0 0 0 0 2 1 0 0 0 13 0 8 0 8 0 0 0 4 13 1
0 0 0 0 1 0 0 0 0 216 1 0 612 0 303 0 0 2 0 1 0 1 0 1 0 0 0 0 1918 0 0 8382 0 8684 0 0 1301 0 0 0 0 0 310 0 0 0 0 0 0 0 0 0 0 0 0 0 0 0 2 0 1 0 0 2 0 0 0 0 0 0 0 0 0 0 0 0 0 0 0 0 0 2 0 0 0 0 0 0 0 0 0 0 0 0 0 0 0 0 0 0 0 0 0 0 0 5 0 0 1 0 0 0 0 6 0
0 0 0 0 0 0 0 0 0 0 0 0 0 0 0 0 0 0 0 1 0 0 0 0 0 0 0 0 0 0 0 0 0 0 0 0 0 0 0 0 0 0 302 0 0 0 0 0 0 0 0 0 0 0 0 0 0 0 1 0 1 0 0 1 0 0 0 0 0 0 0 0 0 0 0 0 0 0 0 0 0 1 0 0 0 0 0 0 0 0 0 0 0 0 0 0 0 0 0 0 0 0 0 0 0 0 0 0 0 0 0 0 0 0 0
2 47 10 183 12 1 0 1135 885 299 662 55 48 383 251 0 78 63 2 28 10 660 684 742 82 211 368 666 0 0 0 1 0 0 2 1 0 0 56 61 23 0 23 4812 8513 2446 53 0 112 5 0 284 4632 84 82 68 39 67 34 129 36 57 0 89 24 0 0 221 50 7502 85 22 64 0 11 2 44 48 12 9 3 196 29 0 0 0 0 0 0 0 0 0 30 46 26 0 0 0 0 0 0 0 0 0 20 8 0 0 359 0 0 0 34 35 23
0 1 0 70 1 0 0 0 6 3 3 0 0 2 1 0 0 0 0 0 0 0 0 0 0 0 0 0 0 3047 0 0 0 0 0 0 0 0 5699 0 0 0 0 0 0 0 0 0 0 0 0 0 0 0 0 0 0 0 0 1 0 0 0 0 0 0 0 0 0 0 0 0 0 0 0 0 0 0 0 0 0 1 0 0 0 0 0 0 0 0 0 0 0 0 0 0 0 0 0 0 0 0 0 0 0 0 0 0 14 0 0 0 0 0 0
0 18 11 0 13 0 0 0 3 0 3 0 0 0 0 0 1 0 0 0 0 0 0 0 0 1 0 0 0 0 0 0 0 0 0 0 0 0 0 0 0 0 0 0 0 0 5 0 119 39 209 15 0 0 0 21 60 18 0 0 0 0 0 2 0 0 0 0 0 0 5 30048 0 0 0 0 0 0 0 0 0 2 0 0 0 0 0 0 0 0 0 0 0 0 0 0 0 0 0 3 0 0 0 0 1 0 21 0 5 0 0 0 0 1 0
0 1 1 0 0 0 0 0 0 0 0 0 0 0 0 0 0 0 0 0 0 1 0 0 0 0 0 0 0 0 0 0 0 0 0 0 0 0 0 0 0 0 0 0 0 0 0 422 0 0 0 0 0 0 0 0 0 0 0 0 0 0 0 0 0 0 0 0 0 0 1 0 0 0 0 0 1 0 0 0 0 0 8498 0 0 0 0 0 0 0 0 0 0 0 0 0 0 0 0 0 0 0 0 0 0 0 0 0 0 0 0 0 0 0 0
0 0 0 0 0 0 0 0 0 0 0 0 0 0 0 0 0 0 0 0 0 0 0 0 0 0 0 0 0 0 0 0 0 0 0 0 0 0 0 0 0 0 0 0 0 0 0 0 0 1 0 0 0 0 0 0 0 0 0 0 0 0 0 0 0 0 0 0 0 0 0 0 0 0 0 0 0 0 0 0 0 0 0 0 0 0 0 0 0 0 0 0 0 0 0 0 0 0 0 0 0 0 0 0 0 0 0 0 0 0 0 0 0 0 0
0 0 0 0 0 0 0 0 0 0 0 0 0 0 0 0 0 555 0 0 0 0 0 0 0 0 0 0 0 0 0 0 0 0 0 0 0 0 0 0 0 0 0 0 0 0 0 0 1 0 0 0 0 0 0 0 0 0 0 0 0 0 0 0 0 0 0 0 0 0 0 3 2 1 0 1 8 6 2 0 0 462 1 0 0 0 0 0 0 0 0 0 0 0 0 0 0 0 0 0 0 0 0 0 0 0 0 0 0 0 0 0 0 0 0
0 4 1 0 2 0 0 0 1 0 0 0 0 0 0 0 1 5 0 0 0 0 0 5 1 3 0 0 0 0 0 0 0 0 0 0 0 0 0 0 0 0 0 0 0 0 0 0 0 0 0 0 0 0 0 0 0 0 0 0 0 0 3842 0 0 0 30 376 0 68 5 0 21467 0 0 0 0 9 0 0 0 5 0 0 0 0 0 0 0 0 0 0 0 0 0 0 0 0 0 0 0 0 0 0 0 0 0 0 1 0 0 0 0 8 0
0 14 9 0 21 0 0 1 56 0 71 0 0 3 5 0 8 344 30 163 0 149 0 146 10 137 171 150 11 39 20 33 13 0 0 0 0 39 33 68 0 29 48 0 170 0 7 0 4 18 12 49 0 0 45 55 90 75 231 36658 785 60 0 260 20 0 41 62 10 6 23 0 0 0 0 0 24 0 0 0 0 0 33 120 0 0 0 0 0 0 0 0 0 0 0 0 0 0 0 8 0 0 0 0 6 0 52 0 26 0 0 0 34 3 16
0 0 0 0 0 0 0 0 0 0 1 0 0 0 0 0 0 4 0 3 0 0 0 0 0 0 0 0 0 0 0 0 0 0 0 0 0 0 0 0 0 0 0 0 0 0 0 0 0 0 0 0 0 0 0 0 0 0 0 0 0 879 0 2 0 0 0 0 0 0 0 0 0 0 0 0 0 0 0 0 0 6 0 0 0 0 0 0 0 0 0 0 0 0 0 0 0 0 0 0 0 0 0 0 0 0 0 0 1 0 0 0 0 0 0
0 0 0 0 0 0 0 0 0 0 0 0 0 0 0 0 0 0 0 0 0 0 0 0 0 0 0 0 0 0 0 223 0 0 0 0 0 0 0 0 0 0 0 0 0 0 0 0 0 0 0 0 0 0 0 0 0 0 0 0 0 0 0 1959 50 0 0 0 0 0 0 0 0 0 0 0 0 0 0 0 0 0 0 0 0 0 0 0 0 0 0 0 0 0 0 0 0 0 0 0 0 0 0 0 0 0 0 0 0 0 0 0 0 0 0
0 3 0 0 1 0 0 1 1 0 1 0 0 0 1 0 1 0 0 0 0 0 0 0 0 0 0 0 0 0 0 0 0 0 0 0 0 0 0 0 0 0 0 0 0 0 0 0 0 0 0 0 0 0 0 0 0 47 0 1 0 0 0 0 0 0 0 0 0 2 1 0 0 0 0 0 0 0 0 0 0 2 0 0 0 0 0 0 0 0 0 0 0 0 0 0 0 0 0 0 0 0 0 0 0 0 0 0 1 0 0 0 0 0 0
1 19 7 0 8 0 0 104 10 0 9 0 0 6 10 0 289 2 2 16 75 9 0 13 3 52 0 48 0 0 0 0 0 0 0 0 0 13 0 0 0 0 0 0 258 18 0 0 0 1 0 0 0 175 413 585 0 0 9 13 0 0 0 12 0 0 0 0 28 27 13 0 0 0 0 0 0 0 0 0 0 20 0 0 0 0 0 0 0 0 0 0 0 5 4 0 0 0 0 0 0 0 0 0 2 0 0 0 6 0 0 0 0 4 2
0 18 10 0 12 0 0 6 5 0 5 0 0 1 1 0 8 3 0 2 0 0 0 2 1 5 0 0 0 0 0 0 0 0 0 0 0 28 23 0 0 0 0 0 0 0 0 0 0 40 83 0 0 0 33 64 0 4 3 2 0 0 0 5 0 0 0 0 0 49 2 0 0 0 0 0 0 0 0 0 0 4 0 0 0 0 0 0 0 0 0 0 0 0 1 0 0 0 0 0 0 0 0 0 0 0 0 0 8 0 0 0 0 0 0
2 94 21 9 27 2 0 87 0 46 121 0 0 0 66 65 157 25 4 56 13 64 0 183 50 129 223 119 0 0 25 97 0 0 19 3 0 0 0 83 53 34 62 45 44 22 78 0 24 7 0 0 0 0 39 0 0 43 25 286 40 55 47 88 56 0 0 57 40 125 66 1835 96 0 0 0 100 4 0 0 0 464 29 0 0 0 0 0 0 0 0 0 16 106 53 54 0 0 0 5 4 0 0 0 49 0 30 0 59 0 0 0 38 47 54
1 54 14 0 19 1 0 113 628 0 111 0 0 105 162 60 0 14 842 30 7 36 0 97 26 69 1066 62 135 0 88 247 0 19 6 2 0 0 403 47 66 7 100 0 15 0 37 0 16 4 0 0 0 0 51 0 0 16 15 150 21 24 0 48 29 0 0 27 0 68 37 0 0 0 0 0 49 0 0 0 0 244 0 0 0 0 0 0 0 139 0 0 0 48 28 28 0 0 0 2 1 0 0 0 40 746 105 0 184 0 0 0 10 33 28
0 83 24 5 29 2 0 60 145 46 0 0 0 37 49 54 115 18 3 40 8 48 0 140 38 97 162 85 0 0 0 72 0 0 9 2 0 0 126 54 27 5 44 390 213 1 50 0 12 4 0 0 0 0 126 0 0 25 15 213 19 33 2 75 42 0 0 106 42 1228 45 0 53 0 0 0 71 0 0 0 0 350 3 0 0 0 0 0 0 0 0 0 0 59 37 35 0 0 0 0 0 0 0 0 34 0 29 0 42 0 0 0 18 30 36
0 24 6 0 8 0 0 3 0 0 0 0 0 0 48 0 46 5 1 13 3 20 0 48 0 58 55 41 0 0 0 0 0 0 0 0 0 0 1402 10 3 0 24 0 0 0 0 0 0 1 0 0 0 0 33 5 0 1 16 66 469 0 0 22 137 0 0 13 24 263 17 0 0 0 0 0 19 0 0 0 0 109 0 0 0 0 0 0 0 27 0 0 0 0 11 0 0 0 0 0 0 0 0 0 0 0 80 0 168 0 0 0 5 24 7
1 36 8 2 0 1 0 79 325 146 118 26 2 78 1432 8 61 10 2 22 5 25 0 73 20 51 82 45 46 23 45 250 0 27 6 1 287 51 92 34 39 0 53 0 10 0 14 0 11 3 0 0 0 0 39 18 0 11 9 114 12 18 6 34 21 0 0 19 12 51 26 0 25 0 0 0 39 0 0 0 0 185 0 0 0 0 0 0 0 0 0 0 0 38 21 0 0 0 0 1 2 0 0 0 20 0 18 0 38 0 0 0 15 19 16
1 59 19 2 24 1 0 181 1315 670 1184 0 0 0 238 95 97 15 752 28 7 55 1 109 26 178 213 148 89 0 60 381 0 0 4 1 0 0 1370 71 93 0 82 0 14 0 29 0 20 4 0 0 0 66 249 183 0 168 58 139 1745 31 0 54 267 315 179 85 103 915 43 0 28 0 0 0 49 3 0 0 0 225 4 0 0 0 0 0 0 368 0 0 0 20 25 0 0 0 0 0 1 111 0 0 63 30 181 0 355 0 0 0 9 50 26
0 10 2 2 2 0 0 9 4 3 13 0 0 3 4 0 18 2 0 6 1 7 2 21 6 15 25 13 0 0 0 8 0 0 0 0 0 5 0 7 3 0 4 0 2 0 7 0 1 1 0 0 0 4 10 5 0 4 1 32 3 2 0 8 5 0 0 4 4 14 7 8 16 0 0 0 11 0 0 0 0 54 5 0 0 0 0 0 0 0 0 0 1 13 6 5 0 0 0 1 0 0 0 0 4 0 2 0 4 0 0 0 0 5 5
0 1 0 0 0 0 0 0 1 0 1 0 0 0 0 0 1 0 0 0 0 0 0 1 0 1 2 1 0 0 0 0 0 0 0 0 0 0 0 0 0 0 0 0 0 0 0 8 0 0 0 0 0 0 1 0 0 0 0 2 0 0 0 1 0 0 0 0 0 1 0 2 1 0 0 0 1 0 0 0 0 4 142 0 0 0 0 0 0 0 0 0 0 1 0 0 0 0 0 0 0 0 0 0 0 0 0 0 0 0 0 0 0 0 0
0 0 0 0 0 5 0 234 16542 4154 2720 400 252 0 2308 437 339 58 260 135 46 148 60 354 92 245 616 225 5498 2184 3310 2568 0 2910 62 6 0 961 2866 1146 1170 0 2586 1078 2489 561 682 1175 1662 498 3587 2462 249 914 1501 1685 4318 3293 2904 561 2526 470 479 1005 16 545 178 360 369 271 204 848 1279 164 347 370 1280 2963 158 15 0 1003 1094 659 0 0 0 0 0 4124 0 0 77 196 117 0 0 0 0 47 15 0 0 0 217 548 663 0 1716 0 0 0 429 1981 15993
0 7 1 0 3 0 0 0 5505 1192 2236 215 22 680 472 121 26 39 13 49 13 58 0 41 15 17 0 0 1052 264 574 512 0 255 0 0 0 0 2407 2 537 0 2273 0 0 0 0 0 237 1 0 0 0 61 19 0 0 0 30 22 0 5 0 16 0 0 0 324 10045 51 16 0 0 0 0 0 3 85 0 0 0 51 373 0 0 0 0 0 0 972 3309 0 0 116 288 1552 0 0 0 0 0 0 0 0 90 0 1003 0 377 0 0 0 0 68 0
0 17 4 0 6 0 0 0 172 20 182 0 0 28 8 0 0 3 1 9 2 10 0 28 8 21 5 0 77 0 0 0 0 0 0 0 0 0 0 9 0 0 32 0 94 0 0 0 9 1 0 0 0 0 59 155 0 0 5 42 0 2 0 15 0 0 0 2 8 21 11 0 0 0 0 0 11 0 0 0 0 69 0 0 0 0 0 0 0 0 0 0 0 0 5 0 0 0 0 0 0 0 0 0 11 0 13 0 41 0 0 0 0 0 4
0 8 1 0 2 0 0 0 6 0 14 0 0 4 5 0 20 2 1 8 15 7 0 22 6 16 23 15 0 0 0 0 0 0 0 0 0 0 0 0 0 0 1 0 0 0 0 1565 0 1 0 0 0 4 8 7 0 2 2 37 0 0 0 10 0 0 0 0 5 15 8 0 0 0 0 0 4 0 0 0 0 59 0 0 0 0 0 0 0 0 0 0 0 13 7 0 0 0 0 0 0 0 0 0 1 0 0 0 5 0 0 0 0 5 1
1 17 10 0 16 0 0 0 7 0 12 0 0 4 6 0 28 35 1 6 4 225 149 222 23 71 88 123 0 0 0 0 0 0 0 0 0 0 37 20 0 5380 372 0 0 41 119 0 0 1 0 0 1308 94 14 7 0 54 46 25 23 28 0 99 52 0 370 13 20 162 20 0 0 0 0 0 3 0 0 0 0 33 0 0 0 0 0 0 0 530 0 0 87 0 5 0 0 0 0 0 0 82 0 0 1020 0 231 0 1846 0 0 0 1 81 3
2 129 74 1 88 1 0 50 339 149 339 29 39 142 30 137 52 17 2 19 9 30 0 59 14 70 99 91 0 0 0 38 9 4 2 1 3819 95 454 54 0 0 166 91 38 3 44 40 11 3 31 0 0 38 171 70 7 127 854 84 14 155 0 162 1195 0 0 505 16 14 299 0 0 0 0 46 38 3 0 0 0 125 0 0 0 0 0 0 0 137 0 0 14 43 30 61 0 4 0 0 7 3 0 34 125 30 317 0 271 0 0 0 7 257 21
0 20 10 0 14 0 0 0 0 0 9 0 0 0 0 0 10 12 0 4 2 4 0 10 3 7 0 6 0 0 0 0 0 0 0 0 0 0 0 0 0 0 0 0 0 0 0 0 0 0 0 0 0 0 1 0 0 0 4 16 0 0 0 7 0 0 64 0 2 0 5 0 0 0 0 0 14 57 0 0 0 55 0 0 0 0 0 0 0 0 0 0 0 0 0 0 0 0 0 0 0 0 0 0 2 0 22 0 6 0 0 0 0 76 0
14 270 150 19 196 112 80 124 96 36 0 0 24 42 95 0 85 142 34 219 640 274 129 273 34 235 236 173 0 14 0 81 2 28 41 13 0 154 275 66 9 0 93 0 1832 44 75 0 79 15 0 0 0 228 700 290 0 165 122 769 75 124 170 436 135 0 600 818 193 12491 37 0 496 0 0 0 104 259 0 0 0 517 95 10 0 0 0 0 0 0 0 0 47 50 109 0 0 0 0 0 37 47 0 0 108 0 24 0 83 0 0 0 559 85 48
0 38 19 0 25 0 0 0 17 0 0 0 0 8 7 0 25 22 2 18 4 5 0 44 9 24 0 31 0 0 0 19 0 0 0 2 0 33 0 90 233 0 14 0 0 8540 635 0 441 3 0 0 0 0 48 20 0 0 27 47 45 5837 0 9062 0 0 68 142 20 1324 14 0 0 0 0 0 0 0 0 0 0 89 0 0 0 0 0 0 0 0 0 0 2 14 9 0 0 0 0 0 38 0 0 0 9 0 0 473 17 0 0 0 61 12 8
2 111 96 33 89 1 0 59 65 4 47 0 0 17 15 0 784 43 8 59 1709 79 41 118 16 49 0 74 0 52 0 135 18 67 2 2 0 243 119 218 0 0 198 0 0 0 202 2 65 47 0 0 0 303 929 693 0 176 45 132 71 41 0 139 55 0 76 221 116 1323 192 0 41 0 113 154 65 146 84 77 84 531 0 0 0 0 0 0 0 89 0 0 39 500 187 335 93 0 0 9323 7680 4 0 152 214 127 656 0 111 0 0 0 208 241 171
2 160 98 3 116 1 0 42 29 10 33 0 15 15 7 0 22 0 1 7 7 31 0 35 5 63 64 76 0 0 0 4 0 0 0 2 0 47 33 98 0 0 72 0 0 0 0 0 16 3 0 0 0 17 69 50 0 24 16 24 0 0 0 25 11 0 0 26 3 34 39 0 0 0 0 9 21 59 0 0 0 27 0 0 0 0 0 0 0 0 0 0 0 5 7 22 27 0 0 0 178 0 0 0 254 449 272 0 30 0 0 0 194 486 17
40 2745 5022 5 1168 141 5 3466 228 13 246 0 0 33 62 1869 342 2454 0 22 931 2280 160 369 45 992 1476 702 257 448 312 390 180 257 3 0 0 831 329 0 89 0 781 535 473 0 118 0 5890 1965 3338 9523 0 328 1036 488 468 593 53 53 343 278 152 326 165 0 105 61 153 24 1712 0 0 0 0 0 11729 7 0 0 0 2151 1094 267 400 605 0 0 0 0 0 11932 1169 1036 1871 13011 0 360 1227 893 0 46 4171 0 160 162 497 0 146 566 494 344 4172 69 246
0 0 0 0 0 0 0 1317 15 0 19 0 0 1 3 0 9 0 5 15 0 85 0 51 5 26 11 18 0 0 0 5 0 0 0 0 0 0 0 14 4 0 9 0 0 0 0 0 0 5 0 0 0 6 81 14 0 23 51 1 0 3 0 37 1 0 0 5 6 8 9 0 0 0 0 0 0 0 0 0 0 55 0 0 0 0 0 0 0 0 0 0 0 0 2 0 0 0 0 0 0 0 0 0 4 0 0 0 8 0 0 0 0 4 17
0 0 0 0 0 0 0 0 0 0 0 0 0 0 0 0 0 0 0 0 0 4 0 1 0 0 0 0 0 0 0 0 0 0 0 0 0 0 0 0 0 0 0 0 0 0 0 0 0 0 0 0 0 0 0 0 0 0 0 0 0 0 0 0 0 0 0 0 0 0 0 0 0 0 0 0 0 0 0 0 0 0 0 0 0 0 0 0 0 0 0 0 0 0 0 0 0 0 0 0 0 0 0 0 0 0 0 0 0 0 0 0 0 0 0
14 3091 2994 0 4994 61 0 10091 1346 317 496 79 36 180 217 179 184 0 8 57 16 257 0 268 59 129 229 0 323 147 239 313 24 189 18 4 0 269 198 114 100 0 230 105 49 385 163 0 2212 629 0 0 0 102 189 133 0 87 32 294 0 53 0 81 66 0 18 77 83 185 86 0 0 0 0 0 81 0 0 0 0 502 0 0 0 0 0 0 0 0 0 0 82 104 57 9 0 0 0 0 7 0 0 0 67 0 66 0 129 0 0 0 52 83 96
125 912 1019 510 768 42834 494 2728 1474 364 1095 478 917 235 2635 0 2931 0 1369 971 18 193 0 587 1939 4856 2058 470 1200 471 793 811 66 537 386 21 0 966 916 67 227 8 486 551 269 23 407 0 1974 937 55 0 85 1542 1419 1436 58 2323 51 429 304 128 0 220 1097 0 0 168 192 1120 89 0 0 0 0 0 92 3454 16964 0 0 855 0 0 0 0 0 0 0 281 0 0 0 1849 34244 0 0 0 98770 65 93 62 95826 0 957 144 185 0 675 99427 99501 99651 361 199 614
5 539 136 0 158 2 0 98 80 17 111 11 76 47 58 0 878 370 82 271 309 515 357 560 72 426 471 458 158 241 255 389 147 250 17 2 0 506 377 245 0 23 335 288 65 506 161 93 149 57 235 0 0 1427 593 777 596 827 875 202 5895 16520 5405 16612 2092 942 564 655 1016 950 1800 0 40 0 247 410 230 600 106 0 154 318 300 256 849 205 0 0 0 0 0 0 837 90 52 77 110 0 0 0 0 14 0 0 0 291 95 0 252 0 0 0 37 150 53
1 203 83 0 98 1 0 27 26 6 29 0 0 10 9 0 17 2 0 5 2 99 66 113 13 112 0 85 162 22 0 43 7 0 0 0 0 0 309 0 0 0 3 0 76 0 0 0 0 6 0 0 0 0 36 65 0 0 13 22 0 0 0 21 0 0 0 72 240 335 14 0 0 0 0 0 9 6 0 0 0 34 29 0 0 0 0 0 0 0 0 0 0 9 5 0 0 0 0 0 0 2 0 0 31 0 6 0 68 0 0 0 0 17 0
0 8 2 0 3 0 0 0 2 0 5 0 0 2 2 0 9 2 0 3 1 4 0 9 2 0 0 0 0 0 0 0 0 0 0 0 0 0 0 0 0 0 0 0 0 0 0 0 0 3 0 0 0 0 0 0 0 0 4 5 0 0 0 6 0 0 0 0 0 36 7 0 0 0 0 0 0 0 0 0 0 18 16 0 0 0 0 0 0 0 0 0 0 3 3 0 0 0 0 0 0 0 0 0 0 0 9 0 25 0 0 0 0 2 0
0 4 0 0 2 0 0 3647 94 7 96 0 0 13 1 0 5 0 0 2 1 1 0 5 1 2 0 0 69 11 12 0 0 0 0 0 0 6 0 0 0 0 21 0 0 0 0 0 0 1 0 0 0 0 162 0 0 0 2 0 0 0 0 0 0 0 0 0 0 6 5 0 0 0 0 0 0 0 0 0 0 10 14 0 0 0 0 0 0 0 0 0 0 0 1 0 0 0 0 0 0 0 0 0 1 0 9 0 30 0 0 0 0 2 0
3 161 66 0 79 1 0 62 35 4 64 4 46 24 25 0 182 0 3 33 13 93 0 119 24 896 3 813 99 149 172 260 96 162 11 1 0 397 10 334 109 0 269 393 261 331 725 0 111 67 331 0 0 603 1551 1257 0 0 62 123 0 13 0 104 0 115 3 160 292 583 132 0 0 0 0 0 62 91 0 0 0 200 170 0 1736 0 0 0 0 0 0 0 209 55 30 17 0 0 0 0 16 78 0 0 72 67 90 0 123 0 0 0 47 148 36
0 86 34 0 41 0 0 10 11 0 14 0 0 4 4 0 11 0 0 4 2 51 0 40 5 0 358 0 0 0 0 0 0 0 0 0 0 17 17 0 0 0 2 0 44 0 0 0 0 4 0 0 0 244 655 2295 427 0 80 12 2786 0 0 7 0 0 0 42 93 70 127 0 0 0 0 0 0 0 0 0 0 23 18 0 0 0 0 0 0 0 0 0 0 4 3 0 0 0 0 0 0 0 0 0 1 0 3 0 5 0 0 0 0 15 0
0 1 0 0 1 0 0 0 0 0 0 0 0 0 0 0 2 4 0 1 0 75 0 75 8 0 0 0 0 0 0 0 0 0 0 0 0 0 0 0 0 0 0 0 0 0 0 0 0 0 0 0 0 0 0 0 0 0 0 3 0 0 0 0 0 0 0 0 0 0 0 0 0 0 0 0 0 0 0 0 0 3 0 0 0 0 0 0 0 0 0 0 0 0 0 0 0 0 0 0 0 0 0 0 0 0 0 0 0 0 0 0 0 3 0
0 1 0 0 1 0 0 0 0 0 0 0 0 0 0 0 0 0 0 0 0 1 0 1 0 0 0 0 0 0 0 0 0 0 0 0 0 0 0 0 0 0 0 0 0 0 0 0 0 3 0 0 0 0 0 1 0 0 0 0 0 0 0 0 807 0 0 0 0 160 0 46 0 0 0 0 0 0 0 0 0 0 2 0 0 0 0 0 0 0 0 0 0 0 0 0 0 0 0 0 0 0 0 0 0 0 0 0 0 0 0 0 0 0 0
0 34 18 0 24 0 0 23 6 0 11 0 0 0 0 0 12 2 0 4 1 31 0 51 8 319 252 249 0 0 0 0 0 0 0 0 0 80 49 60 0 0 2 0 0 0 0 0 232 22 76 0 0 262 195 559 8 0 124 21 0 12 0 0 1310 0 1002 170 198 2333 23 0 0 0 0 0 0 0 0 0 0 36 263 0 0 0 0 0 0 0 0 0 27 0 4 0 0 0 0 0 0 0 0 0 2 0 0 0 3 0 0 0 0 3 1
0 27 11 0 15 0 0 57 9 0 23 0 0 5 6 0 32 4 1 11 3 39 0 0 17 36 52 29 0 0 0 9 0 0 0 0 0 0 0 10 0 0 6 0 0 0 14 0 0 2 0 0 0 16 114 37 0 55 19 57 0 0 0 0 12 0 0 133 146 41 214 10228 0 0 0 0 15 0 0 0 0 96 27 0 0 0 0 0 0 0 0 0 2 10 11 1679 0 0 0 0 0 0 0 0 6 0 6 0 9 0 0 0 54 9 9
1 95 41 0 53 2 0 223 31 9 82 6 0 20 24 58 111 51 3 38 10 0 344 589 75 263 348 275 0 0 0 79 0 13 8 2 0 88 46 65 4851 4606 339 0 44 81 167 0 53 8 1 97 0 200 134 169 200 153 19 207 98 55 0 0 112 0 897 447 519 289 667 0 0 0 0 0 86 0 0 0 0 339 84 0 0 0 0 0 0 364 0 0 133 0 39 36 0 0 0 0 3 192 0 0 33 0 150 0 1203 0 0 0 24 80 39
0 1 0 0 1 0 0 0 0 0 0 0 0 0 0 0 0 0 0 0 0 0 0 0 0 0 0 0 0 0 0 0 0 0 0 0 0 0 0 0 0 0 0 0 0 0 0 0 0 3 0 0 0 0 0 2 0 0 10 0 138 498 39 0 18 0 0 0 0 25 7 0 0 0 0 0 0 0 0 0 0 1 2 0 0 0 0 0 0 0 0 0 0 0 0 0 0 0 0 0 0 0 0 0 0 0 0 0 0 0 0 0 0 0 0
0 21 10 0 15 0 0 7 284 126 269 17 0 113 2 0 170 1 1 4 1 0 0 10 0 170 175 124 0 0 0 0 0 0 0 3 0 623 427 9 0 0 1 0 3897 0 0 0 0 0 0 0 0 26 121 81 345 118 138 0 0 0 0 0 0 0 1423 422 300 321 4 0 12 0 38 39 47 138 131 8 1 25 62 35 0 0 0 0 0 0 997 0 51 0 2 0 0 0 0 0 0 0 0 0 5 0 20 0 0 0 0 0 0 0 0
7 2258 822 64 963 11 0 539 275 100 374 50 96 114 83 580 667 656 11 103 33 1037 960 1307 170 603 752 631 47 110 151 163 90 0 31 5 0 346 282 241 19046 76 406 9688 650 428 10089 302 86 13 61 208 0 139 244 141 0 131 4348 472 2765 3334 2411 6397 6756 0 552 170 917 230 1249 0 571 0 1104 1407 771 2127 488 1290 1271 763 1111 252 2251 1114 716 0 0 0 0 0 1330 192 116 148 1128 0 0 50 250 115 0 0 346 731 390 0 160 0 0 0 289 787 205
4 57 14 0 0 1 0 60 1634 431 170 77 74 181 245 33 99 9 3 36 15 0 0 103 27 72 121 81 502 176 255 220 27 0 9 2 0 247 231 46 0 8 0 0 0 0 23 0 33 6 0 9 0 51 59 32 0 41 36 154 0 22 0 66 0 0 0 0 10 67 52 0 39 0 27 67 126 278 0 92 75 373 91 0 0 0 0 0 0 0 0 0 36 59 34 35 1 0 0 0 5 0 0 0 49 0 77 0 111 0 0 0 26 46 30
0 25 8 0 10 0 0 6 6 1 16 0 0 4 5 0 20 24 1 7 2 0 0 27 4 16 17 15 0 0 0 0 0 0 0 0 0 0 0 5 0 0 10 0 0 0 0 0 0 1 0 0 0 0 7 6 0 0 4 36 0 0 0 11 0 0 127 0 28 179 13 0 0 0 0 3 30 95 24 0 0 70 21 0 0 0 0 0 0 0 0 0 0 0 7 0 0 0 0 0 0 0 0 0 7 0 0 0 0 0 0 0 5 30 2
0 4 1 0 2 0 0 690 1 0 3 0 0 2 2 0 4 8 3 11 3 5 0 22 4 0 0 1 0 3808 0 0 0 0 0 1 0 0 0 0 0 0 0 0 0 0 0 0 0 1 0 0 0 0 35 2 0 0 9 8 0 0 0 5 0 0 0 0 0 4 8 0 0 0 0 0 1 19 0 0 0 15 107 0 0 0 0 0 0 0 812 0 0 31 65 451 0 0 0 0 0 0 0 0 0 0 137 0 44 0 0 0 0 2 4
0 2 1 1 1 0 0 0 1 0 1 0 0 2 1 0 0 0 0 1 1 0 0 2 0 0 0 0 0 0 0 0 0 0 0 0 0 0 0 0 0 0 283 0 0 0 0 0 0 0 0 0 0 0 0 0 0 0 0 0 0 0 0 0 0 0 0 0 0 0 2 0 1 0 0 0 1 1 0 0 0 4 1 0 0 0 0 0 0 0 0 0 0 0 1 0 0 0 0 0 0 0 0 0 0 0 2 0 7 0 0 0 0 1 0
0 1 0 0 0 0 0 0 0 0 1 0 0 0 0 0 1 0 0 1 0 0 0 1 0 0 0 0 0 0 0 0 0 0 0 0 0 0 0 0 0 0 0 0 0 0 0 0 0 0 0 0 0 0 0 0 0 0 1 0 0 0 0 0 0 0 0 0 0 0 0 0 0 0 0 0 0 0 0 0 0 4 0 0 0 0 0 0 0 0 0 0 0 0 0 0 0 0 0 0 0 0 0 0 0 0 0 0 0 0 0 0 0 0 0
0 138 93 4 199 1 0 103 546 25 688 0 0 35 52 0 78 0 295 1585 0 1358 1144 1286 82 1331 1719 1474 0 466 288 397 176 261 0 0 0 871 345 690 670 444 466 1203 1758 89 337 1602 544 194 1252 958 962 354 462 549 1412 1076 3006 0 8019 0 1154 2466 163 140 421 286 343 2 207 0 0 0 0 0 0 0 0 255 260 0 0 2166 0 0 0 0 0 634 0 0 113 0 0 0 0 126 0 274 0 179 0 0 120 0 860 0 430 0 0 0 1148 69 186
0 22 15 1 32 0 0 2 85 4 108 0 0 5 8 0 10 538 47 253 0 0 145 205 13 212 264 234 0 3 0 43 0 0 0 0 0 116 34 91 89 25 56 0 255 0 39 55 126 46 174 119 0 59 85 105 217 204 495 1 1315 159 91 462 0 0 0 24 42 0 22 0 0 0 0 0 0 0 0 64 65 316 0 286 0 0 0 0 0 0 0 0 5 0 0 0 0 0 0 17 0 10 0 0 14 0 0 0 72 0 0 0 79 9 22
1 200 132 6 288 1 0 183 791 36 997 7 0 51 75 99 129 4781 421 2259 0 1318 1661 1832 118 1897 2496 2102 636 832 646 641 375 511 23 0 0 1229 543 1036 1021 708 702 1684 2578 232 490 2012 480 168 1267 921 994 421 543 633 1677 1270 4170 9 11109 1616 1781 3489 223 115 747 449 530 7 332 0 0 0 0 0 0 0 0 196 199 0 0 3390 0 114 0 0 0 902 212 0 235 20 7 0 0 7 0 123 0 258 0 0 195 1 557 0 599 0 0 0 765 113 292
0 31 17 1 40 0 0 18 106 5 134 0 0 7 10 0 18 664 59 317 2 259 233 255 16 266 343 301 61 98 74 79 41 44 1 0 0 105 70 137 118 0 65 254 345 0 23 329 146 51 359 130 0 65 94 107 217 221 610 1 1591 229 212 513 0 0 0 23 47 0 39 0 0 0 0 1 0 1 0 72 73 0 208 265 0 0 0 0 0 0 0 0 24 0 1 0 0 0 0 0 0 0 0 0 25 0 14 0 91 0 0 0 76 12 32
0 15 10 0 22 0 0 12 60 3 76 0 0 4 6 0 9 368 33 175 0 138 129 142 9 146 185 161 46 60 50 45 28 21 2 0 0 65 40 79 65 0 23 135 195 0 0 148 59 21 148 68 0 19 37 37 26 87 331 1 840 129 94 274 0 0 0 0 30 0 23 0 0 0 0 0 0 0 0 27 28 0 0 80 0 0 0 0 0 0 0 0 11 0 0 0 0 0 0 0 0 0 0 0 13 0 0 0 47 0 0 0 0 7 19
0 13 22 0 2 1 0 0 6 0 8 0 0 0 1 0 1 47 0 16 0 8 0 15 1 17 17 16 0 0 0 0 0 0 0 0 0 0 0 0 0 0 0 0 1 0 0 0 39 14 0 0 0 0 1 1 0 2 28 0 67 0 0 26 0 0 0 0 0 0 10 0 0 0 0 0 0 0 0 2 2 49 1 0 0 0 0 0 0 0 0 0 0 9 10 38 0 0 0 0 0 0 0 0 0 0 0 0 5 0 0 0 0 0 0
0 2 2 0 3 0 0 0 9 0 12 0 0 1 1 0 1 54 5 27 0 0 20 22 1 22 21 24 0 0 5 6 0 0 0 0 0 0 4 11 6 0 0 0 24 0 0 0 8 3 4 0 0 0 1 6 0 11 51 0 137 19 18 41 0 0 0 0 0 0 4 0 0 0 0 0 0 0 0 4 4 0 0 0 0 0 0 0 0 0 0 0 0 0 0 0 0 0 0 0 0 0 0 0 1 0 0 0 7 0 0 0 0 0 0
0 18 11 0 25 0 0 14 71 3 87 0 0 5 7 0 11 405 38 199 0 153 148 171 10 173 211 185 59 70 58 53 32 31 2 0 0 112 47 92 87 63 59 147 222 0 29 115 33 21 126 0 0 23 38 45 47 94 166 0 960 137 116 305 0 0 52 0 46 0 29 0 0 0 0 0 0 0 0 24 26 0 0 245 0 0 0 0 0 0 2 0 6 1 1 0 0 0 0 0 0 0 0 0 17 0 0 0 52 0 0 0 0 9 24
0 42 24 0 60 0 0 30 165 5 209 0 0 10 15 0 29 987 87 468 0 383 320 379 24 392 506 433 92 150 109 122 63 73 1 0 0 237 106 212 202 20 93 308 527 0 44 274 52 22 107 54 23148 54 84 95 162 192 849 1 2228 318 299 709 0 0 0 41 109 0 73 0 0 0 0 0 0 0 0 0 0 238 0 773 0 0 0 0 0 0 0 0 46 1 2 0 0 0 0 115 0 0 0 0 53 0 581 0 158 0 0 0 773 31 77
0 44 25 0 63 0 0 34 173 6 220 0 0 11 16 0 30 1039 92 492 0 404 334 399 26 412 534 456 108 163 122 131 70 83 2 0 9 257 114 224 215 29 102 332 557 0 51 296 56 23 127 86 0 58 99 101 214 204 894 1 2347 338 324 746 0 0 0 48 117 0 77 0 0 0 0 0 0 0 0 80 0 223 0 3885 0 87 0 0 0 859 207 0 246 21 9 0 0 13 0 625 0 247 0 0 228 0 2297 0 655 0 0 0 2856 135 336
0 0 0 0 0 0 0 0 0 0 0 0 0 0 0 0 0 0 0 0 0 0 0 0 0 0 0 0 0 0 0 0 0 0 0 0 0 0 0 0 0 0 0 0 0 0 0 0 0 0 0 0 0 0 0 0 0 0 0 0 0 0 0 0 0 0 0 0 0 0 0 0 0 0 0 0 0 1 0 0 0 0 6729 0 0 0 0 0 0 0 0 0 0 0 0 0 0 0 0 0 0 0 0 0 0 0 0 0 0 0 0 0 0 0 0
0 5 3 0 7 0 0 0 20 1 25 0 0 1 2 0 0 7928 0 6 0 9 0 13 0 12 5 14 0 30 0 34 3 0 0 0 0 0 33 73 80 37 43 0 612 61 124 0 951 368 2506 1835 0 0 0 0 0 0 3 0 0 0 0 0 0 0 0 0 0 0 1 0 0 0 0 0 0 0 0 14 14 0 0 0 0 0 0 0 0 0 0 0 0 0 0 0 0 0 0 52 0 15 0 0 29 0 53 0 87 0 0 0 227 17 41
1 1039 295 0 344 2 0 128 145 17 77 11 16 31 32 156 1064 251 115 684 635 154 0 161 15 697 1088 2165 40 65 75 100 37 72 0 0 0 194 137 52 49 53 407 0 309 12 103 0 91 43 204 42 0 55 86 98 93 65 196 10 253 264 287 975 0 0 480 251 226 10 475 0 0 0 0 0 6 80 0 0 0 8 41225 0 0 0 0 0 0 289 0 0 9 17 20 32 37 0 0 0 24 62 0 0 933 157 0 0 754 0 0 0 32 280 58
10 1911 439 85 524 12 0 670 280 120 488 95 194 207 226 847 1599 947 94 422 114 2638 2710 3187 406 947 1177 1069 169 313 417 719 213 353 75 12 309 768 556 1090 458 338 445 587 680 576 1612 0 248 145 778 462 0 5480 609 754 0 512 1185 995 965 818 541 1686 283 0 1078 1314 2664 477 9158 1065 702 816 1282 1262 539 812 3411 1839 1724 1629 1074 1716 0 5102 2883 0 0 3955 55 0 3817 519 290 528 1242 1189 0 856 1290 9575 0 1798 1008 1773 1453 0 3770 0 0 0 11867 21935 792
36 484 138 93 158 10 0 502 250 131 582 153 795 243 284 395 822 11413 31 330 177 805 486 1054 233 610 1062 718 132 290 370 777 426 356 109 15 315 1018 894 769 516 153 2060 265 1403 542 620 0 1546 567 3941 2554 0 635 741 525 569 568 373 1386 232 726 167 1042 485 0 108 617 322 574 480 782 770 0 292 118 617 237 397 303 0 2042 347 670 0 0 0 0 0 0 0 0 281 672 324 346 158 0 0 247 155 0 0 0 301 149 459 0 463 0 0 0 527 276 443
33 2520 967 148 1143 17 0 815 417 197 680 150 687 282 344 772 1105 383 129 775 3197 1151 559 1014 210 911 1139 678 228 366 457 805 428 448 99 13 390 923 847 952 663 360 1740 437 774 557 877 1167 332 87 630 556 653 613 881 512 690 554 364 1183 1124 947 1006 619 491 0 589 1254 382 509 964 892 731 354 1528 1331 721 1794 178 1656 1351 1760 365 484 0 956 0 0 0 612 1702 0 0 915 599 603 280 0 0 160 220 513 0 0 393 313 123 0 444 0 0 0 214 621 746
38 27268 12828 553 16996 169 1 19813 4300 1036 2681 223 63 1407 2809 5774 2224 1731 717 3227 16975 4826 2928 2164 179 9073 8198 6703 4076 4710 4617 12702 2294 4583 165 0 4033 8203 5851 5431 7860 3448 5282 13257 7340 2110 8156 2942 36502 2630 12160 15648 11975 12507 9088 9458 5476 25534 1166 29 10752 866 13028 1909 1352 6169 5256 9260 4066 651 5064 1019 393 2446 3401 4138 1212 4460 1657 5379 4961 372 803 3248 8608 4935 12061 0 3717 6620 9593 326 8379 1223 957 4283 5020 5350 0 1591 2152 8427 0 17250 4810 23141 3833 0 10490 0 0 0 1421 8132 9409
916 5233 1605 1282 1488 123 7 6445 2666 1614 6955 2671 20505 4204 4674 5174 11021 2337 489 4510 2887 4830 3662 10484 2593 6929 12459 10280 898 2427 3537 8005 8504 4017 1665 183 3002 5614 9524 5826 3897 3878 4572 3604 5211 6359 6635 11127 1464 944 3836 4765 4305 6871 7580 3430 3672 6072 8128 18578 4145 4145 4505 11899 5815 3036 2969 4821 3140 6485 5025 12141 10524 2559 5104 770 9374 4611 350 4455 2926 23966 4342 2562 1537 3235 1910 0 0 1987 1834 72 2827 8681 4717 6150 0 273 0 675 1141 0 0 592 3268 2299 2874 0 3906 0 0 0 2868 3515 4044
14 221 57 0 0 1 0 0 112 21 0 0 300 77 101 151 316 255 146 822 519 275 193 309 39 254 310 409 52 0 79 0 134 0 18 1 0 0 263 167 0 0 339 116 139 0 85 79 61 32 61 0 829 510 176 279 97 406 295 168 261 242 0 544 340 79 133 424 535 64 722 0 8 0 104 144 189 474 55 136 0 192 67 0 0 47 0 0 0 0 0 0 447 190 108 746 502 0 0 0 224 0 0 0 640 511 238 0 131 0 0 0 27 1602 29
7 189 57 8 63 1 0 38 86 22 81 17 130 55 82 404 4487 1040 37 206 1018 2953 3126 3161 307 161 211 218 133 174 209 3648 142 227 17 1 201 0 543 77 189 62 362 161 185 113 86 1608 551 9 187 454 71 9540 164 380 98 348 925 184 189 213 551 491 0 362 274 1536 0 78 402 1828 412 0 20 3 66 69 0 0 0 225 1004 105 0 0 0 0 0 108 0 150 701 2096 152 8 0 184 0 61 133 43 0 140 315 233 219 0 0 0 0 0 61 105 114
21 6257 1618 114 1878 18 0 963 592 148 563 81 376 238 382 4079 1047 314 170 889 4747 2469 1710 1547 165 1502 1470 415 2881 3737 3193 3504 1846 2833 150 4 2561 4554 3318 1668 2136 884 5656 1915 3719 758 1091 0 1308 292 1946 35 1441 869 1452 1619 4235 1603 1015 696 1895 5439 2742 1062 821 2884 2583 2877 1425 279 4093 3011 1298 4733 6693 8074 2719 12076 6513 10481 10272 2456 1340 925 3993 2280 3059 0 0 1231 0 0 2124 1647 1728 1453 138 507 0 15045 444 2304 0 1425 1049 1820 1543 0 1082 0 0 0 452 982 623
1 88 35 0 39 0 0 18 37 12 29 0 14 18 14 0 20 127 1 8 7 250 145 136 14 53 43 71 0 6 6 40 8 18 0 0 0 68 68 8 0 0 32 0 0 0 2 0 9 4 0 9484 0 615 9 10 0 23 13 30 0 0 0 41 0 0 0 48 109 137 13 0 0 0 0 0 13 9 0 0 0 57 778 0 0 0 236 0 0 0 0 0 0 0 8 0 0 0 0 0 0 0 0 0 15 0 0 0 6 0 0 0 0 10 1
0 21 13 0 8 0 0 0 2 1 3 0 0 0 1 0 1177 9 9 45 282 13 15 12 1 3 0 2 0 0 0 6 0 0 0 0 0 0 79 0 6 0 78 0 0 0 0 0 4 0 0 0 0 0 0 0 0 0 7 1 0 0 21 11 30 0 0 15 0 0 38 324 70 0 1 1 0 8 0 0 0 1 48 0 0 0 0 0 0 0 0 0 130 0 9 0 0 0 0 0 0 0 0 0 0 0 0 0 4 0 0 0 0 5 0
0 1 0 0 0 0 0 0 0 0 0 0 0 0 0 0 113 0 0 5 30 1 0 1 0 0 0 0 0 0 0 0 0 0 0 0 0 0 0 0 0 0 0 0 0 0 0 0 0 0 0 0 0 0 0 0 0 0 0 0 0 0 0 0 0 0 0 0 0 0 0 6 3 0 0 0 0 0 0 0 0 0 2 0 0 0 0 0 0 0 0 0 0 0 0 0 0 0 0 0 0 0 0 0 0 0 0 0 0 0 0 0 0 0 0
3 23 0 0 15 0 0 6254 6878 671 1617 139 85 3622 5741 245 21 34 3 14 8 40 42 46 4 7 2 17 0 0 0 21 0 17 0 0 401 0 27 674 2839 0 156 37 5 0 0 0 18 3 0 7 0 11 15 19 0 19 33 29 11 0 0 58 24 0 0 16 0 0 23 18 12 34 40 7 0 38 9 49 48 152 104 0 0 0 0 0 0 0 0 0 4 37 32 0 0 0 0 0 0 0 0 0 17 0 0 0 0 0 0 0 0 46 1
8 984 284 18 340 3 0 144 83 22 96 16 162 44 39 342 1029 3177 7 52 60 3601 3784 3742 348 65 63 84 333 364 452 624 268 5120 21 0 451 5802 841 6637 5762 146 16575 13009 352 0 0 749 61 13 5968 5212 0 503 734 727 817 660 580 73 323 502 396 1202 332 0 0 1764 86 7 1047 600 194 104 1058 762 652 3044 402 1611 1374 304 10646 0 0 0 0 0 15143 0 4249 0 714 4498 2818 1668 0 1172 0 0 45 0 0 0 88 46 0 0 35 0 0 0 177 348 141
5 183 88 2924 103 1 0 61 100 85 74 35 112 30 23 245 141 136 98 639 282 120 82 149 21 296 431 725 16 27 50 86 55 84 8 1 1109 1524 149 442 246 0 1127 188 206 5 151 0 70 5 73 241 92 277 203 222 128 187 115 90 158 167 179 566 235 139 212 236 65 33 387 0 60 0 308 392 204 758 190 430 0 371 92 334 0 206 294 0 0 517 0 0 1315 137 82 449 0 0 0 443 1000 0 0 0 411 492 137 0 244 0 0 0 586 1527 338
0 0 0 0 0 0 0 0 0 0 0 0 0 0 0 0 0 0 0 0 0 0 0 0 0 0 0 0 0 0 0 0 0 0 0 0 0 0 0 0 0 0 0 0 0 0 0 0 0 0 0 0 0 0 0 0 0 0 0 0 0 0 0 0 0 0 0 0 0 0 0 0 0 0 0 0 0 0 0 0 0 0 0 0 0 0 0 0 0 0 0 0 0 0 0 0 0 0 0 0 0 0 0 0 0 0 0 0 0 0 0 0 0 0 0
0 122 60 3 71 0 0 26 17 6 15 0 0 5 5 42 4 0 12 58 351 33 0 16 1 12 14 13 0 0 0 5 0 0 0 0 0 30 21 31 19 7 50 11 27 0 1684 0 3 0 5 0 8 15 41 19 6 36 6 0 23 36 27 4 6 0 18 30 22 1 32 0 0 0 28 57 1 32 64 0 0 2 0 36 0 0 0 0 0 8 0 0 55 65 83 63 153 0 0 0 0 106 0 0 95 120 88 0 0 0 0 0 55 122 2
0 10 7 6 6 0 0 6 20 5 8 1 0 3 4 14 80 2 1 6 176 7 7 16 3 8 11 8 0 0 0 7 0 0 0 0 0 8 3 4 6 0 7 0 0 0 0 20 5 3 0 0 272 6 9 12 0 9 5 20 2 5 0 12 1 0 0 7 10 31 18 23 13 12 16 17 9 16 12 15 6 64 4 0 0 0 0 0 0 0 0 0 5 54 20 35 0 0 0 887 0 0 0 0 201 0 76 0 0 0 0 0 12 17 17
1 101 43 1 50 1 0 55 52 8 30 3 23 28 44 7 37 9 33 207 202 269 248 273 28 65 80 134 3 8 12 478 14 0 2 0 258 70 490 81 0 0 291 0 26 0 53 0 1 2 1 0 0 0 22 18 0 14 33 154 50 47 0 151 55 0 39 33 26 17 477 0 0 0 35 61 26 74 64 29 0 47 0 0 0 20 0 0 267 198 0 0 113 191 15 33 432 592 2 0 133 0 2 3146 844 266 221 0 124 2 2 2 218 432 360
0 0 0 0 0 0 0 0 0 0 0 0 0 0 0 0 0 0 0 0 0 0 0 0 0 0 0 0 0 0 0 0 0 0 0 0 0 0 0 0 0 0 0 0 0 0 0 0 0 0 0 0 0 0 0 0 0 0 0 0 0 0 0 0 0 0 0 0 0 0 0 0 0 0 0 0 0 0 0 0 0 0 0 0 0 0 0 0 0 0 0 0 0 0 0 0 0 0 0 0 0 0 0 0 0 0 0 0 0 0 0 0 0 0 0
11 348 109 66 108 4 0 165 111 52 174 46 190 71 67 104 265 51 12 115 73 264 235 409 77 219 338 255 1 49 85 179 92 74 27 4 47 237 196 169 66 0 183 94 106 0 1300 165 89 14 160 153 118 532 1014 743 269 810 105 397 98 110 69 239 151 620 1577 2043 587 152 978 604 302 1379 1414 1662 483 1674 497 2264 2177 681 130 3091 0 875 999 0 0 937 0 0 297 196 92 1891 3778 8028 0 973 1456 0 0 0 11240 6754 2342 0 903 0 0 0 329 3030 113
0 0 0 0 0 0 0 269 33 3 0 0 0 17 33 0 3 0 0 1 0 12 0 8 1 2 0 1 0 0 0 18 0 0 0 0 0 0 0 0 0 0 0 0 0 0 0 0 0 0 0 0 56 0 11 0 0 0 1 5 0 0 0 2 0 0 0 0 0 10 2 0 0 0 0 0 1 0 0 0 0 9 0 0 0 0 0 0 0 0 0 0 0 0 1 0 0 0 0 0 0 0 0 0 0 0 0 0 20 0 0 0 0 0 0
0 417 164 0 182 0 0 87 74 3 55 0 11 0 36 0 46 49 3 20 42 107 95 114 15 193 172 160 23 0 52 108 27 0 3 0 0 56 70 65 109 0 249 139 26 0 0 0 28 6 38 0 0 6 132 88 0 63 7 261 34 37 7 53 7901 0 121 139 48 1587 130 24 31 0 56 51 37 85 76 76 18 80 131 0 0 0 0 0 0 0 0 0 103 70 50 5 0 0 0 0 49 0 0 0 210 0 0 0 0 0 0 0 40 158 66
0 341 69 0 72 0 0 0 22 6 0 0 0 3 0 225 7 0 0 3 0 42 0 43 4 6 2 20 0 0 0 0 0 0 0 0 0 0 0 20 0 0 0 0 4 0 0 0 9 0 0 0 0 0 0 0 0 0 9 0 4 0 0 33 0 0 0 9 0 0 65 0 42 0 0 61 104 323 287 0 0 94 0 175 0 0 0 0 0 0 0 0 12 94 36 95 87 0 0 0 0 0 0 0 128 163 0 0 0 0 0 0 378 315 0
1 6612 7206 0 278 3 0 47 716 255 1543 42 34 672 286 562 788 855 123 591 11308 2138 6086 2240 207 411 442 565 122 2577 4422 411 75 1452 5 0 2131 3771 368 669 1119 761 1789 3856 0 3935 4346 8638 127 76 828 2481 5759 3528 190 565 1650 381 769 8 808 644 6521 1098 33606 1595 654 3023 1770 12 6457 695 95 833 862 960 160 757 2349 1355 1222 28 933 625 19526 3598 3025 13502 1945 9740 1063 435 3385 579 285 2361 1601 980 0 472 1085 6991 0 10 1881 4090 5744 0 3087 0 0 0 648 4197 619
0 8 19 1214 0 0 0 0 32 28 0 0 0 0 1 0 0 0 0 0 54 0 0 0 0 0 0 0 0 0 0 0 0 0 0 0 0 0 0 0 0 0 0 0 0 0 0 0 0 0 0 0 0 0 0 0 0 0 0 0 0 0 0 0 30 0 0 3 0 0 0 0 0 0 0 0 0 0 0 0 0 0 0 0 0 0 0 0 0 0 12 0 0 0 0 1012 0 0 0 79 226 0 0 0 0 16 1115 0 0 0 0 0 0 123 0
0 0 0 0 0 0 0 0 0 0 0 0 0 0 0 0 0 0 0 0 0 0 0 0 0 0 0 0 0 0 0 0 0 0 0 0 0 0 0 0 0 0 0 0 0 0 0 0 0 0 0 0 0 0 0 0 0 0 0 0 0 0 0 0 0 0 0 0 0 0 0 0 0 0 0 0 0 0 0 0 0 0 0 0 0 0 0 0 0 0 0 0 0 0 0 0 0 0 0 0 0 0 0 0 0 0 0 0 0 0 0 0 0 0 0
0 0 0 0 0 0 0 0 0 0 0 0 0 0 0 0 0 0 0 0 0 0 0 0 0 0 0 0 0 0 0 0 0 0 0 0 0 0 0 0 0 0 0 0 0 0 0 0 0 0 0 0 0 0 0 0 0 0 0 0 0 0 0 0 0 0 0 0 0 0 0 0 0 0 0 0 0 0 0 0 0 0 0 0 0 0 0 0 0 0 0 0 0 0 0 0 0 0 0 0 0 0 0 0 0 0 0 0 0 0 0 0 0 0 0
0 0 0 0 0 0 0 0 0 0 0 0 0 0 0 0 0 0 0 0 0 0 0 0 0 0 0 0 0 0 0 0 0 0 0 0 0 0 0 0 0 0 0 0 0 0 0 0 0 0 0 0 0 0 0 0 0 0 0 0 0 0 0 0 0 0 0 0 0 0 0 0 0 0 0 0 0 0 0 0 0 0 0 0 0 0 0 0 0 0 0 0 0 0 0 0 0 0 0 0 0 0 0 0 0 0 0 0 0 0 0 0 0 0 0
6 7 2 2 9 51 37 6 9 6 4 0 0 2 31 0 29 36 14 89 292 84 0 56 3 71 46 23 0 0 0 0 0 0 13 5 0 19 449 9 0 0 11 0 0 0 0 0 14 5 0 0 0 0 3 11 0 10 28 42 4 0 0 8 12 0 0 0 0 3 0 0 0 0 0 0 8 123 0 0 0 141 0 0 0 0 0 0 0 0 0 0 23 15 39 18 0 0 0 0 0 0 0 0 39 0 0 0 11 0 0 0 0 0 0
0 6 0 0 0 0 0 0 0 0 0 0 0 0 0 0 56 0 0 1 11 0 0 1 0 0 0 0 0 0 0 0 0 0 0 0 0 0 936 0 0 0 0 0 0 0 0 0 0 0 0 0 0 0 0 0 0 0 0 1 0 0 0 1 27 0 0 0 0 0 2 0 0 0 0 0 0 1 0 0 0 2 0 0 0 0 0 0 0 0 0 0 0 0 0 0 0 0 0 0 0 0 0 0 1 0 0 0 0 0 0 0 77 0 0
1 10 4 0 4 0 0 0 2 0 5 0 0 3 5 0 8 2 0 3 3 5 0 8 2 5 0 7 0 0 0 0 0 0 0 0 0 1 0 0 0 0 169 0 0 0 0 0 0 1 0 0 0 0 8 1 0 0 4 13 0 0 0 9 3 0 0 0 0 4 7 0 0 0 0 0 4 2 0 0 0 16 0 0 0 0 0 0 0 0 0 0 0 5 4 0 0 0 0 0 0 0 0 0 2 0 5 0 54 0 0 0 4 83 0
