139
0 0 0 0 0 0 0 0 1297 2635 1430 282 118 1472 220 0 1 0 0 0 0 0 0 0 0 0 0 0 0 0 0 0 0 18028 0 58 0 0 0 0 0 0 0 0 0 0 0 0 0 0 0 0 0 0 0 0 0 0 0 0 0 0 0 0 0 0 0 0 0 0 0 0 0 0 0 0 0 0 0 0 0 0 0 0 0 0 0 0 0 0 0 0 0 0 0 0 0 0 0 0 0 0 0 0 0 0 0 0 0 0 0 0 0 0 0 0 0 0 0 0 0 0 0 0 0 0 0 0 0 0 0 0 0 0 0 0 0 0 0
1 0 2 7 4 4 12 3 1126 192 22 129 207 192 14 2 1 7 0 1 0 0 0 0 0 0 0 0 1 0 0 2 0 1 0 1194 3 1 7 0 0 0 0 16 0 12 3 0 1 0 0 0 0 0 0 8 13 14 0 19 0 11 18 13 10 0 23 0 0 0 0 0 0 14 0 0 6 0 0 0 1 5 0 7 15 0 0 20 5 0 0 0 132 0 0 218 2 0 22 0 8 13 0 0 0 0 0 0 0 0 0 0 0 11 0 12 1 0 0 26 107 0 29 32 33 0 34 0 0 0 0 23 0 31 13 0 42 6 0
1 0 0 3 2 2 6 1 20647 1678 2264 190 299 9675 3633 1 0 2 0 1 0 0 0 0 0 0 0 0 0 0 0 1 0 0 0 861 0 0 3 0 0 0 0 1 0 0 1 0 0 10 0 0 0 0 0 2 6 5 0 7 0 4 6 6 4 0 10 0 0 0 0 0 0 6 1196 0 2 0 0 0 0 2 0 3 7 0 0 0 2 0 0 0 24 0 0 58 0 0 10 0 3 6 0 0 0 0 0 0 0 0 0 0 0 5 0 0 0 0 0 7 39 0 11 15 15 0 16 0 0 0 0 4 0 6 0 0 25 2 0
0 0 0 0 1 0 0 0 26 42 32 95 60 17 0 0 10 0 0 0 0 0 0 0 2 0 0 0 0 0 0 0 0 0 0 2826 5003 9 0 0 0 0 0 0 0 0 0 0 2 0 0 0 0 0 0 0 0 0 0 0 0 0 0 0 0 0 1 0 0 0 0 0 0 0 0 0 0 0 0 0 0 0 0 0 0 1 0 0 2 0 0 0 0 0 0 16 0 0 0 0 1 0 0 0 0 0 0 0 0 0 0 0 0 1 0 0 0 0 0 0 0 0 0 0 0 0 1 0 0 0 0 0 0 0 0 0 0 0 0
0 0 0 0 0 0 0 0 0 0 0 0 0 0 0 0 0 0 0 0 0 0 0 0 0 0 0 0 0 0 0 16209 0 0 0 0 0 0 0 0 0 0 0 0 0 0 0 0 0 0 0 0 0 0 0 0 0 0 0 0 0 0 0 0 0 0 0 0 0 0 0 0 0 0 0 0 0 0 0 0 0 0 0 0 0 0 0 0 0 0 0 0 0 0 0 0 0 0 0 0 18 0 0 0 0 0 0 0 0 0 0 0 0 0 0 0 0 0 0 0 0 0 0 0 0 0 0 0 0 0 0 0 0 0 0 0 0 0 0
0 0 0 0 0 0 1 0 0 0 0 0 0 0 1 0 0 0 0 0 0 0 0 0 0 0 0 0 0 0 0 0 0 0 35507 66 0 0 1 0 0 0 0 0 0 0 0 0 0 0 0 0 0 0 0 0 1 0 0 0 0 0 0 1 0 0 0 0 0 0 0 0 0 0 0 0 17 1 0 0 0 0 0 0 1 0 0 0 1 0 0 0 0 0 0 0 0 0 1 0 0 0 0 0 0 0 0 0 0 0 0 0 0 1 0 0 0 0 0 0 0 0 0 2 2 0 3 0 0 0 0 0 0 0 0 0 0 0 0
0 0 0 0 0 0 0 0 0 0 0 0 0 0 0 0 0 0 0 0 0 0 0 0 0 0 0 0 0 0 0 0 0 0 0 0 0 0 0 0 0 0 0 0 0 0 0 0 0 0 0 0 0 0 0 0 0 0 0 0 0 0 0 0 0 0 0 0 0 0 0 0 0 0 0 0 0 0 0 0 0 0 0 0 0 0 0 0 0 0 0 0 0 0 0 0 0 0 0 0 0 0 0 0 0 0 0 0 0 0 0 0 0 0 0 0 0 0 0 0 0 0 0 0 0 0 0 0 0 0 0 0 0 0 0 0 0 0 0
0 0 0 0 228 0 0 0 100 35 26 6 1 104 62 0 1 0 0 0 0 0 0 0 0 0 0 0 0 0 9 2554 0 0 0 3 24 5 0 0 0 0 0 0 0 0 0 0 1 0 0 0 0 0 0 0 1 0 0 0 0 1 0 1 0 0 0 0 0 0 0 0 0 0 0 0 0 0 0 0 0 0 0 0 0 0 0 0 2 0 0 0 0 0 0 0 0 0 1 0 4 0 0 0 0 0 0 0 0 0 0 0 0 1 0 0 0 0 0 0 0 0 0 0 0 0 0 0 0 0 0 0 0 0 0 0 0 0 0
0 0 0 0 0 0 0 0 0 3 0 0 5 0 185 0 0 0 0 0 0 0 0 0 0 0 0 35980 0 0 0 0 258 0 0 0 0 0 0 0 0 3282 0 0 0 0 0 0 0 0 0 0 0 0 0 0 0 0 0 0 0 0 0 0 0 0 0 0 0 0 0 0 0 0 0 0 0 0 0 0 0 0 0 0 2 0 0 0 0 0 0 0 0 0 0 0 0 0 0 0 0 0 0 0 0 0 0 0 0 0 0 0 0 0 0 0 0 0 0 0 0 0 0 0 0 0 0 0 0 0 0 0 0 0 0 0 0 0 0
0 0 0 0 0 0 0 0 0 0 0 0 1 0 178 0 0 0 0 0 0 0 0 1 0 0 0 0 25541 0 328 0 0 0 0 0 0 0 0 0 0 177 0 0 0 0 0 0 0 0 0 0 0 0 0 0 0 0 0 0 0 0 0 0 0 0 0 0 0 0 0 0 0 0 0 0 0 0 0 0 0 0 0 0 0 0 0 0 0 0 0 0 0 0 0 0 0 0 0 0 0 0 0 0 0 0 0 0 0 0 0 0 0 1 0 0 0 0 0 0 0 0 0 0 0 0 0 0 0 0 0 0 0 0 0 0 0 0 0
0 0 0 0 0 0 0 0 0 0 0 0 0 0 1 0 0 0 0 0 0 0 0 0 0 0 0 0 0 7804 948 0 0 0 0 0 0 0 0 0 0 161 0 0 0 0 0 0 0 0 0 0 0 0 0 0 0 0 0 0 0 0 0 0 0 0 0 0 0 0 0 0 0 0 0 0 0 0 0 0 0 0 0 0 0 0 0 0 0 0 0 0 0 0 0 515 0 0 0 0 9 2 0 0 0 0 0 0 0 0 79 0 0 1 0 0 0 0 0 0 0 0 0 0 0 0 0 0 0 0 0 0 0 0 0 0 66 2 0
0 0 0 0 1 1 1 0 23 19 6 0 17 0 13 0 1 0 0 0 0 0 0 0 7 4 7 1708 873 315 2614 0 1483 0 0 0 0 0 1 0 0 187 31 3 0 1 0 0 2 0 1 0 1 105 0 3 2 2 0 4 0 2 2 2 2 5 5 0 0 0 0 0 0 3 0 0 0 0 0 0 0 0 0 0 4 0 0 0 8 0 0 0 8 0 0 10 0 0 3 0 0 4 0 0 0 0 0 0 0 0 5 0 0 2 0 0 0 0 0 0 0 0 0 3 3 0 3 0 0 0 0 0 0 0 0 0 5 2 0
0 0 0 0 0 0 0 0 0 0 0 0 0 0 0 0 0 0 0 0 0 0 0 0 0 0 0 3 1 1 1 0 0 0 0 0 0 0 0 0 0 0 0 0 0 0 0 0 0 0 0 0 0 0 0 0 0 0 0 0 0 0 0 0 0 0 0 0 0 0 0 0 0 0 0 0 0 0 0 0 0 0 0 0 0 0 0 0 0 0 0 0 0 0 0 0 0 0 0 0 0 0 0 0 0 0 0 0 0 0 0 0 0 0 0 0 0 0 0 0 0 0 0 0 0 0 0 0 0 0 0 0 0 0 0 0 0 0 0
0 0 0 0 0 0 0 0 314 179 1 38 337 0 0 0 0 0 0 0 0 0 0 0 0 0 0 1895 0 0 1197 0 30519 0 0 0 0 0 0 0 0 118 0 0 0 0 0 0 0 0 0 0 0 0 0 0 0 0 0 0 0 0 0 0 0 0 0 0 0 0 0 0 0 0 0 0 0 0 0 0 0 0 0 0 3 0 0 0 0 0 0 0 0 0 0 0 0 0 0 0 0 0 0 0 0 0 0 0 0 0 0 0 0 0 0 0 0 0 0 0 0 0 0 0 0 0 0 0 0 0 0 0 0 0 0 0 0 0 0
0 0 0 0 0 0 0 0 0 0 0 0 0 53 0 0 0 0 0 0 0 0 0 0 0 0 0 0 0 0 0 0 0 0 0 0 0 0 0 0 0 0 0 0 0 0 0 0 0 0 0 0 0 0 0 0 0 0 0 0 0 0 0 0 0 0 0 0 0 0 0 0 0 0 0 0 0 0 0 0 0 0 0 0 0 0 0 0 0 0 0 0 0 0 0 0 0 0 0 0 0 0 0 0 0 0 0 0 0 0 0 0 0 0 0 0 0 0 0 0 0 0 0 0 0 0 0 0 0 0 0 0 0 0 0 0 0 0 0
0 0 0 6 0 0 0 3 4 4 2 0 1 4 0 0 44 0 0 0 0 0 0 0 1 0 1 0 1 0 0 3 8 1 1 18 39 62 0 0 0 0 7239 1025 226 0 0 0 0 0 0 0 0 0 8 15 14 7 12 0 0 136 29 26 30 23 15 0 0 0 0 0 0 10 0 0 0 0 0 0 0 597 0 0 0 0 0 0 1 0 0 18 0 0 0 0 13 0 2 0 0 0 0 0 0 0 0 0 0 0 0 0 0 0 0 0 0 0 0 0 0 0 1 3 3 0 3 0 0 0 0 0 0 0 0 1 54 0 0
0 0 0 0 0 0 0 0 17 16 10 0 1 6669 1 0 0 0 0 0 0 0 0 0 0 0 0 0 0 0 0 0 0 0 0 0 0 2422 0 0 0 0 0 0 0 0 0 0 0 0 5 0 0 0 0 0 0 0 0 0 0 0 0 0 0 0 0 0 0 0 0 0 0 0 0 0 0 0 0 0 0 0 0 0 0 0 0 0 3 0 0 0 0 0 0 169 0 0 0 273 304 0 0 0 0 0 0 0 0 0 0 0 0 0 0 0 0 0 0 0 0 0 0 0 0 0 0 0 0 0 0 0 0 0 0 0 0 0 0
0 0 0 14 156 1519 395 769 3 1 1 3 0 2 1012 23 6 0 9515 77231 33 86400 107 93610 0 0 0 0 0 0 15 2 0 3 331 0 0 32 0 0 0 0 0 0 0 0 5259 11437 0 0 11112 69604 2164 591 71 203 0 96 38 0 0 0 0 2 0 39 0 0 0 0 4884 97892 0 0 129 31 0 0 0 0 0 0 0 0 0 0 0 0 6057 0 0 0 0 0 0 0 0 0 0 0 4773 0 0 0 0 0 0 0 0 0 0 0 0 0 0 0 0 0 0 0 0 0 0 0 113 0 3 0 0 0 0 0 0 0 0 0 0 0 90
16 6 14 14 16 16 20 13 154 221 127 39 32 143 19 0 37 0 0 0 348 1632 353 2218 15 17 16 32 47 0 52 75 127 57 65 157 275 257 35 3 0 24 0 39 67 0 0 0 1 0 77 31 0 0 338 479 430 447 366 74 0 0 0 0 0 0 1043 0 0 0 49195 1452 0 0 0 0 0 572 0 0 0 0 0 0 2 0 0 0 272 6 0 0 21 0 0 0 0 0 383 0 10 0 0 0 0 0 0 0 0 0 0 0 0 0 0 0 0 0 0 0 0 0 15 45 46 0 53 0 0 0 0 0 0 0 0 5 0 4 0
0 0 0 0 0 1 0 1 7 10 6 1 0 6 1 0 2 0 0 0 91 3195 597 377 1 0 3 0 0 0 0 2 0 0 0 0 0 6 0 0 0 0 0 0 0 0 0 0 0 0 2 0 0 0 0 0 0 0 0 0 0 0 0 0 0 0 0 0 0 0 8 8 0 0 0 0 0 0 0 0 0 0 0 0 0 0 0 0 0 0 0 0 0 0 0 0 0 0 0 0 0 0 0 0 0 0 0 0 0 0 0 0 0 0 0 0 0 0 0 0 0 0 0 0 0 0 0 0 0 0 0 0 0 0 0 0 0 0 0
0 0 0 0 0 0 0 0 0 0 0 0 0 0 0 0 0 0 0 0 0 0 0 0 0 0 0 0 0 0 0 0 0 0 0 0 0 0 0 0 0 0 0 0 0 0 0 0 0 0 0 0 0 0 1 0 0 0 0 0 0 0 2 0 0 0 0 0 0 0 0 0 0 0 0 0 0 0 0 0 0 0 0 0 0 0 0 0 0 0 0 0 0 0 0 0 0 0 0 0 0 0 0 0 0 0 0 0 0 0 0 0 0 0 0 0 0 0 0 0 0 0 0 0 0 0 0 0 0 0 0 0 0 0 0 0 0 0 0
0 0 0 0 0 0 0 0 0 0 0 0 0 0 0 0 0 0 0 0 0 0 0 5 0 0 0 0 0 0 0 0 0 0 0 0 0 0 0 0 0 0 0 0 0 0 0 0 0 0 0 0 0 0 0 0 0 0 0 0 0 0 0 0 0 0 0 0 0 0 0 0 0 0 0 0 0 0 0 0 0 0 0 0 0 0 0 0 0 0 0 0 0 0 0 0 0 0 0 0 0 0 0 0 0 0 0 0 0 0 0 0 0 0 0 0 0 0 0 0 0 0 0 0 0 0 0 0 0 0 0 0 0 0 0 0 0 0 0
0 0 0 0 0 0 0 0 0 0 0 0 0 0 0 0 0 0 0 0 0 0 0 2 0 0 0 0 0 0 0 0 0 0 0 0 0 0 0 0 0 0 0 0 0 0 0 0 0 0 0 0 0 0 0 0 0 0 0 0 0 0 0 0 0 0 0 0 0 0 0 0 0 0 0 0 0 0 0 0 0 0 0 0 0 0 0 0 0 0 0 0 0 0 0 0 0 0 0 0 0 0 0 0 0 0 0 0 0 0 0 0 0 0 0 0 0 0 0 0 0 0 0 0 0 0 0 0 0 0 0 0 0 0 0 0 0 0 0
0 0 0 0 0 0 0 0 0 0 0 0 0 0 0 0 0 0 0 0 0 0 0 0 0 0 0 0 0 0 0 0 0 0 0 0 0 0 0 0 0 0 0 0 0 0 0 0 0 0 0 0 0 0 0 0 0 0 0 0 0 0 0 0 0 0 0 0 0 0 0 0 0 0 0 0 0 0 0 0 0 0 0 0 0 0 0 0 0 0 0 0 0 0 0 0 0 0 0 0 0 0 0 0 0 0 0 0 0 0 0 0 0 0 0 0 0 0 0 0 0 0 0 0 0 0 0 0 0 0 0 0 0 0 0 0 0 0 0
2 6 7 0 7 9 18 1 10 12 9 0 0 7 6 0 3 9 0 0 0 0 0 1 0 0 0 0 0 0 0 0 0 0 0 0 0 0 4 0 0 0 0 0 0 0 11 0 19 0 14 0 0 0 0 0 89 599 1046 0 0 74 7 7 0 11 458 0 0 0 0 0 0 0 0 0 0 0 0 0 0 0 0 0 17 0 0 0 37 0 0 0 0 0 0 0 0 0 2 0 0 0 0 0 0 0 0 0 0 0 0 0 0 0 0 0 0 0 0 0 0 0 0 17 19 0 20 0 0 0 0 0 0 0 0 0 0 0 0
5 10 12 25 13 15 38 3 16 20 16 0 0 12 10 3 13 14 0 0 0 0 0 1 4433 0 1848 0 0 0 0 0 0 0 0 0 0 0 6 0 0 0 0 123 0 0 19 0 20 0 12 0 0 0 1186 2744 2573 3020 17 71 0 145 47 20 17 34 109 140 1520 0 0 0 0 0 0 0 0 0 0 0 0 0 0 0 37 0 0 0 92 0 0 0 0 0 0 0 0 0 87 0 18 0 0 0 0 0 0 0 0 0 0 0 0 0 0 0 0 0 0 0 0 0 15 42 43 0 43 0 0 0 0 0 0 0 0 0 0 0 0
10 3 30 23 25 44 40 28 20 27 17 0 1 17 3 0 6 0 0 0 0 0 0 0 73 0 0 0 0 0 0 0 0 0 0 0 0 0 1 0 0 0 0 0 0 0 4 0 3 0 69 0 0 0 163 120 243 0 265 0 0 28 30 6 0 6 210 0 0 0 0 0 0 0 0 0 0 0 0 0 0 0 0 0 5 0 0 0 0 0 0 0 1 0 0 0 0 0 0 0 2 0 0 0 0 0 0 0 0 0 0 0 0 0 0 0 0 0 0 0 0 0 0 9 7 0 10 0 0 0 0 0 0 0 0 0 0 0 0
2 4 5 10 5 7 1 4 0 292 157 0 0 0 71 2 180 3 0 0 0 0 0 0 130 133 104 0 21 617 422 14 0 0 2 0 0 699 0 0 11 12 0 0 0 0 17 0 40 0 5 2 0 0 0 28 27 11 3 35 0 15 0 10 5 30 32 0 0 0 0 0 12 0 0 31 1 0 0 0 0 1 0 2 5 0 0 0 10 0 0 0 0 0 0 410 0 0 71 0 87 0 0 0 1 0 0 0 0 0 0 0 0 0 17 0 0 0 0 1 0 0 10 12 8 0 8 0 0 0 0 0 0 1 0 156 0 4 0
0 0 0 0 1 1 1 0 367 0 280 0 0 171 129 0 101 1 0 0 0 0 0 0 118 149 84 0 0 1165 743 0 0 0 0 0 0 1366 0 0 0 0 0 0 0 0 8 0 3 0 1 0 0 0 0 4 8 0 0 32 4 8 0 10 0 13 15 0 0 0 0 0 0 0 0 0 0 0 0 0 0 0 0 0 1 0 0 0 8 0 0 0 0 0 0 404 0 0 20 0 65 0 0 0 0 0 0 0 0 0 27 0 0 0 5 0 0 0 0 0 0 0 0 1 1 0 1 0 0 0 0 0 0 0 0 44 0 1 0
324 1027 2026 711 707 2095 2476 1456 64 83 0 0 0 36 104 84 22 524 2713 8 0 0 0 0 35 37 29 0 0 0 0 6 0 0 0 0 0 457 0 6 4 2 0 0 0 0 329 19 458 49 2 1 5 0 0 10 9 5 6 10 5 5 0 4 10 9 12 0 0 0 0 0 5 4 0 21 183 22 114 20 126 92 0 36 628 0 0 81 2 0 0 0 6 0 0 117 0 0 4 0 19 7 0 0 0 0 0 0 0 0 16 0 0 0 6 0 0 0 0 0 0 0 1 3 3 0 4 0 0 0 0 0 0 0 0 45 0 10 0
0 0 0 0 0 0 0 0 443 0 0 0 0 0 155 0 16 0 0 0 0 0 0 0 25 31 18 0 0 1346 0 0 0 0 0 0 0 50 0 0 0 12 0 0 0 0 0 0 0 0 1 0 36 0 0 4 0 1 3 39 15 9 0 12 0 14 18 0 0 0 0 0 0 0 0 0 0 0 0 0 0 0 0 1 1 0 0 0 10 0 0 0 3 0 0 172 0 0 3 0 7 0 0 0 0 0 0 0 0 0 9 0 0 0 2 0 0 0 0 0 0 0 0 0 0 0 0 0 0 0 0 0 0 0 0 14 0 0 0
0 0 0 0 0 0 1 0 200 295 159 31 13 184 0 0 57 0 0 0 0 0 0 0 28 33 22 0 0 0 0 0 0 0 0 0 0 174 0 0 0 22 0 0 0 0 4 0 2 0 1 0 0 0 0 5 11 0 0 0 0 9 0 13 0 15 18 0 0 0 0 0 0 0 0 0 0 0 0 0 0 0 0 0 0 0 0 0 0 0 0 0 0 0 0 36 1 0 7 0 9 0 0 0 0 0 0 0 0 0 0 0 0 0 1 0 0 0 0 0 0 0 0 0 0 0 0 0 0 0 0 0 0 0 0 0 8 0 0
3 8 16 7 7 18 19 12 0 239 835 0 70 0 91 0 323 20 0 1 0 0 0 0 383 487 273 11 15 528 347 6 0 0 0 0 0 2030 1 5 0 6 0 0 0 0 200 0 22 0 6 3 8 0 0 17 17 8 0 22 0 7 0 10 8 16 19 0 0 0 0 0 2 3 0 20 0 0 0 0 0 0 0 3 7 0 0 0 7 0 0 0 0 0 0 1695 53 0 45 0 211 0 0 0 0 0 0 0 0 0 100 0 0 0 43 0 0 0 0 0 0 0 20 27 8 0 6 0 0 0 0 0 0 0 0 143 0 11 0
0 0 0 0 0 0 0 0 192 272 146 9 0 89 67 0 12 0 0 0 0 0 0 0 20 24 14 9 34 612 428 0 10 0 0 321 26 451 0 0 0 5 0 0 0 0 2 0 1 0 0 0 5 0 0 2 4 0 0 17 3 3 0 5 0 6 8 0 0 0 0 0 0 0 540 0 0 0 0 0 0 0 0 0 1 0 0 0 4 0 0 0 0 0 0 102 0 0 1 0 0 0 0 0 0 0 0 0 0 0 0 0 0 0 0 0 0 0 0 0 0 0 0 0 0 0 0 0 0 0 0 0 0 0 0 10 0 0 0
0 0 1 0 0 0 1 1 30 43 23 2 0 15 9 0 2 0 0 0 0 0 0 0 1 0 1 0 5 84 60 0 2 0 0 11 9 7 0 0 0 0 0 0 0 0 1 0 0 0 0 0 0 0 0 0 1 0 0 1 0 0 0 0 0 1 0 0 0 0 0 0 0 0 0 0 0 0 0 0 0 0 0 0 0 0 0 0 0 0 0 0 0 0 0 0 0 0 0 0 0 0 0 0 0 0 0 0 0 0 0 0 0 0 0 0 0 0 0 0 0 0 0 0 0 0 0 0 0 0 0 0 0 0 0 0 0 0 0
0 0 0 0 7 0 14 0 16321 22340 12904 862 43 7668 5291 0 854 20 0 1 0 0 0 1 1274 1629 901 579 1984 48128 33801 32 1354 0 0 0 730 4331 2 18 34 680 0 0 0 0 121 0 28 928 51 23 1686 0 0 204 363 53 72 1378 596 488 0 568 10 614 818 0 0 0 0 0 5 0 452 47 0 0 0 0 0 0 0 18 60 45 0 0 428 0 0 0 186 0 0 7929 145 0 219 804 687 24 0 0 5 0 0 0 0 0 452 0 0 0 122 0 0 0 48 11 10 0 23 30 19 0 17 6 0 0 0 15 0 40 10 665 0 19 0
0 0 0 0 2 3 3 0 5085 5910 4487 308 8 2410 1177 0 365 2 0 0 0 0 0 0 1244 1598 794 151 538 10740 7454 1 159 0 0 0 0 1844 0 225 0 314 0 310 0 0 26 0 6 0 27 12 589 0 227 121 208 44 97 294 86 723 0 671 878 1327 864 0 0 0 0 0 0 0 0 24 2 0 0 0 1 8 0 15 35 0 0 0 240 0 0 0 39 0 0 3166 80 0 52 159 312 0 0 0 0 0 0 0 0 0 143 0 0 0 40 0 0 0 61 7 0 0 17 28 27 0 22 0 0 0 0 17 0 42 4 140 0 0 0
0 0 3 0 2 5 5 0 943 450 2065 60 0 436 1 0 0 0 0 0 0 0 0 0 282 355 200 0 0 0 0 0 0 0 0 0 0 0 0 0 0 0 0 0 0 0 43 0 9 0 3 0 0 0 0 44 27 0 20 0 0 63 0 80 0 89 111 0 0 0 0 0 0 0 0 8 0 12 70 87 44 97 0 95 152 69 109 0 1294 0 0 0 0 0 0 803 86 0 46 0 136 0 0 0 0 0 0 0 0 0 0 0 0 0 0 0 0 0 0 0 0 0 0 5 8 0 6 0 0 0 0 0 0 0 0 0 0 0 0
0 0 0 0 0 0 0 0 0 0 0 0 0 0 0 0 0 0 0 0 0 0 0 0 0 0 0 1 0 0 0 0 0 0 0 0 0 0 0 0 0 0 0 0 0 0 0 0 1 0 0 0 0 0 0 0 1 0 0 0 0 0 0 0 0 1 1 0 0 0 0 0 0 0 0 0 0 0 0 0 0 0 0 0 0 0 0 0 0 0 0 0 2 0 0 0 188 0 2 0 0 1 0 0 0 0 0 0 0 0 0 0 0 29 0 0 0 0 8 0 0 0 0 0 0 0 1 0 0 0 0 0 0 3 0 95 0 0 0
18 35 39 84 46 53 12 35 49 70 39 4 1 44 4 7 1474 45 0 3 0 1 0 2 58 15 80 24 38 0 1 13 0 4 5 0 0 65 3 0 10329 394 701 0 743 257 143 0 104 0 122 0 466 183 0 32 37 21 39 38 10 24 16 18 24 45 66 0 0 0 0 0 322 104 0 13 0 0 0 0 0 0 0 0 20 14 0 0 49 0 0 0 31 0 0 0 0 0 39 0 33 20 0 0 0 0 0 0 0 0 0 0 0 0 0 0 0 0 0 8 0 0 19 27 27 0 28 0 0 0 0 3 0 9 0 32 0 212 0
8 3 12 35 20 23 4 16 22 32 17 0 1 20 42 12 126 92 24 3 0 1 0 3 7 5 110 0 0 0 0 0 1 1 1 0 1 22 0 0 0 0 39 15 41 121 29 0 17 0 40 14 0 0 0 9 9 1 13 38 23 3 0 5 4 9 42 0 0 0 0 0 48 53 0 0 0 0 0 2 0 0 0 12 22 0 0 0 11 0 0 0 0 0 0 0 0 0 0 0 16 0 0 0 0 0 0 0 0 0 0 0 0 0 0 67 55 40 91 80 46 48 86 92 92 57 94 65 56 0 66 76 42 103 63 33 0 0 0
31 48 59 152 80 87 6 60 0 0 0 0 1 0 2 23 188 14 0 1 0 1 0 1 41 1 45 0 10 0 0 0 0 0 1 0 0 36 2 0 949 0 703 12 0 265 6 0 45 0 30 14 81 0 27 76 34 22 24 47 6 5 0 9 5 18 197 0 0 0 0 0 382 175 0 0 11 0 0 2 3 11 0 10 20 0 0 5 49 0 0 0 0 0 0 0 16 0 20 0 18 0 0 0 0 0 0 0 0 0 0 0 0 0 0 0 0 0 0 13 0 0 18 26 25 0 27 0 0 0 0 10 0 16 0 55 0 44 0
17 3 17 75 40 46 19 29 42 59 32 0 1 37 13 0 146 83 210 0 0 0 0 1 376 646 395 20 68 1 3 29 181 9 10 55 201 220 5 0 0 0 0 0 0 0 3 0 23 0 13 5 0 0 83 275 88 25 57 102 88 71 69 0 59 92 139 0 41 0 0 0 207 22 0 4 0 0 0 0 0 1502 0 0 7 0 0 0 3172 0 0 106 13 0 0 0 18 0 72 0 22 0 0 0 4 0 0 0 0 0 0 0 0 0 1 0 0 0 20 39 9 0 45 55 55 79 55 3 0 0 0 36 0 0 15 0 0 0 0
5 0 0 23 14 14 5 8 21 28 20 0 1 16 4 0 57 38 0 1 0 0 0 0 76 0 139 10 56 2 6 17 61 5 6 6 0 84 88 70 0 0 6390 0 23717 0 10 0 23 0 6 0 0 0 0 86 33 3 0 29 0 106 7 112 26 137 158 0 0 0 0 0 39 2 572 0 0 0 0 0 0 350 0 0 2 0 0 0 653 0 0 0 1079 0 0 0 0 0 1929 0 20 0 0 0 22 0 0 0 0 0 0 0 0 0 0 0 0 0 0 0 0 0 0 9 7 0 10 0 0 0 0 0 0 0 0 437 0 54 0
25 40 49 117 63 70 6 49 189 275 152 22 10 171 18 0 361 34 0 1 0 0 0 0 197 216 186 193 3770 81 41 339 368 110 118 271 866 904 176 0 0 21 1745 0 0 689 15 0 32 0 79 0 0 0 198 778 378 51 69 517 434 244 0 265 1067 437 416 0 0 235 0 0 247 85 137 95 155 0 0 162 0 443 138 178 282 122 317 157 2985 83 0 45 90 0 0 0 41 0 252 0 143 0 0 0 0 13 0 0 59 0 0 0 0 0 122 243 226 229 356 0 158 229 224 231 233 261 234 252 260 189 320 217 224 291 207 77 203 155 0
7 0 3 29 17 18 4 13 18 26 15 0 1 16 3 5 22 3665 2576 11 0 0 0 2 193 128 4558 128 173 2 4 36 49 12 13 38 151 144 8 0 0 0 1 252 0 0 66 0 511 0 416 187 495 0 30 150 94 42 64 175 150 112 108 57 128 117 199 0 0 0 0 0 190 92 0 27 113 0 49 74 46 107 62 84 131 40 68 0 103 243 0 366 0 0 0 0 45 0 102 0 183 98 0 0 0 61 0 0 0 0 94 0 0 0 0 177 168 183 211 163 115 148 167 173 174 184 177 176 163 95 198 155 136 207 142 788 0 348 0
1 0 0 0 1 0 1 0 0 1 1 0 1 71 1 0 0 0 5 8 1 3 1 0 0 0 0 0 0 0 0 0 0 0 0 0 0 0 0 0 0 0 0 0 0 0 0 0 1 0 0 2 0 0 0 0 0 0 0 515 0 23 19 29 31 0 0 0 0 0 0 0 0 0 0 0 0 0 0 0 0 0 0 0 0 0 0 0 0 0 0 0 0 0 0 0 0 0 0 0 0 0 0 0 0 0 0 0 0 0 0 0 0 0 0 0 0 0 3 9 2 0 11 13 13 0 13 0 0 0 0 7 0 11 3 0 0 0 0
3280 24752 9267 4950 20656 4754 1124 17308 4861 9843 5358 798 35 3706 1765 2707 9662 0 173 350 25 0 5 33 3809 11307 1028 34 17 0 2 28 101 8 10 744 410 256 11 257 120 2337 946 669 219 408 204 0 121 6447 2513 2183 1589 185 897 2359 1189 563 1199 568 447 280 934 8760 498 515 945 114 232 165 2 0 0 24 1164 264 1622 290 407 422 33216 631 330 369 644 271 407 0 18834 864 418 780 0 0 0 0 2294 2212 3092 8272 8970 8074 0 40 0 0 162 25 209 223 48 0 0 72 50 1548 1344 839 1495 914 694 1164 741 722 522 1668 567 1918 2060 1373 1778 1018 1292 1738 976 166 242 162 0
0 0 0 0 0 0 0 0 0 0 0 0 0 0 0 0 0 0 0 0 0 0 0 0 0 0 0 0 0 0 0 0 0 0 0 0 0 0 0 0 0 0 0 0 0 0 0 0 0 0 0 0 0 0 0 0 0 0 0 0 0 0 0 0 0 0 0 0 0 0 0 0 0 0 0 0 0 0 0 0 0 0 0 0 0 0 0 0 0 0 0 0 0 0 0 0 0 0 0 0 0 0 0 0 0 0 0 0 0 0 0 0 0 0 0 0 0 0 0 0 0 0 0 0 0 0 0 0 0 0 0 0 0 0 0 0 0 0 0
6 3 0 12 16 17 6 9 67 60 86 0 1 39 14 4 65 1430 1363 16 0 1 0 2 717 895 560 881 100 0 12 135 78 32 46 0 13 292 6 2021 142 655 1750 146 1719 668 24251 0 97 0 502 231 3416 20178 511 896 742 552 1147 429 463 72 0 263 0 305 435 0 0 2527 0 0 706 187 94 246 0 0 0 0 0 0 0 0 44 34 0 0 82 0 0 513 53 0 0 0 0 0 71 0 81 84 0 0 0 0 0 0 0 70 130 0 0 0 174 0 0 0 0 12 0 0 25 42 42 0 43 0 0 0 0 1 0 13 0 576 0 992 0
9 18 48 17 7 56 67 37 1 1 1 0 0 10 2 2 0 0 0 0 0 0 0 0 0 0 0 0 0 0 0 0 0 0 0 0 0 0 0 0 0 0 0 0 0 0 7 0 12 0 0 0 0 0 0 0 0 0 0 0 0 0 0 3 0 0 0 0 0 0 0 0 0 0 0 0 0 0 0 0 0 0 0 0 0 0 0 0 0 0 0 0 0 0 0 0 0 0 0 0 0 0 0 0 0 0 0 0 0 0 0 0 0 0 0 0 0 0 0 0 0 0 0 1 1 0 2 0 0 0 0 0 0 0 0 0 0 0 0
36 110 224 78 73 234 277 163 3 4 2 0 0 2 10 2 15 0 0 9 0 0 0 1 293 380 144 0 0 0 0 0 0 0 0 0 0 0 0 60 0 0 0 169 5 0 0 0 0 0 1 0 0 0 203 10 10 0 0 0 0 206 0 167 348 434 129 4 0 0 0 0 0 0 0 8 0 0 0 0 0 0 0 0 3 0 0 0 0 0 0 0 0 0 0 0 0 0 0 0 0 0 0 0 0 0 0 0 0 0 0 0 0 0 0 0 0 0 0 0 0 0 0 9 8 0 8 0 0 0 0 0 0 0 0 0 0 0 0
536 1681 3227 1176 1170 3452 3153 2418 68 78 52 0 1 45 122 88 343 0 2437 207 0 0 0 11 469 1193 81 156 42 0 0 19 0 0 17 0 0 68 37 0 32 0 1503 853 93 0 2848 0 6749 0 17 1 0 0 0 497 360 402 468 34 397 0 2781 275 3729 200 343 0 0 0 0 0 0 832 0 1022 1326 4092 546 543 469 756 457 1284 1392 97 0 0 4514 238 0 104 0 0 0 0 0 0 93 0 140 2 0 0 0 0 0 0 0 0 391 0 0 0 1695 698 631 386 451 430 319 502 153 163 169 696 181 1056 1179 662 770 425 499 504 352 26 0 539 0
94 184 197 463 237 261 910 184 250 299 137 0 4 144 63 120 581 0 38 6 0 1 0 25 56 42 80 335 3387 47 39 332 260 111 121 218 1044 929 315 0 485 1664 822 555 2327 97 112 0 1151 0 680 289 2321 0 2167 1002 1000 717 1275 1028 728 318 658 361 509 545 0 0 622 669 1 0 2718 1015 917 356 86 0 0 43 39 114 16 142 272 193 0 395 2135 105 1694 711 102 0 0 0 113 0 1739 0 335 124 0 142 0 0 0 10 42 0 0 0 0 0 194 521 508 666 636 422 334 471 432 439 442 615 446 597 0 449 745 432 479 569 415 531 0 370 0
85 160 181 456 224 242 760 168 219 293 184 24 2 180 132 0 168 0 0 0 0 0 0 8 133 0 0 33 54 17 11 93 91 33 35 115 0 205 0 42 0 0 0 303 0 0 2 0 6 0 18 0 329 0 0 81 136 138 0 34 0 23 0 40 35 41 13 0 0 0 0 0 0 0 276 0 0 0 0 0 0 0 0 7 37 0 0 0 325 0 0 0 0 0 0 0 0 0 3 0 51 0 0 0 0 0 0 0 0 0 0 0 0 0 0 34 8 0 49 34 21 10 41 49 46 14 43 0 0 0 24 45 13 64 34 0 0 0 0
1 0 0 5 4 4 2 2 4 5 3 0 0 3 1 0 4 0 0 0 0 0 0 0 119 0 0 0 0 0 0 0 0 0 0 0 0 0 0 0 0 0 0 0 0 0 1 0 5 0 5 0 0 0 0 0 0 140 0 0 0 0 0 0 0 0 0 0 0 0 0 0 0 0 0 0 0 0 0 0 0 0 0 0 36 0 0 0 302 0 0 0 0 0 0 0 0 0 0 0 103 0 0 0 0 0 0 0 0 0 0 0 0 0 0 21 7 0 29 36 24 8 37 44 44 0 46 12 3 0 6 26 3 48 3 0 0 0 0
0 0 0 0 0 0 0 0 0 0 0 0 0 0 0 0 2 0 0 0 0 0 0 0 0 0 0 0 0 0 18 0 0 0 0 0 0 0 0 0 0 0 0 0 0 0 0 0 2 0 1 0 0 0 0 610 0 0 0 0 0 6194 0 0 0 0 0 0 0 0 0 0 0 0 0 0 0 0 0 0 0 0 0 0 28 0 0 0 253 0 0 0 0 0 0 0 0 0 1 0 0 0 0 0 0 0 0 0 0 0 0 0 0 0 0 0 0 0 0 0 0 0 0 4 2 0 1 0 0 0 0 0 0 0 0 9 0 0 0
1 0 0 5 3 2 3 2 3 4 2 0 0 2 1 0 9 0 0 1 0 0 0 0 0 0 15 0 0 0 0 0 0 0 1 0 0 19 1 0 0 0 0 0 0 0 6 0 15 0 27 2 0 0 0 0 24 0 0 0 0 23 0 50 15 5 0 0 0 0 0 0 0 12 0 0 30 0 0 0 0 0 0 118 250 182 0 0 2193 91 4151 0 0 0 0 0 0 0 87 0 8 0 0 0 0 0 0 0 0 0 0 0 0 0 0 13 0 0 16 30 26 0 33 40 39 0 40 4 0 0 0 30 0 43 18 426 0 0 0
24 41 49 127 63 67 211 45 61 82 51 6 1 50 37 0 38 0 0 0 0 0 0 0 0 0 0 0 4 0 0 8 0 3 5 0 0 0 0 0 0 0 0 55 0 0 35 0 3 0 47 13 0 0 769 158 3102 1386 0 609 0 0 2569 0 0 0 26 0 0 0 0 0 0 0 0 0 0 0 0 0 0 0 0 36 131 0 0 0 215 407 0 0 0 0 0 0 0 0 0 0 0 0 0 0 0 0 0 0 0 0 0 0 0 0 0 305 305 360 374 263 189 280 269 270 275 345 280 311 310 228 379 248 265 333 234 0 0 13 0
2 0 0 5 6 3 2 3 3 4 3 0 0 3 1 258 45 21 0 23 1 25 1 30 14 0 13 0 0 0 0 2 0 0 0 0 0 13 0 0 0 0 0 0 0 0 0 0 97 0 3 19 0 0 0 89 41 257 0 0 2454 47 0 0 0 83 0 0 0 0 168 29 0 283 0 427 0 0 0 0 0 0 0 0 2 2 0 0 21 0 0 0 0 0 0 0 0 0 0 0 3 0 0 0 0 0 0 0 0 0 0 0 0 0 0 0 0 0 0 0 0 0 0 37 35 0 59 0 0 0 0 0 0 0 0 0 0 9 0
9 19 16 23 22 22 8 19 14 16 11 1 2 14 6 949 154 304 86 206 10 250 10 285 133 133 71 1 0 0 0 12 0 0 5 0 0 67 2 0 0 0 0 3 0 0 34 0 333 0 48 182 0 0 31 327 152 919 197 0 0 219 0 144 336 286 2281 0 1514 0 532 249 1172 1006 0 1591 0 0 0 0 0 0 0 0 6 10 0 0 87 0 703 60 0 0 0 0 0 0 21 0 30 0 0 0 0 0 0 0 0 0 0 0 0 0 130 0 0 0 224 0 0 85 113 223 215 0 218 0 104 27 210 140 122 259 130 0 0 48 1
2 0 0 2 2 1 2 0 2 3 2 0 2 2 1 0 15 7 24 22 2 10 1 6 0 0 0 0 0 0 0 0 0 0 1 0 0 0 1 0 0 0 0 0 0 0 0 0 2 0 1 0 65 0 0 351 0 0 92 0 0 0 0 12 0 12 0 0 0 0 95 8 0 0 579 0 0 0 0 0 417 0 0 0 3 0 0 0 9 0 0 0 0 0 0 0 0 0 0 0 2 0 0 0 0 0 0 0 0 0 0 0 0 0 0 0 0 0 0 0 0 0 0 27 19 0 58 0 0 0 0 0 0 3 0 0 0 0 1
3 0 0 5 6 4 2 3 3 4 3 0 1 3 2 0 60 113 226 65 0 83 4 95 0 0 0 6 14 0 5 23 59 10 9 111 254 391 1 0 29 2 0 0 50 0 0 0 6 199 14 58 0 0 436 347 657 41 0 71 9 45 0 61 13 72 2601 0 731 0 1883 130 180 250 251 357 0 0 0 0 0 0 0 0 0 2 0 0 31 0 0 0 0 0 0 0 0 0 30 0 6 0 0 0 0 0 0 0 0 0 0 0 0 0 21 0 0 0 16 0 0 0 9 75 66 0 77 0 0 0 0 15 0 65 7 0 0 14 0
0 0 0 0 3 0 0 0 0 0 0 0 0 0 0 0 3 0 26 4 0 4 0 5 0 0 0 0 0 0 0 0 0 0 0 0 0 0 0 0 0 0 4510 0 0 0 0 0 1 0 0 0 0 0 0 64 3 0 32 46 0 0 0 0 0 2 0 0 0 0 292 13 0 0 0 0 0 0 0 0 0 0 0 0 1 0 0 0 8 0 0 0 0 0 0 0 0 0 1 0 0 0 0 0 0 0 0 0 0 0 0 0 0 0 0 0 0 0 0 0 0 0 0 0 0 0 3 0 0 0 0 0 0 0 0 0 0 0 0
1 0 0 1 3 2 2 1 1 2 1 0 0 1 1 0 42 37 39 46 3 58 3 66 4 0 1 0 2 0 1 2 0 1 1 0 0 5 0 0 0 0 0 0 0 0 0 0 6 39 4 0 0 0 0 13 19 0 17 933 0 7 0 23 0 29 57 0 0 0 87 55 0 45 0 0 0 0 0 0 0 0 0 0 2 0 0 0 15 0 0 17 0 0 0 0 0 0 0 0 5 0 0 0 0 0 0 0 0 0 0 0 0 0 0 0 0 0 0 0 0 0 0 35 28 0 50 0 0 0 0 0 0 0 0 0 0 9 0
42 126 261 91 93 274 324 188 4 5 3 0 0 2 12 0 22 0 5 14 369 1736 375 2372 0 0 0 0 0 0 0 0 0 0 0 0 0 0 0 0 0 0 0 0 0 0 0 0 0 0 46 0 0 0 0 20 57 0 44 0 0 0 0 0 0 0 25 0 0 0 20 3 0 0 0 0 0 0 0 0 0 0 0 0 0 0 0 0 0 0 0 0 0 0 0 0 0 0 0 0 0 0 0 0 0 0 0 0 0 0 0 0 0 0 0 0 0 0 0 0 0 0 0 2 0 0 0 0 0 0 0 0 0 0 0 0 0 0 0
1 0 0 0 4 2 2 0 2 2 2 0 0 2 1 0 65 121 0 83 5 113 5 129 0 0 0 0 0 0 0 0 0 0 0 0 0 0 0 0 0 0 0 0 0 0 1 0 34 0 16 0 0 1123 0 151 66 287 0 1485 0 93 0 3 0 0 0 0 0 0 37 102 293 92 0 121 0 0 0 7 4 14 14 6 31 0 0 0 145 0 0 0 0 0 0 0 742 0 0 0 7 0 0 0 0 0 0 0 0 0 0 0 0 0 2 0 0 0 0 0 0 0 0 0 0 0 21 0 0 0 0 0 0 0 0 0 0 0 0
97 189 205 491 247 272 1018 191 257 352 211 30 3 218 73 439 676 88 53 4 0 1 0 25 59 0 55 500 121 21 8 89 152 27 31 21 322 364 7 192 19 363 35 890 368 228 70 0 636 23 45 0 646 15 780 2001 484 1020 1061 2255 578 635 807 602 810 1163 3048 0 13214 698 1 0 0 2774 3301 2937 582 376 648 720 342 728 632 711 1102 786 1045 507 5215 1044 4208 342 0 0 0 0 97 0 5832 1256 2906 29 0 235 0 0 0 0 292 0 0 0 0 0 29 1468 1088 534 2018 803 611 1023 897 1010 954 1489 821 1811 1860 1428 2066 1244 1457 1645 1222 263 313 169 0
26 29 35 100 56 44 109 37 24 34 20 1 0 22 18 44 27 216 142 2 0 0 0 59 509 0 300 679 131 30 15 142 185 42 46 344 861 410 5 323 1176 222 0 633 204 288 126 0 1166 233 285 129 806 0 174 373 306 304 334 582 0 727 0 610 1047 1389 2671 0 0 457 0 0 0 5012 805 650 444 183 154 199 185 431 171 214 327 244 235 0 114 476 122 35 0 0 0 0 362 0 2118 152 345 469 0 0 0 0 0 0 1272 0 0 0 0 7 352 630 636 755 768 513 379 579 522 522 530 729 534 656 663 525 800 499 564 662 487 129 16 224 0
12 25 26 58 31 34 2 23 33 48 27 5 1 30 319 28 38 89 74 3 0 0 0 2 202 352 206 327 64 15 8 90 62 23 26 97 211 225 3 106 131 123 51 189 0 108 37 0 260 0 37 17 56 0 179 227 182 143 137 109 19 68 25 38 24 147 53 0 0 0 0 0 139 102 0 543 0 0 0 0 0 0 0 31 84 0 0 0 44 675 0 180 57 780 0 0 27 34 38 0 144 132 115 0 0 0 0 0 0 237 0 149 0 0 249 226 208 211 288 198 135 189 208 213 215 238 215 237 228 137 272 198 191 264 182 172 0 150 0
0 0 0 0 0 0 0 0 0 0 0 0 0 0 0 0 0 0 0 0 0 0 0 0 0 0 0 0 0 0 0 0 0 0 0 0 0 0 0 0 0 0 0 0 0 0 0 0 0 0 0 0 0 0 0 0 0 0 0 0 0 0 0 0 0 0 0 0 0 0 0 0 0 0 0 0 0 0 0 0 0 0 0 0 0 0 0 0 0 0 0 0 0 0 0 0 0 0 0 0 0 0 0 0 0 0 0 0 0 0 0 0 0 0 0 0 0 0 0 0 0 0 0 0 0 0 0 0 0 0 0 0 0 0 0 0 0 0 0
0 0 0 0 0 0 0 0 0 0 0 0 0 0 0 0 0 0 0 0 0 0 0 0 0 0 0 0 0 0 0 0 0 0 0 0 0 0 0 0 0 0 0 0 0 0 0 0 0 0 0 0 0 0 0 0 0 0 0 0 0 0 0 0 0 0 0 0 0 0 0 0 0 0 0 0 0 0 0 0 0 0 0 0 0 0 0 0 0 0 0 0 0 0 0 0 0 0 0 0 0 0 0 0 0 0 0 0 0 0 0 0 0 0 0 0 0 0 0 0 0 0 0 0 0 0 0 0 0 0 0 0 0 0 0 0 0 0 0
138 192 208 485 270 295 10 200 218 196 142 27 3 195 150 137 69 8 4 4 0 0 0 7 10 36 5 0 34 0 1 4 0 2 2 0 32 41 2 0 0 0 0 0 0 0 31 21 213 0 115 44 230 0 451 202 243 705 117 65 0 294 0 166 232 449 0 162 403 0 0 0 0 0 133 47 0 0 0 0 0 0 0 3 19 14 0 29 28 0 0 3239 0 0 0 0 0 0 0 0 25 0 0 0 0 0 0 0 0 0 0 0 0 0 0 2603 2634 3115 3164 2035 1535 2406 2060 2056 2080 3147 2098 2834 2886 2390 3418 2040 2413 2683 2014 117 0 77 0
1 0 0 2 3 2 2 1 3 4 2 0 0 2 2 0 2341 77 157 0 0 0 0 6 220 281 136 7 6 0 0 4 0 1 1 655 20 20 0 0 0 0 0 0 0 0 3 0 26 0 8 3 0 0 14 15 9 0 11 0 0 2 0 4 0 9 0 0 0 0 0 0 75 0 0 58 28 2 24 29 13 30 9 31 48 23 36 56 242 0 0 0 0 0 0 0 621 0 4 150 739 4233 0 0 0 0 0 0 0 0 0 0 0 0 0 107 61 0 162 80 42 37 97 116 111 93 96 138 140 50 129 128 80 171 112 27 0 2 0
107 206 0 455 263 301 34 216 294 432 232 40 22 273 4 44 753 0 88 4 0 1 0 6 200 205 107 16 83 0 3 24 56 0 9 0 117 241 7 134 354 100 848 0 0 448 158 0 522 0 76 10 328 0 0 409 134 94 109 450 131 0 0 90 142 154 949 0 0 179 0 0 0 231 0 63 554 393 508 547 248 611 186 523 777 522 824 0 520 506 159 466 0 0 0 0 177 0 397 195 682 1048 0 1 0 0 93 0 254 0 39 0 109 104 345 617 636 772 748 501 0 578 500 504 512 729 519 637 654 538 791 465 557 642 434 725 501 122 0
4 1 4 15 8 8 8 2 8 11 7 1 1 14 6 4 8 0 14 11 1 3 1 0 169 179 106 0 12 0 2 15 0 4 5 0 0 0 0 0 22 7 0 88 0 0 7 0 43 0 12 0 0 0 99 31 36 13 14 0 0 42 0 63 27 272 0 0 0 0 0 0 0 0 0 0 0 0 0 0 0 0 0 0 12 0 0 25 0 0 0 0 0 0 0 0 0 0 3 0 33 15 0 0 0 0 0 0 0 0 0 0 0 0 0 22 0 0 16 44 70 5 51 59 59 0 60 0 0 0 0 40 4 60 21 29 9 0 0
1 0 0 73 16 0 69 13 18 33 111 3 0 26 34 5 138 13 9 0 1 0 1 47 75 111 44 0 2 0 0 1 0 1 2 14 0 165 26 55 0 0 151 144 0 0 23 0 0 44 44 348 0 0 22 55 45 0 77 44 214 7 221 13 22 36 0 0 0 3 0 0 13 0 0 48 0 0 0 0 0 0 0 0 0 2768 938 0 0 142 0 3 0 0 0 0 0 0 19 0 0 0 0 0 0 0 0 0 0 0 0 0 0 0 21 0 0 0 0 12 0 0 4 7 9 0 24 0 0 0 0 0 0 0 0 0 0 128 0
11 65 37 812 173 0 766 158 217 381 1242 60 1 316 379 61 1595 133 0 0 5 0 7 2 885 1373 482 21 29 0 6 46 39 18 19 474 165 0 249 664 68 52 849 1532 24 20 120 0 0 677 406 220 0 1380 401 702 566 1001 1238 528 2554 116 2535 154 274 417 118 0 0 577 0 0 227 0 0 585 0 0 0 0 0 0 0 0 0 10258 5261 0 0 1611 0 239 14 0 125 197 246 423 226 0 13 140 0 0 70 0 0 0 0 0 347 68 230 144 254 213 186 175 272 219 136 162 101 77 107 582 240 289 245 0 0 18 0 27 0 190 102 1247 0
4 12 8 280 60 7 264 54 74 131 428 19 0 107 131 21 549 45 36 0 2 0 2 10 294 451 163 6 9 0 1 13 11 6 7 135 42 0 86 220 11 10 293 525 521 0 42 0 0 212 140 75 0 95 120 224 181 225 352 190 918 42 922 57 98 150 16 0 0 165 0 0 60 0 0 195 0 0 0 0 0 0 0 0 0 3676 5768 0 0 520 0 72 0 0 0 0 86 0 78 0 5 43 0 0 0 0 0 0 0 0 37 0 71 0 84 62 49 38 81 72 42 44 32 26 36 180 83 86 67 0 0 3 0 6 0 5 0 429 0
2 0 1 141 30 3 194 27 36 65 215 9 0 53 66 10 274 23 18 0 1 0 1 0 145 219 82 2 4 0 0 9 5 3 3 52 11 0 45 108 0 0 182 268 0 0 27 0 0 96 74 39 0 0 50 106 85 33 137 400 158 5 164 10 16 27 0 0 0 60 0 0 27 0 0 96 0 0 0 0 0 0 0 0 0 555 871 0 0 251 0 28 0 0 0 0 41 0 39 0 2 17 0 0 0 0 0 0 0 0 0 0 0 0 40 12 0 0 19 33 11 0 13 19 25 57 60 21 2 0 0 0 0 0 0 0 0 225 0
1 0 0 59 13 1 56 11 14 27 89 3 0 20 27 4 116 9 7 0 0 0 1 1 58 87 32 0 2 0 0 1 1 1 1 15 0 0 18 42 2 0 56 108 79 0 8 0 0 36 29 13 0 0 20 42 35 20 67 33 162 0 187 10 14 31 0 0 0 16 0 0 11 0 0 36 0 0 0 0 0 0 0 0 0 780 1223 0 0 91 0 10 0 0 0 0 15 0 15 0 1 2 0 0 0 0 0 0 0 0 0 0 0 0 15 0 0 0 0 10 0 0 0 5 6 5 0 0 0 0 0 0 0 0 0 0 0 89 0
1 0 0 92 20 2 109 16 22 41 139 1 0 31 43 0 177 14 11 0 1 0 1 0 87 128 50 0 2 0 0 0 1 2 2 12 0 0 28 62 1 0 0 0 0 0 13 0 0 48 46 20 0 0 25 60 49 193 87 29 141 4 152 9 14 24 0 0 0 4 0 0 0 0 0 54 0 0 0 0 0 0 0 0 0 623 977 0 0 140 0 10 0 0 0 0 19 0 21 0 0 0 0 0 0 0 0 0 0 0 0 0 0 0 22 0 0 0 0 16 0 0 5 10 14 0 33 0 0 0 0 0 0 0 0 0 0 115 0
2 2 3 151 32 4 155 28 39 70 229 10 0 57 77 12 294 24 19 0 1 0 1 0 153 232 86 3 5 2 1 9 6 4 4 90 34 14 46 116 0 1 155 281 0 0 22 0 0 112 81 42 0 0 55 111 89 55 152 96 463 20 465 29 49 88 0 0 0 61 0 0 35 0 0 102 0 0 0 0 0 0 0 0 0 1877 2945 0 0 256 0 35 0 0 0 0 43 0 41 0 2 19 0 0 0 0 0 0 0 0 0 0 25 0 43 32 2 0 24 41 24 0 18 15 20 65 48 26 9 0 0 1 0 3 0 0 0 230 0
0 0 0 35 8 2564 34 5 8 16 54 0 0 11 17 3 69 5 3 0 0 0 0 0 25 32 11 0 0 0 0 2 0 0 1 0 0 0 11 16 0 0 29 62 0 0 4 0 0 0 18 7 0 0 0 6 5 0 0 22 108 3 115 7 11 19 0 0 0 0 0 0 0 0 0 16 0 0 0 0 0 0 0 0 0 1508 753 0 0 12 0 0 0 0 0 0 5 0 7 0 0 0 0 0 0 0 0 0 0 0 0 0 0 0 5 0 0 0 0 0 0 0 0 3 3 0 10 0 0 0 0 0 0 0 0 0 0 52 0
0 0 0 2 1 0 3 330 0 0 3 0 0 0 1 0 5 0 0 0 0 0 0 0 0 0 0 0 0 0 0 0 0 0 0 0 0 0 1 0 0 0 0 0 0 0 0 0 0 0 1 0 0 0 0 0 0 0 0 0 0 0 5 0 0 1 0 0 0 0 0 0 0 0 0 0 0 0 0 0 0 0 0 0 0 33 52 0 0 0 0 0 0 0 0 0 0 0 0 0 0 0 0 0 0 0 0 0 0 0 0 0 0 0 0 0 0 0 0 0 0 0 0 0 0 0 1 0 0 0 0 0 0 0 0 0 0 0 0
5 18 11 0 77 9 342 70 95 169 553 25 0 138 169 27 712 58 47 0 2 0 3 8 381 586 210 8 12 4 2 17 16 8 8 0 59 0 110 0 18 16 351 677 0 0 49 0 0 0 179 96 0 0 159 291 235 0 470 0 0 54 0 73 127 193 47 0 0 217 0 0 0 0 0 251 0 0 0 0 0 0 0 0 0 0 0 0 0 233 0 30 0 0 0 0 38 0 38 0 2 15 0 0 0 0 0 0 0 0 0 0 24 0 40 14 0 0 21 33 12 0 13 13 18 60 42 23 5 0 0 0 0 0 0 0 0 220 0
7 25 16 535 114 14 505 102 143 251 819 36 0 208 250 40 1053 86 69 0 4 0 5 9 561 863 310 11 18 6 3 25 23 11 12 265 86 0 162 421 25 22 518 1000 0 0 73 0 0 406 264 142 508 227 232 429 346 463 685 1469 1367 80 1753 108 188 285 70 0 0 316 0 0 132 0 0 371 0 0 0 0 0 0 0 0 0 11010 0 0 0 1563 0 231 0 0 9 0 257 0 229 0 15 138 0 0 0 0 0 0 0 0 238 0 253 83 248 237 225 244 295 224 150 203 101 77 105 626 240 317 284 0 0 27 0 38 7 127 62 1243 0
2 0 23 183 40 2 175 16 50 87 4545 7 0 72 86 14 0 99 75 293 4 0 5 4 642 994 355 10 27 0 5 41 33 17 19 424 150 9 245 626 55 0 64 1278 0 62 3 35 0 374 253 138 301 0 751 1316 949 1842 832 1449 1334 136 2911 180 313 470 11 0 59 58 0 0 0 0 182 0 28502 27821 28366 29221 31470 52122 26039 27237 43559 16620 0 0 4388 2428 0 329 93 0 0 0 388 0 100 19 26 16 0 0 0 0 0 0 0 0 492 0 0 42 287 396 393 459 480 347 246 357 156 116 158 1010 362 520 484 0 4 51 0 70 414 184 107 1874 0
0 0 0 0 0 0 0 0 0 0 2 0 0 0 0 0 0 0 0 0 0 0 0 1 0 0 8 0 0 0 0 3 0 0 0 0 0 0 14 0 0 0 0 0 0 0 0 0 0 0 56 22 0 0 0 0 0 0 0 0 0 0 0 0 0 0 0 0 0 0 0 0 0 0 0 41 0 0 0 0 0 0 0 0 0 72 114 0 0 0 0 0 0 0 0 0 0 0 0 0 0 0 0 0 0 0 0 0 0 0 0 0 0 0 0 0 0 0 0 0 0 0 0 0 0 0 0 0 0 0 0 0 0 0 0 0 0 0 0
67 77 106 275 141 150 16 108 140 183 119 24 16 350 95 13 7 101 0 143 17 45 17 0 209 159 108 14 41 11 17 32 61 22 19 57 134 188 20 127 11 4 147 150 0 0 16 0 87 47 58 49 0 0 26 75 69 0 0 267 127 490 166 131 156 190 325 0 0 0 0 0 1 13 0 6 0 0 0 0 0 0 0 0 77 0 0 0 32 0 0 31 0 0 0 0 17 0 12 0 42 138 0 0 0 0 17 0 0 0 0 0 0 0 0 177 4 0 240 374 141 0 416 457 466 0 473 122 0 0 0 315 0 425 161 76 0 0 5
306 494 591 1518 729 733 2285 485 140 212 137 21 6 156 447 71 206 675 374 66 4 32 5 17 665 738 603 306 123 30 17 130 219 40 43 277 883 442 55 413 600 230 232 504 143 668 162 0 1240 338 373 167 284 0 273 158 837 0 402 508 0 460 511 217 254 359 492 0 0 744 3 11 53 1199 0 602 304 159 421 449 135 299 392 417 612 437 688 325 168 1270 0 772 1390 0 239 0 288 0 287 326 690 724 0 108 0 0 150 0 0 0 373 0 967 137 700 1113 1133 1045 1012 902 1331 1032 919 915 927 1169 935 877 818 947 1050 874 1004 1158 858 851 347 190 1
12 8 17 56 29 30 15 19 28 37 23 0 0 24 10 0 20 91 53 46 0 0 0 3 20 29 35 237 85 10 5 69 45 17 20 8 114 144 7 37 31 112 0 100 0 0 24 0 168 0 55 21 0 0 25 200 180 151 120 71 0 55 29 31 0 101 93 0 0 0 0 0 0 419 0 574 0 0 0 0 0 0 0 4 21 0 0 0 54 0 0 0 179 0 0 0 0 0 22 0 116 251 0 0 0 0 0 0 0 0 0 0 0 0 87 1004 772 439 1348 595 471 720 656 726 693 1020 616 1201 1223 929 1368 856 974 1130 837 1046 0 66 0
29 0 0 172 80 68 2 53 68 88 61 0 0 51 2 75 617 1 0 0 0 0 0 0 56 298 0 29 9 0 0 6 2 1 3 0 0 24 0 0 171 182 0 0 0 131 3 99 21 0 296 54 211 0 170 1366 190 378 424 84 48 68 241 98 129 125 127 190 173 0 0 0 125 60 472 255 75 0 137 101 24 182 37 39 110 74 59 0 92 549 0 0 0 0 0 0 0 0 0 0 68 0 0 0 0 0 0 0 0 0 0 0 0 0 3 249 205 88 116 161 111 145 38 99 44 1140 190 1169 932 651 638 331 364 302 224 147 0 50 0
416 972 888 1815 1176 1124 92 1460 6400 3037 967 465 67 6854 3825 500 2460 948 806 57 3 10 3 13 2399 3667 2420 14502 2591 892 2906 3689 2272 903 1017 3149 6339 4410 127 4688 3479 2821 1362 4881 3415 3327 1662 1558 8852 231 819 383 300 3493 3521 6121 5497 3907 2097 5383 5096 3571 3046 1892 2613 5020 6269 2391 3879 0 1 0 2842 2129 3755 23831 826 610 539 575 724 784 498 553 824 580 830 2259 1339 806 1136 3971 720 0 1690 2402 484 0 467 6446 6484 7404 0 2024 0 0 6872 0 2728 221 407 1093 0 0 1297 2198 2171 2430 2679 1663 1327 1993 1699 1708 1718 2539 1693 2337 2406 2014 2849 1720 2042 2279 1708 1212 1604 563 1
150 237 342 703 412 520 143 390 898 849 468 116 5 779 259 416 3810 1702 1434 18 0 0 0 9 5586 246 5814 556 209 190 1524 278 747 90 99 1574 2684 4388 54 1064 1611 1611 417 1536 1138 1431 769 399 865 1249 332 150 2452 1143 1449 1416 673 544 641 930 729 678 615 362 533 944 1691 565 766 79 0 0 1019 1470 1378 827 296 0 103 183 135 283 34 263 508 276 0 644 1383 1129 0 525 1431 0 0 896 200 0 459 1519 1341 1976 0 311 0 0 0 89 0 0 814 0 0 0 860 877 854 643 750 680 1136 782 687 696 696 864 693 679 676 746 762 692 784 916 678 1378 602 482 0
57 0 0 0 142 159 6 100 168 228 0 0 6 147 681 11 0 984 713 0 0 0 0 11 1845 3071 1826 0 0 0 0 0 0 0 12 0 0 0 22 1586 957 425 752 1765 494 475 142 41 871 1230 117 54 660 279 252 444 328 406 560 994 913 1370 1378 617 1101 2468 1549 270 432 853 0 0 618 610 426 212 479 0 82 109 448 1044 934 1058 1580 461 875 1425 707 1267 5 1668 338 0 0 0 437 947 865 2 334 1148 757 336 38 0 50 0 1532 110 523 0 278 764 400 167 137 96 189 180 139 117 185 195 196 125 193 148 124 0 127 159 96 212 129 430 691 1064 0
4 0 3 17 9 9 3 5 9 12 7 0 0 7 18 0 26 54 140 6 0 2 0 8 195 95 118 28 97 1 1 0 0 0 6 0 0 0 0 18 43 0 0 57 0 0 60 0 90 286 19 10 186 0 17 93 175 54 172 598 528 21 48 20 36 48 0 0 0 0 1160 36 135 0 0 69 29 0 0 0 0 0 0 0 10 0 0 0 10 0 0 45 59 0 0 0 0 0 97 220 209 0 0 0 14 0 162 0 0 0 3 0 0 0 0 254 237 242 309 228 168 211 237 242 246 265 247 255 242 140 287 222 207 294 202 79 0 11 0
306 619 667 1628 797 867 752 600 787 1053 654 94 7 651 741 1717 984 415 516 75 1 14 1 24 368 84 1101 900 11078 285 135 1068 1406 378 405 1633 4980 4344 6 1447 1501 1213 1268 6669 724 1191 354 0 597 2940 1041 486 614 1469 1131 2453 2613 5143 1863 2241 2042 472 1969 2479 1828 405 1493 447 830 0 6 9 895 676 1536 2737 3065 0 1621 1766 1309 2976 1551 1697 2519 1875 2456 32746 1426 203 238 2331 809 6564 3626 0 2917 0 4572 3271 3520 1672 0 279 0 0 0 0 94 0 329 511 181 172 445 2950 3007 3542 3541 2294 1858 2755 2330 2317 2350 3472 2354 3069 3163 2724 3797 2283 2736 3016 2277 1037 334 265 0
0 0 0 1 1 0 1 0 0 1 0 0 0 0 1 0 2 1470 0 9 0 5 0 25 0 0 17 0 0 0 0 0 0 0 1 0 0 0 0 0 7 0 0 0 0 0 1 0 10 0 2 2 0 0 0 6 0 0 6 4 0 1 0 0 1 6 5 0 0 0 2 3 28 0 0 0 0 0 0 0 0 0 0 0 3 0 0 0 0 0 0 0 1253 0 0 0 0 0 0 0 30 0 0 0 0 0 0 0 0 0 0 0 0 0 0 0 0 0 0 0 0 0 462 803 9 0 10 94 47 0 0 1 0 3 0 0 0 0 0
102 166 154 128 1175 268 139 332 961 928 717 188 195 528 274 130 0 39 187 4 357 1 14 1 484 1099 538 255 362 352 4444 2381 588 2509 6526 0 0 166 255 804 454 461 58 354 203 364 324 0 34 880 135 104 153 245 303 350 441 631 376 499 450 484 469 406 1053 306 619 0 0 50 0 0 344 0 0 1020 3263 959 8 13 10 24 18 23 36 15 8 0 19 47 0 145 318 0 0 0 0 0 462 0 115 0 0 0 0 0 0 0 0 0 72 0 0 0 30 73 42 0 99 78 38 37 84 90 99 133 79 143 161 35 130 126 77 164 105 55 0 66 0
0 0 0 0 0 0 0 0 4 6 0 3 0 3 0 6 0 0 0 0 1 0 0 0 0 0 0 0 0 0 0 0 0 64 16 0 0 0 0 0 0 0 0 0 0 0 0 0 1 0 0 2 0 0 0 0 0 0 0 0 0 0 0 0 0 1 0 0 0 0 0 0 0 0 0 0 6 0 0 0 0 0 0 1 2 0 0 0 1 0 0 0 0 0 0 0 0 0 0 0 0 0 0 0 0 0 0 0 0 0 0 0 0 0 0 0 0 0 0 0 0 0 0 2 3 0 2 0 0 0 0 0 0 0 0 0 0 0 0
1 0 0 1 4 3 0 1 4 5 0 0 0 3 1 3 89 59 82 10 0 0 0 3 200 175 231 43 3 0 1 13 9 4 5 0 70 106 0 0 45 31 9 127 5 0 9 0 68 0 6 3 0 0 34 107 118 57 83 80 57 28 31 15 23 58 95 0 0 0 0 0 17 0 0 0 4 0 0 0 0 4 0 5 17 0 0 0 7 0 0 0 11 0 0 0 236 0 72 60 258 0 0 0 0 0 0 0 0 0 42 0 0 0 0 57 15 0 87 71 30 9 82 94 92 13 50 61 36 0 35 81 20 109 57 346 0 4 0
46 83 86 191 162 119 94 88 178 187 163 23 13 122 105 137 176 2171 1655 413 21 0 1 33 4383 186 4965 2967 1072 169 330 632 884 312 552 765 2134 1866 22 644 1582 960 555 3881 424 588 293 323 1708 538 287 135 874 718 918 3154 1997 2137 1738 2175 1970 691 862 525 729 1174 1998 278 570 0 0 0 1143 480 715 1110 1039 389 275 328 355 817 281 332 501 332 350 3488 291 208 291 2112 3764 6684 2548 0 9226 569 2573 7460 8202 10173 0 1014 0 0 0 0 592 0 245 414 104 0 0 2994 2474 1823 3935 1818 1484 2309 2007 2192 2046 3194 1844 3531 3641 2936 4109 2466 2939 3249 2450 1171 272 60 0
19 22 25 57 35 38 0 27 31 29 19 4 2 30 0 62 587 153 267 12 0 0 0 1 688 1268 719 67 65 24 12 98 742 33 36 341 870 999 0 451 603 201 422 780 413 168 200 0 1329 326 74 34 710 0 1448 1304 1114 845 978 1045 974 901 977 442 773 1647 2220 0 165 632 0 0 342 363 0 174 294 127 116 147 123 286 126 154 235 149 128 3652 224 3977 0 353 299 0 0 0 33 0 803 93 151 1166 0 0 0 0 0 0 0 0 273 0 0 319 327 1837 1886 2284 2231 1440 1092 1725 1459 1449 1470 2177 1478 1929 1990 1690 2398 1419 1695 1874 1415 1595 12 455 0
106 206 255 694 313 320 1339 213 230 278 215 29 1 171 1020 536 455 737 540 154 5519 12 2736 5 2574 1883 347 0 5036 115 55 434 616 153 163 0 1673 1386 474 1299 1378 890 0 0 73 253 190 260 295 1638 625 288 354 985 513 1269 715 902 599 1054 984 573 3187 546 1910 256 422 944 828 1391 0 0 719 686 378 1537 2250 0 2333 2431 981 2214 2150 2259 3310 2456 3805 1699 340 856 921 3026 1250 3093 5447 0 0 622 1198 763 993 436 1089 98 0 15407 0 0 1169 0 190 0 657 299 413 1152 1181 1427 1402 907 686 1083 919 913 927 1365 933 1210 1247 1054 1503 893 1063 1180 889 6797 911 140 0
80 148 164 402 205 225 0 159 215 297 173 25 3 184 278 619 631 37 26 8 0 0 0 1 159 769 62 9 340 4 2 16 58 6 7 122 238 385 0 199 114 66 261 332 0 0 7 62 10 443 332 152 46 89 85 331 76 86 235 107 99 286 1410 130 193 15 82 135 107 43 0 0 81 9 110 19 137 113 442 461 62 139 407 428 628 466 721 573 157 201 244 144 1186 244 4 124 8 501 242 2391 5074 183 184 32 0 0 0 0 1595 0 0 0 80 0 606 301 284 297 382 225 168 264 233 239 239 339 234 330 338 269 399 244 281 323 240 406 109 76 0
109 209 234 595 287 309 2 213 275 363 231 32 2 223 180 517 365 36 24 98 0 0 0 3 140 253 144 42 44 10 10 73 204 27 28 506 985 1619 0 584 1033 486 82 30 116 591 15 0 34 125 80 37 414 215 121 300 253 205 171 224 189 146 193 167 214 181 286 80 114 876 0 0 34 1081 0 457 149 89 144 160 62 141 140 155 231 161 212 338 84 0 0 1027 344 0 144 0 0 114 176 517 350 1069 926 274 10049 20183 0 0 908 0 20 0 0 0 15 441 443 513 534 354 277 407 361 362 367 508 368 458 467 381 561 351 400 464 345 4154 291 100 0
25 44 50 121 63 69 12 49 64 91 52 7 1 57 4 77 312 60 43 1 0 0 0 1 4538 10 4869 152 2609 65 31 246 425 86 92 399 1164 1010 0 1789 2414 1044 1255 1213 863 1885 21 0 141 558 132 61 884 0 820 1125 779 839 688 415 387 659 696 290 497 1228 843 1215 813 137 0 0 1282 690 1372 381 598 516 713 741 255 579 657 690 1011 750 1169 1929 580 1245 158 3701 9038 1583 0 4002 843 1354 2957 167 23 1188 1865 1971 314 3749 3049 0 2855 2647 1059 0 936 1004 1301 1337 1242 1255 1698 929 716 1149 968 998 990 1513 951 1494 1542 1279 1801 1065 1276 1405 1062 2185 2703 2738 0
34 62 62 120 195 94 42 80 172 196 131 33 25 115 46 51 80 214 194 2 43 0 2 3 2250 4391 2505 691 156 69 542 399 307 402 820 228 559 538 50 583 600 441 417 388 0 40 143 0 698 269 84 37 357 0 56 504 298 479 523 317 197 341 306 195 357 584 548 0 0 736 0 0 162 251 0 336 900 543 516 536 219 499 473 498 730 542 842 1004 211 1549 2811 504 349 0 182 0 133 0 314 2629 1133 2216 0 340 0 0 0 0 0 0 447 433 76 9 448 1071 1068 1193 1287 826 689 976 848 852 858 1266 851 1138 1178 990 1383 856 1000 1129 846 914 997 0 0
21 1 24 97 52 54 11 39 56 82 45 3 2 50 9 151 252 1324 1077 25 0 0 0 2 1725 2853 2062 178 62 18 10 87 257 27 30 311 670 927 6 532 679 316 413 512 207 794 195 0 1347 0 296 136 757 344 251 763 428 262 471 279 189 182 189 99 153 333 437 144 325 0 0 0 1055 846 339 270 907 760 805 840 384 874 742 781 1143 848 1312 1640 155 2349 55 1127 902 0 1046 0 401 473 554 104 140 303 645 233 2357 1212 2246 0 204 0 383 0 0 0 221 612 630 732 694 502 452 575 506 510 513 700 521 601 606 526 734 482 543 639 475 3315 306 436 0
35 76 137 99 82 177 175 124 38 54 0 0 1 32 121 9 3 341 354 12 0 0 0 3 377 563 346 21 0 0 0 12 0 0 5 0 0 91 10 122 102 232 243 174 76 0 1374 0 156 0 279 128 0 810 66 118 89 69 128 144 131 50 181 54 81 63 97 137 154 74 0 0 1749 159 0 46 34 0 0 22 15 39 14 102 166 34 0 0 24 60 0 77 152 0 0 0 0 0 42 0 14 0 0 0 0 35 0 0 0 0 0 0 35 0 15 137 102 0 108 98 179 94 94 107 103 92 98 115 111 88 100 120 110 158 110 72 0 0 0
308 554 658 1798 841 888 2696 602 717 911 592 83 4 559 1467 447 379 2023 1508 290 0 0 0 10 256 283 5326 339 443 149 84 591 450 206 219 3109 1207 964 1592 860 3183 3719 3329 5879 3542 5027 668 814 278 2042 2156 993 3099 945 2926 2515 2892 3685 1725 5312 468 2950 4923 3061 2914 2000 5770 1337 1929 0 1 0 2648 3613 1725 1316 2622 0 2276 2390 1155 2606 2103 2218 3264 2405 3686 7268 1104 7128 129 3146 40806 0 3923 1726 1764 0 5096 1486 1944 3042 0 1161 1085 963 1913 44 0 8193 4456 0 0 1925 0 8998 9384 1748 116 7132 26070 8579 7190 7096 7226 6555 7304 798 356 8336 115 6888 8299 9096 6890 12778 6216 1123 0
22 20 24 43 27 29 18 22 29 35 23 15 14 113 19 59 56 202 221 141 24 42 25 1 569 855 495 23 129 14 16 35 58 23 20 74 148 213 16 79 530 53 187 392 86 247 172 151 1146 294 39 43 583 124 520 162 130 119 118 692 634 929 376 279 490 622 959 54 14 8 0 0 18 291 0 27 18 0 0 15 296 27 0 17 39 0 0 57 59 47 0 206 778 153 153 0 364 0 134 40 101 4 0 138 0 0 118 0 0 18 0 79 0 0 0 407 296 145 520 403 275 250 437 463 467 321 457 408 333 13 376 411 277 548 337 122 491 0 5
0 0 0 0 1 0 1 0 0 0 0 0 0 0 0 163 0 249 76 1 0 0 0 1 280 529 211 6 10 1 1 7 20 3 3 42 79 135 0 55 60 165 153 353 46 0 12 0 92 226 31 11 418 101 74 233 100 191 196 75 7 47 43 22 196 84 78 100 0 27 0 0 338 341 0 7 34 0 0 34 10 31 25 55 92 35 0 0 29 260 0 80 1076 84 292 0 28 0 61 342 159 144 130 0 0 10 79 0 0 24 161 0 228 0 0 230 177 83 218 86 66 209 92 98 96 188 94 263 201 153 247 96 96 130 93 3333 143 10 0
23 34 37 79 46 52 3 35 37 33 22 4 0 33 24 22 1 206 101 0 0 0 0 3 338 645 331 0 0 0 0 0 0 0 0 0 0 15 0 2 16 15 0 45 0 14 23 0 9 0 7 0 0 0 42 3 17 14 17 19 0 396 0 61 22 64 0 0 0 0 0 0 65 67 0 87 0 0 0 0 0 0 0 0 9 0 0 0 35 84 0 0 0 0 0 0 129 0 38 0 82 16 742 0 0 0 0 0 0 0 0 886 179 478 0 415 285 82 584 222 165 271 255 293 274 402 231 522 531 386 584 365 411 472 354 354 756 0 0
40 0 17 48 37 35 31 32 40 45 38 27 31 39 28 14 16 200 212 311 29 101 26 0 488 436 183 20 28 18 31 47 53 39 32 20 28 61 18 41 0 21 268 80 0 0 1 0 23 62 57 60 0 0 0 0 38 0 0 788 471 397 367 447 650 325 865 0 0 0 0 0 0 0 0 0 21 0 0 0 6 14 0 29 48 0 0 0 45 0 0 0 0 0 0 0 0 0 29 0 48 0 0 0 0 0 0 0 0 0 0 0 0 0 0 0 0 0 266 562 138 0 709 814 835 0 852 0 0 0 0 492 0 691 176 45 0 0 11
58 0 32 70 53 51 44 46 58 65 54 40 45 56 39 24 23 291 336 442 42 144 37 0 753 712 283 32 2284 30 45 70 85 57 47 46 70 101 28 73 0 42 5294 114 0 0 7 0 29 121 82 96 0 0 0 0 56 4 0 1050 766 532 536 573 871 412 1108 0 0 0 0 0 0 0 0 0 41 0 0 4 16 32 0 45 69 0 0 0 64 0 0 0 0 0 0 0 0 0 40 0 70 0 0 0 0 0 0 0 0 0 0 0 0 0 0 427 0 0 793 923 400 70 1079 1184 1212 0 1232 379 80 0 52 839 34 1151 511 68 0 0 15
97 62 84 113 87 90 70 76 96 108 90 74 76 94 64 44 38 490 605 744 70 242 61 0 1318 1301 494 61 73 57 76 118 156 96 79 111 156 189 49 140 0 85 80 192 0 0 19 0 48 253 137 176 0 0 34 18 95 39 0 1846 1580 936 1010 960 1523 675 1878 0 0 0 0 0 0 36 0 62 81 0 0 28 35 66 21 80 112 22 0 0 106 259 0 0 0 0 0 0 0 0 74 19 118 54 0 0 0 0 0 0 0 0 6 0 0 0 0 1221 722 0 1835 1682 897 750 1885 2000 2048 697 2075 1204 868 0 987 1563 698 2116 1160 110 0 0 26
39 32 39 55 40 42 33 34 43 50 40 29 28 41 29 9 13 192 179 260 26 84 22 0 537 479 210 15 22 16 29 46 44 38 32 0 0 60 0 37 0 15 0 63 0 0 0 0 23 63 59 48 0 0 0 0 39 0 0 147 0 61 0 147 133 129 271 0 0 0 0 0 0 0 0 0 20 0 0 0 2 11 0 29 54 0 0 0 42 0 0 0 0 0 0 0 0 0 28 0 49 0 0 0 0 0 0 0 0 0 0 0 0 0 0 0 0 0 0 462 28 0 644 766 790 0 805 0 0 0 0 385 0 558 5 64 0 0 9
10 0 0 11 9 6 8 7 9 10 9 5 8 9 7 3 4 49 22 89 8 29 7 0 88 55 36 0 6 1 8 11 7 9 8 0 0 5 3 0 0 0 0 16 518 0 0 0 6 0 13 12 0 0 0 0 7 0 0 290 112 128 120 170 235 122 327 0 0 0 0 0 0 0 0 0 0 0 0 0 0 0 0 0 11 0 0 0 11 0 0 0 0 0 0 0 0 0 1 0 10 0 0 0 0 0 0 0 0 0 0 0 0 0 0 0 0 0 0 0 0 0 112 201 209 0 218 0 0 0 0 0 0 0 0 0 0 0 3
20 0 0 24 19 9 15 15 19 22 19 5 15 18 12 7 7 97 88 143 14 46 12 0 211 156 78 9 14 6 16 24 23 19 16 0 17 26 8 9 0 5 0 26 0 0 0 0 11 4 28 30 0 0 0 0 16 0 0 211 69 24665 87 130 177 98 247 0 0 0 0 0 0 0 1361 0 8 0 0 0 0 4 0 13 24 0 0 0 20 0 0 0 0 0 0 0 0 0 8 0 24 0 0 0 0 0 0 0 0 0 0 0 0 0 0 0 0 0 0 243 0 0 317 397 401 0 417 0 0 0 0 200 0 291 6 14 0 0 5
51 1 31 69 50 49 39 43 55 63 52 36 38 53 35 18 17 267 280 340 34 110 29 0 748 704 281 30 38 27 41 64 80 51 43 26 52 102 18 64 0 37 23 71 0 0 6 0 28 117 77 80 0 0 0 0 50 2 0 129 0 52 25 113 125 100 205 0 0 0 0 0 0 0 0 0 43 0 0 5 15 33 0 43 67 3 0 0 55 73 0 0 0 0 0 0 0 0 43 0 65 0 0 0 0 0 0 0 0 0 0 0 0 0 0 323 0 0 640 791 331 0 932 1029 1054 0 1072 273 0 0 0 715 0 984 415 66 0 0 12
5 0 0 6 5 2 6 4 5 6 5 0 4 1999 4 0 2 24 0 40 4 13 3 0 39 0 17 0 2 0 3 6 0 4 4 0 0 4 3 0 0 0 0 2 0 0 0 0 3 0 3 1 0 0 0 0 5 0 0 67 0 152 0 60 50 44 111 0 0 0 0 0 0 0 0 0 0 0 0 0 1 0 0 2 8 0 0 0 6 0 0 0 0 0 0 0 0 0 0 0 4 0 0 0 0 0 0 0 0 0 0 0 0 0 0 0 0 0 0 0 0 0 0 92 98 0 106 0 0 0 0 0 0 0 0 0 0 0 1
1 0 0 0 1 0 1 0 0 1 1 0 1 0 0 0 0 1 0 7 1 2 1 0 0 0 0 0 0 0 0 0 0 0 0 0 0 0 0 0 0 0 0 0 0 0 0 0 0 0 0 0 0 0 0 0 0 0 0 0 0 0 0 13 0 0 8 0 0 0 0 0 0 0 0 0 0 0 0 0 0 0 0 0 1 0 0 0 1 0 0 0 0 0 0 0 0 0 0 0 0 0 0 0 0 0 0 0 0 0 0 0 0 0 0 0 0 0 0 0 0 0 0 0 5 0 11 0 0 0 0 0 0 0 0 0 0 0 0
1 0 0 0 1 0 1 0 0 1 1 0 0 47 1 0 0 0 0 5 0 2 0 0 0 0 0 0 0 0 0 0 0 0 0 0 0 0 0 0 0 0 0 0 0 0 0 0 1 0 0 0 0 0 0 0 0 0 0 0 0 0 0 17 0 1 18 0 0 0 0 0 0 0 0 0 0 0 0 0 0 0 0 0 1 0 0 0 1 0 0 0 0 0 0 0 0 0 0 0 0 0 0 0 0 0 0 0 0 0 0 0 0 0 0 0 0 0 0 0 0 0 0 0 0 0 7 0 0 0 0 0 0 0 0 0 0 0 0
73 26 55 96 70 71 55 97 76 87 71 52 55 73 52 28 27 355 405 533 50 172 44 0 935 885 358 39 51 38 55 86 103 70 58 48 72 130 34 95 0 56 0 139 0 0 10 0 38 159 103 116 0 0 0 0 72 13 0 1147 789 580 571 632 939 454 1177 0 0 0 0 0 0 0 0 14 80 0 0 0 0 1 0 43 87 0 0 0 75 67 0 0 0 0 0 0 0 0 48 0 78 0 0 0 0 0 0 0 0 0 0 0 0 0 0 605 117 0 1047 1150 782 189 1333 1450 1485 0 1508 549 211 0 203 1061 149 1437 673 106 0 0 19
0 0 0 0 0 0 0 0 0 0 0 0 0 0 0 0 0 0 0 3 0 1 0 0 0 0 0 0 0 0 0 0 0 0 0 0 0 0 0 0 0 0 0 0 0 0 0 0 0 0 0 0 0 0 0 0 0 0 0 0 0 0 0 0 0 0 0 0 0 0 0 0 0 0 0 0 0 0 0 0 1122 0 0 0 0 0 0 0 0 0 0 0 0 0 0 0 0 0 0 0 0 0 0 0 0 0 0 0 0 0 0 0 0 0 0 0 0 0 0 0 0 0 0 0 0 0 0 0 0 0 0 0 0 0 0 0 0 0 0
45 32 42 61 44 46 36 38 48 55 44 33 34 46 33 14 17 222 211 389 31 105 27 0 646 611 256 22 28 17 34 52 60 42 36 0 3 62 9 75 0 26 0 117 0 0 2 0 28 86 66 62 0 0 2 0 46 0 0 583 226 334 236 389 558 356 626 0 0 0 0 0 0 0 0 2 21 0 0 0 3 13 0 32 58 0 0 0 50 0 0 0 0 0 0 0 0 0 0 0 47 0 0 0 0 0 0 0 0 0 0 0 0 0 0 66 0 0 364 633 189 0 793 896 921 0 936 0 0 0 0 561 0 783 232 64 0 0 11
60 47 59 87 61 64 55 52 64 74 59 44 43 62 43 18 21 297 298 489 39 125 33 0 893 854 350 31 40 26 45 70 87 56 48 16 37 98 18 99 0 43 22 125 0 0 7 0 33 134 88 83 0 436 10 0 63 9 0 245 0 160 51 228 290 247 307 0 0 0 0 0 0 0 0 16 43 0 0 0 13 32 0 49 79 0 0 0 63 69 0 0 0 0 0 0 0 0 0 0 65 0 0 0 0 0 0 0 0 0 0 0 0 0 0 367 0 0 730 892 391 3 1059 1163 1193 0 1210 306 0 0 0 809 0 1112 469 93 0 0 13
96 37 75 129 94 95 72 81 103 119 96 71 71 99 64 34 33 497 550 649 64 205 55 0 1460 1410 557 63 73 54 77 120 164 96 80 82 127 200 40 157 0 95 99 154 0 0 24 0 46 261 144 152 0 0 30 33 97 43 0 255 0 157 87 219 279 212 345 0 0 0 0 0 0 0 0 51 125 173 82 94 61 113 86 100 124 88 94 53 104 636 0 0 0 0 0 6 0 0 69 0 118 60 0 0 0 0 0 0 0 0 0 0 0 0 0 1507 1173 794 2055 1713 1057 1135 1859 1941 1982 1243 2009 1505 1278 0 1503 1610 1071 2164 1317 137 0 0 22
71 56 70 96 70 73 56 61 77 88 72 54 53 74 49 22 24 370 363 484 47 153 41 0 1062 1001 406 41 51 37 56 89 112 71 59 32 47 138 23 97 0 54 31 110 0 0 9 0 38 171 108 104 0 0 0 0 72 9 0 177 0 87 3 179 181 166 295 0 0 0 0 0 0 0 0 20 93 95 52 66 45 84 59 76 96 62 41 0 78 113 0 0 0 0 0 0 0 0 55 0 84 0 0 0 0 0 0 0 0 0 0 0 0 0 0 485 0 0 934 1110 494 44 1311 1435 1473 0 1494 415 47 0 0 1008 15 1384 598 103 0 0 16
12 0 0 14 11 9 10 9 12 14 12 6 9 12 8 1 4 59 9 91 8 29 7 0 135 89 49 1 8 2 9 14 12 11 9 0 0 10 4 0 0 0 0 13 0 0 0 0 6 0 16 9 0 0 0 0 13 0 0 86 0 10074 0 84 75 70 139 0 0 0 0 0 0 0 0 0 11 0 0 5 16 10 0 11 15 4 0 0 14 0 0 0 0 0 0 0 0 0 0 0 8 0 0 0 0 0 0 0 0 0 0 0 0 0 0 0 0 0 0 41 0 0 150 236 245 0 254 0 0 0 0 0 0 32 0 4 0 0 3
52 3 33 73 52 51 42 45 57 66 53 36 38 54 37 17 18 261 262 348 34 109 29 0 737 686 288 30 38 27 40 64 80 51 42 33 50 102 23 70 0 41 25 87 0 0 7 0 30 113 79 75 0 0 0 0 54 5 0 159 0 82 22 146 158 137 252 0 0 0 0 0 0 0 0 0 69 69 39 50 33 62 45 56 72 47 33 3 57 88 0 0 0 0 0 0 0 0 44 0 63 0 0 0 0 0 0 0 0 0 0 0 0 0 0 346 0 0 647 793 368 32 931 1025 1049 0 1067 288 20 0 0 719 0 988 428 87 0 0 12
14 0 0 18 14 11 11 11 15 17 14 7 11 14 10 0 4 72 1 103 10 33 9 0 159 97 57 0 7 1 11 16 11 14 11 0 0 7 0 0 0 0 1803 9 0 0 0 0 7 0 20 9 0 0 0 0 9 0 0 34 0 0 0 69 29 59 112 0 0 0 0 0 0 0 0 0 13 0 0 5 6 11 0 13 18 4 0 0 16 0 0 0 0 0 0 0 0 0 0 0 9 0 0 0 0 0 0 0 0 0 0 0 0 0 0 0 0 0 0 22 0 0 166 280 291 0 302 0 0 0 0 0 0 0 0 2 0 0 4
24 0 8 31 23 22 18 20 25 29 24 16 18 24 16 6 9 124 92 167 16 54 14 0 328 281 122 9 16 10 19 29 33 24 20 0 0 37 5 19 0 6 0 31 0 0 0 0 12 41 35 30 0 0 0 0 33 0 0 95 0 817 0 93 88 79 159 0 0 0 0 0 0 0 0 0 28 12 10 18 38 25 6 24 31 16 0 0 25 0 0 0 0 0 0 0 0 0 10 0 24 0 0 0 0 0 0 0 0 0 0 0 0 0 0 0 0 0 0 291 0 0 402 485 498 0 509 0 0 0 0 242 0 351 0 22 0 0 6
76 97 135 380 194 209 228 150 203 282 162 18 3 174 180 0 99 61 0 14 0 0 0 0 260 380 116 0 0 0 0 0 0 0 0 0 0 11 0 0 0 0 18 0 0 0 15 0 15 0 16 7 0 0 30 38 0 0 41 203 180 135 175 156 202 162 228 0 0 0 0 0 0 0 0 0 58 0 0 44 18 52 32 74 125 44 0 0 33 0 0 0 0 0 0 0 0 0 17 0 12 0 0 0 0 0 0 0 0 0 0 0 0 0 0 0 0 0 0 1 0 0 0 15 11 0 16 0 0 0 0 0 0 0 0 0 0 0 0
8 0 0 28 21 21 17 16 22 31 0 0 1 19 15 0 12 136 93 13 0 0 0 2 658 1111 646 85 1789 22 27 0 188 54 59 21 561 488 100 388 1046 528 223 690 0 410 92 0 80 267 191 88 629 65 152 517 173 113 99 116 88 155 97 95 109 106 141 0 0 413 0 0 51 65 0 0 50 0 1 29 18 47 26 49 81 30 0 0 32 75 0 609 362 0 0 0 16 0 28 146 209 283 0 0 0 0 0 0 0 0 47 0 0 0 0 102 90 76 108 101 93 80 98 109 109 84 112 89 75 35 91 88 70 128 64 1627 0 379 0
1 0 0 4 3 4 5 2 3 4 0 0 0 2 2 4 10 8 0 1 0 0 0 2 23 12 22 0 0 0 0 1 0 0 0 0 5 14 0 0 158 0 124 0 0 0 13 0 3 0 2 0 0 0 37 1 8 20 0 0 0 5 0 2 0 5 4 0 0 0 0 0 0 0 0 4985 0 0 0 0 0 0 0 0 1 0 0 0 52 471 0 0 0 0 0 0 0 0 1 0 14 0 0 0 0 0 0 0 899 0 253 0 65 0 504 690 691 621 603 514 442 574 273 291 327 636 114 709 958 202 312 211 233 255 194 1418 0 0 0
0 0 0 0 0 0 0 0 0 0 0 0 0 0 0 0 0 0 0 0 0 0 0 0 0 0 0 0 0 0 0 0 0 0 0 0 0 0 0 0 0 0 0 0 0 0 0 0 0 0 0 0 0 0 0 0 0 0 0 0 0 0 0 0 0 0 0 0 0 0 0 0 0 0 0 0 0 0 0 0 0 0 0 0 0 0 0 0 0 0 0 0 0 0 0 0 0 0 0 0 0 0 0 0 0 0 0 0 0 0 0 0 0 0 0 0 0 0 0 0 0 0 0 0 0 0 0 0 0 0 0 0 0 0 0 0 0 0 0
