129
0 0 0 0 0 0 19986 266 21 601 1826 128 0 0 0 0 0 0 0 0 0 0 0 0 0 0 0 0 0 0 0 0 886 0 0 0 0 0 0 0 0 0 0 0 0 0 0 0 0 0 0 0 0 0 0 0 0 0 0 0 0 0 0 0 0 0 0 0 0 0 0 0 0 0 0 0 0 0 0 0 0 0 0 0 0 0 16 0 0 0 0 0 0 0 0 0 0 0 0 0 0 0 0 0 0 10 0 0 0 0 0 0 0 0 0 0 0 0 0 0 0 1 0 1 0 0 0 0 0
0 0 0 0 0 0 8915 1893 2008 5469 5942 1825 1546 0 0 0 0 0 0 0 0 0 0 0 0 0 0 0 0 0 0 0 1054 0 0 0 0 0 0 0 0 0 0 0 0 0 0 0 0 0 0 0 0 0 0 0 0 0 0 0 0 0 0 0 0 0 0 0 0 0 0 0 0 0 0 0 0 0 0 0 0 0 0 0 0 0 390 0 0 0 0 0 0 0 0 0 0 0 0 0 0 0 0 0 0 23 0 0 0 0 0 0 0 0 0 0 0 0 0 0 0 1 0 1 0 0 3 0 0
0 0 0 0 0 0 9 11 7 16 30 2 0 0 0 0 0 0 0 0 0 0 0 0 0 0 0 0 0 0 0 0 605 1285 0 0 0 0 0 0 0 0 0 0 0 0 0 0 0 0 0 0 0 0 0 0 0 0 0 0 0 0 0 0 0 0 0 4 0 0 0 0 0 0 0 0 0 0 0 0 0 0 0 0 0 0 0 0 0 0 0 0 0 0 0 0 0 0 0 0 0 0 0 0 0 1 0 0 0 0 0 0 0 0 0 0 0 0 0 0 0 0 0 0 0 0 0 0 0
0 0 0 0 0 0 0 0 0 0 0 0 0 0 0 0 0 0 0 0 0 0 0 0 0 0 0 0 1423 0 0 0 464 0 0 0 0 0 0 0 0 0 0 0 0 0 0 0 0 0 0 0 0 0 0 0 0 0 0 0 0 0 0 0 0 0 0 0 0 0 0 0 0 0 0 0 0 0 0 0 0 0 0 0 0 0 0 0 0 0 0 0 0 0 0 0 0 0 0 0 0 0 0 0 0 0 0 0 0 0 0 0 0 0 0 0 0 0 0 0 0 0 0 0 0 0 0 0 0
0 0 0 0 0 0 0 0 0 21 23 0 0 0 0 0 0 0 0 0 0 0 0 0 0 0 0 0 0 0 0 20148 0 0 0 0 18 0 575 0 0 0 0 0 0 0 0 0 0 0 0 0 0 0 0 0 0 0 0 0 0 0 0 0 0 0 0 157 1 0 0 0 0 0 11 0 0 0 0 0 0 0 0 0 0 0 0 0 0 0 0 0 0 0 0 0 0 0 0 0 0 0 0 0 0 0 0 0 0 0 0 0 0 0 0 0 0 0 0 0 0 0 0 0 0 0 0 0 0
0 0 0 68 0 0 0 0 0 0 0 0 0 0 0 0 0 0 0 0 0 0 0 0 0 0 0 0 31 0 0 0 11 0 0 0 0 0 0 0 0 0 0 0 0 0 0 0 0 0 0 0 0 0 0 0 0 0 0 0 0 0 0 0 0 0 0 0 0 0 0 0 0 0 0 0 0 0 0 0 0 0 0 0 0 0 1 0 0 0 0 0 0 0 0 0 0 0 0 0 0 0 0 0 0 0 0 0 0 0 0 0 0 0 0 0 0 0 0 0 0 0 0 0 0 0 0 0 0
0 0 0 0 0 0 0 10 0 30 67 0 82 0 0 0 0 0 0 0 0 0 0 0 0 0 0 851 0 398 0 0 0 0 0 0 0 0 618 0 0 0 0 0 0 0 0 0 0 0 0 0 0 0 0 0 0 0 0 0 0 0 0 0 0 0 0 0 0 0 0 0 0 0 0 0 0 0 0 0 0 0 0 0 0 0 0 0 0 0 0 0 0 0 0 0 0 0 0 0 0 0 0 0 0 0 0 0 0 0 0 0 0 0 0 0 0 0 0 0 0 0 0 0 0 0 0 0 0
0 0 0 0 0 0 0 0 0 0 0 0 0 0 0 0 0 0 0 0 0 0 0 0 0 28619 0 0 0 0 0 0 0 0 0 0 0 0 36 0 0 0 0 0 0 0 0 0 0 0 0 0 0 0 0 0 0 0 0 0 0 0 0 0 0 0 0 0 0 0 0 0 0 0 0 0 0 0 0 0 0 0 0 0 0 0 0 0 0 0 0 0 0 0 0 0 0 0 0 0 0 0 0 0 0 0 0 0 0 0 0 0 0 0 0 0 0 0 0 0 0 0 0 0 0 0 0 0 0
0 0 0 0 0 0 0 0 0 0 0 0 0 0 0 0 0 0 0 0 0 0 0 0 0 0 2441 0 0 0 0 0 0 0 0 0 0 0 2 0 0 0 0 0 0 0 0 0 0 0 0 0 0 0 0 0 0 0 0 0 0 0 0 0 0 0 0 0 0 0 0 0 0 0 0 0 0 0 0 0 0 0 0 0 0 0 11 0 0 0 0 0 0 0 0 0 0 0 0 0 0 0 0 0 0 4 0 0 0 0 0 0 0 0 0 0 0 0 0 0 0 0 0 0 0 0 0 0 0
0 0 0 0 0 0 0 12 5 0 1 0 2 0 0 0 0 0 0 0 0 0 0 0 0 0 8 0 0 0 0 0 0 0 0 0 0 0 0 0 0 0 0 0 0 0 0 0 0 0 0 0 0 0 0 0 0 0 0 0 0 0 0 0 0 0 0 0 0 0 0 0 0 0 0 0 0 0 0 0 0 0 0 0 0 0 0 0 0 0 0 0 0 0 0 0 0 0 0 0 0 0 0 0 0 0 0 0 0 0 0 0 0 0 0 0 0 0 0 0 0 0 0 0 0 0 0 0 0
0 0 0 0 0 0 0 6 2 0 0 0 1 0 0 0 0 0 0 0 0 0 0 0 0 0 0 0 0 0 0 0 0 0 0 0 0 0 0 0 0 0 0 0 0 0 0 0 0 0 0 0 0 0 0 0 0 0 0 0 0 0 0 0 0 0 0 0 0 0 0 0 0 0 0 0 0 0 0 0 0 0 0 0 0 0 0 0 0 0 0 0 0 0 0 0 0 0 0 0 0 0 0 0 0 0 0 0 0 0 0 0 0 0 0 0 0 0 0 0 0 0 0 0 0 0 0 0 0
0 0 0 0 0 0 353 180 0 30 1877 0 0 0 0 0 0 0 0 0 0 0 0 0 0 0 0 0 0 64927 0 0 0 0 0 0 0 0 303 0 0 0 0 0 0 0 0 0 0 0 0 0 0 0 0 0 0 0 0 0 0 0 0 0 0 0 0 0 0 0 0 0 0 0 0 0 0 0 0 0 0 0 0 0 0 0 0 0 0 0 0 0 0 0 0 0 0 0 0 0 0 0 0 0 0 0 0 0 0 0 0 0 0 0 0 0 0 0 0 0 0 0 0 0 0 0 0 0 0
0 0 0 0 0 0 0 0 0 0 0 0 0 0 0 0 0 0 0 0 0 0 0 0 0 0 0 0 0 0 0 0 0 0 0 0 0 0 0 0 0 0 0 0 0 0 0 0 0 0 0 0 0 0 0 0 0 0 0 0 0 0 0 0 0 0 0 0 0 0 0 0 0 0 124 0 0 0 0 0 0 0 0 1 0 0 0 0 0 0 0 0 0 0 0 0 0 0 0 0 0 0 0 0 0 0 0 0 0 0 0 0 0 0 0 0 0 0 0 0 0 0 0 0 0 30 0 0 0
0 0 161 0 0 0 580 621 274 543 587 221 1 0 0 0 0 0 0 0 0 0 91 0 0 0 0 0 0 0 1 0 0 0 0 0 2 0 0 1774 1422 0 0 2 0 0 0 0 0 0 0 0 14 11 9 11 1 5 1 2 0 1 0 0 0 3 2 176 0 0 0 0 0 0 93 0 0 0 0 0 0 18 0 0 0 0 0 0 0 0 0 0 0 0 0 0 0 0 0 0 0 0 0 0 0 0 0 0 0 0 0 0 0 0 0 0 0 0 0 0 0 1 0 1 1 0 0 0 0
0 0 0 0 0 0 54 140 60 49 52 38 16 1 0 0 0 0 0 0 0 0 10 0 0 0 0 0 0 0 2 0 0 0 0 0 0 0 4 0 0 0 0 0 0 1 0 0 0 0 0 0 0 0 0 0 0 0 0 0 0 0 0 0 0 0 0 0 0 0 0 1 0 0 0 0 0 0 0 0 0 0 0 32 0 0 0 0 0 0 0 0 0 0 0 0 0 0 0 0 0 0 0 0 0 0 0 0 0 0 0 0 0 0 2 0 0 0 0 2 2 1 0 1 1 0 0 1 0
0 0 0 0 0 0 0 0 0 0 0 0 0 0 0 0 0 0 0 0 0 0 0 0 0 0 0 0 0 0 0 0 0 0 0 0 0 0 0 0 0 0 0 0 0 0 0 0 0 0 0 0 0 0 0 0 0 0 0 0 0 0 0 9 0 0 0 0 0 0 0 0 0 0 0 0 0 0 0 0 0 0 0 0 2 0 0 0 0 0 0 0 0 0 0 0 2 0 0 0 0 16 0 2 1 1 0 0 0 0 0 0 0 0 0 0 0 0 0 0 0 0 0 0 0 1 0 0 0
5 12 902 361 4342 93660 53 1 10 1089 0 6 15987 133 19 96447 0 26970 97600 74954 50087 123 6058 7981 48 0 67 1375 23 0 56 122 0 0 9 0 20 5 15 205 140 50 517 0 53471 0 96284 98010 99039 9038 5392 329 3632 6 1509 134 216 595 51 105 48 90 0 11 0 45 0 6504 4169 0 0 0 0 0 470 0 0 0 0 78283 0 108 0 0 4 0 0 425 0 0 0 0 43 0 842 0 0 0 0 0 0 67 0 0 1 27 0 0 0 29 0 0 0 0 4 0 48 19 9 676 433 1251 2 468 529 0 26 17 479
2 2 1 3 3 55 1 1 1 2 2 0 0 1 0 0 0 0 0 0 0 3 0 1 323 0 118 99 105 388 308 230 307 283 386 306 55 5 50 0 3286 54 204 34 0 0 0 135 11 0 4554 3003 1260 1391 1274 1169 2650 1476 2230 1020 669 2104 0 0 5 69 0 69 129 17 74552 0 0 3 5 0 0 0 129 10455 7 14 14 28 44 0 0 0 0 0 0 0 0 0 0 0 0 0 0 0 0 15 0 0 3 3 233 234 168 204 144 162 190 148 150 152 132 168 170 155 148 90 198 169 150 0 99 55 0
0 0 0 0 0 0 0 0 0 0 0 0 0 0 0 0 0 0 0 0 0 0 0 0 0 0 0 0 0 0 0 0 0 0 0 0 0 0 0 0 0 0 0 0 0 0 0 0 0 0 0 0 0 0 0 0 0 0 0 0 0 0 0 0 0 0 0 0 0 0 0 0 0 0 0 0 0 0 0 0 0 0 0 0 0 0 0 0 0 0 0 0 0 0 0 0 0 0 0 0 0 0 0 0 0 0 0 0 0 0 0 0 0 0 0 0 0 0 0 0 0 0 0 0 0 0 0 0 0
0 0 0 0 0 0 0 0 0 0 0 0 0 0 0 0 0 0 0 0 0 0 0 0 0 0 0 0 0 0 0 0 0 0 0 0 0 0 0 0 0 0 0 0 0 0 0 0 0 0 0 0 0 0 0 0 0 0 0 0 0 0 0 0 0 0 0 0 0 0 0 0 0 0 0 0 0 0 0 0 0 0 0 0 0 0 0 0 0 0 0 0 0 0 0 0 0 0 0 0 0 0 0 0 0 0 0 0 0 0 0 0 0 0 0 0 0 0 0 0 0 0 0 0 0 0 0 0 0
0 0 0 0 0 0 0 0 0 0 0 0 0 0 0 0 0 0 0 0 0 0 0 0 0 0 0 0 0 0 0 0 0 0 0 0 0 0 0 0 0 0 0 0 0 0 0 0 0 0 0 0 0 0 0 0 0 0 0 0 0 0 0 0 0 0 0 0 0 0 0 0 0 0 0 0 0 0 0 0 0 0 0 0 0 0 0 0 0 0 0 0 0 0 0 0 0 0 0 0 0 0 0 0 0 0 0 0 0 0 0 0 0 0 0 0 0 0 0 0 0 0 0 0 0 0 0 0 0
0 0 0 0 0 0 0 0 0 0 0 0 0 0 0 0 0 0 0 0 0 0 0 0 0 0 0 0 0 0 0 0 0 0 0 0 0 0 0 0 0 0 0 0 0 0 0 0 0 0 0 0 0 0 0 7 0 0 0 0 0 0 0 0 0 0 0 0 0 0 0 0 0 0 0 0 0 0 0 0 0 0 0 0 0 0 0 0 0 0 0 0 0 0 0 0 0 0 0 0 0 0 0 0 0 0 0 0 0 0 0 0 0 0 0 0 0 0 0 0 0 0 0 0 0 0 0 0 0
0 0 0 0 0 0 0 0 0 0 0 0 0 0 0 0 0 0 0 0 0 0 0 0 0 0 0 0 0 0 0 0 0 0 0 0 0 0 0 0 0 0 0 0 0 0 0 0 0 0 0 0 0 0 0 0 0 0 0 0 0 0 0 0 0 0 0 0 0 0 0 0 0 0 0 0 0 0 0 0 0 0 0 0 0 0 0 0 0 0 0 0 0 0 0 0 0 0 0 0 0 0 0 0 0 0 0 0 0 0 0 0 0 0 0 0 0 0 0 0 0 0 0 0 0 0 0 0 0
1 1 1 2 2 0 1 1 0 1 1 0 0 0 0 0 0 0 0 0 0 0 0 0 0 0 0 0 0 0 0 0 0 0 1 0 0 0 0 0 0 0 0 0 0 0 0 0 0 0 0 0 0 0 0 0 0 0 0 0 0 0 0 0 0 0 0 0 0 0 0 0 0 0 0 0 0 0 0 0 0 0 0 0 0 0 0 0 0 0 0 0 0 0 0 0 0 0 0 0 0 0 0 0 0 0 0 0 0 0 0 0 0 0 0 0 0 0 0 0 0 0 0 0 0 0 0 0 0
5 4 0 9 11 0 0 338 137 26 26 73 67 2 114 0 0 0 0 0 0 67 556 50 0 0 0 0 0 0 36 0 0 32 0 4 35 1 7 87 221 0 0 37 0 24 0 0 0 0 0 2187 2677 2926 3395 80 702 484 659 418 208 540 0 0 50 39 0 14 1 119 20 1 5 21 34 0 6 5 0 0 0 66 0 67 0 3 258 0 0 1 0 0 0 0 0 0 0 1 0 0 0 10 0 15 15 16 0 0 0 4 0 0 0 4 7 0 4 5 0 8 6 1 0 1 1 31 1 9 0
6 45 1 10 12 0 6 0 136 37 35 73 69 28 1103 0 7 2561 0 0 0 0 5 0 184 0 1 12 0 0 9 0 43 24 605 0 47 28 8 0 0 0 0 4 0 28 0 0 0 0 0 0 1 0 0 0 0 1 0 0 0 0 0 0 8 5 0 10 0 0 0 1 0 0 0 0 0 0 0 0 0 0 0 67 0 0 853 3489 0 3 0 0 0 0 0 0 0 0 0 0 0 40 0 2 11 35 0 0 0 4018 0 0 0 14 21 0 14 19 7 27 26 2 5541 31 27 85 0 20 0
2 7 0 3 4 0 0 71 0 0 0 15 18 1 138 0 0 0 0 0 0 0 1 0 39 0 0 12 0 0 1 0 120 6 678 1 13 5 3 2 0 2 0 1 0 9 0 0 0 0 0 0 0 0 0 0 0 0 2 0 0 0 0 0 3 1 0 7 0 0 0 0 0 0 0 0 0 0 0 0 0 0 0 15 0 1 125 0 0 1 0 0 0 0 0 0 0 1 0 2 0 6 0 3 2 5 0 0 0 0 0 54 0 1 0 0 1 0 0 3 0 0 0 0 0 15 1 4 0
0 0 0 0 0 0 0 36 14 3 3 8 7 0 3 0 0 0 0 0 0 0 0 0 20 0 0 0 0 0 0 0 0 2 0 0 2 0 1 0 0 0 0 0 0 0 0 0 0 0 0 0 0 0 0 0 0 0 0 0 0 0 0 0 0 0 0 0 0 0 0 0 0 0 0 0 0 0 0 0 0 0 0 7 0 0 3 0 0 0 0 0 0 0 0 0 0 0 0 0 0 0 0 0 0 0 0 0 0 0 0 0 0 0 0 0 0 0 0 0 0 0 0 0 0 0 0 0 0
0 1 0 0 0 0 92 248 111 131 140 67 34 0 40 0 0 0 0 0 0 0 0 0 107 10 3 1 0 3 146 0 139 16 132 2 28 3 9 0 0 0 0 0 0 0 0 0 0 7 0 0 0 1 0 0 0 0 0 0 0 0 0 0 5 2 0 0 0 2 0 0 0 0 0 0 0 0 0 0 0 0 0 85 0 0 41 0 0 0 0 0 0 0 0 0 0 0 0 0 0 1 0 0 1 2 0 0 0 0 0 0 0 0 1 0 0 0 0 0 1 0 0 0 0 5 0 1 0
9 38 2 16 18 0 0 3453 8455 3562 3849 0 64 56 1119 0 1 0 0 0 0 1 9 0 181 13 3 15 0 0 1519 0 0 28 1174 1 55 23 6 10 1 0 0 6 0 43 0 0 0 0 0 0 2 0 0 0 0 1 5 2 0 1 0 0 12 6 0 0 0 0 0 1 0 0 1 0 0 0 0 0 0 2 0 61 0 22 326 0 0 5 0 0 0 0 0 0 0 4 0 5 0 69 0 25 18 50 0 0 0 37 4 5 1 22 27 0 21 33 27 35 34 32 23 39 35 140 10 30 0
0 0 0 0 0 0 0 0 0 0 0 0 0 0 0 0 0 0 0 0 0 0 0 0 0 0 0 0 0 0 0 0 0 0 0 0 0 0 5 0 0 0 0 0 0 0 0 0 0 0 0 0 0 0 0 0 0 0 0 0 0 0 0 0 0 0 0 4 0 0 0 0 0 0 0 0 0 0 0 0 0 0 0 0 0 0 0 0 0 0 0 0 0 0 0 0 0 0 0 0 0 0 0 0 0 0 0 0 0 0 0 0 0 0 0 0 0 0 0 0 0 0 0 0 0 0 0 0 0
573 334 45 1113 0 0 306 502 239 389 419 155 58 1 116 0 0 0 0 0 0 0 1 0 155 15 4 2 0 103 34 0 308 534 497 0 14 2 5 0 0 0 0 0 0 2 0 0 0 0 0 0 0 0 0 0 0 0 0 0 0 0 0 0 2 1 0 0 0 0 0 1 0 0 0 0 0 0 0 0 0 0 0 49 0 0 81 0 0 2 0 0 0 0 0 0 0 0 0 0 0 0 0 0 0 3 0 0 0 0 0 0 0 0 2 0 0 0 0 2 2 0 0 1 0 0 0 5 0
0 0 0 0 21 0 485 17535 7584 2321 2221 3869 3345 54 2049 0 15 0 0 0 0 1 11 1 10231 0 0 188 0 255 406 0 0 1793 0 252 1169 94 346 0 0 0 0 8 0 50 0 0 0 25 0 0 8 0 0 0 0 4 0 0 0 3 0 0 207 73 0 0 9 96 8 53 33 11 14 0 36 33 0 0 0 10 0 3549 0 0 2077 220 0 8 0 0 0 0 0 0 0 0 0 0 0 0 0 0 25 78 1 0 0 314 14 31 14 37 44 0 36 59 52 59 56 45 390 59 52 224 0 47 0
15 19 0 22 21 0 516 1766 1267 2272 2376 2601 3808 337 245 0 103 0 0 0 0 28 5 1 0 0 0 0 0 0 0 0 0 0 0 2006 607 117 527 0 0 0 0 53 0 10 0 0 0 18 0 0 76 0 463 1007 225 355 0 356 0 300 0 0 522 749 0 8 4 0 1 12 0 4 22668 0 299 0 0 0 0 144 0 851 0 0 578 0 0 10 0 0 0 0 0 0 0 0 0 0 0 0 0 0 0 27 0 0 0 0 0 0 0 2 7 0 1 0 0 9 9 1 0 11 10 0 0 60 0
6 25 1 11 13 0 1411 1136 829 631 638 428 2 53 1992 0 0 0 0 0 0 1 2 0 15651 0 0 112 0 0 61 0 2747 1746 0 313 1457 40 442 0 45 0 0 4 0 28 0 0 0 369 0 0 9 0 0 0 0 3 0 2 0 2 0 0 266 91 0 0 10 119 9 70 24 14 15 0 25 17 0 0 0 9 0 4763 0 0 2283 0 0 0 0 0 0 0 0 0 0 0 0 0 0 103 0 0 11 81 0 0 0 72 8 10 4 38 47 0 37 62 51 65 61 58 47 71 63 0 0 19 0
0 0 0 0 0 0 0 0 0 0 0 0 0 3 0 0 2 0 0 0 0 0 0 0 0 2 0 0 0 0 20 0 0 0 0 0 0 0 2 0 0 0 4 0 0 0 0 0 0 25 0 202 76 55 50 58 0 3 0 0 0 0 0 0 28 99 0 2 1 92 6 0 0 8 5 0 69 70 71 0 0 15 7 4 11 0 0 309 0 0 0 0 0 0 0 0 0 0 0 86 0 0 0 0 0 0 306 200 46 292 111 130 169 135 152 144 136 238 249 209 199 0 275 227 200 292 0 58 0
6 15506 2 10 0 0 8 13 8 8 9 4 1 0 28 0 0 0 0 0 0 1 3 3 0 0 0 0 0 0 9 0 0 0 0 67 0 7158 28 5813 115 5788 11 8 0 472 0 0 0 0 0 262 40 48 0 0 49 204 138 478 73 197 0 0 38 544 509 240 51 10 1 6 0 1 22 0 0 0 0 0 0 100 0 1486 0 0 0 4476 0 85 0 0 0 0 0 0 0 0 0 0 0 0 0 23 0 33 0 0 0 0 0 0 0 0 19 0 0 0 0 3 6 5 0 19 16 4 44 204 0
2 758 1 2 0 0 84 70 46 46 48 26 0 2 44 0 0 0 0 0 0 1 2 1 0 0 0 0 0 0 1 0 0 0 0 0 0 0 0 214 0 0 0 10 0 23 0 0 0 0 0 0 3 0 0 8 0 5 0 2 0 6 0 0 7 30 0 0 1 5 0 3 1 0 0 0 0 0 4 0 0 2 0 112 0 0 0 172 0 0 0 0 0 0 0 0 0 0 0 0 0 0 0 0 0 0 10 10 23 31 19 21 21 26 28 11 19 27 23 28 27 24 27 32 28 0 0 71 0
1 2 1 2 0 0 0 0 0 1 1 0 0 1 0 0 0 0 0 0 0 1 3 1 0 0 0 0 0 0 0 0 0 0 0 0 0 26 0 0 0 0 0 2 0 1 0 0 0 0 0 0 0 0 0 0 0 0 0 0 0 0 0 0 0 4 0 0 0 1 0 0 0 0 0 0 0 0 0 0 0 0 0 0 0 0 0 2 0 1 0 0 0 0 0 0 0 0 0 0 0 0 0 0 0 0 0 0 0 0 0 0 0 0 2 0 0 0 0 0 0 2 0 1 1 0 0 5 0
18 25 7 24 25 0 16 27 11 15 16 7 4 0 13 0 0 6 0 0 0 2 374 2 0 5 0 1 1 0 30 10 18 17 101 46 0 0 17 0 5105 613 4 11 0 155 0 0 0 0 0 0 681 190 54 0 0 330 127 283 91 263 0 0 115 941 798 2852 30 0 0 2 0 0 19215 1 0 0 0 170 3 3059 0 184 0 0 0 143 0 141 0 0 0 0 0 0 0 0 0 0 0 0 0 0 2 3 239 221 144 220 136 154 183 124 150 144 132 173 178 163 157 146 211 181 159 0 60 27 0
2 4 1 2 3 1 5 7 3 5 5 2 1 0 2 0 0 0 0 3 8 2 17 2 0 28 1 1 0 0 52 22 92 5 0 854 0 4 3 0 0 76377 20 8 0 22 0 0 0 0 0 0 32 17 759 0 0 522 0 494 574 383 0 0 2 48 3 126 0 0 0 1 0 0 782 0 0 0 0 0 0 609 0 17771 0 0 0 0 0 347 0 0 0 0 0 0 0 0 0 0 0 0 0 0 0 0 0 0 0 0 0 0 0 5 10 0 2 1 0 8 8 10 0 12 10 0 0 0 0
4 4 2 6 6 0 3 4 2 4 4 1 0 6 8 0 0 0 0 1 1 1 4 11 2 43 0 137 1 9 88 33 202 79 90 219 0 32 3 0 0 0 0 5 0 7 0 0 0 0 0 81 196 118 6 25 0 126 0 61 2070 74 0 0 136 81 22 0 153 1 0 2 0 0 195 0 0 0 0 0 0 31 19 518 119 59 15 1 0 7 0 1 0 0 1 0 0 0 0 2 0 5 0 17 18 15 35 35 31 39 26 30 33 30 30 25 26 31 31 31 30 28 37 35 30 6 7 16 0
5 14 2 7 8 0 3 3 1 2 3 1 0 4 5 0 0 0 0 0 0 0 2 1 1 8 0 0 0 2 6 4 6 12 1 0 0 12 4 0 0 852 0 4 0 97 2 0 0 0 0 0 18 12 3 6 6 16 0 16 4 14 0 0 52 23 4 0 9 19 1 10 0 2 1 4 0 0 0 0 0 0 0 289 0 0 0 0 0 0 0 0 0 0 0 0 0 0 0 0 0 0 0 0 0 0 0 0 24 34 18 20 18 23 31 3 22 26 19 31 30 29 24 36 32 0 0 20 0
0 0 0 0 0 0 0 0 0 0 0 0 0 0 0 0 0 0 0 0 0 0 0 0 0 0 0 0 0 0 0 0 0 0 0 0 0 0 0 0 0 0 0 0 0 0 0 0 0 0 0 0 0 0 0 0 0 0 0 0 0 0 0 0 0 0 0 0 0 0 0 0 0 0 0 0 0 0 0 0 0 0 0 0 0 0 0 0 0 0 0 0 0 0 0 0 0 0 0 0 0 0 0 0 0 0 0 0 0 0 0 0 0 0 0 0 0 0 0 0 0 0 0 0 0 0 0 0 0
4472 4641 592 9494 4356 11 597 1058 327 306 318 6912 375 1628 4185 0 0 59 0 0 0 39 2125 37 23 348 7 3 4 80 24 66 115 2219 267 10 19 4 103 121 92 8 14 10 0 0 1737 0 0 3620 42 284 816 244 215 321 69 7 6 8 1 7 82 18 88 169 22 75 4 65 3 51 30 40123 3 48 33 30 120 516 22 310 197 87 0 0 985 3376 1081 0 1259 2786 0 110 123 5 0 0 0 32 0 0 0 103 18 5 389 345 92 78 149 167 209 2 26 0 596 1019 831 583 337 249 418 177 175 23 39 87 0
0 0 0 0 0 0 0 0 0 0 0 0 0 0 0 0 0 0 0 0 0 0 0 0 0 0 0 0 0 0 0 0 0 0 0 0 0 0 0 0 0 0 0 0 0 0 0 0 0 0 0 0 0 0 0 0 0 0 0 0 0 0 0 0 0 0 0 0 0 0 0 0 0 0 0 0 0 0 0 0 0 0 0 0 0 0 0 0 0 0 0 0 0 0 0 0 0 0 0 0 0 0 0 0 0 0 0 0 0 0 0 0 0 0 0 0 0 0 0 0 0 0 0 0 0 0 0 0 0
326 266 132 446 358 0 232 231 108 235 254 85 0 0 0 0 0 0 0 0 0 3 10 22 9 63 3 1 2 34 0 26 119 238 374 0 4 0 0 25 0 0 0 1 0 0 0 0 0 0 6 252 103 160 9 235 0 27 0 27 0 22 3 8 0 88 11 57 0 20 3 0 2 0 6 0 2 2 6 0 0 1 1 143 0 3 30 0 0 0 0 0 0 1 0 0 0 0 0 0 0 0 4 0 7 9 0 0 0 0 0 0 0 0 0 0 0 0 0 0 0 0 0 0 0 0 0 0 0
0 0 0 0 0 0 5 4 2 6 7 2 0 0 2 0 0 0 0 0 0 0 0 0 0 0 0 0 0 2 1 1 5 9 8 0 0 0 0 0 0 0 0 0 0 0 0 0 0 0 0 0 0 0 0 0 0 0 0 0 0 0 0 0 0 0 0 0 0 0 0 0 0 0 0 0 0 0 0 0 0 0 0 0 0 0 1 0 0 0 0 0 0 0 0 0 0 0 0 0 0 0 0 0 0 0 0 0 0 0 0 0 0 0 0 0 0 0 0 0 0 0 0 0 0 0 0 0 0
0 0 0 0 0 0 0 0 0 0 0 0 0 0 0 0 0 0 0 0 0 0 0 0 0 0 0 0 0 0 0 0 0 0 0 0 25 0 0 63 27 1 0 0 0 0 0 0 0 1 15 8 53 60 3 54 518 150 0 8758 1336 8534 297 57 64 184 84 39 106 0 0 0 0 0 0 0 0 0 0 0 0 17 0 0 0 0 0 0 0 0 1 1 0 0 0 0 0 0 0 0 0 0 0 0 0 0 0 0 0 0 0 0 0 0 0 0 0 0 0 0 0 0 0 0 0 0 0 0 0
583 336 48 1150 1532 3173 96 159 204 150 136 56 162 7 45 7 0 15 1943 17786 47274 1346 3274 427 42 82 3 6 0 142 59 47 0 0 0 0 2171 35 39 301 339 53 27 41321 0 2996 604 1 0 0 594 177 135 129 49 441 113 140 0 419 64 118 0 0 887 372 186 159 70 22 7 372 0 11 84 6 0 0 0 251 0 54 25 91 0 0 0 0 0 43 0 0 0 0 0 0 0 0 0 0 0 469 0 0 0 0 8 2 30 40 30 37 23 25 40 0 39 65 56 102 67 164 40 69 62 0 12 250 0
222 382 81 288 287 0 194 250 109 210 227 83 58 21 132 0 0 0 0 0 0 17 9 7 8 1819 32 11 20 253 218 310 554 868 751 137 168 1019 66 563 741 4109 119 38 0 4157 0 0 0 0 0 293 228 0 179 305 612 792 865 763 307 749 0 0 2317 2395 1583 166 0 97 11 26 0 14 88 2 23 0 0 0 7 1022 1817 1033 0 0 0 0 0 242 0 13 0 0 0 0 0 5 0 0 0 95 0 129 64 98 127 128 120 152 101 113 127 90 119 87 101 120 117 121 116 109 140 134 118 117 133 42 0
32 27 63 46 44 0 209 224 103 205 222 81 1 3440 43 0 0 0 0 0 0 14 42 6 0 79 3 1 2 46 3 25 67 83 187 0 0 163 20 3029 1410 0 0 3 0 76 0 0 0 0 0 0 17 25 22 0 17 27 0 36 7 14 0 0 351 1248 1759 157 335 0 0 1 0 7 4 0 0 0 0 0 0 58 0 0 0 0 0 0 0 5 0 0 0 0 0 0 0 0 0 0 0 0 0 0 0 0 0 0 0 0 0 0 0 1 3 0 3 3 0 1 1 3 0 4 3 0 0 2 0
1 1 0 1 1 0 2 3 2 2 2 1 0 0 4 0 0 0 0 0 0 0 0 0 0 0 0 0 0 0 1 0 0 0 0 0 0 0 3 0 0 0 0 5 0 21 0 0 0 0 0 0 0 0 2 0 0 0 0 0 0 0 0 0 221 28 1 0 1 0 0 0 0 1 0 0 0 0 0 0 0 171 0 0 0 0 0 0 0 0 0 0 0 0 0 0 0 0 0 0 0 0 0 0 0 1 0 0 0 0 0 0 0 0 6 0 0 1 0 4 0 1 0 1 1 0 0 0 0
3 3 1 4 3 0 206 182 99 262 284 72 1 0 77 0 0 0 0 0 0 0 2 0 0 0 0 0 0 70 25 59 207 280 319 0 0 4 14 0 0 0 0 1 0 64 0 0 0 0 1587 0 387 0 119 0 0 0 0 15 1 0 0 0 11 6 5 0 0 0 0 1 0 6 1 0 0 0 0 0 0 1468 0 1 0 0 0 0 0 0 0 0 0 0 0 0 0 0 0 0 0 0 0 0 0 2 0 0 0 0 0 0 0 0 4 0 0 0 0 2 2 3 0 3 2 0 0 0 0
2 2 1 3 3 0 307 266 145 385 418 105 1 0 85 0 0 0 0 0 0 0 1 3 0 0 0 0 6 0 481 0 367 0 404 0 31 9 29 0 0 0 0 1 0 51 0 0 0 0 0 0 0 0 0 0 0 4 1 10 0 2 0 0 12 7 0 0 0 0 0 1 0 5 0 0 0 0 0 0 0 1125 0 157 0 0 0 0 0 69 0 0 0 0 0 0 0 0 0 0 0 0 0 0 0 1 0 0 0 0 0 0 0 0 3 0 0 0 0 2 2 2 0 2 2 0 0 0 0
39 33 16 55 53 0 37 42 25 46 50 17 2 0 13 0 0 0 0 0 0 0 22 0 0 14 0 0 0 7 4 2 3 0 27 0 233 0 10 43 180 0 0 203 0 1 0 0 0 0 0 507 1061 3502 766 0 0 0 1548 0 0 0 0 0 87 293 166 0 0 0 0 8 0 12 0 0 0 0 0 0 0 437 0 0 0 0 0 0 0 0 0 0 0 0 0 0 0 0 0 0 0 0 0 0 0 0 0 110 97 108 83 91 102 90 95 78 75 96 94 96 92 0 114 108 95 0 0 0 0
5 4 2 7 7 0 21 19 11 27 29 7 0 0 6 0 0 0 0 0 0 5 2 7 0 11 0 0 1 3 28 3 30 0 50 8 0 1 1 527 93 548 0 51 0 1261 0 0 0 0 0 0 51 13 251 50 0 1046 609 979 303 188 0 0 687 4533 1261 16 1281 0 0 0 0 0 1 0 0 0 0 0 0 0 22 163 0 0 0 0 0 2 0 0 0 0 0 0 0 0 0 0 0 0 0 0 1 0 0 0 0 0 0 0 0 0 1 0 0 0 0 0 0 1 0 1 1 0 1 0 0
0 0 0 0 0 0 0 0 0 0 0 0 0 0 0 0 0 0 0 0 0 0 0 0 0 0 0 0 0 0 0 0 0 0 0 0 0 0 1 0 0 0 0 4 0 5 0 0 0 0 0 0 27 15 0 3 0 0 0 0 0 0 0 0 0 5 0 121 0 52 0 0 0 0 1 0 0 0 0 0 0 0 0 0 0 0 0 0 0 0 0 0 0 0 0 0 0 0 0 0 0 0 0 0 0 0 0 0 0 0 0 0 0 0 1 0 0 0 0 0 0 1 0 1 1 0 0 0 0
2 1 1 2 2 0 2 2 1 2 2 1 0 0 1 0 0 0 0 0 0 0 0 0 0 5 0 0 0 0 2 4 2 25 30 6 0 3 0 0 75 587 3 3 0 9 0 0 0 548 0 124 73 205 0 0 0 375 0 377 1 317 0 0 495 1865 582 70 503 0 0 0 0 0 0 0 0 0 0 0 0 0 10 96 0 0 0 0 0 1 0 0 0 0 0 0 0 0 0 0 0 0 0 0 0 0 0 0 0 0 0 0 0 0 2 0 0 0 0 1 1 2 0 3 2 0 0 0 0
0 0 0 0 0 0 0 0 0 0 0 0 0 0 0 0 0 0 0 0 0 0 0 0 0 0 0 0 0 0 0 1 0 0 0 0 0 0 48 0 0 0 0 1 0 2 0 0 0 0 0 0 11 0 0 15 0 32 0 0 0 0 0 0 36 133 0 0 0 0 0 0 0 0 0 0 0 0 0 0 0 0 0 6 0 0 0 0 0 0 0 0 0 0 0 0 0 0 0 0 0 0 0 0 0 0 0 0 0 0 0 0 0 0 0 0 0 0 0 0 0 0 0 0 0 0 0 8 0
3370 1953 264 6543 7670 0 128 66 46 19 20 39 54 0 2 0 0 0 0 0 0 0 2 0 0 4 1 1 1 1 1 3 15 7 5 2 0 0 4 0 0 0 0 6 0 20 0 0 0 0 0 0 1 0 1 7 0 56 0 56 0 0 0 0 50 28 22 0 121 219 12 1 38 0 0 1 27 23 210 0 0 0 7 14 0 0 0 0 0 4 0 0 0 0 0 0 0 0 0 0 0 0 0 0 1 0 0 0 0 0 0 0 0 0 1 0 0 0 0 0 1 2 0 2 2 0 2 8 1
0 0 0 0 0 0 0 0 0 0 0 0 0 0 0 0 0 0 0 0 0 0 0 0 0 0 0 0 0 0 0 0 0 0 0 0 0 0 0 0 0 0 0 0 0 1 0 0 0 0 0 0 68 73 0 68 0 197 0 11583 1725 0 0 0 43 236 79 24 62 0 0 0 0 0 0 0 0 0 0 0 0 0 0 0 0 0 0 0 0 0 0 0 0 0 0 0 0 0 0 0 0 0 0 0 0 0 0 0 0 0 0 0 0 0 0 0 0 0 0 0 0 0 0 0 0 0 0 0 0
782 632 154 799 843 0 177 605 140 113 119 95 170 128 243 0 580 242 0 0 0 20 24 12 18 303 21 14 12 121 106 168 1152 293 423 326 134 1087 124 2436 2536 226 83 327 0 5779 0 0 0 161 904 1501 2982 478 1604 2334 1395 2579 2559 2303 977 2240 0 0 6442 2901 4396 319 10 140 11 77 42 16 39 73 45 40 0 0 323 0 248 253 0 0 0 0 0 1139 0 68 0 0 0 0 0 27 0 0 0 1 0 258 58 35 271 272 204 253 175 197 228 151 188 175 162 199 201 191 185 173 253 214 188 106 83 64 0
825 867 372 1610 1344 0 189 315 341 245 322 238 119 25 299 0 0 101 0 0 0 52 19 32 171 380 12 4 134 2427 130 80 336 461 578 269 151 233 20 441 903 1157 4699 1065 0 931 0 0 0 97 114 681 337 572 352 73 312 863 924 713 349 914 2421 0 4312 7729 2931 57 170 967 73 322 317 96 61 249 356 367 60 0 107 3634 456 428 70 69 234 198 0 1061 0 55 0 51 320 6 8 88 0 62 0 0 0 177 187 53 997 1008 647 833 556 634 750 547 546 637 485 600 629 561 540 497 861 618 545 453 159 139 0
12 10 5 17 17 0 19 30 18 22 24 10 474 2 12 0 8 0 0 0 0 0 4 0 0 0 0 0 0 0 8 0 0 0 0 0 0 0 1 0 0 0 0 5 0 138 0 0 0 0 0 0 0 0 0 0 0 25 0 0 0 0 0 0 0 0 0 0 0 0 0 1 0 0 0 0 0 0 0 0 0 27 18 9 0 0 0 0 0 0 0 0 0 0 0 0 0 0 0 0 0 0 0 0 0 0 0 0 0 0 0 0 0 0 15 0 0 0 0 10 9 15 0 19 16 0 0 0 0
1 1 0 2 1 0 6 11 7 6 7 3 1 0 3 0 0 0 0 0 0 6 3 8 0 0 0 0 0 0 3 0 0 0 0 0 0 0 0 0 0 0 0 29 0 9 0 0 0 0 0 0 0 0 0 0 0 0 0 0 0 0 0 0 52 0 112 0 0 0 0 0 0 0 0 0 0 0 0 0 0 0 0 0 13 0 0 0 0 0 0 0 0 0 0 0 0 0 0 0 0 0 0 0 0 0 0 0 0 0 0 0 0 0 3 0 0 0 0 1 1 3 0 4 3 0 0 0 0
8 6 4 8 8 0 11 1391 565 143 131 301 272 0 479 0 9 0 0 0 0 1 61 1 852 88 21 8 2 24 31 8 256 144 124 16 0 51 31 0 0 0 0 43 0 580 0 0 0 0 0 0 0 0 0 0 0 11 0 23 0 0 0 0 350 0 0 0 0 38 32 28 2 5 43 0 0 0 0 0 0 32 0 264 0 0 0 0 0 0 0 720 0 18 0 0 0 0 0 0 0 0 0 0 0 0 0 0 0 0 0 0 0 0 7 0 0 0 0 6 6 8 0 9 8 0 0 20 0
25 273 0 60 0 0 27 27 14 38 41 10 1 0 173 0 0 0 0 0 0 2 7 0 0 0 0 0 0 1 0 8 2 0 30 0 0 293 295 0 0 439 3 19 0 1517 0 0 0 0 0 0 44 22 7 22 0 0 0 24 9 0 0 0 57 97 498 0 1 35 0 18 7 3 96 0 6 5 0 0 55 248 10 88 0 0 0 117 0 66 0 15 15 0 0 0 0 0 0 0 0 0 0 57 5 58 105 106 80 95 68 77 89 64 71 69 40 76 75 75 70 67 93 83 73 51 0 42 0
1 0 0 1 0 0 0 0 0 0 0 0 0 0 0 0 0 0 0 0 0 0 8 0 0 0 0 0 0 0 0 0 0 0 0 0 0 0 0 0 74 0 0 1 0 3 0 0 0 0 34 0 0 0 0 1 0 19 0 24 0 0 0 0 1 1 0 0 0 1 0 0 0 0 0 0 0 0 0 0 0 0 0 0 0 0 0 0 0 2 0 0 0 0 0 0 0 0 0 0 0 0 0 0 0 0 0 0 0 0 0 0 0 1 3 0 1 0 0 3 3 1 0 3 3 0 0 0 0
6 6 26 7 2 0 14 45 12 7 7 3 4 1 6 0 1 0 0 0 0 3 1 3 0 15 0 0 0 2 24 2 0 24 0 0 0 0 0 10 8 0 0 9 0 480 0 0 0 0 0 8 13 12 13 14 9 0 61 14 0 14 0 0 3 11 0 0 0 0 0 0 0 0 0 0 119 254 0 0 0 0 0 4 1 0 0 0 0 4 0 0 0 0 0 0 0 0 0 0 0 0 0 0 0 0 0 0 0 0 0 0 0 0 0 0 0 0 0 0 0 0 0 0 0 0 0 0 0
2 2 9 3 1 0 5 16 4 2 3 1 2 0 3 0 0 0 0 0 0 3 0 4 0 5 0 0 0 1 8 1 0 0 0 0 0 0 0 4 5 0 0 10 0 149 0 0 0 0 0 4 4 4 6 7 4 0 22 5 0 5 0 0 2 4 0 109 0 0 0 0 0 0 0 0 32 70 0 0 0 0 0 2 1 0 0 3 0 2 0 0 0 1 0 0 0 0 0 0 0 0 0 0 1 1 0 0 0 0 0 0 0 0 1 0 0 0 0 0 0 0 0 0 0 0 2 0 0
0 0 0 0 0 0 6 0 0 0 0 0 0 0 0 0 0 0 0 0 0 2 0 2 0 0 0 0 0 0 0 0 0 0 0 0 0 0 0 0 0 0 0 1 0 0 0 0 0 0 0 0 0 0 0 0 0 0 0 0 0 0 0 0 0 0 0 0 0 0 0 0 0 0 0 0 1 2 0 0 0 0 0 0 0 0 0 0 0 0 0 0 0 0 0 0 0 0 0 0 0 0 0 0 0 0 0 0 0 0 0 0 0 0 0 0 0 0 0 0 0 1 0 1 1 0 0 0 0
31 29 128 36 9 0 69 225 60 33 36 14 22 6 41 0 4 1 0 0 0 1 2 0 0 68 1 0 0 16 98 12 0 40 0 1069 3 0 0 47 90 0 3 0 0 2038 0 0 0 7 32 53 56 54 547 85 60 34 310 71 0 69 0 0 30 60 0 0 0 0 0 0 0 0 0 0 188 430 0 0 0 0 14 44 10 0 6 45 0 60 1 2 0 20 0 0 0 0 0 0 0 0 0 1 21 15 0 0 0 0 0 0 0 18 33 0 1 38 0 0 0 18 0 15 9 0 31 5 0
2 1 6 2 1 0 3 10 3 1 2 3 1 1 1 0 0 0 0 0 0 1 1 1 0 2 0 0 0 0 4 0 0 0 0 0 0 0 0 1 2 0 0 8 0 0 208 0 0 0 0 0 0 0 0 0 1 1 6 1 25 1 0 0 0 2 0 0 0 0 0 0 0 0 0 0 4 6 0 0 1 0 0 0 1 0 0 1 0 0 0 0 0 0 0 0 0 0 0 0 0 0 0 0 1 1 0 0 0 0 0 0 0 0 0 0 0 0 0 0 0 0 0 0 0 0 1 0 0
2 2 8 2 0 0 4 14 4 2 2 3 0 0 1 0 0 0 0 0 0 0 0 0 0 3 0 0 0 0 6 1 0 0 0 0 0 0 0 0 0 0 0 1 0 0 0 0 0 0 0 0 179 0 1 1 0 0 12 3 4 3 0 0 1 3 0 0 0 0 0 0 0 0 0 0 14 29 0 0 1 0 0 2 1 0 0 2 0 1 0 0 0 0 0 0 0 0 0 0 0 0 0 0 1 1 0 0 0 0 0 0 0 0 1 0 0 0 0 0 0 0 0 0 0 0 2 1 0
0 0 2 0 0 0 1 3 1 294 321 0 196 0 1 0 33 23 0 0 0 0 0 0 0 1 0 0 0 0 1 0 0 1 0 0 0 0 0 0 1 0 0 0 0 0 0 0 0 0 0 1 1 1 1 1 1 0 4 1 0 1 0 0 0 1 0 76 0 0 0 0 0 0 0 0 47 5 7 0 0 0 0 1 0 1 0 1 0 1 0 0 0 0 0 0 0 0 0 0 0 0 0 0 0 0 0 0 0 0 0 0 0 0 362 0 0 0 0 312 296 273 422 337 297 0 0 0 0
41 39 172 49 12 0 93 302 81 45 49 19 30 9 61 0 5 1 0 0 0 3 3 6 0 82 2 0 0 19 119 15 0 0 0 0 8 0 0 50 131 0 7 11 0 0 0 0 0 4 0 64 68 66 96 103 79 52 413 94 0 92 0 0 38 80 3 0 1 0 0 0 0 0 0 0 0 0 4 0 0 0 33 71 16 0 0 68 0 92 1 2 0 0 0 0 0 0 0 0 0 0 0 2 32 21 0 0 7 0 31 0 0 42 55 0 46 88 43 0 0 34 0 35 26 0 50 9 0
48 45 201 57 14 0 108 352 95 52 57 22 35 10 258 0 6 2 0 0 0 9 3 8 0 96 2 1 0 23 139 17 0 59 0 0 11 14 0 58 154 3 10 15 0 0 0 0 0 11 54 75 79 77 113 121 93 63 482 110 0 108 0 0 45 93 7 0 6 0 0 0 0 0 0 0 16 0 54 0 139 0 230 321 70 117 205 300 6 426 4 9 1 149 4 0 0 0 0 0 0 0 0 46 166 100 488 497 382 132 358 367 408 268 254 241 487 551 503 158 158 184 185 220 189 102 244 47 0
44 41 181 52 13 0 98 318 86 47 51 20 31 9 184 0 74 0 0 0 0 8 51 5 10 639 14 4 4 155 916 119 36 455 216 0 789 0 13 118 464 0 72 3 0 0 0 0 0 66 78 485 522 460 905 784 917 198 871 257 0 252 37 0 163 399 151 39 3 503 48 54 73 41 103 0 0 0 0 0 0 0 0 116 25 0 0 111 0 81 1 3 0 0 0 0 0 0 0 0 0 0 0 0 26 22 0 0 0 0 0 0 0 12 86 0 0 56 0 0 0 29 0 6 0 0 44 0 0
152 142 633 180 44 0 341 1112 299 164 180 503 175 73 1 0 0 0 0 0 0 0 69 0 19 260 6 2 3 64 371 49 81 199 173 28 29 11 1 0 155 1 56 6 0 0 0 0 0 0 300 101 25 26 19 23 173 85 192 70 4313 67 87 20 62 218 215 124 8 8 0 0 0 1 0 0 7 7 5464 0 1144 29 2 2 8 214 307 0 7 0 0 1 0 75 110 57 44 74 43 98 104 17 66 89 246 138 0 0 0 0 0 0 0 1 0 0 0 1 0 0 0 0 0 0 0 105 225 120 0
489 396 192 656 655 0 315 358 150 270 292 123 334 54 40 0 1 0 0 0 0 1 7 2 8 52 3 1 1 29 28 20 74 179 250 7 107 55 6 0 76 1 4 64 0 637 0 0 0 1719 0 31 42 41 35 29 19 27 19 13 7 32 0 0 27 62 39 0 5 49 1 52 12 0 0 2 11 0 49 0 0 0 0 0 0 0 0 0 0 0 0 0 0 0 0 0 0 0 0 0 0 0 0 0 0 15 0 0 16 29 11 11 5 29 30 0 15 22 13 31 29 28 14 35 31 0 19 171 0
10 8 3 15 14 0 1 1 0 1 1 0 4 0 14 0 0 0 0 0 0 12 0 17 0 0 0 0 0 0 1 2 0 0 0 0 0 0 1 0 0 0 8 98 0 803 0 0 0 0 0 0 0 0 0 0 132 159 232 178 58 334 237 0 0 9 0 0 4 686 47 719 721 71 52 707 811 838 181 0 18 0 0 0 0 28 0 0 0 213 0 0 0 0 0 0 0 0 0 0 0 706 85 0 1 0 0 0 11 15 8 8 6 15 15 0 0 13 8 17 15 15 10 19 16 14 9 50 0
203 148 84 167 280 0 159 252 69 57 61 60 0 157 34 0 22 0 0 0 0 4 84 8 1 11 1 0 0 5 2281 4 20 46 63 0 153 1 215 22 105 0 10 9 0 0 0 0 0 0 0 69 140 145 187 146 0 500 0 517 0 529 0 0 0 1437 121 0 1 38 1 22 0 2 0 0 0 0 2 0 11 411 0 461 0 0 0 0 697 17 0 0 0 0 0 0 0 0 0 1389 0 0 0 68 25 27 368 370 250 305 214 243 287 225 219 244 185 242 248 223 215 200 300 247 219 0 0 111 0
49 36 20 44 67 0 37 57 16 13 15 14 0 157 0 0 2 0 0 0 0 3 112 1 0 0 0 0 0 0 23 0 0 0 0 0 0 0 1 0 0 0 0 12 0 43 0 0 0 0 0 0 39 0 0 8 0 5 0 0 0 4 0 0 0 16 0 0 1 0 0 3 0 0 0 0 0 0 0 0 13 30 0 0 0 0 0 0 0 0 2 2 0 0 0 0 0 0 0 0 0 0 0 0 0 0 0 0 9 16 7 8 4 15 17 0 23 30 23 27 22 24 15 23 19 0 0 12 0
5379 5872 1783 9783 9753 0 4867 5242 2298 4468 4832 1848 1918 276 2321 0 0 0 0 0 0 37 33337 40 830 10083 257 86 151 3238 1456 2155 6572 9891 5092 0 6117 10045 1348 949 16990 0 1915 2176 268 2 78 0 0 3263 3671 8148 7725 9351 6120 7820 7664 9829 7118 4915 2427 11700 6446 0 9416 0 5884 13108 2143 0 0 0 0 0 0 0 0 0 0 0 267 16504 7067 1021 0 1610 2555 241 0 0 0 1273 365 0 822 0 0 0 0 0 0 468 323 510 231 973 0 0 0 0 13146 0 0 0 0 13478 8387 0 0 7909 0 7462 0 2 1 665 640 3046 0
436 327 225 401 654 0 592 460 235 447 488 168 0 1132 2760 0 930 738 0 0 0 26 42 31 0 15 0 1 1 0 161 17 73 258 345 26 5294 147 2442 39 2072 0 654 1414 338 1 0 0 0 206 445 1733 832 288 153 466 2285 3250 2571 1680 769 4846 415 0 2306 7628 2763 85 11 422 32 171 126 33 36 0 193 0 1381 0 877 0 359 112 0 0 1881 0 0 342 0 283 169 0 1361 0 88 178 0 0 0 1074 0 191 194 562 573 465 577 636 487 553 407 504 488 563 418 536 552 492 476 1 673 545 483 894 326 1046 0
0 0 16 165 228 0 79 119 0 126 137 42 430 522 862 0 345 289 0 0 0 5 228 6 0 0 0 0 0 0 16 0 0 0 0 360 393 627 69 126 781 0 291 35 0 17 0 0 0 200 231 268 243 152 185 428 625 1808 1229 821 422 2209 130 0 755 3668 1889 368 14 139 4 58 0 24 11 5 163 0 472 0 364 37 152 49 0 0 0 18 0 212 0 74 731 0 0 0 31 47 0 0 0 288 0 0 79 115 401 405 310 356 262 301 334 290 282 273 241 301 297 290 278 260 338 321 283 726 298 256 0
0 0 0 1 0 0 0 0 0 0 1 0 0 21 17 0 0 214 0 0 0 6 1 12 4 0 0 1 1 9 35 21 0 69 45 0 0 0 0 0 24 0 1 171 0 432 0 0 0 116 0 7 130 512 90 575 493 36 52 27 16 48 45 0 102 578 7 0 0 21 0 0 0 0 0 0 0 0 0 0 0 0 26 1 0 4 0 0 0 130 0 0 0 0 139 0 0 0 0 0 0 0 0 0 0 0 813 820 525 623 451 512 0 456 441 518 392 482 508 452 436 404 623 499 440 21 0 46 0
171 139 67 230 230 0 111 125 53 97 105 43 40 843 460 0 302 225 0 0 0 95 8 19 420 6501 126 40 72 1079 1748 1083 1613 3631 2932 225 100 1088 98 1150 2908 34 350 472 0 1250 0 0 0 211 1090 2087 2330 3682 7889 3675 1071 624 1493 2559 591 369 608 374 1617 2474 542 646 414 119 7 46 38 12 8 0 39 0 635 0 128 8561 0 158 11626 1434 1633 1214 0 5478 0 0 0 0 580 0 0 0 0 0 0 56 0 363 663 783 5080 5122 2925 3448 2521 2865 3450 2494 2402 2973 2142 2654 2833 2469 2376 2202 3487 2721 2400 646 397 747 0
27 22 10 36 36 0 16 20 8 13 14 7 0 117 3 0 7279 335 0 0 0 1 433 1 0 0 0 0 0 0 2 0 0 0 0 0 0 15 0 0 0 0 7 9 0 175 0 0 0 0 0 0 10 1 0 21 0 3 0 0 0 4 0 0 43 15 10 0 0 0 0 4 0 2 0 0 0 0 0 0 38 0 0 177 36 0 0 0 0 0 0 0 0 0 0 0 0 0 0 0 0 0 0 0 0 4 83 84 69 85 58 66 75 219 320 86 22 100 92 66 60 59 80 74 64 0 18 46 0
8 7 4 11 12 0 6 6 2 9 9 2 0 73 0 0 1403 908 0 0 0 3 3103 2 81 710 26 9 15 390 11122 211 493 1286 8191 84 3687 79 6604 97 147 0 91 171 0 0 0 0 0 1841 108 436 453 818 2038 1425 206 814 205 192 641 111 168 7480 354 2234 8474 167 47 2231 130 0 0 0 0 0 0 0 0 1 79 35 183 0 818 76 676 179 7873 7916 0 2217 0 0 3789 0 0 0 0 640 0 31 0 51 162 103 263 266 181 217 155 3694 207 161 157 171 137 168 175 161 155 0 213 0 0 210 936 97 0
2 2 1 2 3 0 1 1 0 2 2 1 0 31 1 0 61 398 0 0 0 1 933 0 11 113 4 1 2 60 1800 34 75 207 3654 5 483 26 1957 2 16 0 15 9 0 0 0 0 0 51 0 128 108 163 465 462 23 6 17 9 4 1 0 0 72 201 0 0 21 462 29 0 0 0 0 0 0 0 0 0 41 2 27 0 0 0 0 65 4241 2359 0 0 0 0 289 0 0 0 5 553 0 0 0 32 140 33 127 128 96 116 81 92 107 88 87 85 75 91 92 88 85 0 112 0 0 72 0 56 0
8 6 3 11 10 0 6 5 3 8 8 2 0 1 5 0 0 55 0 0 0 5 4 3 3 17 1 0 1 9 7 7 33 65 104 10 76 79 19 69 40 1 31 133 11 0 0 0 0 103 21 25 15 48 10 29 45 48 38 28 13 55 8 4657 434 204 12 0 101 2 0 0 1 0 0 0 1 0 104 0 24 28 141 34 0 0 0 11 12 8 132 155 0 0 157 0 0 5 0 134 0 79 0 276 36 6 173 174 108 128 93 106 127 93 90 109 79 99 105 92 89 83 129 102 90 209 48 61 0
8 6 3 11 11 0 6 6 3 8 9 2 0 52 2345 0 449 434 0 0 0 22 2 24 38 535 12 5 8 189 138 133 192 665 552 130 451 441 26 91 152 14 213 521 0 1 0 0 0 246 11 90 198 151 150 202 6 6 4 3 1 7 54 0 6679 252 0 8 239 44 0 0 0 2 0 0 8 0 34 0 50 419 945 4442 12368 679 24 3153 350 258 51854 60170 2950 0 525 0 0 0 0 325 0 2 25 0 34 62 466 464 313 391 271 308 364 285 279 299 246 303 314 288 278 259 381 319 282 0 168 0 0
64 52 25 86 86 0 39 48 19 31 34 16 0 14 315 0 0 97 0 0 0 5 7 7 16 141 5 2 3 76 103 47 109 316 332 43 107 140 39 307 313 0 2493 23 0 6764 0 0 0 249 14 221 99 114 81 111 59 121 88 61 30 144 21 0 716 628 167 193 18 118 7 49 39 12 8 0 42 0 1333 0 1473 35 391 373 0 0 104 0 0 1744 0 0 0 0 0 392 0 11 0 1504 0 941 793 356 426 445 1960 1975 1247 1484 1073 1219 1460 1079 1042 1243 925 1141 1207 1072 1031 957 1486 1182 1042 577 0 1120 0
15718 10659 1934 12213 13207 0 1579 6335 881 716 736 819 6617 1956 1828 0 356 228 0 0 0 39 27 11 32 311 10 4 6 151 81 85 174 471 453 98 2042 3 1930 719 503 6 163 114 0 1027 0 0 0 123 252 254 332 245 312 228 190 255 818 213 215 85 279 0 751 677 1039 53 9 2684 191 1659 1676 280 210 1630 1886 1935 2731 0 429 328 641 203 603 594 144 1690 54 767 910 2210 47 285 0 0 7982 8494 20316 906 0 0 0 536 0 25 293 295 204 247 175 198 233 184 179 190 156 191 196 184 177 165 241 204 180 781 0 310 0
457 368 171 599 602 0 259 348 125 192 206 108 137 51 177 0 95 56 0 0 0 5 8 3 8 61 3 1 2 35 8 24 88 199 272 49 78 337 3851 96 251 1 103 29 11 0 0 0 0 3 98 132 287 75 89 306 127 48 359 324 145 32 122 0 247 339 1479 6 8 82 5 75 70 7 4 0 78 50 199 0 27 172 234 1158 130 0 0 2 668 335 75 359 32 285 9 0 0 0 0 100 0 0 0 5 0 35 161 162 110 133 95 107 126 99 96 105 85 104 108 99 95 89 131 109 96 156 0 84 0
24 20 10 34 34 0 19 17 9 23 25 7 0 12 42 0 9 4 0 0 0 5 2 10 0 0 0 0 0 0 5 3 2 31 2957 25 8 31 2 22 56 0 69 26 3 0 0 0 0 68 0 704 32 35 29 9916 1 2 2 2 0 2 0 0 92 185 103 118 3 165 11 111 112 16 10 0 127 130 496 0 69 28 79 30 78 0 0 11 84 57 80 38 0 166 0 0 6999 0 0 455 0 124 0 68 54 101 240 242 166 200 142 161 190 149 145 156 127 155 160 149 143 133 196 164 145 247 80 181 0
137 111 50 180 173 0 107 89 46 103 132 37 0 296 413 0 223 230 0 0 0 6 4962 8 103 441 20 364 41 245 444 163 319 829 800 291 837 1028 658 624 1864 66 1479 23 4 2083 14 0 0 241 1006 682 460 391 454 377 378 1205 805 281 286 1468 1589 605 3566 1015 876 781 16094 173 28 66 44 34 20 0 74 68 197 0 217 282 3014 10533 1225 264 5434 377 637 2583 54 0 378 884 1229 0 1326 3603 0 1384 1468 1842 0 3041 1047 634 1012 1017 638 0 551 626 751 0 319 641 0 0 625 551 531 493 766 609 537 4646 1402 2109 0
855 691 326 1134 1138 0 508 624 244 408 440 204 13 3582 132 0 414 330 0 0 0 22 13176 21 0 32 0 1 0 0 63 20 16 172 159 0 52 554 6 18 126 0 517 75 0 5330 0 0 0 232 74 135 373 255 578 650 50 115 89 58 29 140 155 0 1572 571 363 3113 8 223 14 144 143 21 12 10 162 160 443 0 1169 1974 0 230 755 782 475 10 263 4558 0 0 0 0 0 0 0 0 0 0 766 17 0 0 0 216 3885 3908 2429 2876 2098 2387 2856 2097 2021 2455 1786 2236 2523 2084 2004 1859 2893 2297 2025 499 521 1279 0
361 293 142 490 491 0 224 254 106 218 236 86 31 297 723 0 390 270 0 0 0 8 80 7 19 180 5 3 4 82 27 62 129 424 446 353 336 649 987 289 345 101 6442 157 21 4660 0 0 0 622 23 102 295 129 82 208 76 77 79 54 25 86 92 172 1876 812 1677 760 52 818 51 460 455 81 50 355 509 474 1314 0 1133 781 444 429 912 1049 835 204 70 577 297 178 51 1237 4768 2316 197 1318 0 0 0 931 1292 2887 2251 255 3952 3983 2479 2930 2135 2427 2912 2129 2052 2497 1816 2253 2390 2111 2030 1883 2949 2327 2052 3750 1796 1835 0
244 181 49 250 264 0 39 143 8 20 20 19 145 90 13 0 0 0 0 0 0 6 15 3 0 0 0 1 0 0 130 13 39 16 0 35 8 34 2 34 59 0 89 82 8 241 0 0 0 0 0 18 16 17 20 26 15 25 32 20 9 26 0 2437 84 253 20 10 4 131 9 67 62 14 10 66 68 41 163 0 173 0 56 257 0 0 0 183 0 139 0 30 0 0 0 18 512 0 0 0 0 0 0 436 251 240 10 3 273 124 222 295 130 381 370 131 328 408 273 384 369 343 39 423 373 370 85 106 0
9150 6686 1628 8875 9427 0 1436 5706 786 679 704 740 5834 3203 377 0 1943 1213 0 0 0 69 123 31 233 617 78 26 46 187 5269 680 4476 1189 788 3787 824 1579 107 999 1338 85 3886 231 487 6146 0 0 0 595 580 1081 444 712 925 850 121 161 281 147 44 81 727 753 3185 3540 2137 1055 107 4467 331 2406 2429 473 374 2366 2746 2814 6294 0 6471 0 2084 8585 0 393 1446 795 638 4648 596 2188 93 0 0 2566 176 1175 122 2281 0 4693 0 3065 2542 1882 81 82 10369 3290 8279 11178 4457 14282 13751 5039 12298 15227 9929 14144 13613 12611 216 15581 13742 7047 5766 5519 0
58 40 24 85 88 0 40 49 16 34 37 16 2 321 118 0 10 21 0 0 0 1 35 2 0 0 0 1 0 0 26 7 2019 66 57 355 0 41 8 5 84 0 96 5 0 3628 0 0 0 42 0 127 8 4 4 13 84 115 81 55 27 139 0 0 143 203 183 0 66 40 5 9 0 6 9 2 0 0 410 0 439 27 0 1908 0 0 23 7018 0 91 0 0 0 234 0 0 0 0 0 1836 0 0 0 0 0 571 910 626 155 813 328 383 498 379 422 436 380 659 695 575 548 508 777 625 551 366 0 476 0
10 6 6 22 23 0 12 11 3 16 17 4 0 227 5 0 0 0 0 0 0 1 0 1 0 0 0 0 0 0 0 0 0 3 0 70 5 13 0 0 15 0 3 5 0 965 0 0 0 149 0 19 32 15 7 4 0 0 0 0 0 1 0 0 116 81 45 0 1 3 0 0 0 0 0 0 0 0 0 0 0 0 0 457 0 0 0 54 0 155 0 0 0 0 0 227 53 0 0 196 0 0 0 23 0 0 0 0 18 36 12 12 2 37 40 0 28 30 16 41 39 38 15 47 41 437 0 64 0
0 0 0 1 4 0 0 2 0 2 2 1 6 9 10 0 0 0 0 0 0 1 3 1 0 0 0 0 0 0 0 0 0 0 0 18 0 5 5 0 13 0 58 9 0 2 0 0 0 489 0 1 0 0 0 6 7 28 16 12 5 31 0 0 4 61 21 0 0 0 0 1 0 0 0 0 0 0 0 0 0 0 0 4 0 0 0 17 0 0 0 0 0 0 0 0 0 0 0 0 0 0 0 0 371 0 0 0 0 0 0 0 0 6 3 0 3 1 0 2 2 3 0 4 4 23 0 0 0
82 64 40 93 111 0 100 90 61 59 62 37 43 62 39 0 46 0 0 0 0 1 29 0 36 77 33 37 36 19 50 57 0 118 26 0 259 0 226 0 79 0 4 2 0 840 0 0 0 0 0 45 40 71 53 28 186 205 100 139 80 93 0 0 148 140 118 0 24 721 71 274 163 54 82 47 287 0 675 1 36 12 0 15 113 0 0 0 0 0 0 0 0 0 0 0 0 0 0 0 0 0 0 0 57 131 0 50 2032 2949 1563 1736 1629 2470 2540 590 2082 2311 1935 2621 2520 2358 2144 2905 2561 0 0 0 21
82 64 40 93 111 0 100 90 61 59 62 37 43 63 40 0 46 0 0 0 0 1 29 0 40 91 35 37 36 35 50 59 28 122 58 0 260 0 226 0 80 0 3 2 0 841 0 0 0 0 0 46 40 72 54 0 185 205 100 139 80 93 0 0 148 140 120 0 24 727 71 277 163 55 82 47 289 0 679 2 35 11 0 16 113 0 0 0 0 0 0 0 0 0 0 0 0 0 0 0 0 0 0 0 58 137 0 0 2018 2937 1550 1719 1606 2464 2535 564 2077 2302 1921 2616 2515 2354 2124 2900 2557 0 0 0 21
18 14 9 21 25 0 23 20 14 13 14 8 10 13 9 0 8 0 0 0 0 0 6 0 8 19 8 8 8 5 11 13 3 26 11 0 49 0 54 0 12 0 0 1 0 197 0 0 0 0 0 4 5 15 10 0 40 44 20 31 17 20 0 0 23 29 24 0 3 261 21 98 29 19 24 10 0 0 177 0 0 0 0 0 24 0 0 0 0 0 0 0 0 0 0 0 0 0 0 0 0 0 0 0 0 27 0 0 0 343 0 0 0 457 540 0 364 288 0 559 538 511 0 629 554 0 0 0 5
13 10 7 16 19 0 18 15 11 10 11 7 8 8 4 0 0 0 0 0 0 1 7 0 0 0 2 7 6 0 9 7 0 6 0 0 51 0 59 0 19 0 0 2 0 144 0 0 0 0 0 7 8 22 13 0 28 32 15 24 12 16 0 0 29 23 14 0 2 1128 78 10 322 81 87 8 297 0 1313 1 0 0 0 0 18 0 0 0 0 0 0 0 0 0 0 0 0 0 2454 0 0 0 0 0 0 3 0 0 0 0 0 0 0 247 355 0 177 28 0 369 356 344 0 423 372 0 0 0 4
18 14 9 21 25 0 23 20 14 13 14 8 10 13 8 0 8 0 0 0 0 0 6 0 6 11 7 8 8 0 11 12 0 24 0 0 47 0 49 0 11 0 0 0 0 190 0 0 0 0 0 4 5 13 9 0 41 45 21 31 17 21 0 0 23 29 23 0 3 158 14 62 2 12 17 10 0 0 61 0 0 0 0 0 0 0 0 0 0 0 0 0 0 0 0 0 0 0 0 0 0 0 0 0 0 25 0 0 118 435 0 0 0 496 563 0 401 356 95 583 561 531 0 653 575 0 0 0 5
21 16 11 25 29 0 27 24 16 16 16 10 12 15 10 0 9 0 0 0 0 0 8 0 7 13 0 10 9 0 13 15 0 28 0 0 58 0 61 0 16 0 0 1 0 224 0 0 0 0 0 6 7 17 12 0 48 53 25 37 20 25 0 0 30 35 28 0 4 282 23 107 38 21 27 12 3 0 205 0 0 0 0 0 29 0 0 0 0 0 0 0 0 0 0 0 0 0 0 0 0 0 0 0 0 29 0 0 158 522 20 0 0 583 659 0 473 425 131 681 655 620 19 763 672 0 0 0 6
33 26 16 38 46 0 41 37 25 24 25 15 18 22 15 0 16 0 0 0 0 0 12 0 12 25 13 15 15 0 21 23 0 46 0 0 97 0 94 0 28 0 0 1 0 344 0 0 0 0 0 13 14 29 20 0 75 83 40 57 32 38 0 0 53 56 45 0 8 424 36 160 77 31 42 19 36 0 359 0 0 0 0 0 45 0 0 6 0 0 0 0 0 0 0 0 0 0 0 0 0 0 0 0 0 49 0 0 475 965 271 279 0 945 1027 0 779 771 435 1061 1021 961 363 1184 1043 0 0 0 9
3 2 4 4 4 0 5 7 3 3 3 2 2 2 0 0 5 0 0 0 0 0 9 0 0 0 0 1 1 0 3 1 0 0 0 0 258 0 12 0 0 0 0 0 0 33 0 0 0 0 0 0 11 2 72 0 107 63 53 38 13 35 0 0 26 48 34 0 0 62 4 2 0 4 5 1 0 0 0 0 0 0 0 0 3 0 0 0 0 0 0 0 0 0 0 0 0 0 1245 0 0 0 0 0 0 0 0 0 0 0 0 0 0 0 84 0 0 0 0 89 86 90 0 110 96 0 0 0 1
0 0 0 1 1 0 1 1 0 1 1 0 0 3 0 0 0 0 0 0 0 0 12 0 0 0 0 0 0 0 0 0 0 0 0 0 0 0 0 0 0 0 0 0 0 8 0 0 0 0 0 0 0 0 0 0 0 0 0 0 0 0 0 0 0 0 0 0 0 2 0 0 0 0 0 0 0 0 0 0 0 0 0 0 0 0 0 0 0 0 0 0 0 0 0 0 0 0 0 0 0 0 0 0 0 0 0 0 0 0 0 0 0 0 0 0 0 0 0 2 3 2 0 2 1 0 0 0 0
43 33 21 49 59 0 53 48 33 31 33 20 23 33 21 0 20 0 0 0 0 0 16 0 20 43 17 19 19 12 27 30 4 62 18 0 171 0 124 0 37 0 0 1 5 459 0 0 0 4 0 22 21 35 35 0 108 112 58 76 42 52 0 0 78 78 66 0 12 295 32 113 61 22 36 25 36 0 261 0 12 2 0 9 0 0 0 0 0 0 0 0 0 0 0 0 0 0 0 0 0 0 0 0 22 68 0 0 916 1428 670 736 596 1246 1301 0 1044 1125 866 1343 1292 1211 916 1492 1315 0 0 0 11
9 7 4 12 13 0 8 8 4 6 6 3 2 28 1 0 0 0 0 0 0 1 100 0 0 0 0 2 1 0 3 1 0 0 0 0 1 0 12 0 0 0 0 2 0 79 0 0 0 0 0 0 1 5 4 0 7 8 3 6 2 5 0 0 8 7 2 0 0 211 12 3 0 15 15 1 0 0 86 0 0 2 0 0 0 0 0 0 0 0 0 0 0 0 0 0 0 0 1093 0 0 0 0 0 0 0 0 0 0 0 0 0 0 26 99 0 0 0 0 104 100 102 0 124 109 0 0 0 1
9 7 4 11 13 0 11 10 7 7 7 4 5 8 2 0 0 0 0 0 0 1 11 0 0 0 0 4 3 0 6 3 0 2 0 0 13 0 24 0 0 0 0 4 0 99 0 0 0 0 0 0 0 3 0 0 18 20 9 15 7 10 0 0 3 12 5 0 0 114 7 6 0 8 9 4 0 0 0 0 0 0 0 0 12 0 0 0 0 0 0 0 0 0 0 0 0 0 4295 0 0 0 0 0 0 0 0 0 0 0 0 0 0 171 255 0 119 0 0 265 255 248 0 304 268 0 0 0 2
19 14 9 22 26 0 23 21 14 14 14 9 10 17 7 0 0 0 0 0 0 1 20 0 0 0 4 8 7 0 11 10 0 17 0 0 46 0 51 0 10 0 0 6 0 197 0 0 0 0 0 4 5 13 8 0 39 44 20 30 17 20 0 0 25 30 20 0 3 229 18 88 4 17 21 10 0 0 96 0 0 0 0 0 27 0 0 0 0 0 0 0 0 0 0 0 0 0 0 0 0 0 0 0 0 16 0 0 22 359 0 0 0 463 542 0 368 299 0 561 540 513 0 631 556 0 0 0 5
1 0 1 1 2 0 2 2 1 1 1 1 1 0 0 0 0 0 0 0 0 1 1 0 0 0 0 1 0 0 1 0 0 0 0 0 0 0 12 0 0 0 0 9 0 27 0 0 0 0 0 0 0 0 0 0 0 0 0 1 3519 1 0 0 0 0 0 0 0 189 11 1 31 8 11 0 12 0 186 0 0 0 0 0 0 0 0 0 0 0 0 0 0 0 0 0 0 0 0 0 0 0 0 0 0 0 0 0 0 0 0 0 0 0 0 0 0 0 0 0 1 2 0 2 1 0 0 0 0
1 1 1 2 2 0 2 2 1 1 1 1 1 2 0 0 0 0 0 0 0 1 11 0 0 0 0 0 0 0 1 0 0 0 0 0 0 0 4 0 0 0 0 4 0 26 0 0 0 0 0 0 1 0 0 0 0 0 0 1 0 1 0 0 0 0 0 0 0 1134 9 0 21 7 9 0 4 0 143 0 0 0 0 0 1 0 0 0 0 0 0 0 0 0 0 0 0 0 0 0 0 0 0 0 0 0 0 0 0 0 0 0 0 0 0 0 0 0 0 0 0 3 0 3 2 0 0 0 0
0 0 0 0 0 0 0 0 0 0 0 0 0 0 0 0 0 0 0 0 0 0 1 0 0 0 0 0 0 0 0 0 0 0 0 0 0 0 0 0 0 0 0 0 0 3 0 0 0 0 0 0 0 0 0 0 0 0 0 0 0 0 0 0 0 0 0 0 0 29 1 0 0 0 1 0 0 0 0 0 0 0 0 0 0 0 0 0 0 0 0 0 0 0 0 0 0 0 0 0 0 0 0 0 0 0 0 0 0 0 0 0 0 0 0 0 0 0 0 0 0 0 0 0 0 0 0 0 0
26 20 13 30 36 0 33 29 20 19 20 12 14 19 10 0 0 0 0 0 0 1 10 0 4 0 8 12 11 0 16 16 0 29 0 0 73 0 77 0 17 0 0 4 0 282 0 0 0 0 0 6 8 18 12 0 57 64 30 44 24 29 0 0 34 42 31 0 5 312 28 117 72 23 32 0 52 0 306 0 0 0 0 0 36 0 0 0 0 0 0 0 0 0 0 0 0 0 0 0 0 0 0 0 0 28 0 0 173 612 8 0 0 693 786 0 561 500 141 813 782 740 0 910 802 0 0 0 7
0 0 0 0 0 0 0 0 0 0 0 0 0 0 0 0 0 0 0 0 0 0 0 0 0 0 0 0 0 0 0 0 0 0 0 0 0 0 0 0 0 0 0 1 0 5 0 0 0 0 0 0 0 0 0 0 0 0 0 0 0 0 0 0 0 0 0 0 0 58 3 0 0 0 3 0 0 0 0 0 0 0 0 0 0 0 0 0 0 0 0 0 0 0 0 0 0 0 0 0 0 0 0 0 0 0 0 0 0 0 0 0 0 0 0 0 0 0 0 0 0 0 0 0 0 0 0 0 0
0 0 0 0 1 0 0 0 0 0 0 0 0 0 0 0 0 0 0 0 0 0 3 0 0 0 0 0 0 0 0 0 0 0 0 0 0 0 0 0 0 0 0 1 0 7 0 0 0 0 0 0 0 0 0 0 0 0 0 0 0 0 0 0 0 0 0 0 0 66 3 0 0 0 3 0 0 0 16 0 0 0 0 0 0 0 0 0 0 0 0 0 0 0 0 0 0 0 0 0 0 0 0 0 0 0 0 0 0 0 0 0 0 0 0 0 0 0 0 0 0 0 0 1 0 0 0 0 0
9 3 7 26 29 0 14 15 3 19 21 6 0 105 1 0 54 5 0 0 0 2 0 1 0 0 0 0 0 0 22 1 0 67 4828 0 0 51 435 6 59 0 81 16 0 0 0 0 0 29 0 82 81 72 56 88 55 91 75 91 31 75 0 0 223 189 151 0 9 52 3 34 13 5 4 0 7 0 83 0 134 0 22 28 0 0 0 0 0 5 0 0 0 180 0 0 0 0 0 0 0 0 0 0 0 0 511 517 375 458 319 361 421 343 334 337 287 353 359 343 330 308 439 380 335 0 0 190 0
0 0 1 7 8 0 4 4 0 6 7 2 0 9 54 0 0 0 0 0 0 2 0 4 0 14 0 1 0 0 0 11 8 111 129 90 0 60 0 0 15 0 536 7 0 0 0 0 0 0 0 22 39 11 6 10 0 3 0 0 0 0 0 0 2 61 10 49 0 4 0 6 0 0 0 0 0 0 0 0 0 0 113 90 0 0 0 6 0 0 0 54 0 0 2066 344 100 0 0 0 0 0 0 41 402 241 32 33 55 74 45 50 52 60 60 30 44 57 50 62 59 56 61 70 61 764 0 44 0
3 2 2 6 6 0 3 3 1 4 5 1 6 20 0 0 0 0 0 0 0 2 0 5 0 0 0 0 0 0 2 0 0 0 0 0 0 0 0 0 3 0 0 39 0 256 0 0 0 0 0 0 5 3 3 0 0 1 0 0 0 1 0 0 8 22 0 0 4 3 0 2 0 0 0 0 0 0 17 0 0 0 0 0 0 0 0 0 0 0 0 0 0 203 0 0 0 0 0 0 0 0 0 0 0 119 41 43 87 119 70 78 80 98 98 42 73 92 81 101 96 92 95 113 100 0 0 0 0
0 0 0 0 0 0 0 0 0 0 0 0 0 1405 0 0 0 0 0 0 0 0 0 1 0 0 0 0 0 0 0 0 0 0 0 0 0 0 0 0 0 0 0 13 0 0 0 0 0 0 0 0 0 0 0 0 0 0 0 0 0 0 0 0 0 0 0 0 0 0 0 0 0 0 0 0 0 0 0 0 0 67 0 0 0 0 0 0 0 0 3 1 0 232 0 0 0 0 45 0 0 27 46 2019 1426 567 0 0 0 0 0 0 0 0 0 0 0 0 0 0 0 0 0 0 0 189 147 0 0
