124
0 0 0 0 0 0 873 201 13 268 362 169 4 12211 1 9 0 0 0 1 0 2 0 0 0 0 0 0 0 0 0 66 0 0 0 0 13 0 1003 420 0 0 0 0 0 0 0 0 0 1 0 0 0 0 13 0 0 1 0 0 0 0 0 0 0 1 0 0 1 0 0 0 0 0 12 0 0 0 0 0 0 0 0 0 0 7 0 0 0 1 2 2 0 0 0 0 0 0 0 0 21 0 2 0 0 0 0 0 0 0 1 1 0 1 1 1 0 0 0 0 0 0 0 0
0 0 0 0 0 0 1627 2202 1908 560 906 2459 1587 20 0 0 0 0 0 0 0 0 0 0 0 0 0 0 0 0 0 181 0 0 0 0 0 0 0 0 0 0 0 0 0 0 0 0 0 0 0 0 0 0 0 0 0 0 0 0 0 0 0 0 0 0 0 0 0 0 0 0 0 0 0 0 0 0 0 0 0 0 0 0 0 42 0 0 0 0 0 0 0 0 0 0 0 0 0 0 60 0 10 1 0 0 0 0 0 0 0 0 0 0 0 0 0 0 0 0 0 0 0 0
0 0 0 0 0 0 16 33 3 12 8 11 2 55 0 0 0 0 0 0 0 0 0 0 0 0 0 0 0 0 0 282 372 0 0 0 0 0 0 0 0 0 0 0 0 0 0 0 0 0 0 0 0 0 0 0 0 0 0 0 0 0 0 0 0 0 0 0 0 0 0 0 0 0 0 0 0 0 0 0 0 0 0 6 0 5 0 0 0 0 0 0 0 0 0 0 0 0 0 0 20 0 1 0 0 0 0 0 0 0 0 0 0 0 0 0 0 0 0 0 0 0 0 0
0 0 0 0 0 0 0 0 0 0 0 0 2 12 0 0 0 0 0 0 0 0 0 0 0 0 0 66 0 0 0 163 0 0 0 0 0 0 0 0 0 0 0 0 0 0 0 0 0 0 0 0 0 0 0 0 0 0 0 0 0 0 0 0 0 0 0 0 0 0 0 0 0 0 0 0 0 0 0 0 0 0 0 2 0 11 0 0 0 24 12 0 0 0 0 0 0 0 0 0 16 0 3 0 8 0 0 0 0 0 0 0 0 0 0 0 0 0 0 0 0 0 0 0
0 0 0 0 0 0 0 0 0 0 0 0 0 11 0 0 0 0 0 0 0 0 0 0 0 0 0 0 0 0 4754 0 0 0 0 0 0 0 0 0 0 0 0 0 0 0 0 0 0 0 0 0 0 0 0 0 0 0 0 0 0 0 0 0 0 0 0 0 0 0 0 0 0 0 0 0 0 0 0 0 0 0 0 0 0 0 0 0 0 0 0 0 0 0 0 0 0 0 0 0 0 0 0 0 0 0 0 0 0 0 0 0 0 0 0 0 0 0 0 0 0 0 0 0
0 0 0 0 0 0 0 0 0 0 0 0 0 38 0 0 0 0 0 0 0 0 0 0 0 0 0 0 0 0 0 0 0 0 0 0 0 0 0 1 0 0 0 0 0 0 0 0 0 0 0 0 0 0 0 0 0 0 0 0 0 0 0 0 0 0 0 0 0 0 0 0 0 0 0 0 0 0 0 0 0 0 0 0 0 0 0 0 0 0 0 0 0 0 0 0 0 0 0 0 0 0 0 0 0 0 0 0 0 0 0 0 0 0 0 0 0 0 0 0 0 0 0 0
0 0 0 0 0 0 0 18 0 0 183 55 47 370 0 0 0 0 0 0 0 0 0 3570 0 0 321 0 0 0 0 0 0 0 0 0 52 0 11 0 0 0 0 0 0 0 0 0 0 0 0 0 0 0 0 0 0 0 0 0 0 0 0 0 0 0 0 0 0 0 0 0 0 0 0 0 0 0 0 0 0 0 0 0 0 0 0 0 0 5 3 0 0 0 0 0 0 0 0 0 0 0 0 0 0 0 0 0 0 0 0 0 0 0 0 0 0 0 0 0 0 0 0 0
0 0 0 0 0 0 0 0 0 0 0 0 0 289 0 0 0 0 0 0 0 0 0 0 482 0 0 0 0 0 0 0 0 0 0 0 0 0 3 0 0 0 0 0 0 0 0 0 0 0 0 0 0 0 0 0 0 0 0 0 0 0 0 0 0 0 0 0 4 0 0 0 0 0 0 0 0 0 0 0 0 0 0 0 0 0 0 0 0 0 0 0 0 0 0 0 0 0 0 0 0 0 0 0 0 0 0 0 0 0 0 0 0 0 0 0 0 0 0 0 0 0 0 0
0 0 0 0 0 0 0 0 0 0 0 0 0 31 0 0 0 0 0 0 0 0 0 0 0 31 0 0 0 0 0 0 0 0 0 0 0 0 0 0 0 0 0 0 0 0 0 0 0 0 0 0 0 0 0 0 0 0 0 0 0 0 0 0 0 0 0 0 0 0 0 0 0 0 0 0 0 0 0 0 0 0 0 0 0 30 0 0 0 52 25 0 0 0 0 0 0 0 0 0 29 0 4 0 0 0 0 0 0 0 0 0 0 0 0 0 0 0 0 0 0 0 0 0
0 0 0 0 0 0 8 8 0 0 85 132 2 22 0 0 0 0 0 0 0 0 0 0 0 0 257 0 0 0 0 0 0 0 0 0 0 0 0 0 0 0 0 0 0 0 0 0 0 0 0 0 0 0 0 0 0 0 0 0 0 0 0 0 0 0 0 0 0 0 0 0 0 0 0 0 0 0 0 0 0 0 0 0 0 0 0 0 0 10 6 0 0 0 0 0 0 0 0 0 0 0 0 0 0 0 0 0 0 0 0 0 0 0 0 0 0 0 0 0 0 0 0 0
0 0 0 0 0 0 0 0 0 0 0 0 0 0 0 0 0 0 0 0 0 0 0 0 0 0 0 0 0 0 0 0 0 0 0 0 0 0 0 0 0 0 0 0 0 0 0 0 0 0 0 0 0 0 0 0 0 0 0 0 0 0 0 0 0 0 0 0 0 0 0 0 0 0 0 0 0 0 0 0 0 0 0 0 0 0 0 0 0 0 0 0 0 0 0 0 0 0 0 0 0 0 0 0 0 0 0 0 0 0 0 0 0 0 0 0 0 0 0 0 0 0 0 0
0 0 0 0 0 0 0 244 0 0 2460 0 0 167 0 0 0 0 0 0 0 0 0 426 0 0 169 0 16610 0 0 0 0 0 0 0 2 0 9 0 0 0 0 0 0 0 0 0 0 0 0 0 0 0 0 0 0 0 0 0 0 0 0 0 0 0 0 0 2 0 0 0 0 0 0 0 0 0 0 0 0 0 0 1 0 0 0 0 0 2 2 0 0 0 0 0 0 0 0 0 0 0 0 0 0 0 0 0 0 0 0 0 0 0 0 0 0 0 0 0 0 0 0 0
0 0 0 0 0 0 0 0 0 0 0 16 0 10724 1 8 0 0 0 0 0 1 0 0 0 0 0 0 0 0 0 0 0 0 0 0 11 0 988 367 0 32 0 0 0 0 0 0 0 1 0 0 0 0 11 0 0 1 0 0 0 0 0 0 0 0 0 0 0 0 0 0 0 0 10 0 0 0 0 0 0 3 0 0 0 0 0 0 0 1 2 2 0 0 0 0 0 0 0 0 0 0 0 0 0 0 0 0 0 0 0 1 0 0 1 1 0 0 0 0 0 0 0 0
0 0 0 0 0 0 0 0 0 0 1 0 0 0 1 0 0 0 0 0 1 2 1 0 0 0 0 0 0 0 0 0 0 0 0 0 12 0 956 346 0 0 0 0 0 0 0 0 0 1 0 0 0 0 11 0 1 1 1 0 0 0 0 0 0 0 0 0 0 0 0 0 0 0 10 0 0 0 0 0 0 4 0 0 0 0 0 0 0 1 2 0 0 0 0 0 0 0 0 0 0 0 0 0 1 0 0 0 0 0 1 1 0 1 1 1 0 0 0 0 0 0 0 0
0 0 0 0 0 0 0 0 0 0 0 0 0 0 0 7 0 0 3 2 8 33 4 0 0 0 0 0 0 0 0 0 0 2624 0 0 0 0 0 0 0 0 0 0 0 0 0 0 0 0 0 0 0 0 0 0 0 0 0 0 0 0 0 0 0 0 0 0 0 0 0 0 0 0 0 0 0 0 0 0 0 0 0 0 0 37 0 0 0 0 46 0 0 0 0 0 0 0 0 0 0 0 0 0 0 0 0 0 0 0 0 0 0 0 0 0 0 0 0 0 0 0 0 0
0 0 0 0 0 0 0 0 0 0 0 0 0 115 0 0 0 0 0 0 0 0 0 0 0 0 0 0 0 0 0 0 0 0 0 0 0 0 8 3 0 0 0 0 0 0 0 0 0 0 0 0 0 0 0 0 0 0 0 0 0 0 0 0 0 0 0 0 0 9987 0 0 0 0 0 0 0 0 0 0 0 0 0 0 0 0 0 0 0 0 0 0 0 0 0 0 0 0 0 0 0 0 0 0 0 0 0 0 0 0 0 0 0 0 0 0 0 0 0 0 0 0 0 0
0 0 0 0 0 0 0 0 0 0 0 0 0 0 0 0 0 8 26 23 244 260 58 32 6 3 11 3 40 2 4 36 19 21 2 1 3 33 12 2 0 0 0 0 5 10 0 21 13 18 12 12 0 0 156 1091 1139 638 627 0 39 2 0 4 2 7 0 9 5 0 5112 0 0 0 1 0 0 0 0 0 767 0 0 64 0 18 2 0 249 0 0 0 83 0 0 0 0 0 0 0 0 0 74 54 0 0 0 0 0 0 297 297 0 265 284 287 1 1 2 1 26 0 9 0
0 0 0 0 0 0 1 0 0 0 0 0 0 0 0 0 0 0 0 0 0 0 0 0 0 0 0 0 0 0 0 0 0 0 0 0 0 0 0 0 0 352 0 0 0 0 0 0 0 0 0 0 0 0 0 0 0 0 0 0 0 0 0 0 0 0 0 0 0 0 0 0 0 0 0 0 0 0 0 0 0 0 0 0 0 0 0 0 0 0 0 0 0 0 0 0 0 0 0 0 11 0 0 0 0 0 0 0 0 0 0 0 0 0 0 0 0 0 0 0 0 0 0 0
0 0 0 0 0 0 0 0 0 0 0 0 0 0 0 0 0 0 0 0 0 0 0 0 0 0 0 0 0 0 0 0 0 0 0 0 0 0 0 0 0 0 0 0 0 0 0 0 0 0 0 0 0 0 5503 0 0 0 0 0 0 0 0 0 0 0 0 0 2 0 0 0 0 0 0 0 0 0 0 0 0 0 0 0 0 0 0 0 0 0 0 0 0 0 0 0 0 0 0 0 0 0 0 0 0 0 0 0 0 0 0 0 0 0 0 0 0 0 0 0 0 0 0 0
0 0 0 0 0 0 0 0 0 0 0 0 0 0 0 0 0 0 0 0 0 0 0 0 0 0 0 0 0 0 0 0 0 0 0 0 0 0 0 0 0 0 0 0 0 0 0 0 0 0 0 0 0 0 0 0 846 0 0 0 0 0 0 0 0 0 0 0 1 0 0 0 0 0 0 0 0 0 0 0 0 0 0 0 0 0 0 0 0 0 0 0 0 0 0 0 0 0 0 0 0 0 0 0 0 0 0 0 0 0 0 0 0 0 0 0 0 0 0 0 0 0 0 0
0 0 49 3 8 7 5 8 0 2 12 4 0 0 0 6 0 1 5 5 0 0 8 0 0 0 0 0 0 0 0 0 0 0 0 0 0 0 0 0 0 0 1 0 0 0 0 0 0 0 33 0 0 0 5 0 6 0 9 0 0 0 0 0 1 0 0 0 0 0 0 0 0 0 0 0 0 0 0 0 0 0 0 0 0 0 0 0 0 0 0 0 0 0 0 0 0 0 0 0 0 0 0 0 0 0 0 0 0 0 2 2 0 2 2 2 0 0 0 0 0 0 0 0
0 0 0 0 138 0 26 16 1 7 16 7 0 0 0 2 0 1 7 7 847 0 117 0 0 0 0 0 0 0 0 6 0 1 0 0 0 0 0 0 0 0 1 0 0 0 0 0 0 15 61 0 0 37 16 23 14 28 38 0 0 0 0 0 1 0 0 0 2 0 0 0 0 0 0 0 0 0 0 0 0 0 0 0 0 0 0 0 0 0 0 0 0 0 0 0 0 0 0 0 0 0 0 0 0 0 0 0 0 0 3 3 0 2 3 3 0 0 0 0 0 0 0 0
21 0 5 2 32 3 0 0 0 0 0 0 0 0 0 0 0 0 0 0 0 0 0 0 0 0 0 0 0 0 0 0 0 0 0 0 0 0 0 0 0 0 0 0 0 0 0 0 0 0 0 0 0 0 0 0 0 0 0 0 0 0 0 0 0 0 0 0 0 0 0 0 0 0 0 0 0 0 0 0 0 0 0 0 0 0 0 0 0 0 0 0 0 0 0 0 0 0 0 0 0 0 0 0 0 0 0 0 0 0 0 0 0 0 0 0 0 0 0 0 0 0 0 0
308 2 7 0 106 29 0 3196 326 793 764 0 2684 2581 333 55 0 7 22 22 8 6 1 0 37 5 14 0 6 0 5 311 55 92 7 2 10 78 0 0 0 0 2 0 0 1 0 0 14 17 15 8 3 6 6 3 3 10 17 0 106 0 0 2 45 35 3 0 29 2 16 3 3 47 18 40 5 0 0 0 35 25 1 91 70 990 225 157 342 5 18 47 0 0 0 0 0 0 0 0 151 0 92 45 82 34 35 35 35 35 9 10 35 10 9 9 38 38 39 39 326 0 22 0
13 87 1 0 34 4 346 0 333 101 153 419 293 17 42 0 0 0 0 11 61 0 0 0 0 0 140 0 13 0 2 33 38 0 1 0 142 4 6 6 0 14 1 3 1 2 0 13 20 29 29 12 13 0 0 1 0 0 165 11 33 31 0 0 5 23 0 2 6 10 1 0 17 4 46 0 189 0 0 0 120 23 0 0 0 120 8 30 13 1 8 0 0 0 1 45 0 3 0 1 16 0 56 28 35 3 3 3 3 3 1 1 3 43 1 1 3 3 3 3 41 0 1 0
2 6 1 0 7 0 61 26 0 20 12 33 34 1 4 0 0 0 0 0 3 0 0 0 0 0 6 0 1 0 0 15 2 10 0 0 5 0 0 1 0 0 0 0 0 0 0 0 1 1 1 0 0 0 0 0 0 0 6 0 1 0 0 0 0 1 0 0 0 0 0 0 1 9 2 0 6 0 0 0 4 0 0 0 0 15 1 1 2 0 0 0 0 0 0 1 0 0 0 0 3 0 3 1 2 7 7 6 7 7 0 0 7 2 0 0 6 7 6 6 4 0 0 0
8 5 598 35 1489 101 0 1701 139 0 422 0 1427 1397 68 51 0 2 47 46 1579 1560 157 0 0 0 0 0 0 0 0 105 24 64 11 0 0 0 0 0 0 31 0 0 0 0 0 0 0 9 10 134 279 0 70 0 75 0 117 0 0 0 0 0 1 0 0 0 1 0 0 0 0 9 16 0 0 0 0 0 121 0 1 0 0 240 17 109 43 40 3 10 0 0 0 0 0 0 0 0 26 0 26 14 18 7 7 7 7 7 8 9 7 9 8 8 7 7 7 7 73 0 4 0
0 1 0 0 91 0 35 20 9 11 7 13 29 0 0 0 0 0 0 0 0 0 0 0 0 0 0 0 0 0 0 7 0 0 0 0 0 0 0 0 0 0 0 0 0 0 0 0 0 0 0 0 0 0 0 0 0 0 0 0 0 0 0 0 0 0 0 0 0 0 0 0 0 0 0 0 0 0 0 0 0 0 0 0 0 0 0 0 0 0 0 0 0 0 0 0 0 0 0 0 1 0 0 0 0 0 0 0 0 0 0 0 0 0 0 0 0 0 0 0 0 0 0 0
9 7 5 0 55 0 152 5941 594 1401 988 0 176 8 398 0 0 0 0 0 2 1 0 0 0 0 15 0 0 0 3 16 0 99 0 0 1 0 0 0 0 0 1 0 0 0 0 0 0 1 1 0 0 0 0 0 0 0 4 0 0 0 0 0 4 0 0 0 2 0 0 0 1 40 2 0 0 0 0 0 0 1 0 0 0 1477 107 506 201 20 18 109 0 0 0 0 0 0 0 0 83 0 114 56 34 29 29 29 29 29 11 12 29 12 11 11 29 29 29 29 404 18 8 0
0 0 0 0 0 0 1 0 0 0 0 0 0 0 0 0 0 0 0 0 0 0 0 0 0 0 0 0 0 0 0 0 0 0 0 0 0 0 0 0 0 0 0 0 0 0 0 0 0 0 0 0 0 0 0 0 0 0 0 0 0 0 0 0 0 0 0 0 0 0 0 0 0 0 0 0 0 0 0 0 0 0 0 0 0 0 0 0 0 0 0 0 0 0 0 0 0 0 0 0 0 0 0 0 0 0 0 0 0 0 0 0 0 0 0 0 0 0 0 0 0 0 0 0
0 1 0 0 0 0 49 18 9 14 5 13 12 0 1 0 0 0 0 0 1 0 0 0 0 0 1 0 0 0 0 0 2 2 0 0 1 0 0 0 0 0 0 0 0 0 0 0 0 0 0 0 0 0 0 0 0 0 1 0 0 0 0 0 0 0 0 0 0 0 0 0 0 0 0 0 1 0 0 0 0 0 0 0 0 0 0 0 0 0 0 0 0 0 0 0 0 0 0 0 0 0 0 0 0 0 0 0 0 0 0 0 0 0 0 0 0 0 0 0 0 0 0 0
0 0 0 0 383 1 7370 582 1370 2468 210 728 2438 23 152 0 0 0 0 0 3 0 0 0 0 0 0 0 0 0 10 0 0 0 1 0 3 0 0 0 0 0 0 0 0 0 0 0 0 1 3 0 0 0 0 0 0 0 5 0 0 0 0 0 4 1 0 0 9 0 0 0 1 42 2 0 0 0 0 0 0 7 1 0 0 414 53 191 75 0 5 10 0 0 0 0 0 0 0 0 54 0 38 22 27 31 31 31 31 31 4 4 31 6 4 4 31 31 31 31 148 0 3 0
0 0 0 0 23 0 1360 240 232 425 39 167 381 4 29 0 0 0 0 0 0 0 0 0 0 0 0 0 2 0 0 74 0 0 0 0 0 0 0 0 0 0 0 0 0 0 0 0 0 0 0 0 0 0 0 0 0 0 1 0 0 0 0 0 1 0 0 0 3 0 0 0 0 6 0 0 0 0 0 0 0 0 0 0 0 74 9 0 17 0 0 0 0 0 0 0 0 0 0 0 5 0 0 5 3 4 4 5 4 4 1 1 4 1 1 1 4 5 5 5 29 0 0 0
1 1 0 0 2 0 1269 1477 409 380 81 292 1 1 0 0 0 0 0 0 1 0 0 0 27 0 0 0 0 0 0 743 120 0 0 0 0 0 0 0 0 0 0 0 0 0 0 0 0 0 0 0 0 0 0 0 0 0 2 0 0 0 0 0 1 0 0 0 4 0 0 0 0 5 1 0 0 0 0 0 0 1 1 0 0 480 54 188 78 6 9 0 0 0 0 0 0 0 0 0 62 0 25 24 36 4 4 4 4 4 5 6 4 6 5 5 4 4 4 4 203 11 1 0
1 0 0 0 36 0 4 2 0 1 0 1 1 9 13 2 0 0 1 1 3 2 0 0 0 0 0 0 1 0 0 0 2 1 0 18 29 24 0 91 0 0 35 0 0 1 0 0 6 7 6 0 0 1 1 0 2 2 2 0 1 0 0 0 23 6 0 0 35 0 2 1 1 30 2 1 0 0 0 0 0 0 9 10 0 0 0 0 168 0 0 0 0 0 0 0 0 0 0 0 81 0 12 10 0 22 22 22 22 22 2 2 22 2 2 2 23 23 23 23 9 0 45 0
0 0 0 1 53 0 0 0 0 0 0 0 0 0 2 0 0 0 0 0 1 0 0 0 0 0 4 0 0 0 0 3 0 4 0 0 3 0 0 0 0 0 0 0 0 0 0 0 0 1 0 0 0 0 0 0 0 0 2 0 0 0 0 0 3 0 0 0 4 0 0 0 0 16 0 0 0 0 0 0 0 1 0 1 0 0 0 0 2 0 0 0 0 0 0 0 0 0 0 0 4 0 0 0 0 12 12 12 12 12 0 0 12 1 0 0 13 13 13 13 0 0 1 0
0 0 0 0 12 0 0 17 1 3 4 0 0 0 1 0 0 0 0 0 1 0 0 0 0 0 0 0 0 0 0 0 2 0 0 0 0 0 0 0 0 0 0 0 0 0 0 0 0 0 0 0 0 0 0 0 0 0 2 0 0 0 0 0 4 0 0 0 1 0 0 0 0 12 0 0 0 0 0 0 0 5 0 0 0 0 0 0 0 0 0 0 0 0 0 0 0 0 0 0 0 0 0 1 0 10 10 10 10 10 0 0 10 1 0 0 10 10 10 10 2 0 0 0
3 1 1 0 34 1 19 11 1 3 2 5 5 101 5 13 0 0 6 5 2 3 6 0 0 0 4 0 17 0 0 6 13 10 0 8 1 0 404 210 0 2003 114 0 15 56 0 65 52 124 45 6 11 3 2 0 3 7 0 0 0 0 0 0 378 2 0 135 93 1 0 1 0 1315 1 0 0 0 0 0 1539 11 15 11 8 0 40 0 312 0 0 2 0 0 0 0 0 1 0 2 28 1 0 42 5 1683 1693 1658 1692 1680 1 2 1674 6 3 3 1654 1667 1644 1642 7 0 7 0
0 70 9 1 11560 35 0 0 0 2 1 0 0 0 0 0 0 6 6 2 8 11 296 8 0 0 1 0 8 0 0 2 6 3 39 7 8 0 0 1311 0 228 30 0 801 2911 0 20 3 9 5 0 0 8 10 0 9 0 6 0 49 0 0 0 19191 32 86 14 1986 33 3 25 1 1374 9 2 0 0 0 0 0 0 121 0 0 0 0 0 2119 0 0 0 0 0 0 0 0 0 0 0 0 0 0 4 0 587 11 491 11 225 2 15 350 253 87 77 105 155 104 105 30 0 0 0
0 1 1 0 65 0 15 13 1 5 2 2 0 0 11 0 0 0 1 1 4 4 2 48 0 0 0 0 21 0 0 7 17 7 0 4 6 0 0 0 0 232 609 0 0 1 0 0 45 120 72 4 0 7 13 0 3 19 1 0 0 0 0 0 33 5 0 11 157 0 3 1 1 15 3 2 0 0 0 0 0 0 1 0 0 0 0 0 46 0 1 0 0 0 0 3 0 0 0 0 97 0 39 37 26 12 12 13 12 12 4 4 13 4 4 4 13 13 13 13 0 0 22 0
2 1 1 0 3 0 10 5 0 2 1 2 0 1356 1 478 16 0 230 227 1697 1559 189 253 5 1 15 1 288 0 3 102 215 172 613 71 119 190 270 798 0 63 19 32 62 124 150 244 159 405 306 103 159 174 114 179 112 204 285 253 207 87 0 4 16 373 12 33 12 132 1027 325 336 4 1088 392 328 419 131 245 23 111 5 0 24 21 254 352 92 11 53 226 161 61 214 671 133 13 0 0 16 61 294 1672 91 0 0 2 0 0 1030 979 1 939 1022 1027 2 2 3 3 759 69 326 0
18 30 32 0 368 14 301 182 15 67 45 85 0 224 652 725 19 0 129 114 138 187 798 118 0 0 0 1 104 0 9 30 57 49 12 26 15 0 0 0 0 0 2 64 1700 5604 112 0 0 125 96 0 0 0 84 9 31 53 35 0 173 0 32 0 37075 73 185 12 4183 63 4 47 1 47298 14 1 2 0 0 0 326 107 2 0 0 122 22 0 0 0 72 0 0 165 0 0 0 0 21 0 108 0 127 389 2 97436 97564 95914 97478 96954 7 31 96715 488 170 151 95345 96127 94785 94693 48 0 5 0
0 0 0 0 0 0 0 0 0 0 0 0 0 0 0 0 0 0 0 0 0 0 0 0 0 0 0 0 0 0 0 0 0 0 0 0 0 0 0 0 0 0 0 0 0 0 0 0 0 0 0 0 0 0 0 0 0 0 0 0 0 0 0 0 0 0 0 0 0 0 0 0 0 0 0 0 0 0 0 0 0 0 0 0 0 0 0 0 0 0 0 0 0 0 0 0 0 0 0 0 0 0 0 0 68 0 0 0 0 0 0 0 0 0 0 0 0 0 0 0 0 0 0 0
5 2 1 0 13 1 8 5 0 1 1 2 4 5 5 228 39 6 291 200 7 3 0 6 0 0 11 0 5 0 0 0 5 0 64 18 32 110 14 117 0 0 1 0 0 0 19 1163 13 6 6 4 10 64 59 4 64 2 105 17 7 41 9 0 59 101 0 3 9 3 3 1 2 0 4 4 8 0 0 0 12 16 4 0 0 19 0 0 149 0 25 0 0 9 0 0 0 4 0 0 14 0 3 7 27 5 5 5 5 5 7 7 5 9 7 7 5 5 5 5 187 2 27 0
0 0 0 0 397 0 0 0 0 0 0 0 0 0 0 0 0 1 0 0 0 0 0 0 0 0 0 0 0 0 0 0 0 0 0 0 0 0 0 0 0 0 4 0 0 0 0 0 0 0 0 0 0 0 0 0 0 0 0 0 0 0 0 0 1 0 0 0 4 0 0 0 0 0 4 0 0 0 0 0 0 0 0 0 0 0 0 0 0 0 0 0 0 0 0 0 0 0 0 0 0 0 0 0 0 0 0 0 0 0 0 0 0 0 0 0 0 0 0 0 0 0 0 0
57 29 3 1 4781 16 23 15 1 5 2 5 6 0 0 0 0 2 0 0 0 0 0 0 0 0 0 0 0 0 0 0 1 1 0 0 0 0 0 0 0 0 0 0 0 0 0 0 0 0 0 0 0 0 0 0 0 0 0 0 0 0 0 0 0 0 0 0 0 0 0 0 0 0 0 0 0 0 0 0 0 0 0 0 0 0 0 0 0 0 0 0 0 0 0 0 0 0 0 0 0 0 0 0 0 0 0 0 0 0 0 0 0 0 0 0 0 0 0 0 0 0 0 0
11003 5663 683 138 18711 3045 1661 1084 89 254 34 184 1058 693 24 96 34 77 146 62 45 57 5 254 2 1 20 1 144 0 2 43 98 60 733 311 15 3799 850 229 0 0 195 0 117 265 0 181 302 183 167 57 358 103 77 936 130 97 100 24 27 95 2 0 51 48 0 6 93 60 1009 179 81 0 485 88 186 176 255 6 309 60 2 0 0 61 55 282 33 7 14 302 12 12 0 6 0 0 4 4 1347 1 155 65 2008 4 4 5 4 4 85 136 7 372 258 207 9 9 10 10 202 18 447 0
14 8 8 1 188 3 94 50 4 15 7 21 21 14 193 25 0 1 7 7 3 2 1 103 0 0 7 0 74 0 1 18 49 25 5 4 4 0 0 61 0 384 22 0 3 7 0 0 7 9 10 0 0 0 1 0 0 3 0 0 32 0 0 0 190 57 1 20 148 0 2 1 0 218 3 4 0 0 0 0 435 153 5 0 0 0 150 1938 2198 1 33 0 0 66 0 0 0 0 0 7 97 0 51 5 71 160 161 160 161 160 24 23 160 23 24 24 161 162 161 161 15 0 33 0
122 2 43 13 237 21 11 7 0 4 7 3 4 1 1 87 0 2 66 66 148 102 19 0 0 0 0 0 6 0 0 2 6 5 0 0 0 0 0 0 0 333 35 0 0 0 0 0 0 4 6 0 0 3 4 0 3 2 0 0 0 0 0 0 23 0 0 19 13 0 0 0 0 7 0 0 0 0 0 0 0 24 0 0 0 0 0 0 2 0 0 0 0 0 0 0 0 0 0 0 0 0 0 0 0 10 10 10 10 10 1 1 10 1 1 1 10 10 10 10 0 0 0 0
0 0 2 0 2 0 0 1 0 0 1 0 0 0 0 0 0 2 0 0 9 0 3 0 0 0 0 0 0 0 0 0 0 0 0 0 0 0 0 0 0 0 0 0 0 0 0 0 0 0 0 0 0 0 0 0 0 1 0 0 0 0 0 0 1 0 0 0 0 0 0 0 0 1 0 0 0 0 0 0 0 0 0 0 0 0 0 0 0 0 0 0 0 0 0 0 0 0 0 0 0 0 0 0 0 1 1 1 1 1 0 0 1 0 0 0 2 2 2 2 0 0 0 0
0 0 1 0 1 0 0 0 0 0 0 0 0 0 0 0 0 0 2 0 0 0 0 0 0 0 0 0 0 0 0 0 0 0 0 0 0 0 0 0 0 0 1 0 0 0 0 0 0 4 0 0 0 0 0 0 0 0 0 0 0 0 0 0 1 0 0 0 0 0 0 0 0 0 0 0 0 0 0 0 0 0 0 0 0 0 0 0 0 0 0 0 0 0 0 0 0 0 0 0 0 0 0 0 0 0 0 0 0 0 0 0 0 0 0 0 0 0 0 0 0 0 0 0
4 1 156 9 46 23 10 22 0 7 41 10 0 11 1 29 0 20 57 43 1197 1119 130 0 0 0 0 0 0 0 0 0 1 0 4 0 3 0 0 0 0 1198 1 0 1 4 0 15 1 11 53 0 0 9 23 5 24 9 42 0 0 0 0 0 33 6 0 29 31 0 0 0 0 90 1 0 0 0 0 0 5608 0 0 0 0 0 0 0 4 0 0 0 0 0 0 0 0 0 0 0 5 0 0 1 0 116 116 115 116 116 11 11 116 11 11 11 117 118 117 117 93 0 5 0
26 14 53 3 51 11 168 98 8 32 26 43 62 6 1 39 14 22 20 12 285 349 33 0 0 0 0 0 10 0 0 4 10 9 13 0 0 0 1 138 0 576 0 0 1 2 0 39 368 712 2276 243 0 2 5 0 7 2 0 0 14 0 0 0 20 2 0 29 10 0 0 0 0 23 0 0 0 0 0 0 116 6 13 0 0 0 0 0 245 0 0 0 0 0 0 0 0 0 0 0 0 0 21 7 0 30 30 30 30 30 168 159 30 153 166 167 33 32 34 34 0 0 8 0
0 0 0 0 151 0 2 1 0 0 0 0 0 0 1 1 0 3 0 0 1 0 0 0 0 0 0 0 1 0 0 0 1 1 0 0 0 0 0 0 0 203 0 0 0 0 0 3 0 0 1 0 0 0 0 0 1 1 0 0 0 0 0 0 40 18 0 0 202 54 8 0 4 0 0 9 0 0 0 0 0 1 0 0 0 0 0 0 17 0 0 0 0 0 0 0 0 0 0 0 0 0 0 0 0 0 0 0 0 0 1 1 0 1 1 1 3 2 3 3 0 0 0 0
0 0 0 0 2 0 0 0 0 0 0 0 0 0 0 2 0 0 0 0 0 0 0 0 0 0 0 0 1 0 0 1 1 2 0 0 0 0 0 0 0 0 0 0 0 0 0 0 0 8 6 0 0 0 0 0 0 0 0 0 0 0 0 0 16 4 0 3 35 19562 3 0 0 0 0 0 0 0 0 0 0 0 0 0 0 0 0 0 0 0 0 0 0 0 0 0 0 0 0 0 0 0 0 0 0 0 0 0 0 0 0 0 0 0 0 0 0 0 0 0 0 0 0 0
2 2 1 0 28 1 14 8 1 3 2 4 0 0 1 3 0 0 5 5 2 0 0 0 0 0 1 0 9 0 0 10 15 19 1 0 1 26 9 19 0 0 343 0 0 0 0 86 69 41 108 0 22 7 3 0 8 3 0 29 130 7 1 0 32 344 2 3 67 192 29 0 1 0 1 2 0 0 0 0 0 1 0 2 0 0 0 0 9 0 0 0 0 0 0 0 0 0 0 0 0 0 0 0 0 0 0 0 0 0 2 2 0 2 2 2 0 0 0 0 0 0 0 0
0 0 0 0 6 0 2 1 0 0 0 0 0 0 4 1 0 0 0 0 0 0 0 0 0 0 0 0 2 0 0 1 1 1 0 0 0 0 0 0 0 0 0 0 0 0 0 12 0 1 0 0 0 0 0 0 0 1 0 0 0 0 0 0 4 2 0 0 11 54 8 0 0 0 0 0 0 0 0 0 0 0 0 2 0 0 1 0 43 0 1 0 0 0 0 0 0 0 0 0 0 0 0 0 0 0 0 0 0 0 1 1 0 1 1 1 0 0 0 0 0 0 0 0
0 0 0 0 6 0 0 0 0 0 0 0 0 0 1 0 0 0 0 0 0 0 0 0 0 0 0 0 1 0 0 0 1 1 0 0 0 0 0 0 0 0 64 0 0 0 0 0 0 0 0 0 0 0 0 0 0 0 0 0 0 0 0 0 15 0 0 0 69 7 5 0 0 0 4 2 0 0 0 0 0 1 0 0 0 0 0 0 2 0 0 0 0 0 0 0 0 0 0 0 0 0 0 0 0 0 0 0 0 0 1 3 0 1 0 0 0 0 0 0 0 0 0 0
0 0 0 0 3 0 1 0 0 0 0 0 0 0 0 0 0 0 2 1 0 0 0 0 0 0 0 0 0 0 0 0 0 0 0 0 0 3 0 0 0 0 288 0 0 0 0 14 1 60 65 0 21 8 1 63 121 68 0 0 5 0 0 0 6 69 1 0 14 26 101 1 1 0 0 3 0 0 0 0 0 0 0 0 0 0 0 0 1 0 1 0 0 0 0 0 0 0 0 0 0 0 0 0 0 0 0 0 0 0 0 0 0 0 0 0 0 0 0 0 0 0 0 0
37 22 24 1 185 18 182 107 10 30 10 32 48 114 81 489 14 1 158 157 65 55 9 53 0 0 11 0 68 0 1 23 50 37 26 10 43 298 76 81 0 307 163 0 2 8 0 359 422 124 43 35 42 103 785 0 53 97 53 0 305 84 0 0 309 205 9 26 682 12 45 20 21 593 48 33 0 0 0 0 788 0 2 0 0 0 13 77 3337 30 76 22 0 0 0 0 0 0 0 0 28 0 12 145 14 435 439 433 439 436 14 13 434 15 14 14 431 436 429 429 4 0 9 0
1 0 3 0 32 1 1 1 0 0 0 0 1 7 3 38 0 5 15 15 5 4 1 0 0 0 0 0 2 0 0 0 2 1 0 1 6 65 0 48 0 0 2 0 0 0 0 0 11 12 10 5 0 5 4 0 3 8 0 0 0 4 0 0 28 24 2 0 19 1 11 2 2 0 12 27 0 0 0 0 0 0 0 0 0 0 105 0 195 0 0 0 0 0 0 0 0 0 0 0 11 0 0 0 0 0 0 1 0 0 0 0 0 0 0 0 3 3 4 4 0 0 2 0
15 8 8 0 262 3 90 54 4 20 13 25 2391 895 40 5 0 0 9 4 16 6 1 1 0 1 37 1 16 0 3 10 13 26 12 0 25 2 16 60 0 16 15 0 0 1 0 27 7 10 8 2 3 1 1 0 1 1 27 0 0 0 3 0 19 6 0 1 6 3 6 2 6 0 17 3 32 1 0 0 22 4 4 0 11 7 21 0 81 2 17 0 0 2 0 15 0 7 0 0 62 0 121 168 2 0 0 0 0 0 35 33 0 39 34 34 1 1 1 1 16 0 9 0
93 51 48 0 1090 20 583 347 28 125 78 160 139 54 87 38 1 1 21 21 1 0 0 1 7 1 3 0 16 0 8 3 3 4 0 0 3 8 11 18 0 0 1 0 0 0 0 41 93 23 24 14 13 1 0 0 1 0 6 30 555 0 0 9 120 92 0 0 30 0 2 1 1 0 3 3 3 0 0 1 0 18 0 47 43 3 0 588 1376 569 1063 55 55 167 52 26 42 11 66 30 0 6 3 9 0 0 0 5 0 1 13 12 4 13 13 13 16 14 20 20 42 23 35 0
9 5 5 0 633 2 58 35 33 13 8 16 0 77 3 20 0 1 66 9 6 0 0 0 3 0 14 0 4 0 0 2 5 4 0 0 15 0 4 3 0 4 0 0 0 0 2 81 10 5 17 2 2 0 0 0 0 0 17 0 41 8 0 0 291 271 1 0 18 1 0 0 2 2 5 1 17 0 0 0 19 17 1 19 0 17 155 87 145 15 6 46 14 668 19 13 25 3 6 45 96 1 15 5 0 2 2 2 2 2 9 8 2 12 9 9 2 2 2 2 22 11 22 0
0 0 0 0 0 0 0 0 0 0 0 0 0 0 0 0 0 0 0 0 0 0 0 0 0 0 0 0 0 0 0 0 0 0 0 0 0 0 0 0 0 0 0 0 0 0 0 0 0 0 0 0 0 0 0 0 0 0 0 0 0 0 0 0 0 0 0 0 0 0 0 0 0 0 0 0 0 0 0 0 0 0 0 0 0 0 0 0 0 0 0 0 0 0 0 0 0 0 0 0 0 0 0 0 0 0 0 0 0 0 0 0 0 0 0 0 0 0 0 0 0 0 0 0
0 0 0 0 16 0 2 1 0 0 0 0 0 6 2 0 0 0 0 0 0 0 0 0 0 0 0 0 0 0 0 0 0 0 0 0 0 0 0 0 0 0 0 0 0 0 0 0 0 0 0 0 0 0 0 0 0 0 0 0 0 0 0 0 5 0 0 0 31 0 0 0 0 0 0 0 0 0 0 0 0 0 0 0 0 0 0 54 17 0 0 0 0 0 0 0 0 0 0 0 10 0 0 0 0 0 0 1 0 0 0 0 1 0 0 0 3 3 4 4 0 0 0 0
0 0 0 0 0 0 0 0 0 0 0 0 0 0 0 31 11 0 26 14 13 14 4 0 0 0 0 0 0 0 0 0 0 0 0 0 0 15 0 1 0 0 0 0 0 0 0 0 0 0 0 0 0 0 0 0 0 0 0 0 0 0 0 0 3 0 0 0 2 0 0 0 0 0 0 0 0 0 0 0 0 0 0 0 0 0 31 0 0 0 0 2 0 0 0 0 0 0 7 0 1 0 0 0 0 0 0 0 0 0 0 0 0 0 0 0 0 0 0 0 0 0 0 0
2 1 0 0 3574 1 0 0 0 0 0 0 0 9 0 0 0 0 0 0 23 21 3 1 0 0 0 9 1 0 0 0 1 1 1 0 1 0 0 0 0 0 443 0 0 0 0 0 0 0 0 0 0 26 0 0 2 5 1 0 0 0 0 0 23 0 0 0 16 0 1 0 0 0 1 7 0 0 0 0 0 3 0 0 0 0 4 0 1 0 0 0 0 0 0 0 0 0 0 0 0 0 4 6 0 0 0 7 0 2 0 0 3 1 0 0 10 14 11 13 0 0 0 0
0 0 0 0 0 0 0 0 0 0 0 0 0 0 0 0 0 0 0 0 0 0 0 0 0 0 0 0 0 0 0 0 0 0 0 0 0 0 0 0 0 0 0 0 0 0 0 0 0 0 0 0 0 0 0 0 0 0 0 0 0 0 0 0 0 0 0 0 0 0 0 0 0 0 0 0 0 0 0 0 0 0 0 0 0 0 0 0 0 0 0 0 0 0 0 0 0 0 0 0 0 0 0 0 0 0 0 0 0 0 0 0 0 0 0 0 0 0 0 0 0 0 0 0
0 0 2 0 0 0 0 0 0 0 0 0 0 0 0 0 0 0 0 0 0 0 0 0 0 0 0 0 0 0 0 0 0 0 0 0 0 0 0 0 0 0 0 0 0 0 0 0 0 0 0 0 0 0 0 0 0 0 0 0 0 0 0 0 0 0 0 0 0 0 0 0 0 0 0 0 0 0 0 0 0 0 0 0 0 0 0 0 0 0 0 0 0 0 0 0 0 0 0 0 0 0 0 0 0 0 0 0 0 0 0 0 0 0 0 0 0 0 0 0 0 0 0 0
0 0 0 0 0 0 0 0 0 0 0 0 0 0 0 0 0 0 0 0 0 0 0 0 0 0 0 0 0 0 0 0 0 0 0 0 0 0 0 0 0 0 0 0 0 0 0 0 0 0 0 0 0 0 0 0 0 0 0 0 0 0 0 0 0 0 0 0 0 0 0 0 0 0 0 0 0 0 0 0 0 0 0 0 0 0 0 0 0 0 0 0 0 0 0 0 0 0 0 0 0 0 0 0 0 0 0 0 0 0 0 0 0 0 0 0 0 0 0 0 0 0 0 0
0 0 1 0 0 0 0 0 0 0 0 0 0 0 0 0 0 0 0 0 0 0 0 0 0 0 0 0 0 0 0 0 0 0 0 0 0 0 0 0 0 0 0 0 0 0 0 0 0 0 0 0 0 0 0 0 0 0 0 0 0 0 0 0 0 0 0 0 0 0 0 0 0 0 0 0 0 0 0 0 0 0 0 0 0 0 0 0 0 0 0 0 0 0 0 0 0 0 0 0 0 0 0 0 0 0 0 0 0 0 0 0 0 0 0 0 0 0 0 0 0 0 0 0
0 0 0 0 0 0 0 0 0 0 0 0 0 0 0 0 0 0 0 0 0 0 0 0 0 0 0 0 0 0 0 0 0 0 0 0 0 0 0 0 0 0 0 0 0 0 0 1 0 0 0 0 0 0 0 0 0 0 0 0 0 0 0 0 0 0 0 0 0 0 0 0 0 0 0 0 0 0 0 0 0 0 0 0 0 0 0 0 0 0 0 0 0 0 0 0 0 0 0 0 0 0 0 0 0 0 0 0 0 0 0 0 0 0 0 0 0 0 0 0 0 0 0 0
0 0 1 0 0 0 0 0 0 0 0 0 0 0 0 0 0 0 1 0 1 2 69 0 0 0 0 0 0 0 0 0 0 0 0 0 0 0 0 0 0 0 0 4 186 678 7 0 0 0 0 0 0 2 0 0 0 0 0 0 10 0 4 0 4466 7 20 0 453 8 0 6 0 0 2 0 0 0 0 0 0 0 0 0 0 0 0 0 0 0 0 0 0 0 0 0 0 0 0 0 0 0 0 0 0 135 1 113 1 51 0 3 80 59 20 18 23 35 23 23 0 0 0 0
0 0 0 0 12 0 0 0 0 0 0 0 0 0 0 0 0 0 0 0 0 0 0 0 0 0 0 0 0 0 0 0 0 0 0 0 0 0 0 0 0 0 2 0 0 0 0 0 0 0 0 0 0 0 0 0 0 0 0 0 0 0 0 0 0 0 0 0 0 0 0 0 0 0 0 0 0 0 0 0 0 0 0 0 0 0 0 0 0 0 0 0 0 0 0 0 0 0 0 0 0 0 0 0 0 0 0 0 0 0 0 0 0 0 0 0 0 0 0 0 0 0 0 0
0 0 0 0 0 0 0 0 0 0 0 0 0 0 0 0 0 0 0 0 0 0 0 0 0 0 0 0 0 0 0 0 0 0 0 0 0 0 0 0 0 0 0 0 0 0 0 0 0 0 0 0 0 0 0 0 0 0 0 0 0 0 0 0 0 0 0 0 0 0 0 0 0 0 0 0 0 0 0 0 0 0 0 0 0 0 0 0 0 0 0 0 0 0 0 0 0 0 0 0 0 0 0 0 0 0 0 0 0 0 0 0 0 0 0 0 0 0 0 0 0 0 0 0
67 29 4772 2 863 252 0 0 581 327 270 373 476 1060 280 186 149 0 225 285 1906 1866 197 0 0 0 4 0 82 0 0 21 57 40 161 13 15 74 300 57 0 0 0 0 3 7 0 156 89 96 98 123 144 0 4 50 5 9 17 10 26 0 0 0 6 106 1 16 12 0 0 0 0 0 0 0 0 0 0 0 0 3 0 0 0 75 40 0 225 38 36 0 0 8 0 0 0 0 0 0 0 0 0 119 51 0 0 1 0 0 81 360 0 198 34 32 3 2 4 3 33 0 47 0
56 24 3985 2 721 211 1226 1532 485 273 225 311 398 886 1973 155 126 0 188 238 1592 1558 165 83 3 0 4 0 73 0 1 23 49 36 135 13 14 62 251 47 0 318 0 2 2 6 0 132 74 80 82 105 121 0 3 43 4 8 14 7 21 0 0 2 9 89 1 14 20 0 0 0 0 0 0 0 4186 0 0 9 0 629 10 0 0 753 247 0 1647 565 264 0 0 229 11 0 0 137 0 0 0 0 1131 874 398 0 0 2 0 1 593 2636 2 1447 252 232 12 8 15 14 318 110 306 0
0 0 0 0 0 0 0 0 0 0 0 0 0 0 202 0 102 1067 115 186 1282 1255 133 207 7 1 11 0 175 0 2 55 118 86 58 5 6 14 175 33 0 2409 0 3 4 9 0 52 95 103 105 134 155 0 21 672 65 123 231 118 100 2 0 8 3 38 0 6 6 202 1535 540 559 6 1684 632 4285 5490 0 16 0 540 8 464 619 626 3 2220 1393 478 223 0 0 53 34 0 51 105 69 0 3 0 912 739 321 0 0 0 0 0 501 2231 0 1224 213 197 3 2 4 4 264 766 0 0
63 34 40 20 196 16 335 205 22 73 44 95 166 477 127 61 4 2 70 24 81 83 43 25 1 0 2 0 20 0 1 35 53 70 177 10 7 9 78 40 0 13 0 3 2 3 0 38 26 46 39 18 16 257 286 195 121 233 637 12 72 3 0 6 3 608 3 6 9 8 8 14 3 1 7 6 6 0 0 0 0 48 0 5 0 0 47 292 14 43 58 0 0 0 0 0 0 0 0 3 97 0 12 32 0 0 0 1 0 0 291 274 0 250 282 287 2 3 2 2 68 0 291 0
365 277 516 5 875 222 658 343 32 155 33 123 435 1142 943 41 0 0 30 29 1697 1504 200 0 0 0 0 0 79 0 0 17 53 67 189 11 11 0 248 160 0 0 3 0 5 10 0 0 47 38 361 0 0 424 146 205 117 255 324 0 484 0 54 0 16 435 8 106 55 36 270 195 202 1 298 112 197 121 4 31 0 377 4 0 503 226 42 0 0 1267 1460 0 271 286 0 295 0 746 0 0 239 0 1255 1031 137 0 0 8 0 2 879 836 4 802 872 876 22 21 29 28 1008 65 75 0
171 95 89 0 351 39 1128 624 51 203 102 268 0 0 0 6 5 15 7 4 1207 1193 120 0 0 1 4 0 0 8069 0 0 8 0 348 0 0 0 213 132 0 0 0 0 0 0 0 0 0 0 0 188 0 0 2016 0 2176 0 3327 69 33 0 0 0 9 239 33 0 35 30 241 98 101 1 234 159 0 0 0 0 0 0 7 0 0 0 0 0 107 0 0 0 0 0 0 0 0 0 0 0 0 0 0 0 0 0 0 8 0 2 1002 952 4 913 993 998 35 33 44 44 939 0 129 0
66 0 9 2 0 15 0 0 20 78 39 0 15 0 0 0 0 0 0 0 0 0 224 0 0 0 0 5 0 6 8 0 8 0 0 0 189 0 0 0 0 0 0 0 49 27 0 0 119 546 104 0 0 7 34 0 0 82 32 0 543 0 61 0 1 0 0 0 27 18 36 94 0 0 297 22 57 0 0 238 0 0 0 0 0 0 0 0 0 0 0 0 0 0 0 0 0 0 0 0 0 0 0 0 0 0 0 0 0 0 0 84 0 73 67 45 1 1 1 1 0 0 0 0
2 0 0 0 263 1 54 39 12 25 7 0 14 733 919 2 0 0 1 541 3085 0 0 0 273 42 6819 21 681 12 71 483 2316 1332 0 0 7189 0 261 337 180 2103 0 146 35 67 236 690 991 1457 1480 612 580 0 0 0 0 0 8361 653 1659 2027 0 0 274 1140 7 79 286 517 1 0 866 0 2300 1 9733 1 0 0 5862 1162 5 0 1346 2049 0 0 7 0 282 58 0 0 0 2404 370 173 0 0 0 0 2364 1225 1477 0 0 16 0 4 3 3 4 2145 3 3 29 34 37 38 769 39 0 0
2938 2364 9676 1393 200 1593 1746 4208 2230 3057 3460 1258 1869 4642 566 380 1361 302 1036 558 349 509 1475 0 6 59 386 3452 255 100 882 317 878 1842 156 1695 1072 0 1800 804 0 710 247 4 320 183 174 1254 1760 1881 666 400 1710 3431 6205 3235 1523 2786 8438 519 908 0 0 126 194 2510 95 34 1747 205 1608 630 86 161 493 68 433 481 0 218 0 4053 70 0 0 1466 303 0 268 793 4896 0 156 988 95 326 143 0 0 0 73 0 1121 746 1142 0 0 8 0 2 19605 18634 2 17873 19443 19536 7 8 8 8 2630 710 993 0
0 0 0 0 18 4 36 25 0 1 7 7 115 5 0 3 0 0 3 2 261 285 48 0 0 0 0 4 0 0 0 0 0 0 42 41 350 13 43 22 0 0 792 0 1 0 0 30 21 24 18 13 21 24 54 35 22 42 123 12 47 0 0 0 26 81 3 15 23 8 45 15 12 1 115 20 0 0 0 33 0 36 1 0 0 0 127 664 271 66 46 0 0 0 0 0 0 0 0 0 475 0 253 0 130 0 0 2 0 0 227 215 1 207 225 226 5 5 6 6 268 0 30 0
0 0 0 0 1 0 2 1 0 0 0 0 0 174 13 91 0 0 39 39 156 94 21 0 0 0 0 0 0 0 0 0 0 0 11 14 5 0 19 2 0 0 642 0 0 0 0 0 3 26 83 3 47 14 2 2 0 4 5 0 0 0 0 0 11 12 0 0 16 0 0 0 0 0 0 0 0 0 0 0 0 44 0 226 0 0 0 222 184 12 8 0 557 0 8 0 54 0 0 0 0 0 231 0 24 0 0 1 0 0 281 267 0 256 278 279 2 2 2 2 0 0 0 0
35 20 19 0 296 8 240 131 11 42 21 1615 53 1483 128 9 2 4 8 6 2555 1787 68 0 0 0 0 0 0 0 2 0 50 0 211 131 401 1501 916 154 0 4 240 1 0 1 0 0 198 294 400 410 210 9 9 21 10 40 8 0 79 34 0 0 73 0 1 26 384 3 21 5 5 0 22 12 5 7 0 0 334 785 5 3745 1818 0 0 0 1761 0 14 468 1065 0 0 83 0 10 0 0 471 0 854 0 0 0 0 3 0 1 620 589 1 565 615 617 6 6 8 8 79 0 55 0
0 0 0 0 0 0 0 0 0 0 0 0 0 0 0 26 0 1 4 2 0 0 0 0 0 0 0 0 0 0 0 0 0 0 0 0 0 0 0 0 0 16069 0 0 0 0 0 0 0 0 0 0 0 0 0 0 0 0 0 0 0 0 0 0 0 0 0 0 1 0 0 0 0 0 0 0 0 0 0 0 0 0 23 0 0 0 0 0 0 0 0 0 0 0 0 0 0 0 0 0 0 0 0 0 0 0 0 0 0 0 31 0 0 24 0 0 0 0 0 0 0 0 0 0
0 0 0 0 6 0 0 4 0 0 0 0 0 0 182 1 4 0 2 1 50 59 6 0 0 3 0 7 0 7 6 50 38 0 8 1 8 114 32 4 0 329 0 1 0 1 0 0 7 14 25 26 21 9 26 7 6 80 6 0 16 0 0 0 5 7 0 1 140 4 27 0 0 0 0 0 0 0 0 0 0 48 0 1248 0 0 0 242 181 0 10 420 0 0 0 0 0 0 0 0 0 0 0 0 0 0 0 0 0 0 205 195 0 187 203 204 1 0 1 1 24 0 0 0
0 0 0 0 0 0 0 0 0 0 0 0 0 0 0 0 0 0 0 0 4 5 0 0 0 0 0 0 0 1 0 0 0 0 0 0 1 0 1 0 0 0 0 0 0 0 0 0 0 0 1 2 1 0 0 0 0 0 0 0 0 0 0 0 0 0 0 0 1 0 1 0 0 0 0 0 0 0 0 0 0 1 0 0 0 0 0 0 9 0 0 0 0 0 0 0 0 0 0 0 0 0 0 0 0 0 0 0 0 0 24 23 0 22 24 24 0 0 0 0 0 0 0 0
0 37 24 3 473 4 0 241 0 9 83 38 0 101 0 11 11 0 15 15 303 366 82 0 49 8 0 5 0 8 22 0 20 202 89 20 9 0 31 12 0 4 0 1 0 1 0 128 247 155 443 63 133 87 65 51 35 62 153 0 133 0 0 0 18 159 0 27 7 0 1 0 1 0 2 1 5 1 15 11 3 64 1 0 6 24 1251 0 203 0 4594 0 0 0 0 64 0 6 10 25 0 0 907 0 60 0 0 0 0 0 30 29 0 29 30 30 1 1 2 1 243 14 75 0
37 39 93 13 20 16 81 39 119 140 159 32 85 411 611 2 0 0 6 6 402 470 93 35 39 6 21 11 59 8 18 91 61 95 173 73 70 27 100 39 0 23 0 2 2 3 0 85 142 328 250 160 185 182 102 78 52 93 241 18 70 44 0 0 33 121 6 1 123 7 53 12 12 0 56 5 12 15 20 54 0 724 55 9011 0 194 0 0 1860 4256 7372 22491 0 51 0 66 311 86 0 137 834 192 48 0 36 0 0 2 0 0 1288 1224 0 1174 1277 1284 3 3 3 3 507 31 335 0
189 107 101 1 335 49 1276 640 55 189 74 236 17 859 272 198 28 8 143 142 61 71 14 161 0 1 10 0 75 0 1 37 92 60 32 32 743 4 53 55 0 0 0 0 0 1 0 0 104 58 64 29 36 43 65 48 29 59 158 11 88 0 0 0 29 115 4 76 20 11 85 25 26 0 90 32 0 0 0 73 0 325 8 439 0 231 563 924 0 345 274 853 0 0 291 340 1461 0 275 0 1851 0 1793 286 17 0 0 4 0 1 805 765 1 735 799 802 4 6 6 6 923 0 497 0
70 39 37 1 308 17 468 248 21 78 36 101 256 212 73 38 25 85 61 51 29 29 4 34 0 1 10 1 44 1 2 26 38 33 113 25 93 65 61 10 0 0 11 7 4 7 9 54 32 45 39 27 20 25 27 57 26 61 29 21 63 57 0 0 49 82 7 45 50 26 201 81 84 1 212 42 66 0 0 52 84 108 6 447 0 45 0 287 530 311 227 810 63 0 0 242 0 378 0 0 1325 0 0 0 0 0 0 2 0 1 380 361 1 346 377 378 5 5 6 6 196 0 421 0
96 53 50 1 1019 22 631 345 28 111 54 146 159 1448 620 23 9 5 16 10 198 562 20 63 0 0 3 0 84 0 0 47 96 92 187 113 114 267 95 0 0 179 0 0 6 12 0 96 70 171 48 35 101 38 8 87 78 129 10 24 125 0 0 0 10 152 4 98 19 14 111 88 91 0 114 152 78 29 5 84 0 858 105 0 0 468 6 0 2832 480 829 0 0 0 0 0 0 0 0 0 0 0 2652 220 623 0 0 3 0 1 705 670 0 642 699 702 5 6 5 5 26 0 263 0
50 28 28 1 174 17 330 181 16 59 31 77 149 189 172 157 50 411 292 248 270 255 35 88 4 7 206 7 93 4 10 77 69 35 282 57 1114 54 113 121 0 222 58 11 5 10 27 179 146 125 151 101 77 168 173 268 176 211 199 71 124 56 0 0 78 298 6 146 39 44 357 137 142 1 357 107 98 105 0 155 579 857 198 0 0 806 0 1155 401 1207 1874 3351 0 0 4809 223 0 212 200 0 1839 87 0 229 468 0 0 5 0 1 799 760 2 729 792 796 6 8 7 8 968 206 474 0
8 5 522 75 71 92 9 37 2 189 1720 36 0 201 124 249 9 2 39 39 319 377 76 8 0 0 0 0 13 0 0 12 20 25 21 15 879 0 73 82 0 184 0 0 0 0 5 70 71 59 49 36 28 59 154 109 70 135 374 21 51 0 0 0 52 133 5 56 79 8 59 27 28 0 63 51 4 0 0 38 0 3644 368 0 3808 3085 1034 0 0 376 5 0 0 494 0 36 0 0 0 0 0 0 2019 723 384 0 0 5 0 1 434 412 1 395 430 432 4 6 5 5 153 347 1772 0
99 55 205 25 317 44 460 257 24 87 92 112 252 852 616 125 38 13 55 50 1100 1256 249 329 11 3 78 5 455 0 6 278 520 524 153 186 116 207 210 213 39 0 0 249 286 355 0 148 93 238 164 170 206 90 167 147 78 170 446 118 193 196 0 0 129 269 0 1672 112 38 257 105 114 1 297 89 183 135 0 3 1436 116 2 6625 215 332 872 3006 466 676 297 0 61 0 1593 1053 0 642 0 17253 1140 1762 410 172 31 0 0 10 0 2 787 748 2 734 780 784 10 12 12 12 381 153 1733 0
10 14 41 3 91 60 31 18 12 22 163 11 187 748 117 16 3 1 16 10 35 36 6 59 0 0 8 0 46 0 1 79 121 161 8 3 15 0 7 7 34 716 0 2 6 9 0 0 5 7 7 3 0 26 54 16 18 21 90 87 16 50 0 0 162 34 51 22 23 374 797 266 273 67 2168 5 165 41 157 0 746 1023 32 1347 436 459 5554 6895 4393 978 685 0 0 1254 1287 3158 4322 325 0 0 0 0 1034 132 982 0 0 5 0 1 876 832 1 798 869 873 7 7 8 8 2152 273 1525 0
0 0 0 0 33 2 1023 29 0 2 7 11 60 0 0 8 1 0 35 34 11 11 1 0 0 0 0 0 0 0 0 0 0 0 0 0 51 0 18 0 0 0 30 0 39 77 0 0 1 34 24 0 18 35 8 6 4 10 16 0 0 0 11 0 129 0 0 14 6 0 1 1 1 0 1 3 1 1 0 0 0 4 0 364 0 0 75 0 1 0 0 1 0 0 0 5 0 19 0 81 0 0 201 0 84 0 0 1 0 0 130 141 0 133 132 132 2 2 1 2 128 0 0 0
335 184 176 4 1169 77 2215 1217 102 394 196 516 992 1284 1159 560 379 193 858 573 1073 864 96 217 46 7 1240 3 152 2 11 148 248 130 500 54 6757 0 674 476 0 1048 0 17 13 23 0 647 578 291 435 364 302 708 679 1364 656 663 566 354 46 4 0 0 420 1021 11 515 178 60 424 152 157 3 478 452 141 111 195 220 2604 5285 1321 1092 1914 5836 85 68 74 11 8440 557 0 3432 257 1647 0 1503 0 200 6909 0 0 1785 3130 0 0 30 0 7 2565 2438 10 2338 2544 2556 31 40 37 40 6366 1355 2245 0
0 0 0 0 23 1 22 18 0 4 4 6 9 381 0 245 0 0 26 23 55 69 314 0 0 0 0 0 0 0 1 0 15 0 0 7 241 13 32 0 0 0 0 0 0 0 0 0 155 37 20 3 0 73 123 16 36 42 189 0 21 0 0 0 7 24 14 0 24 3 6 2 2 1 15 0 2 0 0 0 0 200 34 0 0 0 0 0 534 52 28 0 0 0 5 0 0 0 0 0 0 106 0 0 117 0 0 2 0 0 37 40 0 38 38 38 0 1 1 1 28 0 509 0
0 0 34 5 5 6 1 2 0 6 56 3 0 3 2 2 0 0 1 0 2 3 1 0 0 0 0 0 0 0 0 0 0 0 0 0 0 0 0 0 0 0 238 0 0 0 0 0 1 3 1 0 0 2 2 1 1 1 5 0 0 0 0 0 5 1 0 0 5 0 0 0 0 0 0 0 0 0 0 0 0 3 1 0 0 0 112 175 401 81 0 143 115 0 107 0 0 0 0 0 1808 0 1062 0 377 0 0 1 0 0 90 86 0 82 90 90 1 1 1 1 176 0 0 0
317 215 193 0 10 1367 2519 788 80 204 74 333 116 0 27 1 0 0 0 0 0 0 0 0 0 0 0 0 0 9 4 0 0 0 1 10 9 0 24 0 0 0 0 0 0 0 0 0 47 11 6 2 3 6 111 3 9 8 15 0 21 0 4 7 3 9 10 6 4 6 14 5 5 1 34 0 0 0 0 17 0 13 0 0 0 0 0 0 3 4 16 0 0 0 8 0 0 0 0 0 0 0 0 0 0 0 0 0 0 0 94 102 0 96 96 95 1 1 1 1 300 0 96 0
0 0 0 0 0 0 0 0 0 0 0 0 0 0 0 0 0 0 0 0 0 0 0 0 0 0 0 0 0 0 0 0 0 0 0 0 0 0 0 0 0 0 0 0 0 0 0 0 0 0 0 0 0 0 0 0 0 0 0 0 0 0 0 0 0 0 0 0 4 0 0 0 0 0 0 0 0 0 0 0 0 0 0 0 0 0 0 0 0 0 0 0 0 0 0 0 0 0 0 0 0 0 0 0 0 0 0 2 0 1 0 0 0 0 0 0 1 3 2 2 0 0 0 0
0 0 0 0 0 0 0 0 0 0 0 0 0 0 0 0 0 0 0 0 0 0 0 0 0 0 0 0 0 0 0 0 0 0 0 0 0 0 0 0 0 0 0 0 0 0 0 0 0 0 0 0 0 0 0 0 0 0 0 0 0 0 0 0 0 0 0 0 3 0 0 0 0 0 0 0 0 0 0 0 0 0 0 0 0 0 0 0 0 0 0 0 0 0 0 0 0 0 0 0 0 0 0 0 0 0 0 3 0 1 0 0 0 0 0 0 2 3 2 3 0 0 0 0
0 0 0 0 0 0 0 0 0 0 0 0 0 0 0 0 0 0 0 0 0 0 0 0 0 0 0 0 0 0 0 0 0 0 0 0 0 0 0 0 0 0 0 0 0 0 0 0 0 0 0 0 0 0 0 0 0 0 0 0 0 0 0 0 0 0 0 0 5 0 0 0 0 0 0 0 0 0 0 0 0 0 0 0 0 0 0 0 0 0 0 0 0 0 0 0 0 0 0 0 0 0 0 0 0 0 0 0 0 0 0 0 0 0 0 0 1 2 2 2 0 0 0 0
0 0 0 0 0 0 0 0 0 0 0 0 0 0 0 0 0 0 0 0 0 0 0 0 0 0 0 0 0 0 0 0 0 0 0 0 0 0 0 0 0 0 0 0 0 0 0 0 0 0 0 0 0 0 0 0 0 0 0 0 0 0 0 0 0 0 0 0 2 0 0 0 0 0 0 0 0 0 0 0 0 0 0 0 0 0 0 0 0 0 0 0 0 0 0 0 0 0 0 0 0 0 0 0 0 0 0 1 0 0 0 0 0 0 0 0 1 1 1 1 0 0 0 0
0 0 0 0 0 0 0 0 0 0 0 0 0 0 0 0 0 0 0 0 0 0 0 0 0 0 0 0 0 0 0 0 0 0 0 0 0 0 0 0 0 0 0 0 0 0 0 0 0 0 0 0 0 0 0 0 0 0 0 0 0 0 0 0 0 0 0 0 2 0 0 0 0 0 0 0 0 0 0 0 0 0 0 0 0 0 0 0 0 0 0 0 0 0 0 0 0 0 0 0 0 0 0 0 0 0 0 1 0 0 0 0 0 0 0 0 1 2 1 1 0 0 0 0
0 0 0 0 0 0 0 0 0 0 0 0 0 0 0 0 0 0 0 0 0 0 0 0 0 0 0 0 0 0 0 0 0 0 0 0 0 0 0 0 0 0 0 0 0 0 0 0 0 0 0 0 0 0 0 0 0 0 0 0 0 0 0 0 0 0 0 0 1 0 0 0 0 0 0 0 0 0 0 0 0 0 0 0 0 0 0 0 0 0 0 0 0 0 0 0 0 0 0 0 0 0 0 0 0 0 0 1 0 0 0 0 0 0 0 0 2 4 2 3 0 0 0 0
0 0 0 0 0 0 0 0 0 0 0 0 0 0 0 0 0 0 0 0 0 0 0 0 0 0 0 0 0 0 0 0 0 0 0 0 0 0 0 0 0 0 0 0 0 0 0 0 0 0 0 0 0 0 0 0 0 0 0 0 0 0 0 0 0 0 0 0 2 0 0 0 0 0 0 0 0 0 0 0 0 0 0 0 0 0 0 0 0 0 0 0 0 0 0 0 0 0 0 0 0 0 0 0 0 0 0 2 0 0 0 0 0 0 0 0 2 3 2 2 0 0 0 0
0 0 0 0 0 0 0 0 0 0 0 0 0 0 0 0 0 0 0 0 0 0 0 0 0 0 0 0 0 0 0 0 0 0 0 0 0 0 0 0 0 0 0 0 0 0 0 0 0 0 0 0 0 0 0 0 0 0 0 0 0 0 0 0 0 0 0 0 2 0 0 0 0 0 0 0 0 0 0 0 0 0 0 0 0 0 0 0 0 0 0 0 0 0 0 0 0 0 0 0 0 0 0 0 0 0 0 0 0 0 0 0 0 0 0 0 2 2 3 3 0 0 0 0
0 0 0 0 0 0 0 0 0 0 0 0 0 0 0 0 0 0 0 0 0 0 0 0 0 0 0 0 0 0 0 0 0 0 0 0 0 0 0 0 0 0 0 0 0 0 0 0 0 0 0 0 0 0 0 0 0 0 0 0 0 0 0 0 0 0 0 0 2 0 0 0 0 0 0 0 0 0 0 0 0 0 0 0 0 0 0 0 0 0 0 0 0 0 0 0 0 0 0 0 0 0 0 0 0 0 0 1 0 0 0 0 1 0 0 0 2 2 3 3 0 0 0 0
0 0 0 0 0 0 0 0 0 0 0 0 0 0 0 0 0 0 0 0 0 0 0 0 0 0 0 0 0 0 0 0 0 0 0 0 0 0 0 0 0 0 0 0 0 0 0 0 0 0 0 0 0 0 0 0 0 0 0 0 0 0 0 0 0 0 0 0 1 0 0 0 0 0 0 0 0 0 0 0 0 0 0 0 0 0 0 0 0 0 0 0 0 0 0 0 0 0 0 0 0 0 0 0 0 0 0 1 0 0 0 0 1 0 0 0 4 4 5 5 0 0 0 0
0 0 0 0 0 0 0 0 0 0 0 0 0 0 0 0 0 0 0 0 0 0 0 0 0 0 0 0 0 0 0 0 0 0 0 0 0 0 0 0 0 0 0 0 0 0 0 0 0 0 0 0 0 0 0 0 0 0 0 0 0 0 0 0 0 0 0 0 1 0 0 0 0 0 0 0 0 0 0 0 0 0 0 0 0 0 0 0 0 0 0 0 0 0 0 0 0 0 0 0 0 0 0 0 0 0 0 1 0 0 0 0 0 0 0 0 2 2 3 3 0 0 0 0
0 0 0 0 0 0 0 0 0 0 0 0 0 0 0 0 0 0 0 0 0 0 0 0 0 0 0 0 0 0 0 0 0 0 0 0 0 0 0 0 0 0 0 0 0 0 0 0 0 0 0 0 0 0 0 0 0 0 0 0 0 0 0 0 0 0 0 0 0 0 0 0 0 0 0 0 0 0 0 0 0 0 0 0 0 0 0 0 0 0 0 0 0 0 0 0 0 0 0 0 0 0 0 0 0 0 0 0 0 0 0 0 0 0 0 0 0 0 2 2 0 0 0 0
0 0 0 0 0 0 0 0 0 0 0 0 0 0 0 0 0 0 0 0 0 0 0 0 0 0 0 0 0 0 0 0 0 0 0 0 0 0 0 0 0 0 0 0 0 0 0 0 0 0 0 0 0 0 0 0 0 0 0 0 0 0 0 0 0 0 0 0 3 0 0 0 0 0 0 0 0 0 0 0 0 0 0 0 0 0 0 0 0 0 0 0 0 0 0 0 0 0 0 0 0 0 0 0 0 0 0 0 0 0 0 0 0 0 0 0 2 0 5 5 0 0 0 0
0 0 0 0 0 0 0 0 0 0 0 0 0 0 0 0 0 0 0 0 0 0 0 0 0 0 0 0 0 0 0 0 0 0 0 0 0 0 0 0 0 0 0 0 0 0 0 0 0 0 0 0 0 0 0 0 0 0 0 0 0 0 0 0 0 0 0 0 0 0 0 0 0 0 0 0 0 0 0 0 0 0 0 0 0 0 0 0 0 0 0 0 0 0 0 0 0 0 0 0 0 0 0 0 0 0 0 0 0 0 0 0 0 0 0 0 0 0 0 0 0 0 0 0
0 0 0 0 0 0 0 0 0 0 0 0 0 0 0 0 0 0 0 0 0 0 0 0 0 0 0 0 0 0 0 0 0 0 0 0 0 0 0 0 0 0 0 0 0 0 0 0 0 0 0 0 0 0 0 0 0 0 0 0 0 0 0 0 0 0 0 0 0 0 0 0 0 0 0 0 0 0 0 0 0 0 0 0 0 0 0 0 0 0 0 0 0 0 0 0 0 0 0 0 0 0 0 0 0 0 0 0 0 0 0 0 0 0 0 0 0 0 0 0 0 0 0 0
78 35 26 0 107 13751 0 234 17 74 1102 111 63 2327 0 9 0 3 7 4 13 7 1 0 0 0 0 2 0 1 2 0 0 0 0 88 0 0 0 4 0 0 0 0 0 0 0 0 9 7 22 0 9 9 11 9 11 0 18 0 16 0 0 0 6 24 9 1 7 10 34 13 13 1 32 24 0 0 0 0 0 0 22 0 0 0 17 0 148 0 158 0 0 0 0 0 0 0 0 0 0 0 0 0 0 0 0 1 0 0 61 58 0 55 60 61 1 1 1 1 0 0 51 0
0 0 41 9 2 13 7 20 0 59 531 10 0 517 65 23 12 2 26 25 195 246 50 14 1 4 12 5 0 2 3 42 32 0 153 65 73 34 60 40 0 240 0 0 0 3 0 61 102 174 58 25 7 48 435 49 66 85 90 19 64 18 0 0 7 105 4 39 5 9 74 28 28 0 75 43 8 0 0 34 0 56 1 0 0 726 404 116 35 38 146 0 0 233 107 65 0 0 0 0 248 0 1048 391 58 0 0 0 0 0 608 578 0 555 603 606 1 2 2 2 18925 0 219 0
1 1 1 0 0 2 9 3 0 1 1 2 6 299 310 26 0 0 6 6 4 4 1 0 0 0 0 0 0 0 0 0 3 0 0 0 50 0 4 0 0 0 105 0 0 0 0 0 0 6 7 0 0 7 5 4 2 5 12 0 0 0 0 0 8 6 0 15 15 1 7 2 3 0 8 2 0 0 10 0 0 0 0 2 0 0 49 0 0 75 47 0 0 0 0 0 0 0 0 0 469 0 0 391 0 0 0 2 0 1 692 658 1 631 686 689 2 2 2 2 0 0 0 0
0 0 0 0 0 0 0 0 0 0 0 0 0 0 0 0 0 0 0 0 0 0 0 0 0 0 0 0 0 0 0 0 0 0 0 0 0 0 0 0 0 0 0 0 0 0 0 0 0 0 0 0 0 0 0 0 0 0 0 0 0 0 0 0 1 0 0 0 0 0 0 0 0 0 0 0 0 0 0 0 0 0 0 0 0 0 0 0 0 0 0 0 0 0 0 0 0 0 0 0 0 0 0 0 0 0 0 0 0 0 0 0 0 0 0 0 0 0 0 0 0 0 0 0
