112
0 0 0 0 0 211 11 4 23 326 69 0 1 0 0 4 0 0 5 0 0 0 0 0 0 10 0 0 3 0 2 0 0 0 2 0 0 0 0 0 0 1 1 0 0 0 0 0 0 0 0 0 0 5 0 0 1 0 0 0 0 5 0 0 0 0 0 0 0 33 0 0 20 4 0 0 0 0 0 1 0 0 0 0 9 0 0 0 0 0 0 0 3 3 3 3 3 3 3 3 1 1 1 2 0 1 0 0 34 0 0 0
0 0 0 0 0 1525 229 243 91 440 1735 3 3 11 0 3 0 0 3 0 0 0 0 0 0 14 0 0 0 0 1 0 0 0 0 0 0 0 0 0 0 0 0 0 0 0 0 0 0 0 0 0 0 1 0 0 0 0 0 0 0 4 0 0 0 0 0 0 0 24 0 0 4 0 0 0 0 0 0 0 0 0 0 0 0 0 0 0 0 0 0 0 2 2 2 2 2 2 2 2 1 1 1 1 0 1 0 0 6 0 0 0
162 67 0 73 96 401 271 136 12 47 126 0 436 18 125 514 451 0 56 87 124 381 34 2 192 100 124 21 16 0 1 0 88 51 20 0 15 319 22 44 54 63 66 58 99 155 47 51 14 15 0 0 0 9 61 0 47 0 105 37 6 16 5 0 0 0 1 0 71 155 0 0 196 36 27 0 0 270 315 44 51 0 0 11 2 17 22 38 0 12 42 0 138 6 6 6 6 109 6 5 3 3 2 3 1 2 1 1 74 139 73 0
29 12 0 0 17 29 28 23 2 2 22 0 78 2 23 94 64 0 9 16 23 202 5 0 0 32 0 0 3 0 0 0 15 4 4 0 0 33 4 0 9 11 12 5 18 28 0 6 0 0 0 0 0 0 9 0 8 0 19 7 1 3 1 0 0 0 0 0 0 18 0 0 45 4 0 0 0 49 53 3 4 0 0 0 0 0 0 0 0 0 7 0 25 1 1 1 1 20 1 1 0 0 0 1 0 0 0 0 31 15 0 0
1 1 0 0 0 0 17 15 1 3 41 1 0 31 3 3 0 0 0 0 0 0 0 0 1 0 0 0 0 0 0 0 0 0 0 0 0 0 0 0 0 0 0 0 0 1 0 0 0 0 0 0 0 0 0 0 0 0 1 0 0 63 0 0 0 0 1 0 0 0 0 0 0 0 0 0 0 1 0 0 0 0 0 0 0 0 0 0 0 0 0 0 1 0 0 0 0 1 0 0 0 0 0 0 0 0 0 0 0 0 0 0
0 0 0 0 8 0 52 75 6 28 62 1 221 3 73 301 255 2830 19 50 0 0 170 0 18 0 0 0 8 0 1 0 50 0 12 0 14 130 13 14 31 37 38 38 58 90 20 33 0 3 0 0 0 4 35 0 27 0 61 22 3 9 3 0 0 0 0 0 0 44 0 0 33 10 0 0 0 157 172 10 8 0 0 0 0 0 2 21 0 0 10 0 81 4 4 3 3 64 3 3 2 2 1 2 1 1 1 1 24 0 0 0
0 0 0 0 0 0 0 34 2 2 0 0 165 315 33 137 66 0 1731 7 0 0 0 0 0 0 0 0 3 0 0 0 22 3 5 0 5 140 6 0 13 17 17 15 26 41 0 14 0 0 0 0 0 0 10 0 12 0 28 10 2 4 1 0 0 0 8 0 0 6 0 0 0 1 0 0 0 72 75 0 0 0 0 0 0 0 0 0 0 0 0 0 37 2 2 2 2 29 1 1 1 1 1 1 0 1 0 0 7 0 0 0
0 0 0 0 0 0 0 0 0 0 0 0 5 1 0 2 0 0 0 93 0 0 0 0 0 0 0 0 1 0 1 0 0 0 1 0 0 4 0 0 0 0 1 0 0 0 0 0 0 0 0 0 0 2 0 0 0 0 0 0 0 0 0 0 0 0 0 0 0 14 0 0 0 0 0 0 0 0 0 0 0 0 0 0 5 0 0 0 0 0 0 0 1 1 1 2 1 1 1 1 1 1 1 1 0 1 0 0 11 0 0 0
0 0 0 0 0 0 0 0 0 0 0 0 35 153 0 0 0 0 851 0 0 0 0 0 0 0 0 0 0 0 0 0 0 0 0 0 0 42 0 0 0 0 0 0 0 0 0 0 0 0 0 0 0 0 0 0 0 0 0 0 0 0 0 0 0 0 4 0 0 0 0 0 0 0 0 0 0 0 0 0 0 0 0 0 0 0 0 0 0 0 0 0 0 0 0 0 0 0 0 0 0 0 0 0 0 0 0 0 0 6 0 0
0 0 0 0 0 0 0 0 0 0 0 0 7 2 0 0 0 0 1 44 0 0 0 0 0 0 0 0 0 0 0 0 0 0 0 0 0 0 0 0 0 0 0 0 0 0 0 0 0 0 0 0 0 0 0 0 0 0 0 0 0 0 0 0 0 0 0 0 0 0 0 0 4 0 0 0 0 0 0 0 0 0 0 0 0 0 0 0 0 0 0 0 0 0 0 0 0 0 0 0 0 0 0 0 0 0 0 0 4 10 0 0
0 0 0 0 0 0 56 0 2 812 0 1 61 124 0 15 0 191 11 0 0 0 6563 0 0 0 0 0 12 0 8 1 6 0 7 0 3 164 1 0 3 4 6 0 2 2 0 0 0 0 0 0 0 28 12 0 3 0 0 1 1 0 1 0 0 0 4 0 0 227 0 0 42 39 0 0 1 0 0 33 17 0 0 12 61 0 0 0 0 6 0 0 11 12 12 13 12 11 11 12 6 6 4 6 1 3 1 2 39 15 65 0
0 0 0 0 0 0 0 0 0 0 0 0 0 0 0 1 1 0 1 0 0 0 0 0 0 0 0 0 0 0 0 0 1 1 0 0 0 4 0 0 0 0 0 0 0 0 0 0 0 1 0 0 0 2 1 0 0 2 0 0 0 2 0 0 0 2 0 0 5 15 0 5 3 2 0 4 0 0 0 0 2 0 0 0 4 1 0 0 0 2 0 1 1 1 1 1 1 1 1 1 0 0 0 0 0 0 0 0 3 1 6 0
0 0 0 0 16 0 0 0 0 0 0 0 0 22 0 0 0 0 0 0 0 0 0 0 0 0 0 0 0 0 0 963 0 0 0 0 0 0 0 0 0 0 0 0 0 0 0 0 0 0 0 0 0 0 0 0 0 0 0 0 0 193 0 0 0 0 0 0 0 0 0 0 0 0 0 0 0 0 0 0 0 0 0 0 0 0 0 0 0 0 2 0 0 0 0 0 0 0 0 0 0 0 0 0 0 0 0 0 4 0 0 0
0 0 0 0 0 0 0 0 0 0 0 0 0 0 0 0 0 0 0 24 0 0 0 0 0 0 0 0 0 0 0 0 0 0 0 0 0 0 0 0 0 0 0 0 0 0 0 0 0 0 0 0 0 0 0 0 0 0 0 0 0 0 0 0 0 0 0 0 0 0 0 0 0 0 0 0 0 0 0 0 0 0 0 0 0 0 0 0 0 0 0 0 0 0 0 0 0 0 0 0 0 0 0 0 0 0 0 0 0 0 0 0
0 0 0 0 0 0 0 0 0 0 0 0 0 1 0 15 5 0 14 0 0 0 0 0 0 0 0 0 0 0 0 0 0 0 0 0 0 0 0 0 0 1 1 0 0 0 0 0 0 0 0 0 0 0 0 0 1 0 0 0 0 0 0 0 0 0 0 0 0 0 0 0 0 0 0 0 0 0 0 0 0 0 0 0 0 0 0 0 0 0 0 0 2 3 3 2 3 2 2 2 1 0 0 1 0 0 0 0 0 0 0 0
0 0 0 0 0 0 0 0 0 0 0 0 0 1 0 0 0 0 0 0 0 0 0 0 0 0 0 0 0 0 0 0 0 0 0 0 0 0 0 0 0 0 0 0 0 0 0 0 0 0 0 0 0 0 1 0 0 0 0 0 0 0 0 0 0 0 0 0 0 0 0 0 0 0 0 0 0 0 0 0 0 0 0 0 0 0 0 0 0 0 0 0 1 1 1 2 1 1 1 1 1 1 0 1 0 4 1 1 0 0 0 0
49 17 0 0 18 0 0 22 0 0 33 0 0 1 0 4277 0 0 0 0 0 0 0 0 0 0 0 0 0 0 0 0 8 0 0 0 0 0 38 283 392 344 0 0 7 9 0 0 0 0 0 0 0 0 0 0 0 0 0 0 0 0 0 0 0 0 0 0 0 0 0 0 0 24 0 0 0 0 0 0 0 0 0 0 0 0 0 0 0 0 0 0 0 0 0 0 0 0 0 0 0 0 0 0 0 3 1 1 0 0 0 0
3 1 571 0 2 0 83 21 1 14 0 1 29 76 7 12 11 0 1 2 3 8 0 0 4 20 10 0 0 0 0 0 0 0 0 0 0 0 0 0 0 2 0 7 2 8 0 3 0 0 0 4 0 0 5 0 14 0 2 1 0 0 0 0 0 0 0 0 0 58 0 0 18 0 0 0 0 4 0 0 0 0 0 0 0 0 0 0 0 0 70 0 9 4 2 7 4 7 4 5 3 3 2 3 1 2 1 1 7 8 0 0
0 0 0 0 1 0 0 6 0 0 0 0 8 46 0 4 7 0 0 1 2 5 0 0 3 1987 0 2567 0 0 0 0 0 0 0 0 0 0 0 0 0 0 0 0 0 1 0 0 0 0 0 0 0 0 1 0 0 0 1 2 0 0 0 0 0 0 0 0 0 2 0 0 0 0 0 0 0 0 0 0 0 0 0 0 0 0 0 0 0 0 0 1 2 0 0 0 0 1 0 0 0 0 0 0 0 0 0 0 1 0 0 0
0 0 0 0 0 0 0 0 2 0 2 6 1 0 0 0 0 0 0 0 0 0 0 0 0 0 0 0 0 0 0 0 0 0 0 0 0 0 0 0 0 0 0 0 0 0 0 0 0 0 0 0 0 0 0 0 0 0 0 1 0 34 0 0 0 0 0 0 0 0 0 0 0 0 0 0 0 0 0 0 0 0 0 0 0 0 0 0 0 0 0 0 0 0 0 0 0 0 0 0 0 0 0 0 0 0 0 0 0 0 0 0
0 191 0 0 3 498 67 91 31 29 595 2 1 11 0 0 0 0 0 0 0 0 0 0 0 3 0 0 0 0 0 0 0 0 0 0 0 0 0 0 0 0 0 0 0 0 0 0 0 0 0 0 0 0 0 0 0 0 0 0 0 171 0 0 0 0 2 0 0 0 0 0 0 0 0 0 0 0 0 0 0 0 0 0 0 0 0 0 0 0 0 0 0 0 0 0 0 0 0 0 0 0 0 0 0 0 0 0 0 0 0 0
0 0 0 0 31 629 66 142 27 56 612 9 1 48 0 0 0 0 0 0 0 0 0 0 0 0 0 0 0 0 0 0 0 0 0 0 0 0 0 0 0 0 0 0 0 0 0 0 0 0 0 0 0 0 0 0 0 0 0 0 0 1437 0 0 0 0 17 0 0 0 0 0 0 0 0 0 0 0 0 0 0 0 0 0 0 0 0 0 0 0 0 0 0 0 0 0 0 0 0 0 0 0 0 0 0 0 0 0 0 0 0 0
3 1 0 0 1 0 313 336 7 29 0 1 21 554 16 92 60 13 141 3 3 7 0 1 16 0 0 0 54 0 40 0 46 25 36 0 0 0 5 0 6 20 0 5 0 13 0 6 0 0 0 0 0 167 92 0 15 153 3 6 5 1 5 0 0 129 0 55 354 1297 0 139 472 148 0 313 2 4 0 0 139 0 84 78 292 0 0 2 0 222 12 139 63 64 61 68 63 62 60 65 31 30 23 33 5 19 8 9 251 78 558 0
0 683 0 0 0 1677 266 261 98 473 1863 3 3 74 1 1 0 0 0 0 0 0 0 0 0 16 0 0 0 0 0 0 0 0 0 0 0 0 0 0 0 0 0 0 0 0 0 0 0 0 0 0 0 0 0 0 0 0 0 1 0 0 0 0 0 0 0 0 0 0 0 0 41 0 0 0 0 0 0 0 0 0 0 0 0 0 0 0 0 0 0 0 0 0 0 0 0 0 0 0 0 0 0 0 0 0 0 0 2 28 0 0
497 0 0 926 0 0 21 17 7 87 43 1 6 33 1 0 0 0 0 0 0 96 0 0 0 16 0 0 0 0 0 0 0 0 0 0 0 0 0 0 0 0 0 0 0 0 0 0 0 0 0 0 0 0 0 0 0 0 0 1 0 0 0 0 0 0 0 0 0 0 0 0 0 0 0 0 0 0 0 0 0 0 0 0 0 0 0 0 0 0 0 0 0 0 0 0 0 0 0 0 0 0 0 0 1 2 2 2 21 0 0 0
0 0 0 0 1 448 1918 452 11 18 301 32 113 1801 132 75 57 0 0 1113 0 4 1 0 0 0 7 323 10 0 0 0 8 0 11 0 0 0 3 6 16 18 46 6 8 10 0 5 0 36 44 0 0 81 26 0 68 68 2 12 3 2 2 0 0 59 0 51 33 75 0 0 168 127 0 80 44 16 403 0 67 0 45 86 6 0 0 0 0 157 48 477 18 19 20 18 19 19 18 18 8 8 6 9 17 40 23 25 527 119 63 0
28 10 0 9 12 129 473 135 2 6 197 6 1245 562 55 993 519 0 41 4 3 2 108 3 35 0 0 0 179 0 0 8 59 23 16 0 0 0 22 339 39 121 298 233 197 266 100 132 62 2009 1808 1392 0 1643 314 648 770 53 33 90 90 19 85 0 0 2299 9 552 381 289 0 0 225 64 0 418 0 1 0 0 84 0 0 0 0 0 0 83 0 179 24 93 140 145 135 157 142 135 136 148 71 69 54 75 5 23 9 10 87 179 181 0
18 19 0 8 15 114 194 113 4 15 109 0 31 1010 36 176 134 42 0 44 36 7 26 51 142 0 11 0 11 0 0 13 80 164 0 49 13 0 8 18 46 30 49 1101 959 924 493 617 243 296 173 64 6 28 54 768 67 48 27 59 50 20 49 19 19 270 3 115 32 47 0 0 0 67 0 23 31 15 0 0 23 0 18 24 8 0 0 7 0 32 14 42 1046 1174 1252 1130 1173 1108 1098 1158 504 478 385 546 28 122 41 55 19 8 11 17
0 33 0 0 24 0 0 0 0 0 0 0 3 45 0 2 7 2 4 1 1 1 0 0 3 0 0 0 0 0 0 0 0 0 0 0 0 0 1 52 52 20 67 105 72 60 16 29 6 9734 0 84 0 47 65 0 160 0 1 2 0 0 0 0 0 0 0 0 0 1 0 0 0 0 0 0 0 0 0 0 121 0 0 0 0 0 0 1409 0 13 848 0 74 52 22 81 48 52 51 62 38 36 27 38 8 25 9 12 31 0 0 0
160 169 17 59 145 31 156 76 5 19 127 0 937 702 26 758 402 32 39 4 3 1 128 3 66 13 78 35 106 0 29 42 54 55 16 0 50 0 21 284 53 98 315 207 183 215 90 105 67 1701 1424 1171 9 1505 280 733 641 0 24 67 68 14 64 0 0 1703 7 413 368 311 0 0 173 179 83 420 6 1 38 154 73 0 0 3 3 98 0 103 0 167 29 105 110 114 107 124 112 106 107 117 56 54 42 59 6 21 9 10 99 237 232 0
0 0 0 0 0 0 0 0 0 0 0 0 3 140 4 81 0 1 0 0 0 0 0 0 1 0 0 55 1 0 0 0 0 11 0 0 0 0 1 2 1 1 4 10 5 0 2 0 1 3 0 0 0 0 0 0 9 0 0 0 0 0 0 0 0 9 0 10 0 69 0 0 0 10 8 103 0 0 0 2 0 0 0 3 0 0 0 0 0 0 0 0 6 7 8 7 7 7 7 7 3 3 2 3 7 18 12 13 10 0 0 0
2 1 3 1 2 0 1 2 0 0 0 0 0 278 0 29 7 5 14 1 0 0 5 0 19 3 0 0 208 0 2 0 856 446 6 0 82 0 4 54 17 2 14 41 46 49 6 24 22 0 0 0 0 13 5 21 4 413 0 0 1 1 0 0 0 1 0 614 28 77 23 79 15 20 2 17 1 0 29 38 0 0 0 4 1 0 0 0 0 6 0 9 5 5 4 5 4 4 4 5 2 2 2 2 1 5 1 2 11 5 34 0
0 3 0 0 3 0 0 0 0 1 0 0 6 7 7 80 0 2 2 5 4 1 0 6 13 0 0 0 4 0 0 0 0 0 1 4 0 0 1 0 0 2 0 103 99 101 0 63 0 0 0 8 0 0 5 1 19 0 2 5 5 2 5 0 0 0 1 0 0 122 0 0 0 1 0 0 4 2 0 0 0 0 0 4 0 0 0 0 0 0 0 0 64 72 77 69 72 68 67 71 31 30 24 34 59 110 75 80 18 0 0 2
322 14 0 0 12 24 0 6 1 58 16 0 21 38 30 121 81 32 26 24 19 4 0 27 332 7 0 0 46 0 0 0 81 0 0 24 3 0 5 0 21 16 0 558 518 473 123 317 0 0 0 34 0 44 29 352 379 33 14 24 25 10 25 0 0 0 1 0 19 76 0 0 0 97 26 0 21 10 0 41 0 0 4 12 0 0 0 0 0 47 6 21 509 572 610 552 572 540 535 564 246 237 190 267 13 60 21 27 33 10 1 9
0 0 0 0 0 0 0 0 0 0 0 0 0 0 6 0 0 0 0 0 0 0 0 0 0 0 0 117 2 0 0 0 0 12 0 0 0 0 0 0 0 0 0 0 5 0 0 0 0 0 0 0 0 0 0 0 16 0 0 0 0 0 0 0 0 0 0 0 0 148 0 0 0 0 0 215 0 0 0 0 0 0 0 5 0 0 0 0 0 0 0 0 0 0 0 0 0 0 0 0 0 0 0 0 0 0 0 0 18 0 0 0
2 4 1 2 35 2 1 8 2 43 0 10 5 1367 19 0 0 0 0 0 0 0 0 2 0 0 0 0 0 0 0 0 0 0 0 0 0 0 22 0 0 0 0 0 0 1 0 0 0 0 0 0 0 0 0 0 2 0 0 0 0 1 0 0 0 0 5 0 0 0 0 0 0 0 0 0 0 0 0 1 2 0 0 0 0 0 0 0 0 4 0 0 33 30 12 4 24 24 24 3 4 12 27 19 34 96 28 30 3 0 0 1
7 898 0 0 623 0 0 3 32 84 0 3 54 814 22 292 112 61 65 7 5 1 217 7825 60 19 196 0 32 0 0 0 36 0 16 0 0 0 13 22 80 48 51 190 80 54 0 25 2 6 41 251 0 0 402 0 117 6 3 4 2 1 2 0 0 0 1 163 63 8 0 0 107 0 52 4 30 1 151 82 13 0 0 20 0 16 0 6 0 28 14 39 185 191 129 116 165 156 161 115 100 114 62 73 34 71 41 46 12 128 7 0
25 12 0 0 25 0 0 0 0 0 0 0 897 505 54 153 199 102 196 6 11 3 228 14 137 15 332 10 137 230 0 30 51 60 130 0 180 0 117 190 271 141 565 145 116 146 0 72 119 0 0 296 69 729 459 1509 210 67 92 403 41 58 40 82 33 0 4 1234 0 0 0 0 0 652 389 955 24 12 19 5 28 1194 0 0 0 0 0 0 0 176 16 46 145 164 176 158 164 155 153 161 70 68 55 77 30 67 41 45 179 0 0 0
0 0 0 0 0 0 0 0 0 0 0 0 0 17 0 1 0 0 0 0 0 0 0 0 0 0 0 0 0 0 0 0 0 0 0 0 0 0 0 0 0 0 0 0 2 1 0 1 0 0 0 0 0 0 0 0 0 0 0 0 0 0 0 0 0 0 0 0 0 0 0 0 0 0 0 0 0 0 28 0 0 0 0 0 0 0 0 0 0 0 0 0 16 18 18 18 18 17 17 18 8 8 6 9 2 4 3 3 0 0 0 0
21 23 0 6 18 0 8 15 3 13 27 0 34 49 12 411 0 42 40 54 44 8 5 61 125 0 0 0 0 0 0 0 217 178 9 58 0 0 11 0 0 46 0 1279 281 1114 580 736 299 0 0 77 0 73 68 816 82 57 32 57 58 23 58 6 6 0 5 85 0 46 0 0 0 0 0 0 37 18 0 0 14 0 2 29 0 0 0 0 0 31 0 35 1324 1488 1593 1436 1490 1407 1393 1466 639 623 498 698 65 217 97 116 16 0 0 20
0 1 0 0 1 0 0 0 0 1 0 0 2 10 0 43 0 2 6 3 2 0 0 3 11 0 0 0 0 0 0 0 7 0 1 2 0 0 1 755 0 164 0 0 0 9 0 3 0 0 0 3 0 0 8 0 4 0 1 3 3 1 3 0 0 0 0 0 0 0 0 0 0 0 0 0 2 1 0 0 0 0 0 0 0 0 0 0 0 0 0 0 51 59 69 55 66 61 58 55 27 25 21 30 2 6 2 3 0 0 0 1
0 0 0 0 0 0 0 0 0 0 0 0 0 1 0 2 0 0 2 0 0 0 0 0 0 0 0 0 0 0 0 0 0 0 0 0 0 0 0 0 0 0 0 0 0 0 0 0 0 0 0 0 0 0 0 0 0 0 0 0 0 0 0 0 0 0 0 625 0 0 0 0 0 0 0 0 0 0 0 0 0 0 0 0 0 0 0 0 0 0 0 0 30 35 38 33 36 34 33 34 15 14 12 17 2 5 3 4 4 0 0 0
0 0 0 0 0 0 0 0 0 0 0 0 1 6 0 4 624 21 24 8 5 0 44 0 26 0 0 0 0 0 0 0 146 102 4 0 0 0 494 7617 20247 3273 0 21 0 1790 0 0 0 0 0 0 11 25 68 0 1 53 0 0 0 0 0 0 0 0 0 0 0 0 0 0 0 0 0 0 0 0 0 0 0 0 0 0 0 0 0 0 0 5 0 0 1370 1553 1682 1483 1559 1470 1455 1525 659 643 516 723 26 44 35 37 0 0 0 0
15 8 0 0 9 0 0 1 0 0 1 0 307 34 20 67 6 0 4 1 1 2 0 0 2 0 0 0 0 0 0 0 0 0 0 0 0 0 0 0 62 40 0 0 680 819 0 383 0 100 253 12 0 0 15 384 223 15 38 159 22 24 21 32 0 0 2 0 0 0 0 0 0 4 31 231 7 5 0 0 2 181 0 0 157 0 0 0 0 58 0 15 33 36 40 37 39 37 37 35 17 17 13 19 21 36 28 29 63 0 0 0
0 0 0 0 0 0 0 0 0 0 0 0 0 2 0 2 0 0 4 1 1 0 5 0 6 0 0 0 0 0 0 0 0 0 0 0 0 0 0 0 6221 201 346 0 0 0 0 0 0 0 0 0 0 0 4 259 1 31 0 1 1 0 1 0 0 1 0 0 0 0 0 0 0 0 0 0 0 0 0 0 0 0 0 0 0 0 0 0 0 0 0 0 3 3 5 5 6 6 5 3 3 2 2 3 0 1 0 0 0 0 0 0
0 0 0 0 0 0 0 0 0 0 0 0 1 6 0 3 0 0 0 0 0 0 0 0 0 0 0 0 0 0 0 0 0 0 0 0 0 0 0 0 0 696 0 0 8 0 0 0 0 0 0 0 0 0 0 0 18 0 1 1 1 0 1 0 0 1 0 0 0 0 0 0 0 0 0 0 0 0 0 0 0 0 0 0 0 0 0 0 0 0 0 0 20 23 26 24 26 24 24 22 11 11 8 12 2 5 3 4 0 0 0 0
15 16 0 1 12 0 1 10 2 9 21 0 23 33 8 164 103 32 26 36 29 6 22 40 83 12 0 0 0 0 0 0 93 0 5 39 31 33 7 0 24 26 50 501 766 733 0 472 0 211 124 52 0 0 43 792 55 37 22 39 39 15 40 16 16 211 2 0 0 21 0 0 12 56 0 1 25 12 5 0 12 0 0 19 0 0 0 0 0 16 0 19 845 949 1014 918 950 897 889 935 408 398 318 446 10 63 15 22 11 0 0 14
7 3 0 0 4 0 0 0 0 0 0 0 162 7 2 11 2 0 1 0 0 0 0 0 0 0 0 0 0 0 0 0 0 0 0 0 0 0 0 0 0 8 11 0 36 27 0 0 0 0 0 0 0 0 8 31 12 2 19 82 9 12 9 17 17 1 1 0 0 0 0 0 0 65 0 116 4 2 0 0 0 83 0 0 82 0 0 0 0 32 0 7 15 16 18 17 18 17 17 16 8 8 6 8 3 6 4 4 0 0 0 0
19 20 0 9 16 1 13 14 3 12 28 0 30 411 14 554 135 36 32 49 41 8 25 57 117 14 0 0 0 0 0 0 142 31 7 51 0 0 6 0 29 9 15 896 1161 1005 343 647 0 205 174 73 0 0 51 793 85 0 27 47 47 18 50 20 20 249 5 0 0 27 0 0 28 0 0 11 33 16 0 0 19 0 19 23 2 0 0 0 0 28 0 28 882 990 1058 957 991 936 927 977 425 415 332 465 269 619 374 413 17 0 11 18
41 35 0 5 33 0 38 12 1 2 21 0 1040 260 174 955 599 107 124 13 9 7 116 9 1705 0 0 0 0 0 0 32 133 109 120 0 0 22 22 6 73 116 202 0 14 246 0 105 0 0 1587 1176 0 1642 302 721 3229 143 48 118 117 28 111 12 0 2256 8 501 755 680 0 0 133 500 255 803 131 76 68 427 204 24 0 117 0 0 0 77 0 483 22 144 147 153 147 164 152 146 145 156 74 71 56 79 21 63 33 36 404 276 241 0
1186 457 1339 665 856 24 158 509 12 42 120 0 125 461 64 2552 275 72 111 13 8 2 234 11 112 0 0 0 22 0 0 14 349 243 62 0 0 4609 294 42 212 165 537 0 43 44 0 18 0 0 0 125 0 287 275 736 1412 93 86 127 129 55 122 0 0 1048 14 194 91 33 0 0 0 535 0 830 445 143 0 193 36 0 0 11 0 0 0 0 0 1 0 66 121 136 147 131 137 129 128 134 58 57 45 64 35 78 47 51 40 0 20 0
0 0 0 0 0 0 1 0 0 0 0 1 1 83 1 121 0 0 19 0 0 0 0 0 0 0 0 0 0 0 0 1 0 0 1 0 0 0 0 0 0 13 0 0 1 1 0 0 0 0 0 0 0 0 0 0 0 0 0 0 0 0 1 0 0 2 0 0 1 3 0 0 167 26 0 15 1 0 0 4 0 0 1 0 0 0 0 0 0 0 0 0 1 2 2 2 2 2 2 2 1 1 1 1 6 12 8 9 1 166 0 0
13 25 2 8 19 7 12 8 2 8 14 0 20 59 7 140 91 32 33 30 24 5 0 34 70 2 11 0 0 0 1 13 124 107 5 33 31 0 78 1 33 28 0 750 655 630 329 418 174 203 88 46 0 19 42 521 12 30 19 35 35 13 35 0 0 172 2 58 50 39 0 0 3 61 0 13 22 11 0 1 11 0 7 19 0 0 0 0 0 19 0 20 720 808 863 780 807 763 755 797 347 339 270 379 13 60 18 25 10 16 8 11
0 0 0 0 2 0 1 0 0 2 0 0 5 10 2 121 24 2 5 9 8 1 0 11 22 0 0 0 0 0 0 0 15 0 1 8 6 0 2 0 3 3 0 103 169 184 72 112 16 0 0 25 0 0 0 62 0 3 3 8 8 2 9 0 0 0 1 0 0 10 0 0 0 0 0 0 5 3 0 0 0 0 0 0 0 0 0 0 0 4 0 4 77 86 92 83 86 81 81 85 37 36 29 40 72 209 97 113 0 0 0 3
2 3 0 0 4 0 0 1 0 1 0 0 1 41 0 0 1 0 0 0 0 0 0 0 0 0 0 0 0 0 1 0 0 0 0 0 0 0 0 0 0 0 0 0 0 6 0 0 0 0 0 29 0 10 0 0 0 0 0 0 0 0 0 0 0 0 0 0 0 0 0 0 0 0 0 0 0 0 0 0 0 0 0 0 0 0 0 0 0 0 0 206 1 1 1 1 0 1 1 1 0 0 0 0 1 2 1 1 0 0 0 0
130 1039 57 57 739 52 143 61 3 10 100 0 152 93 25 302 301 67 61 8 5 2 240 7 66 27 0 0 75 0 0 0 0 0 29 0 58 0 11 0 71 96 147 0 0 230 0 0 0 0 0 332 0 0 1485 0 129 181 2 8 3 1 2 0 0 81 0 422 5827 227 0 1119 120 134 1149 317 208 67 1112 544 75 0 0 22 0 0 0 42 0 57 15 58 126 132 139 114 125 115 116 300 148 124 94 109 41 103 57 64 30 262 12 0
0 0 0 0 0 0 0 0 0 0 0 0 0 2733 0 0 0 0 0 0 0 0 0 0 0 0 0 0 0 0 0 0 0 0 0 0 0 0 0 0 0 0 0 0 0 0 0 0 0 0 0 777 0 74 172 0 0 124 0 0 0 0 0 0 0 0 0 0 0 0 0 0 0 1031 0 0 1757 1051 2640 0 0 0 0 0 0 444 0 0 0 10 0 0 0 0 0 0 0 0 0 0 0 0 0 0 0 2 1 1 38 0 0 0
83 35 14 36 45 43 95 43 3 11 42 0 33 518 10 39 35 2 13 6 8 24 0 0 14 0 0 0 7 393 16 0 7 0 0 0 0 0 3 0 2 5 0 0 0 11 0 0 21 0 0 2 0 0 10 0 0 0 7 2 0 1 0 0 0 0 0 0 0 41 0 0 0 44 8 0 1 17 0 0 0 0 0 45 0 0 0 0 0 5 0 23 12 4 4 4 4 10 4 4 2 1 1 2 9 21 12 14 12 53 39 0
0 0 0 0 0 0 0 0 0 0 0 0 0 0 0 0 0 0 0 0 0 0 0 0 0 0 0 0 0 0 0 0 0 0 0 0 0 0 0 0 0 0 0 0 0 0 0 0 0 0 0 0 0 0 0 0 0 0 0 0 0 0 0 0 6 0 0 0 0 0 0 0 0 0 0 0 0 0 0 0 0 0 0 0 0 0 0 0 0 0 0 0 0 0 0 0 0 0 0 0 0 0 0 0 0 0 0 0 0 0 0 0
0 0 0 0 0 0 0 0 0 0 0 0 0 0 0 0 0 0 0 0 0 0 0 0 0 0 0 0 0 0 0 0 0 0 0 0 0 0 0 0 0 0 0 0 0 0 0 0 0 0 0 0 0 0 0 0 0 0 0 0 0 0 0 0 3 0 0 0 0 0 0 0 0 0 0 0 0 0 0 0 0 0 0 0 0 0 0 0 0 0 0 0 0 0 0 0 0 0 0 0 0 0 0 0 0 0 0 0 0 0 0 0
0 0 0 0 0 0 0 0 0 0 0 0 0 0 0 0 0 0 0 0 0 0 0 0 0 0 0 0 0 0 0 0 0 0 0 0 0 0 0 0 0 0 0 0 0 0 0 0 0 0 0 0 0 0 0 0 0 0 0 0 0 0 0 0 7 0 0 0 0 0 0 0 0 0 0 0 0 0 0 0 0 0 0 0 0 0 0 0 0 0 0 0 0 0 0 0 0 0 0 0 0 0 0 0 0 0 0 0 0 0 0 0
0 0 0 0 0 0 0 0 0 0 0 0 0 0 0 0 0 0 0 0 0 0 0 0 0 0 0 0 0 0 0 0 0 0 0 0 0 0 0 0 0 0 0 0 0 0 0 0 0 0 0 0 0 0 0 0 3 0 0 0 0 0 0 0 2 0 0 0 0 0 0 0 0 0 0 0 1 0 1 0 0 0 0 0 0 0 0 0 0 0 0 0 0 0 0 0 0 0 0 0 0 0 0 0 0 0 0 0 0 0 0 0
0 0 0 0 0 0 0 0 0 0 0 0 0 0 0 0 0 0 0 0 0 0 0 0 0 0 0 0 0 0 0 0 0 0 0 0 0 0 0 0 0 0 0 0 0 0 0 0 0 0 0 0 0 0 0 0 0 0 0 0 0 0 0 0 4 0 0 0 0 0 0 0 0 0 0 0 0 0 0 0 0 0 0 0 0 0 0 0 0 0 0 0 0 0 0 0 0 0 0 0 0 0 0 0 0 0 0 0 0 0 0 0
19 9 54 7 10 41 206 137 1 3 55 0 1 35 9 64 36 5 5 1 0 0 17 0 5 1 8 0 9 8 0 4 240 100 6 0 69 0 2 0 14 23 61 0 0 0 0 0 0 0 16 0 23 108 2 29 0 143 0 0 0 0 0 0 0 0 0 0 39 28 0 0 0 0 0 32 0 0 6 0 35 0 0 0 7 0 0 8 0 0 25 0 52 59 63 56 59 56 55 119 31 29 4 5 18 28 24 24 57 0 64 0
19 9 53 7 10 41 206 137 1 3 55 1 1 121 12 65 37 5 5 1 0 0 17 0 5 1 8 0 9 8 0 4 241 101 6 0 69 0 2 0 14 23 61 406 0 0 0 0 0 64 16 0 23 108 2 29 774 143 0 0 0 0 0 17780 0 0 0 0 203 119 0 0 80 0 0 161 1 0 26 0 139 0 0 1 55 20 0 37 0 144 98 254 197 224 241 215 226 213 210 454 119 110 14 18 76 115 99 101 219 0 263 0
45 1596 76 6 27 71 550 375 3 8 118 0 4 5 2 585 333 17 19 2 1 0 0 0 18 0 0 0 20 0 0 0 2147 834 50 0 20 95 45 96 335 515 1393 3324 0 0 0 0 0 0 0 0 0 289 4 0 2096 300 26471 63113 64405 16954 60683 11673 11671 0 3071 0 0 0 0 0 0 206 0 0 1 0 0 138 0 1316 0 0 0 0 0 0 0 49 0 159 129 146 158 141 148 140 138 298 78 72 9 12 20 30 26 26 42 184 132 0
0 0 0 0 0 0 0 0 0 0 0 0 0 2 0 9 0 0 0 0 0 0 0 0 0 0 0 0 0 0 0 0 0 0 0 0 0 0 0 0 0 0 0 0 0 0 0 0 0 0 0 0 0 0 0 0 0 0 0 0 0 0 0 0 0 0 0 0 0 0 0 0 0 0 0 0 0 0 0 0 0 0 0 0 0 0 0 0 0 0 0 0 0 0 0 0 0 0 0 0 0 0 0 0 11 17 15 15 0 0 0 0
349 137 206 180 196 94 101 50 3 4 41 1 6666 176 114 599 111 54 108 25 34 101 0 2 70 0 0 0 40 0 0 0 91 5 34 0 0 0 2 0 457 0 319 782 732 465 352 310 487 0 0 1 0 49 415 0 39 262 774 3285 337 478 326 669 652 53 33 0 158 216 0 0 19 3527 5223 5769 160 153 85 126 325 11295 106 23 3885 0 0 0 0 1475 173 427 685 733 786 706 733 719 686 721 313 306 245 343 115 244 157 166 1429 261 261 0
142 56 0 62 96 358 247 118 10 10 38 0 442 48 589 987 661 65 631 94 129 385 0 2 248 0 0 0 70 0 1 0 84 0 32 0 0 195 31 43 113 148 136 77 108 172 0 63 71 0 0 0 0 13 88 0 96 13 106 39 7 15 6 0 0 30 0 0 0 205 0 0 0 79 872 35 57 289 754 311 56 0 0 6 0 63 0 0 0 39 0 41 231 102 97 109 101 199 96 104 49 48 38 53 16 36 20 21 0 59 67 0
0 0 0 0 12 0 0 0 1 2 0 0 45 119 18 44 60 0 0 10 14 43 0 0 22 0 0 0 0 0 0 0 0 0 0 0 0 39 265 0 5 28 8 30 37 48 0 20 0 0 0 0 0 0 40 0 6 0 15 13 10 3 9 0 0 293 2 0 0 0 0 0 0 0 0 0 7 33 0 0 0 0 0 0 0 0 0 0 0 0 0 0 19 4 0 0 4 15 4 11 5 0 0 0 16 30 27 28 0 0 0 0
4842 19859 623 2311 15174 12154 8051 3805 296 320 3434 5 12862 416 3853 16685 17178 1799 8663 2748 3776 11333 5885 931 7029 2191 5973 1887 1410 2225 46 0 3436 2429 972 0 2532 7436 962 3964 3399 6487 4208 5987 4738 5787 2037 2283 2873 3418 4927 5074 327 579 9637 1060 3693 1192 3130 1150 189 480 160 596 617 6343 12 4559 3782 5269 0 3642 8131 1763 0 2019 645 8036 12889 0 2760 1025 664 875 0 2281 0 2932 0 1421 1661 1967 4783 946 984 910 938 3955 882 914 413 408 319 443 94 221 118 130 2428 5958 2623 0
1176 498 117 566 719 3001 1986 934 73 78 807 0 2968 55 997 3932 3596 114 1489 647 915 2814 0 20 1453 282 183 214 207 364 6 0 691 417 159 0 213 1586 128 391 414 1169 491 697 1042 1376 500 543 258 273 235 2552 23 7695 1351 0 383 315 774 277 45 116 38 111 17 925 3 1553 701 1224 0 0 1244 274 57 340 41 2003 2197 280 518 0 22 103 0 0 0 446 0 493 284 288 1039 66 64 65 61 824 61 63 31 31 23 30 13 32 15 17 800 0 564 0
0 0 0 0 34 0 13 11 2 0 0 0 97 193 42 487 305 0 688 13 12 70 0 0 13 0 0 250 55 0 4 0 101 44 69 0 0 41 18 4 36 68 153 45 63 72 0 30 0 0 147 0 0 132 86 0 149 133 22 11 5 4 6 5 0 532 0 0 129 276 0 0 0 359 257 726 64 71 618 339 9547 147 106 201 0 0 0 16 0 601 43 555 114 99 104 97 99 113 93 98 43 42 34 47 36 104 50 56 762 338 102 0
0 3 0 0 8 0 0 1 0 0 0 0 34 24 97 308 0 72 633 5 6 12 0 7 78 0 0 0 102 0 0 0 0 0 92 0 5 0 1 28153 58 11 133 0 13 38 0 0 63310 0 0 0 0 35 24 0 0 0 7 17 3 3 3 4 4 0 0 0 0 6 0 0 0 0 0 0 0 2 0 0 432 0 0 22 0 0 819 0 0 14 0 3 424 468 493 459 467 444 438 464 204 199 159 222 11 23 15 16 32 0 0 0
32 24 0 15 27 13 32 11 1 2 8 0 393 286 691 6541 2385 842 8095 111 80 43 742 23 838 181 1807 251 1016 0 0 0 73 0 178 0 0 0 30 242 339 554 536 0 127 237 160 0 12 0 159 23 29 288 354 0 578 0 18 45 8 7 8 10 10 85 1 0 0 104 488 0 0 835 0 562 49 32 364 470 923 0 0 8 0 0 220 120 0 130 0 42 990 1101 1171 1067 1093 1038 1022 1087 474 463 370 511 35 82 47 51 172 73 34 0
634 238 705 366 468 4 75 271 7 23 3 0 54 153 188 1384 66 8 11 4 4 3 0 4 32 0 0 0 14 0 0 0 2 83 0 0 0 0 136 74 67 53 178 0 32 50 0 0 0 0 0 0 0 9 156 0 727 0 47 71 69 30 65 0 0 539 7 0 0 280 0 0 0 205 0 0 244 80 0 0 0 0 0 4 0 0 0 0 0 0 0 31 57 63 59 55 60 57 56 62 51 17 6 20 10 32 22 24 17 17 0 0
0 0 0 0 0 0 0 0 0 0 0 0 0 3 0 0 0 3 6 1 1 0 0 4 5 0 0 0 0 0 0 0 0 0 3 0 0 0 0 0 0 0 0 0 0 0 0 0 0 0 0 0 0 0 0 0 0 0 0 0 0 0 0 0 0 0 0 0 0 0 0 0 0 8 0 0 0 0 0 0 0 0 0 0 0 0 0 0 0 0 0 0 0 0 0 0 0 0 0 0 0 0 0 0 0 0 0 0 1 0 0 0
0 0 0 0 0 0 0 0 0 0 0 0 0 2 0 0 0 0 0 1 1 0 0 2 3 0 0 0 0 0 0 0 0 0 2 0 0 0 0 0 0 0 0 0 0 0 0 0 0 0 0 0 0 0 0 0 0 0 0 0 0 0 0 0 0 0 0 0 0 0 0 0 0 0 0 0 0 0 0 0 0 0 0 0 0 0 22 0 0 0 0 0 0 0 0 0 0 0 0 0 0 0 0 0 0 0 0 0 0 0 0 0
6 2 0 0 2 0 0 3 0 5 5 0 12 91 5 59 70 28 82 11 10 10 43 5 41 0 172 8 15 0 5 0 148 49 22 0 0 0 0 95 115 22 81 39 68 46 0 22 161 0 74 209 0 211 37 0 0 11 3 2 1 0 1 0 0 143 0 0 0 274 0 0 0 654 0 358 30 24 0 0 49 0 0 7 4 0 0 322 0 34 0 0 49 50 52 50 50 50 47 50 23 22 17 24 10 22 12 13 113 99 56 0
0 4 0 0 9 0 4 1 0 1 0 0 36 664 83 491 42 690 1871 217 264 41 462 638 1039 63 456 38 324 0 0 0 18 0 552 0 0 0 11 1834 43 203 62 54 51 59 8 26 4088 0 0 0 0 66 342 0 93 18 5 5 4 1 3 1 1 0 0 0 0 435 1538 0 0 2043 0 125 146 56 1279 0 761 0 0 25 0 0 35653 0 0 478 0 82 139 148 152 148 147 143 139 148 68 66 51 71 27 69 34 39 330 613 49 0
7 3 0 0 8 0 6 5 1 1 0 0 27 201 9 88 58 1 170 5 7 19 0 0 12 0 0 0 0 0 1 0 24 1 15 0 0 0 4 0 14 121 22 0 17 20 0 1 0 0 0 1 0 11 15 0 24 19 6 4 2 1 1 0 0 88 0 0 0 82 0 0 0 0 0 167 4 14 0 0 0 0 0 76 0 0 0 0 0 112 0 23 28 23 25 23 23 27 22 23 10 10 8 11 14 37 19 22 56 0 10 0
661 248 340 300 255 337 858 284 8 23 540 6 172 903 22 782 158 144 220 18 14 13 528 14 143 65 489 52 344 42 6 209 212 74 307 0 167 0 19 191 131 175 200 0 251 465 113 0 52 0 291 47 40 128 157 262 273 187 26 66 59 14 56 14 14 0 6 0 869 657 0 2034 0 1343 4832 281 491 244 648 851 114 0 14747 0 2203 0 4283 0 0 1104 23 252 157 164 163 171 163 157 155 166 76 75 59 82 57 123 82 88 391 193 414 0
222 81 93 97 94 88 251 101 4 14 167 1 29 428 9 111 104 2 1 0 0 0 0 0 2 0 14 0 41 0 0 20 31 0 7 0 17 0 1 0 5 5 29 12 10 39 3 18 0 5 96 0 0 55 90 30 100 99 4 14 15 2 14 3 3 388 0 0 117 810 0 0 0 12 500 347 288 142 122 153 75 0 0 0 0 249 0 0 0 118 0 47 54 53 46 62 52 50 51 56 28 27 21 30 29 79 33 38 79 41 46 0
1 0 0 0 2 4 4 1 0 0 0 0 11 94 5 12 12 2 178 2 3 10 0 0 6 0 2 0 3 0 0 0 0 0 0 0 0 1 0 0 0 120 1 2 4 5 0 2 0 0 0 0 0 0 2 0 5 0 3 1 0 0 0 0 0 9 0 0 0 10 0 0 0 0 0 0 2 7 0 0 0 20207 13247 0 0 0 0 0 0 0 0 0 4 1 1 1 1 4 1 1 1 0 0 0 12 33 15 16 0 0 0 0
0 15 0 3 18 5 5 0 0 0 0 0 103 21 9 236 158 46 397 6 5 7 0 4 42 0 72 0 180 0 110 0 134 127 98 0 45 399 14 77 103 68 120 0 44 47 2 0 0 184 72 6 52 469 265 51 48 439 14 47 17 8 16 0 0 481 1 0 1226 3550 29 1405 1061 644 371 955 19 9 0 522 393 0 33 467 0 198 0 71 30 645 38 373 180 188 182 199 186 178 177 192 89 87 69 96 15 53 22 25 706 298 1559 0
116 149 0 46 116 78 221 52 2 4 77 0 278 182 806 3628 1618 1187 3531 111 80 55 3338 88 895 418 2719 416 1939 0 0 52 149 125 86 0 0 123 13 222 122 1876 310 238 317 321 113 141 336 133 194 44 42 621 111 23 0 354 21 32 29 7 28 0 0 930 1 515 0 948 0 5848 218 436 1369 146 675 235 739 1319 1184 3766 0 241 0 0 0 150 182 398 126 165 399 423 436 423 421 408 397 424 190 185 147 205 42 137 51 60 154 0 132 0
21 11164 0 4 7699 0 18 11 1 3 13 3 688 211 1681 690 1807 798 10615 97 69 23 2986 92 789 491 3244 533 953 184 0 71 489 410 232 0 1303 482 125 1083 1118 7217 1468 2430 1490 731 193 350 697 1331 2342 3155 54 132 4747 853 1494 170 17 32 14 9 13 4 1 1667 0 1841 1478 360 1758 4947 1624 0 0 198 391 0 4219 0 1010 0 17 429 190 6002 0 117 642 410 281 506 434 456 441 482 450 429 429 464 216 211 166 232 83 195 105 113 294 3151 185 0
66 25 0 19 33 0 62 27 1 2 26 0 89 115 9 301 52 302 116 6 4 1 0 5 49 67 0 0 0 0 0 7 42 29 10 0 0 50 11 10 28 76 55 78 84 117 36 44 14 0 32 6 8 0 40 0 180 34 4 8 8 2 8 0 0 250 1 332 49 649 0 0 0 75 0 158 83 27 0 174 66 67 111 154 0 0 0 0 0 84 16 41 241 270 289 261 270 255 253 267 116 113 91 127 15 44 20 23 154 65 9 0
960 783 508 569 945 2325 1939 519 37 92 1413 16 1304 1547 186 2519 773 5602 4991 103 97 105 399 64 685 991 614 91 2046 27 1 102 491 424 144 0 100 829 77 359 362 3235 660 1106 1138 1565 615 611 490 403 1208 148 224 205 511 670 2206 556 60 90 79 1456 75 19 15 3407 24 5301 2017 8670 153 3539 495 1763 794 2260 979 388 657 2551 1084 2484 1607 2067 0 0 0 1007 0 1594 494 1047 3132 3481 3717 3366 3480 3309 3256 3434 1495 1460 1166 1633 198 577 254 295 2123 1422 593 0
15 2 0 5 8 4 36 3 0 3 0 0 96 444 564 9 7 751 13 6 3 0 0 7 13 0 0 0 0 0 0 0 9 0 5 0 0 0 3 0 6 11 0 0 22 5 0 0 0 0 0 2 0 0 5 0 0 0 0 1 0 0 0 0 0 0 0 0 0 44 0 0 0 0 0 3 41 11 0 0 0 0 0 0 0 0 0 0 0 0 0 0 13 10 0 16 1 0 0 12 7 7 5 0 2 8 2 2 15 0 7 0
0 0 0 0 0 0 12 12 0 0 8 0 0 265 3 8 5 0 1 0 0 0 0 0 3 0 0 0 0 0 0 4 5 0 9 0 0 0 2 8 12 5 6 24 36 33 1 12 2 0 22 0 8 42 103 0 41 19 1 3 2 0 2 0 0 42 0 0 10 375 0 0 0 201 55 94 1 0 20 3 18 0 14 13 0 0 0 0 0 86 0 62 31 32 29 35 31 29 30 33 16 16 12 17 3 9 4 5 215 5 47 0
409 522 179 295 701 1016 673 150 3 9 378 0 22 167 7 29 28 0 0 5 7 22 0 12 11 0 0 0 0 0 0 0 2 0 1 0 0 0 1 0 2 4 4 0 6 9 0 0 0 0 0 0 0 0 0 0 3 0 7 4 3 1 3 2 0 0 0 0 0 11 0 0 0 0 0 0 1 16 2 0 0 0 0 1 0 0 0 0 0 161 0 0 10 3 3 3 3 9 3 3 1 1 1 1 6 17 8 9 64 0 0 0
0 0 0 0 0 0 0 0 0 0 0 0 0 7 0 0 0 0 0 0 0 0 0 0 0 0 0 0 0 0 0 0 0 0 0 0 0 0 0 0 0 0 0 0 0 0 0 0 0 0 0 0 0 0 0 0 0 0 0 0 0 0 0 0 0 0 0 0 0 0 0 0 0 0 0 0 0 0 0 0 0 0 0 0 0 0 0 0 0 0 0 0 0 0 2 2 3 3 3 0 2 1 1 2 0 0 0 0 0 0 0 0
0 0 0 0 0 0 0 0 0 0 0 0 0 7 0 0 0 0 0 0 0 0 0 0 0 0 0 0 0 0 0 0 0 0 0 0 0 0 0 0 0 0 0 0 0 0 0 0 0 0 0 0 0 0 0 0 0 0 0 0 0 0 0 0 0 0 0 0 0 0 0 0 0 0 0 0 0 0 0 0 0 0 0 0 0 0 0 0 0 0 0 0 0 0 2 2 4 3 4 0 2 2 1 2 0 0 0 0 0 0 0 0
0 0 0 0 0 0 0 0 0 0 0 0 0 0 0 0 0 0 0 0 0 0 0 0 0 0 0 0 0 0 0 0 0 0 0 0 0 0 0 0 0 0 0 0 0 0 0 0 0 0 0 0 0 0 0 0 0 0 0 0 0 0 0 0 0 0 0 0 0 0 0 0 0 0 0 0 0 0 0 0 0 0 0 0 0 0 0 0 0 0 0 0 0 0 0 0 2 1 2 0 1 1 1 1 0 0 0 0 0 0 0 0
0 0 0 0 0 0 0 0 0 0 0 0 0 0 0 0 0 0 0 0 0 0 0 0 0 0 0 0 0 0 0 0 0 0 0 0 0 0 0 0 0 0 0 0 0 0 0 0 0 0 0 0 0 0 0 0 0 0 0 0 0 0 0 0 0 0 0 0 0 1 0 0 0 0 0 0 0 0 0 0 0 0 0 0 0 0 0 0 0 0 0 0 0 0 0 0 2 1 1 0 1 1 0 1 0 0 0 0 0 0 0 0
0 0 0 0 0 0 0 0 0 0 0 0 0 2 0 0 0 0 0 0 0 0 0 0 0 0 0 0 0 0 0 0 0 0 0 0 0 0 0 0 0 0 0 0 0 0 0 0 0 0 0 0 0 0 0 0 0 0 0 0 0 0 0 0 0 0 0 0 0 0 0 0 0 0 0 0 0 0 0 0 0 0 0 0 0 0 0 0 0 0 0 0 0 0 0 0 0 0 0 0 0 0 0 0 0 0 0 0 0 0 0 0
0 0 0 0 0 0 0 0 0 0 0 0 0 2 0 0 0 0 0 0 0 0 0 0 0 0 0 0 0 0 0 0 0 0 0 0 0 0 0 0 0 0 0 0 0 0 0 0 0 0 0 0 0 0 0 0 0 0 0 0 0 0 0 0 0 0 0 0 0 0 0 0 0 0 0 0 0 0 0 0 0 0 0 0 0 0 0 0 0 0 0 0 0 0 0 0 1 0 1 0 0 0 0 0 0 0 0 0 0 0 0 0
0 0 0 0 0 0 0 0 0 0 0 0 0 2 0 0 0 0 0 0 0 0 0 0 0 0 0 0 0 0 0 0 0 0 0 0 0 0 0 0 0 0 0 0 0 0 0 0 0 0 0 0 0 0 0 0 0 0 0 0 0 0 0 0 0 0 0 0 0 0 0 0 0 0 0 0 0 0 0 0 0 0 0 0 0 0 0 0 0 0 0 0 0 0 0 0 0 0 0 0 0 0 0 0 0 0 0 0 0 0 0 0
0 0 0 0 0 0 0 0 0 0 0 0 0 10 0 0 0 0 0 0 0 0 0 0 1 0 0 0 0 0 0 0 0 0 0 0 0 0 0 0 0 0 0 0 0 0 0 0 0 0 0 0 0 0 0 0 0 0 0 0 0 0 0 0 0 0 0 0 0 0 0 0 0 0 0 0 0 0 0 0 0 0 0 0 0 0 0 0 0 0 0 0 0 0 2 3 4 3 4 0 2 2 1 2 0 0 0 0 0 0 0 0
0 0 0 0 0 0 0 0 0 0 0 0 0 8 0 0 0 0 0 0 0 0 0 0 0 0 0 0 0 0 0 0 0 0 0 0 0 0 0 0 0 0 0 0 0 0 0 0 0 0 0 0 0 0 0 0 0 0 0 0 0 0 0 0 0 0 0 0 0 0 0 0 0 0 0 0 0 0 0 0 0 0 0 0 0 0 0 0 0 0 0 0 0 0 0 0 0 0 0 0 0 0 0 0 0 0 0 0 0 0 0 0
0 0 0 0 0 0 0 0 0 0 0 0 0 0 0 0 0 0 0 0 0 0 0 0 0 0 0 0 0 0 0 0 0 0 0 0 0 0 0 0 0 0 0 0 0 0 0 0 0 0 0 0 0 0 0 0 2 0 0 0 0 0 0 0 0 0 0 0 0 13 0 0 0 0 0 0 0 0 0 0 0 0 0 0 0 0 0 0 0 0 0 0 0 0 0 0 0 0 0 0 0 0 0 0 0 0 0 0 0 0 0 0
0 0 0 0 0 0 0 0 0 0 0 0 0 0 0 0 0 0 0 0 0 0 0 0 0 0 0 0 0 0 0 0 0 0 0 0 0 0 0 0 0 0 0 0 0 0 0 0 0 0 0 0 0 0 0 0 1 0 0 0 0 0 0 0 0 0 0 0 0 7 0 0 0 0 0 0 0 0 0 0 0 0 0 0 0 0 0 0 0 0 0 0 0 0 0 0 0 0 0 0 0 0 0 0 0 1 0 0 0 0 0 0
0 0 0 0 0 0 0 0 0 0 0 0 0 0 0 0 0 0 0 0 0 0 0 0 0 0 0 0 0 0 0 0 0 0 0 0 0 0 0 0 0 0 0 0 0 0 0 0 0 0 0 0 0 0 0 0 0 0 0 0 0 0 0 0 0 0 0 0 0 2 0 0 0 0 0 0 0 0 0 0 0 0 0 0 0 0 0 0 0 0 0 0 0 0 0 0 0 0 0 0 0 0 0 0 0 0 0 0 0 0 0 0
0 0 0 0 0 0 0 0 0 0 0 0 0 0 0 0 0 0 0 0 0 0 0 0 0 0 0 0 0 0 0 0 0 0 0 0 0 0 0 0 0 0 0 0 0 0 0 0 0 0 0 0 0 0 0 0 0 0 0 0 0 0 0 0 0 0 0 0 0 0 0 0 0 0 0 0 0 0 0 0 0 0 0 0 0 0 0 0 0 0 0 0 0 0 0 0 0 0 0 0 0 0 0 0 0 0 0 0 0 0 0 0
0 0 0 0 0 0 0 0 0 0 0 0 0 0 0 0 0 0 0 0 0 0 0 0 0 0 0 0 0 0 0 0 0 0 0 0 0 0 0 0 0 0 0 0 0 0 0 0 0 0 0 0 0 0 0 0 0 0 0 0 0 0 0 0 0 0 0 0 0 0 0 0 0 0 0 0 0 0 0 0 0 0 0 0 0 0 0 0 0 0 0 0 0 0 0 0 0 0 0 0 0 0 0 0 0 0 0 0 0 0 0 0
0 0 0 0 0 0 0 0 0 0 0 0 0 2 0 0 0 0 0 0 0 0 0 0 0 0 0 0 0 0 0 0 0 0 0 0 0 0 0 0 0 0 0 0 0 0 0 0 0 0 0 0 0 0 0 0 0 0 0 0 0 0 0 0 0 0 0 0 0 0 0 0 0 0 0 0 0 0 0 0 0 0 0 0 0 0 0 0 0 0 0 0 0 0 0 0 0 0 0 0 0 0 0 0 0 0 0 0 0 0 0 0
0 0 0 0 0 0 0 0 0 0 0 0 0 3 0 0 0 0 0 0 0 0 0 0 0 0 0 0 0 0 0 0 0 0 0 0 0 0 0 0 0 0 0 0 0 0 0 0 0 0 0 0 0 0 0 0 0 0 0 0 0 0 0 0 0 0 0 0 0 0 0 0 0 0 0 0 0 0 0 0 0 0 0 0 0 0 0 0 0 0 0 0 0 0 0 0 0 0 0 0 0 0 0 0 0 0 0 0 0 0 0 0
0 0 0 0 2 0 0 0 1 0 0 0 0 128 3 30 12 0 0 3799 0 0 0 0 0 0 0 0 0 0 0 0 0 0 0 0 0 0 2 0 5 0 12 0 7 0 0 25 0 0 0 0 0 49 0 0 0 0 1 5 3 0 3 0 0 0 0 0 32 47 0 0 0 0 0 0 0 0 0 0 0 0 0 109 0 0 0 0 0 0 0 0 12 13 14 12 13 13 13 13 6 3 3 6 3 12 4 5 0 0 5 0
23 16 0 0 45 68 41 22 0 0 0 0 130 130 47 175 162 0 127 24 26 77 0 0 47 0 0 0 9 0 1 0 30 0 11 0 0 19 9 6 41 116 40 57 81 107 24 36 5 0 1636 0 0 214 24932 0 50 0 34 13 2 4 2 6 7 0 0 0 0 55 0 5401 0 1 0 0 1 85 0 0 1024 0 0 27 0 445 0 0 0 7 0 1063 52 10 11 10 7 44 10 12 3 5 3 4 12 29 14 15 34 0 0 0
30 10 0 13 35 98 74 32 3 4 0 0 142 147 44 171 170 2 19 31 44 134 0 1 68 0 0 0 6 0 0 0 30 0 7 0 0 37 8 1638 22 43 27 11 38 57 3 12 0 0 0 0 0 27 20 0 16 0 37 13 2 5 2 0 0 0 0 0 0 48 0 0 0 15 0 7 0 95 0 0 0 0 0 2 0 0 0 0 0 0 0 11 112 74 79 71 74 106 69 72 31 31 24 34 8 17 9 11 0 1230 0 0
0 0 0 0 0 0 0 0 0 0 0 0 0 0 0 0 0 0 0 0 0 0 0 0 0 0 0 0 0 0 0 0 0 0 0 0 0 0 0 0 0 0 0 0 0 0 0 0 0 0 0 0 0 0 0 0 0 0 0 0 0 0 0 0 0 0 0 0 0 0 0 0 0 0 0 0 0 0 0 0 0 0 0 0 0 0 0 0 0 0 0 0 0 0 0 0 0 0 0 0 0 0 0 0 0 0 0 0 0 0 0 0
