133
0 0 0 0 0 1 1420 220 20 405 1288 163 13 1 0 0 0 0 0 0 0 0 0 0 0 0 1 0 0 3 0 0 0 0 564 0 0 0 0 1 0 0 0 0 0 0 0 0 22 0 0 0 0 0 0 0 0 0 0 0 0 0 0 0 0 0 0 0 0 0 0 0 0 0 0 0 0 0 8 0 0 0 0 0 0 0 0 0 0 0 146 0 0 0 0 0 0 0 0 0 0 0 0 0 0 0 0 0 17 0 0 0 0 0 0 0 0 0 0 0 0 0 0 0 0 0 0 0 0 0 53 0 0
0 0 0 0 0 2 20436 1565 1567 3290 3441 12 3117 1 0 0 0 0 0 0 0 0 0 0 0 0 0 0 0 3 0 0 0 0 1040 0 2 0 0 1 0 0 0 0 0 0 0 0 19 0 0 0 0 0 0 0 0 0 0 0 0 0 0 0 0 0 0 0 0 0 0 0 0 0 0 0 0 0 7 0 0 0 0 0 0 0 0 0 0 0 291 0 0 0 0 0 0 0 0 0 0 0 0 0 0 0 0 0 29 0 0 0 0 0 0 0 0 0 0 0 0 0 0 0 0 0 0 0 0 1 107 0 0
3 3 0 0 3 0 16 28 15 25 48 11 5 0 0 56 65 74 0 0 0 0 3 0 0 0 4 2 52 3 1 0 17 0 1760 1321 2 0 8 30 0 2 0 0 7 0 4 113 5 0 0 0 0 0 3 0 0 0 0 2 0 0 0 0 0 0 0 0 0 0 0 0 1 0 0 0 0 3 0 8 0 0 0 0 0 0 0 0 0 0 32 0 0 4 0 10 0 0 0 0 0 0 0 0 0 0 0 0 8 0 1 7 0 0 8 0 0 15 13 1 0 10 0 12 9 14 5 13 13 0 28 0 0
0 0 0 0 0 0 2 2 1 1 1 1 0 1 2 1 2 2 0 0 0 0 1 0 0 0 1 1 1 2 6016 0 1 0 600 0 2 0 0 3 0 1 0 0 0 0 0 69 13 0 0 0 0 0 0 0 0 0 0 0 0 0 0 0 0 0 0 0 0 0 0 0 0 0 0 0 0 0 6 0 0 0 0 1 0 0 0 0 0 0 37 0 0 0 41 19 0 0 0 0 0 0 0 0 0 0 0 0 5 0 0 0 0 0 0 0 0 0 0 0 0 0 0 0 0 0 0 0 0 0 17 13 0
0 0 0 0 0 0 0 0 0 0 0 0 78 0 0 0 0 0 0 0 0 0 130 0 0 0 0 0 0 0 0 0 0 13540 0 0 0 0 0 0 0 0 0 0 0 0 0 0 3797 0 0 0 0 0 0 0 0 0 0 0 0 0 0 9 0 0 0 0 0 0 0 0 2 0 0 0 0 0 0 0 0 0 0 0 0 0 0 0 0 0 0 0 0 0 0 0 0 0 0 0 0 0 0 0 0 0 0 0 0 0 0 0 0 0 0 0 0 0 0 0 0 0 0 0 0 0 0 0 0 0 0 0 0
0 0 5 0 1 0 9592 1402 1214 967 860 2347 3988 0 147 9 10 12 0 0 0 0 4 0 0 0 0 0 5 4 25 0 3 0 0 0 253 0 1 7 0 82 0 0 0 0 1 0 31 2 0 0 0 0 2 0 0 0 0 0 0 0 0 0 0 0 0 0 0 0 0 0 1 0 0 0 0 0 581 5 0 0 0 0 0 0 0 0 0 0 0 0 0 0 0 3 0 0 0 0 0 0 0 0 0 0 0 0 0 0 0 0 0 0 0 0 0 2 7 0 0 0 0 1 0 1 0 2 2 0 1 0 0
0 0 0 0 0 0 0 5 0 3 48 63 100 0 0 0 0 0 0 0 0 0 4 0 0 0 5673 0 0 1431 0 555 0 0 0 0 0 0 0 192 0 0 0 0 0 0 0 0 28 0 0 0 0 0 0 0 0 0 0 0 0 0 0 0 0 0 0 0 0 0 0 0 0 0 0 0 0 0 4 0 0 0 0 0 0 0 0 0 0 0 0 0 0 0 8 6 0 0 0 0 0 0 0 0 0 0 0 0 0 0 0 0 0 0 0 0 0 0 0 0 0 0 0 0 0 0 0 0 0 0 0 0 0
0 0 0 0 0 0 0 0 0 1 2 0 24 0 0 0 0 1 0 0 0 0 48 0 0 0 0 37158 0 0 0 0 0 0 0 0 0 0 0 0 0 0 0 0 0 0 0 0 28 0 0 0 0 0 0 0 0 0 0 0 0 0 0 0 0 0 0 0 0 0 0 0 0 0 0 0 0 0 25 0 0 0 0 0 0 0 0 0 0 0 0 0 0 0 0 0 0 0 0 0 0 0 0 0 0 0 0 0 0 0 0 0 0 0 0 0 0 0 0 0 0 0 0 0 0 0 0 0 0 0 0 0 0
0 0 0 0 0 0 1 2 0 1 1 0 17 0 0 0 0 0 0 0 0 0 1 0 0 0 0 0 4003 0 0 0 0 0 0 0 0 0 0 0 0 0 0 0 0 0 0 0 15 0 0 0 0 0 0 0 0 0 0 0 0 0 0 0 0 0 0 0 0 0 0 0 0 0 0 0 0 0 2 0 0 0 0 0 0 0 0 0 0 0 69 0 0 0 66 31 0 0 0 0 0 0 0 0 0 0 0 0 0 0 0 0 0 0 0 0 0 0 0 0 0 0 0 0 0 0 0 0 0 0 31 0 0
0 0 0 0 1 0 0 0 0 0 3 0 1 0 0 0 0 1 0 0 0 0 0 0 0 0 0 59 7 0 0 0 0 0 0 0 0 0 0 0 0 0 0 0 0 0 1 0 2 0 0 0 0 0 0 0 0 0 0 0 0 0 0 0 0 0 0 0 0 0 0 0 0 0 0 0 0 0 0 0 0 0 0 0 0 0 0 0 0 0 0 0 0 3 0 0 0 0 0 0 0 0 0 0 0 0 0 0 0 0 0 0 0 0 0 0 0 0 1 0 0 0 0 0 0 0 0 0 0 0 0 0 0
0 0 0 0 0 0 0 0 0 0 0 0 1 0 0 0 0 0 0 0 0 0 0 0 0 0 0 27 2 0 0 0 0 0 0 0 0 0 0 0 0 0 0 0 0 0 1 0 1 0 0 0 0 0 0 0 0 0 0 0 0 0 0 0 0 0 0 0 0 0 0 0 0 0 0 0 0 0 0 0 0 0 0 0 0 0 0 0 0 0 0 0 0 3 0 0 0 0 0 0 0 0 0 0 0 0 0 0 0 0 0 0 0 0 0 0 0 0 0 0 0 0 0 0 0 0 0 0 0 0 0 0 0
0 0 0 0 0 0 0 144 0 18 1294 0 34 0 0 0 1 1 0 0 0 0 4 0 0 0 966 0 0 0 0 16744 1 0 471 0 0 0 0 29 0 0 0 0 0 0 0 0 47 0 0 0 0 0 0 0 0 0 0 0 0 0 0 0 0 0 0 0 0 0 0 0 0 0 0 0 0 0 9 0 0 0 0 0 0 0 0 0 0 0 0 0 0 0 0 0 0 0 0 0 0 0 0 0 0 0 0 0 0 0 0 0 0 0 0 0 0 0 0 0 0 0 0 0 0 0 0 0 0 0 0 0 0
0 0 0 0 0 0 0 0 0 0 0 0 0 0 0 0 0 0 0 0 0 0 0 0 0 0 0 0 0 0 0 0 0 0 0 0 0 0 0 0 0 0 0 0 0 0 0 0 0 0 0 0 0 0 0 0 0 0 0 0 0 0 0 0 0 0 0 0 0 0 0 0 0 0 0 0 0 0 0 0 0 0 0 0 0 0 0 0 0 0 0 0 0 0 0 0 0 0 0 0 0 0 0 0 0 0 0 0 0 0 0 0 0 0 0 0 0 0 0 0 0 0 0 0 0 0 0 0 0 0 0 0 0
0 0 1144 0 1 5119 3093 3170 2049 1497 1683 2005 1 0 73 2 0 0 1 0 1 0 10 5 2 2 0 4 0 0 1 8 6 0 19 58 128 0 2 0 11735 12024 12363 0 1 0 2 0 12 1 0 0 17 53 16 0 10 2 3 4 3 0 1 4 5 0 0 0 0 0 0 0 1 0 0 0 0 0 81756 1 0 0 0 3269 0 0 0 0 0 0 0 0 0 1 0 0 0 0 0 0 0 0 0 0 0 0 0 0 0 0 0 0 0 0 0 0 0 1 1 0 0 0 0 0 0 0 0 1 1 0 0 1 0
3 1 1 0 3 0 85 96 58 39 37 60 7 0 0 65 75 86 0 0 1 0 2 0 16 0 0 11 0 9 0 0 0 0 0 0 14785 0 10 38 0 0 0 0 11 0 6 360 7 103 387 0 4 3 4 0 4 3 3 8 8 3 2 1 4 0 0 0 0 0 0 1 2 2 9 7 8 4 0 9 3 10 14 1 0 0 0 0 0 0 1060 0 0 10 255 125 8 0 2 0 0 8 0 0 0 0 0 0 11 0 12 14 9 0 13 10 10 17 15 11 6 13 8 15 14 16 13 15 16 7 14 1 0
0 0 0 0 0 0 0 0 0 0 0 0 0 0 0 0 0 0 0 0 0 0 1 0 0 1 0 0 0 0 0 0 0 0 0 0 0 0 0 0 0 0 0 0 0 0 0 0 4 0 0 0 0 0 1 0 0 0 0 2 0 0 0 1 0 0 0 0 0 0 0 0 2 0 0 0 0 1 0 0 0 0 0 0 0 0 0 0 0 0 0 0 0 0 0 0 0 0 0 0 0 0 0 0 0 0 0 0 0 0 0 0 0 0 0 0 0 1 1 0 0 0 0 0 0 1 0 1 1 0 0 0 0
0 0 0 0 0 0 0 0 0 0 0 0 0 0 0 3 0 4 0 0 0 0 0 0 1 0 0 0 1 0 0 0 1 0 0 0 0 0 0 0 0 0 0 0 0 0 0 0 0 0 0 0 0 0 0 0 0 0 0 0 0 0 0 0 0 0 0 0 0 0 0 0 0 0 0 0 0 0 0 0 0 0 1 0 0 0 0 0 0 0 0 0 0 0 0 0 0 0 0 0 0 0 0 0 0 0 0 0 0 0 0 0 0 0 0 0 0 0 1 0 0 0 0 0 0 0 0 0 0 0 0 0 0
0 0 0 0 0 0 0 0 0 0 0 0 0 0 0 0 0 0 0 0 0 0 0 0 0 0 0 0 0 0 0 0 0 0 0 0 0 0 0 0 0 0 0 0 0 2337 0 0 0 0 0 0 0 0 0 0 0 0 0 0 0 0 0 0 0 0 0 0 0 0 0 0 0 0 0 0 0 0 0 0 0 0 0 0 0 0 0 0 0 0 0 0 0 0 0 0 0 0 0 0 0 0 0 0 0 0 0 0 0 0 0 0 0 0 0 0 0 0 0 0 0 0 0 0 0 0 0 0 0 0 0 0 0
3 4 2 0 3 4 2 3 2 0 0 2 2 0 0 0 0 0 0 0 34 0 208 0 0 7 0 0 0 0 0 0 41 0 0 0 0 0 1 1 0 0 0 0 0 0 0 0 121 0 0 0 3 6 25 0 2 370 0 1 0 0 0 2 3 0 0 0 0 0 0 2 4 0 0 0 0 1 0 0 0 0 1 1 0 0 0 0 0 0 0 0 0 0 0 0 0 0 0 0 0 0 0 0 0 0 0 0 0 0 0 0 0 0 0 0 0 0 1 0 0 0 0 0 0 0 0 1 1 0 0 0 0
56 65 37 7 53 81 39 53 29 14 16 37 54 11 5 330 371 427 1350 0 4793 2225 2532 752 379 754 23 31 309 3 7 47 110 5 26 0 16 28 92 122 23 100 11 0 54 0 37 217 156 9 18 125 710 883 6939 1064 975 21 54 77 87 65 30468 47 76 0 0 0 0 0 2 155 22 9 0 0 0 29 3 55 0 0 86 6 52 0 0 0 0 0 0 0 0 0 0 33 30 0 0 0 0 0 0 0 0 0 0 0 39 0 71 65 30 0 106 58 55 162 99 81 45 131 108 155 141 171 100 98 101 18 0 44 0
4 5 1 1 4 6 3 4 2 1 1 3 3 0 0 0 0 0 0 0 0 0 1723 0 0 7 0 0 0 0 0 0 3 0 0 0 0 0 6 4 0 0 0 0 0 0 3 0 5 0 0 0 0 0 14 0 0 0 0 4018 0 0 0 4 1 0 0 0 0 0 0 6 2 0 0 0 0 0 0 0 0 0 0 0 0 0 0 0 0 0 0 0 0 0 0 0 0 0 0 0 0 0 0 0 0 0 0 0 0 0 0 0 0 0 0 0 0 0 2 0 0 0 0 0 0 0 0 2 1 0 0 0 0
9 11 5 1 8 12 6 8 4 2 2 5 6 0 0 4 1 1 35 0 172 0 226 6 0 25 0 0 0 0 0 0 4 0 0 0 0 0 8 8 0 0 0 0 11 1735 2 0 46 1 0 0 39 38 47 0 47 0 1 69 0 5049 0 9 57 0 0 0 0 0 0 27 3 1 0 0 0 159 1011 2 0 0 0 1 0 0 0 0 0 0 0 0 0 0 0 0 0 0 0 0 0 0 0 0 0 0 0 0 0 0 0 0 0 0 0 0 0 2 5 0 0 0 0 6 0 7 0 5 5 0 0 0 0
0 0 0 0 0 0 0 0 0 0 0 0 0 0 0 0 0 0 0 0 0 0 0 0 0 0 0 0 0 0 0 0 0 0 0 0 0 0 0 0 0 0 0 0 0 0 0 0 0 0 0 0 0 0 0 0 0 0 0 0 0 0 0 0 0 0 0 0 0 0 0 0 0 0 0 0 0 0 0 0 0 0 0 0 0 0 0 0 0 0 0 0 0 0 0 0 0 0 0 0 0 0 0 0 0 0 0 0 0 0 0 0 0 0 0 0 0 0 0 0 0 0 0 0 0 0 0 0 0 0 0 0 0
14 15 11 2 15 24 13 16 9 3 3 11 0 0 0 0 0 0 3 0 29 0 1 0 0 2 0 0 0 0 0 0 0 0 0 0 0 0 0 0 0 3 0 0 1 0 0 0 52 0 0 0 0 0 0 0 14 0 0 7 0 0 0 0 2 0 0 0 0 0 0 0 0 0 0 0 0 0 1 0 0 0 0 0 0 0 0 0 0 0 0 0 0 0 0 0 0 0 0 0 0 0 0 0 0 0 0 0 0 0 0 0 0 0 0 0 0 3 6 0 0 0 0 4 0 5 0 8 8 0 0 0 0
148 153 93 20 142 242 125 155 89 46 50 109 21 0 0 14 0 0 298 0 1062 506 155 5984 0 7872 5 1 0 1 1 30 3 0 0 13 3 0 2 2 23 427 166 0 16 0 0 0 63 1 0 0 809 625 537 614 0 34 6 93 6 0 0 2 11 0 0 0 0 0 0 296 110 0 0 0 0 100 7 0 0 0 1 21 392 0 0 0 0 0 0 0 0 0 0 0 0 0 0 0 0 0 0 0 0 0 0 0 0 0 236 170 28 0 129 146 155 194 184 176 153 249 268 253 259 274 256 244 253 8 0 0 0
0 8 0 0 0 0 0 0 0 0 0 0 0 0 0 0 0 0 0 0 0 0 0 0 0 0 0 0 0 0 0 0 0 0 0 0 0 0 0 0 0 0 0 0 0 0 0 0 4 0 0 0 0 0 7 0 0 5 0 0 0 0 0 0 0 0 0 0 0 0 0 0 1 0 0 0 0 0 0 0 0 0 0 0 0 0 0 0 0 0 0 0 0 0 0 0 0 0 0 0 0 0 0 0 0 0 0 0 0 0 0 0 0 0 0 0 0 0 0 0 0 0 0 0 0 0 0 0 0 0 0 0 0
0 0 0 0 0 455 0 1303 1067 762 699 0 3458 17 0 0 0 0 1 0 0 0 2 1 0 2 0 301 0 258 0 0 137 0 0 0 515 0 3 72 0 0 0 0 0 0 0 6 14 0 0 0 0 0 2 0 0 0 2 2 1 0 0 2 3 0 0 0 0 0 0 0 1 0 0 0 0 0 13 0 0 0 0 0 0 0 0 0 0 0 682 0 0 1 93 45 17 0 0 0 0 0 0 0 0 0 0 0 56 34 0 0 0 0 0 0 0 1 1 0 0 0 0 0 65 5 0 1 1 8 26 5 0
4 5 0 0 8 8 43 0 22 0 0 26 25 0 0 1 0 0 11 0 2 18 4 7 0 26 0 0 0 0 0 0 26 0 0 0 333 14 39 41 0 14 0 0 2 0 3 0 14 0 0 0 0 19 18 0 3 0 29 30 23 0 0 31 43 0 0 0 0 17 0 0 8 0 0 0 0 1 0 3 0 0 0 0 0 0 0 0 0 0 0 0 0 0 46 31 16 0 0 0 0 0 0 0 0 0 0 0 17 6 5 0 0 0 6 0 0 10 9 0 0 5 2 12 8 12 3 10 11 3 0 0 0
2 2 0 0 2 0 19 26 0 0 0 11 9 0 316 2 0 2 3 0 1 5 1 4 3 8 12 57 0 49 0 0 4 0 0 0 674 3 10 18 0 3 0 0 1 0 1 0 6 4 25 0 0 5 5 0 3 0 5 9 4 0 0 8 11 0 0 0 0 0 0 0 8 0 0 0 0 1 0 0 0 0 0 0 0 0 0 0 0 0 77 477 0 2 0 3 0 0 0 0 0 0 0 0 0 0 0 0 0 0 0 0 0 0 0 0 0 2 3 0 0 0 0 1 0 2 0 3 3 1 0 0 0
0 0 0 0 0 0 0 147 9 241 293 10 3671 0 0 0 0 0 0 0 0 0 1 0 0 0 0 26 0 0 0 0 4 0 0 0 3 0 0 43 0 0 0 0 0 0 0 0 17 1 0 30 0 0 0 0 0 0 0 0 0 0 0 0 0 0 0 0 0 0 0 0 0 0 0 0 0 0 0 0 0 0 0 0 0 0 0 0 0 0 45 0 0 0 17 8 2 0 0 0 0 0 0 0 0 0 0 0 0 3 0 0 0 0 0 0 0 0 0 0 0 0 0 0 0 0 0 0 0 4 5 3 0
1 1 0 0 1 0 43 68 28 10 10 29 15 0 17 0 0 0 1 0 0 1 6 1 0 2 43 152 2 134 0 5 3 0 6 14 2 1 3 70 0 1 0 0 0 0 0 5 20 0 6 0 0 2 2 0 0 0 3 3 2 0 0 3 4 0 0 0 0 0 0 0 2 0 0 0 0 0 0 0 0 0 0 0 0 0 0 1 0 0 9 0 0 1 0 1 6 0 0 0 0 0 0 0 0 0 0 0 0 0 0 0 0 0 0 0 0 1 4 0 0 0 0 0 0 1 0 1 1 0 0 0 0
4 4 0 0 4 6 0 1513 570 513 590 0 41 0 101 18 18 21 5 0 5 3 11 23 0 13 60 235 14 213 0 0 5295 0 0 0 576 0 17 97 0 7 0 0 2 0 6 0 22 1 0 0 0 5 10 0 0 3 13 16 10 0 0 15 21 0 0 0 0 5 0 1 4 0 0 0 0 2 0 5 0 0 0 1 0 0 0 0 0 0 1891 0 0 49 286 109 63 0 0 0 0 0 0 0 0 0 0 0 150 79 0 0 0 0 0 0 0 11 11 0 0 0 0 7 1 9 0 9 9 14 0 0 0
0 0 0 0 0 0 0 0 0 0 0 0 0 0 43 0 0 0 0 0 0 0 3 0 0 0 0 0 0 0 0 0 0 0 0 0 85 0 0 0 0 0 0 0 0 0 0 0 6 1 0 0 0 0 0 0 0 0 0 0 0 0 0 0 0 0 0 0 0 0 0 0 2 0 0 0 0 0 0 0 0 0 0 0 0 0 0 0 0 0 0 0 0 0 0 0 0 0 0 0 0 0 0 0 0 0 0 0 0 0 0 0 0 0 0 0 0 0 0 0 0 0 0 0 0 0 0 0 0 0 0 0 0
2 2 1 0 0 4 87 123 57 26 28 58 22 0 4 1 1 2 3 0 1 5 2 4 2 8 60 214 4 188 0 99 39 0 189 262 51 5 11 46 0 5 0 0 1 0 1 12 13 0 7 0 0 5 6 0 3 0 8 9 7 0 0 9 13 0 0 0 0 5 0 0 3 0 0 0 0 1 0 0 0 0 0 0 0 0 0 1 0 0 61 0 0 3 7 6 8 0 0 0 0 0 0 0 0 0 0 0 4 2 0 0 0 0 1 0 0 3 4 0 0 1 0 4 2 4 0 4 4 0 0 0 0
0 0 0 0 5 3 2054 4092 1428 215 163 0 1107 0 255 20 19 22 8 0 11 10 45 33 8 17 2292 10782 104 10021 0 190 467 0 0 1125 649 0 21 3062 0 10 0 0 4 0 8 517 163 2 364 0 0 22 30 0 7 5 16 20 8 0 1 19 26 0 0 0 0 3 0 1 29 6 0 0 0 17 1 7 0 0 0 3 0 0 0 55 0 0 2872 54 0 57 243 124 163 0 0 0 0 0 0 0 0 0 0 0 147 68 2 2 0 0 4 0 0 13 14 0 0 0 0 9 19 13 2 11 11 1 0 1 0
286 317 0 42 308 186 1070 1901 766 216 206 932 319 0 90 6 3 4 205 171 722 352 42 50 0 48 584 3194 39 2822 0 70 54 0 0 0 198 0 4 1971 0 68 0 0 0 0 1 217 96 2 6 0 0 40 44 487 762 0 0 4 0 0 0 4 71 0 0 0 0 0 0 2 9 1 0 0 0 13 1 1 0 0 0 2 152 0 0 5 0 0 2908 0 0 4 60 49 113 0 0 0 0 0 0 0 0 0 0 0 0 0 177 135 5 0 88 83 88 141 133 111 85 123 152 178 180 198 185 176 182 0 0 0 0
1 0 0 0 1 0 108 303 104 32 18 187 1 0 0 6 6 7 2 0 3 1 31 10 0 4 0 0 0 0 0 0 0 0 0 0 0 0 6 1197 0 2 0 0 1 0 2 0 33 2 0 0 0 3 3 0 0 1 3 5 0 0 0 5 7 0 0 0 0 0 0 0 25 0 0 0 0 1 0 0 0 0 0 0 0 0 0 0 0 0 53 0 0 21 0 0 58 0 0 0 0 0 0 0 0 0 0 0 0 0 0 0 0 0 0 0 0 4 4 0 0 0 0 3 0 4 0 3 3 0 0 0 0
6 7 3 1 6 8 7 7 4 2 3 5 2 1 41 11 3 3 10 0 32 13 105 5 7 17 0 0 0 0 0 5 2 0 2 38 9 0 2745 0 0 0 0 0 0 0 10 0 66 0 31 0 363 24 31 15 144 0 0 0 0 0 0 7 0 0 0 0 81 0 0 1 6 0 0 0 0 1 0 6 0 0 0 3 0 0 0 0 0 0 0 0 0 75 0 0 0 0 0 0 0 0 0 0 0 0 0 0 0 0 0 0 0 0 0 0 0 2 4 0 0 0 0 2 0 1 0 9 4 1 0 64 0
1 1 0 0 1 0 1 1 0 0 0 0 60 0 0 0 0 1 0 0 0 0 256 0 0 1 0 0 0 0 0 0 1 0 0 0 0 0 0 11 0 0 0 0 0 0 1 0 38 0 0 0 0 0 1 0 0 0 0 1 0 0 0 1 1 0 0 0 0 0 0 0 47 0 0 0 0 4 0 0 0 0 0 4 0 0 0 0 0 0 0 0 0 0 0 0 0 0 0 0 0 0 0 0 0 0 0 0 0 0 0 0 0 0 0 0 0 0 0 0 0 0 0 0 0 0 0 173 1 0 0 0 0
0 0 0 0 0 0 0 25 7 2 2 0 0 0 0 12 0 0 0 0 0 0 67 0 0 0 0 0 0 0 0 0 1 0 0 0 0 96 0 0 0 0 0 0 0 0 8 0 7 0 0 0 5 2 2 0 3 0 0 0 0 0 0 0 10 0 0 0 0 0 0 0 36 0 0 0 0 3 0 2 0 0 0 3 0 0 0 0 0 0 0 0 0 0 0 0 2 0 0 0 0 0 0 0 0 0 0 0 0 0 0 0 0 0 0 0 0 1 2 0 0 0 0 0 0 0 0 2 2 0 0 0 0
170 171 100 18 126 202 145 166 102 61 67 108 65 0 903 247 0 1 37 0 48 30 108 39 0 34 16 24 3 2 4 77 83 5 86 186 48 175 69 24 0 8740 4322 0 35 0 91 98 187 1 0 82 2195 7342 2102 930 1533 189 207 332 275 110 149 263 405 254 0 477 82 186 597 17 206 0 0 0 0 710 4237 6 0 0 7 17146 76 4301 32 34 0 0 0 0 0 124 0 33 0 0 0 0 0 0 0 0 0 0 0 0 0 0 0 0 0 0 13 0 0 27 32 0 12 128 35 48 24 33 0 27 29 0 12 318 0
1 0 0 0 2 0 4 2 3 2 2 2 1 0 4 3 1 2 10 0 42 5 11 0 0 1 0 0 0 0 0 0 34 0 0 0 0 30 4 6 0 0 1748 0 2 0 9 42 15 0 0 0 0 67 22 0 0 0 0 5 1 0 0 5 5 0 0 0 0 0 0 0 2 0 0 0 0 0 102 1 0 0 0 159 0 0 0 64 0 0 0 0 0 34 0 0 0 0 0 0 0 0 0 0 0 0 0 0 0 0 0 0 0 0 0 0 0 0 0 0 0 0 0 0 0 1 0 0 0 226 0 0 0
73 80 62 10 79 71 91 95 62 42 47 63 25 0 210 14 4 5 43 0 146 55 70 18 0 2927 294 525 64 29 86 404 1256 104 3435 933 157 283 470 1197 0 0 0 395 34 0 109 281 297 8 0 793 771 2385 1091 160 289 88 62 40 212 43 164 40 131 0 0 2793 47 77 0 261 19 0 0 0 0 3 308 2 0 0 38 465 70 0 18 82 0 0 0 0 0 68 0 95 10 0 0 0 0 0 0 402 0 316 0 0 295 167 264 283 229 373 221 270 259 285 233 259 202 0 236 225 253 269 252 237 245 354 105 183 0
76 87 62 12 84 152 85 94 58 37 41 62 10 38 17 38 32 37 53 45 113 94 112 39 50 95 38 70 36 4 12 245 57 15 209 512 123 368 149 27 265 79 0 0 314 54 21 222 193 6 0 325 90 201 137 84 133 236 268 1159 600 162 176 225 925 208 283 96 85 291 53 36 71 22 101 87 110 59 3 139 168 128 61 7 250 0 582 225 138 512 30 12 0 32 233 280 107 0 0 387 178 97 0 280 0 0 0 386 1172 73 436 438 345 655 323 444 438 348 284 352 285 274 327 294 317 327 322 288 298 799 377 293 0
1 209 0 0 1 0 1 1 1 0 0 1 0 0 0 0 0 0 0 0 5 0 43 0 0 0 0 0 0 0 0 0 0 0 0 2 0 0 0 7 0 0 0 0 0 0 1 0 5 0 0 0 46 128 273 44 57 2108 291 0 0 0 0 0 31 0 0 0 0 0 0 0 14 0 0 0 0 0 0 0 0 0 0 0 0 0 0 0 0 0 0 0 0 0 0 0 0 0 0 0 0 0 0 0 0 0 0 0 0 0 0 0 0 0 0 0 0 0 0 0 0 0 0 0 0 0 0 0 0 0 0 0 0
7824 7019 704 584 2037 3888 802 1497 753 255 239 683 859 1181 1087 852 4 0 1661 1978 1882 0 4244 434 2216 393 41 55 6 7 10 211 54 10 74 253 50 41 372 568 290 3953 1270 0 2830 0 177 853 5849 39 0 832 2539 4158 2742 1687 2120 595 1393 11373 5876 30 0 0 1884 48 97 239 116 121 440 952 26149 6 0 0 0 48881 54 11 0 0 0 12117 0 484 571 0 0 7 34 1681 993 0 5310 4292 140 0 55 0 8 0 30 257 0 4 0 282 32 12 0 0 600 737 978 1304 0 132 436 7 4731 5734 5370 3918 2669 2112 0 1123 1264 459 0 188 0
0 0 0 0 0 0 0 0 0 0 0 0 0 0 0 0 0 0 0 0 0 0 0 0 0 0 0 0 0 0 0 0 0 0 0 0 0 0 0 0 0 0 0 0 0 0 0 0 0 0 0 0 0 0 0 0 0 0 0 0 0 0 0 0 0 0 0 0 0 0 0 0 0 0 0 0 0 0 0 0 0 0 0 0 0 0 0 0 0 0 0 0 0 0 0 0 0 0 0 0 0 0 0 0 0 0 0 0 0 0 0 0 0 0 0 0 0 0 0 0 0 0 0 0 0 0 0 0 0 0 0 0 0
3 11 0 0 36 44 41 70 33 15 16 40 18 0 0 39 27 32 119 0 302 156 148 29 31 107 0 4 7 2 0 25 89 0 0 0 11 437 173 7127 0 0 0 0 128 0 357 0 558 13 1572 7062 267 277 218 73 435 307 365 360 112 0 33 281 406 0 0 524 393 103 0 14 58 0 0 0 0 105 1 16 0 0 0 25 0 0 0 18 0 0 0 0 0 11 58 56 107 0 0 0 0 0 0 0 0 0 0 0 9 61 67 52 14 0 38 18 16 52 44 14 19 46 9 57 43 55 43 48 50 35 0 117 0
0 0 0 0 0 0 0 0 0 0 0 0 0 0 0 0 0 0 0 0 0 0 0 0 0 0 0 0 0 0 0 0 0 0 0 0 0 0 0 0 0 0 0 0 0 0 0 0 0 0 0 0 0 0 0 0 0 0 0 0 0 0 0 0 0 0 0 0 0 0 0 0 0 0 0 0 0 0 0 0 0 0 0 0 0 0 0 0 0 0 0 0 0 0 0 0 0 0 0 0 0 0 0 0 0 0 0 0 0 0 0 0 0 0 0 0 0 0 0 0 0 0 0 0 0 0 0 0 0 0 0 0 0
0 0 0 0 0 0 0 0 0 0 0 0 0 0 0 0 0 0 0 0 0 0 6 0 0 0 0 0 0 0 0 0 0 0 0 0 0 0 0 0 0 0 0 0 0 0 0 0 189 0 0 0 0 0 0 0 0 0 0 0 0 0 0 0 0 0 0 0 0 0 0 0 0 0 0 0 0 0 0 0 0 0 0 0 0 0 0 0 0 0 0 0 0 0 0 0 0 0 0 0 0 0 0 0 0 0 0 0 0 0 0 0 0 0 0 0 0 0 0 0 0 0 0 0 0 0 0 0 0 0 0 0 0
3344 2502 443 622 9364 861 112 87 35 62 75 6 1 91 0 12 1 2 649 0 356 60 834 976 159 47 10 68 0 14 0 324 0 0 0 0 77 0 10 17 7 1333 701 672 201 78 34 0 5604 1 0 0 26 311 159 6 156 70 70 9402 114 0 82 228 173 0 0 0 132 34 393 12918 122 25 0 0 29 107 35 945 0 0 0 11038 182 0 329 43 0 0 0 0 0 93 0 3 5 0 0 0 0 0 0 0 0 0 0 0 0 0 235 254 157 23 523 276 257 3 1257 0 303 902 606 2531 1042 4 414 4 4 42 0 83 0
47 53 34 7 52 87 29 56 36 25 29 36 3 1 65 2023 18 21 44 0 5 72 1847 30 25 63 256 381 42 0 44 1163 141 59 200 779 110 1263 182 968 0 7 0 0 48 0 1275 0 645 7 668 0 993 458 420 473 612 0 5 48 0 45 0 34 98 0 67 4450 1423 283 0 49 22 0 0 0 0 7 0 4 0 0 6 0 72 0 0 0 0 0 0 0 0 419 0 36 0 0 0 0 0 0 0 0 0 0 0 0 0 0 438 487 429 816 375 497 479 467 379 463 371 77 432 372 421 433 413 383 397 104 0 79 0
173 129 87 17 124 198 102 126 72 35 37 97 126 0 0 62 1 1 0 0 9 0 504 26 0 20 39 58 5 4 10 307 2 11 107 346 67 0 0 0 0 317 0 0 0 0 4 0 18 0 0 0 0 14 43 0 0 6 0 1 0 0 0 1 0 0 0 0 23 17 0 1827 3 0 0 0 0 2 0 1 0 0 0 1 0 0 0 0 0 0 0 0 0 20 0 0 0 0 0 0 0 0 0 0 0 0 0 0 0 0 0 0 0 0 0 0 0 2 0 0 0 0 0 0 0 2 0 0 0 0 0 1 0
11 11 4 1 10 8 12 9 5 3 3 7 2 0 0 2 1 2 0 0 14 0 19 26 0 19 0 0 0 0 0 0 2 0 0 0 0 0 3 0 0 0 0 0 0 0 4 0 4 0 0 0 0 0 14 0 0 0 0 0 0 0 0 0 0 0 0 0 0 0 0 307 3 0 0 0 0 2 0 2 0 0 0 2 0 0 0 0 0 0 458 0 0 16 0 0 0 0 0 0 0 0 0 0 0 0 0 0 0 0 0 0 0 0 0 0 0 2 3 0 0 0 0 0 0 2 0 2 2 0 0 50 0
1 127 0 0 1 0 1 1 0 0 0 0 0 0 0 0 0 0 0 0 0 0 1 0 0 0 0 0 0 0 0 0 0 0 0 0 0 0 0 0 0 0 0 0 0 0 0 0 45 0 0 0 0 0 0 0 0 0 0 0 0 0 0 0 0 0 0 0 0 0 0 0 1 0 0 0 0 0 0 0 0 0 0 0 0 0 0 0 0 0 0 0 0 0 0 0 0 0 0 0 0 0 0 0 0 0 0 0 0 0 0 0 0 0 0 0 0 0 0 0 0 0 0 0 0 0 0 0 0 0 0 0 0
83 101 50 10 78 120 87 90 43 24 27 62 55 20 0 23 9 10 1312 0 832 2193 1938 390 0 361 15 18 8 0 1 16 13 10 3 0 4 0 28 3 0 57 0 0 0 0 29 0 47 1 0 0 110 265 621 0 0 0 0 29 0 0 594 36205 3678 0 0 0 0 57 0 86 26 7 0 0 0 47 1 10 36 4 47 24 70 2989 0 0 0 0 0 0 0 203 0 0 0 0 0 0 0 0 0 0 0 0 0 0 0 0 801 615 203 17 432 593 626 595 557 625 560 662 917 751 809 826 809 729 757 0 0 62 0
170 180 124 23 174 276 140 185 100 48 52 94 124 0 0 4 1 1 0 0 9 0 16 0 45 19 4 0 0 1 0 49 1 0 0 0 9 0 1 0 0 62 0 0 0 0 2 0 82 0 0 0 264 840 2085 196 0 0 0 0 381 0 0 0 0 0 0 0 6 6 0 48 51 0 0 0 0 2 0 1 0 0 0 1 142 0 0 0 0 0 0 0 0 6 0 0 0 0 0 0 0 0 0 0 0 0 0 0 0 0 0 0 0 0 0 0 0 1 1 0 0 0 0 0 0 0 0 1 1 0 0 56 0
33 37 23 5 34 61 33 38 23 13 15 26 0 0 0 0 0 0 0 0 44 7 538 1 0 0 0 0 0 0 0 0 1 0 0 2 0 123 3 33 0 1 0 0 0 0 38 0 46 0 0 113 0 52 29 164 53 0 4705 24 0 0 0 15 171 0 47 1222 442 94 15 437 12 1 0 0 0 20 0 1 0 0 0 5 9 0 0 0 0 0 0 0 0 0 0 0 9 0 0 0 0 0 0 0 0 0 0 0 0 0 0 0 0 0 0 0 0 41 42 0 0 8 0 29 8 40 0 44 45 0 0 0 0
14 15 8 2 14 24 13 15 9 5 6 10 1 0 0 3 4 5 5 0 16 0 217 1 0 1 0 0 0 0 0 0 3 0 0 3 0 42 1 16 0 49 0 0 0 0 29 0 23 0 0 0 83 24 18 42 31 0 0 354 0 0 0 376 0 0 0 309 68 22 0 186 7 0 0 0 0 9 0 1 0 0 0 2 0 0 0 0 0 0 0 0 0 0 0 0 0 0 0 0 0 0 0 0 0 0 0 0 0 0 0 0 0 0 0 0 0 14 18 0 0 0 0 3 0 11 0 17 18 0 0 0 0
1 1 0 0 1 1 1 1 1 0 1 1 0 0 0 0 0 0 0 0 0 0 39 0 0 0 0 0 0 0 0 0 1 0 0 0 0 5 0 1 0 0 0 0 0 0 0 0 3 0 0 0 0 24 17 0 9 0 0 0 0 8 0 0 1656 0 0 0 0 0 108 0 2 0 0 0 0 1 0 0 0 0 0 0 0 0 0 0 0 0 0 0 0 0 0 0 0 0 0 0 0 0 0 0 0 0 0 0 0 0 0 0 0 0 0 0 0 0 0 0 0 0 0 0 0 5 0 0 0 0 0 0 0
15 17 5 2 16 27 15 18 11 6 7 12 1 0 0 2 4 4 5 0 33 7 147 1 0 1 0 0 0 0 0 0 8 0 0 15 1 90 1 18 0 0 0 0 3 0 6 0 10 0 0 58 101 82 145 5 0 263 230 15 0 0 0 0 1393 0 0 812 124 70 286 376 5 0 0 0 0 5 0 1 0 0 0 2 0 0 0 0 0 0 0 0 0 0 0 0 2 0 0 0 0 0 0 0 0 0 0 0 0 0 0 0 0 0 0 0 0 15 16 0 0 0 0 0 0 16 0 18 18 0 0 0 0
49 66 480 4 15 406 218 586 309 52 53 202 128 12 0 181 140 161 2 0 12 0 261 2 30 2 72 122 128 7 21 527 1449 24 176 543 103 290 223 287 0 37 0 0 18 0 10 1 714 6 287 0 194 274 221 463 571 245 2106 0 212 0 0 0 38 0 0 83 0 6 0 13 778 1045 134 28 174 2147 150 445 222 115 1459 2036 0 0 0 0 0 0 0 0 0 31 0 30 19 0 0 0 0 0 0 0 0 0 0 0 0 0 18 25 25 0 63 18 16 0 13 0 80 0 0 0 0 0 0 0 0 37 0 43 0
26 28 17 4 25 45 24 28 17 10 11 19 2 0 0 12 12 14 22 0 74 36 104 4 6 5 1 2 11 0 0 0 27 0 0 5 0 271 7 60 0 10 0 0 7 201 10 0 24 0 0 66 13 44 122 0 81 418 0 21 7 42 0 0 250 780 39 0 0 44 7 890 11 2 0 0 0 28 0 4 0 0 11 7 0 0 0 0 0 0 0 0 0 0 0 4 8 0 0 0 0 0 0 0 0 0 0 0 0 0 0 0 0 0 0 0 0 36 10 0 0 18 0 30 16 43 0 6 47 0 0 3 0
1 1 0 0 0 2 1 1 1 0 0 1 0 0 0 0 0 1 0 0 0 0 28 0 0 0 0 0 0 0 0 0 1 0 0 0 0 0 0 2 0 0 0 0 0 114 0 0 92 0 0 0 0 1 2 0 1 0 0 0 68 86 26 0 3 0 0 0 0 0 0 0 19 0 0 0 0 1 0 0 0 0 0 0 0 0 0 0 0 0 0 0 0 0 0 0 0 0 0 0 0 0 0 0 0 0 0 0 0 0 0 0 0 0 0 0 0 0 0 0 0 0 0 0 0 0 0 0 0 0 0 0 0
24 27 16 4 26 45 25 28 17 10 11 19 0 0 0 0 2 2 0 0 0 0 28 0 0 3 0 0 0 0 0 0 4 0 0 0 0 20 0 0 0 0 0 0 0 0 5 0 7 0 0 0 16 45 25 0 54 0 101 0 0 0 0 0 0 0 0 1213 311 103 0 84 6 8 0 0 0 21 1 1 0 0 0 3 71 0 0 0 0 0 2056 0 0 0 0 0 0 0 0 0 0 0 0 0 0 0 0 0 0 0 0 0 0 0 0 0 0 10 0 0 0 0 45 0 1 46 0 5 0 0 0 0 0
189 213 157 29 207 366 197 225 136 81 89 150 159 27 71 97 30 35 723 791 2461 1291 1930 397 333 535 2522 359 69 21 60 425 441 72 313 964 161 859 71 993 0 312 59 0 131 0 1614 46 605 4 446 2346 861 1857 587 1303 1380 1172 1275 538 222 393 0 550 1808 0 6230 95 2476 7128 0 286 196 14 0 0 0 38 3 17 0 0 29 11 5602 1536 0 0 0 0 0 0 0 173 0 24 32 0 0 0 0 0 0 0 0 0 0 0 0 0 2698 2399 1363 2382 1688 2352 2399 1993 1751 2089 1787 2077 2481 2121 2283 2325 2334 2061 2139 143 0 233 0
566 303 192 40 457 539 91 108 56 26 26 68 105 143 19 96 79 91 212 233 584 376 4515 107 124 214 21 25 75 2 5 119 82 4 65 199 41 286 444 126 265 226 70 0 64 0 826 102 297 8 222 0 272 328 247 231 312 0 160 226 99 121 0 235 248 0 0 1655 741 1039 271 14 519 21 66 0 40 62 4 114 59 7 48 5 189 0 0 0 0 0 0 0 0 32 70 101 55 0 0 0 0 0 0 0 0 0 0 0 0 0 188 169 111 164 123 147 144 135 112 113 98 112 103 124 122 131 121 115 119 91 0 63 0
61 66 46 9 62 102 52 67 37 19 20 48 54 11 15 382 433 498 64 74 16 113 124 44 158 153 31 53 363 4 10 72 156 10 54 195 34 89 239 73 0 116 0 0 69 0 47 0 78 1 26 0 119 141 131 57 130 0 0 183 0 0 10 171 0 0 0 0 0 117 0 17 513 9 0 0 0 33 2 77 47 0 34 5 0 0 0 0 0 0 43 0 0 44 0 70 33 0 0 0 0 0 24 0 0 0 0 5 29 0 99 147 130 0 140 159 152 169 139 137 101 37 139 133 142 155 77 139 211 54 0 50 0
24 27 20 4 26 45 25 29 17 10 11 20 14 5 9 19 15 17 33 30 34 55 539 19 21 68 5 7 20 1 2 24 22 2 16 59 11 0 111 16 0 36 0 0 23 0 194 0 44 4 0 0 0 38 45 0 0 0 0 143 0 71 5 128 0 0 0 39 0 178 0 5 340 0 0 0 0 5 1 10 0 0 16 1 30 0 1523 57 0 0 0 0 0 0 0 16 11 0 0 0 0 0 0 463 0 0 0 0 0 0 56 81 63 70 64 82 80 67 57 61 92 97 104 89 83 79 56 65 68 0 0 14 0
2 2 2 0 2 3 2 2 1 0 0 2 3 1 51 25 28 32 42 9 131 64 458 7 7 14 1 0 22 0 4 0 12 0 0 7 0 15 71 30 0 9 0 0 11 0 29 0 26 3 0 0 0 2 7 0 0 0 0 5 0 0 0 0 0 0 0 0 0 0 0 1 3 2 0 0 0 52 22 6 0 0 16 13 0 0 0 0 0 0 0 2398 0 85 1933 2851 351 0 0 0 0 0 0 0 0 0 0 356 0 0 0 0 0 0 0 0 0 8 8 0 0 3 0 7 0 7 0 8 8 0 0 0 0
4 4 44 0 6 194 147 122 79 58 65 82 23 631 5 67 2 2 5 0 10 6 299 2 0 49 17 27 4 11 4 65 24 5 107 134 35 62 671 429 0 429 339 0 6 0 70 8 98 1 0 192 88 208 63 43 94 0 24 0 0 9 0 15 91 162 0 244 20 474 0 14 44 0 0 0 0 0 2861 5 0 0 1 101 6 0 0 0 0 0 0 14 0 47 35 56 275 0 0 0 0 5 0 62 16 0 0 38 53 63 18 19 14 15 15 16 15 21 22 16 11 16 12 17 17 19 17 18 18 136 86 48 0
3 3 1 0 3 4 2 3 2 1 1 2 0 0 0 0 0 1 0 0 0 0 13 6 0 9 0 0 0 0 0 0 0 0 0 0 0 0 1 0 0 1 0 0 0 0 1 0 287 1 0 0 0 0 8 0 0 0 0 1 0 0 0 18 0 0 0 0 0 0 0 0 0 0 0 0 0 0 0 0 0 0 0 0 0 0 0 0 0 0 0 0 0 0 0 0 0 0 0 0 0 0 0 0 0 0 0 0 0 0 0 0 0 0 0 0 0 1 0 0 0 0 0 0 0 1 0 0 0 0 0 0 0
0 0 0 0 0 0 0 0 0 0 0 0 0 0 0 0 0 0 0 0 0 0 14 0 0 0 0 0 0 0 0 0 0 0 0 0 0 0 0 0 0 0 0 0 0 0 0 0 1 0 0 0 0 0 0 0 0 0 0 0 0 0 0 0 0 0 0 0 0 0 0 0 0 0 0 0 0 0 0 0 0 0 0 0 0 0 0 0 0 0 0 0 0 0 0 0 0 0 0 0 0 0 0 0 0 0 0 0 0 0 0 0 0 0 0 0 0 0 0 0 0 0 0 0 0 0 0 0 0 0 0 0 0
1 151 9 0 0 8 4 12 6 1 1 4 3 0 0 0 0 0 2 0 7 0 201 1 0 1 0 1 0 0 0 5 15 0 0 0 1 4 4 2 19 10 1 0 0 0 0 2 527 0 0 41 1 1 1 0 2 0 7 1 15 0 0 1 0 0 0 0 0 0 6 1 55 0 0 0 0 0 0 0 260 21 0 14 106 0 22 1 0 0 9 0 0 15 12 6 4 0 0 0 2 0 0 0 0 0 0 0 10 0 44 47 41 0 39 49 47 22 14 17 78 44 50 8 6 8 4 7 8 11 5 23 0
52 73 620 4 7 516 278 759 401 64 66 257 155 15 0 26 0 0 481 617 1637 939 186 216 253 244 46 84 9 5 13 368 989 17 118 361 71 359 254 315 535 2118 478 0 38 766 0 384 341 8 332 232 70 84 75 72 196 295 1310 117 2273 0 194 227 54 232 0 1148 134 156 32 6 79 0 0 0 0 0 0 0 1309 996 0 655 562 0 99 0 0 16 0 48 0 80 64 32 20 0 0 0 0 0 0 0 0 0 0 0 69 0 229 250 221 280 207 260 250 119 68 93 415 242 269 38 31 40 17 36 37 79 0 128 0
70 97 823 5 9 682 367 1003 529 85 87 339 205 19 0 37 0 0 585 773 1994 1144 1271 263 309 297 70 127 14 7 20 559 1489 25 187 559 111 519 460 415 1265 2566 583 0 54 499 1 548 220 11 272 336 108 138 116 200 298 380 1681 152 2916 0 253 292 70 349 39 1409 180 221 43 9 14 1 4 0 5 2 0 7 2227 1696 0 1110 755 0 154 0 0 97 153 790 0 120 105 52 26 0 0 0 0 0 0 0 0 0 0 0 122 4 361 391 337 582 306 400 386 173 99 151 616 356 398 57 52 59 41 53 64 142 45 166 0
19 27 221 1 2 187 101 275 145 23 24 93 251 4 0 16 0 0 129 128 440 1644 28 58 66 66 34 60 6 3 10 269 726 12 84 263 52 241 264 114 496 666 136 0 24 224 0 223 34 12 0 100 46 53 48 13 123 102 460 41 799 0 62 80 14 132 0 260 58 91 18 2 2 0 0 0 0 0 0 0 853 649 0 0 78 0 23 0 0 0 0 17 0 31 68 34 1 0 0 0 0 0 0 0 0 0 0 0 55 0 65 73 66 0 71 75 70 42 111 19 136 84 86 65 59 13 0 59 61 35 0 32 0
0 0 0 0 0 0 0 1 0 0 0 0 0 0 0 0 0 0 0 0 1 0 32 0 0 0 0 0 0 0 0 0 197 0 0 0 0 0 0 0 0 4 0 0 0 0 0 0 18 0 0 0 0 0 1 0 0 0 0 0 0 0 0 0 0 0 0 0 0 0 0 0 8 0 0 0 0 0 1 0 2 2 0 7 0 0 0 0 0 0 0 0 0 0 0 0 0 0 0 0 0 0 0 0 0 0 0 0 0 0 0 0 0 0 0 0 0 0 0 0 0 0 0 0 0 0 0 0 0 0 0 0 0
0 0 0 0 0 0 0 0 0 0 0 0 0 0 0 0 0 0 0 0 0 0 0 0 0 0 0 0 0 0 0 0 0 0 0 0 0 0 0 0 0 0 0 0 0 0 0 0 0 0 0 0 1 4 1 0 1 0 0 0 0 0 0 0 0 0 0 0 0 0 0 0 0 0 0 0 0 0 0 0 0 0 0 9 0 0 0 0 0 0 0 0 0 0 0 0 0 0 0 0 0 0 0 0 0 0 0 0 0 0 0 0 0 0 0 0 0 0 0 0 0 0 0 0 0 0 0 0 0 0 0 0 0
0 47 0 2 5 0 0 0 0 0 42 0 99 0 0 0 0 0 0 0 1044 0 0 0 0 155 0 0 5 0 6 0 0 9 0 0 44 0 155 0 0 0 0 0 0 0 0 0 0 5 0 0 0 0 47 0 0 0 0 0 0 0 0 1308 0 0 0 0 0 0 0 0 0 0 0 0 0 0 0 0 0 0 0 0 0 0 0 0 0 0 0 0 0 0 34 21 0 0 0 0 0 0 0 0 0 0 0 0 0 0 0 0 0 0 130 0 153 75 43 0 0 153 0 24 18 25 9 23 23 0 0 0 0
45 63 538 3 5 444 239 653 345 55 56 221 133 12 0 23 0 0 413 539 1408 805 591 186 216 210 39 69 7 4 11 316 850 13 97 305 61 308 219 271 443 1824 396 0 33 306 0 320 125 6 333 194 58 64 64 0 159 508 437 101 1957 0 162 195 41 168 0 0 108 129 26 5 10 0 0 0 0 0 0 0 0 0 9152 0 256 0 45 0 0 0 0 26 0 52 47 23 10 0 0 0 0 0 0 0 0 0 0 0 35 0 137 153 136 76 137 156 148 80 47 48 266 162 170 24 16 26 0 25 25 20 0 88 0
58 82 693 4 7 576 311 848 448 72 73 287 173 16 0 29 0 0 537 680 1828 1047 702 241 281 272 51 92 10 5 15 410 1104 18 128 397 79 400 287 351 585 2369 521 0 43 400 0 422 176 8 474 254 77 88 83 0 212 661 568 131 2540 0 212 254 56 238 0 1273 145 167 34 7 34 0 0 0 0 0 0 0 3736 0 8746 729 2116 0 368 12 0 287 112 176 0 278 253 118 81 0 0 0 136 0 0 77 0 0 0 0 289 30 887 959 820 1628 727 977 946 406 232 384 1473 843 954 138 132 142 123 123 128 373 173 448 0
8 11 83 0 0 76 42 115 61 9 10 39 23 1 0 18 0 0 0 0 500 6 85 2 0 3 12 18 0 1 3 97 281 3 21 94 18 48 20 14 0 3 0 0 1533 10 0 28 150 1 22 0 37 40 41 0 102 818 155 2 44 0 0 4 3 0 0 0 0 0 0 0 300 11 53 36 42 399 31 85 0 0 0 1067 0 0 0 0 0 0 0 0 0 0 0 0 0 0 0 0 0 0 0 0 0 0 0 0 0 0 0 0 0 0 0 0 0 4 3 0 0 2 0 0 0 0 0 1 1 0 0 0 0
4 4 47 0 0 4 21 57 31 4 5 19 0 0 0 0 0 0 0 0 0 0 84 0 0 0 0 0 0 0 0 0 0 0 0 0 0 0 0 0 0 0 0 0 0 0 0 0 81 0 0 377 0 0 0 0 0 0 0 0 0 0 0 0 0 0 0 0 0 0 0 10 1 0 0 0 0 0 0 0 1532 0 0 0 1077 0 189 56 0 0 196 0 0 133 127 57 42 0 16 0 136 0 0 126 0 9 0 0 148 62 433 466 397 0 348 476 462 193 115 191 709 402 461 67 66 68 66 61 63 198 143 209 0
21 17 20 9 16 23 20 27 16 21 22 20 23 4 5 121 119 136 42 0 136 42 42 15 0 37 22 33 101 4 9 92 88 8 107 0 67 41 3154 74 0 431 0 0 31 147 25 19 64 2 0 0 81 134 114 0 0 0 47 113 77 180 58 52 0 0 0 90 0 8 0 3 101 0 0 0 0 54 5 163 0 0 108 0 0 0 42 0 0 0 1437 0 0 15 28 65 29 0 0 0 0 0 0 0 0 0 0 0 36 0 0 0 0 0 95 0 0 156 139 0 0 73 23 113 78 130 0 132 137 0 0 35 3
6358 5443 4097 616 6487 8543 2501 3259 1899 891 922 1761 2817 1044 1635 81 0 0 5543 4674 1075 9848 1515 1910 477 2960 221 403 50 25 72 1444 677 85 1312 3122 808 3888 2027 544 0 2376 1078 214 340 0 6407 1349 601 25 1426 2054 3568 2987 3386 0 3562 2323 2623 5830 2089 2617 1334 1757 2603 0 493 74 285 3087 45 90 2465 770 4673 6072 976 2022 113 2927 9926 7537 1695 368 4969 0 1389 248 0 1169 1237 277 0 8001 1983 7395 926 796 966 150 2507 515 14421 517 0 1055 315 2336 1537 293 3800 3736 2641 3002 2697 3775 3791 2615 2162 2672 2207 2173 2589 2298 2470 2515 2525 2225 2310 3846 2070 1277 0
177 197 143 26 190 330 182 243 135 74 81 166 6 3 10 22 0 0 250 444 720 281 203 34 36 61 16 27 2 7 0 326 116 3 60 180 53 657 1871 59 0 91 0 0 52 0 184 54 77 1 0 255 195 262 209 266 245 11 39 123 47 60 9 100 142 159 181 2378 0 303 4 1 43 0 0 0 0 2 0 5 0 0 23 0 0 0 0 39 0 0 0 0 0 108 247 119 348 0 0 0 0 306 0 3133 0 21 0 0 72 57 810 910 745 1528 674 914 889 841 695 854 695 656 827 734 795 813 770 723 750 112 0 151 0
182 203 140 27 196 339 179 220 127 69 75 153 1 192 506 7 6 7 71 21 36 20 32 35 72 22 1 5 5 0 0 43 10 0 0 0 9 244 503 8 0 0 0 0 13 276 17 0 139 0 0 79 26 70 26 41 40 47 43 76 313 92 124 88 101 64 150 614 0 252 22 0 29 0 9 72 85 18 2 1 105 0 50 0 736 0 0 0 0 0 46 3 0 32 529 667 59 0 0 0 0 9 0 237 0 575 0 0 0 3 2049 1948 793 1534 1165 1591 1627 208 367 45 6341 6779 6536 4909 3600 2678 3205 1474 1623 13 0 188 0
1720 1904 1406 256 1842 3189 1696 2084 1197 652 706 1446 945 470 592 927 796 914 2601 3150 307 4630 1121 1977 2850 6295 525 2367 777 64 144 3087 2098 169 2247 6086 1370 4495 8430 946 754 4048 2545 0 795 767 346 4923 2675 52 2818 642 3658 5283 4392 285 4351 288 7378 7557 6233 3164 280 7512 10668 3304 3433 563 189 5619 815 67 1207 107 261 555 638 332 38 830 921 597 1709 49 2847 2131 470 130 0 507 1058 230 0 871 1799 1639 2533 0 1187 0 72 300 0 204 0 627 398 829 654 776 4970 3303 2508 4555 2404 3310 3277 2580 2133 2603 2086 1935 2397 2170 2347 2405 2399 2137 2215 521 813 962 0
269 299 213 40 289 500 289 405 218 119 128 273 149 142 817 75 68 78 552 610 1819 988 567 210 326 793 54 110 66 22 15 679 308 17 312 632 168 1610 4156 207 263 336 187 0 246 0 3424 471 1624 3 823 838 1336 1072 420 373 636 455 472 607 479 180 278 571 1081 339 320 60 310 1156 130 52 948 23 0 0 52 62 4 46 108 0 245 16 1307 0 188 108 0 0 243 42 15 215 1338 1293 882 0 0 0 151 425 0 0 0 273 0 13 149 140 598 606 502 645 479 622 605 568 467 540 431 328 519 472 510 531 498 474 491 337 0 538 0
0 0 0 0 69 83 70 101 0 38 41 62 215 27 0 22 0 0 144 47 496 240 771 72 101 256 0 18 0 0 0 0 43 0 0 0 0 700 492 79 83 92 44 0 32 0 516 373 49 4 638 393 363 0 319 563 610 210 189 512 430 163 291 518 0 411 522 0 102 431 49 6 186 0 18 0 66 75 3 369 308 0 345 0 0 0 153 0 0 0 0 13 6 67 960 451 40 0 120 0 121 386 0 196 790 856 0 528 835 203 1710 1838 0 2892 1377 710 1786 1621 1328 0 0 1262 1498 1360 1461 1504 1461 1339 1389 806 0 0 0
17 18 10 2 18 27 14 19 10 5 6 12 10 168 13 916 13 16 791 911 2759 1416 440 555 344 733 11 19 0 1 3 24 38 3 0 25 1 23 60 6 8 65 13 0 64 0 231 107 320 1 69 4 18 54 86 2 95 127 112 25 25 23 72 20 7 19 9 126 73 0 0 7 120 1 0 0 0 4 0 8 0 0 8 13 81 0 8 0 0 0 0 0 0 272 401 350 85 0 0 0 2 64 0 0 0 75 0 0 401 0 362 379 308 490 287 386 376 328 269 326 260 259 308 278 299 307 299 274 284 118 0 6 0
193 209 155 28 206 346 176 225 125 72 79 152 115 7119 373 329 1 1 852 1640 2739 1089 499 24400 16403 2178 524 787 70 32 96 2468 1395 132 724 1631 284 278 957 26 3156 2519 587 33 212 0 839 636 1690 7 49 586 302 524 547 1443 614 326 292 165 375 634 462 92 271 322 345 3239 126 180 25 177 441 122 332 399 539 329 18 718 863 365 2423 42 1010 3993 243 133 1202 0 0 1405 0 5125 1932 2176 519 9646 0 0 0 67 99 2709 0 782 360 236 7366 59 2333 2397 1868 3742 1752 2436 2408 1877 1539 1925 1550 1480 1784 1580 1712 1743 1747 1548 1606 1276 309 155 2
11 8 0 1 10 10 5 7 3 0 0 4 4 0 0 989 4 5 369 551 964 330 138 21 17 26 0 2 0 0 0 0 7 0 0 0 0 0 14 0 0 0 0 0 2 4982 21 0 162 0 0 0 0 0 14 0 0 7 6 7 6 0 16 6 10 0 0 0 35 0 0 2 24 0 0 0 0 2 0 3 0 0 30 0 0 0 0 0 0 0 0 0 0 0 5 65 39 0 0 0 0 0 0 0 0 0 0 0 0 0 0 3 1 0 14 7 2 425 602 69 0 77 59 11 8 12 0 12 12 0 0 0 0
8 8 5 0 8 6 0 8 0 2 2 5 12 591 0 107 115 132 81 127 225 83 108 23 115 86 0 0 79 0 1 0 805 0 0 0 14 65 313 47 554 510 4 0 4732 0 215 0 125 1 18 15 86 127 152 510 275 66 60 181 72 28 385 24 20 132 0 54 39 0 0 4 73 0 0 0 0 8 0 0 0 0 19 0 0 0 0 0 0 0 0 0 0 0 0 71 0 0 0 0 0 0 0 0 0 0 0 0 0 0 9 17 9 0 32 12 9 44 38 12 1 29 12 37 30 40 15 39 40 0 0 0 0
0 0 0 0 0 0 0 0 0 0 0 0 1 66 0 8 6 8 19 0 52 19 13 4 12 6 0 0 0 0 0 0 59 0 0 0 1 10 67 5 0 13 0 0 50 0 14 0 11 0 0 0 12 16 18 44 49 0 4 9867 6 0 0 0 0 0 0 0 0 0 0 0 7 0 0 0 0 1 0 0 0 0 2 0 0 0 0 0 0 0 0 0 0 0 0 0 0 0 0 0 0 0 0 0 0 0 0 0 0 0 0 0 0 0 0 0 0 4 5 0 0 0 0 3 0 3 0 5 5 0 0 0 0
13 14 3 1 14 22 12 15 9 5 5 10 1 7 0 7 8 9 17 0 55 26 169 12 16 46 0 0 0 0 0 0 3 0 0 0 0 163 332 0 7 9 0 0 2 0 14 0 78 4 0 33 79 63 107 32 75 0 0 5 0 0 0 5 2 0 0 0 0 0 0 0 55 0 0 0 0 4 1 1 0 0 280 0 0 0 0 0 0 0 0 0 0 0 1 62 0 0 0 0 0 0 0 0 0 0 0 0 40 0 1 14 6 0 21 3 1 38 33 14 1 23 3 30 24 33 12 31 33 0 0 0 0
704 812 681 102 725 1472 5116 1629 1001 742 736 1595 2898 327 565 201 3 3 672 826 2210 1136 2652 1111 814 597 626 1316 167 428 248 722 1460 312 5605 1603 219 1812 1972 174 12102 3889 1850 479 496 364 3394 1225 603 17 2006 1485 1399 3106 2005 2972 2678 1351 1161 1684 606 687 509 672 1334 601 790 189 58 746 121 475 229 200 88 152 226 465 38 342 419 89 1591 53 1554 0 1044 2380 11368 2512 229 2898 0 3007 6871 19899 8200 0 1192 0 5 52 225 1676 0 222 572 0 593 181 6117 5389 2649 331 3779 5542 5871 2089 1815 2152 1649 1754 2110 1824 1970 2006 2005 1781 1849 267 249 291 3
129 142 98 19 136 230 117 149 84 44 47 106 6 100 0 60 28 33 192 196 670 337 76 201 193 255 36 58 29 4 11 252 176 11 144 375 80 255 309 44 169 203 147 1030 46 0 705 795 165 6 1056 410 229 186 153 187 171 159 138 228 205 86 139 225 357 41 211 3572 132 243 13 3 90 45 271 198 233 128 7 295 361 270 1737 0 503 0 390 428 0 3038 0 225 432 2070 1313 869 135 0 0 1208 227 2702 0 780 0 921 0 4116 547 326 839 892 708 1406 655 891 872 752 620 749 592 579 676 621 667 686 674 611 633 982 607 963 0
2107 2098 1433 273 2043 3033 1397 2084 1062 467 487 1618 3439 782 658 164 0 0 261 433 761 273 393 963 424 95 48 91 10 5 10 385 94 18 121 409 69 808 448 265 404 518 95 0 400 96 1672 373 1158 4 117 261 123 231 130 246 137 216 185 195 939 156 487 44 87 278 187 3613 354 496 11 4 1532 86 320 427 447 215 13 548 706 478 228 5 694 0 985 306 169 304 88 2309 315 1010 810 768 648 711 0 0 4741 5464 5641 763 0 744 0 1379 21 38 1666 1580 995 1604 1135 1623 1668 836 687 853 686 663 798 709 768 784 781 697 723 218 235 2923 0
169 181 128 24 176 292 146 190 105 52 56 138 115 33 123 57 2 3 69 108 206 72 93 89 317 89 3 13 4 1 3 24 9 3 66 155 47 37 252 1193 65 226 46 0 9 0 38 409 522 8 55 110 74 183 61 91 161 40 34 9 111 47 90 5 33 107 66 1273 77 80 70 10 42 0 92 12 83 35 2 163 149 0 115 0 1713 0 58 136 0 0 0 0 491 224 19 37 332 0 0 0 0 0 0 0 0 67 0 0 0 0 444 467 384 765 348 473 461 417 343 422 341 333 399 357 385 394 390 351 364 57 0 260 0
132 152 108 20 146 266 149 164 101 64 71 108 98 14 0 75 0 0 54 16 173 88 209 20 26 66 3 5 2 0 1 17 8 1 21 55 14 41 152 0 355 454 379 0 1396 538 2605 17 107 1 48 89 33 57 40 47 37 635 543 697 778 771 781 450 864 230 316 2466 486 78 0 3824 138 14 127 113 120 37 2 145 188 144 173 2 650 0 0 0 0 0 0 0 0 1 2 5 46 0 0 0 4637 0 0 0 0 0 0 0 0 0 0 2 4 0 9 3 2 14 12 4 2 7 5 11 9 12 0 12 12 17 0 0 0
114 140 58 47 87 150 789 162 111 79 75 215 372 34 117 449 514 591 183 175 539 322 90 111 262 386 245 441 475 84 68 1624 910 96 587 1708 329 1992 1625 471 77 277 319 624 121 0 994 647 140 5 651 1320 550 617 448 684 500 170 150 417 397 156 245 407 343 1273 679 0 581 1436 21 694 129 162 1289 1404 1491 444 24 1918 2411 1733 2437 75 88 0 1848 4465 730 5445 2669 919 0 4386 2047 172 3295 0 1760 0 1361 5555 0 1479 1387 795 0 6936 10196 25 1982 1888 1231 0 1422 1948 1983 1228 1027 1193 918 978 1159 1057 1123 1167 1100 1041 1080 4203 5794 4662 0
257 263 193 34 273 436 203 246 144 80 86 162 87 60 188 356 378 434 430 497 1157 760 207 365 558 1078 92 162 332 11 30 532 454 34 434 1091 259 551 1211 252 435 348 0 0 77 0 211 2032 193 15 3178 821 325 797 489 964 1004 1141 1094 2497 2067 987 1354 2463 2420 306 176 4913 0 689 0 13 152 8 67 42 54 60 3 103 164 0 150 0 1859 0 0 0 0 679 0 72 0 277 4196 1528 5263 0 0 0 70 580 0 0 0 602 0 0 148 98 939 1050 780 1258 763 1053 1046 768 635 774 747 738 846 744 768 766 703 663 691 434 725 949 0
185 208 156 28 202 361 201 225 137 88 98 150 60 153 160 384 424 487 193 411 481 342 251 96 223 311 92 171 371 10 30 553 220 36 349 932 204 585 875 128 352 356 249 4521 522 148 4494 840 597 14 1033 566 363 601 361 293 502 1893 1686 2065 2033 1035 1270 1990 3150 512 960 3306 463 2455 0 200 402 156 1529 1437 1491 458 22 1799 2290 1784 1805 47 962 388 1698 1008 407 2107 0 181 210 364 948 532 1980 576 1411 1082 284 448 0 2306 0 1019 1650 1783 1116 357 4014 4191 3425 2378 3109 4241 4153 3474 2835 3564 2905 2744 3296 2927 3171 3223 3243 2860 2968 935 109 275 0
76 75 58 8 90 159 110 99 47 27 30 75 97 189 23 190 136 157 280 260 662 474 218 76 130 269 74 158 1007 12 20 137 379 32 103 370 116 243 355 83 138 323 0 128 648 0 1302 458 1102 626 1223 270 143 544 319 185 414 206 390 347 293 134 77 343 424 224 242 1153 340 605 107 68 148 19 236 264 289 292 87 374 374 245 163 0 146 0 0 0 0 0 0 0 0 60 339 204 171 0 0 0 0 23 0 0 0 0 0 193 0 0 310 248 158 101 187 251 255 151 130 140 117 108 137 131 137 143 133 131 135 51 0 12 0
1987 1902 1276 243 1879 2663 1171 1802 903 386 399 1404 3208 723 204 35751 40901 46999 384 761 1098 613 792 252 9269 256 2088 3844 34265 245 702 2044 10737 818 2039 5439 829 1176 5447 9440 2128 2628 2158 1652 5069 1495 3022 6511 1617 85 3496 4119 2788 2084 2181 4043 2803 2137 1942 1967 4647 2028 1516 826 2425 1761 71 176 63 302 104 936 949 1031 5090 4203 4247 2498 150 5220 1800 5520 7476 299 3605 0 2459 6504 0 4977 2696 1782 0 6751 207 6320 4023 0 2200 5571 2285 4457 431 2084 0 3159 0 6443 3673 2002 11511 12147 9993 155 8886 12306 12038 10164 8293 10465 8443 7934 9589 8496 9236 9391 9462 8343 8657 3865 99 3116 0
243 272 201 37 274 489 267 307 178 108 118 207 15 40 41 219 96 111 186 154 652 332 53 29 60 102 10 62 88 3 14 178 241 12 75 459 96 429 1659 168 206 329 96 0 164 0 2209 446 21 3 762 355 204 102 81 105 95 218 188 194 175 39 116 188 342 85 271 0 279 0 0 96 48 1124 317 217 339 2309 211 497 555 315 8701 281 837 0 50 195 0 0 0 719 0 440 256 138 97 216 0 0 55 307 0 681 0 0 0 0 2201 697 883 687 244 18 485 661 694 1198 1182 1269 597 806 964 808 862 883 867 783 813 242 438 196 0
0 0 0 0 4 13 177 31 11 20 19 46 104 30 0 12939 31 35 3 0 9 4 86 6 11 4 0 0 25 11 2 0 11 0 0 83 23 270 19 7 18 59 0 0 67 0 1078 0 12 2 152 59 135 254 113 76 58 439 379 462 394 154 265 463 432 63 359 0 52 176 0 24 26 0 0 0 0 18 4 13 0 0 69 0 0 0 0 36 0 0 0 0 0 47 24 22 0 0 0 0 229 677 0 0 0 564 0 0 0 0 154 145 87 0 124 152 155 110 94 86 59 79 85 90 90 100 77 91 94 544 0 0 0
98 125 97 10 140 228 125 157 65 44 47 114 35 71 2 51 24 27 21 1 72 36 200 8 16 25 0 0 19 0 2 0 11 0 0 85 25 15 447 105 23 69 0 0 68 0 135 0 12 1 6 45 209 81 68 95 83 78 69 717 93 85 90 60 103 113 66 1333 47 13 0 3 61 30 35 0 41 87 6 11 89 0 488 0 504 0 0 0 0 0 0 13 0 14 29 45 11 0 0 0 61 120 0 0 0 471 0 0 30 0 137 108 35 0 82 100 105 142 136 138 91 136 153 138 144 151 140 135 140 0 0 0 0
20 19 0 6 21 21 24 28 21 58 68 27 17 9 0 20 21 24 101 0 227 74 10 81 0 38 7 0 14 6 8 4 15 4 0 0 3 51 158 35 35 69 0 0 26 252 24 0 23 3 0 0 25 34 36 0 36 150 161 184 85 0 114 85 165 0 0 0 0 12 0 5 13 0 0 0 0 36 8 30 0 0 42 0 58 0 0 0 0 0 0 0 0 0 0 39 0 0 0 0 0 10 0 0 0 0 0 0 0 0 0 22 59 0 320 79 66 443 380 103 0 254 177 365 293 406 95 383 397 0 0 0 8
14 13 0 5 4 10 18 22 17 58 68 23 17 9 0 19 20 22 95 0 210 70 3 83 0 37 7 2 15 6 9 3 13 6 0 0 2 30 76 34 40 67 0 0 24 2594 18 0 21 2 0 0 20 26 30 0 29 161 169 188 94 0 133 87 170 0 0 0 0 3 0 6 12 0 0 0 0 37 9 30 0 0 39 0 63 0 0 0 0 0 0 0 0 0 0 35 0 0 0 0 0 0 0 0 0 0 0 0 0 0 0 0 52 0 311 72 61 426 366 91 0 239 176 350 280 389 74 369 382 0 0 0 8
19 20 1 5 20 25 22 26 18 41 48 23 17 8 0 11 10 12 77 0 135 74 5 66 0 62 7 4 8 4 6 16 18 4 9 0 8 45 76 19 29 65 0 0 20 0 11 0 25 2 0 0 34 47 45 0 43 92 144 155 98 0 89 98 170 0 0 0 0 30 0 4 11 0 0 0 0 25 6 23 0 0 29 0 36 0 0 0 0 0 1195 0 0 0 0 29 0 0 0 0 0 0 0 0 0 0 0 0 0 0 0 0 0 0 195 0 0 282 244 31 0 150 96 231 176 258 21 246 255 0 0 0 5
76 70 65 34 78 68 102 120 95 345 406 131 94 71 48 82 66 68 580 728 1282 473 11 559 186 206 46 78 64 34 59 86 60 55 68 61 40 192 711 172 485 459 0 0 140 0 106 14 29 17 0 0 132 176 169 0 177 1197 1078 996 632 409 1035 485 1112 0 0 274 0 70 0 42 23 42 0 0 9 223 51 178 0 0 234 36 1421 0 0 0 0 0 0 0 0 170 242 249 90 0 0 0 0 82 868 0 0 0 0 0 239 71 2779 2858 2214 0 2532 3014 2989 2670 2211 2232 1671 1963 2199 2231 2273 2466 2008 2225 2307 0 0 52 87
7 7 0 1 7 7 8 9 6 14 16 8 6 2 0 3 4 5 25 0 44 19 2 19 0 22 2 0 1 1 2 0 7 0 0 0 1 13 32 6 0 20 0 0 7 0 4 0 10 1 0 0 10 14 16 0 14 8 41 53 24 0 7 34 45 0 0 0 0 6 0 1 5 0 0 0 0 9 2 0 0 0 4 0 0 0 0 0 0 0 0 0 0 0 0 7 0 0 0 0 0 0 0 0 0 0 0 0 0 0 0 0 0 0 0 0 0 87 84 0 0 0 0 67 0 76 0 85 87 0 0 0 2
26 26 2 7 16 34 29 35 24 54 64 31 22 11 0 17 16 19 103 0 179 96 7 85 0 84 9 5 13 5 8 23 26 5 13 0 12 61 132 28 30 89 0 0 26 0 16 0 31 2 0 0 45 63 61 0 58 130 200 219 126 0 107 133 225 0 0 0 0 41 0 5 14 0 0 0 0 34 7 31 0 0 44 0 37 0 0 0 0 0 0 0 0 0 0 40 0 0 0 0 0 0 0 0 0 0 0 0 0 0 0 0 0 0 264 0 0 383 331 41 0 204 131 314 239 349 29 334 346 0 0 0 7
26 27 4 7 23 35 30 36 25 55 65 32 22 12 0 17 16 18 105 0 184 99 8 90 0 86 9 6 13 5 9 25 27 6 15 0 13 63 165 29 30 95 0 0 27 488 16 0 37 3 0 0 47 65 63 0 61 126 198 217 125 0 102 134 223 0 0 0 0 43 0 5 16 0 0 0 0 35 8 0 0 0 47 0 45 0 0 0 0 0 0 0 0 0 0 42 0 0 0 0 0 0 0 0 0 0 0 0 0 0 0 0 8 0 272 12 0 390 337 49 0 210 138 319 245 356 37 340 352 0 0 0 7
1 1 0 0 1 0 1 1 1 1 2 1 1 0 0 0 0 1 0 0 7 0 1 0 0 2 0 0 0 0 0 0 1 0 0 0 0 0 15 0 0 0 0 0 1 0 4 0 3 0 0 0 0 0 2 0 0 0 0 0 0 2801 0 2 0 0 0 0 0 0 0 0 2 0 0 0 0 1 0 0 0 0 0 0 0 0 0 0 0 0 0 0 0 0 0 0 0 0 0 0 0 0 0 0 0 0 0 0 0 0 0 0 0 0 0 0 0 0 13 0 0 0 0 0 0 0 0 12 13 0 0 0 0
0 0 0 0 0 0 0 0 0 0 0 0 0 0 0 0 0 0 0 0 0 0 1 0 0 0 0 0 0 0 0 0 0 0 0 0 0 0 0 0 0 5 0 0 0 0 2 0 0 0 0 0 7 0 1 0 0 0 0 2299 0 0 0 50 26 0 0 0 0 0 0 0 0 0 0 0 0 0 0 0 0 0 0 0 0 0 0 0 0 0 0 0 0 0 0 0 0 0 0 0 0 0 0 0 0 0 0 0 0 0 0 0 0 0 0 0 0 0 0 0 0 0 0 0 0 0 0 0 0 0 0 0 0
18 19 0 5 19 23 21 25 17 36 42 22 16 7 0 11 11 13 68 0 119 62 5 52 0 56 6 3 9 4 6 14 17 3 7 0 8 41 93 20 28 61 0 0 18 0 11 0 38 2 18 0 31 43 42 0 40 72 127 135 83 4 62 94 163 0 0 0 0 27 0 3 11 0 0 0 0 24 5 23 0 0 31 0 26 0 0 0 0 0 648 0 0 0 0 27 0 0 0 0 0 0 0 0 0 0 0 0 0 0 0 0 0 0 162 0 0 248 216 0 0 125 66 203 146 226 0 218 226 0 0 0 5
19 20 3 5 20 26 22 26 18 39 46 23 16 8 0 12 10 12 74 0 128 71 8 60 0 63 7 1 8 4 6 19 20 3 14 0 10 46 176 21 0 75 0 0 19 0 11 0 39 2 0 0 35 50 48 0 46 65 124 130 78 0 50 91 59 0 0 0 0 33 0 3 14 0 0 0 0 24 5 26 0 0 15 0 53 0 0 0 0 0 1458 0 0 5 0 31 0 0 0 0 0 0 0 0 0 0 0 0 0 0 10 17 44 0 198 60 53 267 229 67 0 153 116 219 178 244 54 231 239 0 0 0 5
3 3 0 1 3 1 4 5 4 10 12 5 4 1 0 8 10 12 16 0 35 6 51 8 0 9 4 0 7 1 2 12 22 0 18 0 14 3 17 7 0 564 27 0 54 0 145 0 87 1 0 0 862 91 77 0 87 0 17 3783 111 2827 0 4267 2089 0 0 0 0 0 0 109 31 0 0 0 0 11 2 0 0 0 0 0 0 0 0 0 0 0 0 0 0 0 0 4 0 0 0 0 0 0 0 0 0 0 0 0 0 0 0 0 0 0 1 0 0 69 67 0 0 0 0 53 2 61 0 67 69 0 0 0 2
24 26 5 5 25 37 25 30 19 26 31 24 17 7 0 16 16 19 59 0 70 66 32 39 0 82 4 0 13 3 4 24 26 0 15 0 12 55 114 15 0 64 0 0 17 0 8 0 106 1 0 0 43 61 58 0 55 17 120 133 79 1724 1 111 0 0 0 0 0 51 0 1 40 0 0 0 0 16 3 20 0 0 19 0 0 0 0 0 0 0 0 0 0 0 0 25 0 0 0 0 0 0 0 0 0 0 0 0 0 0 0 0 0 0 84 0 0 166 148 0 0 65 0 134 77 150 0 149 154 0 0 0 3
1 1 0 0 1 0 2 2 1 2 3 2 2 0 0 0 1 2 3 0 8 0 14 0 0 2 0 0 0 0 0 0 2 0 0 0 0 0 4 0 0 39 0 0 4 0 11 0 79 0 0 0 58 4 7 0 6 0 0 273 0 173 0 307 72 0 0 0 0 0 0 6 14 0 0 0 0 3 1 0 0 0 2 0 0 0 0 0 0 0 0 0 0 0 0 0 0 0 0 0 0 0 0 0 0 0 0 0 0 0 0 0 0 0 0 0 0 6 16 0 0 0 0 0 0 2 0 16 16 0 0 0 1
7 7 0 2 7 7 8 9 6 13 15 8 6 2 0 4 4 5 23 0 39 15 7 13 0 22 0 0 2 1 1 0 7 0 0 0 0 12 39 6 0 20 0 0 6 0 4 0 46 0 0 0 9 14 16 0 14 0 33 45 14 11778 0 35 0 0 0 0 0 5 0 0 10 0 0 0 0 9 2 0 0 0 12 0 0 0 0 0 0 0 0 0 0 0 0 7 0 0 0 0 0 0 0 0 0 0 0 0 0 0 0 0 0 0 0 0 0 78 75 0 0 0 0 60 0 69 0 76 78 0 0 0 2
1 1 0 0 1 0 1 2 1 2 3 2 1 0 0 0 1 1 3 0 9 0 4 0 0 3 0 0 0 0 0 0 1 0 0 0 0 0 5 0 0 0 0 0 1 0 4 0 25 0 0 0 0 0 2 0 0 0 0 0 0 2336 0 6 0 0 0 0 0 0 0 0 5 0 0 0 0 2 0 0 0 0 1 0 0 0 0 0 0 0 0 0 0 0 0 0 0 0 0 0 0 0 0 0 0 0 0 0 0 0 0 0 0 0 0 0 0 4 15 0 0 0 0 0 0 0 0 15 16 0 0 0 0
11 11 0 4 11 11 14 16 12 31 36 15 10 5 0 10 11 12 53 0 122 37 9 38 0 20 4 0 8 3 4 1 8 2 0 0 1 27 111 19 6 40 0 0 14 546 14 0 48 1 0 0 14 19 21 0 21 69 86 94 43 11 49 52 58 0 0 0 0 5 0 2 9 0 0 0 5 21 5 0 0 0 25 0 6 0 0 0 0 0 0 0 0 1 0 22 0 0 0 0 0 2 0 0 0 0 0 0 0 0 0 0 0 0 153 0 0 234 204 9 0 121 69 192 141 214 0 205 213 0 0 0 4
0 0 0 0 0 0 0 0 0 0 0 0 0 0 0 0 0 0 0 0 0 0 2 0 0 0 0 0 0 0 0 0 0 0 0 0 0 0 0 0 0 6 0 0 0 0 2 0 11 0 0 0 8 0 1 0 0 0 0 50 0 1 0 58 0 0 0 0 0 0 0 0 2 0 0 0 0 0 0 0 0 0 0 0 0 0 0 0 0 0 0 0 0 0 0 0 0 0 0 0 0 0 0 0 0 0 0 0 0 0 0 0 0 0 0 0 0 0 0 0 0 0 0 0 0 0 0 0 0 0 0 0 0
0 0 0 0 0 0 0 0 0 0 0 0 0 0 0 0 0 0 0 0 0 0 2 0 0 0 0 0 0 0 0 0 0 0 0 0 0 0 0 0 0 5 0 0 1 0 2 0 13 0 0 0 11 0 1 0 0 0 0 61 0 9 0 70 4 0 0 0 0 0 0 0 2 0 0 0 0 0 0 0 0 0 0 0 0 0 0 0 0 0 0 0 0 0 0 0 0 0 0 0 0 0 0 0 0 0 0 0 0 0 0 0 0 0 0 0 0 0 0 0 0 0 0 0 0 0 0 0 0 0 0 0 0
13 0 28 0 45 79 46 51 13 21 23 33 25 22 0 5 0 0 15 0 49 19 4 9 0 10 0 0 0 0 1 0 9 0 0 29 13 0 19 1 4 0 0 0 274 0 677 0 18 0 0 0 19 27 23 10 24 6 5 9 8 0 5 6 5 0 0 0 14 3 0 6 22 0 0 0 0 29 2 1 0 0 56 0 195 0 0 0 0 0 0 0 0 120 150 74 16 0 0 0 0 0 0 0 0 0 0 0 0 0 673 707 565 989 535 720 706 592 486 585 461 458 542 495 531 548 527 489 507 0 0 0 0
0 0 0 0 14 0 5 15 0 5 5 10 14 20 0 110 93 107 28 23 90 263 191 79 72 64 0 55 84 0 15 3280 32 12 219 723 225 186 237 108 0 164 0 0 130 98 246 120 36 2 54 55 95 173 65 69 67 50 362 171 487 33 55 47 75 42 42 1920 404 110 0 141 85 0 129 0 50 37 2 126 87 0 253 0 13 0 402 20 0 14 295 68 0 166 609 318 39 0 0 0 259 172 0 0 0 339 0 0 31 21 241 309 192 244 191 248 244 213 176 200 156 165 185 179 188 196 185 175 182 218 0 409 0
1 145 37 0 11 12 4 14 15 187 145 11 464 0 0 36 41 47 8 0 10 8 163 22 11 138 0 2 33 0 0 0 13 0 0 15 2 0 39 10 0 11 0 0 2 0 22 0 82 1 0 0 0 0 4 0 0 3 4 6 6 0 0 5 8 0 0 0 0 8 0 1 306 0 0 0 0 3 1 7 0 0 3 0 0 0 0 0 0 0 483 0 0 12 378 187 33 0 0 0 0 9 0 0 0 0 0 0 51 165 10 19 15 0 21 16 14 29 25 16 11 22 15 26 23 27 15 25 26 185 0 0 0
0 0 0 0 0 0 0 0 0 0 0 0 0 0 0 0 0 0 0 0 0 0 32 0 0 0 0 0 0 0 0 0 0 0 0 0 0 0 0 0 0 0 0 0 0 0 0 0 24 0 0 0 0 0 0 0 0 0 0 0 0 0 0 0 0 0 0 0 0 0 0 0 0 0 0 0 0 0 0 0 0 0 0 0 0 0 0 0 0 0 0 0 0 0 0 0 0 0 0 0 0 0 0 0 0 0 0 0 0 0 0 0 0 0 0 0 0 0 0 0 0 0 0 0 0 0 0 0 0 0 0 0 0
