136
0 0 0 0 0 0 0 0 4 58 81 11 8 27 38 0 0 0 0 0 0 0 0 0 0 0 0 0 0 0 0 0 133 0 15 0 0 0 0 0 0 0 0 0 0 0 0 0 0 0 0 0 0 0 0 0 0 0 0 0 0 0 0 0 0 0 0 0 0 0 0 0 0 0 0 0 0 0 0 0 0 0 0 0 0 0 0 0 0 0 0 0 0 0 0 0 0 0 0 0 0 0 0 0 0 0 0 0 0 0 0 0 0 0 0 0 0 0 0 0 0 0 0 0 0 0 0 0 0 0 0 0 0 0 0 0
0 0 0 0 0 0 0 0 1211 308 33 1461 2913 376 2 0 0 0 0 0 0 0 0 0 0 0 0 0 0 0 0 0 0 0 1497 0 0 0 0 0 0 0 0 0 0 0 0 0 0 85 0 0 0 0 0 0 0 0 0 0 0 0 0 0 0 0 0 0 0 0 0 0 0 0 0 0 0 0 0 0 0 0 0 0 0 0 0 0 0 0 0 0 0 0 0 27 1058 0 0 0 0 0 0 19 0 0 0 0 0 0 0 0 0 0 14 265 218 103 1 225 244 254 0 0 2 0 0 0 23 5 19 14 0 0 0 0
0 0 0 0 0 0 0 0 9320 2187 2894 3879 4389 15354 5940 0 2 0 0 0 0 0 0 0 0 0 0 0 0 0 0 0 0 0 2561 0 0 1 0 0 0 0 0 0 0 0 0 0 16 125 1 50 0 0 0 0 0 0 0 0 0 0 0 0 0 0 0 0 0 0 0 0 0 0 0 0 0 0 0 0 0 0 0 0 0 0 0 0 0 0 0 0 0 5007 0 105 0 0 0 0 0 0 0 0 0 0 0 0 0 0 10 0 0 0 33 429 356 170 24 356 387 413 6 17 23 10 0 0 41 26 38 34 0 0 0 0
0 0 0 0 0 0 0 0 198 62 49 114 231 24 0 0 5 0 0 0 0 0 0 0 0 0 0 0 0 0 0 0 0 0 5307 7641 0 0 0 0 0 0 0 0 0 0 0 0 0 0 0 0 0 0 0 0 0 0 0 0 0 0 0 0 0 0 0 0 0 0 0 0 0 0 0 0 0 0 0 0 0 0 0 0 0 0 0 0 0 0 0 0 0 0 0 0 0 0 0 0 0 0 0 0 0 0 0 0 0 0 0 0 0 0 9 122 98 45 0 109 117 115 0 0 0 0 0 0 9 0 4 0 0 0 0 0
0 0 0 0 0 0 0 0 0 0 0 0 0 0 0 0 0 0 0 0 0 0 0 0 0 0 0 0 0 0 27720 0 0 0 3114 0 0 0 0 0 0 0 0 0 0 0 0 0 0 0 0 0 0 0 0 0 0 0 0 0 0 0 0 0 0 0 0 0 0 0 0 0 0 0 0 0 0 0 0 0 0 0 0 0 0 0 0 0 0 0 0 0 0 0 0 31 0 0 0 0 0 0 0 0 0 0 0 0 0 0 2 0 0 0 24 209 171 80 0 179 194 199 0 0 0 0 0 0 17 0 13 8 0 0 0 0
0 1 0 0 0 0 0 0 0 0 1 0 0 0 0 4 16 13 0 0 0 1 7 0 0 4 0 0 0 0 0 0 0 28569 0 0 0 0 0 93 0 0 0 0 3632 0 0 0 0 0 0 0 0 0 0 0 0 0 0 0 0 0 0 0 0 0 0 0 0 0 0 0 0 0 0 0 0 0 0 0 0 11 0 0 0 0 0 0 0 0 0 0 0 0 0 0 0 0 0 2 18 0 0 0 0 457 120 0 0 0 0 0 0 0 0 0 0 0 0 0 0 0 0 0 0 0 0 0 0 0 0 0 0 0 0 0
0 0 0 0 0 0 0 0 0 0 0 0 0 0 0 0 0 0 0 0 0 0 0 0 0 0 0 0 0 0 0 0 0 0 0 0 0 0 0 0 0 0 0 0 0 0 0 0 0 0 0 0 0 0 0 0 0 0 0 0 0 0 0 0 0 0 0 0 0 0 0 0 0 0 0 0 0 0 0 0 0 0 0 0 0 0 0 0 0 0 0 0 0 0 0 0 0 0 0 0 0 0 0 0 0 0 0 0 0 0 0 0 0 0 0 0 0 0 0 0 0 0 0 0 0 0 0 0 0 0 0 0 0 0 0 0
0 0 0 4 1 0 0 0 386 47 46 0 0 20 5 50 345 4 0 0 0 5 10 4 4 5 0 0 0 0 0 0 0 0 0 0 127 0 0 0 0 0 6 0 0 0 0 1 0 0 0 0 0 0 13 0 0 0 0 73 0 0 0 0 0 0 0 0 0 0 0 0 0 0 4 0 0 0 0 0 0 112 0 0 0 0 0 0 0 0 0 0 0 0 0 0 0 0 0 0 1 0 0 0 0 0 0 0 0 0 0 0 0 0 2 0 0 0 0 0 0 0 0 0 0 0 0 0 0 0 0 0 0 0 0 0
0 0 0 0 0 0 0 0 0 5 0 0 59 0 255 0 0 0 0 0 0 0 0 0 0 0 14328 0 0 201 0 366 0 0 0 0 0 0 0 0 141 0 0 0 0 0 0 0 0 0 0 0 0 0 0 0 0 0 0 0 0 0 0 0 0 0 0 0 0 0 0 0 0 0 0 0 0 0 0 0 0 0 0 0 0 0 0 0 0 0 0 0 0 0 0 0 0 0 0 0 0 0 0 0 0 0 0 0 0 0 0 0 0 0 0 0 0 0 0 0 0 0 0 0 0 0 0 0 0 0 0 0 0 0 0 0
0 0 0 0 0 0 0 0 0 0 0 0 0 0 231 0 0 2 0 0 0 0 0 0 0 3 0 70346 0 259 0 0 0 0 0 0 0 0 0 0 0 0 0 0 0 0 0 0 0 0 0 0 0 0 0 0 0 0 0 0 0 0 0 0 0 0 0 0 0 0 0 21 0 0 0 0 0 0 0 0 0 0 0 0 0 0 0 0 0 0 0 0 0 0 0 0 0 0 0 2 10 0 0 0 0 0 0 0 0 0 0 0 0 0 0 0 0 0 0 0 0 0 0 0 0 0 0 0 0 0 0 0 0 0 0 0
0 0 0 0 0 0 0 0 0 6 0 0 3 0 425 0 0 2 0 0 0 0 0 0 0 3 0 0 26057 509 0 0 0 0 0 0 0 0 0 0 0 0 0 0 0 0 0 0 0 0 0 0 0 0 0 0 0 0 0 0 0 0 0 0 0 0 0 0 0 0 0 4 0 0 0 0 0 0 0 0 0 0 0 0 0 0 0 0 0 0 0 0 0 533 0 0 0 0 0 0 17 0 0 0 0 0 0 0 0 0 0 0 0 0 18 645 537 258 46 533 580 622 20 33 43 27 0 15 64 47 0 56 0 0 0 0
0 0 0 0 31 13 0 6 8 72 52 0 130 0 74 0 17 3 7 0 4 4 7 11 12 17 0 1409 830 258 0 675 10 3 0 0 53 7 9 0 15 0 0 0 0 22 0 55 0 6 0 0 0 11 20 14 18 19 22 6 12 8 4 4 32 0 26 1 0 0 0 8 15 0 252 9 0 0 13 12 5 8 0 2 8 14 18 0 2 0 26 7 6 0 0 8 7 0 13 1 22 0 0 0 0 0 0 0 0 0 0 0 0 0 26 16 11 6 0 24 23 13 0 0 0 0 0 0 6 0 0 0 0 12 13 0
0 0 0 0 12 4 0 2 0 2 0 0 0 0 7 0 0 1 4 0 2 2 3 4 4 7 0 122 70 4 0 0 4 0 0 0 20 2 0 0 0 0 0 0 0 7 0 21 0 2 0 0 0 0 7 2 6 6 8 3 5 2 0 2 12 0 7 0 0 0 0 0 0 0 97 1 0 0 4 4 2 3 0 1 2 4 6 0 1 0 1 0 0 0 0 0 0 0 4 0 5 0 0 0 0 0 0 0 0 0 0 0 0 0 7 0 0 1 0 9 7 0 0 0 0 0 0 0 5 0 0 0 0 2 0 0
0 0 0 0 0 0 0 0 219 207 0 22 4149 0 177 0 0 0 0 0 0 0 0 0 0 0 1189 0 0 205 0 30372 0 0 1451 0 0 0 0 0 0 0 0 0 0 0 0 0 0 0 0 0 0 0 0 0 0 0 0 0 0 0 0 0 0 0 0 0 0 0 0 0 0 0 0 0 0 0 0 0 0 0 0 0 0 0 0 0 0 0 0 0 0 0 0 0 0 0 0 0 0 0 0 0 0 0 0 0 0 0 0 0 0 0 0 0 0 0 0 0 0 0 0 0 0 0 0 0 0 0 0 0 0 0 0 0
0 0 0 0 0 0 0 0 0 0 0 0 0 0 0 0 0 0 0 0 0 0 0 17 14 0 0 0 0 0 0 0 0 0 0 0 0 0 0 0 0 0 0 0 0 0 0 0 0 0 0 0 0 0 0 0 0 0 0 0 0 0 0 0 0 0 0 0 0 0 0 0 0 0 0 0 0 0 0 0 0 15 0 0 0 0 0 0 0 0 0 0 0 0 0 0 0 0 237 0 0 0 0 0 0 0 0 0 0 0 0 0 0 0 0 9 5 0 0 15 15 7 0 0 0 0 0 0 0 0 0 0 0 0 0 0
1 4 3 776 4 0 1 0 88 242 224 22 25 183 27 0 186 955 0 0 11 1049 2203 0 0 5 0 0 0 0 0 0 1 0 0 0 50 21 0 0 0 670 3075 632 0 2 0 9 0 0 24 0 0 0 47 3 0 9 0 3504 7 113 0 0 8 0 0 0 0 0 17 0 0 0 19 0 0 0 0 0 0 26514 0 0 0 0 0 0 127 0 0 0 0 0 0 0 0 0 0 4 25 0 0 0 0 0 0 0 0 0 0 0 0 0 0 65 52 27 0 61 65 60 0 0 0 0 0 0 16 0 12 9 0 0 0 0
3 0 0 0 2 0 1 0 4 36 48 0 0 17 10 0 0 2 0 0 5 3 3 0 0 2 0 0 0 0 0 0 0 0 0 0 3787 0 0 0 0 0 0 0 0 1 0 1 0 1 0 0 0 0 0 0 0 0 34 5 13 15 0 0 1 1 0 0 0 0 0 0 0 0 1 0 0 0 0 0 0 0 0 2 0 0 0 0 0 0 0 0 0 0 0 0 0 0 0 0 0 0 0 0 0 0 0 0 0 0 0 0 0 0 0 42 44 56 32 57 55 44 33 38 29 1 0 12 47 37 37 43 0 0 0 0
0 416 2 5 7 0 0 0 0 0 0 0 0 0 1 0 0 0 0 0 0 0 0 0 0 8 0 0 0 0 0 0 0 0 0 0 0 0 0 0 0 0 0 0 0 0 0 0 0 0 0 0 0 0 0 0 0 0 0 0 0 0 0 0 0 0 0 0 0 0 0 0 0 0 16 20805 0 0 0 0 0 0 0 0 0 0 0 1 3 0 0 0 0 0 0 0 0 0 0 0 0 0 0 0 0 0 0 0 0 0 0 0 0 0 0 0 0 0 0 0 0 0 0 0 0 0 0 0 0 0 0 0 0 0 0 0
1 18 12 331 141 783 324 1067 6 5 7 0 0 4 387 18 49 5960 0 7554 18471 5 1996 242 176 1881 29 0 0 28 0 0 226 91 0 17 1073 4 6 0 0 0 15 2 42 3807 18186 3 516 7251 63058 2232 362 75 624 0 96 48 0 0 274 0 78 46 396 0 0 0 0 95 37275 208 0 1516 9779 20 0 0 21 22 9 11 0 1 14 0 8 0 8107 0 0 0 8 0 0 0 0 0 0 5111 569 0 0 393 0 0 0 0 0 0 0 0 0 0 0 0 0 1 0 21 23 0 0 0 0 0 0 0 18 0 2 0 0 0 0 0
593 463 381 496 506 285 416 1009 84 327 391 525 505 319 374 149 50 3 0 0 9 32 47 129 121 103 394 740 894 725 600 660 716 736 612 781 343 495 136 99 116 100 496 796 71 3 0 2 1347 940 319 0 88 543 975 178 396 375 242 0 36 516 117 40 12 116 388 0 0 0 0 54 138 575 41 707 5505 179 210 228 80 238 0 30 4046 809 796 2416 1577 416 0 0 73 0 0 0 0 0 0 6 13 0 0 19 0 0 0 0 0 0 0 0 0 117 0 76 78 109 61 121 115 74 0 154 76 27 0 0 37 0 27 15 14 57 16 0
0 0 0 3 4 6 0 8 0 0 0 0 0 0 3 0 0 273 0 0 0 79 62 34 45 6 0 0 0 0 0 0 0 0 0 0 1 0 0 0 0 0 0 0 0 0 0 0 0 18 10 0 0 0 4 0 0 0 0 0 2 0 0 0 3 0 0 0 0 1 24 0 0 0 0 1 0 1 1 1 207 0 0 0 0 1 1 1 1 0 0 0 0 0 0 0 0 0 0 0 0 0 0 0 0 0 0 0 0 0 0 0 0 0 0 0 0 0 0 0 0 0 0 0 0 0 0 0 0 0 0 0 0 0 0 20
0 0 0 0 0 0 0 0 0 0 0 0 0 0 0 0 0 0 0 0 0 0 0 0 0 0 0 0 0 0 0 0 0 0 0 0 0 0 0 0 0 0 0 0 0 0 0 0 0 0 0 0 0 0 0 0 0 0 0 0 0 17 0 0 0 0 0 0 0 0 0 0 0 0 0 0 0 0 0 0 0 0 0 0 0 0 0 0 0 0 0 0 0 0 0 0 0 0 0 0 0 0 0 0 0 0 0 0 0 0 0 0 0 0 0 0 0 0 0 0 0 0 0 0 0 0 0 0 0 0 0 0 0 0 0 0
0 0 0 0 0 0 0 0 0 0 0 0 0 0 0 0 0 0 0 0 0 0 0 0 0 0 0 0 0 0 0 0 0 0 0 0 0 0 0 0 0 0 0 0 0 0 0 0 0 0 0 0 0 0 0 0 0 0 0 0 0 0 0 0 334 188 0 0 0 0 0 0 0 0 0 0 0 0 0 0 0 0 0 0 0 0 0 0 0 0 0 0 0 0 0 0 0 0 0 0 0 0 0 0 0 0 0 0 0 0 0 0 0 0 0 0 0 0 0 0 0 0 0 0 0 0 0 0 0 0 0 0 0 0 0 0
0 14 6 9 4 0 0 0 2 7 10 0 0 4 0 10 11 188 0 0 0 6 12 0 0 44 0 0 0 0 0 0 0 0 0 0 2 0 0 0 0 0 12 0 0 0 0 4 0 9 0 0 0 0 0 0 0 0 0 0 0 0 0 0 0 0 0 0 0 0 0 0 0 0 0 76 0 0 0 0 0 19 0 1 0 0 0 0 10 0 99 0 0 0 0 0 0 0 0 0 0 0 0 0 0 0 0 0 0 0 0 0 0 0 0 0 0 14 0 61 60 0 0 0 0 43 0 0 102 1 95 16 0 0 0 0
0 11 3 5 2 0 0 0 2 2 3 0 0 2 0 8 4 22 0 0 0 5 12 146 0 177 0 0 0 0 0 0 0 0 0 0 1 0 0 0 0 0 21 0 0 0 0 3 0 0 0 0 0 0 116 0 0 0 0 0 0 0 0 0 0 0 0 0 0 0 0 0 0 0 0 81 0 0 0 0 0 18 0 0 0 0 0 0 9 0 0 0 0 0 0 0 0 0 0 1 0 0 0 0 0 0 0 0 0 0 0 0 0 0 0 0 0 0 0 22 20 0 0 0 0 0 0 0 36 0 31 0 0 0 0 0
0 0 0 0 0 0 0 0 0 0 0 0 0 0 0 0 0 0 0 0 0 0 0 0 0 0 0 0 0 0 0 0 0 0 0 0 0 0 0 0 0 0 0 0 0 0 0 0 0 0 0 0 0 0 0 0 0 0 0 0 0 0 0 0 0 0 0 0 0 0 0 0 0 0 0 0 0 0 0 0 0 0 0 0 0 0 0 0 0 0 0 0 0 0 0 0 0 0 0 0 0 0 0 0 0 0 0 0 0 0 0 0 0 0 0 0 0 0 0 0 0 0 0 0 0 0 0 0 0 0 0 0 0 0 0 0
0 6 7 6 7 4 0 2 0 190 75 30 211 0 6980 5 30 2 0 0 1 1 1 3 4 4 0 0 0 7 0 0 1 0 0 0 62 0 0 2 0 0 5 0 0 29 0 8 0 1 0 0 14 1 4 3 1 4 0 0 3 0 1 0 3 0 0 0 0 0 0 0 0 4 56 0 0 0 2 1 1 2 0 1 3 0 1 0 0 0 0 0 0 0 0 98 0 0 1 0 2 0 0 0 0 0 0 0 0 0 0 0 0 0 20 17 13 5 0 17 18 15 0 0 0 0 0 0 0 0 1 0 1 0 0 0
0 23 25 29 25 15 0 29 13 0 66 0 0 19 81 50 302 17 11 0 7 6 8 28 30 27 14 0 12 71 0 2 24 6 8 0 342 7 19 7 0 235 929 78 0 101 0 91 0 6 2 0 0 23 18 13 14 30 2380 528 674 1507 224 312 164 363 0 0 0 0 0 0 1 17 1325 1 0 0 10 7 4 14 0 4 9 28 33 0 0 0 0 2 15 0 4 837 0 0 15 7 24 11 0 0 0 0 3 0 0 0 2 0 0 3 144 19 15 13 15 25 24 14 4 16 17 6 0 0 29 16 26 23 25 0 0 0
0 28 28 33 29 19 0 14 21 89 0 0 0 38 147 42 167 12 9 0 4 6 8 8 13 14 6 0 0 152 0 0 9 2 0 0 222 7 1 22 89 0 18 0 0 94 0 39 0 34 5 0 0 2 18 8 0 12 28 10 10 9 4 0 18 0 0 0 51 0 0 57 70 0 151 0 0 0 9 0 3 27 2 4 3 0 0 0 0 3 0 39 17 0 2 366 0 0 10 4 45 4 0 44 0 5 25 0 0 0 8 0 0 4 76 85 73 44 70 70 77 66 36 201 216 172 144 117 129 127 103 103 28 0 0 0
1 2 3 2 3 2 0 3 0 0 0 0 0 0 127 5 26 2 0 0 1 1 1 1 2 2 0 0 0 0 0 0 0 0 0 0 148 4 0 0 0 0 5 0 0 10 0 3 0 1 0 0 0 0 2 1 0 1 12 3 5 0 0 2 1 0 0 0 0 0 0 0 0 1 20 0 0 0 1 1 0 4 0 1 1 0 0 0 0 0 0 0 0 0 0 65 0 0 0 0 2 0 0 0 0 0 0 0 0 0 0 0 0 0 5 1 0 6 0 12 11 0 0 0 0 0 0 0 0 0 5 2 1 0 0 0
11 45 39 132 0 71 6 41 27 295 333 31 29 85 52 11 42 101 13 0 16 41 23 7 6 7 7 1 9 17 0 0 3 2 397 0 57 0 7 2 0 0 56 0 0 91 0 17 0 5 5 19 0 0 6 4 0 3 144 33 48 55 1 27 3 16 0 0 0 0 0 0 0 0 38 5 0 0 12 5 4 8 0 8 21 5 11 0 0 2 0 0 2 0 0 119 0 0 2 1 4 0 0 0 0 0 0 0 0 0 0 0 0 2 24 157 163 185 144 175 173 164 157 146 134 124 118 130 161 149 160 157 5 0 0 1
2 58 60 71 54 35 1 27 0 2647 1141 0 164 0 332 19 475 43 16 0 17 19 28 53 55 64 27 0 131 327 9 0 26 11 0 0 348 36 70 95 513 0 0 0 0 181 0 96 0 19 5 0 0 6 35 19 0 21 39 23 20 0 4 0 46 0 0 0 0 0 0 30 2 70 280 11 0 0 36 33 11 110 5 8 37 15 30 0 0 38 0 0 12 0 0 1385 0 0 34 8 31 12 0 0 0 0 4 0 0 0 0 0 0 0 230 88 85 87 88 99 97 84 77 81 82 66 38 60 107 90 90 99 34 0 0 0
0 0 0 0 0 0 0 0 0 3 2 0 0 0 1 0 0 1 0 0 0 0 0 2 3 2 0 0 0 0 0 0 0 0 0 0 0 0 0 0 0 0 0 0 0 21 0 3 0 0 0 0 0 0 0 0 0 0 0 0 0 0 0 0 0 0 0 0 0 0 0 0 0 0 2 0 0 0 1 0 0 0 0 1 1 0 0 0 0 0 0 0 0 0 0 0 0 0 0 0 0 0 0 0 0 0 0 0 0 0 0 0 0 0 0 0 0 0 0 0 0 0 0 0 0 0 0 0 0 0 0 0 0 0 0 0
0 14 16 15 17 0 0 6 5 55 71 0 2 21 7 19 13 74 0 0 0 24 13 19 21 7 7 0 0 1 0 0 0 0 0 0 28 0 0 1 0 0 6 0 0 111 0 14 0 4 1 0 0 0 10 1 0 0 14 4 9 0 1 0 2 0 0 0 0 0 0 0 0 0 122 0 0 0 13 10 4 4 0 3 7 0 5 0 0 0 0 0 0 0 0 6 0 0 0 0 1 0 0 0 0 0 0 0 0 0 0 0 0 0 6 0 0 0 0 3 2 0 0 0 0 0 0 0 3 0 0 0 0 0 0 0
0 0 0 0 0 37 1 16 6265 7089 5607 166 151 0 2266 166 992 29 23 0 11 16 24 39 41 34 108 0 350 539 0 294 23 39 0 0 740 159 193 0 31 0 182 180 9804 170 0 94 187 251 83 0 98 23 98 59 41 75 58 19 23 0 2 3 45 0 0 0 77 0 0 0 152 0 261 95 59 20 109 113 25 80 14 9 220 108 139 0 0 51 0 155 97 0 861 2216 0 0 32 40 197 295 0 215 131 84 236 0 0 0 130 0 452 1494 481 123 113 100 124 121 121 113 106 112 122 40 79 98 133 128 119 136 822 726 95 0
0 67 48 0 47 39 0 11 25137 3673 3286 216 109 507 403 86 1006 46 0 0 1 4 4 44 40 1332 75 83 1475 49 113 170 10 192 732 0 828 1 67 0 30 103 38 0 0 32 0 17 0 218 68 261 0 83 505 228 0 31 39 13 18 0 0 7 10 0 0 0 0 0 0 0 0 51 52 2 0 0 78 79 15 28 3 2 188 10 57 0 0 0 0 0 21 0 0 1475 0 0 0 33 91 0 0 0 0 0 0 0 0 0 0 0 0 0 268 0 0 15 0 50 48 0 0 31 0 10 0 0 74 46 31 0 0 0 0 0
1 23 21 68 32 38 1 0 2 5 7 0 0 2 3 0 0 51 0 0 0 18 9 0 0 3 0 0 0 0 0 0 2 0 0 0 0 0 0 0 0 0 0 0 0 52 0 14 0 1 0 0 0 0 0 0 0 0 0 0 0 0 0 0 5 0 0 0 0 0 0 0 0 0 22 0 0 0 0 0 1 0 0 1 0 0 0 0 0 0 0 0 0 0 0 0 0 0 0 0 0 0 0 0 0 0 0 0 0 0 0 0 0 0 0 0 0 0 0 0 0 0 0 0 0 0 0 0 0 0 0 0 0 0 0 0
1 0 0 10 2 43 703 308 1 3 4 0 0 2 19 0 14 81 0 0 7 9 273 0 1 275 1 0 0 0 1 0 45 0 0 0 31 0 0 0 69 0 0 7 0 0 0 0 0 4 3 0 0 11 7 0 0 0 280 33 4647 0 774 467 1335 21 0 0 0 0 0 0 0 0 1 3 0 0 177 3 50 3 0 1 611 0 0 0 0 9 0 0 1 0 0 0 7 0 0 424 152 0 0 0 0 0 0 0 0 0 0 0 0 0 0 0 0 0 0 3 2 0 0 0 0 0 0 0 6 0 0 0 0 0 5 0
0 30 21 29 23 10 0 10 52 43 55 0 0 18 3 26 181 11 0 0 7 10 17 38 36 51 1 0 0 1 0 0 5 11 0 0 91 87 0 922 1009 100 1 57 26 15 0 9 0 35 11 117 0 394 100 0 5 25 35 10 11 19 133 2 5 0 69 0 0 0 0 0 566 15 18 0 0 0 35 37 7 9 4 3 37 0 7 0 0 183 13 0 18 0 0 0 106 29 0 40 680 28 0 8 0 51 82 0 0 0 0 0 0 165 119 150 129 97 175 136 135 130 147 147 169 161 135 159 190 178 188 185 63 188 349 0
0 12 9 13 10 0 0 2190 16605 7721 10818 1272 1130 30194 7306 2607 6221 714 23 0 23 41 72 165 159 204 0 0 0 0 0 0 2 0 1879 1944 48 5746 0 0 0 0 171 106 33 1 0 27 2 106 40 0 0 0 22 0 0 16 78 36 19 5 3 5 16 42 0 0 0 0 0 0 26 0 25 7 2 5 17 19 2 4145 0 0 8 18 19 10 1 157 112 0 21 0 0 16 0 0 0 0 48 0 0 0 0 0 0 0 0 0 53 0 0 0 109 211 184 118 54 190 200 205 51 52 54 44 123 41 72 58 70 67 0 150 334 0
0 75 54 60 46 24 0 27 0 74 95 0 4 16 12 1165 16 229 11 0 1 428 791 45 49 127 0 1 0 1 0 0 1 7 0 0 86 0 0 19 0 2941 2559 508 0 0 0 11 0 8 1 20 0 247 892 299 118 207 51 10 30 14 5 9 8 3 0 0 0 0 0 0 0 481 19 13 0 0 33 36 8 3036 0 0 27 6 19 0 1071 7 268 0 0 0 0 0 0 0 0 0 26 0 0 0 0 0 0 0 0 0 63 0 0 0 0 27 20 6 23 28 27 20 13 20 25 16 0 10 39 27 37 34 0 48 134 0
1 112 95 205 82 56 1 29 10 106 129 6 9 36 23 0 36 352 54 0 8 587 1093 28 47 137 14 0 56 7 14 25 5 33 11 0 127 81 0 57 0 0 2997 190 92 62 0 42 80 43 11 0 0 331 1026 475 190 255 0 100 42 0 14 27 28 0 0 1 0 0 0 921 494 709 275 0 0 0 14 9 1 5142 4 3 10 0 0 0 1379 99 508 138 156 0 19 0 26 0 85 20 293 1 0 424 0 0 120 0 0 148 0 0 0 0 81 314 257 162 375 266 268 261 286 288 352 339 317 327 387 363 385 377 11 33 94 0
0 14 12 64 10 6 12 0 13 1092 440 107 97 360 7 0 171 48 0 0 1 63 122 0 0 20 0 0 0 0 0 1134 3 0 0 0 123 201 0 0 0 0 0 6146 201 0 0 6 0 3 1 0 0 0 108 20 0 0 0 13 86 0 15 0 27 0 11495 0 0 0 0 0 0 61 41 0 0 0 4 0 0 494 1 0 8 0 0 0 0 0 0 0 94 0 0 523 0 0 239 3 12 0 0 0 0 0 0 0 0 0 0 0 0 0 24 0 0 0 0 0 0 0 0 0 0 0 0 0 2 0 0 0 0 0 0 0
0 96 68 118 64 53 6 35 12 124 154 0 7 46 20 0 13 89 0 0 1 46 84 79 71 1882 67 0 1984 26 149 258 11 332 0 324 286 0 0 0 0 0 0 0 0 0 0 5 0 280 94 171 0 148 791 447 61 95 0 3 61 0 17 42 16 0 0 0 0 0 0 0 0 112 31 1 0 0 18 17 2 330 0 0 8 9 17 0 18 10 0 3 23 0 0 0 0 0 0 32 89 64 0 0 0 8 0 0 0 0 0 0 0 10 0 0 0 0 0 13 0 0 0 0 0 0 0 0 16 0 11 4 0 9 10 0
0 10 7 9 7 0 0 4 35 465 629 59 60 200 1 9 86 63 0 0 1 1 2 48 51 164 2 0 75 1 8 77 7 80 0 311 184 42 0 0 0 0 0 344 0 1 0 1 0 56 19 48 0 7 46 20 0 14 0 0 4 0 1 0 1 0 165 0 0 0 0 0 11 0 0 4 0 0 27 30 6 7 5 1 9 11 17 0 0 0 0 0 21 0 0 177 0 0 15 6 34 61 0 0 0 0 0 0 0 0 0 0 0 244 31 19 18 20 16 21 20 18 14 0 15 8 0 5 27 18 25 23 37 0 0 0
0 1 1 1 1 0 0 0 0 0 0 0 0 0 0 0 0 2 0 0 8 0 1 0 0 1 0 0 0 0 0 0 0 0 0 0 0 0 0 0 0 0 0 0 0 0 0 2 0 0 0 0 0 0 0 0 0 0 0 0 0 0 0 0 1 0 0 0 0 0 12 0 0 0 5 0 0 0 0 0 0 0 0 0 0 0 0 0 3 0 0 0 0 0 0 0 0 0 0 2 0 0 0 0 0 0 0 0 0 0 0 0 0 0 0 0 0 0 0 0 0 0 0 0 0 0 0 0 0 0 0 0 0 0 0 0
366 7715 4102 2688 14421 5214 21 4624 325 1394 2135 281 155 477 986 1778 3597 777 0 316 1928 151 105 763 3235 597 59 76 71 31 56 273 31 102 90 628 222 37 30 17 105 533 323 173 36 361 0 143 12608 4092 2515 0 82 471 2490 640 1125 932 105 0 1887 13917 870 1812 255 288 114 0 0 2 739 136 107 497 326 21 129 0 40 26 1236 14 34 11 85 127 57 0 0 580 999 491 343 66 363 0 1312 0 21366 432 5711 571 2 101 0 14 2 0 410 0 38 0 156 49 156 1195 1149 630 699 996 982 1014 112 1153 1510 1594 1176 971 929 847 844 848 57 128 216 0
0 0 0 0 0 0 0 0 0 0 0 0 0 0 0 0 0 0 0 0 0 0 0 0 0 0 0 0 0 0 0 0 0 0 0 0 0 0 0 0 0 0 0 0 0 0 0 0 0 0 0 0 0 0 0 0 0 0 0 0 0 0 0 0 0 0 0 0 0 0 0 0 0 0 0 0 0 0 0 0 0 0 0 0 0 0 0 0 0 0 0 0 0 0 0 0 0 0 0 0 0 0 0 0 0 0 0 0 0 0 0 0 0 0 0 0 0 0 0 0 0 0 0 0 0 0 0 0 0 0 0 0 0 0 0 0
14 372 0 1530 974 1022 2 626 267 194 243 4 6 56 54 80 184 264 0 0 69 56 25 74 148 73 2116 68 150 20 118 174 23 231 0 230 283 50 93 0 862 0 61 462 57 199 0 43 0 175 110 2840 3730 799 701 612 692 1513 1235 288 430 493 194 12 56 354 51 2915 0 0 4 162 58 328 943 0 0 0 22 18 53 11 9 4 16 9 25 0 0 4 143 47 18 0 0 0 0 0 789 16 237 0 0 0 0 0 0 0 0 0 0 0 0 0 0 65 65 60 28 83 80 58 0 55 56 32 0 0 71 42 60 53 0 0 75 0
0 0 0 0 0 0 0 0 0 0 0 0 0 0 0 24 0 95 0 0 0 32 10 0 0 0 0 0 0 0 0 0 0 0 0 0 0 0 0 0 0 0 0 0 0 71 0 9 0 0 0 0 0 0 0 0 0 0 0 0 0 0 0 0 184 0 0 0 0 0 0 0 0 0 0 0 0 0 0 0 1 0 0 0 0 0 0 0 0 0 0 0 0 0 0 0 0 0 0 0 0 0 0 0 0 0 0 0 0 0 0 0 0 0 0 0 0 0 0 0 0 0 0 0 0 0 0 0 0 0 0 0 0 0 0 0
2 23 0 139 47 80 2 45 4 19 25 1 1 7 6 0 1 135 0 0 0 35 15 0 2 2 0 0 0 0 0 0 0 0 0 0 4 0 0 0 0 0 0 0 0 59 0 10 0 4 0 16 0 3 2 0 0 0 0 0 0 326 0 0 0 0 0 0 0 0 0 0 0 0 2 0 0 0 0 0 2 1 0 1 0 0 0 0 0 0 0 0 0 0 0 0 0 0 2 0 0 0 0 0 0 0 0 0 0 0 0 0 0 7 13 17 9 1 12 20 18 8 1 11 16 4 0 0 34 19 31 27 0 0 0 0
2 18 0 1733 91 143 0 361 569 1713 1239 76 29 202 9 1820 885 10662 0 532 494 1553 379 6890 7151 2058 267 99 573 62 0 4684 3 19 5300 0 255 77 0 27 0 98 31 0 0 35221 8020 3363 0 36 0 0 0 6 1 6 0 0 595 150 7 0 2 0 2 0 0 0 0 45406 36304 0 336 4285 498 563 564 714 952 577 433 235 69177 6379 744 987 1985 0 0 1724 0 391 5 0 0 1279 0 0 193 80 274 0 0 0 0 107 0 0 0 0 898 0 0 28 2677 904 852 152 400 213 210 728 97 2024 2884 2283 1937 1184 1102 1067 744 798 90 173 0 0
29 714 594 465 413 324 2 235 52 531 641 43 42 163 81 290 458 477 0 0 219 126 211 938 826 1166 0 241 3497 52 333 528 36 607 0 1093 617 612 1004 474 1873 921 1029 1555 1019 7 0 23 0 379 128 1554 0 671 487 510 492 555 157 46 93 108 42 39 25 105 0 0 0 0 0 1227 658 1690 300 352 162 239 418 453 89 157 66 10 501 401 504 1025 0 2074 1285 644 704 0 402 70 37 0 984 18 199 654 0 1187 548 557 731 0 0 186 0 0 0 0 620 1464 1554 1802 1621 1611 1592 1537 1763 1584 1487 1474 1607 1600 1657 1639 1668 1661 1114 1325 401 0
0 71 59 49 42 32 0 24 5 59 74 0 0 20 15 22 27 293 0 0 1 174 326 2382 1567 2210 0 0 0 0 0 0 5 3 0 0 30 0 0 3 0 0 212 0 0 1 0 6 0 3 0 0 0 0 1006 1002 0 0 0 0 10678 0 1 0 2 4499 0 0 0 0 0 0 54 308 31 0 0 0 29 28 5 0 0 1 15 0 12 0 0 69 5 0 0 0 20 0 0 0 0 30 81 0 0 0 0 0 0 0 0 0 6 0 0 0 0 0 0 74 0 156 156 0 0 184 0 221 204 0 252 238 250 0 0 27 57 0
0 5 5 5 5 1 0 0 0 4 5 0 0 1 1 0 4 7 0 0 0 2 11 10 0 68 0 0 0 0 0 0 3 0 0 0 3 0 0 0 0 0 0 0 0 0 0 4 0 1 0 0 0 0 0 0 0 0 0 804 8981 0 0 0 0 3631 0 0 0 0 0 0 8 273 20 0 0 0 15 13 2 0 0 0 5 0 0 0 0 0 41 0 0 0 0 0 0 0 0 3 38 0 0 0 0 0 0 0 0 0 0 0 0 0 0 18 13 0 11 19 15 12 4 17 14 7 0 0 36 21 33 28 0 0 0 0
0 41 31 40 32 23 0 17 4 55 73 0 0 19 25 0 58 87 51 0 3 25 67 457 276 254 0 0 0 0 0 0 5 0 0 0 63 2 3 1 0 0 0 0 0 2 0 7 0 33 10 0 0 0 396 0 29 0 0 0 39 0 5 2 0 0 0 0 0 0 0 0 16 0 31 47 0 0 181 193 24 26 35 5 89 134 164 0 0 124 234 0 0 0 0 0 0 0 0 5 28 0 0 0 0 0 0 0 0 0 0 0 0 0 5 73 74 95 63 98 93 71 66 79 63 55 26 34 104 83 100 90 0 17 84 0
0 24 27 23 26 11 0 8 2 16 22 0 0 6 4 6 69 35 0 0 8 112 109 2160 1856 1636 0 0 1 0 1 14 21 8 0 2174 51 6 0 5 0 0 10 0 127 0 0 24 0 21 6 20 0 21178 113 0 0 0 0 0 12 0 0 0 12 0 0 0 0 0 0 0 48 11 119 0 0 0 92 88 16 19 42 3 17 0 21 0 0 13 2686 0 0 0 0 0 0 0 12 0 99 1 0 0 0 0 0 0 0 0 0 0 0 0 0 0 0 41 0 82 79 0 0 79 0 79 43 0 123 102 119 0 58 1210 69 0
0 51 46 32 31 22 0 16 4 36 45 0 0 11 12 0 16 18 0 0 3 25 23 583 3822 643 0 0 0 0 0 0 12 0 0 0 33 2 0 0 0 0 39 0 0 0 0 14 0 31 8 17 0 552 1798 5336 1343 0 0 0 1 2082 0 0 0 0 0 0 0 0 0 0 0 0 70 0 0 0 47 39 7 4 13 2 4 0 0 0 0 52 163 0 0 0 0 0 0 0 0 0 32 0 0 0 0 0 0 0 0 0 0 0 0 0 0 189 200 243 196 227 222 195 210 207 183 171 150 164 237 214 234 224 0 0 0 0
4 101 79 121 61 49 2 36 9 90 107 0 0 30 11 161 0 161 28 0 49 129 229 1176 854 1030 0 0 0 0 0 0 2 0 0 0 22 0 0 0 0 238 158 50 45 48 0 9 0 12 7 0 0 465 243 91 588 113 0 4875 103 0 36 91 11 2 1068 0 56 0 1 135 0 151 49 3 0 0 72 76 15 22 20 5 189 0 24 0 0 168 0 38 0 0 0 0 0 0 40 11 7 0 0 0 0 0 0 0 0 0 0 0 0 0 0 89 58 114 0 257 164 44 37 70 25 6 0 0 325 68 308 278 0 0 0 0
1 14 10 23 9 7 0 0 1 13 16 0 0 4 0 0 0 313 117 72 183 131 65 638 1123 772 0 0 0 0 0 0 1 0 0 0 3 0 0 0 0 0 0 0 2 10393 392 1210 0 3 2 0 0 14 0 11 100 49 0 0 19 0 8 18 2 0 214 0 22 0 1 0 0 228 12 195 134 0 342 204 153 80 12 339 275 371 336 218 0 142 0 7 0 0 0 0 0 0 10 25 48 0 0 0 0 0 0 0 0 0 103 0 0 0 862 80 71 0 0 73 45 60 23 44 75 83 19 39 116 57 108 102 14 8 0 0
0 2 1 3 1 0 0 16 0 2 4 0 0 1 2 0 0 3 0 0 0 1 1 13 12 10 0 0 0 0 0 0 0 0 0 0 0 0 0 0 0 0 0 0 0 1 0 0 0 2 1 0 0 0 0 0 0 0 0 0 0 0 0 0 0 670 0 0 0 0 0 0 0 42 1 0 0 0 0 0 0 0 0 0 0 14 16 0 0 0 0 0 0 0 0 0 0 0 0 0 0 0 0 0 0 0 0 0 0 0 0 0 0 0 0 0 0 0 0 1 0 0 0 0 0 0 0 0 0 0 0 0 0 0 0 0
7 27 22 65 21 15 4 22 3 24 30 0 0 10 5 0 0 40 5 0 25 0 14 57 52 63 8 0 0 1 0 12 10 9 5 76 50 3 0 0 0 90 44 324 55 42 0 7 0 12 0 51 0 145 183 262 73 0 79 143 41 0 15 0 46 969 575 907 100 0 3 1 0 386 43 0 0 0 30 12 5 3 8 4 3 0 0 0 0 0 0 13 0 0 0 0 0 0 25 1 0 0 0 0 0 0 0 0 0 0 0 0 0 0 0 0 0 5 0 68 27 0 0 0 0 0 0 0 84 0 75 61 0 0 0 0
0 5 4 5 4 3 0 2 1 7 9 0 0 3 3 1 5 10 0 0 0 3 6 19 20 1 0 0 0 0 0 0 0 0 0 1 7 0 0 0 0 0 0 0 0 0 0 0 0 4 1 0 0 0 3 0 1 1 0 0 5 0 0 0 1 0 0 0 0 0 0 0 0 0 0 4 0 0 19 21 3 2 0 1 14 20 23 0 0 10 0 0 0 0 0 0 0 0 0 0 2 0 0 0 0 0 0 0 0 0 0 0 0 0 0 10 10 10 9 13 12 9 0 10 9 0 0 0 15 11 14 13 0 0 8 0
0 5 4 4 3 2 0 3 0 5 6 0 0 2 0 1 13 2 0 0 0 2 3 11 10 8 1 0 26 0 0 1 0 4 0 0 6 0 0 0 0 0 52 0 11 1 0 0 0 62 25 154 0 6 13 0 20 20 0 0 18 325 8 0 5 0 0 0 0 0 0 0 0 0 1 0 0 0 10 11 2 2 0 0 13 121 123 0 0 43 0 0 0 0 0 0 0 0 6 0 0 0 0 0 0 0 0 0 0 0 0 0 0 7 0 0 0 0 0 25 6 0 0 1 0 0 0 0 29 0 25 19 2 7 0 0
0 1 1 1 1 0 0 0 0 1 1 0 0 0 0 0 0 0 0 0 0 0 0 1 1 2 0 0 0 0 0 0 0 0 0 0 0 0 0 0 0 0 0 0 0 0 0 0 0 0 0 0 0 0 9 1 0 1 0 0 0 0 0 0 0 0 0 0 0 0 0 0 0 0 0 1 0 37 11 12 1 2 0 0 3 10 11 0 0 0 0 0 0 0 0 0 0 0 0 0 2 0 0 0 0 0 0 0 0 0 0 0 0 0 0 5 3 1 1 6 6 3 0 1 2 0 0 0 8 3 7 6 0 0 0 0
1 121 95 221 82 25 0 1270 34 184 335 11 10 91 162 128 0 18 43 0 17 20 0 216 225 206 15 0 394 1 0 34 4 73 3 264 83 0 49 0 0 110 202 28 40 19 0 3 0 93 83 471 0 0 0 182 564 490 0 40 0 0 41 86 16 0 224 0 68 0 2 90 0 0 17 1262 1962 469 350 382 138 418 223 53 7212 1449 1414 3975 362 99 0 0 0 0 252 44 76 0 54 0 11 0 0 40 0 0 3 0 0 0 0 0 69 183 122 0 0 0 0 0 146 0 0 297 145 118 0 0 0 0 45 0 66 178 27 0
5 151 184 92 103 70 5 49 22 80 110 0 0 26 27 242 61 1119 166 0 104 275 449 220 204 263 43 120 300 22 115 642 95 227 161 551 350 25 0 101 248 250 0 207 0 10 0 46 0 70 22 349 64 235 206 192 229 182 0 0 175 0 68 144 50 0 0 0 575 0 0 1305 1181 233 370 219 116 91 302 327 54 81 64 13 548 274 0 27 14 310 0 53 181 0 0 0 0 0 270 2 69 0 0 213 0 0 0 0 0 0 87 0 23 66 18 329 277 190 388 282 283 280 0 314 371 361 345 362 402 386 401 397 0 3729 421 0
49 1081 1038 2394 2944 695 71 456 74 1212 2086 0 30 162 334 1504 2191 467 3527 3967 3471 98 81 4776 3343 4176 265 494 1011 114 668 2509 19742 1210 903 2481 1201 1333 6911 742 1215 0 1154 481 1264 50 436 30 0 852 288 1522 145 726 767 581 3900 10473 2546 194 431 0 169 280 53 448 454 0 671 0 0 5046 2462 2366 1512 1898 2257 6521 3557 3895 816 1093 1283 193 3151 1565 3898 4058 193 3173 0 2738 11874 0 1586 610 333 0 0 271 3231 703 0 1616 2152 982 1221 783 0 978 0 5688 115 730 901 2467 2624 3030 2585 2712 2690 2613 2862 2557 2367 2356 1028 1546 2639 2620 2659 2650 2197 2794 0 0
3 131 137 104 112 119 23 117 10 127 198 11 9 30 251 154 171 533 699 769 1425 15 147 152 162 333 47 53 0 13 58 194 1244 118 0 236 243 696 447 148 40 37872 126 47 121 563 1527 89 146 562 4189 475 28301 18 120 99 288 675 0 0 72 0 21 26 65 0 0 0 0 6 2459 0 344 258 1253 139 126 342 274 292 65 81 43 26 236 158 312 448 538 313 23 260 753 278 0 58 0 0 133 354 251 0 6700 247 0 106 72 0 242 13305 146 0 36 0 9984 196 207 239 205 220 217 205 223 204 191 184 187 196 221 211 220 218 179 198 75 0
0 0 0 0 0 0 0 0 0 0 0 0 0 0 0 0 0 0 0 0 0 0 0 0 0 0 0 0 0 0 0 0 0 0 0 0 0 0 0 0 0 0 0 0 0 0 0 0 0 0 0 0 0 0 0 0 0 0 0 0 0 0 0 0 0 0 0 0 0 0 0 0 0 0 2 0 0 0 0 0 0 0 0 0 0 0 0 0 0 0 0 0 0 0 0 0 0 0 0 0 0 0 0 0 0 0 0 0 0 0 0 0 0 0 0 0 0 0 0 0 0 0 0 0 0 0 0 0 0 0 0 0 0 0 0 0
0 0 0 0 0 0 0 0 0 0 0 0 0 0 0 0 0 0 0 0 0 0 0 0 0 0 0 0 0 0 0 0 0 0 0 0 0 0 0 0 0 0 0 0 0 0 0 0 0 0 0 0 0 0 0 0 0 0 0 0 0 0 0 0 0 0 0 0 0 0 0 0 0 0 0 0 0 0 0 0 0 0 0 0 0 0 0 0 0 0 0 0 0 0 0 0 0 0 0 0 0 0 0 0 0 0 0 0 0 0 0 0 0 0 0 0 0 0 0 0 0 0 0 0 0 0 0 0 0 0 0 0 0 0 0 0
3 67 54 91 38 31 1 22 7 0 0 0 0 17 23 68 76 338 0 0 31 25 39 456 494 543 4 1 0 2 9 0 121 21 5 200 42 9 196 27 187 0 40 33 22 2 0 1 0 44 15 65 0 1481 97 362 436 40 0 25 18 0 8 16 3 0 0 0 49 0 0 0 126 13 34 21 0 0 57 59 14 16 14 3 39 25 52 42 0 99 60 1661 108 0 0 0 0 0 41 460 1171 0 0 0 0 0 9 0 0 0 22 0 0 0 0 179 190 223 188 206 202 187 204 193 178 169 154 176 209 197 208 204 67 7 5 0
6 23 26 83 30 359 5325 2355 12 23 27 0 2 14 150 13 46 664 57 0 65 71 2065 2 16 2073 17 0 0 8 30 0 417 16 0 26 219 172 0 0 441 0 9 27 0 4 0 18 0 17 17 0 0 0 0 0 0 18 749 116 35225 71 5780 3507 10091 227 0 0 0 0 0 0 0 142 202 39 0 0 1339 21 381 27 6 11 4621 0 0 0 0 2 0 0 25 0 0 219 0 0 0 3189 772 378 0 0 0 0 0 0 0 0 0 0 0 0 0 27 24 13 75 33 31 33 0 10 73 59 0 7 67 37 43 35 5 0 224 0
2 34 32 6 36 22 1 15 34 433 588 28 46 185 9 7 101 5 0 0 3 9 16 20 19 45 0 0 24 0 7 0 38 5 722 0 176 18 0 61 0 0 0 0 31 5 0 43 0 17 2 0 0 0 0 26 0 13 0 0 0 0 14 7 27 43 0 0 0 0 0 0 0 0 366 34 18 14 36 25 9 24 6 6 51 39 50 39 0 38 0 0 0 0 0 90 0 0 30 4 56 0 0 0 0 0 0 0 0 0 0 0 0 0 0 47 48 51 45 51 49 47 45 29 42 34 0 32 57 32 55 53 0 0 11 0
0 0 0 0 0 0 0 0 0 0 0 0 0 0 0 0 0 0 0 0 0 0 0 0 0 0 0 0 0 0 0 0 0 0 0 0 0 0 0 0 0 0 0 0 0 0 0 0 0 0 0 0 0 0 0 0 0 0 0 0 0 0 0 0 0 0 0 0 0 0 0 0 0 0 0 0 0 0 0 0 0 0 0 0 0 0 0 0 0 0 0 0 0 0 0 0 0 0 0 0 0 0 0 0 0 0 0 0 0 0 0 0 0 0 0 0 0 0 0 0 0 0 0 0 0 0 0 0 0 0 0 0 0 0 0 0
0 29 23 50 20 4 0 312 9 45 84 0 0 23 41 24 50 0 0 0 0 21 23 0 0 185 1 0 100 1 0 0 0 8 0 0 17 0 5 0 0 27 87 0 0 23 0 0 32 70 24 0 0 14 45 0 67 98 0 0 16 278 0 3 0 0 0 0 0 0 0 0 0 0 0 0 0 0 0 0 0 0 0 0 0 603 586 0 0 79 0 0 6 0 0 0 0 0 0 0 0 0 0 0 0 0 0 0 0 0 0 0 0 0 0 29 33 49 23 47 45 32 0 60 32 20 0 0 5 0 2 0 0 0 0 0
0 79 62 137 53 15 0 865 23 122 224 9 8 61 110 71 136 201 28 0 0 62 67 721 691 543 10 15 252 3 14 37 1 43 0 106 49 13 73 0 38 108 172 14 24 56 0 1 99 119 46 0 0 79 142 80 303 311 74 0 21 354 2 9 3 0 0 0 0 0 0 23 68 0 0 0 0 0 0 0 0 0 0 0 0 1231 1197 0 0 381 0 3 44 0 0 31 28 0 29 0 0 0 0 0 0 0 0 0 0 0 0 0 0 73 57 85 94 121 85 109 106 93 30 179 102 87 0 0 18 0 16 12 0 49 0 0
0 178 140 309 120 33 0 1973 52 279 512 33 24 140 252 143 214 458 78 0 0 113 122 1374 1317 1039 23 47 601 9 51 120 3 113 0 336 120 32 164 0 103 250 400 30 41 139 131 0 268 286 115 0 0 154 306 181 635 678 270 228 50 892 6 25 0 0 0 0 0 0 0 26 156 0 1 0 0 0 0 0 0 0 0 0 0 3855 3750 0 0 792 0 11 19 0 0 83 108 0 79 1 6 0 0 0 0 0 0 0 0 0 0 0 0 146 147 199 219 278 202 249 243 216 79 456 239 212 0 0 44 7 39 31 0 35 0 0
0 3 2 3 2 0 0 4 0 4 6 0 0 2 2 0 2 6 0 0 0 2 3 0 4 2 0 0 0 0 0 0 0 0 0 0 3 0 0 0 0 0 0 0 0 1 0 0 0 3 1 0 0 0 0 0 0 0 0 0 3 0 0 0 0 0 0 0 0 0 0 0 0 0 0 7 4 9 0 13 2 2 2 0 6 35 35 0 1 0 0 0 0 0 0 0 0 0 0 0 0 0 0 0 0 0 0 0 0 0 0 0 0 0 0 0 0 0 0 3 1 0 0 0 0 0 0 0 0 0 0 0 0 0 0 0
0 5 4 8 3 0 0 51 1 7 14 0 0 4 13 1 1 12 0 0 0 2 2 14 16 76 0 0 9 0 0 0 0 0 0 0 2 0 0 0 0 0 9 0 0 6 0 0 0 9 3 0 0 0 0 0 0 0 0 0 1 0 0 0 0 0 0 0 0 0 0 0 0 0 0 0 0 0 0 0 0 0 0 0 0 197 192 0 0 0 0 0 0 0 0 0 0 0 0 0 0 0 0 0 0 0 0 0 0 0 0 0 0 0 0 0 0 0 0 2 0 0 0 0 0 0 0 0 0 0 0 0 0 0 0 0
0 0 0 0 0 0 0 2 0 0 1 0 0 0 0 1 0 0 0 0 0 1 1 0 0 1 0 0 0 0 0 0 0 0 0 0 0 0 0 0 0 0 3 0 0 0 0 0 0 0 0 0 0 0 0 0 0 0 0 0 0 0 0 0 0 0 0 0 0 0 0 0 0 0 0 0 0 0 0 0 0 5 0 0 0 4 4 0 2 0 0 0 0 0 0 0 0 0 0 0 0 0 0 0 0 0 0 0 0 0 0 0 0 0 0 0 0 0 0 0 0 0 0 0 0 0 0 0 0 0 0 0 0 0 0 0
0 1 0 2 1 0 0 0 0 3 4 0 0 1 0 0 1 5 0 0 0 9 16 0 0 5 0 0 0 0 0 0 0 0 0 0 0 0 0 0 0 0 0 0 0 1 0 0 0 0 0 0 0 1 15 0 0 0 0 0 1 0 0 0 0 0 0 0 0 0 0 0 0 0 0 0 0 0 0 0 0 0 0 0 0 19 18 0 22 0 0 0 0 0 0 0 0 0 0 0 3 0 0 0 0 0 0 0 0 0 0 0 0 0 0 0 0 0 0 0 0 0 0 0 0 0 0 0 0 0 0 0 0 0 0 0
0 232 182 0 156 45 0 0 68 363 0 57 36 182 327 253 586 721 179 25 0 214 232 2511 2403 1886 33 76 0 14 86 0 5 156 0 0 161 46 0 13 217 0 0 66 0 0 0 0 0 333 135 0 0 280 461 0 0 0 0 0 58 0 28 40 13 0 0 0 0 0 0 0 0 0 1 0 0 0 0 0 0 0 0 0 0 2365 2300 0 0 0 0 70 0 0 0 0 0 0 93 1 17 0 0 0 0 0 51 0 0 0 0 0 0 0 0 249 272 333 270 290 285 271 134 563 307 289 41 39 57 51 57 54 77 0 0 0
0 0 0 0 0 0 0 0 0 0 0 0 0 0 0 0 0 0 0 0 0 0 0 0 0 0 0 0 0 0 0 0 0 0 0 0 0 0 0 0 0 0 4 11 0 0 0 0 0 0 0 0 0 0 0 0 0 0 0 0 0 0 0 0 0 0 0 0 0 0 0 0 0 0 0 0 0 0 0 0 0 0 0 0 0 0 0 0 0 0 0 0 0 0 0 0 0 0 0 0 0 0 0 0 0 0 0 0 0 0 0 0 0 0 0 0 0 0 0 0 0 0 0 0 0 0 0 0 0 0 0 0 0 0 0 0
0 1 1 1 1 0 0 8 0 2 3 0 0 1 1 1 0 2 0 0 0 1 2 4 4 7 0 0 0 0 0 0 0 0 0 0 0 0 0 0 0 0 0 0 0 1 0 0 0 2 0 0 0 0 0 0 0 0 0 0 0 0 0 0 0 0 0 0 0 0 0 0 0 0 0 0 0 0 0 0 0 4 0 0 0 19 18 0 2 0 0 0 0 0 0 0 0 0 0 0 0 0 0 0 0 0 0 0 0 0 0 0 0 0 0 0 0 0 0 0 0 0 0 0 0 0 0 0 0 0 0 0 0 0 0 0
0 35 28 61 24 5 0 389 10 55 101 0 0 28 50 36 2501 108 0 0 0 32 35 369 356 287 1 0 109 0 0 0 0 4 0 0 20 4 10 0 0 27 83 0 0 5 0 0 0 46 15 0 0 8 49 0 52 1507 29 0 0 106 0 0 0 0 0 0 0 0 0 0 29 0 0 0 0 0 0 0 0 0 0 0 0 0 0 0 0 0 0 0 0 0 0 0 0 0 3 0 0 0 0 0 0 0 0 0 0 0 0 0 0 0 0 6 8 27 1 33 29 6 0 20 10 0 0 0 1 0 0 0 0 0 0 0
0 25 19 42 17 3 0 272 7 39 71 0 0 19 35 25 61 76 0 0 0 23 25 254 247 202 0 0 72 0 0 0 0 0 0 0 12 2 0 0 0 9 57 0 0 3 0 0 0 31 9 0 0 0 22 0 0 44 0 0 0 51 0 0 0 0 1099 0 0 0 0 0 9 0 0 0 0 0 0 0 0 0 0 0 0 2008 0 0 0 986 0 23 40 0 186 48 104 0 84 0 9 0 0 0 0 0 0 0 0 0 0 0 195 264 240 221 244 312 237 279 272 240 99 506 276 251 0 0 51 3 47 39 0 218 59 0
0 234 183 406 158 44 0 2590 69 365 671 38 29 183 330 252 28 0 26 0 0 35 38 404 388 308 31 64 834 13 79 158 4 158 56 533 166 43 142 0 33 198 398 33 68 51 184 0 372 414 168 42 0 262 444 331 962 962 1538 0 66 1192 22 41 17 0 0 0 0 0 0 0 31 0 0 2565 4014 1018 678 747 273 839 543 103 14460 2908 2829 0 823 1434 0 31 0 0 129 105 113 0 3 1 15 0 0 0 0 0 0 0 0 0 0 0 0 322 175 293 321 401 306 354 346 318 136 648 356 323 0 5 66 15 61 55 21 273 85 0
0 1 1 2 1 0 0 10 0 1 3 0 0 1 0 0 268 0 0 0 0 0 0 0 0 0 17 39 411 7 42 101 0 83 47 270 82 23 100 0 0 0 620 0 171 0 44 0 788 752 306 1690 140 63 107 95 232 235 442 69 217 4004 115 158 61 0 0 0 0 0 0 28 55 5 0 0 0 0 0 0 0 0 1 0 0 1403 1365 0 0 747 0 42 23 0 249 110 0 0 56 0 10 0 0 72 0 0 34 0 11 0 48 0 103 200 166 149 163 198 162 172 170 162 82 333 184 174 28 27 34 30 34 33 60 198 86 0
19 58 41 281 43 32 9 28 11 77 100 1 12 33 40 23 83 124 71 0 33 57 81 162 186 16 4 14 0 8 0 0 5 5 0 88 106 0 0 0 0 0 73 0 229 8 0 5 0 53 22 0 0 0 37 0 0 0 0 0 87 79 0 0 8 0 0 0 0 0 0 0 0 0 5 0 0 0 222 233 29 37 41 18 119 95 0 0 0 0 0 0 0 0 0 69 0 0 136 0 19 0 0 0 0 0 0 0 0 0 0 0 0 0 0 347 366 446 328 433 426 361 315 314 279 213 93 192 394 321 378 359 0 0 58 1
8 1189 448 446 112 92 4 41 34 86 121 0 0 38 97 196 1210 146 288 144 161 82 135 0 84 184 13 18 3942 38 22 42 178 44 21 380 300 60 0 0 0 0 145 33 261 49 0 168 0 141 49 230 0 0 0 0 0 0 49 375 63 93 28 33 92 249 1816 2033 0 0 0 0 1034 40 172 1509 947 2398 3403 3728 362 605 640 197 1310 3743 3649 239 26 3001 0 972 396 0 0 208 2221 0 266 0 202 229 452 179 0 296 95 734 2965 0 782 0 2819 776 404 1237 1211 1276 1208 1330 1330 1223 1144 1234 1077 1221 1279 958 1358 1338 1364 1262 540 505 166 0
1 81 75 90 64 47 1 34 14 70 116 0 6 40 10 221 152 176 383 369 405 28 63 94 81 88 1 0 0 5 5 9 125 14 0 75 326 11 205 392 323 0 81 0 7 10 0 606 0 26 9 0 0 8 70 80 23 119 0 0 130 0 60 2 361 112 0 0 0 0 0 0 657 197 164 21 0 0 50 48 12 186 0 5 26 29 0 0 0 49 0 0 34 0 225 0 0 0 134 6 92 0 0 406 0 0 11 0 2978 0 0 0 0 0 56 564 499 399 672 508 507 501 584 560 635 622 598 635 686 666 687 681 708 0 29 0
0 21 17 21 15 11 0 8 3 25 36 0 0 11 2 14 14 5 0 0 3 4 7 71 291 50 0 0 0 0 0 0 13 2 0 0 27 0 0 0 75 0 0 0 0 0 0 52 0 38 5 0 0 46 140 406 81 174 22 3 7 187 4 5 31 6 0 0 0 0 0 0 0 23 16 0 0 0 13 12 2 16 2 1 3 1 0 6 0 15 0 0 0 0 0 0 0 0 0 2 7 0 0 0 0 0 0 0 0 0 0 0 0 0 0 68 65 48 42 66 64 57 17 226 230 179 152 111 113 117 81 81 0 0 0 0
33 4108 0 1386 4173 2233 16 1579 2956 2935 0 257 293 1109 1950 1192 2116 299 1718 1720 227 125 205 972 1029 1700 426 1446 1891 1412 979 6055 607 1950 2525 8707 6217 1122 1821 2866 769 199 4043 1639 2379 623 0 1899 1730 1608 333 6064 2577 2040 3318 3634 3033 3072 6389 1491 2566 3099 524 900 1419 4438 3438 5263 0 0 0 1039 1308 7699 54881 1682 1025 656 267 262 508 741 281 105 192 1747 1735 2933 70 1299 3864 10 365 0 1036 1652 0 0 589 35 751 364 0 742 0 93 243 0 148 1508 751 0 42 362 3707 697 717 782 650 750 745 719 712 670 633 609 617 638 713 687 709 703 382 941 610 1
2 2050 1424 2089 1715 1475 1 989 1243 1707 3268 658 616 1146 46 1291 3712 49 114 3178 89 28 1712 39 55 1262 3 0 0 19 23 161 471 57 0 70 26675 45 534 604 326 0 527 164 324 4 0 58604 153 98 28 316 0 0 81 2254 110 288 154 15 61 119 9 1 33699 0 164 0 50 0 0 241 533 129 983 154 402 18 689 186 324 155 66 302 203 257 0 0 0 885 1155 0 238 0 0 665 126 0 8498 401 5147 24 0 75 0 477 622 0 412 0 350 0 0 126 1071 640 637 673 720 664 660 639 757 625 638 622 647 704 757 738 761 756 439 741 2018 0
0 0 0 6 0 37 0 1 226 114 0 0 13 44 68 45 174 1422 444 300 418 1767 2701 31 33 74 0 0 0 0 0 0 15 0 0 0 541 831 10 0 292 8 0 24 0 3 7 942 56 47 15 0 0 22 71 49 70 100 113 24 104 117 15 25 557 0 75 0 0 0 0 71 0 0 90 43 0 0 72 62 36 68 12 12 42 131 0 0 0 0 0 166 85 0 0 0 0 0 197 117 1212 821 1063 2 0 89 106 0 0 227 156 0 67 277 668 65 67 76 67 75 73 66 68 65 61 0 44 55 67 69 41 74 984 221 150 0
0 0 54 48 38 34 0 25 7 61 65 0 1 20 30 705 145 56 2032 1339 791 4284 7913 339 282 317 20 59 118 11 52 320 3 106 87 280 164 0 0 62 37 0 7020 29 27 85 0 32 1682 119 40 5789 0 39 267 800 210 804 1921 421 78 208 30 56 19 0 277 0 18 0 0 621 209 43 28 1016 0 0 31 32 13 21 7 1 15 17 0 0 95 105 0 273 53 869 0 49 0 3232 102 38 333 0 0 285 0 61 132 0 0 0 113 0 0 529 49 1014 1108 1344 1119 1152 1136 1093 1262 1124 1024 1020 1129 1119 1147 1138 1156 1152 377 91 59 0
93 2305 4859 4742 1193 1023 110 740 165 1677 2013 200 151 514 850 5957 1206 904 1799 1595 1793 1998 1535 3322 1893 369 301 925 1733 135 783 4821 49 1520 1499 10080 2128 37 0 578 1687 714 4822 405 488 101 1240 64 1038 606 204 52 2067 887 1733 2211 5188 2054 1927 426 340 1239 493 368 58 787 4958 1472 1178 0 0 1505 1467 274 70 3798 1830 1749 2566 2808 728 964 1160 72 1856 2830 2742 7404 77 505 3524 1374 270 4283 3442 251 0 0 731 68 910 0 0 367 60 0 8 0 0 0 233 0 57 677 1563 2054 2083 2210 2223 2127 2116 2082 2316 2093 2058 2058 2220 2214 2244 2236 2262 2257 671 614 331 0
0 6 3 5 2 2 0 2 1 6 4 0 0 2 0 13 5 6 2362 556 395 268 129 7 7 11 0 0 0 0 0 0 1 3 0 9 8 5 100 550 70 0 0 14 0 21 0 7 0 1 0 0 0 34 5 5 0 18 0 0 4 0 1 0 2 0 0 1229 0 0 0 0 7 0 4 65 0 0 9 8 3 4 0 0 3 0 0 0 0 0 0 0 288 0 0 0 0 0 0 2 5 0 0 0 0 0 0 0 0 0 0 0 0 0 3 58 46 26 66 51 50 46 90 54 0 89 44 57 77 69 76 74 0 29 153 0
0 2 1 2 1 0 0 0 0 0 0 0 0 1 0 0 5 60 0 0 0 0 0 1 0 3 0 0 0 0 0 0 0 0 0 0 4 0 0 1 4 0 0 0 0 0 0 0 0 3 1 0 0 0 0 0 17 82 0 0 0 0 1 0 0 5 0 0 0 0 0 0 0 0 0 1 0 0 1 1 0 0 0 0 1 1 0 0 0 6 43 0 0 0 0 0 0 0 0 0 0 0 0 0 0 0 0 0 0 0 0 0 0 3 6 22 16 7 26 18 18 17 18 19 25 26 12 13 31 26 31 29 0 0 0 0
0 4 3 21 23 0 0 0 0 0 0 0 0 1 2 0 1 5 0 0 5 1 2 30 18 43 0 0 0 0 0 0 3 0 0 0 3 0 0 0 0 0 0 0 0 3 0 0 0 2 4 0 0 0 0 0 0 0 0 0 2 16 0 1 0 0 0 0 0 0 0 0 0 0 0 8 0 0 7 8 3 0 0 0 3 6 0 0 0 0 0 0 0 0 0 0 0 0 0 12 0 0 0 0 0 0 0 0 0 0 0 0 0 0 0 0 0 0 0 3 2 0 0 0 0 0 0 0 2 0 0 0 0 0 0 0
0 101 70 93 67 49 0 41 10 135 170 0 9 52 13 37 40 183 82 84 89 25 39 119 112 129 1 0 0 0 4 0 0 18 0 36 121 94 0 3 10 0 28 0 0 50 0 23 84 39 14 296 0 41 56 64 0 49 268 57 88 152 24 55 12 119 273 0 1443 0 0 578 0 108 2 1873 1815 2159 1961 2144 343 581 651 62 4802 2203 2664 2931 499 849 0 206 13 0 0 0 79 58 179 150 1682 0 0 0 0 0 0 0 0 0 0 0 0 0 164 295 236 131 365 235 236 239 283 282 348 339 334 339 370 359 368 366 0 0 0 0
22 450 369 431 291 242 25 176 75 534 639 55 54 191 251 1252 1775 437 1355 1088 1296 985 1673 775 793 1306 76 310 358 61 192 1122 131 382 580 1902 1166 487 581 467 532 184 895 186 430 41 0 162 245 251 85 1094 334 459 1383 1104 1350 1270 1347 296 366 519 90 162 132 584 327 12534 0 0 0 194 610 1014 312 4484 2493 931 2436 2667 1106 1388 596 91 1203 2706 2697 5236 91 460 0 107 473 1374 830 0 6315 4085 620 257 3331 14964 0 491 0 120 210 0 387 0 204 0 647 0 292 1584 1359 908 1494 1335 1367 1418 1279 1216 1417 1417 1474 1453 1482 1473 1490 1486 1538 598 470 0
110 0 75 82 63 51 0 40 36 480 644 80 65 206 268 187 234 69 0 0 49 78 94 295 298 517 7 22 0 3 17 92 846 36 0 133 118 122 0 40 197 0 101 30 362 3 0 47 39 28 10 148 0 83 99 102 4 91 45 7 32 42 7 8 31 0 0 0 0 0 0 10 30 71 25 127 46 61 136 147 35 45 37 5 101 139 27 533 0 626 0 0 481 0 0 0 0 0 379 10 166 483 0 0 0 535 500 0 0 0 172 0 1 240 297 262 271 300 276 283 280 270 295 267 255 250 227 267 289 281 289 287 805 612 150 0
59 1091 756 955 697 538 0 439 103 1384 1684 172 148 491 1784 1334 961 555 493 416 791 2430 1288 2811 1125 332 39 153 150 17 98 602 9 197 0 827 502 164 138 490 289 309 496 54 378 32 343 6 1100 685 231 416 0 205 475 838 477 282 266 56 114 557 43 111 5 22 622 0 339 0 0 200 318 2171 9 1346 864 1267 1784 1959 316 419 235 59 1152 1970 1828 535 26 974 956 1702 1416 905 2490 461 1311 0 351 407 7509 1496 571 184 0 1369 72 1357 2209 0 288 0 2806 72 289 727 699 649 630 711 719 720 639 585 588 581 587 619 646 636 649 646 3068 538 740 0
22 425 296 357 264 0 0 166 38 511 611 59 51 174 296 265 168 56 154 120 160 64 32 7 17 6 3 14 0 1 6 28 0 17 0 140 118 16 0 40 8 14 9225 0 13 0 0 0 73 99 33 0 0 32 115 27 35 101 66 6 9 95 26 28 0 4 60 0 0 0 0 10 19 143 46 65 40 275 213 234 16 20 140 14 100 233 201 82 48991 189 0 206 632 0 0 0 0 345 207 3 135 235 0 0 0 0 0 0 157 0 0 0 0 0 90 211 210 219 234 221 218 208 234 218 219 211 194 221 248 238 248 245 53 12 129 0
0 23 17 23 18 0 0 10 2 17 33 1 4 11 10 301 697 407 265 181 1 2 154 201 135 207 0 0 0 0 47 0 0 1 0 8 19 144 0 4326 64 0 20 23 237 14 0 2 7 11 20 30 0 66 92 23 46 33 65 14 32 43 11 14 4 0 12 0 0 0 0 0 96 6 1 65 27 78 99 110 17 20 0 6 35 104 49 23 0 126 0 0 47 0 0 0 0 0 7 122 980 413 0 0 0 29886 0 0 0 0 5 0 0 0 6 127 80 89 77 90 88 126 116 71 69 61 57 69 94 84 93 90 45 56 103 0
21 448 374 385 347 238 4 181 134 489 617 56 50 170 99 1051 1656 223 828 801 766 30 57 146 160 253 55 196 254 107 138 725 1070 271 400 1153 973 549 1100 367 608 524 998 633 1082 15 105 472 284 308 105 726 437 337 472 429 595 881 424 93 286 356 61 91 304 310 801 0 418 0 0 337 1054 345 1224 964 602 1391 1565 1710 262 408 453 94 590 1667 1672 1681 6 5864 0 2058 6710 1382 5974 1804 697 667 1877 479 1174 1522 1145 1515 0 85 3664 0 2765 1890 1671 209 2477 2113 2091 2532 2316 1929 2603 2313 2336 2366 2410 2248 2445 2448 2610 2552 2598 2586 2615 2607 6452 4467 6189 0
3 230 228 255 164 124 3 95 31 281 387 27 33 125 102 514 208 85 913 911 592 94 141 306 300 484 22 59 62 102 58 222 475 123 102 786 670 451 416 387 233 41 373 160 425 13 0 159 388 179 51 6 291 208 654 484 919 1074 720 121 573 617 115 165 168 542 377 10070 0 0 0 362 22 1044 450 347 214 481 457 500 93 120 74 18 216 464 468 458 0 366 0 0 345 0 0 223 221 1155 133 263 2341 5271 0 338 0 0 86 0 0 1232 308 0 219 268 855 456 453 463 471 467 466 455 479 449 450 440 418 461 491 477 490 487 1321 3089 389 0
2 191 177 158 161 103 2 74 17 222 323 13 19 75 23 373 317 7906 337 319 193 9 15 5852 6312 10716 186 119 93 15 86 360 1048 169 305 929 777 1459 456 257 98 0 337 129 1755 17 106 178 111 201 68 559 0 202 511 378 472 944 1058 213 470 656 111 209 166 636 200 0 0 0 0 254 319 140 710 2403 1371 3199 3043 3333 617 771 346 133 857 3253 3180 2632 9 1137 568 766 908 0 648 0 356 359 397 36 381 3692 229 2031 2670 2188 1922 0 0 0 430 0 1714 118 641 1177 1269 1502 1234 1318 1305 1261 1391 1238 1129 1123 1237 1232 1267 1256 1276 1272 1400 1225 161 0
4 18 0 70 0 24 2 20 7716 796 727 71 42 196 237 63 506 282 11 31 39 12 20 210 223 371 10 0 0 235 2 1 74 10 0 410 298 113 13 0 0 633 46 65 122 96 0 144 95 490 165 0 111 0 69 45 65 109 85 0 78 60 11 15 82 122 0 1638 0 0 0 0 44 47 19 95 44 77 137 147 28 40 20 11 95 132 60 15 0 52 0 39 56 0 0 0 0 0 53 17 117 27 0 0 0 39 0 0 0 0 0 0 122 0 684 163 154 146 128 170 171 158 120 109 119 102 70 99 150 120 147 142 89 146 35 0
38 936 959 576 535 436 42 310 638 4824 5123 152 92 266 1192 1936 3261 612 3964 4837 4329 144 120 876 760 1036 467 676 1598 206 850 3243 26901 1554 3358 2784 1511 1751 9447 2245 1425 697 1148 599 1702 232 368 59 1465 964 328 1500 219 792 699 901 4993 13995 3202 230 412 1131 165 252 51 582 1670 0 970 0 0 1147 2578 824 449 2015 2796 8229 4540 4971 941 1402 1760 268 4125 1804 4908 5726 266 3696 954 3025 15836 2595 2350 1542 604 505 1459 360 4472 2678 578 2235 2291 1717 1793 0 3722 1774 1311 0 82 1030 1299 2845 3022 3486 3036 3115 3087 3005 3348 2992 2791 2787 3081 3042 3087 3076 3112 3105 3072 4357 1263 0
4 78 51 64 46 43 0 30 7 94 106 2 6 32 0 831 855 182 814 721 757 288 526 281 326 647 7 22 32 2 13 97 0 44 0 179 153 640 36 175 43 145 85 3 17 4 0 3 15 2 1 133 2065 147 68 47 64 63 132 30 54 57 9 7 8 0 0 0 0 0 0 9 1740 28 3 120 3858 8 47 50 16 50 137 4 890 20 0 910 0 968 0 370 312 0 1129 0 597 0 138 70 700 7746 0 0 0 209 1562 0 0 0 0 0 0 0 33 1461 1125 512 1853 1100 1114 1146 1456 1376 1765 1734 1719 1724 1838 1799 1839 1827 1404 602 595 0
0 21 12 18 12 11 0 19 82 65 85 3 8 157 78 89 413 42 25 0 29 21 35 11 18 40 0 0 0 51 0 4 5 5 0 40 52 333 0 17 44 1309 48 0 0 4 0 8 14 8 0 0 591 21 106 19 37 29 54 6 26 28 1 0 7 0 0 0 175 0 0 0 99 49 2 129 0 0 60 63 10 31 16 2 34 25 0 0 0 98 0 109 1782 0 0 0 0 0 44 0 10 296 40 0 0 165 184 0 0 0 48 0 175 0 281 69 58 47 57 76 75 59 36 46 52 31 0 21 80 56 75 70 645 0 18 0
0 0 0 0 0 2 0 0 15 11 0 0 0 29 15 45 257 488 291 181 1 1 28 77 99 182 0 0 0 0 0 0 5 0 0 0 100 2 0 0 135 0 0 19 0 14 0 49 21 2 0 0 0 30 50 0 48 49 92 0 383 68 20 16 33 0 0 0 0 0 0 1 48 4 9 8 0 0 30 34 7 12 6 1 78 0 0 0 0 25 0 0 56 0 0 0 0 0 0 0 80 0 0 0 0 0 0 0 0 0 0 0 0 0 0 52 33 11 58 56 55 33 15 0 52 10 0 1 89 0 77 74 321 114 207 0
31 0 0 0 0 9 15 13 16 12 0 0 4 11 0 0 0 29 18 0 55 44 31 8 48 70 0 0 0 0 0 0 14 7 0 24 17 4 0 0 0 0 73 18 0 21 0 9 0 12 0 0 0 506 0 0 97 0 0 0 78 10 0 8 0 2967 0 0 0 0 0 0 0 0 25 0 0 0 15 13 3 12 0 20 13 0 0 0 0 0 0 0 0 0 0 0 0 0 0 0 9 0 0 0 0 0 0 0 0 0 0 0 0 0 0 0 0 239 0 430 353 0 0 0 0 0 0 0 320 0 194 75 0 0 0 3
34 0 0 0 0 10 16 13 15 13 0 0 5 12 0 0 0 31 20 0 59 48 36 30 58 72 0 0 0 0 0 0 14 7 0 41 18 5 0 0 0 0 81 22 0 20 0 9 0 14 0 0 0 574 0 0 122 0 0 0 82 22 0 16 0 3371 0 0 0 0 0 0 0 0 24 0 0 0 16 14 3 12 0 22 14 0 0 0 0 0 0 0 0 0 0 0 0 0 0 0 10 0 0 0 0 0 0 0 0 0 0 0 0 0 0 7 0 259 0 458 377 0 0 0 0 0 0 0 342 0 210 86 0 0 0 3
23 0 0 0 0 6 11 9 8 8 0 0 0 9 0 0 0 20 0 0 39 31 25 0 1 19 0 0 0 0 0 0 8 2 0 0 11 3 0 0 0 0 52 10 0 6 0 5 0 10 0 0 0 0 5 0 0 0 0 15 54 0 0 8 0 2224 0 0 0 0 0 0 0 0 12 0 0 0 6 5 2 5 0 14 8 0 0 0 0 0 0 0 0 0 0 0 0 0 0 0 8 0 0 0 0 0 0 0 0 0 0 0 0 0 0 0 0 0 0 245 155 0 0 0 0 0 0 0 138 0 0 0 0 0 0 2
57 0 0 12 5 17 26 17 29 24 0 16 17 16 18 1 0 42 24 0 93 58 44 15 66 97 7 0 0 12 0 0 23 16 0 41 28 3 0 0 0 0 275 98 0 34 0 18 0 21 0 0 0 677 0 0 146 0 473 74 274 269 0 125 0 142 0 0 0 0 0 0 0 0 42 0 0 0 31 33 6 23 0 40 25 0 0 0 0 0 0 0 0 0 0 0 0 0 0 0 16 0 0 0 0 0 0 0 0 0 0 0 0 0 0 482 499 796 0 935 860 468 60 296 129 0 0 0 783 288 666 549 0 0 0 6
7 0 0 0 0 1 3 1 2 0 0 0 0 1 0 0 0 5 0 0 12 7 8 0 0 7 0 0 0 0 0 0 3 0 0 0 2 0 0 0 0 0 1 0 0 2 0 2 0 4 0 0 0 0 0 0 0 0 0 0 0 0 0 0 0 516 0 0 0 0 0 0 0 0 5 0 0 0 0 0 0 0 0 5 2 0 0 0 0 0 0 0 0 0 0 0 0 0 0 0 0 0 0 0 0 0 0 0 0 0 0 0 0 0 0 0 0 0 0 0 0 0 0 0 0 0 0 0 0 0 0 0 0 0 0 1
12 0 0 0 0 2 5 3 3 1 0 0 0 3 0 0 0 8 0 0 19 9 5 0 0 10 0 0 0 0 0 0 4 0 0 0 4 0 0 0 0 0 32 0 0 3 0 3 0 2 0 0 0 0 0 0 0 0 0 0 0 0 0 0 0 0 0 0 0 0 0 0 0 0 7 0 0 0 0 0 1 2 0 8 4 0 0 0 0 0 0 0 0 0 0 0 0 0 0 0 0 0 0 0 0 0 0 0 0 0 0 0 0 0 0 0 0 0 0 82 0 0 0 0 0 0 0 0 0 0 0 0 0 0 0 1
35 0 0 0 0 10 17 15 16 14 0 0 6 13 0 0 0 33 22 0 61 50 38 33 61 75 0 0 0 0 0 0 15 9 0 44 20 4 0 0 0 0 87 24 0 21 0 10 0 15 0 0 0 594 0 0 128 0 0 0 87 28 0 19 0 3228 0 0 0 0 0 0 0 0 25 0 0 0 17 18 3 13 0 23 15 0 0 0 0 0 0 0 0 0 0 0 0 0 0 0 10 0 0 0 0 0 0 0 0 0 0 0 0 0 0 42 36 301 0 499 417 0 0 0 0 0 0 0 378 0 246 120 0 0 0 3
62 14 0 23 18 21 30 22 38 31 0 22 21 27 22 9 0 61 67 16 111 96 76 116 137 140 12 0 0 12 0 0 30 21 0 129 40 17 0 0 0 0 123 40 0 44 0 19 3 29 0 0 0 1278 0 0 312 0 0 0 108 45 20 32 2 15 1821 0 0 0 0 0 2 0 54 5 0 0 36 42 7 27 0 40 29 23 0 0 0 0 0 0 0 0 0 0 0 0 0 0 28 0 0 0 0 0 0 0 0 0 0 0 0 0 0 474 489 811 0 973 888 455 0 270 88 0 0 0 810 260 679 550 0 0 0 0
41 0 0 11 5 14 19 13 23 19 0 11 11 17 16 3 0 63 37 0 87 67 47 20 96 88 6 0 0 5 0 0 19 10 0 0 24 11 0 0 0 0 90 25 10881 913 0 115 0 17 0 0 0 0 0 0 0 0 0 0 85 22 0 0 0 0 0 0 0 0 0 0 0 0 33 0 0 0 45 30 16 21 0 55 36 0 0 0 0 0 0 0 0 0 0 0 0 0 0 0 16 0 0 0 0 0 0 0 0 0 0 0 0 0 38 174 176 432 0 600 525 143 0 0 0 0 0 0 477 0 357 243 0 0 0 4
46 0 0 11 3 16 21 15 31 23 0 12 13 19 15 0 0 41 33 0 79 62 46 50 92 110 6 0 0 5 0 0 23 12 0 70 29 2 0 0 0 0 112 32 0 36 0 15 0 19 0 0 0 929 0 0 207 0 0 0 109 43 0 17 0 0 0 0 0 0 0 0 0 0 45 0 0 0 26 27 5 20 0 31 20 0 0 0 0 0 0 0 0 0 0 0 0 0 5498 0 19 0 0 0 0 0 0 0 0 0 0 0 0 0 0 309 318 574 0 715 646 289 0 141 0 0 0 0 589 130 480 373 0 0 0 0
71 14 0 8861 20 27 33 26 51 38 0 26 27 30 25 14 0 66 79 0 126 98 76 0 6 47 14 0 0 199 0 0 38 25 0 0 169 12 0 0 0 0 139 46 0 61 0 24 0 33 0 0 0 0 0 0 0 0 0 0 118 56 24 22 2 0 0 0 0 0 0 0 0 0 75 0 0 0 38 39 8 32 0 46 32 3 0 0 0 0 0 0 0 0 0 20 0 0 0 0 29 0 0 0 0 0 0 0 0 0 0 0 0 0 0 729 760 1069 276 1169 1099 733 366 542 373 0 0 0 1000 541 895 787 0 0 0 0
131 61 28 73 64 58 61 54 96 88 30 60 59 64 49 44 4 128 186 153 234 188 151 17 50 106 32 21 0 44 0 0 71 53 0 52 96 38 0 0 101 0 242 92 6 113 0 44 53 95 28 0 0 0 21 0 0 0 151 0 186 151 46 74 12 127 0 0 0 0 0 0 23 14 140 49 30 40 80 86 15 63 0 85 62 73 21 10 0 0 0 0 0 0 0 0 0 0 0 0 61 0 0 0 0 0 0 0 0 0 0 0 0 10 47 1746 1821 2256 1195 2295 2214 1791 1373 1626 1377 929 0 739 2059 1558 1927 1807 0 59 0 0
90 26 0 38 31 35 42 33 64 49 0 35 36 39 32 21 0 87 115 87 160 138 110 230 244 231 20 4 0 25 0 0 48 34 0 245 64 24 0 0 0 0 165 57 0 76 0 30 9 45 5 0 0 2265 9 0 578 0 10 0 133 69 28 41 5 80 0 0 0 0 0 0 0 0 94 36 18 23 59 66 11 44 0 58 43 56 11 0 0 0 0 0 0 0 0 0 0 0 0 0 49 0 0 0 0 0 0 0 0 0 0 0 0 0 0 1017 1059 1421 517 1512 1435 1032 634 807 603 195 0 0 1311 811 1198 1080 0 0 0 0
11 0 0 0 0 2 5 2 7 5 0 0 0 5 4 0 0 10 0 0 20 14 5 0 0 7 2 0 0 12 0 0 6 0 0 0 21 0 0 0 0 0 0 0 0 8 0 4 0 0 0 0 0 0 0 0 0 0 0 0 2 0 0 0 0 1708 0 0 0 0 0 0 0 0 10 0 0 0 0 4 1 4 0 7 5 0 0 0 0 0 0 0 0 0 0 0 0 0 0 0 0 0 0 0 0 0 0 0 0 0 0 0 0 0 0 0 0 0 0 79 3 0 0 0 0 0 0 0 0 0 0 0 0 0 0 1
44 0 0 9 2 15 21 14 26 21 0 11 12 18 15 1 0 68 38 24 93 72 50 0 91 91 6 0 0 4 0 0 21 12 0 0 26 9 0 0 0 0 100 30 0 928 0 118 0 17 0 0 0 0 0 0 0 0 0 0 103 34 0 25 0 4482 0 0 0 0 0 0 0 0 38 30 20 0 49 44 18 25 0 57 41 51 0 0 0 0 0 0 0 0 0 0 0 0 0 0 16 0 0 0 0 0 0 0 0 0 0 0 0 0 18 194 197 460 0 630 554 163 0 14 0 0 0 0 502 0 381 263 0 0 0 4
18 0 0 0 0 5 9 5 18 75 29 8 8 36 7 0 0 17 0 0 32 24 13 0 0 12 0 0 0 0 0 0 10 10 0 0 31 0 0 0 0 0 11 0 0 15 0 6 0 5 0 0 0 0 0 0 0 0 0 0 26 0 0 0 0 0 0 0 0 0 0 0 0 0 19 0 0 0 6 9 2 8 0 12 9 4 0 0 0 0 0 0 0 0 0 0 0 0 0 0 2 0 0 0 0 0 0 0 0 0 0 0 0 0 0 0 0 10 0 217 141 0 0 0 0 0 0 0 126 0 0 0 0 0 0 2
26 0 0 0 0 8 12 8 18 13 0 1 3 11 8 0 0 24 9 0 45 37 24 0 38 65 1 0 0 0 0 0 14 4 0 8 16 2 0 0 0 0 26 0 0 21 0 8 0 9 0 0 0 454 0 0 69 0 0 0 36 0 0 0 0 4934 0 0 0 0 0 0 0 0 26 3 0 0 12 16 3 11 0 17 12 10 0 0 0 0 0 0 0 0 0 0 0 0 0 0 8 0 0 0 0 0 0 0 0 0 0 0 0 0 0 0 0 149 0 345 268 0 0 0 0 0 0 0 243 0 118 0 0 0 0 2
9 182 120 180 130 115 0 82 20 231 313 34 36 106 35 183 237 1 25 0 0 1 43 51 44 64 0 0 0 0 0 0 1 13 0 53 804 108 0 44 13 0 22 13 0 1 0 1487 83 51 14 0 0 22 46 89 0 40 8 0 8 5 3 0 855 0 7425 0 0 0 0 0 0 27 1 72 41 43 123 120 27 29 0 13 126 112 9 0 0 401 0 0 18 0 0 0 0 0 242 15 189 14 0 0 0 0 0 0 0 0 0 0 0 0 0 195 201 229 199 222 219 200 205 191 181 162 127 169 222 201 218 214 0 0 252 0
1 28 24 23 18 14 1 11 6 46 65 0 0 12 15 41 94 22 89 0 98 21 26 75 85 161 10 6 21 16 25 87 557 63 0 132 136 34 0 0 0 0 22 0 347 2 0 33 29 59 18 0 0 0 49 0 0 304 79 0 29 29 0 0 22 0 0 0 0 0 0 0 20 29 40 2 0 0 103 112 22 27 45 6 87 8 0 0 0 14 0 207 352 0 0 0 0 0 0 9 170 201 0 0 0 0 0 0 0 0 0 0 0 14 0 56 58 77 50 83 80 57 40 49 41 14 0 3 78 51 71 65 117 0 262 0
2 22 14 38 7 14 1 39 48 44 58 0 0 12 17 50 75 17 75 0 76 289 191 41 124 440 3 1 6 14 11 21 421 36 0 51 126 0 0 0 0 0 10 0 59 1 0 137 0 22 4 4 0 0 10 0 0 201 69 8 13 24 0 1 80 0 0 1560 0 0 0 0 0 0 21 22 0 38 78 85 35 28 29 6 71 23 0 0 0 0 0 0 253 0 0 0 0 0 0 4 91 382 0 0 0 0 0 0 0 0 0 0 0 0 0 82 85 103 74 102 100 85 76 75 67 51 15 49 98 79 94 90 0 0 0 0
0 0 0 0 0 0 0 0 0 0 0 0 0 0 0 0 0 0 0 0 0 0 0 0 0 0 0 0 0 0 0 0 0 0 0 0 0 0 0 0 0 0 0 0 0 0 0 0 0 0 0 0 0 0 0 0 0 0 0 0 0 0 0 0 0 0 0 0 0 0 0 0 0 0 0 0 0 0 0 0 0 0 0 0 0 0 0 0 0 0 0 0 0 0 0 0 0 0 0 0 0 0 0 0 0 0 0 0 0 0 0 0 0 0 0 0 0 0 0 0 0 0 0 0 0 0 0 0 0 0 0 0 0 0 0 0
