119
0 2 1 1 1 4 2 7 6 10 4 6 0 5 0 6 0 0 0 0 0 18 2 0 0 0 1 0 0 1 8 7 0 0 0 0 0 0 107 0 0 0 9 15 0 0 0 0 0 0 0 4 0 4 160 0 0 0 0 0 2 0 26 0 2 0 1 0 4 0 0 0 0 0 0 0 0 0 0 0 0 0 0 0 0 0 0 0 0 0 0 0 0 0 0 0 0 0 0 0 0 0 0 0 0 1 3 3 0 0 0 0 0 0 0 2 0 0 0
0 0 230 0 0 6 0 5 624 128 29 482 283 106 16 138 153 64 233 35 0 5 397 265 0 0 3 354 248 0 0 3 0 0 0 0 0 0 0 0 2425 0 0 339 0 79 181 0 62 0 0 0 0 0 265 0 731 0 116 149 0 38 138 0 273 0 180 0 237 57 0 92 0 13 0 0 0 0 0 0 0 0 0 0 101 0 0 0 0 0 0 0 0 172 0 0 83 42 0 0 0 0 0 0 0 0 0 16 0 65 178 0 21 0 0 89 47 194 405
0 0 0 1 0 29 0 27 3674 936 2916 1421 317 2949 112 110 122 47 418 0 1 22 242 189 0 0 12 181 25 0 4 13 0 0 0 0 0 0 0 79 4078 5 0 335 13 213 279 0 7 209 3 0 0 0 141 172 133 0 97 104 0 19 96 0 180 0 106 0 175 36 0 66 0 8 0 0 0 0 0 0 0 0 0 0 0 0 0 0 0 0 0 0 0 138 0 0 0 9 0 0 0 0 0 0 0 0 52 0 0 80 163 0 29 0 0 63 65 200 285
0 0 0 0 0 3 0 3 3 182 40 55 54 13 9 657 738 208 925 569 0 22 465 998 0 0 4 430 340 0 887 4 0 646 0 0 0 205 0 0 6853 5627 0 1277 538 409 1492 46 123 0 157 0 0 69 536 0 1259 0 596 536 674 137 639 119 413 283 212 130 991 143 0 375 0 55 8 0 0 25 0 0 0 0 0 0 214 0 0 0 0 0 0 0 0 1039 0 74 927 148 0 0 0 10 31 34 25 0 241 282 0 191 975 0 85 56 143 372 235 840 1330
0 0 0 1 0 0 0 0 58 14 20 38 129 42 4 128 182 78 776 3 0 6 419 278 0 0 2 380 280 0 223 2 40 0 0 0 27307 0 0 0 1214 0 0 329 51 443 557 7 62 417 18 0 0 0 380 0 857 0 146 155 322 38 152 72 289 63 187 65 249 63 0 99 0 15 0 0 0 2 0 0 0 0 0 0 141 0 0 0 0 0 0 0 0 226 0 0 51 42 0 38 0 619 0 0 0 0 129 70 0 172 193 0 43 0 32 56 79 524 420
0 0 0 0 2 0 0 4 17 2 0 44 26 4 0 74 78 46 67 0 0 86 139 0 0 1 8 56 2 0 116 7 0 0 0 133 0 0 0 26956 0 9 15 137 72 56 163 0 0 0 0 0 0 0 96 0 0 0 76 79 103 0 81 3 118 35 35 22 130 27 0 50 0 8 0 0 0 0 0 0 0 0 0 0 0 0 0 0 0 1 0 0 0 105 0 0 51 0 0 0 0 0 0 0 0 0 0 39 0 25 128 0 7 0 9 49 25 77 191
0 2 2 1 1 2 0 5 2 1 3 2 5 3 0 3 0 0 0 1 0 51 1 0 0 0 2 0 0 2 6 6 0 0 0 0 0 0 0 0 0 0 7 4 47 0 0 0 1 0 0 4 0 2 126 0 0 0 3 7 14 8 26 0 2 0 1 0 3 0 0 0 0 0 0 0 0 0 0 0 1 0 0 0 0 0 0 0 0 0 0 0 0 0 0 0 0 0 0 0 0 0 0 0 0 1 2 2 0 0 0 0 0 0 0 1 1 1 0
0 0 0 0 6 0 0 0 0 89 0 182 104 8 0 78 7 0 4 0 0 5 18 0 0 0 1 0 4 0 18 1 81 0 0 61 46 49 0 0 0 27 0 730 0 0 27 0 0 0 0 0 0 0 0 0 0 0 0 4 0 0 4 0 6 0 0 0 14 0 0 0 0 0 0 0 0 0 0 0 0 0 0 0 0 0 0 0 0 0 0 0 0 0 0 0 0 0 0 0 0 0 0 0 0 0 0 0 0 0 0 0 0 0 0 0 0 9 17
0 0 0 0 0 0 0 65 0 0 60 634 689 2509 76 3979 144 250 220 143 0 41 498 312 0 0 2 466 350 2 7 3 71772 0 0 0 0 359 0 0 0 0 0 397 69 180 345 0 2162 1075 36 10 0 0 13 273 1543 0 263 108 0 57 162 0 344 0 0 0 291 0 0 119 0 30 19 0 19 122 0 0 0 0 0 0 266 1 0 0 0 0 0 0 0 0 0 0 26 63 0 67 0 747 6 0 0 0 28 0 0 0 342 0 22 0 0 95 39 184 509
0 0 0 0 0 0 0 0 74 0 33 0 539 42 0 185 236 168 215 176 85 6 655 403 0 1 749 645 616 5 325 778 0 47262 0 0 0 0 0 0 0 0 0 484 277 0 903 54 183 115 74 9 0 0 3 312 2493 25 222 257 519 95 256 29 452 138 294 103 361 103 0 153 17 28 28 0 35 1654 0 0 0 0 0 0 562 1 0 0 0 0 0 24 18 616 23 32 177 100 0 0 0 992 316 54 2 0 62 118 19 57 345 0 13 29 0 127 58 170 11
0 0 0 0 0 1 0 0 0 0 0 0 482 0 0 151 110 0 312 153 0 15 557 0 0 0 3 531 459 0 0 3 0 0 40505 51 0 0 0 0 0 0 0 401 41 0 178 0 0 0 30 0 0 0 10 110 1878 0 0 0 0 58 0 0 379 0 0 0 316 0 0 128 0 19 17 0 20 22 0 0 0 0 0 0 361 0 0 0 0 0 0 0 0 319 0 41 272 77 0 115 0 842 35 0 0 0 87 74 35 46 301 0 16 26 0 108 52 163 26
0 0 0 0 0 0 0 0 0 131 554 0 33 53 0 9 0 0 130 0 0 10 440 15 0 0 2 412 316 0 10 1 1092 302 232 1835 0 1080 0 0 0 0 0 308 38 0 110 0 0 0 0 0 0 0 507 128 1326 0 0 0 2 0 0 0 301 0 0 0 254 0 0 99 0 9 0 0 0 0 0 0 0 0 0 0 229 0 0 0 0 0 0 0 0 2 0 0 0 0 0 0 0 638 0 0 0 0 0 52 0 31 180 0 4 15 9 87 0 30 506
0 0 0 0 0 0 0 0 0 0 0 0 0 0 0 2 0 0 0 0 0 7 0 0 0 0 0 0 0 0 0 5 0 0 0 0 0 0 0 0 0 0 0 0 0 0 0 0 0 0 0 0 0 0 0 0 0 0 9 6 13 0 26 0 0 0 0 0 0 0 0 0 0 0 0 0 0 0 0 0 2 0 0 0 0 0 0 0 1 0 0 0 0 0 0 0 0 0 0 0 0 0 0 0 0 1 2 2 0 0 0 0 0 0 0 0 1 3 0
0 0 0 0 0 0 0 0 0 0 42 0 426 0 0 170 204 150 162 107 0 2 625 378 0 0 2 607 551 0 293 2 1040 0 0 0 0 61489 0 0 0 0 0 495 227 48 578 0 157 0 20 0 0 0 790 328 2264 0 165 203 440 64 191 9 423 90 271 94 348 91 0 142 0 24 20 0 25 80 0 0 0 0 0 0 492 0 0 0 0 0 0 0 0 302 0 0 287 70 0 90 0 947 16 0 0 0 0 10 0 48 306 0 10 19 0 123 55 162 590
1 0 0 0 0 5 1 67 0 0 1 0 683 0 0 7 0 0 4 1 0 3771 1 0 0 24 137 0 0 13 4 112 0 0 0 0 0 0 0 0 0 0 0 2 0 0 2 0 0 31 0 0 0 0 4 11 0 0 1 1 0 0 1 0 0 0 0 0 0 0 0 0 0 1 0 0 0 0 0 0 0 1 0 5 19 0 0 0 0 0 0 0 2 4 0 0 1 0 1 0 0 1 0 0 0 0 1 1 0 1 0 0 1 0 0 5 2 2 0
0 0 0 0 0 0 0 0 0 0 0 0 0 0 0 0 0 0 0 0 0 10 0 0 0 0 0 0 0 0 0 1 0 0 0 0 0 0 0 0 0 0 0 0 0 0 0 0 91 94 0 0 0 0 0 0 0 0 0 0 0 0 0 0 0 0 0 0 0 0 0 0 0 0 0 0 0 0 0 0 0 0 0 0 0 0 0 0 0 1 0 0 0 0 0 0 0 0 0 0 0 0 0 0 0 0 0 0 0 0 0 0 0 0 0 0 0 4 0
8 0 0 0 0 0 4 0 0 0 0 41 10 0 0 10 0 0 0 0 0 16 0 0 0 0 1 0 0 0 0 1 0 0 0 0 0 0 0 0 0 0 53442 0 0 0 0 0 0 0 0 0 0 0 0 0 0 0 0 0 0 0 0 0 0 0 0 0 0 0 0 0 0 0 0 0 0 0 0 0 0 0 0 0 0 1 0 0 0 0 0 0 0 0 0 0 235 0 0 0 0 0 0 0 0 0 0 2 3 0 0 0 0 0 0 0 0 0 0
8 0 0 0 0 0 2 18 0 0 10 0 91 0 2 7 5 0 16 0 0 572 0 0 0 3 33 0 0 0 0 24 0 0 0 0 46 0 153 70 0 37 3 254 0 0 0 0 77 0 0 5094 0 0 0 119 0 0 0 396 1515 9587 7395 0 328 0 12238 79 248 15858 0 0 0 0 0 0 0 0 42589 0 0 0 0 0 0 12 0 0 0 0 6302 0 0 820 0 0 0 0 0 0 0 0 0 0 0 0 0 15 0 0 145 0 33 0 0 200 4 45 96
17 0 0 0 0 0 25 0 0 0 0 0 7 0 0 1 1 0 0 0 4 1 7 0 0 0 1 0 0 5 0 0 0 0 0 0 0 0 0 0 0 0 0 0 0 0 0 0 0 0 0 0 50356 0 0 0 0 0 0 0 0 0 0 0 0 0 0 0 0 0 0 0 0 0 0 0 0 0 0 0 0 0 0 71 0 1 0 0 0 0 0 0 0 0 0 0 0 0 0 0 0 0 0 0 0 0 0 0 0 0 0 0 0 0 0 0 0 0 0
2004 0 61 0 0 531 0 206 0 0 0 1924 433 0 0 756 20 245 972 0 26984 163 197 326 0 0 180 81 0 117 394 59 0 28 0 77 700 116 0 1978 16 941 572 1428 75 0 641 44 1877 175 0 712 1475 983 298 3076 0 0 7722 8224 4471 2825 3351 26232 1047 984 854 523 1609 7626 0 738 0 110 62 0 111 381 0 71415 0 0 0 0 0 2 0 0 0 17169 45180 0 0 686 0 0 0 0 0 27364 0 0 0 0 0 0 72 167 0 0 378 7 191 20 53 262 9 396 7841
0 0 0 0 0 1 0 9 0 0 0 1 1 0 5 6 0 8 0 0 0 581 16 41 9 68 84274 190 19 559 100 87731 0 0 0 36 0 0 0 0 0 0 0 1 0 2 1 0 0 0 0 0 0 0 0 0 0 0 0 0 0 0 0 0 0 0 0 0 0 0 0 0 0 0 0 0 0 0 0 0 0 0 0 21 0 0 0 0 0 15 0 0 0 0 0 0 0 0 0 0 0 0 0 0 0 0 0 0 0 0 0 0 0 0 0 0 0 0 0
0 0 0 0 0 0 0 0 0 0 0 0 0 0 0 0 0 0 0 0 0 0 0 0 0 0 0 0 0 0 0 0 0 0 0 0 0 0 0 0 0 0 0 0 0 0 0 0 0 0 0 0 0 0 0 0 0 0 0 0 0 0 0 0 0 0 0 0 0 0 0 0 0 0 0 0 0 0 0 0 0 0 0 0 0 0 0 0 0 0 0 0 0 0 0 0 0 0 0 0 0 0 0 0 0 0 0 0 0 0 0 0 0 0 0 0 0 0 0
0 0 0 0 0 0 0 0 0 0 0 0 0 0 0 1 0 20 0 0 0 6 0 0 0 0 10 0 3 12 3 14 0 0 0 0 0 0 0 0 0 0 0 0 0 0 0 0 0 0 0 4 0 0 0 0 0 0 0 1 0 0 4 259 1 6 0 2 10 1 0 0 0 0 0 0 0 0 0 0 0 0 0 0 0 0 0 0 0 0 0 0 0 1 0 0 0 0 0 0 0 0 0 0 0 0 1 1 0 0 6 0 0 0 0 1 0 1 0
15 0 0 0 0 47 8 722 0 0 3 0 5834 0 139 67 23 3 47 0 0 32226 2 0 0 204 1227 4 30 148 57 958 0 0 0 0 0 0 0 0 0 0 0 0 5 0 0 0 0 258 0 0 0 0 70 88 188 0 2 34 706 0 65 0 0 0 0 2326 0 0 0 11 0 0 0 0 0 0 0 0 0 0 0 13 153 6 0 0 0 26 0 0 0 14 0 0 0 0 0 0 0 0 0 0 0 0 5 12 9 0 0 0 7 0 6 31 0 31 0
0 0 1 1 1 5 0 4 1 0 2 6 3 1 0 10 29 7 64 19 0 1 8 15 0 0 10 1 3 1 11 0 0 1 4 5 7 0 11 12 2 3 4 15 7 38 42 2 1 566 6 23 3 1 0 45 0 0 14 12 12 3 15 51 10 0 850 0 1306 9 4 5 3 2 1 0 1 1 0 0 19 12 0 0 0 1 3 8 5 3 0 20 2 13 4 3 2 3 1 2 0 9 1 1 2 9 7 22 7 15 19 2 4 2 4 9 10 16 0
0 0 0 0 0 0 0 0 0 0 0 0 0 0 0 0 2 0 4 0 0 0 0 0 0 0 0 0 0 0 0 0 0 0 0 0 0 0 0 0 0 0 0 0 0 2 0 0 0 2 0 0 0 0 0 0 0 0 1 0 0 0 1 0 0 1 0 0 0 0 0 0 0 0 0 0 0 0 0 0 0 0 0 0 0 0 0 0 0 1 0 0 0 12 0 0 0 0 0 0 0 0 0 0 0 0 1 1 0 1 0 0 0 0 0 1 1 2 0
0 0 0 0 0 0 0 0 0 0 0 0 0 0 0 0 0 0 0 0 0 0 0 0 0 0 0 0 0 0 0 0 0 0 0 0 0 0 0 0 0 0 0 0 0 0 0 0 0 0 0 0 0 0 0 0 0 0 0 0 0 0 0 0 0 0 0 0 0 0 0 0 0 0 0 0 0 0 0 0 0 0 0 0 0 0 0 0 0 0 0 0 0 0 0 0 0 0 0 0 0 0 0 0 0 0 0 0 0 0 0 0 0 0 0 0 0 0 0
3 0 0 0 0 0 3 159 0 0 0 0 1360 0 31 13 3 1 3 0 0 7507 0 0 0 47 274 0 5 30 9 223 0 0 0 0 0 0 2 0 0 0 0 0 0 0 0 0 0 57 0 0 0 0 12 18 24 0 0 3 0 0 3 0 15 0 333 2 0 5 0 0 0 1 0 0 0 0 0 0 1 0 0 0 25 0 0 0 0 0 0 0 0 5 0 0 0 0 0 0 0 3 0 0 0 1 0 2 0 0 3 0 2 0 1 9 3 1 0
0 0 0 0 0 0 0 0 0 0 0 0 2 0 1 4 4 1 10 4 0 1 0 0 0 0 10 0 0 0 0 0 0 0 0 0 0 0 1 0 0 0 0 5 23 0 13 0 0 6 0 0 0 0 0 8 0 0 0 2 0 0 3 0 0 0 1 0 219 15 0 1 0 0 0 0 0 0 0 0 0 0 0 0 0 0 0 0 0 1 0 0 0 4 0 0 11 0 0 0 0 2 0 0 1 2 3 3 2 3 13 0 1 1 1 3 3 6 3
0 1 1 0 1 1 0 1 0 0 1 3 2 1 0 0 0 24 0 0 0 6 0 0 0 4 0 0 5 0 0 0 0 0 0 0 0 0 0 0 0 0 0 3 0 0 0 0 2 0 0 5 0 6 0 0 0 0 0 0 9 56 157 0 2 0 2 0 1 14 0 0 0 0 0 0 0 0 0 0 0 0 6 0 5 0 4 0 0 0 0 0 0 0 0 0 0 0 0 0 0 0 0 0 0 0 0 0 0 0 0 0 0 0 0 0 0 0 0
0 2 0 0 0 0 0 0 0 0 1 0 6 0 0 5 2 29 57 0 0 90 0 0 0 0 4 0 0 111 0 48 0 0 0 0 0 0 0 0 0 0 0 0 0 0 0 0 0 0 0 201 0 0 163 48 198 0 0 488 217 297 0 0 0 0 0 0 15 0 0 27 0 0 0 0 0 0 0 0 0 0 0 0 0 3 0 0 0 21 0 0 0 0 0 0 0 0 0 0 0 0 0 0 0 0 0 0 0 0 0 0 0 0 0 0 0 0 0
0 0 0 0 0 0 0 0 0 0 0 0 0 0 0 0 0 0 0 0 0 0 0 0 0 0 0 0 0 0 0 0 0 0 0 0 0 0 0 0 0 0 0 0 0 0 0 0 0 0 0 0 0 0 0 0 0 0 0 0 0 0 0 0 0 0 0 0 0 0 0 0 0 0 0 0 0 0 0 0 0 0 0 0 0 0 0 0 0 0 0 0 0 0 0 0 0 0 0 0 0 0 0 0 0 0 0 0 0 0 0 0 0 0 0 0 0 0 0
15 19 1 10 0 25 356 0 0 42 21 0 104 0 6 68 80 56 177 51 1 236 102 118 0 2 10 30 1 7 113 9 0 0 20 22 54 0 23 236 0 87 0 153 2195 192 176 27 0 0 0 8 0 0 51 153 0 0 500 69 117 25 79 0 95 2 56 3 116 19 0 50 9 18 2 0 0 22 0 0 39 59 0 2 0 2 0 58 37 34 0 0 17 171 0 0 606 0 0 0 0 135 0 0 0 0 45 36 27 23 135 0 29 23 83 93 34 91 170
20 30 29 0 33 46 7 50 137 0 34 0 200 141 12 90 104 46 240 0 2 412 172 159 0 3 17 105 1 3 138 14 1 0 28 42 0 0 85 330 0 0 0 205 43 66 201 18 0 0 0 25 0 0 139 190 0 0 64 99 29 39 100 0 147 5 96 22 159 7 0 62 0 10 0 0 0 4 0 0 61 76 0 1 0 2 0 59 8 55 0 0 0 168 0 0 440 0 0 0 0 228 0 0 0 0 73 77 0 48 164 0 36 21 93 72 0 187 225
30 32 34 14 39 62 11 66 42 20 0 0 307 42 81 110 116 52 249 105 4 771 267 207 0 5 29 212 69 5 177 24 0 0 0 0 62 0 30 415 0 0 0 277 68 91 171 29 0 0 4 13 0 0 285 213 297 0 115 130 20 45 121 10 202 0 142 2 198 6 0 77 0 16 7 0 0 15 0 0 59 99 0 19 0 3 0 95 49 92 0 0 0 209 0 0 439 0 0 0 0 382 0 0 0 0 77 85 19 49 199 0 20 18 61 82 37 184 12
23 24 22 8 28 0 0 0 401 149 0 0 252 245 163 114 162 17 232 0 0 181 250 183 0 1 7 211 44 0 149 6 0 0 38 0 0 0 189 81 0 0 0 241 216 560 831 8 738 0 0 0 0 0 265 224 231 0 84 203 7 26 116 0 179 0 116 0 1793 8 0 59 0 7 0 0 0 0 0 0 14 68 0 1 0 1 4 63 0 53 0 0 0 252 0 0 447 0 0 0 0 356 0 0 0 0 71 44 0 0 215 0 24 54 45 100 23 171 45
11 15 20 6 0 2 1 0 1013 410 578 271 63 664 7 19 59 0 41 0 3 204 4 1 0 1 9 3 0 5 13 8 0 16 0 319 0 0 43 133 0 132 1740 0 15 50 70 0 0 0 0 15 0 0 0 0 0 0 0 28 0 0 16 0 2 0 0 0 3 0 0 0 0 0 0 0 0 0 0 0 0 0 0 0 0 2 0 0 0 2 0 0 0 0 0 0 0 0 0 0 0 0 0 0 0 0 15 19 0 0 0 0 9 0 31 0 8 37 4
520 65 72 0 1 179 4 0 0 560 1178 0 265 0 180 174 368 89 569 0 3 184 346 249 0 10 8 298 176 5 205 7 183 272 218 591 339 0 459 511 21 255 1795 312 50 269 528 0 58 0 0 18 0 0 400 253 884 0 30 150 291 49 136 6 258 4 177 22 230 14 0 100 0 20 17 0 19 25 0 0 116 97 106 9 14 2 267 113 9 89 0 0 0 260 0 49 1601 42 0 71 0 511 0 0 0 0 160 200 24 85 222 0 137 157 287 123 169 654 369
0 42 43 17 18 41 110 96 80 26 89 51 110 73 1 67 75 0 136 68 5 554 36 71 0 3 21 0 0 34 141 138 0 0 0 0 0 0 0 64 0 61 227 107 15 0 52 0 0 0 0 101 0 0 3931 0 0 0 247 156 347 234 679 0 63 0 15 0 74 162 0 19 0 0 0 0 0 116 0 0 39 38 0 0 0 2 0 12 18 9 0 0 0 92 0 0 62 0 0 0 0 46 0 0 4 19 41 49 12 20 89 0 26 10 18 31 17 91 3
19 1 0 7 18 0 1 32 189 134 57 185 101 333 6 37 49 0 71 0 1 422 8 24 0 3 17 6 0 1 36 14 0 0 0 0 0 0 0 0 0 476 0 0 21 20 31 0 0 0 0 18 0 0 0 75 0 0 9 17 0 0 17 0 6 0 0 0 40 0 0 15 0 0 0 0 0 0 0 0 0 0 0 0 0 2 0 0 0 7 0 0 0 2 0 0 0 0 0 0 0 0 0 0 0 0 23 20 6 9 0 0 2 0 19 21 19 57 30
606 0 0 0 0 220 5 164 7093 5244 132 8823 1764 5332 636 269 648 147 316 0 3 318 490 415 0 2 17 367 55 9 340 16 816 2358 3001 11269 779 0 366 3487 0 4967 0 472 185 172 978 0 185 0 0 25 0 262 420 550 194 0 0 287 452 93 303 26 413 0 267 31 394 41 0 143 0 12 10 0 15 0 0 0 71 172 0 9 1 5 296 198 15 121 0 0 0 589 0 0 1783 57 0 0 93 743 9 0 0 0 60 74 0 0 486 0 136 168 382 261 282 456 514
48 10 0 0 10 0 17 0 1045 666 592 959 155 924 48 62 200 0 116 0 2 142 30 75 0 1 8 22 1 3 72 6 0 24 147 594 0 0 0 0 0 0 0 89 0 0 416 0 0 0 0 0 0 0 0 69 0 0 0 48 65 0 31 0 43 0 3 0 78 0 0 4 0 0 0 0 0 0 0 0 0 0 0 0 0 2 12 0 0 20 0 0 0 155 0 0 2057 0 0 0 0 0 0 0 0 0 0 0 0 0 0 0 0 9 98 19 85 135 117
0 17 12 8 18 0 0 34 293 239 491 149 38 292 1 76 0 0 137 0 0 208 37 83 0 1 9 0 0 7 85 8 216 342 885 2943 0 0 0 115 125 349 0 24 19 54 280 0 0 0 0 3 0 0 0 161 0 0 53 51 58 0 65 0 73 9 2 8 104 0 0 0 0 3 0 0 0 0 0 0 3 0 0 0 0 4 0 0 0 19 0 0 0 144 0 0 0 0 0 0 0 0 0 0 0 0 19 60 0 0 91 0 21 17 128 8 41 117 48
0 0 0 0 0 0 0 0 0 0 0 0 39 0 0 41 57 0 179 0 0 75 66 53 0 0 3 9 0 0 67 2 0 0 0 0 113 0 0 44 0 0 0 0 0 0 0 0 0 0 0 66 0 0 1 94 0 0 45 11 0 0 47 15 140 0 0 0 106 0 0 25 0 0 0 0 0 0 0 0 6 0 0 0 0 0 0 0 0 15 0 0 0 6 0 0 0 0 0 0 0 0 0 0 0 0 55 56 15 26 0 0 0 0 10 0 0 126 0
23 17 0 0 0 0 0 128 0 0 0 0 38 0 0 40 295 27 100 0 10 221 0 0 0 1 20 1 0 21 54 23 0 0 0 0 0 0 0 0 0 40 0 192 0 0 2613 76 0 718 8 93 0 0 18 0 0 0 109 8 18 7 116 0 21 29 0 0 37 0 0 0 0 0 15 0 0 1085 0 0 0 0 0 0 0 13 2 0 0 0 0 0 0 87 0 0 0 0 0 0 0 0 0 0 0 0 0 4 0 0 52 0 63 0 137 190 54 434 0
123 0 0 0 0 0 5 2280 0 910 80 2063 1168 0 205 976 318 495 403 276 0 11 156 169 0 0 11 109 8 14 283 5 0 0 0 0 0 0 48 0 0 787 0 8375 1298 0 682 0 76 205 44 147 0 0 71 268 0 0 71 213 45 0 238 0 87 0 0 0 198 30 0 92 0 0 0 0 13 0 0 0 0 110 0 0 0 17 0 0 0 4 0 1095 54 332 646 0 217 0 0 0 282 602 20 0 0 0 0 97 0 26 339 0 91 0 190 237 460 872 260
27 0 0 0 0 0 2 0 0 0 0 0 8 0 0 20 7 100 69 0 0 2 25 12 0 0 5 3 0 5 42 4 0 0 0 0 0 0 0 0 0 0 0 555 0 0 0 0 0 0 0 0 0 0 0 23 0 0 0 0 0 0 0 0 18 0 0 0 10 0 0 0 0 0 0 0 0 0 0 0 0 0 0 0 0 4 0 0 0 0 0 0 0 0 0 0 0 0 0 0 0 0 0 0 0 0 0 0 0 0 0 0 0 0 0 0 0 81 0
12 39 5 0 0 5 4 79 52 0 19 24 24 28 0 217 191 325 216 0 2 147 1 71 0 1 31 1 0 17 84 15 0 0 0 0 49 46 4 66 3 212 66 173 0 56 197 0 5891 1083 56 163 0 0 0 183 0 0 0 409 362 57 107 0 127 35 17 32 169 59 0 42 0 0 0 0 97 3340 0 0 0 0 0 0 0 3 0 0 0 0 0 0 0 100 0 0 0 154 0 0 0 0 0 0 0 0 28 35 0 5 87 0 68 21 36 56 86 349 75
0 0 0 0 0 237 0 45 0 0 80 285 395 0 0 0 159 0 167 0 5 100 599 376 0 1 4 585 450 0 237 2 131 250 183 0 122 0 653 492 0 58 123 491 5 0 118 0 0 4331 0 534 0 0 748 191 2119 0 149 734 451 55 191 0 427 0 289 1 342 78 0 110 0 16 0 0 0 0 0 0 0 0 0 0 478 1 0 0 0 0 0 0 0 7209 0 0 0 0 0 80 0 894 0 0 0 0 0 64 0 0 191 0 0 0 6 130 0 133 551
105 21 0 24 0 49 18 158 0 0 454 283 20 8 0 0 43 39 50 0 3 9 23 0 0 0 3 0 0 9 17 62 463 1304 3680 1392 876 1150 181 1037 2258 3080 1040 387 0 0 168 0 0 0 1746 187 0 0 0 304 0 0 21 432 743 583 0 0 20 0 0 0 0 0 0 153 0 0 218 0 0 645 0 0 0 0 0 0 0 43 0 0 0 49 0 38 0 113 0 0 68 0 0 0 0 0 0 0 0 0 9 0 0 0 444 0 72 0 45 0 0 182 19
92 1 0 0 0 14 81 44 0 0 0 62 14 0 0 115 107 152 183 10 9 62 37 134 0 0 10 6 4 21 157 8 49 96 0 206 75 74 3 151 229 270 158 387 0 0 196 0 286 0 0 264 0 0 0 388 0 0 153 246 131 94 182 14 86 0 7 6 184 0 0 74 0 0 0 0 0 0 0 0 93 128 0 0 2 164 0 81 85 101 0 0 350 624 0 481 0 0 0 0 0 61 0 0 0 0 695 109 0 0 2297 0 608 802 306 996 159 772 157
0 5 3 2 4 0 0 8 0 0 3 4 13 2 0 19 2 0 41 0 19 101 0 332 0 1 240 15 10 0 0 135 0 0 0 1 0 0 0 0 0 0 0 0 0 0 912 0 0 0 0 0 0 0 0 0 2981 0 51 165 1091 0 0 2701 0 1 1427 4141 0 0 0 0 0 0 0 0 0 0 0 0 0 0 0 0 0 3 0 0 0 3072 0 0 0 0 0 0 0 0 0 0 0 0 0 0 0 0 2 11 0 0 0 0 0 0 0 9 0 10 0
5676 5880 5265 2228 5911 5775 6478 4846 4181 1128 2695 2806 2807 3655 263 3061 4507 1299 0 0 1139 654 2010 2848 0 10 186 1347 225 1298 3898 178 250 567 369 410 626 163 1057 3937 358 698 1071 1484 1302 611 814 1006 1478 1148 560 3525 0 215 3508 3201 1262 298 2763 8435 6146 2117 4510 1092 1281 1628 898 615 1608 1709 71 742 119 214 202 35 248 615 0 105 85 264 12 13549 12 217 739 332 133 1992 6568 6653 968 1118 1137 211 272 8019 10459 3194 1709 2933 1292 968 434 100 357 389 143 242 2276 0 640 286 186 492 489 1402 1233
0 182 167 0 216 1162 0 221 273 171 503 1406 1876 116 3144 660 700 873 754 0 15 64 2870 1779 0 2402 24 3001 3291 0 1278 8 749 1529 1408 493 631 200 3127 2303 0 161 492 1910 451 115 2404 165 766 37 205 2529 0 0 3978 1622 57641 18257 818 962 2122 373 932 87 2000 0 1341 0 1539 419 0 772 554 407 457 350 78 336 0 0 304 653 5166 12 3573 4 2421 1045 255 553 0 0 175 1590 33 116 0 202 0 594 179 0 54 0 0 0 207 285 48 126 810 0 15 0 72 456 143 653 2489
0 0 0 0 0 0 0 67 0 0 0 0 17 0 0 26 16 164 61 0 56 960 9 0 0 6 206 0 3 250 0 206 0 0 0 0 33 0 0 49 0 38 192 0 0 0 24 10 0 25 3 75 0 0 0 0 0 0 55 98 105 705 1374 0 75 0 22 17 20 184 0 11 8 12 0 0 0 0 0 0 9 6 0 0 0 20 0 0 8 0 0 0 0 9 0 0 65 0 0 0 0 3 0 0 8 8 17 15 12 11 0 0 11 4 13 8 11 37 17
262 1959 0 92 2418 159 331 2661 0 0 0 0 77 0 0 43 33 0 56 0 60 382 2 0 0 0 79 0 0 32 0 61 0 0 0 0 6 0 82 0 0 0 0 0 46 0 0 0 0 0 0 280 0 0 354 0 0 0 86 24 0 0 51 0 10 62 0 0 61 0 0 0 0 0 0 0 0 0 0 0 0 0 0 0 0 26 0 0 0 0 0 0 0 0 0 0 0 0 0 0 0 0 0 0 0 0 0 0 0 0 0 0 28 0 0 0 0 71 0
117 0 0 0 0 79 100 807 0 0 0 0 3861 0 72 87 73 172 149 126 107 21152 35 0 2 133 801 0 21 52 0 667 25 88 0 0 143 0 61 286 0 184 192 98 274 117 258 163 0 354 89 0 0 0 122 380 0 0 301 530 428 358 263 391 130 284 296 119 484 169 84 153 123 107 118 0 176 207 7 201 57 59 1 830 56 46 0 54 61 119 0 0 73 106 88 67 83 65 101 0 35 104 0 42 58 36 59 55 29 64 262 14 73 36 79 77 70 138 81
193 144 161 903 101 89 274 749 103 0 186 217 75 68 1 345 595 3125 750 567 33 34 104 401 0 0 94 65 57 122 862 37 251 977 1326 940 1124 1452 45 569 1961 4017 2460 684 787 495 4049 737 731 2229 1795 327 0 0 107 1476 19 0 1581 390 336 708 830 226 278 252 143 144 473 192 590 2105 1958 1534 1518 2578 1323 3942 0 14 219 174 0 11 4 125 47 97 203 441 25 420 0 359 1938 1295 463 95 1479 619 128 347 209 486 629 63 219 219 166 386 1513 0 400 121 552 301 421 1479 208
0 0 0 0 0 0 0 24 0 0 29 10 0 0 0 4 10 14 143 0 10 14 0 0 0 0 136 4 9 147 6 145 0 0 0 0 88 0 0 0 106 1500 0 0 0 0 2 50 0 0 0 0 0 0 0 0 0 0 0 0 0 0 0 0 29 0 0 0 17 0 0 97 0 156 44 0 0 120 0 0 0 0 0 0 0 36 0 0 0 0 0 31 92 0 0 0 0 0 0 0 0 0 0 0 0 0 21 5 0 0 41 0 11 0 0 0 0 17 1
3 0 0 0 0 0 0 0 0 0 4 4 0 0 0 30 31 0 145 0 3 3 0 0 0 0 35 0 0 1 0 32 0 0 0 0 0 0 0 0 0 0 0 0 0 0 55 0 0 0 0 0 0 0 0 0 0 0 7 0 0 0 0 361 0 0 0 0 0 72 0 22 0 200 0 0 0 0 0 0 0 0 0 0 0 25 0 0 0 0 0 0 0 0 0 0 0 0 0 0 0 0 0 0 0 0 14 34 0 0 0 0 19 0 56 0 0 61 23
0 0 7 0 0 0 0 8 0 0 7 0 0 0 0 45 107 0 194 0 1 5 36 0 0 0 219 83 26 0 0 9 0 0 0 0 28 0 0 3 0 0 0 86 0 0 41 0 0 0 0 0 0 0 0 204 0 0 109 233 0 0 0 0 19071 767 3974 0 35 53 0 33 0 0 0 0 0 0 0 0 42 28 0 0 0 16 0 0 0 0 0 0 0 181 0 0 0 0 0 0 0 0 0 0 0 0 16 69 27 40 56 0 8 0 13 43 34 34 0
113 0 0 0 0 12 0 32 0 0 0 21 8 0 0 64 60 0 303 0 26 66 43 74 0 0 52 0 0 0 0 61 0 0 0 0 27 0 0 84 0 5 12 98 0 70 144 0 0 0 0 73 0 0 0 82 0 0 16 6 166 0 695 0 85 22 65 23 109 0 0 37 0 0 0 0 0 0 0 0 0 0 0 0 0 47 5 0 0 198 0 3951 0 415 0 0 0 0 0 35 0 0 0 0 0 0 35 16 0 0 1 0 32 0 20 46 7 166 139
0 0 0 0 0 0 0 0 0 0 10 6 0 0 0 14 11 0 154 0 24 3 0 0 0 0 49 0 0 0 301 52 0 0 0 0 0 0 0 0 0 0 0 0 0 0 30 0 0 18 0 211 0 0 0 0 0 0 364 1779 1858 0 0 0 0 1783 0 0 0 2 0 0 0 0 0 0 0 0 0 0 0 0 0 0 0 45 0 0 0 0 0 111 0 0 0 0 0 0 0 0 0 0 0 0 0 0 0 0 0 0 0 0 7 0 0 0 0 49 3
32 18 12 0 0 0 16 21 12 0 16 31 10 0 1 9 8 2739 785 0 49 33 0 304 0 0 73 26 10 52 74 38 0 0 0 34 27 0 38 6 0 19 66 0 13 14 20 45 40 65 0 0 0 0 53 43 0 0 9 0 20 1288 171 0 391 0 0 0 0 2872 4252 261 1601 289 181 508 1448 773 0 0 0 0 0 0 0 112 0 0 0 24 0 842 17 8 0 0 0 0 0 3 0 0 0 0 0 0 0 0 0 0 0 0 0 0 0 0 0 0 3
0 0 0 0 0 0 0 0 0 0 0 0 28 0 1 21 23 0 66 0 2 169 0 33 0 1 11 0 0 0 3 6 0 0 0 0 0 0 0 0 0 0 0 0 0 0 0 0 0 0 0 37 0 0 0 0 0 0 0 82 0 0 47 0 0 0 0 0 28 3911 0 0 0 0 0 0 0 434 0 0 0 0 0 0 0 8 0 0 0 5 0 0 0 0 0 0 0 0 0 0 0 0 0 0 0 0 20 16 7 3 0 0 1 0 0 0 0 42 0
25 9 3 0 0 0 1 7 3 0 9 9 24 0 1 14 18 74 280 0 4 136 0 55 0 0 20 2 0 4 0 6 0 0 1 20 5 0 30 3 26 1125 0 27 0 170 103 0 7 417 303 0 0 72 41 0 0 0 147 115 0 0 0 375 72 0 18 0 0 4966 0 104 1009 128 292 128 716 0 0 0 0 0 0 0 0 30 0 0 0 3 0 0 0 0 0 0 0 0 0 0 0 0 0 0 0 0 21 9 0 0 0 0 6 0 0 0 0 97 0
0 0 0 0 0 0 0 6 1 0 4 7 32 0 0 86 76 0 188 0 2 98 46 103 0 1 5 0 0 0 83 3 0 0 0 0 30 0 0 76 0 0 0 81 20 25 117 0 0 86 0 0 0 0 0 107 0 0 12 35 0 0 10 27 48 0 0 0 0 22 0 31 0 5 0 0 0 0 0 0 39 17 0 0 0 5 5 0 0 19 0 0 0 142 0 0 0 0 0 0 0 3 0 0 0 27 58 70 20 44 50 0 11 0 13 53 33 138 0
2 6 7 0 0 0 1 13 2 0 5 4 24 0 1 72 90 0 215 0 2 132 0 0 0 1 15 0 0 2 52 4 0 0 0 9 13 0 17 26 0 0 0 57 21 85 145 0 0 45 0 0 0 67 0 99 0 0 28 18 30 0 42 12 147 1 27 0 0 183 0 41 1347 168 132 0 63 0 0 0 32 13 0 0 1 35 0 0 0 26 0 304 0 35 0 0 0 0 0 0 0 0 0 0 0 0 51 67 1 5 8 0 16 0 15 19 29 155 0
0 0 0 0 0 0 0 0 0 0 0 0 9 0 0 11 14 0 61 0 1 141 0 11 0 0 10 0 0 0 0 5 0 0 0 0 0 0 0 0 0 0 0 0 0 0 0 0 0 1601 0 9 0 0 0 0 0 0 0 93 0 0 97 106 0 6735 2280 1302 0 435 0 0 0 74 0 0 0 35 0 0 0 0 0 0 0 43 0 0 0 0 0 0 0 0 0 0 0 0 0 0 0 0 0 0 0 0 18 11 0 0 0 0 0 0 2 0 0 0 0
14 0 0 0 0 0 3 37 5 0 10 8 18 0 1 49 64 0 165 0 3 129 0 41 0 1 12 0 0 0 22 8 0 0 0 0 47 0 0 38 0 133 78 65 30 0 163 0 0 81 9 34 0 0 0 95 0 0 56 0 0 43 0 0 0 0 0 0 0 0 0 134 297 11 35 324 135 0 0 0 20 31 0 0 0 82 0 0 0 3 0 1093 0 37 0 0 0 109 0 0 0 0 0 0 0 0 29 19 0 0 0 0 19 0 24 0 17 102 7
608 289 201 409 230 251 744 416 253 118 335 408 270 289 0 278 306 4188 1283 1556 13 538 418 655 0 1 143 319 31 187 760 78 298 480 431 470 636 609 338 651 781 2396 1175 846 253 134 801 1027 862 539 425 1836 0 509 336 620 0 0 669 1926 964 1110 1339 0 1169 909 409 32 869 1389 0 1542 1481 764 1363 1860 2470 2279 0 0 414 475 0 2 0 529 340 550 814 936 28 0 759 664 474 491 205 161 141 1215 953 2860 252 295 435 0 85 145 8 76 1214 0 328 125 112 294 215 495 577
13 0 0 0 0 0 3 13 0 0 0 0 66 0 1 30 23 55 80 0 1 365 1 0 0 2 17 1 0 8 0 14 0 0 0 0 10 0 0 0 0 0 4 0 4 0 29 0 0 0 0 15 0 0 0 4 0 0 0 0 0 0 10 0 1 0 0 0 11 0 0 0 0 271 0 0 0 0 0 0 0 110 0 0 0 105 0 0 0 16 0 0 0 1 0 0 0 0 0 0 0 0 0 0 40 0 35 0 0 0 0 0 207 121 43 29 45 145 0
130 30 28 46 24 38 76 112 11 0 2 69 71 57 0 162 195 2155 416 637 15 463 32 249 0 1 60 5 4 547 2191 231 0 0 3 33 59 48 15 135 58 245 43 311 93 105 245 98 383 30 124 477 0 0 0 274 0 0 1353 1992 1007 2267 694 0 87 0 51 0 251 0 0 1682 0 307 527 888 930 131 96 0 1342 1879 0 2 0 1636 95 777 1085 2366 19 0 668 162 0 2 85 616 8 85 15 96 109 103 691 0 73 74 0 514 811 0 216 106 71 95 240 735 159
11 0 0 0 0 0 2 18 0 0 0 0 14 0 0 43 39 23 105 0 2 95 0 18 0 0 5 0 0 6 32 4 0 0 0 0 11 0 2 3 0 168 0 50 43 12 93 38 0 165 163 16 0 0 0 98 0 0 0 0 76 103 38 0 82 0 0 0 0 0 0 0 0 0 1485 300 445 247 0 0 40 25 0 0 0 21 0 12 25 27 0 97 137 75 0 0 0 0 0 0 0 0 0 0 1871 0 24 36 0 310 0 0 303 24 61 32 296 295 33
264 1 14 0 1 68 284 41 0 0 0 53 90 0 0 125 166 586 227 0 1 120 141 226 0 1 7 74 1 11 229 8 0 22 0 16 64 0 50 203 0 61 67 318 0 47 123 9 20 0 41 275 0 0 101 272 0 0 0 236 223 43 160 0 94 0 90 0 221 0 0 632 0 0 0 85 1145 0 1 0 84 111 0 0 0 23 90 116 69 558 0 74 46 239 0 0 0 18 0 34 0 192 0 0 0 0 44 47 0 0 468 0 383 102 1529 89 231 297 280
1268 183 158 237 163 433 1548 335 65 25 71 675 532 146 93 454 365 1360 493 734 28 101 824 803 0 1 36 631 123 59 958 47 124 305 295 187 263 63 542 854 165 306 273 892 23 115 311 123 234 199 137 1011 0 0 816 728 327 0 445 356 763 504 491 0 830 0 476 248 849 0 0 290 0 0 0 0 1213 107 54 0 217 484 0 9 0 89 616 451 222 495 8 228 0 971 551 504 104 177 3074 179 1889 2313 98 256 314 0 151 157 0 117 636 0 263 79 93 298 242 788 1317
537 6 27 0 16 151 609 65 0 0 0 94 142 0 0 208 1477 635 338 0 4 97 279 389 0 1 21 148 0 11 298 7 18 47 20 23 115 0 122 354 0 68 136 450 31 0 178 0 47 69 12 498 0 0 184 363 0 0 146 125 316 60 206 0 276 0 172 0 289 0 0 260 0 0 0 0 0 0 14 0 90 151 0 1 0 1 140 169 64 76 0 0 0 439 0 0 0 3405 0 51 2086 3208 0 120 0 0 52 74 0 0 646 0 0 17 1 103 64 327 1123
127 6 5 0 0 18 141 127 0 0 0 5 53 0 1 124 170 748 221 0 4 228 50 145 0 1 27 2 6 43 235 15 0 0 0 37 44 0 0 151 32 127 32 240 0 52 127 0 68 0 41 324 0 0 36 222 0 0 0 572 130 54 218 0 0 113 102 34 0 87 0 198 0 0 62 0 40 0 3 0 64 221 0 0 0 49 42 84 148 67 0 613 136 202 0 0 0 167 0 15 0 115 62 0 0 0 66 55 0 28 730 0 178 345 190 184 446 1073 144
109 53 24 39 35 35 92 53 42 30 111 46 19 113 0 68 83 0 345 458 1 430 35 213 0 0 377 56 0 65 170 116 14 42 41 59 56 50 22 4415 75 121 71 88 123 109 166 47 632 290 74 96 67 115 10 177 0 28 75 134 99 244 237 108 55 529 31 27 240 17 53 26 0 24 0 0 0 0 0 0 0 0 0 0 0 0 0 2850 3114 0 3 0 11 68 14 161 78 52 0 0 14 54 19 39 45 0 69 65 55 57 162 0 61 51 56 46 77 159 75
124 254 18 168 290 62 131 301 27 24 82 50 58 65 0 35 38 406 550 0 2 274 179 138 0 1 40 133 0 25 207 71 10 27 23 37 40 23 35 72 32 65 45 73 81 333 268 55 323 357 34 690 0 56 85 355 0 0 139 146 200 160 212 100 65 269 33 33 148 58 31 79 2 24 17 9 19 35 1 0 0 0 0 0 1 0 1 1359 1630 330 5 0 46 66 22 87 44 72 16 33 0 65 20 22 27 57 137 96 82 95 204 2 48 36 46 33 41 224 3333
4 37 19 27 25 4 0 39 25 18 68 3 0 73 0 36 2354 467 431 380 0 59 0 149 0 0 18 0 0 21 126 25 0 0 0 0 23 0 0 2 0 44 0 0 91 143 188 50 409 303 0 31 0 0 0 110 0 0 73 72 0 109 192 101 22 439 0 0 46 0 0 0 0 0 0 0 0 0 0 0 0 0 0 0 0 0 0 2333 2815 0 0 0 0 2 0 15 0 64 0 1 3 0 0 0 0 0 6 0 0 0 0 0 0 0 42 0 0 136 10
71 22 13 15 16 22 64 23 9 5 36 18 5 41 0 50 71 252 322 169 0 47 25 95 0 0 59 2 0 16 89 27 0 0 0 0 22 0 0 31 0 0 322 23 38 0 150 26 231 177 0 49 0 0 0 91 0 0 59 46 0 34 52 54 5454 179 0 0 73 0 0 0 0 0 0 0 0 0 0 0 0 0 0 0 0 0 0 1071 1436 0 0 0 0 0 0 0 0 38 0 8 0 21 0 0 0 0 18 0 0 0 0 0 0 0 0 2 0 78 62
0 0 1 2 1 0 0 3 4 0 8 13 0 1 0 15 17 4 28 16 0 7 1 17 0 0 1 1 0 0 18 2 0 1 9 19 2 0 42 4 1 3 3 22 5 151 20 3 2 15 4 40 0 0 0 32 0 0 14 10 955 3 15 3 0 8 0 1 20 2 0 6 0 1 0 0 0 0 0 0 0 0 0 0 0 0 0 21 22 0 0 0 2 20 0 2 2 2 1 1 0 0 0 1 2 4 8 10 10 7 21 0 2 2 2 8 6 20 19
10 3 3 1 3 15 9 4 3 1 4 14 18 2 0 13 15 14 0 16 0 14 30 0 0 0 12 17 25 2 23 6 0 0 0 0 9 0 32 34 0 6 10 34 7 49 14 5 11 234 8 34 0 0 10 31 0 0 17 45 419 7 18 1 24 7 13 1 27 7 0 10 0 2 1 0 0 4 0 0 0 0 0 0 22 0 0 28 27 7 0 0 3 341 0 2 2 7 1 5 0 39 0 1 2 3 6 8 2 5 24 1 2 2 2 10 5 15 38
1 0 1 0 0 5 0 0 0 0 0 0 9 0 0 5 6 1 7 5 0 3 14 0 0 0 1 0 12 0 8 1 2 5 3 4 3 0 18 10 0 1 2 14 1 23 5 6 0 119 0 12 0 0 13 10 0 0 6 18 147 2 6 0 9 0 6 0 9 2 0 2 0 0 0 0 0 2 0 0 0 0 0 0 0 0 0 1 1 0 0 0 0 163 0 0 1 2 1 4 1 20 1 0 1 1 2 3 3 2 5 0 1 1 1 4 2 6 15
0 0 0 0 0 0 0 0 0 0 0 0 0 0 0 0 0 0 0 0 1423 0 0 0 0 0 0 0 0 78453 0 0 0 0 0 0 0 0 0 0 0 0 0 0 0 0 0 0 0 0 0 0 0 0 0 0 0 0 0 0 0 0 0 0 0 0 0 0 0 0 0 0 0 0 0 0 0 0 0 0 0 0 0 0 0 0 0 0 0 0 0 0 0 0 0 0 0 0 0 0 0 0 0 0 0 0 0 0 0 0 0 0 0 0 0 0 0 0 0
2 2 4 2 2 10 0 9 3 1 5 14 16 2 0 29 30 29 47 37 0 1 25 49 0 0 1 25 23 0 43 0 3 4 9 0 1 0 21 25 0 0 11 55 0 36 32 7 10 216 6 26 0 0 30 13 77 0 32 49 1172 0 36 1 20 22 0 3 50 6 0 9 0 2 0 0 0 0 0 0 0 0 0 0 21 0 0 103 96 15 0 0 0 338 0 0 0 9 0 0 2 39 0 0 1 7 14 18 0 7 40 0 3 5 2 18 10 30 51
233 70 36 39 36 69 231 58 37 28 118 76 48 115 0 74 79 745 178 401 0 65 104 311 0 0 50 82 0 40 247 31 0 0 0 0 67 0 0 150 0 78 47 126 114 11 79 74 938 50 0 182 0 0 46 240 0 0 158 172 113 134 305 49 153 518 31 31 306 7 0 74 0 0 0 0 0 0 0 0 0 0 0 0 0 1 0 0 0 542 0 0 0 86 0 0 0 82 0 33 4 132 0 0 0 0 12 0 0 0 1 0 0 0 40 56 18 93 1852
135 89 50 27 81 55 90 121 96 53 221 70 0 171 0 60 82 860 181 479 0 135 16 300 0 0 63 0 0 66 289 44 0 0 0 16 68 0 0 98 0 156 60 109 156 14 97 108 1025 89 0 159 0 0 0 218 0 0 163 188 126 293 363 56 115 642 23 45 281 4 0 56 0 0 0 0 0 0 0 0 0 0 0 0 0 1 0 11835 0 1063 0 0 125 179 0 598 0 331 0 72 117 40 0 7 0 0 0 0 0 0 69 0 116 196 195 129 180 190 148
1 0 0 0 0 0 1 1 0 0 2 2 0 1 0 0 11 52 147 0 0 2 64 0 0 0 2 44 0 3 0 2 0 0 0 0 0 0 0 0 0 0 0 0 5 0 4 17 18 0 0 0 0 0 227 198 0 0 95 76 153 0 88 0 0 0 0 0 1 0 0 0 0 0 0 0 0 0 2 0 0 0 0 0 0 0 0 0 0 0 0 0 0 11 0 0 0 9 0 0 0 0 0 0 0 0 0 0 0 0 0 0 0 0 0 0 0 0 43
673 35 37 13 44 202 863 52 33 17 52 230 296 28 347 137 148 0 120 0 3 4 472 331 0 0 5 442 359 3 258 2 101 212 181 81 127 25 469 415 18 80 123 376 64 49 132 34 274 93 46 449 0 50 526 364 921 0 167 170 360 53 161 26 321 92 212 73 276 77 0 120 0 21 15 0 14 24 0 0 79 137 0 0 234 6 0 816 792 256 0 758 36 296 0 45 31 74 13 92 33 712 43 22 33 0 53 71 15 49 293 0 19 45 24 112 61 143 463
747 422 212 229 250 300 772 352 110 0 284 462 277 156 102 297 255 1312 1485 2919 63 1190 386 570 0 3 681 315 71 102 658 670 74 248 160 147 221 104 266 608 160 477 307 513 36 0 235 239 482 0 387 684 0 350 286 571 92 0 0 254 799 0 0 0 426 37 213 0 578 0 208 158 89 0 0 0 68 0 123 30 2638 1907 0 11 2 1704 606 2569 3289 934 0 0 438 529 0 0 177 1594 0 1237 271 761 30 753 1690 0 509 294 2718 40 2668 0 1562 704 551 634 640 493 540
520 347 167 166 231 139 444 861 114 0 117 511 120 71 0 920 202 290 499 1223 722 303 148 303 0 2 48 67 0 16 252 53 0 73 61 69 198 13 88 341 29 185 191 384 94 0 146 120 233 162 0 324 0 0 100 352 0 13 0 171 291 173 237 0 274 20 147 7 324 132 0 109 0 0 0 273 105 0 0 0 79 154 0 0 0 90 67 145 0 119 0 0 0 417 0 23 0 60 4374 32 0 219 28 0 0 0 0 0 0 0 395 0 226 73 151 113 76 0 386
49 0 0 0 0 0 11 9 21 0 0 0 17 0 0 30 51 0 100 0 0 92 0 0 0 0 9 0 0 16 119 8 0 0 0 0 6 0 0 0 0 0 0 0 0 0 2 0 0 0 0 20 0 0 0 85 0 0 49 64 0 0 59 0 29 39 0 0 66 0 0 0 0 0 0 0 0 0 0 0 0 2 0 0 0 4 0 0 0 0 0 0 0 0 0 0 0 0 0 0 0 0 0 0 0 0 0 2 0 0 31 0 0 0 0 0 0 62 68
874 442 397 144 326 462 783 484 569 0 178 1179 840 1142 7 409 449 1809 775 1102 23 434 386 546 0 3 151 269 12 42 803 209 785 1196 1049 1963 1995 517 695 2287 1466 1701 953 1132 1616 0 1871 861 1482 1871 259 5052 0 0 558 2562 0 0 1333 1195 1160 1588 1347 818 2326 1162 643 1045 2962 759 0 2909 202 436 426 0 359 757 0 0 156 388 2 71 9 88 300 455 29 1267 9 7256 1003 617 0 444 0 0 0 179 0 1011 0 358 0 0 0 0 0 0 1615 173 306 71 707 27 131 501 486
680 231 244 0 180 289 548 268 57 0 0 687 517 410 3 317 286 922 554 859 56 211 251 411 0 1 124 134 5 8 540 165 154 445 489 1079 1207 0 445 626 414 703 623 561 573 190 1230 436 707 1001 0 2322 0 0 206 1208 0 0 813 705 558 776 839 563 848 621 348 450 1291 398 0 1126 0 283 90 0 229 222 0 0 0 171 0 0 3 17 214 160 0 512 0 5761 0 442 0 0 0 72 0 116 0 475 0 0 0 0 0 0 84 0 843 113 260 60 610 154 192 543 393
113 0 3155 0 0 0 75 28 0 0 0 44 3 0 0 123 0 11212 280 617 1 16 44 196 0 0 31 1 0 40 365 33 0 0 0 0 36 0 0 246 0 0 834 259 2855 0 259 22 127 0 333 187 0 73 0 228 0 0 204 166 120 161 272 54 154 119 31 66 492 70 0 145 0 35 43 0 69 1941 0 0 97 124 0 0 0 227 112 296 200 275 0 0 355 290 205 36 0 32 149 0 137 132 1208 648 0 0 3422 706 0 493 1061 732 539 406 537 749 824 2913 165
289 0 0 0 0 53 322 43 0 0 0 23 96 0 0 198 206 754 364 282 2 15 172 359 0 0 20 118 0 25 295 61 7 48 2 16 74 0 67 216 0 60 68 339 85 19 190 0 7 140 15 373 0 0 135 431 0 0 203 178 296 125 315 212 237 124 124 97 324 0 0 128 0 18 0 0 0 0 0 0 0 0 0 0 0 1 0 0 0 0 0 0 0 262 414 0 0 0 0 0 0 253 0 0 0 0 190 58 0 0 496 0 0 68 0 108 48 239 351
405 220 211 196 142 273 249 265 174 54 315 236 212 309 0 418 284 256 328 451 38 85 105 291 0 0 53 33 1 599 1403 100 421 1257 576 483 525 397 174 515 565 1015 367 511 524 219 696 685 2896 593 531 685 0 485 95 750 0 0 396 421 703 2124 959 307 309 359 385 333 320 194 0 307 0 157 159 0 45 340 45 0 275 188 0 0 0 435 83 233 145 885 0 2205 0 404 5623 1749 0 248 0 161 0 516 19 0 0 0 0 30 0 85 835 0 402 377 306 323 457 436 229
3599 40 47 12 0 212 865 49 0 8 0 143 264 0 42 194 211 368 547 0 5 7 449 363 0 0 7 319 40 0 305 3 41 94 34 8 124 0 4573 441 635 67 123 452 39 106 220 45 0 52 23 454 0 0 418 466 123 0 216 220 400 0 217 0 379 0 221 6 337 72 0 136 0 16 0 0 0 0 0 0 0 0 0 0 0 1 319 0 0 127 0 0 0 2945 0 0 8 37 0 0 0 625 0 0 0 0 0 61 0 4 327 0 19 1 21 120 58 209 533
1962 137 126 46 111 685 2528 153 121 28 223 671 907 36 1316 383 401 373 540 569 11 10 1413 903 0 297 7 1411 1367 9 747 10 355 717 644 257 523 6 1688 1225 0 125 316 1064 40 0 341 182 739 150 81 1626 0 0 1875 893 0 0 468 481 1059 240 499 221 1336 304 700 897 891 232 0 354 0 72 70 0 0 3 0 3 0 1 0 5 0 3 0 0 0 16 0 0 336 804 124 163 0 183 49 342 0 2166 18 306 0 0 59 147 0 13 1040 0 61 62 39 253 116 297 1301
242 7 20 0 0 66 254 20 0 0 0 0 22 0 0 111 128 69 199 99 11 10 90 187 0 0 3 0 0 10 186 3 0 0 0 0 51 0 0 185 0 6 9 154 11 0 100 28 0 32 0 176 0 20 0 243 0 0 116 84 181 8 132 14 127 60 0 37 176 35 0 83 0 23 0 0 0 0 0 0 16 0 0 0 0 28 0 0 0 24 0 0 0 278 0 0 0 0 0 0 0 0 0 0 0 0 0 77 28 90 352 0 13 28 32 89 76 158 248
848 15 32 0 23 256 1058 74 0 0 0 240 348 0 157 220 232 202 329 402 1 10 565 450 0 0 11 469 147 26 377 16 105 264 177 102 171 1 437 570 0 118 186 566 85 0 256 93 244 112 267 644 0 0 592 435 690 0 242 251 560 112 270 38 484 132 283 136 476 144 0 291 0 59 35 0 119 0 0 0 125 200 0 0 0 13 428 285 67 277 0 0 0 418 538 100 0 134 0 87 0 920 0 0 2 0 0 177 0 0 661 0 218 0 74 284 644 113 627
280 148 77 0 77 80 320 120 52 0 121 173 125 26 13 211 369 1416 420 275 38 31 239 255 0 3 51 132 37 125 370 123 202 1333 144 194 287 259 90 433 230 564 214 354 185 200 429 383 1461 262 413 499 0 389 133 458 0 0 223 272 423 648 346 224 285 151 126 129 454 201 0 232 0 88 59 0 0 79 0 0 130 135 0 0 0 72 91 164 0 399 0 0 359 2410 0 1811 0 3401 1477 210 0 13028 3389 0 0 0 276 139 0 0 552 0 233 95 108 194 495 270 255
106 47 21 0 17 30 86 91 69 0 47 94 15 66 0 135 141 273 243 325 17 100 39 130 0 0 23 0 0 36 204 38 24 145 16 59 91 104 0 185 81 256 153 216 123 40 177 84 275 140 814 182 0 187 0 236 0 0 163 119 171 140 176 19 164 82 31 61 257 71 0 0 0 0 4 0 37 62 0 0 182 132 0 0 0 207 0 140 43 951 0 0 1175 1288 3414 1924 304 21 1018 455 626 676 0 339 0 735 992 920 0 324 1253 584 956 207 619 844 101 757 209
0 179 131 8 24 74 0 207 155 17 49 517 0 208 0 117 151 1149 698 1126 534 199 0 109 0 0 79 0 0 272 293 58 85 246 18 148 288 47 0 238 218 529 208 298 492 209 330 231 610 264 117 188 0 93 0 403 0 0 287 598 84 419 365 251 200 709 0 263 148 87 152 243 86 159 193 23 147 337 4 0 608 1150 0 0 0 865 0 465 789 370 2 98 636 501 3263 2044 26 2473 60 126 370 656 183 274 0 0 1396 913 1579 0 905 0 463 115 422 4544 403 650 0
0 101 0 0 0 51 0 54 0 0 0 25 0 35 0 11 58 104 76 0 65 40 0 0 0 0 19 0 0 35 61 17 0 0 0 0 0 0 0 0 0 44 0 0 19 77 6 0 43 0 0 0 0 0 0 179 0 0 0 0 0 0 9 19 0 0 0 0 0 0 0 0 0 0 0 0 0 0 0 0 0 0 0 0 0 413 0 0 35 51 0 0 192 1187 390 96 0 0 462 21 0 132 27 0 0 0 0 0 0 0 142 0 49 0 250 65 85 72 0
0 0 119 0 0 0 0 276 91 0 0 0 0 0 0 30 0 0 143 0 2634 11 0 0 0 0 68 0 0 38 2 48 0 0 0 0 0 0 0 0 0 25 0 0 0 0 6 0 0 39 0 0 0 0 0 5 0 0 0 0 0 0 14 24 0 0 0 0 0 0 0 9 0 0 0 0 0 0 0 0 87 8 0 0 0 158 0 34 158 516 0 0 80 0 355 336 0 0 0 0 0 0 0 0 0 0 3796 0 20 0 96 0 197 0 112 484 57 70 0
2 232 468 10 279 49 3 359 71 0 0 32 0 79 0 17 0 204 199 258 13 19 1 0 0 0 12 0 0 44 60 42 0 356 0 50 83 0 0 0 83 269 65 0 129 168 282 17 156 180 647 1 0 0 0 15 0 0 36 69 0 125 88 25 0 12 0 0 52 49 0 88 2 66 67 4 45 60 0 0 140 64 0 0 0 697 0 158 180 338 0 0 713 2660 1488 0 929 171 222 163 8 0 211 393 678 0 601 0 0 936 1428 0 489 681 1389 1115 888 1352 0
11 0 0 0 0 0 2 51 0 0 0 0 1 0 0 28 20 21 179 355 24 20 1 4 0 0 13 0 0 24 17 27 0 0 0 1 3 0 0 0 2 131 1 0 44 0 79 0 58 77 170 62 0 0 0 66 0 0 28 33 0 24 72 122 0 48 0 0 319 78 0 403 0 0 154 0 84 0 0 0 247 130 0 0 0 261 0 103 132 326 0 0 144 308 671 613 0 70 0 0 0 0 128 100 0 797 645 365 0 0 1557 0 902 194 269 231 344 296 2
6 0 0 0 0 0 4 59 0 0 0 0 143 0 2 60 39 0 312 0 11 874 0 76 0 4 97 0 0 33 73 33 0 0 0 0 31 0 0 9 0 67 0 48 0 0 130 0 0 0 0 207 0 0 38 408 0 0 0 190 0 0 249 41 169 45 0 0 213 10 0 397 0 103 0 0 0 0 0 0 466 27 0 0 0 270 0 0 0 92 0 0 0 0 0 0 0 0 0 0 0 0 0 0 0 0 0 0 0 0 0 0 589 72 27 0 0 0 4
16 366 186 119 86 82 7 424 255 107 180 536 5 239 0 261 379 1754 3125 0 960 777 3 586 0 0 200 2 0 502 741 162 815 2490 1807 2065 936 513 12 1350 1866 2064 464 1759 711 2113 1457 874 1501 2392 4434 798 428 1179 0 702 0 63 870 380 915 1653 920 428 507 647 108 298 291 715 594 1400 524 983 955 511 1021 867 11 0 1575 743 0 0 0 2684 3 1208 1781 2072 12 1735 2378 9337 0 0 0 895 1509 1100 444 1581 862 1543 0 3267 4829 2638 1153 4916 7586 0 2721 1048 2714 2192 3931 3169 95
1 0 0 0 0 0 1 9 0 0 0 0 2 0 0 27 12 0 62 0 4 23 0 0 0 0 11 0 0 7 3 12 0 0 0 0 0 0 0 0 0 8 0 10 0 0 13 0 3 0 0 79 0 0 0 0 0 0 0 0 0 0 0 0 0 0 0 0 2 0 0 0 0 0 0 0 8 0 0 0 9 24 0 0 0 466 0 21 0 902 0 0 0 81 0 0 0 318 0 0 0 0 0 0 0 0 0 0 0 0 0 0 0 0 0 703 0 0 11
62 2 18 0 0 15 50 58 0 0 0 0 0 0 0 68 126 133 184 0 2 25 0 74 0 0 5 0 0 11 111 7 0 0 0 0 13 0 0 57 0 0 0 114 10 31 64 0 29 64 0 62 0 4 0 96 0 0 10 73 70 44 40 19 49 32 7 15 106 33 0 0 0 0 0 0 0 0 0 0 48 46 0 0 0 72 0 24 0 166 0 0 0 427 0 0 0 0 0 0 0 0 48 0 0 0 53 16 0 0 0 0 357 0 76 247 0 0 90
1 52 7 0 0 0 1 43 121 74 139 0 0 193 0 18 22 118 47 0 3 6 0 0 0 0 7 0 0 8 23 6 0 0 0 0 0 0 0 0 0 0 0 0 0 0 27 0 0 0 0 3 0 0 0 15 0 0 2 0 0 0 4 5 23 3 0 0 0 0 0 0 0 0 0 0 0 0 0 0 0 3 0 0 0 11 0 0 0 14 0 0 0 4 0 0 0 16 0 0 0 0 0 0 0 0 0 0 0 0 0 0 341 0 0 0 0 0 1
0 0 0 0 0 0 0 19 0 0 0 0 0 0 0 55 37 0 85 0 17 11 0 0 0 0 3 0 0 10 27 3 0 0 0 0 14 0 0 0 0 0 0 71 0 0 32 0 0 44 0 0 0 0 0 29 0 0 32 13 0 0 75 15 2385 11 0 0 11 625 0 0 0 0 0 0 0 0 0 0 62 0 0 0 0 92 0 0 0 88 0 0 0 18 0 0 0 0 0 0 0 0 0 0 0 0 0 0 0 0 427 0 0 0 50 0 0 0 0
7 0 0 0 0 0 0 28 0 0 0 23 0 0 0 53 10 0 143 0 42 10 0 27 0 0 17 0 0 14 100 20 0 63 0 0 0 0 0 0 0 0 0 134 0 0 60 0 12 14 0 4 0 0 0 15 0 0 5 53 0 0 11 6 53 9 0 0 27 0 0 0 0 0 0 0 0 0 0 0 4 23 0 0 0 94 0 0 0 87 0 0 0 128 0 0 0 0 0 0 0 0 0 0 0 0 0 0 0 0 194 0 117 76 46 336 0 382 0
10 0 0 0 0 0 0 0 0 0 0 0 0 0 0 0 18 0 26 0 10 2 0 0 0 0 8 0 0 18 1 25 0 0 0 0 0 0 0 0 0 0 0 0 0 0 0 0 0 0 0 0 0 0 0 0 0 0 0 0 0 0 0 9 0 0 0 0 11 0 0 0 0 0 0 0 0 0 0 0 0 0 0 0 0 76 0 0 0 147 0 0 30 0 0 0 0 0 0 0 0 0 0 0 0 0 0 0 0 0 417 0 50 2 121 221 0 0 0
1 0 0 0 0 0 1 0 0 0 0 0 9 0 0 2 2 0 10 0 175 53 2 6 0 1 731 3 0 6 9 758 0 0 0 0 0 0 0 0 0 0 0 0 4 0 1 0 0 0 0 8 0 0 0 28 0 0 0 0 4 0 0 0 1 5 1 1 12 0 0 1 0 0 0 0 0 0 0 0 0 0 0 0 0 2 0 0 0 0 0 0 0 0 0 0 0 0 0 0 0 0 0 0 0 4 2 3 1 0 0 0 0 0 0 4 3 6 0
