135
0 0 0 0 0 0 0 1671 381 18 456 407 148 7 0 0 0 0 0 0 0 0 0 0 0 0 0 0 0 0 0 0 0 820 0 0 0 0 0 0 0 0 0 0 0 0 0 236 68 0 0 0 0 0 0 0 0 0 0 0 0 0 0 0 0 0 0 0 0 0 0 0 0 0 0 0 0 0 0 1 0 0 0 0 0 0 0 0 0 0 0 0 0 0 0 0 0 0 0 0 0 0 0 0 0 0 0 0 0 0 26 0 0 0 0 0 0 0 0 0 0 0 0 0 0 0 0 0 0 0 0 0 0 0 0
3 0 2 1 2 0 1 1545 2577 1564 225 211 1961 1081 0 0 1 0 0 1 1 0 0 0 0 0 0 0 0 0 0 0 0 534 0 0 0 0 0 0 0 0 0 0 0 0 3 77 12 0 0 0 0 4 4 0 0 0 0 0 0 0 0 0 0 0 0 0 0 1 0 0 0 2 0 4 6 4 0 43 7 0 4 4 0 0 0 0 0 0 0 0 0 0 0 0 0 1 0 0 0 0 0 0 0 0 0 0 0 0 6 0 0 0 0 0 0 0 0 0 1 0 0 0 0 0 0 0 0 0 0 0 0 0 0
0 0 0 0 0 0 0 18 42 14 32 22 6 2 0 0 1 0 0 2 0 0 0 0 0 0 0 0 0 0 0 0 0 1614 1458 0 0 0 0 0 0 0 0 0 0 0 0 49 11 0 0 0 0 0 0 0 0 0 0 0 0 0 0 0 0 0 0 0 0 0 0 0 0 0 0 0 0 0 0 0 0 0 0 0 0 0 0 0 0 0 0 0 0 0 0 0 0 0 0 0 0 0 0 0 0 0 0 0 0 0 0 0 0 0 0 0 0 0 0 0 0 0 0 0 0 0 0 0 0 0 0 0 0 0 0
0 0 0 0 0 0 0 0 0 0 0 0 0 0 0 0 0 0 0 0 0 0 0 0 0 0 0 0 0 502 0 0 0 706 0 0 0 0 0 0 0 0 0 0 0 0 0 36 0 0 0 0 0 0 0 0 0 0 0 0 0 0 0 0 0 0 0 0 0 0 0 0 0 0 0 0 0 0 0 0 0 0 0 0 0 0 0 0 0 0 0 0 0 0 0 0 10 7 0 0 0 0 0 0 0 0 0 0 0 0 0 0 0 0 0 0 0 0 0 0 0 0 0 0 0 0 0 0 0 352 0 0 0 0 0
1 0 1 0 0 0 1 4 3 1 0 0 1 0 0 0 0 0 0 1 0 0 0 0 0 0 0 0 0 0 0 0 26627 0 0 0 0 0 0 0 0 0 0 0 0 0 1 0 0 0 0 0 0 0 0 0 0 0 0 0 0 0 0 0 0 0 0 0 0 0 0 0 0 1 0 1 3 0 0 18 3 0 1 1 0 0 0 0 0 0 0 0 0 0 0 0 0 0 0 0 0 0 0 0 0 0 0 0 0 0 0 0 0 0 0 0 0 0 0 0 0 0 0 0 0 0 0 0 0 0 0 0 0 0 0
0 0 0 0 0 0 0 0 0 0 0 0 0 0 0 0 0 0 0 0 0 0 0 0 0 0 0 0 0 0 0 0 0 0 0 0 0 0 0 0 0 0 0 0 0 0 0 0 0 0 0 0 0 0 0 0 0 0 0 0 0 0 0 0 0 0 0 0 0 0 0 0 0 0 0 0 0 0 0 0 0 0 0 0 0 0 0 0 0 0 0 0 0 0 0 0 0 0 0 0 0 0 0 0 0 0 0 0 0 0 0 0 0 0 0 0 0 0 0 0 0 0 0 0 0 0 0 0 0 0 0 0 0 0 0
0 0 0 0 0 0 0 44 5 1 1 0 5 18 0 0 0 0 0 0 0 0 0 0 0 0 0 0 0 0 0 0 0 0 0 0 0 0 0 0 0 0 0 0 0 0 0 0 0 0 0 0 0 0 0 0 0 0 0 0 0 0 0 0 0 0 0 0 0 0 0 0 0 0 0 0 0 0 0 13 0 0 0 0 0 0 0 0 0 0 0 0 0 0 0 0 0 0 0 0 0 0 0 0 0 0 0 0 0 0 0 0 0 0 0 0 0 0 0 0 0 0 0 0 0 0 0 0 0 0 0 0 0 0 0
0 0 0 0 0 0 0 0 50 0 0 88 0 352 0 0 0 0 0 2 0 0 0 0 0 29596 0 0 580 0 2829 0 0 0 0 0 0 0 0 232 0 0 0 0 0 0 0 0 0 0 0 0 0 0 0 0 0 0 0 0 0 0 0 0 0 0 0 0 0 0 0 0 0 0 0 0 0 0 0 0 0 0 0 0 0 0 0 0 0 0 0 0 0 0 0 0 0 0 0 0 0 0 0 0 0 0 0 0 0 0 0 0 0 0 0 0 0 0 0 0 0 0 0 0 0 0 0 0 0 0 0 0 0 0 0
0 0 0 0 0 0 0 0 0 0 0 2 0 492 0 0 0 0 0 18 11 0 0 0 0 0 6853 0 0 0 0 0 0 0 0 0 0 0 0 0 0 0 0 0 0 0 0 0 0 0 0 0 0 0 0 0 0 0 0 0 0 0 0 0 0 0 0 0 0 0 0 0 0 0 0 0 0 0 0 0 0 0 0 0 0 0 0 0 0 0 0 0 0 0 0 0 0 0 0 0 0 0 0 0 0 0 0 0 0 0 0 0 0 0 0 0 0 0 0 0 0 0 0 0 0 0 0 0 0 0 0 0 0 0 0
0 0 0 0 0 0 0 0 10 0 0 1 0 109 0 0 0 0 0 1 0 0 0 0 0 0 0 4331 44 0 0 0 0 0 0 0 0 0 0 0 0 0 0 0 0 0 0 0 0 0 0 0 0 0 0 0 0 0 0 0 0 0 0 0 0 0 0 0 0 0 0 0 0 0 0 0 0 0 0 0 0 0 0 0 0 0 0 0 0 0 0 0 0 0 0 0 53 33 0 0 0 0 0 0 0 0 0 0 0 0 9 0 0 0 0 0 0 0 0 0 0 0 0 0 0 0 0 0 0 0 0 0 0 0 0
0 0 0 0 0 0 0 17 26 0 0 56 133 144 0 1 1 1 0 4 2 0 0 0 0 3996 649 139 309 0 1726 0 0 0 0 0 0 0 0 32 0 0 0 0 0 0 0 0 0 0 0 0 0 0 0 0 0 0 0 0 0 0 0 0 0 0 0 0 0 1 0 0 0 0 0 0 0 0 0 0 0 0 0 0 0 0 0 0 0 0 0 0 0 0 0 1 1 2 0 0 0 0 0 0 0 0 0 0 0 0 0 0 0 0 0 0 0 0 0 0 1 0 0 0 0 0 0 0 0 0 0 0 0 0 0
0 0 0 0 0 0 0 0 0 0 0 0 0 13 0 0 0 0 0 0 0 0 0 0 0 483 79 17 8 0 199 0 0 6 0 0 0 0 0 4 0 0 0 0 0 0 0 0 0 0 0 0 0 0 0 0 0 0 0 0 0 0 0 0 0 0 0 0 0 0 0 0 0 0 0 0 0 0 0 0 0 0 0 0 0 0 0 0 0 0 0 0 0 0 0 0 0 0 0 0 0 0 0 0 0 0 0 0 0 0 0 0 0 0 0 0 0 0 0 0 0 0 0 0 0 0 0 0 0 0 0 0 0 0 0
0 0 0 0 0 0 0 44 234 0 0 807 0 130 0 0 0 0 0 2 0 0 0 0 0 4973 0 0 120 0 27522 0 0 1236 0 0 0 0 0 39 0 0 0 0 0 0 0 0 0 0 0 0 0 0 0 0 0 0 0 0 0 0 0 0 0 0 0 0 0 0 0 0 0 0 0 0 0 0 0 0 0 0 0 0 0 0 0 0 0 0 0 0 0 0 0 0 0 0 0 0 0 0 0 0 0 0 0 0 0 0 0 0 0 0 0 0 0 0 0 0 0 0 0 0 0 0 0 0 0 0 0 0 0 0 0
0 0 0 0 0 0 0 0 0 0 0 0 0 0 0 0 0 0 0 1 0 0 0 0 0 0 0 0 0 0 0 0 0 0 0 0 0 0 0 0 0 0 0 0 0 0 0 0 0 0 0 0 0 0 0 0 0 0 0 0 0 0 0 0 0 0 0 0 0 0 0 0 0 0 0 0 0 0 0 17 0 0 0 0 0 0 0 0 0 0 0 0 0 0 0 0 0 0 0 0 0 0 0 0 0 0 0 0 0 0 0 0 0 0 0 0 0 0 0 0 0 0 0 0 0 0 0 0 0 0 0 0 0 0 0
24 5 502 109 63 48 353 309 536 172 52 108 355 82 0 0 117 2 0 20 19 20 12 9 30 0 0 0 0 0 15 1 0 0 4 0 0 0 0 0 1170 18 1868 0 0 0 0 0 0 1 0 0 73 0 0 0 2 0 0 12 0 0 0 0 0 0 0 0 0 0 0 0 0 0 0 0 0 0 0 16401 0 0 0 0 0 359 0 0 0 0 0 0 0 0 0 0 0 0 0 0 0 0 0 0 0 0 0 0 0 0 0 0 0 0 0 0 0 0 0 0 0 0 0 0 0 0 0 0 0 0 0 0 0 0 0
0 0 0 0 0 0 0 0 0 0 0 0 0 0 0 0 0 0 0 0 0 0 0 0 0 0 0 0 0 0 0 0 0 0 0 20053 0 0 0 0 0 0 0 0 0 0 0 0 0 0 0 0 0 0 0 0 0 0 0 0 0 0 0 0 0 0 0 0 0 0 0 0 0 0 0 0 0 0 0 0 0 0 0 0 0 0 0 0 0 0 0 0 0 0 0 0 0 0 0 0 0 0 0 0 0 0 0 0 0 0 0 0 0 0 0 0 0 0 0 0 0 0 0 0 0 0 0 0 0 0 0 0 0 0 0
0 0 0 0 0 0 0 0 0 0 0 0 0 0 0 0 0 0 0 19 7 0 0 0 0 0 0 0 0 0 0 0 0 0 0 0 0 0 0 0 0 0 0 0 23666 0 0 0 0 0 0 0 0 0 0 0 0 0 913 0 0 1241 0 0 0 0 0 0 0 0 0 0 0 10364 0 0 0 0 0 0 0 0 0 0 0 20 0 0 0 0 0 0 0 0 0 0 0 0 0 0 0 0 0 0 0 0 0 0 0 0 0 0 0 0 0 0 0 0 0 0 0 0 0 0 0 0 0 0 0 0 0 0 0 0 0
0 0 0 0 0 0 0 0 0 0 0 0 0 0 0 0 0 0 0 1 0 0 0 0 0 0 0 1 0 0 0 4 0 0 0 0 0 0 0 0 0 0 0 0 0 39741 0 0 0 0 0 0 0 0 0 0 0 0 0 0 0 0 0 0 0 0 0 0 0 0 0 0 0 0 0 0 0 0 0 0 0 0 0 0 0 0 0 0 0 0 0 0 0 0 0 0 0 0 0 0 0 0 0 0 0 0 0 0 0 0 0 0 0 0 0 0 0 0 0 0 0 0 0 0 0 0 0 0 0 0 0 0 0 0 0
10 9 10 7 9 7 9 18 19 7 7 7 9 9 9 0 336 1528 0 128 96 0 0 0 0 176 156 202 20 128 172 702 142 166 107 64 53 4 0 30 0 93 62 35 6738 0 0 217 277 5 44 0 590 639 773 650 775 0 28 0 0 0 0 0 782 0 0 0 0 12 9 0 25 0 26028 0 0 0 0 0 0 0 0 0 0 2463 0 0 0 0 0 0 0 0 0 0 0 0 0 0 0 0 0 0 0 0 0 0 0 10 0 0 0 0 0 0 0 0 0 0 0 0 0 0 0 0 0 0 0 0 0 334 0 0 0
0 0 0 0 0 0 0 0 0 0 0 0 0 0 0 0 0 0 0 0 0 0 0 0 0 0 0 0 0 0 0 0 0 0 0 0 0 0 0 0 0 0 0 0 0 0 0 0 0 0 0 0 0 0 0 0 0 0 0 0 0 0 0 0 0 0 0 0 0 0 0 0 0 0 0 0 0 0 0 0 0 0 0 0 0 0 0 0 0 0 0 0 0 0 0 0 0 0 0 0 0 0 0 0 0 0 0 0 0 0 0 0 0 0 0 0 0 0 0 0 0 0 0 0 0 0 0 0 0 0 0 0 0 0 0
0 0 0 0 0 0 0 0 0 0 0 0 0 0 0 0 0 0 0 0 0 0 0 0 0 0 0 0 0 0 0 0 0 0 0 0 0 0 0 0 0 0 0 0 0 0 0 0 0 0 0 0 0 0 0 0 0 0 0 0 0 0 0 0 0 0 0 0 0 0 0 0 0 0 0 0 0 0 0 0 0 0 0 0 0 0 0 0 0 0 0 0 0 0 0 0 0 0 0 0 0 0 0 0 0 0 0 0 0 0 0 0 0 0 0 0 0 0 0 0 0 0 0 0 0 0 0 0 0 0 0 0 0 0 0
0 0 0 0 0 0 0 0 0 0 0 0 0 0 0 0 0 0 0 755 571 0 0 0 0 0 0 0 0 0 0 0 0 0 0 0 0 0 0 0 0 0 0 0 0 0 0 0 32 0 0 0 0 0 6 0 0 0 0 0 0 0 0 0 0 0 0 0 0 0 0 0 0 0 0 0 0 0 0 0 0 0 0 0 0 0 0 0 0 0 0 0 0 0 0 0 0 0 0 0 0 0 0 0 0 0 0 0 0 0 0 0 0 0 0 0 0 0 0 0 0 0 0 0 0 0 0 0 0 0 0 0 0 0 0
0 0 0 0 0 0 0 0 0 0 0 0 0 0 0 0 0 0 0 0 0 0 0 0 0 0 0 0 0 0 0 0 0 0 0 0 0 0 0 0 0 0 0 0 0 0 0 0 0 0 0 0 0 0 0 0 0 0 0 0 0 0 0 0 0 0 0 0 0 0 0 0 0 0 0 0 0 0 0 0 0 0 0 0 0 0 0 0 0 0 0 0 0 0 0 0 0 0 0 0 0 0 0 0 0 0 0 0 0 0 0 0 0 0 0 0 0 0 0 0 0 0 0 0 0 0 0 0 0 0 0 0 0 0 0
0 0 0 0 0 0 0 0 0 0 0 0 0 0 0 0 0 0 0 0 0 0 0 0 0 0 0 0 0 0 0 0 0 0 0 0 0 0 0 0 0 0 0 0 0 0 0 0 0 0 0 0 0 0 0 0 0 0 0 0 0 0 0 0 0 0 0 0 0 0 0 0 0 0 0 0 0 0 0 0 0 0 0 0 0 0 0 0 0 0 0 0 0 0 0 0 0 0 0 0 0 0 0 0 0 0 0 0 0 0 0 0 0 0 0 0 0 0 0 0 0 0 0 0 0 0 0 0 0 0 0 0 0 0 0
0 0 0 0 0 0 0 0 0 0 0 0 0 0 0 0 0 0 0 0 0 0 0 0 0 0 0 0 0 0 0 0 0 0 0 0 0 0 0 0 0 0 0 0 0 0 0 0 0 0 0 0 0 0 0 0 0 0 0 0 0 0 0 0 0 0 0 0 0 0 0 0 0 0 0 0 0 0 0 0 0 0 0 0 0 0 0 0 0 0 0 0 0 0 0 0 0 0 0 0 0 0 0 0 0 0 0 0 0 0 0 0 0 0 0 0 0 0 0 0 0 0 0 0 0 0 0 0 0 0 0 0 0 0 0
0 0 0 0 0 0 1 0 262 56 0 0 0 30 0 116 0 2 0 2 1 0 0 0 0 0 0 15 12 0 8 0 0 61 0 0 0 0 0 20 0 0 0 0 0 0 1 0 1 2 0 0 0 1 2 0 0 0 0 0 0 1 0 1 0 0 0 0 1 5 1 0 0 0 0 0 0 0 3 0 0 0 0 0 0 0 0 0 0 10 0 0 235 0 0 11 4 3 2 0 0 0 0 0 0 0 0 0 0 0 11 0 0 0 0 0 0 0 0 0 0 0 0 0 0 0 0 0 0 0 0 12 14 1 0
0 0 0 0 0 0 1 69 0 28 0 0 16 15 0 47 0 1 0 1 0 0 0 0 0 4 0 9 7 0 5 0 0 121 0 0 0 0 0 11 0 1 0 0 0 0 1 1 0 1 0 0 0 1 1 0 0 1 0 0 0 1 0 1 0 0 0 0 0 2 1 0 0 0 0 0 0 0 1 0 0 0 0 0 0 0 0 0 0 5 0 0 101 0 0 5 2 1 1 4 0 0 0 0 0 0 0 0 0 0 5 5 0 0 0 0 0 0 0 0 0 0 0 0 0 0 0 0 0 0 0 6 2 1 0
9 10 4 9 19 0 43 27 50 0 0 0 6 7 0 34 1 0 0 12 3 0 0 0 0 0 0 0 0 0 0 0 0 0 0 0 0 0 0 0 0 0 0 0 1 0 7 32 11 5 0 0 0 4 4 0 3 0 0 0 0 0 0 0 0 0 0 0 2 2 1 0 0 0 0 0 0 0 4 0 0 0 0 0 0 1 0 0 0 2 0 0 54 0 0 3 1 1 1 0 0 0 0 0 0 0 0 0 0 0 4 8 0 0 0 0 0 0 0 0 0 0 0 0 0 0 0 0 0 0 0 5 0 1 0
1 1 0 0 1 0 2 0 13 0 0 0 0 4 0 37 8 2 0 2 2 0 0 0 0 0 0 1 0 0 0 0 0 0 0 0 0 0 0 4 0 1 0 0 0 0 2 6 1 1 0 0 0 1 2 1 0 0 0 0 0 0 0 0 0 0 0 0 1 1 3 0 0 0 0 0 0 0 2 1 0 0 0 0 0 0 0 0 0 2 0 0 99 0 0 5 2 1 1 4 0 0 0 0 0 0 0 0 0 0 4 4 0 0 0 0 0 0 0 0 0 0 0 0 0 0 0 0 0 0 0 5 2 1 0
0 0 0 0 0 0 0 35 63 14 6 0 9 6 0 11 2 0 0 1 0 0 0 0 0 3 1 4 3 0 2 0 0 272 2 16 0 0 0 7 0 0 0 0 0 0 0 0 0 0 0 0 0 0 0 0 0 0 0 0 0 0 0 0 0 0 0 0 0 1 0 0 0 0 0 0 0 0 0 0 0 0 0 0 0 0 0 0 0 2 0 0 17 0 0 1 0 0 0 1 0 0 0 0 0 0 0 0 0 0 1 1 0 0 0 0 0 0 0 0 0 0 0 0 0 0 0 0 0 0 0 1 0 0 0
28 18 19 10 30 0 29 0 1074 235 0 0 0 14 0 361 1464 10 0 43 67 18 3105 2509 8614 0 0 5 1 0 0 0 0 0 0 97 0 0 0 0 0 9 0 0 1 0 12 110 1035 18 0 0 1535 2393 4265 297 1108 0 0 3 0 8 0 16 0 0 0 0 1 3 14 0 62 0 0 0 0 0 9 0 0 0 0 0 0 1 0 0 0 0 0 0 406 0 0 36 15 12 4 0 0 0 0 0 0 0 0 0 0 0 27 30 0 0 0 0 1 2 0 0 4 0 0 0 0 0 0 0 0 3 0 71 0 17 0
0 0 0 0 0 0 0 3 7 1 0 0 1 1 0 8 0 0 0 1 0 0 0 0 0 0 0 0 0 0 0 0 0 135 0 47 0 0 0 0 0 0 0 0 0 0 0 0 0 0 0 0 0 0 0 0 0 0 0 0 0 0 0 0 0 0 0 0 0 0 0 0 0 0 0 0 0 0 0 0 0 0 0 0 0 0 0 0 0 0 0 0 0 0 0 0 0 0 0 0 0 0 0 0 0 0 0 0 0 0 0 0 0 0 0 0 0 0 0 0 0 0 0 0 0 0 0 0 0 0 0 0 0 0 0
4 5 7 0 0 0 21 16 28 6 3 0 4 3 6 11 5 0 0 6 2 0 0 0 0 26 0 2 1 0 4 0 0 35 25 6 0 14 4 9 0 1 0 3 0 0 1 5 1 135 1 0 0 7 11 10 9 0 0 0 13 0 0 0 21 1 1 0 59 1 11 7 0 0 0 0 0 0 0 0 0 0 3 0 0 0 0 3 0 1 0 0 9 3 0 1 2 1 0 0 0 0 0 0 0 0 0 0 0 2 2 4 0 0 0 0 0 18 0 0 0 0 0 0 0 0 0 0 0 0 0 2 1 1 0
0 0 0 0 15 0 33 3908 6679 1577 554 0 0 660 7 1538 3 20 0 64 20 1 1 1 2 0 0 297 204 0 160 0 0 0 0 707 12 0 49 941 0 0 0 58 2 0 22 98 21 4 17 0 0 33 64 27 20 21 9 12 0 34 0 61 16 0 16 0 2 183 67 11 0 0 0 0 2 0 36 5 0 8 0 0 0 4 0 0 0 398 32 0 3121 108 0 161 54 45 19 68 0 0 0 0 0 0 0 0 0 0 161 142 4 0 0 0 8 6 0 9 12 0 0 8 0 0 0 0 0 15 6 183 142 32 0
3 3 0 2 6 0 12 1422 2591 570 239 2 312 288 0 421 1 7 0 18 7 0 0 0 0 158 45 182 141 0 118 1 0 2466 0 0 3 0 5 258 0 11 0 0 1 0 8 0 8 2 0 0 0 8 19 2 0 6 3 3 0 10 0 18 4 0 0 0 1 53 11 0 0 0 0 0 0 0 13 0 0 2 0 0 0 2 0 0 0 99 0 0 278 0 0 42 6 13 0 0 0 0 0 0 0 0 0 0 0 0 23 18 0 0 0 0 0 0 0 1 3 0 0 0 0 0 0 0 0 0 0 45 0 8 0
5 4 2 3 8 0 17 804 444 258 138 1 62 1 0 0 2 13 0 19 10 0 1 0 0 145 2 234 145 0 0 0 0 0 106 0 5 0 18 389 0 12 0 0 1 0 11 35 9 1 0 0 0 14 28 9 0 0 0 4 0 11 0 20 5 0 0 0 1 79 23 4 0 0 0 0 0 0 3 0 0 4 0 0 0 1 0 0 0 140 0 0 0 0 0 65 0 5 0 0 0 0 0 0 0 0 0 0 0 0 45 43 0 0 0 0 4 3 0 4 6 0 0 0 0 0 0 0 0 5 0 72 0 2 0
237 271 100 0 526 2 1144 87 133 31 17 0 15 38 0 0 5 1 0 137 36 0 0 0 0 0 0 3 0 0 0 0 0 0 0 0 0 0 0 0 0 0 0 0 0 0 0 0 0 3 0 0 0 0 0 0 0 0 0 0 0 0 0 0 0 0 0 0 1 0 0 0 0 0 0 0 0 0 0 0 0 0 0 0 0 0 0 0 0 0 0 0 0 0 0 2 0 0 0 0 0 0 0 0 0 0 0 0 0 0 0 0 0 0 0 0 0 0 0 0 0 0 0 0 0 0 0 0 0 0 0 5 0 0 0
377 195 240 91 289 9 179 920 608 237 108 10 137 33 6 20 189 59 0 143 94 9 72 268 155 23 2 175 20 1 90 49 0 41 59 50 20 0 4201 232 0 0 1120 6 1 0 26 0 22 32 0 0 221 318 1117 251 485 0 0 0 260 0 0 0 9 0 0 0 14 8 102 16 0 0 0 0 0 0 169 7 0 0 0 0 0 16 0 0 0 0 0 0 0 0 0 106 0 8 0 0 0 0 0 0 0 0 0 0 0 0 0 0 139 142 131 121 129 113 129 84 84 91 0 137 135 104 143 140 120 145 147 12 0 0 0
23 8 17 6 18 0 10 67 49 18 8 2 14 24 39 2 120 41 18 138 92 1 1 1 1 3 0 19 0 0 3 1 0 0 0 0 1 0 0 0 0 0 0 0 3 0 11 0 2 18 0 0 1 5 5 0 1 2 1 1 4 2 1 2 5 0 0 0 8 6 0 0 0 4 0 0 1 0 2 11 0 0 0 0 0 0 0 0 0 0 0 0 0 0 0 7 0 0 0 0 0 0 0 0 0 0 0 0 0 0 0 0 1 1 5 0 6 7 1 4 5 0 0 0 0 0 0 0 0 4 1 0 0 0 0
17 13 9 3 23 0 40 0 25 8 0 0 0 4 13 2 62 3 0 23 9 11 6 5 16 0 0 37 0 0 3 8 0 0 0 0 0 0 0 0 0 0 0 0 0 0 3 0 3 5 0 0 39 18 3 2 4 2 1 6 4 6 1 0 2 0 0 0 14 3 7 6 0 0 0 0 0 0 0 6 0 0 0 0 0 0 0 0 1 1 0 0 0 0 0 9 2 3 3 0 0 0 0 0 0 0 0 0 0 0 0 0 0 0 3 0 3 3 0 3 4 0 0 0 0 0 0 0 0 1 0 1 0 1 0
53 30 37 15 47 0 24 341 268 99 49 5 53 21 0 111 226 22 19 245 37 6 8 6 19 18 4 75 10 0 27 8 0 57 77 48 3 80 25 69 0 2871 0 0 0 0 2 0 4 2 0 0 0 444 216 73 113 11 5 11 17 14 6 11 14 0 0 0 26 17 0 82 1515 0 0 0 0 0 0 192 0 1 0 0 0 0 0 1169 27 43 0 0 191 22 0 45 15 9 5 0 0 0 0 9 0 0 0 0 0 0 18 7 9 6 6 7 11 9 7 8 10 0 0 6 3 0 0 3 0 15 11 25 0 58 0
11 6 8 3 10 0 5 38 32 10 4 1 8 4 0 2 625 5 0 70 16 1 1 1 2 3 0 47 0 0 0 7 0 33 0 0 242 142 1 17 0 0 23912 176 7 0 34 0 12 10 0 0 0 154 114 34 81 4 2 13 6 34 1 58 22 0 0 0 4 15 0 50 327 0 0 62 52 0 5 65 0 0 0 0 0 7 0 287 0 516 0 0 0 0 0 1848 0 3 0 0 0 0 0 140 0 0 0 0 0 0 0 0 0 0 0 0 0 0 0 0 3 0 0 0 0 0 0 0 0 0 0 156 0 0 0
146 71 65 34 88 2 46 213 230 69 31 2 32 31 0 29 140 4 0 53 15 1 1 1 3 272 44 4077 31 16 492 209 9 411 603 385 356 0 27 15 199 0 0 700 3 0 16 0 135 11 0 0 44 232 152 16 33 0 0 0 0 0 0 0 0 0 0 0 4 5 23 34 0 4 0 0 12 0 2 39 0 0 0 0 0 1 0 205 0 0 0 0 0 0 0 99 7 13 20 86 0 0 0 5 0 0 0 0 0 102 117 97 190 193 169 167 168 143 177 109 111 165 90 189 199 182 231 205 198 195 204 16 20 220 0
212 43 139 55 141 7 87 574 417 151 69 10 109 8 953 30 49 9 0 57 51 0 7 5 18 24 4 332 3 1 79 31 0 0 52 9 241 0 261 41 17 0 0 0 15 0 185 0 133 20 0 0 166 403 318 170 263 105 48 38 130 69 49 104 85 0 94 294 8 86 96 107 0 134 0 246 334 268 8 2193 371 0 246 249 0 16 42 49 0 80 0 0 45 10 0 106 31 68 0 2 0 0 294 195 0 0 0 0 0 149 183 121 129 132 116 117 114 99 120 74 74 101 66 119 126 108 133 129 118 133 139 814 0 299 0
0 0 0 0 0 0 0 0 0 0 0 0 0 0 0 0 0 0 0 0 0 0 0 0 0 0 0 0 0 0 0 0 0 0 0 0 0 0 0 0 5 0 0 0 0 0 0 0 0 0 0 0 0 0 0 0 0 359 0 0 0 0 0 0 0 0 0 0 0 0 0 0 0 0 0 0 0 0 0 0 0 0 0 0 0 0 0 0 0 0 0 0 0 0 0 0 0 0 0 0 0 0 0 0 0 0 0 0 0 0 0 0 0 0 0 0 0 0 0 0 0 0 0 0 0 0 0 0 0 0 0 0 0 0 0
1803 1829 658 1305 2139 69 9872 2810 4357 1285 630 21 480 674 527 1237 984 0 1252 3665 1279 6 4 7 9 26 6 40 2 4 194 2408 3 72 211 82 5 53 180 27 549 134 94 38 2 0 4751 403 61 26 618 337 537 2085 696 814 845 76 64 4 29 0 9 17 2801 45 20 77 11 5 78 62 1738 0 0 0 1 0 73138 2 0 1 0 0 0 6594 92 562 93 9 0 0 30 2544 2835 0 900 1784 4613 430 121 0 8 129 0 264 0 0 0 275 93 68 166 152 65 1239 100 94 127 30 31 0 330 0 448 370 311 203 241 135 146 186 0 50 0
0 0 0 0 0 0 0 0 0 0 0 0 0 0 0 0 0 0 0 0 0 0 0 0 0 0 0 0 0 0 0 0 0 0 0 0 0 0 0 0 0 0 0 0 0 0 0 0 0 0 0 0 0 0 0 0 0 0 0 0 0 0 0 0 0 0 0 0 0 0 0 0 0 0 0 0 0 0 0 0 0 0 0 0 0 0 0 0 0 0 0 0 0 0 0 0 0 0 0 0 0 0 0 0 0 0 0 0 0 0 0 0 0 0 0 0 0 0 0 0 0 0 0 0 0 0 0 0 0 0 0 0 0 0 0
0 0 0 0 6 0 11 25 26 9 2 0 3 3 9 18 226 190 0 267 166 1 3 2 4 17 0 0 0 0 0 14 0 0 7 0 19 1352 49 1049 107 205 1626 296 129 0 1712 0 1128 113 440 11546 799 830 1028 889 1092 58 24 7 32 61 2 0 53 252 241 687 40 159 3681 187 0 3 0 0 8 0 107 13 0 0 0 0 0 0 0 0 0 19 6 0 0 0 0 264 0 10 0 0 0 0 0 0 0 0 0 2 0 0 0 161 3 0 6 0 11 24 2 11 13 0 0 10 0 0 0 0 0 18 8 157 1 170 0
0 0 0 10 23 0 52 4 6 1 1 0 1 2 0 0 0 0 0 0 0 0 0 0 0 0 0 0 0 0 0 0 0 0 0 0 0 0 0 0 0 0 0 0 0 0 0 0 0 0 0 0 0 0 0 0 0 0 0 0 0 0 0 0 0 0 0 0 0 0 0 0 0 0 0 0 0 0 0 0 0 0 0 0 0 0 0 0 0 0 0 0 0 0 0 0 0 0 0 0 0 0 0 0 0 0 0 0 0 0 0 0 0 0 0 0 0 0 0 0 0 0 0 0 0 0 0 0 0 0 0 0 0 0 0
142 165 60 0 317 1 692 53 80 19 10 0 9 23 0 0 0 0 0 79 21 0 0 0 0 0 0 0 0 0 0 0 0 0 0 0 0 0 0 0 0 0 0 0 0 0 0 0 0 0 0 0 0 0 0 0 0 0 0 0 0 0 0 0 0 0 0 0 0 0 0 0 0 0 0 0 0 0 0 0 0 0 0 0 0 0 0 0 0 0 0 0 0 0 0 0 0 0 0 0 0 0 0 0 0 0 0 0 0 0 0 0 0 0 0 0 0 0 0 0 0 0 0 0 0 0 0 0 0 0 0 0 0 0 0
1085 1217 460 657 2371 0 5153 534 697 183 98 2 84 150 3 82 132 38 0 1224 302 60 18 14 41 66 13 204 27 1 209 23 0 0 147 51 5 559 22 82 822 275 13 66 10 0 68 0 828 57 0 0 103 159 186 134 443 241 3 0 7 14 0 0 18 0 0 0 19 25 69 80 0 96 0 0 162 0 175 185 0 1 127 46 0 4 231 0 0 16 0 0 0 0 46 0 9 13 31 0 0 0 0 0 0 0 0 0 0 0 0 9 228 210 0 105 0 0 171 38 44 31 74 338 376 237 216 184 173 162 163 26 0 46 0
1221 658 600 325 820 23 440 2171 2564 701 299 20 345 224 62 79 1408 227 94 1131 569 97 30 24 85 840 132 12118 87 47 1541 789 52 1338 1982 1278 131 761 153 116 509 796 3289 706 2 0 145 0 470 74 1098 0 160 236 249 0 269 0 0 206 0 167 37 71 91 0 649 1004 65 4075 1579 557 0 86 0 38 188 0 175 310 127 290 72 20 0 52 243 0 0 76 255 0 0 288 0 2049 102 238 50 0 0 0 0 180 0 0 0 0 0 0 0 64 995 1021 876 906 857 732 933 550 548 1071 916 988 1099 1144 1312 1129 1193 973 1063 190 34 336 0
226 116 152 56 179 0 93 621 410 158 72 8 101 121 0 1 6067 101 0 508 352 1209 1923 1534 5266 65 8 25 6 3 0 51 3 254 365 286 0 0 0 0 222 30 0 0 0 0 1 0 6 3 0 0 0 74 102 99 0 0 0 634 0 7 0 0 0 0 0 0 3 10 433 87 0 0 0 0 0 0 12 11 0 0 0 0 0 3 0 0 0 0 0 0 0 0 0 2 0 7 0 0 0 0 0 0 0 0 0 0 0 0 5 0 50 42 28 38 34 30 43 26 29 17 0 56 54 34 51 52 40 56 56 7 0 3 0
6 0 4 2 2 0 3 18 12 5 1 0 3 3 0 0 31 11 0 19 1 11 6 4 13 0 0 0 0 0 0 4 0 0 0 0 0 0 0 0 0 0 0 0 0 0 0 0 0 1 0 0 0 0 0 0 0 0 0 0 0 0 0 0 0 0 0 0 0 3 0 0 0 0 0 0 0 0 3 1 0 0 0 0 0 0 0 0 0 0 0 0 0 0 0 0 0 7 0 0 0 0 0 0 0 0 0 0 0 0 0 0 20 20 21 1 17 12 18 14 15 0 0 19 12 0 7 14 0 23 21 1 0 0 0
3 0 2 1 0 0 2 9 6 2 0 0 1 2 0 0 9 11 0 5 2 0 29 18 61 0 0 0 0 0 0 34 0 0 0 0 0 0 0 0 0 0 0 0 0 0 0 0 0 1 0 0 0 173 0 0 0 0 0 0 0 1 0 0 0 0 0 0 0 1 0 2 0 0 0 0 0 0 2 1 0 0 0 0 0 1 0 0 0 0 0 0 0 0 0 0 0 0 0 0 0 0 0 0 0 0 0 0 0 0 0 0 0 0 2 0 0 0 0 4 3 0 0 0 0 0 0 0 0 0 0 9 0 0 0
28 12 19 7 22 0 15 76 52 20 8 1 12 15 5 2 212 164 0 2013 1233 18 903 561 1880 2 0 3 0 0 0 27 0 0 0 0 0 0 7 0 0 0 0 0 0 0 4 0 11 9 0 571 0 3 28 0 0 0 0 61 0 18 0 0 0 0 0 0 9 3 0 5 0 0 0 0 2 0 31 56 0 0 0 0 0 4 0 1389 0 0 0 0 0 0 0 51 0 0 0 0 0 0 0 0 0 0 0 0 0 0 0 0 63 56 42 43 46 38 52 35 38 24 0 68 64 42 61 65 50 56 70 114 0 41 0
63 29 42 16 48 0 27 173 114 44 19 2 28 34 0 1 121 55 0 13 7 10 99 371 212 6 0 0 1 0 0 5 0 0 25 10 0 0 0 0 0 0 0 0 0 0 1 0 8 5 0 0 74 385 1450 256 0 0 0 0 254 0 0 0 0 0 0 0 2 2 11 3 0 0 0 0 0 0 6 0 0 0 0 0 0 1 0 0 0 0 0 0 0 0 0 0 0 0 0 0 0 0 0 0 0 0 0 0 0 0 0 0 173 179 161 136 151 125 163 101 102 152 80 168 177 162 207 185 176 170 182 0 0 11 0
30 16 22 9 27 0 17 94 71 25 11 2 20 0 0 0 89 382 32 680 373 0 0 0 1 0 0 5 0 0 0 1 0 0 0 5 13 9 0 0 0 0 36 0 0 0 44 0 2 1 0 80 86 199 153 708 328 0 1969 6 0 0 0 29 0 0 610 1437 3 285 309 1291 33 37 0 23 75 0 33 69 0 2 0 0 0 200 0 0 0 0 17 0 0 0 0 5 0 0 0 0 0 0 0 0 0 0 0 0 0 0 0 0 1955 1986 1694 1749 1685 1419 1804 1091 1096 0 0 1926 0 0 220 0 0 1964 2074 0 0 0 0
8 4 6 2 7 0 5 26 20 7 3 1 6 0 0 0 0 106 0 189 104 0 0 0 0 0 0 2 0 0 0 0 0 0 0 1 4 5 0 0 0 0 9 0 1 0 12 0 1 0 0 4 22 55 42 196 94 0 0 2 0 5 3 8 0 0 144 397 1 79 85 359 0 0 0 0 18 0 7 7 0 1 0 0 0 56 0 0 0 0 0 0 0 0 0 1 0 0 0 0 0 0 0 0 0 0 0 0 0 0 0 0 532 540 467 466 466 391 488 302 305 0 0 519 0 0 6 0 0 538 561 0 0 0 0
1 0 1 0 1 0 1 3 2 1 0 0 1 0 0 0 2 1 1 69 51 0 0 0 0 0 0 2 0 0 0 0 0 0 0 0 0 3 0 0 0 0 7 0 0 0 0 0 0 0 12 0 0 144 125 0 59 0 0 0 0 0 0 0 0 0 0 158 0 0 0 0 1159 2 0 0 0 0 4 5 0 0 0 0 0 0 0 0 0 0 0 0 0 0 0 0 0 0 0 0 0 0 0 0 0 0 0 0 0 0 0 0 0 0 0 0 0 0 0 0 0 0 0 0 0 0 0 0 0 0 0 0 0 0 0
11 4 7 3 9 0 8 31 24 8 3 1 7 0 0 1 17 16 7 160 97 0 2 1 3 2 0 11 0 0 6 2 0 18 18 21 11 0 0 0 0 0 46 0 2 0 9 0 2 1 0 583 246 154 438 40 0 345 408 18 0 49 0 91 2187 0 1310 1000 2 371 920 817 577 0 0 0 0 0 22 0 0 0 0 0 0 2 0 0 0 0 0 0 0 0 0 3 0 0 0 0 0 0 0 0 0 0 0 0 0 0 0 0 0 0 0 0 0 0 0 0 0 0 0 0 0 0 0 0 0 0 0 0 0 0 0
9 9 4 9 19 0 41 7 8 2 1 0 1 1 0 0 0 0 0 23 26 0 0 0 0 0 0 3 0 0 0 0 0 0 0 0 0 1 0 0 0 0 12 0 0 300 1 0 8 0 0 0 0 12 0 0 11 37 0 0 0 0 0 0 0 0 0 25 0 17 0 6 0 0 0 0 0 0 9 0 0 0 0 0 0 1 0 0 0 0 0 0 0 0 0 0 0 0 0 0 0 0 0 0 0 0 0 0 0 0 0 0 0 0 0 0 0 0 0 0 0 0 0 0 0 0 0 0 0 0 0 0 0 0 0
6 2 4 2 5 0 5 17 13 4 2 0 4 0 0 0 7 5 3 123 73 0 0 0 0 0 0 5 0 0 1 1 0 0 1 0 1 6 0 0 0 0 24 0 0 0 2 0 1 1 10 0 12 16 18 15 24 80 0 2 0 5 0 8 0 0 281 613 2 173 30 120 0 12 0 0 27 0 20 24 0 0 5 0 0 46 0 37 0 0 0 0 0 0 0 2 0 0 0 0 0 0 0 0 0 0 0 0 0 0 0 0 37 19 0 24 31 26 13 0 0 0 0 44 13 0 0 11 0 54 42 0 0 0 0
2 2638 958 2053 5059 23 11111 841 1276 296 161 4 148 361 2 1 6 7 6 58 15 0 0 0 0 0 0 9 0 0 0 1 0 0 0 0 1 3 0 0 0 0 43 0 0 0 7 9 1 1 4 0 22 140 180 16 147 0 0 0 0 0 0 0 0 0 0 276 1 59 1 145 185 93 0 1046 253 89 62 178 0 0 227 221 0 32 0 0 0 0 0 0 0 0 0 1 0 1 0 0 0 0 0 0 0 0 0 0 0 0 0 0 0 0 0 0 0 0 0 0 0 0 0 0 0 0 0 0 0 0 0 0 0 0 0
15 8 11 5 13 0 10 46 35 12 5 1 10 0 0 1 7 391 0 34 35 0 0 0 0 0 0 6 0 0 0 1 0 0 0 0 1 0 0 0 0 0 25 0 32 0 56 0 1 1 0 0 8 27 15 61 42 8356 1811 95 0 179 29 188 0 0 366 262 1 137 2121 715 0 9 0 17 62 8 31 25 0 2 24 20 0 44 0 0 0 0 0 0 0 435 0 2 0 2 0 0 0 0 0 0 0 0 0 0 0 0 0 0 63 58 28 0 67 51 52 36 0 0 184 1074 1018 427 246 211 135 132 142 0 0 0 0
77 45 43 24 59 0 34 169 207 53 24 2 33 19 101 77 666 694 21 1543 730 10 8 7 19 78 10 854 7 4 179 14440 0 154 227 151 21 180 137 143 1051 447 330 249 1 0 69 0 39 46 382 133 187 619 259 441 546 1362 788 365 466 702 211 951 1499 0 5118 2030 21 177 2289 2274 1312 73 0 59 160 0 26 144 145 54 108 82 0 111 0 989 0 32 0 0 0 0 0 49 134 383 38 0 0 0 0 9 0 0 0 0 0 441 0 0 2352 2137 1469 2258 1737 1484 1974 1156 1206 2362 1743 2494 2814 2867 994 2783 2976 2419 2591 0 0 35 0
35 16 32 15 42 0 50 53 71 23 12 0 13 11 391 97 12770 2630 1151 2349 2009 100 42 34 110 92 8 796 5 2 262 53 0 0 502 122 47 310 187 88 357 268 150 0 6 0 418 0 95 96 115 0 428 377 405 356 512 0 0 39 0 114 0 66 0 0 0 0 43 523 0 5 2049 774 273 1023 569 422 293 1428 564 11 640 686 0 37 349 0 0 1 0 0 0 1 0 333 0 5 0 0 0 0 0 0 0 837 0 0 0 0 0 0 737 759 654 676 637 553 695 410 408 335 0 723 827 830 979 835 883 733 783 34 0 8 0
80 44 71 35 84 1 118 142 152 43 21 3 29 216 101 91 674 44 61 179 88 61 25 21 66 168 3 310 3 0 169 30 2 2 312 203 22 215 154 248 321 257 247 0 18 0 252 0 108 779 202 0 572 282 487 505 530 0 0 0 0 0 0 0 0 0 14 0 328 77 247 687 12 4 0 0 18 0 3 55 8 0 1 0 0 1 0 0 0 7 15 7 0 33 0 107 110 75 351 0 0 0 0 0 0 0 0 536 26 3807 73 100 113 96 64 172 86 208 99 59 64 47 0 124 123 0 50 118 93 126 127 47 154 35 0
0 5 2 4 10 0 22 2 3 1 0 0 0 1 0 0 0 0 0 0 0 0 0 0 0 0 0 0 0 0 0 0 0 0 0 0 0 0 0 0 0 0 0 0 0 0 0 0 0 0 0 0 0 0 0 0 0 0 0 0 0 0 0 0 0 0 0 0 0 0 0 0 0 0 0 0 0 0 0 0 0 0 0 0 0 0 0 0 0 0 0 0 0 0 0 0 0 0 0 0 0 0 0 0 0 0 0 0 0 0 0 0 0 0 0 0 0 0 0 0 0 0 0 0 0 0 0 0 0 0 0 0 0 0 0
0 0 0 0 0 0 0 0 0 0 0 0 0 0 0 0 0 0 0 0 0 0 0 0 0 0 0 0 0 0 0 0 0 0 0 0 0 0 0 0 0 0 0 0 0 0 0 0 0 0 0 0 0 0 0 0 0 0 0 0 0 0 0 0 0 0 0 0 0 0 0 0 0 0 0 0 0 0 0 0 0 0 0 0 0 0 0 0 0 0 0 0 0 0 0 0 0 0 0 0 0 0 0 0 0 0 0 0 0 0 0 0 0 0 0 0 0 0 0 0 0 0 0 0 0 0 0 0 0 0 0 0 0 0 0
67 35 43 18 54 0 28 180 135 48 22 4 37 35 1992 2 279 6 0 385 208 2 2 2 4 0 0 0 0 0 0 2 0 0 0 0 5 0 37 0 31 36 0 0 1 0 13 0 14 12 0 0 0 13 28 61 0 0 0 8 0 7 0 0 0 0 455 0 3 9 0 8 0 12 0 3 41 0 1 433 0 0 38 0 0 3 102 0 1072 20 0 0 0 0 477 1 0 5 19 0 0 0 0 0 0 556 0 0 0 0 0 0 115 113 87 97 91 80 107 60 62 81 12 107 110 69 105 113 103 111 125 12 0 1 0
24 12 18 7 22 0 12 76 60 21 10 3 19 1 868 23 3 422 205 208 141 0 1 1 1 1 0 11 0 0 1 1 0 0 0 0 1 0 0 0 0 0 0 0 0 0 2 0 3 7 0 0 0 1 0 0 0 0 0 0 0 0 0 0 0 0 0 0 10145 1 0 0 0 0 0 0 0 0 0 0 0 0 0 0 0 0 0 0 0 0 0 0 0 276 0 6 731 1496 1114 15 0 0 0 0 0 0 0 0 0 636 0 0 105 74 25 126 63 67 89 45 53 59 14 130 137 104 135 127 117 122 126 0 0 0 0
105 70 62 42 99 1 148 224 269 72 28 3 45 12 67 129 402 28 0 284 259 85 197 124 409 51 2 140 0 1 0 28 2 223 236 103 8 77 1245 22 0 0 131 147 0 0 68 11 85 160 179 144 153 4137 407 1137 3131 0 46 0 0 164 28 0 2296 0 0 0 69 25 69 128 0 37 0 0 70 0 619 53 0 0 4 0 0 56 0 0 0 23 92 0 0 149 0 450 333 1008 471 0 0 0 0 0 0 0 0 0 0 0 0 173 568 468 176 417 445 273 352 138 146 511 707 1084 1196 1275 1452 1238 1077 1065 1130 154 0 56 0
0 0 9 0 0 0 5 7 10 5 2 0 3 2 3 3 0 1 1 1898 1914 0 0 0 0 2 0 22 0 0 7 2 0 1 16 4 1 5 0 1 19 0 0 0 0 0 0 0 7 0 0 0 4 5 6 7 14 0 3 0 54 2 0 0 0 0 0 0 0 11 0 3 0 0 0 0 0 0 0 0 0 0 289 319 0 0 0 0 0 0 0 0 0 0 0 1 0 0 1 2 0 0 0 0 0 0 0 0 0 0 0 0 0 0 1 0 3 1 0 1 1 0 0 0 0 0 0 0 0 0 0 0 0 0 0
1 1 124 3 2 0 67 103 140 64 32 1 38 33 40 48 57 13 0 159 196 2 1 1 3 33 4 306 3 2 108 20 2 90 237 91 18 118 43 23 70 321 39 16 0 12 0 90 96 1 65 215 76 77 96 175 205 74 217 26 894 72 43 92 3 118 0 68 0 158 56 55 107 0 0 0 0 0 0 0 0 0 168 2952 8103 0 245 0 10 7 0 0 137 26 39 23 0 3 16 45 0 0 0 58 0 0 0 0 0 35 34 40 25 24 55 0 0 0 37 18 15 0 0 52 3 0 0 0 0 0 0 52 21 27 0
1 0 90 2 0 0 49 75 101 46 23 1 27 24 29 31 48 11 10 142 154 2 1 1 2 23 3 221 2 1 77 15 0 57 168 62 11 72 23 14 89 0 12 0 0 6 0 40 57 1 45 0 49 52 65 108 143 0 104 9 496 23 1 0 0 0 0 22 0 91 0 31 59 0 0 0 0 0 0 0 0 0 2719 2998 0 0 139 0 0 3 0 0 67 18 18 16 5 3 9 32 0 0 0 5 0 0 0 0 0 22 0 0 51 53 54 44 53 44 51 15 11 0 47 66 58 0 0 0 0 5 0 0 0 0 0
0 0 14 0 0 0 7 11 15 7 3 0 4 4 4 3 9 2 2 507 624 0 0 0 0 3 0 29 0 0 10 2 0 0 20 4 0 0 0 0 8 0 0 0 0 0 0 0 2 0 0 0 3 5 6 0 15 0 0 0 7 0 0 0 0 0 0 0 0 3 0 0 0 0 0 0 0 0 0 0 0 0 435 479 0 0 0 0 0 0 0 0 0 2 0 2 0 0 0 4 0 0 0 0 0 0 0 0 0 0 0 0 0 0 5 0 6 4 0 2 3 0 0 1 0 0 0 0 0 0 0 0 0 0 0
1 0 137 3 0 0 74 113 154 70 35 1 42 36 44 50 63 15 13 7 20 2 1 1 3 35 5 333 3 2 117 22 2 92 256 97 18 119 46 23 70 274 30 0 0 11 0 84 94 1 115 86 78 81 101 175 218 26 200 27 871 72 25 0 0 11 0 58 0 155 22 53 41 0 0 0 0 0 0 0 0 0 3974 4382 0 0 215 0 0 6 0 0 132 28 30 25 9 5 15 49 0 0 0 47 0 0 0 0 0 36 0 0 86 89 84 77 82 69 83 24 18 13 135 109 108 0 0 1 0 12 7 6 0 0 0
0 0 1 0 0 0 1 1 1 1 0 0 0 0 0 0 1 0 0 54 59 0 0 0 0 0 0 0 0 0 0 0 0 0 0 0 0 0 0 0 0 0 0 0 0 0 0 0 1 0 0 0 0 0 0 0 0 0 0 0 0 0 0 0 0 0 0 0 0 2 0 0 0 0 0 0 0 0 0 0 0 0 37 41 0 0 0 0 0 0 0 0 0 0 0 0 0 0 0 0 0 0 0 0 0 0 0 0 0 0 0 0 0 0 0 0 0 0 0 0 0 0 0 0 0 0 0 0 0 0 0 0 0 0 0
0 0 8 0 0 0 0 6 9 4 2 0 3 0 0 3 4 1 1 7 16 0 0 0 0 2 0 18 0 0 5 1 0 0 12 1 0 0 0 0 0 0 0 0 0 0 0 0 6 0 0 0 0 0 0 0 5 0 0 0 47 0 0 0 0 0 0 0 0 10 0 1 0 0 0 0 0 0 0 0 0 0 241 266 0 0 0 0 0 0 0 0 0 1 0 1 0 0 0 0 0 0 0 0 0 0 0 0 0 0 0 0 0 0 0 0 0 0 0 0 1 0 0 0 0 0 0 0 0 0 0 0 0 0 0
0 0 15 0 0 0 8 12 16 8 4 0 4 4 5 6 7 1 1 0 0 0 0 0 0 4 0 36 0 0 12 2 0 10 28 11 2 11 0 2 6 38 4 0 0 0 0 2 11 0 17 0 8 9 11 19 24 11 26 3 106 9 6 16 1 0 0 0 0 19 4 6 12 0 0 0 0 0 0 0 0 0 423 330 0 0 30 0 0 0 0 0 0 2 3 2 1 1 1 4 0 0 0 0 0 0 0 0 0 4 0 0 0 0 6 0 7 5 0 2 2 0 0 2 0 0 0 0 0 0 0 4 0 3 0
0 0 0 0 0 0 0 0 0 0 0 0 0 0 0 0 0 0 0 1461 0 0 0 0 0 0 0 0 0 0 0 0 0 0 0 0 0 0 0 0 0 0 0 0 0 0 0 0 0 0 0 0 0 0 0 0 0 0 0 0 0 0 0 0 0 0 0 0 0 0 0 0 0 0 0 0 0 0 0 0 0 0 0 0 0 0 0 0 0 0 0 0 0 0 0 0 0 0 0 0 0 0 0 0 0 0 0 0 0 0 0 0 0 0 0 0 0 0 0 0 0 0 0 0 0 0 0 0 0 0 0 0 0 0 0
1 0 71 2 0 0 38 59 80 36 18 1 22 19 21 42 31 7 6 585 679 1 1 1 2 18 2 172 1 1 60 12 0 39 131 47 10 61 19 12 31 119 9 0 0 4 0 39 54 1 0 0 40 42 53 87 114 7 20 7 504 37 0 0 0 0 0 0 0 90 0 30 0 0 0 0 0 0 0 0 0 0 0 0 0 0 130 0 0 4 0 0 31 21 6 19 8 5 13 38 0 0 0 30 0 0 0 0 0 26 0 0 58 61 64 55 64 53 58 18 14 0 67 82 75 0 0 0 0 6 0 1 0 0 0
1 0 104 2 0 0 57 87 118 54 27 1 32 27 32 231 46 11 9 739 886 2 1 1 2 27 4 255 2 1 90 17 0 64 195 72 15 94 32 19 46 202 19 0 0 9 0 68 80 1 0 0 60 63 78 133 170 46 39 14 747 57 6 0 0 0 0 39 0 133 8 46 27 0 0 0 0 0 0 0 0 0 14143 0 11035 0 1179 0 69 34 0 54 651 127 226 113 44 27 80 221 0 0 0 298 0 0 0 0 0 172 7 0 415 432 383 378 374 314 399 108 77 164 817 518 542 43 59 60 41 68 64 217 49 113 0
2 3 224 5 3 0 122 186 253 115 58 2 69 59 69 501 20 760 220 419 178 10 6 6 13 258 36 2426 27 13 859 162 16 733 1878 732 144 841 329 166 282 1809 224 180 236 425 0 640 654 11 1093 369 680 687 860 1584 1837 927 447 38 1347 109 64 206 35 410 224 210 1 453 325 322 226 14671 0 24728 21055 10548 4984 26192 20036 29153 3731 0 0 76977 1186 55 132 32 78 0 654 120 186 105 42 26 74 208 0 0 0 286 0 0 0 0 0 47 162 4 367 380 350 316 341 284 358 100 72 56 589 464 463 0 0 10 0 50 39 245 133 122 0
0 0 0 0 0 0 0 0 0 0 0 0 0 0 0 0 0 0 0 58 41 1 0 0 0 0 0 0 0 0 0 0 0 0 0 0 0 0 0 0 1 0 0 0 0 0 0 0 10 0 0 0 0 0 0 0 0 0 0 0 0 0 0 0 0 0 0 0 0 0 0 0 0 0 0 0 0 0 0 0 0 0 37 40 0 0 0 0 0 0 0 0 0 0 0 0 0 0 0 0 0 0 0 0 0 0 0 0 0 0 0 0 0 0 0 0 0 0 0 0 0 0 0 0 0 0 0 0 0 0 0 0 0 0 0
48 26 25 14 33 1 18 94 111 30 13 1 16 25 37 74 239 53 49 503 1980 2 2 2 9 30 5 11 3 2 264 22 2 345 377 418 20 235 56 28 40 272 68 0 24 0 1092 232 272 4 0 0 131 183 218 182 171 54 41 85 123 4371 52 228 157 100 0 13 0 133 0 53 46 16 0 0 56 0 9 45 0 1 0 0 0 4 0 0 0 0 0 0 870 7 0 0 74 86 25 0 0 0 0 0 0 0 0 0 0 0 100 47 2817 2910 2515 2534 2448 2055 2655 1577 1569 1443 0 2736 3068 3220 3774 3168 3371 2782 2970 86 117 277 0
917 619 719 410 1164 12 1235 867 1607 505 261 3 308 449 1801 1817 216 1400 611 1434 1269 2 7 5 11 11 1 27 1 1 51 8 0 79 220 127 48 10 13 5 0 0 0 0 143 0 17 63 123 5 24 303 163 88 1152 0 885 3 43 39 162 103 0 173 40 0 152 205 1 3157 341 593 892 1458 644 1227 1804 1666 506 2673 2588 180 5075 2631 0 146 1757 0 51 0 0 0 229 32 0 413 41 46 236 418 0 0 1388 198 0 0 0 62 0 1431 324 464 2827 2888 2470 2613 2434 2053 2643 1567 1563 3159 1090 2826 3188 3354 1272 3268 3470 2844 3006 63 135 49 0
1597 739 502 299 806 0 390 1064 1304 411 204 8 136 65 834 186 3 292 246 418 444 0 0 0 1 76 11 37 9 4 428 63 0 1203 1213 1684 143 1410 355 0 0 1041 471 345 56 0 738 841 436 9 573 87 468 497 594 520 560 46 22 904 56 2427 22 4590 1159 293 632 1166 1 281 0 510 7 59 0 81 105 53 21 101 98 2 95 0 0 11 364 0 0 234 0 0 577 0 915 72 0 66 76 0 0 0 0 69 0 4362 0 0 0 302 162 257 988 1015 873 899 853 719 929 549 547 1035 890 969 1083 1120 1311 1114 1175 986 1052 151 0 191 0
1527 702 471 281 762 13 368 964 1155 374 186 5 130 51 56 428 0 0 1 56 28 0 0 0 0 0 0 0 0 0 4 5 0 0 0 0 2 15 4 0 0 0 2 0 1 0 6 0 38 0 0 0 11 33 9 14 17 26 12 16 98 52 30 68 22 0 0 0 0 6 0 14 0 0 0 0 2 0 0 2 0 0 0 0 0 2 7 6 0 0 0 0 0 0 0 0 64 114 0 0 0 0 0 0 0 0 0 0 0 0 0 0 98 90 38 36 62 51 67 7 15 0 413 480 428 380 296 181 228 100 112 0 0 15 0
212 111 3242 45 126 2 62 169 208 54 30 2 27 42 3989 4098 2933 58 4102 1759 998 1 1 1 3 14780 15 49 10 6 175 80 5 0 10912 97 111 8161 2676 4227 18 95 6003 2862 14 339 103 0 183 81721 174 0 123 4206 6313 5459 5147 0 12 41 7814 68 31 73 12624 3512 3105 0 35423 285 5457 4154 0 161 24 934 238 157 56 192 236 6 2950 794 0 21 632 700 3051 987 0 0 2788 2647 0 442 1415 899 0 0 0 0 37 21 0 542 0 1987 1966 1736 944 2214 403 397 346 6722 359 14256 369 234 238 139 41 315 312 76 116 302 165 439 441 1343 1532 796 0
1801 1266 1322 723 1773 1 855 6150 9993 2141 1010 263 15 851 5469 4588 19 655 1786 1382 727 0 0 0 1 366 57 195 25 22 1554 331 26 3904 6683 17790 11 6213 17 8 4 1451 3111 2033 259 192 3010 1745 20 16 5069 3211 7479 4588 2216 1365 3104 4166 1908 3755 4513 2937 2192 14009 5642 2733 2078 0 8 6926 2661 3139 538 357 87 247 412 213 149 524 3 0 462 0 41 116 115 639 1791 416 399 0 3354 0 0 1235 929 1398 2571 0 0 0 0 309 0 798 0 1318 609 795 395 1254 2095 2170 1904 1958 1826 1546 1996 1207 1207 0 531 2026 2265 2420 2846 2406 2567 2115 2259 1522 1414 781 0
68 38 38 21 56 0 29 159 225 51 25 5 12 22 119 103 54 113 124 388 271 2 0 0 3 0 0 0 0 0 0 37 0 0 0 295 211 155 97 69 0 186 12 0 10 0 228 85 53 4 130 125 167 141 135 140 211 115 54 132 173 120 78 424 144 70 98 134 1 345 63 55 26 29 0 0 29 0 21 107 76 1 0 0 0 3 0 0 0 45 0 0 0 0 215 214 63 65 1376 211 0 0 365 341 0 0 0 0 0 393 662 464 89 90 92 81 89 75 83 58 60 0 0 91 81 22 34 86 53 105 102 572 525 0 0
17 9 9 5 12 0 6 36 43 11 4 0 6 7 42 40 1257 314 135 219 324 178 151 123 422 36 2 691 0 1 48 35 0 0 69 1 66 35 99 11 0 104 35 0 78 0 746 409 41 12 416 0 48 238 941 197 923 1383 634 39 141 70 56 123 0 108 0 0 5 40 234 0 0 1 0 0 0 0 0 0 0 0 0 0 0 3 0 0 48 2 0 18 12 0 0 213 124 70 0 0 0 0 52 182 0 0 0 0 0 0 107 0 510 528 464 457 450 380 484 290 289 530 406 499 549 556 665 569 588 509 543 3 0 0 0
1125 634 586 326 812 25 419 2351 2825 744 333 26 417 469 650 487 183 164 128 575 324 62 2727 1803 592 1478 227 21502 164 83 2895 1088 105 2481 3648 2347 785 936 1203 185 1480 5293 652 473 136 0 1432 1276 774 40 0 1057 1901 2380 4233 8568 3728 1350 617 242 1763 3231 895 347 524 821 921 433 14 505 0 387 1427 32 0 0 28 0 12 61 0 0 0 0 0 2 105 142 0 65 13221 4372 0 398 0 2535 278 428 859 0 0 0 0 0 0 0 0 0 0 0 391 1516 1441 1486 1284 1308 1247 1056 1360 799 797 1578 1362 1413 1585 1660 1939 1633 1735 1432 1531 55 0 0 0
5 2 3 2 4 0 2 12 15 4 0 0 2 0 2 6 240 1223 264 81 66 31 0 0 0 0 0 0 0 0 0 0 0 0 0 0 0 0 0 0 0 0 0 0 0 11 5 0 0 0 411 0 0 3 3 0 2 0 0 2 0 1 0 0 0 0 0 0 0 4 0 0 0 0 0 0 0 0 0 0 0 0 0 0 0 0 1 0 0 701 0 0 0 0 0 0 0 0 0 0 0 0 0 0 0 0 0 0 0 0 0 0 0 0 7 0 10 7 0 292 504 60 0 105 61 0 0 0 0 8 3 0 0 0 0
8 4 6 0 7 0 4 25 20 0 0 1 6 5 0 966 35 953 738 84 140 0 1 2 4 0 0 0 0 0 0 1 0 0 0 13 39 30 52 0 0 3 0 0 1367 0 161 0 6 0 0 0 9 12 32 74 49 39 18 63 35 33 148 16 1 0 20 0 0 64 62 0 0 113 43 0 0 0 0 0 0 0 0 0 0 4 0 0 9 0 0 0 0 0 0 66 0 16 0 0 0 0 0 0 0 0 0 0 0 0 0 0 181 188 166 189 163 168 214 102 104 175 114 184 198 187 230 203 199 188 196 11 0 0 0
0 0 0 0 0 0 0 1 1 0 0 0 0 1 0 86 8 201 155 10 23 0 0 0 0 0 0 0 0 0 0 0 0 0 0 0 3 0 9 0 0 0 0 0 12 0 9 0 1 0 0 0 0 0 2 5 7 1 1 0 1 0 0 0 0 0 0 0 0 6 0 0 0 5 0 0 0 0 0 0 0 0 0 0 0 0 0 0 0 0 0 0 0 0 0 3 0 0 0 0 0 0 0 0 0 0 0 0 0 0 0 0 40 42 40 40 39 41 49 25 26 20 0 40 37 22 38 39 28 44 43 0 0 0 0
27 14 20 8 24 0 13 88 69 24 8 4 21 0 0 1 59 239 248 119 194 1 0 1 3 0 0 0 0 0 0 0 0 0 0 5 4 33 27 0 0 3 0 96 15 0 217 14 5 0 0 0 132 136 372 97 216 123 57 48 72 44 32 133 111 0 49 0 0 35 0 0 0 0 0 0 1 0 0 0 0 0 0 0 0 0 0 0 0 4 139 0 0 142 0 137 691 1003 0 1763 0 0 166 0 0 0 0 0 0 0 0 0 40 42 42 31 42 35 38 24 28 6 0 39 31 9 28 34 17 44 42 2141 2 0 0
77 42 55 21 68 0 34 240 175 63 28 6 51 69 171 2677 1 31 21 603 707 0 0 0 0 1 0 2 0 0 151 12 0 0 116 80 340 668 715 408 84 145 0 0 53 0 819 567 565 8 1758 76 55 103 100 93 108 65 30 19 31 19 13 54 36 89 1708 207 2 3447 2325 0 424 0 0 0 0 0 0 0 0 0 0 0 0 0 168 0 990 1389 10621 5423 0 3528 3124 244 3599 14473 0 0 0 0 0 1096 0 0 0 235 281 176 0 0 1823 1819 1487 1681 1510 1275 1666 977 984 1972 1763 1828 2061 2156 2504 2096 2243 1826 1954 544 0 68 0
923 467 426 222 569 15 295 1402 1616 457 212 11 203 13 270 211 173 227 239 249 197 1 2 2 10 130 13 42 10 5 1439 77 6 447 638 533 123 1091 965 682 113 644 447 867 13 0 479 320 126 179 823 460 1139 651 847 600 745 336 157 297 465 270 196 825 484 442 259 2747 76 190 168 212 255 230 75 265 235 175 80 423 10 2 262 150 854 27 588 207 652 306 933 1487 348 71 583 2588 655 608 291 271 0 3079 1391 7134 0 352 0 245 497 1782 68 750 346 352 298 330 296 280 323 191 191 354 288 341 380 372 440 389 407 347 369 1485 359 250 0
2978 1739 1591 902 2244 71 1152 6609 8153 2098 948 85 1265 3654 824 733 735 1 3109 916 653 40 204 90 70 734 103 7665 77 37 2438 472 46 2127 2948 2145 2027 3232 3712 1591 1665 2785 391 156 819 358 1 5216 3434 48 2060 1682 2303 3332 2917 3542 2412 1068 487 552 4560 1082 1483 484 251 1860 795 2227 2 1461 2692 2662 1022 1312 577 1427 2185 1901 455 2402 2197 10 2604 2788 350 146 1737 145 982 226 767 872 1205 3282 160 1171 973 1349 1475 628 0 0 2768 0 5252 1654 0 568 2867 2090 136 615 4070 4169 3542 3713 3470 2926 3810 2232 2222 3755 3654 4012 1302 1189 3097 4653 5001 4037 3858 2067 284 1021 0
906 407 349 185 481 11 248 948 1094 329 158 6 130 305 977 1335 352 204 155 223 135 1 3 9 6 31 4 13 3 2 425 21 2 203 261 231 137 97 705 144 18 500 30 0 13 0 141 464 589 8 79 335 323 723 266 290 788 366 168 46 993 876 500 123 170 378 465 447 1 523 166 150 461 43 17 150 128 109 14 76 128 3 151 153 33 8 69 0 107 677 0 208 0 0 242 174 442 993 0 296 0 0 0 0 0 363 0 0 0 622 30 514 1624 1668 1427 1479 1393 1174 1524 895 891 1807 1608 1599 1803 1907 2215 1853 1984 1613 1725 538 152 241 0
20 6 11 5 13 0 7 40 36 12 5 1 8 6 4 7 220 29 9 814 788 1 1 1 5 0 0 2 0 0 17 6 0 16 49 56 91 16 59 9 0 0 0 0 106 0 622 88 65 3 208 0 243 310 398 332 283 92 44 63 124 149 75 116 78 0 25 32 1 218 71 73 83 10 0 0 19 0 4 18 9 0 0 0 0 3 42 0 0 55 0 0 0 0 84 85 1745 1151 1412 0 0 3591 11819 0 0 184 0 35 0 0 0 0 483 494 426 436 419 353 451 270 270 488 386 471 520 518 614 533 548 484 513 0 0 48 0
2851 1188 1382 480 1631 44 827 3670 2331 1032 502 26 449 4 17 20 122 126 239 151 151 0 19 23 130 46 2 5 1 1 33 8 1 0 60 17 12 354 405 576 5 1114 801 635 41 12 524 59 45 252 152 851 263 293 282 282 259 69 34 116 204 105 68 312 134 1194 690 506 108 201 219 461 182 110 25 143 198 148 38 190 199 2 227 115 12 8 241 31 1349 1747 2506 3356 2000 519 941 2559 717 45 922 579 46 0 629 325 0 937 1436 385 2065 403 743 1351 769 765 625 729 637 581 700 413 417 794 696 762 854 868 1008 866 910 773 825 427 1130 1726 0
961 576 534 304 752 0 384 2226 2849 715 324 36 456 13 481 1207 1244 1394 586 1046 641 2 4 5 25 122 13 40 9 5 1226 61 4 404 591 546 33 233 220 66 155 449 359 213 15 0 452 122 85 227 380 285 287 625 527 818 1027 590 271 701 1026 598 439 1896 717 416 0 88 94 618 0 146 215 85 27 132 138 109 30 158 136 3 163 103 13 7 182 1209 0 126 0 0 215 98 2651 110 2341 990 4729 140 0 0 0 0 0 0 0 390 0 120 621 528 2921 2981 2522 2695 2483 2135 2733 1598 1594 3200 2469 2880 3249 3360 1759 3330 3561 2906 3113 386 428 305 0
499 284 364 137 367 6 181 1032 1213 328 146 19 220 50 906 429 935 812 1071 956 887 15 11 10 46 507 22 69 16 8 876 100 9 406 950 489 361 737 1192 544 373 517 468 3556 47 49 1132 56 646 2577 1168 456 503 1803 934 685 1217 206 240 272 785 324 208 746 1205 600 578 1726 1095 2390 1253 1010 524 1221 509 1860 1959 1700 391 3404 1976 36 2321 1517 855 579 869 679 1994 1395 841 1847 529 517 1572 2199 1278 960 2522 144 2004 3437 2436 5594 0 1117 0 1305 4733 1412 241 994 1445 1425 1142 1537 1214 1437 1303 751 756 1311 1122 1481 1640 1384 1681 1661 1607 1586 1675 2517 1043 901 0
412 223 213 89 265 3 127 462 494 130 74 8 71 209 186 175 218 307 948 829 576 0 3 3 11 245 26 84 20 10 318 150 11 106 661 445 516 329 404 561 62 298 125 240 34 2 200 0 1006 2130 241 44 287 342 406 385 423 176 83 94 374 141 60 239 319 215 83 0 646 637 75 178 112 263 78 469 484 395 82 790 496 16 529 24 102 58 306 0 183 1384 0 0 70 113 36 748 319 345 154 0 0 0 117 0 0 0 0 0 0 548 0 369 2563 2022 968 3094 1629 1851 2222 1125 1242 1885 481 2861 3183 108 1181 2968 2922 2838 2998 658 412 0 0
4345 2262 1345 851 2332 34 1792 19676 4962 1455 1021 74 2443 7969 972 773 206 48 2512 2116 1303 2 9 5 15 70 370 1096 270 125 3390 1546 130 900 4194 2439 5026 229 2623 4742 583 1517 683 2752 250 105 1685 34 2985 399 3367 1841 2722 1368 2444 3017 2537 946 441 514 2467 1090 413 662 698 1438 20 0 154 4860 992 20 1651 2658 1192 4201 3802 3316 918 9124 3826 97 4561 24 2689 425 2378 963 1929 18275 0 0 1051 20 810 8964 1603 2995 489 0 0 0 2564 1742 0 1247 0 4374 0 0 955 2493 5258 5423 5077 5304 4953 4238 4843 3183 3166 146 55 3104 2957 108 0 2433 172 5739 5731 3820 4286 1619 0
29 16 17 10 24 0 13 73 102 24 12 2 20 0 92 0 12 3 0 107 127 0 0 0 0 10 1 3 1 1 57 8 0 170 160 208 199 349 202 69 54 142 0 0 16 0 718 177 17 1 486 33 102 20 38 31 33 269 123 129 190 112 83 348 243 0 149 0 0 2 72 0 116 0 0 0 1 0 0 3 0 0 0 0 0 17 430 0 0 76 0 0 0 6422 997 609 187 123 686 0 0 0 0 37 0 0 0 0 692 0 0 0 339 279 134 578 197 311 408 197 238 773 0 85 136 0 75 33 130 75 67 0 0 0 0
0 0 9 1 26 0 14 95 77 0 10 3 22 8 1 5 13 73 141 79 60 0 0 0 1 0 0 0 0 0 0 2 0 0 0 0 50 191 172 65 0 175 0 0 33 0 424 202 83 49 456 96 0 77 54 31 15 67 32 42 60 35 26 112 40 38 180 0 7 2656 99 95 152 55 0 190 227 164 4 902 255 0 144 0 0 9 0 0 0 224 0 0 0 0 0 120 70 18 184 467 0 0 0 383 0 0 0 875 0 3002 0 347 298 262 172 307 218 198 263 146 155 267 132 328 361 192 292 353 361 317 335 140 0 0 0
874 419 533 185 613 21 316 1886 1186 484 226 17 256 169 4 167 7 30 35 82 62 0 0 0 0 0 0 0 0 0 0 1 0 0 0 0 33 168 137 81 0 161 0 0 144 0 288 0 26 70 0 0 71 21 31 26 29 421 3 32 14 7 5 11 15 18 184 0 27 293 50 113 0 73 0 200 285 208 3 1260 1 0 184 3 0 88 0 0 0 15 0 0 0 173 0 10 100 357 470 39 0 0 0 20 0 0 0 0 0 92 0 0 74 49 21 82 51 56 55 38 45 5 0 94 87 13 51 81 57 538 92 0 0 616 0
16 13 15 12 15 9 15 29 49 16 11 10 15 13 9 13 9 15 21 3 10 1 2 2 3 18 14 15 4 12 9 136 15 0 13 1 8 0 0 2 0 13 0 0 3 0 28 0 18 6 0 0 0 0 3 0 0 0 0 13 22 38 0 23 0 0 0 0 5 12 0 0 0 6 0 0 3 0 1 28 3 11 0 0 0 19 0 0 0 0 0 0 0 0 0 0 0 0 0 0 0 0 0 0 0 0 0 0 0 0 0 0 0 13 553 0 556 436 27 430 501 0 0 0 0 0 0 0 0 351 0 0 0 0 7
17 14 16 12 15 9 15 31 51 17 11 10 16 14 9 13 10 15 22 3 10 1 2 2 3 19 15 16 4 13 14 139 15 4 15 4 8 0 0 3 0 16 0 0 4 0 29 2 19 7 0 0 0 0 4 0 0 0 0 29 25 38 0 27 0 0 0 0 5 12 0 0 0 7 0 0 3 0 1 29 3 11 0 0 0 20 0 0 0 0 0 0 0 0 0 0 0 0 0 0 0 0 0 0 0 0 0 0 0 0 0 0 0 0 560 0 564 441 15 438 511 0 0 0 0 0 0 0 0 349 0 0 0 0 8
6 4 5 4 5 3 5 10 17 6 3 4 6 5 2 4 3 36 153 1 6 0 1 1 1 7 5 6 1 5 6 49 6 1 5 0 3 0 0 0 0 5 0 0 2 0 11 0 5 2 917 0 0 0 0 0 0 0 0 10 11 13 11 13 0 0 0 0 1 3 0 0 0 0 0 0 0 0 0 4 0 3 0 0 0 6 0 0 0 0 0 0 0 0 0 0 0 0 0 0 0 0 0 0 0 0 0 0 0 0 0 0 0 0 0 0 19 0 0 78 143 0 0 0 0 0 0 0 0 0 0 0 0 0 2
19 17 18 15 17 12 17 37 59 20 14 12 19 16 9 16 19 41 63 4 53 2 3 3 4 28 22 26 6 19 19 201 13 6 22 8 12 0 3 7 0 24 0 0 175 0 37 3 29 9 0 0 0 0 22 0 0 0 0 28 38 60 0 42 21 0 0 0 6 12 0 0 0 32 517 0 5 0 1 35 3 13 0 0 0 74 0 0 0 0 0 0 0 0 0 10 0 0 0 0 0 0 0 0 0 0 0 0 0 0 0 0 413 439 871 0 862 697 416 620 683 0 0 349 0 0 0 0 0 728 415 0 0 0 9
4 3 4 3 3 2 4 8 13 4 2 3 4 3 1 3 5 17 18 1 1 0 1 0 1 6 5 5 1 5 0 42 5 0 2 0 2 0 0 0 0 3 0 0 51 0 8 0 5 2 991 0 0 0 1 0 0 0 0 8 8 10 0 10 0 0 0 0 1 2 0 0 0 0 133 0 0 0 0 3 0 3 0 0 0 22 0 0 0 0 0 0 0 0 0 0 0 0 0 0 0 0 0 0 0 0 0 0 0 0 0 0 0 0 0 0 0 0 0 64 127 0 0 0 0 0 0 0 0 0 0 0 0 0 2
4 3 4 3 3 3 4 8 13 4 2 3 4 4 2 3 5 13 20 2 8 0 1 0 1 6 5 4 1 5 0 47 0 0 2 0 2 0 0 0 0 2 0 0 65 0 8 0 6 2 1361 0 0 0 3 0 0 0 0 8 8 11 0 9 0 0 0 0 1 2 0 0 0 0 194 0 0 0 0 4 0 3 0 0 0 27 0 0 0 0 0 0 0 0 0 0 0 0 0 0 0 0 0 0 0 0 0 0 0 0 0 0 0 0 15 0 30 0 0 73 126 0 0 0 0 0 0 0 0 0 0 0 0 0 2
13 11 12 10 12 7 12 25 40 13 8 8 13 11 8 13 8 13 20 2 10 1 2 2 3 16 13 14 3 11 9 125 13 2 13 3 7 0 0 3 0 14 0 0 7 0 24 0 16 6 0 0 0 0 4 0 0 0 0 31 28 42 0 31 0 0 0 0 4 11 0 0 0 7 0 0 1 0 1 24 1 9 0 0 0 16 0 0 0 0 0 0 0 0 0 0 0 0 0 0 0 0 0 0 0 0 0 0 0 0 0 0 0 0 500 0 503 393 0 393 460 0 0 0 0 0 0 0 0 305 0 0 0 0 6
2 1 2 1 1 1 1 4 6 2 0 1 2 1 1 2 2 2 2 3 1 0 0 0 0 1 1 1 0 1 0 12 1 0 0 0 1 0 0 0 0 0 0 0 0 0 3 0 1 1 0 0 0 0 0 0 0 0 0 4 4 5 3 5 0 0 0 0 0 1 0 0 0 0 0 0 0 0 0 1 0 1 0 0 0 0 0 0 0 0 0 0 0 0 0 0 0 0 0 0 0 0 0 0 0 0 0 0 0 0 0 0 0 0 0 0 0 0 0 0 41 0 0 0 0 0 0 0 0 0 0 0 0 0 1
0 0 0 0 0 0 0 0 1 0 0 0 0 0 0 0 0 0 0 0 0 0 0 0 0 0 0 0 0 0 0 1 0 0 0 0 0 0 0 0 0 0 0 0 0 0 0 0 0 0 0 0 0 0 0 0 0 0 0 0 0 0 0 0 0 0 0 0 0 0 0 0 0 0 0 0 0 0 0 0 0 0 0 0 0 0 0 0 0 0 0 0 0 0 0 0 0 0 0 0 0 0 0 0 0 0 0 0 0 0 0 0 0 0 0 0 0 0 0 0 0 0 0 0 0 0 0 0 0 0 0 0 0 0 0
60 56 58 46 55 36 54 114 186 63 48 39 60 52 28 53 38 80 108 1 6 5 9 8 12 84 66 74 20 55 96 598 65 78 80 50 36 0 33 37 24 93 0 0 39 40 117 88 75 28 0 0 0 8 46 0 0 343 161 134 159 181 99 183 160 0 0 0 20 36 0 0 0 46 236 11 37 0 5 120 35 41 11 0 0 85 0 0 0 13 0 18 1 0 0 0 0 0 0 0 0 0 0 0 0 0 0 0 0 0 0 0 2911 3025 3215 2184 3135 2611 2788 2093 2161 0 0 2784 486 0 0 2292 786 3273 530 16 0 0 28
115 108 109 87 106 68 102 218 352 119 93 73 113 99 55 100 73 147 181 3 9 9 17 15 24 159 124 139 40 102 197 1138 121 168 159 109 69 4 72 79 64 187 0 0 81 0 219 195 142 58 0 0 21 45 101 25 0 424 244 268 335 481 265 362 0 0 64 73 40 70 0 0 0 104 424 0 62 0 9 233 56 80 0 0 0 151 262 0 0 0 0 0 113 0 0 92 0 18 49 0 0 0 0 0 0 0 0 0 0 1942 0 95 2985 3466 6719 5875 6525 5480 3491 4259 4300 4836 0 1065 8743 2588 5069 8992 6069 4209 5182 55 0 0 57
15 12 14 11 13 9 13 28 45 12 10 9 14 13 62 13 10 14 28 816 14 1 2 2 3 18 14 17 4 13 6 144 15 0 12 0 8 0 0 3 0 136 0 0 48 265 28 0 18 7 0 0 0 0 2 0 0 0 0 16 25 41 0 28 0 0 0 0 5 9 0 0 0 34 0 0 0 0 0 25 0 11 0 0 0 19 0 0 0 0 0 0 0 0 0 0 0 0 0 0 0 0 0 0 0 0 0 0 0 0 0 0 62 77 597 0 599 472 85 456 526 0 0 0 0 0 0 0 0 405 41 0 0 0 7
31 27 29 23 28 18 27 58 94 25 22 19 30 26 14 26 19 30 47 215 37 3 5 4 7 40 31 36 9 27 32 303 32 14 34 14 18 0 9 15 0 39 0 0 73 0 58 15 38 15 0 0 0 0 16 0 0 171 82 52 69 99 0 76 0 0 0 0 11 19 0 0 0 60 0 0 10 0 2 57 7 21 0 0 0 38 0 0 0 0 0 0 0 0 0 0 0 0 0 0 0 0 0 0 0 0 0 0 0 0 0 0 1001 1050 1504 453 1479 1212 978 1030 1105 0 0 913 0 0 0 129 0 1379 1033 0 0 0 15
60 56 57 46 55 36 53 114 185 62 47 39 60 51 29 53 38 61 96 38 26 5 9 8 13 83 65 73 20 54 89 602 64 67 78 46 36 0 28 37 18 90 0 0 51 0 116 88 75 29 0 0 0 5 44 0 0 346 164 129 154 173 68 178 0 0 0 5 20 37 0 0 0 65 207 34 41 15 6 126 38 42 34 0 54 80 0 0 0 0 0 0 0 0 0 34 0 0 0 0 0 0 0 0 0 0 0 0 0 42 0 0 2953 3069 3281 2200 3201 2664 2828 2139 2210 4166 0 2822 427 0 1617 2290 705 3333 365 15 0 0 29
49 45 47 38 45 30 44 93 152 51 40 32 49 42 23 44 31 52 79 17 14 4 7 7 10 67 53 59 16 44 66 493 53 44 61 34 29 0 19 28 7 70 0 0 35 0 95 61 61 24 0 0 0 0 37 0 0 0 0 98 120 137 25 139 0 0 0 0 17 30 0 0 0 48 169 25 33 7 5 103 31 34 24 0 22 66 0 0 0 0 0 0 0 0 0 34 0 0 0 0 0 0 0 0 0 0 0 0 591 0 0 0 2051 2139 2579 1300 2525 2087 1980 1721 1808 5704 0 1924 904 0 0 1089 0 2504 2140 4 0 0 24
30 27 29 23 27 18 27 56 92 31 22 19 30 25 14 26 18 31 47 13 8 2 4 4 6 40 31 34 9 27 33 295 32 16 34 15 18 0 8 14 0 38 0 0 11 0 58 17 37 14 0 0 0 0 14 0 0 167 78 52 65 77 0 76 0 0 0 0 10 18 0 0 0 21 97 10 19 0 3 61 18 20 10 0 0 39 0 0 0 0 0 0 0 0 0 7 0 0 0 0 0 0 0 0 0 0 0 0 0 0 0 0 913 959 1444 360 1421 1162 896 995 1072 0 0 824 0 0 0 0 0 1303 939 0 0 0 14
55 50 52 42 51 32 49 103 167 56 42 35 54 46 28 50 34 59 88 16 15 4 8 7 11 74 58 65 18 48 76 538 58 54 68 39 32 0 23 31 13 79 0 0 57 0 104 61 67 26 0 0 0 0 39 0 0 313 148 112 139 176 52 157 0 0 0 0 18 37 0 0 0 67 191 32 39 14 6 115 37 37 35 0 43 72 0 0 0 0 0 0 0 0 0 29 0 0 0 0 0 0 0 0 0 0 0 0 0 0 0 0 2473 2574 2880 1744 2813 2336 2375 1894 1971 0 0 2349 1514 0 862 1700 0 2875 2591 9 0 0 26
8 7 8 0 7 5 8 16 27 9 5 5 9 7 4 7 7 97 427 19 5 1 1 1 2 10 8 9 2 8 0 87 9 0 4 0 5 0 0 0 0 3 0 0 4786 0 17 0 8 4 0 0 0 0 1 0 0 0 0 21 8 15 0 10 0 0 0 0 3 5 0 0 0 7439 19 0 4 0 1 17 4 6 0 0 0 25 0 0 0 0 0 0 0 0 0 0 0 0 0 0 0 0 0 0 0 0 0 0 0 0 0 0 0 0 235 0 248 175 0 232 303 0 0 0 0 0 0 0 0 0 0 0 0 0 4
16 14 15 12 15 9 15 30 49 16 11 10 15 14 9 16 10 17 24 9 2 1 2 2 3 19 15 17 4 13 8 151 16 0 13 1 9 0 0 3 0 13 0 0 11 0 29 0 19 7 0 0 0 0 3 0 0 0 0 18 26 35 0 31 0 0 0 0 5 14 0 0 0 16 43 1 11 0 2 34 12 11 5 0 0 20 0 0 0 0 0 0 0 0 0 0 0 0 0 0 0 0 0 0 0 0 0 0 0 0 0 0 26 41 609 0 612 481 53 471 546 0 0 0 0 0 0 0 0 397 0 0 0 0 7
76 29 60 22 70 0 39 269 196 61 32 6 56 55 77 2 2 2 0 25 19 0 0 0 0 0 0 0 0 0 0 0 0 0 0 0 0 0 22 0 0 0 0 0 20 0 49 0 10 12 0 0 0 0 0 0 2 13 6 9 18 21 10 12 11 12 0 0 5 108 0 10 0 13 0 10 54 0 1 270 0 0 0 0 0 4 0 0 0 5 0 0 0 0 0 26 0 1 0 0 0 0 0 41 0 0 0 0 0 24 0 52 12 12 16 5 14 15 16 11 12 0 0 12 4 0 0 6 0 17 14 0 0 0 0
867 417 513 184 601 20 309 1822 1181 472 220 17 246 12 565 27 333 273 628 215 466 0 4 5 23 0 0 8 0 1 1 19 0 0 25 39 28 309 99 52 10 122 0 4 111 7 275 0 39 3 36 0 261 440 206 150 163 43 24 397 103 130 55 120 71 90 53 0 27 298 27 242 109 91 0 401 233 167 13 1088 52 1 162 0 0 12 0 0 51 100 0 0 0 111 23 176 35 107 0 89 0 0 0 32 0 0 0 0 0 371 115 86 403 410 354 372 351 297 376 227 228 346 266 377 409 374 449 417 402 410 431 464 0 207 0
29 11 22 9 24 0 14 93 71 25 12 3 22 72 59 842 107 1 69 82 152 0 2 2 8 0 0 0 0 0 0 4 0 0 0 0 0 17 43 0 0 9 0 0 3 0 41 0 1 6 0 0 0 9 6 0 0 10 5 4 5 4 3 8 5 0 0 0 3 24 0 16 0 13 0 41 41 8 0 253 0 0 6 0 0 3 0 0 0 0 0 0 57 22 65 0 255 154 1091 0 0 0 0 0 0 0 0 60 0 177 3 0 1526 1585 1373 1608 1338 1376 1786 850 845 1708 1472 1551 1738 1798 2092 1775 1860 1554 1657 420 0 0 0
0 0 0 0 0 0 0 0 0 0 0 0 0 0 0 0 0 0 0 74 16 0 0 0 0 0 0 0 0 0 0 0 0 0 0 0 0 0 0 0 0 0 0 0 0 0 0 0 0 0 0 0 0 0 0 0 0 0 0 0 0 0 0 0 0 0 0 0 0 0 0 0 0 0 0 0 0 0 0 0 0 0 0 0 0 0 0 0 0 0 0 0 0 0 0 0 0 0 0 0 0 0 0 0 0 0 0 0 0 0 0 0 0 0 0 0 0 0 0 0 0 0 0 0 0 0 0 0 0 0 0 0 0 0 0
