110
0 0 0 0 1 165 144 27 104 43 170 10 0 0 0 0 0 0 0 0 0 0 0 0 0 0 42 91 0 6 0 0 0 0 0 0 0 0 0 1 0 0 0 0 0 0 0 0 0 0 0 0 0 0 0 0 0 0 0 0 0 0 0 0 0 0 0 0 0 0 0 0 0 0 0 0 0 0 0 0 0 0 0 0 0 0 0 0 0 6 0 0 0 0 0 0 0 0 0 0 0 0 0 0 0 0 0 0 0 0
0 0 0 0 0 1032 535 560 350 130 2293 109 0 0 0 0 0 0 0 0 0 0 0 0 0 0 0 0 0 0 0 0 0 0 0 0 0 0 0 1 0 0 0 0 0 0 0 0 0 0 0 0 0 0 0 0 0 0 0 0 0 0 0 0 0 0 0 0 0 0 0 0 0 0 0 0 0 0 0 0 0 0 0 0 0 0 0 0 0 0 0 0 0 0 0 0 0 0 0 0 0 0 0 0 0 0 0 0 0 0
5 2 0 0 0 18 41 23 27 7 17 0 48 4 0 15 8 0 0 0 0 0 3 1 1 0 5009 11201 0 0 0 5 6 0 13 0 0 0 12 7 0 0 0 0 1 0 0 0 3 2 0 2 0 0 0 0 0 10 0 0 0 0 1 0 0 0 0 6 0 0 0 0 0 8 0 0 0 0 0 0 0 0 0 0 0 0 0 0 0 660 0 0 6 24 0 0 0 0 0 0 0 0 0 0 0 0 15 7 1 0
0 0 0 0 0 0 0 0 0 0 0 0 0 0 0 0 0 0 0 0 0 0 6848 0 0 0 183 0 0 0 0 0 0 0 0 0 0 0 0 1 0 0 0 0 0 0 0 0 0 0 0 0 0 0 0 0 0 0 0 0 0 0 0 0 0 0 0 0 0 0 0 0 0 0 0 0 0 0 0 0 0 0 0 0 0 0 0 0 0 7 0 0 0 1 0 0 0 0 0 0 0 0 0 0 0 0 0 0 0 0
0 2 11 1 0 2 3 2 1 1 4 0 60 0 0 0 0 0 0 2 1 0 7 5 0 0 0 23 0 0 0 0 0 3 1 1 0 0 0 0 0 0 0 0 0 0 0 0 0 0 0 0 0 0 0 0 0 0 0 0 0 0 0 0 0 0 0 0 0 0 0 0 0 0 0 0 0 0 0 0 0 0 0 0 0 0 0 0 0 132 0 0 0 1 0 0 0 0 0 0 0 0 0 0 0 0 0 0 0 0
0 0 0 0 0 0 1 0 0 0 0 5 0 0 0 0 0 0 57233 0 0 3238 0 0 0 0 0 0 0 0 0 0 198 0 0 0 0 0 0 0 1 0 0 0 0 0 0 0 0 0 0 0 0 0 0 0 0 0 0 0 0 0 0 0 0 0 0 0 0 0 0 0 0 0 0 0 0 0 0 0 0 0 0 0 0 0 0 0 0 862 0 0 0 1 0 0 0 0 0 0 0 0 0 0 0 0 0 0 0 0
0 0 0 0 0 0 0 0 8 20 0 166 0 0 0 0 0 0 0 40351 0 2692 0 0 0 0 0 0 0 0 0 0 0 0 0 0 0 0 0 0 2 0 0 0 0 0 0 0 0 0 0 0 0 0 0 0 0 0 0 0 0 0 0 0 0 0 0 0 0 0 0 0 0 0 0 0 0 0 0 0 0 0 0 0 0 0 0 0 0 1575 0 0 0 1 0 0 0 0 0 0 0 0 0 0 0 0 0 0 0 0
0 0 0 0 0 0 8 0 0 3 1 13 0 3 0 11 6 0 0 0 32585 5720 0 0 1 0 0 0 0 0 0 3 4 0 6 1 0 0 8 0 1 0 0 0 1 0 0 0 2 2 0 2 0 0 9 0 0 7 0 0 0 0 0 0 0 0 0 4 0 0 0 0 0 0 0 0 0 1 0 0 0 0 0 0 0 0 3 0 0 121 0 0 4 39 0 0 0 0 0 0 0 0 0 0 0 0 0 3 1 0
0 0 0 0 0 34 0 0 0 41 362 5 0 0 0 0 0 0 1529 1260 3415 4435 0 4752 0 4 0 0 0 0 0 0 5 0 0 0 0 0 0 0 0 0 0 0 0 0 0 0 0 0 0 0 0 0 0 0 0 0 0 0 0 0 0 0 0 0 0 0 0 0 0 0 0 0 0 0 0 0 0 0 0 0 0 0 0 0 0 0 0 89 0 0 0 5 0 0 0 0 0 0 0 0 0 0 0 0 0 0 0 0
0 0 0 0 0 1 0 0 0 0 0 27 0 0 0 0 0 0 147 113 97 235 0 0 0 0 0 0 0 0 0 0 0 0 0 0 0 0 0 0 0 0 0 0 0 0 0 0 0 0 0 0 0 0 0 0 0 0 0 0 0 0 0 0 0 0 0 0 0 0 0 0 0 0 0 0 0 0 0 0 0 0 0 0 0 0 0 0 0 258 0 0 0 0 0 0 0 0 0 0 0 0 0 0 0 0 0 0 0 0
0 0 0 0 0 89 133 0 0 142 0 9 0 0 0 0 0 0 384 0 0 14159 0 13380 0 0 0 0 0 0 0 0 2 0 0 0 0 0 0 0 0 0 0 0 0 0 0 0 0 0 0 0 0 0 0 0 0 0 0 0 0 0 0 0 0 0 0 0 0 0 0 0 0 0 0 0 0 0 0 0 0 0 0 0 0 0 0 0 0 168 0 0 0 2 0 0 0 0 0 0 0 0 0 0 0 0 0 1 0 0
0 0 0 0 0 0 0 0 0 0 0 0 0 0 0 0 0 0 0 0 0 0 4 0 1 0 0 0 0 11 0 0 0 169 73 12 0 0 0 0 0 0 0 5 1 0 0 0 0 0 0 0 0 0 0 0 0 5 0 0 0 0 326 0 0 0 0 0 0 0 0 1 0 0 0 0 0 0 0 0 0 0 0 0 0 0 0 0 0 0 0 0 0 0 0 0 0 0 0 0 0 0 0 0 0 0 14 1 0 0
19 12 0 5 0 11 14 7 5 3 15 1 0 0 0 0 0 1 0 0 0 0 42 7 0 0 0 10 104 0 0 0 0 23 0 4 0 0 0 1 1 0 0 0 0 0 0 0 0 3 0 0 0 0 0 1 0 1 1 0 0 0 0 0 0 0 0 0 0 0 0 0 0 0 0 0 0 0 0 0 0 0 0 0 0 0 0 0 0 753 0 0 0 6 0 0 0 0 0 0 0 0 0 0 0 0 0 0 0 0
0 0 0 0 0 0 0 0 0 0 0 0 0 0 0 0 0 0 0 0 0 0 0 0 0 0 0 0 8351 0 0 0 0 0 0 0 0 0 0 0 0 0 0 0 0 0 0 0 0 0 0 0 0 0 0 0 0 0 0 0 0 0 0 0 0 0 0 0 0 0 0 0 0 0 161 0 0 0 0 0 0 0 0 0 0 0 0 0 0 0 0 10 0 65 0 0 0 0 0 0 0 0 0 0 0 0 15 2 0 0
69 102 76 18 5 77 98 82 53 45 122 4 62 74 0 155 47 8 138 153 189 159 969 202 78 435 110 592 533 67 125 135 127 159 132 171 73 133 129 18 34 88 68 875 1733 765 935 195 217 413 120 2349 33 207 59 0 8 125 14 0 131 0 539 177 29 0 79 618 190 0 0 37 0 314 391 0 22 0 46 28 99 60 93 0 45 67 669 0 0 49 0 102 118 247 0 7 0 4 1 1 14 8 1 4 8 7 256 77 176 39
2 2 0 0 0 1 1 0 0 0 2 0 0 0 0 0 0 2 0 0 0 0 2 1 0 2 0 0 0 0 0 0 1 0 0 0 0 5 35 1 10 0 0 0 19 36 7 0 2 1 0 0 0 0 0 0 0 0 0 0 0 0 0 0 0 0 0 0 0 0 0 0 0 0 0 0 0 0 0 0 0 0 0 0 0 0 0 0 0 0 0 0 0 0 0 0 0 0 0 0 0 0 0 0 0 0 0 0 1 0
5 2 0 0 0 0 1 0 0 0 3 1 86 13 0 224 0 222 7 0 0 0 1 0 0 0 0 0 0 0 0 0 0 1 2 0 0 12 35 4 2 0 0 469 420 953 14 0 2 6 0 4 0 0 0 0 0 0 1 0 0 0 0 0 0 0 0 11 0 0 0 0 0 0 0 119 0 0 6 0 0 0 0 0 0 5 0 0 0 1 0 0 0 5 0 0 0 0 0 0 0 0 0 0 0 0 20 0 2 0
0 0 0 0 0 0 0 0 0 0 0 0 0 0 0 0 0 0 0 0 0 0 1 0 0 0 0 0 0 0 0 0 11 0 0 0 0 0 0 1 0 0 4 1 0 0 4 0 0 0 0 0 0 0 0 0 0 0 0 0 0 0 0 0 0 0 0 0 0 0 0 0 0 0 0 0 0 2 0 0 0 0 0 0 0 0 0 0 0 0 0 0 0 2 0 0 0 0 0 0 0 0 0 0 0 0 0 0 0 0
0 0 0 0 0 0 570 160 0 0 0 16 1 3 0 0 0 1 0 0 0 0 73 0 11 222 0 0 0 0 4 0 283 0 1 9 0 0 2 19 1 270 488 15 13 24 117 0 0 0 0 0 6 0 19 5 27 7 4 0 0 0 0 0 0 0 0 1 0 0 0 1 0 0 0 0 0 99 2 0 0 0 0 0 0 0 0 0 0 0 0 0 0 136 0 0 0 0 0 0 0 0 0 0 0 0 3 0 4 0
8 6 14 2 0 357 0 510 0 0 672 52 20 36 0 51 10 2 542 0 40 19 243 0 32 740 509 62 1022 0 44 31 30 0 23 0 0 14 18 7 5 0 0 30 32 35 29 33 76 20 5 68 10 0 73 69 67 15 26 0 0 0 48 0 0 0 1 214 0 0 12 7 0 0 50 0 0 26 9 0 2 0 2 0 0 8 0 0 0 6 0 0 11 114 0 1 0 0 0 0 1 1 0 0 1 1 63 0 17 4
5 2 1 0 0 57 292 0 0 0 112 8 11 18 0 0 12 1 80 0 0 0 30 0 1 114 0 0 22 0 42 42 35 0 23 0 0 3 58 2 1 0 0 23 7 9 30 0 1 5 0 0 132 0 9 32 0 74 1 0 0 0 0 0 0 0 0 11 0 0 0 30 0 0 1198 0 0 0 1 3 0 0 0 0 0 1 0 0 0 1 0 0 0 23 0 0 0 0 0 0 0 0 0 0 0 0 13 0 4 0
9 6 6 0 0 0 0 0 0 0 0 9 6 6 0 3 11 0 92 0 3 0 36 0 4 125 41 0 0 0 21 22 24 0 10 3 0 2 23 1 1 9 3 12 3 33 12 0 9 5 0 3 40 0 13 17 3 29 1 0 0 0 6 0 0 0 0 20 0 0 0 27 0 0 0 0 0 2 0 1 0 0 2 0 1 2 0 0 0 0 0 0 0 12 0 0 0 0 0 0 0 0 0 0 0 0 0 0 9 0
0 0 0 0 0 42 420 117 61 17 168 0 0 2 0 0 0 0 0 0 0 0 0 0 0 0 132 0 17 0 1 5 9 0 0 0 0 0 3 0 0 0 0 0 0 0 0 0 3 1 0 1 0 0 0 1 0 2 0 0 0 0 0 0 0 0 0 1 0 0 0 9 0 0 0 4 0 0 1 0 0 0 0 0 0 1 0 0 0 0 0 0 0 10 0 0 0 0 0 0 0 0 0 0 0 0 0 8 4 0
0 0 0 0 0 841 6695 2080 0 87 0 99 0 37 0 0 20 1 1103 22 39 6 1116 0 777 1460 489 0 366 0 49 29 44 0 17 0 0 3 66 2 2 0 0 22 6 3 0 0 0 0 0 0 149 0 0 36 0 82 0 0 0 0 0 0 0 0 0 12 0 0 0 31 0 0 0 11 0 0 9 0 0 0 0 0 0 2 0 0 0 0 0 5 0 123 0 0 0 0 0 0 0 0 0 0 0 0 83 58 4 0
0 0 0 0 0 0 0 0 0 0 0 0 0 0 0 0 0 0 0 0 0 0 35 0 0 0 0 0 0 0 0 0 0 0 0 0 0 0 0 0 0 0 0 0 0 0 0 0 0 0 0 0 0 0 0 1 0 0 0 0 0 0 0 0 0 0 0 0 0 0 0 0 0 0 0 2 0 0 1 0 0 0 0 0 0 0 0 0 0 0 0 0 0 0 0 0 0 0 0 0 0 0 0 0 0 0 0 0 0 0
11 8 8 0 0 3 23 8 0 0 34 0 2 0 0 0 9 0 0 0 0 0 1 0 3 0 0 0 0 0 3 0 0 0 0 0 0 0 0 0 0 0 0 1 1 48 0 0 5 2 0 1 0 0 0 0 0 5 0 0 0 0 0 0 0 0 0 27 0 0 0 0 0 0 0 0 0 0 0 0 0 0 0 0 0 0 0 0 0 0 0 0 0 0 0 0 0 0 0 0 0 0 0 0 0 0 0 0 0 0
0 14 0 0 8 3383 15648 5132 811 238 6028 391 659 204 0 2132 1010 8 4141 0 58 0 0 0 87 6215 0 1434 1178 0 0 662 24 0 340 163 5 2 34 19 9 650 0 4296 171 455 1574 117 54 53 0 45 78 0 293 34 396 443 155 0 0 0 0 0 0 0 0 32 628 0 567 221 0 0 2 123 0 11 18 0 0 0 576 0 0 25 0 0 0 5 0 0 107 399 0 0 0 0 0 0 0 0 0 0 0 0 0 409 165 0
0 1 0 1 0 703 2872 1199 273 80 1576 61 0 73 0 144 55 6 709 0 56 3 424 95 37 935 0 0 553 0 51 0 34 0 17 0 0 1 19 13 11 0 0 49 92 85 0 0 16 16 0 14 29 0 173 219 263 16 111 0 0 0 0 0 0 0 0 46 0 0 0 0 0 0 0 14 0 73 5 0 0 0 0 0 0 4 0 0 0 0 0 0 0 78 0 0 0 0 0 0 0 0 0 0 0 0 47 0 3 0
2563 880 479 39 1 150 182 176 55 52 2127 3 0 0 0 59 32 2 97 0 0 38 0 0 14 51 0 0 0 0 59 0 68 0 39 0 0 60 66 11 188 0 0 48 48 27 0 67 88 59 0 118 43 0 0 54 0 56 4 0 400 0 217 0 0 0 18 253 0 0 0 18 0 0 0 18 0 0 17 0 0 13 0 0 0 29 0 0 0 21 0 16 6 50 0 3 0 3 0 0 6 3 0 2 3 3 69 19 44 18
0 0 11 0 0 0 0 1 2 2 1 0 52 26 0 63 15 2 5 13 15 2 74 64 13 1 62 227 198 0 15 0 8 0 0 0 0 0 3 4 4 0 0 30 39 50 77 1 7 0 0 6 1 0 109 97 73 1 48 0 0 0 0 0 0 0 0 19 0 0 99 0 0 16 0 0 0 47 3 0 0 0 1 0 0 1 0 3 0 0 0 0 0 3 0 0 0 0 0 0 0 0 0 0 0 0 0 0 1 0
18 9 14 1 0 2 13 3 2 564 6 0 94 85 0 1 99 13 0 0 0 0 0 0 1 0 64 0 0 0 0 5276 883 120 78 55 0 20 289 5 6 0 270 113 0 50 160 3 11 0 0 0 647 4085 15 243 0 363 11 0 0 0 96 0 0 0 0 57 0 0 3 0 0 0 0 40 0 0 0 0 0 0 0 0 0 7 0 15 0 1 0 0 0 50 0 0 0 0 0 0 0 0 0 0 0 0 0 0 16 0
0 0 0 0 0 0 0 0 0 497 0 3 86 74 0 41 78 5 0 0 0 0 0 0 6 39 0 66 54 54 0 0 31 15 159 60 0 11 251 3 10 0 245 108 0 50 153 0 0 0 0 0 571 0 0 343 0 315 0 0 0 0 0 0 0 0 0 72 0 0 6 0 0 0 0 0 0 0 0 0 0 0 0 0 0 6 0 15 0 0 0 0 0 66 0 0 0 0 0 0 0 0 0 0 0 0 0 0 53 0
0 0 0 0 0 0 0 0 0 272 0 1 45 38 0 0 46 0 0 0 0 0 0 0 0 0 0 0 0 0 0 0 0 0 49 0 0 12 168 0 1 0 142 52 0 17 67 0 0 0 0 0 313 0 0 120 0 173 0 0 0 0 0 0 0 0 0 25 0 0 0 0 0 0 0 17 0 0 0 0 0 0 0 0 0 3 0 0 0 0 0 0 0 10 0 0 0 0 0 0 0 0 0 0 0 0 0 0 8 0
24 14 19 3 0 8 20 2 5 11 14 0 0 21 0 1 0 5 9 36 39 3 331 245 105 0 81 399 337 905 0 0 8 0 5262 691 0 1 11 4 3 0 0 429 77 0 41 42 10 0 2 36 11 0 0 576 0 429 84 0 0 0 25005 0 0 0 0 16 0 0 66 67 0 102 0 0 0 0 9 0 0 10 0 0 0 1 0 0 0 0 0 4 1 20 0 0 0 0 0 0 0 0 0 0 0 0 0 27 2 0
1 0 0 0 0 0 0 0 0 1 0 0 1 1 0 0 0 0 0 0 0 0 7 0 3 0 0 0 0 139 0 0 0 0 0 3220 10 0 1 37 0 0 0 41 38 0 1 36 23 1477 0 0 1 0 171 39 0 89 187 0 0 0 634 0 0 0 0 21 0 0 2 0 0 0 0 0 0 0 0 0 0 0 0 0 0 0 0 0 0 0 0 0 0 0 0 0 0 0 0 0 0 0 0 0 0 0 33 0 0 0
7 4 2 0 0 1 5 0 1 6 3 0 0 106 0 23 11 47 0 2 112 0 160 118 16 14 0 71 12 22 0 0 2366 0 0 0 0 0 4 175 33 1984 4057 259 152 179 951 25 23681 0 0 132 7 0 198 77 0 51 813 1 3 0 700 0 0 0 0 38 0 0 8 123 0 0 0 0 0 790 1 0 0 0 0 0 56 0 0 0 0 19 0 2 0 1034 0 0 0 0 0 0 0 0 0 0 0 0 51 4 40 0
19 14 19 4 1 18 21 18 11 39 28 7 34 135 0 63 30 3 51 26 61 49 70 67 27 106 0 79 9 36 102 108 94 42 0 150 0 36 48 12 7 0 97 52 34 39 55 104 192 53 13 158 40 0 0 81 0 49 13 0 34 0 143 35 28 15 20 480 13 0 101 25 0 0 0 9 0 0 15 2 0 0 0 0 0 0 0 0 0 27 0 18 0 65 0 1 0 1 0 1 3 2 0 1 2 2 131 32 0 10
0 0 0 0 0 0 0 0 0 0 0 0 0 0 0 0 0 0 0 0 0 0 0 0 0 0 0 0 0 0 0 0 0 0 0 0 0 0 0 0 0 0 0 0 0 0 0 0 0 0 0 0 0 0 0 0 0 0 0 0 0 0 0 0 0 0 0 0 0 0 0 0 0 0 0 0 0 0 0 0 0 0 0 0 0 0 0 0 0 0 0 0 0 0 0 0 0 0 0 0 0 0 0 0 0 0 0 0 0 0
0 0 0 0 0 0 0 0 0 0 0 0 0 0 0 0 0 0 0 0 0 0 0 0 0 0 0 0 0 0 0 0 0 0 0 0 0 0 0 0 0 0 0 0 0 0 0 0 0 0 0 0 0 0 0 0 0 0 0 0 0 0 0 0 0 0 0 0 0 0 0 0 0 0 0 0 0 0 0 0 0 0 0 0 0 0 0 0 0 0 0 0 0 0 0 0 0 0 0 0 0 0 0 0 0 0 0 0 0 0
0 0 0 0 0 0 0 0 0 0 0 0 0 0 0 0 0 0 0 0 0 0 2 0 0 0 0 0 0 0 0 0 63 0 0 0 0 0 0 0 0 0 81 3 1 0 26 0 0 0 0 0 0 0 0 0 0 0 0 0 0 0 0 0 0 0 0 0 0 0 0 0 0 0 0 0 0 18 0 0 0 0 0 0 0 0 0 0 0 0 0 0 0 24 0 0 0 0 0 0 0 0 0 0 0 0 0 0 0 0
0 0 0 0 0 0 0 0 0 0 0 0 0 0 0 0 0 0 0 0 0 0 0 0 0 0 0 0 0 0 0 0 0 0 0 0 0 0 0 0 0 0 0 0 0 0 0 0 0 0 0 0 0 0 0 0 0 0 0 0 0 0 0 0 0 0 0 0 0 0 0 0 0 0 0 0 0 0 0 0 0 0 0 0 0 0 0 0 0 0 0 0 0 0 0 0 0 0 0 0 0 0 0 0 0 0 0 0 0 0
2774 935 489 34 26 87 109 78 22 1285 2112 30 240 401 0 86 430 28 0 3 13 0 208 245 2 167 0 15 73 2 1204 567 983 1720 1711 0 33 30 663 258 224 0 2567 1178 377 617 3250 69 170 2381 214 80 1466 0 679 437 0 1600 367 0 0 0 13 0 0 0 0 127 63 0 341 232 0 0 0 2 0 0 0 28 0 0 0 0 0 32 0 0 0 557 0 0 14 1529 0 0 0 0 0 0 1 0 0 0 0 0 57 0 501 0
9 5 110 3 4 124 1234 353 199 86 502 7 468 240 0 560 216 0 0 165 38 0 1268 494 752 3152 3949 1929 2283 41 0 0 0 108 111 0 0 1 40 0 37 0 0 301 222 389 609 182 186 1267 4130 15638 33 620 1865 921 104 108 613 1 0 0 0 0 0 0 0 260 0 0 885 0 0 0 0 99 492 540 6 0 2 0 0 0 0 13 0 0 0 0 0 3 0 50 0 1 0 0 0 0 1 0 0 0 0 0 12 0 6 0
1 0 5 0 0 1 0 0 0 0 1 0 8 2 0 22 0 0 0 0 0 0 1 0 0 0 0 0 0 0 0 0 0 0 0 0 0 0 0 0 0 0 0 0 0 0 0 0 0 0 0 1 0 0 0 99 0 6 0 0 0 0 0 0 0 0 0 3 0 0 11 0 0 0 0 0 0 0 0 0 0 0 0 0 0 1 0 0 0 0 0 0 0 9 0 0 0 0 0 0 0 0 0 0 0 0 0 0 8 0
0 0 0 0 0 0 0 0 0 230 0 0 36 32 0 0 0 1 0 0 0 0 0 0 0 0 0 0 0 0 61 64 52 0 0 0 0 5 116 0 1 0 0 584 0 0 0 0 0 0 0 2 264 63 656 311 0 146 0 0 0 0 0 0 0 0 0 31 0 0 0 35 0 0 0 0 0 0 0 8 0 0 0 0 0 4 0 0 0 0 0 0 0 45 0 0 0 0 0 0 0 0 0 0 0 0 0 0 10 0
9 5 10 1 1 4 6 3 1 8 5 2 10 8 0 0 0 127 0 0 0 0 18 0 10 0 0 0 0 0 0 0 0 207 25 0 0 3 23 2 53 0 0 2733 3143 0 5486 0 9 0 0 6 9 0 0 288 0 18 0 0 0 0 0 0 0 0 0 53 0 0 0 0 0 0 0 0 0 0 0 0 4 0 0 0 0 4 0 0 0 0 0 9 0 6 0 0 0 0 0 0 0 0 0 0 0 0 0 0 27 0
0 30 8 1 0 7 14 12 8 96 18 0 12 13 0 0 0 0 0 0 0 0 431 12 0 176 0 85 175 0 0 0 0 0 0 0 0 2 48 0 4 0 0 323 652 0 0 2 0 41 0 0 110 0 0 308 0 93 0 0 0 0 0 0 0 0 0 13 19 0 0 0 0 0 0 0 0 0 0 0 0 0 0 0 0 2 0 0 0 0 0 0 8 3 0 0 0 0 0 0 0 0 0 0 0 0 0 0 15 0
7 5 4 2 0 7 8 5 4 6 9 0 7 8 0 55 9 31 10 0 11 6 11 15 8 1 0 0 0 0 0 7 13 0 0 0 0 14 13 9 8 0 0 8 8 2 0 0 26 0 0 0 5 0 285 518 0 55 1 1 175 0 32 0 0 0 0 971 0 0 8 0 0 16 0 0 0 0 4 0 0 0 0 0 0 7 0 1 0 5 0 0 0 4 0 2 0 1 0 0 2 1 0 1 1 1 7 0 9 4
0 0 0 0 0 0 0 0 0 0 0 0 0 0 0 0 0 0 0 0 0 0 0 0 0 0 0 0 0 0 0 0 1 0 0 0 0 0 0 1 0 0 0 19 12 0 6 0 0 0 0 0 0 0 0 1 0 0 326 0 3 0 0 0 0 0 0 14 0 0 0 0 0 0 0 0 0 0 0 0 0 0 0 0 0 0 0 0 0 0 0 0 0 0 0 0 0 0 0 0 0 0 0 0 0 0 0 0 0 0
0 0 0 0 0 0 0 0 0 1 0 0 0 0 0 0 0 1 0 0 0 0 0 0 0 0 0 0 0 453 10 3 1 70 0 411 0 0 0 3 0 0 0 123 290 5 0 172 47 0 0 0 1 0 905 101 0 286 702 0 34 0 0 0 0 0 0 76 0 0 0 0 0 0 0 0 0 0 0 0 0 0 0 0 0 0 0 0 0 0 0 0 0 0 0 0 0 0 0 0 0 0 0 0 0 0 0 0 0 0
2 1 7 0 0 0 1 0 2 1 0 0 0 0 0 12 7 5 7 0 1 34 54 18 89 2 0 172 241 20 70 79 68 0 18 95 0 0 0 3 3 0 0 24 11 21 52 132 85 107 0 137 1 0 0 151 0 0 0 6 7 0 17 31 0 0 0 19 0 0 0 0 0 1 0 0 0 0 0 0 0 0 0 0 0 0 0 0 0 0 0 0 0 0 0 2 0 0 0 0 0 0 0 0 0 0 0 0 0 0
0 0 0 0 0 0 0 0 0 1 0 0 0 0 0 0 0 0 0 0 0 0 0 0 0 0 0 0 0 0 0 1 1 0 36 0 0 0 0 2 0 0 0 0 0 0 0 59 23 0 0 0 1 0 205 8 0 31 22 0 39 0 0 0 0 0 0 76 0 0 0 0 0 0 0 0 0 0 0 0 0 0 0 0 0 0 0 0 0 0 0 0 0 0 0 0 0 0 0 0 0 0 0 0 0 0 0 0 0 0
0 0 0 0 0 0 0 0 0 0 0 0 0 0 0 0 0 0 0 0 0 0 0 0 0 0 0 0 0 0 0 0 0 0 0 0 0 0 0 0 0 0 0 0 0 0 0 0 0 0 0 0 0 0 0 53 0 0 0 0 98 0 0 0 0 0 0 36 0 0 0 0 0 0 0 0 0 0 0 0 0 0 0 0 0 0 0 0 0 0 0 0 0 0 0 0 0 0 0 0 0 0 0 0 0 0 0 0 0 0
897 475 820 38 9 991 2585 2269 682 212 2992 5 280 1903 0 273 87 47 30 188 805 39 563 645 173 117 518 1258 1010 1143 0 188 401 18919 4349 1912 2728 11 318 50 37 181 0 1251 0 586 536 2813 2398 920 1222 1445 85 0 1426 3439 762 1364 442 2 262 0 30698 17 184 150 0 894 30 0 724 416 0 0 1038 46 65 242 38 21 28 24 163 0 72 0 0 259 0 92 0 100 102 298 0 2 0 0 0 0 1 1 0 0 1 1 555 400 64 0
21 9 67 2 1 1 6 0 4 7 3 6 142 262 0 111 86 72 0 0 0 0 45 63 31 95 0 0 170 0 0 6 89 92 0 0 589 0 3 20 14 0 0 86 0 87 80 0 110 0 23 0 9 0 0 190 0 761 543 0 0 0 0 0 0 0 0 18 38 0 403 0 0 0 0 313 0 185 6 0 0 0 0 0 0 13 0 0 0 20 0 5 0 24 0 1 0 0 0 0 1 1 0 0 1 1 77 0 11 0
30 14 126 5 6 16 17 13 5 1 37 7 0 3 39056 603 397 2 0 0 0 0 0 0 0 1 0 0 0 0 0 0 0 0 0 0 0 207 10227 2 1 0 0 0 0 0 0 0 0 0 0 0 0 0 0 0 0 0 2 0 0 0 0 0 0 0 0 0 0 0 0 0 0 0 0 0 0 0 0 0 0 0 0 0 0 0 0 0 0 2 0 0 0 2 0 0 0 0 0 0 0 0 0 0 0 0 2 0 0 0
232 204 94 100 21 122 146 167 116 49 307 3 3109 1084 0 1427 152 39 0 0 3 0 1 15 2879 5 0 0 41 0 2991 2394 1454 40 1227 749 97 7587 2053 11 6 495 0 2090 169 1151 778 197 1140 1919 1310 1458 30 0 1578 603 0 5075 1006 0 119 529 1295 871 1120 971 0 116 553 0 0 1 0 192 0 0 25 0 84 65 4875 6269 0 0 0 5 0 34 0 266 0 0 0 5 0 1 0 1 0 0 2 1 0 1 1 1 0 214 36 0
0 0 0 0 0 0 0 0 0 0 0 0 0 0 0 59 31 3 0 0 0 0 0 0 0 0 0 0 0 0 0 0 0 0 0 0 0 0 0 4 0 0 0 0 0 0 0 0 0 0 0 0 0 0 0 619 0 0 0 0 0 0 0 0 0 0 0 0 0 0 371 0 0 0 0 0 0 0 109 87 0 0 0 0 0 0 0 0 0 0 0 3 0 0 0 0 0 0 0 0 0 0 0 0 0 0 0 0 0 0
453 153 81 6 4 15 18 13 4 1 345 0 0 8 0 0 0 0 0 0 0 0 1 1 0 0 0 0 0 0 0 8 1 0 0 0 0 0 0 0 33 0 0 0 2 2 8 0 0 0 0 0 1 0 0 0 0 0 0 0 86 0 23 0 0 0 0 0 0 0 1 0 0 0 0 0 0 0 0 0 0 0 0 0 0 0 0 0 0 0 0 0 0 0 0 0 0 0 0 0 0 0 0 0 0 0 0 0 1 0
0 0 0 0 0 0 0 1 0 0 1 0 0 0 0 0 0 0 1 0 0 0 0 0 0 0 1 0 0 0 0 0 0 0 0 0 0 0 0 0 0 0 0 0 0 0 0 0 0 0 0 0 0 0 0 0 0 0 0 0 0 0 0 0 0 0 0 0 0 0 0 0 0 0 0 0 0 0 0 0 0 0 0 0 0 0 0 0 0 0 0 0 0 0 0 0 0 0 0 0 0 0 0 0 0 0 0 0 0 0
141 104 102 1 1 21 95 52 29 7 373 0 99 143 0 191 103 2 7 32 27 4 192 262 324 256 44 1147 0 28 82 97 184 31 137 0 0 37 2 3 0 96 152 91 73 257 266 0 0 0 0 0 0 0 82 23 0 213 0 0 0 0 0 0 33 72 0 0 750 0 0 12 0 0 0 15 0 0 1 0 30 0 0 0 0 8 0 0 3 0 0 7 0 21 0 0 0 0 0 0 0 0 0 0 0 0 49 0 56 0
2452 1778 1914 25 12 346 1597 1016 486 121 6114 1 627 1930 740 2864 1573 6 125 814 478 98 3340 4445 5685 4386 5879 3353 2288 505 638 913 1626 620 1544 103 63 246 742 6 4 1063 3618 1660 1646 6449 4976 1127 1050 13385 731 1224 56 131 722 87 0 790 3 0 0 0 0 0 199 479 9 0 13015 0 550 366 320 0 137 131 0 0 1 0 0 0 438 0 939 65 0 0 0 374 0 340 57 338 0 0 0 0 0 0 0 0 0 0 0 0 680 479 877 0
32 23 0 0 0 4 19 11 5 2 77 0 27 40 0 125 26 2 1 0 3 0 42 53 72 46 13 42 0 6 0 36 72 0 0 0 0 51 71 3 1 0 59 20 11 65 57 0 0 1 0 0 0 0 27 16 0 95 0 0 0 0 0 0 7 17 0 0 156 0 12 0 0 0 0 7 1 0 0 0 9 0 0 0 0 3 0 0 1 0 0 0 0 5 0 0 0 0 0 0 0 0 0 0 0 0 13 11 14 0
181 131 118 2 1 26 118 59 36 9 450 0 96 181 0 235 129 0 9 43 35 5 242 793 414 319 83 245 116 37 126 156 273 44 157 12 0 1 1 0 0 105 301 108 59 167 320 94 0 75 0 0 0 0 106 12 0 279 0 0 0 0 0 0 26 62 0 0 914 0 53 0 32 0 0 23 2 0 1 0 26 0 0 0 0 9 0 0 4 0 0 4 0 28 0 0 0 0 0 0 0 0 0 0 0 0 61 0 71 0
333 241 241 3 2 47 217 125 66 16 830 7 79 257 0 385 211 25 17 96 62 11 453 601 772 596 143 448 268 66 63 90 195 81 204 2 0 617 105 16 14 97 461 223 211 807 664 139 84 32 127 139 0 0 76 355 0 79 0 0 0 0 0 0 0 0 4 0 1808 0 77 0 0 0 0 17 0 0 0 0 0 0 0 0 0 9 0 0 0 23 0 41 0 47 0 0 0 0 0 0 1 0 0 0 0 0 96 0 125 0
494 358 369 5 2 70 322 193 98 24 1232 10 117 382 39 572 314 36 25 153 99 19 673 899 1147 885 222 672 431 100 125 166 304 122 303 11 0 872 153 31 16 234 702 332 327 1225 992 213 227 86 360 378 0 0 123 461 0 117 1 0 0 0 0 0 88 0 3 0 2662 0 436 208 318 0 431 96 0 0 1 0 0 0 419 0 0 49 0 0 29 63 0 295 41 271 0 1 0 1 0 0 4 2 0 1 2 2 543 375 706 0
177 128 139 2 1 25 115 74 35 9 442 0 42 0 0 0 156 1 1 0 4 1 27 36 42 37 8 30 0 8 49 7 3 30 1 6 0 5 0 0 0 31 103 118 0 759 36 124 81 35 16 17 0 46 45 0 74 79 0 0 0 0 146 0 0 0 0 430 4 0 0 0 0 0 0 0 0 0 0 0 0 0 0 0 0 0 0 0 0 1 0 0 0 0 0 0 0 0 0 0 0 0 0 0 0 0 0 0 0 0
0 0 0 0 0 0 0 0 0 0 0 0 0 0 0 550 0 1 0 0 0 0 0 0 0 0 0 0 0 0 0 0 0 0 0 0 0 155 1 5 8 0 0 0 0 0 0 0 0 0 0 0 0 0 0 37 0 0 0 0 0 0 0 0 0 0 0 0 0 0 0 0 0 0 0 0 0 0 0 0 0 0 0 0 0 0 0 0 0 0 0 0 0 0 0 0 0 0 0 0 1 0 0 0 0 0 0 0 0 0
3317 1685 3432 132 26 304 1475 948 335 89 1140 6 609 14 0 92 44 8 10 44 24 6 83 2607 59 660 0 516 478 21 86 42 28 30 66 5802 0 1 70 15 4 0 60 49 31 11 0 90 370 11807 86 160 0 0 0 97 0 268 0 0 0 0 0 0 0 0 0 74 0 0 105 0 0 0 192 10 5 0 1 0 7 0 0 0 0 30 0 0 0 429 0 1758 178 275 0 0 0 0 0 0 1 0 0 0 0 0 227 111 278 0
1985 974 2178 90 16 142 1277 376 212 74 564 80 1899 1757 3189 5286 2399 156 96 1001 3476 75 826 552 823 347 638 1571 1311 331 871 1882 2027 4731 2537 954 1782 218 3150 211 69 1297 1103 615 187 10444 722 3603 3833 4081 2081 2575 53 94 4879 3523 1213 3155 434 2 2916 3185 173 5155 4414 4155 21 2213 8564 0 2525 2781 771 2096 2229 194 67 510 2010 2612 68 661 713 0 11039 1989 3238 766 189 0 2032 1050 1661 2102 1623 8 0 3 1 1 10 6 1 3 6 5 3701 1426 633 0
201 76 44 19 0 28 24 228 37 19 22 15 0 0 1949 152 157 36 12 0 37 4 0 160 31419 0 0 383 537 0 0 0 0 0 0 0 0 194 198 7 5 0 0 0 0 391 0 0 0 0 0 0 0 0 0 594 443 0 0 0 679 0 0 0 0 0 0 215 0 0 0 259 0 0 0 0 4891 0 0 0 0 0 33 0 0 137 0 5156 0 0 0 71 87 222 0 1 0 1 0 0 3 2 0 1 1 1 714 0 347 0
39 32 17 15 3 18 24 24 18 7 47 0 467 166 0 214 31 1 0 0 0 0 0 0 429 2 0 0 0 8 300 230 151 0 65 0 0 1139 318 2 0 0 170 312 0 169 93 28 175 408 197 223 5 0 195 91 0 125 151 0 0 0 184 102 125 0 0 13 105 0 0 0 0 0 0 0 0 0 13 0 719 0 0 0 0 1 0 0 0 40 0 0 0 4 0 0 0 0 0 0 0 0 0 0 0 0 3 0 6 0
3502 1203 753 48 33 120 192 125 42 9 2620 160 1855 2182 456 3722 1510 296 303 514 370 176 505 9589 203 645 164 534 13372 548 2933 2215 2616 7497 4408 217 509 290 6120 727 498 8507 5327 1259 23920 1399 3638 15339 304 3074 422 222 3 7103 4666 4195 64 4976 862 2 4 0 26 0 0 0 0 94 383 0 3982 2003 0 180 0 1884 0 3186 7388 7612 711 4903 157 0 890 32 0 0 98 687 0 213 223 3039 0 3 0 1 1 1 5 3 0 1 2 2 351 551 840 0
0 0 0 0 0 1329 1774 2539 573 32592 5312 71 5282 4538 0 8 5796 124 4685 362 181 34 51 274 58 31 12536 347 227 0 12654 13606 9548 0 5951 3869 735 719 16412 205 128 2563 26709 6221 1585 3009 11182 0 1 0 0 0 37249 1316 6798 9094 0 20545 3 1 833 12977 1088 934 2481 880 124 2997 1536 0 1 8531 0 0 1569 2679 0 0 15 1839 0 0 294 0 810 235 0 570 0 0 0 178 254 1988 0 1 0 1 0 0 2 1 0 1 1 1 1376 1127 938 0
98 89 11 3 3 1099 7814 2344 706 177 3015 170 441 0 0 510 318 52 1672 0 0 30 1714 5244 875 2309 0 327 840 4542 649 634 665 507 491 212 3366 27 263 42 12 217 162 399 309 608 565 121 681 256 161 257 32 0 1020 729 420 380 545 0 859 0 704 956 658 0 124 527 0 0 1386 561 1146 0 0 8 51 31 26 0 150 176 7431 0 45 366 0 515 1116 263 386 321 405 801 0 2 0 1 0 0 2 1 0 1 1 1 1420 2196 0 0
9 5 9 0 0 1 5 2 1 0 3 4 456 65 100 215 0 28 39 50 37 16 0 0 0 0 0 0 0 31 0 15 0 11 9 1 0 43 164 14 9 0 0 18 44 22 74 88 0 10 0 9 0 0 0 56 3 1 3 0 0 0 0 0 0 0 0 59 0 0 7 0 0 0 0 0 0 0 0 0 0 0 82 0 240 24 0 0 0 5 0 6 59 24 0 0 0 0 0 0 0 0 0 0 0 0 102 62 6 0
162 84 165 6 1 14 89 44 18 5 51 26 890 346 0 6356 1930 53 498 726 547 213 390 417 335 696 338 132 210 693 91 315 290 432 194 15 206 278 452 64 52 21 0 81 105 463 121 33 0 58 115 68 0 0 291 340 0 17 73 1 45 68 0 0 50 41 0 78 0 0 0 6 23 814 0 10 0 0 0 0 1144 0 40 261 0 1 0 0 0 6 0 11 45 93 0 1 0 0 0 0 1 1 0 0 1 1 123 392 21 0
2 2 3 1 0 2 1 0 0 0 1 0 8 5 644 37 34 0 0 0 5 0 31 24 13 10 0 0 59 0 62 102 145 13 27 0 5 44 64 0 6 38 0 9 7 14 8 9 63 25 15 24 1 0 0 86 15 36 5 0 14 5 6 19 18 11 0 11 3 0 46 2443 0 245 0 16 4 0 0 0 0 11 1 0 23 20 0 55 0 0 0 20 29 31 0 0 0 0 0 0 0 0 0 0 0 0 47 52 87 0
0 0 0 0 0 0 0 0 0 0 0 5 0 0 0 0 0 9 0 0 0 0 0 0 0 0 0 0 0 0 0 0 0 0 0 0 0 0 0 8 10 0 0 0 0 0 0 0 0 0 0 0 0 0 0 0 0 0 0 1 0 0 0 0 0 0 0 0 0 0 0 0 0 0 0 1043 9013 3591 0 0 0 0 603 0 0 0 0 0 0 0 0 1980 0 0 0 0 0 0 0 0 0 0 0 0 0 0 0 8 0 0
2 2 4 1 0 2 1 0 0 0 1 0 7 4 0 35 26 2 1 3 0 0 29 12 12 9 19 65 49 12 23 63 118 16 31 16 0 8 59 4 1 0 15 9 0 15 1 7 59 23 14 22 1 0 80 84 0 0 5 0 13 11 6 18 18 15 0 10 1 0 56 186 0 0 90 41 1102 395 1 0 55 0 35 0 64 14 69 58 0 0 0 17 27 29 0 0 0 0 0 0 0 0 0 0 0 0 23 50 81 0
0 0 0 0 0 0 0 0 0 0 0 5 0 0 0 93 43 13 3 0 8 2 49 31 16 75 38 110 94 157 9 18 13 5 68 18 134 1 35 12 8 241 0 23 70 0 40 157 2330 110 50 109 6 0 36 86 0 88 117 0 0 20 0 0 41 24 91 11 0 0 96 0 0 36 0 24 0 3 92 0 0 27 0 53 385 75 4 83 94 0 156 16 53 128 0 0 0 0 0 0 0 0 0 0 0 0 48 141 0 0
145 77 124 6 1 12 127 34 19 5 51 45 116 49 0 519 141 104 28 104 13 9 30 26 15 13 10 38 0 9 149 214 198 0 86 89 59 5 315 40 40 74 163 177 191 395 190 178 130 84 44 155 1 0 118 169 0 451 0 0 359 192 217 423 301 228 74 142 17 0 26 357 0 415 0 21 4 0 1645 1008 0 0 6 0 0 0 0 254 0 0 0 6 0 580 0 1 0 0 0 0 1 0 0 0 0 0 21 14 17 0
11 7 6 0 0 1 10 1 2 1 4 0 88 14 0 93 12 5 1 0 5 0 71 25 21 18 0 91 64 0 78 102 87 62 59 20 612 1 24 5 1 5 28 34 36 53 42 7 61 23 15 23 1 0 15 89 2 73 25 0 157 0 129 135 61 0 26 109 30 0 0 77 0 0 0 0 0 0 0 0 21 0 0 0 289 55 0 0 0 56 0 0 0 78 0 0 0 0 0 0 0 0 0 0 0 0 70 251 58 0
390 893 769 211 75 2173 2311 1343 1533 567 4375 123 80 2152 201 1681 1008 47 76 492 299 62 1370 2525 334 2248 812 2291 1700 21770 866 491 3897 256 2017 152 1253 331 1283 76 70 1738 1528 1502 889 2296 956 527 1249 2896 671 2143 0 368 1308 1254 25320 904 1150 0 3155 8436 0 0 11061 6019 0 3573 1293 41378 3157 1549 42410 2470 1121 1726 0 20 4467 3334 0 811 503 0 3638 5307 1338 965 0 0 462 27 1034 1019 0 2 0 1 0 1 3 2 0 1 1 1 212 621 601 0
724 383 609 29 6 62 584 147 92 25 242 34 0 487 0 635 175 15 9 42 24 0 296 114 15 172 176 445 411 218 233 183 257 303 274 0 183 126 422 28 39 44 132 563 101 214 556 33 23 132 123 156 0 0 335 485 86 119 130 0 1136 0 245 2290 1859 767 22 934 93 0 340 1583 0 0 0 0 136 0 9 0 0 54 0 0 0 35 0 605 0 0 0 95 0 156 0 1 0 0 0 0 1 1 0 0 1 1 0 0 50 843
0 0 0 0 0 0 0 0 0 0 0 11 0 0 0 0 0 42 0 0 0 0 0 0 0 0 0 0 0 0 0 0 0 0 10 21 120 0 0 11 7 0 0 0 0 0 0 0 0 0 0 0 0 32037 0 0 0 0 0 0 0 0 0 0 0 0 0 0 0 0 0 0 0 0 0 0 0 0 11 0 0 115 0 0 0 0 0 0 0 0 0 0 0 0 0 0 0 0 0 0 0 0 0 0 0 0 0 0 0 0
62 80 149 29 5 84 24 0 2 1 32 2 279 172 0 1359 1070 32 56 234 185 39 1149 891 485 367 1163 2671 2283 567 2274 3674 5248 611 1207 656 223 320 2303 48 5 2064 799 356 250 446 281 362 2276 893 544 839 45 261 3296 3240 559 1290 204 0 549 429 226 722 687 569 0 384 94 0 2177 7641 1809 8988 3907 665 543 364 9 0 0 417 997 0 2528 729 0 2290 309 0 1959 356 1059 1139 0 2 0 1 0 0 1 1 0 0 1 1 952 1923 3134 0
33 13 206 10 6 1 3 1 3 2 6 4 551 22 122 10190 1086 96 232 300 62 23 142 172 95 0 65 183 71 0 0 0 37 16 66 94 906 4 106 36 17 122 26 133 69 273 218 0 9 5 3 10 0 0 979 409 0 76 143 0 303 63 72 796 166 79 33 63 23 0 0 9 8 0 0 15 809 0 2 0 0 0 312 0 0 14 0 0 88 47 0 39 207 70 0 3 0 1 0 0 1 1 0 1 1 1 1 495 19 0
6 9 63 2 2 8 5 12 1 3 8 16 141 192 918 450 98 44 21 17 18 6 10 1327 2 25 8204 19 1469 489 659 371 253 735 585 114 5961 22 1347 67 41 2928 444 135 3375 93 123 2268 297 114 71 113 0 890 773 817 6435 553 65 0 0 3 0 0 5 0 0 1 314 0 478 68 0 29 0 105 227 106 1065 1094 0 688 5 7 924 298 0 0 0 1 570 69 0 177 0 2 0 1 0 0 2 1 0 1 1 1 82 598 160 0
0 0 0 0 0 0 0 0 0 0 0 24 0 0 0 0 0 6 0 0 0 0 0 0 0 0 0 0 0 0 0 0 0 0 0 0 0 0 0 79 44 0 0 0 0 0 0 0 0 0 0 0 0 0 0 0 0 0 0 0 0 0 0 0 0 0 0 0 0 0 0 0 0 0 0 0 0 0 0 0 0 0 0 0 0 0 0 0 0 0 0 0 0 0 0 1 0 0 0 0 0 0 0 0 0 0 0 0 0 0
728 385 666 29 6 63 560 181 91 69 238 43 426 24 1551 3954 1229 91 126 1603 5474 94 552 548 1232 195 173 1034 615 425 821 1939 1654 371 586 158 2720 380 1438 326 68 621 861 122 146 413 224 1202 2817 3607 1669 1164 50 55 1482 1317 986 1153 402 1 936 372 303 689 579 382 0 594 1180 0 834 4257 1153 534 0 251 150 112 3873 4992 0 288 428 0 3795 3710 0 975 0 0 0 270 938 1695 3144 9 1 3 1 1 6 4 1 3 3 4 2092 1030 660 0
11 6 1 2 164 69 2760 949 357 132 4085 371 25 0 0 13 0 11 38 10 10 17 7 0 7 8 3209 3599 0 277 7 7 9 0 12 0 0 12 11 17 3 21 0 8 8 0 7 18 28 13 13 38 3 0 0 16 3 0 2 0 0 0 48 0 0 0 8 78 0 0 0 1 0 0 0 0 0 0 0 0 0 0 8 0 0 1 0 0 0 275 0 0 0 91 0 2 0 1 0 0 1 0 0 0 0 0 0 0 63 4
0 0 0 0 0 0 0 0 0 0 0 0 11 0 0 17 2 6 14 0 2 10 7 11 6 10 0 90 0 30 6 10 12 0 30 15 52 0 0 11 0 0 11 59 24 19 0 1 5 3 2 7 0 0 195 437 15 35 0 0 190 0 22 245 56 0 9 70 0 0 0 284 0 0 0 0 0 0 0 0 0 21 10 0 263 11 0 0 8 0 0 80 0 29 0 0 0 0 0 0 0 0 0 0 0 0 0 0 34 0
0 1 0 0 0 0 0 0 0 2 0 7 0 0 0 0 0 0 0 0 0 0 0 0 0 0 0 0 0 0 0 0 0 0 1 0 0 0 1 0 0 0 0 0 0 0 0 0 25 3 4 4 3 0 0 0 0 2 0 0 0 0 0 0 0 0 0 1 0 0 0 0 0 0 0 0 0 0 0 0 0 0 0 0 0 0 0 0 0 82 0 0 0 0 0 0 0 0 0 0 0 0 0 0 0 0 424 35 441 0
0 0 0 0 0 0 0 0 0 0 0 0 0 0 0 0 0 0 0 0 0 0 0 0 0 0 0 0 0 0 0 0 0 0 0 0 0 0 0 0 0 0 0 0 0 0 0 0 0 0 0 0 0 0 0 0 0 0 0 0 0 0 0 0 0 0 0 0 0 0 0 0 0 0 0 0 0 0 0 0 0 0 0 0 0 0 0 0 0 0 0 0 0 0 0 0 0 0 0 0 0 0 0 0 0 0 0 0 0 0
0 0 0 0 0 0 0 0 0 0 0 0 0 0 0 0 0 0 0 0 0 0 0 0 0 0 0 0 0 0 0 0 0 0 0 0 0 0 0 0 0 0 0 0 0 0 0 0 0 0 0 0 0 0 0 0 0 0 0 0 0 0 0 0 0 0 0 0 0 0 0 0 0 0 0 0 0 0 0 0 0 0 0 0 0 0 0 0 0 0 0 0 0 0 0 0 0 0 0 0 0 0 0 0 0 0 0 0 0 0
0 0 0 0 0 0 0 0 0 0 0 0 0 0 0 0 0 0 0 0 0 0 0 0 0 0 0 0 0 0 0 0 0 0 0 0 0 0 0 0 0 0 0 0 0 0 0 0 0 0 0 0 0 0 0 0 0 0 0 0 0 0 0 0 0 0 0 0 0 0 0 0 0 0 0 0 0 0 0 0 0 0 0 0 0 0 0 0 0 0 0 0 0 0 0 0 0 0 0 0 0 0 0 0 0 0 0 0 0 0
0 0 0 0 0 0 0 0 0 0 0 0 0 0 0 0 0 0 0 0 0 0 0 0 0 0 0 0 0 0 0 0 0 0 0 0 0 0 0 0 0 0 0 0 0 0 0 0 0 0 0 0 0 0 0 0 0 0 0 0 0 0 0 0 0 0 0 0 0 0 0 0 0 0 0 0 0 0 0 0 0 0 0 0 0 0 0 0 0 0 0 0 0 0 0 0 0 0 0 0 0 0 0 0 0 0 0 0 0 0
0 0 0 0 0 0 0 0 0 0 0 0 0 0 0 0 0 0 0 0 0 0 0 0 0 0 0 0 0 0 0 0 0 0 0 0 0 0 0 0 0 0 0 0 0 0 0 0 0 0 0 0 0 0 0 0 0 0 0 0 0 0 0 0 0 0 0 0 0 0 0 0 0 0 0 0 0 0 0 0 0 0 0 0 0 0 0 0 0 0 0 0 0 0 0 0 0 0 0 0 0 0 0 0 0 0 0 0 0 0
0 0 0 0 0 0 0 0 0 0 0 0 0 0 0 0 0 0 0 0 0 0 0 0 0 0 0 0 0 0 0 0 0 0 0 0 0 0 0 0 0 0 0 0 0 0 0 0 0 0 0 0 0 0 0 0 0 0 0 0 0 0 0 0 0 0 0 0 0 0 0 0 0 0 0 0 0 0 0 0 0 0 0 0 0 0 0 0 0 0 0 0 0 0 0 0 0 0 0 0 0 0 0 0 0 0 0 0 0 0
0 0 0 0 0 0 0 1 0 0 1 0 0 0 0 0 0 0 1 0 0 0 0 0 0 0 0 0 0 0 0 0 0 0 0 0 0 0 0 0 0 0 0 0 0 0 0 0 0 0 0 0 0 0 0 0 0 0 0 0 0 0 0 0 0 0 0 0 0 0 0 0 0 0 0 0 0 0 0 0 0 0 0 0 0 0 0 0 0 0 0 0 0 0 0 0 0 0 0 0 0 0 0 0 0 0 0 0 0 0
0 0 0 0 0 0 0 0 0 0 1 0 0 0 0 0 0 0 1 0 0 0 0 0 0 0 0 0 0 0 0 0 0 0 0 0 0 0 0 0 0 0 0 0 0 0 0 0 0 0 0 0 0 0 0 0 0 0 0 0 0 0 0 0 0 0 0 0 0 0 0 0 0 0 0 0 0 0 0 0 0 0 0 0 0 0 0 0 0 0 0 0 0 0 0 0 0 0 0 0 0 0 0 0 0 0 0 0 0 0
0 0 0 0 0 0 0 0 0 0 0 0 0 0 0 0 0 0 0 0 0 0 0 0 0 0 0 0 0 0 0 0 0 0 0 0 0 0 0 0 0 0 0 0 0 0 0 0 0 0 0 0 0 0 0 0 0 0 0 0 0 0 0 0 0 0 0 0 0 0 0 0 0 0 0 0 0 0 0 0 0 0 0 0 0 0 0 0 0 0 0 0 0 0 0 0 0 0 0 0 0 0 0 0 0 0 0 0 0 0
0 0 0 0 0 0 0 1 0 0 1 0 0 0 0 0 0 0 1 0 0 0 0 0 0 0 1 0 0 0 0 0 0 0 0 0 0 0 0 0 0 0 0 0 0 0 0 0 0 0 0 0 0 0 0 0 0 0 0 0 0 0 0 0 0 0 0 0 0 0 0 0 0 0 0 0 0 0 0 0 0 0 0 0 0 0 0 0 0 0 0 0 0 0 0 0 0 0 0 0 0 0 0 0 0 0 0 0 0 0
0 0 0 0 0 0 0 0 0 0 0 0 0 0 0 0 0 0 0 0 0 0 0 0 0 0 0 0 0 0 0 0 0 0 0 0 0 0 0 0 0 0 0 0 0 0 0 0 0 0 0 0 0 0 0 0 0 0 0 0 0 0 0 0 0 0 0 0 0 0 0 0 0 0 0 0 0 0 0 0 0 0 0 0 0 0 0 0 0 0 0 0 0 0 0 0 0 0 0 0 0 0 0 0 0 0 0 0 0 0
0 0 0 0 0 0 0 0 0 0 0 0 0 0 0 0 0 0 0 0 0 0 0 0 0 0 0 0 0 0 0 0 0 0 0 0 0 0 0 0 0 0 0 0 0 0 0 0 0 0 0 0 0 0 0 0 0 0 0 0 0 0 0 0 0 0 0 0 0 0 0 0 0 0 0 0 0 0 0 0 0 0 0 0 0 0 0 0 0 0 0 0 0 0 0 0 0 0 0 0 0 0 0 0 0 0 0 0 0 0
94 80 0 126 0 58 29 16 22 9 105 0 2 0 0 0 0 2 0 0 0 42 35720 0 4 11 664 0 0 1 20 25 44 19 0 0 0 0 0 10 1 0 0 15 3 7 13 0 25 10 14 17 0 0 0 0 21 38 7 0 0 0 0 0 0 0 0 0 0 0 0 0 0 0 0 0 0 0 5 0 0 0 0 0 811 48 0 0 0 35 0 7 110 0 0 0 0 0 0 0 0 0 0 0 0 0 0 0 5 0
0 0 0 0 0 1 0 0 0 2 0 0 0 0 0 253 64 17 86 64 57 17 0 0 0 3 0 24 0 49 157 128 317 0 106 0 0 0 1 6 1 28 29 173 39 54 38 80 2311 115 189 179 5 0 141 174 0 466 25 0 108 0 0 62 15 0 0 133 0 0 135 44 0 0 0 0 0 0 0 0 0 0 0 0 99 4 0 0 0 0 0 28 14 0 0 0 0 0 0 0 0 0 0 0 0 0 8 0 18 0
0 0 0 0 0 0 0 0 0 2 0 41 0 0 0 0 0 20 0 0 0 0 0 0 0 0 0 0 0 0 0 0 0 0 0 0 0 0 1 11 4 0 0 0 0 0 0 0 0 0 0 0 2 0 0 63 0 1 0 0 0 0 0 0 0 0 0 0 0 0 0 0 0 0 65 0 0 0 0 0 43 0 0 0 0 0 0 0 0 9 0 0 0 0 0 1 0 0 0 0 1 0 0 0 0 0 0 0 0 0
0 0 0 0 0 0 0 0 0 0 0 0 0 0 0 0 0 3 0 0 0 0 0 0 0 0 0 0 0 0 0 0 0 0 0 0 0 0 0 0 1 0 0 0 0 0 0 0 0 0 0 0 0 0 0 0 0 0 0 0 0 0 0 0 0 0 0 0 0 0 0 0 0 0 0 0 0 0 0 0 0 0 0 0 0 0 0 0 0 0 0 0 0 0 0 0 0 0 0 0 0 0 0 0 0 0 0 2465 0 0
