132
0 0 0 0 0 0 0 0 20 21 37 4 3 18 86 0 0 0 0 0 0 0 0 0 0 0 0 0 0 0 0 0 0 0 0 545 0 7 0 0 0 0 0 0 0 0 0 0 0 0 0 0 0 0 0 0 0 0 0 0 0 0 0 0 0 0 0 0 0 0 0 0 0 0 0 0 0 0 0 0 0 0 0 0 0 0 0 0 0 0 0 0 0 0 0 0 0 0 0 0 0 0 0 0 0 0 0 0 0 0 0 0 0 0 0 0 0 176 0 0 0 0 0 0 0 0 0 0 0 0 0 0
0 0 0 0 0 0 0 106 1206 556 799 473 664 1153 279 50 399 25 0 0 0 1 0 0 0 0 0 0 0 0 0 0 0 0 0 0 0 48 56 0 236 3 0 4 0 0 0 0 0 0 0 0 0 0 0 0 0 0 0 0 0 0 0 0 0 0 0 0 0 0 0 0 0 0 0 0 0 0 0 0 0 0 0 0 0 0 0 0 0 0 0 0 0 0 0 0 0 0 0 0 0 0 0 0 0 0 0 0 0 0 0 0 0 0 0 0 0 6 0 1 3 0 0 0 0 4 13 3 3 0 0 0
0 0 0 0 0 0 0 1673 0 7346 14400 3287 1794 32496 6019 788 6287 397 0 0 0 8 0 0 1 0 0 0 1 0 0 0 0 0 0 0 0 1379 877 0 3730 70 28 68 0 0 0 0 0 0 27 5 0 0 0 0 0 0 0 0 0 0 0 0 0 0 0 0 0 10 0 0 0 0 1 0 0 0 0 0 0 0 0 0 0 0 0 0 0 0 0 0 0 0 0 0 0 0 0 0 0 0 0 0 0 0 0 0 635 0 0 0 1 0 0 0 0 18 0 6 8 0 0 0 0 10 215 9 8 0 0 0
0 0 0 0 0 0 0 0 27 40 33 45 70 15 12 0 0 0 0 0 0 1 0 0 0 0 0 0 0 0 0 0 0 0 0 0 0 17375 7933 0 0 0 0 0 0 0 0 0 0 0 46 9 0 0 0 0 0 0 0 0 0 0 0 0 0 0 0 0 0 0 0 0 0 0 1 0 0 0 0 0 0 0 0 0 0 0 0 0 0 0 0 0 0 0 0 0 0 0 0 0 0 0 0 0 0 0 0 0 872 14 0 0 4 0 0 0 0 4 0 8 11 0 0 0 0 15 6 13 12 0 0 0
0 0 0 0 0 0 0 0 0 0 0 0 0 0 8 0 0 0 0 0 0 0 0 0 0 0 0 0 0 0 0 0 0 8272 0 0 0 1834 0 0 0 0 0 0 0 0 0 0 0 0 15 3 0 0 0 0 0 0 0 0 0 0 0 0 0 0 0 0 0 0 0 0 0 0 0 0 0 0 0 0 0 0 0 0 0 0 0 0 0 0 0 0 0 0 0 0 1 0 0 0 0 0 0 0 0 0 0 0 229 0 0 0 1 0 0 0 0 1 0 0 0 0 0 0 0 2 0 0 0 0 0 0
0 0 0 0 0 0 0 0 0 0 0 0 0 0 0 0 0 0 0 0 0 0 0 0 0 0 0 0 0 0 0 0 0 0 0 0 24412 413 0 0 0 0 0 0 0 0 0 0 0 0 0 0 0 0 0 0 0 0 0 0 0 0 0 0 0 0 0 0 0 0 0 0 0 0 0 0 0 0 0 0 0 0 0 0 0 0 0 0 0 0 0 0 0 0 0 0 0 0 0 0 0 0 0 0 0 0 0 0 0 0 0 0 0 0 0 0 0 0 0 0 0 0 0 0 0 0 0 0 0 0 0 0
0 0 0 0 0 0 0 0 0 0 0 0 0 0 0 0 0 0 0 0 0 0 0 0 0 0 0 0 0 0 0 0 0 0 0 0 0 0 0 0 0 3 3 0 0 0 0 0 0 0 0 0 0 0 0 0 0 0 0 0 0 0 0 0 0 0 0 0 0 0 0 0 0 0 0 0 0 0 0 0 0 0 0 0 0 0 0 0 0 0 0 0 0 0 0 0 0 0 0 0 0 0 0 0 0 0 0 0 2 0 0 0 0 0 0 0 0 0 0 0 0 0 0 0 0 0 0 0 0 0 0 0
0 0 0 0 0 0 0 0 0 562 1166 240 90 1726 407 29 597 38 0 0 0 1 0 0 0 0 0 0 0 0 0 0 0 0 0 0 0 73 83 0 352 6 0 6 0 0 0 0 0 0 1 0 0 0 0 0 0 0 0 0 0 0 0 0 0 0 0 0 0 1 0 0 0 0 0 0 0 0 0 0 0 0 0 0 0 0 0 0 0 0 0 0 0 0 0 0 0 0 0 0 0 0 0 0 0 0 0 0 0 0 0 0 0 0 0 0 0 1 0 0 0 0 0 0 0 0 18 0 0 0 0 0
0 0 0 0 0 0 0 0 0 2 0 0 3 0 181 0 0 0 0 0 0 0 0 0 0 0 0 0 0 13418 0 0 98 0 0 0 0 0 0 0 0 0 0 223 0 0 0 0 0 0 0 0 0 0 0 0 0 0 0 0 0 0 0 0 0 0 0 0 0 0 0 0 0 0 0 0 0 0 0 0 0 0 0 0 0 0 0 0 0 0 0 0 0 0 0 0 0 0 0 0 0 0 0 0 0 0 0 0 0 0 0 0 0 0 0 0 0 1 0 0 0 0 0 0 0 0 0 0 0 0 0 0
0 0 0 0 0 0 0 0 0 0 0 0 0 0 103 0 0 0 0 0 0 1 0 0 2 1 0 0 0 0 45867 0 132 0 0 0 0 0 0 0 0 0 0 3439 0 0 0 0 0 0 0 0 0 0 0 0 0 0 0 0 0 0 0 0 0 0 0 0 0 0 0 0 0 0 9 0 0 0 0 0 0 0 0 0 0 0 0 0 0 0 0 0 0 0 0 0 0 0 0 0 0 0 0 0 0 0 0 0 0 0 0 0 0 0 0 0 0 3 0 0 0 0 0 0 0 0 0 0 0 0 0 0
0 0 0 0 0 0 0 0 0 3 0 1 2 0 123 0 0 0 0 0 0 0 0 0 0 0 0 0 0 0 0 18849 1019 0 0 0 0 0 0 0 0 0 0 596 0 0 0 0 0 0 1 0 0 0 0 0 0 0 0 0 0 0 0 0 0 0 0 0 0 0 0 0 0 0 0 0 0 0 0 0 0 0 0 0 0 0 0 0 0 0 0 0 0 0 0 0 5 0 0 0 0 0 0 0 0 0 2670 0 1453 0 0 11 6 0 0 0 3 12 0 20 21 8 2 3 11 26 19 24 23 0 0 0
0 0 0 0 0 0 0 0 2 10 0 0 69 5 50 0 0 0 0 0 0 0 0 0 0 0 0 0 0 318 2894 901 210 0 319 0 0 0 0 0 0 0 0 269 0 0 0 0 0 0 0 0 0 0 0 0 0 0 0 0 0 0 0 0 0 0 0 0 0 0 0 0 0 0 1 0 0 0 0 0 0 0 0 0 0 0 0 0 0 0 0 0 0 0 0 0 0 0 0 0 0 0 0 0 0 0 125 0 75 0 0 0 0 0 0 0 0 1 0 0 0 0 0 0 0 0 0 0 0 0 0 0
0 0 0 0 0 0 0 0 0 1 0 0 0 0 9 0 0 0 0 0 0 0 0 0 0 0 0 0 0 61 549 171 15 0 33 0 0 0 0 0 0 0 0 50 0 0 0 0 0 0 0 0 0 0 0 0 0 0 0 0 0 0 0 0 0 0 0 0 0 0 0 0 0 0 0 0 0 0 0 0 0 0 0 0 0 0 0 0 0 0 0 0 0 0 0 0 0 0 0 0 0 0 0 0 0 0 22 0 7 0 0 0 0 0 0 0 0 0 0 0 0 0 0 0 0 0 0 0 0 0 0 0
0 0 0 0 0 0 0 0 39 258 0 0 1091 0 3777 0 0 0 0 0 0 0 0 0 0 0 0 0 0 1407 0 0 586 0 5652 0 0 638 0 0 0 0 0 280 0 0 0 0 0 0 1 0 0 0 0 0 0 0 0 0 0 0 0 0 0 0 0 0 0 0 0 0 0 0 3 0 0 0 0 0 0 0 0 0 0 0 0 0 0 0 0 0 0 0 0 0 0 0 0 0 0 0 0 0 0 0 0 0 0 0 0 0 0 0 0 0 0 1 0 0 0 0 0 0 0 0 0 0 0 0 0 0
0 0 0 0 0 0 0 0 0 0 0 0 0 0 0 0 0 0 0 0 0 0 0 0 0 0 0 0 0 0 0 0 0 0 0 0 0 0 0 0 0 0 0 0 0 0 0 0 0 0 0 0 0 0 0 0 0 0 0 0 0 0 0 0 0 0 0 0 0 0 0 0 0 0 0 0 0 0 0 0 0 0 0 0 0 0 0 0 0 0 1673 0 0 0 0 0 0 0 0 0 0 0 0 0 0 0 0 0 0 0 0 0 0 0 0 0 0 0 0 0 0 0 0 0 0 0 0 0 0 0 0 0
0 0 0 257 0 0 0 0 133 141 249 30 20 117 0 0 1983 46 0 0 0 172 0 0 2 0 0 0 1 4 6 6 0 2 33 0 0 0 76 50 0 0 0 2 1907 9825 5209 0 0 0 2 0 0 0 0 0 0 0 0 0 0 0 0 1 2 1 1 1 0 23 0 0 12 2264 3 0 0 0 0 0 0 30960 0 0 0 0 0 9 0 0 265 0 0 0 0 0 0 0 0 0 0 0 0 0 0 0 0 0 0 0 0 0 0 0 0 0 0 1 0 0 0 0 0 0 0 0 0 0 0 0 0 0
0 0 0 0 0 0 0 0 0 0 0 0 0 0 0 0 0 0 0 0 0 0 0 0 0 0 0 0 0 0 0 0 0 0 0 0 0 0 0 51088 0 0 0 0 0 0 0 0 0 0 0 0 0 0 0 0 0 0 0 0 0 0 0 0 0 0 0 0 0 0 0 0 0 0 0 0 0 0 0 0 0 0 0 0 0 0 0 0 0 0 0 0 0 0 0 0 0 0 0 0 0 0 0 0 0 0 0 0 0 0 0 0 0 0 0 0 0 0 0 0 0 0 0 0 0 0 0 0 0 0 0 0
0 0 0 0 0 0 0 0 0 0 0 0 0 0 0 0 0 0 0 0 0 0 0 0 0 0 0 0 0 0 0 0 0 0 0 0 0 0 0 0 1 0 0 0 0 0 0 0 0 0 0 0 0 1877 0 0 0 36 106 43 0 0 0 0 0 0 0 0 0 0 0 0 0 0 0 21637 0 0 0 0 0 0 0 0 0 0 55 0 0 0 0 0 0 0 0 0 0 0 0 0 0 0 0 0 0 0 0 0 0 0 0 0 0 0 0 0 0 0 0 0 0 0 0 0 0 0 0 0 0 0 0 0
0 0 0 0 0 0 0 0 0 0 0 0 0 0 0 0 0 0 0 0 0 0 0 0 0 0 0 0 0 0 0 0 0 0 0 0 0 0 0 0 0 0 0 0 0 0 0 0 0 0 0 0 0 0 0 0 0 0 0 0 0 0 0 0 0 0 0 0 0 0 0 0 0 0 0 0 0 0 0 0 0 0 0 0 0 0 0 0 0 0 0 0 0 0 0 0 0 0 0 0 0 0 0 0 0 0 0 0 0 0 0 0 0 0 0 0 0 0 0 0 0 0 0 0 0 0 0 0 0 0 0 0
199 644 594 491 739 383 20 79 658 369 451 264 250 472 453 0 23 990 4288 0 0 240 0 0 135 18 0 0 21 1616 814 2090 406 1320 1127 1450 462 1360 1130 316 659 2328 2472 2709 874 3456 4029 0 17304 67 13884 7962 11099 5077 0 8682 8682 9732 9395 1224 2197 1725 0 0 0 0 0 4618 1046 1815 2554 0 1939 614 46 0 66313 0 0 0 0 0 0 0 0 0 56598 0 0 0 0 0 0 0 0 0 0 0 0 0 0 0 0 0 0 0 0 0 0 0 0 0 0 341 333 0 474 46 0 517 527 494 479 474 491 528 511 523 521 0 0 0
0 0 0 1 0 71 0 17 0 0 0 0 0 0 5 0 0 677 0 0 0 9485 27146 65103 78479 68222 52570 19643 94656 0 0 0 0 0 0 0 46 0 0 0 0 0 0 0 0 0 0 1 6021 0 0 60 0 0 0 1 25 0 0 6 1 0 144 0 0 0 0 0 0 0 0 0 0 0 1 0 0 0 0 0 71 0 0 0 0 0 5 0 72 0 0 0 0 0 0 0 0 0 0 0 0 2 0 0 0 0 0 0 0 0 0 0 0 0 0 0 0 0 0 0 0 0 0 0 0 0 0 0 0 0 0 0
0 0 0 0 0 0 0 0 0 0 0 0 0 0 0 0 0 0 0 0 0 0 0 0 0 0 0 0 0 0 0 0 0 0 0 0 0 0 0 0 0 0 0 0 0 0 0 0 0 0 0 0 0 0 0 0 0 0 0 0 0 0 0 0 0 0 0 0 0 0 0 0 0 0 0 0 0 0 0 0 0 0 0 0 0 0 0 0 0 0 0 0 0 0 0 0 0 0 0 0 0 0 0 0 0 0 0 0 0 0 0 0 0 0 0 0 0 3 0 0 0 0 0 0 0 0 0 0 0 0 0 0
0 0 0 0 0 0 0 0 0 0 0 0 0 0 0 0 0 2 0 0 0 1 0 0 250 55 0 0 0 0 0 0 0 0 0 0 0 0 0 0 0 0 0 0 0 0 0 0 0 0 0 18 0 0 0 0 21 0 1 0 0 0 0 0 0 0 0 0 0 0 0 0 0 5 10 0 0 0 0 0 1 0 0 0 0 0 0 0 0 0 0 0 0 0 0 0 0 0 0 0 0 0 0 0 0 0 1 0 0 0 0 0 0 0 0 0 0 1 0 1 1 0 0 0 0 1 1 1 1 0 0 0
0 0 0 0 0 0 0 0 0 0 0 0 0 0 0 0 0 1 0 0 0 14 0 0 167 38 0 0 0 0 0 0 0 0 0 0 0 0 0 0 0 0 0 0 0 0 0 0 0 0 0 0 0 0 2 0 25 0 0 95 0 0 314 0 0 0 0 0 0 0 0 0 0 3 11 0 0 0 0 0 0 0 0 0 0 0 0 0 0 0 0 0 0 0 0 0 0 0 0 0 0 0 0 0 0 0 1 0 0 0 0 0 0 0 0 0 1 0 0 1 2 1 1 1 1 2 1 2 1 0 0 0
0 0 0 0 0 0 0 0 0 0 0 0 0 0 0 0 0 0 0 0 0 0 0 0 0 0 0 0 0 0 0 0 0 0 0 0 0 0 0 0 0 0 0 0 0 0 0 0 0 0 0 4 0 0 0 0 2 0 0 9 0 0 0 0 0 0 0 2 0 0 0 0 0 0 0 0 0 0 0 0 0 0 0 0 0 0 0 0 0 0 0 0 0 0 0 0 0 0 0 0 0 0 0 0 0 0 0 0 0 0 0 0 0 0 0 0 0 0 0 0 0 0 0 0 0 0 0 0 0 0 0 0
0 0 0 0 0 0 0 0 0 0 0 0 0 0 0 0 0 1 0 0 0 0 0 0 75 0 0 0 0 0 0 0 0 0 0 0 0 0 0 0 0 0 0 0 0 0 0 0 0 0 0 4 0 0 0 0 0 0 0 0 0 0 0 0 0 0 0 0 0 0 0 0 0 0 6 0 0 0 0 0 0 0 0 0 0 0 0 0 0 0 0 0 0 0 0 0 0 0 0 0 0 0 0 0 0 0 0 0 0 0 0 0 0 0 0 0 0 0 0 1 1 0 0 0 0 0 0 1 1 0 0 0
0 0 0 0 0 0 0 0 0 0 0 0 0 0 0 0 0 0 0 0 0 236 0 0 19 1 0 0 1 0 0 0 0 0 0 0 0 0 0 0 0 1 0 5 0 0 0 0 0 0 0 0 1 0 0 0 7 7 0 0 0 0 0 0 0 0 0 0 0 0 0 0 0 0 2 0 1 0 0 0 40 20 0 0 0 0 2 1 0 0 0 0 0 0 0 0 0 0 0 0 0 0 0 0 0 0 0 0 0 0 0 0 0 0 0 0 0 10 0 1 1 0 0 0 0 1 1 1 1 0 0 0
0 0 0 0 0 0 0 0 0 0 0 0 0 0 0 0 0 0 0 0 0 611 0 0 23 2 0 0 158 0 0 0 0 0 0 0 0 0 0 0 0 0 0 0 2 0 0 0 0 0 1 0 0 0 0 0 0 0 0 0 0 0 0 3 3 4 6 24 0 0 0 0 0 0 2 0 10 0 0 0 0 161 12 0 0 0 16 0 0 0 0 0 0 0 0 0 0 0 0 0 0 0 0 0 0 0 0 0 0 0 0 0 0 0 0 0 0 12 0 0 25 0 0 0 0 25 0 0 0 0 0 0
0 0 0 1 0 0 0 0 1 0 1 0 0 0 0 0 18 0 0 0 0 166 0 0 9 0 0 0 0 0 0 0 0 0 0 0 0 0 0 0 0 0 0 0 0 0 0 0 0 0 0 0 0 0 0 0 0 0 0 0 0 0 0 0 0 0 0 60 0 0 0 0 0 0 0 0 0 0 0 0 0 0 1 0 0 0 0 0 0 0 451 0 0 0 0 0 0 0 0 0 0 0 0 0 0 0 0 0 0 0 0 0 0 0 0 0 2 3 0 2 1 1 0 1 1 1 1 2 2 0 0 0
0 0 0 0 0 0 0 0 0 56 39 0 0 0 9 0 1 1 4 0 1 0 0 0 0 0 0 0 0 0 0 3 63 0 3 0 0 297 0 0 0 0 0 3 0 0 0 0 0 0 2 0 0 0 0 0 1 4 0 3 2 2 0 0 0 0 0 0 0 0 0 0 0 6 0 0 0 0 0 0 0 0 0 0 0 0 0 0 0 0 4053 0 0 0 0 0 0 0 0 0 0 0 0 0 0 0 1 0 0 0 0 0 15 1 1 0 0 1 0 2 3 0 0 0 0 3 1 2 2 165 3 11
0 0 0 0 0 0 0 0 17 0 23 0 0 4 5 0 0 0 2 0 1 0 0 0 0 0 0 0 0 0 0 1 37 0 2 0 0 0 0 0 0 0 0 1 0 0 0 0 0 0 1 0 0 0 0 0 1 2 0 2 1 1 0 0 0 0 0 0 0 0 0 0 0 2 0 0 0 0 0 0 0 0 0 0 0 0 0 0 0 0 873 0 0 0 0 0 0 0 0 0 0 0 0 0 0 0 0 0 0 0 0 0 11 0 0 0 0 2 0 0 0 0 0 0 0 0 0 0 0 52 0 11
0 0 0 0 0 0 0 0 19 39 0 0 0 5 6 0 2 2 9 0 4 0 0 0 0 0 0 0 0 0 0 0 42 0 0 0 0 0 0 0 0 0 0 2 0 0 0 0 0 0 1 0 0 0 0 0 1 3 0 2 2 1 0 0 0 0 0 0 0 0 0 0 0 10 0 0 0 0 0 0 0 0 0 0 0 0 0 0 0 0 1 0 0 0 0 0 0 0 0 0 0 0 0 0 0 0 3 0 0 0 0 0 32 3 2 0 0 3 0 6 7 2 0 0 2 8 5 7 7 36 0 8
0 0 0 0 0 0 0 0 0 0 0 0 0 0 4 1 1 1 5 0 2 0 0 0 0 0 0 0 0 0 0 0 0 0 0 0 0 0 0 0 0 0 0 1 0 0 0 0 0 0 1 0 0 0 0 0 1 2 0 1 1 1 0 0 0 0 0 0 0 0 0 0 0 7 0 0 0 0 0 0 0 0 0 0 0 0 0 0 0 0 4079 0 0 0 0 0 0 0 0 0 0 0 0 0 0 0 4 0 0 0 0 0 14 0 0 0 0 2 0 4 5 2 0 0 2 5 3 5 4 105 0 4
0 0 0 0 0 0 0 0 37 67 55 5 2 14 9 0 0 0 2 0 1 1 0 0 0 0 0 0 0 4 3 5 66 0 7 0 0 172 12 25 0 0 0 6 3 0 0 0 0 0 4 0 0 0 0 0 2 9 0 6 3 2 0 0 0 0 0 0 0 1 0 0 0 6 1 0 0 0 0 0 1 1 0 0 0 0 0 0 0 0 15 0 0 0 0 0 0 0 0 0 0 0 0 0 0 0 0 0 0 0 0 0 7 1 0 0 0 0 0 0 1 0 0 0 0 1 0 1 1 7 0 2
0 0 0 0 0 0 0 0 268 337 527 0 0 0 12 0 8 6 33 0 15 5 0 0 0 0 0 0 0 0 0 0 62 0 0 0 0 0 0 325 0 0 0 3 0 0 0 0 0 0 2 0 0 0 0 0 1 4 0 3 2 1 0 0 0 0 0 0 0 0 0 0 0 105 2 0 0 0 0 0 0 0 0 0 0 0 0 0 0 0 6 0 0 0 0 0 1 1 0 0 0 0 0 0 0 0 0 0 0 0 0 67 0 10 9 0 24 2 0 30 32 27 25 24 27 32 29 32 31 146 26 125
0 0 0 0 0 0 0 0 2 4 3 0 0 0 1 0 0 0 0 0 0 0 0 0 0 0 0 0 0 0 0 0 5 0 1 0 0 1 1 0 0 0 0 0 0 0 0 0 0 0 0 0 0 0 0 0 0 0 0 0 0 0 0 0 0 0 0 0 0 0 0 0 0 0 0 0 0 0 0 0 0 0 0 0 0 0 0 0 0 0 0 0 0 0 0 0 0 0 0 0 0 0 0 0 0 0 0 0 0 0 0 0 0 0 0 0 0 0 0 0 0 0 0 0 0 0 0 0 0 0 0 0
0 0 0 0 0 0 0 0 2 3 2 0 0 0 1 0 0 0 0 0 0 0 0 0 0 0 0 0 0 0 0 0 4 0 0 0 0 0 1 0 0 0 0 0 0 0 0 0 0 0 0 0 0 0 0 0 0 0 0 0 0 0 0 0 0 0 0 0 0 0 0 0 0 0 0 0 0 0 0 0 0 0 0 0 0 0 0 0 0 0 0 0 0 0 0 0 0 0 0 0 0 0 0 0 0 0 0 0 0 0 0 0 0 0 0 0 0 0 0 0 0 0 0 0 0 0 0 0 0 0 0 0
0 0 0 0 0 0 0 0 2270 2758 2538 152 44 0 349 24 53 37 204 0 93 23 0 0 2 1 0 0 2 0 77 56 2456 0 542 0 0 0 120 1049 3 85 34 421 243 0 144 60 0 0 306 9 12 183 0 0 167 610 0 404 99 62 0 0 0 0 0 0 0 54 0 0 47 673 14 7 0 0 0 0 85 44 0 0 0 0 0 83 0 0 1952 0 0 279 0 0 7 51 25 16 0 0 0 14 0 0 155 0 0 0 60 312 579 61 51 0 185 9 0 191 194 193 189 187 188 194 190 194 194 414 74 115
0 0 0 0 0 0 0 0 3334 2966 3139 368 84 1838 328 0 96 65 359 0 164 23 0 0 2 1 0 0 2 119 85 177 2388 0 246 0 0 0 0 1360 5 133 29 749 374 0 216 52 0 0 562 17 23 304 0 26 294 1073 0 710 92 58 0 0 0 0 0 0 0 97 0 0 57 1239 12 0 0 0 0 0 142 75 0 0 0 0 0 137 0 0 157 0 0 0 0 0 11 34 0 0 0 0 0 12 0 0 229 0 0 0 49 597 0 109 91 0 335 5 0 343 348 348 343 339 339 348 341 349 347 356 69 113
0 0 0 0 0 0 0 0 0 168 0 50 13 0 0 0 0 12 68 0 29 16 0 0 1 1 0 0 1 149 132 177 1314 0 0 0 0 0 0 0 0 16 0 132 40 0 23 0 0 0 108 3 4 0 0 0 52 190 0 125 0 0 0 0 0 0 0 0 0 17 0 0 3 183 10 0 0 0 0 0 23 12 0 0 0 0 0 21 0 0 0 0 0 0 0 0 2 0 0 0 0 0 0 0 0 0 31 0 0 0 0 0 0 0 0 0 0 11 0 0 0 0 0 0 0 0 0 0 0 57 23 22
0 0 0 0 0 0 0 0 0 0 0 0 0 0 0 0 0 0 0 0 0 0 0 0 0 0 0 0 0 0 0 0 0 0 0 0 0 0 0 0 0 0 0 0 0 0 0 0 0 0 0 0 0 0 0 0 0 0 0 0 0 0 0 0 0 0 0 0 0 0 0 0 0 0 0 0 0 0 0 0 0 0 0 0 0 0 0 0 0 0 0 0 0 0 0 0 0 0 0 0 0 0 0 0 0 0 0 0 0 0 0 0 0 9 8 0 0 1 0 0 0 0 0 0 0 28 0 0 0 0 0 0
0 0 0 8 2 2 0 0 3 2 4 1 0 1 0 6 10 9 14 0 0 29 0 0 11 2 0 0 7 2 3 4 0 0 38 0 0 0 0 0 0 0 1332 120 0 0 105 0 0 0 0 82 111 0 197 329 0 0 0 132 9 6 12 27 41 37 149 49 0 48 0 27 61 0 18 0 0 0 0 0 131 69 21 0 0 0 0 7 0 0 0 0 0 0 0 0 46 0 0 0 0 0 0 0 0 0 0 0 0 0 0 0 0 33 27 0 67 42 0 94 94 74 63 71 83 109 97 107 105 352 171 2326
6 92 0 307 68 73 0 29 111 117 207 25 16 97 189 297 0 27 0 0 0 36 0 0 10 6 0 0 2 1 1 2 0 0 8 0 0 0 0 6 122 0 0 961 41 68 0 0 0 0 8 204 274 0 0 0 547 211 193 536 480 304 0 0 0 0 0 581 186 0 0 0 253 1045 8 0 0 0 0 31 0 1 3 0 0 0 0 10 0 619 50 0 0 0 0 0 0 0 0 0 0 0 0 0 0 0 0 0 259 0 0 0 0 3 3 1 0 114 0 6 8 0 0 0 0 10 4 9 8 237 262 3016
0 0 0 0 0 0 0 0 0 0 0 0 0 0 0 0 0 1 0 0 0 4 0 0 2 1 0 0 2 0 0 0 0 0 0 0 0 0 0 0 0 0 0 0 0 49 0 0 0 0 0 23 0 16 0 0 134 46 0 26 0 40 0 0 0 0 0 415 0 0 0 0 0 1835 1 0 0 0 0 0 0 0 0 0 0 0 0 6 0 0 3 0 0 0 0 0 0 0 0 0 0 0 0 0 0 0 0 0 0 0 0 0 0 0 0 0 0 10 0 0 0 0 0 0 0 0 0 0 0 0 0 0
2 27 21 87 19 20 0 11 30 29 52 6 4 24 7 0 104 1507 158 0 0 109 0 0 5 1 0 0 6 0 1 2 0 0 16 0 0 0 0 0 0 22 0 226 0 7671 3954 0 0 0 264 8 10 0 24 876 3262 933 29 485 0 24 74 188 265 250 949 462 0 390 0 0 368 11654 34 0 0 0 0 0 0 12481 0 0 0 0 396 69 0 229 100 0 0 0 423 0 133 35 0 8 0 0 0 28 36 0 52 0 0 0 6 0 0 54 45 0 162 50 0 169 162 161 156 169 174 184 178 184 183 143 0 161
0 1 1 3 1 1 0 0 1 1 2 0 0 1 0 0 3 72 126 0 61 6 0 0 1 0 0 0 0 0 0 0 0 0 2 0 0 1 4 1 108 73 0 0 0 0 3768 0 0 0 1259 0 0 0 0 0 100 29 1 13 8 5 2 6 8 6 29 14 0 2 0 0 0 323 23 0 0 0 0 0 0 403 0 0 0 0 0 0 0 0 11213 0 0 0 0 0 1338 0 0 0 0 0 0 0 0 0 0 0 0 0 0 0 0 2 1 0 0 2 0 0 0 0 0 0 0 3 0 0 0 10 0 0
2 31 22 96 21 23 0 12 34 36 64 8 5 30 8 0 41 1 4 0 2 34 0 0 1 0 0 0 38 7 11 14 1 2 140 0 0 0 0 0 32 0 229 121 0 0 0 3145 0 0 0 131 68 8 0 623 2219 1411 150 350 29 23 0 0 19 330 46 25 0 142 0 0 0 0 499 0 0 0 0 0 2 72 519 0 0 0 0 0 0 0 530 0 0 0 0 0 30 0 0 0 0 0 0 53 0 0 0 0 29 0 0 0 96 37 31 2 88 98 0 110 108 94 84 92 103 124 113 122 121 101 0 121
3 59 41 183 40 43 0 23 66 70 124 15 10 58 0 93 92 142 553 144 0 14 0 0 9 3 0 0 2 1 1 2 0 0 7 0 0 0 0 6 0 38 30 146 391 55 0 0 0 0 0 61 82 0 0 104 361 280 157 244 297 188 0 206 295 313 558 421 78 308 487 0 164 22 24 96 0 807 672 0 56 46 428 511 487 0 0 83 0 121 0 0 0 0 0 0 5 0 25 545 0 621 0 1043 586 0 0 0 312 0 0 0 0 161 135 1 471 304 0 501 482 472 455 493 510 547 527 547 544 418 0 164
0 0 0 0 0 0 0 0 0 0 0 0 0 0 0 0 0 0 0 0 0 0 0 0 0 0 0 0 0 0 0 0 0 0 0 0 0 0 0 0 0 0 0 0 0 0 0 0 0 0 0 0 0 0 0 0 0 0 0 0 0 0 0 0 0 0 0 0 0 0 0 0 0 0 0 0 0 0 0 0 0 0 0 0 0 0 0 0 0 0 0 0 0 0 0 0 0 0 0 0 0 0 0 0 0 0 0 0 0 0 0 0 0 0 0 0 0 0 0 0 0 0 0 0 0 0 0 0 0 0 0 0
294 962 2825 1006 8163 7315 34 432 767 454 997 164 72 375 156 151 77 10204 792 0 3668 211 0 0 49 29 0 0 36 21 35 42 5 11 341 0 1 3726 322 74 90 50 119 211 524 187 421 74 7848 0 1198 733 736 218 189 182 5128 191 743 684 0 106 184 8365 2313 1904 27277 183 0 184 161 116 215 41 87 192 0 0 102 0 24297 39 196 0 0 138 354 162 0 664 37 0 752 0 1227 0 0 831 2266 939 0 101 0 105 66 6 190 0 0 0 224 0 41 30 23 4 34 278 2 71 402 464 361 324 213 163 185 128 106 1040 269 668
0 0 0 0 0 0 0 0 0 0 0 0 0 0 0 0 0 1145 169 0 67 116 0 0 22 3 0 0 4 0 0 0 0 0 0 0 0 0 0 0 0 217 0 4350 0 0 710 511 0 0 0 0 0 540 9122 131 0 0 0 605 0 0 0 0 0 0 0 0 0 40 1144 926 0 0 16 0 0 0 0 0 0 0 0 0 0 0 0 0 0 0 1 0 0 0 0 0 93 0 0 0 0 0 0 0 0 0 0 0 0 0 0 0 484 0 0 0 0 2 0 0 0 0 0 0 0 0 0 0 0 0 0 0
1 2 0 0 0 170 0 3 3 1 2 0 0 1 2 4 0 8 1 0 0 7 0 0 0 0 0 0 0 0 0 0 0 0 0 0 0 0 0 0 0 0 0 0 0 0 0 0 0 0 2 0 0 0 0 0 0 0 0 0 0 0 0 0 0 0 0 0 0 0 0 0 0 0 0 0 0 0 0 0 0 0 0 0 0 0 0 0 0 0 0 0 0 0 0 0 2 0 0 0 0 0 0 0 0 0 0 0 0 0 0 0 0 0 0 0 0 0 0 0 0 0 0 0 0 0 0 0 0 0 0 0
112 450 4935 1542 16394 16807 3 267 307 145 230 31 6 73 195 77 1609 950 140 0 65 108 0 0 8 3 0 0 0 0 18981 631 0 0 0 0 0 0 0 0 0 0 0 0 0 6 0 0 0 0 2208 0 0 0 0 177 0 0 0 222 0 0 0 0 0 91 2 0 0 4 0 0 0 0 0 0 0 0 0 0 0 8 0 0 0 0 0 0 0 0 1 0 0 0 0 0 58 0 0 0 0 0 0 0 0 0 0 0 0 0 0 0 0 0 0 0 0 11 0 0 0 0 0 0 0 0 0 0 0 0 0 0
7 10 78 25 259 839 188 405 13 4 8 6 799 2 45 3 240 0 44 0 6 243 2060 244 1733 24500 3817 1605 337 3 5 6 1 0 55 578 26 0 0 15 96 23 130 0 234 61 0 16 42325 0 0 2781 325 0 0 0 244 149 97 622 0 8 37 0 53 0 21 14 0 113 133 0 0 0 413 0 0 0 0 0 42 568 311 0 0 0 0 72 0 0 203 0 0 0 0 597 88 81 245 0 0 0 0 0 0 0 0 0 0 0 0 0 43 239 195 70 296 813 84 465 482 858 928 688 537 485 495 420 428 0 18 0
1 11 50 41 15 15 0 5 14 9 20 3 1 8 3 77 59 115 855 215 0 138 0 0 80 44 0 0 23 19 26 35 4 10 327 1 0 80 268 90 0 0 820 104 0 85 354 311 0 0 0 466 629 404 0 1362 232 384 265 676 506 327 44 281 328 358 617 1053 87 1405 1674 2279 336 61 322 41 0 0 0 0 227 122 98 0 0 649 0 60 0 0 2 0 167 0 89 1158 2593 0 0 2 0 115 0 39 0 133 0 0 55 0 0 0 37 67 56 1 192 995 0 207 199 193 185 201 209 226 217 226 225 210 133 273
0 8 7 25 6 6 0 3 8 8 15 2 1 7 4 0 217 20 15 0 0 56 0 0 29 14 0 0 26 6 8 10 1 3 79 0 0 32 0 50 0 0 68 0 0 205 0 0 0 0 0 2 0 50 0 0 0 1 1 8 219 139 0 0 29 32 53 0 0 41 0 0 0 0 53 0 0 0 0 0 0 0 0 0 0 0 0 0 0 0 0 0 0 0 0 0 0 3 58 0 0 0 0 24 29 0 141 0 26 0 0 0 0 18 17 0 17 12 0 25 25 18 15 17 21 28 25 28 27 0 135 0
0 0 0 0 0 0 0 0 0 0 0 0 0 0 0 0 0 0 0 0 0 5 0 0 0 0 0 0 0 0 0 0 0 0 0 0 0 0 0 0 0 3 0 0 0 0 0 0 0 0 0 0 0 0 0 0 0 0 1 0 0 0 0 0 0 0 0 0 0 0 0 2 0 0 1 0 0 0 0 0 0 0 0 0 0 0 0 0 0 0 0 0 0 0 0 0 0 31 184 0 0 0 0 0 0 0 0 0 0 0 0 0 1 19 18 0 19 18 0 27 26 21 18 20 23 30 27 30 29 0 0 0
0 0 0 0 0 0 0 0 0 0 0 0 0 0 0 0 0 0 0 0 0 2 0 0 0 0 0 0 1 0 0 0 0 0 0 0 0 0 0 0 0 71 0 0 0 0 0 0 0 0 0 0 0 0 0 0 128 0 0 16 155 156 0 0 0 2015 0 0 0 446 0 0 0 0 0 0 0 0 0 0 0 0 0 0 0 0 0 0 0 0 0 0 0 0 0 0 0 0 0 0 0 0 0 0 0 0 0 0 0 0 0 0 4 0 0 0 46 1 0 62 61 49 42 48 55 70 64 69 68 0 0 0
0 0 0 0 0 0 0 0 0 0 0 0 0 0 0 44 0 0 216 0 108 269 0 0 7 0 0 0 15 0 0 0 0 0 0 0 0 0 0 0 0 115 0 0 0 0 0 0 0 0 0 0 0 0 0 0 0 12 0 37 0 0 0 0 0 0 0 0 0 0 0 0 1 10 2 0 0 0 0 0 0 0 0 0 0 0 0 17 0 0 5 0 0 0 0 0 9970 0 0 0 0 0 0 0 0 0 0 0 0 0 0 0 0 759 746 0 1193 29 0 1192 1127 1145 1138 1233 1250 1266 1260 1269 1268 0 0 0
0 0 0 0 0 0 0 0 0 0 0 0 0 0 0 0 2448 0 2 0 0 7 0 0 0 0 0 0 3 0 0 0 0 0 0 0 0 0 0 0 0 0 0 0 0 0 0 0 0 0 0 0 0 0 0 0 8 0 0 0 0 0 0 0 0 0 0 0 0 0 0 0 0 0 19 0 0 0 0 0 0 0 0 0 0 0 0 0 0 0 2070 0 0 0 0 0 0 0 0 0 0 0 0 0 0 0 0 0 0 0 0 0 0 0 0 0 0 159 0 0 0 0 0 0 0 0 0 0 0 0 49 0
687 4 8 13 3 4 0 2 4 3 6 1 0 3 0 21 5 60 633 0 0 87 0 0 44 11 0 0 14 0 0 0 0 0 0 0 0 0 0 0 0 0 0 3 16 0 0 0 0 21 60 0 0 81 0 0 92 0 306 207 0 8334 1 0 0 0 547 2280 0 0 716 0 907 0 326 0 0 0 0 0 39 30 41 0 0 0 1 16 0 151 4 0 0 0 0 0 0 0 0 0 0 21 0 0 0 0 211 0 0 0 0 0 0 50 49 183 68 35 111 75 72 67 64 70 74 82 79 82 81 0 93 0
354 2 4 7 2 2 0 1 2 2 3 0 0 1 0 10 3 31 327 0 0 45 0 0 23 6 0 0 7 0 0 0 0 0 0 0 0 0 0 0 0 0 0 0 0 0 0 0 0 0 30 0 0 0 0 0 47 0 245 107 0 0 1 0 0 2 0 1172 0 0 367 0 433 0 169 0 0 0 0 0 0 10 0 0 0 0 0 5 0 78 0 0 0 0 0 0 0 0 0 0 0 0 0 0 0 0 102 0 0 0 0 0 0 26 25 94 32 18 57 38 37 33 30 33 36 42 40 42 41 0 43 0
0 0 0 0 0 0 0 0 0 0 0 0 0 0 0 0 0 0 0 0 0 4 0 0 7 1 0 0 0 0 0 0 0 0 0 0 0 0 0 0 0 0 0 0 0 0 0 0 0 0 0 0 0 0 0 0 0 0 0 0 0 0 0 0 0 0 0 275 0 0 0 0 0 0 92 0 0 0 0 0 0 0 6 0 0 0 0 0 0 0 0 0 0 0 0 0 0 0 0 0 0 0 0 0 0 0 0 0 0 0 0 0 0 0 0 0 0 1 0 0 0 0 0 0 0 0 0 0 0 0 0 0
0 1 3 5 1 1 0 1 2 1 2 0 0 1 0 0 3 14 34 9 0 19 0 0 14 3 0 0 1 1 1 1 0 0 6 0 0 10 35 12 0 0 35 1 0 0 71 0 0 0 347 0 0 130 0 154 113 331 0 115 143 225 0 0 0 0 0 1861 0 0 435 513 305 0 151 0 0 0 0 0 0 0 35 0 0 0 0 0 0 49 1 0 0 0 0 0 0 0 0 0 0 0 0 0 0 0 43 0 56 0 0 0 0 0 0 0 0 6 0 0 0 0 0 0 0 0 0 0 0 0 9 0
0 0 0 0 0 0 0 0 0 0 0 0 0 0 0 0 0 1 0 0 0 0 0 0 3 0 0 0 0 0 0 0 0 0 0 0 0 0 0 0 0 0 0 0 0 0 0 0 0 0 28 0 0 0 0 0 10 0 0 5 8 5 0 0 0 0 0 10 0 0 0 0 0 0 19 0 0 23 0 0 1 0 6 0 0 0 0 0 1784 0 0 0 0 0 0 0 0 0 0 0 0 0 0 0 0 0 0 0 0 0 0 0 0 0 0 0 0 0 0 0 0 0 0 0 0 0 0 0 0 0 0 0
0 0 0 0 0 0 0 0 0 0 0 0 0 0 0 0 2 5 0 0 0 10 0 0 10 2 0 0 0 0 0 0 0 0 0 0 0 0 0 0 0 0 0 1 0 0 0 0 0 0 204 0 0 227 0 0 0 0 0 5 219 0 0 0 0 0 0 110 0 350 0 0 51 0 238 3 0 0 0 0 6 3 45 0 0 0 0 0 983 190 1 0 0 0 0 0 0 0 0 0 0 0 0 0 0 0 0 0 2 0 21 0 0 0 0 0 0 2 0 0 0 0 0 0 0 0 0 0 0 0 0 0
0 0 0 0 0 0 0 0 0 0 0 0 0 0 0 0 0 0 0 0 0 2 0 0 3 1 0 0 0 0 0 0 0 0 0 0 0 0 0 0 0 0 0 0 0 0 0 0 0 0 0 0 0 0 0 0 31 35 1 31 0 181 4 1900 4075 1888 0 566 0 0 0 0 14 0 34 5 0 332 62 63 2 0 63 47 47 0 0 0 0 0 0 0 0 0 0 0 0 0 0 0 0 0 0 0 0 0 0 0 0 0 0 0 0 0 0 0 0 0 0 0 0 0 0 0 0 0 0 0 0 0 0 0
0 0 0 1 0 0 0 0 0 0 0 0 0 0 0 0 1 3 124 0 0 12 0 0 0 1 0 0 0 0 0 0 0 0 0 0 0 0 0 0 0 0 0 0 0 0 0 0 0 0 3 3 1 0 0 0 3 1 10 6 0 0 0 0 0 0 0 0 0 76 35 84 30 0 71 0 0 0 0 0 0 2 99 0 0 0 0 0 0 0 0 0 0 0 473 0 0 20 149 0 0 0 0 0 0 0 0 0 3 0 0 0 0 0 0 0 0 2 0 2 26 53 43 19 9 14 10 6 7 0 0 0
7 104 193 365 92 96 0 46 118 91 182 24 13 75 27 123 612 619 2365 0 0 1826 0 0 104 41 0 0 40 3 4 6 1 1 22 0 0 7 117 55 0 143 0 295 1584 806 822 0 0 1133 1686 7 9 2364 0 699 1733 163 982 1399 571 499 115 183 855 552 1610 2768 0 3074 2110 961 843 0 1415 2574 0 2129 4304 0 1930 936 3265 3303 3213 0 20 232 0 0 7 0 0 0 0 0 10327 31 775 775 0 0 0 192 0 80 70 0 6 0 270 14 23 342 336 1257 529 506 763 535 507 510 504 547 557 570 565 571 570 0 178 386
0 0 0 4 1 1 0 0 0 0 0 0 0 0 0 0 143 3 14 0 0 340 0 0 293 99 0 0 88 0 0 0 0 0 0 0 0 0 0 0 0 0 2 1 0 0 0 0 0 0 0 2 0 0 0 0 4 0 3 6 3 2 1 5 5 0 10 0 0 0 0 0 0 0 103 0 0 0 0 0 0 0 0 0 0 0 0 0 0 0 0 0 0 0 0 0 23 0 0 347 0 0 0 234 0 0 0 0 0 0 0 0 182 146 144 537 221 712 326 227 216 214 210 228 235 243 240 243 243 0 0 0
7 118 85 371 82 88 0 46 133 139 247 30 19 116 4065 2 1 20 3 0 0 10 0 0 4 2 0 0 1 0 0 0 0 0 0 0 0 2 6 2 0 1 13 0 63 5 6 0 0 0 0 0 0 0 0 22 6 6 8 13 0 0 11 0 40 38 143 0 0 53 0 0 38 0 3 0 0 0 0 0 0 0 0 0 0 0 0 4 0 0 2 0 0 0 0 0 40 14 0 0 0 0 0 0 0 0 0 0 255 0 9 0 48 19 16 0 8 69 0 46 50 20 5 9 26 61 45 57 55 414 29 706
3 43 49 149 33 35 0 18 47 41 78 10 6 34 26 692 350 446 730 440 0 28 0 0 29 11 1 0 26 7 10 14 2 4 83 0 0 33 207 100 9 0 14 18 411 491 200 63 0 0 0 143 194 100 0 333 0 126 585 198 198 126 38 0 133 115 449 0 0 601 989 0 2881 236 124 0 0 0 0 0 0 1 33 0 0 488 0 152 0 0 1 0 0 0 0 2559 3 247 317 53 0 134 0 2033 500 0 573 0 0 843 0 0 237 286 281 1051 439 469 638 446 423 424 418 454 463 476 471 477 476 0 0 0
0 15 11 48 10 11 0 6 17 18 32 4 2 15 0 0 24 1110 45 0 18 11 0 0 20 10 0 0 2 0 1 1 0 0 3 0 0 0 0 0 0 0 0 0 0 171 93 0 0 0 165 0 0 126 0 850 0 0 0 0 0 0 0 0 0 0 0 0 0 137 0 0 0 1160 8 634 0 0 0 0 1698 868 0 0 0 0 4 74 0 0 1357 0 0 0 0 0 0 699 2521 804 0 0 0 0 0 0 0 0 0 0 0 0 0 0 0 0 0 9 0 0 0 0 0 0 0 0 0 0 0 0 0 3393
0 32 10 32 22 31 0 16 48 50 89 11 7 41 0 0 190 62 0 0 196 8 0 0 16 10 0 0 4 0 0 0 0 0 0 0 0 0 0 0 52 89 0 0 0 0 131 0 0 0 81 71 96 124 0 5 117 7 0 49 104 67 0 12 27 29 51 257 26 22 15 0 0 0 21 12 0 49 83 86 7 2 15 63 63 4 0 26 0 0 0 0 0 0 80 0 104 61 294 0 0 0 0 0 656 0 0 0 0 0 20 0 0 36 30 0 111 270 0 113 107 109 107 116 118 122 119 122 122 0 112 0
0 0 0 0 0 0 0 0 0 0 0 0 0 0 0 0 0 0 0 0 0 0 0 0 1 0 0 0 3 0 0 0 0 0 0 0 0 0 0 0 0 0 0 0 0 0 0 0 0 0 0 0 0 0 0 0 0 0 0 0 0 0 0 0 0 0 0 0 0 0 0 0 0 0 0 0 0 0 0 0 0 0 0 0 0 0 0 0 0 0 0 0 0 0 0 0 0 0 0 0 0 0 0 0 0 0 0 0 0 0 0 0 0 0 0 0 0 548 0 0 0 0 0 0 0 0 0 0 0 0 0 0
1 40 177 79 120 26 0 41 47 24 80 11 5 24 34 152 10 0 1460 770 0 953 0 0 336 54 0 0 37 13 15 180 3 6 52 1 0 0 56 18 174 38 146 141 308 632 167 0 0 0 218 300 466 180 0 138 164 176 396 452 345 1213 0 0 0 0 0 65 0 331 328 207 0 0 81 0 0 0 0 0 0 0 3 3305 1037 0 0 1253 0 0 0 0 0 14 0 0 8 0 0 55 0 51 0 118 85 54 214 0 15 0 0 28 30 100 85 0 325 493 0 327 639 399 374 60 57 60 58 61 60 15 0 126
1 31 137 61 123 20 0 31 37 19 62 9 4 18 27 117 10 110 1357 0 0 261 0 0 43 2 0 0 26 11 13 149 2 6 43 1 0 29 106 24 144 90 131 124 278 622 170 59 0 23 132 182 299 109 241 133 158 169 381 435 385 1261 0 0 0 0 0 69 189 303 298 195 169 1 35 0 0 0 0 0 0 0 0 1947 335 0 0 710 98 0 0 0 0 35 11 21 5 0 0 31 0 52 71 71 50 40 129 45 33 129 0 20 17 56 48 0 181 468 0 184 362 224 208 30 29 34 32 34 33 38 38 115
1 35 154 69 138 23 0 35 41 21 70 10 4 21 30 124 11 115 1440 760 0 174 0 0 24 1 0 0 11 13 15 178 3 7 51 1 0 37 132 30 177 110 95 141 441 671 132 0 0 24 187 257 423 153 275 155 184 197 443 507 459 1498 0 0 0 0 0 77 0 280 353 168 226 0 29 0 0 0 0 0 0 0 0 3425 3437 0 0 591 0 0 0 0 56 0 15 0 7 20 20 32 0 0 0 36 0 0 19 0 0 0 0 0 23 67 56 0 203 591 0 215 427 257 236 25 27 39 34 38 38 18 9 194
2 49 216 97 194 32 0 49 58 30 98 14 6 29 42 182 16 170 2111 1114 0 132 0 0 82 10 0 0 11 17 20 239 4 9 69 1 0 50 177 40 233 150 104 189 488 971 223 0 0 0 223 307 411 89 390 212 252 269 606 693 620 2022 0 0 0 0 0 93 0 451 477 268 339 0 17 0 0 0 0 0 0 0 0 3540 3552 0 0 963 0 0 7 0 65 0 19 0 8 29 30 47 0 0 0 103 38 0 100 0 0 0 0 0 28 90 76 0 288 35 0 294 578 357 332 47 46 54 50 54 53 84 30 210
1 23 100 45 89 16 0 23 27 14 45 7 3 13 21 86 8 81 1007 532 0 22 0 0 3 0 0 0 1 8 9 108 2 4 31 0 0 23 80 20 105 69 0 90 192 458 125 44 0 17 94 138 214 77 182 97 115 123 278 318 283 922 0 0 0 0 0 50 181 208 219 142 161 0 3 0 0 0 0 0 0 0 0 1337 1342 0 0 418 0 0 0 41 35 26 8 0 3 15 16 23 0 0 0 28 3 0 0 34 26 0 0 15 12 44 37 0 125 7 0 133 263 158 145 15 17 27 22 26 26 20 12 93
0 2 9 4 8 1 0 2 2 1 4 1 0 1 2 7 1 7 86 45 0 37 0 0 14 1 0 0 2 0 0 9 0 0 2 0 0 0 0 0 9 0 6 7 17 39 0 0 0 0 8 11 10 0 0 8 10 11 24 27 0 46 0 0 0 0 0 0 0 18 18 0 0 0 11 0 0 0 0 0 0 0 0 115 13 0 0 40 0 0 0 0 0 0 1 0 0 1 1 1 0 0 0 0 2 0 3 0 0 0 0 0 1 3 3 0 7 246 0 10 22 11 9 0 0 2 1 1 1 0 0 0
0 0 1 0 1 0 0 0 0 0 0 0 0 0 0 0 0 1 7 4 0 13 0 0 3 0 0 0 1 0 0 1 0 0 0 0 0 0 0 0 1 0 0 0 0 0 0 0 0 0 1 2 0 0 0 1 1 1 2 3 0 0 0 0 0 0 0 0 0 2 2 0 0 0 2 0 0 0 0 0 0 0 0 25 8 0 0 6 0 0 0 0 0 0 0 0 0 0 0 0 0 0 0 0 0 0 0 0 0 0 0 0 0 0 0 0 0 28 0 0 1 0 0 0 0 0 0 0 0 0 0 0
0 6 24 11 22 4 0 5 6 3 11 1 1 3 4 19 2 20 233 126 0 0 0 0 0 0 0 0 0 2 2 26 0 1 8 0 0 5 19 4 25 0 0 18 50 112 0 0 0 0 15 31 50 0 0 13 22 23 6 63 0 170 0 0 0 0 0 0 0 17 40 0 37 0 0 0 0 0 0 0 0 0 0 365 68 0 0 63 0 0 0 10 9 0 2 0 0 3 3 5 0 0 0 0 0 0 0 0 6 0 0 0 3 9 7 0 24 0 0 30 62 34 30 0 0 5 3 5 4 0 0 72
1 37 162 73 145 24 0 37 43 22 74 10 4 22 31 141 13 133 1639 865 0 270 0 0 96 13 0 0 18 12 15 175 3 7 50 1 0 37 129 30 169 112 74 141 301 746 170 0 0 22 150 207 268 99 296 157 187 200 450 515 874 554 0 0 0 0 0 7611 0 352 45 180 264 0 26 0 0 0 0 0 0 0 0 0 2196 0 0 833 0 0 0 0 26 0 13 0 6 5324 25 38 0 0 0 59 40 0 85 0 0 0 0 0 21 70 59 0 223 112 0 229 451 277 258 36 35 42 39 42 41 51 35 150
2 50 220 98 197 32 0 50 59 30 99 14 6 29 43 191 65 180 2218 1170 0 564 0 0 125 15 0 0 26 17 20 236 4 9 68 1 0 50 175 40 229 151 129 198 408 1009 243 0 0 33 203 280 388 148 401 213 253 271 609 696 1182 749 0 0 0 0 0 107 0 479 476 262 358 0 44 0 0 0 0 0 0 0 0 0 0 0 0 4578 0 119 27 0 278 0 69 0 29 125 128 202 0 225 0 521 306 148 759 0 0 110 32 82 107 362 305 1 1190 598 0 1188 2323 1456 1367 227 212 220 215 221 220 322 261 776
3 97 427 191 382 63 0 98 114 59 193 27 11 57 83 371 158 7 546 288 9 153 0 0 25 6 0 0 16 91 109 1280 20 49 369 5 2 233 886 206 1240 488 676 641 666 1598 359 125 0 0 2615 3608 5926 2310 0 826 981 708 2272 2703 2414 1530 0 0 0 0 0 174 298 1223 1131 0 685 0 18 8312 373 2971 7659 5147 12231 5960 8027 16498 16556 0 577 6709 27497 230 39 0 420 0 102 225 0 184 189 185 0 487 0 780 399 0 1043 0 312 1235 0 0 155 532 448 0 1747 111 0 1746 3415 2139 2006 331 309 323 314 325 323 421 347 1133
1 22 95 43 0 14 0 22 26 13 43 6 3 13 18 26 0 0 311 0 0 10 0 0 4 1 0 0 1 5 6 76 1 3 22 0 0 12 49 12 74 30 51 49 0 42 16 5 0 0 194 267 439 167 40 19 23 24 55 62 0 0 0 0 0 0 0 0 0 85 84 70 0 0 5 0 0 0 0 0 0 0 7 3036 0 0 0 1255 23 64 0 0 41 64 17 40 8 31 25 55 97 89 129 140 89 68 226 0 62 0 0 35 29 99 84 0 320 14 0 320 627 393 368 60 56 59 58 60 59 31 33 66
1 20 18 67 16 15 0 9 22 20 38 5 3 17 12 0 4 6 4 2 1 42 0 0 3 1 0 0 6 1 1 2 0 0 15 0 0 0 0 0 1 0 0 0 0 51 4 0 0 0 34 35 46 0 0 7 19 19 0 21 0 0 7 18 24 24 85 44 0 31 0 0 0 0 20 0 0 0 0 0 0 0 0 0 0 0 0 0 0 0 0 0 0 0 0 0 0 0 11 0 0 0 0 0 0 0 0 0 0 22 0 0 0 2 1 0 0 381 0 0 0 0 0 0 0 0 0 0 0 0 0 0
9 150 176 727 169 165 0 79 37 33 2144 5 3 203 98 1555 503 1825 4696 1132 0 3516 0 0 180 7 0 0 54 20 24 35 5 11 7885 1 1 3133 1490 267 33 2033 1166 300 1554 1347 1461 1882 0 81 4468 2968 3982 1278 5187 612 399 4358 7310 3307 8215 4831 81 13442 0 0 1145 549 1011 7300 1698 321 6720 699 124 1296 0 12963 17740 18136 562 144 13469 13485 13486 0 0 2372 0 1715 134 0 1480 682 555 2626 2291 471 1304 876 6965 2794 1460 2205 1358 9064 3386 349 7485 3797 6199 2696 1740 1158 971 3 3417 1566 1 3618 3473 6629 7049 8845 6130 3939 3808 3944 3920 2826 4189 3144
13 449 164 93 350 80 1 25 157 98 139 55 64 115 54 424 391 79 799 422 490 237 0 0 63 4 0 0 26 16 40 107 23 20 68 175 13 50 105 15 34 92 0 77 0 330 243 0 0 0 701 425 810 286 99 135 67 371 526 431 0 0 94 0 630 0 1006 661 70 347 581 1980 864 44 57 110 1 70 76 173 300 353 225 79 0 0 0 166 0 0 12 177 816 0 0 2352 148 40 17 178 0 0 0 0 70 0 549 0 148 546 0 56 504 89 79 2 469 391 1 453 579 119 165 226 364 201 399 194 189 389 28 466
4 0 0 0 0 58 0 11 87 56 66 56 457 0 0 0 292 4 37 0 1 57 0 0 4 1 0 0 0 0 0 0 0 0 0 6 0 0 0 6 21 0 0 0 0 0 0 139 0 0 0 600 0 0 0 55 416 121 0 0 0 84 39 0 0 0 258 417 0 0 0 0 0 18 60 102 54 23 0 110 634 669 27 59 0 0 2 0 0 0 0 0 0 0 7 0 0 138 175 0 0 0 0 0 0 0 28 0 0 0 0 0 0 35 29 0 0 63 0 162 0 0 0 0 0 55 0 67 83 37 0 0
258 3661 3593 1524 12085 0 448 32096 23468 12134 15858 505 767 10923 6412 5517 6109 0 3291 4783 2061 1015 59 54 136 17 155 51 127 1062 1703 2702 60891 1411 16453 154 4302 7004 7314 2358 7773 5185 5290 8009 4791 3960 6200 5044 1 1597 10512 3744 5229 18476 5031 3394 5446 5650 5464 3853 9229 5856 1651 22198 10685 5362 7937 5448 3788 4426 2785 2480 4587 18883 630 25233 19075 402 473 0 18170 6429 0 1074 470 292 1114 4787 1550 0 11410 0 1190 6172 826 0 8431 1263 2440 2743 0 2123 291 2866 1988 0 3802 0 6713 2617 917 1590 14068 1090 886 3 2946 1294 1 3187 332 3256 3327 3194 3081 3063 3069 3014 3020 12448 4589 4192
23 320 282 131 1013 1801 40 3934 2111 1094 1133 30 65 968 567 1860 560 1373 134 193 128 550 660 308 102 12 370 538 98 82 136 209 8939 111 1391 12 358 430 345 194 656 122 137 218 5191 839 1362 234 1 0 196 79 95 270 0 327 557 584 568 391 235 151 64 268 279 324 219 171 44 184 23 189 324 948 391 998 689 0 0 0 1010 237 0 0 0 0 0 111 0 0 633 0 0 0 34 0 906 103 213 276 0 123 0 181 73 0 176 0 146 0 0 106 161 62 50 0 152 661 0 177 160 174 174 166 164 172 168 168 168 26 97 228
4 91 53 328 53 108 0 6122 328 241 428 16 24 207 940 431 70 3588 1468 1824 0 59 3908 2103 35 17 1561 3044 18 18 54 57 160 118 437 3 325 0 154 203 210 1173 745 1279 180 299 371 543 0 57 622 418 476 4898 354 644 1039 803 1044 1512 453 289 360 732 846 847 2622 920 679 1105 269 370 997 484 51 0 0 73 58 0 26 4 108 565 358 230 0 749 0 493 484 0 346 0 0 518 293 1581 1976 4586 731 588 4255 1621 1755 339 1252 0 363 0 4680 3070 2429 1857 1542 12 5460 344 5 5591 4906 5112 5115 5419 5470 5542 5530 5552 5549 379 0 0
2 21 48 69 19 21 0 9 24 18 30 5 3 15 18 131 82 272 1488 386 0 58 0 0 46 9 0 0 36 4 6 7 1 2 67 0 0 11 66 26 0 39 52 0 0 83 86 2 0 0 809 66 90 319 0 0 71 295 54 331 1739 1102 0 121 131 144 247 0 138 78 151 760 63 0 36 20 0 0 0 0 0 0 0 0 0 0 0 66 0 62 0 0 0 76 0 0 16 101 93 0 0 228 0 70 160 0 0 0 0 0 0 54 82 59 49 2 181 401 2 185 177 179 175 189 192 200 195 201 200 371 30 0
56 754 18180 2640 722 756 1 335 880 650 1300 177 95 534 630 1699 944 26 545 258 274 333 0 0 46 9 0 0 58 128 173 232 28 70 2071 8 3 1208 2756 914 54588 1038 1118 456 735 4356 1172 505 0 1350 1718 1287 1739 0 0 419 590 1019 2562 1012 1463 927 103 1542 7232 2423 402 996 765 1515 2120 0 1391 57 859 270 0 753 1146 1198 115 26 3067 879 759 0 0 351 0 0 49 674 1707 0 21 0 157 215 449 444 0 578 60 183 0 47 513 0 403 578 229 197 725 130 109 10 416 1619 7 415 394 408 402 463 437 445 468 448 447 1086 484 0
0 0 0 0 0 0 0 0 0 0 0 0 0 0 0 0 0 24 2209 320 174 28 0 0 9 2 0 0 2 0 0 0 0 0 0 0 0 0 0 0 0 0 0 0 0 0 0 0 0 351 0 0 0 0 0 0 0 0 0 0 0 0 0 0 0 0 0 0 0 0 0 0 0 0 2 0 0 0 0 0 0 0 6 0 0 19 0 0 0 0 93 0 0 0 0 0 0 0 0 0 0 0 0 0 0 0 0 0 0 0 0 0 0 0 0 0 0 14 0 0 0 2 0 0 0 0 0 0 0 0 0 0
0 47 33 143 38 47 0 143 69 64 109 12 8 53 39 20 6 703 8 8 8 39 1284 347 20 2 203 2246 6 0 1 0 95 1 0 0 4 0 0 3 7 45 11 8 0 68 10 20 0 0 33 35 39 0 3 0 0 26 64 39 309 197 261 217 390 2415 167 0 0 38 0 0 0 0 314 2400 31 0 0 0 0 0 0 0 0 0 0 12 0 0 0 0 0 0 0 0 10 0 0 0 0 0 0 0 0 0 0 0 0 0 0 0 0 1 1 0 2 28 0 11 11 5 2 2 6 14 10 13 12 46 0 0
0 28 20 86 23 8 0 75 41 38 65 7 0 32 27 78 80 2277 9 7 8 8 11720 3158 3 0 939 6375 0 2 3 2 137 2 8 0 4 0 72 38 4 276 56 3 1 89 3 0 0 0 125 85 103 0 4 0 0 30 85 73 183 126 12 129 129 124 13 0 0 65 79 0 0 0 3 2406 27 0 0 0 0 0 0 0 0 0 0 0 0 0 0 0 0 0 0 0 23 7 0 0 0 0 0 0 0 0 0 0 0 0 0 0 26 1 1 0 2 2 0 25 26 11 3 3 12 32 23 29 28 0 0 0
0 8 4 32 5 11 0 759 37 26 53 1 3 23 0 174 34 1289 42 93 0 40 172 92 27 3 6058 11813 10 1 3 3 14 10 3 0 30 0 105 12 8 155 145 651 0 43 48 0 0 0 60 14 14 55 0 339 323 1036 197 503 755 478 144 284 312 319 934 1327 0 0 24 0 0 38 15 0 0 0 0 0 0 0 0 0 0 0 0 305 0 0 39 0 0 0 15 0 14 9 93 0 0 0 0 0 0 0 36 0 201 0 0 0 273 568 471 0 1652 125 0 1701 1483 1543 1544 1632 1650 1676 1672 1677 1677 0 0 0
163 1188 639 827 1371 223 6 281 480 180 612 262 1254 370 1418 929 903 1476 11261 5192 2621 126 7 7 100 59 106 11 75 535 2543 390 192 518 1091 366 93 422 1309 221 553 400 308 509 13463 2214 1037 365 0 1318 1976 1307 1195 858 904 411 804 1343 1883 985 2308 1463 265 653 651 1270 2364 1937 8812 752 1490 931 1529 139 276 1349 406 255 451 629 2900 2954 652 3219 102 2887 0 1585 0 245 767 333 1076 0 382 204 21 1275 2486 622 0 1159 480 1118 557 203 21 0 535 0 631 0 906 281 227 1 1380 230 0 989 1335 297 309 520 893 855 1151 791 904 738 0 1838
2 27 34 93 21 22 0 12 29 24 47 6 3 20 0 237 341 21 934 602 0 198 0 0 27 1 0 0 22 18 27 33 2 10 328 1 0 9 127 60 422 608 361 489 289 305 491 0 0 0 755 274 370 1145 0 558 360 415 321 397 0 13 84 213 300 283 1075 547 732 2 538 0 301 41 45 0 0 157 55 104 13 4 227 42 0 0 0 215 0 1007 341 0 0 0 0 0 1302 440 682 2337 0 0 0 1274 598 0 93 0 355 0 0 0 0 239 200 10 728 722 3 752 719 723 704 759 777 814 792 817 813 1386 951 272
4 99 78 401 69 119 2 6800 336 220 452 18 22 189 643 713 1648 1002 1567 838 1060 843 1327 357 92 8 986 540 34 33 49 64 37 38 437 2 60 268 1092 345 359 1176 445 637 872 1402 400 741 0 512 627 581 757 33 6978 270 537 391 558 354 395 250 94 1490 750 1418 186 143 512 676 1104 360 669 190 210 76 0 962 1292 1298 79 21 704 1059 674 356 0 557 0 1076 181 0 865 0 1554 0 302 710 1704 1245 0 919 0 8006 2849 2257 1850 0 804 0 0 168 260 1140 949 4 3462 798 2 3500 3153 3288 3280 3495 3520 3559 3542 3574 3568 682 671 1152
701 78 18 27 233 10873 445 855 349 161 42 593 154 59 8047 50 44 531 130 47 78 168 70 140 19 2 1054 116 11 27 6 4 47 33 28 854 398 0 0 50 24 45 30 44 0 64 0 0 0 0 75 119 43 75 0 0 76 11 17 101 38 24 654 40 29 44 14 34 0 0 32 0 44 19 43 0 0 0 0 0 115 2024 36 0 0 0 0 20 0 57 886 0 0 0 0 0 416 239 771 204 0 0 0 0 110 75 169 0 0 0 0 0 84 18078 20201 623 133 517 101 129 193 20 17 53 109 249 166 118 123 37 0 110
1 9 8 29 6 7 0 4 10 9 17 2 1 8 4 90 66 0 112 68 755 30 0 0 113 5 0 0 30 1 2 2 0 1 12 0 0 7 37 14 135 75 21 82 0 46 76 0 0 0 80 62 84 68 22 0 54 59 56 45 44 28 13 43 138 86 100 65 47 59 28 0 89 0 32 0 0 3 0 0 0 0 6 0 0 0 0 94 0 0 5 0 0 0 0 31 9 103 99 108 0 0 0 0 0 0 0 0 115 0 0 0 28 33 28 0 82 205 0 100 98 88 80 86 95 112 104 111 110 62 0 104
2 30 21 93 21 22 0 12 34 36 63 8 5 30 0 68 78 100 496 320 0 67 0 0 19 2 0 0 25 6 8 11 1 3 98 0 0 40 147 50 111 437 283 30 0 96 155 582 0 0 512 193 257 704 0 420 354 289 191 273 110 70 97 245 341 301 1236 304 0 153 232 218 414 2 177 0 0 64 72 112 3 1 258 56 0 27 0 68 0 1385 1296 4582 3613 0 64 0 367 374 7 686 0 498 0 0 22 0 0 0 361 234 460 0 535 233 196 7 742 625 3 742 706 728 718 774 781 797 785 803 799 1000 255 920
1 10 5 39 8 14 0 7 19 17 0 0 0 13 0 355 382 266 691 446 0 626 0 0 94 4 0 0 69 0 2 0 0 0 5 0 0 0 0 0 37 278 173 39 0 175 284 211 0 0 139 67 91 18 72 0 112 74 157 196 0 0 32 0 113 23 407 127 0 107 497 0 268 16 145 0 0 0 0 9 0 0 49 0 0 0 0 322 0 0 0 0 0 0 1 0 0 84 33 0 0 0 0 0 304 173 0 0 0 0 0 0 60 297 249 43 850 1206 16 921 888 861 822 889 928 1010 967 1009 1002 603 0 760
0 144 100 447 99 0 0 55 163 174 306 37 0 144 0 393 253 215 3047 1965 0 78 0 0 60 3 1 0 16 14 15 22 2 8 60 0 0 219 1066 381 405 2070 694 1070 14 902 1501 3549 0 370 434 945 1276 680 52 1070 2411 1612 1069 2267 888 563 0 680 961 904 3440 1786 2283 15387 890 1128 4060 23 46 210 0 1744 1539 0 96 418 1230 1181 944 3006 2 4337 0 3147 825 2056 2300 134 549 1317 406 3980 2043 4370 384 347 8588 11630 7394 1500 367 0 3664 0 1679 970 1267 1210 1015 5 3884 1427 3 3861 3669 3803 3760 4053 4081 4138 4085 4170 4156 795 256 916
1 11 0 0 0 31 0 2210 106 74 0 0 0 39 228 125 18 11818 1387 1878 0 262 3104 1671 81 4 1196 2446 4 14 30 43 122 83 125 2 234 211 1164 193 330 1214 0 410 216 50 0 0 0 72 71 1057 1086 2104 0 0 1078 716 326 841 1143 761 40 0 86 0 246 0 0 495 0 34 379 440 13 0 0 154 276 0 8 2 0 472 289 0 0 3586 0 0 67 0 0 0 128 0 40 297 375 0 0 0 0 68 0 0 1531 0 0 0 22 171 287 241 199 0 662 122 0 708 659 658 654 633 639 662 654 658 657 0 0 0
121 2132 1663 0 1480 1587 0 847 2352 2330 4199 504 322 1942 5205 2537 6729 5303 0 0 10888 3349 0 0 211 16 1 0 99 32 40 52 3 18 176 4 1 354 1748 735 147 7383 2556 3696 5921 6639 6850 7670 0 517 2790 3018 3173 1006 4079 2529 1307 2166 3240 2587 1221 776 286 2587 2719 883 914 1512 2716 2061 6504 0 6114 465 459 40 0 1133 744 878 68 21 1312 564 0 0 1 0 0 0 5466 0 3139 126 364 0 1282 1721 6939 5110 4610 8210 3908 5856 3736 0 1629 4325 6026 0 0 0 0 6994 5867 20 0 6147 8 0 0 0 0 0 0 0 0 0 0 18985 8588 20454
7 165 88 244 220 78 0 145 291 202 85 23 29 268 14 659 470 2 4 3 0 87 0 0 18 1 0 0 6 20 88 73 41 15 137 32 18 0 0 22 53 287 315 282 0 754 36 440 0 0 611 13 20 145 279 632 93 281 328 195 83 73 48 81 87 0 303 504 0 208 0 284 522 0 53 3 4 40 38 117 15 61 298 26 0 704 15 732 0 122 507 0 172 0 325 0 25 186 231 406 0 837 194 600 369 0 1220 0 0 1357 0 740 309 1 1 49627 0 114 54627 2 1 0 0 0 0 0 0 0 0 1193 0 0
0 9 0 122 28 0 0 17 0 3 0 3 0 7 0 656 200 10 1226 465 0 92 0 0 4 2 0 0 4 11 3 8 5 7 0 17 4 0 0 0 4 472 144 53 275 781 189 587 0 28 352 21 28 426 267 312 568 283 153 66 93 60 29 73 97 69 366 106 0 93 683 149 445 21 11 0 0 65 29 0 2 6 68 22 0 62 0 657 0 0 7604 0 0 0 0 0 45 327 72 294 840 430 0 379 157 124 1338 0 0 1361 0 0 125 456 382 0 1199 77 0 1386 1350 1232 1145 1258 1349 1541 1449 1531 1517 1135 0 15
0 0 0 0 0 0 0 0 1 2 0 1 1 2 0 8 7 0 656 5 0 22 0 0 8 4 0 0 3 0 0 0 0 0 179 0 0 0 5821 0 0 7799 1 0 102 5 0 2 0 0 0 0 0 0 0 11 0 0 0 0 0 0 1 0 1 1 1 0 0 0 0 0 5 0 8 0 0 0 0 0 0 0 0 0 0 0 0 5 0 0 1 0 0 0 0 0 0 950 0 0 0 108 0 0 0 0 0 0 0 13 0 0 0 2 2 0 0 43 0 0 0 0 0 0 0 0 0 0 0 0 0 0
0 0 0 0 0 1 0 0 0 0 0 0 0 0 1 0 0 0 0 0 0 1 0 0 1 0 0 0 0 0 0 0 0 0 0 0 0 0 0 0 0 0 0 0 0 0 0 0 0 0 0 0 0 0 0 0 0 0 0 0 0 0 0 0 0 0 0 0 0 0 0 0 0 0 10 0 0 0 0 0 0 0 0 0 0 0 0 0 0 0 0 0 0 0 0 0 0 0 0 0 0 0 0 0 0 0 0 0 0 0 0 0 0 0 0 1 0 516 0 0 0 0 0 0 0 0 0 0 0 0 0 0
0 0 0 0 0 1 0 0 0 0 0 0 0 0 1 0 0 0 0 0 1 1 0 0 1 0 0 0 0 0 0 0 0 0 0 0 0 0 0 0 0 0 0 0 0 0 0 0 0 0 0 0 0 0 0 0 0 0 0 0 0 0 0 0 0 0 0 0 0 0 0 0 0 0 11 0 0 0 0 0 0 0 0 0 0 0 0 0 0 0 0 0 0 0 0 0 0 0 0 0 0 0 0 0 0 0 0 0 0 0 0 0 0 0 0 1 0 582 0 0 0 0 0 0 0 0 0 0 0 0 0 0
0 0 0 0 1 0 0 0 0 0 0 0 0 0 1 0 0 0 0 0 0 1 0 0 1 0 0 0 0 0 0 0 0 0 0 0 0 0 0 0 0 0 0 0 0 0 0 0 0 0 0 0 0 0 0 0 0 0 0 0 0 0 0 0 0 0 0 0 0 0 0 0 0 0 7 0 0 0 0 0 0 0 1 0 0 0 0 0 0 0 0 0 0 0 0 0 0 0 0 0 0 0 0 0 0 0 0 0 0 0 0 0 0 0 0 0 0 408 0 0 0 0 0 0 0 0 0 0 0 0 0 0
15 17 7 13 24 19 2 7 27 17 0 11 12 19 19 33 215 12 118 0 65 2 0 0 7 0 0 2 0 4 12 0 0 4 0 10 5 0 0 6 6 0 9 16 0 40 0 0 0 0 20 18 22 0 0 0 0 0 0 25 0 0 5 6 11 14 8 8 0 0 0 0 33 0 17 0 0 0 0 0 0 19 0 0 0 0 0 53 0 0 4 0 0 0 0 0 6 0 0 0 0 0 0 0 0 0 0 0 0 114 5 0 75 38 33 11 0 536 7 87 98 28 0 3 40 117 84 108 104 0 0 14
0 0 0 0 0 0 0 0 0 0 0 0 0 0 0 0 0 0 0 0 0 0 0 0 0 0 0 0 0 0 0 0 0 0 0 0 0 0 0 0 0 0 0 0 0 0 0 0 0 0 0 0 0 0 0 0 0 0 0 0 0 0 0 0 0 0 0 0 0 0 0 0 0 0 0 0 0 0 0 0 0 0 0 0 0 0 0 0 0 0 0 0 0 0 0 0 0 0 0 0 0 0 0 0 0 0 0 0 0 0 0 0 0 0 0 0 0 0 0 0 0 0 0 0 0 0 0 0 0 0 0 0
0 0 0 0 0 0 0 0 0 0 0 0 0 0 0 0 0 0 0 0 0 0 0 0 1 0 0 0 0 0 0 0 0 0 0 0 0 0 0 0 0 0 0 0 0 0 0 0 0 0 0 0 0 0 0 0 0 0 0 0 0 0 0 0 0 0 0 0 0 0 0 0 0 0 4 0 0 0 0 0 0 0 0 0 0 0 0 0 0 0 0 0 0 0 0 0 0 0 0 0 0 0 0 0 0 0 0 0 0 0 0 0 0 0 0 0 0 195 0 0 0 0 0 0 0 0 0 0 0 0 0 0
4 0 0 0 4 5 1 2 7 5 0 2 3 5 5 21 128 3 31 0 17 2 0 0 1 0 0 0 0 0 2 0 0 0 0 3 1 0 0 1 2 0 0 4 0 7 0 0 0 0 5 5 6 0 0 0 0 0 0 7 0 0 1 2 3 4 2 0 0 0 0 0 7 0 11 0 0 0 0 0 0 4 0 0 0 0 0 11 0 0 0 0 0 0 0 0 2 0 0 0 0 0 0 0 0 0 0 0 0 32 0 0 71 10 8 3 0 429 2 0 15 0 0 0 0 24 0 15 11 0 0 7
2 0 0 0 1 3 0 1 4 3 0 1 2 3 3 18 109 2 15 0 8 1 0 0 1 0 0 0 0 0 0 0 0 0 0 1 1 0 0 1 1 0 0 2 0 1 0 0 0 0 3 2 3 0 0 0 0 0 0 3 0 0 1 1 2 2 1 0 0 0 0 0 2 0 16 0 0 0 0 0 0 0 0 0 0 0 0 4 0 0 1 0 0 0 0 0 1 0 0 0 0 0 0 0 0 0 0 0 0 18 0 0 32 5 4 2 0 658 1 0 0 0 0 0 0 8 0 0 0 0 0 8
11 7 2 6 16 14 2 5 20 13 0 8 8 14 14 27 171 8 85 0 47 11 0 0 2 0 0 1 0 2 8 0 0 3 0 8 4 0 0 4 5 0 4 12 0 28 0 0 0 0 14 13 16 0 0 0 0 0 0 19 0 0 4 4 8 10 6 0 0 0 0 0 23 0 13 0 0 0 0 0 0 13 0 0 0 0 0 37 0 0 3 0 0 0 0 0 0 0 0 0 0 0 0 0 0 0 0 0 0 80 8 0 252 29 24 8 0 199 5 58 70 0 0 0 10 86 53 77 73 0 0 21
15 17 7 13 24 19 2 7 27 17 0 11 12 20 19 32 206 12 117 0 65 91 0 0 5 1 0 2 0 4 12 0 0 4 0 11 5 0 0 6 6 0 10 17 0 40 0 0 0 0 20 18 22 0 0 0 0 0 0 25 0 0 5 6 11 14 8 0 0 0 0 0 33 0 20 0 0 0 0 0 0 19 0 0 0 0 0 52 0 0 4 0 0 0 0 0 2 0 0 0 0 0 0 0 0 0 0 0 0 112 10 0 337 39 33 11 5 367 6 90 100 32 0 8 44 119 87 111 107 0 0 26
15 18 7 13 25 20 2 7 28 18 0 12 12 20 20 34 223 12 121 0 67 19 0 0 3 0 0 2 0 4 12 1 0 5 0 11 5 0 0 6 6 0 9 17 0 41 0 0 0 0 20 18 22 0 0 0 0 0 0 26 0 0 5 6 12 14 8 0 0 0 0 0 34 0 15 0 0 0 0 0 2 22 1 0 0 0 0 54 0 0 4 0 0 0 0 0 7 0 0 0 0 0 0 0 0 0 0 0 0 120 12 0 308 39 33 11 0 388 7 88 99 26 0 0 39 119 84 110 106 0 0 47
11 7 1 4 16 14 1 5 20 13 0 8 8 14 14 28 183 8 84 0 47 11 0 0 2 0 0 1 0 2 8 0 0 3 0 8 4 0 0 4 4 0 3 11 0 27 0 0 0 0 14 13 16 0 0 0 0 0 0 18 0 0 4 4 8 10 5 0 0 0 0 0 23 0 10 0 0 0 0 0 1 15 0 0 0 0 0 37 0 0 3 0 0 0 0 0 5 0 0 0 0 0 0 0 0 0 0 0 0 84 7 0 213 27 23 8 0 328 5 52 65 0 0 0 0 81 46 71 67 0 0 26
1 0 0 0 0 2 0 0 2 1 0 0 1 1 2 17 101 1 8 0 4 6 0 0 1 0 0 0 0 0 0 0 0 0 0 1 0 0 0 0 0 0 0 1 0 0 0 0 0 0 1 1 2 0 0 0 0 0 0 2 0 0 0 0 1 1 1 0 0 0 0 0 0 0 2 0 0 0 0 0 0 1 0 0 0 0 0 2 0 0 0 0 0 0 0 0 1 0 0 0 0 0 0 0 0 0 0 0 0 9 0 0 13 3 2 1 0 153 1 0 0 0 0 0 0 0 0 0 0 0 0 14
6 0 0 0 7 7 1 0 10 7 0 3 4 7 7 23 143 4 41 0 23 9 0 0 2 0 0 1 0 0 3 0 0 1 0 4 2 0 0 2 2 0 0 6 0 10 0 0 0 0 7 6 8 0 0 0 0 0 0 9 0 0 2 2 4 5 3 0 0 0 0 0 10 0 16 0 0 0 0 0 0 7 0 0 0 0 0 17 0 0 1 0 0 0 0 0 2 0 0 0 0 0 0 0 0 0 0 0 0 45 2 0 97 13 11 5 0 609 3 8 23 0 0 0 0 34 0 24 20 0 0 21
2 0 0 0 0 3 0 1 4 3 0 1 2 3 3 18 111 2 18 0 10 3 0 0 0 0 0 0 0 0 1 0 0 0 0 2 1 0 0 1 1 0 0 2 0 1 0 0 0 0 3 3 3 0 0 0 0 0 0 4 0 0 1 1 2 2 1 0 0 0 0 0 3 0 2 0 0 0 0 0 0 3 0 0 0 0 0 6 0 0 0 0 0 0 0 0 1 0 0 0 0 0 0 0 0 0 0 0 0 18 1 0 39 6 5 2 0 70 1 0 2 0 0 0 0 10 0 0 0 0 0 6
3 0 0 0 1 4 0 1 5 3 0 1 2 3 4 19 116 2 22 0 12 4 0 0 0 0 0 0 0 0 1 0 0 0 0 2 1 0 0 1 1 0 0 3 0 3 0 0 0 0 4 3 4 0 0 0 0 0 0 5 0 0 1 1 2 3 1 0 0 0 0 0 4 0 3 0 0 0 0 0 0 4 0 0 0 0 0 8 0 0 0 0 0 0 0 0 1 0 0 0 0 0 0 0 0 0 0 0 0 22 1 0 50 7 6 2 0 119 1 0 5 0 0 0 0 14 0 4 0 0 0 8
8 8 5 60 45 8 0 4 13 11 11 5 7 14 2 92 63 80 168 133 53 23 0 0 2 0 0 0 2 0 0 0 0 0 0 0 1 0 0 0 349 0 0 72 0 0 0 0 0 0 70 16 17 7 0 37 28 100 41 112 35 22 4 12 33 39 13 26 59 41 0 51 73 2 17 0 0 0 0 0 242 83 12 0 0 0 0 84 0 0 0 0 0 0 0 0 12 0 4 64 0 0 0 0 0 0 0 0 56 0 0 0 31 245 195 0 378 453 0 484 131 54 39 24 54 74 99 71 75 0 0 182
0 32 7 32 69 13 0 5 22 12 16 14 3 13 1 284 431 220 620 332 102 29 0 0 66 4 0 0 12 0 26 4 0 0 0 1 1 0 0 0 662 0 0 209 7 263 79 111 0 0 169 34 55 0 0 0 230 74 42 0 0 0 66 0 66 68 74 46 0 68 0 9 169 0 12 178 0 0 0 0 79 57 15 0 0 0 0 271 0 0 31 0 0 3722 0 0 15 30 155 172 14 0 0 79 37 0 126 0 185 0 403 2626 31 175 143 0 557 104 0 550 1063 623 804 652 830 730 805 698 736 370 0 609
1 0 3 1 0 0 0 0 0 0 1 3 3 0 3 6 7 0 5 6 0 4 0 0 21 4 0 0 15 0 0 0 0 0 0 0 0 0 0 0 15 0 0 6 0 7 0 0 0 0 17 14 2 2 0 0 2 8 5 2 4 2 1 2 13 9 20 5 0 5 0 1 0 0 39 0 0 0 0 0 2 8 0 0 0 0 0 6 0 0 0 0 0 414 204 1069 71 1537 2146 4 0 0 0 0 0 0 0 0 12 0 635 0 4460 1 1 0 0 563 0 0 0 0 0 0 0 0 0 0 0 0 0 0
